0.05188365900384571,0.18258837303249253,0.11465256081838594,0.0741223067178422,0.16301010559683765,0.04043541125944422,0.10937060115091178,0.19621407768285307,0.06772290473738689
0.13467559267231963,0.057787387137261316,0.1273230781447051,0.20528649097821403,0.08181633129243834,0.20750219618177276,0.05987297848986803,0.09797264314870822,0.027763301954712587
0.2487002220304949,0.09759464194906343,0.149276899056067,0.02021762717660031,0.10400112712816705,0.03692986795103941,0.07857297548602399,0.14354808641860653,0.1211585528039374
0.06703191324124595,0.10224716003415607,0.039928958360668565,0.39953601050983983,0.0649582510388182,0.15458336935943628,0.05507398959732807,0.07463647946565133,0.04200386839285573
0.02747214789989538,0.03891875680550024,0.18537396567238842,0.09639801660055584,0.047939337495880564,0.015570103263298505,0.5343706975249188,0.03355966505400169,0.020397309683560485
0.08671357839697812,0.04994572302074704,0.03543637243425953,0.04179688125867107,0.2564586385119365,0.004711060284109529,0.031671536049199006,0.008984614436990605,0.4842815956071087
0.030566320478952008,0.036693537820137685,0.06993238645372553,0.5297748919430378,0.055712255325600556,0.15428916169890863,0.05376190435204494,0.05300639115900579,0.016263150768587056
0.2305656389186321,0.05919571638321719,0.022504198583077745,0.05097306595775045,0.04930646310394685,0.009375566709144684,0.06708741946975359,0.13335483524800143,0.37763709562647585
0.08858737992611447,0.040549518880345685,0.014091460181766815,0.20812117843005354,0.16242260209545192,0.37497594893342073,0.04959519413007149,0.04120307782657312,0.020453639596202302
0.16087938870193405,0.11151073986477711,0.2052475892631128,0.08714379419698882,0.0667715345548006,0.18793729452325866,0.13346159949148287,0.036257174237098955,0.010790885166546181
0.072139593162119,0.06233595350753592,0.031680482806073544,0.019835373596463604,0.17117430051736146,0.023128701657266226,0.0451036484510837,0.0348857604556337,0.5397161858464629
0.23352829660889804,0.07577353831429469,0.09105840508336376,0.09598288366799786,0.07290533540678047,0.06380582630300587,0.0371485911386381,0.04443660315254864,0.2853605203244726
0.06293780701882283,0.06372635057146003,0.0423506718295516,0.07033112263388426,0.18687262447636913,0.00905859243169211,0.3000034180789884,0.06219915911574064,0.20252025384349093
0.045248204705918456,0.045920204315431534,0.07218285639887191,0.5151162214960513,0.03412372444117258,0.10244941951433915,0.04681105562145541,0.11783737632127754,0.020310937185482103
0.09453106837099971,0.053770492233667144,0.017510723789113558,0.2952046225964133,0.06132169559237035,0.3291558322600431,0.05147296308347987,0.07395688421778117,0.023075717856131925
0.07649711613280823,0.07823730787313353,0.03577580413871203,0.12227168626012856,0.1413081822167862,0.03865381750027038,0.03558178800441287,0.07755968037196298,0.39411461750178517
0.11861914239421634,0.07267019235702164,0.07130970596465835,0.052709704381462524,0.0916572332588234,0.07205357254522089,0.06931518510399175,0.3996851247041259,0.05198013929047929
0.06438841393333652,0.07160920199928335,0.010702468709019928,0.07295702250720058,0.11154199414154324,0.01545562334251084,0.030644009505818443,0.07393928167465459,0.5487619841866325
0.08787781820838231,0.13191671978874728,0.0412130789836588,0.05089843819958969,0.1804842507266796,0.04421650771597562,0.020498471249556182,0.3016224486800773,0.1412722664473332
0.10077450712845526,0.07034533087273546,0.14516022186535582,0.262546343313518,0.18037750865380334,0.09495239267523488,0.04377287311342267,0.06618743755863678,0.035883384818837884
0.0876117387991681,0.035618899208313716,0.012238586054335698,0.316066517165729,0.14633613971076706,0.03033374825369557,0.024176793270887013,0.010665373626473795,0.33695220391063013
0.03638719120360782,0.041385154130611,0.02825557148048709,0.2985816406126976,0.05644912001952595,0.41739487196326547,0.03447650369900824,0.06778548039211062,0.019284466498686054
0.11366807578073018,0.09156078339676106,0.1612290543579248,0.12133965251035032,0.1452312422521597,0.029752463806873467,0.029580853275195856,0.2612641384645579,0.04637373615544668
0.15083875382351677,0.04485450417237979,0.28488136797097563,0.055698379744288956,0.08188517542181022,0.0690015854982483,0.09446906747996901,0.18404684698914875,0.03432431889966262
0.05624298282695123,0.12841939730182297,0.07249564700730883,0.025256321793674874,0.15557443727171438,0.11075663784274259,0.2089943710553095,0.22043372447621692,0.02182648042425876
0.082411329715945,0.06545777940275067,0.0662840926312676,0.22645312336921197,0.03880766625158253,0.20282887364787539,0.023988518776763102,0.2746411497947883,0.019127466409815407
0.11873274540198027,0.0561400231921122,0.025219430500700427,0.4861568747487766,0.0914386905193224,0.11423841969102912,0.07334426329726362,0.008412508945749226,0.026317043703066086
0.026338436343696005,0.033257489646189985,0.079065902928223,0.4887237703230422,0.050256402993493064,0.13473692673125873,0.08295695612799549,0.08417410596525914,0.020490008940842436
0.025362533637468907,0.011282750632641309,0.05400872456026789,0.44417413872208433,0.08361891556295246,0.24224289130508866,0.07118787853522764,0.024154093356317838,0.043968073687951026
0.12072344567757205,0.0579113731692267,0.050799587072941514,0.20877993925864746,0.028080933743322118,0.38287390785930825,0.04123443829126669,0.09570244686985256,0.013893928057862751
0.08194084863698803,0.04983104462011656,0.08797521672363325,0.2474668445008121,0.11133535760571893,0.004620011180493061,0.11099358451636522,0.06801323462539292,0.23782385759048
0.03491374988029568,0.18743258569729562,0.038395792581759576,0.047041952661929815,0.11701597768903527,0.015868835687403906,0.05618887378290075,0.4452847709344249,0.057857461084954376
0.044990725358394434,0.023888164985942362,0.038091298765077754,0.23927458804203236,0.025675626442711662,0.506542147403112,0.033346943379312204,0.06507088176092009,0.023119623862497145
0.04775973651660149,0.03378782351600474,0.10817836738419255,0.16224641508747975,0.06603331976790582,0.20850105039384767,0.04918883982981829,0.2861607591554642,0.03814368834868549
0.029098012537820166,0.015507573686480515,0.04648852616276311,0.4386301127587484,0.06301154476027009,0.2988944716986361,0.0313379706784886,0.05738105404802866,0.019650733668764388
0.06272881437321094,0.05256079929068861,0.03964253189903706,0.3907667104352073,0.07463710960150687,0.20124596375920212,0.0658472113668635,0.061777889360664716,0.050792969913618896
0.011831621322114835,0.019497882740781014,0.014877679557649228,0.36224710783789943,0.09627873512946206,0.38507856678985003,0.04108334139457618,0.04540548593482696,0.02369957929284014
0.10776037295881802,0.19101828555108127,0.05883903354482916,0.034766695026849065,0.03677102648530668,0.07371332663808705,0.12752326794000898,0.3065237613191119,0.06308423053590789
0.04061570326153982,0.013968706448335087,0.034534475794374554,0.4589832972272736,0.05288308244587078,0.24211923313160053,0.04506245798177292,0.1011837559142877,0.010649287794944928
0.09465898648405702,0.1440710194232784,0.06252295444887061,0.13652665322788582,0.1319393098091606,0.0028558507559477693,0.03096194476155863,0.044719875761523226,0.351743405327718
0.15243439297363207,0.04548201831237691,0.20227267904829502,0.02071610819559758,0.1036609816882167,0.019198484288120352,0.03712834240456069,0.3395268633610824,0.07958012972811834
0.03829523414919192,0.16072005867690123,0.1744003139597019,0.18603611191946504,0.07303799603172001,0.06804038982064774,0.1514121136193305,0.06282255719348918,0.0852352246295525
0.15954691200495197,0.07662082446723686,0.06915183850111749,0.07163736957962273,0.11376285709775692,0.01233539711683083,0.14910540778215228,0.14104144239578367,0.20679795105454732
0.056485295942902414,0.03627684615171866,0.054347152190306565,0.30047411062689333,0.17835193469808389,0.2542691102211017,0.02080205000456661,0.081983638285421,0.017009861879005866
0.021909189470966456,0.02096338236841964,0.09607272226097448,0.3377049020603795,0.1135105225520305,0.2898146366836432,0.03347558006090153,0.08083381352528687,0.005715251017397766
0.08075807774998245,0.04127483533910975,0.08282465387575505,0.39467572372182397,0.059305611006963556,0.12536610306012616,0.027842416916016743,0.17984525486465933,0.008107323465563018
0.1631448917257376,0.1574669497945397,0.019694433391455175,0.07018093330539805,0.18986300916848142,0.006147109603044387,0.038628446963819556,0.014415047170214884,0.3404591788773092
0.03286678113346956,0.038021888020311125,0.10152187602912734,0.44083065585996956,0.08227521498350056,0.17869873542409742,0.018928155536239836,0.08830159769761399,0.018555095315670525
0.048515819650111,0.0577790220517883,0.10336320577307208,0.4260816149657432,0.0386983252877259,0.19326574400024166,0.062200314430470895,0.0443165067559174,0.025779447084929463
0.07935188320621706,0.0667588145176629,0.02039618398407392,0.3127580445882092,0.0788037931511229,0.21693416661912127,0.0565183991829231,0.13897285297879644,0.0295058617718732
0.061567766640955,0.03973885201888754,0.024382790675572308,0.32217070614241483,0.09503055384680052,0.3805798298384688,0.026867111686125295,0.02970795889329612,0.019954430257479578
0.0695817164322315,0.20425796296231036,0.019646485790617767,0.040744294355904244,0.05614381411278609,0.16064897115841278,0.15143265107711198,0.2712747877470019,0.02626931636362338
0.3523381197314201,0.0584744440491208,0.12860012923749609,0.04609477863228512,0.14403352147084894,0.09300418500318623,0.06270447601258682,0.05898048427648244,0.05576986158657354
0.2485945120189412,0.12417295214313573,0.10050073174034108,0.060799007803893725,0.06602231701956256,0.036433126126404786,0.06049819886582516,0.25359799041687636,0.04938116386501945
0.09642531435328854,0.06711937114717874,0.035616817030598935,0.13674998708495445,0.1305719446160555,0.3570374788161652,0.06668307190762685,0.08126226471969043,0.02853375032444125
0.09969843698577176,0.1000825058458838,0.12011394318210432,0.07214593325804829,0.1897179144701452,0.01616035441746443,0.1860653723326926,0.10025815348097117,0.1157573860269185
0.18600392626596687,0.13377475834231145,0.008380735273892619,0.023646221351637003,0.11755316329367822,0.01755335696008965,0.06920933364359402,0.07176105882943169,0.3721174460393984
0.13181688643751385,0.10825125286578897,0.07136973122402457,0.14790830480828743,0.186925247716532,0.10371240269319482,0.07080392706603193,0.10705669347983303,0.07215555370879338
0.09033196664186273,0.08238682133711228,0.17424542473858273,0.2582592064614332,0.08954325846710791,0.06401726137473966,0.11471411592500608,0.07038235784462003,0.056119587209535395
0.0946372246950729,0.021426686352330682,0.03726148233604981,0.3206242986231111,0.04668798778252924,0.3949789764388855,0.03687607068617931,0.024293856580787757,0.023213416505053694
0.0565637704025267,0.06552177974244687,0.09871916371250773,0.04091127040142078,0.15604056650362577,0.020337660257937044,0.055730922333608185,0.10446140271691616,0.40171346392901075
0.10996552530388469,0.03759715692614631,0.012314575606009829,0.3648694837194975,0.07633989727897653,0.03158951907252395,0.08320113439956436,0.069973575582182,0.2141491321112148
0.07636289446042978,0.13473221160176485,0.09705215487127582,0.03873316032009301,0.05862312350481297,0.13719873062598284,0.12633821024862157,0.2842727155692964,0.0466867987977227
0.0738840641714394,0.0935025818048175,0.018032198979604803,0.3509575931589218,0.022420972882762537,0.3682944469624874,0.03416829125669541,0.026504296635179076,0.012235554148092043
0.13910322412228548,0.07627290422016215,0.18239827931647504,0.14380438846535104,0.08483984343825858,0.04042752211610135,0.225196695799922,0.06728327888851737,0.04067386363292703
0.11835412015033821,0.04031592101781639,0.14836105244590128,0.12225585003386676,0.14603495845265096,0.09780701225565035,0.04660164232025705,0.10549492700700192,0.174774516316517
0.0718317188330372,0.2699800473608697,0.09623992965299218,0.030753332465000494,0.16929585326439875,0.08494946489514872,0.08643232843078226,0.12654462431841493,0.0639727007793558
0.03985964097442196,0.5621732264539984,0.042005068656711164,0.09812191098647416,0.1131234538941891,0.04503349838237508,0.05130647037974193,0.017947935484728148,0.03042879478736001
0.08686119218259714,0.24065973203561533,0.07463605819412829,0.11129825838702845,0.18784754194407563,0.058695697037050854,0.11187895609753147,0.06288121088489278,0.06524135323708007
0.14871128319995452,0.10844170458823184,0.013074681924879756,0.2751281727015846,0.1000633208510462,0.005918704320172785,0.043642137828827865,0.01596167733519765,0.28905831725010483
0.03698173937248753,0.045886501375371515,0.05204870389698087,0.34842091727786667,0.04054321174775196,0.25000948390100913,0.0687149265692547,0.06085132400138409,0.09654319185789345
0.014987286788688261,0.08711806884113575,0.0653807288031903,0.48638555846228443,0.08499779304100474,0.027154581808780675,0.08433696778408671,0.10471249875144258,0.0449265157193866
0.04329573516415613,0.0820184386129182,0.09597255667462,0.5372046233484188,0.07286676877163738,0.09336740960356643,0.026635890633497594,0.02932628419310528,0.019312292998080145
0.05108342943636011,0.14129041841567513,0.04363232829379679,0.13807566339011385,0.1333237472591365,0.09019599425121048,0.19492744226994685,0.18426718625729532,0.023203790426464973
0.051650758780433736,0.1996593749786276,0.07210639074352355,0.05260796027118362,0.1234578161924732,0.05586480075902308,0.306401483590742,0.08139037875503953,0.05686103592895375
0.049306307321440125,0.023086481025198762,0.02845925827034854,0.33309375196752666,0.06802085928700763,0.307684288196762,0.03495929939511099,0.14210210641319607,0.013287648123409193
0.048408695364161,0.024505303867019188,0.03167986006410495,0.4110012172964825,0.08013418961237778,0.284649789419335,0.02047413601485631,0.08739480769980275,0.011752000661860593
0.047633390388235795,0.02658642366485919,0.07117859152171839,0.2839824503434385,0.2037511655601647,0.08635002613921301,0.22073902193621864,0.04496264223409633,0.014816288212055459
0.06200916090714151,0.27132647995506626,0.023916402168140376,0.3456887648166876,0.11512855342253271,0.03415395453594327,0.08556794017063325,0.016446159994639536,0.04576258402921557
0.20710223477776743,0.09473100470613038,0.16288011911350964,0.048898885001692365,0.052556293842796,0.15857923460275022,0.14160205212111185,0.0957977973731438,0.037852378461098325
0.04847242184745748,0.12936399266052798,0.06871436289382415,0.39357101386929627,0.12646142320027684,0.07335480595045087,0.11354175760455076,0.02305894963468093,0.023461272338934715
0.034917857666836076,0.032502529564252786,0.29486293626527615,0.12160497210615334,0.09591984526377974,0.08882781718325039,0.0889552481506492,0.22374777912601573,0.018661014673786596
0.22335552056767496,0.09221849441722203,0.05416973218302575,0.1836190654915674,0.1442193172127486,0.12590964948397054,0.08871917130758965,0.028620140923353993,0.059168908412847034
0.07138213461604619,0.39879697983518203,0.06324014019057417,0.06367286702264469,0.19188946463640513,0.055008587737204635,0.06908567340158085,0.04885884691144152,0.03806530564892078
0.06485855229653696,0.023174921126531817,0.016292467555409154,0.16686071019647022,0.06909630138981307,0.3785483529451043,0.059770082811605126,0.18720905541570576,0.03418955626282365
0.2169951363960244,0.12744163353416657,0.13905973051961892,0.019894418799987244,0.044031970986169684,0.022313334464133434,0.053655245280045276,0.32031598475435463,0.05629254526549989
0.042795242999289274,0.02348874420721477,0.022255849070793143,0.4705035580718481,0.031185790966731543,0.2569052469591098,0.05014944869195983,0.09060852740190901,0.012107591631144355
0.06546442949616764,0.23360697800326546,0.07809192667462285,0.13400942734866542,0.12335117587080151,0.05289161238063355,0.18541081542230012,0.08893236796329908,0.038241266840244426
0.025848760593775912,0.0409165716848104,0.13098826321915077,0.3373470459812264,0.05445427488926428,0.2552296837167046,0.05360040467945209,0.07361323249381285,0.0280017627418027
0.4149855149485293,0.04345365486252092,0.010761048748472788,0.17438291238444203,0.10278506110049927,0.02172372392947596,0.032635863736536576,0.029518262748565425,0.16975395754095768
0.017401180500984496,0.11531995171523858,0.5546931738085356,0.032099681964181476,0.10210800878206479,0.009640429046188151,0.10490895879002467,0.037151150856159575,0.026677464536622935
0.023873130753713796,0.03109024568523937,0.016980641709743532,0.1958954138447031,0.20744377362531144,0.42260944545907364,0.02762793682484944,0.0540589776974561,0.020420434399909537
0.1006814778099769,0.15712741408582923,0.15211235060142594,0.024687677297578068,0.17925608568837773,0.011828734442870421,0.16990796694884946,0.11638108790917988,0.08801720521591239
0.17841211762680556,0.03010779857738848,0.01590133897714292,0.3719143096100532,0.10982802356858558,0.10042081449528768,0.047849173951379685,0.05562081006745498,0.08994561312590198
0.14691319148170331,0.02507974059581917,0.025157603799931972,0.319254862917413,0.06713373150680362,0.31048695977661933,0.028331609497668952,0.06270649092253712,0.014935809501503534
0.03627360709855043,0.02853657689707324,0.054482492727037056,0.3888155071913209,0.07933410115177357,0.24960503941418255,0.03013871160961146,0.10138303294053459,0.031430930969916206
0.0767975544253545,0.04701710320669495,0.0352686699625083,0.22363641495276054,0.035430007093081285,0.3475010888325392,0.0714736262171668,0.14875524433137344,0.014120290978520966
0.09611630216444704,0.024898865618419252,0.082764922370314,0.17450242580362474,0.09118110620954574,0.22094519315536063,0.055729412292839786,0.23333530645007097,0.02052646593537788
0.09839577736734512,0.1497522494605968,0.08036430687599423,0.11820785498312664,0.06015601510732566,0.05496584112573821,0.08613638046458005,0.2812811084644942,0.07074046615079908
0.06298987388783148,0.1417761251841533,0.022102843961004082,0.027498427265815112,0.1251557598711288,0.004471397315309473,0.03360897487276467,0.004044316337595142,0.5783522813043981
0.16746665761861212,0.0341329005478512,0.02381508722759507,0.2881247528964313,0.04215784751011725,0.2690595242585463,0.03121112134103193,0.06402465972371535,0.08000744887609935
0.1410907041131118,0.029646145009856618,0.050210898682657934,0.3041221988437312,0.09625187937648773,0.12447298622410062,0.06514213089430172,0.13517784711466463,0.0538852097410877
0.0699626855636012,0.07851140400349964,0.07394156958881133,0.22939379238651905,0.08468529641705232,0.25659194018480286,0.05679551423937034,0.12913146618458285,0.02098633143176042
0.06523662383683869,0.06274477755749722,0.05218867401099873,0.19844212014686705,0.059817209676468946,0.4416179645866314,0.026426688585146962,0.07940203663830607,0.014123904961244813
0.13915948054748498,0.10292949531191031,0.17976350514947992,0.030055654892118918,0.0592058265030283,0.04792274518746296,0.049017572747066175,0.37131542740810214,0.020630292253346255
0.06321141270033802,0.03651980261496982,0.04174493328405457,0.48605712016453445,0.09138170014773062,0.18941289034542552,0.03154058070734212,0.04058457021358797,0.01954698982201703
0.12657613177111443,0.11912025573507905,0.07294056663863006,0.07098528351705512,0.09357302274737218,0.0845791063041748,0.21126986077540597,0.11058118947255872,0.11037458303860971
0.0451735861277612,0.07100335376918987,0.04483691061406237,0.5126057173968128,0.0339920417872657,0.07823758494580203,0.041869067171739764,0.13179283163210753,0.04048890655525863
0.08463367866408085,0.019981920695765626,0.017842796781242228,0.3161402746745195,0.03090903093349029,0.3358279838211951,0.015166693255768802,0.1498862793596465,0.029611341814291158
0.014336931533861409,0.05211392061114619,0.1430331797965521,0.38643993658784276,0.04609940106426998,0.27338661433790085,0.050544865519672764,0.020151404143512366,0.013893746405241672
0.030566320478952008,0.036693537820137685,0.06993238645372553,0.5297748919430378,0.055712255325600556,0.15428916169890863,0.05376190435204494,0.05300639115900579,0.016263150768587056
0.10531844844838446,0.21966190697888802,0.1500629334342712,0.10988421301877128,0.08781168213004846,0.02060250037500171,0.07252816027352571,0.17741228945372453,0.056717865887384616
0.39108401034036433,0.07381410816721228,0.029861202019946863,0.09441356434109842,0.13028708184469556,0.09269313630484897,0.02817376817257833,0.0960564364014147,0.06361669240784053
0.10001090551897253,0.08550003588471833,0.03473074354100344,0.3772445085709452,0.036830790793856094,0.16584344522984512,0.07524448938731981,0.08830505890919836,0.03629002216414113
0.09062918500883044,0.32362388782833323,0.039023186008974454,0.006972965573211961,0.18131450200617824,0.019384406246712546,0.10829875916050835,0.05613360844257651,0.1746194997246743
0.10544539173149614,0.034951882046728534,0.05263656328434057,0.15403273129985573,0.06023456915949077,0.3350409552827527,0.09027431893580906,0.10459397330783056,0.0627896149516959
0.06760174228123438,0.03174510862034791,0.048702285179772854,0.43129680720590424,0.18962366932100697,0.04528395532876798,0.03469420103018392,0.05046683823540838,0.10058539279737337
0.018776874229931677,0.06419782510705856,0.05839963304013703,0.3194576538257116,0.04919115105562624,0.29586103795034785,0.09498734731294366,0.05411435809082878,0.045014119387414536
0.24519811901536429,0.10567700432797256,0.12992080472896314,0.02834815289428802,0.12196121280758637,0.025536395592254485,0.14976127777379622,0.13519010561572878,0.058406927244046135
0.0729710834009006,0.019696077147371902,0.02526940251245788,0.26720954276895886,0.12038206046313259,0.41652655734498034,0.01572682927049492,0.04761280321343082,0.014605643878272173
0.45318587843562685,0.06763232639180768,0.04640478140757487,0.16877709565363086,0.04079936976811699,0.07006971682732645,0.03169172726811025,0.05629608020985525,0.06514302403795079
0.25809623460143044,0.031954045502617205,0.04703701751870665,0.039158768381408464,0.11309942844298108,0.018345355590409326,0.08669752051843936,0.014014320333298276,0.39159730911070917
0.12696423276122457,0.05970190937864228,0.06540067945152682,0.04521635453707378,0.07183135727750616,0.06789074848964834,0.09353180570991375,0.19434031592194104,0.2751225964725233
0.01807313384305376,0.06182549359539898,0.06834868501804886,0.4364814510763975,0.07967813633857329,0.13397236943586824,0.07042194674557879,0.10804674425520176,0.02315203969187875
0.06026961304938997,0.025112755280848238,0.02998524871364835,0.3930171319650128,0.05247969828587367,0.2389115950673705,0.05948310267818511,0.07161255028254761,0.06912830467712375
0.05993752054393204,0.06356290464851026,0.050630761370383005,0.1513009572070492,0.06611972428058857,0.35920400491856674,0.08684330811284713,0.09249236381483213,0.06990845510329081
0.0369790799344044,0.24961750087355514,0.030917671867789074,0.2436857080093616,0.1281826058427732,0.01185967382904782,0.1164162988866978,0.035204807142809214,0.14713665361356176
0.045301602848511785,0.08150687076673116,0.03527285527653591,0.3640102145785787,0.0971079766612361,0.007142215789440018,0.053434816359896664,0.022927110296058012,0.2932963374230117
0.04670930837420412,0.22863700590188674,0.0813786932544443,0.02598871562819968,0.11908571123619542,0.021031812732130565,0.0633398575517693,0.2115670167649825,0.20226187855618735
0.09479098330859836,0.07372682126793838,0.03297715244483524,0.4521097146596937,0.10076087758664531,0.08923948620494293,0.06988352583998579,0.07866521693635964,0.007846221751000613
0.04947331536065978,0.017707756348433665,0.025833217117704522,0.24655319058515443,0.07674919528054806,0.42145533252580786,0.038112329618826636,0.06351940759882764,0.06059625556403737
0.17846120479116237,0.16254205094409224,0.10168141046516721,0.014456013371254179,0.11634666048793862,0.0257029762999955,0.019959236605209804,0.21415572666398733,0.16669472037119273
0.2056232987892499,0.03961719357385604,0.04911870482569453,0.03613402965449857,0.04949438533068468,0.01905274917176329,0.09683062139967248,0.284373737709454,0.21975527954512644
0.14154231884689583,0.026768875583677076,0.0790811501664894,0.08964066070483058,0.038937928209634355,0.025540749248774638,0.019923125978817777,0.5315185674155759,0.04704662384530454
0.030139481760101467,0.0797675093655428,0.07365413715573081,0.25831944721411165,0.07320565441625383,0.12238455447090817,0.30780619653660557,0.02414930731905188,0.03057371176169386
0.0778335180173862,0.07340977743290217,0.027924352941142625,0.11922780357027989,0.08467319655811247,0.1274759526252197,0.041890356992674065,0.40084675590041213,0.046718285961870665
0.1454938515783007,0.1513313482898019,0.08038229408196042,0.07094511650428088,0.17410050292016702,0.013339925687945661,0.06397198387000007,0.023253414120442753,0.2771815629471005
0.08234098846336989,0.1319957349070157,0.10412026373139675,0.22169606768896222,0.09652681054320106,0.03503086713899978,0.09048067044141668,0.12692155489512977,0.1108870421905081
0.0366137902722192,0.12307290665699215,0.18714957660562473,0.21322478735260897,0.21533281829350237,0.04988508224016216,0.08302143652254683,0.039047475417791626,0.0526521266385519
0.04314056562188153,0.07377015366564597,0.04291213033884764,0.4429062744230532,0.04906411196499941,0.19249160345381214,0.08153282899772892,0.06166657824427276,0.012515753289758425
0.0500729549510309,0.010812480847342404,0.11204957468150456,0.3546918913099402,0.08069741531487629,0.2790911191274376,0.019950154500077498,0.0807131400129779,0.0119212692548126
0.11377282023179681,0.06562931274772328,0.12714846493531182,0.10530028218403069,0.15536702018228443,0.0726395677582544,0.1670928927105367,0.14715273889034583,0.045896900359716025
0.05099130705667062,0.22173021704068338,0.13274267181728747,0.1419158918113993,0.033474399019180236,0.0453584248934971,0.27390535118065756,0.06539222275277297,0.03448951442785126
0.03462078700661026,0.031229046480247293,0.02494385537786759,0.409498376896134,0.11226254354427494,0.3134483900131291,0.02513382560402083,0.03739104323804667,0.011472131839669395
0.07558527893912508,0.08075519277716982,0.19848367830683497,0.054136419503907275,0.2706584850212573,0.009094371147184864,0.08948040551878761,0.10471456434023642,0.11709160444549667
0.23636843248770187,0.09081313032310227,0.047054007121131884,0.14833374379496905,0.038158891982088,0.055677551177674256,0.03389964917305495,0.15249058751081376,0.19720400642946387
0.3523255087527657,0.06557878284543096,0.03514532829576384,0.03800709648653785,0.0674325725207761,0.01878456385202218,0.1471424699400177,0.07571114630638483,0.1998725310003008
0.13762085144718703,0.056622161270387765,0.1157316818047112,0.30569673217320115,0.03406505367852984,0.13685662861730696,0.08552547553788808,0.10374183906619427,0.024139576404593733
0.18635260383875693,0.1767621352798087,0.011703028563753068,0.057014877823031544,0.1116229249316973,0.0017045642624383742,0.020045442175147244,0.01573364025191345,0.4190607828734534
0.06888958870621197,0.04547221976881142,0.06564173047468891,0.18803732838502443,0.1415612492300586,0.021292320169776738,0.04200877525472354,0.3419422098668811,0.08515457814382332
0.24151247570654386,0.04984134846122206,0.04301989151607875,0.18890907659553102,0.11694272386766809,0.06889344698832935,0.024026663588823206,0.12644930714480598,0.1404050661309976
0.05350010002947988,0.058864709355891186,0.1900306587140167,0.1156694664359037,0.07052794914895356,0.1831092177388026,0.04905936389788309,0.2525647569453022,0.02667377773376706
0.04771209485715938,0.048169219043373214,0.11409157742664267,0.1860087917343768,0.04413390455777035,0.1770162054442711,0.11992763688325618,0.22861795605516325,0.03432261399798702
0.03698173937248753,0.045886501375371515,0.05204870389698087,0.34842091727786667,0.04054321174775196,0.25000948390100913,0.0687149265692547,0.06085132400138409,0.09654319185789345
0.034177290646865525,0.17403248347481085,0.01800801835075228,0.3013212588962148,0.037576672065655674,0.13803477663071229,0.048179090685585825,0.24214533853016296,0.006525070719239763
0.3538268168113691,0.03282981732026565,0.027633425870769484,0.17506004978352765,0.16633765723761856,0.027665264740959084,0.040614228919533174,0.06991664010045526,0.10611609921550202
0.07997066225880116,0.043524840324708526,0.07647393557656183,0.28121010782197087,0.08313943021345045,0.26574374680497154,0.07091010316344297,0.07530108308883714,0.02372609074725546
0.040858291004082385,0.03320787848895082,0.030970515517682744,0.3475165920847079,0.05229487651674572,0.4404096920886816,0.017656064185449277,0.0284436011527688,0.008642488960930754
0.12306351228876962,0.08092669673027404,0.15527944021209533,0.2225925176084668,0.10971841954656551,0.09094291457276561,0.047266370940157725,0.14643527765434405,0.023774850446561312
0.1448821080243986,0.1286834722212921,0.04498376691647723,0.12693264398311724,0.09731728977432952,0.041112594081100594,0.1757175908171098,0.19019686401088606,0.050173670171288876
0.04511618598256359,0.16585978668926812,0.02769427784627324,0.32733616079319844,0.17664373825700383,0.04955033639190601,0.1528316603295454,0.006471194636627729,0.04849665907361369
0.403714135892522,0.0433279237553067,0.015334357019183426,0.22469915141330246,0.072685358429872,0.026491815136885866,0.026431704648498713,0.06713724273459797,0.1201783109698309
0.20804212469185743,0.08591242759885044,0.04229070604185788,0.09255422100817273,0.0403864905919999,0.28575727509872145,0.04167163269558232,0.16581025906545113,0.037574863207506644
0.07423689227640964,0.05798872975559991,0.02853294010797794,0.1690825725019426,0.0533528369787421,0.4782169799401674,0.03280934856045382,0.09105787598452596,0.014721823894180664
0.08575727230467135,0.03488663358166976,0.07709721032787839,0.19568774169453376,0.05219360265947368,0.3688965597159067,0.08652233178587714,0.0819164852347958,0.017042162695193392
0.07660350197635653,0.09471151885238784,0.1558953258464351,0.2622570101223199,0.1683794327620279,0.07434072998666118,0.06679776563937796,0.07791693509665837,0.023097779717775282
0.08816854598577784,0.15357026478614325,0.014509027194144722,0.03223797399154082,0.08666032477552303,0.004052666030809369,0.0314707019800529,0.010632838044297205,0.5786976572117108
0.037753417742352836,0.056459530903322154,0.06496386481900901,0.38387555138680324,0.05658488686157875,0.13417931653581505,0.13027763485967925,0.11442713892814312,0.02147865796329662
0.03721273699232842,0.21287553789719324,0.04830470945820586,0.18676335253310547,0.1185429448431246,0.018830990474435077,0.1459044314112707,0.045095159463010515,0.18647013692732606
0.02072289099812342,0.05256170135658828,0.019609160774742628,0.4305968101108341,0.06821117604828379,0.2963602925906204,0.041616480270791595,0.03117264276814276,0.03914884508187307
0.04790551708018059,0.02986651603680666,0.13815134860746736,0.4361232692507236,0.0417012777168253,0.18110394716896705,0.06187682685605433,0.04249286863038909,0.020778428652585997
0.13062174816349303,0.19062102792889468,0.043217295064612006,0.07483408219964365,0.047693550219883446,0.022240654977654883,0.10213415448195784,0.22555298229079365,0.1630845046730668
0.19125733844227352,0.04757015505472719,0.11842326365422706,0.1294909584971856,0.08094650986853892,0.06562154977998849,0.07469764664996102,0.12165999888764294,0.17033257916545538
0.11856039371526221,0.12938795655699087,0.12712278292843074,0.19208829371437117,0.08366974619044108,0.02674357700915851,0.1708357604309592,0.11746576229687151,0.03412572715751476
0.10179699390004378,0.03718232314102812,0.03104126627369934,0.3306317159288482,0.03555034984751684,0.3497521409797269,0.06711425033294875,0.024348287994892494,0.022582671601295578
0.11647893843940445,0.038125687365968684,0.012028626622963548,0.2700074244732751,0.03331737123353936,0.18114555751615172,0.045025401549252164,0.23810870306704893,0.06576228973239608
0.06733126495563531,0.0982270304805732,0.014629757492440859,0.14402239642711098,0.07774542124785445,0.011296972604635531,0.02392750642044525,0.044161199002744234,0.5186584513685601
0.0740851853430577,0.23909436406732865,0.034393766665851096,0.15131142538582895,0.04130057231162208,0.1793347449737238,0.04584260885882211,0.14115000719139958,0.09348732520236602
0.1164142643154984,0.15471596203710905,0.16364028206252326,0.015569596918419278,0.16644009043943045,0.030662627581670775,0.0806265985125304,0.2527359000474642,0.019194678085354137
0.13070443176156474,0.027661800250288415,0.1551709700846929,0.04197921799429438,0.0733776826322906,0.1023256060241833,0.11327663651514853,0.312389006379693,0.043114648357844204
0.05293873588612064,0.02168514120642917,0.028530293138153976,0.2613429634003619,0.03451153006769471,0.24765660424989525,0.038957636829410384,0.2848366679574676,0.029540427264466387
0.060173853721776915,0.05516348521676634,0.02525058448704134,0.20833453543539773,0.09079177470269155,0.35979640445924194,0.0683088566479434,0.1060563524828921,0.026124152846248666
0.1256352581733757,0.04224523021140325,0.1581566980674731,0.1954912750173189,0.04293485200723673,0.01935069881423626,0.11157485125244589,0.09906450428106202,0.20554663217544814
0.05714714590312858,0.09377221014598325,0.14622344970490142,0.039327063583271905,0.17792278169114994,0.016650409197496076,0.0965582072616421,0.111741684948355,0.26065704756407176
0.05121281649894462,0.04532758202543949,0.09870703228176188,0.28006798276517497,0.02551543716682536,0.400447044752235,0.055778303648878425,0.026072941471548382,0.01687085938919186
0.0608168817589784,0.1673776708150803,0.062425148449916146,0.2555800083904108,0.15090337026256365,0.018945205193060765,0.20564639095108114,0.03392558636886047,0.044379737810048316
0.027806018837209057,0.060178813296019686,0.0463685201262387,0.040852094866901625,0.08853434648563523,0.041110591139036284,0.5690846389693864,0.07021593341013548,0.05584904286943753
0.10629268768034722,0.03716341016464589,0.056108791081658095,0.15278660288507107,0.05574012276658862,0.3256551495537849,0.05082264073213269,0.1892729247525522,0.026157670383219322
0.07556837076728261,0.21300281682010244,0.009327948908920032,0.04340455276454295,0.09980913048025457,0.004916010237627916,0.027742809419197937,0.055849189021800576,0.47037917158027104
0.06706898357799641,0.03754195589564274,0.03276635287892976,0.24775450379855812,0.07690775581041938,0.44548282629442854,0.037269211032720635,0.031909794403618,0.023298616307686384
0.22478399808557936,0.06094931392620068,0.052785667714809616,0.13332932874695153,0.037397962116255366,0.14091787555774074,0.12488034444482678,0.1997707252734503,0.02518478413418569
0.0849741640048376,0.07955571772420456,0.04904034803513454,0.03862245243582881,0.1287347593634178,0.006642236176770126,0.05393688675823113,0.05458993138252353,0.5039035041190519
0.04570815935337998,0.014469234826332432,0.022001083889893233,0.3512635357542902,0.03361049696021847,0.45328460781453545,0.026289980294356603,0.03377224440303698,0.019600656703956592
0.05060060122303845,0.06512731169253923,0.033378386808151216,0.2372185735588922,0.0641312091292462,0.3042711127230766,0.11212405567199246,0.07087474403556715,0.062274005157496426
0.051587455082913514,0.03204739169943772,0.01158242111872865,0.36509708706116545,0.032863189835882455,0.3282894992276391,0.060856914804529615,0.09042028658984569,0.027255754579857783
0.04014296169841688,0.017851739557926342,0.012826044676689241,0.3420715049410794,0.09594728367018013,0.3644216877521345,0.03265718277144066,0.06232719792352048,0.03175439700861232
0.04350991754466499,0.04560344881860386,0.14830701965185344,0.15075852564316664,0.05393646369296682,0.05378735241475622,0.24992145515245276,0.23629526842144197,0.017880548660093382
0.12072344567757205,0.0579113731692267,0.050799587072941514,0.20877993925864746,0.028080933743322118,0.38287390785930825,0.04123443829126669,0.09570244686985256,0.013893928057862751
0.06530341551589129,0.17842971219385503,0.05647676595779864,0.037700333367929474,0.07865223379195516,0.03839969240309444,0.22945557278339923,0.09643266661216016,0.21914960737391653
0.0532453255330104,0.07673790122715529,0.03161664826900292,0.232024057391766,0.06486643472273305,0.2707298348808556,0.05038969520386761,0.11990196159502248,0.10048814117658667
0.09847479294277178,0.04640291087136783,0.04330574346928582,0.18585708498709796,0.0870493617480051,0.24767117340158637,0.07248314542625982,0.1953345217018152,0.02342126545181009
0.06376992730334292,0.11066522869409035,0.23194366475469522,0.06616379941668281,0.15324230305034425,0.023127116589367818,0.21127810920581536,0.05645479291301465,0.08335505807264652
0.02484998178845953,0.04501659790348201,0.0391934972939817,0.5147415734476031,0.05285413686429893,0.20298320485121044,0.05236893842694244,0.059391444825086646,0.00860062459893516
0.03573495179439296,0.059408045697465495,0.043674831433778226,0.21252914805099432,0.031246549943675647,0.45286819549974483,0.06327617244049984,0.04336278930631878,0.05789931583312998
0.26048430495454605,0.09384055128462533,0.14977266534321912,0.01874493539602415,0.13785394948100607,0.17283334403884318,0.06471419179887526,0.07049484679467641,0.031261210908184504
0.10218526435889606,0.11197990056030493,0.06690635621420292,0.25209196747264717,0.0639229167580617,0.05708695007710052,0.1368382066945668,0.14636669487947843,0.06262174298474142
0.029366983640960746,0.3395823350340719,0.03875978763250022,0.21667606874793774,0.06052737909316722,0.01605551612586334,0.03710391842535924,0.03471624435817683,0.22721176694196274
0.06411341491981148,0.1398043416558142,0.1767923451999632,0.14805171940615192,0.16695823313001826,0.03182537172027277,0.1380726866754464,0.05996145644482719,0.07442043084769455
0.08838131448648144,0.06249885395654786,0.0574917671509814,0.24018986947432866,0.07254334330736484,0.29987509838280585,0.0745054216996157,0.05183189018498816,0.05268244135688605
0.009799324391491875,0.11348919594067279,0.06723826987722571,0.028718805973810786,0.20336857280552914,0.08941401941520573,0.40016960741753477,0.063110490185598,0.02469171399293114
0.04874830666640645,0.05027263241189204,0.11356115987146675,0.2680329403112642,0.04035845869499296,0.23660320742213645,0.09677537251104817,0.10729590677595335,0.03835201533483957
0.1482850879612124,0.1059003446919014,0.04577520896284646,0.05593357826444454,0.08528433956647492,0.36703186340794547,0.06103711817649402,0.08471415270595002,0.04603830626273086
0.1906639122739807,0.031304936793412924,0.03254665486296391,0.22465315834327335,0.0395766625121187,0.3220489621593165,0.025761004485360357,0.049377463680264466,0.08406724488930913
0.2043401450319083,0.2125867270446223,0.029795792000347206,0.01504541371339538,0.11049556648857696,0.09971123430761103,0.13540497490558537,0.04099114780856505,0.15162899869938842
0.03737326055594091,0.03318997913950283,0.036040585677391775,0.22595566499157518,0.05029653656853678,0.3771626268289747,0.17407279686259025,0.04981097258322902,0.016097576792258515
0.1282630761430782,0.12296855855139777,0.0239226962071471,0.022262859139901673,0.08550434080220853,0.019738974288904795,0.17883602867399997,0.3111876154415412,0.10731585075182072
0.07947179181372244,0.08881604925217595,0.10204515083025574,0.10337735885642231,0.05692632830113354,0.08774436397104013,0.18915148695237308,0.20494579027028045,0.08752167975259639
0.031603400147305165,0.09188127557306242,0.10157996940353303,0.1411827520835626,0.1724472588321467,0.1288130516654117,0.1662779793558977,0.1433763102302031,0.022838002708877595
0.04698602631877333,0.06055825518263969,0.08006241391309964,0.32131733975980836,0.08986667663714691,0.04510055764317017,0.234128236659757,0.07526231995596162,0.046718173929643336
0.09511185763364528,0.07814311883087037,0.15952138196775714,0.14531292017346,0.05422595777525465,0.17770926573520496,0.08416979387717771,0.19470417356710104,0.011101530439528851
0.054613673793791284,0.03977332229074592,0.11701209276464349,0.5165107739881373,0.06661519920310513,0.12313530050395327,0.037843724184968806,0.02628641382310351,0.01820949944755131
