0.09491862062888669,0.0905576658762803,0.1395550397708687,0.1259529305018349,0.13858014768483717,0.16485402023420212,0.0701348533821569,0.08350519442306041,0.09194152749787293
0.09965982459120766,0.10913317486024525,0.055658869357398076,0.10784399258463752,0.10850782129703244,0.13259821031485286,0.1453865262184659,0.13240203427414043,0.10880954650201985
0.11143072140849468,0.1452827891501915,0.03191354691385855,0.04830248292937724,0.0364252623072039,0.06370002576679938,0.2617067143259548,0.20002825802632454,0.10121019917179541
0.09957472287571272,0.1333982345000287,0.0786405967843803,0.09411214108993855,0.09198028457332903,0.17268237878215528,0.11920349306421112,0.12050394902833828,0.08990419930190609
0.10229932555752215,0.1505078875803216,0.062380632517207345,0.0894631223981754,0.08528843689139994,0.1610102130261314,0.12339771227766339,0.13051223030448653,0.0951404394470924
0.10376644338859274,0.10453910859189713,0.08953293690989649,0.1352962501190514,0.14791855449563474,0.11725314346003916,0.08779251643006186,0.0943178172095402,0.11958322939528633
0.08919931249478069,0.08277653503770299,0.2047192939850897,0.11201812459942183,0.11780646294015408,0.16391791272677816,0.07519231807965361,0.07676212176889273,0.07760791836752613
0.0944286182177081,0.09867314570225261,0.09228991723298947,0.1135292514888447,0.12248630487695894,0.17910984300284002,0.10226385502453296,0.10536084781511566,0.09185821663875744
0.1003538427821667,0.10548045416867081,0.062054608564987186,0.11780440042954156,0.12539606703798048,0.1421382655955142,0.11775226991646215,0.12002657496439696,0.10899351654028
0.08860959920035107,0.0831116108755748,0.21015601452565905,0.1085703998242908,0.11280856409244407,0.16383650763054128,0.07924323781112892,0.07774448090858424,0.07591958513142573
0.11001401789210463,0.11569721260096315,0.10893199286897971,0.13210502162547474,0.13147918207596324,0.09030949607046918,0.0997903806448001,0.08578429981640003,0.1258883964048452
0.10052103577571858,0.114801469522765,0.02533259636707734,0.07666701475789027,0.0633177601680448,0.04320272557671057,0.2513432577731973,0.19156239067137193,0.13325174938722412
0.10985791948390018,0.1224559861802939,0.036187572488499395,0.11976087512932203,0.12120721585267258,0.06674692509388638,0.13894274969088172,0.12988176652055253,0.15495898955999132
0.09936028254005862,0.09607723892029436,0.08486758847627195,0.12950949697942182,0.14512190747325374,0.13747225404983657,0.09710113781927932,0.10204638667248767,0.108443707069096
0.10155946083471946,0.12419148693737919,0.1538571574101508,0.10133504444070278,0.09522733382108024,0.14906961642507174,0.09253037518042488,0.09770732625313412,0.08452219869733686
0.09513452673538646,0.0868843199180384,0.212505314623474,0.11909912875948987,0.12126199731292582,0.13638790305352352,0.07005307939591308,0.07267496009975777,0.08599877010149097
0.10445435583706292,0.1091055396717725,0.051761260840022895,0.12177301339743785,0.12869500702590708,0.1122277396798635,0.12373553532256391,0.12461648982633973,0.12363105839902959
0.10755843047214847,0.12991721708487883,0.03804427172478699,0.10692181596091106,0.10576024931578627,0.10885469930081061,0.13018007964415548,0.14487045996744627,0.12789277652907602
0.0980183107572672,0.09527775587245967,0.0968108663138737,0.12944199946480497,0.1459474102746583,0.15493151343444836,0.08173775250437981,0.09543750630121454,0.10239688507689326
0.12672776223503118,0.10894499970331306,0.24929382507418898,0.09802880574401357,0.07585830370956222,0.05558924195131699,0.10804610814145099,0.08292957496028645,0.09458137848083652
0.09742060474803216,0.0988811585061467,0.11931344863541438,0.12542447279228272,0.13658583809157648,0.17197438807272203,0.06743658584782991,0.0882880802709901,0.0946754230350055
0.09698099841833607,0.10225335018856764,0.0800144854250817,0.11705863937579475,0.12738410194520697,0.17266637080703073,0.09819913095768586,0.10819042396932588,0.09725249891297034
0.1435312804087801,0.13428780247112007,0.16727625076526928,0.09252685885898088,0.06921606917065984,0.03724811343631356,0.15899141092310887,0.08888290443856271,0.10803930952720471
0.10762128735961286,0.1295417890890889,0.03937036368639655,0.10911638624153158,0.10970041341227617,0.11525556125565561,0.12226015309334902,0.14071872478821323,0.12641532107387612
0.09347759804261851,0.09092161303237245,0.19050725973867821,0.11335185539184889,0.11608560569017408,0.1615734854733628,0.07262260958896587,0.08022114862980924,0.08123882441216991
0.10140722791762963,0.11636967552502932,0.02718661610082752,0.07192413413154505,0.05830821417877419,0.050352803622905035,0.25435724893975825,0.19641222478423007,0.12368185479930094
0.09986118361134504,0.1135913072354845,0.07886823051326636,0.11904294295589846,0.12962461183767993,0.181110941174923,0.07625203563538195,0.10324256247979591,0.09840618455622492
0.10330259117247305,0.11009801278299304,0.0473153574033271,0.11429915005787943,0.1155140476578791,0.10318997246029078,0.14777700608208813,0.13478180731475195,0.12372205506831742
0.09549866432438353,0.08910174329062408,0.14490601048966215,0.12917812283136546,0.14273983434948548,0.14517033091131945,0.07588362232576525,0.08124950343912749,0.09627216803826726
0.10773999246615647,0.12822467177301072,0.17249774319978609,0.10659699526561632,0.09396428487513857,0.12424248598288624,0.08163508341049434,0.09365290323978305,0.0914458397871281
0.10088488917638384,0.11125766014407769,0.03952013848179589,0.09834447641014821,0.09063659192583284,0.08128388516345607,0.19786685399683254,0.15648804849108663,0.12371745621038623
0.10547076635074008,0.11736180206058226,0.03447899432151836,0.10659709005740121,0.10155665086092341,0.07041150138511838,0.17317191653225147,0.15026040322304243,0.14069087520842238
0.10194815077180226,0.11246453077185885,0.05658540160366665,0.1158561045935189,0.12277765208578854,0.14738452595109927,0.11059156236461128,0.12248212354339212,0.10990994831426219
0.09513724319617263,0.09150446200538388,0.23962867674453983,0.10520662291159937,0.0996193992009663,0.13375295020016262,0.0787812638958345,0.07826730025294641,0.07810208159239451
0.09850776738011931,0.10253866533981669,0.17707603362866586,0.11336237567167352,0.11157904803489956,0.15463543359691714,0.07220611763866298,0.08460148646340056,0.08549307224584436
0.10184388374268556,0.10277062209286568,0.13620514658747607,0.128413946253558,0.13249735861444387,0.1492859547226033,0.06473421080400678,0.08340871439430031,0.1008401627880605
0.10711797460518363,0.1137420895811251,0.050644998980609986,0.12678824836312583,0.13746433223510723,0.11459547328505819,0.10247942879891116,0.11888234774535718,0.12828510640552168
0.10149682903251311,0.15063698116397625,0.0753853523078151,0.08037414698113586,0.07364573429794839,0.15037996446357815,0.1479183718863161,0.1319559414062587,0.08820667846045828
0.10603462219381765,0.11997076255274158,0.032674470003070236,0.10468306258446514,0.09884154826705223,0.06826611135807295,0.17330163303879798,0.15357794319780751,0.14264984680417472
0.10252144093645947,0.10933503571251368,0.06594142599280385,0.12598756912829606,0.14007233564590008,0.1552685541849185,0.08265205234396722,0.10795226641442929,0.11026931964071192
0.10015168281145448,0.10096350530569516,0.08000565177106907,0.12837032453816394,0.1440588237398113,0.1545142550580748,0.08361406213981333,0.10188739520135497,0.10643429943456294
0.10668225227033447,0.1209718471512421,0.0376244584353262,0.10964172793048053,0.10778863260804139,0.09166019098825169,0.14705777047481738,0.1452507363979602,0.133322383743546
0.1086480113926699,0.12243467311709065,0.03227879015713246,0.11190053846643318,0.10928098011433275,0.06412610613126186,0.15562556702337152,0.14278756292729364,0.15291777067041407
0.10151878572147716,0.14350568022822882,0.09007521744654091,0.0930668198613801,0.08903364491677045,0.16522819320862667,0.1128730558565428,0.11642234132435696,0.0882762614360762
0.09508851327827672,0.10789513852618969,0.08782683277884507,0.10339315572830886,0.10645714235960524,0.1804150281689235,0.11667613065470583,0.11267662471864619,0.08957143378649894
0.10588178484842266,0.11430122921228918,0.04075492084397084,0.1149145378554524,0.11502856362193374,0.08581377534015462,0.15014479771786718,0.13793002208873004,0.1352303684711793
0.09290658897720694,0.09406959478889458,0.12207040115248956,0.11601193295350949,0.12649484819152024,0.1852880401790168,0.08360813662958004,0.09312872606007817,0.08642173106770419
0.0993876886740177,0.11152995293974961,0.06661495499578057,0.11343969034247121,0.12087986646570525,0.16880049216526416,0.10252613411194857,0.11596237807284561,0.10085884223221742
0.09449081625442683,0.09760023492653758,0.22919592282777926,0.09583454970098666,0.08925671494559777,0.13437088737908484,0.0978376968428397,0.08589800669134957,0.07551517043139774
0.12183147625270034,0.15541530233842207,0.028497429466376067,0.03363459271477339,0.023336292624251086,0.0446184520906114,0.2952168269365527,0.20253705191318408,0.09491257566312888
0.09480483298644006,0.1124478866294137,0.10238341191929017,0.0915300680608791,0.08944188852421243,0.17211331347993108,0.13766103432557217,0.11536840448589285,0.0842491595883685
0.10460642887892439,0.11942266042653098,0.03455218966505358,0.10090223504151304,0.09402898746135335,0.07674153570559362,0.17833814499364956,0.15764032951123058,0.1337674883161509
0.09923468189238371,0.09972549035370849,0.11129257686625066,0.1297952042457455,0.1421527988334728,0.16048659365805215,0.06776200120734632,0.08853576183679834,0.10101489110624211
0.10210990935588293,0.12957998058229073,0.04076162895289943,0.07791126379763148,0.06770904112169643,0.10367497455997032,0.20106390780934283,0.1698018424585307,0.1073874513617552
0.10535859745842957,0.1396631226006718,0.10829637173352201,0.11018781794624381,0.1063495141244483,0.15830364430773783,0.07567091734473134,0.10002066715279008,0.09614934733142518
0.10480115591181387,0.11464956665038299,0.04166929236269847,0.11161757383076076,0.11066656344060617,0.09426170086680095,0.15217284398994244,0.14100193167188724,0.12915937127510704
0.10038522583959027,0.11604989901733714,0.05083327257772632,0.10084424123698299,0.09823255401834967,0.13111491991219104,0.15357758031241986,0.1405187108790619,0.10844359620634085
0.10818173616020825,0.11750596286226855,0.07104123339445532,0.1332031574479338,0.1387018299367271,0.0832986902945036,0.11083608851369164,0.09868231822246608,0.13854898316774564
0.09624278686382019,0.10306776190644963,0.2002823006348952,0.1003794260205162,0.09536079213538518,0.1457524411539823,0.09186038749627173,0.08846324542537792,0.0785908583633017
0.10276009436304241,0.1022645948175231,0.0670358930225187,0.12836629922329743,0.13742063735918594,0.09017731655169874,0.13359455532528164,0.11087973313358851,0.12750087620386352
0.12222416747725497,0.12134373555709756,0.020933220480592443,0.035212043028465416,0.023609839748912936,0.029630253915120027,0.32567307646807014,0.21932791547613253,0.10204574784835391
0.1275056711001876,0.11925577518496487,0.16799952689222772,0.1173298339178832,0.09832651663447771,0.07540991630600545,0.09684058229851698,0.08329519541946247,0.11403698224627418
0.09685782839941305,0.1192802317285625,0.08307409511976933,0.09500758150519506,0.0938644909011489,0.17458505271877853,0.12888303574004134,0.11968284225884064,0.0887648416282507
0.10671255812088337,0.11112010814326329,0.06769341348532167,0.13422582606742237,0.1455428904127921,0.1016914429965553,0.09852182973653695,0.10327848600842858,0.13121344502879642
0.10622422984269624,0.11020284368924389,0.09362831193043726,0.13569908093993208,0.1436339443020843,0.11533097504185379,0.08204631191742208,0.0909470990658826,0.12228720327044788
0.09268246090592609,0.08445352686433784,0.3199353142635528,0.08700818048652069,0.07452584546649761,0.09264819159650921,0.10232886113638962,0.07658975212935734,0.06982786715090876
0.1460984551301746,0.07621526851825351,0.34950030163719537,0.03054545436479925,0.013248741648818728,0.00873992404581578,0.19207442601006255,0.127295886303283,0.05628154234159716
0.10530733207544352,0.1429536163836971,0.03442078864542065,0.07227550739118666,0.06057224758234916,0.0852719494481304,0.2008497975274519,0.18359574733044062,0.11475301361587999
0.1040729668231886,0.12788266835101084,0.031129224457773316,0.08305200001576893,0.07151424524411426,0.0710434355731967,0.2039381005449957,0.18069716779376313,0.12667019119618853
0.1320892116672102,0.11851134604156803,0.21357904387886176,0.10591445377657692,0.0768896959869845,0.07115692510234245,0.08494733748976742,0.09262310461106034,0.10428888144562838
0.09048313664363632,0.08287474222423964,0.23732228018999346,0.10929729228347969,0.11003470209999205,0.14582003450580872,0.07417386143753414,0.07338155534290172,0.07661239527241422
0.09126544473533044,0.08506373779856174,0.13748611566755944,0.12207050087130948,0.13703418999850336,0.17158075977456355,0.08132455446756472,0.08651656628942972,0.08765813039717747
0.10739909499090594,0.1114210362778123,0.103262615291999,0.13498307985902033,0.13936079687430328,0.11531050992549902,0.07947621529898778,0.08788914594044017,0.12089750554103225
0.09609952618485999,0.09915199401093766,0.09149607192993725,0.11977479288745085,0.13224174850602766,0.17800693784886226,0.08731824185816532,0.10121680005043353,0.09469388672332542
0.09686370668583348,0.11846422915573192,0.13938047796462558,0.08598984565974747,0.08063817733518114,0.15221419024422045,0.13720432710572697,0.10958937813633424,0.0796556677125989
0.13668326779638462,0.10235415048760532,0.2955160340530289,0.08158163724443805,0.05092425192354249,0.04000706636525148,0.10758623569297136,0.0988945822034128,0.08645277423336502
0.10531537137065128,0.14295847357983701,0.17068947346703792,0.07378714584327765,0.06214209952125041,0.09573719322350531,0.1571501099395855,0.1140448318654917,0.07817530118936321
0.10020609310853952,0.13246990459424887,0.09269394878639821,0.09986188479679041,0.09889506804078026,0.17580279758976727,0.10055358496199773,0.11080283794899365,0.0887138801724841
0.09243354529786668,0.0861631453264669,0.19992358296426463,0.11620051778460923,0.12075360987363343,0.15658223933207793,0.0699877557028248,0.07621898186282264,0.08173662185543375
0.10399079983935526,0.14703656368637782,0.04228399368339145,0.08076353493247174,0.07217428268017234,0.11899803705422556,0.16559247469162688,0.16126149125228503,0.107898822180094
0.1125887448659888,0.124586270893228,0.02129287195807107,0.046572269568073976,0.03340539224866112,0.03212124644792034,0.2911435134406423,0.22239768749704428,0.11589200308037002
0.10133698588711952,0.14582240318618275,0.06437368042035836,0.0872416157795028,0.08248578811569081,0.15965190359716405,0.13348641510644912,0.13226706373503613,0.09333414417249641
0.10808615190722903,0.11666885053085689,0.0466998759208318,0.12585796997521928,0.13045615493141402,0.07180792369102305,0.13451293408939374,0.11802763718612437,0.14788250176790774
0.12122359505796665,0.09416014868428531,0.33209100175007095,0.07876340998760038,0.05172036293793738,0.04376528993995626,0.108058507226838,0.09193245211911533,0.07828523229622968
0.10185079902694993,0.12124651956379352,0.05647646328015953,0.11012377860197342,0.11504705550702886,0.16163550502313498,0.10531410164666989,0.12310504611528218,0.10520073123500773
0.1108620250770533,0.13777995043160798,0.035439418460470766,0.04753476953849345,0.03622002763014128,0.07106660103114806,0.27291940104054474,0.19352011052360285,0.09465769626693755
0.1033180692506183,0.09437889574224047,0.22436780475874085,0.11742902221286726,0.11091426776118067,0.10771813537109172,0.07680089352899186,0.07294986899440843,0.09212304237986046
0.10612739032080669,0.12509139393208604,0.037351642353556376,0.10418146733126125,0.10042351915015589,0.0976930956896952,0.14997934463085205,0.1505466655227543,0.12860548106883224
0.10073505189956448,0.10587386328165986,0.061729221046059934,0.1187227569446293,0.12694779378137575,0.14231867465049033,0.11473102793562552,0.11933798344015589,0.10960362702043891
0.09971514543051567,0.13510026254378849,0.0680767640285197,0.08795694857900223,0.0836827537748673,0.1621720876620291,0.1403288198456733,0.13117256352281695,0.09179465461278731
0.0957741218059396,0.10389203654356409,0.08194025822494265,0.11079487386644869,0.11759122244214704,0.17655600411341058,0.10849513099258092,0.1111168295284677,0.09383952248249883
0.10072926552687926,0.10788422035546852,0.14972418454071998,0.1187616694592657,0.11865447466429511,0.158979544997101,0.06719187961216565,0.08648937491704263,0.09158538592706215
