0.1012682395698955,0.09957815053592063,0.10920176280514664,0.10429837683448288,0.1226536603933276,0.11310652947720264,0.09814675031579219,0.1009482436467491,0.15079828642148282
0.14478127643613717,0.14040897552166798,0.0867631348256215,0.1186247003830763,0.06646890704380283,0.10526881529941538,0.18543517387743294,0.10820371374855424,0.04404530286429178
0.09807265555201831,0.10217801724457344,0.12920231967228954,0.10690375734563519,0.15561402244528907,0.12133524941230654,0.09971367787139944,0.06378238048785018,0.12319791996863823
0.08763820285124135,0.09411771880999903,0.1268160309522164,0.11204044674015912,0.16693745118265357,0.1255892085999332,0.10703940546661457,0.06263036670608685,0.11719116869109591
0.1377017174172039,0.1378220973908225,0.12172529346799436,0.1163338788108894,0.10515886027561445,0.11904798398553008,0.12481660017527337,0.07080046097780775,0.06659310749886423
0.126916465584894,0.13184531284223336,0.12906097526485583,0.11091362331573458,0.1246947094190799,0.11654110273525929,0.10481680745250206,0.06900289875185962,0.08620810463358124
0.07344755828028883,0.06738308522975596,0.09517556043696206,0.10805130541672674,0.13585705649529708,0.12294900527208508,0.10670814106379861,0.11181606111601577,0.17861222668906984
0.1463304115424848,0.14991926818529525,0.1094895139654778,0.1162135357379019,0.08902994169885144,0.11159482927475399,0.1245427221517451,0.08683695766409616,0.06604281977939354
0.10857802794429848,0.10827019346741744,0.12009223919075607,0.10528663365282169,0.1348213346710132,0.11840389765833859,0.1047061287511729,0.07865263050618752,0.1211889141579941
0.12987929926023922,0.13070564791458975,0.12782835380965285,0.11220171782394077,0.11784535691808425,0.11909429295759037,0.11474617404157365,0.06820740465075166,0.07949175262357751
0.0954937426854331,0.09484726892081034,0.11430349094398713,0.10221787875395061,0.14260348202583406,0.1176045567168527,0.09933643285149052,0.08109616540810878,0.1524969816935327
0.14990311710001938,0.15269155767590156,0.09630506994949435,0.11936398268964211,0.05982721537893171,0.09766996421695588,0.16020451784213635,0.12380661754021886,0.04022795760669975
0.09772130816550702,0.10044378684632987,0.125143089918605,0.10545029408535661,0.15219642391724322,0.12037565385763316,0.09831532083861522,0.06775010824913537,0.1326040141215745
0.15133432314361137,0.1515643629458888,0.09402882926700412,0.12086351074869116,0.06991247704291964,0.10742244927514699,0.1630367036205085,0.09487445132803345,0.0469628926281959
0.09988828866323342,0.09691381960106686,0.1093040678268577,0.09875273906836157,0.12888311298826,0.11290372155010132,0.1023677991355304,0.0930175780191561,0.15796887314743271
0.07174869250712383,0.05577736826048516,0.10463032616049034,0.1205847717320867,0.10183274776471568,0.12465510772449173,0.13506886941417443,0.19600155704846514,0.08970055938796702
0.08166188224035743,0.08127880201349681,0.10688778939278958,0.11175246212061889,0.1376899095661738,0.12226989421933145,0.09877096093802497,0.10068240596529195,0.15900589354391512
0.132599845851298,0.13615137849239708,0.13208835831208351,0.11167910060365609,0.11887982155862054,0.11727153429345862,0.1094271005970739,0.06397687180344822,0.0779259884879641
0.11556512421445163,0.1097026437296877,0.10871220021101531,0.09988507316628464,0.07529415066115336,0.09324829381965084,0.12427590126218217,0.16791977606396477,0.10539683687160965
0.14396446857282624,0.14701098901295892,0.12722836222413134,0.11933857493948735,0.09991339371391073,0.11826846847555973,0.12695025371033344,0.06102581263476579,0.05629967671602645
0.08471132706420814,0.08123340520662616,0.09802427221169763,0.1099068064588987,0.14465972378327482,0.12589768939060875,0.1097368802801522,0.09711638529527981,0.1487135103092538
0.06828911164532994,0.05986367646676036,0.09526452799603906,0.12103600831905713,0.12241735991857938,0.1300701532773296,0.12067984171976413,0.1558992064190336,0.12648011423810682
0.11832160372910687,0.11488579845787254,0.10839182105263696,0.10105142281228711,0.10768827297755794,0.10969700370177608,0.11528779016298511,0.0973614963902446,0.12731479071553276
0.1433359799412657,0.14709471352348327,0.11951471835371574,0.11535170032344806,0.09995749952221211,0.11488836000797485,0.11781391371547455,0.07375360921678568,0.06828950539563995
0.08117109409596364,0.055671779096744235,0.14272309538415967,0.11865755239786875,0.08050772274276229,0.11366510447195226,0.1514682104325091,0.1996357273206499,0.05649971405739023
0.07674701767084592,0.07056869668855006,0.09307201237410424,0.10812668471707017,0.13869242620095665,0.12406883687020138,0.10803741771005755,0.1088696509284333,0.17181725683978066
0.13910253612716317,0.12721272532928235,0.1443016384070308,0.10292967212360439,0.02895138058627283,0.05470230957939018,0.18523882062497257,0.20765240099875945,0.009908516223524249
0.15327121995456588,0.14869880994618523,0.08524270857360834,0.12942472289435433,0.05650683441545573,0.10237424626560376,0.20440596154127114,0.09088373299939885,0.02919176340955681
0.12238645138787281,0.11021636515449178,0.13873490235646893,0.09155342789173936,0.03226210650891331,0.0559935027537111,0.14481926133991688,0.28847285233442777,0.015561130272458097
0.07722224017116398,0.0475520667279225,0.11980461105843898,0.10384745599883854,0.0816804077490955,0.11433811346609668,0.13421354551905418,0.23434894790868968,0.08699261140069998
0.07794953299895457,0.07508112130072554,0.09622704449008768,0.11660646528274184,0.15115672119923976,0.13175932559443668,0.11418100488756344,0.09538817402225704,0.14165061022399353
0.07772086222647302,0.0449233074401352,0.17237262325701244,0.1037136413479358,0.06494850581799282,0.09464542428721699,0.18210532602131826,0.1890632811756402,0.07050702842627524
0.07995129533574878,0.0729845416163889,0.08672503818631154,0.12100942092635565,0.14224553611940613,0.13711500052685816,0.12544149452922568,0.11020021053546085,0.1243274622242443
0.09413452221464612,0.1002040233671918,0.12982716532161212,0.10915720741153077,0.16083308278851297,0.12256866175093734,0.1003918631621234,0.0632213659396685,0.11966210804377701
0.136599046057579,0.1376113431075884,0.1131487228145564,0.1102580850982146,0.099740353267301,0.11181709246425568,0.11641380730403832,0.08717066895044855,0.08724088093601808
0.14087768509863086,0.13741164764091254,0.10327473579641755,0.12333772188418489,0.08890965708943621,0.11970432683566494,0.14932946203630398,0.08634918900994283,0.05080557460850623
0.1440872707812184,0.14060730268850083,0.10653712143211591,0.12100915617728036,0.04408052320182348,0.08302985932502564,0.21292897549320697,0.12642073336979867,0.02129905753102966
0.12959078779055158,0.12970933308688612,0.12352143251308195,0.109811648149386,0.11561959824579303,0.1171222092773531,0.11263513556443783,0.07353808068061592,0.08845177469189434
0.08145248568020193,0.07887090880698495,0.10094209085177104,0.10786734474900832,0.14764009677434933,0.12387580819143562,0.10492891846179109,0.0915497232104947,0.16287262327396299
0.14324542419967967,0.14918498250017698,0.12605481327048104,0.11701220887066284,0.10249646427825433,0.1158786999090078,0.11850622430797142,0.06599258722289152,0.06162859544087437
0.0697655027127199,0.06339306094844084,0.10951655138903522,0.11423034564726671,0.11251971179499243,0.12006357523459917,0.11365396604464824,0.14311732660914364,0.15373995961915388
0.0859174505303852,0.07651399823489771,0.08156320555001367,0.10882430784833112,0.11913977606360869,0.12514034893583098,0.11600567487288445,0.14924395220708617,0.13765128575696203
0.09328808592477011,0.08610174514286596,0.08430108112194164,0.11737421199734115,0.123753772587941,0.1326143038850188,0.12551928890423444,0.1328655334557772,0.1041819769801098
0.10006297088192902,0.1036375625428853,0.1252359828119488,0.11572320654502637,0.15105282556727415,0.12778458919416916,0.12037408887302849,0.06360806558384739,0.09252070799989125
0.10667507137978427,0.10492322386103214,0.11316800250790497,0.10451446076563635,0.12997532620300983,0.11744753399498942,0.10695022936559218,0.08938394259504263,0.1269622093270082
0.12718047426381732,0.1280702801414039,0.12588343805775146,0.10812373167802532,0.1203691376750512,0.11647831718484776,0.10714213506236143,0.07146191363941838,0.09529057229732323
0.13842584895933052,0.13297381373591835,0.1244479898238066,0.11785449477094352,0.037828574111468734,0.07310172766780111,0.21703899362894008,0.14231589917188325,0.016012658129907816
0.1348581126777759,0.12118428710861168,0.06996527026626316,0.12685344196372078,0.058442625163524775,0.10408311563859059,0.22685874719040644,0.13387220053089668,0.02388219946020993
0.14607835123952426,0.14830095662265455,0.1119739271371053,0.11625814323245957,0.09164165593642931,0.1136769877431814,0.12683762972746906,0.07964284837419366,0.0655894999869829
0.1452496678388707,0.1430724282044066,0.107453994688417,0.12039153759494785,0.04245447150758055,0.08096541658027259,0.2037521317439908,0.1354956665309592,0.021164685310554727
0.1368094997193741,0.1420646461243398,0.12841454543703415,0.11373816435131706,0.11228836267576638,0.11607227359280003,0.11151960817459466,0.06717878967003078,0.07191411025474291
0.13880385102071305,0.1345359434438693,0.09662390302128175,0.11802474824109598,0.0860623007639742,0.11558883735845911,0.14985765432354323,0.10152599859356885,0.05897676323349451
0.10245104416615769,0.05360673845603339,0.16981350425000055,0.11017297854427138,0.06097991823899135,0.0956709711323623,0.19817938737785412,0.17179781959949558,0.037327638234833586
0.07311374260630675,0.07086956058989113,0.09807875123725433,0.11737589801865089,0.1475149040775715,0.13047686463261976,0.10957712148414711,0.10501818738372752,0.14797496996983103
0.10173311623576133,0.1029489191226347,0.11692670523482258,0.10560590652837998,0.13763300875911857,0.11715679008971262,0.09483885632863925,0.08206707196059364,0.14108962574033732
0.12424108402120475,0.12402445250934828,0.12343347336720804,0.1102033513421297,0.12086662929533461,0.11893526987630447,0.11322871273902448,0.07489604887100478,0.09017097797844087
0.1383280805253696,0.1343896364457379,0.12328504398395769,0.11089035484227937,0.04075754041415958,0.07385037781195893,0.19398233318109245,0.16414643310830812,0.020370199687136378
0.07744938081721246,0.07192336687024165,0.08731094597114962,0.12484304431172832,0.14520127003076197,0.1393328602742186,0.1297288066954511,0.1095323746374845,0.11467795039175181
0.09078869778657055,0.09501117730829411,0.12183938854113012,0.10838208078969798,0.15690907057068026,0.12226872130432724,0.0966488650008191,0.07078862416772737,0.13736337453075334
0.08580411538572454,0.09259772221193385,0.11872723725283185,0.11674341694690692,0.16006882746360293,0.12649482685856964,0.10353803339813845,0.07656389468748655,0.11946192579480526
0.07513935728771555,0.05305687588625715,0.11012674607651148,0.11380716828022165,0.09417793783397865,0.12041520965198861,0.1358887826488381,0.20558678510420167,0.09180113723028714
0.14876835303019162,0.1478180477084237,0.09890543113603943,0.11955498656721154,0.07888388489278442,0.11208759525519912,0.15206991585349025,0.08810351699626902,0.053808268560391
0.1085435028185137,0.10628031757795368,0.11411561237138328,0.09978196392257699,0.12480766625176971,0.11245283687773577,0.10261594223353561,0.08684324750452684,0.14455891044200433
0.08371504262475205,0.08086975511835713,0.1028792012028653,0.10299574935128993,0.14290873028643394,0.1190782739817609,0.10124185134933106,0.09224555513795114,0.1740658409472585
0.08176009649873371,0.07383051357469246,0.08563714384708697,0.11794846311465317,0.13796880107818196,0.13484708363872963,0.12251319776595465,0.11613913513830092,0.12935556534366657
0.07408583679128673,0.07320351221029248,0.10084766356743431,0.11658116968527611,0.15087380842428263,0.12974738737106337,0.10730727897656267,0.09859217652627415,0.14876116644752757
0.12342962234502032,0.12762837551429013,0.13963949035266493,0.11025716873171004,0.1324683871361301,0.11886795722994299,0.10794151753081559,0.05793523057293781,0.08183225058648803
0.10638483726424425,0.10927106731034038,0.130162861721202,0.10555433007604122,0.1466147718341926,0.11917671642157002,0.09840062343578831,0.06526759297793229,0.11916719895868892
0.12101370281271774,0.11857893898233167,0.10790240625708021,0.1171064626894459,0.11274697369564075,0.12357223027369395,0.12841171393125297,0.09550422299563077,0.075163348362206
0.07793042116624921,0.07889013902395398,0.1071305453916297,0.11351024644962499,0.14916800188657622,0.12582331397911342,0.09994053195569835,0.09288055894198909,0.15472624120516507
0.09713319840393447,0.09520167996834324,0.1007663715196964,0.12459203773261503,0.1399984428335548,0.1373197889629101,0.13749523082390444,0.08409737476510237,0.08339587498993906
0.11212471673567381,0.10868163819222816,0.10945108586986035,0.09860517180363793,0.11253405843452724,0.10858026186862246,0.10781422168923153,0.09616269777650634,0.14604614762971216
0.08966293362698002,0.09057024530170259,0.11340930765012769,0.10555071824423912,0.1449477190429328,0.1192866619198699,0.09458087247255653,0.08259787384742845,0.159393667894163
0.15416088119299065,0.1610350964097088,0.08925806355040293,0.12424159988521595,0.05131041999730882,0.0935251308175906,0.15303501943427988,0.14165582828075374,0.031777960431748596
0.07335053674416665,0.06836320966590331,0.09517027846944624,0.11293715972736033,0.14068112839088634,0.12731504059246837,0.10900438737116895,0.11034634509706455,0.1628319139415354
0.11846713523702847,0.12008509866285665,0.12803608288904947,0.10597341407416289,0.13172115949919594,0.1168688307683592,0.1005122924989336,0.06945272274367935,0.10888326362673455
0.1351688426238222,0.12611328035522523,0.13585054425011198,0.10030554568440299,0.03224912825863173,0.05901281758377721,0.16721101406837688,0.22947936531427712,0.01460946186137467
0.0832973847817922,0.07498711965496774,0.08501490825089868,0.11435357719596484,0.13304174487660744,0.1314292462327648,0.1189064034858831,0.12444989332844715,0.13451972219267405
0.09931272373268145,0.09198958683855894,0.0816440065416078,0.12232292268559136,0.11573193116273554,0.13553398014578466,0.1355296545517363,0.1369830896496594,0.08095210469164461
0.07846893730652231,0.07950570035929991,0.10703458725713189,0.11548533016812035,0.14558953258782184,0.1261233165517613,0.10026635735945882,0.09765811119832858,0.14986812721155507
0.13987103999218065,0.14311479536898594,0.12921022218498965,0.11547307662749333,0.1077419821626507,0.11763169437122606,0.11802165108065608,0.06326231379738939,0.0656732244144282
0.08977315049500013,0.09410450895642831,0.12270255468930726,0.11102367912075341,0.16204848813311623,0.12551403700589747,0.10698994755007447,0.06541589602467106,0.12242773802475156
0.08191254999416521,0.08114876991233214,0.10677787473142779,0.11017582714883216,0.13707684958297148,0.12128346057757573,0.09840696910131924,0.09990681863845106,0.1633108803129252
0.06469283022443013,0.05732114706439998,0.10936596310242741,0.12253696338670024,0.11197791864135358,0.12584656650531512,0.11977840041930084,0.16839655669486542,0.1200836539612073
0.08479709184611232,0.0847747382626788,0.10977609157368817,0.10571038244241239,0.15141210865787227,0.12159548748704672,0.09965582469958882,0.08075354501084157,0.16152473001975895
0.10237853645617141,0.10489013979328697,0.12185425189022041,0.10603376623874235,0.14354458993992417,0.11843382163712185,0.09487643788414879,0.07459746380916132,0.13339099235122276
0.08101713626592395,0.07078255478340927,0.08233684051247597,0.10755941363578946,0.12272223918834423,0.1246050248858674,0.11376582293999433,0.14456702789817158,0.1526439398900238
0.14899230515587025,0.14992828054943372,0.09899974651507648,0.12058800633138973,0.049111519572533964,0.0888346750589068,0.181537637564773,0.13402738790622404,0.027980441345792015
0.0793579971268628,0.07182557535098387,0.11573258943971639,0.11457976321147728,0.09340108713448055,0.10982241182967332,0.11731311965742573,0.17547851271948542,0.12248894352989476
0.08003103624127474,0.07813524317626623,0.0999764361574712,0.11335830099726846,0.15246732428176576,0.12890103530073482,0.11014898140544094,0.08953079444306485,0.1474508479967131
0.15403731016498376,0.15961824106180408,0.0973436515328762,0.12220117539949231,0.07012993249150574,0.1062815946936187,0.14206239874021792,0.10146076295130786,0.0468649329641935
0.08291297483063047,0.08548116812714324,0.1133195180906289,0.10985764731992388,0.15586666485101128,0.12397729976796433,0.09784595425078389,0.07908553490045593,0.15165323786145804
0.07376129338434347,0.04367990400706422,0.17302450246570314,0.10308903982744887,0.06556032923393151,0.09405509482261869,0.17995963487414823,0.19134321672014362,0.07552698466459822
0.0842486441733064,0.08563736926747205,0.11257122263504182,0.10693296269659418,0.15283668168860756,0.12195257715508319,0.09684695467176783,0.07923909039139665,0.15973449732073033
0.12642157751357605,0.12381510065305752,0.10827022131086772,0.11817331966282811,0.10713555242262489,0.12257481250324138,0.13193538113850406,0.09285679745521998,0.06881723734008034
0.09548235523072322,0.1000572219243399,0.1264394493021055,0.1075274133913266,0.15617534701767785,0.12137792511067831,0.09708487223198979,0.06684010963128097,0.12901530615987786
0.0844229133161396,0.08361837957076967,0.10803514935273402,0.10464942306256558,0.14887211461095726,0.12062563096613256,0.09946442276226797,0.08351969379496178,0.16679227256347165
0.09859292127251484,0.1028541989585147,0.13006668625937537,0.108702424091967,0.15597888040009966,0.12275573858299976,0.1046022132443611,0.06231896326726111,0.11412797392290648
0.11807103406650836,0.12098786573002007,0.13406113706261344,0.11730373055496846,0.1306550796483357,0.12466035687600202,0.12519681720000916,0.059018887011751696,0.07004509184979112
0.08614273634224467,0.09020043740528783,0.11885454080189013,0.11201008593014161,0.16351939419056682,0.12657129299679434,0.10713315738919922,0.06805445295464307,0.12751390198923226
0.11199977003684082,0.11101038313675833,0.11263143495668841,0.10390575426504696,0.11956160609055688,0.11210140361316419,0.0997145340869305,0.09409248741868347,0.13498262639533035
0.06671040994030933,0.05284282217283354,0.12007709847761122,0.11960176657068977,0.09735822341105432,0.11980269863943976,0.13147951101756386,0.19636627605508175,0.09576119371541647
0.09904675951901824,0.09931944009026143,0.11270086191889844,0.11365650727716131,0.143986908231783,0.12703092908454394,0.11593410211693352,0.0808496059445083,0.1074748858168918
0.14425126836003088,0.14140486672773664,0.09321169133016614,0.1165580333071099,0.07529883890185113,0.1090021431078268,0.16273635904340086,0.1011338071363787,0.05640299208549884
0.13081294688845224,0.12140382174864073,0.14709776105144448,0.11950188454368342,0.03190775921883377,0.06440673237696562,0.2143478148805332,0.16072536386304748,0.009795915428398956
0.13159087535966432,0.1325521273912986,0.12102978537659416,0.10882433144133345,0.11219518703274528,0.11468623535850438,0.10947407529566844,0.07673831410652932,0.09290906863766202
0.07397892645075656,0.07259611709148144,0.10012418212365581,0.1161158352987095,0.14968574597810716,0.1294696840504217,0.10738029554561851,0.09981605450270432,0.15083315895854502
0.11421671026323954,0.11389782057634289,0.11426858821752713,0.12233393195750693,0.12432155106366832,0.1296322511031861,0.13487780227327004,0.07797315328765655,0.06847819125760253
0.13477311108097131,0.11889265316055832,0.1480051411558815,0.09777380265920084,0.029195686567267457,0.05279256640187031,0.181285589131718,0.22802078893305502,0.009260660909477232
0.06977894277917544,0.06185323042484689,0.09435615981327687,0.11470062316703568,0.12802140939294013,0.1270748746927366,0.11382311515120751,0.13517781575906135,0.15521382881971957
0.06909783925754238,0.055118896548238615,0.09899311522846649,0.11518959613301222,0.108781405221461,0.12430176619374482,0.12461642208526762,0.1774412204715283,0.12645973886073855
0.145449045218107,0.13890868968359038,0.0855710080829709,0.12488949171894424,0.0713502805524545,0.1126502613890019,0.1799503499896726,0.1019928401431819,0.03923803322207663
0.07515329116643565,0.06623192802503165,0.08500660303997269,0.12221957755322817,0.13398867387338506,0.13650096880332832,0.12682636120557653,0.13141924435635052,0.12265335197669136
0.13318462840240677,0.13341983480149025,0.12353448080301255,0.1125386869562373,0.11172640624572013,0.11810318616435729,0.11729398132730924,0.07198341424113149,0.07821538105833496
0.0776376722616867,0.07518815332273346,0.10367433580769596,0.10643123296341585,0.13884942891048757,0.12030006560617142,0.09952739936940846,0.09844531446203857,0.1799463972963622
0.14811045321247499,0.1414025523027493,0.09083479763377623,0.1291351823170587,0.0476563173906888,0.09175257679146202,0.2276845838391982,0.10092851852478568,0.02249501798780609
0.08152827735267103,0.08241086057522748,0.10949957841530635,0.10894502891980788,0.14940296700830502,0.12278775863977064,0.09718306392258873,0.08614524163439667,0.16209722353192627
0.14566879756689985,0.13901164847463054,0.08465775371674433,0.12321704188057282,0.056815597473503614,0.09941570173891023,0.2135554977772761,0.10841075492308187,0.029247206448380764
0.12112147508442835,0.12429981233036218,0.1276950986316132,0.10815698892419201,0.12988470266331276,0.11671579340865461,0.10061697633555954,0.07051539302886492,0.10099375959301243
0.14282908276052705,0.13337606367206092,0.07961284524530197,0.12884969498328822,0.06667680707164403,0.11199866204039383,0.19773346540891046,0.10701594865501722,0.031907430162856236
0.08399487357762637,0.08287825001187982,0.10655411270890609,0.11134255164793809,0.13151518020364447,0.12046151295664094,0.09943570848855839,0.10611903830731823,0.15769877209748775
0.08739198675289495,0.07930585364169328,0.08330663806539305,0.1216497027945224,0.13383671361441313,0.13874105952784413,0.13042486945162193,0.11864423764431882,0.10669893850729832
0.1294908761992427,0.13183451473124919,0.13511639121111638,0.11607837514666285,0.11926585497972268,0.1212867091133286,0.12146686638093085,0.05901749578621038,0.06644291645153627
0.13705499366988572,0.14376581093852422,0.1359029121646228,0.11565203224517724,0.11208678025091327,0.11688239933387608,0.1181492488262099,0.05839048436819135,0.062115338202599395
0.12040501436379251,0.11634292862036259,0.10496272074001389,0.10108412338363189,0.08783207978945513,0.10105898494155331,0.12240711564821143,0.12654262258975602,0.11936440992322324
0.10486408877391185,0.10272457575738499,0.11326813926722223,0.09921359433122175,0.126408744887845,0.111964421323891,0.0992427104283049,0.08729058736913886,0.1550231378610795
0.13364816940945798,0.1260957466866811,0.13560169771812502,0.11737371210427629,0.03573413094364656,0.06954921341228619,0.22084741871876665,0.1479436686973409,0.013206242309419289
0.07713000819462008,0.0756874984334272,0.10045512281944562,0.1139371236359241,0.15276976074877335,0.12882476377021734,0.10814731833886781,0.09159081422399495,0.15145758983472948
0.13774653611345763,0.13986288934075694,0.10290999862487653,0.11220901473440302,0.07638506133821267,0.10071864297841122,0.12251598691066136,0.13893182977373958,0.06872004018548111
0.11127010759145632,0.1159941902915002,0.13978927779958333,0.10887504890179961,0.14663706016927655,0.12055520109599187,0.1059718387867009,0.05708276938734463,0.09382450597634655
0.0721655130061512,0.06769012524229319,0.10467883660122289,0.11320231255589892,0.124028895734762,0.12215440423583396,0.10716876516061387,0.12552789980399062,0.16338324765923337
0.1402744105087645,0.12786270171403855,0.14603061559373806,0.10475784925133795,0.028218964242690617,0.054001390350996714,0.18803170318540055,0.2021114210037683,0.008710944149264661
0.13723631073390388,0.11500683740455246,0.14131092268817988,0.12219464386547942,0.0312413825110842,0.05944010853600251,0.18751005465555012,0.20456425500511596,0.0014954846001315636
0.12485370161067148,0.12776391615181937,0.13757897682688175,0.11349928703441824,0.12717586908598758,0.12097266990845958,0.11602769984187268,0.058397359303412034,0.07373052023647735
0.13210259022976234,0.12292843127162247,0.14957071199678632,0.112904430841484,0.032200341166746325,0.062302427400212544,0.20787027444418835,0.1697300168623055,0.010390775786892206
0.11517644128406233,0.1147990043052702,0.12113367467184626,0.10802894911848844,0.1288569670615173,0.11928853681066966,0.1094989521472593,0.0784963443314166,0.10472113026946989
0.07738326324073745,0.07600934382041911,0.10472716173924727,0.10951836900820348,0.1415585318428445,0.1225794235137867,0.09957909176311042,0.09805809711162884,0.1705867179600222
0.08227210646080003,0.08282322499680872,0.10784512166691691,0.11273245385485514,0.14102020312169858,0.12325489594153027,0.09834745297106644,0.09739277527251443,0.15431176571380942
0.07312722713971495,0.062421649646088005,0.08776426944701493,0.11142240901978495,0.1263782998903535,0.12666794268407902,0.11564566811328847,0.13728746766063268,0.15928506639904347
