0.142760578483208,0.1091659832590245,0.17367604828764038,0.1117471426188373,0.11441328979509365,0.09118949747573941,0.01454950541880242,0.1465849016169793,0.09591305304467497
0.09404835284188474,0.05066778291169564,0.05677631231870799,0.17631682511509802,0.1519463397851062,0.2433495377282,0.03237221267865422,0.02583414658199788,0.16868849003865538
0.11483070714446092,0.11877209137938644,0.11336693758663001,0.07536612761954505,0.10503193353731781,0.041148217531227334,0.27364631197234773,0.07271040373327038,0.08512726949581428
0.10190382626729487,0.10100612937077492,0.08114574278430996,0.10736908027805907,0.10694369242806946,0.11154218978926674,0.2033456436936111,0.10664695889600428,0.08009673649260961
0.1308262374193234,0.12440478751006273,0.150292115925869,0.11819143552069288,0.10902769067239976,0.08692043514345389,0.03807919433293957,0.15137933357260916,0.09087876990264958
0.10211406712843667,0.07162122193649878,0.0712399015987583,0.15100786941628555,0.15070463713975346,0.1784744576635995,0.0607380610419762,0.029813464305641038,0.18428631976905052
0.10976829367127834,0.1051899578423197,0.12471561714744474,0.12170825975365107,0.11147990978028954,0.12112019388125213,0.018842207379107214,0.20251355613125166,0.0846620044134056
0.1155921022582056,0.1095538099334864,0.12833033460201101,0.13246682254195993,0.10034749153950949,0.1387088488773813,0.041288680446202077,0.15059555664160387,0.08311635315964022
0.09057933354107073,0.08148361616059834,0.07533951721352958,0.13063077740151838,0.12193931498184064,0.1683691391791248,0.13821506370961886,0.03504953304774291,0.15839370476495584
0.13283591305256284,0.11538011151449691,0.15895174348262253,0.11991746437959021,0.1101048242197737,0.09269507764878693,0.023149028335529443,0.15490245596455213,0.09206338140208525
0.13903285218906325,0.09826985520598114,0.14144795300243132,0.13287349051009625,0.13050966724172694,0.1306711146359256,0.026048336027106253,0.07275462643590896,0.12839210475176033
0.12062637009050266,0.1206953897902761,0.12570919232604424,0.12192966323759145,0.10330332109543382,0.10864240504669238,0.07552362296384851,0.1388282867019618,0.08474174874764918
0.14901710255665632,0.12764492280531034,0.17343747889072336,0.10908562408148836,0.11717172171801922,0.07231924613655756,0.02966296493553466,0.10928290656754945,0.1123780323081608
0.12920834679926044,0.1264423438941849,0.14401110874748513,0.11851367779490103,0.10765585843507593,0.08873377139882288,0.05075176078985935,0.1444772722927163,0.09020585984769397
0.11287277984727058,0.10735473630168564,0.11145071659865669,0.1310009276506908,0.09718815867565837,0.13856128036105284,0.12215864128711451,0.07689299871164439,0.10251976056622623
0.12179441785735867,0.12692468277638083,0.11848969049951401,0.0944412961777004,0.10535279023294179,0.05195302344139711,0.19783277124382373,0.09783816297558907,0.08537316479529433
0.1245172577873156,0.11187050041775533,0.14746434579079248,0.12388820703652709,0.10742551640429225,0.1068977741369191,0.023973571123680693,0.16716007786720458,0.08680274943551282
0.1072224170372828,0.1040665789134577,0.09563186967364033,0.10835645881665033,0.09190393556231798,0.09849054407198399,0.22543403786566815,0.08836262874562606,0.08053152931337265
0.13763054381492756,0.15012009742085208,0.1483598763025069,0.0865471677631146,0.11769354304724837,0.052075011843155335,0.09947669948773723,0.11760667797263653,0.09049038234782143
0.13953681578985536,0.1378501075695877,0.1460556179367371,0.09793689178992844,0.12062726685557938,0.07008571598397595,0.08344063869287664,0.06185808831555037,0.14260885706590898
0.08984332799460859,0.09273844577076583,0.09486485402060545,0.14076676622657208,0.09980950391181255,0.1940034492497896,0.027779159431388038,0.1802088442138138,0.07998564918064405
0.12579780175740382,0.12211650337997453,0.14304527563304428,0.11786763295114992,0.11017289644175764,0.09124177242920826,0.0356543717998763,0.16688556540119207,0.08721818020639317
0.14512272181560862,0.15534094780428784,0.16403697331341674,0.08356301393046628,0.11335703409297497,0.04587979937240592,0.09368242544862897,0.08787354275948371,0.11114354146272698
0.09431826395484837,0.09900575317300457,0.09067113049313151,0.0904024165396229,0.09869535984897998,0.07533723180518952,0.27874148476561855,0.039918420265416775,0.13290993915418778
0.14211808628276407,0.13780254656889288,0.1587114776522833,0.11003265868118904,0.112518768079785,0.06429667389614863,0.0630173481641101,0.09848240703576377,0.11302003363906328
0.09824799032206659,0.10710100603514137,0.08307868496833783,0.11959008038071435,0.12512099741839475,0.1486392757097363,0.07720367857174475,0.143866209489886,0.09715207710397804
0.13616497548909856,0.12054212015765635,0.1590929108906796,0.12085128150298903,0.11031734437060009,0.0899517924932466,0.031253103141345044,0.13363801221647142,0.0981884597379132
0.1475958361835795,0.12470893989069765,0.1663121748986634,0.11436255947947412,0.11943569505264391,0.0791537731799486,0.03350845565790513,0.09557565474104192,0.11934691091604581
0.10790661121498014,0.11209555207485754,0.10331453175007388,0.12360477473524306,0.10877831520707278,0.13287610875937347,0.07446503369938805,0.15400347363876382,0.0829555989202472
0.11371244622642612,0.1099088904457236,0.1221798014555031,0.1324135823007216,0.0992759978255866,0.14157575992191765,0.05177515474265507,0.1473508755090556,0.08180749157241073
0.12041595205211149,0.12026289885598566,0.1370078127130427,0.1052633577566195,0.11906823463595057,0.09664517938036839,0.023595670076817083,0.18980092800812678,0.08793996652097784
0.12842368128432158,0.13936686480663943,0.1360955764180847,0.09465847681137622,0.12451976553675004,0.08338491163009866,0.05480033578340009,0.15034469243708545,0.08840569529224386
0.1439299134460403,0.1154062818308443,0.15075608251898573,0.12144782598608928,0.1272623744545181,0.09744419129654075,0.03641956332603755,0.07389597002775007,0.1334377971131939
0.14662089108358878,0.11555401883823631,0.15757060762595543,0.11962492924759616,0.1257037758615126,0.09461442903207941,0.031169724448169362,0.08116794612062257,0.1279736777422394
0.07802040656057456,0.08243723493680401,0.0735185234889236,0.13485635991674258,0.10702370120950104,0.21997317875205014,0.01618158097288665,0.19016776895003495,0.09782124521248244
0.11346142298893613,0.11164390195236758,0.11044119247798634,0.124570125829037,0.09610090179570001,0.1263811510200387,0.11732733458243212,0.11847608518142543,0.0815978841720766
0.14289134564163566,0.13291564694353608,0.17158608268570585,0.10309624216978763,0.1137391364799869,0.0644821440390727,0.029363977738602293,0.14509901817217177,0.096826406129501
0.08033055501032949,0.06073304424213793,0.08394798577595924,0.2082325319338327,0.09346771636244383,0.2555697024085805,0.01756735107519018,0.11111692434786646,0.08903418884365971
0.09325444318270353,0.09064356524065569,0.083886063531892,0.12284883549794413,0.10403429585006635,0.14467025202497966,0.1845624755734204,0.042702224259096554,0.13339784483924175
0.1360432018220539,0.1306062063043629,0.15956597613980508,0.10863656783561844,0.11283409752425981,0.06995606293727878,0.03359690842648474,0.15664114031669998,0.09211983869343636
0.08440506593783026,0.08207927257482749,0.0559951104621616,0.1011084183156048,0.1205307582079862,0.14189236808394787,0.23876047142200216,0.08028177945403528,0.09494675554160438
0.13400543040863647,0.12987556132329545,0.15476526703207497,0.11172911893193503,0.11174755990106004,0.07368828049943266,0.03795159704945836,0.15472149794985815,0.09151568690424894
0.08804540019544264,0.0792906058876306,0.10469742844406305,0.1592956304342831,0.08940556914645308,0.2246264097362205,0.013260795870944411,0.16714153393338624,0.07423662635157645
0.14416886881742086,0.14268029006325164,0.16318551167374834,0.1042540994236889,0.11265182934607672,0.056734667383071945,0.06182713922861083,0.10472629846003928,0.10977129560409143
0.1401163011684048,0.12259735663418841,0.15952758500480094,0.12121711578681348,0.113245169719236,0.08816802531012224,0.03694656548927884,0.10941968467595294,0.10876219621120241
0.11998356467108312,0.11432546810303489,0.13272931092561804,0.1289972137488638,0.1019680153489123,0.1250103556257007,0.04623111503662952,0.14508217075653895,0.0856727857836186
