0.04192674515355435,0.6726655711630842,0.043277230656551764,0.01440626789306132,0.04127336269349608,0.07776846308801803,0.02764711998817619,0.04997712293251879,0.031058116431539343
0.19718265960076234,0.033047624468100764,0.038183311400809224,0.057179551424736956,0.1271380426121699,0.17915271619448037,0.02450453591585784,0.27949657273370715,0.06411498564937551
0.1012175967849211,0.08352074233115647,0.1587540151994908,0.24212934365107427,0.04722367469547049,0.13939336082821466,0.10412992150003782,0.047054857019381134,0.07657648799025325
0.1640276670785417,0.06374625819123932,0.14574508189318452,0.298305462539096,0.047797823056566345,0.0982774925444379,0.07288649448003898,0.040838393063902016,0.06837532715299323
0.04675886729184362,0.04365443607261374,0.04955421984701608,0.09202165938385261,0.06619365802365632,0.04441235170888249,0.08462256823944474,0.04926679765969472,0.5235154417729957
0.08559220831094007,0.02875800610078219,0.0433449782255306,0.31341516969766037,0.09601718306483953,0.07092080813142028,0.03280589783540725,0.16386395811673765,0.16528179051668213
0.09123484125146293,0.07595942426518994,0.2969808349840832,0.050472503740027604,0.11192138943683928,0.09261034118232526,0.16661772758083224,0.03550775092138835,0.07869518663785126
0.13920521716378878,0.14832688398356197,0.07469948614749763,0.06820655948795115,0.05295438797697332,0.14285688074890834,0.17783153370201574,0.0701538649021761,0.125765185887127
0.1068875242719507,0.04910051230780819,0.03339951096782363,0.09392871264578558,0.04615143684689466,0.4150093217137624,0.10121311245415093,0.06559810079398425,0.08871176799783964
0.35610642608017334,0.05017293066451058,0.04453868144943454,0.16610158231884548,0.11440367250291211,0.10077703454985017,0.03760103425358349,0.05959630306261985,0.07070233511807045
0.11017441507114956,0.041127176883515894,0.044402957993590675,0.19713108661053189,0.09115321610060732,0.08144107387587758,0.07715238360664552,0.18868856285828461,0.16872912699979695
0.1661498672579332,0.025952328295422638,0.1769727200757353,0.1415486701248558,0.053896940138435746,0.034945617168457434,0.16488988265361726,0.21368761061489985,0.02195636367064277
0.20211786326779094,0.016282049011017218,0.4632120444364323,0.02463641115807182,0.12393802078062277,0.04018964107589453,0.10196273979544546,0.016012006508057102,0.01164922396666789
0.11968116483558737,0.09790442394745025,0.12083161037910056,0.09037800322765599,0.06281842587321458,0.15640887857417615,0.08855201318586636,0.05950835496685387,0.20391712501009493
0.0532216484330934,0.043464872331175915,0.1290753769912131,0.030033282361405584,0.5146165571278699,0.058198915981000694,0.1084844977480134,0.017448852530856936,0.04545599649537104
0.1129908883073472,0.08974710477603477,0.05621545183367871,0.2191323988227987,0.06026176305761249,0.21668689698627872,0.13788532432276465,0.07961369923621202,0.027466472657272745
0.06346068853640603,0.044249550173763065,0.08420719325822225,0.07273230812456011,0.06261882364110573,0.10485984348987502,0.09012178813265621,0.4236077930084204,0.05414201163499113
0.2579061884252199,0.044654367191464296,0.059700897435225775,0.04004153174837625,0.1796728601493428,0.03602212588318121,0.056150362001499976,0.12466650985289963,0.20118515731279
0.1904702962146756,0.1888952209844342,0.05048322289137433,0.04312605971364269,0.17484663622601748,0.033185430659375646,0.24570124778847355,0.046590924619638596,0.02670096090236787
0.03963444840177155,0.024631896517347863,0.0744948156073329,0.08473513470577661,0.03876988042063598,0.10004889920713884,0.030872276306162554,0.5736538884308912,0.03315876040294242
0.23949267102355898,0.30974473501564054,0.051469243044598635,0.09951569832407518,0.0924434255943935,0.09306239992246723,0.048963510493205194,0.042432037705954474,0.022876278876106323
0.04173682693845524,0.0653563437306624,0.33807009863640514,0.051005216882211574,0.07197514423720319,0.28650939589314267,0.020406233283867353,0.05973144581969217,0.06520929457836021
0.41205464919827123,0.03614530381038217,0.01727907172519218,0.11358651645799317,0.05382457306926772,0.07663208377765761,0.026798791318227117,0.19979660019270848,0.06388241045030037
0.1750837403758784,0.05953235709393833,0.12870579208051555,0.10853017624418733,0.05024853356305405,0.12238389615045786,0.08016202958907315,0.05832087147853596,0.21703260342435934
0.029169442023246794,0.05850393814671997,0.05242749277322764,0.04404458772262648,0.2033414251726415,0.17517027037309107,0.1293580735350981,0.17167770430938759,0.13630706594396075
0.283736286451912,0.07016415477096077,0.03730226754907558,0.10062631342708077,0.08631789911507226,0.18870969463092646,0.07581633713071674,0.07623841987420445,0.08108862705005104
0.048915927306994345,0.04271077085309619,0.055636060637452765,0.04966036253918348,0.031207244674738437,0.06970819609037353,0.05841914534018394,0.016853795986818434,0.6268884965711589
0.10261184483841919,0.045898524112656845,0.08994476565908528,0.1500077197102789,0.06522639316380936,0.07863767978201112,0.10136251927921396,0.2570384661342631,0.10927208732026232
0.04519578095459306,0.054924346392490296,0.040132521421835265,0.15793768537415662,0.17200725491984456,0.31706847963331203,0.1183429535252324,0.032760492961609385,0.061630484816926345
0.0711019931264123,0.0502004146620984,0.3022326151188351,0.0344207184580138,0.12671981134220786,0.02916095296222811,0.03418025994393008,0.18750413001523758,0.1644791043710366
0.05372461438554486,0.6719058680740209,0.026830780427353818,0.0283628902707667,0.03616565096640023,0.08976331755518774,0.05409631868352688,0.025479951779741484,0.013670607857457407
0.5102414536854247,0.034052506579276165,0.03791734659435085,0.05604868723098832,0.05970649333384922,0.10053611480273807,0.05107605290981556,0.058101049737754006,0.0923202951258031
0.12518400654823558,0.05830870220750393,0.032411055871974154,0.12348790997413735,0.11579893924208294,0.10710193093326108,0.09262195068778954,0.10554561569387692,0.2395398888411385
0.39992381380729497,0.05435858188881856,0.08489929084286019,0.10298491811944355,0.05476073201730072,0.08019935788527256,0.16351604916335083,0.034099647044906284,0.02525760923075236
0.1044355446251437,0.048699679485697256,0.059089104548164385,0.14329385683529883,0.13364598565307437,0.06602839939952841,0.22225767387214942,0.21853662145794753,0.004013134122996086
0.07824504516618516,0.04568291556547696,0.10882749715816985,0.2208740958313673,0.06146342183204608,0.12452667506156274,0.09327531121242623,0.20236086973242287,0.06474416844034281
0.008381784909345248,0.0389196384299998,0.05298808635357449,0.09148111706465965,0.09011283973099626,0.05734133196269201,0.08409573132588627,0.49121682319702914,0.08546264702581718
0.2656582423209415,0.049610221645680436,0.08862092009394491,0.07542223464420893,0.057792402816319983,0.08671653822222823,0.05484792443115619,0.08946654660170077,0.23186496922381913
0.24094728863637935,0.059729798974860214,0.055112771810098736,0.03889338553499183,0.06288319824814281,0.10285520607141263,0.06730671844413923,0.3509139622652826,0.02135767001469266
0.4589232908629433,0.04599243989124662,0.0648670853755004,0.06617212381589037,0.03637381787073836,0.17098198043357224,0.03267879398472573,0.10419337341307089,0.019817094352312017
0.24264016611395542,0.060371389909178175,0.06384333269651878,0.12940658198551355,0.046644481746410206,0.16756616281836578,0.045931698188121206,0.228642013459585,0.014954173082351885
0.24696554929207915,0.08247746326332346,0.13865418386590342,0.08335313376720192,0.11063386682208053,0.11218579165818603,0.1165187007285533,0.04807879144697622,0.06113251915569603
0.049751532327403404,0.025162451592363393,0.020550671471651644,0.20650049110619395,0.05040878207895036,0.06959066700526212,0.0511130772275608,0.5230133014621143,0.003909025728500035
0.013937816527281372,0.038311168419375784,0.5010857605089445,0.014682171878876831,0.18253545915838243,0.06773938627075989,0.14047609611701972,0.03366525801370232,0.007566883105657216
0.04808384124662374,0.04204979589221582,0.02750491898047236,0.12294447982637846,0.04527248473644025,0.4570100247812969,0.13689337395677156,0.019391755800987138,0.10084932477881382
0.07840369556940723,0.5460643157966613,0.03907308209482166,0.03654697160159668,0.04326154538109247,0.16087592260821648,0.04783116617183977,0.02996934956939376,0.017973951206970703
0.2302157866431175,0.019542970460600016,0.05189643052884709,0.030238258992604097,0.027878953185810195,0.058690977631379516,0.06540809620523512,0.5108501094312553,0.005278416921151064
0.14497576193018819,0.5341866419418347,0.07390368322800374,0.015721202639828902,0.022095882419279244,0.04128039957147618,0.14158285947995572,0.019878341006085473,0.006375227783347842
0.2296584861281398,0.017899408084908152,0.060744515612039425,0.05267674464366066,0.1295400620321472,0.018628290942946196,0.012468647991387518,0.4016428279316662,0.0767410166331048
0.045601507190927426,0.058508202738756676,0.0899535593944281,0.07800923102804437,0.07860104532201033,0.1432218024865561,0.08118170355287291,0.0727962358277892,0.35212671245861493
0.28596245696026024,0.019344849533846784,0.11884723883207078,0.019607761560624146,0.025561423509740108,0.054436625841833924,0.03207353295690738,0.3993322627072328,0.04483384809748379
0.020152162226021997,0.03185958437160675,0.31943040466824,0.013776695940924307,0.3488641807216852,0.07019924367061468,0.14081075593494952,0.014985252270191984,0.03992172019576567
0.2614620158452789,0.033688348592355685,0.25652823578267236,0.1742692921279089,0.02679774246058131,0.09342943399479255,0.04994189688583451,0.07625973986610327,0.02762329444447247
0.38867550339740947,0.032869731897913194,0.1354019536896058,0.030366738306473882,0.08231848454420679,0.05038804080143702,0.08812859719767853,0.1363462026557205,0.055504747509554725
0.16006816548542116,0.06547119145873224,0.14368522134186287,0.0684786801361066,0.07207473485330897,0.13453624287618368,0.12800454080815102,0.11906599430999991,0.10861522873023359
0.28981054182315785,0.04016552416304189,0.01993215136499682,0.28820564187404873,0.04836398629848398,0.1311196045278036,0.0338828049291438,0.11885952792880185,0.029660217090521496
0.12911115529684444,0.0676461752819884,0.0312655852576463,0.20112949364547802,0.2631486533424043,0.08127094976358586,0.07916581311245542,0.10972310524753733,0.03753906905206004
0.1848129088905762,0.06704586703998881,0.13762945590031136,0.046607817540823104,0.11758290935789732,0.10320496681939671,0.1784239704418794,0.06875337106065849,0.09593873294846866
0.23676773729354253,0.03675095989441076,0.216383360917622,0.049377844812157595,0.018214670042638048,0.08321122794844822,0.262171368336847,0.08422084780913675,0.01290198294519711
0.205971138099453,0.060917698954994846,0.06129233650356201,0.18606460483564194,0.12240229529782355,0.10663626719569537,0.057005865500167695,0.10695772926219367,0.09275206435046786
0.28860800451367435,0.01782140393756029,0.1698108933675423,0.01473696354920046,0.14524438749376378,0.02173828859518411,0.014520781522005671,0.2519528223893726,0.07556645463169648
0.06299989309398722,0.5648736401067326,0.05743806675929338,0.04883272565905111,0.050594891104885714,0.0949072362841899,0.05124542327030362,0.017795026921785757,0.05131309679977067
0.06047139817143946,0.5901249538568049,0.02969324576844089,0.02711866717932969,0.05570163618766407,0.1496468912977866,0.04954168404477138,0.025270704655033185,0.012430818838729854
0.2220327894580871,0.06948784371120163,0.12695214174976652,0.1119987329108973,0.06017767361435955,0.133544062416839,0.12800947223747725,0.056070499995270896,0.09172678390610074
0.16217971219909186,0.03163210992408275,0.2494284968012359,0.02646999887014595,0.04895149670371213,0.028309104485283756,0.041435171925987724,0.3950961508016768,0.016497758288783138
0.017201124702808483,0.024514358570279865,0.4403298217145955,0.18820892350579163,0.08210376006276843,0.09358528249085878,0.10348787404123856,0.010873234301544127,0.03969562061011452
0.121306568738699,0.07304752714651529,0.10366720313322436,0.1863710127319369,0.04890969040501259,0.14791003904948888,0.13158130087208111,0.0930841869286142,0.09412247099442762
0.09791360817562507,0.056534462490041716,0.08079292716010811,0.13961573904655317,0.16677135920792818,0.13309108529378522,0.24257274106770596,0.06783789559001245,0.014870181968240073
0.059600423584669236,0.07421840694742725,0.06340259376152584,0.07446900906613092,0.27471529857191174,0.13687720208501386,0.07587127031269492,0.10139460178504621,0.13945119388558005
0.1711737793605368,0.061537423679456,0.06159854485082519,0.06685798928292148,0.04560672095815079,0.14251883705500956,0.0461906574250649,0.3511638214390797,0.05335222594895559
0.2774329400740089,0.03224853103189587,0.09895193451949598,0.2785397231272931,0.12754680364348608,0.023332912770486252,0.10622402073685523,0.029612614464070697,0.026110519632407875
0.18085133423804498,0.018671400781007066,0.11455402510395862,0.03454980879432199,0.08751286949308767,0.021648058123807757,0.4006739979190392,0.1370429769059048,0.004495528640827962
0.3677719288022683,0.06101160802547895,0.0825697856288523,0.1407568471735526,0.105894524066528,0.04690573965180419,0.13811829421539146,0.026906072649375574,0.03006519978674874
0.009974270829964091,0.025489142118904115,0.0802802520221583,0.08243586091452679,0.5103648134536424,0.054743059105604334,0.19961590412928198,0.019417379344010964,0.017679318081907043
0.2728168441313132,0.04541633446907032,0.2050831056087593,0.02632005628486637,0.05228697952860777,0.0783098003159529,0.08523444429948783,0.16081981710243431,0.07371261825950803
0.1719254772335853,0.05882174877104703,0.14253104081370216,0.05856937766845799,0.0720044858657049,0.10954917445550039,0.0788202824298093,0.09342888903272521,0.2143495237294677
0.04939544628433477,0.10333750362174086,0.08628437888960942,0.1560486449053278,0.13515923248318373,0.14122543533737822,0.17686194478836612,0.04527069491395617,0.10641671877610286
0.0903620441085758,0.05325829309653099,0.07437045304876866,0.14438522106908516,0.08141518250127112,0.13938892337478764,0.07512121816282753,0.05007225087383766,0.2916264137643155
0.03142845316359563,0.03613939736167326,0.08542598206553138,0.05333712851143698,0.05786299830348771,0.07879177288426283,0.038181634658245624,0.5980100581012124,0.020822574950553962
0.2162459073391931,0.07965150087780805,0.04897780034911753,0.14826994921698325,0.12791222510436603,0.151657454356257,0.11647695888535357,0.09652629804354344,0.01428190582737795
0.06384968705223283,0.05714710290671544,0.07012466649581668,0.05984830805472507,0.05244800394288496,0.25472063104636206,0.14300166918459828,0.1431042483688371,0.15575568294782768
0.08555946661069024,0.12299416865998165,0.08692988489585059,0.11543479515481243,0.11294775394499319,0.10933322951716062,0.0827545101135325,0.12188179908289244,0.16216439202008626
0.3335193007136595,0.06577339589564912,0.07353683426352754,0.06079152384006026,0.05179640378251537,0.09889747722487108,0.1193823399618152,0.054924856927956095,0.14137786738994576
0.09285167020769493,0.07227718418426637,0.11815376176771404,0.116098732522381,0.07584001075675034,0.14622149865671066,0.12499553378438953,0.04449241726116926,0.2090691908589238
0.01838708982189377,0.07272882464566092,0.16488546222016123,0.349718465438769,0.22434043560529374,0.0649310485721787,0.06608844898774204,0.0134672818919726,0.025452942816328084
0.20109046825358734,0.021181638950008436,0.03638746352377096,0.18867016043924045,0.0457299967079409,0.08600221018749266,0.02415504095993339,0.38598560560726397,0.01079741537076181
0.45089230407728703,0.033135415924060364,0.10616494006224315,0.05361358652353528,0.12019036854206293,0.027207521451538864,0.04211942517379996,0.07627862022384528,0.0903978180216272
0.09015252931372046,0.036321945778769855,0.2644489737227815,0.01384857414688589,0.1381489875455578,0.12878333103273246,0.28214791277714085,0.018444398637670674,0.027703347044740628
0.45736654717485176,0.03015504410234164,0.16381158248602704,0.11795689074135036,0.047655776614053874,0.04555816839378236,0.03510856735286268,0.044294080743385915,0.05809334239134444
0.18895831012684475,0.0421199733100312,0.05998392125499341,0.12944107458940182,0.06406673253660197,0.10628327301897937,0.07744777886834595,0.16750047911974342,0.16419845717505813
0.08591580799787747,0.05086979284566217,0.04881083362671746,0.2290080239947828,0.044877774615691784,0.13250360508604594,0.09084526368506651,0.27892166166783283,0.038247236480323014
0.09391273343643736,0.05546402973570106,0.11345226969136768,0.30611710752022087,0.055941164480257426,0.0671310758422597,0.06497362324012491,0.20052647447980199,0.04248152157382912
0.048113564169731754,0.03410537597769649,0.058206060160781926,0.07929482974458502,0.08686283736930456,0.13621091964518725,0.06731659764347664,0.4674879359972343,0.022401879292002175
0.049624749478178465,0.08308156410147757,0.2285450888316204,0.09447791697846336,0.08629512766772096,0.11763688503408422,0.06398984384096047,0.17515589936863696,0.1011929246988576
0.15293133825995103,0.046032915487676844,0.2801616286117163,0.09842127508966188,0.1132090787739342,0.07010722624953065,0.14257113341892177,0.053793707758399416,0.04277169635020787
0.26135440311142993,0.03054263152200433,0.06689888053877255,0.056797587734718845,0.13942823102610077,0.05117997626096734,0.12903814774460923,0.2485945104167441,0.0161656316446528
0.06343739414055713,0.04178019014080258,0.0508382333802149,0.03269838245086983,0.08866807514395562,0.1473514925654048,0.1201042965301899,0.09251260059005757,0.36260933505794757
0.13011377553853337,0.048894440089076154,0.11064595166651818,0.06908435785713717,0.21150441144753954,0.061271608235958175,0.27994898074888447,0.059699660766828845,0.028836813649524135
0.20772142935276625,0.0768289068916942,0.14982977556762994,0.06196079271783007,0.04638889951508087,0.14856518082277106,0.1341552574572296,0.0369579029169417,0.13759185475805635
0.046903392887276,0.05282839427545149,0.04589248523668169,0.059670415633893116,0.050506602756369055,0.10885584876654636,0.064666915153369,0.024593896488154424,0.5460820488022589
0.37685403979229354,0.016129488782060736,0.17526122227433594,0.005677677618789529,0.04690737650069434,0.024568251370321686,0.11833141715974965,0.22977363543692478,0.006496891064829729
0.0976187218870707,0.027648218749353543,0.20095984614725304,0.041435914245741785,0.06631698202079059,0.046054718419244946,0.4112217075627269,0.10147012226681336,0.007273768701005195
0.0804587017614196,0.27978406660410743,0.14320959832187327,0.06546999611691574,0.18599560391665274,0.06977618541760275,0.11205480319139664,0.015152735905351626,0.04809830876468019
0.07735924176120562,0.5558283444226928,0.09979424424697118,0.04299181700660987,0.0542323445074084,0.061590621628916854,0.022677030980181073,0.06338558248183666,0.022140772964177522
0.3764231558991488,0.028723246929306275,0.021374818206957566,0.20232371807122998,0.09750747392515198,0.06069876098513541,0.02351167550790947,0.18750726642418358,0.0019298840509769735
0.2377481906338157,0.06535158730580436,0.11424210857124535,0.17950965570224198,0.0878597500857093,0.07893723769800236,0.07181575780721232,0.03292359194431497,0.13161212025165367
0.01901385143080829,0.03611034726876388,0.012476687196935662,0.10326181617631934,0.014200365424667854,0.5841691767095779,0.1470205921840356,0.017208017708210777,0.0665391459006806
0.10028270480226686,0.022709726701302498,0.2780251990818397,0.03444122165283059,0.02419413155333974,0.052215436024937646,0.07885830806321925,0.2576759245957018,0.15159734752456186
0.395443574454174,0.03483228560620779,0.08657333079038831,0.059399316059165486,0.06362337841476613,0.050486016170532895,0.13312278622143406,0.09790918066830893,0.07861013161502245
0.2513335088407422,0.03381198948090643,0.06355588071256546,0.4138923208173566,0.08402990315733123,0.07142144762666701,0.016625192782194792,0.041429182134742316,0.023900574447493952
0.4299063348862797,0.05888828652022493,0.05656624089747167,0.04006877504531163,0.19488990612060822,0.02777401176644073,0.023056586313032503,0.02571405539863395,0.1431358030519967
0.034032316271144704,0.034613602647067206,0.22792965727901562,0.2971270154131203,0.10484397802447458,0.06488114975110025,0.16043861000980494,0.04371430444198952,0.032419366162282824
0.03270384846313353,0.018294963265068475,0.10434284221742311,0.09205199616968353,0.03125547454258617,0.05005657634076042,0.04069184885635584,0.5545175285252585,0.0760849216197304
0.19388184452428445,0.10142601939620788,0.17854713423650534,0.047977422211782084,0.06654518758096832,0.2571017656170937,0.03431907237036982,0.04916007800355582,0.07104147605923251
0.18728651736412505,0.06425268785754273,0.027390568106117646,0.07284650636213567,0.17405077717591008,0.23836554656285744,0.08586366861344248,0.10056725583384359,0.049376472124025295
0.06649165999348372,0.06249973650271388,0.08474832813084564,0.1297427171345418,0.06379279468194221,0.266056961138977,0.12174502330282376,0.02843794714982012,0.17648483196485196
0.29710948550992344,0.11853692752744566,0.14704027259536098,0.06824999349967592,0.047136153674654686,0.026640510924058062,0.1569186311037352,0.02833544488063604,0.11003258028451013
0.2907990097279349,0.03610325982625772,0.05499579774780921,0.19909176880514864,0.08593230467274278,0.07607986654964237,0.028675400910921144,0.15619515183833177,0.0721274399212115
0.1286014957616769,0.07693818376661278,0.08841914158901198,0.05158900830350127,0.10425544262279107,0.12817006481261103,0.07359742821246554,0.044865646003970604,0.30356358892735885
0.07532392856160751,0.03264409375856731,0.04727617396556919,0.11041338865279669,0.07157832563123336,0.03245113029379477,0.07242534564863566,0.4889518800959967,0.06893573339179875
0.45252553156012665,0.026691494453667863,0.13661149437704437,0.09841012968249806,0.06297635000307526,0.05704192602346281,0.13678020614368006,0.018539501888983626,0.010423365867461424
0.32471825488857164,0.051179472213232026,0.14465981875517725,0.04668114190532272,0.07060298425005036,0.09225734998466666,0.06149924514506285,0.09704589578837963,0.11135583706953688
0.032194581875493594,0.04891961466322431,0.02964732069945375,0.031918780103243935,0.33639259653031145,0.015483751752779126,0.022388388722169025,0.47696016112051637,0.006094804532808348
0.2455002495984007,0.07572764416789524,0.0962520043850603,0.15088080086074615,0.08291385277824616,0.07694818382582368,0.08497429407680208,0.11141806885178078,0.07538490145524492
0.3741275297591871,0.04538149404263018,0.016231325893824162,0.044897762941875474,0.09672012163705014,0.01576251288321905,0.3124540631752695,0.06733689720123137,0.027088292465712826
0.3401419213406105,0.036949871509322794,0.16902704759696444,0.061831450509999254,0.05189501873210935,0.042289998809620165,0.0489875176265703,0.03494422275827904,0.21393295111652422
0.013886568283320572,0.024403896485913085,0.08253646551398407,0.042929299577801804,0.2267177971269341,0.08305421215452956,0.17266777216470372,0.13570695990205306,0.21809702879075998
0.07169459699194676,0.050622574826534296,0.048101762036176006,0.08170547605420485,0.04560680538923187,0.09928560823769013,0.033394167413243324,0.5402756772488865,0.029313331802086322
0.4552966028644096,0.024533732375650225,0.051885666384046576,0.011922495261053314,0.042224999142583715,0.1068131342337726,0.16821346730137945,0.13280832155570613,0.006301580881398479
0.26000597195420755,0.06557848580722049,0.0696003756843635,0.09795722004325035,0.1582271921839815,0.0343362731659718,0.12533965871373495,0.17755270346781674,0.011402118979453138
0.2094773855512749,0.037694401136290134,0.12442320977325239,0.016113682666338357,0.16036094899310135,0.0944056690323448,0.05254619387668897,0.22579213403397358,0.07918637493673551
0.09676875408230319,0.0849042052300687,0.06796841800038868,0.13407869375725961,0.13396380176020223,0.11116140117319419,0.05244324113022058,0.175002367708319,0.1437091171580438
0.0502719299316812,0.10243445461093524,0.03812965897265073,0.017457363875238264,0.11467466992142812,0.08875659598696917,0.4922951910835139,0.084906741649992,0.011073393967591267
0.2524077657342659,0.06429954243660647,0.04741107731784816,0.07852837798511038,0.08018249975952862,0.04594110094078499,0.07230487667050656,0.027702406862698554,0.3312223522926503
0.25650458698435413,0.05842684028365824,0.09672411499150495,0.1666016850031892,0.19628697023760622,0.05617825236407311,0.024447718035639887,0.048840583608839895,0.09598924849113426
0.11093121584924485,0.04928415015910459,0.06266461656522788,0.10680131229097539,0.14399267424305137,0.056058626617623876,0.05732829077921303,0.15262566792481697,0.260313445570742
0.17329065383683093,0.057153938604221265,0.0447409808899664,0.1494375353471348,0.05834524176638004,0.1360076398696003,0.05691526350915421,0.2199144378521841,0.10419430832452803
0.30180645923164096,0.02466915783638608,0.030507943459290848,0.23757588687527278,0.0641040502117244,0.032105433549377504,0.048362840619415336,0.24007349622755983,0.020794731989332266
0.4991214118909341,0.037713943972540354,0.03778611926628744,0.0866546628747513,0.04526547162751384,0.0602675428180278,0.13236034769326124,0.09937445165446225,0.0014560482022217163
0.38801420609834575,0.04289690926416817,0.1450600176508828,0.022045321414875026,0.040264044699208766,0.06494844598828321,0.025922396420671585,0.08066509978547005,0.19018355867809464
0.02214904111852049,0.05643853836755097,0.13370394124466758,0.050903716040162666,0.11654377579520704,0.08043466398576399,0.3304258456738805,0.1425126568819098,0.06688782089233687
0.0830392741172778,0.0637331180340358,0.1904372394807364,0.27480529788436603,0.10347742654322967,0.0856565911745043,0.12333271710300464,0.041122212184812885,0.034396123478032496
0.5131648774402158,0.04124454389570562,0.04085291894813533,0.026939094374595383,0.14340525547977137,0.05785612438978278,0.0862913198511888,0.0844570686060399,0.005788797014565055
0.06644031938381464,0.05233671231221837,0.03709616408261506,0.14518576657828164,0.05022081192313211,0.10225352679256423,0.07848034449601726,0.4452661453338245,0.02272020909753208
0.33266811041599964,0.027447903998936558,0.17165912564104616,0.03887217438537879,0.027676994633090143,0.06725486182864743,0.09495072578961979,0.05944778853825408,0.18002231476902741
0.08129846361687566,0.07987028383096123,0.015753628593582536,0.055289563423787734,0.05881093074961862,0.03751737711472226,0.32687031165150066,0.22112449260562958,0.12346494841332169
0.15494806279854037,0.046049451520536654,0.2326919587761295,0.051937458348982925,0.17168622857224972,0.06289802088129974,0.04525281130255282,0.06182642724429938,0.1727095805554089
0.12332429373475799,0.09337591284687861,0.1389529314672268,0.03911365228839537,0.08028505706196852,0.14196047512117124,0.3357979001003102,0.030948795071551072,0.01624098230774027
0.20509737116869783,0.04166490511307522,0.10021179920199012,0.0457946033592666,0.0558934532826276,0.0255393673691578,0.1163922813145123,0.31143643122330295,0.09796978796736953
0.21459313448527562,0.0675689130743798,0.19110504516790452,0.11282687268771134,0.03689643015683602,0.0999333545862046,0.17746778504551727,0.05059851649691887,0.049009948299251906
0.4754994485208937,0.024696640102632048,0.02698957378046758,0.1513675048093743,0.037745398736061565,0.09248690808165456,0.058929576723945803,0.1275206297240178,0.004764319520952627
0.0787979791215952,0.07194614801974017,0.09821413097178172,0.16010283896174515,0.1119861367221438,0.10725996279364196,0.10470394860267242,0.05751903242827739,0.20946982237840214
0.02638756669436824,0.07534571800000399,0.18757678026855099,0.13538000173606787,0.09034645225960804,0.17169489404722502,0.2207618380651212,0.06206697586991262,0.030439773059142028
0.024677447705201767,0.04331685497312821,0.46685781945933574,0.027893742702274182,0.16585643373727657,0.11993299610092056,0.11370630918775822,0.016118741076455844,0.021639655057648893
0.05602202471955623,0.03894663998436677,0.29472490158284503,0.03959988963818689,0.40597647522637753,0.0445762024817081,0.06412733105526784,0.009006436723203932,0.04702009858848758
0.21690290427773265,0.041535601887542135,0.1041652144214315,0.19240341289160098,0.02687787516514441,0.08582663503396164,0.06330104836705318,0.2382062067435796,0.03078110121195392
0.3699379912498953,0.03323681693806369,0.14028658252834322,0.055729384963695096,0.037732574355017,0.1339278786375988,0.03718213015770239,0.07199266317671323,0.11997397799297133
0.049333502048656004,0.01738371526994462,0.01619079813913771,0.22452766537786104,0.22794493237006783,0.03987654844029129,0.03142160564663011,0.3920822155741777,0.0012390171332336934
0.07006711228782535,0.018304516692372427,0.1338881103906717,0.05820933245947796,0.047565396574437445,0.038364867797612286,0.1882039695922039,0.1951249805437909,0.250271713661608
0.0866242943390681,0.03759263924643361,0.03099573377302001,0.07835455265008524,0.09161861127751735,0.487773488209777,0.0785425411183835,0.03406589091354484,0.0744322484721704
0.02188166859860961,0.057221862527709964,0.09089252895449701,0.12131317660427787,0.14228977197893,0.07235740414472677,0.3019205684690494,0.08696483637184733,0.10515818235035201
0.11924881838534378,0.039887879662123336,0.18199389552525122,0.022829027996110317,0.05750298656139439,0.061335713998665255,0.20286765171959953,0.2894608397354574,0.024873186416054734
0.21431111395769453,0.029157872424291447,0.11994279172164264,0.08319913970539912,0.0396553605893152,0.04165844893212035,0.12889942273083335,0.3190193948859754,0.02415645505272789
0.1665059463223171,0.050627869150983384,0.02398658123950718,0.11008232456684248,0.28664982382183246,0.01053185429405573,0.018093341249301714,0.11173893625967042,0.22178332309548957
