0.1936344421099725,0.14914625779909638,0.07175894832014286,0.09412432848532659,0.0410367032880821,0.06393521716370655,0.2173775008005868,0.09411416644878652,0.07487243558429964
0.07991144048493283,0.07865378307845551,0.166887461739483,0.09727211966746346,0.02924624389677662,0.16801275373847077,0.12996946220297845,0.10317042442632902,0.14687631076511032
0.11823589761916144,0.061318311078717526,0.12676669716847302,0.09770774052040154,0.16347769444003749,0.1020668319117718,0.11739855297935987,0.14690648412268406,0.06612179015939328
0.041945442772001434,0.23462916322195107,0.09069132050705413,0.1731616912748157,0.03514538160867654,0.10107365625423619,0.10492750654795331,0.15332949612814464,0.06509634168516688
0.039339742512122376,0.03014832544198742,0.26665660573013555,0.03501319108071375,0.030577067197245403,0.09678327601796077,0.22842597256053712,0.017556696189884664,0.2554991232694129
0.039000367438561535,0.1893368356215659,0.21788142124514653,0.07556150501988222,0.032493785162614225,0.1597755159493455,0.0989573101348696,0.10186069487128195,0.08513256455673257
0.0235351429277242,0.4723472663864327,0.06677022245531074,0.18489957977409643,0.019075244509590594,0.02618136581348522,0.1255726846324501,0.04357441445679038,0.03804407904411955
0.03999886353614753,0.0795721019930124,0.16650454568093107,0.07204500297650834,0.15140091966466654,0.10783657057403993,0.20132977604253646,0.08210160157525657,0.09921061795690117
0.07132786914000694,0.06032077430167577,0.22953750267037912,0.08199985124961275,0.026246269296959623,0.16255653313563798,0.21924682949876928,0.06472888700285416,0.08403548370410446
0.0652519760147523,0.09841366700582561,0.12442254083521744,0.07545619188845505,0.05306882239823346,0.13960648926633015,0.11339890870760187,0.08782374709264508,0.24255765679093902
0.05689960634988741,0.06427787906136606,0.15177351738686387,0.05512442765025873,0.06617533476130558,0.21412093201444637,0.06342909361201976,0.03760714891509361,0.29059206024875867
0.042787490938859106,0.057721366274097914,0.1301678595421872,0.06647012726423411,0.0696832863453853,0.1572538691849626,0.19173672054472482,0.11990401530785115,0.16427526459769776
0.03254695514189792,0.11564475519394123,0.08442722003196672,0.061430352418938024,0.1210902582444336,0.12071471782922279,0.21639993762693796,0.04953854198467181,0.19820726152798995
0.030498730031568416,0.3541872655616059,0.08910210601199085,0.25061430992598627,0.015521791506698928,0.046295785979893235,0.07882331729924132,0.07358530333254848,0.06137139035046655
0.03385366498046361,0.059292447643478026,0.20244511312789892,0.059258685056395706,0.08110150827533615,0.14783850895359718,0.06919537602311325,0.08536979184619947,0.2616449040935177
0.14891503809303674,0.5315725948029408,0.06378783315286345,0.04133240137459753,0.0349799979981853,0.02822090565527741,0.061666275297734434,0.06640665146517942,0.0231183021601849
0.047912289884242364,0.09499957534231791,0.12989976462212896,0.08226131451855327,0.03585243570418998,0.13540844131031202,0.16713852888419403,0.07443988750333563,0.23208776223072594
0.07721713157302253,0.11353718349115687,0.09302084246574997,0.24930822055283267,0.024771123480583458,0.09977437025770632,0.15146851764829106,0.11350286867532604,0.07739974185533112
0.06040755882898521,0.06955459165524663,0.11575756671515287,0.13775558927821127,0.23411405087560636,0.10066815080681357,0.05378709206781609,0.09463687451295073,0.13331852525921734
0.0981847657205321,0.1015335870795558,0.0973646338493606,0.0872884181297824,0.040835271671613466,0.09674964893626116,0.1086250146099836,0.1876720523326613,0.1817466076702495
0.032808678388287424,0.01977653306681008,0.10296553667129653,0.08445693924932927,0.01579237577988313,0.0882455554968098,0.03768869778428157,0.10889174039831799,0.5093739431649843
0.0773006122622857,0.062185747718834894,0.23096570406314507,0.07758603463183153,0.08029894820508117,0.1373058464467167,0.15559251788826498,0.06459372233063986,0.11417086645320014
0.05978766726824541,0.04184042048570948,0.12567372669374657,0.06922071862600856,0.03416285485235002,0.1886126408625152,0.2783517143312484,0.08092882329477792,0.12142143358539853
0.03854017228512916,0.06026610944549431,0.23274427357791172,0.08581364707460158,0.08206772219261453,0.07871921477538339,0.1214570654091246,0.2568401331353732,0.04355166210436764
0.06542276390145806,0.09121839377699059,0.1547278028232683,0.0723374471798164,0.06046993180666039,0.14679810745210128,0.08988428096035626,0.08330318944118298,0.23583808265816575
0.02598334209572618,0.2760443806131878,0.08062539325239755,0.17746477385993056,0.029761372574212814,0.008561594332753683,0.34157369309098157,0.03926659688014208,0.020718853300667747
0.3067084994284557,0.06725022713067626,0.09533147222423938,0.05377053572855986,0.23837627841543407,0.07919935546030717,0.06543370548405743,0.07417610372175279,0.01975382240651726
0.04992353631889171,0.04405076964612079,0.30109181961766923,0.05799539318025144,0.05168447470864177,0.10663199791304194,0.15008400703062616,0.22293293737607991,0.015605064208676972
0.04763641411784484,0.1666250759499424,0.1497704349683874,0.09807729740067699,0.03519892718923021,0.1869028197236581,0.0960808168287443,0.0714192739031735,0.14828893991834227
0.04336900632869258,0.0501551912578668,0.16773933861460286,0.049174516826514636,0.023852495753385054,0.16104962978056378,0.11105284332597677,0.03851023216325585,0.3550967459491417
0.04053949988154087,0.13627048726301993,0.08430795205066828,0.3597910962398321,0.08052974815964335,0.006473326563671416,0.18597756449588954,0.030946664548555308,0.07516366079717922
0.03587444303273124,0.07625044261289764,0.16810054550860745,0.06813656270899136,0.05591547127952536,0.1610504166736848,0.09290600644185347,0.057410511096118305,0.28435560064559046
0.05663503690789157,0.06552934355344636,0.19511872771343408,0.06860265193628734,0.06725396016740438,0.18690379518469022,0.11491437547298688,0.07422561951681667,0.17081648954704245
0.02636179881463634,0.07646381955318213,0.07711543616224609,0.4059272129033951,0.17519879939830196,0.005914555066998786,0.14420144152781586,0.028199051795029368,0.06061788477839438
0.33424815594224727,0.13529168074149917,0.04984771947065286,0.04535514296239365,0.03385163835195105,0.03628738769435508,0.1355706440073149,0.05252398643548704,0.177023644394099
0.03980966557163052,0.11169208620798954,0.17666975398375126,0.07665264242779252,0.05817128611317993,0.13286198106590516,0.15239425452733388,0.09965965671965349,0.15208867338276377
0.04953959288789256,0.14961611771260055,0.11401535146782134,0.09004601908244707,0.2401846102336931,0.07645053835576625,0.16093686441479052,0.08482575507692681,0.03438515076806176
0.033692321906286675,0.12667266029270882,0.1896133278862733,0.10283620268789202,0.0514333165974184,0.1620467638192237,0.11969627581556665,0.10540431760371215,0.1086048133909183
0.027668147070327647,0.3317623703851398,0.11069804108692465,0.2091730731231287,0.0081792019309281,0.10154114806973506,0.1154370278558609,0.06671613996729925,0.028824850510655965
0.10630612366641519,0.054223962264341084,0.08050485599719737,0.09859006237780255,0.06845777512194787,0.18226930131756922,0.21173956016324866,0.14741771220378455,0.05049064688769356
0.020300015270550184,0.037106733260754816,0.05772681858292717,0.14261692728132133,0.155636313876357,0.055249446686987315,0.41518095597924737,0.07170715314862507,0.04447563591322972
0.060356487105438054,0.03678428856232511,0.4032667540654306,0.05814261517138991,0.04319106842447761,0.09791299887849236,0.15620649979818957,0.0828073385539538,0.061331949440303006
0.025344186902785778,0.019320842721516882,0.07657001091074678,0.08504449730878684,0.012922966722502002,0.29024126942869216,0.21400874281222068,0.17177274323991956,0.10477473995282942
0.025746817226481127,0.26996133830203445,0.08958024401356061,0.11179596762730036,0.1453671692531464,0.11815289093094172,0.05565124864337353,0.10247064715385079,0.08127367684931107
0.023601764667767935,0.05692291706125794,0.10771284357186739,0.06404841170944409,0.03502358940655682,0.1328432219624823,0.0712935001717346,0.38186165669918043,0.12669209474970858
0.03324984009439011,0.06580481199454065,0.17933733135632365,0.0801145232859503,0.146396765005426,0.0893189612139982,0.1449093001256785,0.20441263776516916,0.05645582915852352
0.022636367004883664,0.08548545528912288,0.06337740484802483,0.0655334616483935,0.04854435317234423,0.08598947614237018,0.47803460401296216,0.08406773071908025,0.06633114716281825
0.01539443509085151,0.21536389385498947,0.15659082296635884,0.05693090438762296,0.04388221147024563,0.08219959833189018,0.11840697035582809,0.09650436807681395,0.21472679546539938
0.036288912998560165,0.04960484940204823,0.10468262892941475,0.15107368749322306,0.08835772594529971,0.1473762425362943,0.039704363535846755,0.08892150191110515,0.2939900872482078
0.09849122610521727,0.1387719089899418,0.1190253237038979,0.11808565228927066,0.079872504261899,0.10239345654102773,0.12677003115300253,0.12301104407935796,0.09357885287638516
0.02567201602861709,0.0650045016016537,0.06810165250481272,0.09785711394369341,0.21232948460933268,0.025818426927729704,0.37858928164697514,0.07941201826893378,0.04721550446825179
0.0290048525117625,0.02892334898066,0.2423835722406484,0.05076465749921478,0.031120186164600452,0.1110916641216682,0.09955708292861319,0.05808174915040241,0.3490728864024301
0.032095838015823365,0.324960858061209,0.10852708387725703,0.1298626174917944,0.030852062938001964,0.0939790579309658,0.09678936013004824,0.08042151317238537,0.10251160838251476
0.5025302760339504,0.11221543367817444,0.05654453887395802,0.04211617456656566,0.03659259552863946,0.06005875036145988,0.08458543941893527,0.07509517994220655,0.03026161159611024
0.028739112066548094,0.0466759762782299,0.1434822300278167,0.04028473936203095,0.049113761535587754,0.13672708684089097,0.3121996870369936,0.050309621192336784,0.19246778565956535
0.05066689429368018,0.1767512471802676,0.08673018568221823,0.07795488201669347,0.06596810875403147,0.1250559970952018,0.26872046484020856,0.07179625060263053,0.07635596953506825
0.5898464498066619,0.023596967940723024,0.09191469169693996,0.03629101851214561,0.06416844099269792,0.03537852448718231,0.027366292646775547,0.10304638773631303,0.028391226180560666
0.6134340642493686,0.028664803687561902,0.08290235512693894,0.039566990098780896,0.033342393755804556,0.03426448331757243,0.06921299798460188,0.08033377335362911,0.01827813842574162
0.036276962662817415,0.036872011534248794,0.10863587904058886,0.14818909737904098,0.045445853935741125,0.13104928323790715,0.078917082658624,0.2869938982926758,0.12761993125835588
0.053445033532585985,0.08310499169694989,0.15861591181063597,0.0816689713581042,0.029761365011659324,0.2056133558386812,0.1024021943696262,0.05454036077309272,0.23084781560866452
0.04067788519704258,0.06683279051534709,0.10751282983519478,0.06399427960789293,0.04214749724817026,0.20489343912952018,0.11524642355580088,0.1419704907206898,0.2167243641903415
0.04310302452865275,0.07543246738369745,0.08523172958475667,0.3492310763432646,0.08747102803752031,0.04763126929648951,0.10750740402747794,0.07894999406591267,0.12544200673222816
0.05622203897947237,0.05498001970927475,0.3362071681153765,0.0803789645184043,0.03412230361299676,0.20190722582612744,0.10565792253149216,0.07442127205776555,0.05610308464909022
0.02367070491069075,0.05695869359882214,0.19940237230311586,0.06027424430740378,0.0196922888981479,0.2950518665760436,0.07536254522378903,0.22684669485644485,0.042740589325542
0.06855890774985292,0.08959335959249913,0.14635620579977485,0.07624912572730728,0.04770599346634311,0.11029771673251249,0.10357136715047192,0.29523032382534403,0.06243699995589425
0.044330477473164605,0.10399411663575153,0.2636132423682304,0.08072106815518128,0.029636010212389152,0.12527167376494575,0.12703538907438108,0.09340718799996704,0.1319908343159891
0.034339427970837014,0.027307536563239726,0.11018879929097619,0.09195414575678822,0.5443375776306993,0.03670550507164217,0.026889693279924205,0.10437105203806868,0.023906262397824483
0.03715163511622623,0.09735320939733683,0.3471326627239841,0.0765160870252314,0.039688281980039285,0.12809446215738973,0.08620157796266754,0.06209780175644741,0.1257642818806775
0.024062852495799703,0.042869617937864424,0.0903679494627481,0.49200375852384265,0.09538215380064735,0.010970199828509884,0.09176968422949507,0.07152148539163257,0.08105229832946018
0.5316759793513696,0.15671139689658015,0.05459619215051026,0.035904812648572836,0.03615100740318911,0.04184672151078458,0.05327738856286024,0.06366013234134853,0.026176369134784733
0.023050479319272527,0.10113964541173608,0.12325225478606028,0.2173172239177238,0.050293206621482976,0.0745615106494198,0.06300796914997127,0.06898008148104985,0.27839762866328344
0.020544818255394958,0.011657887164242068,0.07560159946360469,0.06025649447303203,0.038747037890015094,0.2569219858718456,0.09177202808496908,0.4196385447983481,0.024859603998548405
0.03259160780483931,0.06633265047514451,0.1029085100909453,0.29232967325554043,0.1355684764093732,0.07595533697142264,0.0597711855338099,0.16611723048001623,0.06842532897890853
0.048564939371987775,0.05026017284681572,0.11908794937096186,0.05706471128065226,0.10209424511499464,0.21391454864760628,0.1891814641687697,0.05982431930049233,0.16000764989771948
0.043534213578471176,0.18393669913898533,0.11871122048083882,0.1036530431320003,0.04753891469063074,0.12622056026997644,0.20803882762416584,0.11040164271265651,0.05796487837227481
0.027585036616907557,0.03517482279789074,0.35688799486163053,0.05189470614470155,0.12579855115546873,0.22801297728963066,0.07715769654197278,0.06154068844222051,0.03594752614957696
0.022250042288096353,0.14688568871940907,0.08934867059086438,0.3059916125209831,0.21722789908030407,0.02093897706907613,0.10563767715824905,0.06362693281828254,0.028092499754735403
0.015837739770408175,0.04774996326822279,0.06655345113999069,0.23401988612469818,0.006738413387092149,0.20177935348161738,0.042195301278552665,0.35921698994357704,0.02590890160584095
0.06691144676986356,0.12594743476879725,0.19392619130069474,0.08425794661016822,0.04969051941895917,0.12063739331057059,0.17356755967268156,0.09035121738342827,0.09471029076483665
0.04716208248303494,0.10534988207595342,0.1791370449809159,0.08643967333486223,0.20575414181214077,0.11316433834273239,0.08264516244959588,0.10205444794604529,0.07829322657471915
0.04883240641543187,0.10631181374218011,0.18518446937087418,0.062949437475081,0.06380367023984544,0.19122014549100783,0.11404193867756472,0.09031917263182282,0.13733694595619206
0.03667444888409275,0.04843466096898456,0.09886138555720254,0.04560667380450925,0.030450683104975996,0.07702458893438015,0.05944282773577392,0.06408742940240326,0.5394173016076774
0.028743176686681016,0.1829965240140122,0.10208141245060605,0.30525495461512453,0.06488721592910583,0.03965609914296037,0.07046821434059881,0.06802809302472608,0.13788430979618505
0.08021362212740711,0.12189849977472277,0.10118795557070932,0.14511074648864905,0.07171022215697186,0.1604032068810559,0.14982261078250628,0.12985480924210405,0.03979832697587365
0.062348932141738395,0.01956573409426995,0.05983393661891151,0.12912322155036318,0.029263609604936413,0.052449875375071044,0.29925614292658764,0.23334229159372832,0.11481625609439346
0.021255953275640865,0.14351473130465217,0.08228650048782955,0.2981966209257332,0.19699723229981156,0.006044347191362193,0.11610139502468138,0.030428260849275413,0.10517495864101377
0.04954539668809313,0.08801541571510474,0.1265307686816009,0.05639197620846877,0.05897485683313678,0.19091663825753968,0.18882127086554337,0.05094632935370654,0.18985734739680624
0.07434609962809668,0.07863148926645845,0.18711039948262229,0.09617421710596781,0.13043173898475355,0.10854613233194577,0.12211426393349839,0.1736541636450473,0.02899149562160977
0.029729507540412325,0.0794083647235677,0.1348579030249892,0.052357348153056614,0.094536821378208,0.17973579343159515,0.14164997738632076,0.0735040469750028,0.21422023738684745
0.03262473971377829,0.04295993412945753,0.07783325414303074,0.0793714246298486,0.021869746620514902,0.3184468719710732,0.18372757262014497,0.1141402164806049,0.1290262396915469
0.02263494944944859,0.47114181739654853,0.053932555454956475,0.21467851117779194,0.02066749842128402,0.03294109686255021,0.09993897562610986,0.053598306048875256,0.030466289562435064
0.018200344611724702,0.047590367905326884,0.07846390125948023,0.05600707173448457,0.06753696745538405,0.049308412409447035,0.5486063105212377,0.037746214366374486,0.09654040973654039
0.02400340013913711,0.06499460966005886,0.20197689552875311,0.055370048581865984,0.07280587383536202,0.1401159213686419,0.21809238132790773,0.08823498195418601,0.13440588760408723
0.04074484339029424,0.16967915751928528,0.14586471078545668,0.05792936559466227,0.02297565944128571,0.1864724341427159,0.0849594107466398,0.0589586399367241,0.232415778442936
0.029115060386810842,0.045684106293201375,0.11614491475661,0.06353881639979753,0.03837004595561761,0.12441511208901544,0.03896488607543012,0.08934904014479474,0.45441801789872227
0.045952367383737376,0.08782066475984322,0.06646179857221812,0.4484524354969182,0.14808170989379799,0.026591434790447583,0.05812664255055693,0.04028597142165873,0.07822697513082176
0.042037402257096707,0.12300077836409289,0.15188577942713816,0.11512481971432269,0.1129597622519433,0.10759226873969152,0.148194458652312,0.11114421702329165,0.08806051357011112
0.06788009727930377,0.015145858629918496,0.20719882687349808,0.06914545165839975,0.024929585222534984,0.10537773457842614,0.15083876019207976,0.07563967761842838,0.28384400794741066
0.03784655720524675,0.2614078929566128,0.08306866158377582,0.2903170725071979,0.025449140036853803,0.08696002717148466,0.10387248563938871,0.07070199454073907,0.04037616835870054
0.036928565472789006,0.08260873140558568,0.11001539921418495,0.0625323657851994,0.05032199591863564,0.10646255188417975,0.10254090722160591,0.08642382870784039,0.3621656543899792
0.026730615202940008,0.07972547448527964,0.053919161032354425,0.35982510368778436,0.3247405218519235,0.025022681630876908,0.06381585165521067,0.0278778366531805,0.03834275380045004
0.019548318213437835,0.05018194362703127,0.08959540798302856,0.07743199168512828,0.07407815570907987,0.05783599218176158,0.5354988448689189,0.06095041178771358,0.03487893394390026
0.045323998654435926,0.05032788571283206,0.10063445357061267,0.12447116292800302,0.4394380975550675,0.0535322935268041,0.0867539794390777,0.06460220280980553,0.034915925803361544
0.040159710027948,0.04553234413175855,0.1949431561595155,0.047666389656273546,0.023613439896034344,0.17901143574056455,0.15151746698811633,0.03947766933255784,0.27807838806723134
0.025613012368763097,0.08711329937604606,0.09342358223442236,0.19511380303165604,0.4432675786957394,0.017937612058779782,0.059963643934142795,0.05334375359039641,0.024223714710054214
0.031699340728902445,0.02486212366994013,0.20872772639687331,0.10587331369822357,0.02251070164468183,0.2540223795911398,0.07075031281932552,0.19001971538238585,0.09153438606852754
0.03242895168655311,0.5220156834283715,0.05760476248872199,0.16639238795945335,0.032029361420429316,0.02181420536800564,0.06892050052640837,0.07190236470137677,0.026891782420679966
0.02139458880966723,0.027051186725731247,0.3376630149751112,0.0649119554812437,0.03603846119324805,0.09446876534828146,0.10464215190713723,0.12012695353588247,0.19370292202369743
0.07416124947565188,0.060480398422741805,0.09781069019969053,0.12533508035307028,0.08776252869896377,0.13610753382850574,0.1939886034963331,0.1351823508282594,0.08917156469678349
0.0682925202190129,0.061535293665751396,0.13171224425668862,0.07234903550595699,0.03643273596893574,0.07481758185829686,0.18238410642329975,0.1574180626536678,0.2150584194483899
0.12366326477798333,0.23919315143798092,0.08406344219841749,0.11789712017219535,0.036247824480772295,0.08614458162849038,0.09383251782641595,0.1008051595772121,0.11815293790053216
0.03816103235975868,0.04529361960935774,0.07368012722520552,0.08993174530045613,0.045545279796071425,0.1341046404153203,0.21880981029831315,0.2699035045119374,0.08457024048357968
0.04979514247186362,0.060279518316956125,0.19624859169154066,0.12588768292982938,0.03805552392826133,0.25072117170280056,0.07480111654177461,0.15487255574438064,0.04933869667259319
0.07055068309792671,0.3565665585394082,0.09637174025848401,0.19997623225252847,0.03575486856881444,0.07267438358455947,0.07805414214329114,0.08021740303798996,0.009833988516997549
0.03717966657740173,0.36852616139749134,0.07379666297108578,0.2201148717629754,0.04246282658730394,0.06946670854066374,0.07280047993366472,0.07599037189337947,0.0396622503360339
0.09439594575680964,0.041649849337608465,0.09394421264306796,0.11500606786082766,0.12268944194390623,0.11032663444265867,0.06040123109366503,0.3223063056565336,0.039280311264922756
0.06628858384704993,0.0958082140867491,0.09224019489961177,0.2982892896945834,0.12021117546208808,0.08251540691483436,0.07911262940244228,0.0881166863143511,0.07741781937828997
0.03761590399749287,0.11303341487027319,0.09515384341248244,0.34738841392147174,0.11700441797273758,0.005450234493007719,0.19368868821881988,0.030887265292047245,0.05977781782166741
0.07194304912565234,0.09804126798362807,0.13497916683144734,0.06323147292495325,0.08181493975009663,0.1352412914592306,0.21303171235478371,0.07021724810302771,0.13149985146718027
0.05292970151269066,0.1539963791003067,0.0807146252936398,0.0978130290055529,0.09773252375994729,0.15232414511855752,0.1393888902850618,0.08037723404236057,0.14472347188188284
0.03978057186090398,0.12211722272529546,0.20663294757323117,0.07321829685528676,0.02492890790934016,0.21236675923379433,0.07567871215734069,0.04754977849885742,0.19772680318595004
0.02290809834028935,0.1806103273268921,0.08141080821330822,0.3260065261330039,0.11449482027114762,0.007960968210276696,0.17174354837185932,0.03752163662919046,0.0573432665040322
0.05175164934323307,0.04994847966321925,0.06637090825996651,0.05810013158644744,0.05136864386319525,0.059845128957527506,0.5208240964995677,0.08668644141490307,0.05510452041194025
0.06472060366145624,0.11686713379464025,0.10695892376193743,0.08946123394034132,0.04086424233330887,0.18182719235557135,0.12259067773383092,0.10652871408410987,0.17018127833480381
0.05876399763834809,0.1373289797999915,0.10556932662463892,0.13029658490222099,0.05317579149142563,0.1427697134556693,0.11744712808519431,0.11358065871526217,0.14106781928724904
0.023908255072613255,0.47341501779007,0.07459558980443698,0.19314658543011357,0.014199109303612586,0.043301162618881395,0.06565609786339001,0.08308796417429191,0.02869021794259032
0.03510146482018111,0.013401482062917386,0.06926191462677138,0.10217153646424738,0.01511088455607628,0.12595095244138002,0.04879417671068131,0.5650970611889051,0.02511052712884007
0.2824182077751544,0.19351090691031014,0.09633403757137655,0.07747089483292584,0.05214630498949252,0.0811967999495868,0.06364315896183663,0.11048261730355252,0.042797071705764474
0.05076607031743253,0.09438865375863793,0.07483219516356053,0.3744880607621703,0.19462894377137466,0.01589853512094148,0.04854271266235463,0.0365484566256093,0.10990637181791874
0.019933782679038402,0.022265799071709915,0.23702185204436163,0.025982063022446614,0.031939961171432406,0.11551137933530198,0.3719261077373122,0.028849153569050826,0.14656990136934603
0.03775501313641164,0.02483909189286966,0.32363195403297756,0.06175650260682752,0.023837396228528828,0.24940332700749243,0.19199140815783103,0.05168480473458134,0.03510050220247998
0.051954553021485335,0.043335296451087336,0.1312668406216755,0.09438768609489258,0.20748203571683568,0.20072448044002952,0.19534124991403015,0.0436610763754666,0.03184678136449718
0.08284995994472302,0.052189470535789644,0.14665072452572345,0.10245705093557907,0.1802807446206296,0.2050937255934121,0.07186891192321303,0.1112329254578195,0.04737648646311065
0.074984194720836,0.086665711940413,0.11232892556246721,0.09574868960700744,0.13130049156867482,0.0765266142167989,0.11267985034268276,0.15086362807772852,0.15890189396339133
0.053355561925053134,0.13080908503463945,0.14826862781452088,0.1008955636047253,0.033013508288496994,0.2159624004955584,0.1584737727286221,0.0855200314738303,0.07370144863455345
0.062370718729347845,0.1247505907863425,0.08277623544846675,0.15649266923370167,0.06856916839434136,0.17526181848795672,0.085351273969433,0.15526618259873334,0.08916134235167676
0.0704965375310458,0.02963246848169521,0.12243870003292656,0.10418436566564863,0.07498249008182711,0.13074937502644568,0.2994719318713692,0.11238775537863073,0.05565637593041104
0.012669074105528583,0.0796337420139516,0.2071094455403618,0.050218461037246136,0.05091057891543363,0.25049075776912133,0.1370110412856064,0.18745457825549874,0.02450232107725178
0.11530863932165981,0.1407408441458128,0.09978085600098219,0.07815195574015098,0.16277412278845274,0.08342019933148052,0.10193155000811682,0.09557814876239236,0.12231368390095182
0.03274639200746506,0.03738868239461346,0.0613565417733086,0.19131874000213855,0.5133094196043112,0.02866044702614665,0.06546524419505377,0.04294612442877729,0.02680840856818557
0.0640752117033051,0.07090089860007925,0.15414042612777593,0.07794455438938148,0.029358715069394376,0.11707955508954358,0.07983948930922097,0.2724320838291432,0.1342290658821561
0.04924716879591442,0.18567181553957643,0.07669458249176334,0.40866584084991503,0.05089437438166341,0.017639159477660635,0.08806937907470992,0.0597750607505948,0.06334261863820216
0.3692046310252492,0.08437136439882253,0.08149353649109464,0.044873648833727235,0.1246935001186313,0.056677783431855665,0.1622196234999808,0.054772206145757195,0.02169370605488156
0.04590273747425763,0.22088953707977374,0.07842021655119384,0.09406892441697902,0.1931026100892138,0.11152812923538184,0.100375050798001,0.12922859884853333,0.02648419550666585
0.05436254518561993,0.05587275994483846,0.19648563103468422,0.08083015357607055,0.034625031390097184,0.18899364768054525,0.12354664836800512,0.05794775283048614,0.20733582998965314
0.02728194262765045,0.4342230828154812,0.07729447302554697,0.07652495527439991,0.03087723483523409,0.10705271826385641,0.13216425456775835,0.08723317774731476,0.027348160842757735
0.05519938327584978,0.061229007784121874,0.16468715203387305,0.07572502998763676,0.04290269772000105,0.14711679364762728,0.05448340051075832,0.11287635102533293,0.28578018401479893
0.05785918402024218,0.06449430280653669,0.15453610828624106,0.06836937962895351,0.06314164728127201,0.09576418077461031,0.28554752519586635,0.057154461895771884,0.15313321011050599
0.04972064080012037,0.5489456770579114,0.07440494169293244,0.10488079653334668,0.03667252286319514,0.0343376468188523,0.06020142653179653,0.07539218963549336,0.01544415806635172
0.06310383823306583,0.13591027807839254,0.1141795311289112,0.08795448344055894,0.029520317211721877,0.17003184703994334,0.08072211642197792,0.06792311896688545,0.2506544694785429
0.04054469092288579,0.1227253401606248,0.07291230359529284,0.4143375491624571,0.034565519579363685,0.022388759723120433,0.0847951978264239,0.05681306753424026,0.1509175714955912
0.0592649768262436,0.2458309255021992,0.07343617357539127,0.3726450235499174,0.06267343999612283,0.020963367810226036,0.0947276905163306,0.0469659162347563,0.023492485988812765
0.01466301898251842,0.02844717857893822,0.05750729059733212,0.08351508069272102,0.025822546230960846,0.04792909583698938,0.5475857591504046,0.057977747479673714,0.1365522824504615
0.031069448470327023,0.08065224226861002,0.0726982234720204,0.43491033134645685,0.13787643658036436,0.02159310124535466,0.051210908352036455,0.07498487261922986,0.09500443564560031
0.0908814284731038,0.3017025477909383,0.0689348904514638,0.2748663964166416,0.023588762549970225,0.03729107349128194,0.09991617533238867,0.05729508784708257,0.045523637647128995
0.04216258116319612,0.10026241067895397,0.1013950858035814,0.2916851629195423,0.15439637324474803,0.007028498226740111,0.22527446475931742,0.031502204858624726,0.0462932183452959
0.03263245120837077,0.08397302836432453,0.07687718487658612,0.0625230635614789,0.0698998155821529,0.06145913564600073,0.45024461157966433,0.08604096162782858,0.07634974755359308
0.029991397180410412,0.06555963885961985,0.0768778019749106,0.4265981153510201,0.19587050570240558,0.030224926481950434,0.04442819475799831,0.04869840556774715,0.08175101412393761
0.03635853549457376,0.37674035688702306,0.07544234169771069,0.26064976935072065,0.010695039195055545,0.049914803618953806,0.06033153238964389,0.09713077687518139,0.032736844491137236
0.048844519713632205,0.019439827215132908,0.1396097168015212,0.058163188048813354,0.11404852310970119,0.01754570501380231,0.5251945508533166,0.05113848724193748,0.026015482002142782
0.03930134680321001,0.12791560697051574,0.07870003148867888,0.38469094190740566,0.13513814613879868,0.009935190131042411,0.10177475859227603,0.03334614011445688,0.0891978378536158
0.03688907902358073,0.11434798256711402,0.17198434189093456,0.062198753285170584,0.2048813726618477,0.09521909007881176,0.1419926037220535,0.12684777922792329,0.04563899754256386
0.04816398736605109,0.0970069855822772,0.13503170170510057,0.079745848557057,0.047576583302805446,0.12527347037866263,0.18488632821680184,0.09556708086410455,0.1867480140271396
0.5012531465015582,0.08361570179706336,0.11712434814158541,0.040199643133796446,0.07355840630795267,0.03318113897377092,0.041629577457905916,0.09654237463063524,0.012895663055731916
0.2990729474007002,0.06738889659926807,0.11958294278273011,0.11378373859347235,0.026170955251463974,0.10984357814575284,0.12659646922970258,0.12590493641648026,0.011655535580429624
0.09145809693850222,0.06564730498570341,0.17649829334565273,0.08255195146395637,0.04085526874359612,0.12558381834270463,0.12282992320002369,0.11618531710666351,0.17839002587319727
0.03954918698807925,0.23813485750290173,0.17781224547035204,0.21530220013450477,0.05103462582720461,0.06693108369069889,0.05675819595142104,0.14335973319627773,0.011117871238559923
0.04303493384639493,0.11704136977281153,0.06332331043146432,0.1386417614972709,0.482985349128265,0.025754637744857322,0.052554578524777094,0.04386788814977099,0.03279617090438789
0.05308650499735696,0.06501294866742556,0.07424075236196441,0.33145162522191884,0.21250848853309648,0.046223102572078095,0.06711591925210253,0.061449789963124134,0.088910868430933
0.031637998179069336,0.025907552713688924,0.08034364356220147,0.047237865906149513,0.024108258958086926,0.07307249388154112,0.5091375066239809,0.06316484533760268,0.14538983483767914
