0.09785261143010086,0.10034609088800832,0.11308060954088667,0.13190466107148846,0.10981074499542572,0.12007642963998146,0.08175791513444665,0.13610380334254246,0.10906713395711946
0.07159521540271695,0.08500443730201639,0.06619971680233332,0.13552789797071016,0.13092720816394107,0.08983414585029398,0.19328723846976018,0.11902741711687263,0.10859672292135543
0.10371022820528437,0.11111865908631574,0.057915826843286534,0.11552677553653383,0.09153062800249227,0.09866500662212342,0.236032579703274,0.09396657363992984,0.09153372236075996
0.10954633621817438,0.14922496219177514,0.100072763212953,0.08444172193033835,0.16608269228769498,0.12171758151824125,0.05658788103781187,0.10708062333798318,0.10524543826502776
0.1037954111057438,0.10982677034292222,0.16009686876809068,0.09460633562735717,0.0793075601909841,0.12007203801384474,0.08775614293175489,0.1271133350347293,0.11742553798457317
0.1161247178177931,0.11275682647713818,0.0681026206748085,0.0964074016733736,0.09426932299577949,0.1186452474088071,0.16829276401046345,0.10114420676305674,0.12425689217877976
0.13063893797808585,0.16246437408077763,0.10202466403292937,0.04002315368853154,0.10164534932133328,0.1086918290493233,0.14626973825065145,0.09092387673489939,0.11731807686346823
0.11906848718120984,0.11921662486046221,0.21017655661330392,0.03913669751532148,0.16610220106059567,0.10353887934515826,0.07034985403108547,0.08597229214949532,0.08643840724336789
0.1444633663128908,0.13153830364770425,0.11987164745837993,0.054736877434441535,0.1274341698579743,0.1311642184745542,0.07042333329401515,0.10047212484249457,0.11989595867754536
0.13850459657568262,0.17726413736916524,0.10559853067885312,0.08249591531286135,0.0834147097182259,0.127936322184139,0.09502701173138439,0.07921251158431687,0.1105462648453714
0.08131534531870362,0.11755247280542765,0.1980510937423133,0.1004947435722227,0.10490402439922418,0.12053326409218634,0.05868178140445376,0.1096012113680584,0.10886606329741015
0.11793771673817031,0.10146930719753727,0.09141432639859214,0.1755430511434198,0.10772162872856855,0.10719648293395563,0.06292505499971224,0.11480253848026367,0.12098989337978046
0.10896641076153157,0.10483484843476502,0.19868980101968423,0.14281849379114134,0.10770426745992963,0.11076946930965965,0.04231336452873447,0.0833725266578468,0.10053081803670731
0.11714183550021828,0.09996053754443307,0.16000772507539443,0.0944292635647404,0.0891152902211303,0.11159452299311347,0.09338533770003232,0.0864806696668985,0.14788481773403925
0.11014495950147629,0.10730343512146828,0.1548497814268427,0.07632476622437524,0.10300297402178023,0.11750583321625835,0.1267896366917214,0.10766732636005462,0.0964112874360229
0.12958702412995263,0.11856063996298045,0.06319762809763797,0.03959822862173527,0.1351657253074586,0.11218899924483687,0.20608512110159813,0.08669300162637011,0.10892363190743
0.12901018658768607,0.16521998063679344,0.09047002368288266,0.07005209532890015,0.12407335385859007,0.11187442680345953,0.10750578341844597,0.11143090602275685,0.09036324366048525
0.09628247020992316,0.10061341480188908,0.09981314219749311,0.18033266271668824,0.11333717196710769,0.10484696105915713,0.06202723532320991,0.16216199900040645,0.08058494272412514
0.0958912543589272,0.11608803594300217,0.16319101380004516,0.047262353369266714,0.09852098873582604,0.09896911550486752,0.17748431013983632,0.08063546184631175,0.12195746630191706
0.10609034416589395,0.10309878971615875,0.16958322370347254,0.11700240023830076,0.14245496679542557,0.1135075366295676,0.04440764540456519,0.10521226588168019,0.09864282746493547
0.11131320321712475,0.08385070417876789,0.10037867136231342,0.08863224715613377,0.06030381347416112,0.08865183692547095,0.3051834903884075,0.07009845795913851,0.0915875753384821
0.09267850484584544,0.10868565145043058,0.08122485866338394,0.14082950610450656,0.19304437380783132,0.10390625037500247,0.041204685981518774,0.12176245620711085,0.11666371256437008
0.10731620365911172,0.10001312696721876,0.15072543463939284,0.04527198609847908,0.07177159283612923,0.0976053763839762,0.21128642995701186,0.09386742485092858,0.12214242460775175
0.17990173195508022,0.12609240471514238,0.07175260097863627,0.08228968340038201,0.10533824619733441,0.12411670768142542,0.11826437864564586,0.0720241759328449,0.12022007049350848
0.1029079435417418,0.09330143067022785,0.231178274524831,0.0644180124949599,0.14392895611537312,0.10312920853094516,0.060136659090321974,0.09902305754170848,0.1019764574898908
0.09905502524714671,0.14421260492647947,0.11996082925634877,0.11447001795784391,0.11376304689498251,0.11269226250677705,0.04732263252861471,0.1093734534927819,0.139150127189025
0.12357208740810499,0.1308410181938647,0.14106873595177769,0.08295579897586591,0.10937506655551175,0.12633104275090665,0.08063649579389473,0.09544778063068056,0.109771973739393
0.09129655750136072,0.09995533154604545,0.10781953969439939,0.11294205299936409,0.10609524280493544,0.11288857732355594,0.12133346223495556,0.12231179313918256,0.12535744275620087
0.09234347183996533,0.10160266165258756,0.1170758331459109,0.04256801208630082,0.15743100155393788,0.10637292592377377,0.1934711159181648,0.08948627012620547,0.09964870775315345
0.14352973819725504,0.10512633586530314,0.0770841910497617,0.089919467144289,0.1321653936106677,0.12264352004600522,0.09955789746668316,0.12225289043645092,0.10772056618358418
0.09596813744854953,0.08283391261061288,0.20235797986912007,0.0642469049204748,0.06299672526798628,0.08138731617298599,0.24762926214477124,0.07125621742504533,0.09132354414045385
0.1408052424416826,0.11439798773201482,0.12565294866807888,0.04659737510058607,0.13927506821004274,0.1115086401996136,0.10404417821730655,0.12413025599475708,0.09358830343591766
0.11102466454801374,0.10466115778061665,0.0700939123045675,0.04311338306890298,0.10851980202973056,0.10192541651940729,0.2826276504569835,0.08140479544241103,0.09662921784936675
0.11457031640315607,0.09737730315952843,0.1350326458624341,0.08903805697147234,0.1400895990229549,0.10075742059640963,0.1445935826415396,0.09298919826804049,0.08555187707446443
0.12140516100783438,0.0914084625600559,0.14930910801947792,0.05943600230011433,0.11249999294819901,0.09923110085799151,0.1825815060563031,0.10030552523947865,0.08382314101054515
0.11274709140605499,0.09324774882127045,0.10998350615872288,0.10200848040183134,0.0996855100854729,0.11589422425567793,0.13156724338277279,0.09838227461203293,0.13648392087616382
0.09303204895755988,0.09638529480355862,0.18782015819929235,0.10381163060075099,0.10129328816154919,0.10469705430510545,0.05151418941326171,0.12274132853461833,0.13870500702430352
0.15884935512958795,0.17839469934449556,0.06120164623637759,0.07535469366429004,0.12217696490885958,0.13878015717322645,0.08277685547158115,0.0673547269727151,0.11511090109886657
