0.09380090815448089,0.10786573875266425,0.1387874593060047,0.10349173940154482,0.09833561495776368,0.07284735639781985,0.10631574840688539,0.15535660601308088,0.12319882860975562
0.10484889148712846,0.09462617005843448,0.12034597084732483,0.10613949582538706,0.13674103121859804,0.09668084474215628,0.11126527689947759,0.12081541906204797,0.10853689985944526
0.14395438690476217,0.10254876889275727,0.08466320353508722,0.13188922767775715,0.11933694635676657,0.09160043822506063,0.134029481832711,0.12493556589795214,0.0670419806771459
0.11490786096628823,0.07616066753095807,0.1236811797899509,0.107873817794082,0.10775938137651936,0.088768449667069,0.11417249115579454,0.20521392852477052,0.06146222319456746
0.0864180222378781,0.1329441656785627,0.12309353887037183,0.09913571554893358,0.1112243804959525,0.06165809054566409,0.10171642151955189,0.0846154386676962,0.199194226435389
0.08680566856143634,0.12944966227533086,0.1246360134142499,0.09914288236877272,0.11310451154596128,0.06626274686376332,0.10191590367106425,0.09007351126956846,0.1886091000298529
0.10174958317882676,0.08415212918152774,0.12917887785202165,0.08910285726474532,0.12603409963352094,0.1610020953416118,0.11074374652817981,0.09087246577233692,0.10716414524722911
0.11799411937709951,0.09421688069880942,0.10861476474434717,0.11426125604118997,0.13445981408491206,0.09987979226258496,0.1190887322720131,0.12771586972347782,0.08376877079556594
0.11729229955889113,0.07986870350066265,0.0981342251511978,0.10670143072253051,0.14371920481160835,0.15139362590919872,0.1136215824463319,0.10879516173591057,0.08047376616366832
0.09973212773172513,0.08829910084408303,0.13685796289765437,0.1012054478872591,0.08954019231858212,0.07441614931888121,0.10745346530543409,0.21163562120334353,0.0908599324930374
0.08747426131275404,0.10719833328040874,0.11765563213379526,0.10211682682955107,0.13064531059199372,0.10104798744006988,0.10064915082364727,0.08518535142389062,0.16802714616388933
0.08689265995075394,0.12797131243527884,0.12545655079259296,0.09911967596994574,0.11342764443592786,0.07065475084188527,0.10193412599435409,0.09520638971948599,0.17933688985977544
0.08515037544097936,0.11914765099414787,0.11451226882834463,0.10375258193602423,0.12252767148732323,0.09138514659545892,0.10013251165640398,0.07776295900375876,0.185628834057559
0.12935096840714666,0.0978005264635222,0.09633159428594264,0.12192951437189242,0.125993553202725,0.1000435787161023,0.12571056693326604,0.13109767333520883,0.07174202428419395
0.13947073965630916,0.08898498944612314,0.09451866790559842,0.1270963371971884,0.10750762341692897,0.08802938989451546,0.12990915903142783,0.16524457430987802,0.05923851914203059
0.09600064320806283,0.0846844819623468,0.12716389946003376,0.10241626736722592,0.1310721568991826,0.11926812662381536,0.10452198161888653,0.1272692610255119,0.10760318183493434
0.12261457396185076,0.08468817132934463,0.10943505810228003,0.11550562509991762,0.1148550517527024,0.0970997533066602,0.11998632598725749,0.17277606727140335,0.06303937318858355
0.09860164023739805,0.08099987434602644,0.12612821042439062,0.10233117336600588,0.13293968026125194,0.12245960027426389,0.10543994608735469,0.13374895704610792,0.09735091795720059
0.0815658109272774,0.16961157087254264,0.0973756908762131,0.11169777711626223,0.09470907748111894,0.06307342165040333,0.10095398685728656,0.05852021993455835,0.22249244428433754
0.10772990311495834,0.0948079100619077,0.11566788066526668,0.10786134670645255,0.13276406059003298,0.10433181399938195,0.1126233927176399,0.1306406643391362,0.09357302780522371
0.09609892529994792,0.10064666239217586,0.1270465418395643,0.10152585976827394,0.13434613437814624,0.08374030114059594,0.10620092467562638,0.10776325872470244,0.14263139178096704
0.08576792525769948,0.24909863934733853,0.09366957329987939,0.11404044050953849,0.05975989048377641,0.03706120557489322,0.10918332058041257,0.06609348183690063,0.18532552310956132
0.10014374722771986,0.08486627641675525,0.13899585889068714,0.10198856404033278,0.10897283717080274,0.08414015371359528,0.10692405400081817,0.1838881138260888,0.0900803947132
0.10666376415225888,0.0766661885828613,0.11796465716717768,0.10351333552165874,0.1298079610192945,0.13048432049400974,0.10916616524594706,0.14971828903295084,0.07601531878384117
0.09330722386523434,0.11857055330494141,0.1367063329424483,0.10548661807994512,0.09368053564403062,0.06591689650508133,0.10762572127068348,0.14268882993212295,0.1360172884555124
0.1153376469481372,0.0932837263368211,0.11244811151725305,0.11249880939429537,0.13791127350733856,0.09681271404946291,0.11759996570058297,0.12358664128619638,0.09052111125991247
0.10030063613942199,0.09187070749597936,0.14738572454333612,0.08904120266411088,0.09269431165321994,0.1610497639097889,0.11749530444510492,0.07630311173199454,0.12385923741704342
0.09220568916969625,0.10764217217373968,0.12777827683003548,0.09998578308765493,0.12800040532787146,0.08022500938268744,0.10411533178276021,0.10442594834736697,0.1556213838981875
0.18263160521558855,0.07980066960979504,0.06111523007713107,0.1150000485972524,0.12090106515138337,0.14842574389976343,0.12982172048330115,0.09336661787936495,0.06893729908642005
0.09235867754344322,0.16494553156931543,0.004953429501780447,0.5959577673212094,0.0014497221814082856,0.00214547255679912,0.08794837189907585,0.016748932480216413,0.03349209494675185
0.0819222988346106,0.14518363613296828,0.10891500391743629,0.1070075964161359,0.1056160487114,0.08762240556631984,0.10002032013551082,0.07523313069716896,0.18847955958844928
0.09143003275753635,0.109457729391489,0.12761130381698207,0.09973413781798086,0.12547093929049072,0.08306822225868371,0.10365834335988415,0.10771138932169849,0.15185790198525467
0.09610712011675206,0.10075777076432302,0.12688976881018618,0.10155226983163397,0.13378957222529628,0.0852263278774461,0.10619227237330343,0.10942683044600056,0.14005806755505834
0.12274880944241817,0.094282386910355,0.10582382391139823,0.11724865557961213,0.13546688196325252,0.09628974223760899,0.12202623720622878,0.12448091665107253,0.08163254609805376
0.07038320362940316,0.1337743408378201,0.10773738130641393,0.12498218782571517,0.060060980089721834,0.10968202857529512,0.0970738234921837,0.05124805779891569,0.24505799644453133
0.13737583251912264,0.07363111685506862,0.10072970863451514,0.108192229782947,0.06207649589858901,0.2684114406399831,0.12768619890684044,0.06220497269095837,0.059692004071975675
0.0992626469101412,0.06683468722879808,0.14423312707000413,0.07930731749709578,0.08676119468896577,0.18011557081139584,0.10933833207689074,0.16031826987588094,0.07382885384082752
0.10755085534694457,0.08478222750257565,0.12850908196545116,0.10679671988634458,0.12634435290287224,0.09312493513494875,0.11163779821945052,0.1559916064989452,0.08526242254246737
0.10612418338786234,0.07629852423979777,0.11654260857940557,0.10273918274598974,0.12695387690281768,0.13478643656084544,0.10846039395718184,0.15575266261187318,0.07234213101422639
0.1124707023069979,0.09410297555367575,0.11283249593802669,0.1107778202446811,0.13455332556281888,0.10167498537793485,0.11567500506271078,0.12861620513412114,0.08929648481903296
0.09816574523600398,0.07991782752980287,0.09633808551379115,0.1004725989772516,0.14328916768304323,0.1929052829948484,0.10011641198705339,0.08652788910817845,0.10226699097002688
0.11388014516463041,0.09316728138378276,0.11384561226958943,0.11158002240195693,0.13845058805227295,0.09642254847669442,0.11673015349311994,0.12288363525180701,0.09304001350614612
0.11866697428864718,0.0848791583778802,0.10232747123471746,0.11053978555877964,0.14221790497502979,0.12786657750218464,0.11685189677700951,0.11613758596547445,0.08051264532027713
0.10354387669812183,0.0793036067400642,0.10514432202496525,0.10218080976679084,0.15123902689861232,0.15594669257823135,0.10542219984337249,0.09404666344816898,0.10317280200167266
0.13932714632009405,0.07271950401194616,0.10409765640479855,0.08873238470562413,0.06949411360604366,0.27687822173161164,0.12642449303149075,0.07710957058312652,0.04521690960526462
0.10247494740217099,0.0950896983981711,0.12367373038613176,0.10477869669762097,0.13926786292474877,0.0894595600755348,0.10991393753926791,0.1139048682379759,0.12143669833837778
0.08901886884470916,0.11776100933332379,0.13393412671878,0.10086716714583104,0.09965391469387737,0.08444768065696624,0.10287072867809162,0.14245820706883208,0.1289882968595888
0.065146065233596,0.16091074734118566,0.08512651720107854,0.21346907302115134,0.02362494594204785,0.03782679295289332,0.09847254227830408,0.04684157221884175,0.2685817438109015
0.09446249220290158,0.10312912549533444,0.12562326166110757,0.1007030464842814,0.12743245509317344,0.09568533566124121,0.10484270953991938,0.12060930668018287,0.1275122671818581
0.09137799275656959,0.1095284740060748,0.1276747578411602,0.09960476575484323,0.12763053432610647,0.07376856870479456,0.10367215048361694,0.09719402852218606,0.16954872760464823
0.10164438027467604,0.0871119192827761,0.13081104292009177,0.10332196321140501,0.11952627174149992,0.09817319857203194,0.10784521835281087,0.1631173640854933,0.0884486415592151
0.12838113508543578,0.0955523137619327,0.1008689517016426,0.12094382289200711,0.13309143787087985,0.09482202933129254,0.1253308201843867,0.1240449040207463,0.07696458515167644
0.11952729147470216,0.07694364893134653,0.11246762889128743,0.09735459807390258,0.05607078685653626,0.05048493041409747,0.11935213185482337,0.2764341953779596,0.09136478812534461
0.11118310786631326,0.09399777902423904,0.11431461217671403,0.10997021465032301,0.13535128462353252,0.1007857553362362,0.11492648964256676,0.1273888443837209,0.09208191229635432
0.10796676564986402,0.09411949161566902,0.117634746852373,0.10800443224174176,0.1365276991192981,0.09874829689713267,0.1130323571012688,0.12464231862219204,0.0993238919004606
0.09921586168698761,0.07507466015220954,0.1263585584355945,0.09964858007114581,0.1138327808497545,0.12503693347115677,0.10475836386107641,0.18127001353500363,0.07480424793707126
0.12717385191836328,0.0961691864361131,0.09985427045868496,0.12026996911301989,0.12986243694813848,0.09899582055001993,0.12458848560937746,0.12765127697512926,0.07543470199115362
0.10885846256000664,0.09397718481037481,0.11690554321673137,0.10853997752214643,0.13657234405074492,0.0989121623606311,0.11357560452258114,0.12494475962615902,0.09771396133062464
0.08662467925210127,0.13104691177013617,0.12395804238208262,0.09914404548550759,0.11228028669205652,0.06403396882190472,0.10183266373430173,0.08745498211464142,0.193624419747268
0.13218756888705893,0.09827529124688156,0.09465418908333974,0.12378211161765584,0.1259524683026066,0.09765864184709346,0.12740549542781995,0.1289560957671785,0.07112813782036542
0.10833304198473477,0.08053489471515611,0.1086589936216343,0.10115690893949249,0.06912795637713809,0.08560162704520756,0.1149125995533087,0.24814636650801436,0.0835276112553136
0.11136614169815363,0.09256724147659608,0.11717715140241818,0.10995490987985769,0.14125270545400356,0.09265611750778431,0.11528890166517713,0.11814169981942724,0.10159513109658214
0.09096243665820909,0.11073409419456864,0.12731754018728383,0.09955450447848445,0.1254310059328998,0.07710085963577161,0.10356341460399643,0.10023703343144959,0.16509911087733656
0.12203214879596232,0.08434265882550245,0.11182985208340294,0.11522740878827402,0.1184276208887326,0.09591604491893875,0.11988634634797467,0.16649767833356677,0.0658402410176456
0.09015604711848724,0.11469159876959416,0.13519186562409619,0.10140466705334665,0.10455607231227608,0.08102158298208006,0.10377717393406773,0.1356359142601271,0.13356507794592484
0.0837316520263557,0.09510892792362445,0.13343676494687418,0.08939353326056203,0.11627798799589244,0.11933725756451806,0.09952211449825547,0.0749712114008708,0.18822055038304686
0.13297952722005882,0.09934743893488525,0.09246401212553351,0.12447966651825644,0.12292617246085014,0.09924345950144403,0.12779020010388964,0.1313601516237843,0.06940937151129785
0.09569281168234996,0.12552444980482977,0.023128150792789504,0.5132330088003544,0.008474950808594705,0.024468666915048422,0.12335933403974696,0.03880417653298189,0.04731445062330436
0.1309202131011307,0.09781746174580537,0.09528899559989401,0.12287237271721159,0.1257840911104729,0.09968142692648807,0.1267434337577523,0.12892549963696384,0.07196650540428122
0.10424506682529773,0.09496145668669599,0.12103503560404245,0.10582389263129745,0.13681613957473296,0.09608126091181579,0.11083320697692378,0.1213284364064069,0.10887550438278687
0.10687044990640371,0.08194189849691999,0.12810793253022582,0.10524445977100794,0.11638605726284174,0.09712436671628942,0.11037535241122004,0.17862311543648637,0.0753263674686049
0.08207892630324652,0.1425314565629967,0.09102461272800487,0.11752953419472806,0.10858642082141264,0.10666379060417386,0.0991977921400888,0.05753301508964393,0.1948544515557046
0.13335033655312625,0.08849233930156451,0.09598331514573392,0.1229906005496703,0.10507194419697115,0.09462070211257284,0.12627148026737114,0.17482739614875173,0.05839188572423821
0.11226363316373968,0.07035021696149263,0.12106381948858062,0.1038453308145449,0.1201043908196036,0.11275823990836394,0.11179477879012918,0.18201275835390449,0.06580683169964104
0.10340854685785289,0.08454095576048543,0.12747958887788227,0.08914505919584959,0.12387161871823932,0.1688042650981613,0.11164760774079259,0.0937248640251462,0.09737749372559036
0.10392895264480696,0.08633685113949628,0.13179015093777616,0.10494714447010722,0.12547550226834514,0.09198377787822147,0.10961155770149113,0.15380916658815877,0.09211689637159674
0.09047797077837783,0.12256697296249719,0.13455791070974582,0.10328214843279178,0.10594538314294677,0.06547035885923601,0.10538459579313271,0.11119307836652008,0.16112158095475174
0.0819844301102237,0.09619093138669617,0.10938463509327971,0.10894500356299684,0.08729681758905337,0.17398523659005657,0.09974593594594389,0.059740971152602296,0.1827260385691475
0.10323683229751401,0.0780870904618663,0.11438060614285674,0.09546925049993522,0.0841935885020051,0.2582068125114523,0.11176257904589097,0.06263381312426565,0.09202942741421377
0.08859556126320951,0.136193709844241,0.13122493029093082,0.1040342248863153,0.09585157786224037,0.06682448503661435,0.10523304175191435,0.11486200978927968,0.1571804592752547
0.08847396866508767,0.1019675629297359,0.11774725536169833,0.10130024170940248,0.13231630491918336,0.11581099879930935,0.10059304691701443,0.09345441640133195,0.14833620429723646
0.13342101517874688,0.0885000449097279,0.09639519627292575,0.12305749841995905,0.10603601588556856,0.09429093788606417,0.12635481637315338,0.1732276204394624,0.05871685463439182
0.1035920379816974,0.0954099953898855,0.12094931419239847,0.10545218928484153,0.1355187078886913,0.09774426717870976,0.11036505761876286,0.12307266857762,0.10789576188739312
0.09636706425219455,0.09982893593077513,0.12724892382401395,0.10153434908237709,0.13619314421388895,0.08011633077264106,0.10632894803173525,0.10356864813629317,0.14881365575608083
0.09614086705912828,0.07482227018919681,0.11292610495811661,0.08797714000471805,0.1187599900829282,0.22553716784175296,0.10237054005987178,0.06637723568903504,0.11508868411525229
0.09847600848024285,0.08165195945954616,0.10551072633347351,0.1016551238335547,0.14953877161426873,0.1579317224479129,0.1025969037066758,0.08857092276490663,0.11406786135941878
0.0959848544840285,0.08245643764059761,0.12437213509916871,0.10081217323086593,0.1267753940451918,0.13228870205279122,0.10346325234093533,0.1415178581900287,0.09232919291639223
0.10287955833120545,0.08721993409566142,0.13352081134272398,0.10463603547334784,0.12681790758280134,0.08902723174699166,0.10924820671838252,0.14821792662466962,0.09843238808421621
0.10754645086469973,0.09452787970730671,0.11696433073581386,0.10775746375330993,0.1346823780189256,0.10142193664404442,0.112655976640326,0.12749553918818832,0.09694804444738543
0.09801635658695203,0.08803968000985762,0.11587675951186245,0.10210100995267972,0.1429010869402873,0.12824754521499673,0.10519373124420463,0.10673262879926808,0.1128912017398913
0.1172043031008923,0.09392896314151634,0.10975517890388851,0.11373413359077007,0.13548088717175846,0.09907360883501791,0.11864658912605384,0.1265981387106803,0.08557819741942226
0.10149967915190448,0.14937321343210191,0.10812911404552739,0.11440041243722605,0.05585066921727719,0.04768679386848989,0.11879967623526377,0.17065907892827334,0.13360136268393594
0.0893912096369925,0.29807182885938227,0.07855754798732438,0.12320440813969707,0.04306943234033032,0.03177154258843326,0.11578820336073099,0.06900606707906198,0.15113976000804713
0.1230921074567441,0.09480218837278975,0.10465384751432161,0.11753620881037526,0.13371927188273794,0.09781701322051069,0.1221801096964762,0.12645109759945503,0.07974815544658938
0.11424048325507379,0.09371861025363536,0.11235291075432154,0.11185665804630684,0.13615559977431005,0.09925212423875442,0.11685278036179704,0.12621300317827178,0.08935783013752911
0.08377527687051144,0.0957093885339519,0.10363054569639307,0.10753614189292486,0.08439727656069156,0.2118434752259537,0.0997675514140383,0.07767593729694951,0.13566440650858572
0.09256675309087009,0.0891211659248134,0.12652059689037268,0.10179778068246241,0.12468426682125709,0.12437519178292562,0.102535727238938,0.13010609361758504,0.10829242395077572
0.09245849433124002,0.0944484147966937,0.11897395296777158,0.10151046870559337,0.1409973325914141,0.11125126149030536,0.1026765675747247,0.09346069705942195,0.14422281048283517
0.10105918108566099,0.09570978865143098,0.12484259638396772,0.10397398839410409,0.13933353289785233,0.08683762219526255,0.10908392980010483,0.11093825950142289,0.12822110109019358
0.08323068531720264,0.1427868768989404,0.10607858273735216,0.10685127700511741,0.1084078771275893,0.06835009450678488,0.10017518678425026,0.06352914221042834,0.22059027741233458
0.06716252094559759,0.1449610395313885,0.07235431048357786,0.24608916818350293,0.023317433077810073,0.048139727919226556,0.10442453566417322,0.04363647861493505,0.24991478557978822
0.09320408786834238,0.10551517848847787,0.12760736703577583,0.10034850081759146,0.12938877898004789,0.08289442732378376,0.10460700625601861,0.10721512913507601,0.14921952409488617
0.1288938663860691,0.08708886536091914,0.09499663996164147,0.11585939264647126,0.13776689180267998,0.1220396301038168,0.12261419082957385,0.11688556539244165,0.0738549575163868
0.10730199108457904,0.08459783644522861,0.12461259404335227,0.10608046665144504,0.11946171140538035,0.10087471635877816,0.11081845697833098,0.17031689506517642,0.07593533196772916
0.13218678539162323,0.09900877836852535,0.0932799926229848,0.12392124329835712,0.12356414705765173,0.09947823409784291,0.12733643318649057,0.13137340527937144,0.0698509806971528
0.13511229845020536,0.0989851855833755,0.09219646899399085,0.1256984055926981,0.12451902445657481,0.09679235085878864,0.12915562518517795,0.12719372763142744,0.07034691324776138
0.08854319707238628,0.08564138432987188,0.1026632513084349,0.10244888516266108,0.07737666032880809,0.22103212305049572,0.10336316868840727,0.10469459169691814,0.11423673836201664
0.0804010380210118,0.09385430807832341,0.13483267716915093,0.10877213705204135,0.07016047660740428,0.15851361958457985,0.104936901011915,0.06519999604708197,0.18332884642849145
0.05698203931123256,0.23544966084255484,0.03934448280492427,0.24512182294188042,0.017241560069474974,0.05528231225731176,0.09157028858702326,0.025730508828668393,0.2332773243569295
0.1015045397760233,0.09636308090466332,0.12269540186043117,0.1042936271287227,0.13517292634008726,0.09586591035742065,0.10914854992624894,0.12091531157860573,0.11404065212779707
0.10758326476267954,0.09373906131268472,0.11905049119449422,0.1077512434629283,0.13864223583239385,0.09534949495574145,0.11291425477036576,0.12082287476379515,0.10414707894491709
0.09052157563467156,0.11219132297662478,0.12762296439940218,0.09947878422661831,0.12474352857407052,0.07618413890902377,0.10331717298784315,0.10026028018091404,0.1656802321108317
0.08768918089083742,0.1236399428985004,0.12615633731517908,0.099095384991157,0.11639649954124374,0.07154191591091502,0.10218695648945815,0.0958947066931105,0.17739907526959872
0.09426741172352082,0.1026568933355672,0.1277159020315434,0.10048795100465018,0.1341139479859235,0.07512189312727437,0.10507982712131757,0.09803675444790079,0.16251941922230217
0.09513138966984265,0.09822524954991337,0.13757538140486225,0.10201860295622234,0.11877373420618527,0.08236986857185317,0.10564839459388732,0.13754321849067364,0.12271416055656005
0.12970663767027546,0.08315099955015358,0.10910383801556008,0.10301135558977681,0.0756702864911616,0.22778647560418097,0.12831439124155214,0.06216321631199414,0.0810927995253453
0.09069513272069218,0.09616857686536073,0.12636369357260474,0.1037222444123621,0.12146910449818166,0.11607842895973347,0.1026985147108209,0.11834487844639363,0.12445942581385062
0.10477558045265249,0.08593139262740113,0.13060033808619553,0.10536071040797414,0.125425573982054,0.09325178399156919,0.11014002464594023,0.15372030794408284,0.09079428786213055
0.13141546434000953,0.09845384804299451,0.0945234623806741,0.12333601078184077,0.12494937020318199,0.0990986900606831,0.12691738165228153,0.130590262320855,0.07071551021747945
0.09893822026658226,0.09810136208829527,0.1245739948597658,0.1029396751225159,0.13410703612140026,0.09327593668561841,0.10767063149039487,0.11807096515026642,0.12232217821516082
0.12538581866487317,0.09017448252873334,0.10803216165777015,0.09613144982022313,0.11415322534054521,0.17320354500757784,0.12463470493402806,0.10068913139821349,0.06759548064803562
0.11078499199736407,0.08401514354301791,0.12305175372393362,0.10828752626793699,0.12208943236027074,0.09773164403722095,0.11314173804822826,0.1659509292709506,0.07494684075107684
0.10728964280384921,0.08422705863765034,0.12271173987797213,0.10574215456491863,0.11599930255513367,0.10405419405825743,0.11046002153382391,0.17741658169436328,0.07209930427403133
0.0954749922149033,0.08538580021654311,0.1094343549743917,0.10260937276513415,0.15162670380071372,0.13185605962435631,0.10213821859694365,0.08018484708378092,0.14128965072323316
0.08198456726060388,0.24540430631530005,0.08740255524281115,0.1067685241417669,0.06502264313005414,0.03534889531552456,0.10292109071215526,0.05476743403388932,0.22037998384789473
0.16612657914827367,0.2095868370641751,0.00025221252601493395,0.5350863695943664,0.00012226879181669506,0.00015165999264090112,0.07292445700444798,0.010742038094892653,0.005007577783371726
0.0989012385094054,0.0941859816494821,0.13662466364787665,0.10253044614331157,0.0879493403198109,0.0703113133030465,0.10811692466017096,0.2004334420924566,0.10094664967443938
0.08861158190775903,0.11868716369424197,0.12658924892251314,0.09909361251585087,0.11860469861544969,0.07706359456644885,0.10252006819799782,0.10078290226278952,0.16804712931694912
0.08057534865487909,0.22611081523800278,0.0018524625906817971,0.5599793112544403,0.0005549450152612063,0.0007988120782123288,0.07951028167043718,0.012292416668166608,0.038325606829918715
0.11209703591375575,0.07576746208595372,0.11181548584077894,0.10511686218972466,0.1253823832973014,0.1317535139355697,0.11181628164415065,0.15905796502600061,0.06719301006676462
0.10260916802828157,0.08039844208059439,0.1369944324127747,0.10062731278910168,0.09429576947451634,0.07787384111047772,0.10781951192745769,0.22033823457914703,0.0790432875976489
0.09212531748757181,0.10858023556607922,0.13709947744565137,0.10195069366272506,0.11227370982063041,0.07679835146786555,0.10484704868396122,0.12884631677097655,0.13747884909453867
0.11254602782128105,0.09421155716315309,0.11246121179654174,0.11083107829696959,0.13401402633219614,0.10235581677502846,0.11568979000285645,0.12938973121983136,0.08850076059214211
0.11020206137318948,0.08407486395314662,0.12488939042803017,0.10809519265628197,0.12423662550956945,0.09560240046129516,0.11297523880215,0.1617112198579864,0.07821300695835082
0.1360202462017508,0.10129110590153852,0.0883078691810062,0.12676460946239188,0.11865017462632954,0.0994369563878048,0.12947183037487317,0.13286251140676067,0.0671946964575444
0.1667967879451421,0.23277346148304934,0.00010658925153658848,0.503981910413177,7.310964498018507e-05,0.00013423761288292052,0.07986894708475455,0.009983640885194418,0.0062813156792829545
0.11197412897757696,0.0948135967814402,0.11102285638838445,0.1104968714979212,0.13088961463594925,0.10650635876425903,0.11512762457529639,0.13382616145658457,0.08534278692258791
0.0895808958195381,0.11520444505958688,0.12740850709354945,0.0992869101990566,0.12185968395202157,0.07731335279873437,0.10288058786162062,0.10180599880099678,0.16465961841489568
0.07615076437980182,0.12983166825515455,0.13004943920470918,0.10142501514081298,0.07948741152653187,0.10650652767117896,0.099041057399076,0.07875521984254785,0.1987528965801868
0.09638148740611807,0.10061722051786202,0.1253489728059143,0.1016460984185593,0.1309842187269078,0.09299577091906565,0.10621620686791727,0.11664099037221681,0.12916903396543863
0.11023427705967946,0.09406281743407423,0.11452587921936487,0.10935540279735952,0.13448867043344417,0.1022128040541961,0.11438179367096694,0.1273426699731878,0.09339568535772684
0.10710191204476403,0.09365862932347879,0.11981239589202007,0.10745144420030243,0.13938712194158986,0.0939226802322675,0.1126571482457298,0.11917171957568125,0.10683694854416638
0.14946482580509568,0.12927838024987182,0.007470060284912064,0.5440685667058457,0.0029750411572146886,0.005588323432397852,0.11704389969136016,0.03306919815811445,0.011041704515187586
0.09112938781628778,0.09671929275116187,0.1184668137683867,0.10144946288213491,0.13855735590158788,0.10963555282775432,0.10208261148077313,0.0908726946698154,0.15108682790209796
0.08426960555118414,0.15634868406472152,0.11671920764640169,0.1003062716110854,0.09824174017208868,0.05448385966626701,0.10152039938753947,0.07702593603242235,0.21108429586828978
0.12685331516099066,0.13082078227904803,0.07185588239064954,0.28987626506327324,0.028754920539298876,0.050915568744554884,0.151636951684876,0.06900777811241418,0.08027853602489451
0.1073203878817059,0.07489914054892971,0.13445202620698568,0.1015985251705885,0.09739529558270683,0.07918294131046594,0.1096753778097866,0.22694028858064488,0.0685360169081859
0.09157065247096073,0.09231879693374627,0.12655505247851237,0.1023299203842649,0.12312431822979035,0.12097980141655307,0.1024839567267846,0.125063472035964,0.11557402932342371
0.2396755506291496,0.1615639092597772,0.04565634783872785,0.17531537733509647,0.027515232451805708,0.06528012909971447,0.1840037198178253,0.07625845288388856,0.02473128068401481
0.13877352144783747,0.10090894521103418,0.0884382973896236,0.12837160213327584,0.12135882573055434,0.09506844955453336,0.1311394570286038,0.12786830782311912,0.06807259368141823
0.1369907323220383,0.14025860410670335,0.10515147569474163,0.15232872822510019,0.049197214965832105,0.0892480055427098,0.15471848159828136,0.07769088933572389,0.09441586820886942
0.10301427893371444,0.08530510347878674,0.11418220137727216,0.10387356128738513,0.14709369717554774,0.12536442290896535,0.10810357631455707,0.1064208051657665,0.10664235335800476
0.1129685845834733,0.08383744932244258,0.12499397586010182,0.09005374845745225,0.0890248080172646,0.22786766920558477,0.12094881494516262,0.07125551009760238,0.07904943951091567
0.12702339758412642,0.07862444387279756,0.09265998540048666,0.108912593534509,0.14510963602615265,0.14897576227381001,0.11730616410196287,0.10488125667729957,0.07650676052885524
0.13209772091742894,0.08836772418913325,0.0910866550221246,0.11740014342555256,0.13348793114438065,0.12349191077751265,0.12416268629819327,0.11907598427532255,0.07082924395035146
0.11560332468912765,0.08269171342710231,0.14384841015426722,0.10229434315446373,0.06211407457955911,0.20874157265774074,0.13291537707899115,0.08807903164986147,0.06371215260888656
0.09835789095715808,0.08788673704285616,0.11628350520641868,0.10231784818148343,0.14403290872852695,0.12546136814335063,0.10549613338565005,0.10528401642450654,0.11487959193004953
0.11297660193529087,0.0716852579306074,0.11390416888783682,0.09809855405205692,0.07495363442140517,0.08302799563912279,0.11546840780716665,0.2554832832870614,0.07440209603945204
0.07425984110499471,0.13040095592767578,0.06525614159382737,0.15080227661622433,0.060787104369214556,0.17718613625690352,0.09227494108860117,0.037025702310229794,0.21200690073232886
0.10869569950929385,0.0945377451593155,0.1153837052135089,0.10845178015081634,0.13365667662910963,0.10313788149024743,0.11328420292634757,0.12953039770779276,0.0933219112135681
0.1107337778635033,0.09359554318492545,0.11519521954838913,0.10963759239894309,0.13644590458518666,0.09948448004018022,0.11481000200594778,0.12428557933522584,0.09581190103769859
0.09093880803602895,0.16340535909889967,0.12276196187379092,0.11098671107793352,0.07367029088543198,0.055907837180517624,0.11040680302307622,0.12382760996554626,0.1480946188587748
0.09034750313394986,0.11440607513871281,0.1358234679891983,0.10154084764960448,0.1052248049121836,0.07972446062720275,0.10387333922478514,0.13570577771059208,0.13335372361377099
0.09044061959817475,0.11195963643988933,0.12711334681565012,0.09940821325240294,0.12274033636167013,0.08322118873986352,0.10321155116524695,0.10702556990241936,0.1548795377246829
