0.10656596677422496,0.12962105751616257,0.11660181237798216,0.10911698996886982,0.12602076249547342,0.11558009554606731,0.09227659420321684,0.10289255945707149,0.10132416166093143
0.10822061976177132,0.14488252041451985,0.07561814779297386,0.10440223870480236,0.12881696581547636,0.11705180623423549,0.10879724141795614,0.12221012676927172,0.09000033308899293
0.10796537102570807,0.11767231796598576,0.08194391725732285,0.106673567867685,0.11647184869976741,0.10467121583266652,0.16240494058648494,0.08811482108692763,0.11408199967745185
0.07921820480558128,0.12182346851019384,0.16526828263332846,0.1268884197790807,0.11255459774876747,0.11307080110441936,0.0942328325941298,0.10406262017857469,0.08288077264592429
0.1730514880193551,0.08546313362443735,0.05432041918280126,0.14984835119239043,0.10182597299250162,0.10200784147875609,0.12146074948435441,0.1195624185975761,0.09245962542782761
0.19338088019529973,0.10874220087480357,0.12805982813675218,0.1134333091981986,0.0876399599529667,0.09810898651524802,0.08435352880913367,0.12083096231899661,0.0654503439986009
0.1443321297607758,0.1647070955680552,0.020304293530432227,0.10010024422082243,0.11703785341677204,0.10996872091548075,0.12191008004565129,0.08498912360231749,0.13665045893969274
0.07767554648488707,0.10408220910156879,0.20435997849021623,0.09871371622736712,0.10570843850570427,0.10493786745829194,0.10520852993109436,0.09863199775878324,0.10068171604208702
0.08320098780676916,0.1069735232124935,0.17113400890386563,0.09879892085939825,0.11470005641818619,0.11104278712409905,0.09912171730726184,0.10851369899250501,0.10651429937542149
0.16578895324776705,0.10382769933448717,0.06372022603563,0.14334377884584334,0.10427664919414464,0.1065039035572475,0.10694821464099946,0.11559049639243917,0.09000007875144174
0.07767554648488707,0.10408220910156879,0.20435997849021623,0.09871371622736712,0.10570843850570427,0.10493786745829194,0.10520852993109436,0.09863199775878324,0.10068171604208702
0.12016402486821642,0.09094283654065327,0.1266164505009406,0.0927492210038079,0.12220249376021852,0.10450776663105027,0.1067764577482468,0.09241353696656929,0.1436272119802969
0.10054991171070761,0.09469208897562505,0.16700910199440722,0.09775762234228137,0.10112984862731018,0.09757446353813985,0.12752362615963533,0.09981248667744697,0.11395084997444642
0.1324545743879392,0.09945949663496982,0.04491001649601609,0.17072415845030423,0.1004928335276923,0.09530594717701545,0.11186318819279568,0.0808545272229875,0.16393525791027977
0.18961218616445294,0.10110139933754704,0.0838147272039619,0.12856510061904639,0.1122141625083493,0.10884962147923344,0.08215051325501775,0.10868409759046989,0.08500819184192132
0.15684439913468703,0.1045226937651732,0.05551857721826876,0.13789822217330858,0.09504386699546648,0.1027603918747702,0.1255105345816907,0.12231945041027019,0.0995818638463648
0.14935621617567965,0.09635062091753947,0.11690347591466328,0.12058697759956921,0.09383172878377495,0.09733023229741489,0.11190129917888507,0.10066192480647584,0.1130775243259976
0.1105815028934003,0.12104609742365642,0.014018746594544017,0.13075609025136345,0.16574759768573438,0.13940484686433818,0.1117190459769281,0.1251317508941898,0.0815943214158454
0.06474839204586587,0.15333548088650398,0.06797051376871904,0.12013678451012444,0.12998326924902576,0.10186143510645711,0.1675325923664107,0.09479836981567268,0.09963316225122043
0.08697850068481609,0.12684925324711116,0.09367348940248006,0.09373452807719086,0.14941157682378522,0.12647354820660794,0.1131587782732648,0.11590804465922296,0.0938122806255209
0.09176454995028947,0.14562706586957588,0.05264173592379698,0.07698297625045755,0.13009260969476186,0.11847301669728583,0.0841999406919024,0.12046198251328166,0.17975612240864827
0.11261343995331514,0.1375088956257127,0.1157156002066544,0.13790226502641142,0.10126972482211989,0.11243198824931777,0.11270913280386559,0.09699862065011888,0.07285033266248418
0.16372431872281212,0.17590512214516976,0.01268465899509297,0.11073640458168643,0.11721067437973974,0.10397443574190261,0.1297614876525969,0.10539609242307796,0.08060680535792147
0.08021703428063809,0.10247649277835587,0.104766862514032,0.13282312447366967,0.12799515577248974,0.11847368488028649,0.10029340335395348,0.11563139726126657,0.11732284468530818
0.11775929855474832,0.12318265864701328,0.0847636009174814,0.13099422730773638,0.12602499270560505,0.11578777109146822,0.11285650395133644,0.10073668433978096,0.08789426248482994
0.07338869586914583,0.10363122683232284,0.22424704532999787,0.09863209553555684,0.13007951545809937,0.11493635091019531,0.07921066557482907,0.10504793529865399,0.07082646919119887
0.1666279157127434,0.11649004856116378,0.06303539121786124,0.13302142614943735,0.11829197711416511,0.11246570069599383,0.09184238295454329,0.11976965474173999,0.07845550285235195
0.21410255249831045,0.18360949438725085,0.01692268928904149,0.07621229581598155,0.13437065792943412,0.12680969575478698,0.0665953444735588,0.08777241135101077,0.09360485850062494
0.17068681840929156,0.12566588738784176,0.06672255253774233,0.12998429674404835,0.09091019082185607,0.10321957266077497,0.0795937554954461,0.12198758278530404,0.1112293431576948
0.07234514903357962,0.1438070510527911,0.12766220593234998,0.05731476608737607,0.11773042972531556,0.11964643544189403,0.08473886247343593,0.1350928681077446,0.14166223214551302
0.07331593882368152,0.17381215814281556,0.09271469854070676,0.10910587146919808,0.11701293478869983,0.11898861810140486,0.08302143300526453,0.12450405428212408,0.10752429284610482
0.16600841570947902,0.12385659265585058,0.047510967514468455,0.15226382676353223,0.11918964470534671,0.11449829919941225,0.08353769495118013,0.11232306393230289,0.0808114945684277
0.07766093015041854,0.11115060329435751,0.19821678229071124,0.10154203204516166,0.10409526230894535,0.10537103429726058,0.11385622731888705,0.09105096126221295,0.09705616703204517
0.1393815260465848,0.11501617779126427,0.022682637641589273,0.15570151367440235,0.1197514882137564,0.12771137834043214,0.10614100765732148,0.1277624189186453,0.08585185171600392
0.09393437680028549,0.10333988274777493,0.14595951059436574,0.10027562515378009,0.10177278339230666,0.10923139173780266,0.12814689162106063,0.11004561255228007,0.10729392540034378
0.19088785624473367,0.11128245254737797,0.07801262805769411,0.14330164461652847,0.102408247482375,0.09161816895973784,0.10837928408516534,0.10670536109280686,0.0674043569135807
0.10372989636321718,0.1173907392263786,0.10580126796388338,0.09328736124134641,0.11308287003239936,0.12218345664129075,0.09659515065807452,0.1076665950402651,0.1402626628331447
0.19473777281538385,0.08921675607890737,0.05937421387757454,0.09638159582457913,0.12408487206095019,0.09672478301356179,0.08832438041229813,0.10305750590588499,0.14809812001086003
0.1050316372938137,0.10570887957944429,0.06897977439582191,0.1263602483175625,0.1277608618031338,0.11406308369441387,0.1476339182415756,0.11738579383425941,0.08707580283997492
0.08126711353767961,0.14403350371176932,0.050940925563085104,0.11477796720237392,0.13433064156288868,0.13106861048478094,0.11383639604132952,0.1467565831888407,0.08298825870725222
0.08121911247810043,0.15529644878357152,0.06959837367427009,0.13841633386224125,0.11693627422901903,0.12792365903975383,0.09865181547229863,0.11747641874995378,0.09448156371079137
0.09896181515841918,0.09358793326227165,0.10513533715239425,0.12037433726238789,0.15406706811548998,0.12031743873041839,0.10429993892674598,0.12566377986237007,0.0775923515295027
0.11586591986299667,0.1385020183468374,0.019754701400622802,0.10977684075836637,0.13383745300026223,0.12553931046765474,0.07026571396089855,0.08486128906542668,0.20159675313693448
0.06743087220241821,0.12993147617503095,0.10361627485665488,0.08370086498269773,0.1322564749675265,0.13475618040279122,0.0966821781260283,0.09861995822460796,0.15300572006224425
0.07767554648488707,0.10408220910156879,0.20435997849021623,0.09871371622736712,0.10570843850570427,0.10493786745829194,0.10520852993109436,0.09863199775878324,0.10068171604208702
0.08877628450706383,0.13211471433624836,0.10274075452043104,0.09564096110079134,0.11475211773543757,0.12193820103331304,0.07381107520502804,0.09337199847564677,0.17685389308604002
0.1393945140380196,0.10202494788730825,0.11706237916090367,0.11016916312731322,0.10892729493695798,0.09513062332144488,0.13179411938633756,0.09623068194650776,0.09926627619520702
0.0870053432581891,0.1132747689471126,0.20663207562648422,0.10762099572552837,0.10214861326871243,0.10191556737715614,0.09120294216186599,0.1127124701629076,0.07748722347204348
0.08206861125937426,0.11100778236936608,0.1903021606771259,0.09328371517728297,0.10511265709915281,0.10514301906981775,0.10614693766177878,0.10094193222391357,0.10599318446218792
0.11712417532903001,0.1071334341295005,0.10244630588183952,0.09960627690544371,0.10018581248747233,0.10752416219811423,0.1216749851492633,0.12852055489508607,0.1157842930242503
0.14955877153985123,0.13761854599420473,0.06380610204763605,0.12040084920386919,0.10186821499050658,0.10431315546574571,0.07844223039107424,0.10866318058430051,0.13532894978281176
0.10381050245632506,0.127274466589978,0.05391182399090888,0.10040807703522019,0.12174856483199377,0.11041931797374065,0.09687537191646121,0.09743853977755117,0.18811333542782113
0.13380825021452178,0.11319792413878671,0.08585554849691296,0.0812953091607148,0.12406258404291796,0.11585001876261113,0.11139542832337401,0.13435159373208652,0.10018334312807413
0.08723561726611422,0.10527457272584693,0.15712390792039624,0.11701367848224865,0.10417795230081323,0.10442464506301659,0.10652447682452137,0.0985778521118378,0.11964729730520503
0.22590416608952016,0.13524834357822899,0.015928482857378842,0.08261261742188768,0.10550802652030296,0.12779755436542814,0.13019284949593024,0.10077132788266968,0.07603663178865329
0.09314001343533913,0.09433272726100361,0.16387302844468596,0.09078920942557539,0.1277845179335568,0.10341757235739163,0.09142969670858692,0.0937986902720674,0.1414345441617931
0.16266364233092825,0.11463419400737589,0.06978245801294657,0.13249427853903137,0.12225477259575901,0.10846106452757447,0.10359439825594881,0.08886493548931117,0.09725025624112454
0.12530255898014986,0.1149484915722595,0.07258508782346063,0.16752032337775194,0.1192091655057248,0.11217118579760621,0.09329609621100682,0.10429346312695457,0.09067362760508567
0.10742715265749535,0.11961201256204534,0.10983796678903679,0.1178022235245947,0.11634446491628492,0.10702729517000664,0.14161008647737824,0.10332463392326675,0.07701416397989125
0.09154063938731717,0.10134446201024727,0.03396287728811668,0.10210084668917004,0.16465545963745798,0.12770750031529363,0.09609455209919239,0.10674992244152544,0.17584374013167947
0.10360413000648215,0.09512831263432416,0.13186967943580105,0.07794208490413237,0.1302430628210419,0.0999270229619093,0.08977067648112318,0.09592321124225771,0.1755918195129282
0.07767554648488707,0.10408220910156879,0.20435997849021623,0.09871371622736712,0.10570843850570427,0.10493786745829194,0.10520852993109436,0.09863199775878324,0.10068171604208702
0.08659589016098251,0.13816035050995312,0.0836826658312727,0.11447652173497395,0.11628660312317896,0.1233884038199778,0.11147767931089335,0.09033329892303642,0.1355985865857313
0.16354129037298606,0.10040455205356341,0.0280661785855033,0.16158410840366666,0.1330188799783547,0.10821516233739266,0.0967366899410975,0.1304139963403032,0.07801914198713238
0.08715029121343337,0.12156268192144908,0.1321600104313789,0.08123886838459776,0.12475826949886903,0.12118453870528346,0.11814124546249961,0.12022963419903526,0.09357446018345354
0.06227530098811073,0.16644562521705422,0.030274028322473324,0.08538943943009518,0.1580963039979874,0.14373699894852346,0.09343255160781044,0.11503669457087988,0.14531305691706525
0.08056627053568739,0.1093669680058282,0.19143200795574666,0.1006380430950613,0.11554734582254562,0.10776437242911065,0.09604196560576701,0.10286748717121776,0.09577553937903542
0.07767554648488707,0.10408220910156879,0.20435997849021623,0.09871371622736712,0.10570843850570427,0.10493786745829194,0.10520852993109436,0.09863199775878324,0.10068171604208702
0.07605445191076564,0.12452527951969761,0.055128845360112144,0.11225563650921065,0.11329928593256718,0.114508834131605,0.10218080487897425,0.10703306415677066,0.1950137976002969
0.12170457252896087,0.10252148764191228,0.07748309844810577,0.0852645704461316,0.10845463731437842,0.1051574393518732,0.18882274035932803,0.10261358566961735,0.10797786823969258
0.1624634265001761,0.15506049323729956,0.0302919642360705,0.13654398858525452,0.12516584310219067,0.11499796051707323,0.10446867651897174,0.10642806088846903,0.06457958641449461
0.12992840502114913,0.11791801607964036,0.035755956931919526,0.145523347994273,0.12283769266256613,0.12320065655139341,0.10393746488628447,0.14529340225839316,0.07560505761438073
0.0821566040871915,0.09881415868264576,0.10585718613490429,0.12405231108570958,0.13116467722772243,0.11193547885141153,0.09079427463388419,0.11365355938065054,0.14157174991588017
0.10290243902074157,0.1482824474772092,0.03581197435216806,0.11025361993140666,0.14359175186042347,0.13093368808509323,0.09813736729295269,0.12160225437516348,0.10848445760484161
0.07688996290572798,0.11526109244166156,0.1835313024619271,0.09795424492280398,0.10664588880621217,0.10720959385656374,0.10660915638911898,0.10446299895414642,0.10143575926183811
0.16536251830783297,0.15183046702498848,0.0453627563188245,0.11303941125004191,0.11204292001953664,0.11124845174015385,0.11066213065274468,0.11482846910819126,0.07562287557768581
0.08717231850722051,0.10613098397378506,0.19626285314314676,0.09809686622089124,0.10730588559456718,0.10685893361677888,0.09951772440480905,0.10036909674202321,0.09828533779677806
0.14469728750506172,0.1503468535689041,0.053956104064138734,0.1007479289813764,0.11326199447025055,0.12236659790500719,0.086652107046834,0.13658183657638334,0.09138928988204396
0.09109027076670578,0.1035662470173198,0.14672012329251247,0.10312106945284821,0.12324406473618339,0.10898041045641765,0.1055934367516403,0.09539702599866305,0.12228735152770942
0.11030074699223173,0.14019407624691513,0.06331149255272349,0.1326574304105022,0.12254386743805118,0.10724009936513414,0.10326011505765009,0.1234678775043343,0.0970242944324578
0.10980032784377965,0.10752134764265613,0.0694479191300267,0.0950983230373245,0.14651756168048063,0.1255277102605515,0.09911172068305267,0.09691369488793611,0.1500613948341921
0.15337422346144167,0.14915366793540083,0.10547349937540791,0.12474419422644385,0.10741744003822119,0.1179070661656615,0.08384222127828404,0.09717025902676873,0.060917428492370314
0.1512166219961131,0.10511945154100376,0.06981205073982155,0.12366545465865654,0.0919524256011013,0.10488308224485482,0.0930000507107041,0.11961687638248501,0.1407339861252599
0.11314542824615588,0.09935854641955043,0.14296622916319654,0.11366074953803568,0.11505427777765498,0.1018535868203595,0.11946517450236782,0.09998113438851382,0.09451487314416536
0.08719823172810941,0.11128811200106353,0.129203531084073,0.12714795655914315,0.11559354616308411,0.10190028026363307,0.10309803805811303,0.08906589451628334,0.13550440962649735
0.09461546411237017,0.11129680804412184,0.08562868469018003,0.11130269279067363,0.13337120502603864,0.12203760684077407,0.08566547813270776,0.11394293599599802,0.14213912436713586
0.1018496886203329,0.11178933540202257,0.16021530377132684,0.10127470554359841,0.10339214750510035,0.1084151134163668,0.12207094607504891,0.11087336151642276,0.0801193981497804
0.1882587664678915,0.11627416839043477,0.08192488225323935,0.12551235309682476,0.09793211415428833,0.11508152810944927,0.07571270604937173,0.13378346071356262,0.06552002076493778
0.10368326809084456,0.11401245814723876,0.13686313736838557,0.11456911391816073,0.1029008286085703,0.11748442194559312,0.09044829121513358,0.10575800043287835,0.114280480273195
0.15349165253791885,0.129241034201622,0.07321527223987039,0.09757669530668568,0.09241912990659351,0.11456620762611631,0.09019425752810091,0.13030668607205273,0.1189890645810396
0.11442600189175173,0.1303151547748956,0.046567154218634645,0.09187959008468367,0.12799377461876352,0.11763830997265119,0.12544045549074814,0.12007574079579277,0.12566381815207864
0.11823181624041985,0.11764758908070366,0.08532446649168413,0.12495199053776977,0.12900727997284014,0.13168304294432231,0.09487508952172997,0.1164430803062881,0.08183564490424206
0.09220271817182753,0.11106965409883679,0.09437801869239043,0.13841756044892053,0.12836846256745463,0.11470668147668896,0.1017257621724959,0.1046080068343882,0.11452313553699706
0.07767554648488707,0.10408220910156879,0.20435997849021623,0.09871371622736712,0.10570843850570427,0.10493786745829194,0.10520852993109436,0.09863199775878324,0.10068171604208702
0.09187384929085769,0.10541130358890545,0.11953077387807332,0.1228246593295607,0.10326344603289557,0.09715299837675138,0.17322503329105468,0.08817207678288502,0.09854585942901618
0.08249144717064645,0.0953323597316895,0.1722443489151064,0.10917282496580656,0.11163469174160305,0.11223953011540551,0.09724248662121127,0.10608325667201553,0.11355905406651579
0.1157740088401908,0.13971962768578702,0.0517548271619627,0.11338047673458718,0.1265401701002953,0.11987272788843813,0.10044358835635292,0.11075960789353419,0.12175496533885173
0.10074355350012643,0.12751247916548128,0.13326468751277365,0.06765785904867115,0.11058015272448311,0.11865879045445471,0.12091848135060489,0.13292086097048125,0.0877431352729235
0.0764650610073942,0.1130292709881023,0.1577886537312643,0.09319833813800212,0.10375485011941982,0.10712694812547803,0.16468201588937786,0.09872593582680805,0.08522892617415333
0.1701125268619141,0.10799239744534266,0.05422711354703721,0.13638951134653202,0.10583026334190722,0.11235390061055002,0.09079376587604844,0.14177428357776475,0.08052623739290354
0.07767554648488707,0.10408220910156879,0.20435997849021623,0.09871371622736712,0.10570843850570427,0.10493786745829194,0.10520852993109436,0.09863199775878324,0.10068171604208702
0.12317990334079183,0.11595682736443345,0.10540879788213327,0.1123393587666206,0.09331609306593495,0.1036323615982188,0.09457079179203054,0.09733870145384782,0.15425716473598874
0.1853778644374694,0.09865578551416354,0.15010654137235757,0.10604975512110267,0.08242247250277411,0.09082016266037239,0.09104689446910141,0.10987354967008332,0.08564697425257556
0.11312842584207743,0.10982980577017122,0.042369943607428275,0.15859782979201384,0.07788184185640003,0.08554569840752758,0.0970130049723702,0.07918414981876788,0.2364492999332435
0.17659846421238815,0.09491843513153105,0.07997795601141135,0.11174850468784782,0.10393431415482197,0.10397622353806092,0.08905904963365004,0.12017909379635011,0.1196079588339386
0.09460274318487182,0.11774966649811242,0.14402716221284625,0.10768256603989283,0.11188105276205307,0.11067793986580415,0.11257371331182582,0.09841115989947301,0.10239399622512062
0.0921292387339444,0.1846333874259183,0.04300737035909658,0.10830612953564532,0.12254712971533521,0.1178180406604074,0.08369555402920288,0.1236193200690906,0.1242438294713593
0.08843524021578009,0.11022698200170071,0.14045950621227485,0.14735540986365678,0.12064155962671046,0.10158373829864185,0.11876183878456759,0.08896396408180979,0.08357176091485785
0.09446518310927897,0.10693803569280197,0.14502879894558454,0.08063691372485525,0.10795135152606694,0.11363206161084816,0.09580780719730274,0.11445515039898406,0.14108469779427743
0.056421281385138695,0.12200325774741767,0.17077413613433934,0.056358104280865184,0.12269312813173612,0.11311677640321809,0.0892187494295868,0.11763646785830513,0.15177809862939293
0.09372076613785697,0.13251306757792483,0.15216571032347023,0.08122848542535654,0.10292559283318446,0.11887509088056243,0.09282320989034565,0.11631203850030229,0.10943603843099657
0.09272109014166026,0.1291996936159707,0.0663703601715424,0.14668272006827543,0.11442638483311596,0.11061565603167933,0.13217365221424238,0.11992404149193515,0.08788640143157839
0.06550487943568141,0.15586531250202165,0.09704405235997486,0.08553227727389318,0.1130824626842355,0.12304604199385831,0.1059216446962221,0.13401404975787942,0.11998927929623356
0.07284406257224389,0.10714659640182805,0.19885928974239775,0.10357341400941222,0.10726404943950207,0.10700403246362965,0.10601922155408389,0.10188408600124349,0.09540524781565901
0.07426609041923167,0.10615033843312845,0.22504701780349115,0.09717808580558467,0.09779881381894896,0.1043923515842684,0.08888266422358419,0.10526675709579765,0.10101788081596479
0.06038970169803414,0.12619815995075453,0.07772279162204226,0.14267109700649783,0.14525202827014908,0.116486764096839,0.09307822924023905,0.08676698994287908,0.15143423817256496
0.1509419257049227,0.12418693830092313,0.07866513856923663,0.1045945211643806,0.08981694410779302,0.10637565266652675,0.08817779944364001,0.11131492006172534,0.14592615998085187
0.18441316329222893,0.1045317362526051,0.09998863242853867,0.126205204155895,0.12259419968935599,0.10294676404539772,0.07771188093945718,0.12226157856663918,0.059346840629882186
0.2288359370271699,0.09440457566330619,0.0437359255626365,0.09774859786329171,0.11820057300854704,0.08746586091784132,0.07286323363687026,0.09520625121421049,0.16153904510612663
0.0818201012080022,0.1291200838153437,0.146428574186431,0.0963361521733654,0.1087731109711167,0.1112979236000853,0.11434972985254288,0.11076115562063471,0.10111316857247811
0.0761029558157507,0.15481931250433792,0.14416841301190106,0.10074693474099039,0.12042911592064513,0.10895457199501808,0.1149727321608139,0.10501901987881272,0.07478694397173008
0.0636522798154498,0.12172084726758475,0.07057814798572976,0.13524182707636376,0.11329495782092269,0.10029680242906121,0.20810044914773873,0.0940981213886161,0.09301656706853323
0.07490407459723329,0.10770888101845104,0.175738859842106,0.07655163609122499,0.1303521126189375,0.1147301681174514,0.10437562777734022,0.10329697037262425,0.11234166956463128
0.1373749198810353,0.11063808637039607,0.12169207530931442,0.11211853990968955,0.08098997386843475,0.09747672539343495,0.12244257079478822,0.09485082049013786,0.12241628798276886
0.08891590598572369,0.16800251851419146,0.05426194444900482,0.14109011153249587,0.10876261307455377,0.12113071561669524,0.09167803283597283,0.12594288950521026,0.10021526848615205
0.09332883406162122,0.12994549976344097,0.07701588238946773,0.05933999199617263,0.13151070433020975,0.13160338202278254,0.12326657633978931,0.1492119204160146,0.10477720868050121
0.21439584570457007,0.07642872535681773,0.10601764622647859,0.10252007417954051,0.09262861848974031,0.09013830906312213,0.1165373330309285,0.08689009999652135,0.11444334795228082
0.10377474161585554,0.09439861939672582,0.13012511582149602,0.1330776167754708,0.12580026724789042,0.11049734880267052,0.09998525425194364,0.11723375186503476,0.08510728422291249
0.18816041690563956,0.12024002795390172,0.04879536702794172,0.11125028342042047,0.10950277567580445,0.10977501089919854,0.12857129853000027,0.1014133685660082,0.08229145102108505
0.0686372554045865,0.11002640026869903,0.08722385987177367,0.13084554583801464,0.12916709294122922,0.11344541625642318,0.08861362532811795,0.09967924870798993,0.1723615553831659
0.14278287002658882,0.1265138480369856,0.10296209591793663,0.17183369369761015,0.09206449511057331,0.10395507237666646,0.08272347650805591,0.10503305561897935,0.07213139270660379
0.14142754046217534,0.10564563761348979,0.01965013474953245,0.0763552280306128,0.12582225122921922,0.13004060365244793,0.10171090573295162,0.13991101059620037,0.15943668793337046
0.19388841466355392,0.13277763389132638,0.07968156157996542,0.09443301101754525,0.10280503187924118,0.10663727956813673,0.0837080971223292,0.11493531766995581,0.09113365260794613
0.1467376812779134,0.12323617595479168,0.02115504688573364,0.07659790772763417,0.12604811282311223,0.1320880059695823,0.11163751836528657,0.12789680454679264,0.13460274644915338
0.10252111406548052,0.12235037730162153,0.09906099795179361,0.09492928670759743,0.12582449786100067,0.12950820142487726,0.1082255032421907,0.12548599300492588,0.0920940284405124
0.06481871505998175,0.13838683651456965,0.15406626800725595,0.09832275027267749,0.10921981358193227,0.11210317045820606,0.10200368225093613,0.1140665486661722,0.10701221518826841
0.10519753743061121,0.10939928419929162,0.056205316357292416,0.09706558064254378,0.1368556631568516,0.1283700684386412,0.08311159577579592,0.09865615512350441,0.1851387988754677
0.13405859684458102,0.09793962128520343,0.17410631167977245,0.11006922808348017,0.09573365799430007,0.09545130638553763,0.11139814087782007,0.09273896258429466,0.0885041742650104
0.09476346727402989,0.1400224445403242,0.08159648298993442,0.06978490865260925,0.13223079113981492,0.12455224499037398,0.12542694161508094,0.10635721046130531,0.12526550833652714
0.11910858717914569,0.11128497817149409,0.1165881843357805,0.13044198566894724,0.1200024348755796,0.10425132386712534,0.09803319046469272,0.09258849716328961,0.10770081827394518
0.1024239067981686,0.11026165385417779,0.16673514037667445,0.10391542756938521,0.10803436600958444,0.10700759610967969,0.10527837833410104,0.09901015732005923,0.09733337362816946
0.09034183270013789,0.11058900892162131,0.15056273920485777,0.12079470526274712,0.10755066977550942,0.11286882012389084,0.09331617283835457,0.10991954044280083,0.1040565107300802
0.07767554648488707,0.10408220910156879,0.20435997849021623,0.09871371622736712,0.10570843850570427,0.10493786745829194,0.10520852993109436,0.09863199775878324,0.10068171604208702
0.07767554648488707,0.10408220910156879,0.20435997849021623,0.09871371622736712,0.10570843850570427,0.10493786745829194,0.10520852993109436,0.09863199775878324,0.10068171604208702
0.11696356860280639,0.0964479473910936,0.0798838733535276,0.10202524502140702,0.11851180961399393,0.10478327621726019,0.16343112888475464,0.12096507927481064,0.09698807164034602
0.07767554648488707,0.10408220910156879,0.20435997849021623,0.09871371622736712,0.10570843850570427,0.10493786745829194,0.10520852993109436,0.09863199775878324,0.10068171604208702
0.11027296485979111,0.11529981309803465,0.03884544593794692,0.09007241128583617,0.11400575386385485,0.11034101091156857,0.22486691165709916,0.11878891370336812,0.0775067746825004
0.09845985935848577,0.1354219141812115,0.04722797866420627,0.08626535746656307,0.12134669934887739,0.11171729197938557,0.19056624607919,0.11389540112094275,0.09509925180113772
0.08207806698381126,0.1150265884840486,0.11877004101650296,0.11509478601728163,0.1306943252268715,0.12688453306549866,0.1023051852287837,0.11569660307781288,0.09344987089938876
0.09742824727204764,0.12584281185188181,0.10574853316766665,0.09823740619229987,0.1254648696400961,0.12848967922131874,0.11894969194154864,0.11462207195095697,0.08521668876218352
0.18849636474201592,0.11403432948603198,0.04370551180325932,0.06690817306378086,0.10308187520879729,0.11699636507499016,0.12325895885379119,0.12944954221632757,0.11406887955100571
0.1292673172201261,0.12034554114733452,0.0815063606765949,0.08542806416193034,0.09087511697578814,0.1016305243700672,0.09946940956733236,0.0989908039295224,0.19248686195130407
0.07537665625654223,0.09882966108274181,0.16938439344090453,0.11604525678089077,0.11492634224168419,0.10745175504367627,0.10860040911056519,0.10738110080054901,0.10200442524244603
0.06739222745002889,0.14916298768868627,0.0884260653474781,0.0727684657630374,0.11216933582864881,0.11676028963534757,0.10124001616061558,0.1096556119067873,0.18242500021937003
0.10758227610138332,0.09261986081529834,0.20630179851207595,0.10411763563400837,0.1030477008991872,0.09723335180598869,0.1140336122066636,0.10133639190904249,0.07372737211635202
0.1287431328366935,0.1131497790968613,0.10668406176249924,0.11907099367226626,0.11688669619440918,0.11196224828698065,0.1161814403835012,0.09701995142654736,0.09030169634024125
0.22060129881359644,0.1205045671823033,0.03660627405436339,0.14146838260865835,0.09847082922285794,0.10147215408875211,0.10135290214568086,0.12338645546251181,0.05613713642127583
0.1352194106414644,0.10449195431656279,0.06494127490202248,0.1295168065993764,0.09721425580661004,0.10401416149852188,0.1658912396735892,0.11453592826544358,0.08417496829640923
0.09164702362961476,0.11806977334207354,0.15418768806747307,0.09466151364060965,0.11883887926866998,0.11255677031602579,0.11717999042232667,0.12172052130660536,0.0711378400066011
0.06737939909588493,0.08945825194569013,0.21772045548398186,0.08529163340422267,0.1028410756973435,0.10289249263903795,0.12381780198805209,0.1005396896493675,0.1100592000964193
0.07247295342675474,0.13501423920274166,0.0851757588117814,0.13861288135993718,0.12081517268851995,0.11377678089675543,0.1405365814863255,0.11427220179569736,0.07932343033148682
0.09480560202721394,0.13439551507057038,0.09286832105686649,0.13140080328320258,0.10504459348864696,0.11473718670819089,0.0832282099879746,0.10392108612370321,0.13959868225363092
0.10627557110848385,0.10713241440285685,0.16113533611090325,0.11004181364818583,0.1122593077382476,0.10554404896372449,0.11002562551009454,0.10046858273074559,0.08711729978675796
0.07767554648488707,0.10408220910156879,0.20435997849021623,0.09871371622736712,0.10570843850570427,0.10493786745829194,0.10520852993109436,0.09863199775878324,0.10068171604208702
0.07767554648488707,0.10408220910156879,0.20435997849021623,0.09871371622736712,0.10570843850570427,0.10493786745829194,0.10520852993109436,0.09863199775878324,0.10068171604208702
0.17380309429599997,0.13409556296179895,0.04566083642329662,0.11331074675348879,0.11809590146633075,0.12654418123532127,0.07688467462589553,0.11014309408385681,0.1014619081540113
0.09350587435282544,0.16620412185434263,0.05341230982118461,0.09431392387517025,0.12664247784273786,0.12383382915867502,0.1121033739288781,0.12543626450538733,0.10454782466079876
0.07767554648488707,0.10408220910156879,0.20435997849021623,0.09871371622736712,0.10570843850570427,0.10493786745829194,0.10520852993109436,0.09863199775878324,0.10068171604208702
0.0873325149531176,0.11675324196561492,0.15263464319963735,0.11193594640600073,0.12303216361081697,0.11332464542820912,0.0952727516839258,0.10711349594221799,0.0926005968104595
0.07353814078473074,0.09431049665311901,0.21883104380377705,0.10508310767551138,0.09706560690326449,0.10225266707314425,0.098509096124393,0.09795680264770462,0.11245303833435549
0.09968839560091065,0.11905098069402609,0.12415961729629814,0.09878043039201446,0.11711382222477922,0.1264461511697468,0.08825050938400458,0.09688419882814152,0.12962589441007852
0.15202503252166213,0.11781475828383632,0.09369392384734872,0.11195696775020499,0.11709965944455113,0.1147817669384137,0.09403478061633745,0.10937514197721161,0.08921796862043395
0.15161767139131282,0.09822586907363844,0.05006959640890949,0.12370648488149506,0.11007867247220952,0.09536054607216322,0.10354139701285109,0.08048598287531954,0.1869137798121007
0.16042451876372946,0.10485357226014426,0.1509479137412088,0.10702894813319379,0.09053253733318768,0.09723956496264256,0.1076911020466681,0.11111875098555284,0.0701630917736726
0.07767554648488707,0.10408220910156879,0.20435997849021623,0.09871371622736712,0.10570843850570427,0.10493786745829194,0.10520852993109436,0.09863199775878324,0.10068171604208702
0.1486721876367729,0.12020275693659288,0.090309767194572,0.10024323913404627,0.12394628237619025,0.11473038561596632,0.11437301742296548,0.11337417948663005,0.0741481841962639
0.18158975582517423,0.1531808395644405,0.031538832669631596,0.11466929124634699,0.13704841259102177,0.13790116809674838,0.0636466881473922,0.09979831261308364,0.08062669924616073
0.080786107283361,0.13345758886277145,0.09130620624259317,0.1056740518100459,0.11442538130947592,0.11356723774618212,0.14221480404616182,0.09570955066563573,0.12285907203377283
0.13314614739652667,0.10371671876225019,0.09878680724987358,0.09269598953175717,0.1286702237423462,0.11432663161878974,0.10555071523128197,0.11195116383817826,0.11115560262899617
0.109136758293295,0.12105207810297695,0.03691212889373616,0.10211079427880625,0.10446865238719678,0.10379784980564055,0.08470685676935417,0.10338832126362556,0.2344265602053686
0.055676862295399816,0.1272100083253002,0.04716250787960343,0.07810507004745769,0.11412774859936635,0.11474188966972913,0.24242361735659926,0.11040131257749398,0.11015098324905011
0.14207985487193184,0.12809135179158962,0.06476388680275295,0.08236836140954283,0.12125593812903251,0.1198418689449397,0.10177454155446213,0.12108466644477293,0.11873953005097553
0.11667830905691086,0.10528548760030942,0.06043137252921921,0.10620506314263482,0.10305760477298331,0.11407760552475682,0.20114206870771467,0.123957615388749,0.06916487327672194
0.08845353966776022,0.10371029655617466,0.14075927081244888,0.09678560877060637,0.12785521682360987,0.11140272581418131,0.12596913275004706,0.11715056738752115,0.08791364141765039
0.1175845022651613,0.11525067677950045,0.10162629645548711,0.09105575507909797,0.1195322214085502,0.11647097472649388,0.10479810032447019,0.08769816247409129,0.14598331048714758
0.0808702355918674,0.11345972917050214,0.17815536419673542,0.06933202152729277,0.11030843507249018,0.11029131637976003,0.09477711211016904,0.11703427037970164,0.12577151557148133
0.12460044398813634,0.11347233589624144,0.05103951017180094,0.12323802673302749,0.12804057272989636,0.11855512919105908,0.08870053485496258,0.10568643028277003,0.14666701615210578
0.08687446985590837,0.11719763142043062,0.20946591912750281,0.10249596640635866,0.08880931725876884,0.09825150108950653,0.10216286732627604,0.08689572884581125,0.10784659866943684
0.11864237121039771,0.11974347531863139,0.06244000148868236,0.1324080605749948,0.14342933901584376,0.1297434731994571,0.09020412545672958,0.13094047452137794,0.07244867921388538
0.09753720285975524,0.10333800949183926,0.18252563164154514,0.09508939591188387,0.10020490629327178,0.1046752173139469,0.099498246911098,0.10352289795245041,0.11360849162420938
0.10726329694010117,0.18247792671491106,0.05949396222781802,0.1236303205444243,0.12157909804628075,0.12426061855995285,0.07662313367795014,0.09313069672946206,0.11154094655909959
0.11764190321506095,0.09933461048181895,0.17253314708415615,0.10096553872706365,0.11146125137012182,0.1019478409845971,0.09340964565283112,0.10382366485542725,0.09888239762892304
0.18765972999892164,0.1411765476413427,0.021310243594288392,0.12440025833734676,0.10963139951036911,0.12362889798384845,0.09566842323568987,0.10138666893073474,0.09513783076745834
0.05190312765169922,0.1303902249620348,0.10403125704481349,0.10283119086659949,0.13944220896281256,0.12808223181662967,0.08564820441533895,0.09858132639545036,0.1590902278846215
0.10056536045302251,0.10612212595967935,0.14541643868452173,0.1067315023014116,0.08968774193357765,0.08641526093397968,0.08772520544640261,0.07969903127941173,0.19763733300799324
0.07767554648488707,0.10408220910156879,0.20435997849021623,0.09871371622736712,0.10570843850570427,0.10493786745829194,0.10520852993109436,0.09863199775878324,0.10068171604208702
0.11897919120702945,0.1075919188658047,0.0642410048145675,0.08679724668734119,0.12497951540103573,0.11437767438562955,0.1668002782562389,0.11334316388695963,0.10289000649539341
0.07213560664216988,0.10072936818284445,0.18123970797276145,0.1122078932843522,0.10455202582667379,0.10478431819005324,0.09808329639809793,0.10042585561438762,0.12584192788865944
0.09958179405670703,0.1486755293615485,0.05880963277712226,0.11984274448562549,0.10894117174770378,0.11590821113297199,0.07643885452713255,0.0859520468631144,0.18585001504807408
0.07035174638249388,0.15064570294045254,0.1103022209462901,0.09294967373944894,0.12020064138051086,0.11742842206847241,0.11376999076301302,0.11128196735489786,0.11306963442442042
0.12622493422429934,0.1254435149173477,0.025385198960043525,0.12121115223410857,0.15709278202496071,0.1329525845389091,0.10599505591925697,0.1159017417276106,0.0897930354534634
0.13884394136558123,0.09295365415574704,0.20727557931299367,0.10408708563886197,0.10018587651811035,0.09555507875503612,0.08869429214154188,0.10155956201476173,0.07084493009736602
0.10626482714929324,0.11640494922832756,0.13223046920259712,0.11422323284074437,0.12136115432994536,0.11360618277244966,0.09071391098525504,0.10971660548881224,0.09547866800257547
0.08957953342655985,0.10996349211555706,0.1366281831595612,0.10877869613576878,0.1068359529048077,0.10335096468105376,0.14965148439829415,0.09583277022496846,0.09937892295342904
0.08309278020406445,0.11218777660023434,0.13406976345248803,0.12060601711022817,0.11655125863570702,0.1153479684102706,0.11187121859008252,0.11245458180186513,0.09381863519505972
0.07767554648488707,0.10408220910156879,0.20435997849021623,0.09871371622736712,0.10570843850570427,0.10493786745829194,0.10520852993109436,0.09863199775878324,0.10068171604208702
0.11204068307954879,0.10019243470066956,0.1585083922085537,0.10010648178402216,0.09656131628625238,0.10361942257289093,0.09259494162602498,0.10536284288794705,0.13101348485409042
0.15119794266996014,0.11652343997993864,0.0835965123879568,0.10229015795311425,0.1093364152262527,0.09705546617722066,0.07463483548336619,0.09338099009895771,0.17198424002323284
0.06671817332391912,0.1266127786141061,0.15575036759308047,0.08840818112728586,0.10965792115706453,0.11250776117400375,0.13539027630664582,0.11394104946099669,0.09101349124289759
0.07767554648488707,0.10408220910156879,0.20435997849021623,0.09871371622736712,0.10570843850570427,0.10493786745829194,0.10520852993109436,0.09863199775878324,0.10068171604208702
0.13680488646715588,0.14643041998633985,0.03703860321158555,0.09149827639536363,0.1390710043640521,0.12192555403916656,0.09135085789108717,0.13069719516503697,0.10518320248021217
