0.11661245974855435,0.11081138884397347,0.11892438731759225,0.10654273038947137,0.10158811116549245,0.07645664876920062,0.13194957765968274,0.11314014433818242,0.12397455176785026
0.10614090863912527,0.11036791052987609,0.1134216109430685,0.11426448788112474,0.091496336946843,0.11657917803412048,0.11945412842982066,0.11404331086556728,0.11423212773045399
0.08558064243479868,0.10110911758858371,0.11669552507637271,0.09560848101060089,0.10807894877575597,0.22387414184712917,0.12097997785601794,0.04873598650218159,0.09933717890855931
0.08971571085680767,0.11071449526159453,0.10643169754007137,0.0916984610918042,0.21493428284711671,0.13935624247730807,0.10410695341134452,0.03762298892370132,0.1054191675902516
0.084033276109189,0.09812429078967122,0.11349943400521027,0.08991141025472156,0.17415334149703918,0.1490921609927236,0.10822646379059692,0.07954978515624796,0.10340983740460037
0.12589893947874556,0.11154300055496559,0.11778766134133523,0.107274704886683,0.08620063101462327,0.09687783983153216,0.12007515962435844,0.12252467340729926,0.11181738986045749
0.11493957669215434,0.10872735163274773,0.11197800281404975,0.11058369697314514,0.10056300626421687,0.11008519170188018,0.11477144200801992,0.1185201202272426,0.10983161168654343
0.11529210155454749,0.12235223291978659,0.13533175699520764,0.10475409814616621,0.10222811359756895,0.11268864144614575,0.11154821243812267,0.0831053899214458,0.11269945298100892
0.09623879928802272,0.09885369488407751,0.11400733804309644,0.12346676443341165,0.12458911848276767,0.11487501706988663,0.12433039424227466,0.08649025464581007,0.11714861891065269
0.10319705077642714,0.11711227980370502,0.12026607075211344,0.11655405025446135,0.09090143781721476,0.14166245202944294,0.11004254881568594,0.09185915651213748,0.10840495323881195
0.1074638953796565,0.11440725409316001,0.1280037553511494,0.10951799888131764,0.10827540113688842,0.08916562418884079,0.13184405257235174,0.09354771438153968,0.11777430401509587
0.11839821005940314,0.11542640903795635,0.11414548211614343,0.11565253122036238,0.10076174299842262,0.09492271921243965,0.12655256489160008,0.1002245525392379,0.11391578792443435
0.11169603318730147,0.10618731350011891,0.1095774062349062,0.1074237350726075,0.10224214155037141,0.10435126702794324,0.12039360685136456,0.13439325318224274,0.10373524339314392
0.11894036712960525,0.1460785921381342,0.11541503400378883,0.1384191131546085,0.11036054338260277,0.08370743822363395,0.1326359949782627,0.04411091279827928,0.11033200419108448
0.10220917729716576,0.10499867302094686,0.1170128301853172,0.11374674884534004,0.08689473763131933,0.15961624992780932,0.11330494095170267,0.09731188437906708,0.1049047577613317
0.09818852143137413,0.10818785530986481,0.11804286085806737,0.10664830194690393,0.11211634186193391,0.11892460302371229,0.11398648991501407,0.10913186635807788,0.11477315929505165
0.11995169642728794,0.11151870923032943,0.11257138273595657,0.11695112633506116,0.09636915708591058,0.09490366800842305,0.1230500057703537,0.11218398905270456,0.11250026535397305
0.12226771939405691,0.11949725469468118,0.13140670970975418,0.12347328892957658,0.08797897395393224,0.10758265964804108,0.11543541088947241,0.06317725134952412,0.12918073143096134
0.08871057283158133,0.09922894244593257,0.1013354794153043,0.08635977682574014,0.12150789598238308,0.17998909503657412,0.10876722548725826,0.1040681292537438,0.1100328827214823
0.08835645530440529,0.11532007008674829,0.12468249279267185,0.1134453938454304,0.104360067580617,0.1026146364448103,0.12226528776645584,0.08597444096008387,0.1429811552187771
0.12633162720948435,0.10209676057697058,0.1196861063728515,0.11002122037776778,0.0903139709837223,0.11562617601776559,0.1078112025380845,0.12913974651487053,0.09897318940848289
0.11016616323628865,0.11009211399349356,0.11296937944853015,0.11576109294462363,0.09314069258401164,0.10847876923222693,0.118705758233717,0.11803727842514827,0.11264875190196012
0.11401775208387803,0.11784586039512081,0.1215132580974548,0.14529765820938026,0.10709594137701245,0.08500656042246035,0.13786558905620713,0.048141479468983735,0.12321590088950247
0.08382709932304523,0.09449065057240573,0.101416423059267,0.1296995612018895,0.10030208654262886,0.20650083172348244,0.0939268721133462,0.06966024399547684,0.1201762314684582
0.11678153011097613,0.10269839063703297,0.11356267624638383,0.10928712469644127,0.11047008900145737,0.14125469436809893,0.1095184564683828,0.08290514734665731,0.1135218911245694
0.10658268260889749,0.11104038575416908,0.1090560465126496,0.11081858516021931,0.08631944160107292,0.10802738668306337,0.11862877175043118,0.11498452355727513,0.134542176372222
0.10614090863912527,0.11036791052987609,0.1134216109430685,0.11426448788112474,0.091496336946843,0.11657917803412048,0.11945412842982066,0.11404331086556728,0.11423212773045399
0.11508755489843421,0.11009388949537191,0.11562879503445454,0.10426582549273632,0.10091475836291441,0.12496112850739045,0.1271624214887931,0.09792667199086069,0.10395895472904436
0.11053472820232109,0.11005190649024905,0.11291984715401464,0.11587715865914026,0.09330651211925321,0.10779715499177005,0.11862222406899985,0.1183967491270751,0.1124937191871767
0.11711439495270322,0.10032355600652294,0.12124512159938067,0.11372322348557835,0.13952474351401375,0.11213586133692,0.10757117585662362,0.07902545337957669,0.10933646986868073
0.11009694408922388,0.11392208780866969,0.10280836620481097,0.11574159668513705,0.10557314926011437,0.09724400871966199,0.11402306645651165,0.12475860734869804,0.11583217342717228
0.10118053374316655,0.09030517688109874,0.1039473011341397,0.10959313093504613,0.11466171383299233,0.19045608972822456,0.13610607554722967,0.04215148843250899,0.11159848976559339
0.12915516271730693,0.10748748883379278,0.12107177530880757,0.09615265556356965,0.1035862265307627,0.09190192947805303,0.1375560511969842,0.10120208185669811,0.11188662851402494
0.11649744733806387,0.11913368801622744,0.11342990458134727,0.1114471213983461,0.09413122967940606,0.12563807185298959,0.10781881683633998,0.10346948527541001,0.10843423502186965
0.1158776349843663,0.1001822539369059,0.12291998972363093,0.09564654904170021,0.09612682115219355,0.10564715841289378,0.12429094952484021,0.12867453438035162,0.11063410884311758
0.10321210945455213,0.110338579853359,0.12399335384160247,0.12250698043390269,0.1312941169958797,0.10645434772403811,0.11449382195830837,0.07154775910105833,0.11615893063729922
0.1078101853780601,0.11483333988436252,0.12137616055579047,0.11300496397100467,0.10449564602147143,0.11548005495518711,0.13638500200492845,0.06343672706687689,0.12317792016231843
0.10913961375477564,0.10571564672406177,0.15944956208785696,0.12235755217059872,0.1087386109193726,0.08995836800644964,0.10255325897745571,0.09541740927479843,0.10666997808463048
0.11216383586895258,0.10866425445979694,0.11238903699475071,0.11055756204955541,0.0971038510559038,0.09961460289673178,0.12284948497187513,0.13005296702838656,0.10660440467404708
0.11083956231946035,0.11821091550929685,0.1379191726031684,0.1272373826615599,0.11983786803396819,0.09720670502594762,0.11618649197068294,0.050755471506602416,0.12180643036931334
0.1143068007787688,0.11060828861436289,0.11345784301804689,0.10795472440565616,0.09531672666967404,0.10356246778707191,0.12305004239712763,0.11903005574478598,0.11271305058450565
0.10534512108833387,0.11516314709381548,0.11418065071086751,0.10409320343973529,0.11192293434615469,0.15118258328742265,0.13733050903427285,0.05877734429554063,0.10200450670385693
0.13946873351385233,0.11866208416644412,0.11810107289474846,0.10900520907809513,0.11837688455923745,0.10136446018275552,0.12141127534838975,0.06896701404069926,0.10464326621577806
0.09785069467518281,0.1258313705626467,0.14030039867730695,0.10669509709796021,0.12524899481462637,0.10667940412724242,0.12247512926835809,0.05421915689733712,0.12069975387933929
0.13016132251755033,0.10915378567685292,0.12929022551818986,0.14367344488069442,0.10136113567209619,0.10151304748724015,0.11253324735556586,0.05043143076622498,0.12188236012558529
0.09186346366090332,0.12547732264399133,0.09571556272146851,0.10098637688669142,0.10920350436826735,0.09730756423249508,0.10104590103401917,0.17247915560741434,0.10592114884474946
0.13384453513294362,0.12197520794362697,0.12211989802627693,0.1255215278869201,0.09449305937966473,0.126247870203635,0.11184778079564463,0.05448120068134842,0.10946891994993956
0.10106271079456282,0.11364209294083678,0.12675595836865694,0.11831229822651833,0.10556380724374897,0.10333287509650989,0.11383069175566429,0.10745700887340666,0.11004255670009526
0.10758250725425683,0.10419800666835959,0.13003341725371764,0.10169265909176918,0.07329169711234088,0.12174573386314806,0.12218209192732243,0.13180294815459187,0.10747093867449353
0.10614090863912527,0.11036791052987609,0.1134216109430685,0.11426448788112474,0.091496336946843,0.11657917803412048,0.11945412842982066,0.11404331086556728,0.11423212773045399
0.0963487057176418,0.0991186550200902,0.09732228205648731,0.11269573917894886,0.08870367384119225,0.15536945824100742,0.10643549684901549,0.15373502712981926,0.09027096196579738
0.09397578528507318,0.12462639384894725,0.13651514003667764,0.1390422124998875,0.09184345473636697,0.08679444774548199,0.12408717202985521,0.07614734553265019,0.12696804828506
0.12003948580133805,0.13713195668910114,0.10506615606670448,0.11820512516669834,0.10855140611672158,0.08816289381189513,0.1196792206394595,0.09380048210035923,0.10936327360772247
0.11684447471882231,0.10961483331626883,0.1136594362194558,0.1125352514563029,0.09270701934410364,0.11787897029258464,0.11993593260994136,0.10158290826099846,0.11524117378152197
0.11844157073554346,0.11333175075242714,0.14265541754521427,0.10862219397063057,0.1011913812324456,0.11611609044256227,0.1257406221589665,0.05673778749680084,0.11716318566540936
0.10294752373226947,0.12949466185089584,0.09937377395228598,0.09672928649011174,0.11306859031595702,0.09587576990599139,0.10159227623916715,0.14804200712384374,0.1128761103894777
0.10283947804632586,0.12331926791951241,0.11607824910033167,0.11999617365899724,0.09429718268872588,0.11048119263667557,0.10381936280931243,0.11839515022447522,0.1107739429156437
0.0964904198297087,0.1019621328186604,0.1069790460800198,0.0915818050512303,0.11887057524683671,0.13230261339607355,0.11829567076926752,0.11847682640012923,0.11504091040807381
0.10756155253549578,0.11733934085278143,0.12546881153232634,0.11743547526949193,0.09107094534388487,0.11556332365631021,0.10702060180414104,0.10465023306377319,0.11388971594179527
0.11565407746081034,0.12035423256693971,0.1233979548248361,0.1478635851385871,0.0956342298164714,0.11371670903675614,0.12669611804063088,0.025313622742866082,0.13136947037210217
0.10810052237632246,0.11506867266167957,0.12257326327958551,0.12299804376739376,0.11297334617108844,0.12171340599271681,0.12556423237176204,0.04944765826684714,0.1215608551126044
0.10652752158106676,0.1099686055403372,0.11205743172365557,0.11455573219303243,0.09575778004336884,0.14012423065508028,0.12203267071666435,0.08408716140761956,0.11488886613917493
0.12269978154890714,0.10876073457119317,0.10913631587644713,0.11334082421791718,0.09363654177850111,0.10405505713876854,0.11750234540288217,0.1228656966361306,0.10800270282925302
0.09403546933717923,0.11397899088451867,0.12904830482851423,0.10614413173831914,0.11030505458509954,0.09413687296463989,0.07819093574543357,0.17965192547689282,0.09450831443940293
0.10979607196828656,0.1156291009133212,0.13276596271413743,0.11184383450856289,0.10098261840917928,0.133650867566401,0.1340021868168417,0.04493849559602862,0.11639086150724125
0.10356947623226385,0.10068110944254227,0.12345790194507,0.11082997173286602,0.1119619208329784,0.14117599282699345,0.11673496832830965,0.09346022611106629,0.09812843254791004
0.11347942114582728,0.09846825486912998,0.10160771335354118,0.10140323251298228,0.12431446146565829,0.12639196776880773,0.14338955055825342,0.06004245834461933,0.13090293998118038
0.11724611151396265,0.10586912339096331,0.1382208888587105,0.1384551676888852,0.09886629195892903,0.09051000683771172,0.10611028616643459,0.08975200669823902,0.11497011688616406
0.11377954314219159,0.12743607204653193,0.09519704934644611,0.09906462349109735,0.10843442804094243,0.09808127864371301,0.10611114131238697,0.15177608469425968,0.10011977928243089
0.10614090863912527,0.11036791052987609,0.1134216109430685,0.11426448788112474,0.091496336946843,0.11657917803412048,0.11945412842982066,0.11404331086556728,0.11423212773045399
0.10375671389998693,0.0934311059213561,0.11745169624423919,0.09418381102922979,0.08237201062879149,0.12469700345349692,0.10789758688113145,0.17938567470938852,0.09682439723237957
0.12327408925154715,0.12924176307602417,0.11762659245998446,0.11138872770771568,0.09563995180235084,0.10691435531756399,0.12946857057829317,0.07142331457695046,0.11502263522957001
0.09211629745652845,0.11276086983746099,0.11979148968089165,0.14932996344225824,0.08849674911568399,0.11967424139802883,0.12099252326773476,0.07372141724570518,0.12311644855570791
0.09466024252280351,0.10376397750634699,0.13671638448498766,0.09804203428796805,0.11643273683096593,0.1673955117745836,0.13050216439962609,0.034820320433149005,0.11766662775956914
0.10614090863912527,0.11036791052987609,0.1134216109430685,0.11426448788112474,0.091496336946843,0.11657917803412048,0.11945412842982066,0.11404331086556728,0.11423212773045399
0.09767061553151359,0.12119378329529469,0.10857879950671147,0.10743377030312397,0.11334366262963803,0.10894633411247127,0.09193934035977007,0.15262374944380055,0.09826994481767641
0.1106761877133277,0.10976245782251244,0.11167035976958635,0.11034039908522102,0.09303054696089151,0.1079799163456433,0.11792673213064782,0.12796306803726662,0.11065033213490326
0.10858783718335108,0.10710121328048246,0.1438709800811983,0.12209089075190649,0.10111193867647522,0.09122256889705477,0.1026325651764534,0.10488485093749618,0.11849715501558206
0.10120899519178313,0.13401349833079887,0.10484381757128147,0.10647651767518922,0.10969742448425684,0.12689575318504584,0.10470424921399345,0.10256104636493617,0.109598697982715
0.11839370683521093,0.11185294510768512,0.11286600337675641,0.11643769864305543,0.09661115412000947,0.09708157330073308,0.12397276567909321,0.10931706310240634,0.1134670898350501
0.1100542875274604,0.10259094433641706,0.1113421387895881,0.11102075365514763,0.08950373502225763,0.12256629584842203,0.1096588539374385,0.13892885826380763,0.104334132619461
0.08866296106037168,0.11005915762512798,0.12892115353836897,0.12956798140089285,0.09362853023661173,0.09984067722565682,0.11703621595929377,0.0922145129834697,0.1400688099702064
0.10807325040496757,0.10404636696865072,0.1260941175902247,0.10384563926763617,0.076528326615326,0.10537259593451374,0.12424331507746307,0.14507522773829187,0.10672116040292612
0.08757423477888303,0.1302516820101346,0.14364704220579488,0.1678317920390796,0.10852326265195511,0.07715352925294665,0.12177793799246227,0.026447217413463692,0.13679330165528025
0.09047121600428476,0.11504715863655927,0.0960030947944968,0.09561992005679198,0.10255924626052582,0.09998865080357162,0.09031381320906127,0.21184115795867364,0.0981557422760349
0.10542293821332904,0.11064227793316543,0.11377230799560485,0.11057450102240561,0.09841957652595922,0.11322912962813908,0.12460230895606204,0.10179127103546204,0.1215456886898727
0.10978359338875084,0.11013140459560193,0.11301945344471435,0.11563715271824354,0.09297107084824051,0.10919617794416613,0.11879002680447044,0.1176630527608956,0.11280806749491668
0.1088094327302903,0.1262355383289353,0.10425628669811643,0.10995736360336184,0.11864642386764389,0.09263875711666075,0.11158661313567113,0.11489729808290054,0.11297228643641981
0.08136186938955586,0.11082195118103934,0.0943433865538958,0.08515616424619936,0.13229956779697272,0.08840764170772537,0.08242442234999658,0.23690093340860777,0.08828406336600712
0.10445456377292857,0.11443412365354814,0.1256885282869205,0.13195709649111065,0.09985198519506616,0.10543287925487899,0.1286081067704192,0.05357402986621726,0.13599868670891052
0.08295779389276188,0.09666523706510464,0.1166315373983932,0.1247651549332704,0.06744915927805417,0.1345833072149447,0.10699926326109838,0.1749097450348616,0.09503880192151098
0.09492741384866749,0.11947066642401105,0.1328075319784524,0.11303910917959019,0.10599617901363352,0.07394679993502538,0.0874312416608516,0.14914267224322306,0.12323838571654527
0.11866239078232953,0.13856078039642092,0.1060142276139261,0.11161840388036015,0.10481717999461504,0.09361410438735344,0.12853765127570121,0.08664685995498732,0.11152840171430618
0.10878665479154488,0.10869075616387824,0.11200964329918607,0.10588451517314779,0.09032583606649486,0.09834836578167992,0.1269643856454884,0.10817711863873103,0.14081272443984885
0.0817755438390909,0.10390093390618145,0.10686951263911548,0.09892955976397098,0.09577943024581359,0.21295422127932637,0.10431812820791031,0.08744301618315949,0.10802965393543136
0.11696501510588363,0.11687113547496669,0.11836265157676003,0.11307703847370172,0.0945581221543743,0.10274590028825525,0.11245328544447757,0.11417157987872256,0.11079527160285824
0.10881997370361744,0.10164669763171151,0.11994793624105848,0.1352794007411731,0.09177826504030341,0.12958039142243613,0.10373365752237933,0.09511161939129059,0.11410205830603
0.09908314457961537,0.13468404392415062,0.11283171720084811,0.10269325211630635,0.11712912622639131,0.09492966262101162,0.11320352758022512,0.12341007915830016,0.10203544659315146
0.08553333194544945,0.09206198159589235,0.09961712338441732,0.12867862925075302,0.08842612965849471,0.17401426155108105,0.10420453592658775,0.14031446884822726,0.08714953783909707
0.10381396464418548,0.10400115446612246,0.12812547992061285,0.102956492281363,0.07186261246194482,0.11621082028273928,0.12373502282171299,0.14251791005327263,0.10677654306804642
0.11394871581531824,0.12209759890844461,0.11044626169417077,0.11143013028636028,0.11787515978580458,0.12679889099487976,0.13958493475014294,0.055181891983612626,0.10263641578126621
0.11084741633927786,0.11001602380129084,0.11287685133096653,0.11597311137877057,0.0934490052625998,0.10722605908824624,0.11854958960820533,0.11870091082009311,0.11236103237054967
0.10937000066807627,0.10741582258115523,0.1265809091662633,0.11121920160348671,0.09057658806545037,0.1302608544974809,0.10495655276491256,0.10489322167850358,0.11472684897467106
0.10163270064914219,0.11428650595061501,0.12463345042304934,0.11861130216469146,0.08597527656330602,0.16289885859241623,0.10658628927184356,0.07158158787136051,0.11379402851357566
0.10614501087728885,0.10912840814039908,0.12816469213062878,0.11581333643331287,0.11369812561849611,0.10635617442823969,0.14451019740458182,0.04556837385913503,0.13061568110791774
0.08382696915522964,0.09363681431994175,0.10388837471719192,0.10784944744735935,0.0908232158657274,0.1984273647563554,0.09377409151482886,0.13894730497553648,0.08882641724782915
0.12685309193601282,0.10895083857207614,0.14198484634416939,0.12471725237261223,0.09680497113447144,0.12708295332678496,0.12453800929911518,0.04440676554382009,0.10466127147093778
0.11244122852445175,0.16683860478621934,0.10032442865941622,0.11279355417899384,0.10119178099406072,0.1083056792798046,0.12766323578676053,0.06349106470600757,0.10695042308428544
0.11355775809368629,0.10222667679365864,0.11841598194312282,0.10367000638803238,0.12777634698366583,0.0947780330333603,0.11232123745217637,0.12278102872447143,0.10447293058782599
0.11644859158716155,0.12123360191246552,0.08521294532493907,0.09499000239721374,0.13568233698373253,0.10914266614038036,0.10387553264337528,0.14410048650669338,0.08931383650403853
0.10434309181137158,0.11372355389690174,0.1367754736279533,0.12816474079285275,0.13702816076475302,0.09623616051557034,0.13201204292330018,0.019640540020211015,0.132076235647086
0.13396038388310672,0.11106239100223346,0.13351891763142373,0.11359311459085414,0.10649268681660724,0.09635528355579186,0.1265879217983417,0.06686177183509912,0.11156752888654208
0.10147161590200882,0.10191212755621097,0.12196333715128882,0.11307494707480835,0.08981697224461756,0.12098335341670075,0.10682264706210161,0.13642950362790188,0.1075254959643613
0.08312162932296868,0.10236560987423714,0.11164733262728259,0.08877848579669388,0.12834627978380078,0.10579445789050401,0.08658198977697833,0.18828170136758457,0.10508251355995006
0.08911265926903655,0.09554957838406526,0.09931091608677822,0.10719161827493638,0.11294222708754159,0.16433297400740407,0.12063483599936024,0.12179495135926904,0.08913023953160863
0.11659648949450958,0.11147219652311412,0.12743744909539265,0.1143120376682754,0.09983190031665468,0.101957204957983,0.10580595443073793,0.11382708691315387,0.10875968060017875
0.10486029912960448,0.1136293537237653,0.1190850752754903,0.10805751162879422,0.10980333155008999,0.09392845123332431,0.12198618153699191,0.11320705699227433,0.11544273892966524
0.09502568474307495,0.10412592406793982,0.16131131526464718,0.10564792104479348,0.11571265513854206,0.07237167986155497,0.12558518594573026,0.092676954303966,0.1275426796297512
0.10107454221097834,0.10140811931247325,0.13950267224993929,0.11409024653793236,0.1062735818962157,0.09135256781942423,0.10338516196911436,0.13486174820593652,0.1080513597979859
0.09727791344786897,0.11447580549048197,0.11726195238051355,0.11063477699369569,0.0910815783652529,0.12495059476696457,0.10716667738717013,0.1217654588535798,0.1153852423144724
0.11502895079003024,0.1023983240231577,0.14679680304900602,0.11148143267428916,0.10417131680129126,0.07636838020321961,0.10615966222966773,0.12859387764338326,0.10900125258595506
0.11765841364604179,0.13108891050559435,0.11220132065501824,0.1317544524111232,0.12323922579794483,0.10402018247799709,0.1265141247500011,0.03843189922301168,0.11509147053326774
0.08767801103976353,0.10218969579735897,0.10806057326842827,0.10916316911031988,0.08485625107948237,0.19642135327421048,0.11263744728197551,0.09425534099536252,0.10473815815309846
0.10677200052580609,0.11123267704781849,0.11228900839867723,0.1162211735752041,0.10853621462130857,0.11816231108061592,0.12860982685814823,0.09305260602399834,0.105124181868423
0.11938957920082012,0.10851415119817341,0.1114131893516563,0.11783659945849478,0.09789192815363873,0.0937711628699941,0.11605117238506303,0.12672269435705008,0.10840952302510953
0.11943948030818742,0.10730183795997633,0.1179028405204468,0.10279384846015971,0.10290838661693485,0.10173112484876408,0.11649035039501493,0.128569729128558,0.10286240176195784
0.08080486972742494,0.09162463164826111,0.10151752878498477,0.09708354854043465,0.12803919084961837,0.1666200219894284,0.12227864412067835,0.12536946992253187,0.08666209441663758
0.09870423990805761,0.09714213597721373,0.10391960817330655,0.11779906768234198,0.08571759804624562,0.15615283710908645,0.10127166730905883,0.14738272585660767,0.09191011993808157
0.1251139685213168,0.10022144367995474,0.11247057159408592,0.0975943525830783,0.10036201615263451,0.16755815571841978,0.11167135397623547,0.08039811257639716,0.10461002519787732
0.10735406851944618,0.0979540039510811,0.12627726438930084,0.11935297155710611,0.10031664252632726,0.11472294161526696,0.12389267042054873,0.09209443922585193,0.11803499779507087
0.13455286236765826,0.10682847174693606,0.10977828736806201,0.13673563715307727,0.09436639487096055,0.10349671694129332,0.1316689910123827,0.07572383825474388,0.10684880028488593
0.10154699007143832,0.12062322423206216,0.1358329008065037,0.12159521649348932,0.11163264014263218,0.1282638947088707,0.11377911378974921,0.07183695172428459,0.0948890680309698
0.09724310868040424,0.12465085433837086,0.11555966849478665,0.10183541196094177,0.12493516880177062,0.14503249082647754,0.10749029445811036,0.09078385711016768,0.09246914532897023
0.13589962097446937,0.11163360723741317,0.10970422358478149,0.10054941593720175,0.1223192661793796,0.09624556903203962,0.13043788096137462,0.10219987705213551,0.09101053904120482
0.10614090863912527,0.11036791052987609,0.1134216109430685,0.11426448788112474,0.091496336946843,0.11657917803412048,0.11945412842982066,0.11404331086556728,0.11423212773045399
0.09147963966400889,0.11148506985172825,0.1301753604747913,0.16438070126912854,0.10040823365155031,0.07538548177508193,0.12286251995396359,0.05941329686106921,0.14440969649867794
0.11438161186915775,0.10599350066028612,0.11623370330314624,0.11521446850767658,0.11153519290834675,0.12082760930178049,0.11753172526979568,0.09420378305845521,0.10407840512135524
0.09957232147138946,0.09235396670648616,0.09676355195550145,0.10282250788988517,0.10938314427028555,0.154986754341556,0.11516041609461669,0.12997891221769242,0.09897842505258703
0.11366473970278834,0.12072727805207244,0.13782521097832015,0.11408309451030452,0.10292531631261737,0.08251152412761002,0.14042166708305073,0.06861830946984473,0.11922285976339168
0.10468875719727855,0.13024242349021134,0.10049478047142148,0.10670251074830091,0.12103720868137167,0.1025610465150486,0.10994976545982738,0.09718951141960537,0.12713399601693473
0.07967977643684108,0.10736543598468656,0.08309429080917453,0.08921739091410609,0.11979487993831073,0.1478336210767526,0.09546858835428873,0.18049758257076562,0.09704843391507405
0.09833772063900115,0.1353896028748934,0.1233318983293437,0.14860453632474546,0.09210517971922078,0.0988931600802397,0.11304786399742678,0.06353359149954199,0.126756446535587
0.12186805037743108,0.11054392307987797,0.11012567867019028,0.11028675524726816,0.11426053963505949,0.08989541435450928,0.128851317262054,0.0933542205857576,0.12081410078785222
0.10614090863912527,0.11036791052987609,0.1134216109430685,0.11426448788112474,0.091496336946843,0.11657917803412048,0.11945412842982066,0.11404331086556728,0.11423212773045399
0.13326828618519235,0.1056866396415871,0.11664826637208059,0.12965128786031863,0.12497680595958727,0.1043203943761873,0.12886229928728746,0.0499479014110939,0.10663811890666534
0.09548775719985335,0.11195955671759884,0.12366888432120408,0.1185323477969733,0.08424571074171187,0.1342914234700426,0.12552231770177977,0.09143446658356447,0.11485753546727155
0.09745808743848011,0.09175941514906993,0.0959742472342069,0.1036554222129069,0.10307875022132752,0.13796236408397006,0.11211414782374267,0.14109659774050595,0.11690096809578994
0.09968369645343768,0.09536470115963151,0.15567516051866548,0.12691421229368072,0.1137905893010663,0.1088985403331366,0.08490989753811092,0.10603419298570516,0.1087290094165657
0.1191860278476687,0.11917480199288082,0.10771615364661387,0.11070998835867261,0.11290661896719993,0.09330535811232409,0.12878260788315074,0.07831010529742438,0.12990833789406492
0.10614090863912527,0.11036791052987609,0.1134216109430685,0.11426448788112474,0.091496336946843,0.11657917803412048,0.11945412842982066,0.11404331086556728,0.11423212773045399
0.12860786216379783,0.1370059226907708,0.12609699182464768,0.10177461306365704,0.12567756442100633,0.11433878516041425,0.11626700775722909,0.04218150462319115,0.1080497482952857
0.10468312426495567,0.10435671069223673,0.14610177126262852,0.10637719914349271,0.09342221369589171,0.12842106160886663,0.13492882390270908,0.06936312999601578,0.11234596543320313
0.10457318721097335,0.13129438090488585,0.12110345251285659,0.12728762292428034,0.0956891123372212,0.083115925238494,0.1274834854591487,0.08030943374855432,0.1291433996635856
0.10056226907361258,0.12949427169665795,0.12088875274682707,0.10957221207592395,0.1176189639355044,0.08415782078605161,0.10370021022503902,0.11936626944030439,0.11463923002007902
0.11895899824503259,0.10568592544903653,0.10548740314924844,0.10520816434709286,0.12293271340461513,0.10136583903676967,0.10950984210562932,0.13206811415194297,0.09878300011063246
0.1071172711949012,0.1522416419513315,0.09969928798452604,0.107513456527905,0.09949122859756006,0.10748936284061263,0.12482371089114036,0.09175058911509802,0.10987345089692524
0.12429986083706379,0.10924988031568078,0.1342936451786467,0.13198738910473692,0.10560586024549325,0.08167776707416513,0.10833947864949663,0.08365181147012873,0.12089430712458799
0.12524380393615606,0.11067005263801231,0.1166484920309989,0.12308143118428301,0.10631688340281165,0.08079885319908765,0.11762749988659194,0.10990955292103673,0.10970343080102178
0.10363815269836747,0.10977910420591946,0.11902753373510129,0.12548507829740235,0.08398206287347972,0.13132143690086495,0.11346349408367201,0.1029093151593762,0.11039382204581645
0.12485565154739468,0.1284835678256453,0.1224336360892443,0.11905827161020806,0.10856394104784932,0.10927975866988932,0.1269143711788462,0.042797330658763365,0.11761347137215934
0.11933442200458537,0.11966984818282288,0.12611839608613148,0.11066178581007009,0.09543939799686692,0.1119632605340619,0.12983926793245004,0.0633335977225896,0.12364002373042172
0.09659735107750433,0.10160467315799397,0.10756735507309305,0.10249263669497749,0.09391968011562764,0.136008098062835,0.1158955312429129,0.12816754083476956,0.11774713374028602
0.10549591577205868,0.11007556441777948,0.11708307642618206,0.10986242639138821,0.09629402938395552,0.11187987850768756,0.13377635477485103,0.10364249901447702,0.1118902553116205
0.10345369824875968,0.10765845034907656,0.13718925473211904,0.10646539521346211,0.10712251580077715,0.13641662064421303,0.12639585684841323,0.05979564150247848,0.11550256666070073
0.1222206384527799,0.12366002069746862,0.11696709024243883,0.0971803712384131,0.12844364837654323,0.08649769431195344,0.09225854165818426,0.1241991200640928,0.10857287495812573
0.10880799923112461,0.10369895333778682,0.11947988944887379,0.10908766944640545,0.08983655647368215,0.11171665727357716,0.10581489643670289,0.14416707343338675,0.10739030491846041
0.10917370018246175,0.09935622236302966,0.14751451632896678,0.09568232244016202,0.1150754369937139,0.12794017870933672,0.1200408257373091,0.0663394571138644,0.11887734013115565
0.11264931497103396,0.10334850399307834,0.10748614902714981,0.11732849369104394,0.08871449111638423,0.1420324659499065,0.10499216925720467,0.11531650278004656,0.10813190921415201
0.10911174939651376,0.10662660906659639,0.13901627867035476,0.13161885739083098,0.14338836339819003,0.09941271969007708,0.10974000735017923,0.04138724439288946,0.11969817064436827
0.12446280587003156,0.11027355566997976,0.12604094228843746,0.10326642658790042,0.09076090240712083,0.11470087897349823,0.12084916623556054,0.09708750951484561,0.11255781245262554
0.10146979003649924,0.10384380942413995,0.12129034609350668,0.09266140635039855,0.0776700649759793,0.16136467746772906,0.12839102897546262,0.10375085918711156,0.10955801748917315
0.10057051622965617,0.10480615535563813,0.10966524885237507,0.09470022546754152,0.12068857891115765,0.12678446138435862,0.10993652728935482,0.12546539811536359,0.10738288839455438
0.10361971893314607,0.11838542530607854,0.10527106455642361,0.10729713903204463,0.10681835961508106,0.09650492163710188,0.09633251990947743,0.15420197994091148,0.1115688710697353
0.13556789499743643,0.09861200629295792,0.11264768641219132,0.10985354716568523,0.0932738466304824,0.10330435646360998,0.10494600286850046,0.13212948540747568,0.10966517376166063
0.11289107681642045,0.10970065547025536,0.12521802360017573,0.11930776367821234,0.09855532634958082,0.09039638280461236,0.10603798649436331,0.13367703972058353,0.10421574506579608
0.11108737525197925,0.1234472291276341,0.12840434221134767,0.11076973255977929,0.12146158926504813,0.11232005228951723,0.11900815183701868,0.0485041563115949,0.12499737114608074
0.10188754313572136,0.11330291069722132,0.11401724401561018,0.11300715801089452,0.09961237157382914,0.12334045852500024,0.1283360554307992,0.09814758018949332,0.10834867842143071
0.11551668445658257,0.11114181716170053,0.11498580971600225,0.1142397749826327,0.09578013920698404,0.10400833060133341,0.11740188953464581,0.11448991308335899,0.11243564125675969
0.12053086150590703,0.11429281946912438,0.13811282214570395,0.11211257129657572,0.08322500731398433,0.1253033800885154,0.1136676501523739,0.07927328967891921,0.113481598348896
0.12183733470744251,0.10372481009173062,0.11755945122202893,0.11458083357597208,0.09473927292198174,0.11391271413728749,0.11047755531885373,0.10528997339858694,0.11787805462611596
0.11119771131920282,0.11024475235059093,0.11308775575013462,0.11341904576320062,0.10013456047725754,0.10246848562745021,0.12279323411331537,0.10846099031181312,0.11819346428703474
0.10934354336013309,0.11304733493025336,0.12730621892603622,0.12195634664317058,0.11614080951050958,0.13029145217782256,0.12549400342527542,0.047166677330524265,0.10925361369627484
0.1013144633189812,0.10841197733817987,0.12118684614330466,0.1459802021511001,0.09460915581764189,0.12244700716001117,0.10839311800143768,0.0670692740870442,0.1305879559822992
0.0940554830020346,0.10039439967876986,0.11191204985874803,0.10430865554817591,0.07748953228325327,0.10887307671128976,0.11881304695640928,0.17793936999370916,0.10621438596761011
0.11599733432115715,0.1092179005877858,0.11205408355972087,0.11725469650305374,0.09601126621964862,0.09866849266156386,0.11714842798977289,0.12360365706445176,0.11004414109284529
0.1234451865206349,0.10607355826443532,0.11309286501109712,0.11756945670343438,0.1032585702769595,0.12380887852075216,0.11698921907788773,0.08586127350929822,0.10990099211550068
0.10231345745387162,0.11325352956576296,0.13123915011778498,0.15631940776860057,0.08583807946784712,0.09747511358185916,0.12571920585935228,0.06806638227984477,0.11977567390507661
0.09996249769561771,0.12756000149652158,0.1257486556367534,0.11471919846905315,0.10408740580273496,0.09511462245566558,0.09822149320410371,0.1188466761921607,0.11573944904738927
0.12564868442544094,0.11027178667326408,0.11599442641020014,0.10418318964308655,0.10752471089871801,0.10937711162623535,0.11838886039400476,0.10139337345300585,0.10721785647604436
0.09933944706928932,0.12714415396164488,0.16009845475268483,0.13785649602163388,0.09044484210768448,0.11053228703177209,0.13082056071450654,0.014340877311728098,0.12942288102905591
0.11008485729211487,0.11154931333214141,0.10490377162146065,0.10158149872380033,0.09901758655861644,0.10482128484549998,0.1199689107346102,0.13389950483700963,0.11417327205474648
0.10952844763185056,0.11505248329011886,0.1206050204074775,0.12487785674735914,0.12607391725160394,0.11148097502513388,0.13699754758755098,0.013152228526398841,0.14223152353250632
0.09826387352159478,0.10799837407899414,0.11147210960346066,0.11142351717997658,0.09595702393045401,0.1353426844759291,0.12331544241755553,0.11367211311759366,0.10255486167444149
0.08048906072926096,0.07960479266843747,0.09569204931776469,0.1065040808467848,0.09469249312984883,0.21852698683854258,0.08712834788891453,0.15954967234485787,0.07781251623558832
0.10836959208049923,0.11031271828091975,0.11186984841666477,0.11201952302453011,0.09350494467713318,0.11929232224274944,0.12106544197237075,0.08997824166426087,0.13358736764087195
0.09332788286154477,0.1725463330450702,0.1018140780441999,0.10897793071796964,0.14446181155536772,0.11230820785798434,0.11721458917629896,0.031948456240887206,0.11740071050067725
