0.0990954480158935,0.08901799563269458,0.10986247399854672,0.11373723910453175,0.11708248914077801,0.10861957556192925,0.1355805607973671,0.11304778553237556,0.11395643221588352
0.10126136946918578,0.10163119765320079,0.10139830125357048,0.10994277721937612,0.10457403229960366,0.08592936735602774,0.17201153845355913,0.11752771821887127,0.10572369807660496
0.13661516627780482,0.05566592625379398,0.13695761751068733,0.12423198161625278,0.09816283435876867,0.14822905382431034,0.09217646910398708,0.12639999391897672,0.08156095713541826
0.10927612939049484,0.12648589828966655,0.12513893730418577,0.11048485752010119,0.08028855593482942,0.13655872806814207,0.10140733277888749,0.08848197550653286,0.1218775852071598
0.11591068088421834,0.05989049111797595,0.12129568509284401,0.11252927943694317,0.10893996848798417,0.09985005465588315,0.12779680382617134,0.11565763146244083,0.13812940503553908
0.08910950529977961,0.15070989833406992,0.10684882357006081,0.10855337881830031,0.08445590824854299,0.16987465263431079,0.09359095798571053,0.1048036381173857,0.09205323699183932
0.10498971672391359,0.1570440180174818,0.10948965359744732,0.1116880782279774,0.0951986760955883,0.09276472094663175,0.10812768592620488,0.11958758730940115,0.10110986315535382
0.09271424052626176,0.1121200485986965,0.112638246972865,0.0904939781156829,0.10252725827800856,0.08388431722994204,0.18986668300201046,0.10404527736655371,0.11170994990997916
0.11735199700143677,0.05090232105778681,0.11546546582027335,0.10745251451577413,0.10289398037855026,0.09807649955815027,0.16229180578890542,0.0682176026616674,0.17734781321745563
0.10146441647861253,0.11845984236647854,0.0936731486201856,0.11037650944723769,0.09934307229782448,0.09582351757503625,0.13821502140533692,0.12106093579388415,0.12158353601540385
0.11039214854283748,0.10996669053916008,0.11385838987038122,0.10263506717344485,0.10527101671337603,0.08961947190925186,0.1429338564845322,0.09662949368536083,0.1286938650816555
0.1021646102745486,0.1231183402820878,0.10619574285984192,0.10494555410534667,0.09736265377360483,0.08681030521214343,0.1180119671446677,0.11451163687900369,0.1468791894687553
0.10212894164267076,0.10308052449534348,0.12315081517569036,0.12759243875389228,0.10696536624520807,0.11394465583734692,0.11516886979778997,0.10234189484613565,0.1056264932059225
0.09887208875056219,0.13559777287226796,0.11226027144102502,0.11561876554591201,0.10619324721181118,0.08752446642556576,0.07834369765331571,0.11929299257769099,0.14629669752184907
0.08629426840043793,0.19657140297613687,0.11482482089760605,0.1092069609745287,0.09574553830512657,0.09389767156359552,0.07697765966105226,0.10429673859052509,0.122184938630991
0.0976339271921129,0.17276442541364226,0.11063616847563734,0.11576059297308146,0.09765778066118884,0.10134033104977459,0.09338055672338834,0.11896738475690764,0.09185883275426654
0.10498971672391359,0.1570440180174818,0.10948965359744732,0.1116880782279774,0.0951986760955883,0.09276472094663175,0.10812768592620488,0.11958758730940115,0.10110986315535382
0.10543796607281207,0.06531795559864914,0.1202707844186539,0.1071157185268055,0.09189254139712923,0.08080722320823859,0.18100881086494627,0.12613993719103234,0.1220090627217329
0.11000680788139257,0.1058789362033818,0.12959018310446122,0.10092351948954524,0.09082344670543092,0.1769347041716024,0.08588280039433199,0.11343317123395961,0.0865264308158943
0.11307529585019988,0.07390069250155647,0.10289052599435011,0.0996017634903165,0.10964250029341666,0.10621529242454726,0.18339357994985708,0.08988026820749519,0.1214000812882609
0.10498971672391359,0.1570440180174818,0.10948965359744732,0.1116880782279774,0.0951986760955883,0.09276472094663175,0.10812768592620488,0.11958758730940115,0.10110986315535382
0.09980053839727653,0.1321169023006564,0.11498752985620936,0.10495086101177707,0.09385489682205876,0.0960540475883364,0.11190494919051479,0.12208356279436601,0.12424671203880473
0.13152025580441393,0.07382263402781943,0.11223649152252908,0.10846055222277699,0.12078710789251429,0.16189166129353874,0.08314736479932101,0.10370270967492863,0.1044312227621579
0.11659030788982137,0.10522868328162166,0.10801402232899766,0.11012257188154695,0.1040929528591699,0.1512151786549896,0.09956347238291063,0.12134745149843673,0.08382535922250552
0.12391947904092183,0.06269625844609472,0.12500169268966954,0.1099614642516565,0.12911844764360977,0.1398724454120687,0.07016928876324226,0.1324999241089125,0.10676099964382418
0.10252099841058863,0.1094369201454976,0.11791657259371813,0.11984043577816361,0.10622534841614,0.08716549015791303,0.11549902364279663,0.0913510267265291,0.15004418412865325
0.11678293756400444,0.08686082613079388,0.11756638005708042,0.12287962849603044,0.10273080686851864,0.10464938863758806,0.11330531943248508,0.15510094343722225,0.08012376937627688
0.10498971672391359,0.1570440180174818,0.10948965359744732,0.1116880782279774,0.0951986760955883,0.09276472094663175,0.10812768592620488,0.11958758730940115,0.10110986315535382
0.1287353872247664,0.10553585695641886,0.11651976425091622,0.11963352202640082,0.10385743619737549,0.10203771780209658,0.10401123416627898,0.11874961449399851,0.10091946688174813
0.10895527055229128,0.10896117138035422,0.11305127987875618,0.11925571113854044,0.10120560494078046,0.09956528846522705,0.1601833985987868,0.12034198696764654,0.06848028807761697
0.11643261961921413,0.05285717074694621,0.10734462432854058,0.11828608821577875,0.16194067313155214,0.13339420000963156,0.10017672155491714,0.09068401726755278,0.11888388512586667
0.10852270631461354,0.07413717567392007,0.1143142835664458,0.11617120255671813,0.12655168285242305,0.10980324947971153,0.12011554925783835,0.06949575610086427,0.16088839419746512
0.1266026403152978,0.07936448706839362,0.13200664515595822,0.12046856144780309,0.11767165000387954,0.12294521316049141,0.08483549153367838,0.11101830107018489,0.105087010244313
0.09660161030428686,0.1646129809724541,0.11038065002490667,0.10957099416877598,0.09190062797179727,0.10866373233352176,0.09488445028066685,0.12713744823454246,0.09624750570904798
0.09133239590454025,0.13397807491812988,0.10353298422976569,0.10761175506572422,0.10420979944225234,0.10914862365925437,0.08313646578899357,0.11158405326384942,0.15546584772749014
0.11512112266304571,0.13229429802495063,0.1065032025205113,0.11079490597026005,0.09626998314448415,0.11647829665837428,0.11800386263121188,0.11405338907635976,0.09048093931080213
0.09661412252365552,0.08360044767277547,0.11700784192818538,0.11512967380584886,0.10535987230161759,0.09316952936990162,0.12973858188210893,0.10957603685347832,0.1498038936624283
0.10498971672391359,0.1570440180174818,0.10948965359744732,0.1116880782279774,0.0951986760955883,0.09276472094663175,0.10812768592620488,0.11958758730940115,0.10110986315535382
0.09572752383805683,0.14192917996897433,0.10127653752079373,0.11571497035193266,0.10706199926976796,0.09479257848178275,0.1483377853361458,0.11996787769432964,0.07519154753821627
0.10498971672391359,0.1570440180174818,0.10948965359744732,0.1116880782279774,0.0951986760955883,0.09276472094663175,0.10812768592620488,0.11958758730940115,0.10110986315535382
0.09968539421107507,0.06674558576075952,0.10699150067462164,0.11232671276368585,0.13554704387202968,0.0967565703905393,0.13314295880268048,0.10889924683058284,0.13990498669402562
0.10733301051576614,0.12365898398838182,0.10548122123809789,0.11639503064669905,0.11381461863912713,0.10359073562785774,0.12333204376340108,0.09173771071381524,0.1146566448668539
0.10498971672391359,0.1570440180174818,0.10948965359744732,0.1116880782279774,0.0951986760955883,0.09276472094663175,0.10812768592620488,0.11958758730940115,0.10110986315535382
0.09949633342207224,0.1469195149988499,0.126957402846449,0.1200336819639749,0.09866166594282522,0.08502071763035103,0.10217810025155975,0.11797514129847464,0.10275744164544337
0.11095428150475901,0.11760990820429147,0.11788989016062383,0.12468173207199311,0.09741165216625229,0.0993904434640438,0.11793147078178257,0.11209578443929004,0.10203483720696388
0.10498971672391359,0.1570440180174818,0.10948965359744732,0.1116880782279774,0.0951986760955883,0.09276472094663175,0.10812768592620488,0.11958758730940115,0.10110986315535382
0.1076672651684812,0.08195238862240474,0.10603833019740878,0.10807869886782116,0.1255075880795735,0.11562887299705162,0.16289103885231718,0.11005038344564845,0.08218543376929327
0.09860374791200018,0.08467408399001808,0.11053066968102006,0.10506234611062999,0.10937469828092578,0.09534765310826987,0.17440260075372935,0.09199211220509616,0.1300120879583105
0.09269642844574731,0.11929994912047026,0.12441468407848487,0.12020468427205168,0.10475587810666363,0.10542592705825608,0.11588950907001704,0.12265072077123074,0.09466221907707834
0.1006117879695196,0.08927964785924754,0.1139652919594275,0.12200583622478274,0.10438583911849657,0.1186935289913303,0.1276218256851869,0.1309200106166761,0.09251623157533273
0.12836227325659164,0.08142507510037726,0.08804502580744629,0.08671701047372994,0.09082617306774632,0.0969359931896079,0.24668808063626502,0.08348155754495906,0.09751881092327658
0.11585988945384212,0.11078026264497727,0.12112424855726574,0.1254946853823914,0.11607011994668749,0.09939213365839737,0.11688671529008583,0.13365076073192125,0.06074118433443154
0.126444435529508,0.09589672757275776,0.11498371687966207,0.10550939406853506,0.09006101612672139,0.15315718978932086,0.08908020400142865,0.1284379729477982,0.09642934308426798
0.08680443468506975,0.09399434176177007,0.09515380405247968,0.10248012449583059,0.10652175848277023,0.11393507142506683,0.14984478008024105,0.10103137927564647,0.15023430574112545
0.10498971672391359,0.1570440180174818,0.10948965359744732,0.1116880782279774,0.0951986760955883,0.09276472094663175,0.10812768592620488,0.11958758730940115,0.10110986315535382
0.1079403379368099,0.06312644750845317,0.12271564164642564,0.11913575991751185,0.09606901593532542,0.17584316183780624,0.10166917925618706,0.1073408411687941,0.10615961479268658
0.10498971672391359,0.1570440180174818,0.10948965359744732,0.1116880782279774,0.0951986760955883,0.09276472094663175,0.10812768592620488,0.11958758730940115,0.10110986315535382
0.10498971672391359,0.1570440180174818,0.10948965359744732,0.1116880782279774,0.0951986760955883,0.09276472094663175,0.10812768592620488,0.11958758730940115,0.10110986315535382
0.1073133251812748,0.10227089368356423,0.10851220450938437,0.10795045330925897,0.1175013175064706,0.11440375797619713,0.07499776385250718,0.10214792909740282,0.16490235488394
0.13243935158392992,0.05489390871557972,0.12275140320116489,0.12730789788918648,0.12491274407640567,0.1095380587054241,0.10658192274349203,0.12566564196632218,0.095909071118495
0.10223166868767342,0.07434837753623666,0.1241210595892231,0.11605646610980778,0.12219935039595294,0.11515487654484458,0.08922087534557162,0.14354327958762822,0.11312404620306171
0.12809140407483544,0.09132735256210668,0.12666904135492182,0.1258156228720068,0.10861249624637459,0.09404808593886688,0.10160630184094775,0.1290260063226116,0.09480368878732852
0.10955320689534682,0.05187179320551022,0.16498483472505734,0.11635684922804564,0.11658004782449045,0.10125292147944025,0.09647558833667985,0.10331659897511684,0.13960815933031256
0.11275332117095278,0.06456096455557807,0.10703952374346082,0.10611637431700684,0.11283715623710962,0.08875743759922088,0.18299395046579972,0.08689831516632036,0.1380429567445509
0.10498971672391359,0.1570440180174818,0.10948965359744732,0.1116880782279774,0.0951986760955883,0.09276472094663175,0.10812768592620488,0.11958758730940115,0.10110986315535382
0.10601708639362767,0.07921993045429992,0.09316314387750031,0.10575161458567049,0.10328073058481523,0.16527531045432198,0.08493028973560181,0.10427774487959579,0.15808414903456683
0.11189269618395407,0.0845189484750261,0.09546341534384677,0.10652283179463462,0.09770189418477776,0.19576073148618947,0.09839807732288604,0.10679539086619132,0.10294601434249384
0.13162516648085068,0.09512483544006739,0.10690490854065826,0.11674286990374427,0.1295214132493295,0.11825227485826913,0.08977000929206604,0.08035099266545336,0.13170752956956142
0.1631214473757214,0.1098345293858622,0.11297031417520981,0.10563059013581223,0.09519070359593583,0.1268535482970425,0.10215221057207675,0.08943453716665795,0.09481211929568138
0.13834618837386584,0.12751436040835762,0.10411085952668729,0.11076860093561054,0.10392533186803839,0.07777038523013419,0.12567501836041067,0.12326954377848276,0.08861971151841264
0.12715808611603477,0.09262033535420273,0.14822503967575443,0.11819561474015146,0.1157761927156692,0.09933204526987556,0.1018416603762511,0.08797061579807303,0.10888040995398773
0.11676602608728566,0.13746050402842822,0.11504462958147438,0.11433209484792876,0.10764941350493722,0.09185214082994984,0.1011937099807862,0.10894863567671544,0.1067528454624943
0.10745179021232242,0.09976415562588382,0.10782367567821803,0.11930577389837997,0.10184863293223485,0.10528824737270304,0.13787500106441566,0.12407683988849527,0.09656588332734693
0.1519986074411658,0.0487267825108039,0.11894260871355049,0.1172637756602256,0.11283118243776676,0.10376279216813543,0.11556458449896238,0.12878589592856424,0.10212377064082541
0.10653263419233823,0.09516511846428811,0.10590606938798637,0.11117154784609573,0.09193296901236214,0.11466153161128971,0.18847672081403677,0.08390626085809581,0.10224714781350706
0.10322347714257112,0.05717319042456904,0.11730438319423038,0.10298520162893064,0.09610025189291294,0.08347663041921383,0.16271137110868186,0.08799714779609252,0.18902834639279767
0.11009081161064138,0.07802355741705534,0.13438243083543042,0.12472066433235131,0.12694514763803108,0.0864756422058711,0.1254997621849867,0.0958881161169709,0.1179738676586618
0.12893942068452552,0.07577260837127654,0.1252102550471388,0.12765799160312047,0.1037707273087371,0.10021883940428133,0.11663437328973043,0.13696998189139817,0.08482580239979161
0.11422535996805372,0.08441647217661259,0.10756542022552762,0.09820830960502402,0.08937297513064528,0.10965656245315615,0.19960648838082307,0.08803539455909659,0.10891301750106086
0.11889942054781123,0.07645010684911217,0.12088003581038202,0.1293486450347191,0.11165877444960925,0.12174496360709626,0.11362929945212231,0.07375358070252447,0.13363517354662313
0.1301939695551054,0.11975946138823902,0.09729501817746551,0.0934677074737124,0.09516516688881421,0.19885056900197298,0.09195279917586607,0.09539480266298794,0.07792050567583635
0.09117283924166998,0.077059382137995,0.10789839378332432,0.10091915532446255,0.10151490377294888,0.15526271873787584,0.08561019075099603,0.10334992999705898,0.17721248625366837
0.10888191119937386,0.11336817469078048,0.10597058078462325,0.11272708637982454,0.10143638181724324,0.09430629074933349,0.15845116431525344,0.11797193191203825,0.08688647815152951
0.10016115211579368,0.13831908293007128,0.0981687719336126,0.10144530313679234,0.1320107254816158,0.08047493515775843,0.15428654824688828,0.09049379185803057,0.10463968913943696
0.106297350439765,0.11016922308731658,0.10529632643915647,0.11540131187100529,0.1117111427348107,0.1310864083538308,0.11684418252212242,0.13094527223515937,0.07224878231683331
0.12050790600388735,0.11036660880218012,0.11996528882831964,0.1160061505631631,0.10121744620275015,0.08812439010881194,0.1042790581868886,0.12485767317914294,0.11467547812485622
0.13107609816352891,0.0891917282635345,0.145887208776198,0.11054947289792717,0.09078878333692124,0.1100422211011906,0.08553069028959674,0.12179682657784724,0.11513697059325566
0.10485196808138746,0.15055045386468355,0.10783428149278412,0.11092509416601708,0.0930647042121826,0.09242756818973162,0.11850108317357029,0.11509136008980342,0.10675348672983997
0.106297350439765,0.11016922308731658,0.10529632643915647,0.11540131187100529,0.1117111427348107,0.1310864083538308,0.11684418252212242,0.13094527223515937,0.07224878231683331
0.09634046108833738,0.08913573697439446,0.11010218301837782,0.1222856700438454,0.12095259785671035,0.08807201408284511,0.12924587825739406,0.08701902323064716,0.15684643544744825
0.13098766809191292,0.0997910456935542,0.11205438832128684,0.110326655480528,0.1205208847020598,0.10768087110809037,0.1034321510133207,0.12201351631280673,0.09319281927644037
0.11244048370761205,0.08176763614451432,0.10760705916250211,0.11474306326785326,0.10683717390001775,0.12876152585515235,0.12864783068231714,0.08066189655876436,0.13853333072126664
0.10924586562342313,0.10403569815085452,0.10504140309343467,0.10540147795836595,0.1223002701399178,0.12037549415629079,0.11850476923019361,0.13657155041926428,0.07852347122825515
0.10099127358384759,0.11962693236705518,0.12110640115548381,0.11570247473466076,0.09411209285138933,0.10519192066740148,0.10538817448462508,0.10083417774136783,0.13704655241416902
0.10556264546944538,0.1288086634544721,0.12209942606049932,0.12278099041481848,0.10486780919585235,0.09867642638533032,0.11084079151920319,0.13385472216203667,0.07250852533834219
0.13756709995486413,0.12889850056809382,0.10507937872400797,0.10709806212326008,0.09939444836277345,0.07930872510071045,0.1419746174388741,0.10440519385982101,0.096273973867595
0.12414211034333604,0.04089902711195753,0.12193490500398131,0.12232330264700693,0.12518721570961477,0.11345267308917133,0.13260578650294993,0.13189272799608234,0.08756225159589985
0.10498971672391359,0.1570440180174818,0.10948965359744732,0.1116880782279774,0.0951986760955883,0.09276472094663175,0.10812768592620488,0.11958758730940115,0.10110986315535382
0.10033005170075353,0.06198043957871364,0.12752971293515075,0.11689345977238745,0.10459816541203686,0.10177720286809556,0.09098867934473849,0.10697423832005003,0.1889280500680737
0.11178348238273787,0.07882626892257819,0.11125120180186099,0.1084974527411861,0.1257816452955551,0.08616483485085298,0.17455464643720306,0.10939168011074885,0.09374878745727684
0.10878325552906914,0.07809317140916058,0.11618722885655293,0.10555715951695242,0.10999011260504798,0.14447449675661558,0.11882376173657289,0.10089130529121532,0.11719950829881315
0.11437700349963385,0.0557348885862278,0.09780390759388741,0.11028858599928087,0.14555275943431376,0.14867325929087316,0.1332545689792942,0.09271498977134329,0.10160003684514568
0.10795517424227559,0.10662134514537426,0.10945275247940035,0.12439675805110711,0.10522068632057918,0.11612682366438777,0.0916366025986316,0.1377767579074696,0.10081309959077456
0.09412745377352698,0.08293623983232784,0.11171813396953667,0.11441826612323058,0.09599857541700285,0.08816741342905104,0.1264907143212254,0.10686434869758393,0.17927885443651473
0.122194197133495,0.10854484860379891,0.09827561486767307,0.10863604158582736,0.10347929846191117,0.12121363710814731,0.1285990295995585,0.11899922966475567,0.09005810297483306
0.1101664898438177,0.1387870600998187,0.11485632104024883,0.10896652236228443,0.08712599271884215,0.10634036504710688,0.1040707272184072,0.1203864553302672,0.10930006633920696
0.12911901556486588,0.09644534521980065,0.12461821743082792,0.12858399194573433,0.1297505820781113,0.10958848219948429,0.08480784379635882,0.09357394454505226,0.10351257721976455
0.0805695407352298,0.18210106141386295,0.1298885522518476,0.10405900320874058,0.07837088505706306,0.08284972440333188,0.09423495741791536,0.10934161771477564,0.13858465779723317
0.10199148620492494,0.12487405390118357,0.11694618495347696,0.1154457646326088,0.09189902496975677,0.1291819142937245,0.09852208930634161,0.12206750825034944,0.09907197348763336
0.13928217537100454,0.09792320318868412,0.13133785349145286,0.11849852885053008,0.10479861699513278,0.12215658661732627,0.08329055775393661,0.11068077716341816,0.09203170056851462
0.13755470039442205,0.08373830844803476,0.11678344387591633,0.12670765096146377,0.1195589585419999,0.11330989866999581,0.09185338731674207,0.12098199243871609,0.08951165935270927
0.09530484517244148,0.12948018198800548,0.12379134953871838,0.11207868818748355,0.08558184790121907,0.12583893578450525,0.0956013119448953,0.10042485707873867,0.1318979824039928
0.10498971672391359,0.1570440180174818,0.10948965359744732,0.1116880782279774,0.0951986760955883,0.09276472094663175,0.10812768592620488,0.11958758730940115,0.10110986315535382
0.11713179710443435,0.1218906016249875,0.11623894500624819,0.11603323426479706,0.09480063970173887,0.10018021070949301,0.1217061040390049,0.10653983778947644,0.10547862975981975
0.13392919590831084,0.06545627777843806,0.11342813315184101,0.11742343559197259,0.13627427394751282,0.10154813170736282,0.12541204479742366,0.09213313702703502,0.11439537009010316
0.1089880614829538,0.12839481859516663,0.10924664671080098,0.109697116250218,0.09073522984915049,0.1175001874647796,0.14540064879601475,0.09276988553184161,0.09726740531907417
0.11381044563603422,0.1464687912701482,0.10695569816687432,0.12011888027792839,0.11444360666680853,0.08810803623868962,0.0889679534178865,0.10047955551940098,0.12064703280622924
0.10498971672391359,0.1570440180174818,0.10948965359744732,0.1116880782279774,0.0951986760955883,0.09276472094663175,0.10812768592620488,0.11958758730940115,0.10110986315535382
0.10963953479821464,0.11441044436614083,0.12583218827587137,0.13262879358261628,0.12136200677942577,0.09652667063141877,0.09891118530637198,0.11017434630725231,0.09051482995268807
0.09159580874484578,0.1513997834332359,0.10894825890399691,0.11264242230190401,0.10039778556344665,0.10076085347549768,0.12506192925212314,0.1203973189871042,0.0887958393378457
0.16299546399018386,0.09605381448987849,0.10502351826922252,0.11471845604045305,0.11151857581260179,0.07516798553606689,0.14135002849054662,0.12366923379084808,0.0695029235801986
0.10989317667103889,0.06928985826130075,0.12253416152672215,0.1252800633805559,0.10459623954478246,0.10820385448976085,0.08775554982227694,0.11876383182732404,0.153683264476238
0.10498971672391359,0.1570440180174818,0.10948965359744732,0.1116880782279774,0.0951986760955883,0.09276472094663175,0.10812768592620488,0.11958758730940115,0.10110986315535382
0.11204512563608983,0.08008263010819981,0.11659103599866898,0.11532014647989826,0.09877883820289195,0.09847825996993269,0.16420478715810602,0.12252511001683596,0.09197406642937651
0.10711182550894782,0.08495360968099498,0.10796956582132833,0.10988681048129917,0.09041271237569048,0.1068555648738188,0.13964701407592328,0.11861360039523311,0.13454929678676406
0.1576058212247869,0.06184535762431934,0.10663495091383206,0.12360614090539712,0.1472264745134296,0.09217470347936059,0.12042921819224722,0.12148762930024236,0.0689897038463849
0.1027268806239665,0.058672439775382855,0.11445868077548027,0.11921953238654533,0.12174967786831588,0.1246314238157471,0.1523436444500533,0.12619441722643088,0.08000330307807785
0.10790782669280752,0.07916746745487481,0.11703055105837767,0.12229736004375107,0.11630546484386163,0.0962923663614058,0.10750454783708714,0.10777397732164834,0.14572043838618598
0.102215165920767,0.18314620434764275,0.10520567522894557,0.09948855494650893,0.08623920165485237,0.07955131348234795,0.12428222955136183,0.09166935183962423,0.12820230302794938
0.09876358499876842,0.09115511818824089,0.10520061632963541,0.0953232829349015,0.09525858546677685,0.08841141144987748,0.20582689869358387,0.10764448913192703,0.11241601280628845
0.115104983592139,0.10406563055020861,0.1266525764366648,0.12489595154717122,0.09432552302081516,0.1122720174201579,0.10580249689282678,0.1321439122253715,0.08473690831464507
0.1329004326161032,0.10750852107081699,0.11652583236158491,0.11869011783687707,0.11472882152423254,0.08988929050822196,0.10673038132970943,0.1168144948895929,0.09621210786286101
0.10498971672391359,0.1570440180174818,0.10948965359744732,0.1116880782279774,0.0951986760955883,0.09276472094663175,0.10812768592620488,0.11958758730940115,0.10110986315535382
0.11716087089383141,0.13570900856557722,0.10377372682795603,0.11138720116959748,0.09840165971051455,0.08628998895962707,0.14912378985829053,0.10646492958515803,0.09168882442944781
0.11035123178997137,0.07120238081717588,0.10836982875748909,0.12968919057317005,0.11947689085959516,0.09013678154566185,0.11775386494142193,0.08137763997747062,0.17164219073804407
0.10731182896620921,0.11777479129592379,0.1250873196657177,0.11773176159900156,0.10721352721410211,0.10377851329955613,0.0897943670052775,0.11789782427465556,0.1134100666795564
0.11635444215770778,0.12281830634626323,0.11032133313093778,0.11096497595230333,0.10144942820365928,0.10585044745436557,0.12295738431340385,0.13599254532556718,0.07329113711579215
0.12155166373299214,0.09617699254182184,0.10799887539433022,0.09717592488562654,0.09835468036704638,0.11224255314320804,0.13258599940181248,0.10992894910735355,0.12398436142580882
0.10422300600838759,0.155395112150056,0.11015995906065663,0.11300527590376513,0.0947477491933636,0.09451592853037565,0.09456871828967599,0.12036222503924869,0.11302202582447078
0.11261665321377196,0.06892278995944383,0.12317869812460586,0.13015255567775716,0.10539840877096213,0.09670053737707641,0.129911897195913,0.12618475123909725,0.1069337084413724
0.11322499121174705,0.053451463200543226,0.1254457468649102,0.12295843676952412,0.13334054397733527,0.09442570695889833,0.12135210068620268,0.11580740335254952,0.1199936069782896
0.11422697666787808,0.08466079729105518,0.14234975701825006,0.12273076852766114,0.08935002669436964,0.09932800902069316,0.14474049607266068,0.09597851915975945,0.10663464954767254
0.11232010531066389,0.0787001225144889,0.11565231604608639,0.1205155817952314,0.11062033260590991,0.11012303212655256,0.13569797611780862,0.1544413780311973,0.06192915545206105
0.10498971672391359,0.1570440180174818,0.10948965359744732,0.1116880782279774,0.0951986760955883,0.09276472094663175,0.10812768592620488,0.11958758730940115,0.10110986315535382
0.14482587793391546,0.06604522156945015,0.11123647967323441,0.12898172569592786,0.14702016459593178,0.09071755572203317,0.12166484140550103,0.12680209076966945,0.06270604263433666
0.1182786917712737,0.13520537837320726,0.10597399951539917,0.10811105359386165,0.11635339492713771,0.09241343116142109,0.0945483499738677,0.10702682217502592,0.1220888785088058
0.1294774396873645,0.07489912996957682,0.11689918057547748,0.10435089212852651,0.1304913149750643,0.08783485767950193,0.10130751096693268,0.100418832055663,0.15432084196189275
0.12679240737494715,0.1067661493961803,0.11225590966326023,0.11098321033187591,0.104901090613104,0.10057560728989906,0.09829547442092461,0.10791784004671508,0.13151231086309365
0.09950883937234156,0.10612277230170208,0.10197145641213563,0.10273712296317518,0.10080580897186812,0.11117824726660669,0.15164355380938313,0.13335534146592398,0.0926768574368637
0.11706686806306121,0.10632244324184137,0.1252972812077254,0.11993954493714049,0.10709253668262775,0.11113051367980485,0.10002978389862183,0.09026118236162761,0.12285984592754952
0.10655907534639907,0.17706751123824938,0.09738085747337179,0.1123211006076239,0.10396388638009986,0.09120279429022565,0.10358522185670445,0.11149210457156737,0.0964274482357586
0.10214271351983845,0.14133062139971134,0.10319411455560162,0.11324300216242467,0.10475784273917443,0.12621024999877437,0.10539137791181456,0.10575873735231527,0.09797134036034526
0.09179456460151919,0.11042200480045174,0.10093663579600665,0.1042232308971298,0.09201251400482342,0.09526274472828566,0.1718783274205922,0.10696957949032031,0.126500398260871
0.10649187116521501,0.12026996705855168,0.11989336094921639,0.11262532751099778,0.08750844384314316,0.09123263558026774,0.13719838026619005,0.09585875036844499,0.12892126325797323
0.10917523182360338,0.11408597872986492,0.09782464314284096,0.12407233969728525,0.1515599566292952,0.08287398669544023,0.10796908965311412,0.09081833419370756,0.12162043943484839
0.11715430327959224,0.06317938974929996,0.1269566057987823,0.12824736823143923,0.10591050845238659,0.09171125155665676,0.15393935007221718,0.09764194491647189,0.11525927794315387
0.11428759119933456,0.09385458934785147,0.12995310693437392,0.122565721154056,0.11090604461917387,0.09450143659749057,0.11363478302903574,0.1293486356221979,0.0909480914964859
0.1506227643100894,0.05293150614986245,0.10542578319443857,0.10185858893312379,0.10548694532767693,0.19958956724778418,0.08283702615621871,0.11028383135084113,0.09096398732996491
0.1023942289110008,0.1132253130687728,0.10445857925509477,0.10322889085299432,0.09588474643654098,0.13186917956092725,0.15866172088397543,0.08842455803035669,0.10185278300033695
0.12180131108253939,0.05960119417831017,0.11797182679404761,0.10932283954438765,0.12344309822617237,0.09937495461674861,0.1232416151920948,0.07143846143916051,0.17380469892653883
0.10300135045668309,0.11890037719536041,0.10267241201326871,0.10296846088459,0.08746064028971257,0.0861860099800939,0.16153119783822642,0.1002563299988698,0.13702322134319508
0.12263348845301719,0.07480617464738509,0.13231258440670632,0.12414391370626965,0.10035999096000546,0.15087209625628065,0.10436512999762149,0.11580967138310228,0.07469695018961185
0.08720953248290515,0.1037132414714113,0.08831844380079346,0.08495773983373363,0.12859019761429724,0.07712778905066438,0.2411340879905859,0.10158496359215445,0.08736400416345436
0.09053466741909404,0.14260369072920678,0.10116276693244314,0.10872663094405889,0.08997274093239309,0.10911030484404999,0.14102387214831297,0.1210986678064766,0.09576665824396456
0.10261325033613504,0.104611249404715,0.11760394102714615,0.10558103616638698,0.08388572177802461,0.1638052534036278,0.08955147080461516,0.11132075975206672,0.1210273173272826
0.13117941320912974,0.052579852475281096,0.1021422688672657,0.09640983636915085,0.11133677047399643,0.18582096330732092,0.11242026164652326,0.1356019821859925,0.07250865146533947
0.11607018530504949,0.09234011236636326,0.11451465282332889,0.11631660127625738,0.1403464456612038,0.0928341975172365,0.10971252285440995,0.08212963799423406,0.1357356442019166
0.1076576162743328,0.052553837357394544,0.1196015652113418,0.11662179264237972,0.11660197800138448,0.11033276241607459,0.17067135797602986,0.09896461341126356,0.10699447670979863
0.10501557011604258,0.11886283585966806,0.10426050508699852,0.09929734229780278,0.09217614137288548,0.09269982414374028,0.1558844070490177,0.10423064428109398,0.12757272979275056
0.13036244569044356,0.07786595097894865,0.1282115611750025,0.13414552137178348,0.12291979648773692,0.09916417153657835,0.12166292443580266,0.09757806649487656,0.08808956182882728
0.11181557299935002,0.08303157798149845,0.11998784982034245,0.10587259685504674,0.11034961872443504,0.13026431891562595,0.1228311093048063,0.07461238775394125,0.14123496764495386
0.09672014019969921,0.06262438112659001,0.11060719035003296,0.13005431075065613,0.11227479321419083,0.15568596643964935,0.12729040393697955,0.11978868211421441,0.08495413186798757
0.12270248246038827,0.04400746607846082,0.08648920063430028,0.09444880550880042,0.08639543178722535,0.15050315014806917,0.24212690708053378,0.07376731525680956,0.09955924104541229
0.10607435051490521,0.08548146193617508,0.11571777868315299,0.11418201044558186,0.10792418512016683,0.10717897905263403,0.07264418109929367,0.13056892028623546,0.16022813286185497
0.11261665321377196,0.06892278995944383,0.12317869812460586,0.13015255567775716,0.10539840877096213,0.09670053737707641,0.129911897195913,0.12618475123909725,0.1069337084413724
0.10581899654091072,0.09657974180186914,0.09111204560188373,0.09103618422143268,0.12682895486054577,0.0898089988133516,0.22215109826637347,0.10642569955901637,0.07023828033461639
0.11626461459717435,0.058147503319373184,0.1278372239491755,0.1162496678951246,0.09934723493974534,0.09884673793203358,0.1593843947227365,0.07086233432588379,0.1530602883187532
0.09582782402198514,0.13957522663714392,0.08627689225258121,0.09384052400468833,0.09529369498921374,0.07569820591352346,0.15657392360523428,0.09234497308430646,0.16456873549132342
0.11550389446423419,0.10415903850073394,0.13510280021421842,0.11336040951757044,0.09842867655065067,0.08278854803767055,0.10573787170555589,0.08128630748067199,0.16363245352869396
0.09966957926520843,0.14153415324314936,0.11126892861084892,0.10476420930656043,0.09530387217055909,0.09679038473378648,0.11435067687294043,0.10205522256876569,0.13426297322818112
0.12977095805061134,0.07174727631496441,0.13363448480338144,0.13591989322936682,0.12488275339310824,0.1319032457037342,0.08345441719296452,0.10040304980858249,0.08828392150328652
0.12019046124724637,0.11892260427682798,0.10331998060628937,0.11260658919143135,0.10784877384297475,0.08465573507192274,0.12834839540826717,0.09164328831885156,0.13246417203618863
0.11245113756595691,0.05293461890737514,0.12213860843425352,0.11571234980365631,0.12331769399289405,0.16222355667896904,0.09656278871597483,0.12603952470776078,0.08861972119315938
0.10498971672391359,0.1570440180174818,0.10948965359744732,0.1116880782279774,0.0951986760955883,0.09276472094663175,0.10812768592620488,0.11958758730940115,0.10110986315535382
0.12469125890240666,0.099823505215387,0.11328904129038786,0.11102470784748264,0.10464951890208,0.15299719912074775,0.08729278518087341,0.11990760546747198,0.08632437807316273
0.10498971672391359,0.1570440180174818,0.10948965359744732,0.1116880782279774,0.0951986760955883,0.09276472094663175,0.10812768592620488,0.11958758730940115,0.10110986315535382
0.10804027146578743,0.08563025232836785,0.1044797810726178,0.11179901899698008,0.11716399825718658,0.09144317849901956,0.16776825144228144,0.09782139131506869,0.11585385662269058
0.09412745377352698,0.08293623983232784,0.11171813396953667,0.11441826612323058,0.09599857541700285,0.08816741342905104,0.1264907143212254,0.10686434869758393,0.17927885443651473
0.11062491822677913,0.04688822468419624,0.1447142451273381,0.12030514714974518,0.10865420119548663,0.0980540189443218,0.10900216746178555,0.09607095610194337,0.165686121108404
0.09781569248508652,0.08821425015993188,0.12245023802201087,0.10858244288886583,0.10750263488446639,0.09379479253668592,0.08408497832453544,0.10256292923775252,0.19499204146066465
0.10787150429211378,0.12571792677005114,0.11308239917580805,0.11434735842808401,0.09176509043264935,0.09818794998834596,0.14528988521478645,0.09666517731913972,0.10707270837902161
0.1136391014784623,0.10333801290823248,0.11269320623967827,0.11373312055352436,0.12068535863468662,0.09323762121878587,0.1284461225795697,0.08463310230941741,0.129594354077643
0.10840747666660144,0.04477265522259271,0.11834095257478072,0.11849192539949245,0.12483699519200864,0.11810233190169832,0.14055229391312907,0.10603656182865312,0.12045880730104351
0.10277709892167619,0.04910154322188659,0.11106830312707931,0.11755920563258017,0.10114419647801266,0.12654851351769056,0.193110608189729,0.14275154250822805,0.055938988403117375
0.11339389596648912,0.17517119510936321,0.10419683535456471,0.0969756094326555,0.08148853089494958,0.1388852484605427,0.10497335070692948,0.08903206428138001,0.09588326979312568
0.11545939630711312,0.08816200172296051,0.09745367635213438,0.09497088422693183,0.09107673665343108,0.09978196433230498,0.19835341144734575,0.09044261862397994,0.1242993103337983
0.09631168261306289,0.07282790267840472,0.13495362699276897,0.11158491404620918,0.09799986376075509,0.0906091786533391,0.09330875889665231,0.10969590953236324,0.19270816282644446
0.09439804718102392,0.10664492794235121,0.11887207752267191,0.11560707542139727,0.0985837683734583,0.11539999958307649,0.09966295275949559,0.12353517710870833,0.12729597410781693
0.14005765180033647,0.07196454745925374,0.10100366706780184,0.11594202565025459,0.13217603883450516,0.09137631621682775,0.12594116371197048,0.10015783741139091,0.12138075184765895
0.10061094476420347,0.08326505563685627,0.11585751447229475,0.11126995970338815,0.12102525843182188,0.09344560645205517,0.08312391862531711,0.10800205957066754,0.18339968234339557
0.11275377036106206,0.12671323145855776,0.10781841998225317,0.10620047323375577,0.10056106293961799,0.09629020276253053,0.13864574658215637,0.12056630040726886,0.09045079227279751
0.10498971672391359,0.1570440180174818,0.10948965359744732,0.1116880782279774,0.0951986760955883,0.09276472094663175,0.10812768592620488,0.11958758730940115,0.10110986315535382
0.09076211123048776,0.15609197046887804,0.08175513254219725,0.095969470639297,0.10371439558284934,0.08237754397340691,0.1916460976839185,0.08216132204247874,0.11552195583648643
0.110529585413359,0.1594049608147683,0.1026869306452895,0.10564849680236209,0.0967797609586963,0.10949567065534245,0.098243514060062,0.10397612192350547,0.11323495872661495
0.09439955300825424,0.12283124082020029,0.11956002818109505,0.1142452280139042,0.08882199914492138,0.15964711319735597,0.0943608111714807,0.10681897412684499,0.09931505233594319
0.10498971672391359,0.1570440180174818,0.10948965359744732,0.1116880782279774,0.0951986760955883,0.09276472094663175,0.10812768592620488,0.11958758730940115,0.10110986315535382
0.10634794437429361,0.09713250371232356,0.10650106230424827,0.11762437517000474,0.1325055641574129,0.09295600338646237,0.13160257614041324,0.10836368308916478,0.10696628766567647
0.09472163651820513,0.09522579134348931,0.11368620252824128,0.10862850818213382,0.0857915327855967,0.1388349780551956,0.12815813413982638,0.10901041444104037,0.1259428020062714
0.13285442651348103,0.0664800682784658,0.11094630854069594,0.10617103256724496,0.1021155412297266,0.16122830669158508,0.10104858292391285,0.14442061129042028,0.07473512196446737
0.10498971672391359,0.1570440180174818,0.10948965359744732,0.1116880782279774,0.0951986760955883,0.09276472094663175,0.10812768592620488,0.11958758730940115,0.10110986315535382
0.10479318794295629,0.12937248127994852,0.11449338395265009,0.11592999814984732,0.08928496523396429,0.11136007342558435,0.09036565636522675,0.1117006489636689,0.13269960468615358
0.08520061760377573,0.12880592123864482,0.11778302610557517,0.11365043899986732,0.08628812307394733,0.10141900847338181,0.10934170170236006,0.09975812690393494,0.15775303589851275
0.08438170922578865,0.06343203759516791,0.08029467775174533,0.08613031362663755,0.09459930951904154,0.17028299770877983,0.17342285874973215,0.07544195774505003,0.17201413807805702
0.12399808505572585,0.07384029346028799,0.1159916251687213,0.11400713024087882,0.1349302412136321,0.12336426240584486,0.11309392570609589,0.11484348301751235,0.08593095373130084
0.10730003376016099,0.19961503859272134,0.09638641274287368,0.10297192168953136,0.09882527470715204,0.07350115778929932,0.1289932979020317,0.10809422575847898,0.08431263705775062
0.10845243094652529,0.11104262150750559,0.11550573814213438,0.12807862331280143,0.11147644548033109,0.0980832679175097,0.0873996438138891,0.1044750539324897,0.1354861749468138
0.10173325489125136,0.06349808813582876,0.11306866120958024,0.10695525819683749,0.09224133818687567,0.1155058806198236,0.1814171913033753,0.09496855905947749,0.13061176839695007
0.13246155616942257,0.05388408862442678,0.12067119266266531,0.09880789148027973,0.10554860118953167,0.15231480822370566,0.10077576688093308,0.07439938989837941,0.16113670487065587
0.09384511274740115,0.12263823210817588,0.12449742425431358,0.10877338494954358,0.0839710778938519,0.10850761703792937,0.13392118036606113,0.0849643227848129,0.1388816478579105
0.10498971672391359,0.1570440180174818,0.10948965359744732,0.1116880782279774,0.0951986760955883,0.09276472094663175,0.10812768592620488,0.11958758730940115,0.10110986315535382
0.1170082543643069,0.12243088891993492,0.1044859870490671,0.11183348661371377,0.1244098802241943,0.08209927614822704,0.174324655274686,0.09002328907207408,0.07338428233379596
0.10742897814391045,0.14638206657647343,0.11385045657382653,0.11558063096264166,0.09867713493701609,0.0939913482806179,0.09586514417301623,0.12051972584077243,0.10770451451172529
0.08983515293158296,0.15542126961702266,0.09705020646258466,0.11192273376400097,0.08943017971000809,0.11300914643776856,0.09441632522591542,0.10415058364036506,0.14476440221075157
