0.12092414470605972,0.08827947788309327,0.10450115606375916,0.118126204577555,0.11632208678464351,0.09437874894096392,0.10173908460547691,0.1316614083925254,0.12406768804592307
0.12512172661869975,0.10386389820521728,0.12238745133707936,0.11340178106951282,0.11441778097654103,0.08265312497612808,0.1217494922389309,0.11816390856269206,0.09824083601519877
0.11488438667247984,0.04394796811456204,0.25029799259478264,0.0847666149554535,0.09224800451672031,0.11247716390939082,0.06857771796633781,0.13047343148263116,0.10232671978764189
0.15837672448958032,0.10710981115626954,0.06553899236033013,0.1096210934729529,0.10524510238606521,0.09338703349234467,0.10012939179486935,0.14691613438565038,0.11367571646193751
0.1493606179994302,0.07179707156716471,0.08837876488152308,0.14282305750715832,0.11299483203973981,0.06911217939642156,0.12324699035411309,0.1123100520584943,0.12997643419595495
0.1258661221612152,0.07696363182266774,0.07201568556469351,0.12289009226584134,0.12380321663658361,0.07675741980502876,0.11525418224210836,0.16264981261006262,0.12379983689179876
0.11694121428819625,0.08767265162064387,0.09434963960605358,0.1192458795222295,0.11270125186000773,0.09835242717697194,0.11328851118146177,0.1503234559987899,0.10712496874564555
0.13398538638895882,0.14335621292119724,0.08514437083526204,0.11904002492895216,0.11379657326108816,0.060820650411967804,0.14037172673621917,0.09687553847194207,0.10660951604441256
0.16036868065040907,0.08436628586719046,0.04203852162671715,0.09596663242898236,0.1620442294897645,0.07462420188172703,0.07134572858667017,0.12664837728258868,0.18259734218595067
0.1161268012193255,0.09516283638355111,0.07272299176976373,0.11453337940910872,0.12883823474494852,0.07389639421325757,0.12276386997457851,0.15797827906793868,0.11797721321752774
0.09882901764882308,0.14605758957284157,0.05225413999259707,0.12759986072932336,0.11478612894879414,0.06507294654952785,0.15147126704441216,0.12970871031470135,0.11422033919897934
0.13740189022206875,0.12391693607749099,0.05791541071751879,0.11322363820234894,0.12576782500239136,0.12790331238170302,0.1481054523097165,0.07355595404202063,0.09220958104474108
0.12370333058405743,0.06230638090208513,0.029608005952566976,0.1256751759786708,0.11803980724859701,0.19835444135287736,0.08121844215484508,0.11112859360508781,0.14996582222121235
0.10356477079292721,0.14808980556119092,0.027121278567456452,0.10760523136511024,0.09503643935270627,0.19967466265100042,0.05498737247318475,0.15080818046195557,0.11311225877446819
0.11730054488021757,0.059869793057195725,0.15555755821804548,0.12732898027316022,0.11487426383487115,0.12583123700722282,0.07755123907836484,0.09821149178446377,0.12347489186645844
0.14586495163816385,0.12066882016229458,0.05351722111553995,0.13468292209900506,0.12002601982760215,0.07755243059548918,0.11244526749113513,0.10035079091527381,0.13489157615549627
0.09792716401700817,0.09010432633688213,0.06536999077499067,0.11410133747664532,0.12841564705326589,0.1677553044026795,0.08297764397912642,0.12385244870556339,0.1294961372538386
0.09836595532815336,0.17127984664535464,0.026344348685867228,0.1065720108517425,0.12092232146230418,0.10834120881674714,0.1461821229801822,0.11198062669206361,0.11001155853758514
0.10214802596350119,0.054484760944597636,0.14055835051281926,0.09611764785485684,0.10883869043579651,0.09733139399010514,0.1061208954121699,0.18470096657230986,0.10969926831384365
0.1199807577300251,0.09939788016346669,0.06767360838061166,0.1208087860666061,0.12156446713879536,0.07573171643697839,0.13713608043277412,0.12967143875955764,0.1280352648911849
0.12125782477372227,0.10503154818506337,0.05169971652101848,0.14488299994167478,0.11406759717521892,0.07103461915992516,0.1022763988444418,0.16528448948106847,0.12446480591786684
0.13948532467563132,0.09011052755617589,0.1057349883602547,0.13685498477493474,0.12380444300830606,0.09258639882390507,0.08256592054826041,0.1005701668695053,0.12828724538302658
0.1371857480698697,0.07404024725114482,0.16865242691531435,0.10264463220974514,0.12758055748662742,0.06889447812464561,0.09125131895814441,0.1123611692960456,0.11738942168846302
0.13667092222935148,0.05923824790059371,0.09276411248577493,0.1346414778320205,0.13211898795913277,0.08910881748054882,0.08324643875798658,0.16463550875135555,0.10757548660323564
0.1216433689367245,0.09323323726565064,0.06735875787878035,0.11809474982184502,0.11693835061982986,0.10737614658061144,0.11526624417034138,0.14475885364580635,0.11533029108041037
0.11778554255633827,0.06689559325606569,0.07543562139607234,0.1397733578076908,0.1374701103335643,0.1465028531974255,0.09084381851431068,0.12123609276112209,0.10405701017741027
0.12990969605206137,0.08456780552379194,0.058381772651232754,0.13537363710986025,0.13341409687254788,0.10112472496935221,0.1153493154080647,0.11553672060336595,0.126342230809723
0.12648785211520822,0.06459013864183205,0.2607147943424086,0.08688834280804025,0.10143636543719166,0.0784501137727552,0.06752636578043515,0.12890086039401374,0.08500516670811514
0.1441081014422826,0.08370568619866327,0.1478888997520858,0.11388631260042181,0.12200761900250258,0.08403125839067242,0.07936329748473879,0.11036430475573572,0.11464452037289702
0.13440312636174134,0.0804079270826059,0.05726223241037471,0.1411971941815349,0.10762937965945873,0.06705337851282277,0.19030111944693875,0.1190969654455954,0.10264867689892743
0.08666258605099418,0.18978892194508146,0.05013758142820931,0.10216111940946232,0.10762450878320103,0.051434684629948386,0.21524108604893175,0.07926160389948782,0.11768790780468374
0.13082256438842452,0.04846861245914075,0.07613618418417778,0.11573530146088405,0.11052123431565271,0.14185003045027467,0.13147510807559248,0.1237813934139495,0.1212095712519035
0.14570898594759818,0.05400196238724612,0.2302573471877293,0.09873154349462715,0.10284075824428711,0.10061116497128438,0.08510614847949889,0.08981310461630548,0.09292898467142341
0.11276812371040316,0.11376324139386292,0.09227728998878142,0.11659666166228055,0.10971959921792884,0.07032515825444441,0.17353506676373556,0.10164611035262365,0.10936874865593949
0.1407499054890626,0.09453442376181549,0.05443869798859052,0.120263096621837,0.1594468055267131,0.1040270248897477,0.07655127685649171,0.11799960060620536,0.1319891682595364
0.10876831552028919,0.09352384766490225,0.06648245968074286,0.15409219692140505,0.14765107235024885,0.07842312189976497,0.11592279692150614,0.10997622236260757,0.12515996667853316
0.12340322829924551,0.12211691022302612,0.04295967718709959,0.10900816017106839,0.12043563744587764,0.10195677741626454,0.1850543877609123,0.10495404378973332,0.0901111777067725
0.13422023800024183,0.06421837707745885,0.0927760158868522,0.13243501556585732,0.12591382100734957,0.11689594180796951,0.06737625480973554,0.12293018623411672,0.14323414961041847
0.0995160191472857,0.06643284539014838,0.15991438411871486,0.10273406038538836,0.11829673253713391,0.047598034088291746,0.20944952229857983,0.08293855194271348,0.11311985009174369
0.159791417150301,0.1526902483090341,0.043592892631028064,0.10811333691656039,0.09909251069302605,0.1481101066616159,0.1011986549895344,0.09305836672375271,0.09435246592514733
0.15069402208104923,0.0891367598074861,0.09829827556311214,0.13707133955772208,0.11375885878571868,0.06851809277508779,0.1152349072458951,0.10272146541231246,0.12456627877161641
0.1561893414594379,0.09027732235556467,0.044633014933575965,0.11636845140286574,0.14053760551889313,0.10257894601292179,0.07991225317797541,0.12290209350631032,0.14660097163245503
0.14404163729399813,0.09457906661225866,0.08153178554514705,0.11387805527500393,0.11751456607405492,0.1207406192897889,0.07831848771199922,0.13496243857845133,0.11443334361929786
0.15198191197966554,0.07082942440978617,0.07046638398164541,0.13184229937273198,0.11033717863861069,0.06462602880844648,0.15461330061974565,0.13527300459938554,0.11003046758998253
0.11997337036661922,0.07802329215541519,0.08472379202597012,0.1198297587864331,0.11908071617923137,0.0799365900083253,0.1398424383975462,0.14531065588688083,0.11327938619357873
0.11202386107775714,0.060578631179363795,0.0658110695843032,0.10639707228512578,0.1120847370654691,0.1415436162800141,0.17838065117783797,0.11711435651549361,0.10606600483463524
0.11469166584462716,0.07583405129265315,0.20089976744154403,0.1016433112019337,0.10798762693899104,0.06370375143856305,0.08376898563526597,0.15001697529378852,0.10145386491263338
0.11072416339724513,0.12112670918058155,0.06393379471024861,0.11662220442372756,0.11388214605485492,0.07067306950798968,0.19215602624335185,0.10291228211919923,0.10796960436280145
0.14149271638226193,0.10012958554145601,0.11826370334564378,0.12162938830493515,0.1090605538130273,0.06509358722138141,0.11833021925220143,0.10261899570237,0.12338125043672293
0.1219818016081397,0.08229414372411255,0.12634628071640128,0.13513393223048312,0.10034892490817415,0.05263392523211777,0.1593114032458592,0.09253041745026648,0.12941917088444568
0.1351762868655414,0.08064162619478026,0.06454734564822527,0.13222285765396816,0.1250034935132606,0.06857252123471395,0.08498448716835338,0.19901784151941512,0.10983354020174185
0.13951147280978973,0.0678017691273659,0.15229447397721355,0.12093538792226621,0.10806587191703527,0.07207971354266057,0.10716772790577166,0.1107980455323524,0.12134553726554471
0.10587935022029572,0.10712015034351781,0.0785005256705131,0.1141450909681101,0.11131725322762494,0.07723485638537732,0.13074929448058462,0.16778687276440363,0.10726660593957281
0.11706667874688774,0.1698450457102634,0.12753405448153077,0.08978383957723744,0.09829818392509544,0.09016151433384367,0.11535633841289866,0.08793852278774365,0.10401582202449916
0.15022915388376942,0.09609667824606827,0.17985638766551912,0.10267380910305575,0.10593429486936252,0.05345685114079033,0.09470142010934868,0.0825101601191027,0.13454124486298324
0.11637056923158023,0.08547114859690086,0.07099237116609185,0.13180843104363535,0.14426136775570816,0.12303462620119794,0.08843380585810297,0.11727076920187736,0.12235691094490525
0.10592308285207465,0.163192885348009,0.04972247343675745,0.12350068441221784,0.12690346369916197,0.05158047633123697,0.1258424483153826,0.09681501429659813,0.15651947130856134
0.10715718137202113,0.19482302067847743,0.22271005554964776,0.07630232716463954,0.08893854160385113,0.07140219475349911,0.048845457896575795,0.1033973139555155,0.08642390702577256
0.1319075228514823,0.05520739690556795,0.04656862172329571,0.14846018369267536,0.11508346474536275,0.08897412009729556,0.18922324984749037,0.10722454558624772,0.11735089455058219
0.15459608284030768,0.14373619722890152,0.0385000495695584,0.136886054852129,0.13587811817590414,0.06610639269186258,0.08059526923398451,0.0894389194064379,0.1542629160009142
0.1412662703222606,0.10806557423864323,0.07321113166504732,0.11476612584886749,0.11653809958901519,0.09898564662971014,0.11214842350736688,0.12315292849818948,0.11186579970089972
0.12488833416623557,0.07614513627737086,0.10215893197959074,0.11746936431985862,0.13002859431651745,0.11725322642305773,0.09938061071723735,0.12188214983239985,0.11079365196773176
0.12172201839307516,0.0788304706758693,0.1681106029653799,0.1277788886311269,0.1144327744112254,0.09283808223636832,0.07411218677534481,0.09617006533840296,0.12600491057320728
0.14629094247182972,0.07530548753519985,0.09131520662100641,0.12860140999182798,0.11519957687439471,0.08105703710293118,0.10684130690777598,0.13082807203336203,0.12456096046167218
0.08262977394325015,0.0853886355525408,0.2661246027885882,0.10513848345134748,0.10147584283854659,0.06661590193477851,0.10041663757087792,0.09187314867089934,0.10033697324917105
0.14765370888417295,0.04701605690142532,0.10648131206867213,0.11601008278874599,0.11274922048872221,0.07200044952244769,0.17644274980360053,0.11991571090627591,0.10173070863593735
0.11941383617226592,0.06525772858596567,0.21732074421342304,0.11885965533428879,0.10568237755279979,0.10326256608864877,0.06736327094704457,0.09644918055620072,0.10639064054936276
0.07706468021789938,0.2085218254487143,0.1512171331998899,0.11464932972431503,0.10973898012791673,0.08196882186621565,0.06027627453002751,0.0964143964618523,0.1001485584231691
0.12171149658057882,0.06716565343957694,0.07288870822056934,0.12617280621382712,0.1560996546664752,0.0722846648468853,0.1057342696473365,0.1675997222566271,0.11034302412812363
0.1382998029874289,0.08830237864578898,0.04042636432400928,0.12491598774031117,0.11213482112652856,0.08809173688573348,0.16227156463276773,0.11940189417658353,0.12615544948084836
0.11308804001563331,0.13088709028382645,0.15070743725252542,0.11101955060806583,0.09973742106205691,0.1064864787196015,0.0632818094425826,0.11362482084646906,0.11116735176923893
0.09954473775066768,0.17939983652352343,0.08067744297537209,0.11950828509464667,0.10501765960080088,0.07005839497934577,0.11555358141261585,0.10417419801412657,0.12606586364890104
0.1466012071304994,0.08068138874374392,0.10967034649487024,0.11380592953257719,0.11816273604206036,0.08393994733319798,0.10628265963064121,0.1348627510989513,0.1059930339934584
0.12303302107959664,0.05357453994887327,0.3089860897461909,0.08986102007553237,0.12071481578529138,0.06779888648663608,0.044001846013948014,0.09846163960102454,0.0935681412629068
0.10394971596138397,0.1490265331615649,0.05023584245487824,0.1121387566957558,0.11299316052215835,0.08091659434698255,0.1796408064493776,0.10176822357516428,0.10933036683273434
0.15241002628092606,0.08839866138172635,0.07060061807557248,0.13431474199554186,0.12559265604622238,0.07706770064914548,0.0820768612093523,0.12071274466139414,0.14882598970011887
0.12999239378057373,0.10575616535761405,0.16614283725175924,0.09201393083448624,0.11140727546863644,0.06202104939232291,0.06755870167738548,0.14191049113648926,0.12319715510073259
0.1327362853285505,0.0655285462142427,0.034885684244966665,0.1218240690163029,0.12278386729971653,0.1417194575325825,0.12488885005992628,0.13108320396615783,0.12455003633755408
0.12768415893925447,0.0685868318236416,0.09629284132327187,0.13659329153222377,0.11143154336505778,0.0991381277857656,0.10564073691318988,0.132888398009224,0.12174407030837102
0.1772291461624449,0.044217405599493526,0.03369487729340464,0.13598299186098847,0.1099287631525569,0.11011303767174922,0.15350743720503346,0.0940322821176774,0.1412940589366515
0.11652068429125555,0.10616856026780962,0.16817133649527669,0.10087561461336177,0.10581791865144204,0.05229578594600898,0.09197402708407056,0.1633949696171042,0.09478110303367053
0.0817091066563914,0.17669293758110993,0.02407430594152003,0.10869460926414709,0.11167920498810756,0.15604889502390618,0.1448965444107604,0.08415772496784352,0.11204667116621396
0.1253100833214823,0.12548776081440793,0.09167287142017459,0.09928986724946963,0.10878896697345336,0.0898431691258816,0.11165408613671328,0.14731474846836493,0.10063844649005242
0.0923024277862718,0.0981825175596865,0.07711168378521063,0.10750328084164824,0.12920753058253023,0.07795877410159964,0.08827648370106593,0.23080001914452555,0.09865728249746138
0.11119799891309935,0.07321482212107248,0.13387412240225474,0.12212658094625091,0.1311091088561552,0.07927800357524223,0.11731277136330755,0.11474077117763849,0.11714582064497912
0.10374485944489187,0.13762288591916616,0.14983582939859869,0.1074595192061802,0.11631406382808722,0.05846934597690664,0.1295551081616818,0.08783485322566864,0.10916353483881874
0.08352814878036634,0.09963131600425501,0.14060321819747543,0.09758380123634848,0.10713177916744131,0.054623659688250455,0.09310959077445363,0.2252705609684582,0.09851792518295117
0.1733004251145552,0.044419685308634514,0.10370014179751245,0.11187379117397428,0.10564639939269944,0.06760212797870822,0.12661456984890143,0.17200580343872032,0.09483705594629403
0.11119799891309935,0.07321482212107248,0.13387412240225474,0.12212658094625091,0.1311091088561552,0.07927800357524223,0.11731277136330755,0.11474077117763849,0.11714582064497912
0.11927101173906714,0.12153902907842755,0.03444243405200465,0.1481901009799181,0.12220863221794975,0.07487620887990838,0.0724198959876115,0.16940634231178583,0.13764634475332707
0.11513157791452851,0.06706741385219928,0.0515287685152267,0.12347196753929353,0.12254123868153315,0.16652254307741673,0.1057902206357209,0.10696813959585133,0.14097813018822983
0.1120586404508598,0.052219224411896116,0.09397693754383407,0.1240747118260181,0.13240399112669876,0.1425866586260337,0.09414802604665135,0.11188312314121558,0.13664868682679265
0.13902331176248234,0.08277709433567083,0.03736240861229821,0.14441891715393504,0.14073441789915397,0.09441800961915063,0.08866406748917406,0.12348062648156909,0.1491211466465658
0.1967461712510091,0.0891905965921831,0.10681755707822749,0.1324373484187338,0.11324030760781371,0.08013784613190232,0.08123717524307228,0.07794094692531947,0.12225205075173871
0.12362968665896336,0.06616956466879667,0.0824519179004712,0.1253871997557772,0.11062904071438308,0.07557133531989645,0.17755888796712002,0.12835399446382037,0.1102483725507717
0.13977600930337697,0.08835998675042316,0.11033355668471119,0.13590871211020042,0.12685944817139086,0.1172302832625969,0.07397460307872249,0.09091571065457633,0.11664168998400172
0.0964464012320952,0.08884822159310703,0.06727829510255111,0.13155594634915072,0.11513210850077266,0.08640556436458297,0.16916974204733537,0.12716222824248355,0.11800149256792146
0.1199362819468659,0.15260427078810274,0.04902261318196952,0.11325517633093045,0.11245981823909802,0.12149749369625817,0.10326529528171717,0.09686689684357519,0.13109215369148278
0.09383476594485916,0.21781661778678654,0.10014135837986228,0.14158370866371348,0.11613539230847769,0.05558773020100569,0.05626136110845326,0.08931253140822228,0.12932653419861972
0.12144512557926405,0.07440192403663362,0.18573898391705226,0.10811195931913602,0.1102762627235405,0.07578628702269079,0.09937628049101277,0.1069922506092048,0.11787092630146524
0.106192559911095,0.07728599782573055,0.10896647804089792,0.12034807034257232,0.12017265682995498,0.07287539717874118,0.11853132105767152,0.17589690953272993,0.09973060928060666
0.11845579560469377,0.07089402014687184,0.08734119936170355,0.1269017770396878,0.10541049900824966,0.08257629745633174,0.17033649866445352,0.10645742731071432,0.13162648540729371
0.1409301824131994,0.07003608418571357,0.13844814924697285,0.13566039880156158,0.11311891857633882,0.09848475996570538,0.08756814343893306,0.09413302591514643,0.12162033745642885
0.11856983392315794,0.06476931841685603,0.05278349536688955,0.12151975731092446,0.11039933025864367,0.06758329338562212,0.17127772656585824,0.17954007922281245,0.11355716554923556
0.1270276905579189,0.12888906825099333,0.10460489981961207,0.11628999499391872,0.11409938305438412,0.07187335942074173,0.09525027034368437,0.13479422700375085,0.10717110655499602
0.1375879196400125,0.06045017255141322,0.08188475052688239,0.14519801401812507,0.11876718275868858,0.11878646846747498,0.1118148934556069,0.11209975681382144,0.11341084176797499
0.13379340099315612,0.13421100264148375,0.07888669707263102,0.11830724624363574,0.10900826829601401,0.06861079505005409,0.09270049791761344,0.1518980532167307,0.1125840385686812
0.12174439217099008,0.08455302705138246,0.0727891424162899,0.13460158755491405,0.12110892770233468,0.07621211391429827,0.15065865391116484,0.11414991285667707,0.12418224242194864
0.09954424033399267,0.10503036818547125,0.11086544091085297,0.1196783753556845,0.11893767172024294,0.11267742615490454,0.10608337658999517,0.09717969376946646,0.13000340697938956
0.09309144539566573,0.0592304449292528,0.020181095603373025,0.11402868412137777,0.11394656434615802,0.20096818915470563,0.1327791161520188,0.11475841705902856,0.15101604323841963
0.15762516465890988,0.10164871509867907,0.05208701037052348,0.11882372777741283,0.12736757864024031,0.0843758627185859,0.05306011145617583,0.14400424209158788,0.16100758718788488
0.10199624116004952,0.12146905728339041,0.09950384430031878,0.08886422944988796,0.09801099231260846,0.07003131519562715,0.10321916987420876,0.2168467052759779,0.10005844514793104
0.0957359109744063,0.09746247765081724,0.09781118628076334,0.1251140507338746,0.12257964278058393,0.08000809341089714,0.14693610258817288,0.12309867504915877,0.11125386053132567
0.14351870956867704,0.16179891019494405,0.06672918284229552,0.12118841610681337,0.11490664471752991,0.0809581976394922,0.08176925655364659,0.10901818208420337,0.12011250029239795
0.09994087800293155,0.10957676635062648,0.13600042672400686,0.10200981122843121,0.10358591375415377,0.060505417783531024,0.10055931266533448,0.18419706643604253,0.10362440705494214
0.11991111415096611,0.11273554928218255,0.05569168577012465,0.1256613529770361,0.14790241467081836,0.085649001637515,0.1088803310523878,0.11373977541531011,0.12982877504365953
0.12635829014643454,0.08751697628309031,0.09887612849378068,0.12625242232748382,0.12309472181321417,0.07448787688475945,0.10609223281229228,0.1466194199541263,0.11070193128481842
0.14262180767797114,0.0894109930283515,0.09725161434500167,0.12436568066121449,0.1116508643544716,0.08497209397304765,0.1270300681169907,0.10719559286869464,0.11550128497425656
0.11427988146621022,0.04770568335227971,0.15144942036761308,0.12373991742224928,0.13037550830263872,0.09700294634509227,0.09465678871205006,0.13055410291977512,0.11023575111209154
0.09101869218733612,0.09264651920675705,0.12372460587618928,0.10275395103055464,0.1078381618247904,0.168921631870837,0.09530970494351908,0.08854918030304766,0.12923755275696877
0.12168535554367417,0.051275384335476425,0.09634387830122605,0.12637566199050906,0.1128406046042862,0.0520140502882142,0.18196123298076886,0.13420834640074364,0.12329548555510132
0.13386278879364258,0.11004497053283209,0.05661386547638289,0.13918795472067624,0.12456605720892666,0.07086953224227865,0.11463520056851868,0.12241544183708448,0.1278041886196577
0.1077582531204188,0.09138148389908951,0.15775545675000788,0.118105332749367,0.11047834604205213,0.07850571174980646,0.08822995800880878,0.11969633458080682,0.1280891230996427
0.1351832830311697,0.0710688052589564,0.10561246035810117,0.12669468969160239,0.1109403672997512,0.07525811406537238,0.13190051576874295,0.12533922913679915,0.1180025353895048
0.1334349454277268,0.07839400988849927,0.13083170485740417,0.12287157621764373,0.1265023926326956,0.07655522289799264,0.059576305782571254,0.15807763563247232,0.11375620666299414
0.1102632699385403,0.0629485346330868,0.06714513078279803,0.1267084566335206,0.10722134697476009,0.1599455375527532,0.1371100193958361,0.11705340511947838,0.11160429896922647
0.14840670200481473,0.07565249358105808,0.10531989274596537,0.12472237998094247,0.1547360880408134,0.09565467814049211,0.08190174976635936,0.08465467860892344,0.12895133713063112
0.13304623476851507,0.07183175458305706,0.11962668852027679,0.11685715211281726,0.12949659430185828,0.07289711055442226,0.10422377458339721,0.11069816201424727,0.14132252856140873
0.12468438923130869,0.09778458804750796,0.07556426330737244,0.1215739816920177,0.1406128275917022,0.06136102635194382,0.11685056194242616,0.143799765357468,0.11776859647825294
0.13370314370290529,0.08026660569589689,0.04747939890563497,0.12883592415021186,0.1251940099345222,0.09552930192270233,0.11676250612580069,0.14301054549713937,0.1292185640651864
0.13246123050674588,0.0965638567149168,0.09344504010090737,0.12275664171377319,0.12238029536137261,0.11199971770222567,0.11195294690823286,0.10572738685939932,0.10271288413242625
0.10341637587113883,0.05504685336259929,0.14186772211362444,0.09679575001948258,0.10556339134720022,0.11921384181025611,0.10412639770803517,0.1719177177702265,0.10205194999743679
0.11013906242652517,0.10068515045751841,0.1250502074597575,0.11336327748502405,0.1340393957533764,0.07275200157579731,0.10426621277876698,0.13108714769860288,0.10861754436463138
0.1609761298947422,0.056080276943617585,0.12229399294768249,0.11605362903031165,0.09969584179211832,0.11420288038728404,0.10252699998392391,0.1216275181797437,0.10654273084057603
0.09477556406689346,0.0832589326563804,0.15685928005048524,0.1613576053865693,0.10802243483303886,0.06900070666558984,0.0658917131565998,0.14890659063433126,0.11192717255011193
0.11303148983587526,0.06716837186459342,0.0684339648241159,0.11590290337910568,0.11466352538878068,0.09481423732875281,0.13995458998800778,0.16319855185421098,0.12283236553655748
0.10654502418165945,0.12187862471179244,0.05054610537273115,0.14378148993640213,0.13420449796674613,0.10093637407193129,0.06625497100603436,0.14169633071203994,0.13415658204066314
0.11766175705478026,0.11017865809588882,0.21888367864281286,0.10665185624690944,0.1032200307368107,0.06193985504609372,0.09845414994272322,0.08386218182748052,0.09914783240650045
0.10936750906522812,0.0693638802967579,0.0671460858391872,0.12658262300094678,0.10980057228540097,0.09632623610078143,0.14911836701541695,0.1641329975423208,0.10816172885395985
0.12373274978749908,0.15902744585727882,0.09096503843940167,0.11716314634160613,0.10960862254229516,0.06788781789328463,0.09876640121977447,0.12389356958237813,0.10895520833648194
0.10788965204546846,0.07000809616863102,0.14594003876909753,0.10544607319230274,0.11864860639165925,0.06894820504888367,0.1652580459863172,0.1128674721880575,0.10499381020958266
0.10671482033556406,0.08681449613424513,0.1536445891257767,0.11401939880206095,0.10508704181748707,0.10885725727864726,0.06025850276183426,0.14772676759298495,0.11687712615139967
0.11304340034397609,0.13570765885754613,0.11194035984555945,0.11851826575619401,0.11367983690665295,0.0753591331187387,0.09667744271168037,0.12371891754242205,0.11135498491723024
0.12460218663377758,0.08867551993366495,0.07097320844270756,0.1232274906482594,0.11555317624021282,0.07201702294250774,0.15166585444610328,0.12381710756245799,0.12946843315030868
0.15290058099018186,0.09528626260309588,0.08484955054842049,0.13287944887976835,0.12188499231261411,0.06417621054113527,0.11609555680413618,0.11482575252818224,0.11710164479246571
0.09290127162326663,0.09019706136470416,0.1176799439202874,0.130135263415279,0.12257609657042101,0.06759157200517624,0.12665586342288146,0.14009353516132042,0.11216939251666358
0.13399103303373547,0.07610356657886179,0.09520782282193742,0.11158738016319332,0.14892780985257267,0.10318854838170145,0.07421829585988679,0.14952465127077222,0.10725089203733891
0.12143423928102907,0.10056427917246402,0.0922227338526121,0.1204763783986188,0.11540988202431052,0.07905844753613406,0.14636074959161005,0.11984100665343371,0.10463228348978763
0.10781219202365144,0.06664754613700233,0.05903756789469883,0.11623634050707175,0.1175478195426874,0.13076716868222865,0.15585487866159184,0.11901727833772874,0.12707920821333898
0.1359089679394662,0.12628259617526114,0.025034341550830994,0.11219779880358759,0.1576999775867158,0.0779186522399017,0.05713319022460556,0.08836956519441092,0.21945491028522013
0.08939023409266687,0.17041137974217965,0.09945447802467888,0.12130461965933952,0.10889727938772333,0.05623513987485081,0.13861702345292648,0.10932611609020156,0.10636372967543295
0.10543327748632865,0.06379333921333005,0.09035653456367099,0.10770297770367547,0.13167426084075565,0.09474400541303755,0.10677047905423863,0.1757555281493631,0.12376959757559995
0.12036850687369384,0.14372462307731074,0.06293764601068881,0.13993701309137443,0.11934632871747458,0.08243634681077812,0.08063773580452738,0.12811225645989152,0.12249954315426058
0.10857977633946032,0.092859303073672,0.19686742277562908,0.11093419754827422,0.10526433869613457,0.07942626992516133,0.08954645803898949,0.11274788687406039,0.10377434672861863
0.15833721754365102,0.04364796651611682,0.292653515958981,0.09058917243138985,0.09039570635111238,0.04511800015615506,0.07740631953287773,0.06933234322049218,0.13251975828922405
0.17025860435795814,0.07388658777047037,0.06619607135856703,0.11831388100571605,0.13172651207403438,0.07462013094985602,0.09623609637517033,0.10209852357956524,0.1666635925286625
0.1067444000770759,0.06829221525042446,0.11522591813427026,0.1175786020508733,0.1361143214097252,0.09302228083344415,0.10835921028128441,0.12315420326026234,0.1315088487026399
0.1503087655675633,0.08293572515749363,0.07695060133109943,0.12013619571781016,0.1089645062113405,0.062437626424784815,0.14018622318169485,0.1504448822887615,0.10763547411945183
0.10925837416724915,0.11331059541938267,0.08174651260007028,0.11611247621946692,0.12482045574537802,0.09469626082109618,0.12349405978430544,0.12410885997964471,0.11245240526340665
0.08464426599253887,0.07319570502735023,0.13472300407234458,0.09813193216001764,0.09734425721478156,0.09811655825569028,0.07143259341362897,0.21733330728022582,0.12507837658342205
0.13272859344229512,0.12923570536787674,0.05053925840519182,0.11949439202638612,0.12343542824512549,0.09072379033835481,0.17000376339591228,0.08367148421716541,0.10016758456169218
0.16412837721994936,0.09886223500304318,0.06373120321933044,0.13267833726452768,0.11275907726458774,0.11374155571759555,0.08192073492652034,0.10252682090254767,0.1296516584818979
0.12119041211269434,0.05157961635483679,0.2525028854025793,0.09818583110471994,0.08459657162136093,0.09280218219391474,0.08292878096822594,0.12485279090154157,0.09136092934012648
0.12194590249044131,0.09919030752680537,0.07149787722233236,0.12365197122260972,0.10428436573107401,0.05601925162428253,0.21030810016917012,0.1036267720502025,0.10947545196308207
0.1207408636514296,0.07706909489111567,0.13822917015062264,0.12626697436770726,0.11488881089706326,0.06513180494036779,0.15137150790466827,0.10301636945540553,0.10328540374162003
0.14191207762707225,0.09727317342356141,0.07237061813260653,0.1319742531474862,0.11696083233209964,0.1281596837466518,0.06952453863234942,0.10795936661680121,0.13386545634137156
0.11315622811603405,0.10232793104603309,0.07474673913031388,0.1316990680157976,0.11152150239470694,0.05206197836659602,0.11047065330730754,0.19782420344377682,0.1061916961794341
0.08664010850092783,0.09724421146361491,0.03227939739394373,0.11898959651431233,0.1286898370961064,0.07600649293590195,0.1361296870096037,0.18666607122581028,0.13735459785977885
0.1502369684711806,0.0647408645248267,0.07284754252450266,0.13855171657761364,0.1282710203728502,0.08022930191581627,0.15333152835026662,0.11280352088794258,0.09898753637500078
0.11536577775592938,0.10540187119774076,0.18499223680328095,0.10451237351600795,0.12299753451245272,0.05829942604934544,0.07765685070080099,0.1275542118908782,0.10321971757356357
0.09462978142311929,0.12190477204877187,0.029563760902806765,0.10755828912193917,0.10703389379317119,0.1874377211336192,0.14969120241948242,0.09204725985375577,0.11013331930333432
0.10170333476439952,0.10054829080120009,0.16701723184330788,0.12335137262524709,0.10613484906301536,0.07860159376257016,0.08693261611229768,0.09858086438117374,0.13712984664678848
0.11189490396468532,0.06211059733434784,0.07932729208142551,0.10449276083053409,0.10915520617560315,0.07697172204268159,0.1415912601729793,0.21114716606929718,0.10330909132844607
0.1198440184075552,0.06289116083372569,0.07319439020294999,0.1254534236216944,0.1247223874514954,0.14225482285716104,0.07819968076574096,0.15444632308775294,0.11899379277192433
0.12373274978749908,0.15902744585727882,0.09096503843940167,0.11716314634160613,0.10960862254229516,0.06788781789328463,0.09876640121977447,0.12389356958237813,0.10895520833648194
0.10311124848765514,0.07761204444643538,0.25059300060225187,0.1040817136265942,0.09178670088641212,0.048947103048783656,0.12613681732263074,0.10429271789264462,0.09343865368659217
0.13136344967605193,0.11285766522612733,0.12525569212436238,0.1282683090279237,0.10298385853346158,0.06151629990569416,0.06751615038031172,0.15906892754555127,0.11116964758051594
0.11685852654333924,0.0728727746528256,0.12264067126272175,0.10738089385382203,0.10737740244147649,0.07586457211272714,0.13143697242018276,0.1641916508451624,0.10137653586774263
0.11153354369805434,0.08573702951246757,0.048616611536425845,0.128814270356409,0.12294804855798054,0.13341421598249106,0.09838731618265585,0.13382175319954034,0.13672721097397542
0.12074843580979709,0.08342032227476104,0.047851058008092216,0.13127510566594228,0.11944831080194784,0.14505819909313503,0.10457569909645374,0.1099715260536337,0.13765134319623704
0.12967998900504504,0.06532651967194392,0.1868095075512425,0.10416694918682473,0.09783244994414986,0.08003341784581042,0.08112220162274829,0.14761720891759003,0.10741175625464518
0.07453766498684107,0.19716273021745467,0.05889872515022503,0.12109581198270519,0.10731030329100398,0.09288175260967484,0.14278852274994414,0.09514295318852271,0.11018153582362843
0.10851327520415947,0.05733859297719538,0.13002825094751624,0.11406659547398296,0.10993960458976985,0.15756320074436805,0.09231064386693062,0.11085395105262581,0.11938588514345154
0.10428387832905035,0.0534826417150924,0.43421787742694606,0.0745753904938817,0.06902604018848969,0.04807652548523992,0.05496974485168338,0.0702216727514945,0.09114622875812199
0.15601578299332197,0.0782082097114883,0.0925695135315683,0.12417062989411036,0.11342421895066773,0.08479056813872815,0.11049694572694956,0.12231334100027753,0.11801079005288821
0.12351601169609659,0.21557711280800076,0.02349329228761175,0.11527325408422333,0.12163188850990712,0.06521450815519757,0.07623172680170376,0.08676377497421363,0.17229843068304543
0.14349155681940992,0.10510341220381003,0.057970602648688634,0.0994876572741274,0.13543739312828212,0.06095250450401207,0.11933547345647094,0.14878833806310654,0.12943306190209233
0.11856983392315794,0.06476931841685603,0.05278349536688955,0.12151975731092446,0.11039933025864367,0.06758329338562212,0.17127772656585824,0.17954007922281245,0.11355716554923556
0.08439454744036096,0.27233758403874114,0.017437120330658643,0.10387393664053383,0.08807111283640134,0.05563302765591497,0.13713242543537418,0.09839433366660817,0.14272591195540676
0.11631514618379475,0.07320062874801503,0.079306071166856,0.16619080552645113,0.12010794697454852,0.06184577411326806,0.14340832396215028,0.12249329249166674,0.11713201083324952
0.1285777468645336,0.10381752807646498,0.03851251869532157,0.14103809018588445,0.11682174408189934,0.047289862536606754,0.1635000748920837,0.14028544525667105,0.1201569894105346
0.11093750493220055,0.09307973135701414,0.039257494256418335,0.09929606139502507,0.13894403474736097,0.13206090960731046,0.09989264362872896,0.14779857698002458,0.13873304309591697
0.10727535121530084,0.06619473244271067,0.02827523350247348,0.09223832900651004,0.12793823533776663,0.103385069508929,0.08566973085255665,0.2697321750254275,0.11929114310832516
0.13724174505144718,0.049567811233158204,0.2757741001378605,0.08843846130457252,0.0961071684594481,0.03560979899161489,0.13304241583016485,0.08466299392794853,0.09955550506378515
0.09091840236167159,0.0468098708973854,0.285524001614242,0.10948645969154895,0.09614821161151278,0.07897065764147516,0.07322926321794508,0.11679722300313945,0.10211590996107962
0.10012016765123544,0.10396386177973495,0.06222406738422381,0.11424962172129327,0.13115756486083485,0.10820669533706627,0.1390813183834948,0.12440555800254632,0.11659114487957027
0.12074350660506261,0.05982807160733914,0.0734500870673686,0.15683737512035364,0.11760054261937791,0.08292603599049554,0.14922906469380567,0.11269452885749642,0.12669078743870046
0.15254975099289822,0.07760696512638045,0.08468714853914454,0.11671820972747793,0.11822794234120033,0.10900513268310567,0.09161639364061547,0.12850408776509478,0.12108436918408265
0.09713071580700317,0.0826741738354251,0.11764857695826247,0.09879587605355074,0.13574763970357712,0.09406271548488647,0.07416302099212774,0.20036034784793477,0.09941693331723239
0.11950602430215673,0.09835551560570703,0.08292825318200629,0.1277254973647293,0.11083821153185358,0.07818002140585721,0.1261912035378289,0.12452128365941596,0.13175398941044494
0.1176964100479711,0.08285281349288011,0.0779191210085942,0.11823306127795015,0.11197631833850426,0.09410691972688845,0.15414825219832337,0.11158773346837553,0.13147937044051292
0.1617334758907921,0.053788180646789197,0.08339323688112059,0.13179682809717644,0.15814235994201933,0.08715694970451966,0.0853189534875687,0.12029274914085065,0.11837726620916335
0.11232569647586949,0.10096173231278883,0.03337469736841251,0.11861020824323487,0.10605627221539914,0.12398659075356355,0.16625105450062458,0.10595307811166155,0.1324806700184456
0.09064788256104002,0.12282699672628317,0.08189459905029016,0.12034276411071759,0.13437317246534677,0.07033911693026047,0.15981697492534597,0.1147664123788753,0.10499208085184053
0.1383449505470603,0.050214337618885115,0.08882512806983385,0.09630269177659072,0.09454424932390043,0.10305658627963982,0.18914850711878994,0.14660180871731524,0.09296174054798463
0.09786576769816124,0.1466497996552464,0.10615321647109875,0.11736564740608135,0.11017393414876958,0.05969409374394854,0.13545485481566114,0.10623945001596859,0.12040323604506438
0.133165071611828,0.05462046800370222,0.08281679156119438,0.10503466104610865,0.10441790517421139,0.08818651224311996,0.20294531123434836,0.1257307470590217,0.10308253206646527
0.1181156799112374,0.0728007356366195,0.07738886541085356,0.12329242314190703,0.11296021505300675,0.13329983200181275,0.14877923332047974,0.10010290207208598,0.11326011345199732
0.10835706243511017,0.0561361999700323,0.15493498732876657,0.10858224879407734,0.12011054995322677,0.1029883895273636,0.1182312783458902,0.12715683435582478,0.10350244928970835
0.14945877137772504,0.08336579154272312,0.09447438215959614,0.1329956301740789,0.13086492778994221,0.08089550422956922,0.09374996956851157,0.09706029975041379,0.13713472340743998
0.12409085326295459,0.08355172798807037,0.08835395599302286,0.12213052200662698,0.1217173863609171,0.113324578097752,0.11188036595566604,0.11850595757069306,0.11644465276429711
0.11423123607832962,0.14985415761208273,0.09137631477587178,0.1193544936698366,0.12409880985800807,0.07513460690825968,0.08365473385591954,0.12787558611263253,0.11442006112905945
0.12079039383233453,0.0722952226687708,0.06416932773754112,0.11972298384677456,0.12229081104056876,0.08694107324833693,0.1738919428614,0.13022175200823244,0.10967649275604076
0.10811466816751014,0.12584560411055706,0.06698480118728467,0.14956937879216925,0.11995429135252637,0.06450495827122306,0.08505503844352942,0.1527208806898552,0.12725037898534483
0.10577569469701287,0.12125153679521254,0.09481966651330691,0.11006728756670418,0.1140726170586467,0.10040463918932126,0.10982144593959808,0.1317416022880488,0.11204550995214874
0.1202929492812278,0.1451884772042704,0.063435203877084,0.1286116496355679,0.1288906949858026,0.09392721127893426,0.07450185611532655,0.11014174585629234,0.13501021176549413
0.12958742814772287,0.08125701649251417,0.0811056063363875,0.12374275133477396,0.1246874481834183,0.07389645817519228,0.14026397762934978,0.12882564570753488,0.11663366799310637
0.10596441776174537,0.12183208936852465,0.08419635751724852,0.11474727515887743,0.1178518680266798,0.07776985737486343,0.11599598545656736,0.14557700807699003,0.11606514125850342
0.10152469163688656,0.11936226347495922,0.05332977669164246,0.12652035082746305,0.11035039264209745,0.08547617959930372,0.159337830450342,0.1270772910701596,0.11702122360714602
0.1221209180386173,0.05717693639163735,0.2390413278772768,0.09926582081463302,0.09487669903063278,0.0964014632852075,0.0714054955276549,0.12895804485424128,0.09075329418009905
0.12337026577988051,0.1107495638975408,0.07179093527001691,0.1162400684446832,0.11447655941343103,0.07484824980384497,0.14076146917614726,0.12956454993583646,0.11819833827861885
0.1223493629784591,0.1599351388058812,0.06997879865638518,0.11412018809619023,0.11085599609463354,0.0872693889107173,0.08510395709924944,0.13327053283232881,0.11711663652615516
