0.1534089975033913,0.05588646752604596,0.07436944793081098,0.07262977745297361,0.05732007124991928,0.17731654324321522,0.18160771300379042,0.13637961212125346,0.09108136996859989
0.1477837604718886,0.19190262507078668,0.06902366994748992,0.07028767392430214,0.0606973384075575,0.1554213095693707,0.10952807164498728,0.10436104882179703,0.09099450214182013
0.11898631080834342,0.05642957857110146,0.15047757014026789,0.10825508901758252,0.04807310426460019,0.14516649408405602,0.13127520646542915,0.12762505995613546,0.11371158669248393
0.07707254966686589,0.1101457024708357,0.07023782513238874,0.08705429903558921,0.034286853343431296,0.07435699300430466,0.09595287096722348,0.10526502908513158,0.3456278772942294
0.11790800975101974,0.09491962538120934,0.07581146849370575,0.09188548973025891,0.09591143341640755,0.06316779008687955,0.16584395897246856,0.10451243179038183,0.1900397923776688
0.0870147975928272,0.08682840987794878,0.11460107374418614,0.1569008046066408,0.12697283828681136,0.07948315957431697,0.14102881058849615,0.1125794200099095,0.09459068571886309
0.0990065078492004,0.10198240754913938,0.0581587603048846,0.08682862835905747,0.059166658688529626,0.12103357799782528,0.1454184151109906,0.14376150554997827,0.1846435385903944
0.1340196678448912,0.1295736653887785,0.052394741995020595,0.053803125317175286,0.08900432277522592,0.08996644060881094,0.10252575377443923,0.13143158157723425,0.2172807007184241
0.12342284712896001,0.098459527836329,0.1604102647403581,0.04273497928536499,0.09209550725895345,0.10312570760826438,0.18499777585065638,0.1191591952507463,0.07559419504036742
0.15764189097817063,0.08102299076013776,0.07271272454080696,0.07648120583756012,0.08758406539320607,0.10356963365182575,0.21326992963642297,0.12955257822269425,0.07816498097917549
0.08940820569194781,0.04306023707711477,0.0715772469175085,0.4053610079110332,0.05019407221524827,0.06038897520514266,0.10001669247120511,0.09293492252265372,0.08705863998814604
0.1364018516447924,0.17295348180113432,0.14942717767349925,0.03828657843863049,0.05779199796317488,0.05989896731945608,0.1948340706541515,0.09685495122827985,0.09355092327688125
0.1364069932872664,0.07520591798117086,0.05614470961631573,0.06683154221126127,0.2311000734562425,0.13656055545720355,0.10759115285898109,0.131093821494067,0.05906523363749163
0.12322987341194735,0.08475719682380763,0.12973969452872416,0.035812508823162954,0.11826601593881135,0.09558659239345924,0.15879233699142678,0.12646345323609107,0.12735232785256945
0.13189578668486315,0.11331436176839756,0.3086044928243908,0.04566127043629145,0.0848075308030366,0.06837294647513927,0.0753574617058162,0.08924965903845024,0.08273649026361475
0.13670826686621318,0.05915275988041385,0.13154613830378967,0.04286764671591179,0.0738645458694721,0.08648474711526648,0.2585100630201264,0.12070640255846099,0.09015942967034556
0.11248581777380288,0.17852732748597955,0.1631731903420658,0.035952286592213716,0.06292581367594964,0.09685371315648596,0.16246122235272445,0.12270139887274274,0.06491922974803535
0.11116116635735114,0.08039479222166775,0.1290884816222901,0.0747788320577834,0.06387259745948291,0.21151149396721905,0.10819871222819537,0.1218077285125876,0.09918619557342255
0.11767564126493868,0.20301570801033542,0.0686320343507083,0.07721316333581195,0.13007731195418215,0.07486294881405475,0.15737486568650852,0.12106855894126932,0.05007976764219096
0.09111146397247182,0.2874874410324469,0.04958829107863855,0.04752761848054974,0.029899277468761712,0.05999297679315895,0.11372366380131194,0.0957786051608935,0.22489066221176693
0.16632491628332471,0.05014062012016224,0.0567137976281372,0.059450571457316435,0.09062572209833573,0.147928451699849,0.20207827063926728,0.1206333906968949,0.10610425937671251
0.15934436937775473,0.17329557102807866,0.1342831528118016,0.06686650048545874,0.0937093936006056,0.08774180593208887,0.1141954130997178,0.09835545890081043,0.07220833476368352
0.10861395369356402,0.0555917579802416,0.14309227777209574,0.14237825121352388,0.07998708054828589,0.11099826167115051,0.11479799525198493,0.11718747128838942,0.12735295058076399
0.08383754415412846,0.20276002412044,0.1076590450308228,0.12224752574035087,0.09935382996484197,0.08736709273829939,0.11041856716941711,0.11743262580511928,0.06892374527658006
0.06083023844535292,0.1524390479411241,0.4127658545107238,0.05396463974025444,0.043551631488626306,0.05876435769984543,0.0626125246745862,0.08542262454596049,0.06964908095352644
0.12774086613713467,0.18005058085286638,0.14436380822944664,0.0644719139016973,0.1738082711124107,0.09283507107310195,0.06920547869973842,0.08005335078772409,0.06747065920587984
0.11306860167436354,0.19778751919792525,0.05085096017456142,0.060294135898993496,0.05526278912624877,0.10182910815941822,0.2074638869798049,0.12137605193915747,0.09206694684952697
0.16106090529715036,0.08233623565571503,0.07739283277545383,0.1178704928963966,0.0746920422720212,0.15563283912367576,0.1311355369892128,0.12059383134593758,0.07928528364443684
0.14125180543334645,0.10693409462543407,0.10883617511812528,0.12366465894653307,0.10115754226997882,0.08163456856019667,0.16990882992818,0.11602478866768673,0.05058753645051887
0.14331533605384175,0.06858435455510282,0.08126028604654079,0.09355100702768386,0.13886217985111773,0.16603672989421345,0.11673660571604029,0.1194070517556553,0.07224644909980402
0.1385711035641867,0.08780365357226683,0.10029623367528274,0.054530662523851726,0.13912303737104217,0.11819263787672163,0.13055840635355534,0.12418702921902615,0.10673723584406664
0.11952579311913514,0.06532005819905261,0.07530425380451178,0.04301583299802522,0.12938499585414767,0.10963414562029654,0.18828081137895,0.13124015669501485,0.1382939523308662
0.12560698889718372,0.06923544671189422,0.08018931717469016,0.09887814609363373,0.09450650821408514,0.13994869864036166,0.14875242575647987,0.11959261006957328,0.12328985844209821
0.08580964338461637,0.07121580296183366,0.15182607172981005,0.1569260154608487,0.12739306174490803,0.09155275845624293,0.05745554526340176,0.08612939126507795,0.17169170973326053
0.13463329689496006,0.07842572323517381,0.07874501297336396,0.06914345713545399,0.1018715697445081,0.13377139984845332,0.1765162509517789,0.13711884443180558,0.08977444478450221
0.13507360836600088,0.08476663082496592,0.08294713860090398,0.08715048464626889,0.07039893902767182,0.16455495983863225,0.16309880088640208,0.1361105112990699,0.07589892651008416
0.10042516573457615,0.17857239950884093,0.13746140645301327,0.03311401569071477,0.04868703371522271,0.0921161627682477,0.13451172223947774,0.12623335774431055,0.14887873614559619
0.13743141145900387,0.07846190949280162,0.06534821561307785,0.07615090015523736,0.1152619817800008,0.11933488664783887,0.17431216349542047,0.14044657481024567,0.09325195654637351
0.1311827676063638,0.1437463925048972,0.07036051392903299,0.10685198487663992,0.0956192283717351,0.12914250720449622,0.14771035477275918,0.12262988212740121,0.05275636860667441
0.1603825580629046,0.08854144572078025,0.08505229303078458,0.10262876356420747,0.07952301614197863,0.15440175980741414,0.15649296592538678,0.12196617786111282,0.05101101988543074
0.12189161786799659,0.15498747646425606,0.055376408006671596,0.13078396520056665,0.07116242741428835,0.10676884882086084,0.14236684860102408,0.13272602209040207,0.0839363855339338
0.1268082720252167,0.11766616550959508,0.08735291469571387,0.13841502696531915,0.10139023099854898,0.08236927477973671,0.08705399963345462,0.09702322183355754,0.1619208935588573
0.12397006777770121,0.15278118011093397,0.06492975551845065,0.06265566988945272,0.07100566285581711,0.12716913609889582,0.17399847298659465,0.13095473398814822,0.09253532077400561
0.1196527467886958,0.078392618787879,0.22515229198750117,0.04979031029440011,0.0853964714062393,0.10378866185539688,0.131956198360572,0.11554628167016127,0.09032441884915449
0.10225386687012773,0.11842177381159837,0.09578543388851653,0.05444766749760508,0.22198278911704353,0.08872154317916574,0.14765632186511998,0.11418214908280751,0.056548454688015615
0.12475336614574568,0.09002339280536414,0.061902873803318735,0.07225303157826359,0.060718961397711844,0.10230215069844555,0.13937502776301872,0.12926202992553207,0.21940916588259976
0.1349169218030821,0.0762373060495886,0.0926019105845804,0.0692375135623271,0.1189147928720431,0.15054419203712785,0.14880120143524042,0.1261413908574708,0.08260477079853962
0.11686772555452196,0.060480367199578444,0.2259721714538142,0.06715999321100523,0.06621556630331467,0.13997210897001777,0.11940684934665668,0.12315083981120173,0.08077437814988928
0.14025415095142976,0.07147423132545908,0.08461209627476335,0.10317357086199093,0.04768013293020307,0.1766156348900844,0.1536517710260904,0.1219171526485172,0.10062125909146176
0.14325104982493383,0.1644613924618961,0.0836497138259258,0.05284933956823094,0.10027691804694039,0.14849553543119776,0.11367373706981719,0.11599994566851456,0.07734236810254343
0.13422131832144205,0.08156787790346172,0.08138531632486536,0.0713405408704308,0.08990120169225406,0.12596515217252335,0.18516920995273967,0.1386943259561113,0.09175505680617169
0.08311252964846146,0.11315013592762568,0.15115205998238143,0.09175472489546375,0.14682352107248423,0.0962169624209477,0.08918067930004715,0.1165715943103252,0.11203779244226338
0.1391978929821254,0.0683997088406021,0.11913015218710277,0.051583223150921065,0.06784073208758433,0.1330672385063942,0.19214045917648126,0.14295920694351769,0.08568138612527121
0.15170656009250172,0.07446757853003981,0.14373660652615097,0.10235811600638318,0.074192836003742,0.09864875529866683,0.14674934109212318,0.1231097148496721,0.08503049160072022
0.0738489264535024,0.42687462120669784,0.02804856628820444,0.05470423137461755,0.037026353708851135,0.0730795602351103,0.08704747247583204,0.09665115380817231,0.12271911444901203
0.11004376928689319,0.05134885874937372,0.18851138746630744,0.05686236046989607,0.19010234089855493,0.1045056602719121,0.1235651521516093,0.11061817114461782,0.0644422995608354
0.08042837638649548,0.05254284566801156,0.279278739941314,0.031158823949797704,0.06401090623586699,0.06736417885498736,0.22409957600114008,0.11111025336430551,0.09000629959808137
0.10826932694327973,0.0697959138899625,0.07607219391852103,0.0789826117270767,0.08663571559923115,0.11684075937310605,0.1737531941426279,0.14466417067339846,0.14498611373279655
0.09399313334047399,0.04047968291595131,0.10863919794891463,0.18586512695210491,0.20322176206097256,0.09287809132322083,0.09563100254628039,0.11798701361436187,0.06130498929771954
0.13941324252140536,0.07351825949531611,0.09513959011465305,0.0524819348582907,0.054747751876189306,0.1889230878300058,0.18071862223027668,0.13487340097470893,0.08018411009915402
0.0962250503017671,0.12769657754499963,0.11509912969585119,0.044529266353963044,0.10101108365373805,0.10947213273735451,0.17134049220733275,0.15061701383985482,0.08400925366513885
0.15771292079529944,0.10594117878685626,0.06956468292037545,0.04252409228524515,0.08114915785849837,0.12869906066028788,0.1647145047960117,0.11405540808373078,0.13563899381369485
0.11273687826743983,0.06281235394466024,0.07852520337725026,0.04990006630971918,0.16050609257485404,0.12827296887886577,0.16863912688866287,0.12080746340119604,0.11779984635735181
0.09103776779238866,0.12992822872422743,0.15428090019986831,0.0188611519032806,0.0707073832900264,0.06290330126707278,0.28368509376263784,0.1105685528154266,0.07802762024507143
0.16516949195323632,0.06298702368517888,0.07800847511769667,0.05192869057688323,0.05712684340146859,0.17303297085869893,0.18322437368530042,0.11855063288162081,0.10997149783991612
0.1355459929381372,0.1222243055663257,0.09473737357364287,0.07492860534034308,0.07815520352241805,0.11743417877799224,0.158020266726175,0.13228229007227832,0.08667178348268752
0.13693246234206355,0.13481999119997348,0.03845242321255941,0.10158674774957932,0.20634785292841892,0.08756868318657289,0.11724669190271385,0.10704634506791551,0.06999880241020304
0.1344969121370593,0.10263830155933078,0.08220936318458037,0.0786249634112005,0.06693448552636296,0.13595165450618918,0.17869233104488091,0.13583314813321198,0.08461884049718403
0.13962101114685618,0.11300864937442819,0.12168076041697388,0.05777625205979139,0.11130370837345933,0.10006328708609237,0.13404169476180935,0.13843481521998782,0.08406982156060146
0.12323465905189594,0.04916212296825218,0.06834933642261001,0.050112482371158895,0.1432684283995879,0.11817663600334993,0.1510716973672907,0.13080598100721152,0.16581865640864293
0.14431432139480374,0.0625977489982509,0.15932208058568806,0.05600755436977328,0.09721578322045027,0.12097276719774201,0.16525109161649196,0.12164182130426875,0.07267683131253096
0.09180555437728094,0.1345432476226153,0.051985375674186506,0.09950065758530498,0.09963108543989017,0.1033703748878932,0.1650383325834258,0.11335239093608647,0.1407729808933166
0.11350756042524301,0.0570399352697,0.09217310573625026,0.07546901668028021,0.09621325707681576,0.12985030335131012,0.21992100624552502,0.1380801287131426,0.077745686501733
0.0980027310498925,0.11499054253488296,0.3025207671058012,0.0569493325535694,0.0733239082153585,0.09964785328917787,0.08661646318612513,0.10965004540869043,0.05829835665650195
0.10261275233704427,0.0528357060072203,0.1137034709431662,0.05004147180636418,0.23742560485751418,0.10947091604478577,0.13501941491860697,0.11549472956599982,0.08339593351929835
0.11601634612491607,0.10044521332909928,0.10343365594183823,0.07689303854275058,0.10125264187182399,0.1195152376519351,0.126515949248749,0.1325393657838266,0.12338855150506105
0.0963870130568621,0.07182490321913655,0.1523302457100504,0.24115586213339246,0.11021446869825646,0.07226192815182389,0.0928135122229234,0.08661042071246977,0.07640164609508485
0.09725572349091709,0.07148307666752085,0.1278749113833166,0.03190038631855616,0.2926979093571965,0.08069557024931807,0.11429614408326406,0.11310080004012928,0.07069547840978142
0.09335476633310331,0.1403339758823261,0.06679972695847744,0.08118237858670678,0.17495514734008377,0.1452062979191214,0.1108832145784912,0.1099846599925975,0.07729983240909245
0.1212473830411523,0.22340365513863203,0.06788746958122821,0.0880834460277516,0.048980682832248566,0.15215345790812054,0.12669519349246852,0.1108971666034607,0.0606515453749375
0.1271858828788813,0.07434841035190498,0.2118896922635418,0.04554426078495555,0.04575770864850501,0.06731725444065233,0.24148823367820094,0.1085985811075187,0.07786997584583945
0.11808227630788948,0.11439016929707957,0.06291839567169315,0.05652529715358643,0.07425960933505481,0.12037462486281698,0.24030730917272095,0.12823773341602765,0.08490458478313107
0.11237295521655694,0.07177001879304068,0.16528730875599154,0.053313696605387595,0.18152460486726288,0.0927647527178531,0.1091414944095097,0.10879754726350442,0.10502762137089323
0.13655255882858405,0.05108805712844577,0.11173191554556738,0.07001117854482834,0.20078890852837672,0.1325380615034108,0.1203945750142565,0.11810871303054421,0.05878603187598619
0.11091022743120633,0.061298740997511786,0.10991198323860289,0.1593117774247782,0.23681314477786045,0.08884870202280294,0.08688169001773983,0.09291043531436301,0.05311329877513454
0.1401279129903372,0.0660952506320193,0.07439394637673975,0.04791223107147852,0.1023126321566371,0.07815023524990523,0.273650358892747,0.1197191142824041,0.09763831834773175
0.11928198329869914,0.09962869321780378,0.055750018549079954,0.08868678284898006,0.15272691769480506,0.19353388179215822,0.09194472463486238,0.10864531841351786,0.08980167955009351
0.14410184026723014,0.13015289377085257,0.043805750598836575,0.05570194457287433,0.1255517831752157,0.1451628448373925,0.11777868781933983,0.12548894062831142,0.11225531432994697
0.13593808898431756,0.16954941877326138,0.14487937125246794,0.04767105868441276,0.06520284787776791,0.14019512328644515,0.11858965086118063,0.11830974090790229,0.0596646993722443
0.12920542195000795,0.08659869341216836,0.1269311223234438,0.09011177121491097,0.09879714776603599,0.09257411769835576,0.15828620909169658,0.13523516080626438,0.08226035573711624
0.10009996534026422,0.07124294601060778,0.06866442667606759,0.08967054112068583,0.22278941593009038,0.15544728029335478,0.10695204182123869,0.12275478510252508,0.06237859770516563
0.1410737897703722,0.04581995765227629,0.05011183237737606,0.06223040392718484,0.18476753522961795,0.1332709488818742,0.2250086724589692,0.09842005632099099,0.059296803381338276
0.1021845041283605,0.09579777422149593,0.07351972445759676,0.21927876282971817,0.16882142799671893,0.09019183008490968,0.08044832072175509,0.09961788918866983,0.07013976637077514
0.130256553173919,0.21564139762767517,0.05762099518873794,0.07878958776578761,0.08356341265568516,0.1334619697590184,0.07636198502823903,0.09922177338743278,0.12508232541350486
0.1417489732873953,0.09547926522581496,0.10305847338280825,0.07243629430089428,0.06267769258117827,0.15060440991693425,0.16442132980635168,0.14514914592463612,0.06442441557398686
0.09965930584648619,0.06917336519398176,0.29574140179417896,0.04268494615360526,0.06640702002409954,0.08324190591188925,0.1330362163993411,0.1163556992324412,0.09370013944397682
0.1454005171994651,0.08919290547789188,0.06154551892015949,0.07490753115109933,0.1190637967471926,0.1470279609584183,0.1522605872911128,0.14376274408478493,0.06683843816987561
0.1259256095355328,0.23069024676824423,0.14099352857626507,0.06091623685629791,0.06696624303996718,0.06696246088223239,0.08969944416885689,0.10059586764529953,0.11725036252730393
0.13940279204239928,0.1192843720592172,0.07635452841569511,0.07799661911893789,0.1160249040130784,0.08975570355623404,0.11915038468534006,0.1202497775991308,0.14178091850996727
0.11787656732808068,0.11915995961298503,0.09862470610219132,0.04542634575568937,0.0788720785317264,0.1188315979765161,0.185631895964708,0.1399062034499263,0.09567064527817681
0.12598285661815947,0.16163451011340316,0.06623105403762532,0.04802450993107691,0.08933493961731766,0.13145941651045281,0.16192613010108903,0.12893777951145663,0.08646880355941895
0.13284813218162464,0.08133661540740998,0.20197330479973888,0.050860862176371056,0.06982248684749605,0.1454851289948823,0.10931322287515195,0.126359621875735,0.08200062484159017
0.11818928718969307,0.12159354169781644,0.07476295616627306,0.08546438935816349,0.2344727959255739,0.07044878573881218,0.09977884232572966,0.09970805077671803,0.09558135082122017
0.11356785796244302,0.12541526134248937,0.054389639745409994,0.05036251512260959,0.20776986226543223,0.09591616414597935,0.15802477961705838,0.12092641090799068,0.07362750889058743
0.1125388210679238,0.12934309769581873,0.055892186362125416,0.06363668884541762,0.1341762597006104,0.1340626511091919,0.16976856175572488,0.1266754768627394,0.07390625660044779
0.1179624618745607,0.10138193494933771,0.09595261065562545,0.07765142123386976,0.1544501503370514,0.1468166646211315,0.11826746638292712,0.11802231884518227,0.06949497110031405
0.17722477993466368,0.03156017601999317,0.07817079135734055,0.026107152864870878,0.15533805413031146,0.1633663182757716,0.13686271674933967,0.12408781098532118,0.10728219968238784
0.10561669894092542,0.09326679215094891,0.061685257331179716,0.09500147996598048,0.08401306041375389,0.13812926274414472,0.15950757184558464,0.12355188415693187,0.13922799245055034
0.11585057006696194,0.0627771048091184,0.06849553274558702,0.11513555893713923,0.09954536429844607,0.11900615910742207,0.16949948556125485,0.1330275351350281,0.11666268933904227
0.11503233186538371,0.1853778534313185,0.07333114824914645,0.03974675223794779,0.23484541549132518,0.06219265655732275,0.10838738679968911,0.1057994501933035,0.0752870051745631
0.17995131854088942,0.06012635361900442,0.08839561410723994,0.043932377708194005,0.05396509604857472,0.07291659496189079,0.3141623599867605,0.11150723146181883,0.07504305356562736
0.1066231100225709,0.06397204005398956,0.1325433199370238,0.08702996228315134,0.06625175252861501,0.15559707578680204,0.14605565080231642,0.13154894239687256,0.11037814618865839
0.13954956136900207,0.07812486334446439,0.06770765681952567,0.11571697291188343,0.08531333119005312,0.17472681333937587,0.1413216678838633,0.10772378854992097,0.08981534459191114
0.1199724939330723,0.16232886262227011,0.09263906653025226,0.08978907004197823,0.18813670710380917,0.10691338299258772,0.10448422244790527,0.09716308200651337,0.038573112321611654
0.1039472818935817,0.22147606338973636,0.18842006241780226,0.07251804566409441,0.06229664221692235,0.05398775370761184,0.1354528340418862,0.090790321054054,0.07111099561431093
0.12146000349080888,0.09923387798103837,0.17420621649821266,0.04249947221044891,0.08056617912029894,0.11912176249815337,0.14522327646939587,0.12741628572634853,0.09027292600529448
0.12433114361781483,0.09515316199784773,0.08662536786666523,0.05053358408915248,0.07089362983173549,0.12006191306445202,0.17884818735745348,0.1423962141167538,0.13115679805812486
0.14407607425252456,0.05442283565055123,0.07108260728961746,0.1304808357933043,0.09089328761205995,0.11416695679133552,0.1762656163616055,0.1272156749007297,0.09139611134827182
0.11279137257982579,0.23362619958309805,0.10195439190466087,0.07756165257836607,0.035174041136669505,0.059995136367766634,0.15125423179492772,0.09082359293316607,0.13681938112151928
0.12644475991978402,0.07639944473774636,0.09953057688317031,0.0668998863319874,0.10037220242265321,0.1240520504143744,0.1787208204529229,0.14094048666453593,0.08663977217282552
0.10725882709988843,0.0801824171029435,0.06648235089651432,0.06288679563078041,0.16140646288794389,0.11421066408266213,0.1404984912183199,0.14086211390561929,0.12621187717532817
