0.0775512071087446,0.1864523877820973,0.08015272137946228,0.1544928284855199,0.15240137845841537,0.13105050490753933,0.08800892751668421,0.06429024415738016,0.06559980020415683
0.03102229220245613,0.14630045337997508,0.13150346561650975,0.07173573725279277,0.1941484343920247,0.07940277974490283,0.12898722874839794,0.06462936603408938,0.1522702426288515
0.17403318564565376,0.09342433945179629,0.10190203714175709,0.1109889035943714,0.1345165711279424,0.07960841451741597,0.1179887577929446,0.07207051283928863,0.11546727788882981
0.059237333709023704,0.19499629354884032,0.09577565095291064,0.08237427127506165,0.20587437819961982,0.12552947254836436,0.045390467442386916,0.09135690482752738,0.09946522749626525
0.2077017802305209,0.17617762702958262,0.08423597394725374,0.08357763411890577,0.13098656530915131,0.09249479329613769,0.08223057387051165,0.06810626190025292,0.07448879029768339
0.04338421421180999,0.20814490317260584,0.07980965775051883,0.08994062273969057,0.12734230902060847,0.103124246208596,0.13890946351075215,0.06690399841425035,0.14244058497116782
0.05393395402546792,0.1898896887385991,0.10569890546637413,0.10170420970876763,0.16244905544137866,0.06464430399844083,0.1172817434315363,0.10461982911802488,0.09977831007141057
0.02042281380038488,0.1618120163773209,0.09506774763266594,0.09921036824858621,0.2030397395696748,0.11579789448784039,0.13769016458424174,0.07810853345004025,0.08885072184924477
0.045762595706498266,0.15012331538357007,0.10465791737637914,0.08607093782113563,0.190459044337543,0.10743903149426955,0.1174756027119667,0.09659399868863106,0.10141755648000665
0.04421091572084814,0.2828000042622829,0.11479355535688866,0.09142787012513241,0.13492134937533404,0.07953880474406003,0.08464813927790311,0.06728838999351407,0.10037097114403659
0.06114033389449194,0.16332454959946918,0.12197833645318275,0.10746601575443565,0.1570477311917909,0.12037654958572029,0.06260446464449056,0.1048990502299687,0.10116296864644998
0.07195550153123972,0.17353684664186744,0.10216823538534221,0.07595779975105658,0.12123386594167018,0.09804294988093026,0.14186119424708674,0.050357241820658705,0.1648863648001482
0.130423594657705,0.22322833260962038,0.10897717076634882,0.09843064156436031,0.11660065640297156,0.10801169286993924,0.0475790108791214,0.07838736999643715,0.0883615302534962
0.0658731473380852,0.1926064145974529,0.11872890493258208,0.08831985761140342,0.1453518621999027,0.1197801019998788,0.08890278047565882,0.08533549429671289,0.0951014365483231
0.031307315655255526,0.23884793946695418,0.09343689794659348,0.09941065835671893,0.1930719929224822,0.10866981332239822,0.08139944590872991,0.07102240846546881,0.08283352795539875
0.13345284565122043,0.08989513611576443,0.12889350310509196,0.11227978851775423,0.09845658932338562,0.11205406890637083,0.07821813144642656,0.13463733447569304,0.11211260245829298
0.1532996255884298,0.09277404748333971,0.07108950421641239,0.0881526815121418,0.13503609101267142,0.12256454869159929,0.1788461406584643,0.06456682861859998,0.09367053221834132
0.18553187070616617,0.13412768615546486,0.12481262476525619,0.0939002304800402,0.12199538209705653,0.10939283023280265,0.08094244747421554,0.06510238193461866,0.0841945461543792
0.07573650313854165,0.21347878553933805,0.09839556948064483,0.09424159134933179,0.10782225885696516,0.11185105914694814,0.07120229583449757,0.12480676513830428,0.10246517151542854
0.06191707226109028,0.11885168190164126,0.11901259516530864,0.09001943453399917,0.09546131508178372,0.12290723541172259,0.14585862016761775,0.1159628088812234,0.13000923659561314
0.08898780839383857,0.2504305962261091,0.09801269656214334,0.1361863468304361,0.10167875552471668,0.08639591164370879,0.06428867001705472,0.08435436444579623,0.08966485035619652
0.09290055721763817,0.19977730485329456,0.08145962248251086,0.18045026846032944,0.09342224155491145,0.09233956110304266,0.043890147966835186,0.11504724746884724,0.1007130488925904
0.08438221858856976,0.14080299827391096,0.11013217134198654,0.09525990164704506,0.06849189266091321,0.1450075326420743,0.10055677271249568,0.14170255113253913,0.11366396100046539
0.17784375926534027,0.13352226888223692,0.06402808410081494,0.08929487606872255,0.29074968350829894,0.10073153947217754,0.04379858925233454,0.06189035558978425,0.038140843860289986
0.02067401380714771,0.17158183293505636,0.11984952127984481,0.0856076171740478,0.1737826978862115,0.07960596792512331,0.14351334402276208,0.11217952449941364,0.09320548047039275
0.10264813614936756,0.2066873461800558,0.0959935961556771,0.07560872744315758,0.10907615401606702,0.07055642055248633,0.11692317900868408,0.07927856971790424,0.1432278707766003
0.1032276419676788,0.14912185698911512,0.11878034095573568,0.10650796601717243,0.1618718987661898,0.10247347364016372,0.11435725383342125,0.060855155181315956,0.08280441264920725
0.12728923409728274,0.17659390821806434,0.07911861572638491,0.059566410172741995,0.2231619562816363,0.058658586523091916,0.12091782653605292,0.05938102175948132,0.09531244068526368
0.02202602066505276,0.10462243059554055,0.0629526881179435,0.14601200911368303,0.27319387834404724,0.10681916797489897,0.09225698858080765,0.05974729411186971,0.13236952249615658
0.16845066720854673,0.07885369964971979,0.159575684644827,0.08772393475015883,0.07540255022529613,0.0868585702099192,0.12718496923651315,0.11028186922690565,0.1056680548481135
0.16709475979144786,0.16997027065488393,0.08439891783178109,0.0882196742727715,0.10574905999305419,0.07562586331701343,0.09424951060592124,0.06315792120961837,0.1515340223235083
0.13753516383156542,0.11652580960661084,0.10597005688944523,0.06261724268226575,0.15239456350737732,0.06494492009018436,0.16043839932256834,0.06824741708888238,0.1313264269811004
0.03900807313671167,0.22193687889806699,0.07850952615791541,0.10717200288003764,0.15486036384375876,0.11902764701938051,0.08470422602589898,0.07924241839339201,0.11553886364483808
0.10569734967491096,0.2607680736152813,0.07526719554199386,0.09639845815973318,0.180667429188594,0.10388510925406719,0.04853895072560358,0.06158765195626489,0.06718978188355103
0.056591727571846384,0.16368718975452023,0.1298498414922974,0.09766063183805714,0.0907060071895653,0.1410914456866903,0.10094288500458763,0.09723532571687905,0.1222349457455566
0.2829424761711259,0.13258539523774673,0.08987905951657459,0.11083735949865031,0.09021143580341469,0.08949912030079678,0.06331376237346212,0.051828970306365164,0.08890242079186368
0.1826643477264525,0.1600486981751186,0.09624336827376252,0.09783188210199208,0.08346018958994249,0.126192864388383,0.0782065902707441,0.0851062348337937,0.090245824639811
0.08764427648708939,0.13815297103434784,0.12052022182046285,0.09147736655158946,0.131844286996653,0.13369296979275055,0.10032203587038485,0.08820926379946874,0.10813660764725332
0.18610257415033138,0.10234699963000515,0.07994099642500324,0.09331795562984851,0.11069628292769984,0.15132007197165587,0.07605144964568149,0.07009245263815451,0.13013121698162
0.025991522614318294,0.20880028744452447,0.0913821066899007,0.144460646052936,0.10232122966628897,0.11911765863056763,0.1546107526516971,0.07204217822914877,0.08127361802061804
0.03242604216107686,0.1930119548165028,0.07148364687271604,0.0979614049646242,0.2317096496024682,0.12093502853783011,0.05715158461780373,0.08119759049607206,0.1141230979309061
0.14347580950165795,0.13674946821686296,0.12054308809953466,0.06785434575951614,0.1365208428588874,0.07794364491514437,0.1305782813005741,0.04572237571368146,0.140612143634141
0.04725166497227202,0.10767120480432613,0.10071416276835687,0.05801020138605315,0.15527705810588557,0.06383998615774629,0.2445399746722184,0.0629379818763419,0.15975776525679966
0.0542758625649078,0.12977893962181788,0.11555431691624753,0.10706884201725546,0.08072548312415202,0.13303858372339997,0.15092044901577442,0.10566434516014529,0.12297317785629958
0.10904832165338559,0.13110112190875592,0.09392203133671251,0.12948923867018433,0.0918203786159741,0.12517193542789076,0.10220430806862402,0.07607520526620366,0.1411674590522691
0.07627287490192654,0.20397327904764484,0.1128447765197818,0.11541791353457713,0.12920493793581986,0.117989688147886,0.06661574843348285,0.0840749095006073,0.09360587197827365
0.0847716709077796,0.2842086432311121,0.07590945506319616,0.07993370785103737,0.19379911900215852,0.058256441009973015,0.04375722846966257,0.06609428009668407,0.11326945436839668
0.0673674072969304,0.1781961898074509,0.11670990708068359,0.08821275411988151,0.109464298786576,0.1032346598850936,0.12931016058065137,0.09693258827782025,0.11057203416491236
0.026774813069928113,0.15615470520843155,0.08001587566533583,0.06344629278909077,0.25952593444633515,0.05563932601265,0.1982429682703327,0.04922739176307094,0.11097269277482498
0.19327120013653318,0.12164742677227336,0.07903382694062477,0.09453789584150431,0.09042580006528278,0.07636894834453678,0.16944139106468956,0.06602960982369832,0.10924390101085697
0.06247496105730679,0.19738064129874391,0.11375488693767614,0.10226858888740098,0.15905260590460016,0.08596916021502149,0.10802137805248231,0.086287587248759,0.08479019039800917
0.13826713111979586,0.23816375460375538,0.07944391693598861,0.08921023629972674,0.14348451708044216,0.06992174099453666,0.05423527854401411,0.056256130706641864,0.13101729371509863
0.028174429912903864,0.256782538894675,0.07689164222643803,0.07793129501927663,0.13640593304880624,0.08908417762179925,0.13131416015556943,0.10525880241093495,0.09815702070959664
0.04534396054847231,0.22161869426002426,0.0793351696628702,0.10017298370996591,0.12390187732710545,0.13244326583694976,0.12206358276523614,0.0750367344808333,0.10008373140854271
0.1546641165245056,0.12167798827837055,0.08514335820026035,0.10694066986852126,0.10449422215077253,0.0863793651977778,0.1344943370808577,0.07795849497958686,0.1282474477193474
0.09225446514194226,0.28628288365115123,0.08013903138170352,0.08838530053249487,0.14305691995797543,0.07897255381295024,0.06912805315145437,0.07144230399725222,0.09033848837307583
0.04849406750495781,0.22575463340636612,0.0834903556275352,0.13102852376907462,0.1989778939704122,0.07592616279000698,0.049418035575069345,0.08662948733092607,0.10028084002565162
0.043671709971130325,0.1902503070300735,0.08715960902007104,0.09653589313996404,0.14739529961189982,0.12501040656377832,0.10497381862019328,0.0763821305335744,0.1286208255093153
0.1024922200529965,0.16367069471723036,0.11583680622408059,0.09425257302773987,0.12264487421257275,0.10941881610836375,0.10386159614806167,0.08268629174157911,0.1051361277673754
0.07628427311906465,0.11422175825971592,0.11155589899873876,0.1124183833142033,0.08004612236865376,0.12687421454965464,0.1451418031268825,0.1074061325495224,0.12605141371356407
0.11844049327530533,0.20189246293255883,0.076080095896554,0.07581253885945377,0.15670294202318505,0.0627972512176627,0.0783448582718979,0.084589973000046,0.14533938452333642
0.03518773847493633,0.2354410223825447,0.12784115618994318,0.1384833474177431,0.08269216896112241,0.09545581843538355,0.11010484014079124,0.0754724162932866,0.09932149170424887
0.1912205232943721,0.26485668594892237,0.04677878381071002,0.0582516781658303,0.1734061010618946,0.03450360946615659,0.07069936122394882,0.04851424464521171,0.11176901238295349
0.08212604596827057,0.11062230279671881,0.11620815071940375,0.11630147520321667,0.07240113157757387,0.10599019599664528,0.17856102685265443,0.08929824919234193,0.12849142169317465
0.050811545972942435,0.10277211140986627,0.10541189266672794,0.11642409347174609,0.0987854079075224,0.12891653717900844,0.12100547826832375,0.1202982009653566,0.15557473215850606
0.09075214818103727,0.31320219353717055,0.06765170254414427,0.09477626192007678,0.12537692877123172,0.12882769337388478,0.08394048380686171,0.05463037868673393,0.040842209178859
0.05155317367913944,0.13552624605699237,0.10811747592867697,0.15740490841522378,0.13512330561497818,0.0886825383505589,0.13962410906165287,0.07674376027222417,0.1072244826205534
0.05400815736260387,0.2586098838457884,0.09304438562734761,0.09499427554248051,0.09031475611871483,0.08641405291940908,0.16507553631858038,0.0692528263606846,0.08828612590439074
0.12867504621160994,0.15216994335118864,0.05470057058519203,0.11257377670673323,0.1826072934999232,0.07929308783112009,0.15255994263721873,0.06037430914309696,0.0770460300339172
0.07038284092788749,0.11831245718812573,0.13284551333025674,0.10816058333975924,0.07149958807839853,0.11374232255752457,0.07915966289297406,0.18107839453411356,0.12481863715096016
0.06256267918362111,0.1388274591544351,0.10780687502713641,0.11272992999161609,0.12268251298267409,0.1334420010996463,0.12185960412176443,0.0862766596276117,0.1138122788114947
0.19533878568625077,0.19543957457963523,0.07311241142983438,0.1019351969019658,0.08889663343667435,0.12787820458066812,0.05257961508313224,0.0731897021347767,0.09162987616706242
0.044842743934446816,0.11255117460244733,0.1102521267356582,0.10693350336943126,0.1193695491259164,0.1388776172917842,0.12010322386982325,0.08885846793681056,0.15821159313368194
0.24747745072930363,0.23317175586223407,0.06260464905311024,0.10459304644261386,0.0886003875264858,0.051240319879429515,0.044841991610965144,0.041576921202856665,0.12589347769300108
0.12866290884745032,0.15441303671087203,0.0815975785897204,0.09467923416544659,0.14898555492419882,0.08423859762140805,0.12511438927780877,0.08134481714421983,0.10096388271887519
0.062092753780924326,0.24283502859517958,0.11922020923673358,0.09949729982718168,0.09976461443340197,0.10993570369949086,0.09213734148750773,0.08922396837453588,0.08529308056504438
0.05907536881388618,0.10236076745512353,0.07383774674700704,0.12913272464569245,0.18134762955183384,0.1587215775594597,0.10378433389607501,0.08773701470147756,0.10400283662944469
0.12960943495099517,0.1256655515625415,0.10972972572760618,0.09446211361473793,0.09497227100195664,0.08942402410980027,0.09199983770640303,0.13746059222329302,0.12667644910266626
0.09354474068446585,0.10325403523083804,0.10719257095416046,0.11465952460925062,0.08575102763451654,0.13265998173365487,0.1292208162726129,0.10374937024885472,0.129967932631646
0.12163499407270835,0.16476027660175,0.0775904378653988,0.07496427994393252,0.19555126182968183,0.06227217867573587,0.08719810875742122,0.08215751823691216,0.1338709440164593
0.09380838905979694,0.14473557052889643,0.1008451848888537,0.102722469878727,0.11617071194525674,0.10248760677165726,0.14814952190089767,0.08049971192012217,0.11058083310579205
0.17811838581722148,0.19517173583079536,0.07467514049783429,0.08913350162012267,0.1525038503658496,0.06147318705011232,0.06415105044797495,0.05816515433275218,0.12660799403733716
0.14778296397338128,0.1376117565896082,0.10727905670743561,0.10210427311121813,0.10615261236096997,0.08805631622981396,0.1050710305300036,0.10789259770869779,0.09804939278887143
0.07786167564118411,0.10727950835923862,0.10602102154349907,0.09550236849151149,0.09576764211917305,0.11850079465986929,0.1356568786888819,0.1045063647119241,0.15890374578471844
0.13926717855035375,0.22149393816996288,0.07881751857045342,0.09107926264829479,0.13614881457266118,0.07826083966260618,0.08270198469331426,0.06630185388595923,0.10592860924639429
0.13715947987206853,0.15689500054558722,0.08022022664255019,0.12906456636606428,0.13329155483594263,0.11143427386879745,0.08812174146997155,0.06406833698837854,0.09974481941063966
0.05308912895456241,0.1115003797417194,0.09644477337587098,0.11523697275742739,0.13131319237708203,0.13385388984684363,0.12031526574660219,0.09509115226804558,0.1431552449318465
0.0740279626346777,0.17337106819616757,0.10818976969658667,0.0850162015968236,0.16619429527771182,0.11238576627983525,0.10176903572745864,0.0789950590512734,0.10005084153946538
0.29270114879963516,0.1923436859125319,0.055824412966942655,0.07789298819251916,0.16672959121287453,0.04421117997233693,0.050196855314410455,0.04433811372482421,0.07576202390392497
0.05276815448415948,0.2491694598072244,0.08752001806216247,0.08910734139160088,0.12272995487056637,0.1643566896751587,0.0806024308694012,0.06307124066702458,0.09067471017270178
0.09130626843172601,0.19938232397243097,0.1046159714013319,0.06903818142727709,0.15118515169203844,0.07465779987541733,0.1437942470702299,0.0675542684154142,0.09846578771413401
0.032147237877486405,0.188906551927524,0.11280556331977076,0.08770023687979493,0.1038651538268579,0.11651093109188236,0.1451884326562802,0.07742609766575045,0.13544979475465302
