0.023380734067012354,0.48972036760760423,0.03289062711246315,0.019867162719215067,0.10584580129385061,0.09723199187729692,0.060160387777594186,0.12813496819705575,0.04276795934790778
0.24800749168737493,0.1515754739808655,0.0911517066720061,0.010480124417994147,0.09300335686349238,0.10396299282877347,0.09202553812512332,0.06535082425822804,0.14444249116614208
0.09569229812638154,0.050499938313788385,0.13390513261572423,0.08809433031603596,0.14857148308864848,0.09306894992776789,0.10964893754658152,0.0734123676996874,0.20710656236538458
0.09854481893203144,0.049046572889391904,0.14301431802010287,0.09073527834683297,0.13490906438848824,0.10664448319211502,0.11939153389287287,0.07570607566499508,0.1820078546731696
0.04470327925267948,0.09141826853819522,0.11300474386017746,0.10143295433621798,0.13087832912416594,0.17371312772616007,0.16424108550515062,0.050231448949406156,0.130376762707847
0.1821611913186254,0.18085637311827515,0.1119262128545861,0.05801657886491047,0.10475432055431745,0.10145710752288895,0.05548459763358765,0.09356196268745148,0.11178165544535738
0.06292620083538937,0.06718299422334405,0.09330400464926707,0.08369723857254309,0.13373018406835627,0.16531809878050344,0.1750787889116819,0.09841205067318576,0.12035043928572908
0.19997428413523644,0.09155613942965936,0.11669425659599014,0.00545817824826999,0.08593158639648224,0.12287565734632788,0.09556608122920619,0.10092230985097235,0.18102150676785544
0.025196690971835037,0.08532783986488113,0.06865825888448836,0.15149659850557035,0.12819079031731187,0.14820572229340537,0.17584128202798766,0.10288601544954978,0.11419680168497043
0.09367662048035587,0.24235583156857285,0.08580050028742205,0.028734086324189,0.14325061591711039,0.13703327287537304,0.07420453339983939,0.08079228623317718,0.11415225291396024
0.200263802755974,0.13141003168274176,0.10411704684566019,0.02891441034620597,0.09810656569993903,0.11881074596868053,0.07365767918623872,0.14485743497976902,0.09986228253479075
0.005137307982632101,0.0792671413917191,0.07262889535923168,0.23912347590953276,0.1407097255130544,0.16230472371297577,0.14511050044664903,0.05561423569656463,0.10010399398764054
0.005941113216243657,0.07328039742075716,0.2688943552490137,0.07371051254298337,0.13354666922662647,0.11865622314130399,0.11694724365315458,0.11709053638726559,0.09193294916265149
0.1632702161813348,0.0853597386513268,0.11752261214907116,0.006404525403770465,0.13090662603804515,0.13858494791569162,0.12453054654571927,0.08350250502424968,0.14991828209079108
0.1163759326587132,0.12340148451358335,0.10381235063097316,0.04387886722443244,0.19001403771634587,0.09931092664602259,0.10128718798887693,0.0761649679349,0.14575424468615247
0.10047414402378359,0.078824407214194,0.12059249041486153,0.11537403200986901,0.12018318977802149,0.09328576910126159,0.12728031293880568,0.14086102057643668,0.1031246339427665
0.0351195835204647,0.06291455677237928,0.19062036227953935,0.030384987429503033,0.1278264419660432,0.07681990441442495,0.13681035578213088,0.18398525332056193,0.15551855451495264
0.011431014569958502,0.1956939581441243,0.03121450308351663,0.04127328149423086,0.2541993857919523,0.18700072619909766,0.10302595319490761,0.10375328988061917,0.07240788764159299
0.04564762863822888,0.1909911783014533,0.030303500063086766,0.06595719788528448,0.1322797378099161,0.28314584630397205,0.10266528124314363,0.08693949166587724,0.062070138089037497
0.048906143220353006,0.04693772271172833,0.10033075148675748,0.10701968826308828,0.07116476469125317,0.0981122559549051,0.0934672316802848,0.357006166153052,0.07705527583857785
0.11283194141622059,0.2902674012021052,0.05611414691409655,0.031076265493852933,0.22545109222907786,0.08865860651894479,0.06796889228501608,0.05374451156073573,0.07388714237995038
0.0038022348658281664,0.14318059353402626,0.15933120835903514,0.06594736408170578,0.08105708616041737,0.19145894355734358,0.0958251061988944,0.10948138454399925,0.1499160786987501
0.14387602927333767,0.15995509757103296,0.07399394206363548,0.04060956336911755,0.12166582921053952,0.14623561579073469,0.09963806197127141,0.06511880378445428,0.1489070569658764
0.19570617458551753,0.08753143369971368,0.08088880679924801,0.011178983819772677,0.11809141185412958,0.13336729922700194,0.11482555504275653,0.11038884574532726,0.1480214892265328
0.05047472158222735,0.16168326281101295,0.09579560619514865,0.023007566992502854,0.11369526777707416,0.17124194452614003,0.12242832587524388,0.10607629696980746,0.15559700727084277
0.28259489410380734,0.11625464704216164,0.08782682514813199,0.0057593340791673815,0.09955662518800722,0.11851932151698345,0.09163139408945892,0.04572428064628304,0.15213267818599904
0.11786420617402145,0.0672879361131456,0.1483164973443729,0.01664197182210433,0.152335115383449,0.12056394761405138,0.1710455145244811,0.05629102859058414,0.14965378243379013
0.03357088202284544,0.08150432787795596,0.09149104839665867,0.18537727708890261,0.10645298705730022,0.12462785675851897,0.11480000771466477,0.1399292883844173,0.12224632469873609
0.017737068497963505,0.025968115474999786,0.06591361127196278,0.03931561257708074,0.12949624092887216,0.29009491678156046,0.17965639521923596,0.1296023098657535,0.12221572938257118
0.06405643709532631,0.07648028755908205,0.11940531455896464,0.03565984949477277,0.09236029435673226,0.10240749573030937,0.12724350358394562,0.28952628987467954,0.09286052774618746
0.0035411984706346356,0.1693879511948524,0.09146937516160258,0.017515748989513167,0.05241169323483577,0.13663242411175505,0.12784803674038117,0.33127862861599844,0.06991494348042677
0.24626311999140638,0.1218840547426886,0.0851632490150721,0.011516036276720399,0.07163014522887944,0.09705599931195703,0.14557645325237917,0.09041802607228383,0.13049291610861313
0.12768573203649725,0.0680312562164148,0.11427861032553933,0.03188702745323639,0.1226454898049132,0.11424500683953646,0.11238607091733688,0.14758765472353982,0.1612531516829858
0.044433950526164924,0.16573511766000043,0.06240947465114836,0.08199241313888728,0.283924505103565,0.07327063332115315,0.13828383484534457,0.07316231610876023,0.0767877546449761
0.06671112254652634,0.08713119744413474,0.0637372398265635,0.08613331003247597,0.09205494298909145,0.14805557817297121,0.08863297366069679,0.2872316392281707,0.0803119960993693
0.02321717628244342,0.030232929284223692,0.09212404325902322,0.19700703454067423,0.1274158258724486,0.18170203999292203,0.11690987634024413,0.11704419027775949,0.11434688415026117
0.005327710911093859,0.023220087574618933,0.030981512153888807,0.07947176663681853,0.1062877219188229,0.4107018977931647,0.0920751283321728,0.15688894007054624,0.09504523460887325
0.18453757983628258,0.14223498580800517,0.10356836371034273,0.014024705583236173,0.11979560231844978,0.1426944508158606,0.0954361236255693,0.06182205037766588,0.1358861379245879
0.04586619724188301,0.1939562777001332,0.08868128166901094,0.02932684082053282,0.14448755602873856,0.12364069029085144,0.10557578803246641,0.15078424182511596,0.11768112639126767
0.19166126136950848,0.1484289451020955,0.09211689453717677,0.022019716307002276,0.1078265905151356,0.1050578172532156,0.10257930385623555,0.0631117968462865,0.16719767421334375
0.05591780485544693,0.1152584024298469,0.04857420013787687,0.020113689024479176,0.09147111113509539,0.189709759258698,0.14174820436926497,0.24285323655680488,0.09435359223248702
0.22540756621239758,0.09020506461424589,0.10043395195764578,0.011863235311349743,0.1250263376922908,0.09596345499496851,0.11332390607084679,0.07217221112858362,0.16560427201767125
0.07518969424190892,0.055348323690000624,0.132700311573332,0.09666880536942389,0.1464859384824008,0.12283435659512372,0.07765044260282473,0.11152774668488215,0.18159438076010315
0.08079096074613726,0.1339142340512454,0.12878396641475465,0.05174347634589263,0.10842049241416585,0.15101393592421036,0.16386449392290633,0.05772473709487334,0.12374370308581424
0.01860617097293058,0.08240253395473517,0.047834012711729636,0.02353219026475913,0.1392111768433539,0.31825278342205804,0.12171547735265965,0.10636356925660363,0.14208208522117025
0.0047546257038840805,0.1303876903759799,0.11665197446441437,0.01917769403044843,0.29106027376740423,0.11447548341381507,0.13487273164037247,0.09885263545241622,0.08976689115126525
0.004899426976634075,0.16414731054093853,0.06235400249270994,0.10779447714759698,0.06462883898149481,0.1345206876470015,0.057164556952067236,0.35986561643789255,0.04462508282366443
0.023322877659088387,0.4083481850916583,0.04060286090638083,0.09224181592912545,0.10246825563182412,0.09555112051490473,0.12854635480253548,0.06530635507043932,0.0436121743940433
0.1793523871543652,0.1760969056568963,0.057615890569941604,0.13524470154574258,0.05873515594063994,0.10141477686959743,0.10965298203990374,0.08190884580534101,0.0999783544175722
0.10263367030920639,0.06354742492129668,0.1766936790071886,0.10130233657132236,0.11369712521645096,0.15241410967464897,0.09314823949631136,0.07538754117973938,0.1211758736238353
0.01974743147699314,0.10872833743790637,0.1645878304855116,0.025897237863806776,0.11933267173235822,0.1893249640937921,0.08208038438212739,0.1835220144008354,0.1067791281266691
0.04745593693688036,0.07791941261318971,0.09363541335414771,0.1264481107782973,0.22420909518268659,0.13705665509644718,0.14058439325005875,0.021466923506579052,0.1312240592817134
0.07255547779380683,0.08445825198981789,0.1780912861560767,0.25383672615569064,0.06420941242299445,0.034868249461105914,0.07674845720871508,0.14128370961361889,0.09394842919817364
0.18015331779295873,0.11712922370376067,0.05887980332133449,0.06009132720272875,0.14322503286776853,0.1279456710022562,0.05046818101323012,0.08701316999682018,0.1750942730991423
0.08882408559955186,0.12542092373650443,0.10437816584945687,0.05237024552905776,0.12284341483499472,0.16561145617295484,0.14860754236628926,0.041821977441887474,0.15012218846930278
0.1070800128557839,0.1763927570284549,0.051994236385234475,0.034524813926282684,0.2424583183994732,0.1568051450526524,0.04941505491062165,0.04838995634008586,0.1329397051014109
0.07590185285389772,0.06621741560420306,0.18457828408788926,0.030772515708085136,0.1473318568043988,0.1324103740158762,0.14102400789265088,0.07857242699917034,0.14319126603382862
0.2555920407830717,0.09814341903509721,0.11021207652980587,0.008982050199891867,0.12714537104802903,0.07541355542203285,0.10202027308975888,0.06571793793869134,0.1567732759536212
0.03451913536784574,0.058091988634072604,0.10263132062641434,0.11916252588104063,0.12473884228618241,0.14537486920101705,0.14983248757807688,0.14885131701465734,0.11679751341069299
0.1583683051564175,0.08696242564347233,0.09512760774606728,0.022273143715902294,0.16746163894476562,0.12987099133038163,0.14046054934797317,0.041368482221735094,0.1581068558932851
0.006366214364323892,0.19129310351728135,0.1474287665172518,0.1528157506431909,0.1137323680093218,0.1074906918592529,0.040622148723662176,0.15871379810363306,0.08153715826208212
0.03865016781059464,0.2744269631056664,0.055626917055823843,0.04753682723084599,0.19332124595064,0.11755592807644281,0.1385047657126213,0.062790320619599,0.07158686443776593
0.004636014768947353,0.04428841556927468,0.04108446856503768,0.017205381055649324,0.09280315725058887,0.2579622139405691,0.15648140031461666,0.30968119062305494,0.07585775791226153
0.20082543913392645,0.1040651692589279,0.10239545298187348,0.019530598279659264,0.1430851469131457,0.11852805470108836,0.10300453437044954,0.06081765559307353,0.14774794876785566
0.06339560303369002,0.2561705048276685,0.13882241347607435,0.09176945386556941,0.05649465607095553,0.07687016308328015,0.12580954549346543,0.13227117326806703,0.05839648688122956
0.015172392027864051,0.023382207882769707,0.09611087211523621,0.5122762710393465,0.08529413204044006,0.07553063988374518,0.06874185112710814,0.0403012182644758,0.08319041561901437
0.1649224052768997,0.060612005344106344,0.1464462218953657,0.03225138631767687,0.11532272212239357,0.12799412434580593,0.11147932408980661,0.1089403905410783,0.13203142006686694
0.04932464033172554,0.0855769168477189,0.10833940705092333,0.036172232808178696,0.12852386865943632,0.13966563126077988,0.11487954413676334,0.23664719574944226,0.10087056315503178
0.022521548928437034,0.06726654621189657,0.20816076033908124,0.011004830648416031,0.18616067970577624,0.17580261133265437,0.1302911815348086,0.05115330333984112,0.14763853795908877
0.13770313417487032,0.1266475724846984,0.06198661325366869,0.022785726537394375,0.10789332410692158,0.12105048539210643,0.08219661698818943,0.25228897005239265,0.08744755700975808
0.07527507795461301,0.10886015038249841,0.19599037679390638,0.1297334877334345,0.09000085953346713,0.06310857584076845,0.10429278701980453,0.09610348392279815,0.1366352008187095
0.09587186941756705,0.060338450568669856,0.024538619219003726,0.18682396031047657,0.08253934041460144,0.09396023847951111,0.13197306039823345,0.2540336268000766,0.06992083439186027
0.09901402031292346,0.08184808410088333,0.1302312597256586,0.11079921842730593,0.1308055646910614,0.09640588311681114,0.12549728768284918,0.10146835901656552,0.12393032292594143
0.040312039497047904,0.09578786380290767,0.13735782357380208,0.049686440517749265,0.1893549209898763,0.055117116244789655,0.1331129790444918,0.1838726673855633,0.11539814894377205
0.08624837196122274,0.06389638218179453,0.18786619525292514,0.02157670383433294,0.1182722271880914,0.11741559635147424,0.12705791420749016,0.13044041869532363,0.14722619032734527
0.2428273595146838,0.12030581740554623,0.09117891059686771,0.04188065685462755,0.09349336336276165,0.1561717216179026,0.07569036645687259,0.03260105616929374,0.14585074802144415
0.08665079472038541,0.08064023447039491,0.11272730195249046,0.0596204710060799,0.14578276822894298,0.12649910241194712,0.13895451076671703,0.05482289959696562,0.19430191684607664
0.2967201598998559,0.0655769983940413,0.06612664952855303,0.0609095025199096,0.09429907179727781,0.12068917601245695,0.1336515532594378,0.05147747368361751,0.1105494149048501
0.021745008006394232,0.12479002972139475,0.13553244908586856,0.04707808588676998,0.1305715309930102,0.12595250403870092,0.12912310371821956,0.15529338902961357,0.12991389952002821
0.007625692171103394,0.1642663191138236,0.05485434886682187,0.20575810707782272,0.12835444252321462,0.16964825678986542,0.15366349384255987,0.047105814023041793,0.06872352559174659
0.0751075199170831,0.1985628358127054,0.07598069200331986,0.008187974816938639,0.09770895606206914,0.11993537301509428,0.15780075852360073,0.10393729424601605,0.16277859560317273
0.09344371555952842,0.13933279853114258,0.10593449291298233,0.009522041607523854,0.15482301997254522,0.16973830782207822,0.13927541215841746,0.05142687496467998,0.13650333647110197
0.2008824968516871,0.19502930765695117,0.05270064028414334,0.04016091605620712,0.09783400490163528,0.15822835062956744,0.059590035389125516,0.06090686911841218,0.13466737911227092
0.06818462861110848,0.0514476194086907,0.13782190020361643,0.04326166019062064,0.15276524003422798,0.12739518615022208,0.14623929375987724,0.09706879542967378,0.17581567621196267
0.007054578859682981,0.044942936857956715,0.1257035058667849,0.3769183905803288,0.10440249206099338,0.07739302731200955,0.11445342715961243,0.03614603059174874,0.1129856107108826
0.07262184212097604,0.04796409120579448,0.0767918364649388,0.10136669040720547,0.11026444993853235,0.14153945038330185,0.10461075680518,0.22824833677180975,0.1165925459022613
0.1468002065943682,0.1852080643157278,0.10030683637409343,0.03089391091491495,0.09060614426875498,0.12181564314765807,0.0879605797796172,0.13018305280775377,0.10622556179711141
0.07820916025495195,0.12523729031619038,0.07815188313182646,0.01203926929845351,0.1367064822190103,0.12339582980438718,0.21206360389703913,0.07457997558394304,0.15961650549419806
0.03370425288617312,0.1850855383574814,0.13985987409854125,0.0327779112622055,0.11151839139212448,0.1205655936711653,0.1777360021250681,0.06957443594938491,0.12917800025785597
0.1876666195159007,0.21329389685402309,0.039524568783976734,0.061242093938228596,0.11755837988819846,0.17255530178522557,0.04522662726728799,0.05555726201585808,0.10737524995130081
0.15718700858710447,0.04417789574811115,0.08198360828329136,0.02836027628251501,0.08949809339270755,0.1490416206682862,0.09168498261230422,0.2049252914456187,0.15314122298006144
0.09294898336610456,0.06235213976370634,0.053482776359136,0.27481151622486616,0.0917852346316176,0.06045710316069699,0.07579217167285401,0.20120392219301864,0.08716615262799976
0.02062047308015511,0.2330226121367147,0.03564339849665998,0.13446929085844297,0.07519423988801673,0.09252584597432045,0.09128430852337481,0.2669481977037485,0.050291633338566795
0.2545664489219413,0.07886521662927842,0.09650493295866508,0.05440039826213348,0.11680651616022446,0.08767496088759741,0.1007114715344624,0.0660459842583189,0.14442407038737856
0.14262427588897983,0.10902967897871663,0.15547859144272969,0.012101846055018045,0.11382802111381718,0.08617019345115144,0.13921060812178418,0.0802823110120105,0.1612744739357925
0.0801689750867799,0.15853521739591936,0.06760564930344512,0.22023998347074805,0.08988185063384939,0.07130180665509077,0.06912043462988797,0.16759261713492157,0.07555346568935788
0.1173072179114008,0.20248861956385697,0.06495013197517471,0.04105534946325719,0.12197788679178484,0.16270752047974663,0.08564904889598163,0.07057478512972463,0.13328943978907262
0.13233555134445976,0.17495430454049452,0.08273168449493672,0.04061565730659928,0.1267524312125309,0.1718144138569712,0.08757870963149783,0.05743813063521444,0.12577911697729538
0.12753101963398183,0.08402730521817721,0.10267802840690442,0.013338265935341001,0.17749547049917921,0.12169385201479214,0.14128960785585176,0.05465323678692089,0.17729321364885164
0.03884733741981671,0.06275220237328237,0.22004003428969118,0.025218536676289715,0.18406800037814477,0.12423026525514724,0.13579894487098626,0.05732725028213851,0.1517174284545032
0.017977591084626435,0.11913110965308571,0.06609240467680393,0.08247388691605818,0.23017746401579928,0.15599031783288556,0.09271425294773432,0.16314898341792514,0.07229398945508146
0.013563335293784666,0.04872529012238285,0.07055392146071472,0.06831292414641912,0.1255387727927985,0.29427983998607465,0.16261397172568315,0.12112591731070992,0.09528602716143254
0.0887675056661605,0.05807111635136201,0.08883695640472689,0.05405069309956031,0.15178355375986072,0.16515666898585724,0.18834684180563266,0.07020164321407688,0.1347850207127629
0.3342760478407713,0.0905582637495629,0.05729064895058835,0.07786052351587062,0.07225742456050856,0.09956072390926489,0.1147217392353862,0.09111133458212718,0.06236329365592005
0.13898018992614514,0.13738371979451128,0.07884351462465138,0.03143863501369778,0.11437937231941943,0.14514021908945743,0.13147471004820954,0.059500967419364614,0.16285867176454333
0.18332040460548651,0.07867673895878995,0.12158311596135836,0.017073118448068896,0.13170766457451571,0.09492039953391435,0.09996463094436892,0.06496645899876628,0.20778746797473105
0.05852135017534335,0.11411595163680861,0.06360984256214977,0.12073996074877642,0.08134841494959784,0.11441833165529613,0.14557781878623868,0.2167247384967611,0.08494359098902798
0.014659546460961672,0.07759441431099111,0.12148849702745927,0.1935101711243521,0.12104371728301692,0.09337002351170637,0.14974864730039583,0.1384526668383468,0.09013231614276995
0.03417332777594841,0.09227955712276482,0.04677192953904621,0.3145581098534908,0.15616257831207214,0.09910309960912382,0.06546245476324153,0.054770436348339814,0.13671850667597238
0.0827285052116558,0.2270777227717362,0.06636942580728797,0.08086349909671227,0.14699839994955968,0.14810455482482432,0.11585570616208041,0.03502134995961222,0.0969808362165311
0.16712721344697398,0.10543454453064043,0.05946884259299292,0.045129506877530125,0.14846301000751838,0.16324006116006634,0.13874855438378947,0.04066146487458713,0.13172680212590127
0.06794581406467894,0.04701154102821173,0.25208801395042707,0.1169777287599686,0.10247981605943908,0.06864742766076988,0.1448658375883071,0.06534556419450972,0.13463825669368795
0.011174276178725927,0.04304546742880675,0.08213942264871989,0.20893303115985584,0.0699831495202582,0.09644953307364379,0.10485719479178761,0.30369801531921436,0.07971990987898765
0.0656598241015895,0.07210610682564593,0.05289186719259861,0.08431354466773766,0.23060241309307547,0.12817828898354072,0.08607490135440567,0.14889010786437953,0.1312829459170269
0.1198227915414421,0.15483679965440802,0.05194306156544631,0.12894482948142016,0.08827006000292947,0.19290431676298633,0.12164299317184767,0.055294221499288754,0.08634092632023127
0.07913743292266373,0.0501782511859682,0.13668799273225954,0.08979688796498198,0.1653459684592861,0.1350668038494496,0.11894917450608448,0.07666650336080398,0.14817098501850237
0.04885447012508087,0.04234363127782972,0.08399822374725745,0.040159638974504676,0.11642900200776259,0.18427603353648306,0.2052046676336888,0.18055045986888896,0.0981838728285039
0.1436876324911636,0.17625215431531957,0.05393394748458576,0.06411254771461168,0.18429689869953456,0.12134513561130049,0.05519568509290499,0.11749155025149093,0.08368444833908846
0.4340774526192595,0.05494280512925579,0.06489137457287576,0.017332243713124935,0.09788892092516667,0.0869231896933344,0.06370182266569793,0.05319530079277248,0.12704688988851254
0.03656205937858218,0.04916072681405603,0.11164762614811358,0.047795191272944175,0.11143121024064707,0.09190493469514739,0.14406366369866722,0.3119827486952172,0.09545183905662512
0.07514214052935882,0.10824098523033406,0.08331120699432701,0.1050202551814378,0.1269864905066683,0.10754783079304091,0.10765798914521753,0.08482418868652482,0.2012689129330907
0.16234314970439803,0.10550983427502007,0.14113850002121617,0.04449621984905366,0.10520188679005406,0.1529206141977619,0.08113464399309316,0.07958679857737243,0.12766835259203066
0.018389684675044503,0.10546729395580405,0.04197889944079424,0.17879498441340405,0.14074830517315481,0.10507993792433483,0.08132789934408007,0.2482700465542239,0.07994294851915969
0.027923910256820523,0.2492599012119423,0.030808093192941255,0.33923044117146656,0.08045155446471412,0.03793634552440022,0.1550685044142096,0.030786198927470945,0.048535050836034405
0.02177486894144501,0.0857090492568361,0.11865742915800898,0.13915300735475258,0.1207606960146292,0.16568350485828684,0.1584522908362508,0.0984854830325428,0.09132367054724756
0.05656521233523567,0.09238649146690492,0.17429848430704273,0.09351804097167304,0.12816921435876286,0.07988369371793855,0.15421055790383878,0.07944850138962989,0.14151980354897353
0.028210875755417097,0.10272243733692821,0.07111406373594799,0.07279274312347236,0.09395440992055488,0.14844522616227612,0.1412315340784923,0.22788106338655903,0.1136476465003519
0.014831951828586315,0.06691023672323525,0.0673210812399329,0.2345926426450534,0.0891004849359442,0.09681414718688447,0.08569467029236873,0.28697550501208985,0.05775928013590501
0.011457194184299552,0.072627880071101,0.08833758109874784,0.3550986112477428,0.20593904852628234,0.07936920761041112,0.033996350140981034,0.05696224988136226,0.09621187723907214
0.044031480704705604,0.0920381782680307,0.08288273047974162,0.13907867770765758,0.1414834754069307,0.10280325763128452,0.15397515379542048,0.14359696849119755,0.10011007751503122
0.089284576551393,0.13713947691076392,0.06634854065157368,0.06674485220735536,0.12494393473810643,0.2588888030579754,0.08891468964015858,0.05418775445841789,0.11354737178425572
0.1966298417572818,0.17849613659981492,0.04293760704548605,0.0870431715884676,0.10081638731631186,0.1686685206452336,0.09025675762676161,0.05286714257546726,0.08228443484517534
0.058679334370533624,0.1069540866731858,0.10386633905326222,0.022019793666506225,0.12442907365408869,0.11417666431245566,0.14336910786305357,0.23518242637773545,0.09132317402917878
0.22480816156190161,0.0986001255399394,0.0569639153418609,0.05132137905001798,0.14043609591072526,0.16255193094168885,0.10308027683685568,0.04522452182613849,0.11701359299087181
0.05911815161375714,0.16651876229413187,0.09494372530296358,0.0632919989895216,0.18112065611981876,0.1305298663437134,0.14972937699871328,0.023779187770138877,0.13096827456724144
0.235979421782347,0.1321190219668074,0.041072055351579186,0.16045507834653414,0.07873601259651923,0.107340930193771,0.04800950955647812,0.06911077959201034,0.1271771906139535
0.06644225421200978,0.20073798900795511,0.05184969566909887,0.012232066962858182,0.09557798339117692,0.18684297556693386,0.086813187169916,0.1731601761425996,0.12634367187745177
0.1701255723448315,0.19047071073920474,0.06741247060417836,0.09319199459746197,0.15899322205999397,0.0753415184633078,0.04755653563459324,0.09424165158250637,0.10266632397392202
0.032152859427102214,0.17139310458130333,0.09552145208850132,0.16265410080508838,0.05421543810218038,0.09376786142690148,0.09739162152197883,0.19746363926349017,0.09543992278345392
0.21286155075794444,0.10113673649147148,0.0660850125988085,0.06817536664801266,0.07285210195045126,0.19590429049759406,0.1073190667943739,0.09203335017989678,0.08363252408144695
0.054604383354999654,0.08283903184467017,0.10027740276614178,0.033678817610147904,0.16280605932719613,0.13135618941555885,0.19888101303714767,0.10838961683913417,0.12716748580500367
0.023246002720373582,0.049046759863604024,0.08478041983103453,0.3615030490348521,0.13748110162344002,0.10478284402480137,0.08691720474567717,0.047497702559558506,0.10474491559665877
0.15744990429251984,0.15266931379421425,0.05035907636545395,0.03568044510630291,0.14346829318485976,0.16912992446715594,0.09704319929722867,0.06709562632091765,0.12710421717134698
0.047495872575647656,0.12038610429944462,0.07011655720646952,0.05615159648170537,0.11948241682112404,0.09621058531797323,0.08636416595129497,0.25132647067566294,0.15246623067067772
0.022954375443354852,0.08532197375258622,0.1986811484358065,0.04036276135776369,0.1612906055826247,0.13013023867312434,0.12401758294534736,0.13367940714258594,0.10356190666680641
0.027861377423524236,0.17688066392904553,0.060412638750492846,0.0375613809647127,0.07055607560292496,0.10539226128699991,0.15337286885954143,0.28897664243905713,0.07898609074370126
0.2111586490352995,0.07401920655860254,0.08980421189895448,0.02488508310794617,0.10528040890819161,0.1062086256372871,0.13246965133363406,0.09531506667160372,0.16085909684848085
0.1627931116225585,0.13794209704646723,0.06444045529622315,0.03060026483336566,0.07784877421912566,0.0987525224791743,0.21689712890986668,0.10684251926627493,0.1038831263269439
0.17761083977081404,0.17716306462026812,0.050033860046666566,0.03842663101958116,0.07832836650312504,0.1219063812830775,0.04598325994438548,0.19346500415671966,0.1170825926553624
0.169092942898184,0.06368352939974993,0.16037260894658986,0.0343272273843466,0.14572550924804303,0.10171376580947651,0.0971441530755187,0.0602057671123559,0.16773449612573552
0.1387876044151513,0.19663939877215605,0.0815991806480469,0.022742384147449876,0.11273618234908339,0.12905485083194582,0.12242005112659131,0.026770705500438724,0.1692496422091367
0.1497454033171032,0.06152582241258744,0.143047861706782,0.03589412148900822,0.10437195322161108,0.11128122349811898,0.13423378455695947,0.11005441462687705,0.1498454151709525
0.02632742440798888,0.06565881308122885,0.13297274565646663,0.13847954728076178,0.1270684753356901,0.11694446119467267,0.11881975750181295,0.15229766559447366,0.12143110994690436
0.05788905717199185,0.0882087774253843,0.09599744296686182,0.08286808658123034,0.15202237473790337,0.15267510352141012,0.19299840791823783,0.027796212761256472,0.14954453691572392
0.08038206537397512,0.09105271931800896,0.15017633054212862,0.0838696058419617,0.13898215327876154,0.08115791460394782,0.16138604927164368,0.06653862925720011,0.14645453251237242
0.09260937000980736,0.10746481735757818,0.07094458486766884,0.27685590031211843,0.11397577753788295,0.09323978554325361,0.0814528649308094,0.10157731080810746,0.06187958863277374
0.1759241448790628,0.19959356038986253,0.1213166066101898,0.012108466067120141,0.08695878886349877,0.11754339824323003,0.09207831157786754,0.08069042682920102,0.11378629653996734
0.003783480416467281,0.24209443705327938,0.07674780465449067,0.18291600617464734,0.15412071126508844,0.038118745969503036,0.08509597719017958,0.11733246130318258,0.09979037597316169
0.012767862197610017,0.11880394273119817,0.07537010713198958,0.10632393480469282,0.08923917746213268,0.11519892359608457,0.17543778415422584,0.20017045657318874,0.10668781134887755
0.07447024250197155,0.13016584480797413,0.1316354257707468,0.023665027132370176,0.10410594797771389,0.10007776838512598,0.1461364484764425,0.1773603250730786,0.11238296987457634
0.06355001249935305,0.05807783342469017,0.08088780753706053,0.16844703863789035,0.13463888553728762,0.0913871784590984,0.12693870942663388,0.1285002730671662,0.14757226141081983
0.03824033720141202,0.13976373647156912,0.08554348010607175,0.05403285873891339,0.10812913531415545,0.12247901868030449,0.08388898309737082,0.2852261162178859,0.08269633417231712
0.14519719819854723,0.05276461791130035,0.04490440027190696,0.19534328861558695,0.039913823358399776,0.047287760374649934,0.13643251682948743,0.2883908156359325,0.04976557880418888
0.22790453894322252,0.1822522027421615,0.04647761409539406,0.09987961161392515,0.0821634050456873,0.07369654474389507,0.054227706705734485,0.13461102204991357,0.09878735406006632
