0.1429800986683525,0.10598343853067693,0.043319443904865085,0.1213757020317267,0.17679813386664198,0.2143866992304441,0.05451842181562364,0.04864372265406728,0.09199433929760174
0.1043212008805847,0.05615450910985276,0.09610926096903356,0.08928582147165735,0.1659407083479483,0.2686329564319447,0.021858126906746,0.06726038722282236,0.1304370286594104
0.17897859945980552,0.187833831869446,0.03309618890403085,0.0823383128539552,0.16993312680385395,0.03547638558649834,0.044359761306120536,0.1339023734438375,0.1340814197724521
0.09172384066952873,0.06576683462569068,0.047099596385495324,0.13829361145921734,0.14956650028394883,0.2588935328185169,0.039854908455623346,0.032164892492817454,0.17663628280916135
0.019997716796655542,0.012879411811565614,0.049025135547241,0.2519733672382143,0.10187453205871744,0.10382134495011684,0.30418404287216455,0.047720166006979314,0.10852428271834531
0.011344793873414772,0.41133361174327177,0.06954634936705605,0.04283408019815002,0.06356106735265722,0.022801155515849075,0.29687359551403625,0.04889512041122193,0.032810226024342935
0.08001290365237879,0.06820046530806456,0.09397712495981436,0.09585135579223947,0.19525988216575973,0.24692307997889765,0.04238400780023704,0.05461810392944202,0.12277307641316636
0.09452804692739873,0.0438840673468189,0.02649473923708147,0.2473754492716178,0.1163153800552945,0.1491401880505542,0.10247292425420514,0.0609555006763324,0.15883370418069684
0.0558148132337055,0.045279370070156776,0.032906719494893544,0.14268935049331474,0.12581284698445125,0.35846899631648976,0.05124898256542875,0.056679772194981104,0.1310991486465786
0.048395322159395716,0.00348967681474526,0.18304199934980825,0.015745952211973755,0.055279169350953505,0.1059437246526123,0.07488700960787599,0.4085783964500707,0.10463874940256457
0.12733764359560706,0.1645615015074504,0.026221737253951563,0.16862645591106126,0.13959599870034103,0.05344544304955517,0.03203019553742471,0.029892262774274408,0.2582887616703344
0.10858038235077279,0.21224694446034356,0.04976958255396428,0.06171619694759691,0.1672561691166652,0.06472121902307919,0.05220683741803383,0.1476895994982809,0.13581306863126338
0.04754093748472658,0.1230735270349665,0.047270062611603096,0.09988843926697889,0.14393227567413627,0.05749530586840962,0.2195535395239305,0.06451791889487885,0.19672799364036975
0.10572572103783935,0.052098643746345125,0.03407725846357878,0.25517148316900873,0.1431638596819433,0.16160835957702652,0.05355522730692235,0.10088551945674636,0.0937139275605894
0.0924287647695954,0.05713963180101334,0.09009937320328903,0.15421178012563622,0.14890931186734147,0.22104223223534927,0.025501001087746552,0.05107280715546395,0.15959509775456474
0.050901028447713735,0.1880482930546914,0.11478588511642174,0.11628899476295425,0.11260955774390052,0.06222785557764071,0.0622391705837655,0.17049908270259975,0.1224001320103124
0.05133982942727968,0.03169849444284461,0.10622041997661998,0.08460460976673463,0.13935906062773304,0.06205209147355673,0.10236387174039581,0.15064880291878266,0.2717128196260528
0.0847799382697495,0.355161653160558,0.031835797979156304,0.032618557326613846,0.12429396349825532,0.10345774475589925,0.09431024533356297,0.06245460890246829,0.11108749077373636
0.1687215464904168,0.10856589061873906,0.028290510877403797,0.16483422487450777,0.18761689311605081,0.10317396756198921,0.02009240069348476,0.05777525048593479,0.1609293152814729
0.07234984890988871,0.08337939011487074,0.043130351884933256,0.1834831069360482,0.13293735585031466,0.1464449624681768,0.06864279923359116,0.045872677726882305,0.22375950687529422
0.06775784055849608,0.05969324991546645,0.060109373952993254,0.12561920677588234,0.11955530055631948,0.2653079396368703,0.025224797852328004,0.05389230778607545,0.22283998296556864
0.10552720249629984,0.02249228963658755,0.03759984202650785,0.18025158587188797,0.14030821096756835,0.3386895803485757,0.02497930470501641,0.06022520170993092,0.08992678223762533
0.20482968535875787,0.1424441492732561,0.02450449531148581,0.15990223655021155,0.1752245826752693,0.06121975309332554,0.031659202345951196,0.08759868118096592,0.11261721421077668
0.1299308338040078,0.07802835175759325,0.026374652036415692,0.07787965934229692,0.11986749857679672,0.34169633881563066,0.0264928896808429,0.0995911819491081,0.10013859403730795
0.158829213103675,0.007983316667256476,0.08694354853251568,0.04777082838679713,0.07994243239834771,0.2852753275994733,0.023452533268156037,0.23932649715844231,0.07047630288533636
0.1431366123617932,0.05265999697274121,0.05751103266396645,0.13770592210025426,0.1417782228520903,0.253657386581883,0.022568906134836683,0.08505319922409997,0.10592872110833496
0.09449346384492091,0.10123592742513508,0.017619975583177582,0.2094519017782984,0.13167266622290716,0.3018250181144259,0.032827272912376575,0.0185824534284864,0.09229132069027209
0.07530810785558456,0.04887113542012598,0.0558079584321724,0.12411400906193727,0.12332873926008088,0.27255098436073544,0.0737544668730154,0.0476204272545462,0.1786441714818019
0.04493245093991818,0.13238158603966094,0.03731639955726918,0.21593187805037217,0.1333951518091426,0.16408284717798616,0.1201641839306818,0.02528815530130858,0.12650734719366039
0.1497830150956233,0.006848792892231515,0.06676710631264493,0.28403535776872446,0.10141716341252686,0.07646320222718839,0.02808762961361332,0.029059142542076144,0.2575385901353711
0.046714322037928385,0.035382224106053746,0.0510884640943321,0.11153789782751326,0.1461807529172998,0.03242174253694618,0.2205599358316591,0.16597057896116757,0.19014408168709995
0.05004345271858084,0.02055444164696914,0.26149904804863594,0.052605672023978846,0.10555970600613857,0.017219322066284775,0.026475356647444576,0.3077792531546512,0.15826374768731608
0.15203855411769354,0.029890032566120304,0.033434547083787104,0.07570677867504952,0.09066478541468452,0.4891668230728137,0.02469642058584376,0.046957445989758186,0.05744461249424936
0.10221329576591291,0.11608583388244048,0.06295725850503488,0.17917395010502654,0.16445014365370395,0.1858059361424527,0.041184019750917226,0.057993670036907995,0.09013589215760325
0.045946974318021416,0.05526424453721146,0.046513370781676854,0.11891671990523185,0.08854444129892335,0.4554827922940357,0.019286024050044967,0.044664010240771275,0.12538142257408322
0.1261225662749364,0.058636564197781064,0.07928159444352843,0.15111094710098733,0.16303791401028597,0.23154009038729195,0.034114767510869205,0.038661463156415096,0.11749409291790454
0.016675763285286957,0.023402016761535627,0.021603630643401733,0.21877626555239607,0.08568333218102364,0.4257489632603328,0.11094228324675258,0.021365828174531674,0.07580191689473896
0.23580310925434067,0.10546987675812974,0.06842493494518068,0.026265008046648164,0.08418709164862705,0.26681702658694567,0.01776264223674821,0.10717413160006484,0.088096178923315
0.1417272221433026,0.016738305902602797,0.02410023728687215,0.16452655912235872,0.0998974060243779,0.37633835473421967,0.02525067036948912,0.08655635812350464,0.06486488629327235
0.07651623774404755,0.40424903053026445,0.034503204357336344,0.08572889433073498,0.13367697992178518,0.038100574704618424,0.03828879570118587,0.020471624013000234,0.1684646586970269
0.08189420396894768,0.06795169971746266,0.05795970331459687,0.17955023250355961,0.20992516548511211,0.07951640987622242,0.03480064449512137,0.06772268179753553,0.22067925884144177
0.052989652794310095,0.25213314331791364,0.04651372539236746,0.10313454243671748,0.12581271298659522,0.0940797528605779,0.09440430358916303,0.15135285283077457,0.07957931379158063
0.03816898915554379,0.061275314830184134,0.0532727119831152,0.13338846189926096,0.12580285574628614,0.10325964540087884,0.2195220311074592,0.044652198142993565,0.22065779173427813
0.1082614692899377,0.07085097171231967,0.03338832854725213,0.1229113209091099,0.16145936176199635,0.36324529685282697,0.018065504872293935,0.055366649665268886,0.06645109638899449
0.12441440201568037,0.01652547238229299,0.013583635484451089,0.23389338469073395,0.11450393703616113,0.37325499678395224,0.019323067802971456,0.05794537272468011,0.04655573107907668
0.08958397585237725,0.02795006693834382,0.0767913867982157,0.10077830538683048,0.1545805660574391,0.31747621789655683,0.03484867505585765,0.12413765554485516,0.07385315046952402
0.11705090864045818,0.34131234891297063,0.039894198919975504,0.03680786441832288,0.05782315285816373,0.04201152542232228,0.09495899908925394,0.1749408310127412,0.09520017072579151
0.11422812495968138,0.0367709030317448,0.03689284663509084,0.24701622418345737,0.1174348215171837,0.36487581595994034,0.01377945645400462,0.027437363913355006,0.04156444334554205
0.13751637606103304,0.05191523326884789,0.09144898460749736,0.08841334856008459,0.19001959590306758,0.17244849889059832,0.03653903661227153,0.12720188990029876,0.10449703619630092
0.09629566897021628,0.09200133880326837,0.026269807390604236,0.2337451678097352,0.10771417108585118,0.33420075828434886,0.0230529716826116,0.0255433256283296,0.061176790345034794
0.07986469031303167,0.015020425518222044,0.03470876143695395,0.24339783442288662,0.09669601196864057,0.1899012473290561,0.06215079469826776,0.0447962202023203,0.23346401411062098
0.10450068672472991,0.09609440392139053,0.04523540314864257,0.056100810118539624,0.11795462268970512,0.3336570659780953,0.03327621462651025,0.15083970411643707,0.062341088675949535
0.11881247384314236,0.05042507628551703,0.11314607814609438,0.06941626670709966,0.14745222522253768,0.06621853190783114,0.01604489040393949,0.31311236392959124,0.10537209355424697
0.06908460205957846,0.05552260241711752,0.03196613057352011,0.24063395566616844,0.12098371204086394,0.061825120124785825,0.11001001430669839,0.06764709200306272,0.2423267708082045
0.08288437767018884,0.049815907359737545,0.06089681675047529,0.18019453776932196,0.12926653176261185,0.19968749529926014,0.12977829420709494,0.047308610532731915,0.12016742864857742
0.06357488874646446,0.26908383040737477,0.06587884411604371,0.07645210477071733,0.12100275575293266,0.05820188261198924,0.11437386186940975,0.12292079897589385,0.1085110327491743
0.0749822047013702,0.22553281004303627,0.03985429810983881,0.056554882931541504,0.10887051283193994,0.026119600745528992,0.06530559330190441,0.032532318188177776,0.3702477791466621
0.08488390485424292,0.0037846670162400673,0.13731137668259943,0.02091864848415644,0.06504663971756017,0.07239566178561652,0.10250659310564443,0.3549864175314957,0.1581660908224443
0.06988382141673892,0.20026039807567755,0.059017811244435024,0.12290799027032863,0.14707322726150374,0.07216392774698988,0.10747415238873519,0.057119438870774926,0.16409923272481622
0.13452134898354376,0.05030290492437428,0.023289338206211024,0.22013412959741174,0.14886227718472084,0.30477470374979865,0.0276801837303746,0.03994450723049843,0.050490606393066684
0.1159684896258781,0.1596122415805264,0.06567756622804345,0.11382870799941096,0.16442315974119934,0.03761678221477436,0.03893035833743299,0.040925492003871064,0.2630172022688633
0.09700740372229566,0.2622392896026421,0.03647512661748168,0.11795258842891206,0.13250315302721347,0.13923958628266805,0.05134367744091134,0.09736601285867164,0.06587316201920401
0.06736896044953873,0.09419756885270454,0.19964280009552557,0.08554957286754229,0.11035441148862422,0.03585192164140639,0.15471179019925416,0.04205046513628671,0.21027250926911734
0.16429576113372746,0.025527349583172747,0.02746833681100161,0.11554176768491026,0.10250351471560613,0.38046579967937416,0.04744526437309398,0.04756470003213468,0.08918750598697893
0.12290485917959659,0.040819464260443174,0.34303656384628506,0.04304687544038625,0.1202442049680653,0.173790320769043,0.020304495544064924,0.06888748540653906,0.06696573058557662
0.042513970546890774,0.0367606106419998,0.12998192635606964,0.029619353164878334,0.13135714984885377,0.10138018673888027,0.17360943611864546,0.26741578809240557,0.08736157849137634
0.14427647185189466,0.114459150008003,0.05046418155413863,0.05351622638763975,0.1357045288259723,0.1107515255884539,0.05342580136059578,0.2059770576713067,0.13142505675199523
0.05073694236676516,0.370204685292457,0.03252779617923975,0.13835648924601304,0.09220478706911699,0.09728600718227376,0.03879804202606705,0.12372552430419098,0.056159726333876336
0.08642542962510003,0.32107380312432093,0.035906463474643935,0.048716473317014584,0.1284146655732743,0.10966313415664952,0.03976316957490574,0.10096495207257683,0.12907190908151417
0.027845376495694286,0.25223925995667584,0.06574073314790795,0.08981421864044888,0.09341792367766759,0.09384370885650352,0.1617479445609519,0.04809910607656435,0.16725172858758575
0.08766408612184463,0.015124828072362729,0.027780465674096977,0.21761510538037895,0.10759985911190177,0.3183798363355172,0.03450454247845075,0.07309566253782455,0.1182356142876224
0.07804249577177504,0.09188839883372064,0.051117588364073575,0.18557834878310334,0.1490439840266503,0.05223721240637371,0.12718096792193623,0.0898301188671557,0.17508088502521138
0.092564865026045,0.08393434705848675,0.029769650116993503,0.22172442534422868,0.12067588023861182,0.2624517429468433,0.025388934059811987,0.034439538480032394,0.12905061672894655
0.19170668153890028,0.029493188069069646,0.039502672357666094,0.012659527637395468,0.08992107206533352,0.25098087209420766,0.128825468865822,0.03116105967819906,0.22574945769340626
0.04481394677395037,0.16419928880422585,0.06999475248369084,0.06306994804007751,0.13356094779184483,0.08965088918404711,0.2611714542414311,0.04974977351451726,0.12378899916621518
0.08283739299288473,0.014817873493972511,0.09149504686399768,0.11482900658112982,0.10695809780690589,0.16370221141738378,0.018185035522797655,0.26587765011976144,0.1412976852011665
0.08082250926852379,0.0195732254215563,0.023371630130970183,0.19597308252148957,0.11495565489534293,0.3297290038277714,0.07651671968671105,0.0672160217914828,0.09184215245615206
0.03483648300001947,0.03709831194636959,0.0652403398469751,0.1297111814601776,0.0947694480071853,0.41574952434475687,0.10327150997265355,0.02839424050175132,0.09092896092011125
0.12548958177735167,0.14185401850281973,0.052620785279070596,0.07327539910013749,0.12494447441859242,0.29668799571770843,0.047391839895022825,0.07876749906075284,0.05896840624854401
0.22361339762491828,0.01121257613638893,0.035813576416075917,0.22089274689792351,0.08527500529160392,0.13837509494439154,0.010081798859088165,0.20476980970738898,0.06996599412222082
0.08004593977623999,0.19319125174191867,0.038093185615221736,0.10808147876082945,0.12319126395636397,0.24970371145777784,0.05334150669599789,0.05380912054133074,0.10054254145431968
0.016136877278273603,0.0007405319301809327,0.061145198225270224,0.31402830388000785,0.06572342359464393,0.20188324167330976,0.25937946536767237,0.038173866701258705,0.04278909134938256
0.15210441293726745,0.08757547313927931,0.032271924420204844,0.055416306164133795,0.12465455245293293,0.41643542261346583,0.014655788114364514,0.04632260343157047,0.07056351672678098
0.059663514360484525,0.10149971285245825,0.052163728696324276,0.06272508709930244,0.09346243087477202,0.12963119430084888,0.08228637029877268,0.3368326222229933,0.08173533929404365
0.08662008337599285,0.027927148896926157,0.07749893776709704,0.13802770456022292,0.1874801227252001,0.1804376479664187,0.05582272307608555,0.12718332053705153,0.11900231109500514
0.11539841300415721,0.22075196122393023,0.05716101951746777,0.0688274214587687,0.1831235818968521,0.0447939768464825,0.04829734160718263,0.07355768874714058,0.18808859569801828
0.10680367920284224,0.024064849624050925,0.028317791500351203,0.2699012335071757,0.10628291328381563,0.334275610691705,0.013462432183590315,0.03273920272354535,0.08415228728292364
0.11195323775797293,0.30612661336051317,0.03271491357872388,0.11422654470916312,0.1572186402346019,0.10283194872079097,0.03622895258400192,0.05050140770799727,0.08819774134623488
0.12063738701440689,0.09083820558799481,0.037011832472973315,0.21518182560692778,0.15305525999988628,0.1836855057026386,0.045331620849958926,0.09079213753490008,0.0634662252303133
0.08347398354231139,0.048414156225314496,0.09705534029223446,0.1204385827792786,0.13810946578589223,0.1674561597810387,0.039747321898073236,0.06733524128449836,0.23796974841135862
0.06572897603011747,0.1603465933922016,0.11128975654119573,0.07824720212093625,0.14250236698151506,0.06125250338347527,0.1183334238057006,0.0716567403564921,0.19064243738836595
0.13754646405155724,0.04918668166729496,0.01966252341223036,0.058413833498843,0.08054242103627564,0.46845001255550284,0.026455288767128823,0.035035001275476554,0.12470777373569054
0.13669709079711065,0.12775361990511733,0.03267809932837897,0.13594414546332315,0.14841452864320878,0.053002565664138586,0.09064235732200905,0.06951790792089219,0.20534968495582132
0.15426527284166905,0.07173554157798512,0.02477567198818034,0.18941195918894593,0.11320605819286607,0.22907721136605882,0.019807257240810575,0.049708532148198065,0.14801249545528603
0.1360423816056245,0.05261114581572542,0.03613594367248497,0.07066315355337617,0.147033901972326,0.4079627834083855,0.009308320837315982,0.04758455686894308,0.09265781226581839
0.15843483495762914,0.07099861990123608,0.01857374410283283,0.09797560948465457,0.10610124441203156,0.4003264671908784,0.01835956751649221,0.07034517172092457,0.05888474071332065
0.11298597147375172,0.06439960456859203,0.050487575174705944,0.054184093261214726,0.10221286987829502,0.4022112326913814,0.04624173168004821,0.04527435770943999,0.12200256356257096
0.10392873305263069,0.047049572287504254,0.03296158422585586,0.029238002717879404,0.10748650931893396,0.43539257229426526,0.03104999855730063,0.14509827370609615,0.06779475383953382
0.025711158796535405,0.026667894584686713,0.22379578868857672,0.02613788902526799,0.06552346108591699,0.05235995116500355,0.042094850985715006,0.4572604147492411,0.08044859091905655
0.0509554163616524,0.31323481375966683,0.032025973968401615,0.09676039753875805,0.12412336847780446,0.040512423058013856,0.05424966213861195,0.01961326939657228,0.2685246753005186
0.06641244504412193,0.018564858587999052,0.057399390728259524,0.20138381794223037,0.10441055587839197,0.0955396039372179,0.04531224652346453,0.08420361785674284,0.32677346350157194
0.0433760800631372,0.04555342929199863,0.02945123872562419,0.12787991185718564,0.11382568458352364,0.3881565174333847,0.05040629944833991,0.035775775386910645,0.1655750632098954
0.04081020144794286,0.010910044094630368,0.09361953486629149,0.25069918421809195,0.10247222967086167,0.1634272208680206,0.07487961948589178,0.13103106750571142,0.13215089784255798
0.10281639449978648,0.01635657342207646,0.0713699182341453,0.11079963609288068,0.10949470513706816,0.20807754326009695,0.023752515728927125,0.04208020411570675,0.3152525095093121
0.05841462207656189,0.02795902511861373,0.3491164353864618,0.019923371746611362,0.06620019173859217,0.006206559309557157,0.03172124092493526,0.35646694928358635,0.0839916044150802
0.09178173922617856,0.05399618419062056,0.02722045275486168,0.1978663202396984,0.15382391290509187,0.28836500711103064,0.029376772033962422,0.03989958911928818,0.11767002241926768
0.16228212604584255,0.2609769626620002,0.08207596599359039,0.040290752362789485,0.13836234912969458,0.12776366022236665,0.027776219556006416,0.06953923305326454,0.09093273097444517
0.09373172788637317,0.06194286349515166,0.04115592368695042,0.16462915216312246,0.12638912333555016,0.25480551952299374,0.05667661580113063,0.07269785404002799,0.12797122006869974
0.12803143041848172,0.05917258666295908,0.02447595155710394,0.09530566440279321,0.120416784352094,0.4549297112003057,0.01655812916378391,0.0554644320894106,0.04564531015306785
0.0653156133302353,0.05564330721954055,0.029399394181409456,0.15081051960858774,0.12813519150144975,0.43262629378144773,0.029317285947511307,0.03405375330182553,0.07469864112799278
0.08001290365237879,0.06820046530806456,0.09397712495981436,0.09585135579223947,0.19525988216575973,0.24692307997889765,0.04238400780023704,0.05461810392944202,0.12277307641316636
0.10187317205951658,0.32511212275075274,0.02290970296749423,0.008794626305139011,0.05063355637040103,0.008549358120642182,0.004145276781805543,0.45235833310725465,0.02562385153699408
0.16815505071776327,0.13961874906789862,0.020180670136720313,0.14233639947230078,0.11468359344897801,0.2302368688217399,0.014804916227595126,0.037283994971618974,0.13269975713538493
0.15441434807933388,0.06771163644111931,0.03205817831867938,0.10585539842735248,0.15565417078206875,0.22769835193433371,0.07889947517346409,0.09481159323489834,0.08289684760875003
0.05153753547306548,0.1873369184341732,0.13056157572003763,0.11519940613138686,0.11050592424579958,0.14496632398306758,0.11402837532136463,0.02410594129784861,0.12175799939325631
0.11178103822481766,0.05042967528157375,0.026406637497262325,0.22825364243243196,0.11365474547021627,0.2733960143848903,0.01980898043132956,0.03835641235879824,0.13791285391867988
0.12362397682758279,0.0440427503856445,0.11906314978004044,0.16274205832022756,0.25548257478837155,0.05463190641968454,0.02385976055860009,0.06282859685570301,0.1537252260641455
0.08815688634186548,0.03108630787124697,0.06483691321531156,0.12237448473316115,0.10620982418175229,0.3457052460100047,0.05406751990755049,0.10317429550833435,0.08438852223077303
0.16414650530092487,0.1251838847885389,0.0527815503695126,0.020527151515685318,0.13217080575486045,0.08109546702357266,0.10287487420398067,0.1710561301110288,0.15016363093189575
0.10673511643394638,0.04117926290571069,0.03295609039384844,0.11256484209571176,0.1141919965429621,0.4674520355260781,0.010267232722253099,0.040763014857414535,0.0738904085220748
0.01953396583196603,0.0016926852546293274,0.22874407854173362,0.015252356201224067,0.05563008437339128,0.007525201899942058,0.03455925437573729,0.5733625757315821,0.06369979778979423
0.04330964524235176,0.23880830289570631,0.050021173573434885,0.08152191319366932,0.0951896441555683,0.08322510507282803,0.22281997050522806,0.019392019399811177,0.1657122259614022
0.08482308949767185,0.19800476927270627,0.0336872307770837,0.09426026426524699,0.13772945191628408,0.1661355840084998,0.13725913467985354,0.039039903962430615,0.10906057162022309
0.04589048287277472,0.10856640679178485,0.0849422514527905,0.14255429678379197,0.13360633663481944,0.17869742943672343,0.12610504100142458,0.028013532476587735,0.15162422254930277
0.12213113797000093,0.05020296330265909,0.026651545947087546,0.07585282859585575,0.12101015170309581,0.4406396669688734,0.00956183763129523,0.04979703433779309,0.10415283354333911
0.0657471494070643,0.03761653110281884,0.03530618352329773,0.20373161948968213,0.11102011115517385,0.3005848384647658,0.07889168469279599,0.0652871466375075,0.1018147355268939
0.009325444030901728,0.01716800864920077,0.4364876371731348,0.006822810377641801,0.03785103709078666,0.012056218313302017,0.1283776934896705,0.33209868455118247,0.019812466324179174
0.025428007956403886,0.1824550505617788,0.10715860455309235,0.052561786789421444,0.09243370464431089,0.13220654027324133,0.2196731347186758,0.018128290126087427,0.16995488037698814
0.14850559462572344,0.14030228366244396,0.0501736773422303,0.13119352520221927,0.14262316224434138,0.12597076753958716,0.06149256416772612,0.08513594150410657,0.11460248371162181
0.09720776799242421,0.014534598488180053,0.10679788152671178,0.19278693588261686,0.09780839349862681,0.10100101169264196,0.03397946868606552,0.26765136574750975,0.08823257648522294
0.09896937331858564,0.02166933119843534,0.019605890276595244,0.24594745230090664,0.08097520265267612,0.2978865162247154,0.03648903145551082,0.03871335225732975,0.1597438503152451
0.08706316348192329,0.23186619568388278,0.03293226111976662,0.18535122563346126,0.13618287960701916,0.03911650488976108,0.056381075541366094,0.08264303765858237,0.1484636563842373
0.08546723742173472,0.04929693459553223,0.09237265007244326,0.0335222359229233,0.12922215166574805,0.07734405741428939,0.10548275613009407,0.23657475184909424,0.19071722492814072
0.039041944919305335,0.004156320820736578,0.2819259724534064,0.009108600846241724,0.10662507670371008,0.005509309334913784,0.023487488852638586,0.47607847686425836,0.05406680920478906
0.02918685035136088,0.2837954022714813,0.09887642405517531,0.03568461120985612,0.13091475941696418,0.11756053857018649,0.2164860451724122,0.019013188452078663,0.06848218050048475
0.09424723727321656,0.030218023396803077,0.13084334784281496,0.08542478197062127,0.14703278579089654,0.05492905180204666,0.05868665881195031,0.11819381846595366,0.280424294645697
0.17233346340378672,0.22163996572705127,0.03256280539420233,0.09242796912823581,0.15932040934663327,0.0647320622263091,0.05580074283151665,0.05434852978184906,0.1468340521604157
0.13294919089207005,0.12018096552892012,0.04335430463394708,0.14065832577697449,0.160624989483214,0.07960987961656017,0.05379154922918469,0.07497069720478668,0.19386009763434275
0.09413768126615336,0.4186535441098462,0.03533717133553793,0.07538243076658697,0.11940746828583465,0.07002169205912524,0.03852120560585003,0.026142651586975176,0.12239615498409044
0.08724708144089027,0.03665305150802637,0.032638876429090254,0.13093318988249972,0.13420605115635287,0.4031140414462207,0.05022122580526028,0.053082944226662494,0.07190353810499701
0.07394133035809887,0.019700474849005462,0.021633426909200597,0.1649289984445512,0.0961941274786352,0.3615994867397192,0.09133916445838607,0.05206638588097546,0.11859660488142802
0.02157401954344845,0.01322750705809208,0.08238524199805625,0.1740173700336285,0.1417389977129061,0.10560159368475562,0.14536016444451025,0.10311305376372833,0.2129820517608744
0.09703193988325258,0.1134138517328478,0.026862496661141266,0.13307589418602586,0.10835296509465336,0.18828496253923058,0.05055123222966986,0.19668217937192986,0.08574447830124894
0.0981220734493768,0.02550449053484392,0.03731143210489442,0.12263004964794139,0.10648674520406332,0.4538358252837274,0.0421344436134643,0.04544847725210246,0.06852646290958599
0.13847850858699157,0.19535040491124148,0.28524050022157393,0.05369970603570038,0.0899200643768685,0.016185394626897765,0.013601069262266896,0.10266397710014884,0.10486037487831067
0.15514755628333574,0.039559063160682535,0.048339683850316235,0.10287467907707121,0.14019312712465326,0.10948354823880145,0.030722464306092778,0.22713121107184486,0.14654866688720192
0.184445551271172,0.08969833921019371,0.030219643355122682,0.0752283319333439,0.1391581817631482,0.13090950187405895,0.0922948332780636,0.09697740323361148,0.1610682140812855
0.1399936827418045,0.08110663781932011,0.023945683613337338,0.054674399743729056,0.09750410790718515,0.47052917187812926,0.014881467582799028,0.06005716438487128,0.05730768432882435
0.028988131000437095,0.4769640699650323,0.06265369459816499,0.03395742519842896,0.0820428500483633,0.03745523595067627,0.18416730457384714,0.022559796653531333,0.0712114920115186
0.06959894851787903,0.09534914696139474,0.032201134976230686,0.07843660098374323,0.19135217576623856,0.13485675053773255,0.13146097762878728,0.06493123155857922,0.2018130330694147
0.08268480173866864,0.07916049472470761,0.028446457412285645,0.17845948784801838,0.14605659979204585,0.110664137619629,0.05568747832575036,0.16173153482348654,0.15710900771540792
0.08844618650223296,0.14588255246783896,0.07003996065543446,0.06938103454914275,0.18322190874375624,0.2284372960157182,0.07815215328147988,0.05105083454730796,0.08538807323708857
0.0864860716468797,0.04215035664673108,0.026601917805549505,0.13377602495705707,0.0979908671959591,0.37416655206462507,0.08515892403334434,0.04547949878719324,0.10818978686266088
0.08766408612184463,0.015124828072362729,0.027780465674096977,0.21761510538037895,0.10759985911190177,0.3183798363355172,0.03450454247845075,0.07309566253782455,0.1182356142876224
0.08504929456004945,0.02215384060893086,0.08402157915013637,0.06516304660269172,0.10161316961175226,0.19494927887143434,0.019462473834927174,0.400419170669087,0.02716814609099065
0.09763915666294469,0.07691425487388054,0.06534849153369228,0.03917778306705297,0.15924105066539776,0.07384499595652118,0.06972203258441369,0.2981091311459721,0.12000310351012478
0.07154010663603341,0.050523371030304076,0.06453561702806425,0.17714024061330202,0.13686401537642415,0.3321504795794456,0.08299995504333398,0.02372059633691968,0.06052561835617289
0.1070366055304413,0.04905001452519112,0.06633372022330387,0.09346070313750572,0.11129092301442696,0.4105679982409671,0.01769286837533286,0.040043859618562445,0.10452330733426858
0.08338872006643565,0.08811470223591718,0.16878055475264905,0.0446296675507781,0.20838890498262982,0.05920474910977822,0.07797719890386423,0.10220041706299139,0.16731508533495634
0.14632875034338375,0.10740175464938316,0.04959844845781414,0.12251509473302273,0.16719669375546767,0.10326326115295521,0.015977912589397396,0.13596795698898545,0.1517501273295905
0.07733743938427957,0.21523389753700442,0.035877577359031514,0.15894641131700882,0.11302279957484569,0.20532062929533512,0.024230843828997383,0.03173899187839591,0.13829140982510155
0.20831131138042527,0.04375950013889688,0.04456702192108961,0.015743404172751076,0.09362894718840369,0.08202290554660836,0.16016974823270205,0.11741941665930951,0.23437774475981357
0.1623676134779655,0.01854157289463135,0.03097404501336058,0.14286878403741685,0.15390102942162018,0.29007024878341087,0.02656155444762116,0.11413190673003008,0.060583245193943425
0.07341325717579865,0.026982590749407454,0.07205366746283426,0.06277432843589226,0.13744907896327088,0.2650708270912143,0.011547905320353732,0.27470198185848893,0.07600636294273955
0.1152927437881593,0.007243795465806232,0.057849767079916674,0.19459138477124072,0.11299288408346071,0.13034949221887057,0.01417302285506107,0.3126723970363456,0.054834512701139086
0.08270624505545178,0.08180203845747566,0.03690973151334772,0.24092003567399267,0.11612259230907061,0.06782242689724385,0.11976604316231025,0.05611706505108081,0.19783382188002663
0.0680246315979527,0.297662183557841,0.04601770749351251,0.06929438775320883,0.13655442532105608,0.03872849405543208,0.03977837050373532,0.024941344269488453,0.2789984554477731
0.09887992379981121,0.025817385662115427,0.042778589568015925,0.1407592601630239,0.14596984021976878,0.15684860447785626,0.18488158500470883,0.08751207644675042,0.11655273465794931
0.13767078896102816,0.16194583211329353,0.03459078933917765,0.15082591068310286,0.17060999807726074,0.04140234944998491,0.04522869329649099,0.05260086636451575,0.20512477171514534
0.09314561651570735,0.05019161516412427,0.019370109157636095,0.15831147127602094,0.10129823094187167,0.37605003688709043,0.024321955989187193,0.052071852702205934,0.12523911136615606
0.09635622800238304,0.08920607343934069,0.0177205687534254,0.079023486436697,0.11896446763893224,0.4087129219662855,0.04301558221271946,0.059892556306943144,0.0871081152432735
0.07956518693145183,0.2037772792693704,0.03252300111511623,0.14819158398336027,0.13642095044551078,0.04918387078872003,0.04614312173815741,0.097068674008202,0.207126331720111
0.04406392816188918,0.1551511448173754,0.07729166594724374,0.12216313368593996,0.14600992936719603,0.0643534081998024,0.09450512826570258,0.13108720062108858,0.1653744609337621
0.03288501831223026,0.047388748107531374,0.24191570973946244,0.048458144556115544,0.15013791863224527,0.02675215262626712,0.14022121838639748,0.16691535119542836,0.1453257384443222
0.09772953190778648,0.03507263128599927,0.028139009156933143,0.15651706221735515,0.09694946830120081,0.4281520808216687,0.03343144376207282,0.049332879053030576,0.074675893493953
0.1484054732053565,0.06853659828618765,0.028509952025371155,0.12074944959280676,0.13817158884119582,0.2846822537400433,0.027731934175013476,0.08471634717607852,0.09849640295794683
0.08753994673251148,0.25439170043172127,0.030623056792406064,0.03664905144696377,0.11475363365827103,0.13460942504135798,0.10306103538607635,0.03942203176322474,0.1989501187474673
0.05782500808802022,0.2462775565083334,0.02849849429952006,0.10200665914536018,0.10165572256994321,0.12825924359708693,0.02712817288850482,0.19251704846675066,0.11583209443648051
0.15104025793122913,0.06741269805889492,0.03586642919149794,0.0913866151104411,0.15333366115372107,0.1963708733375418,0.02941326667405832,0.1341246496904305,0.14105154885218518
0.010014307094945253,0.0005960032062278649,0.40022872028996237,0.00211469409349666,0.03829017554897594,0.004042867219824349,0.08113705623033877,0.41694115527688563,0.04663502103934308
0.08892912579700928,0.042953044547725534,0.044169176512552345,0.12630019603215123,0.12631694556111406,0.28800021484266164,0.03425544289965026,0.13365822799473112,0.1154176258124046
0.08227020554257569,0.028960224094270685,0.032490502737780515,0.18820921639684163,0.1297789648004463,0.28327149930668677,0.07878178453399015,0.05851877790924854,0.1177188246781597
0.09953290453516545,0.13913616674440743,0.05894613089318188,0.13903904702805278,0.16202464544902054,0.0697433015431716,0.0702150471285566,0.0433593353723698,0.2180034213060739
0.042407221350534235,0.0953628278088704,0.05442685187637906,0.12481234269870478,0.15008701205823824,0.06450057878444161,0.13265718049991193,0.0979541717020838,0.23779181322083595
0.10111984385646355,0.030444091897079546,0.04742122412508246,0.0644221965335078,0.1044547259839849,0.42067641157631375,0.06755589853082104,0.10307787813013007,0.06082772936661681
0.07666433015895928,0.2552076772115551,0.05604221262177361,0.13062866974631035,0.13469189166341192,0.11914721155236085,0.08176180501272728,0.058240209238735983,0.08761599279416558
0.03466931502713661,0.031862025050481864,0.1388834134290925,0.15075341282110558,0.11779343863627306,0.08550517532600767,0.30583308914157337,0.07209478547832529,0.06260534509000408
0.15093167524147846,0.055376990114560896,0.014829588972212893,0.09684046357620851,0.12464808530953275,0.35837643039233685,0.027177330813817967,0.07865933139094435,0.0931601041889073
0.07656108892363417,0.31100199420684715,0.05307768281879738,0.04350230478565239,0.1010867869628836,0.08538591199145103,0.20315323071461786,0.05817520863397646,0.06805579096214003
0.058867059847267277,0.034880832202816965,0.042234408266024225,0.1805391455317212,0.11036831942603174,0.3417231381273364,0.038157141154964436,0.03596622184309191,0.1572637336007459
0.16325063136876047,0.009793253907568151,0.031437763047296736,0.029581721676694723,0.07311362861832,0.1780687497932253,0.10386482798125063,0.3130992769039414,0.09779014670294257
0.03138403636602532,0.10573474775373463,0.1067210090170545,0.09060802887215426,0.1349777101027619,0.04206319071952278,0.1497882135052527,0.06349758027314545,0.2752254833903484
0.07995398278615314,0.01652525603302418,0.021646120992843205,0.1270489666223145,0.07154987301630739,0.5003237848822079,0.07235196464573464,0.051485932321110504,0.05911411870030458
0.06148999878339876,0.0850672341455272,0.04672249164385711,0.2506719977482254,0.12778831424779968,0.12075775450902086,0.09056508451799312,0.025114329385000272,0.19182279501917754
0.11652912028860435,0.0756038058643742,0.013430344334020084,0.10275278404935129,0.10653920217182401,0.4263726693263135,0.02655039356296098,0.05736868881413564,0.07485299158841581
0.14103615994749524,0.05050397258058086,0.04041890396327113,0.15268107772546466,0.16329143808024973,0.17211519560057428,0.032383821261777634,0.11614249228481748,0.13142693855576906
0.06829076763931215,0.019675571659342053,0.03178068585838566,0.06761210321437629,0.10653979808371246,0.20318437308481893,0.18467762267087506,0.219507595936517,0.09873148185266045
0.1497830150956233,0.006848792892231515,0.06676710631264493,0.28403535776872446,0.10141716341252686,0.07646320222718839,0.02808762961361332,0.029059142542076144,0.2575385901353711
0.02504484633537821,0.19588104191639463,0.03292678522368751,0.03812430572435724,0.06992628423922996,0.01596112564841516,0.0873061579418302,0.4491757980885007,0.08565365488220639
0.14825241254859958,0.05543582561553314,0.021704264209196567,0.12986103413081854,0.13009075199511197,0.27057337317356017,0.06602287250428317,0.08486885402119891,0.093190611801698
0.08227110845718161,0.13813342982985433,0.03317902784395772,0.08587109095036767,0.1404264717253463,0.2869671773277543,0.043504767100007245,0.10068389358765828,0.08896303317787259
0.026406132557391673,0.05612738875573097,0.12295302697199506,0.04849920317629017,0.11400127276798298,0.06446625941147156,0.10257640303347758,0.2837133831022574,0.1812569302234026
0.07889170973499612,0.2293814053773241,0.02654823512575864,0.20850809900004544,0.13386578472219313,0.18718958543057831,0.020318335583753247,0.017245289166080185,0.09805155585927088
0.09825115704307381,0.05083670836257633,0.017339465916813762,0.1452797872999334,0.1159441756671042,0.4043947135017798,0.02872135454175963,0.05900916117452196,0.0802234764924372
0.21523922919487012,0.01637258336552059,0.44778187829761834,0.009040419865717455,0.06655053371390292,0.028179011372680914,0.011490404333475415,0.1609533075234002,0.04439263233281406
0.15351074876868046,0.08976188144194576,0.05565766277570688,0.12819245027551565,0.15936964588864197,0.1432152345314521,0.06465123053756525,0.07119893346329659,0.13444221231719533
0.10296857076510672,0.43750968988841993,0.04220948072277005,0.04601413470280594,0.10283938205506253,0.044095277602956395,0.0399630727216514,0.0760350795425209,0.10836531199870604
0.07665142172226601,0.06607243685650717,0.04656705679350976,0.2546431993333978,0.1308984143481766,0.09538458464404892,0.09862246018932974,0.062007603696634,0.16915282241613006
0.07331053079404241,0.03448604798376358,0.024656080441215675,0.13640457869278452,0.08445146114237745,0.47486337480680696,0.02785941494937515,0.04850827940383692,0.09546023178579728
0.03226995404452673,0.23561783563975738,0.05968970491382355,0.09931610327632452,0.12107810644337562,0.13026050878519754,0.21470967436549726,0.029245283666694294,0.0778128288648031
0.07695914912262165,0.05956092721000072,0.10960283935763278,0.09685946517785789,0.1538997787076887,0.16280433463543345,0.12636022440660644,0.08527056174018892,0.1286827196419694
0.2236682063214641,0.05219810053543401,0.030124909675004512,0.027297960708313668,0.14404667740116928,0.26890868904699994,0.02266999627240442,0.09963657231820366,0.13144888772100646
0.14267995437509343,0.02129417813515731,0.03018173646516778,0.1366997040234358,0.08437086570759944,0.4064116750529556,0.012604161628217266,0.051624680988881476,0.1141330436234917
0.06460106936078615,0.17930724838064202,0.03850246604124675,0.11828424059459779,0.14397226258127802,0.12169510420625164,0.11203173717865728,0.05910487677179416,0.16250099488474623
0.08297339832749379,0.07641738141202072,0.04627061146220651,0.1996529856303986,0.14294721481065267,0.2602444760466487,0.05086804821967856,0.037504690567377465,0.103121193523523
0.13340865436426633,0.16039798660389173,0.023685635155212437,0.1332286605820997,0.14075216416919353,0.07906211544992779,0.04026786644669363,0.08272093193471641,0.20647598529399833
0.05614923157061295,0.09228818714907516,0.04432435020411477,0.14513227857741526,0.14006170500946954,0.14859475060036875,0.06903976672389649,0.10399458925030926,0.20041514091473778
0.02350007685909196,0.004791717910577671,0.2978745826542291,0.010550480786882997,0.0676093990968046,0.02421271150760607,0.13773260803976467,0.36596746883343645,0.06776095431160638
0.17419915218712567,0.005758611233377386,0.2881579011198453,0.0015563721895645144,0.04574877815156999,0.05432239492667095,0.20346091223964322,0.021181911286909744,0.20561396666529327
0.11918423917105869,0.006756405372192447,0.08116707276781676,0.07000120174329179,0.17444923104544927,0.09001762119633623,0.027427773960331973,0.3399404831560406,0.09105597158748224
0.07933631777759374,0.04827478752621909,0.04617554123123163,0.21551731700922405,0.11675527181785235,0.31583457924067554,0.03334832905236563,0.0598767218178024,0.08488113452703562
