0.361415690314056,0.0608195743840132,0.03163987124550052,0.1395137249494145,0.0632650841097593,0.10294964964663104,0.04380600234276582,0.06283070688533719,0.13375969612252248
0.05053177137621484,0.1303411455568436,0.07482478309688899,0.15200846134387205,0.11230662481331616,0.06568773113010228,0.12048987334775944,0.16883889876945346,0.12497071056554916
0.12024044219838999,0.06192482062421754,0.16948906667494815,0.20490332992605262,0.061135197811706427,0.04874919936848248,0.08930874850608377,0.12235603125114558,0.12189316363897344
0.04377072995564572,0.20581629460617487,0.16085328285359693,0.09733941346809721,0.055269616335846074,0.20903838534826616,0.08759630058614143,0.1004058142286589,0.0399101626175727
0.012217311898384724,0.09813426256015041,0.0859651571781986,0.1173200911241008,0.20588053160392075,0.019967550837305167,0.18954577774510253,0.19335432054566246,0.07761499650717445
0.14338350259370589,0.13313659817754303,0.10370903185516712,0.10375929507496767,0.0726478724775521,0.17977115829180249,0.03968246070359799,0.18560237626386514,0.03830770456179864
0.01617663200828918,0.02827198502073662,0.3695395017842061,0.05117154714759448,0.07694577671246204,0.0034258625179256624,0.378280175998095,0.04175100981964014,0.034437508991050726
0.15873968566166494,0.07469149468108013,0.18000182040812054,0.08117458588627115,0.04484666182222733,0.26750115119459544,0.04066317656624142,0.11313019950803029,0.03925122427176881
0.11128506121987995,0.10535171497364161,0.07136700820039217,0.09956561455392471,0.02530302785803812,0.36968845747468054,0.05394793442130887,0.07664062968230359,0.08685055161583043
0.18066583821932766,0.11986596710895477,0.07459730754386594,0.10201161046024865,0.05538093496462993,0.22805828366956224,0.04926391537801483,0.12499035028336425,0.06516579237203173
0.13055444307771885,0.12282122045265391,0.1840850836259378,0.12229602683231322,0.09824876762275753,0.03868528203421209,0.038506872036869866,0.17566620211432102,0.08913610220321573
0.041982276320945,0.12035585199295336,0.06892143843413943,0.1424560533613035,0.17885762656981385,0.11007125424562354,0.17390505667269748,0.11163556339615881,0.05181487900636512
0.150937101738821,0.20621866619976145,0.08593099919580448,0.1076279319401419,0.10715195574948648,0.22300705710316823,0.013940936703929827,0.07641077098586119,0.02877458038302543
0.03403895048673417,0.04081101418283006,0.033153244221934504,0.11544749779742082,0.03284242971023775,0.4610783447704323,0.09150016615438596,0.09270210086652704,0.09842625180949736
0.1168251447677298,0.11703148036767418,0.09533953006115352,0.1215726791847218,0.14018657517348962,0.09688019631361615,0.0327249332321045,0.16239436285741396,0.11704509804209651
0.1679768057840307,0.08905534975405797,0.07142655475730562,0.09414001931309318,0.062237950984794184,0.26109545208335,0.06778990231200789,0.13384084786153586,0.05243711714982465
0.0018767485077929782,0.121521742291549,0.2658952582142314,0.054391777280482397,0.22627983563331866,0.08645524624248713,0.01726774336624845,0.0750297690325989,0.1512818794312911
0.026044671974401204,0.13244241876114546,0.08686829706240107,0.14919786142328625,0.0827098287662872,0.08807587804518363,0.26087935138130386,0.08106871208030035,0.092712980505691
0.06173438278039497,0.17043998824114523,0.03166151960602697,0.1078174575137235,0.08856590952351599,0.057199000466778636,0.0451303408657344,0.3003188017891647,0.1371325992135156
0.24272654272928348,0.09209692452864965,0.0786473498093242,0.1345900192137976,0.10185489174414226,0.10527286132148894,0.04469611262255993,0.15524996572804128,0.04486533230271267
0.10631991337712049,0.05809599819745249,0.28547277183941616,0.12050031874422708,0.05657342421220518,0.12355457515020411,0.03665001169239396,0.10868180390281858,0.10415118288416185
0.1499910739371046,0.09667606628672297,0.03425538196582401,0.18623701105818316,0.0572943103474943,0.05654275262709744,0.1583394672528493,0.13437459918985784,0.12628933733486644
0.08087247533031731,0.09742716422719601,0.23540608063117854,0.1091502962668287,0.10710371932182039,0.0475174411109443,0.0962092972909811,0.14115427364460187,0.08515925217613175
0.017987403122479248,0.06195510603093385,0.07949798271218024,0.10606981209197976,0.10887491681754562,0.11716163678815372,0.07640113436019051,0.09531363441613534,0.3367383736604017
0.05313114948100304,0.1394125030520472,0.08200401704792672,0.10247934324890566,0.026920249665809512,0.050678352001666975,0.18909557759549553,0.1728685816821832,0.18341022622496217
0.4194427953672668,0.04465283516800492,0.054569117047754405,0.10730715694328126,0.03839026987640489,0.1126834351824176,0.025104712143473665,0.06300247121185827,0.1348472070595382
0.44623576713841434,0.06260181690648936,0.036882506512350664,0.10773690800002368,0.03437647584425601,0.10130587302856808,0.03450240816749666,0.10916933073372771,0.06718891366867341
0.011033019009632198,0.1264752956051881,0.10733312380732951,0.11596661385899283,0.10897983401253448,0.02642401461902136,0.05968061579432186,0.2666985734480133,0.17740890984496635
0.04801023325500472,0.08175852559642958,0.19459193407284983,0.09192188513848491,0.09850732029462123,0.2281299666001051,0.023740888531870008,0.09490271667641714,0.1384365298342176
0.092881947777603,0.03724091841225905,0.06353289759858359,0.0814822921877678,0.06279154723946219,0.31436765204351697,0.18931491583165552,0.1227714797200391,0.035616349189112766
0.011531179258697599,0.10413720635780109,0.06977449664942763,0.3175824846002126,0.13291150444173414,0.04216177819748577,0.08044388877383903,0.15333634390282705,0.08812111781797503
0.08930967557445753,0.10142119616369717,0.09009962518534605,0.14077666804367675,0.25741816391112965,0.10463980629567897,0.04400514108230907,0.09340172875470172,0.07892799498900309
0.24644837104042075,0.07001897973929737,0.04467273627617049,0.17084122104761465,0.03481554761493181,0.10894607996637183,0.09580779735101096,0.14274665260779887,0.08570261435638327
0.12526764080575994,0.21010264062208303,0.12956300342349816,0.08128703372270707,0.10271037292757863,0.22433584031288875,0.03789691353449698,0.062108182979255015,0.026728371671732382
0.0055244863433397485,0.033458397211600384,0.04710074792965684,0.06476978505638704,0.05062086350677738,0.36472400538611405,0.21465486441980572,0.10399366259477928,0.11515318755153953
0.007507434610819621,0.02917612728319327,0.014780556265759012,0.11288493021079908,0.07309283032874497,0.41374934551454295,0.12603479617157928,0.06111340686752706,0.1616605727470347
0.15344088622162497,0.12562112000430167,0.13132126806829064,0.10665738448798252,0.1374270153354531,0.08323389668995852,0.03596633648142344,0.1433415078857639,0.08299058482520126
0.1064168709081088,0.1351428882722808,0.055526064797335316,0.1098352130048403,0.15122764400682262,0.09245768040183015,0.05347807834812904,0.21885607393490747,0.0770594863257455
0.07386342197865675,0.22658488933110577,0.041955165828917396,0.16094504104359136,0.06947513354838385,0.1147626848376005,0.07412890650250119,0.19303286983463774,0.04525188709460542
0.005998320787817447,0.13656912148171915,0.0637548396117757,0.24972405201465794,0.07193655026885316,0.012272537148262166,0.1518668785165764,0.2253367013300199,0.0825409988403182
0.1821758294945617,0.182500139993271,0.034309736303579585,0.10565511817996313,0.07851641172095279,0.04546000165457828,0.14367054149388528,0.14591327990551006,0.08179894125369815
0.00859755337137686,0.11328691183576504,0.032262789559053845,0.05977284322429038,0.06941783700620387,0.09774891294914521,0.28833415646235105,0.2946271112617498,0.035951884330064014
0.021524267127935075,0.12787915445061704,0.27590150737585956,0.07813646452767951,0.10211809808629413,0.04395783517275179,0.055050293630979574,0.16537868760069988,0.1300536920271834
0.07673864760387317,0.15150391125195195,0.09042213740230674,0.11644498217919878,0.15362885509912594,0.06297128119138012,0.05677789096717959,0.23614658161209948,0.05536571269288418
0.09765761226682296,0.1764417708859434,0.06632574888373531,0.0995945909363548,0.03499174029626336,0.1714389829664893,0.06430316032908692,0.20938257168118082,0.0798638217541232
0.04211982825910674,0.16747776460449929,0.0986070374663179,0.1273733151854371,0.1702008944559259,0.09810858316603933,0.03277983305485899,0.11069812491592264,0.1526346188918921
0.42883196765371284,0.07453397895274176,0.052846949080894934,0.10151349501789786,0.031951140547212736,0.09937176026309837,0.02877171842236149,0.09111392590488843,0.09106506415719161
0.12356792406148216,0.10505641176506168,0.12623683229267685,0.1749560071658319,0.1689534973712448,0.04540881066539646,0.08019082569994186,0.14492330013904028,0.030706390839323982
0.03360238246665309,0.07995501545181442,0.37367326672717144,0.08469372156834727,0.0934053133864331,0.020774637049270604,0.08568870361913794,0.1028301345831667,0.12537682514800538
0.006355645660962471,0.4067335306926414,0.12889473541170063,0.15081854482949258,0.11668838865116678,0.055338178971648146,0.03171222505466362,0.06765519970989302,0.03580355101783142
0.00868693541161208,0.133863008032862,0.03612157923584982,0.24714899012580283,0.05985025118506634,0.20928553673521266,0.14061296955703517,0.10443309710120774,0.05999763261535143
0.4640233611509621,0.04624901502602987,0.021416185375423835,0.08627066737500466,0.032732984951254575,0.10346917910500068,0.03693841432100709,0.06894546223733276,0.13995473045798448
0.022785258371041162,0.05506320763416737,0.04621688883711713,0.12396814455381792,0.03299822904519414,0.246700230229886,0.11749474836606134,0.11042129900960411,0.24435199395311089
0.034182323670961655,0.06706786309597094,0.2620183846104076,0.09825705794729628,0.2557247701077115,0.09310170473421098,0.039990502641550324,0.12073879010853701,0.0289186030833538
0.010543747391855507,0.2553831620614336,0.06946325707220909,0.0792749781203463,0.08160814557719509,0.200061959338683,0.1550264882531847,0.09296918221065097,0.0556690799744417
0.17373669851657936,0.1884469066573368,0.1394804458584544,0.15277284724488494,0.07378247618695234,0.10915356660356335,0.02519495103513074,0.09033825457175915,0.04709385332533889
0.0846546392733598,0.054855560197289606,0.061324954271995025,0.11517107153717858,0.16166593742542154,0.1480518425421187,0.1402972639214803,0.1341423743220311,0.09983635650912535
0.004500997541429532,0.3658273134237575,0.12912570585420832,0.06246796778229031,0.04403224492485564,0.08846555793608522,0.19847360191611332,0.08643343980649547,0.020673170814764698
0.01829983326776036,0.0442752141305918,0.43078278180626084,0.05501693674781823,0.024667615166536695,0.042562447296205515,0.2992132820263363,0.04720790312359418,0.03797398643489607
0.1921790566739118,0.10044394813476781,0.16360483881370588,0.06845643952659784,0.15633827524812285,0.04001596007589373,0.06319455888543025,0.15565348819878155,0.06011343444278827
0.09198663601817376,0.07920295250343314,0.057281059492525155,0.13606520790452162,0.12476972045532563,0.0618151524214566,0.10419557658414447,0.18431539174933906,0.16036830287108061
0.092881947777603,0.03724091841225905,0.06353289759858359,0.0814822921877678,0.06279154723946219,0.31436765204351697,0.18931491583165552,0.1227714797200391,0.035616349189112766
0.024893660988573332,0.08955740063467311,0.07062592030565182,0.1043946664625059,0.3544362532653222,0.026643004283250032,0.09019080557414884,0.15592252784470173,0.08333576064117303
0.01306503018288697,0.14691157010177253,0.19411879906871354,0.11569783683797331,0.269962852539612,0.041122681306070406,0.06706323773915622,0.10001552378509808,0.052042468438717036
0.08520068628720719,0.09025912033859236,0.07173427581909692,0.18479467563653515,0.10742492960745281,0.07369162193806296,0.08739684769357074,0.23370211444032205,0.06579572823915993
0.0019001784444555349,0.10870308139407969,0.05289918712713667,0.08302323403835143,0.3282116890058673,0.0069404062380122806,0.09279907589706232,0.23306750302254298,0.0924556448324918
0.04658923567352984,0.12022297241263431,0.06324675701895845,0.17214276913870633,0.27763636927281016,0.038215736427104775,0.0881372444597786,0.13237064747943983,0.06143826811703765
0.24887625318893222,0.07985029550870298,0.07817802846758133,0.1250078412034977,0.06214386991010367,0.10214251303111331,0.09235743747261399,0.15692393860064505,0.05451982261680976
0.012618654322203762,0.0664250876368068,0.24495797765673846,0.09216484507785723,0.2989765177709804,0.05101100477827444,0.02966286501365009,0.0998787830353528,0.10430426470813599
0.023757298763773676,0.21073036234048523,0.08758786613540183,0.2885568437202495,0.061874485034120276,0.06728483697627927,0.03531939717097926,0.19259960367099346,0.03228930618771749
0.0772756735648756,0.09335485156847671,0.1809628471535231,0.14763511845592917,0.1593772498242358,0.0535978239305562,0.09602168842679552,0.1352796488753147,0.05649509820029325
0.009709522685505107,0.08919634404977539,0.5142160485618058,0.059996989734521174,0.07171428194249288,0.01848383039840237,0.049398626658454854,0.1100016765600294,0.07728267940901307
0.03285171302583228,0.1350491982562653,0.3190567150872114,0.20670384733375582,0.1444150980595407,0.01017892906833649,0.04476458250468396,0.04445633071375154,0.06252358595062253
0.005525750102704095,0.05672295046169845,0.20767596007924158,0.15523027190387742,0.1423712770942552,0.00675031358867197,0.29514323374154033,0.09083327933500496,0.03974696369300602
0.06504107789256973,0.14809756632772542,0.04645143350319228,0.08935646244117136,0.06277359145981697,0.2696543437407592,0.12895587074358453,0.13148879903830943,0.05818085485287101
0.05142025959787588,0.07130816495096143,0.06913100347266522,0.10560768623011456,0.1076579633463977,0.3245689008617079,0.05020551643695655,0.1699310321075085,0.05016947299581235
0.2846821809477385,0.08056981422339762,0.174532132642655,0.12164487154157977,0.0580289854697895,0.044433636390429375,0.05542167393465905,0.11576726395257707,0.06491944089717407
0.11025318161141347,0.0742912231409638,0.05019525944547242,0.1429998759448167,0.12122128656982734,0.14290818991580712,0.048897124582025525,0.15546813822876138,0.15376572056091223
0.2037884896197427,0.05712289396843243,0.05666413206454524,0.08788725149831361,0.03610598665905818,0.35189231190383063,0.05221302152101819,0.09977156834254743,0.05455434442251166
0.35129223044678404,0.07713325690594419,0.059019401353079655,0.20915535960907514,0.06683339918476461,0.0504114203991849,0.03272904027824656,0.09854499625983798,0.05488089556308306
0.21414939121366058,0.05283151574307362,0.019362195729246495,0.11129491956660027,0.051717066248670035,0.2176399729364914,0.04588593978288876,0.12552337449678733,0.16159562428258137
0.07985163215017309,0.14308048764216294,0.05059258406295394,0.0939379558329202,0.045313712807717836,0.04522127361175754,0.2239563628708815,0.20789495960027413,0.1101510314211589
0.15260020820424133,0.12333839352803337,0.10757215833100923,0.10588037149818581,0.08247906557974778,0.12489881314307562,0.056409306888064614,0.18972648289119898,0.05709519993644329
0.17654826365085216,0.09585433164802364,0.06485246865473153,0.10435323632376041,0.23549887873476485,0.1447565074476424,0.03882276652318624,0.12014318551451066,0.01917036150252817
0.004811979681375168,0.08894307517380513,0.17387434614551633,0.16630874836732706,0.2820375073545966,0.023254198859324973,0.06207170926463946,0.14426515509055374,0.05443328006286164
0.039981480196265844,0.19527978386606124,0.14070327378149564,0.10377949815550898,0.11281168170044986,0.1038423531921131,0.07605048121633627,0.15594105590945959,0.07161039198230947
0.0025103426364684895,0.14491220986333828,0.03881974826863644,0.0689218226651176,0.30599078599053514,0.06563920877341788,0.19558366219147502,0.1396149829820019,0.03800723662900921
0.005295047046951758,0.24948023839560682,0.12879271017045912,0.1492977549496873,0.0330322218343656,0.01670922998265013,0.05289268908959712,0.1859882300155488,0.17851187851513337
0.3096638259828569,0.08729988373329219,0.07213808075573079,0.14419802992579428,0.11124790468665909,0.07407264927571315,0.03659702996109667,0.09791558526801925,0.0668670104108376
0.10914617399946124,0.09896517158071283,0.08855964403013376,0.23501786749534245,0.05436057048747251,0.08581724551618027,0.06687135098234923,0.17194024113060022,0.0893217347777475
0.21256615961138184,0.06441595082036879,0.029933254000731168,0.06967517502321241,0.06487561568280001,0.15728416648650678,0.16784780169926758,0.12326156969705686,0.11014030697867451
0.07081484445352476,0.13096324329379772,0.22680454446179774,0.060464596038990216,0.03371330640858433,0.27111678108669374,0.045873451408448014,0.11472856520852444,0.04552066763963908
0.011432950947579493,0.0889743852901745,0.20402568933030274,0.0734290651861301,0.0747926746988789,0.025809115475972814,0.17804432954067126,0.2300947672599846,0.11339702227030557
0.013301855977022917,0.1184640765678054,0.08530225625270364,0.2035361178563763,0.14392273768590366,0.0716416552047106,0.1404474179170684,0.13141789820173463,0.09196598433667447
0.0056122423469123035,0.1653703915505885,0.03580127774201599,0.17478872191241682,0.046844954799946374,0.041613628376422664,0.38924596202805467,0.08993826348619983,0.05078455775744284
0.004988681031579049,0.0963036070928328,0.035015534928333134,0.06753299587288154,0.1002235980595405,0.12264877596424778,0.33376732432417455,0.16462777588749167,0.0748917068389189
0.006825827599137598,0.09028781492060463,0.07778076441727738,0.23188084556482602,0.4167245970330555,0.05135182978493865,0.01867345044770685,0.08102857573383591,0.02544629449861759
0.19517226980297417,0.10121393808282003,0.0521280470114154,0.12580793795864703,0.08732692792637213,0.0828106967161206,0.07640100078119387,0.21048723038932815,0.06865195133112865
0.18024435433319685,0.0971964274224028,0.109137498827516,0.12068639373774814,0.10066333041597146,0.17880612787310377,0.05230436526634296,0.12570206648680035,0.035259435636917635
0.008941412903853365,0.17822773552524918,0.3113022753986164,0.17602041419534867,0.055194083621957435,0.014720476382886837,0.06952506961874015,0.13897387117980142,0.04709466117354649
0.11081742036536879,0.10311725904556406,0.12605397649276007,0.09037858106968984,0.16366486496652835,0.19993567648105084,0.03622063344757078,0.14185930654033527,0.027952281591132014
0.01975621097730903,0.03289099881395883,0.11503251966506935,0.1588730162342654,0.09506685919850182,0.10083646639306847,0.05540606377104786,0.10760017519422155,0.31453768975255775
0.08705399708270667,0.1162906209525821,0.07763241718720365,0.09828066345305829,0.18083421175879766,0.05603567344407303,0.05826209276447316,0.1342680484458553,0.1913422749112501
0.40217749232912753,0.06667192139287613,0.033633098381615746,0.11889669935869314,0.059019974752146875,0.07509248449338161,0.08040611032445456,0.12376549329253204,0.04033672567517229
0.12378579335016905,0.1492031096100251,0.07306902317389641,0.11676823937136205,0.09551691845285742,0.07297846890107469,0.07761801907449746,0.23723668737121906,0.05382374069489887
0.32000350235374614,0.09023539013050681,0.0563170781228353,0.10244272698876304,0.05905508426721787,0.18368207862998917,0.05837045374931126,0.08018680538696142,0.049706880370669025
0.019588678124681378,0.22193551611977966,0.3741460637348944,0.05481809927163984,0.06110643677800054,0.08334988862763536,0.06597284754618522,0.08980341877194743,0.029279051025236175
0.008717375718305274,0.13430048401076886,0.0270054952729058,0.20604035735110868,0.3504102110664797,0.032531206854426675,0.023393120160980954,0.17031520774439787,0.04728654182062612
0.003445770162946471,0.06362730214466455,0.12656385191373146,0.06770810551821088,0.13470228961790057,0.41680645496020396,0.052453110860503784,0.05023934223035296,0.08445377259148529
0.13738829260887375,0.08723271873215944,0.15124864398112045,0.10976474480283292,0.1262762789421106,0.08473604531585516,0.08688560055758175,0.17444935874590548,0.04201831631356049
0.13752080173264794,0.11707594440679218,0.048552543075579525,0.11309474465399717,0.16512323316453284,0.05444082786789959,0.05664499715974627,0.21975814147145392,0.08778876646735055
0.13377624918094702,0.1125849458970775,0.05773187470649375,0.1708511443414563,0.1436703809573573,0.06210081380548035,0.029014759099874037,0.1523810698211895,0.13788876219012422
0.11811765050821921,0.15243544095546113,0.08236970088819794,0.08081854972475239,0.09670963239209045,0.09640994318215694,0.09752776802119834,0.22124645416976096,0.05436486015816264
0.40167317132221075,0.09234003308354209,0.04544329801476977,0.11290349312772935,0.05287828462581057,0.060977477410452126,0.07028542612904992,0.10523338258878301,0.05826543369765238
0.04473533424727096,0.01055306710877487,0.2963745574192214,0.03401429657245813,0.014957951481659397,0.004535828972444579,0.4483828721214307,0.004061332846354369,0.1423847592303857
0.06041403310439988,0.13224037961209506,0.08594604164155743,0.1810510070728992,0.09672404813395385,0.10209695607213426,0.06832062718821874,0.19376900694933866,0.07943790022540291
0.019588678124681378,0.22193551611977966,0.3741460637348944,0.05481809927163984,0.06110643677800054,0.08334988862763536,0.06597284754618522,0.08980341877194743,0.029279051025236175
0.07470839195389302,0.09463878156771836,0.24197724182484914,0.09993146668816298,0.0660231476498576,0.07578514914408578,0.13708635054325677,0.09110016421331284,0.11874930641486342
0.02185528254901337,0.24430102423433334,0.0348437354232014,0.1620021918774862,0.08104242492455309,0.0704547768507587,0.11248944550964039,0.17566082177475884,0.09735029685625463
0.12294932477935798,0.13079563476195152,0.18226132756236554,0.10975392511111086,0.04355825227256246,0.030902580902533994,0.05506809020288963,0.13968929245915274,0.18502157194807536
0.0028183531993421543,0.058426790994479054,0.12350565730204092,0.15940201447869728,0.07529426957295328,0.006092372505937049,0.3935220992969504,0.001887427643430986,0.17905101500616874
0.011909354943669376,0.11153303214411515,0.08170403286748325,0.1091718705042128,0.32979883147330774,0.024250335058466604,0.25000973403281973,0.04811640975228612,0.03350639922363933
0.0015702516713215463,0.20034682193987652,0.050009118637911514,0.09653751471838555,0.20902198390214963,0.020522880580252145,0.22173395283390282,0.0954380481924107,0.10481942752378957
0.025961102530666413,0.06210993704897105,0.1541381210354353,0.10244262405598133,0.2306571159921019,0.060295723161321584,0.20412474101186043,0.10997050532420538,0.05030012983945665
0.18225581950202271,0.07415777810220887,0.036708953341555065,0.2562594743418363,0.023931379394318303,0.18482221727501003,0.05387917270155632,0.09918572765062879,0.0887994776908635
0.334852315047788,0.07344509463076755,0.11437278371613406,0.0807466639349968,0.059482844337646064,0.11867376108506411,0.0449239522596237,0.09534292460108511,0.07815966038689466
0.002593301341322806,0.1792610241916153,0.06457740718685138,0.02093248511799681,0.025151553505121462,0.03385813986281823,0.5072043884595749,0.0028622197614763013,0.16355948057322275
0.058228349672596935,0.10833424198590302,0.07509779737300193,0.10962892813511411,0.13260891865317823,0.15332402561085814,0.11202445465129036,0.159776974728171,0.09097630918988625
0.015164701425735517,0.06031904791795028,0.14183320356890416,0.190697285226495,0.14573246820846378,0.013451818946097838,0.2657483040801896,0.063447135028379,0.10360603559778477
0.0290730422499131,0.20319556955325577,0.12388390786277075,0.24749689143389716,0.04959554183250664,0.21919144336601734,0.032432283881058316,0.0785326453698489,0.016598674450732123
0.011103633112034989,0.14084863211904833,0.31352493529764686,0.0798613337242425,0.06430435788039225,0.020618075471412797,0.07620724405628727,0.18036009838492884,0.11317168995400624
0.003444933838579401,0.11687498769691894,0.3594786745904153,0.11784509488197104,0.18389139628134057,0.05591214280636902,0.019428830739663523,0.07347383669217127,0.06965010247257085
0.0896653292449708,0.10265978016549286,0.10885767166741851,0.07023998344302253,0.1818554086278621,0.03890944197276138,0.188191664230552,0.11863356480771303,0.10098715584020673
0.16397846557491,0.11769167638319929,0.07709477552998542,0.08786992997941785,0.07963793129292578,0.23683880149533523,0.04683194174719368,0.14431749129223784,0.04573898670479487
0.37374404782369086,0.0619096970439749,0.04542123865243736,0.1196984070361069,0.04968026638215667,0.1359917368605928,0.054081848192404414,0.07861627049997984,0.08085648750865636
0.08755515050136486,0.10439986046755723,0.061029826078071524,0.19163162135294898,0.2006380822725299,0.09921086374253811,0.0617553372776,0.10775516333344813,0.0860240949739413
0.03389564633029004,0.14589316540772812,0.0714286356179894,0.2680692343411078,0.04263124053510286,0.10750441131266132,0.0697745297149875,0.21471302840943432,0.046090108330698654
