0.07124021085521438,0.0964590843113838,0.07585237970761088,0.09242464209889728,0.04088550484981713,0.11511845147685758,0.14986133712785207,0.3039804368656834,0.054177952706683484
0.06997841390657202,0.021096361480516645,0.07635968071896489,0.11515806945430328,0.06369248602795545,0.11052277600796785,0.14348282176244323,0.12429336786333996,0.2754160227779366
0.2408228311416686,0.0358477334040664,0.1954350457263038,0.06039442075093393,0.021533087366060414,0.04611012338136355,0.35221981339830827,0.024820892463825506,0.02281605236746952
0.18263248824592626,0.033018071183102064,0.07911959779779938,0.0273587368736756,0.01524325348171269,0.09377749996695402,0.15675815692831763,0.19081660195635708,0.2212755935661553
0.14843397304004013,0.07381088399385766,0.09726781712095452,0.08564594307130147,0.07614629101344063,0.09416037159774933,0.1437654968476102,0.21664970807784387,0.06411951523720212
0.09071441887168363,0.07702352118161387,0.09333149892605257,0.07329496255083863,0.03086778662211988,0.06497333110319299,0.05913838675164353,0.3633971619448125,0.14725893204804238
0.1843453245846022,0.01045973461066837,0.11735053141879702,0.03303014597599078,0.08825310670652015,0.0825691787565044,0.4011687263832977,0.01973576524032052,0.06308748632329894
0.10223591571854922,0.06496780568175059,0.10418803344652995,0.07363490482612609,0.07035728663740352,0.08419492618192914,0.14678943829503696,0.1725856839923319,0.18104600522034262
0.07386478389977193,0.1678112816556284,0.09815187009327993,0.049140039238586807,0.28263065099841594,0.13723843446778405,0.12447679765352444,0.015740199652540792,0.0509459423404676
0.18402832875011285,0.025648905394009745,0.07793714242272719,0.11685718183384568,0.22412536561280005,0.10670288891194696,0.06133590649744928,0.12887321595669587,0.07449106462041241
0.10442750403617386,0.03953312891906408,0.1157811068292357,0.09545369688823879,0.02611050271165836,0.07450910737387116,0.19091330735388715,0.1847223375288044,0.16854930835906642
0.0918514867227465,0.04022328466617526,0.11761974466441082,0.1795479824542614,0.1559721901847189,0.15568511241874217,0.05280309268925876,0.04504088619760502,0.16125622000208126
0.05866932865795877,0.17557318986390144,0.06563969214185943,0.015849163285119792,0.31417031314708516,0.08684674084231303,0.06712056436265695,0.19755751221855208,0.01857349548055336
0.16237265112137503,0.07595100480245408,0.15191324242057405,0.1726524392653904,0.037056510033102515,0.12077890597447351,0.13795204458267388,0.03324072165146039,0.10808248014849615
0.09552139016882671,0.30096381385916887,0.09192047838551898,0.05843850846747295,0.10514504686376276,0.06450308340624378,0.11605941223701688,0.14060227796574046,0.026845988646248528
0.1426544858200365,0.02987830782057223,0.14287726216484917,0.02419544666667435,0.011043923185142808,0.045407779460756005,0.1390614476262442,0.3699595386237396,0.09492180863198507
0.056051651988557986,0.06942081885669793,0.07422184506562966,0.05972012537312368,0.2886282768388604,0.1346762630021147,0.18411009858926683,0.06588220741544364,0.06728871287030515
0.09881417080496178,0.024578006487837534,0.1522845175723996,0.054754012398409914,0.18872774048071173,0.09302718043662646,0.24093821719374775,0.04353978914070488,0.1033363654846004
0.08277483910793391,0.09795562210169262,0.09378436513129222,0.11405368310338758,0.036587466542848675,0.1408330734517525,0.05207928044006189,0.31742553610666896,0.0645061340143616
0.09888719504952281,0.051628608030122286,0.15386764045513612,0.05311882397831624,0.26795939535459035,0.14746623297234657,0.039258556854505196,0.06514552213219638,0.12266802517326399
0.04897328525143097,0.17834364462954888,0.08252708527474653,0.026402112168455852,0.0011437202273532445,0.07146079181482629,0.0359979136607551,0.33318481034869435,0.22196663662418883
0.15038806237057756,0.056163557763130666,0.04904653567038882,0.1650507687658677,0.02526624332556561,0.02491866659636925,0.4414149884248079,0.07552512402952723,0.012226053053765276
0.16782089872863107,0.08494491480918935,0.07415910296844241,0.20452831571740537,0.17069143862994104,0.054553923160313565,0.1557020219301295,0.05287898944864463,0.03472039460730306
0.12920569094912038,0.09439299827832627,0.14699560722540517,0.21520059806069228,0.07201684083342373,0.09705496805726643,0.06495389256127483,0.11758782277063425,0.06259158126385662
0.08882184336799559,0.07524766511383725,0.08552439932454747,0.18301850646504228,0.013142099974298665,0.13168851213504004,0.04639914321541544,0.31383374176295953,0.06232408864086377
0.04400596635052605,0.18295979239431825,0.042288379260596205,0.11806187015267837,0.0069121235598362364,0.06970523980416932,0.3355650254065123,0.18208934224425652,0.018412260827106865
0.10412080239626016,0.19001867594625357,0.09828966828406903,0.15473719272245381,0.021251908259358687,0.1397165316719348,0.09085365505917482,0.13618826760557978,0.06482329805491534
0.05166774456203129,0.2722393070156904,0.09752746493303473,0.14494933267257143,0.0878160631647884,0.12597075574571187,0.020870067576261777,0.14917304164977405,0.04978622268013617
0.20764055292960074,0.048199603158292914,0.19208264552297583,0.09408978560473223,0.030308782294869913,0.07118844721284863,0.24954378736663907,0.08026207229695853,0.026684323613082154
0.22405907230116492,0.129307009011976,0.14790797737861608,0.07559574027873672,0.09513534410297907,0.059420899260647086,0.11462674348546598,0.05721468811633887,0.09673252606407523
0.10777628698657048,0.06265082451105608,0.11506463784550523,0.08586727607574052,0.17394179949168667,0.06384671717992635,0.11766380390165941,0.0863360346305157,0.18685261937733957
0.24516055871026898,0.04997060610804568,0.0961437106821272,0.0684516038949956,0.14413999294545846,0.08404376408459134,0.12778716603605114,0.08903919864939101,0.09526339888907058
0.15456835206464037,0.04153920126591256,0.06677585530860473,0.0691218134964945,0.2672041615281174,0.0401506314167292,0.21197768786053853,0.1191243099786969,0.029537987080265855
0.07309134423386031,0.17911563873345152,0.13193791697330462,0.11142901151963551,0.25421725089172476,0.0653385618670783,0.06593143824489892,0.05285534223170137,0.06608349530434467
0.2605256644333191,0.10931626865105042,0.0678649431336463,0.043496753041252924,0.13839047711100624,0.14599494859950865,0.10888542047009965,0.0929584536691709,0.032567070890945876
0.2341827846818587,0.08670413752252203,0.12119775252977422,0.08768553769174937,0.07869358957228632,0.08671094112726156,0.10251779134120502,0.1546546615305974,0.047652804002745436
0.14738835706119047,0.26310114219084113,0.20507832056156713,0.08411187430963801,0.017538566623493537,0.0488645823313931,0.16872286811610304,0.04087108736009448,0.02432320144567905
0.12518733427093495,0.021794339373570133,0.12179743561981461,0.17564218305765397,0.08455896009518311,0.14211467353319962,0.2236617573806011,0.006039149425296352,0.0992041672437462
0.06809038307618746,0.6009178441823222,0.07449482271158248,0.026713534310618108,0.04318604374330016,0.045359988300891586,0.09695622483027151,0.02084628650114559,0.023434872343680968
0.2707853754411507,0.04254552445604398,0.08662078538962213,0.02434595631392007,0.1024487610265765,0.11915120828576163,0.04856836803790443,0.2152606948715836,0.09027332617743704
0.0972408648752277,0.04535093596636142,0.16148722563353976,0.22956750276813462,0.1119284385379765,0.09569187619911733,0.1676211226039467,0.010064209210638013,0.0810478242050579
0.09074558229204278,0.041664086407620995,0.1418143354064102,0.09785410776865412,0.11620807366738946,0.2417752703624231,0.10371854772041167,0.01405933896919744,0.1521606574058502
0.16030804593838197,0.010315806770927072,0.14183986165785523,0.024561356703575427,0.05899791424440858,0.11872181829286542,0.3913567522673573,0.010199481468559266,0.08369896265606987
0.03085715474357989,0.20019170748452997,0.03758866344127947,0.0672626448863378,0.04832571086047457,0.026199515241597072,0.37126993895651283,0.2049409144903489,0.013363749895339441
0.19925131155239773,0.10858693276688657,0.13131310092101103,0.14625766990500325,0.012086701005512034,0.06451405442035284,0.2830665121499607,0.02901406556870739,0.025909651710168374
0.134921587285597,0.03269877562499006,0.2012154479342165,0.07383570777926403,0.2586232030496054,0.11080387554066262,0.10829039738329575,0.01898945378184524,0.060621551620523406
0.2855058782017193,0.05449698833710062,0.12584442694091955,0.05234064372555588,0.13514641135409783,0.1132120244562983,0.07062411960256332,0.12475995034153886,0.03806955704020642
0.295838431845967,0.08417535048102032,0.11698070400797121,0.03670569858517202,0.058085682542229476,0.07898169543114264,0.14648367280212335,0.11003052634360122,0.07271823796077274
0.23321951785758155,0.0957759104207596,0.14229650794802012,0.1330250879271192,0.05758812322405121,0.09907671059062022,0.08767329386015354,0.0984749366084091,0.05286991156328543
0.07821090772435786,0.545106346881998,0.08325939361289714,0.02669113921098863,0.059691202723073516,0.057843873090454356,0.07772605512315169,0.04071250713042131,0.030758574502657537
0.08744619960435691,0.04523210696279759,0.18856244513955409,0.08345675723774522,0.10437635221708103,0.24403285621898393,0.03455303965445136,0.098659081589356,0.1136811613756739
0.0620259527791008,0.05771509432105738,0.12548570000068007,0.13122038033384145,0.03457316930305016,0.1092133855964325,0.027909900114832978,0.3224431817984441,0.1294132357525606
0.18800792048507498,0.09408815898407791,0.11817816043918004,0.06884753932284036,0.023392052062628396,0.048445291756533636,0.09892560164505726,0.20214929543543417,0.15796597986917327
0.1714579708199385,0.04458508051506597,0.12409177179575988,0.0958043270740983,0.03526953537452535,0.10612061798301058,0.3025706573856535,0.07245358701739597,0.047646452034551985
0.16792351222285076,0.13596970642273473,0.14371711769602827,0.05347131898155991,0.022151566133108536,0.09861101710752858,0.048200646032602705,0.2565927992116152,0.07336231619197124
0.0937654667820524,0.04237037254987288,0.13626645482276878,0.08105060425871932,0.03913200565075681,0.16170987384036897,0.07478550596872703,0.10059343854491898,0.2703262775818147
0.10966425584838146,0.13842282089241517,0.13385464510651762,0.10655198401092374,0.20025445816678,0.14038970452491015,0.04752251408629479,0.032135682580272475,0.09120393478350448
0.22100398304912908,0.02157067128993602,0.1592269387126759,0.007091631174324952,0.025111465594915516,0.038162032730411306,0.46223006724796417,0.006703258992507535,0.05889995120813548
0.07617132300876235,0.16734870914821723,0.0702257146628878,0.09043149063772514,0.03245050077637396,0.05496206678101632,0.3880966615651966,0.10233655580151778,0.01797697761830283
0.22658474872467751,0.06755173692862611,0.10020955153723332,0.0723440902528716,0.04597804715697657,0.13428315117820458,0.05218857435704808,0.2606700085223468,0.040190091342015365
0.03421495145900836,0.013138253261316511,0.10230211776888087,0.08159815935836034,0.0332823376880873,0.10119215929129999,0.04070196507902489,0.28111360295710547,0.3124564531369161
0.06823390665531916,0.12442238014922263,0.12057938866293753,0.06942631427936935,0.1931974148248291,0.23146365633252305,0.06003239832237386,0.06514808298045754,0.06749645779296791
0.22648291220658914,0.04479299601085962,0.13109459241955287,0.1606462789874203,0.02402339821768243,0.04532649895649704,0.2764026965485032,0.01208067387064874,0.07914995278224672
0.08037744567467771,0.06507463407583997,0.09886698086559631,0.13978746679146348,0.08414542963436261,0.12685641771743414,0.08132148076540105,0.1354144587676262,0.18815568570759852
0.27074980946668603,0.026356227035168878,0.21662306577999466,0.03577340692741155,0.022477255484480218,0.026219374954030927,0.35009055829670827,0.003395543034685229,0.04831475902083426
0.1673346712789859,0.02118316982269851,0.054989629537211364,0.24089475079449726,0.0506158386903528,0.08264310130756004,0.24243934008996096,0.005703469089593695,0.13419602938913947
0.13809491535950713,0.099120093372705,0.10274194052887597,0.07087291278270587,0.2505238467114403,0.15937776924686434,0.061362667033064394,0.06643928354793797,0.05146657141689912
0.19536860943950188,0.038576341239626305,0.08211704262197565,0.0732569867011564,0.0887281147795723,0.05086072242261685,0.14695092766379977,0.25317216114691615,0.07096909398483471
0.09332792076105483,0.017970314289173613,0.07595501486330146,0.11617743288999573,0.09760843795004583,0.12267637877016878,0.10813771880199856,0.05859227346902327,0.30955450820523805
0.10934576698065292,0.05035570259449892,0.10361432339043658,0.24306032399462893,0.13184194814617578,0.17916746808035997,0.03808711345741787,0.06223513269742654,0.0822922206584025
0.030572104408876945,0.02141942618654648,0.07299172952881629,0.04626711644728687,0.0014276317955887621,0.053499298095446145,0.04156651739630369,0.3620813952852737,0.3701747808558611
0.1175838641682156,0.08257769318172517,0.09678867981179716,0.03877921463622253,0.29045656795432695,0.10858513446251228,0.08555639076800409,0.10889701372429615,0.07077544129290014
0.1313101067969712,0.4053516775385085,0.0994373607094976,0.033394088463343845,0.13373271880010415,0.06657852110452722,0.08001699218037471,0.037872584858360196,0.012305949548312517
0.2103597685287321,0.1380626726222197,0.10793715799674553,0.10791121010920285,0.07402905343446395,0.1343010995962607,0.03627647935193069,0.06693654578972744,0.12418601257071693
0.04696962047905238,0.1213840601030165,0.16747400782027735,0.1021974696757762,0.010520815416088979,0.04591512014023644,0.06527672359413758,0.24623869825411768,0.1940234845172969
0.06850140377381954,0.13447231048508354,0.10657439554532121,0.17227413029927066,0.013288660668083561,0.09587268155084054,0.04574053397059744,0.2230811974236424,0.14019468628334106
0.22574859438632275,0.049941934879506926,0.19819400630277575,0.08997050586299372,0.10762814269193803,0.1125235172585643,0.0715963583942006,0.06707651440005562,0.07732042582364228
0.13073775514030042,0.040420259877176186,0.0682772106068526,0.016649020894117506,0.4359393741972842,0.08454306266168869,0.1119073275812873,0.048791496034696326,0.06273449300659674
0.07728657425159254,0.05683195989374448,0.09990436487443659,0.04673699031648828,0.03133116588697569,0.11114012469049751,0.12838511596110938,0.35991050289687054,0.08847320122828502
0.16178067407259447,0.13070485191708336,0.09873508591721543,0.019520071782087704,0.006675718624610281,0.04299099037351592,0.09327960096427951,0.35896098755559597,0.08735201879301735
0.16216600495571654,0.1049134364893684,0.17655363140186187,0.2124594369933512,0.08766602638873576,0.0549667773087247,0.06004626390230535,0.06262281539500542,0.07860560716493074
0.05130576525972072,0.5390096604300658,0.07928416822093881,0.032465777017217784,0.03572487717120021,0.036755778278404934,0.16171231316849616,0.04079699489155884,0.022944665562396747
0.2710804673011222,0.0903058350728025,0.11061470135236022,0.04423960234217241,0.12644614048623384,0.1562476535457206,0.04834381424457807,0.06848564893718125,0.08423613671782886
0.14605703069982442,0.06757928367755926,0.08780637496287191,0.05451340694908615,0.04779932127542678,0.06848291054427375,0.3927215450330018,0.030480320980629045,0.1045598058773269
0.06287674449254317,0.20177484130268816,0.12815976528879916,0.09579629027389965,0.18326959123227052,0.17635722831170653,0.03935546093439621,0.06444158748541451,0.047968490678282204
0.13073843081817452,0.18901756838534609,0.2125176128663269,0.07747221081868859,0.02029041865906378,0.13234262929623486,0.14361772428135133,0.0381518295043601,0.05585157537045387
0.08950203580417103,0.2442099703025721,0.07458852493193564,0.194203552131284,0.08547070305749514,0.06306255370546114,0.09373344779117765,0.12775690426576417,0.027472308010139057
0.07454842008687614,0.037678546293576594,0.18028184878923112,0.08808401662326103,0.005865175750738871,0.11918414254397654,0.02778381026554223,0.36000240363173464,0.10657163601506293
0.07408130910185673,0.037456610293068515,0.11183824085127797,0.28787984334798866,0.08356292700075363,0.14491908108984622,0.09092443838684093,0.09140572174934881,0.07793182817901852
0.20920642061455785,0.07335682797941424,0.25959181378472224,0.06248107665226449,0.038175499220484556,0.15190536621511225,0.13500474318567737,0.04733228962366062,0.02294596272410625
0.042831521653673786,0.11970824076806981,0.20099993796941643,0.008209398286416017,0.13167792377042498,0.040744605269481676,0.19154038584212804,0.10980543632449714,0.1544825501158921
0.15594563911774784,0.034887612736059254,0.05655183310418674,0.11665263055280221,0.07823873339034189,0.07780029313824238,0.24922892897808455,0.16943670187577023,0.06125762710676485
0.1102365617382653,0.09196374709491408,0.12438299630558376,0.03944892711450806,0.010136852396934333,0.04883769215284515,0.0656759938766117,0.313765168348854,0.19555206097148362
0.15583618333333707,0.029713280790181568,0.09088639899778879,0.15602414023977665,0.24293630347289077,0.09273387835781144,0.08083883484254077,0.09116482799084767,0.05986615197482522
0.11434615885875753,0.049973324779323036,0.2120344544775754,0.14893975107951107,0.11653108507287975,0.1659549195098299,0.13217610443387393,0.0356531417081972,0.024391060080052148
0.14113989465421367,0.15806785025207945,0.07256130080962722,0.09990181832382876,0.21556056237189605,0.08925090933040702,0.061265465598924186,0.09684108100706566,0.0654111176519579
0.3041712713811365,0.021592890038802454,0.0933636951586877,0.09813474117801381,0.057929719087200106,0.11727724112923277,0.15983486688410506,0.12177190655541294,0.025923668587408664
0.14230401327745748,0.0627002367081183,0.06222238119813495,0.09809252632475067,0.300074032964134,0.08191356656967412,0.12560759465961044,0.07297259091267283,0.0541130573854472
0.23534571547427693,0.03038982155505457,0.15624335953236806,0.033878123013649834,0.02567283090185743,0.10167002259490758,0.3031649085138598,0.02503359434984331,0.08860162406418244
0.05872539651214435,0.12521275878263563,0.16519024329680884,0.09921885573883904,0.0041496521156080155,0.08001450593676894,0.050230196255341274,0.3076397198542812,0.10961867150757283
0.251232292793784,0.029713576375727548,0.07302338627261673,0.016487304799854316,0.27390241428670753,0.10509738473748303,0.07701318619203372,0.1460308272653568,0.0274996272764364
0.2290990732780195,0.10189063786492132,0.09627166405594423,0.05223939630032792,0.22034808261215497,0.0972360533349721,0.1161679369334182,0.044436333552987504,0.042310822067254276
0.1232441450951388,0.03403234521699885,0.0940487827673306,0.06479561238584593,0.08198140588830426,0.052246012150814924,0.24839338720029613,0.10490907347079004,0.1963492358244805
0.0825682610055049,0.04622732391402754,0.07747777815292302,0.043712507092991744,0.4469141092366147,0.17627913760831634,0.048675119309292386,0.04971349293888124,0.028432270741448145
0.05323896159604391,0.04412391265028485,0.10091698843891606,0.13793724049182296,0.16001718383524932,0.15554084146980396,0.023885650490033324,0.12021343103605157,0.20412578999179407
0.2763834671870716,0.06931223827712597,0.15064864037864717,0.05590459454565868,0.059902806570359124,0.07729433693674764,0.26421508088955753,0.019158199588560836,0.027180635626271547
0.16163924629511778,0.0429172728770874,0.05615715571899699,0.13134232588657838,0.04684900444119264,0.10593806716394814,0.3838175583439005,0.051536788147197414,0.019802581125980757
0.08629947946658399,0.06202876806350804,0.1415355776107323,0.19562770470544408,0.07691407312643621,0.1511147695688597,0.08055922460527738,0.05962543565620496,0.14629496719695334
0.04362445712495545,0.1161531096105773,0.05651816383136066,0.3102270316279956,0.02780467625598461,0.06706559409542051,0.18779829818372895,0.16952610782661015,0.021282561443366783
0.06304101645933484,0.06900759864350801,0.07182326192301837,0.06807911414803079,0.41878095651921715,0.13179332239129415,0.10713377615624343,0.027886557784144284,0.042454395975208954
0.06155259247068373,0.1953842408067483,0.11949915137172502,0.29736689977953895,0.013652370015901574,0.05609876266504301,0.18033933131365298,0.03276697317517819,0.04333967840152827
0.21296767426369057,0.08797212621197097,0.12710613151650643,0.0651854387871019,0.027631938794944647,0.08151220976947125,0.08114858096225387,0.18106776420534765,0.13540813548871275
0.1802307465292862,0.17827918843114932,0.0545834062307942,0.2703219301422127,0.0037686637881945047,0.026834565325874766,0.11541845812086253,0.14633609225782285,0.02422694917380293
0.17582275701077607,0.10006521489482688,0.12412759138269136,0.07009812229114866,0.08279593739783409,0.12457145045452944,0.12593996614014014,0.1299506577783289,0.06662830264972448
0.06125084915046731,0.036345364369883365,0.11412463050181516,0.12506169940045278,0.15552584051399654,0.11953639184979432,0.039945652889686996,0.2150938304403908,0.13311574088351275
0.19815387301142473,0.11261365420243234,0.07181767938834914,0.0343290868150264,0.21622594582118562,0.03237176486844726,0.17670066972477763,0.11194978515005198,0.04583754101830478
0.04489394880759914,0.5625803121761682,0.06577575753789398,0.00963069147551187,0.09389539972000911,0.046509428286411636,0.029315861427366464,0.11079520090897606,0.03660339966006359
0.08294155124284626,0.19908715171660965,0.07807575102778862,0.10783174531530103,0.18878893886768322,0.2052383069015378,0.07608805203960334,0.03215302807364928,0.029795474814980696
0.1158270850926003,0.09710257682063299,0.09247828522186212,0.09606320087112168,0.20904073947023646,0.1199617496843669,0.040513404676307985,0.1486739813028374,0.08033897686003418
0.06355152973605686,0.09867043733698526,0.08409985936090554,0.29754330235637866,0.13568934055516568,0.10796232580061858,0.07956954410745166,0.05818587668751665,0.0747277840589211
0.09221610176446861,0.027499103109129702,0.11304899411963924,0.0974618712517321,0.3149683009076501,0.1431147837550397,0.0665404887149289,0.11114429086758938,0.03400606550982222
0.08370027992845815,0.314752731953857,0.10346379342925187,0.047857510847432394,0.13397642389634182,0.0476007054688525,0.19325209210899605,0.011773667565147824,0.06362279480166239
0.13253032950250845,0.024060583207327065,0.1858340126567614,0.0758140226270964,0.15093333779146045,0.06662175341827913,0.3298329526441381,0.015827322114793603,0.018545686037635387
0.04771665954577592,0.26640425424709874,0.08347739289875904,0.05802603205326649,0.10459606883494328,0.17935153150381786,0.12604474162537607,0.09762741290699452,0.03675590638396814
0.1728287524875826,0.06675763220377874,0.07761701952749979,0.07021690276898572,0.16820240023539734,0.1316837355477234,0.16059524673637474,0.1199120755753779,0.032186234917279864
0.04495599240668555,0.049074642056752625,0.12758534870417915,0.10330318560965092,0.055263672701314236,0.08953622583073921,0.04818498453713858,0.3270560141917704,0.15503993396176938
0.07559533346895064,0.07590936316688686,0.19474318315113925,0.04061039690352947,0.053149253814028664,0.20304326494188663,0.0623572579719309,0.20560318427849414,0.08898876230315343
0.07649305882098766,0.09365393279740236,0.10149266584892969,0.13127020071072434,0.16011438331610608,0.11307379625963443,0.035694473361215985,0.16298150113708046,0.125225987747919
0.07899785906295674,0.3553840136694329,0.08312572418458677,0.020167965662578138,0.22706812514142682,0.028395706066405502,0.087180887838237,0.09083347971026177,0.028846238664114236
0.16671467467117762,0.0199931202694308,0.06347416495755843,0.046985104652590766,0.06388635437588132,0.0937683164289619,0.3606887555118403,0.12663967794275968,0.05784983118979911
0.07543326092181712,0.2504677713945866,0.10551834155239947,0.020466925102063646,0.25258741801155754,0.04856002834271169,0.16460095060304303,0.04778621545931281,0.034579088612508115
0.11722006968336525,0.052241121808337766,0.07427183527981734,0.33170929129344784,0.16583920038805586,0.060165950652542856,0.08128015755606101,0.06776477317823638,0.04950760016013567
0.12346949304845915,0.05801567138335184,0.10500478218856735,0.23566970081539218,0.04392265672304654,0.07471546810618584,0.18766186472995663,0.0620001757474612,0.10954018725757936
0.07261662760475925,0.03337239386948072,0.1220379630166345,0.10707591934352302,0.12047482938544674,0.14119759685713026,0.05983878142357002,0.11456997707805731,0.22881591142139823
0.27552932256737805,0.05210825337185789,0.07824730704861516,0.07630995916311716,0.03930325848303628,0.125676576542776,0.19875218915015344,0.04810742765643439,0.10596570601663162
0.06954451833252413,0.07767505298976868,0.2710366907315105,0.19371006832492954,0.11925009283686357,0.12368922108041623,0.07089898960958471,0.029985410012077232,0.0442099560823254
0.04333444095203679,0.13152345707738353,0.03893163630029384,0.172395035608454,0.2182238211524269,0.09988236871000972,0.2509438374456447,0.026592227489764347,0.018173175263986274
0.14596609649968095,0.41601936574544146,0.07961241510373974,0.08307838429198716,0.02729781969436997,0.06856118693119667,0.09560858481649614,0.06382918240670621,0.020026964510381624
0.23868524349062237,0.14131616201205824,0.12158850194759097,0.026343683816131756,0.12511573697177353,0.0442626430714293,0.2819569842901358,0.00692510779963625,0.0138059366006218
0.24887565943178602,0.020985266396652342,0.14443161600483942,0.07120171348532169,0.033331263472245735,0.04514724155392632,0.3318046912292279,0.01002673777205786,0.09419581065394267
0.1756209711664023,0.0901897458121262,0.11143937706717603,0.16670155545579354,0.01975847410039507,0.06145585693609449,0.24682333110992882,0.06177396982933355,0.06623671852274998
0.21182800568759297,0.08903092888030312,0.09791508552066196,0.025488858205765682,0.05744987654599681,0.04449474035903169,0.1963868803109067,0.2175194089807776,0.05988621550896348
0.18106526234202483,0.023652251526825933,0.08527479345534221,0.027583913782772123,0.09726549784655138,0.04872034820680876,0.32995722419055207,0.043524771938548285,0.16295593671057446
0.15157842379873668,0.07399907526254303,0.11784369416460366,0.15688886259283683,0.04413815745107986,0.1344899417043665,0.03279619551899055,0.22287504575080339,0.06539060375603951
0.06041791356521242,0.0455652234776206,0.06783027236089743,0.12500517529718794,0.012109917920783782,0.06353449611884913,0.14234425593993782,0.3435102511127161,0.1396824942067948
0.13773325349573373,0.09583308697004272,0.11431182248194456,0.12579939606476986,0.08385863452033487,0.18560575124022172,0.0571559487064086,0.13140589130351862,0.06829621521702535
0.09208291860220712,0.17882956605547365,0.13776525960523803,0.13851451383637678,0.12159711299257327,0.08096418356494109,0.05491336370753388,0.13988321409568252,0.05544986753997364
0.1497826219171355,0.07165855705914326,0.19420160927428834,0.15603703210625433,0.08066529381846511,0.07417335291025873,0.20653118571621976,0.011430435100313727,0.055519912097921176
0.11035676194741595,0.09766819163773562,0.08160315368623118,0.0332517359298546,0.3754861049383506,0.07330718132243265,0.10881973087922962,0.04280961363201661,0.07669752602673317
0.1138472733440774,0.05904995460767501,0.22028520034324847,0.05035834867452122,0.03464859259885917,0.14019406406554288,0.07786121122563966,0.2549362263937652,0.04881912874667101
0.08240246061977684,0.07627150477769488,0.12830859941723025,0.10297023832663209,0.028870303212210274,0.14735100512917423,0.04181999824254315,0.3174425345933685,0.07456335568136976
0.24045176591355666,0.061469764011030416,0.08787667327302622,0.04402509059617996,0.0916442605220763,0.13272939057380737,0.05638951991968107,0.2079941480575744,0.07741938713306767
0.10096377553611129,0.21778851581101147,0.11870553390523121,0.28181543769236117,0.019973291522220913,0.058499864884782565,0.07144463952040696,0.06531619854193368,0.0654927425859408
0.30284409866651,0.04232453612278327,0.12214262887759052,0.04794711466881768,0.06500599407867731,0.11765136816020678,0.1934061474486528,0.05729592458474558,0.05138218739201594
0.084333250546289,0.09099902103368952,0.1782504951756859,0.14530086253080696,0.035757056550357706,0.11304686486766392,0.032968055540605105,0.22432237655826967,0.09502201719663222
0.08150548154347173,0.0951520320002275,0.09019328855869103,0.09513542180536684,0.16078141466428772,0.20718107553819753,0.05513802693375888,0.142166849167161,0.07274640978883772
0.1352766596765275,0.0821768711439796,0.15485381051386737,0.13250280238091702,0.11508338032151329,0.10572301062109783,0.06273625524902314,0.09776852039476686,0.1138786896983074
0.07678347997705383,0.026835218484095247,0.1009269783933265,0.09418868367273042,0.17369605391443788,0.1797158349288539,0.09694428673360798,0.177408223705531,0.07350124019036326
0.12333847955496048,0.057746145915456286,0.10304582980854982,0.1607894277496681,0.140947562808676,0.0713868260174072,0.04519315460063048,0.16761052846607793,0.12994204507857376
0.16098033857149832,0.12467668815958279,0.11715024032095288,0.0787633909566859,0.02873072832624991,0.13743796637728922,0.07511122403327301,0.180539586861308,0.09660983639315997
0.24380975218087708,0.2742622026714947,0.1175468368901199,0.017279577147786492,0.031245043294542307,0.07527527941252571,0.03383355693108103,0.16681050148135546,0.039937249990217256
0.038962955461663874,0.036051445473026,0.05289723089030706,0.19579939684459066,0.03746887677852102,0.06886957211499332,0.09633532126265827,0.3825295464893006,0.09108565468493916
0.17237556951719926,0.03707413477035192,0.06620915816163436,0.10033029494826555,0.1115084547540189,0.052359799590141747,0.22585942940679304,0.1671472472537743,0.06713591159782094
0.12889240930974444,0.11378950826906825,0.15668463146067724,0.07307948619293266,0.058343396991723355,0.18406750030818797,0.08556919885488874,0.1383472621475348,0.06122660646524245
0.07594641083381103,0.12040881122526766,0.12931209634059257,0.10053883946379132,0.011510069027943104,0.056190391293097254,0.04520489595358831,0.3247911369536742,0.13609734890823458
0.12926590278848768,0.024083020524062065,0.09545393787893545,0.07893554084029684,0.0469055248259715,0.09907230524808151,0.05541169148392236,0.40914411085727603,0.06172796555296648
0.22089886127021643,0.08959851624925037,0.10318880458763008,0.062494633622285634,0.07099718482940619,0.07956913003550709,0.06399571556617462,0.24685049265518488,0.06240666118434469
0.19440104753392906,0.05556670945170742,0.10156788743255074,0.028270504472381188,0.031449487397493335,0.08855663977898609,0.34996645730658016,0.08798455247679904,0.062236714149572915
0.2280350658183383,0.09738110655975558,0.1270117914607166,0.03196792148950534,0.28549775076421696,0.04163612332711992,0.05027147304347116,0.08293030903535753,0.0552684585015187
0.06729485624446413,0.030506903751764857,0.12904732863246038,0.021574493445386287,0.00522159010508417,0.07920919309991288,0.07759374116750513,0.4370331491471799,0.15251874440624222
0.1215218293652272,0.026266103818799392,0.09017095651713852,0.056524001817943224,0.10782206819558983,0.12791958001550277,0.20910760855437047,0.053273142496686444,0.20739470921874212
0.0501436123741698,0.05195776875427791,0.11954160587980149,0.20681994998405653,0.26061392158826685,0.15137801667425954,0.017061592037392,0.035747199352449986,0.10673633335532591
0.13897031301723517,0.14871893750143458,0.17231449827234643,0.09335045345449161,0.03289689884957551,0.05456811378665768,0.1837733161339196,0.15005510280920475,0.02535236617513474
0.17677280724664435,0.06641306396552095,0.23768200898763028,0.07224862787254387,0.14367092952997085,0.06914347915508112,0.1554354519643548,0.02118930164068363,0.057444329637570214
0.1677757465809582,0.04317909269209703,0.2052488583572826,0.06750269410721126,0.17518940031297037,0.13860406405167694,0.09711634126091628,0.06620488861088673,0.0391789140260006
0.1055299910886195,0.08966157707930045,0.1763937264038988,0.0633207274195888,0.02677239316965634,0.07437858682961208,0.11502141825647866,0.2744148757693383,0.07450670398350702
0.19407724077679575,0.14276778175663743,0.08636476937039955,0.09500457757402019,0.038291823535914205,0.060197065490368136,0.16033491989567844,0.17706630162627432,0.045895519973911995
0.19652180051765755,0.11500751679957961,0.07200600834488873,0.1312836274524223,0.1410981722913621,0.028347743275983616,0.15227740647227864,0.13311709160819188,0.03034063323763551
0.16574226534260228,0.18413956732686262,0.08223542165930614,0.12251726539587356,0.05203893349265327,0.04052807293878689,0.05135826581468319,0.24354569054955402,0.0578945174796781
0.1452115265086915,0.2422741955790733,0.1447530514885311,0.060294873252472216,0.012495541205102078,0.08064340304047635,0.10326581569649133,0.17159282792435085,0.03946876530481127
0.062172670833576665,0.059355347454572945,0.060820269930266964,0.3190984246690198,0.018380653323466677,0.1822550407272805,0.2239484242272838,0.0223096360000991,0.05165953283443361
0.081063874251276,0.033081279968453565,0.12258165222532665,0.11178131823937149,0.052730103901692145,0.1945705917961609,0.11411923183139071,0.06920829421875165,0.22086365356757684
0.20566079932258652,0.13474418889839948,0.15173255538250213,0.04465697828537762,0.044021310702781154,0.08992489650840581,0.08190834533417221,0.09243604925086228,0.1549148763149128
0.08175579510929215,0.13907688671149554,0.20096065893011664,0.13337365019706082,0.03675971187332287,0.18517254268784292,0.06641988946058269,0.088869791509594,0.06761107352069227
0.08880595104869103,0.0433505878709467,0.052410085125553396,0.13057049557223943,0.00795032658963043,0.050970618796166635,0.26377899180027414,0.2973647726778424,0.06479817051865587
0.07862467712411826,0.07031038111103194,0.2378481361798008,0.0991421488920138,0.05283091604657003,0.11837598735354522,0.0827443557004987,0.08148127106471535,0.17864212652770592
0.09473126521381324,0.08267572951349408,0.11190277719373977,0.06099784757992941,0.052769562028936214,0.07584939859667061,0.06326471237057295,0.2879124783356699,0.16989622916717387
0.10120751490702878,0.08542570212134738,0.11724360923474669,0.1469499316937591,0.049199804378634936,0.15993797562245385,0.20093918205656425,0.03092404962972158,0.10817223035574348
0.07526906527535147,0.08061395487354546,0.13823377435825335,0.1624091193526194,0.14935207792676963,0.1349674254906749,0.07375395920907786,0.046848829305985946,0.138551794207722
0.09889291411543816,0.11990806951754213,0.23870509109948593,0.15331264330839497,0.11788787224764989,0.08365217139774468,0.13928022394098652,0.02240881308091469,0.025952201291843068
0.1524087301335601,0.2686042101203898,0.20751992477049677,0.0814800990166728,0.017733963029012634,0.04972905934644753,0.1563660071223695,0.0408952162546297,0.025262790206421092
0.2294780119271034,0.09804174111346103,0.16453394007770483,0.1379092834619842,0.030866367094410038,0.10893458963660456,0.045954935649379684,0.15358317464603613,0.03069795639331614
0.07060234998128538,0.06662909309825077,0.12938040512552937,0.16878796400466597,0.0301078482217725,0.23151168676861367,0.02029091465667221,0.17857928381464663,0.10411045432856343
0.11826553142652603,0.12186943688093149,0.09724674213276673,0.13748594592087668,0.18370552744666455,0.09257950152806671,0.07154112632942038,0.10141016005269649,0.075896028282051
0.19565008838073283,0.01682199573176703,0.13148614803626366,0.03486466370683467,0.01817501635213878,0.03691058841178321,0.19861531486298342,0.03532175629304871,0.3321544282244477
0.11952295468318193,0.1199239615684519,0.11038034258316835,0.09460170135448265,0.295774858715149,0.09794189592844944,0.04810155390247112,0.03900927986668287,0.07474345139796268
0.2615676430778008,0.07752119549002202,0.08381488325269194,0.02902924685013802,0.068793171701843,0.05442404239750125,0.23119887255909344,0.11832665939064828,0.07532428528026129
0.05487026908063314,0.06554263187625982,0.18868532178004327,0.255599911932894,0.025567274935257924,0.18917452830231432,0.02926819965869049,0.1299326078543032,0.06135925457960382
0.25572286457622045,0.03206610905821294,0.07418551127240575,0.02775638080557361,0.2138760797620566,0.08709270973961349,0.08481756916176268,0.17993461574012262,0.044548159884031824
0.05662333331329191,0.05158638562913181,0.10113459501697537,0.11564316943102888,0.10374686710104132,0.1271725186663301,0.046566859781425864,0.24006362184487107,0.15746264921590372
0.1554858913908241,0.09678316349711341,0.11764738128489512,0.1595922163610147,0.058456599105359164,0.06659339467559137,0.0859658434747028,0.17060005438098177,0.08887545582951756
0.134913421929695,0.13177720249036243,0.2300158225565118,0.16322675661731892,0.04469751623284494,0.11183809202159857,0.0860057966317459,0.03996245050108047,0.05756294101884207
0.08211890562789982,0.026683862888355447,0.059043881588393014,0.048155463374675044,0.4366726263028478,0.06302858366489474,0.14732355075460574,0.09533516126545094,0.04163796453287741
0.09700302043204057,0.040567038943278476,0.11882669525505248,0.05933105557084654,0.3530293757782909,0.08806857003222303,0.14296323294241065,0.06928689583747012,0.030924115208387153
0.13872370487893051,0.03805268383510617,0.15991512890673304,0.055161215784076845,0.0792466958466232,0.10250247857156314,0.209114646394882,0.03849716835332448,0.1787862774287606
0.07694041847024187,0.04693436837679816,0.08635897240669889,0.11508799618405434,0.020230925101030237,0.07379403789668927,0.09293727209459264,0.10803386414833445,0.37968214532156014
0.06272383900851806,0.34509258482704624,0.1317603146524204,0.02182485710501546,0.24644203963352454,0.03845943153287515,0.12467144375484795,0.006943615567529631,0.022081873918222583
0.15604942539557523,0.041369472186554825,0.1302363183535449,0.037545660788720896,0.13159323645234158,0.1628833523548856,0.13783919861346072,0.18220509172722507,0.02027824412769116
0.25808747525476533,0.03812273619167294,0.09981090987659447,0.13227948988996427,0.03384366167256515,0.06706975646366349,0.2639116675452607,0.02387529464685054,0.08299900845866313
0.23061969504635058,0.06089313374561244,0.0923075545205372,0.04841671604853865,0.2759676410299773,0.08674780540899794,0.05806649451838477,0.10315190854637701,0.04382905113522423
0.057621157952469144,0.041119906675974406,0.059703078854303065,0.20044096202108327,0.17205886948087512,0.11132750029695858,0.14355230138905137,0.12456835592386258,0.08960786740542248
0.06609160367933994,0.12155774541263113,0.1998977566655318,0.13727841184643713,0.07971482863706766,0.21867613464879684,0.06052921855348858,0.04054512762121309,0.07570917293549383
0.1674228305965586,0.09578261786789975,0.11449065500293326,0.08744333389818436,0.055358435379536886,0.08239077502312143,0.09752433477170365,0.22661578111312597,0.07297123634693607
0.18569355515497432,0.039004009928340196,0.07572676002964424,0.020372051842400332,0.17708416908989397,0.05426016780325326,0.3808219104613726,0.039637319659922225,0.02740005603019882
0.08231692127291167,0.04069637446506163,0.16484569144844655,0.1339897465193438,0.115451073408516,0.28179306027502066,0.04962152428775593,0.04113156107311666,0.09015404724982708
0.2943130627351755,0.11277250614883828,0.1199564114241211,0.10555275842987695,0.07384199308220611,0.06363450686545803,0.08902101165352268,0.10199464763995036,0.03891310202085096
0.05025733132972354,0.018744451013648834,0.04427491736940104,0.26197636520640344,0.02750277508553704,0.13138841781476931,0.403398974263199,0.04297893492559921,0.0194778329917185
0.07529792387617447,0.03127474229085787,0.07664254327236833,0.08529257666199108,0.0484624905481113,0.10796808803965767,0.16134901535507543,0.10950513334455825,0.30420748661120556
0.027329235825496987,0.05087216101827418,0.03474783287385561,0.22141730389221123,0.05827798030040077,0.025542428308062262,0.30944638374526834,0.25883302611370557,0.013533647922725133
0.10244732470204511,0.006578647228412861,0.10112264233612667,0.04905949953481752,0.062157191350319406,0.08630851531239318,0.24352267645676928,0.095697424565956,0.2531060785131599
0.05891104342674471,0.061843731567273415,0.1335463989224168,0.17434834051517686,0.2489948163969936,0.14919758455757562,0.020864068263624903,0.04989366768775814,0.10240034866243586
