0.1989693637065932,0.1958564448824848,0.029243827515059048,0.09953450091143172,0.05210010534092018,0.10121945648223263,0.09191609221446527,0.1936130573430559,0.037547151603757246
0.08317695450601904,0.01945132301167116,0.044748797783663356,0.026588469103652975,0.0791929389203284,0.0604030631462991,0.4886068271802582,0.10866968379413124,0.08916194255397651
0.036824183348449814,0.2881594992061464,0.1490390493112437,0.23397136127154217,0.015645757286718815,0.07510180915097014,0.022436298558994275,0.09448005325806057,0.08434198860787405
0.19562330534863903,0.02097665247260874,0.09255712513316623,0.0037256321679935687,0.011062140281447705,0.06935305653469659,0.1882589773321777,0.21725744639966318,0.20118566432960724
0.09530840444885562,0.1538798071934171,0.1529338326850457,0.10078826318359894,0.0652392486943996,0.06458493287148055,0.01942183382040104,0.21322070238772395,0.13462297471507753
0.03300149080676113,0.04623397209617478,0.12420690900910702,0.4990495238633299,0.0267381477761877,0.11405062779026458,0.014162615091003104,0.05638579616790098,0.0861709173992708
0.11862301398215502,0.06654775766793754,0.05334187594967379,0.10325684616638993,0.20637340086141187,0.08312524736092138,0.05216550734047909,0.1918138192564657,0.12475253141456562
0.12654161019609947,0.15667581144514908,0.12125964941012259,0.04486687243622508,0.054272717109998314,0.07802347344435487,0.17230425729002807,0.1778645965237403,0.06819101214428223
0.15932043700044482,0.05915037469441009,0.12273536375292453,0.019228417249185645,0.028761433105059225,0.08286426976337767,0.3187234027593924,0.07866078258811766,0.13055551908708798
0.2896812428629991,0.09827145911150731,0.061511008147521494,0.04699228302973574,0.01948010763339499,0.046927466095564745,0.14920948078701365,0.04352105784553908,0.24440589448672392
0.0792056729726729,0.10759510231798929,0.015854007723528584,0.4748789577569987,0.027411435083330826,0.06902804596321041,0.06500826848297907,0.08654128991752542,0.0744772197817648
0.04702745572588348,0.17599806153745967,0.11889743562537318,0.04737319762796527,0.058605231003324744,0.07217487501691028,0.25481496095862366,0.11008739126121542,0.11502139124324436
0.04263811702198036,0.20820581272271488,0.10095930701798521,0.10872863715661936,0.05274581472710033,0.12408982863945095,0.02635304705939025,0.18552716671869787,0.15075226893606078
0.015377905249692313,0.19852326727579395,0.09731907340899924,0.10345591328213904,0.04233762306503482,0.24239141413063928,0.07507779901817345,0.07926378247829381,0.14625322209123415
0.17702292925610327,0.07952980035353896,0.025195464889465724,0.053577056933959165,0.354839815521363,0.09022630851903966,0.04666458822555175,0.08567825138110353,0.08726578491987495
0.0956630931100068,0.06827944452384792,0.049248244705204225,0.0775923997860991,0.12104824460967349,0.05594893995247646,0.37021224979158857,0.07683918366042758,0.0851681998606758
0.05260402236586914,0.04676605614956162,0.24012802204982142,0.15017716585077395,0.00552585757877357,0.11942441219319562,0.10635090975269819,0.06379945547928863,0.21522409858001781
0.18485720691914675,0.11570962438910126,0.06138805640435933,0.08892804694668228,0.04423765223552014,0.07183746074652171,0.04600877728389322,0.07979673221744989,0.3072364428573255
0.11165876793335523,0.15385709669280132,0.15400850500017724,0.1685979659907638,0.029613483251452483,0.14552066075626535,0.034991880706634795,0.1142346746333789,0.08751696503517085
0.04995700134594531,0.15963569524024226,0.17344049699124162,0.1298157065963437,0.08817198143920213,0.06775474863932629,0.04994584028398987,0.1055608812376982,0.17571764822601058
0.05578399222343122,0.021648413509652714,0.018803646692002577,0.06847680734491461,0.15207532391303924,0.11045211270376913,0.2599917128034835,0.22648162638390237,0.08628636442580456
0.08228518995562169,0.027035275293199407,0.109403563753159,0.011635720969882024,0.12901496441891938,0.0510719642883469,0.45230715382491904,0.09695091624195216,0.0402952512540005
0.028618860988254294,0.22988884449733002,0.05896659281216945,0.1386375864672955,0.03689434796229644,0.14587652067188758,0.021017271099562834,0.08396286190106834,0.25613711360013564
0.12394801381420802,0.13847464143608482,0.1831702656133688,0.23676121990746046,0.017738033090605634,0.10232243809763931,0.02603072828381991,0.07162935056845683,0.09992530918835625
0.14115784558005262,0.044076443553272025,0.13547613946075424,0.2863333865978079,0.012039672225600763,0.16982501398014563,0.04916727429449197,0.07312231594219898,0.08880190836567588
0.12257030716401968,0.06375200639838656,0.032345707693681565,0.020136193713967587,0.38518727674647346,0.11845918790536203,0.046211950573008996,0.05992656899691735,0.15141080080818284
0.03788745974851294,0.015347807865857465,0.049074535953451355,0.023038316351838648,0.09093647211468327,0.08423560413463949,0.4712539607619403,0.12105183980422025,0.10717400326485636
0.06446468858478094,0.3023550104917134,0.05411760127880869,0.09914784287712952,0.03216389371225443,0.20174349898338684,0.11456668080749444,0.05924597124733318,0.07219481201709856
0.07097746705476163,0.10769211083049997,0.05981073959993819,0.5188698473163148,0.02987129327294898,0.026759841114864343,0.06868120824685622,0.05528986308854767,0.06204762947526813
0.09112792590600882,0.1959394609497299,0.0570583561427754,0.03982967717574112,0.26011650065099867,0.07550834852568317,0.07821627926546226,0.14920129371419832,0.05300215766940237
0.1097249964273786,0.1762630290533805,0.03722786909754688,0.06215504298100366,0.283125407773052,0.03537183327840565,0.09455896054745049,0.1480199151915312,0.05355294565025099
0.03556351279786991,0.0454548838022098,0.03132425052023937,0.035460183158618236,0.16308491152321122,0.09324497522445707,0.4529549140237315,0.05706300700775487,0.08584936194190801
0.21933868019354466,0.04913939546999416,0.051488692581985025,0.12866334814509978,0.07736891129879887,0.1339568816947758,0.15611861046503905,0.10004296671638191,0.0838825134343807
0.10717030745624513,0.1394699798080736,0.06871309373213844,0.08643626559735353,0.08190300400680019,0.033893325646585946,0.054784226430309224,0.19129550058437794,0.23633429673811598
0.08931970757467324,0.012301106934244604,0.09940282213512798,0.021933948435137875,0.10914062949018788,0.06958837953451379,0.41575519148248224,0.12085769041453485,0.0617005239990975
0.03570117260815902,0.05046531506594657,0.027551104327864315,0.14038307354982482,0.12334103545163694,0.306797777681665,0.0722148971236667,0.19546473847672333,0.04808088571451328
0.17046946230132232,0.07504187743613766,0.05853433799999819,0.11163948304225217,0.1506747001354691,0.10419968118013495,0.10339902220103503,0.12771623863763315,0.09832519706601744
0.031869667654114794,0.30867017726558804,0.07829516212998634,0.2813092707971554,0.033139423641400136,0.05651284396538906,0.03492573951864581,0.08169119426255474,0.09358652076516565
0.03855751960796508,0.0703818345859057,0.20968055167348823,0.11913936930599368,0.018912584177135535,0.36421221176732427,0.026565209685025248,0.04567125980661283,0.10687945939054953
0.03262704708302357,0.030844796575910747,0.07248250884069428,0.09589987985763394,0.10169059418975797,0.37844543028544425,0.08675041050916599,0.03286757969854862,0.16839175295982065
0.1136780767957181,0.03262724910507018,0.05894851204187124,0.037289649926783526,0.21627278456619592,0.05237387041221578,0.1864880416935307,0.1794435945130407,0.12287822094557381
0.09094675842310924,0.10720889451321695,0.057459550424040495,0.0495259695572575,0.06787075789617719,0.0971543144129748,0.10688325326042104,0.23710052958867442,0.18584997192412847
0.09198050571437903,0.056284662738455025,0.07577281823846439,0.010016135267166751,0.033770094550498925,0.19115570451074412,0.08884323940424238,0.40324133213303986,0.04893550744300959
0.11943167913832149,0.07150409391713813,0.02181595173301,0.04049818952195384,0.21810444653169336,0.027582583638762512,0.42874433463865086,0.05241593547963166,0.019902785400838122
0.03913446459183324,0.025752961641404486,0.07072759995723027,0.02434727075263339,0.07460083633669994,0.11542555412491602,0.5425289816451141,0.05228551753333638,0.055196813416832156
0.16510196124996027,0.03804937635866636,0.02812891241624285,0.03926925748099381,0.27009712971426936,0.09242472687530583,0.20151079205809355,0.13899690572132636,0.02642093812514156
0.12593003146881437,0.057424659978414457,0.0810863771076023,0.0281484580548981,0.1665178008659838,0.08871329154094898,0.30560068141249813,0.10274546466555605,0.043833234905283715
0.07220875944308247,0.018104331476967668,0.03374296116107233,0.0050686181668342795,0.05792846132903265,0.1495301577782341,0.3018676100383833,0.2526818140346798,0.10886728657171339
0.013217546813701839,0.08841319846640816,0.03932939928765475,0.031721676827829254,0.16958396425192954,0.061769761564020385,0.3659727593302389,0.08282813005392087,0.14716356340429632
0.045346077257227675,0.06912869174192106,0.13962443324476337,0.08678515042428518,0.18142753179934504,0.07092070323374627,0.2984598745977145,0.05502273150631451,0.05328480619468231
0.08148120203639647,0.05225940861657649,0.02116811004197169,0.050405636533312974,0.02004144368736627,0.08180411870913719,0.5423847546499981,0.1162811366688557,0.03417418905638509
0.028841664922495163,0.21549358394297127,0.21183209730265826,0.29425274189940526,0.040897532169174765,0.07440986806516874,0.018019796054172893,0.06935650649170651,0.04689620915224726
0.02174508329295943,0.05000353437632895,0.02889505097354265,0.02317620294008432,0.048839403913175455,0.08964414028089703,0.5360863778783105,0.15144186288755487,0.0501683434571469
0.2063529844199998,0.16437588524872768,0.0449009294860917,0.09130518824894808,0.026038359495313343,0.11019166721846062,0.11853863376951468,0.18551108432660313,0.05278526778634102
0.061401247898800686,0.08120990609713741,0.031115818073985838,0.5204847745811846,0.018387093271030778,0.02441894392068103,0.04914293421338545,0.03295595101650391,0.18088333092729034
0.07473960661505148,0.04943313953144424,0.038475496108237674,0.05114301053182584,0.10582508643679928,0.056931604482125676,0.43764373941108553,0.13392459138448448,0.051883725498945786
0.05484910664398468,0.0654782078310497,0.10996411849645575,0.08043787551178987,0.0047844391470453175,0.05499345317679143,0.18184432211159096,0.1971764295375257,0.25047204754376656
0.0641204300160969,0.039750110789821734,0.012857729201857862,0.03710073908109671,0.08508823163877828,0.11262600475139388,0.4368207809288576,0.08500858751127334,0.1266273860808236
0.17364633510391836,0.18512528109491136,0.033509499804562685,0.060913596662314475,0.3100131923682818,0.05061601418775971,0.011374143860705802,0.11286333605868022,0.061938600858865565
0.0826097791134885,0.03948939332716174,0.042578741587064074,0.025857417531836374,0.15859198199582206,0.05949636680559047,0.3300573116047527,0.18889414158700538,0.07242486644727866
0.4230573032628458,0.05005888484449711,0.018853014097404957,0.103203965004654,0.02700268340692368,0.07449023670844081,0.03581184196221234,0.2041304686186587,0.06339160209436266
0.05867904041291045,0.016833973325952076,0.20084061570218473,0.007762308918466336,0.01787866516024243,0.19276198708585804,0.2855093638839457,0.03733868020151073,0.1823953653089294
0.06075349185242627,0.09043550663757484,0.1580244563587127,0.04943643061995984,0.0806852829834996,0.20587738008349113,0.15587208868103183,0.10307663159317276,0.09583873119013105
0.15217494294123338,0.0483703671477426,0.060533670620247816,0.05430282156744124,0.13778504691612,0.05876372227201702,0.22577565665117827,0.0890108117434552,0.17328296014056446
0.053657192352656174,0.2979582852274054,0.15429494840595362,0.11648281257515063,0.0182124943679275,0.08823602081190157,0.02299518106856374,0.07474656825866732,0.17341649693177405
0.01585164329312878,0.1082685856672832,0.03461789426950956,0.0544792190274939,0.0943637582610012,0.12675434396789695,0.31964128808166414,0.07456058235524687,0.1714626850767754
0.05483226916019066,0.05670951535468297,0.017180311748936028,0.055886281491569136,0.24550966380647013,0.027170440767377232,0.3028382901615053,0.14033557374093203,0.0995376537683365
0.26525572211343956,0.2662541800124179,0.02916556790263992,0.09179216133034541,0.0844668614180238,0.02828291604654153,0.059746890310087675,0.07917102945274121,0.09586467141376293
0.03029890962299103,0.03445594168811075,0.01525383509231093,0.02543793256508976,0.16411019757378006,0.10411254414873528,0.36570394910870796,0.18426789832139187,0.07635879187888243
0.04844509756861365,0.03849962029517801,0.02367829816648864,0.042427793238157714,0.4330159304193577,0.06868006077758194,0.20168579260118671,0.10547197064712587,0.038095436286309695
0.06088812902334378,0.04214098257944354,0.07507817955949601,0.03952873706346967,0.15376545110807363,0.31340555323715735,0.024076441396085998,0.15002880492132212,0.14108772111160792
0.23527850714573914,0.11104401713010553,0.01826659854663774,0.2770368989093323,0.08595721625152386,0.12992382291315738,0.06003621411224112,0.037247977044517246,0.045208747946745786
0.10935868880077455,0.0386728653763835,0.03834888226715989,0.043806480184195806,0.29709525476508064,0.0690118359539318,0.04108094470449453,0.14118283982030647,0.2214422081276728
0.18418265085934946,0.031690938191890373,0.08296867025354027,0.024830366432553822,0.16855301464657382,0.10092691317135706,0.08745898065561637,0.12810291144417277,0.1912855543449459
0.0376443494361206,0.060736010772420836,0.09832389070470111,0.10049501856603398,0.19861577183522386,0.12685306802514604,0.03925936371108637,0.21441592987351119,0.12365659707575594
0.04587996565504567,0.17781399085960706,0.025721224710758078,0.2506659431328755,0.017831477950529674,0.06474555009686496,0.07784354506831771,0.08064865653352038,0.25884964599248095
0.03918450268354901,0.24386620355182406,0.017882705242709233,0.19361697226536767,0.0816513623593657,0.04827942299141327,0.03572728305491473,0.10034289760570098,0.23944865024515535
0.061347602646690806,0.077682071213186,0.01017584797326351,0.10763555354856529,0.07158455763468093,0.02884499294348228,0.4910050963811545,0.12061693479465511,0.031107342864321524
0.09038398124560408,0.06409265878984774,0.0858398489793822,0.058946202211270136,0.13810830068714608,0.17292395938885394,0.04899734321964596,0.29220813298914766,0.048499572489102416
0.11589699143804322,0.07998733321499148,0.024212176268590846,0.0736676065019355,0.05234819925680486,0.07888558335100088,0.3151941716635789,0.09204466058239474,0.16776327772265956
0.08641984402168505,0.08243472648702434,0.02100231165929059,0.11550496317870435,0.1693098016244642,0.04253150050561971,0.3805052309367814,0.0722906586396727,0.030000962946757668
0.09781625363791219,0.048193163596763074,0.0338014563899229,0.07571533057313999,0.11118078026581983,0.05945765826656254,0.4655684675347511,0.052323432112322404,0.05594345762280587
0.15622642287725252,0.18397420021670688,0.15946848010438744,0.1713338103701756,0.009797987226206641,0.08369674758307556,0.036215392342814456,0.057299662412318014,0.14198729686706288
0.12712206714520052,0.1169015971175494,0.04653655258963015,0.09575068350539168,0.03937293141994128,0.3454341584609508,0.0769847056174922,0.08055013106187293,0.07134717308197093
0.05584704848432687,0.17615694943606544,0.07196013804408631,0.07554183100688237,0.19328940406890127,0.12712426246514258,0.04471479828170543,0.18106565508978942,0.07429991312310046
0.1878417464340203,0.031042072410644342,0.05559489059670921,0.04268680300347302,0.14137528572786717,0.06714047301028327,0.3107711749632109,0.11818443309420662,0.0453631207595852
0.07612307047228632,0.07041611314652332,0.029829616395675523,0.03148256247766939,0.4169020957404488,0.08883935745173895,0.05749123165139983,0.17736159224934842,0.05155436041490949
0.027848627227707274,0.050743207959313204,0.03893505701957952,0.118894239303573,0.17399665789126925,0.24685856189065888,0.03400657478043749,0.16325339447630358,0.14546367945115787
0.027104241159628967,0.04830446573370925,0.07247733174486506,0.021853577380492387,0.04040113381531447,0.164055165938337,0.48789473331380667,0.06560223537143785,0.07230711554240837
0.08158000641042,0.07635717138524745,0.03710911057251255,0.05452902752089491,0.08033207169962435,0.11778048279191533,0.43027035251337226,0.0821403290225739,0.039901448083439324
0.0897598180798798,0.12178096642158683,0.33217365903887314,0.22478742986943415,0.012871033502880732,0.03910845008589798,0.049563032637076364,0.08870558120508328,0.041250029159287736
0.17002715176384028,0.08294338308658163,0.0810445840081021,0.023074766333007878,0.17796827316546304,0.03763417088200539,0.29641227482159477,0.0818532997055167,0.049042096233888256
0.16601723755540604,0.19366190133867192,0.13042367199104288,0.06708037776191145,0.040463226851641075,0.10894657534697078,0.031986937448668366,0.09996793103592087,0.1614521406697666
0.0785630314184514,0.10546450459652958,0.0629802511220592,0.1192870824658004,0.09375685413413302,0.27500807047140924,0.0204134939247086,0.18227682818122515,0.06224988368568349
0.08151972084394517,0.17601615704536175,0.030426758293745703,0.07231492797113216,0.2055618073178671,0.04953062459418839,0.2756529252750306,0.06599037588734911,0.04298670277137998
0.07344954954108264,0.13779070721588554,0.06054426348505313,0.039685029945554805,0.03434315899143705,0.06798172218807357,0.40648394584804753,0.13584748474774946,0.043874138037116234
0.0830282535367531,0.17997094325476268,0.0337379341508185,0.036247409410326614,0.054364017140664744,0.17052453483164334,0.2752321963259681,0.1252869951692848,0.04160771617977802
0.07898228063874609,0.13085478692296504,0.14521622810013127,0.2602081547282596,0.06972076333573425,0.09246089320907593,0.08639600637542133,0.06087367876507688,0.07528720792458969
0.06132030748134457,0.04206389896596149,0.043208378461777004,0.15985462409351958,0.17698472989773936,0.15062125785233282,0.12043142826936874,0.12235441897945017,0.12316095599850617
0.15278421174772927,0.11227240433158879,0.01844279963798227,0.06619034368597702,0.07425963996585694,0.038446570363322476,0.38252680810032974,0.09934283394320076,0.05573438822401264
0.016882583628304745,0.12491463725833522,0.09488142685583457,0.10162508943911863,0.24926922148932648,0.058319162864556635,0.056195122747471134,0.21806545333421604,0.07984730238283651
0.038810127329257975,0.03457990289980986,0.1896942014543784,0.009111740700575707,0.021397798652719357,0.3447120694715067,0.18153721172126844,0.102470256337352,0.07768669143313157
0.08481044869880854,0.1244250178249025,0.04643887953251188,0.29550848618285613,0.07027587839690548,0.11625175371346684,0.08348446840030277,0.07195054605214375,0.10685452119810201
0.1553946415207804,0.05528629384101249,0.0630041941400293,0.03865942502564806,0.017683708146517266,0.15039340905846796,0.3538029425743967,0.10375476910923198,0.06202061658391583
0.10217145722315281,0.10794845577955314,0.12861468366382714,0.08494040530258957,0.044871011796560854,0.17939774792574828,0.14273772010910185,0.12238419532174084,0.08693432287772544
0.08908280240326427,0.08274432878050937,0.026691185116045273,0.011595669843998352,0.05592707198665512,0.02773937393545123,0.5200467293844404,0.1413933621089176,0.04477947644071844
0.06045321998410504,0.12772158719829013,0.03685611501134712,0.02093850787713836,0.35214704656648005,0.2012814423902011,0.08802067079103165,0.048273399852627796,0.06430801032877871
0.06487106776323957,0.0929169890103803,0.08730323503301535,0.17745857301963608,0.013579165260155417,0.06577243195122044,0.05741711456210941,0.0880168171042889,0.35266460629595464
0.10505311513807865,0.06867205170609868,0.03696944717761618,0.13994902778014842,0.07735947359195859,0.11723442360469888,0.14131327125171403,0.21152572517846488,0.10192346457122166
0.08276224634464584,0.029127469680840293,0.15134604207104363,0.22590071416252058,0.3218388826248441,0.05407488298472029,0.04924605219272493,0.04181260921741217,0.043891100721248154
0.05944594051574459,0.037839782408265084,0.020519761245653374,0.03813274013483592,0.06395662896009133,0.1394048638698242,0.48808775729039106,0.047172922979855,0.10543960259533937
0.21158789952256465,0.041724605308188834,0.08580669235929288,0.033380231910035287,0.06341633654026334,0.05914388144225635,0.07106108700868871,0.34083673017550137,0.09304253573320857
0.07111845672181212,0.09645453582342693,0.054503946334155125,0.04721729569755278,0.05907928002080206,0.24684848362882486,0.06925909588368395,0.26998774522710806,0.08553116066263401
0.06741773669018299,0.05788731287775614,0.027632071622590137,0.04587277024742507,0.4269322774721734,0.06672009753850384,0.13099380642549027,0.10452434023693191,0.07201958688894622
0.24543810770177166,0.030074350976514796,0.07968339965287315,0.03767064762204944,0.07440751021017948,0.03289962292803812,0.32089763455971737,0.06602369826733691,0.11290502808151913
0.035982057236075594,0.09147351088381929,0.05832504145509895,0.12799528225895207,0.01816180795792533,0.36891828229027634,0.05719205731015011,0.12665432101579677,0.11529763959190546
0.25154176857888466,0.029072064951189084,0.03545655568163782,0.05351430804877469,0.16348200555011344,0.04621519829719648,0.2732520037463258,0.1181509799506061,0.029315115195272006
0.01602542969163898,0.28479898352095484,0.20501863387318342,0.16623978411562731,0.09460789835845825,0.07977318125646131,0.056352164546369675,0.04425894073758268,0.052924983899723534
0.03017115401918909,0.3085058940128172,0.12634112011243612,0.16256391188140903,0.026529420229341138,0.05680600552334891,0.0783186796577204,0.04780613658291963,0.16295767798081853
0.020110145752537254,0.07360214570037027,0.027369103720306567,0.05876959286393657,0.09358796721440159,0.035205224913234495,0.47915137665145285,0.1764344870770612,0.03576995610669917
0.07913790252937887,0.2109547357182163,0.0498238948728811,0.030877329263626147,0.013138697835708745,0.099014572414633,0.09361095447308991,0.38763989707612073,0.035802015816345255
