0.03995628386921143,0.048337358438976706,0.09756348266748494,0.2719549238407406,0.11851762218702427,0.13818449032117,0.024504447279044262,0.16672732941783966,0.0942540619785081
0.1426483953765472,0.11815293241434766,0.08375545408133506,0.24767253652237517,0.15580007706791502,0.1279457475765693,0.04098712629805571,0.05902880996401492,0.02400892069884002
0.01152652023349224,0.022467133496908303,0.03849363744559849,0.13126296796882123,0.11954275055219603,0.21930112860862558,0.3779155579687978,0.0075828820449777975,0.07190742168058263
0.022398400848195655,0.09999095557463944,0.07376029340689495,0.13031303540571063,0.168502816224273,0.08749883764391676,0.04654513613475412,0.1252761600073867,0.24571436475422873
0.47289622077655324,0.13521662609031468,0.011656469586182815,0.07233808960989822,0.08428014624944452,0.08092461933302038,0.016758994266734595,0.09540291796198526,0.03052591612586629
0.3647509615830318,0.09538402228139801,0.18298530282270198,0.048966587739918965,0.05162047571239684,0.034612408142258154,0.11699745816424582,0.0856150174079215,0.01906776614612705
0.084666192685916,0.08827207960639001,0.4222674091530733,0.06256662640580679,0.12813689326658131,0.09670894297439735,0.013864341404719135,0.04075140901471133,0.06276610548840465
0.05241965798905642,0.0963983084472061,0.04729877328172286,0.016509566334390293,0.09000093408643682,0.057845555014541535,0.0911609451170009,0.5172470842297492,0.031119175499895835
0.16263609036331095,0.10746147824129244,0.07909776476077665,0.08958654568696149,0.12461455720013813,0.18013332190214673,0.16935623654756393,0.04215281924976801,0.04496118604804156
0.05574094786325298,0.08454373981673563,0.13197274756968194,0.10248158832110878,0.25964641218388645,0.16018228316775146,0.02609889515377208,0.1016858768841924,0.07764750903961831
0.3977281668108113,0.07885638444138938,0.006225767096663119,0.1859402007063995,0.07797019632130214,0.1256985799879,0.03446933249168229,0.07927000882004388,0.013841363323808397
0.053100516064784525,0.10348963606410673,0.05932725528847618,0.09557735684240797,0.16172415016515326,0.37982057678277004,0.045435553697304704,0.05704203500995894,0.0444829200850377
0.04181440211825908,0.07276750053585984,0.13997191267367196,0.144461363764708,0.17694199486354847,0.22665077365838723,0.041008035079689135,0.10271289780459984,0.05367111950127638
0.47425623284275503,0.10145019996513875,0.015476342394510978,0.03303121252453114,0.12249191415528317,0.07902682919200336,0.0706703705197399,0.07021080387163543,0.0333860945344023
0.11055118183841169,0.16134475755075717,0.14605857878422515,0.059481348864196336,0.1416334874855728,0.1862259603892007,0.09943522933169752,0.033145259810998466,0.06212419594494025
0.0636746667247877,0.40421527139702856,0.0219656764099823,0.07407273366021573,0.10664608063627905,0.03294351172286827,0.1514963733623995,0.07350458172814438,0.07148110435829448
0.3126391624712408,0.12772993102013455,0.1161723697310253,0.023856477615635117,0.048428610960920694,0.05443650896241135,0.06392134362532487,0.23966223311518023,0.01315336249812703
0.02092713440152069,0.1654748650492692,0.023060529590522905,0.08746628547061452,0.21771966033994797,0.19217288737776336,0.10552753626869121,0.04286436098983313,0.14478674051183693
0.05917965317888991,0.08123153857164662,0.008607731439978854,0.16381671335894094,0.24032015568563728,0.09997726665920781,0.15929137718164807,0.025288753615623338,0.1622868103084272
0.00805644843646929,0.059097949541469554,0.03461091440950043,0.20770224826111927,0.17284413942384913,0.14177140593890894,0.16586177396300483,0.008047394147781446,0.20200772587789717
0.04728510292781713,0.12871698787968852,0.05477680247186797,0.14385210554123562,0.23114711490056417,0.13531946846215412,0.017853450399623983,0.18930675927131377,0.05174220814573474
0.05653172299192686,0.04613250998481771,0.039135602875610485,0.2337133427713706,0.14320115571170755,0.2799019669718042,0.03189435592284954,0.12048886909088402,0.04900047367902901
0.010281657407087497,0.08404866860761546,0.07124396514820629,0.02593128382999993,0.17785628091727154,0.3234589411338298,0.09863697076198381,0.028706537502977757,0.17983569469102792
0.08031540284481985,0.10782007114235526,0.075565091378303,0.0774306379412776,0.09900570857231396,0.05484922652112415,0.18241616951793893,0.03667126496011856,0.2859264271217487
0.39851139627153054,0.1834033959717066,0.05092548688910126,0.0622590312799134,0.10655554731635215,0.07445521420957801,0.02310438085759067,0.06758189829101795,0.03320364891320937
0.11244221164512151,0.16013672670717397,0.15466611470626643,0.06611033738184251,0.1319953147213799,0.1457988535156661,0.05387505866312787,0.10309304319174813,0.07188233946767365
0.039079820489020665,0.08511811335667985,0.07990180068871057,0.18213689646699927,0.22682323975176097,0.21354713615432272,0.0705041433844552,0.042313851631213706,0.06057499807683709
0.0688238618218715,0.12664943206191395,0.07632305501830035,0.0624746715186568,0.1848669751717726,0.27848011247467774,0.03438861655208946,0.04853137904281318,0.1194618963379044
0.04225326955568845,0.05417844579445159,0.10491566617236131,0.01752669214543547,0.06719814087569624,0.030984914676670177,0.108804728251361,0.5518697783692078,0.022268364159127835
0.057454291213440756,0.07704152989448902,0.09343108944203359,0.14983083601818672,0.12991331556152005,0.15345717692777458,0.068232597514931,0.1392120605887802,0.13142710283884398
0.023558472153518365,0.0739277294078723,0.07034511874200419,0.0774726669500146,0.21128003852750443,0.1428498178651372,0.21798209933616838,0.04927589458705187,0.1333081624307286
0.01823777525967232,0.044776797990007194,0.04442258856170853,0.12814495922398222,0.23263932040431942,0.24879165086935906,0.030085339369612097,0.05160190358522785,0.20129966473611136
0.41226157113890055,0.06846506590536847,0.03245824766823333,0.04466691149983044,0.10924477648960372,0.05158386529994358,0.045169022209172155,0.21474208621447,0.021408453574477838
0.19561548575753904,0.21546308216445853,0.11884925006397934,0.12063131134831034,0.06997453422466608,0.09755650426409768,0.04889747018914923,0.1170929743519538,0.01591938763584597
0.12085443424302922,0.0915695392698958,0.06293750699977906,0.18123369874210082,0.18147074856615086,0.20285700893041173,0.02790637549837241,0.06116834161863884,0.0700023461316213
0.06846674039110119,0.12274316879251179,0.03234667007780624,0.17338481663783803,0.23161012718853172,0.1714927844676426,0.06108579578796595,0.06079937581262843,0.078070520843974
0.023151437934859086,0.04404101062638658,0.017140069017383176,0.37793526008441775,0.08022697525681231,0.05389419181327548,0.024815945746082892,0.09762898012322707,0.28116612939755564
0.17925536940738718,0.06332082416316072,0.08495051006803989,0.12599860233902868,0.12722675457867252,0.30240240895209614,0.03715395279516186,0.05487371718411194,0.0248178605123411
0.053331176039495144,0.11112561111675184,0.14237097292528825,0.1401158628445205,0.21697333814289088,0.18272352659186655,0.029102148969367424,0.024432509555279206,0.0998248538145401
0.42995474878976164,0.1013681992999571,0.15743329949794832,0.034607620492914805,0.06490779494074703,0.05192267038812545,0.029661821308911377,0.11870185997392069,0.011441985307713511
0.06114451716897648,0.2604237060722019,0.050519821685630184,0.021709787016116894,0.10684787850312343,0.10709113275728094,0.2249841329887167,0.13976065646147814,0.027518367346475395
0.16125051632693435,0.12324899351448038,0.06828450362176074,0.11700303461006939,0.140932414046917,0.11801119573373986,0.04775355808700086,0.1841174140687766,0.03939836999032082
0.18297999220497307,0.1503293740038638,0.13989973072887127,0.08268757070996939,0.14716820061174507,0.13045423925253355,0.021914322077037047,0.06603203996974784,0.078534530441259
0.27558778296188313,0.07085368314048313,0.05773312083368112,0.17402595250635247,0.08621125081468566,0.16760524631251741,0.012554832181433837,0.12009634886178633,0.035331782387176845
0.10507366646776324,0.0676003818198259,0.108162592807285,0.04652646579993369,0.13077553936803743,0.04819755692866137,0.09508373197185209,0.3581282517976443,0.04045181303899694
0.09928188153956356,0.06312901882607683,0.07103399829514145,0.13007672757573577,0.17382268174719528,0.13003261063298036,0.04066210051034737,0.19889316084756578,0.09306782002539361
