0.01439649523852612,0.07163895108497363,0.0630846788487185,0.03188753909050128,0.12426495313129249,0.27489928806495517,0.1846021812527354,0.006398568329050821,0.2288273449592467
0.04758895672737239,0.23324049092264243,0.06234478972615986,0.19650284861435638,0.23908133265772558,0.02512351622842553,0.06587501713327992,0.0550781105488082,0.07516493744122982
0.019111317472702612,0.04920609101858409,0.26172884030796456,0.094549681572893,0.16070169941704124,0.044809613444822316,0.12950460624091586,0.17281194677180414,0.06757620375327218
0.15748046534851565,0.041848960084995744,0.09624512568005729,0.05877644384530736,0.20519783246851345,0.1478794174655402,0.08816886863035511,0.19440249006562796,0.01000039641108732
0.09769689251052593,0.37122161092655714,0.07676089190966497,0.2245867179140272,0.05635437776080423,0.028921586635496387,0.07360727246779998,0.057432207514430365,0.013418442360693736
0.04423446645356662,0.057754914192768736,0.042201494335013266,0.14347437226305906,0.4184104473983404,0.028262404793837497,0.06242658023788192,0.044951080936016276,0.15828423938951625
0.060673828619071106,0.1869183084363296,0.10803214614013361,0.03496268828852361,0.2661642985674669,0.07264061981730437,0.0291565052911697,0.20812561630906598,0.033325988530935255
0.034439260938188276,0.11533969637315998,0.11588040551496352,0.0608941152307139,0.025425945792500394,0.06494262550266287,0.08753718484995525,0.030809156781348535,0.4647316090165073
0.00889537229700841,0.06024302617831432,0.14375727613502895,0.038943007341865676,0.32223817214489797,0.022179846055087087,0.07465693967538305,0.2945611145323824,0.034525245640032225
0.02158700760187542,0.09218669169964165,0.3195648889375146,0.1115370190962585,0.071971782148668,0.11766423609488501,0.1121259384762792,0.03367513397416772,0.11968730197070994
0.16163104832254147,0.0278046215883973,0.11036761283365537,0.01616904833694743,0.4106481868229559,0.018944516168605076,0.05932097095160314,0.16652425062050422,0.02858974435479005
0.009170317419508996,0.16128563920050268,0.04642655518440728,0.04810063711084272,0.07538167138177841,0.03667349411663223,0.06203151636122937,0.05920789823877191,0.5017222709863264
0.023547977499868283,0.10057554701362192,0.043008971990848945,0.04098766474060177,0.0860646853008928,0.03263380469574521,0.11093563405844682,0.05242827661282198,0.5098174380871523
0.03611635417697876,0.14907124689725612,0.03909629300327364,0.09876545740847224,0.3831538524468068,0.031034723179215986,0.1300373892390236,0.11776939828559936,0.014955285363373497
0.03620759053061081,0.239731347934761,0.30213158656138434,0.07178387464901298,0.06975598533331488,0.06614442109319364,0.11060649722183528,0.07018993791902715,0.03344875875685986
0.1512249870429184,0.010871359421309673,0.012720928004220372,0.04568532511797881,0.03269403252261538,0.23467612505926738,0.019565882905250385,0.4722870238222159,0.020274336104223703
0.07075127235592649,0.2322965566227927,0.0880796242324256,0.05723482541354772,0.03400210588492904,0.14040459452486118,0.3180466350864625,0.020589827435002678,0.0385945584440521
0.08139494323275195,0.23579305257660443,0.22418256896221211,0.12245392469311711,0.1545687024576046,0.013465055027686584,0.12239414243560394,0.024265435960855397,0.021482174653563915
0.027547788257424006,0.16846743802725958,0.15651968710537248,0.025303315601213485,0.03056331701222889,0.1422579532882253,0.06366366223203156,0.02691592090214079,0.3587609175741038
0.03197831197321691,0.11892949323230761,0.16443539214616562,0.17860605177581212,0.010922015363436366,0.05913119432272307,0.05886373454237772,0.08735120663631207,0.2897826000076485
0.028561508969126567,0.16453937873597205,0.058269589765802064,0.20507949822594265,0.17490885204446985,0.05468775919750621,0.09000014563971627,0.21566045830296562,0.008292809118498687
0.04321300084421451,0.03506345645745438,0.031186902590567545,0.06685524264699615,0.5168778488863112,0.011409195487494146,0.03922921798833252,0.2463865902652694,0.009778544833360237
0.07068904515416326,0.04832547990964384,0.04024300455868988,0.3417056808212849,0.01759550290026114,0.11268871311419654,0.06210855350012525,0.1673890424051124,0.13925497763652286
0.007297898585291823,0.24611500317548476,0.043055852837899034,0.05890569158802996,0.2607571461384988,0.042970064965865314,0.06091056221881255,0.02783796058580686,0.25214981990431085
0.0259538954092698,0.018877066307881704,0.10116452346889455,0.13737483146555368,0.31890943593426563,0.06797616934090626,0.05464303248603373,0.2563450870177841,0.018755958569410536
0.03950146819668899,0.33680282487003405,0.14141131398327994,0.03610356715265947,0.08956543052002668,0.03112349726428103,0.2988413190829238,0.009818456298280017,0.016832122631825992
0.14716084226261647,0.038706053332313244,0.05265198324138093,0.05031011128714042,0.3139599712877701,0.06769474502724467,0.11196244367177229,0.1856866213168471,0.03186722857291491
0.24975733718879758,0.11995041104585553,0.05272538466521451,0.09082423871518867,0.2770932992840202,0.04261955075144017,0.06759739418890852,0.055189070968245546,0.04424331319232926
0.12731917664615225,0.013657528103729133,0.162124642422262,0.016915072483180357,0.14565597931240995,0.2047370095128079,0.16164559915691315,0.11763855917784788,0.05030643318469735
0.057708764040543564,0.035926018227970064,0.08272084589350705,0.03378688349616806,0.09900086199093315,0.13511078312698097,0.0361624769563487,0.49852585897305346,0.021057507294494945
0.050515487188993284,0.13096457688278643,0.18023927063620507,0.12446588706871127,0.03346226809575284,0.21641284115703593,0.12124489059229221,0.032943490768820034,0.10975128760940295
0.08130229100773285,0.03631776600138884,0.04093660219371385,0.06893977888584378,0.159362058917043,0.08149074682560842,0.35179053263391635,0.026925542615509373,0.15293468091924353
0.017335428116302648,0.1935997132277544,0.04694331700530436,0.10574931902011252,0.3925698556276302,0.01315148229677436,0.052459073609226636,0.11269867432209406,0.06549313677480094
0.048925746253552366,0.10846871805500646,0.04726253821754983,0.09527907320773805,0.33198162175368,0.03884284195990029,0.011162340483868965,0.27370780119666677,0.04436931887203737
0.08413962361418216,0.047193064957054026,0.07228308664285397,0.023658352692167373,0.06905870724220554,0.31497898043941713,0.011842520389301565,0.3594108503357292,0.017434813687088897
0.06455891368965984,0.12895415913888422,0.05097560725521447,0.047581908135417454,0.292524092673974,0.16556867583496446,0.011455929087866345,0.15085182552986168,0.08752888865415757
0.02051712696937549,0.049855931977464796,0.23725664107178698,0.08150250272511352,0.36220148439902927,0.061088587472302065,0.06939990475974296,0.0647535928888949,0.053424227736290054
0.04630012070716175,0.34147879306168116,0.0758853531977911,0.07209807497807676,0.11405679724023741,0.16415636605074882,0.13856133298396522,0.030262678373514304,0.017200483406823536
0.04859651692052005,0.14130739325157737,0.044265903134549194,0.1161848618192699,0.038257007181879764,0.059290324109481034,0.051387483852915715,0.0495741730821583,0.45113633664764863
0.022088005303861746,0.2185972816845468,0.23056708252388372,0.10972019500079287,0.09551615791506134,0.12984877304781103,0.043163130150345154,0.09538908881583436,0.05511028555786294
0.01309326866866882,0.04972346200571532,0.07986538931991359,0.1499818656493593,0.3320651422968156,0.02121086457951785,0.01636842337744501,0.1769358565725541,0.16075572753001036
0.014078362533489028,0.14160518094694702,0.05390342231162847,0.07452273238376113,0.13892811447504544,0.017942913126466054,0.057165341055585746,0.025364285055380614,0.4764896481116964
0.012387913308349555,0.25170691157774344,0.13749569310269258,0.04518318277055757,0.04654157020957352,0.07044312586620564,0.1743261507516424,0.036350462249690706,0.22556499016354456
0.024842255868028056,0.12234008701607403,0.13385136139743156,0.4124655521186198,0.0324814492556206,0.11798106188523148,0.020476599171109146,0.12356407821318867,0.011997555074696646
0.06064485848581983,0.10696410234848562,0.05068608655776433,0.06112349165950959,0.0626454653150563,0.23434804498779013,0.04702853128806592,0.24275237132415814,0.1338070480333501
0.0107726969016472,0.061957317920328076,0.05949255571610853,0.1349756896923622,0.03458840664190996,0.011734830759963963,0.16858022030448497,0.03487764781571021,0.4830206342474848
0.027143654907465772,0.05477910020256161,0.0912371423285238,0.09826633985572242,0.47763246336649984,0.01914709050531253,0.0241188415871169,0.16335655923879647,0.044318808008000705
0.012815072140021014,0.1974437395666692,0.024446449512332945,0.08102899742198888,0.2916875062449446,0.010356277065286364,0.04415160890907583,0.16503458417549768,0.17303576496418352
0.05743630271740586,0.2068843726144792,0.10844981578195123,0.09327458142783629,0.1900855529425511,0.11997842218997311,0.05200064484216905,0.14627316392797182,0.02561714355566234
0.06578653870760941,0.17702414641674916,0.12181374823336831,0.10216529142965215,0.18530676776733512,0.10718148794174553,0.1548492502764606,0.018068696892063467,0.06780407233501624
0.030846590559057335,0.10507893950357818,0.14747427777113162,0.06440334325746007,0.29943251431721807,0.11977788659275773,0.12872559732851832,0.049974324348440284,0.05428652632183845
0.004866731832144244,0.075839432189245,0.06741963369140073,0.05548363287348727,0.02144418904550428,0.020789411399743017,0.09333881724509192,0.04409607205435867,0.6167220796690248
0.04673197704653132,0.11293953539383154,0.04440178496706338,0.19868988414908495,0.39623851889184697,0.025070023858917535,0.018211472693943163,0.149469886658295,0.008246916340486224
0.1296497449119303,0.0462176598875761,0.07423544509183137,0.034258091504560474,0.3630862035881217,0.03959458062590903,0.0931295783100774,0.1837106802992591,0.03611801578073451
0.0420058019856725,0.19705693558363446,0.10973336136320572,0.44687782758390693,0.011435113790474016,0.0893337864605433,0.034844603466483624,0.02590370457238128,0.042808865193698274
0.016754136563812184,0.3248420549278038,0.21819420625391198,0.13616500383713742,0.16482182129526723,0.020717896850426413,0.06489578779355573,0.029820028428908307,0.023789064049177005
0.12098358837792746,0.08725463708091663,0.02071014175457384,0.028672017316754932,0.3655318327212989,0.02346186375673286,0.13229965475191888,0.049874150276796175,0.17121211396308025
0.05210409658111648,0.1727983192262832,0.34321350203866374,0.061277360548739716,0.07679964004240823,0.060813275517815624,0.09265191737308776,0.03840469256165319,0.10193719611023218
0.06971424087378641,0.2094439802927217,0.05134469548583324,0.04320969604609345,0.27169754971190857,0.16929744761771906,0.036651826898261367,0.11023236324464285,0.03840819982903326
0.2713646219595375,0.017005995028997693,0.10069472639296366,0.09761644614790517,0.04075524242399668,0.07653310442998255,0.18713389730597083,0.03307719355446932,0.1758187727561766
0.05277438183696398,0.15883924310739453,0.10180852386287535,0.09847666697034387,0.22401168924866832,0.11995086851247329,0.07354092497094745,0.1189390514677965,0.051658650022536695
0.12852852298228287,0.06307596438958027,0.04765088235408202,0.11208574577746344,0.3254067231978754,0.031503820393657685,0.02561539418882072,0.21996879640495623,0.046164150311281404
0.004932272410689144,0.03315103321477556,0.09186719323428753,0.06385722236195006,0.5351520915417755,0.06976878557329645,0.08737900704701962,0.0823300541074831,0.031562340508723113
0.18663995296220234,0.10903847278392435,0.10258537884849457,0.12136222091818072,0.18482279920882164,0.08896428566828112,0.08915488967183945,0.10099942680998993,0.016432573128265782
0.07583556500335754,0.04829934398071297,0.04657900555420425,0.234449431164102,0.10408066035586545,0.15120835870870328,0.1252784007765446,0.09799242372356859,0.11627681073294127
0.047975804056834444,0.20949911263177454,0.017709808644863448,0.3584413417312969,0.16665491173953864,0.03492812889400299,0.012248922985761912,0.1361367025818315,0.01640526673409556
0.05801727802873776,0.04772022630334139,0.24081384073511422,0.08639902660734133,0.1305790955462256,0.041835111408042545,0.028909419406445095,0.2205371045880431,0.14518889737670895
0.02370887693769255,0.41542447571652613,0.0927959716620359,0.08472592280145712,0.05973865602935443,0.0250934816991166,0.1830591382997453,0.05718220162973181,0.05827127522434022
0.04186985299945354,0.22792936645446274,0.06100386661898877,0.13368106770749816,0.09518389562062879,0.03630437758266358,0.2546075034950812,0.04143499286059225,0.10798507666063095
0.18261420370308934,0.037769137123640335,0.09806291481402059,0.07175099010900725,0.017019840488819615,0.12493074554355503,0.04426834431634042,0.2518538361642009,0.17172998773732653
0.3163847106102936,0.04508614425998763,0.08314266282552399,0.05846288925477733,0.1674617478420921,0.14410054175608122,0.0833264055914835,0.0952980687575371,0.00673682910222348
0.03725007673177128,0.15560401813654903,0.03232082801616946,0.17600834830036205,0.23759120145732796,0.04109710332777011,0.01413813243991043,0.2450025338680696,0.06098775772207001
0.08069530437073817,0.1317183415654544,0.15182904838286657,0.34411093182552016,0.07343824586322865,0.04679822174998929,0.11369268309415743,0.019302620788275625,0.03841460235976971
0.042859859338883914,0.039800178610255664,0.1414144157767511,0.07717745467992658,0.06664438586161701,0.09249210238670881,0.1638116867044389,0.07239673292600766,0.30340318371541036
0.04375968297094832,0.20263419756139323,0.20528082242233572,0.07933521474014617,0.2193856877146827,0.0419491656053271,0.15831425456180664,0.034084769980800435,0.015256204442559687
0.017107927840880277,0.28192364782684604,0.04881235205239961,0.07580012252040176,0.222422588824963,0.1027274234702018,0.060056725649489856,0.16987793669180098,0.021271275123016627
0.05487408558912308,0.18205411113083905,0.15796490035629795,0.07165820723509635,0.13343238158668752,0.13048222960343717,0.09651506078560546,0.13598087040384013,0.037038153309073264
0.08858982394847566,0.18354182254205495,0.08285746752820483,0.1191124400942641,0.17875301625827208,0.11393250143484661,0.030840508142360057,0.1911201655653124,0.011252254486209444
0.04200585190465098,0.11267778729800586,0.14620364553140222,0.12111262016445845,0.03783979284536416,0.05368979962260461,0.22998528211721667,0.059456855856998635,0.19702836465929854
0.08769296530280464,0.345731856717213,0.12845316571193063,0.09776908858584532,0.029351161175757628,0.16322226876675813,0.05928401825798505,0.027072014614401035,0.061423460867304526
0.08092068334973511,0.2919651843628914,0.06556680822526825,0.07957058422289753,0.1880483670503309,0.04083963544885451,0.10501795669501844,0.07238525510230952,0.07568552554269446
0.1979493272606971,0.0622191412527115,0.08824840530648466,0.04661930216879596,0.42349051491926476,0.03337997957811807,0.028455704997565723,0.0957886641463973,0.023848960369964815
0.010985245485054898,0.08849207697230822,0.06264862723151271,0.06464882076488776,0.029388881428063503,0.08011568225877279,0.07554971082368599,0.03389017196379154,0.5542807830719226
0.18978450862312388,0.1321070682312871,0.22753579332909632,0.14831363869701125,0.053757412022985285,0.04092565150046045,0.01588827388536812,0.1607510107343798,0.0309366429762879
0.07109316552728563,0.06335578844923438,0.23923308350391306,0.03643800240600373,0.3138777269206237,0.04334205098329447,0.10891007942029494,0.10775474876534485,0.015995354024005204
0.020778493596077502,0.22668377558920313,0.07115381962874018,0.26990786473395706,0.08309099831895324,0.18417511559610267,0.031221558316834777,0.04329349222290101,0.06969488199723049
0.20601252535376494,0.035723504927017716,0.11769656794587434,0.11390344821892068,0.038569635291236616,0.22198946361443936,0.07662137924911004,0.14350105812908634,0.04598241727054997
0.012069859534050426,0.4072116641577126,0.09472040477197141,0.10212072374282695,0.060885027219291094,0.037881946191438115,0.17821680802703388,0.039084882521387566,0.067808683834288
0.08655082410772147,0.10619449713426436,0.07000184055056412,0.13691171628934115,0.28018071222022994,0.09490054208033659,0.15492043890263116,0.03481693955128541,0.035522489163625805
0.01713630466337387,0.2805281753573737,0.27315590206591667,0.042892262952338195,0.022940923773358043,0.058650867187045985,0.18702370956921158,0.037036932233359854,0.08063492219802203
0.23370137733815424,0.012011954526044652,0.2075654658117468,0.008990284398684982,0.35865238380068737,0.036326846133183176,0.056960262870037914,0.0739056960700944,0.011885729051366584
0.09873270312853488,0.11816978641899556,0.16984556951812538,0.11862174475541838,0.056882995798860435,0.1286424569544237,0.07577779622053664,0.036865588613076004,0.19646135859202907
