0.03275083273670223,0.11792821524300146,0.07824610410378896,0.016603618254089184,0.19204035840104186,0.0702731939697639,0.21308220640882794,0.21656308998703602,0.06251238089574836
0.13053077546916203,0.028083048039920244,0.05168230299918455,0.09528283593517216,0.14000115858941464,0.12108856620762905,0.3083889971541503,0.03082103506042826,0.09412128054493869
0.03603667617801251,0.17768898110411183,0.18794265555551795,0.049773600184581844,0.14904350812516262,0.0468032226181511,0.10578139898997947,0.20499015872712933,0.0419397985173533
0.08479685676691262,0.1202271100846299,0.17138415369628457,0.03210739686623671,0.061259136080796424,0.025074972169476763,0.04871395294462966,0.3253498908650026,0.1310865305260307
0.0837546661606317,0.034733549995265144,0.0813675835494492,0.14772756836490722,0.02561132387589796,0.1523579795476211,0.4414541892859014,0.009900671113306113,0.023092468107020165
0.018050576157391373,0.19337214386908552,0.07283578001340806,0.07548643844762178,0.06212904995725146,0.08166526820017127,0.11190932077799805,0.15827634706635038,0.22627507551072212
0.08041140133619841,0.24203049042967603,0.0638904512763535,0.03367778482001682,0.15015220584549596,0.039478345010541885,0.0724593767641218,0.26718718741597974,0.05071275710161576
0.09013503641252689,0.4377904052998069,0.07312280729694563,0.06061175408276954,0.045094132158579846,0.13731922554131734,0.012444876460809419,0.052300357649591574,0.09118140509765284
0.11822507645253862,0.1238722639801042,0.14217529278931243,0.06751449888217757,0.18020297396049414,0.07023262027451602,0.14920139456296796,0.12647876117532997,0.022097117922559046
0.06519967739163228,0.5136520645772162,0.07303082615278127,0.009956874516155692,0.11163389809401159,0.1569394843567008,0.01886323797542948,0.02772120302385084,0.02300273391222184
0.060977907687686815,0.043897457896086046,0.14313411717172056,0.041189256595427125,0.2221338752844979,0.0743053530136234,0.11962696727727691,0.23800178370933825,0.056733281364343
0.15999780761009277,0.08499603630297918,0.16866208416131864,0.2794357779237028,0.0642407842446398,0.07776882749055755,0.05012546499157463,0.07039498688397781,0.0443782303911568
0.057836354217798036,0.057603469529775464,0.1787054017586118,0.04211362082401466,0.16818453625067695,0.154870976058982,0.024024788172855218,0.1916470689064431,0.12501378428084287
0.23049960161023053,0.04782507451975107,0.1399671655458208,0.15493747861529863,0.11793400468491677,0.1425862619314632,0.0960161863657759,0.014264419357697239,0.05596980736904586
0.039688731515975996,0.028823331753232272,0.122816084561578,0.018286134736232643,0.1538305917238935,0.038420049883411425,0.17220378449385354,0.37090645928340504,0.055024832048417543
0.13995934281110836,0.33529009155655887,0.09998698599342933,0.030743034512483187,0.04346182757877923,0.17986327674751182,0.033049737417107226,0.03569750015197534,0.10194820323104671
0.17021256658291697,0.031193052374745928,0.08700650584856019,0.06846343145212062,0.06300172336259129,0.11216304230539521,0.30123227542951975,0.06889491957936174,0.09783248306478827
0.1372298568064502,0.03961388138839308,0.22322851660962365,0.07255403972043033,0.23467077494508878,0.12328786709474893,0.02890147010523954,0.07253493225814321,0.06797866107188229
0.03542997113504035,0.059087445308482804,0.1568581613579706,0.20712275544631528,0.043696801677632485,0.10123095002635359,0.06928452528514333,0.2834383373864184,0.04385105237664317
0.02231915052563177,0.11223466983544457,0.11402126979961004,0.017331067215779507,0.1590585396329097,0.11821830202488857,0.11937907912948342,0.3029662263695621,0.03447169546669026
0.007233004830069709,0.024854416884942443,0.1282136540880784,0.30125945541114457,0.26880071232992603,0.15623269077567536,0.017235908256860093,0.08288713695852558,0.013283020464777853
0.02273975746967226,0.015561328549375664,0.04628148535718859,0.20413386547730805,0.13474208519167177,0.17126172987855437,0.07421715525476015,0.2780265416755557,0.053036051145913414
0.03671393996476593,0.059033579506342825,0.11689442556387082,0.09490607439458365,0.002081157557438259,0.07372839571627592,0.07698464474155968,0.060984602754878235,0.4786731798002848
0.06199795761509266,0.12510388864811706,0.25095395957408734,0.03732764902498753,0.2280817698729396,0.04540027612647642,0.16608672656184306,0.055258575914930524,0.02978919666152596
0.026544489788017794,0.056814204611956264,0.2359919942253279,0.18656264998433983,0.1043700570457105,0.13259033371554194,0.03211493866520967,0.16015798582868448,0.06485334613521161
0.06460325349649611,0.2836685027688876,0.07885318934180673,0.047937310704731895,0.2779180944405169,0.08820495981144094,0.03724565082204893,0.11304837469554256,0.008520663918528333
0.043343453673837316,0.02737982343022433,0.10267107415472941,0.2154346387965521,0.04209304136371625,0.18012000656598062,0.10439718729542029,0.2495220027788425,0.035038771940697176
0.08410471897450626,0.13402912731477762,0.07835034804134697,0.08877069052798751,0.34678589938353904,0.02657296816768571,0.14173866476338826,0.041695970436216735,0.057951612390551833
0.0259406060860851,0.21971947700062336,0.08025986778779524,0.1697910900228565,0.04556002374572485,0.038345622701921135,0.25070854176108165,0.09433823424851999,0.07533653664539224
0.18221203066726419,0.014368221076770113,0.11081022139232045,0.16292609461595153,0.13921594086975644,0.09225791307819386,0.1352323920563475,0.03193748629188058,0.13103969995151532
0.03924169823977051,0.07197468713849632,0.09911369920384765,0.04656180694245041,0.3902257901955166,0.08844017774762543,0.19978800704533684,0.024967527591359864,0.039686605895596416
0.03482668727851021,0.2311551198185542,0.1132453285649659,0.0331560363421839,0.14490592887021558,0.07206849092964472,0.16303269968425077,0.025897956187555037,0.1817117523241197
0.06514767448809929,0.19472358927130404,0.18975718314226553,0.029190423479272174,0.11480418418769434,0.12390531699837655,0.01700831472523638,0.21352637122211124,0.05193694248564045
0.050154338504994435,0.10700567182303837,0.09684437071615519,0.08270259401573324,0.30147877642522486,0.03548775554249796,0.07215797661301891,0.21206396338374497,0.042104552975592006
0.07876118720511772,0.12388165419258951,0.08936407012144598,0.0064486082365577055,0.030239753569537727,0.07526615497324264,0.14770209063666692,0.3719190164039528,0.07641746466088899
0.24271955819648058,0.012107203392947317,0.0673049115567752,0.11641306152850288,0.2316801235883318,0.0887435658232349,0.05872308102649391,0.09937333802477644,0.08293515686245699
0.05529893365147879,0.19390707972131768,0.09671304106865374,0.022196927252470897,0.12321863879321819,0.05358038980136571,0.046911542269967514,0.33201295939254954,0.07616048804897797
0.09627872042265047,0.32842732721218343,0.07044139839001261,0.17179140671988333,0.019439451196201395,0.09765461384029572,0.02544575553723936,0.16183803185297932,0.028683294828554366
