0.10406740003356207,0.4418198129818826,0.018091077801193883,0.020179963683463965,0.21660056431525612,0.025633363323207387,0.06925782270240673,0.03369968727142678,0.07065030788760045
0.2667752020294398,0.24226183122219838,0.08205210810260777,0.012609548434849308,0.0713044406412296,0.04732320617701471,0.1412945503342817,0.037687779210737106,0.09869133384764169
0.09976977271350239,0.04951165274449018,0.2090037343373259,0.17212600575912784,0.17289196483778949,0.004860568555731972,0.03044644733444106,0.16935368454406596,0.0920361691735252
0.10816512699392189,0.021437444631375743,0.13951174055769747,0.13333879362517742,0.1728261287894477,0.0072354257596499135,0.12420091695074022,0.18313419953180002,0.11015022316018959
0.06503600829418178,0.1877317874065527,0.11596590632156734,0.020192674135303026,0.1738114462550849,0.05335739048837267,0.1417198746402202,0.07047503624598468,0.17170987621273273
0.1601812032765831,0.11254516085991328,0.04120739182632684,0.19834970500945615,0.07546589372036273,0.22273548284694336,0.030376587039585057,0.08456564658455686,0.0745729288362726
0.11039758687181726,0.1204779253938127,0.06436911821367318,0.03706199933234377,0.11089987364435498,0.058593069505680495,0.23645944084293205,0.09217351047976195,0.16956747571562358
0.23190891431083174,0.07774541031210784,0.19602002654664816,0.017601238295956115,0.12491457738425599,0.026061941814844464,0.10819583915176122,0.023352543463049616,0.19419950872054484
0.06296183013141292,0.09071335383024397,0.018235824982124452,0.21482656995913332,0.11443233052737416,0.23236337690635211,0.09830301593013903,0.05835977871807294,0.10980391901514712
0.38135643678854886,0.045476719384041554,0.024266766026003517,0.043533896662228455,0.03276606633259963,0.2000453045384709,0.14996981215514918,0.0502145996789445,0.07237039843401338
0.2005719900828703,0.04573383912423845,0.06218716460415147,0.023981387606673458,0.16063859430652563,0.263519951578157,0.05242010267834151,0.11334785930483127,0.07759911071421088
0.048473461725010075,0.0750410789305233,0.09601354205402485,0.220836804420962,0.08978685338378811,0.0484185024497529,0.13167233288845617,0.14459383796678868,0.14516358618069392
0.009910136602037963,0.03452787925230964,0.409047838156225,0.030824562414690972,0.09616517019545572,0.007210015403816407,0.2293567268364903,0.14010620466428472,0.042851466474689244
0.1305603958807411,0.07077446825254904,0.149183184428708,0.017213446688719106,0.07469089554772294,0.22603142890242975,0.190076255445726,0.019252729111785976,0.12221719574161816
0.2750209102208154,0.06774693399006335,0.08026915026557147,0.024284882306100725,0.3121809996530929,0.02850290685545867,0.06080099463188309,0.04342080581748908,0.10777241625952531
0.160058092398306,0.08936390315130281,0.17411427011639832,0.1810067827634483,0.18580678649265367,0.06431123342257468,0.04656897114281385,0.05569402041760407,0.043075940094898256
0.07928959057455147,0.03764100844619788,0.12434976214288919,0.05828439607715876,0.05642714621450465,0.008174279090188061,0.08389306004732305,0.49042423852748573,0.06151651887970111
0.07726033138051845,0.15951558777696498,0.05445518769864286,0.03970033482175473,0.3293509860055785,0.03982475480073639,0.12568718344098476,0.11120234573088446,0.06300328834393486
0.07945517495229898,0.011625995224576594,0.36863633691913256,0.0598558600148143,0.23742731186625718,0.01585267622953224,0.14555677918761292,0.019810528434323064,0.06177933717145201
0.015783802982315878,0.015824377586770032,0.04466193638643132,0.07691281920989589,0.06635448891700618,0.029624453794128647,0.1648313249818255,0.5476998300068815,0.03830696613474505
0.30149975627990416,0.31213126118617673,0.1173977537343684,0.005548034763238737,0.10948862736130542,0.022648990250775616,0.07630265127795335,0.014949481450139662,0.0400334436961379
0.11579117606048206,0.16815101187719939,0.05815160352858915,0.11525069122650668,0.04322731627395176,0.1190594877677816,0.09719976329039957,0.050872565473385194,0.23229638450170456
0.33078745668860043,0.08536638162105088,0.032330386673497157,0.041705412860307545,0.09669972755922908,0.06744835886277965,0.05920621242331888,0.07013952149500216,0.21631654181621415
0.3717842362757607,0.03061228919981258,0.09039668705004207,0.012794364460991511,0.12920395819987526,0.04403658647735633,0.08546114992270916,0.13130102583817757,0.10440970257527486
0.3184323011031807,0.13081394898010734,0.06964111594957055,0.036409562177653586,0.08925712595947928,0.0640845902696743,0.09462123569495628,0.07017688639694902,0.1265632334684289
0.40607820035558834,0.21693195350824182,0.06088356810602152,0.008280099974605637,0.039780779222524015,0.08036676546809561,0.038768832772789565,0.03024075997337544,0.11866904061875794
0.053604857479507356,0.17019955427770095,0.07773690906563568,0.014246333629648647,0.13065138951132832,0.013191071122729525,0.2510792820694277,0.021221369828415892,0.2680692330156059
0.04615525208111781,0.10991522477864711,0.035381832078638646,0.0340107853209414,0.0540600636555315,0.014390409097245175,0.19941086710679312,0.43885114014559373,0.06782442573549145
0.049278502596809944,0.006588875419249559,0.028051647050786013,0.057746469319112224,0.05183650102384008,0.5950013152414028,0.12864440175778655,0.053545855589550856,0.02930643200146193
0.10779566284675035,0.051960035485528126,0.06810916457362697,0.007838560575733006,0.05730076617081564,0.15820732013926886,0.29782411705289064,0.2134120673697165,0.03755230578566989
0.022757989335268212,0.27827987945483407,0.013777747561945879,0.012534710001151824,0.096182102005034,0.13814494927505452,0.10439219930191569,0.21048303538677135,0.12344738767802443
0.13383039685613177,0.10908854246359963,0.1279324949171288,0.015209890012336413,0.05184052326238849,0.14920233025662497,0.08127946681620028,0.07578995407389645,0.2558264013416932
0.18590620277908865,0.07465354065387846,0.10299382224339042,0.016175627541532903,0.15508411774952868,0.017386013777669653,0.1008269234315512,0.17066424279829398,0.17630950902506617
0.38018007310787744,0.04645908184953579,0.06334019350452327,0.03814343071560846,0.12227556726765798,0.05728617485701729,0.11493260772294334,0.036158670300513056,0.1412242006743235
0.08246088035142292,0.03573842024963573,0.13090578632946256,0.03463484071376099,0.07586691415390016,0.0356564608377783,0.3250506456388072,0.2143273466049144,0.06535870512031768
0.032956621029186825,0.011113117154606616,0.050232642411998873,0.49473926611068747,0.09778196330921547,0.03259313158253938,0.06052231811742637,0.13618265606544044,0.08387828421889848
0.03770011033245041,0.027149194182312552,0.018191069877394456,0.04993251392064068,0.03605460388142143,0.5788978842202419,0.13518597413319408,0.06477350948241306,0.052115139969931466
0.3658122418310521,0.10040798277497236,0.11632403868712049,0.01750605075712181,0.1418192190415984,0.0947019889041248,0.047215593765352414,0.024626052436479473,0.0915868318021781
0.03740876547282067,0.06847512736413643,0.23673895700642852,0.013984105632775834,0.06852393302141407,0.09466698882973551,0.13032560077046093,0.20898340613970987,0.1408931157625182
0.3233522907680945,0.15842141320117942,0.08951299284325266,0.02549419345585954,0.05961954978259681,0.0976153184553221,0.07308698472754324,0.06269440404528029,0.11020285272087138
0.18503815596817388,0.2011839255725345,0.0256817070683389,0.07508030937503027,0.21515635616034157,0.04979459655417815,0.09308784178030328,0.037007216813848505,0.11796989070725104
0.22687955913903388,0.0813573862456758,0.054949902400795836,0.027635622442251734,0.11298452575716356,0.06000032910555749,0.3215157367620936,0.021861295239824347,0.09281564290760391
0.07984474613642407,0.04654288387777219,0.08880117143949556,0.060805067831741604,0.23141788152332157,0.008787667742845178,0.09435530209658705,0.278941609901267,0.1105036694505458
0.14424691259750094,0.08648354978082157,0.1985861118208018,0.0331159176102172,0.06814035492919185,0.17383859739896354,0.10499952907776472,0.03482444391358502,0.15576458287115336
0.0476099495309229,0.03285229866012921,0.01873811205720401,0.0061881362922443775,0.059776767102232925,0.481582294383265,0.14947747335894124,0.03669560480916833,0.16707936380589203
0.014210399118184726,0.2541803508704917,0.06799077606397898,0.003724640385421094,0.245185082285907,0.022365407781065837,0.12720077000022154,0.1806543682186179,0.08448820527611121
0.005827163873884499,0.02722449026024999,0.07603256926867175,0.018579304485704454,0.12361594322544106,0.041676661206531594,0.18343535706877048,0.5000020783096711,0.023606432301074922
0.04863538235855142,0.5014374902312851,0.04625704737141431,0.01938448984695332,0.06763262940300536,0.13090440439193937,0.048553271036422076,0.04859906332447315,0.08859622203595587
0.1644185918879798,0.08586409647115943,0.08262161931174343,0.07472923162490712,0.055437774407566386,0.07946424413140304,0.15516749437251653,0.19755426107257157,0.10474268672015269
0.019095797271800153,0.10023542620356828,0.1192548873781552,0.1999971349107613,0.07852536478437375,0.001819299575904548,0.07544701705257728,0.2074449444836126,0.19818012833924695
0.06566147897151343,0.07087567714886801,0.22166157574339104,0.005285444915075895,0.08633525152300027,0.021020130492230532,0.0884317343416881,0.38153305645701496,0.05919565040721775
0.045690997092276926,0.1506112101394498,0.044121577657079185,0.05491276202299069,0.39849395959883765,0.08437826349669503,0.08761770208074299,0.0512780122068525,0.08289551570507524
0.047926816626262435,0.010835241478400913,0.05305049670955173,0.5107605193969417,0.049149240816968635,0.02266765257613965,0.04615195520261858,0.17930114450949275,0.08015693268362362
0.16450107791967003,0.1665979957808497,0.069800795880104,0.027845809901750018,0.10901501215375042,0.06933594821553407,0.12336174845819699,0.15327335908501669,0.11626825260512803
0.1613867948795573,0.08928793909848527,0.16698701442118238,0.05596752555373219,0.10336588549158283,0.1033923725641327,0.127024961637767,0.036145315513130855,0.15644219084042946
0.26608698273214815,0.054139754493861214,0.07675404118666991,0.01274660247502108,0.15718061926560245,0.14052091766132707,0.06895941430021538,0.08670062342183671,0.136911044463318
0.05445867962767809,0.1209352005451701,0.056430419818468254,0.02752525874687974,0.2565737352579009,0.12373951729761339,0.1400344195650322,0.045379576363672534,0.17492319277758486
0.20517655083668207,0.09044358108665346,0.0639817859360454,0.033238769345961656,0.09967411847253245,0.07672016770026287,0.218183576025092,0.046103149827193414,0.16647830076957665
0.06096694059123579,0.03047697458378007,0.0856205789861843,0.13426225244877463,0.04365827462555821,0.08474599894375896,0.3943343238534814,0.119068887341832,0.046865768625394676
0.2898760962255417,0.13320494504570787,0.088188293860392,0.01189150684390577,0.20343436490393396,0.012492440700313509,0.17526300194012032,0.007953635449348581,0.07769571503073622
0.07008591208990206,0.16185342573021555,0.09691963915339859,0.07869701874756131,0.11734119539589984,0.10874691187455444,0.11241347567169101,0.17394119448585732,0.08000122685092002
0.042646811491670135,0.30266808227431785,0.019943350804196954,0.033707184641387035,0.29520485968344573,0.14264158575110472,0.03030291804658684,0.01444193361869404,0.11844327368859671
0.009162203545319008,0.18148206551130927,0.018196982144971875,0.005248834354708474,0.18211067055080135,0.04771796043991977,0.3555129817777211,0.16810894431411105,0.03245935736113806
0.22043245607767714,0.16367048033896628,0.03858496168438552,0.032540365956817745,0.15642520798539494,0.0609776416018063,0.09972876926851477,0.053469867889407004,0.1741702491970302
0.025630655316871875,0.044081537076389045,0.40900151389550654,0.01898356052915187,0.04011040878628835,0.013219038511417832,0.2181582258306395,0.16611670609999155,0.0646983539537435
0.006321360073576139,0.03516477742240271,0.11773125420973818,0.6125773508725797,0.07963783170044614,0.011127739541096643,0.0364128988843208,0.023422641192456756,0.07760414610338306
0.0715734745419462,0.1392230324634942,0.06582599440421517,0.03421865627007287,0.10599741971066025,0.010971414402340729,0.06933545526777159,0.4029460880728166,0.09990846486668235
0.1563523621923487,0.11313313960605971,0.18558349512956196,0.04369148652568989,0.17035633681684406,0.06837129489391762,0.12428406810115011,0.08304461579157918,0.05518320094284885
0.01890999611507602,0.015312748465222981,0.026943296808934897,0.05509679420989861,0.03956810585432782,0.622664597437827,0.15352363444721875,0.01501736064835478,0.05296346601313926
0.15136300599527572,0.023551642711407163,0.06926334051465605,0.02595745795115531,0.07971416856179005,0.41654564687334705,0.035492470899443934,0.13100812883114216,0.06710413766178248
0.1519733432373108,0.027938403863003267,0.08625640887637094,0.4069875728036653,0.06554947824656844,0.07697486064315441,0.044793933578683366,0.051213021219655264,0.08831297753158822
0.05732908256437417,0.002962180135983443,0.01795523645106706,0.1036790632529664,0.08708642073700461,0.09845533301423122,0.40612622610412125,0.19781857064921146,0.028587887091040393
0.21277232012299632,0.057295094784284316,0.14075286813205012,0.14899216800964613,0.15182074834954376,0.040364866468567275,0.04277874830345869,0.1235657225542481,0.08165746327520533
0.12242151696402492,0.04414592603913418,0.06307191130582931,0.019635108686725414,0.23707432529712477,0.14562682358471477,0.06406294227759357,0.15836037364959782,0.14560107219525523
0.03222945630269624,0.0377050484643322,0.11198175394841837,0.03960877589229283,0.0641178712037034,0.018456423544996898,0.16731481536767626,0.2965488780243464,0.23203697725153738
0.4287453632356219,0.16184334257505006,0.1250452529110113,0.01481692160840536,0.04660000413032351,0.07875073931016807,0.030024232773333572,0.050103817780639104,0.0640703256754471
0.15163269349169314,0.11230245712878184,0.21356551129737703,0.05671316358746822,0.08059306063711776,0.045813436048214355,0.11929166382752393,0.04907377598481438,0.17101423799700935
0.1204112329364428,0.06506637421524485,0.07529806465530473,0.030944770019296092,0.12191212793429228,0.05132621691513769,0.12641106589002074,0.08339552744734953,0.32523461998691133
0.04048777460788045,0.015238921827573809,0.06766414396279283,0.0595521129522202,0.06265585802022694,0.0140783377645644,0.15275645792766504,0.5624404311730128,0.02512596176406352
0.10980139604194372,0.15906456384397968,0.05676840854659532,0.20406923623773296,0.09398648360575936,0.17237479947360915,0.12051199170304588,0.04086228806082767,0.04256083248650627
0.31462996005623545,0.25089454519868043,0.04434138568026017,0.01856953917050631,0.05294474531908385,0.02358608759333851,0.22206122122025876,0.024368485922776944,0.04860402983885955
0.11389069035327493,0.13085123978431557,0.04810529499824232,0.01831384124981222,0.2244626090531973,0.16846227693835955,0.12553200853658988,0.030555784488087035,0.13982625459812117
0.3591530893759085,0.21561816688241464,0.11513251950630783,0.0320625802854278,0.05807971024487601,0.07333605503182213,0.013046593416629884,0.026611789494792953,0.10695949576182034
0.09280507927386983,0.1589108790035423,0.1022491264972009,0.03202032827342539,0.13664603483110777,0.012663417884072494,0.24942402300052394,0.10662949818059116,0.10865161305566616
0.055920058251692134,0.03953495215241987,0.19731191904728326,0.26388333896415767,0.2818092431836608,0.016424598745454724,0.026954958197155054,0.034548206409783004,0.08361272504839347
0.02248432242641846,0.10253825122368965,0.07662210978394579,0.15034961596146815,0.11197126941876574,0.0015955524176693265,0.041781447739143524,0.43138525760746155,0.06127217342143768
0.19629319019458566,0.04319466934875177,0.09309649552632866,0.03874329479761481,0.11433987282198321,0.04246581540275362,0.1528646832637254,0.21902620751992177,0.09997577112433505
0.15803034154910503,0.1416125538545294,0.26445262838656886,0.008203686873011158,0.09021925035616236,0.023917052787059506,0.1423850564856083,0.03178117550874528,0.1393982541992101
0.24527213578514964,0.13616842032389623,0.13277351944583368,0.02758216685675814,0.09257868180366469,0.00892859074992467,0.2803868073701485,0.05292553647747611,0.023384141187148377
0.12697202732871246,0.04188596094081115,0.012632982012692565,0.03135909102734799,0.03312184752302168,0.44513499333695,0.0338121939078184,0.07309012872300515,0.20199077519964057
0.10822640076640104,0.0670103009404313,0.08233139590656222,0.044502405764336776,0.12158397248546089,0.00868933537456352,0.12285331642201587,0.26118704530531545,0.18361582703491305
0.017700806733983884,0.020074114116360443,0.08922759507670101,0.34004954455471603,0.09113203801300085,0.06291276240131695,0.06572888316639576,0.24229931273266225,0.0708749432048628
0.037998287478863246,0.06715314356735641,0.020745121891899698,0.1788122639065278,0.06485060528760826,0.11548780767877982,0.2591195348400493,0.23013073316209617,0.025702502186819198
0.08252047068923496,0.09906191777898422,0.12402984322237344,0.12688575938619065,0.12409928286589407,0.04742825454158369,0.04973403960270601,0.1555414638918636,0.19069896802116937
0.3202143229588698,0.07907824353725916,0.21978600803410167,0.024010024704152127,0.04906097399215446,0.06635603212418115,0.10688410492793605,0.052459018963999536,0.08215127075734603
0.056341313713365045,0.03572805257239919,0.028965123179086366,0.23801401136336497,0.09975968311758554,0.17745415199925677,0.06313422942950252,0.2225527963141991,0.07805063831124055
0.3487615042814718,0.17411172531680943,0.07336294988341835,0.061316693789586485,0.06075838535447666,0.10711781411035524,0.04681446484948935,0.05791441604961944,0.06984204636477327
0.14110908208450965,0.2519151624368153,0.06372551637209566,0.046484518558175536,0.180182074612891,0.05287969221910288,0.10313457642120162,0.06852021750626067,0.09204915978894775
0.5117002649226198,0.051174009429633266,0.0785221161060777,0.023869014204053757,0.06620765740071684,0.04691908872656281,0.0918174591179598,0.04069399832534892,0.0890963917670271
0.10435371135406456,0.039641266617034335,0.1315460719709037,0.0532377173811652,0.09731928364698637,0.01362271263845678,0.18938970344938036,0.01673948672726944,0.35415004621473933
0.03277285979856826,0.044524646215014015,0.052307760016770864,0.03452849094143296,0.29475379195697604,0.03970691870153276,0.3719742406531434,0.07764120547785816,0.0517900862387036
0.03403568079207489,0.21105689916486914,0.07731690918925856,0.05012055105813984,0.11126318276126895,0.13217741979292533,0.25343940988693037,0.07266285326770516,0.05792709408682769
0.3101422156747455,0.053549503053674764,0.06276261279106342,0.018049431073926123,0.12972794157348413,0.03858729492574292,0.23504840047719258,0.06374450601143838,0.08838809441873223
0.21976707112230928,0.03626811747494913,0.19425237292064387,0.03473710452770742,0.22549199074988846,0.11258263374111037,0.07649819596660336,0.07223201478225712,0.028170498714530895
0.23346299080045743,0.20574850605045183,0.028123975785718732,0.023044273839886355,0.2014742692566427,0.034770455485897,0.13187984954598395,0.08429925866438771,0.057196420570574204
0.3446835320859944,0.07897961448822455,0.04939125656883206,0.04637606831876551,0.062458452774971085,0.058892244836357126,0.06093744025122814,0.06365668357806305,0.23462470709756414
0.06735347451336944,0.026534658557986677,0.026740625650565602,0.22762164556622846,0.054994800069733146,0.29978168740486494,0.06754453292086045,0.17694204508855205,0.05248653022783912
0.05995089987808755,0.04678035314938651,0.1781843091965175,0.018438218902145465,0.15544814569818255,0.0774392684261596,0.1550899197525499,0.26110052807798745,0.04756835691898351
0.01042700440487916,0.009087325670087916,0.07136338432981054,0.02071273828998667,0.2678789890477387,0.060709270279906365,0.3895721889891142,0.05314727173321349,0.11710182725526282
0.12302237668646382,0.026768257231703146,0.10826786765822023,0.033180455412772925,0.06122631625222782,0.382649953169884,0.14186861528391095,0.07320194535434744,0.049814212950469595
0.3581540683637589,0.08936230777982501,0.10278555889616263,0.024704098176583103,0.19573740103180093,0.025911243775902797,0.10242494651751799,0.04117349895612289,0.059746876502325665
0.058916472731032433,0.004082970574013953,0.54701485277949,0.053497716670824445,0.08441262937401765,0.012847028436024581,0.1135501913732719,0.03777175011370328,0.08790638794762158
0.011160955408192461,0.010016101445533127,0.0176745361893,0.07822070894680265,0.03400753208586469,0.08524393764589237,0.19969133910533687,0.4896598600038624,0.07432502916921546
0.11854979916031404,0.009940949248511383,0.0353505280989165,0.11982560633207633,0.1780788295010826,0.08748503992369627,0.12706903143162185,0.131606346344076,0.19209386995970515
0.12057706136223834,0.17708678347285134,0.05558095280645851,0.03447403457871621,0.23420380530782856,0.07636752012814721,0.10952935308669938,0.06639473495195307,0.12578575430510738
0.12452349629139277,0.11740203481271004,0.054391561075527,0.234028323327496,0.219851025377395,0.012339880272326189,0.03895154357454595,0.08348852536919904,0.11502360989940802
0.1435620347778668,0.04591218048976745,0.11616961661926417,0.05733615781395344,0.09678812016649617,0.06151250458407991,0.197757866650893,0.10659860048166853,0.1743629184160105
0.21121950059767758,0.0357693305825014,0.03489384168190391,0.02222528028616376,0.09588305254023959,0.2961771294637536,0.04099086450005324,0.21660062361625246,0.04624037673145445
0.18094731024196417,0.06750879422917465,0.14961604117075789,0.044183897112692605,0.18132854118516437,0.07928842727481229,0.0446891106370416,0.05871945637610496,0.1937184217722875
0.01421208975398437,0.018926150026082892,0.04493566174918939,0.023318419196480884,0.1393790728876433,0.01216216607194844,0.13194815551746517,0.5655666545040954,0.04955163029311017
0.21107827209174657,0.10395009065972122,0.05172946079150631,0.10587378487817711,0.077285305425018,0.04389310783863756,0.27440581111351153,0.08296893033095919,0.04881523687072259
0.4241733692901372,0.16254483353267754,0.06890849692130546,0.04050319763133764,0.051604087813363064,0.0836521771495357,0.05816006811280703,0.050382542121564046,0.06007122742727241
0.014791122367797513,0.06918499796260218,0.031569250204754824,0.10335510445237357,0.07664442578420573,0.060201865756529464,0.09651498726559492,0.5173858234932424,0.030352422712899518
0.12277181032093909,0.12570580802169187,0.03628889136559147,0.060626259753465604,0.3235898227015313,0.045147620669280165,0.05937598390103771,0.12318477873649536,0.10330902452996749
0.1165346628977828,0.03449393427727498,0.2841606613961488,0.02365180906732049,0.04199734820008235,0.029752897952855725,0.23616567164992242,0.17631124826046585,0.0569317662981467
0.07430095826748757,0.029958786177806285,0.4040765190992958,0.12640154388543007,0.10225244406435562,0.012338318462902231,0.13242784797324125,0.014015912738248348,0.10422766933123277
0.024584769430194466,0.10514119654398174,0.1503204890159475,0.029027857114045708,0.1392235299048069,0.021309746032101468,0.26760805364357804,0.1622754256828264,0.1005089326325178
0.005702838016889783,0.010298923789730465,0.04725181871517786,0.26700806406205607,0.06715228032667697,0.0387167401180154,0.051430188919262126,0.47887121560579143,0.03356793044639978
0.15267275043208361,0.03530570656827644,0.10455388214260518,0.223843408421998,0.14157319215305722,0.027115134858764905,0.10523285034841146,0.17100897875004306,0.03869409632476022
0.04233482138114155,0.21603737300586898,0.025438052807826683,0.11371108913712802,0.19845553453526374,0.05099752278828923,0.0897631069128512,0.20735254225152358,0.05590995718010705
0.28255191409234753,0.23902702131503764,0.04087402376132471,0.021941540124780713,0.06436580832078924,0.09782541103350773,0.048954260059279886,0.07459433686442597,0.12986568442850663
0.1894703856725692,0.04742727643259013,0.08300445392001309,0.0471822551050477,0.12418196913343893,0.19663223565006735,0.20123219275350368,0.023083509276427633,0.08778572205634234
0.14948895540509952,0.15206120155731437,0.031244484662132522,0.023481937203991596,0.10939020199484757,0.10166440417864447,0.21486525469782913,0.17100301954096667,0.04680054075917422
0.20494965958429315,0.15585793793810082,0.12686296395291638,0.04526380291409016,0.12952993084608663,0.04064513603616557,0.15295943209811902,0.02147678876226654,0.12245434786796168
0.14775026325726628,0.040854838992474246,0.02799569785101166,0.015171282008255509,0.1827205602967424,0.1371968387539108,0.2995207423041161,0.02247076011180997,0.12631901642441298
0.21577941214668236,0.04370492608766504,0.03975224425772968,0.06276465194782894,0.23796669584140395,0.13290200152072043,0.060877925750114255,0.08035256355763933,0.1258995788902161
0.25772374782336155,0.07705708682185515,0.07329527637567501,0.03954441015583135,0.1025436364475426,0.22405560644883435,0.10297681904273177,0.04089201929216734,0.08191139759200089
0.1917670544004946,0.10158945970694742,0.17637735164757407,0.012597247146649422,0.12444275856210245,0.05078563205191467,0.04885210846046773,0.24104194027796325,0.052546447745886286
0.26093061256877487,0.01166259970250654,0.10427658794058753,0.18819281270210952,0.08627752922524028,0.016884026276369115,0.2178792406482165,0.0707166565225729,0.043179934413622674
0.24545483478418487,0.1302970074660663,0.051159741585165286,0.06609068041758,0.08470660660004209,0.1830762120011371,0.04390087587750791,0.1063577808332722,0.08895626043504427
0.02918779601279298,0.11785976580767189,0.05953379329082679,0.07568495781266946,0.16458659528602518,0.19885201006495448,0.13255541864120826,0.1256908252055167,0.09604883787833429
0.042412415456044454,0.026363966972127274,0.09769733331049708,0.3031184287175637,0.0866071331692156,0.028016456700372838,0.15353602912372508,0.1207799307180291,0.14146830583242487
0.3275794147217818,0.1135942211573503,0.026689032397511275,0.023675299014577534,0.1585131853217415,0.05111737932332592,0.1521051257102498,0.05688576760354989,0.08984057474991192
0.04778298887034188,0.1326453077388542,0.05152416623237054,0.04520299029176844,0.21799215272120084,0.04306869774503897,0.11580680046317161,0.2968841239161805,0.04909277202107304
0.22203609324835397,0.03300665691250445,0.16405323609648023,0.034034949805926314,0.1697268826812389,0.05677476318356004,0.07271449207250442,0.14954989081507647,0.09810303518435531
0.19578094652156888,0.07790046377502573,0.05295935719627578,0.015387288659757963,0.08309626312243146,0.04271007050282538,0.24103801113424783,0.250688210133402,0.04043938895446498
0.19271956928134296,0.11728711672819475,0.2265451808183736,0.012628380731251087,0.1494540884493467,0.06670005575278447,0.11113091046493699,0.04607183153687203,0.0774628662368973
0.061971140227941666,0.1654165761162947,0.06800794373212814,0.0074872143267476895,0.08904793430663815,0.019930475497119682,0.304745078049209,0.12723348991072286,0.15616014783319807
0.14998053237753656,0.09898495780294192,0.029811657346567388,0.08109635638276988,0.23632139042474046,0.08967232680410564,0.05373533054557358,0.1112454328041806,0.149152015511584
0.2638506167214839,0.08335314960273715,0.2095359391279514,0.08351287000328854,0.0933461145049694,0.03747737033229923,0.059666895724910664,0.04356185277856938,0.12569519120379033
0.2389251450044615,0.19137123253997065,0.06173635185994799,0.00453076178189843,0.19472920675622538,0.021409197663257665,0.1094912386545207,0.035731403367190814,0.1420754623725268
0.04025459226715624,0.06579668191042563,0.11296072235431898,0.12449481185741623,0.07519388009939997,0.03606398203925223,0.21435001447058685,0.15592685055038538,0.17495846445105853
0.03031420396840431,0.041648493703366755,0.17438101312075474,0.06423454652304582,0.23705877961372476,0.05766551172711517,0.10483214950693276,0.09343282734351223,0.19643247449314347
0.14252936687875986,0.07384250067430072,0.0855506249868337,0.06669202207732645,0.17496422610325915,0.15441196312712768,0.1996340230731357,0.03073075013604577,0.07164452294321096
0.08013139925570144,0.10092835369867019,0.10946829336433894,0.186404332234689,0.21677361698320577,0.03353938148420462,0.11297652366667528,0.04627753326752244,0.11350056604499227
0.1073249229302475,0.03568658865902231,0.1295994533042325,0.3509552604968018,0.0877284218045747,0.08615472379019477,0.065815659008387,0.10068502346147834,0.03604994654506102
0.31964093436325464,0.2842385617485643,0.06506727811306613,0.0049121232243248296,0.0380717260889975,0.04435621235026035,0.05656632311369638,0.1280040548367766,0.05914278616105936
0.02573759783673181,0.1258655527084784,0.12094667005889252,0.18308864271628122,0.21752211834567814,0.026410744076151918,0.05480475425042227,0.18660399075521475,0.05901992925214894
0.042610975920064124,0.06430900163862156,0.10075600804354672,0.08674332097362696,0.13438055231848697,0.1368176085933117,0.2829619199725759,0.07880805871875125,0.07261255382101488
0.12540495658417275,0.045621754879799296,0.02706838697172767,0.04211068191737489,0.07715425653205439,0.4997564462079474,0.0336532806030159,0.09475758092861401,0.05447265537529373
0.12362093230608047,0.04226760785054745,0.12072634698319888,0.13979584130367725,0.12570496582596768,0.03655141835811509,0.16261840571587424,0.2027019557980362,0.04601252585850273
0.15379645425260213,0.06233188449816848,0.1520461241681171,0.02034097404005131,0.11844907806371958,0.06934915258880349,0.09506350141866811,0.23381352752732174,0.09480930344254795
0.04797558973690755,0.006766941994828542,0.0378378552712746,0.07504879363041611,0.1297534607731501,0.08162055838171933,0.28077662445115087,0.29007828069035,0.050141895070202815
0.2588743397325531,0.049377429809678484,0.04990661420386455,0.14864431277368903,0.05245079591308304,0.2508588041550095,0.07308027532410351,0.1000109690936123,0.01679645899440645
