0.07451326582411295,0.13595442010651496,0.028455676487291272,0.1821672090022759,0.038359423895400695,0.11670749260200808,0.07972299455584343,0.2046990777893906,0.13942043973716212
0.11251651161351195,0.1494547747198691,0.047521468085454856,0.041028488311070865,0.042254355056111005,0.0972368510670553,0.03473310158586518,0.3652677725793129,0.10998667698174895
0.06336412608762797,0.19917025458509272,0.016687477263598097,0.08442523447658005,0.05743792830174996,0.09592957821164545,0.18316313028298623,0.13518918903434818,0.16463308175637142
0.12639603887565432,0.07573306610791848,0.037481620254528246,0.10847640070786829,0.1347574018444694,0.15378246264180218,0.13954058349500717,0.15501348094273773,0.06881894513001417
0.1974642505289146,0.15502804009470628,0.11064903176798302,0.0049997056005342275,0.02982434411573419,0.14795289392253777,0.06518319357093806,0.06848367826779643,0.22041486213085548
0.13065681683224384,0.11197004388039132,0.17708061930133115,0.021299285218201482,0.044043068337111864,0.12502443172928254,0.026634447756894903,0.11235739222056794,0.250933894723975
0.2069686009565365,0.07481732546963145,0.06125649327361307,0.00647295430200228,0.16948338127666193,0.08891815422464427,0.09988752673169242,0.2230798719332241,0.06911569183199395
0.07045054646202552,0.07323110843279339,0.4165192752042935,0.04515217256810685,0.02526160633128578,0.0756858252701945,0.11654884183269291,0.013730080942398248,0.16342054295620942
0.09602437303218186,0.03081632664048964,0.20657286995622104,0.06208191193086132,0.1995806660221436,0.10963821196864848,0.13711147809575094,0.04421813490094853,0.11395602745275456
0.050526185138190564,0.1235819856909932,0.01655728067178049,0.0077938196911739146,0.015285779946025568,0.08589977425425312,0.021479015857684743,0.643192429504614,0.035683729245284436
0.13104529859608788,0.08043390461990778,0.08878855141896165,0.10641909072526079,0.2142252664249508,0.07239490353156458,0.2104635398579986,0.017836685268495085,0.0783927595567728
0.14622206099137344,0.04607610899536194,0.028857279093562522,0.09905796809552818,0.04937691741832917,0.09305664551375108,0.07784032069163827,0.311127681993047,0.1483850172074084
0.07058307697831383,0.02723658903031476,0.08662967798991926,0.05277556093930926,0.06646171324456206,0.07982697864374351,0.2066719347038064,0.012052321553544276,0.3977621469164867
0.11952476538330586,0.15556564061724867,0.05491692016216865,0.0396950161910898,0.12634347318630348,0.16865756591685135,0.06440147074604896,0.06951753244270341,0.2013776153542797
0.14988249376665422,0.24767581840183595,0.04821395451488422,0.013141617399697303,0.07525993992372704,0.14639159542532879,0.12345207465037451,0.08574989854330967,0.11023260737418834
0.22768277886282173,0.09005189284789215,0.019192711117923294,0.13594480839539994,0.039561822807290876,0.1537667234930139,0.10586542639487667,0.0999034628691632,0.12803037321161825
0.05165428737844666,0.13881154762191056,0.1316031364959573,0.19168070004302815,0.03566000573660281,0.143100122767184,0.04740289780095849,0.14402542303317384,0.1160618791227382
0.08460335219472415,0.1823293192140333,0.028171163303272295,0.006242193209539163,0.04594215165492275,0.1109891205245744,0.02629361823566745,0.43472337716812676,0.08070570449513974
0.06924472779959859,0.23226387349927613,0.031540460908146606,0.07984640910449936,0.1572898283328317,0.14872149756200403,0.056719606196323,0.1909217985115117,0.03345179808580876
0.2229893803892901,0.04889749876471356,0.029979022047499106,0.08064929573326936,0.04887653543026274,0.13764341391483828,0.25999834017839135,0.019571629436154665,0.1513948841055808
0.16957807550819118,0.19475893337204023,0.09025096972653934,0.0065492484025856295,0.02185695651075534,0.10666148398430601,0.053284615587787326,0.33487243927946847,0.02218727762832633
0.12537572209214687,0.11365919948751872,0.06997837888673379,0.09354641052857847,0.018894151450072307,0.2078663677279963,0.28307079102713534,0.03554118099272405,0.05206779780709422
0.20083310136317464,0.1296986457334505,0.03478101218716962,0.11180404356622019,0.0439778345003067,0.09000855438632399,0.04579445580348654,0.2943151296656736,0.04878722279419423
0.18018268885235092,0.06419697717779803,0.07158246465046282,0.0767100131605191,0.09985333844266821,0.0786461945169898,0.07704356272013428,0.03064305974082046,0.32114170073825643
0.05971607170984985,0.06961078287901917,0.08389448911267143,0.08258807767595476,0.21370231895059275,0.10423094322128039,0.13811211615024552,0.01952352682051624,0.22862167347986995
0.03762948168376718,0.08855769165253491,0.01813603969655266,0.10447153962233419,0.09858624254457955,0.07610465979840929,0.09001424389666224,0.30124210915490957,0.18525799195025047
0.05912402937736056,0.08535671018537455,0.037405895015380795,0.07750924512659757,0.042517252205157875,0.08350920116392939,0.04192389568060547,0.5364905129054741,0.03616325834011965
0.06492454112028707,0.21855776716635092,0.052068323042112286,0.012502494150909356,0.12251485162204591,0.10443378375477286,0.0677468291266229,0.07848831104918451,0.2787630989677141
0.07036845288612421,0.1542989859525856,0.03863384926534544,0.012955728672159795,0.025820822958255663,0.08420439082195474,0.031553885383783446,0.5346419785474795,0.04752190551231161
0.1951423543185674,0.2047824077817796,0.07058747739679345,0.015299970767407389,0.05956771246847218,0.14815853633730555,0.042333055426926,0.22846559582376538,0.03566288967898313
0.0366817326747518,0.07899141928684142,0.06645898830866469,0.02531766256735592,0.07842692292960292,0.15005287314767246,0.07927596426364283,0.17490113357813808,0.3098933032433299
0.05985282025235448,0.016214334270672384,0.1050636126408907,0.0317952280756618,0.12764802586792304,0.14186978975300102,0.2725504971809357,0.025117334641319277,0.21988835731724166
0.05703816519736335,0.04832267273190985,0.3368966433325015,0.03318966352483637,0.0689416403028808,0.07166939404985617,0.02494392628246814,0.28408050540876323,0.07491738916942059
0.044669053000948235,0.06022496783037426,0.09155303262747953,0.11299914306204555,0.06438586275477724,0.08777847833396697,0.08458266980211032,0.3595127784419341,0.09429401414636383
0.14152193529645343,0.0726148700100895,0.03541732803623496,0.014714153258358465,0.1665670727835187,0.09552590609063853,0.3045138034769264,0.10473328965046165,0.06439164139731833
0.13676112740066892,0.22267339995434146,0.18688154696505543,0.03984675337393243,0.042506750181312135,0.10459410926692896,0.03327486917667193,0.14055508323607915,0.09290636044500954
0.1989518148865508,0.10642252022717373,0.08967903815774665,0.014757178318850192,0.05931126194246834,0.15496614938082107,0.10920119115630088,0.13818269091698773,0.12852815501310055
0.12536368846830193,0.11269597181063029,0.15044773936637357,0.056939034574532976,0.030826675655880625,0.1178578221407202,0.05258392578122656,0.09319227409683357,0.2600928681055003
0.029946685779360802,0.023110584190710645,0.09379841235833038,0.07374140853979684,0.13398621611740616,0.08188932658521872,0.18503456190789033,0.04228259534685371,0.3362102091744325
0.12320666656166579,0.0877296196328146,0.09221212641704635,0.08441062979629622,0.026091238415426172,0.11947526876319998,0.07978550661187216,0.352275424076464,0.03481351972521481
0.09886274878740665,0.06874707132697647,0.23541056455010825,0.033605477876855146,0.04179935484361642,0.14464083148847504,0.0923813974451264,0.25814747191424287,0.02640508176719268
0.04647418755473492,0.03847850656902894,0.04495548685610277,0.442003081943489,0.0635611027296817,0.11708854338867618,0.09607541899785155,0.08705006995532172,0.06431360200511321
0.21732502407059226,0.12815633716706498,0.09095976905185858,0.07964911128766733,0.04609232261182161,0.2747322751793017,0.06702600631444729,0.047653249925449316,0.04840590439179687
0.08666536044398242,0.04517743120387157,0.12887097557672572,0.04009965654097445,0.13536989547267722,0.11240813401032394,0.36864490031222696,0.02904031290876684,0.053723333530450924
0.07712841671233443,0.05732242784989564,0.07743047544026832,0.2731699205220039,0.13539953690682846,0.13164695816583322,0.06343334342075248,0.020750268521908963,0.1637186524601746
0.11360101341185658,0.17096872710088204,0.028494717306133604,0.035066327330702134,0.02885620369453532,0.09244080751389662,0.0918579140416772,0.3619910149445313,0.07672327465578531
0.10238760716448375,0.12381821589698122,0.021694381831795635,0.017705160122380798,0.0504930748334215,0.12820462495194665,0.11681271670296227,0.1300427680688032,0.308841450427225
0.1615165158534777,0.18668972952139326,0.09278692240370097,0.03154885760896273,0.09831496139047792,0.11213158745098116,0.054702953339736786,0.014253640202226867,0.24805483222904265
0.13899400068057824,0.18691655381905883,0.028242952030850477,0.11325483972702294,0.08412288726329163,0.10189156767384171,0.07136480676847623,0.20908645772030474,0.06612593431657514
0.1882143928582555,0.19229833860321113,0.03478303277889852,0.066787478787607,0.09487305231727287,0.07239458637573722,0.029565369522286278,0.2373824343241027,0.08370131443262878
0.021192004953734595,0.018156486721793565,0.1345702845101959,0.04132762163378969,0.08435670886176883,0.1588301967471449,0.1793821774368319,0.0006871015535665222,0.3614974175811741
0.0653009706893448,0.13816299989235173,0.1506124723767185,0.02363638583561999,0.06363623387837565,0.1028340611626985,0.06824734642933575,0.09712705898911274,0.2904424707464423
0.09536500790784945,0.18943967754359448,0.1089199368235228,0.04909848764052612,0.06668474470398679,0.12330914713077333,0.049073172687641754,0.14210977649003345,0.17600004907207176
0.040680838499325626,0.03387118746645282,0.03259075424753236,0.08228051657965046,0.1505560247618025,0.10660181607213758,0.26889151063652655,0.03686067372375151,0.24766667801282058
0.1434686190687953,0.17694850631066147,0.038349632055655,0.11880430802065178,0.06909067116661388,0.10981715507597589,0.040233719042914166,0.2636245362712144,0.03966285298751809
0.04708904449436432,0.10364857582854343,0.4522326197465533,0.023577480910772147,0.0689104791880555,0.0867610055102505,0.0934228393306308,0.022377657751995333,0.10198029723883466
0.1261389203664989,0.02324293684681969,0.1055409567555587,0.12044004012682397,0.04160249847335424,0.0950677427568258,0.3809236731110191,0.029613046795591614,0.07743018476750796
0.20958280966509948,0.21960051217485851,0.03797427574729086,0.023644756293930067,0.0767937179913638,0.06360406533634926,0.023823845149638066,0.32226512324645906,0.02271089439501083
0.07815022685863364,0.0460822666225388,0.04886859817446517,0.13433185683189977,0.09519810281614856,0.15575473601122825,0.08445233897276018,0.09979564640993994,0.25736622730238573
0.09162196252930706,0.06471131590429884,0.31976359377444163,0.025573548416709658,0.07485858805754522,0.10940764621556069,0.1530876298740966,0.010096291847650018,0.15087942338039032
0.06500240053242021,0.13997571555739607,0.026853462173538234,0.36813689291085927,0.07991135918914734,0.07603135909393545,0.06071346449696896,0.02985514086890333,0.15352020517683115
0.08694559307163711,0.042209887906140664,0.052304702531686474,0.09654739596965799,0.12854645959004818,0.13687841866038175,0.2630202919995193,0.017151105512633238,0.17639614475829532
0.07523277207823016,0.13680265638435488,0.01831604983214842,0.05426024587212219,0.2406740823976284,0.15742641801783538,0.22878908292551545,0.0256763137171498,0.06282237877501533
0.054406336514017765,0.08539987086751581,0.028943421355663718,0.34524740681869304,0.07121439392892405,0.1470138943769923,0.1120420943940969,0.019760535231622363,0.13597204651247408
0.043450379944004136,0.04673517620015794,0.017774367719978257,0.4024798521121473,0.12999417151298762,0.09909346325617169,0.04665991399300884,0.03751087926323699,0.17630179599830717
0.17886132424606224,0.18697559077608658,0.054304694539400095,0.09810259525101868,0.10687522825663548,0.15056372998484618,0.05637090145319898,0.03987641162574264,0.12806952386700918
0.03257141368869639,0.08159108337082767,0.5115457864855804,0.11669819215852806,0.043323723391376724,0.04927113107740416,0.05774256591249688,0.062481950261215974,0.04477415365387377
0.11838980608936966,0.07865861259994691,0.09444729888259999,0.031142217877485123,0.09185303158745085,0.12782965874669489,0.2915385010166253,0.00544185372062685,0.16069901947920054
0.13378191442907025,0.12547578447223368,0.07918710767097714,0.017412470053917814,0.06464053254239897,0.145829141828448,0.04271913347367951,0.3206775172986791,0.07027639823059548
0.1463166291344878,0.15833989181529626,0.07880186832288416,0.013957949479815214,0.04047246675726611,0.14685554605541584,0.04457002390103953,0.06272181538182771,0.30796380915196736
0.08929989117915516,0.11130286758746234,0.14186261940143974,0.011969733267216466,0.06939774588447081,0.14761277393021835,0.038457977119983854,0.3183916540816289,0.07170473754842437
0.034709508712594025,0.09303288534478227,0.035770768501967226,0.00976839934098951,0.0633969109617362,0.0937434537331862,0.3111896042008107,0.007150798709075132,0.3512376704948587
0.07975660931883005,0.11489589340251616,0.06568382796009115,0.02941252746888261,0.20596966043610898,0.12484993321187406,0.07809329769394037,0.2713681481386904,0.02997010236906621
0.08087604152440296,0.07343887570607978,0.025760771919262366,0.04652215464774558,0.023262388062835187,0.05514163669467872,0.020722271315641298,0.6230615136486776,0.0512143464806766
0.13426899483479504,0.11993485131098024,0.09169769258009851,0.0383337487510123,0.03978778154403445,0.11952176722576335,0.2004172468841768,0.011246851272647447,0.24479106559649186
0.06597181329646165,0.10598335442407038,0.024018726027874405,0.04446374664517407,0.05773834858573749,0.07851978459767954,0.031338125588304705,0.5635626672895496,0.028403433545148033
0.09236214717631981,0.12305471094348325,0.07231079231100461,0.02860924183431295,0.027417359148757425,0.11918105402575886,0.05162894659182774,0.4687674480205603,0.016668299947975026
0.08137142833437515,0.16787695471434164,0.01950448628797305,0.015362173689814162,0.04962425676816699,0.17322658386131562,0.14483038872462597,0.1685201233762426,0.1796836042431449
0.06920729893960346,0.3826714924498063,0.05888313464622876,0.027827068698650884,0.1649311825714376,0.0912081066378591,0.027110851934046203,0.0575478715724785,0.12061299254988907
0.12277279852023036,0.06430492862841201,0.08514380196038458,0.11048143725349245,0.1461751557050227,0.17732181146894524,0.12489604710847783,0.1342852173449516,0.03461880201008328
0.052708205330227555,0.09259423759021539,0.08120805067005953,0.045293419089189824,0.0844233076497624,0.10758030047694406,0.14491523723053223,0.23952369034887225,0.15175355161419682
0.041545121011219,0.06409171299453932,0.06513670924457433,0.01499819182405096,0.06728243539323348,0.1560488634856817,0.04003247074831689,0.42030765253845287,0.13055684275993146
0.1520841766569434,0.1588659176455772,0.07356040174425281,0.03823354347650509,0.06411198501938982,0.1260023944549867,0.03825401499880858,0.29501113108814625,0.0538764349153902
0.07292173110950871,0.02451372289201234,0.022246287854201654,0.06806396787374619,0.19155771774631983,0.19956755472995957,0.2300032746088615,0.02417499041852493,0.1669507527668653
0.11078235623567029,0.049503677699926,0.03943983698005337,0.09510339724364436,0.10162638248808586,0.09442327305537428,0.3473580994609357,0.04519050029015844,0.11657247654615167
0.13960294110985996,0.17454541717642327,0.1923697830042179,0.03716160243077283,0.10934127126025224,0.09979816428030235,0.07731234063748577,0.04120996503247413,0.12865851506821155
0.058853743629103145,0.0569716610111689,0.07716070645765104,0.0398880780344086,0.11102641569755621,0.13408430805730684,0.23801495579666132,0.007402597138557382,0.27659753417758665
0.2128212216550092,0.13867134083459762,0.029356800682442924,0.10158330937673937,0.03133912848447309,0.10763391525802701,0.02228656246441887,0.3316539614344001,0.024653759809891786
0.13871560159773227,0.11982457165596434,0.043729747928735525,0.022343790771219344,0.28193283897278987,0.1888202298672957,0.103741492074806,0.015468039691316928,0.08542368744013995
0.06911069370296573,0.055679826436618014,0.03590669325346887,0.2112960054862746,0.07057853889716,0.18587920306432612,0.24479398063782506,0.01118256135752734,0.11557249716383426
0.10411420522744298,0.12033584669731145,0.10488125048525843,0.027034111654392828,0.04615548024104137,0.08978550654811522,0.10078262385023178,0.015572218477632177,0.3913387568185738
0.01763117753994292,0.0196708276495769,0.010398253282499452,0.32574037962972174,0.11793738997898003,0.05817196905920932,0.12496671646510628,0.14022804098339872,0.1852552454115646
0.2255557460318344,0.08481720380016562,0.06035647269432041,0.06793090835795189,0.12693462676764636,0.1344638257734639,0.23383077859650003,0.046223209869585696,0.019887228108531604
0.03847794508728771,0.03817272289126336,0.10825071204909793,0.18143866442621073,0.18717243200012965,0.058051128230917466,0.19446847158320404,0.00389770767253044,0.19007021605935867
0.21980101568008356,0.16911670280280822,0.10348493352516834,0.045285860242959164,0.0759940653941923,0.09997906099661337,0.06532943172499962,0.15566394641538295,0.06534498321779243
0.07239077206225374,0.10627897283047023,0.2860642353699752,0.0509587725098149,0.10213835440180768,0.09750032817895148,0.17285895973863322,0.07220632668924411,0.03960327821884945
0.11470549201193203,0.05760736533311508,0.26998263897649993,0.10218499238204425,0.03231987449850728,0.14199707995170024,0.05692781743919054,0.16559412998306747,0.05868060942394301
0.10456616034571514,0.0699249232632524,0.13177274934563,0.041000715598711344,0.1543683364899921,0.08402182272065921,0.06935013100115357,0.012481006707972494,0.3325141545269137
0.06864462628037643,0.07747477870342859,0.4308466768690482,0.04993204671817364,0.055550906677984235,0.13265990661936536,0.06699449407340936,0.04759425857293876,0.07030230548527551
0.06261553939920143,0.12289216692382049,0.02355363031713777,0.09344889296246178,0.03006915126215617,0.19085346700986716,0.3665610961264836,0.010159475373055253,0.0998465806258163
0.0698987881059548,0.10349832394242824,0.03161706283336624,0.06518206454065832,0.16075809863443324,0.13541131477309717,0.27445850134548605,0.04776955501851674,0.11140629080605928
0.16193440822896157,0.16005226025820898,0.06503844745742703,0.12313341757726744,0.06677915735410014,0.11506226813382144,0.02628129454502506,0.19498344834239864,0.08673529810278958
0.17047272304754632,0.08281420227674463,0.06019112367124407,0.12258677933480085,0.04761764945854293,0.1638660203009367,0.04273249949927028,0.16369665092923263,0.14602235148168166
0.026588427339006446,0.03959133836462978,0.18461672436863244,0.028483598576290358,0.1706658502150771,0.16128015729364875,0.1032320724429404,0.009229518790720358,0.27631231260905437
0.05856178169114574,0.04852714628602259,0.08168991764706206,0.009188614690284863,0.10591978174811707,0.15291813835255025,0.320034468898644,0.19290045153801072,0.030259699148162702
0.033837106005776114,0.07511072942195983,0.48382931848491184,0.06220757276434008,0.05021280023432862,0.07733462106777982,0.06459892522039594,0.032225059910022086,0.12064386689048574
0.16316143779745904,0.09579887166596941,0.10737855325534612,0.10627373404242518,0.06077312880856082,0.16869698043050774,0.06107322311086912,0.170205330458949,0.06663874042991354
0.049463721131755185,0.040625642526791995,0.07092618449229622,0.4535730302013235,0.04161253610122756,0.04862352659644934,0.03525742063361756,0.2057011826630215,0.054216755653517
0.10489174100278313,0.1064843862136169,0.07925651474732419,0.0911827291054248,0.04832801794473634,0.183078041511424,0.16876008498767844,0.11489477221083037,0.10312371227618178
0.1639422494815949,0.10116154902460552,0.0444242827113814,0.11136906717125798,0.07463958956904133,0.18847932559236866,0.059339688027478764,0.06332134303194205,0.19332290539032948
0.10246402878657475,0.03882666782350879,0.10755455563582189,0.033348827086075866,0.10671517384089069,0.10637345989987435,0.13632766572848448,0.23637463064102804,0.1320149905577412
0.14550045181779223,0.11071493161437651,0.0646083470075642,0.13506769150330072,0.07612246551179658,0.1383549677782682,0.07081131923877676,0.20470279353294626,0.05411703199517861
0.0716899996850965,0.07012964406105728,0.12577341866846312,0.06367326510425615,0.11565250369930193,0.15367918412963802,0.05553333020860757,0.25464237393611344,0.08922628050746606
0.09575398455550004,0.0908167436065121,0.2769856367603181,0.047985287068267914,0.03257530797260916,0.08955536767051979,0.12092362121921392,0.08255844935911656,0.1628456017879423
0.06450835832178427,0.18634164814340184,0.45356060380082175,0.037531252856375104,0.029650820370680658,0.05757287982388162,0.041387199722995836,0.031193308053931158,0.09825392890612779
0.11183437061673944,0.10310771757061561,0.07486324908339265,0.10009396559929173,0.042480556848767614,0.09527901660229765,0.06346021612704916,0.39754088825768363,0.011340019294162508
0.20066697464270877,0.06229614060865967,0.21685356845459278,0.053279121202870934,0.04488291244531476,0.09683548560998378,0.09757922812290394,0.06900067517725322,0.15860589373571213
0.21324729541556522,0.08142925198276263,0.017234182658872083,0.07673795483255101,0.07621228852767457,0.09477177461117982,0.03754490681554116,0.3845156221013462,0.01830672305450726
0.023321808479161408,0.02819590217954666,0.014576742997656386,0.01711342524275126,0.25271576715537103,0.17487722546329845,0.32858686378048124,0.02096433109609039,0.13964793360564323
0.058947669019849415,0.052402404423088904,0.020386410686218576,0.26510140540323107,0.1603753701191235,0.06951976542719163,0.065278986115779,0.2176480910904263,0.0903398977150916
0.14249833020548738,0.09785199598381321,0.06298943101732436,0.03973131240887302,0.0629247706512802,0.11010758124963148,0.13259952084039447,0.3152428425788576,0.036054215064338174
0.08133127061845148,0.220309429634407,0.03863894443478329,0.342259346311328,0.02911888870207806,0.09010955932558128,0.07550519153177977,0.09205972181981226,0.030667647621778805
0.1260705119330798,0.04309268025730106,0.5513994017774569,0.02655112263254943,0.0418027168594457,0.09337795167631419,0.038394995984036666,0.017242701900311446,0.06206791697950471
0.16288166029432674,0.16045465199148315,0.0787878664660044,0.16831861988002098,0.06954100594161705,0.14053815510863435,0.04167926003037181,0.10295016412679237,0.07484861616074907
0.10143941415709927,0.0468827288532101,0.18689844418846138,0.06145951130521846,0.16426359639622465,0.13144509058497608,0.09593563725317307,0.07132671117854154,0.1403488660830955
0.07929929722895109,0.0323067070599625,0.0140746916782903,0.25249965408304964,0.03535635767861355,0.04674689205298643,0.18893221851210376,0.004248183507457186,0.34653599819858555
0.0418004696647901,0.05905298335287307,0.06526717691639496,0.13126338583519606,0.10570892370674818,0.15919969567983075,0.08872375715108897,0.13617676513534793,0.21280684255772997
0.20069421403215568,0.08315733364803785,0.21400585744529665,0.0396213752876362,0.0398203083594929,0.09407268637532919,0.04563002326071033,0.06149570345416683,0.2215024981371743
0.18976031823866069,0.12018188448421412,0.06923725941790405,0.01390856072945682,0.13520314589171287,0.1384895154548913,0.08360558389081058,0.1665463751839896,0.08306735670836002
0.14327562305537447,0.11689786189311696,0.10189288366842324,0.02110602091791677,0.20015636292522002,0.11403317848715377,0.18949339650424724,0.0479644664361508,0.06518020611239667
0.16905127795700362,0.05131576951710735,0.08718954104118337,0.16106352415724223,0.03673413059892044,0.13751416936724906,0.12068740131552687,0.06600378011643003,0.17044040592933707
0.07403457183861152,0.07583392439581653,0.038264474243588836,0.04236301126959064,0.1890093709478192,0.10574662842558241,0.13273850619213945,0.035807651342686604,0.30620186134416477
0.3392634936038175,0.10537979215003546,0.08058820605650115,0.02900038422143149,0.17237979353113567,0.1414561823141471,0.050219605418575904,0.05589254701936255,0.025819995684993092
0.08431337880980645,0.12964419128377802,0.21619900875497625,0.01875745629266784,0.06370929565142015,0.11348848910535803,0.04478412667860709,0.11479170440209692,0.21431234902128918
0.07449442425627278,0.07476115336595529,0.032154596357198466,0.018971678531034056,0.04015922142919429,0.18437011223153701,0.05114706030863886,0.4353111452021152,0.08863060831805403
0.10478856804491278,0.07652297405749584,0.5432999063368454,0.10167042290146282,0.02625724727693309,0.05457615833721432,0.03465337876023732,0.039969716421651605,0.01826162786324675
0.08882306856222134,0.07629046856078092,0.4778127890909269,0.030452413646905735,0.07034289620720009,0.08810753542429246,0.05275573448857344,0.03869809863635091,0.07671699538274807
0.058064760426562105,0.06069711257097512,0.024024552104722496,0.08149866332422369,0.026437707377487015,0.1013723984721953,0.024158940025870917,0.5857196680213553,0.03802619767660805
0.12009245458885144,0.0502073528413336,0.21102075856768035,0.15234647278551458,0.09190751950912505,0.08657832276843806,0.04527841490427209,0.1038029121174861,0.13876579191729868
0.05954314513913576,0.11949116297668248,0.041414775233796906,0.23134488588097443,0.1290179772548962,0.12335330964998241,0.04357631053727548,0.03201686525783929,0.22024156806941708
0.08224451958532708,0.04593991298889877,0.06682879110029222,0.040863370331022324,0.1313330799633785,0.1321072260614777,0.13411093224414364,0.05277425418229085,0.3137979135431688
0.17278570223470593,0.1456858840126316,0.08785364270545852,0.05692656068900718,0.22197877913238573,0.15098422021230531,0.06070526681434891,0.03511728441394968,0.0679626597852072
0.11384821938896539,0.04467267869447094,0.09252036187941738,0.044460287061442526,0.04964605968787239,0.1522870510134978,0.0755014783048111,0.03686425050782655,0.3901996134616959
0.02599029752545379,0.039210456134629736,0.07352541811781366,0.4526719189111701,0.07522095701208768,0.06530552781755698,0.10353653751427043,0.014270508257235498,0.15026837870978213
0.0521075302725604,0.1787731351301914,0.14742582363966583,0.015918390058554027,0.06290761292456512,0.10281064717828048,0.06846252920355396,0.09745793569352512,0.27413639589910366
0.05785738902169559,0.03718731120043627,0.18042164341343847,0.05454549268195866,0.2272069285417286,0.07407989796466725,0.07970426042170219,0.004104739457500318,0.28489233729687274
0.16632882606217556,0.1232171480473578,0.04502019946205347,0.04082876374931078,0.03412738947567207,0.06246393352603654,0.027407302201519348,0.47998081132002507,0.020625626155849352
0.13467448624679476,0.09462734250281342,0.12388168385511127,0.07747100583058524,0.040571516139811636,0.10650395371878829,0.04889217735278053,0.16270205119506204,0.21067578315825286
0.11479842627332786,0.04763881453988631,0.3562822953907497,0.024263073776574995,0.1043231150248428,0.08619791292750456,0.023384890909243766,0.19236913891197763,0.050742332245892446
0.06943786542488632,0.14562875604800796,0.08567393200541895,0.3473752333157567,0.02464141531190601,0.09402746212525587,0.058579577621947765,0.08402865137108767,0.09060710677573268
0.126979287036961,0.05968026743974605,0.16191918178477832,0.022395130986072338,0.06313457542906582,0.11029582116161261,0.15773409092542676,0.09796842584477317,0.19989321939156401
0.20982628951291157,0.1932056647232178,0.15556786269293885,0.05224695502883107,0.05457274766950765,0.11622249886505492,0.05320787740214089,0.029083076110851425,0.13606702799454592
0.08380669489149416,0.10023718608349313,0.027826105414717875,0.3583802343623638,0.03644808807354302,0.08564927745252775,0.08649335146179522,0.09339210114330414,0.1277669611167608
0.07460558832576696,0.05393654372046581,0.026687239836494594,0.16081437458645995,0.10229266080094292,0.16150087039524086,0.2363827345514038,0.11087227177018737,0.07290771601303771
0.08953997862331124,0.2035384048883168,0.0610680467423399,0.04807573426312353,0.08510356950354185,0.25448527390304226,0.13129869793310614,0.03925991043679618,0.08763038370642218
0.08198323963367525,0.10536027764767708,0.11299178445179177,0.02833844663826669,0.2237045280311921,0.11783565991192657,0.08638829094591227,0.018661299999826006,0.2247364727397323
0.13634682448285596,0.06833979326813198,0.0548912466973,0.022956899080220083,0.041197249148438066,0.11431465120899785,0.21838157616242218,0.2646007616997281,0.07897099825190575
0.08301278267159636,0.07729753776968822,0.09377864791795783,0.07359674900598105,0.029048371366907744,0.09224101349205405,0.09033838290411737,0.25615863027565594,0.20452788459604143
0.14692636703876408,0.030774428469047755,0.15507686335964677,0.10077479911102123,0.050050798575306275,0.1600112375356121,0.08248751733625943,0.01695739129655065,0.25694059727779167
0.043855787684271785,0.036257775241362394,0.0946033895588142,0.13845552268419006,0.19068608733997963,0.09250666027486852,0.33927869126063764,0.03128270241761007,0.033073383538265666
0.07450558580003169,0.06257917204841366,0.01413761346699631,0.2620509200833352,0.1144827396359368,0.09933912806342954,0.059817361781733275,0.22989123315996318,0.08319624596016027
0.10413117733612093,0.22488871174730954,0.06160382382740084,0.05168450351100894,0.04466470406945322,0.10395014062101655,0.02168353271753988,0.32047470927744687,0.06691869689270324
0.10110372799381752,0.03643813653048116,0.49801372929692,0.022043532910601866,0.05272731216053802,0.049190118511097614,0.042444641468965615,0.014077025380060991,0.1839617757475173
0.1550620747226532,0.0427837211124428,0.06475270738117946,0.14571073740853682,0.09063248214157578,0.08611672803742969,0.07270888177164321,0.2355194602599101,0.10671320716462886
0.018463546086231068,0.038101298696130825,0.022864700627322886,0.037835381301823706,0.16053576613797832,0.14722907232566498,0.17985393407493908,0.004866880020894999,0.3902494207290141
0.11068179290504239,0.17996662189665105,0.24807731083197068,0.05163356629956701,0.051427323516952596,0.09881567317297059,0.031185190186102867,0.19944512755438656,0.02876739363635619
0.07632871090912739,0.07101905023728286,0.05169577643375525,0.21617759280641133,0.17190103301650303,0.12242466438979771,0.16259278515587214,0.052478170274077786,0.07538221677717255
0.0314317296016764,0.08964338141302303,0.13154108920854277,0.07137478347153746,0.134912864806708,0.09977761278022364,0.15910514697840597,0.19702577404118415,0.08518761769869858
0.08580417146617796,0.06399210236214113,0.058800166261138355,0.18213110536766716,0.26992294296662994,0.13345144799115186,0.08273116293500905,0.03895195689146855,0.08421494375861598
0.1645559635638598,0.059798965406588266,0.1173517604458064,0.026605896412878426,0.08138745618607074,0.12946050932349898,0.06756205570748779,0.2569224497024177,0.09635494325139189
0.0929664803647468,0.09477915022265304,0.12310063420715696,0.1690925880908732,0.041428566770779884,0.17073062047710166,0.07531605755635833,0.18244442448400222,0.05014147782632792
0.0536599481995397,0.059027193894489204,0.12332855276518367,0.136192305461775,0.07949306335933805,0.24980298043219565,0.08932391865455229,0.06679937296737598,0.14237266426555042
0.1702994104664015,0.06811528383956744,0.15324286793451286,0.07967886201484614,0.03975593363719379,0.12573518022575678,0.06070398460913159,0.21303895962000616,0.08942951765258374
0.17194433301593892,0.07296347614291977,0.2041781905899247,0.01445227666204294,0.08791779118513465,0.07303103250035868,0.04421570164124683,0.17244770876656054,0.158849489495873
0.07080972356318069,0.09258981441383796,0.109465178165825,0.020824438375759046,0.041330298714728715,0.12486826076362005,0.3507308275840668,0.0014135382672720135,0.18796792015170963
0.061118715603563356,0.06780581613671118,0.04664443575627581,0.15187688885642225,0.11964258801518383,0.16381391086080238,0.2760657629669457,0.05184898633422579,0.06118289546986965
0.13729208715078342,0.10026424659791033,0.0557401186763458,0.09085576346556119,0.02775282901076742,0.10109173089829926,0.04729055079593835,0.33771388878207764,0.1019987846223166
0.0642009930850317,0.13651862612663945,0.17444937228288696,0.03356137774177597,0.17613297102716574,0.14433817844278507,0.04526558683983084,0.038452135339572875,0.1870807591143114
0.05274345626669195,0.19387514946638085,0.030317057805454132,0.08151037801357112,0.27161411859580276,0.07004348497320922,0.09564306055117162,0.027185499226883836,0.17706779510083456
0.21060964934397244,0.15762502350647192,0.05440637916715396,0.049747133384927776,0.019316534684150566,0.06571353342601514,0.047905775667737495,0.39024410456736564,0.004431866252205134
0.15249969734327826,0.04133484263433773,0.14087885021047655,0.06001117898192008,0.054038502819032726,0.20590032321211435,0.06657399363388215,0.1136068315713133,0.16515577959364489
0.07156212501903596,0.10883711629098332,0.02743245640038948,0.4846665683944948,0.028065582331621864,0.06826632125190246,0.03980899732954691,0.14094417296487008,0.030416660017155178
0.15192551399217077,0.11542270056063701,0.05577542936471397,0.022614820421316004,0.025839192853228055,0.1270161196163161,0.03207499133268904,0.28599212616564934,0.18333910569327963
0.06395385786651483,0.07243170977750653,0.03636969740836566,0.2045125796846614,0.06333417756411502,0.08001163465668569,0.09063317253496454,0.28881392794620026,0.09993924256098606
0.08066744855405299,0.03804490649680408,0.049983920647376584,0.020386581754952535,0.043852220367449624,0.18544218596854545,0.20632800565326284,0.30326973500190707,0.07202499555564885
0.13455442393909733,0.07580146209294032,0.18906700464067494,0.15379320596938129,0.05314044456083402,0.08264768958863074,0.08296638944872194,0.02925684290084633,0.198772536858873
0.10746891894787802,0.14902933199095672,0.11178603591698939,0.21877236190335292,0.06784986072541054,0.1272958164495286,0.06675351580436348,0.0125381523129251,0.13850600594859522
0.16650830972768568,0.05536807692406461,0.04936660543864771,0.04713059794201963,0.11233539085688256,0.1961300219407942,0.32454364763398885,0.012845853973028051,0.03577149556288874
0.17397682966528075,0.16298591197151252,0.05447814496190386,0.02513269223514771,0.020065446127901846,0.09755861744317616,0.2099164324675543,0.16245001088912195,0.09343591423840092
0.12787169245424398,0.1301082319644162,0.16932024406089072,0.06352233238192188,0.031677003534595384,0.09473251430411989,0.04253208470710956,0.25503318192208185,0.08520271467062056
0.04935161690425829,0.0658113330258,0.058190376509170555,0.056558979522900066,0.10921821143339194,0.09617177435633177,0.16845187776814277,0.02920697559332675,0.3670388548866778
0.09758482093543026,0.03337341745200432,0.2488851843563181,0.07248836757326586,0.11895037159434214,0.10372680067273239,0.2778359481367217,0.013847594838733207,0.03330749444045215
0.10931123627132182,0.0364246240860068,0.08200930084630707,0.009193787510146871,0.07361846075736021,0.10989912521035762,0.34613161719941976,0.03611065135125944,0.19730119676782043
0.05923968741899619,0.19113534729517678,0.040179047194603364,0.25959257281288367,0.026391103586349145,0.10587757961843401,0.08784962945501817,0.02431009942000412,0.20542493319853458
0.28512922317170347,0.149804771547728,0.13252073268082165,0.09466114041638042,0.022604833429171675,0.08616623086232307,0.028398004512719354,0.18188082381744733,0.018834239561705064
0.0912933169365772,0.03437232508460033,0.07037015759031083,0.0501350147915904,0.0791251701113299,0.10105295880489688,0.3929160056600483,0.05486681722919171,0.12586823379145443
0.0873503633533479,0.09393974452463046,0.19948474191834997,0.05170959650307085,0.035120589792692954,0.14756397414070585,0.14456238074401098,0.023527841657549054,0.21674076736564193
0.0939363938562839,0.09868130243632095,0.09915054355753133,0.032171333658730886,0.08210328994666076,0.17933994356478747,0.03178700851800711,0.24776597102542605,0.1350642134362516
0.05397512423578361,0.026082105180302944,0.15914305766299294,0.044341651687798744,0.14813690863191184,0.1085044834415353,0.07682181943339465,0.014328454139035253,0.36866639558724473
0.05344315205787503,0.12858182094530343,0.5046426147731146,0.06546608341534133,0.04283261986173842,0.08121804791529634,0.03583211052186382,0.05156547973931868,0.03641807077014823
0.0858681801603746,0.14292685486415121,0.1753420290221387,0.04156241933625627,0.18112760683107676,0.11960964210131853,0.1226174712484308,0.055132403923797646,0.07581339251245556
0.07376822407279802,0.0469258070423443,0.1075481507606814,0.1326880945163701,0.1207917514322337,0.14992025621595884,0.14714827000613537,0.05164599387357514,0.16956345207990312
0.03867899432163207,0.09324758146378087,0.02355239911001594,0.24969014936990921,0.17893075956416013,0.1186040281169285,0.09287607114925456,0.12612470143175963,0.07829531547255904
0.09589278577807502,0.039227926880349685,0.06638939031148794,0.08156827834646169,0.19531303620811147,0.06316260047038376,0.208398964601224,0.10045150350382863,0.14959551390007778
0.03794311370099824,0.15435664063712026,0.1868009229679358,0.07311468129742542,0.07040632236162404,0.0930660357606317,0.022353529803640564,0.18738352531749594,0.174575228153128
0.14884567582224814,0.05610297447601357,0.016171108141746604,0.21063486954124153,0.10573031456764466,0.07934451079448612,0.3382581562398354,0.01977984799189482,0.025132542424889215
0.05509082479166422,0.08810193336001525,0.5033188098925115,0.03588276985964994,0.0406543386583702,0.08305349445950322,0.05423934512904618,0.10374363954996413,0.03591484429927535
0.17751480182966686,0.25292193239765637,0.09815414589237788,0.0898572882653496,0.025828251315363593,0.10356261275436605,0.026495536085155893,0.13759003408936524,0.08807539737069853
0.024922419448531016,0.04856391533037573,0.030724119382079723,0.01576711988480276,0.25224138399845386,0.1378553498814091,0.2445339948617553,0.0024952686915499095,0.24289642852104268
0.21199420286074147,0.05292263102981124,0.29237263168573707,0.008541051797162724,0.048002865877535376,0.06910144917995216,0.025536974496211947,0.0712748801762269,0.2202533128966211
0.13329280692873816,0.09863963535717325,0.031852172111827635,0.21463104195210167,0.18943172747820028,0.16214520330917878,0.04627053747474565,0.07553138743268516,0.04820548795534938
