0.09276983469971946,0.21156088043941268,0.06489043718868444,0.1488745611512885,0.14494116491187573,0.06885215410085872,0.1480996427104764,0.0881073725042245,0.03190395229345954
0.08347061787156945,0.07202362691117274,0.013002736724647352,0.13880505788446829,0.10965206844725646,0.3189127717621364,0.1141349891745258,0.07408287580053874,0.07591525542368471
0.11001843762724757,0.14969005816692993,0.04438783817411524,0.11235492171031962,0.16190717764675336,0.017670747724789243,0.04679759917731582,0.08445309288740237,0.272720126885127
0.05244203506774595,0.04164416980658294,0.03392652848800306,0.29458372489616486,0.08020682751021914,0.2215910604764879,0.02527009563236819,0.026283366776690895,0.22405219134573698
0.010646093724715382,0.012688047536646327,0.019787149453916304,0.2102911005124213,0.10587158764665512,0.022731863027112522,0.39094305934690016,0.0588308828134349,0.16821021593819788
0.011128492113564273,0.25107905806768444,0.030905955723308686,0.04204067046373829,0.08859636803790476,0.025599133540946898,0.19485131494771665,0.019756471957220585,0.33604253514791543
0.08814247843008606,0.07198906668586132,0.2920712418481181,0.1692923716147703,0.12636136276841012,0.04699846671238605,0.10681168136152097,0.0804888564379574,0.017844474140889684
0.14762405074330498,0.09050183918206157,0.04933425085740597,0.07301264556916741,0.10586645837441892,0.02966349842865812,0.08213800509906594,0.0795094795575101,0.342349772188407
0.08138584193860506,0.025116827401682525,0.01581638070466076,0.22684136538981267,0.09834423091007793,0.25769204604789414,0.09080070879555062,0.07172285242049105,0.13227974639122528
0.16739627558088568,0.02984388988343814,0.01640499512374675,0.0788869335377204,0.0838730709086107,0.34295490647311033,0.06280181464629526,0.11129288232982582,0.10654523151636693
0.10177603533950984,0.16521391622448392,0.010858063668093054,0.04410927325218022,0.10310511345630043,0.027441465630514916,0.050433891526881124,0.03271798117697302,0.4643442597250635
0.11910061271619493,0.17570201104781547,0.04193726110516525,0.07166474600463305,0.15331530934450951,0.019950067296907122,0.05182831307138078,0.10210025077539679,0.26440142863799715
0.024881211836660814,0.12420446641493516,0.00852370596136358,0.12405118144478537,0.1076412794510297,0.01036591985031624,0.21528886493329957,0.01849713206765264,0.36654623803995706
0.08519914478602758,0.05248281602350672,0.07998871307731767,0.18841273956366042,0.12166226260870476,0.16507378071432607,0.09347225562583543,0.20273966948449654,0.010968618116124729
0.08186922765284037,0.07435690603219512,0.027008458411385203,0.16217318138653372,0.10254664899454763,0.2761651625890061,0.0306273276792487,0.12082052237534617,0.12443256487889698
0.09212833230256255,0.06384568646211547,0.051857708694917896,0.11335117048591842,0.09355698507722736,0.08017560021171742,0.11486236302168235,0.01964317127474637,0.3705789824691122
0.08900553313116667,0.021425146246174198,0.051828723915442444,0.06483854899419352,0.12855057539943013,0.08407516536002792,0.24732770792945438,0.18972048372413589,0.12322811529997481
0.09599501612245166,0.3271864734291045,0.01694408813088948,0.036910579248535184,0.10737021558445002,0.027357333654036906,0.0475508320964755,0.006284637262174383,0.33440082447188235
0.11541824825405583,0.12861760489912397,0.018999851043950685,0.2225733433453505,0.14509265406921965,0.02864686182643063,0.049357564860491025,0.06654304424779715,0.22475082745358058
0.06751345232695564,0.057396070564655406,0.07825439150111546,0.2450402346775545,0.1230252347506167,0.18978275792857305,0.07278929764869665,0.07136484257204152,0.09483371802979103
0.09065454530280287,0.18462748427447553,0.003422920719860967,0.16643846690482275,0.13366462909909516,0.1406851878061137,0.054541363465142066,0.01856920681109313,0.2073961956165938
0.09845428388975008,0.013445431340200579,0.011407650917519536,0.2507392331532507,0.1157781981407086,0.3640365450840544,0.0548943967767259,0.023539852718511275,0.0677044079792789
0.10132927526445046,0.11499037670988897,0.09077803147582814,0.18188036068280752,0.12500402410092054,0.011432248828283996,0.017258621660224387,0.3108228399536918,0.04650422132390414
0.15409197594884397,0.07898790368468407,0.030401389389597345,0.09062734338294558,0.091906546961344,0.23471217089283222,0.08406029594711566,0.2006858001316432,0.03452657366099393
0.22652713282275427,0.02334760396269493,0.08043293323120927,0.02928558585563915,0.10055446065683417,0.2915537568130226,0.0975298174854819,0.03917004250632091,0.11159866666604278
0.07424025405447386,0.07407902493571983,0.11827147055835181,0.13439435155200713,0.12076631117333804,0.19251568837113822,0.0399863863359317,0.14050939566789222,0.1052371173511472
0.05870010177976993,0.08185029540418855,0.003538492453414086,0.14601581639491193,0.08115793091342384,0.33647342333457636,0.18860629158820083,0.004114865279679618,0.09954278285183492
0.0632747921068184,0.07681043636910016,0.12855600489939797,0.1620731109932659,0.13006428538210632,0.18147812106844488,0.0970497822055656,0.11313630038640675,0.04755716658889411
0.02664969713861326,0.05681071065406699,0.03843620786661218,0.30662783757209394,0.11702965066777656,0.034806746682827336,0.33063829618684437,0.025405018704534613,0.06359583452663074
0.16503839744413215,0.00947803168326248,0.035129895004460766,0.1589224162455242,0.1150675589494411,0.43239768719525956,0.02529996599824283,0.04820833025030304,0.010457717229373853
0.025932122645366925,0.08983305663456964,0.02002395006697284,0.19653483546931338,0.16301457898962188,0.012169977160436704,0.24110839460315883,0.06246268253832951,0.18892040189223033
0.08825298518942182,0.09386241506764899,0.17718785099890058,0.06444809946005871,0.1052591521647782,0.01325457581359416,0.05575793689445896,0.2262791340676701,0.1756978503434684
0.05060265883564319,0.06105449796480295,0.005411600538683235,0.09658370254863484,0.07217333577804386,0.43182200461397896,0.01242620861116663,0.22176651004447204,0.04815948106457423
0.08566825638869957,0.07393796597446604,0.1593818269370055,0.1463265063897987,0.13183006411483167,0.09283021166104903,0.08733806140749197,0.14577562272766895,0.07691148439898855
0.01649170929019397,0.0537849087056728,0.08757062352808986,0.13756078066923969,0.08357688124315177,0.48119902601091274,0.04278929274919088,0.029462113001910015,0.06756466480163816
0.051325297632080026,0.04984570256837493,0.10693884937972453,0.144307129224048,0.13905867755412413,0.2737437816737484,0.13076633032029608,0.06384743528806744,0.040166796359536454
0.022038705578708694,0.018925985909359216,0.07985904608913007,0.14048537905544545,0.09552521075591609,0.3677913399998191,0.18336626444069157,0.018575904546398143,0.07343216362453171
0.1782996493372163,0.14577117576947757,0.007140388506307355,0.0181131895813466,0.053649726087682446,0.3156519939575498,0.014841278190498394,0.25882116751795936,0.007711431051962213
0.08614090935281561,0.004980034203493979,0.020129634730158105,0.2290829559321228,0.07830042758002641,0.3947856208212488,0.0908158344415007,0.044136428784780336,0.05162815415385332
0.03278295872141668,0.17109858380003617,0.006525953265032338,0.045309771556497784,0.08595634338811957,0.008049897660314576,0.05722950375007687,0.04183474420669186,0.5512122436518142
0.03795055403528833,0.04333423760265107,0.026007413366821146,0.11767706510312348,0.13176881976562224,0.05433749643192681,0.03888904063103841,0.4120429065684,0.13799246649512853
0.027266397669400297,0.2736057917075837,0.0471569486087954,0.09170130482677735,0.11953298129846095,0.050837744621780145,0.13825630755271437,0.14910114024917073,0.10254138346531703
0.043850139617750306,0.018962774688981648,0.04776325090081151,0.07507071934425452,0.1371872873787281,0.027329593151550053,0.13000127768874517,0.23702008079035256,0.28281487643882613
0.06483183530090819,0.0341858272997111,0.0638005379036013,0.13679528796544413,0.11156157156247981,0.4443266212048878,0.03802765655841619,0.01973855737046561,0.08673210483408574
0.06489967886884278,0.026078914421636734,0.08126402846651903,0.15818830431830422,0.10731231786155877,0.45634840627202927,0.046974553966368536,0.05148258378305387,0.007451212041686857
0.10136939292160317,0.07542016097882533,0.0441229438867956,0.16702275365724986,0.13531893360308686,0.20609981824219062,0.07416501854381032,0.1839790340496967,0.012501944116741522
0.05727560472416814,0.1838590825722762,0.008604524537397693,0.028253865043347332,0.08410596004822957,0.05017246897167744,0.15491130731309719,0.013227579377310233,0.4195896074124961
0.029795476632301903,0.03354361354385974,0.05362478301549212,0.17461099783737835,0.11167113209903352,0.42558599295029875,0.04948323994177122,0.049277773884235564,0.07240699009562879
0.07414828719797185,0.06431136995406754,0.05196369578509674,0.2964673065472598,0.14931502807799343,0.11279800916505008,0.16576546888067376,0.05317347282272903,0.03205736156915779
0.10320127072910878,0.13742718313490296,0.046427272304696836,0.22859349999412504,0.1100202980548836,0.311453520729946,0.03304288707315007,0.01676174685204797,0.013072321127138714
0.06356555794072632,0.03475731369853174,0.029608876087749713,0.18832319489532678,0.1010733169838345,0.38654292147823677,0.0806319685323494,0.09499171115562026,0.020505139227624553
0.21849044255990183,0.13479796058552487,0.032326652893058826,0.09833336766735279,0.15190339912657821,0.24385240574442035,0.03397774074682183,0.06442268757400726,0.021895343102333962
0.059024002447109515,0.061210926369621714,0.05354972563366401,0.15027521659938284,0.1794690627060589,0.1727390674330667,0.07048984794329671,0.15695227310302148,0.09628987776477811
0.06711374276945818,0.055353301166057765,0.037214565377654225,0.12705078075340556,0.14206452417238086,0.03233087032408872,0.16741207804447536,0.268111626053729,0.10334851133875032
0.0586203152306329,0.05288861172221764,0.0479291794435717,0.2656540229232687,0.14393644638267078,0.12966419168557886,0.14126157398124697,0.08369854395635073,0.07634711467446174
0.07596008079328516,0.19411915368145602,0.09080492597668366,0.11000230632165087,0.14518525410430022,0.030102883848245637,0.08195348073697378,0.10318723720026807,0.16868467733713663
0.12032197368256004,0.13679564023376425,0.009264852662091462,0.07770202290076549,0.12144699840288993,0.009976938269965234,0.10348296441662559,0.07942414282323879,0.3415844666080992
0.22211878020554657,0.07900127657462097,0.12535392631403236,0.04073864429302095,0.08070509942456028,0.2605230052977095,0.12640151620040718,0.02288006655868682,0.04227768513141533
0.04121907030435438,0.09559210240034999,0.09025688030180973,0.18400253484030607,0.1811509378792803,0.04067499475994262,0.1009582913051303,0.04290724455380832,0.22323794365501837
0.11683936752828183,0.03147768674116,0.061580832852641466,0.22750507841374953,0.09080197329264993,0.30891720228370756,0.06306304525535467,0.046698460369416904,0.0531163532630381
0.07593615730569418,0.07066645422338869,0.049141626208708954,0.11862921856459398,0.14529303701597304,0.02472305878574899,0.06074439611792943,0.062000980472467736,0.39286507130549486
0.05425005009732318,0.19189737086227646,0.016195793840096655,0.08306498199291977,0.11160070513903281,0.0750365109871576,0.21114580324421905,0.07705441709499909,0.1797543667419754
0.04144689540649469,0.07020354433574856,0.08203742292326953,0.0519704064784225,0.13224294295475483,0.03605160791122717,0.34208245215642985,0.16146579697556981,0.082498930858083
0.05599447038876648,0.034699716878895594,0.01521516904992052,0.0817217232949296,0.09131619686995808,0.44911496140649704,0.1692801675403227,0.07127993668086662,0.03137765788984335
0.18077308222998711,0.0891550478076535,0.0835990347839186,0.11944034572078938,0.15574390351960798,0.2086490454708478,0.0846335639899559,0.021629776027343717,0.05637620044989605
0.07033228324061368,0.03841387398032401,0.04771662836995951,0.0526824268654958,0.08396949060929516,0.0369227996537292,0.21737885823404354,0.09764545087003905,0.3549381881765001
0.18999373822473986,0.21026700504008436,0.023536496731342022,0.07312751299023808,0.12597565888178905,0.0998254603555413,0.04939231442012168,0.1468591728191956,0.08102264053694797
0.05068384046878075,0.47167783181739525,0.026281731026690236,0.05780376667184419,0.09258209141282574,0.1307957524641957,0.0613298240611883,0.020550656612403153,0.08829450546467672
0.15328961565297192,0.38275006741936846,0.024777241952120447,0.07794530708105442,0.12842536151906078,0.08909425346194079,0.07138545099441225,0.02872341107624753,0.043609290842823424
0.022952966284287515,0.23301447712728263,0.03973170744323046,0.11588038140899094,0.08570503911060896,0.031225058750272705,0.23686401800280835,0.015775332921394863,0.2188510189511235
0.07458338457680223,0.02440259042193332,0.022778840786737392,0.13442618576340246,0.0739608795949445,0.4176010795130292,0.006752716357503256,0.16884649691620393,0.07664782606944365
0.0422001527245597,0.05164343154877654,0.04069704497230355,0.31422197351460524,0.13429986396171859,0.0204151548479409,0.2134608080487125,0.09319607534460432,0.08986549503677858
0.06829818698572913,0.10266658758361995,0.08555827370180275,0.281753371618446,0.1074679489161524,0.26519413074547443,0.029744296176713522,0.01691834236195636,0.0423988619101055
0.09137476575678861,0.1398644456333358,0.031733950710692016,0.08310785705216515,0.1730537664848303,0.31351839571425905,0.10160847391059113,0.026455709472514927,0.039282635264822945
0.02172591609579586,0.05838891933386734,0.027550089713594118,0.07661704599809165,0.10316825881877696,0.02292724338136898,0.4280362923497563,0.05804910659130998,0.20353712771743862
0.07425971400712666,0.08934775942124934,0.032060341462353,0.103918741650442,0.11915293361213992,0.3053214491067639,0.12391127247705691,0.08013897929760558,0.07188880896526269
0.07028948886560497,0.037643349708504595,0.034186683550643415,0.1362619103279554,0.10908905553486785,0.39825692753464664,0.036360250392768835,0.160764779330437,0.01714755475457122
0.0401296183484322,0.05317244110550604,0.0046519420532594655,0.08124001612284329,0.09094743451730729,0.45065891670520736,0.10544281161774073,0.011943385400181666,0.16181343412952207
0.11389706347003054,0.1570277629817335,0.03278921473490396,0.20234089780178954,0.14270470574691252,0.1723438737788647,0.11161035707147082,0.03912455537537333,0.028161569038921166
0.225533254692065,0.15382683121888954,0.06953040745071239,0.09728512833605434,0.09818885410491407,0.2720171699883176,0.022600399626795966,0.03591906258806946,0.025098891994181593
0.08643444778747367,0.3693295921283979,0.012041403976152954,0.13356101445381527,0.10522133432955032,0.050958885601222394,0.09737214196298864,0.011471827562116807,0.1336093521982822
0.015204420491698421,0.0045579704664534745,0.15946460360659984,0.26694312321888636,0.12817407464115935,0.08109132043357242,0.08358407600963885,0.07894739005431513,0.18203302107767608
0.06144021159785112,0.08399516320335985,0.02888233520809455,0.0835834357411858,0.11654833423645801,0.4542448907945405,0.03829315891666177,0.03538454535170691,0.09762792495014151
0.07933224960182339,0.32797990138316097,0.03658073998778515,0.05058933827758585,0.10923280703208621,0.18618542584837242,0.10398240541426225,0.046450740720515825,0.059666391734407964
0.07827936732128413,0.03286676703050429,0.048124699560885685,0.12968310938731362,0.14354723047293017,0.16805425868860333,0.19574280747573858,0.17559110948472922,0.02811065057801092
0.1138294994535351,0.16878684461872687,0.0565489839642058,0.05419663009190062,0.11698271974378142,0.014289556401980763,0.08277417652061393,0.21649671233887288,0.1760948768663826
0.12168624030152807,0.04092103061518464,0.02908350755311642,0.2656564835160709,0.09179582704087476,0.3188359116324915,0.06546711929095922,0.01796891974636511,0.048584960303409364
0.12043204279857085,0.20192851367062473,0.05521476475270561,0.24202648174688976,0.17996226201497315,0.030508163898133475,0.10626653922560782,0.02704871050832484,0.03661252138416978
0.09825111950878762,0.13360187869836468,0.06156985031015275,0.23065602444537156,0.12839801125562675,0.09889024352051512,0.12146154969826177,0.11093219352305657,0.01623912903986317
0.10915423785031457,0.05864306264340655,0.007335957028004723,0.16890409065316847,0.12158073599174896,0.0351643175026038,0.05769076357465572,0.06570304152663319,0.37582379322946396
0.04291905404529358,0.1465333055628831,0.18743238382572622,0.10185210694377421,0.13170227216429528,0.016348694562221124,0.050631414960819264,0.1271524817238299,0.1954282862111573
0.03351009405030437,0.06241186306768753,0.03395776645998972,0.13593504271984094,0.08789179053696757,0.47154023743214885,0.04156406373082145,0.016104422977333534,0.11708471902490603
0.0875553419580628,0.13419114383403466,0.0841738201297512,0.17651056072192947,0.1377662517667009,0.013127934477901526,0.03999124694520675,0.13341769442059223,0.19326600574582045
0.14616849340601848,0.13494943327060638,0.02108058040736907,0.16086636884143302,0.12128395740148057,0.08069856466681534,0.060779827936328516,0.05838943871908906,0.2157833353508596
0.09085988933073397,0.05842306787071156,0.11856608565701947,0.15360507486497796,0.09680547567451114,0.3394444596523504,0.018510342627920503,0.023216303839159902,0.1005693004826152
0.10801367351868268,0.036925806881353114,0.015681902535258474,0.13995524416242477,0.08780115881554658,0.46890203623183807,0.05644243137734609,0.05950666683355562,0.02677107964399474
0.09271959939736496,0.0910897712878493,0.008372595143313451,0.08174184567204497,0.07399042005958055,0.4428264775853268,0.12371714274568783,0.025312956753110332,0.06022919135572182
0.04870060703769288,0.04726262151878744,0.022943370859832557,0.11564742018359236,0.09778964086226123,0.446803835612169,0.10464251676465437,0.08311445674943882,0.033095530411571296
0.028021241784121503,0.04824656946140543,0.02099047189894358,0.0625362828076306,0.08478063151426542,0.11512686936161143,0.13196829645064964,0.17495069156367138,0.333378945157701
0.023134675797751497,0.14395923224508764,0.00980017705336722,0.08896704372185733,0.10964244155571312,0.023712651166600058,0.08301456630854132,0.023814553293540566,0.49395465885754125
0.10616872112888165,0.04374308714579988,0.0041319243319043455,0.12075405085926143,0.09422454416883802,0.41028709954459736,0.08611400252319794,0.02298135732716047,0.11159521297035895
0.06931372803414393,0.07079648614365046,0.026975972683318163,0.17969484706139024,0.11297311324625665,0.3723559614215191,0.1064617128146665,0.04806539887384378,0.013362779721211073
0.11202385052626866,0.0487234106268937,0.08881403433209771,0.11585947017008709,0.1411753809195194,0.22647765846733148,0.1349740569415138,0.10450626467111059,0.027445873345177566
0.12238445413944922,0.04330983135260768,0.053897455621792906,0.1375776783220624,0.0977803645720469,0.3566065378979579,0.058229191912732715,0.11716927034975157,0.013045215831598634
0.10306508666933047,0.13195851162596128,0.16993460620844703,0.04957558902538974,0.13944229509600822,0.02956478626105802,0.08054773757072335,0.19485675793781998,0.1010546296052619
0.08982254052352344,0.03573864158329693,0.016574690498885877,0.16490435848200222,0.13286165334501307,0.3204372909571618,0.11935612179761028,0.05419322678619506,0.06611147602631134
0.19896512835798716,0.09442342415034843,0.06339524754192469,0.08882690143527605,0.12452044002956209,0.04191455736159192,0.11923328609686161,0.09858700684531464,0.17013400818113336
0.03652236967607426,0.058005890725758374,0.02124541727725721,0.3043858354168463,0.08317588690231253,0.23200839133969045,0.059358925827981225,0.03360582798059209,0.17169145485348755
0.07379226017956182,0.05458245126500728,0.01131022522092586,0.14380076987046916,0.08333224077002205,0.44198241878381195,0.04399621615584969,0.06599322842585971,0.08121018932849235
0.03576092777019805,0.04321590452329227,0.042929867081049435,0.1719889895693094,0.10606143126923677,0.3646604472390344,0.19201632399072757,0.029702515512895312,0.013663593044256803
0.08814247843008606,0.07198906668586132,0.2920712418481181,0.1692923716147703,0.12636136276841012,0.04699846671238605,0.10681168136152097,0.0804888564379574,0.017844474140889684
0.10437333063922978,0.2419915791952146,0.03297453788138755,0.03509044385393166,0.05859211033196998,0.026437283966432388,0.006240931154103739,0.4748960760426327,0.019403706935097586
0.13774486759187213,0.2380041671992216,0.006720807481705689,0.10250088005728619,0.10190268536647092,0.23059725453221655,0.06107585124659995,0.026369863386046712,0.09508362313858032
0.11662480796500534,0.02708777277177031,0.02003997276195688,0.20361366632193836,0.12635087213093646,0.22732614869075682,0.09515551007691712,0.13087711254574788,0.052924136734970824
0.026571335298719648,0.10785126743719302,0.010623996657571242,0.039321438627095175,0.09340022277036537,0.10153982251038106,0.22692153907403192,0.019485824343330408,0.3742845532813121
0.09288679118999693,0.04905996519311564,0.020360665131641597,0.1956159134058647,0.10530000327652256,0.39417690280085665,0.035740685283774304,0.06978993546037886,0.03706913825784874
0.17231314733453365,0.024557235245896564,0.047992876957735055,0.1699871000624409,0.2061333105705878,0.06034189080897171,0.1271362367066046,0.03743738562880704,0.15410081668442263
0.05165377237756678,0.022804129751722,0.029183536831166746,0.238847314200368,0.07962974625854059,0.3063626180430135,0.16045442333367663,0.06589263657655203,0.045171822627393644
0.16555048293309169,0.09540794386811981,0.07994156217174349,0.1563928681644126,0.1328253781189712,0.03344612682961115,0.06664424335441198,0.18468187799360478,0.08510951656603331
0.05766447360793755,0.01624124127959734,0.011743933496332732,0.1964361126298377,0.09417206164102387,0.5114117748593755,0.028328888636959076,0.03717775970700717,0.04682375414192921
0.256781070233487,0.033504974869719505,0.01875869115269274,0.12362598704253203,0.08286677595997165,0.13734739922010317,0.013101759770644289,0.2944238067055584,0.03958953504529123
0.04925436581503099,0.1118800496619649,0.026160212149923114,0.07559798675459141,0.07963463985864083,0.06523201532351376,0.16575209445187142,0.003803942843316789,0.4226846931411468
0.061516932645436895,0.08405811961988637,0.02654537306144313,0.06252464234930274,0.09857580138118403,0.12569314804047352,0.11966557843263852,0.05577416562276672,0.36564623884686803
0.02949811414744337,0.05335249195822874,0.036310773988416714,0.12991129803796778,0.1488692573419041,0.12225589559684868,0.3539710394647934,0.03321573573917495,0.09261539372522233
0.10071467642056751,0.042869648206211364,0.0274928891213435,0.08237249957714318,0.0882457416496542,0.41604743762722074,0.014618750088441273,0.211339609365807,0.01629874794361122
0.050689754493766385,0.021842002730466936,0.03261494546685182,0.15908247920611718,0.11124913166309096,0.3212129586983357,0.09972811895414711,0.14670653167162598,0.05687407711559787
0.05195162275183233,0.013485102083298462,0.3822885428976513,0.049054073139991,0.0721879095918293,0.1147187709129478,0.17042350918931326,0.047568466230751894,0.09832200320238464
0.02611872152286959,0.14555654545899607,0.012020769580119032,0.0444237093679668,0.08912021077620985,0.0786055384687301,0.19760318678715014,0.004916530388016394,0.40163478764994204
0.06600626776222647,0.14909776054543603,0.1070059670254591,0.12165763882628639,0.12785865780355435,0.030225597521902375,0.07443447772298144,0.16627107321032622,0.1574425595818277
0.04365931244017787,0.12785144047327582,0.023182543579076814,0.25976748213505146,0.12543947235963127,0.16972572287011842,0.16483066509439415,0.06909036234974886,0.016452998698525335
0.028961779635529844,0.033672358145919734,0.010909677472154896,0.18745513405747483,0.07903600565200476,0.3707101740810361,0.06712005987078205,0.17544587511376253,0.04668893597133525
0.07498476149140317,0.1018950340428343,0.12175705110895328,0.1586953748677062,0.13259453221665068,0.029752840533781428,0.05952664339240484,0.05716989282749687,0.2636238695187692
0.06897047873022279,0.1319994947028843,0.052746254503110566,0.03735499914335417,0.06931446641998508,0.01089745350958478,0.050447768043099285,0.33088586293772104,0.24738322201003796
0.042115055767893504,0.026403357398549154,0.2603436642635529,0.08523035421037144,0.08477200259281988,0.011867656182348038,0.02895952653306332,0.3476654117514804,0.1126429712999214
0.018224999904988225,0.1692532886601333,0.10585530353306304,0.06909620327831091,0.11307451603863801,0.06248384719229794,0.40547252040867726,0.01686785934020105,0.039671461643690245
0.04862663197318473,0.025939666757401326,0.04646627733127436,0.05353824552882161,0.10245662212510247,0.1922703200409919,0.03733100910610132,0.3352368196097589,0.1581344075273634
0.1163382153358038,0.1145225658377866,0.035078550737327595,0.06588619338782771,0.11985752751566518,0.02079416257522688,0.1232395308314665,0.02084633848324968,0.38343691529564605
0.04673285632836477,0.03282428450014389,0.08148451990307186,0.15974989151400387,0.11981440992995253,0.0237383916606783,0.08026678702946906,0.23013581120766066,0.22525304792665513
0.06717063974611716,0.2533988957698597,0.036744593831578055,0.13088475418290854,0.15339363098819403,0.02784065238204043,0.13742819144455887,0.07768894245637904,0.11544969919836422
0.06028140681026778,0.02481602732486322,0.06716676227002515,0.11174508721270925,0.11471583377132333,0.39965927242365135,0.07825751599397608,0.036426914737699344,0.10693117945548451
0.1040472570701148,0.009891423566875687,0.05134526104043959,0.11277712242715003,0.09562659309794468,0.3231519168608932,0.09778918861179246,0.1752811764856961,0.03009006083909356
0.03715012007793116,0.028793306452679912,0.08826223383876103,0.3393058602142336,0.18792631938946228,0.07906638390896313,0.137621244444342,0.0270642568998568,0.07481027477377016
0.2140570057966477,0.07130365983180637,0.02912658081517701,0.20041556080577524,0.10969651196358188,0.1370876806100496,0.1331745750723288,0.05146780288297511,0.05367062222165828
0.057173977574897956,0.03896233404621991,0.020492398743563886,0.2361769159202732,0.11895276356968472,0.3167680878619023,0.06254208570444299,0.11649989760218578,0.0324315389768292
0.06352927044054966,0.1912737782049132,0.07733374141680523,0.09235843109044774,0.14268913399946548,0.02281941239820776,0.045619660873096435,0.19499826036738543,0.16937831120912902
0.16842065040514334,0.06427472177704331,0.007184848527518319,0.09628012532909125,0.13703336501354954,0.18396270692660557,0.08651229137466744,0.18664549055173707,0.06968580009464413
0.18103454887548195,0.13910160976935362,0.016080953168331736,0.04404233039447327,0.13157039262296558,0.2550562667190797,0.06406599306033749,0.07301868353021089,0.09602922185976577
0.14935941160090974,0.13716139979900674,0.04967054228243158,0.052200077387873224,0.086879855346442,0.3231919487498823,0.030986336388436935,0.0989127301170903,0.07163769832792705
0.027752376660751893,0.26140952149052105,0.003479180176451529,0.02963087761731371,0.07990425765026028,0.018744892921129786,0.1118478408546072,0.035284544180303946,0.4319465084486605
0.06811497782267954,0.07187262724177175,0.026206149447498047,0.1159796750327744,0.18409937077383506,0.07236785806972594,0.11043182147407886,0.21968070655529778,0.1312468135823385
0.056606951556495894,0.054199994822236836,0.03112141718359965,0.11584227032996898,0.09385301897014464,0.17116580058458206,0.07515045603369298,0.03039669549957315,0.3716633950197057
0.07919907391791713,0.12814643944592008,0.11111412839010522,0.12311731833185909,0.14746605831808135,0.14432986311957116,0.11678093136162715,0.09049944398457334,0.05934674313034551
0.03296618212017907,0.043104735734313844,0.03122940036470967,0.13858935803281813,0.09665470211118661,0.4243921864953273,0.0707259500797194,0.12365750544878955,0.03867997961295631
0.07458338457680223,0.02440259042193332,0.022778840786737392,0.13442618576340246,0.0739608795949445,0.4176010795130292,0.006752716357503256,0.16884649691620393,0.07664782606944365
0.24669246116704513,0.13852206945443932,0.02224756760027219,0.08964090716756985,0.09791754058829716,0.34025368457855,0.023608507848457656,0.0232527855911867,0.01786447600418196
0.11718899234652262,0.09817197048169872,0.02799364779425162,0.08125801368896046,0.14453360229099652,0.142141035584231,0.11308408105174517,0.14987049246615944,0.1257581642954345
0.0471765703456398,0.09850063173704375,0.03839952761964487,0.2626405341700709,0.1323075539384654,0.17863998944253515,0.1534107840051244,0.07523669270720347,0.013687716034272225
0.05357788066638194,0.02402387409089692,0.0772952732619322,0.11765439155400252,0.1119866510699175,0.4616130497207321,0.0837643214118677,0.04349239129252114,0.02659216693174787
0.030085986280642768,0.08870217557775116,0.3043788788016432,0.15382319041517958,0.1633152880708166,0.02247071972859623,0.08321696070731731,0.0989330387760921,0.055073761641960976
0.24142349356532047,0.16267511531551385,0.02422093847543863,0.07980095827585539,0.11596804430179593,0.10990294108872782,0.08998880644060646,0.052165573072232484,0.12385412946450898
0.07841666938757881,0.18143194968569687,0.03231705803038906,0.18321596600650958,0.1371682067125085,0.19524244415493341,0.11284364110998646,0.007514262181522802,0.0718498027308744
0.12403965378218862,0.036597483123990644,0.0017308706070936729,0.0966814124482911,0.07553796751595776,0.1541440876419129,0.14797022103191226,0.09099921194630324,0.27229909190234974
0.12475762014883555,0.013725703324389785,0.07306196190545573,0.1059539292799964,0.08958546921712686,0.23130624992777246,0.015532220605009592,0.3252677545354153,0.020809091055998274
0.11887581262487623,0.021556422821545383,0.05578977437288152,0.15212109031339752,0.09379360570113295,0.37529637686996975,0.026580375480974184,0.14057040094030646,0.015416140874915977
0.09962496676578105,0.051192953403964105,0.1018118885363568,0.08323225794798424,0.09185975833652289,0.4510861224401564,0.06955541733227795,0.040482267961984654,0.01115436727497196
0.10082566029117872,0.1533109090077141,0.08016079618759901,0.08185723682790512,0.1333243225004852,0.08654611153497481,0.1863434956977836,0.089891251168068,0.0877402167842915
0.0650465456216168,0.1343946210533325,0.011355804992751161,0.034895604757019624,0.08812304338998839,0.010039742665691251,0.10130451578994204,0.0110637426965988,0.5437763790330594
0.054138531369636644,0.03760408263534369,0.027221824617576097,0.11315649959116077,0.125584732892313,0.08412289436750721,0.30789767569266585,0.22179330271610667,0.02848045611769009
0.11589868349412251,0.0764873983920259,0.09004489894659419,0.2972456684203452,0.149360728185322,0.02536531657374037,0.06307279851896093,0.01741315518646806,0.16511135228242085
0.08272218387967806,0.041176352779341716,0.014833261445823441,0.2362878922829018,0.10194360251366691,0.37274927168702404,0.03429894033975938,0.025418392215223972,0.09057010285658075
0.05210522229872947,0.02011498544589345,0.03757927542442168,0.114492900315228,0.09701094317695018,0.39875929073294286,0.10507465732788457,0.14808960113749892,0.026773124140450983
0.08101866606014674,0.2331697704467628,0.03930097897327848,0.15205904141326507,0.1299465016869226,0.026096308866820874,0.06086269670872672,0.11332578912013959,0.16422024672393717
0.01782421598702492,0.08061995008496038,0.05527937163155583,0.11690138660455666,0.12697045052830117,0.017301174577987122,0.09386194156562304,0.25551001499442577,0.23573149402556512
0.0383089178830387,0.10442905433903671,0.31190937872463365,0.07197119946342793,0.12396201025531428,0.0035707856425169584,0.17582494681471258,0.03644518225244808,0.13357852462487108
0.0889230613841393,0.08530484608740281,0.022409650753703842,0.20455056904085334,0.0746924802015082,0.4051106223538401,0.08027450741638581,0.021946535272888118,0.01678772748927852
0.21858154034573166,0.04010353458055429,0.016468058513178882,0.1273588459683151,0.113075264060488,0.14570652656634464,0.09206718405432752,0.2229127242814638,0.02372632162959612
0.06566191288330242,0.27046579315120295,0.02061338893291162,0.0625962988607322,0.12260079281931818,0.09838555176925777,0.15800801227054426,0.023894992183950994,0.17777325712877964
0.07595411748270033,0.23288224575458796,0.018997160483283128,0.13392593701964967,0.09519992381213621,0.2361471322295198,0.0629671290497549,0.08146094840074956,0.062465405767618304
0.16191349245194214,0.06511240364455893,0.004174178240503643,0.056723925774803834,0.12971934552686806,0.18167663777264487,0.1743533324569703,0.06284599804380736,0.16348068608790087
0.03764445211928787,0.02054103947850321,0.5280584602270032,0.036258520822527965,0.06730246885281321,0.023785378023962373,0.016284272325565275,0.18089083839312273,0.08923456975721428
0.07818133959842738,0.06083463311904874,0.024175411829251172,0.29771182895221726,0.11478943296952625,0.19346058556690693,0.047813535818682966,0.1604716307295449,0.022561601416394437
0.04036028891247705,0.023133232532726672,0.012785986527907647,0.1751016560460216,0.09245500911896265,0.3504385730939615,0.17453484068868755,0.07978157525058589,0.0514088378286694
0.03439320674541423,0.07696920475798164,0.03810014461566313,0.13304313219473207,0.1464907356248356,0.021227761144439486,0.12665391928308778,0.11519160337559535,0.3079302922582507
0.03212461738597945,0.11107890882054865,0.07369780751916205,0.1259123181452271,0.1360575445306542,0.0499860116407568,0.10621654772825462,0.04193993349476954,0.3229863107346476
0.1070179516044723,0.03104328745533974,0.052615817165017786,0.16187198641355455,0.107859069645544,0.3045036257838931,0.07648491870011727,0.06005604982583457,0.09854729340622675
0.05618576643850928,0.10077827763969523,0.11738929482940712,0.19173151666912333,0.15804794082238927,0.10106406748260993,0.2010411083114961,0.010757226754440305,0.06300480105232951
0.04679302172528082,0.03420503867702998,0.011798866889834074,0.10965443958162495,0.12098445130884468,0.07844290595091415,0.4435948745484066,0.10341820992607188,0.051108191391992824
0.13028279530587356,0.01693723146110478,0.006897407025166197,0.15263820312144896,0.09232886065074779,0.3640988867305242,0.05137087620313704,0.12726602533336845,0.058179714168628965
0.06625273230863522,0.18316173735925811,0.003913430456471312,0.025335308727516964,0.08404145669926144,0.03228114698146152,0.26551124334461307,0.028368600603963425,0.3111343435188189
0.021176039651658252,0.016800443282742064,0.04873138781418834,0.21574109869622973,0.08889278623553022,0.4463608631101484,0.08496710485931445,0.04416536877029237,0.03316490757989616
0.25426063588812126,0.010907984889721903,0.029520778203188477,0.041517804397057795,0.07266470339713184,0.19515093713478093,0.18809612804998851,0.18692270295869504,0.02095832508131429
0.038876804413212396,0.10526027056024449,0.025251256341590107,0.06623389094957052,0.1189431061141566,0.06151019859064689,0.11782506590830137,0.01011425809168491,0.4559851490305928
0.08829872407297146,0.021981964146886624,0.035981430701187395,0.10265113589437248,0.08414919830591609,0.4879189506165947,0.09114242618243255,0.05132913460678822,0.0365470354728505
0.052903438551311244,0.12234795594038551,0.05505221698906846,0.0997274003598625,0.1505774608128109,0.04511022003833364,0.22462709571691852,0.03720898697060837,0.2124452246207009
0.03599664061294843,0.040559358756848546,0.004776361508617907,0.20196685008852244,0.09028240773795722,0.2969698116115443,0.11401726959103964,0.12249771450084741,0.09293358559167413
0.09343656170716079,0.018603128400306437,0.029736465090029446,0.253167362097568,0.1215867231489512,0.36308259205680854,0.06301162217570995,0.04437075793815715,0.013004787385308565
0.11908060472288194,0.011382894028680153,0.013161068223440766,0.09628572820213999,0.09581711683746603,0.38317183167076024,0.1025297791293626,0.13539132321093472,0.04317965397433358
0.16503839744413215,0.00947803168326248,0.035129895004460766,0.1589224162455242,0.1150675589494411,0.43239768719525956,0.02529996599824283,0.04820833025030304,0.010457717229373853
0.01949842237674947,0.1755341408460378,0.01624243855002007,0.04951045004744633,0.07746360543466853,0.034972964678854364,0.1679459818606551,0.14110701472021486,0.3177249814853535
0.09633978079799048,0.013872037227920617,0.04080612462208424,0.24296245946481262,0.10332710927542799,0.23713755547066465,0.10844564005249895,0.08660978533223314,0.07049950775636744
0.053236739342668836,0.05215228389592011,0.05656839100318941,0.1218675089928775,0.1319091912542454,0.21134845494482557,0.06605250882203507,0.29116992550235654,0.015694996241881403
0.02677381084624808,0.19703990837313926,0.02862567384446668,0.11646409319196012,0.10800199913611863,0.08357087975844983,0.16280558862711234,0.01465152115304561,0.2620665250694594
0.07349651111260097,0.12319380043220218,0.039395608273431804,0.23913562584393758,0.16077489344257148,0.1807966504905718,0.06931379695221263,0.03481470650665626,0.07907840694581532
0.09564238535622253,0.04205095852655616,0.032626318366235994,0.14940728026610575,0.07461300689844795,0.48838737565497636,0.021617942767905407,0.08233568904446713,0.013319043119082727
0.28323627304582605,0.01791848563249034,0.2571116305424741,0.05201342284477001,0.13492775889660402,0.10369413952004781,0.01725105766727246,0.10245586109909895,0.03139137075141625
0.11334333741391221,0.08011198061060675,0.053996504586426915,0.15814445008336397,0.1383692116548468,0.09289051213669693,0.1743151713781079,0.11953364175775082,0.06929519037828774
0.10310638747536548,0.27134614196734896,0.13037554442723115,0.05079720943151798,0.11776170898430594,0.020484809366038595,0.1254963503753028,0.03905227108474627,0.14157957688814285
0.12622354429449784,0.08051632240284438,0.028706468709863046,0.2955025364464651,0.1363711615924957,0.03322180130299023,0.1037684068651548,0.011636810548159881,0.18405294783752904
0.08986015883081415,0.049769700492386236,0.027100929804292486,0.13653337643025007,0.0961719823952943,0.4161344453570129,0.06659834144934533,0.05376910995002723,0.06406195529057727
0.020178271977632067,0.07319374128086985,0.15901267201429803,0.1136942597807827,0.08742073926597406,0.03481600888442379,0.47602141665179776,0.007606595973553507,0.028056294170668242
0.02213829673275226,0.047924511908120804,0.21469751098701895,0.15605578651784258,0.09984055633595362,0.036594891594156444,0.26950561997133743,0.12431520319386957,0.028927622758948352
0.21873483812790698,0.04842667236133527,0.040588208609940085,0.08326380269932998,0.10828429552605172,0.32447860667203127,0.04239205529722125,0.06376344819655315,0.07006807250963035
0.08894590849569027,0.024693775963488346,0.03746887360218523,0.09831749855696105,0.08552183565075377,0.5051058012313248,0.03327457237582118,0.05764633718377795,0.06902539693999747
0.05195814499789062,0.19149581821805806,0.033410431603325054,0.034187669175567016,0.09204827352437682,0.10297087221867092,0.1728029700374464,0.010080604602942729,0.31104521562172244
0.052325429166630695,0.07084601657713381,0.0273746086273316,0.20886986437352892,0.12205670783280591,0.148381772360228,0.22350749019842456,0.061883242064169765,0.08475486879974675
0.17519697314773883,0.10947230669604556,0.010053787146922377,0.04603464668275321,0.1175772273955684,0.03759612605536114,0.07076779083021387,0.2666102413210233,0.1666909007243733
0.04204474259669105,0.12289056409790826,0.08800683326605385,0.07313322508595173,0.09822365656392833,0.0874301772326434,0.19188364638410893,0.10698996740552612,0.18939718736718833
0.08286581353546905,0.029422226911131208,0.3273766743323935,0.06704745025798672,0.11872920223789833,0.13090091861630934,0.05954990377009519,0.1732510246645861,0.010856785674130552
0.009618948828274606,0.07721341105644468,0.04051996949211289,0.10588988248110233,0.12649265952256192,0.1196896393555928,0.33523186475841893,0.13723307363696008,0.048110550868531804
0.10058624017206358,0.060493771025961096,0.09093480900291857,0.17613698008101655,0.1575305693350766,0.20768533944107492,0.05798655824779673,0.126881847479373,0.021763885214718903
0.07761907071900509,0.08681717895878209,0.08264327339460613,0.20213404701080281,0.11577176781212666,0.20768333380395462,0.07859240088503462,0.10865582773349895,0.040083099682189045
