0.11845646997610142,0.059577296257772694,0.09174838609080409,0.13443466515076022,0.1279935529771495,0.11845993455723346,0.12443893137893251,0.11676290723463072,0.10812785637661541
0.1507418924177676,0.04980706021061405,0.09617761392726598,0.1300088758421083,0.10386964747646471,0.11314931889764367,0.12821230623404486,0.10934944766566779,0.1186838373284231
0.13302872026767973,0.05012984033807125,0.10613632414031991,0.12810924432130058,0.13489600670827084,0.10416181527778907,0.12154041325937243,0.11801336531466,0.10398427037253617
0.16983841885113796,0.08344145717488671,0.07727616318175654,0.09242279053033535,0.17718481434998612,0.10644670832248994,0.09763716455613654,0.07833605485598312,0.11741642817728763
0.11804526212067322,0.0447760580738538,0.13208279103190557,0.13909657381423113,0.08694627303310894,0.11800295492525033,0.10914102783934487,0.13580398751434092,0.1161050716472913
0.08841130664853647,0.13610617865137525,0.10805633344074901,0.12084858540600173,0.1064537334052157,0.11594625449828606,0.11407768013415791,0.11461471236789389,0.09548521544778406
0.24381509114513253,0.026706235758659547,0.09596716927961509,0.09141834127536792,0.0950437089765031,0.11182551703285627,0.11999153945370057,0.10554758145392575,0.10968481562423928
0.1517623178118316,0.06032140612314827,0.1211550762961634,0.11873490447225765,0.09549933678010393,0.10245398131556488,0.13398841841338505,0.1081611599579325,0.10792339882961266
0.11108931180896942,0.07043212725206079,0.12397435632952934,0.12770967318290655,0.12179949517603306,0.11699368816367874,0.12067409410152684,0.10315458184906216,0.1041726721362332
0.11117069873167768,0.07765303385197612,0.11952566232944929,0.09656430524822646,0.11990838601456959,0.11876139676408165,0.12454697586804848,0.11254847998644157,0.11932106120552917
0.1076063475472208,0.05604718587667146,0.10200119612935528,0.1208842677183845,0.12993574864308233,0.11247282543812544,0.11208061564439377,0.10712425905645033,0.15184755394631602
0.13112456657170624,0.06450971955354984,0.08924755459698915,0.13120627588194875,0.16480391606581216,0.09520369634841731,0.10138360334288378,0.10429835281686824,0.1182223148218245
0.18896588352669752,0.06255420480815221,0.07224973981719547,0.10974952912169189,0.13238095505411504,0.11209000051661135,0.12759165717985885,0.0913670369604301,0.10305099301524756
0.14208477637660058,0.07976768813680711,0.1194750512155761,0.12881553886506117,0.07439581053451715,0.12639994598601556,0.1294211853201108,0.09114139451845162,0.10849860904685993
0.16554316064104554,0.07718905031131608,0.08279346729037101,0.11246061116933158,0.10373472782617893,0.13112734698064368,0.11276928481566521,0.09624624510447867,0.11813610586096925
0.18282143773364543,0.05581832245326609,0.07261685133914036,0.11133761898141771,0.14593121006070633,0.1281044347085681,0.10541116281778075,0.0905836348007788,0.10737532710469642
0.06358450879448212,0.06871988271049485,0.12720046483141004,0.13243437116133494,0.11003724794118108,0.11829026548190123,0.12260236967744971,0.13691141045502125,0.12021947894672473
0.09035373041199783,0.154444584376203,0.09728983609156615,0.14247022407830665,0.10223871913133498,0.0932629578290773,0.10833228723172067,0.08894001592292629,0.12266764492686717
0.11926714036904466,0.05740960329695549,0.14479367923142447,0.10786041184923822,0.12854032323034587,0.09935309366156152,0.12120720818122326,0.10436212039475279,0.11720641978545376
0.11681855135298318,0.04117296071877236,0.1502575437675072,0.12333308899552838,0.12372323000017245,0.10440020317968622,0.12182527234378344,0.11684873145588977,0.10162041818567696
0.12077689003372806,0.06715927614938998,0.11781588583914714,0.12948473301548444,0.11720797977357744,0.11668941308612764,0.12006823861917498,0.10734966520509497,0.10344791827827537
0.11960820892687855,0.06744058223635371,0.11265497949540089,0.12925692077561857,0.12139576226127846,0.11745544150140369,0.1210372725787829,0.10802453880157005,0.10312629342271305
0.1328568836137899,0.08269407006366196,0.13926041553199142,0.10451165711284943,0.08576008607877893,0.1221802047277832,0.10375711730424038,0.09032412609854677,0.13865543946835804
0.1387856314483026,0.08151315441771916,0.08204386234011808,0.1162004947519849,0.11912848026489807,0.11591254953857094,0.1281818540948293,0.10514199572498543,0.1130919774185915
0.0836757609435242,0.07658775062683885,0.12836980339619078,0.14522441835320932,0.10358822344502018,0.1022331757936263,0.12562347029141926,0.13330211858541202,0.10139527856475905
0.07992043921726905,0.10428350757185023,0.10467654661062083,0.11914309110421412,0.1469533685372074,0.12098566686127377,0.11230353852387376,0.10997204258328032,0.10176179899041055
0.07256478760775824,0.10944089964780214,0.1358321884451241,0.12531036416575786,0.11676317825967031,0.10893618027169683,0.10856623945871502,0.0860590808888723,0.13652708125460328
0.10649540505097664,0.09764756675258773,0.12399749012149695,0.12869646678062494,0.10013000764693554,0.11486724052309294,0.11878757452458862,0.10563018140778302,0.1037480671919136
0.11104241386604234,0.11033740639252261,0.16439202650338045,0.1087399043250117,0.07964359510442702,0.10413098829847346,0.10246157015310332,0.0979829089815873,0.12126918637545166
0.11752587289498373,0.09315127577044462,0.11518154076170319,0.1280013803704741,0.11274239114803371,0.10025799934374752,0.12782566787367508,0.10162491976552158,0.10368895207141644
0.11893124686486285,0.059480359001799134,0.10792241626470489,0.13977718383631324,0.11376476057816638,0.10718946749246706,0.12453411417741152,0.09940569386396632,0.12899475792030865
0.09667133725806248,0.05833253031699805,0.08614299503377322,0.14637286592287166,0.11636895181026197,0.13322746696272345,0.1321615689680933,0.11070119100408012,0.12002109272313582
0.058742495559228225,0.2024582370607876,0.11644966172232078,0.09513060042664338,0.07537359212122201,0.12251438501072816,0.11759064374641888,0.09156141284913778,0.12017897150351324
0.14291273938330407,0.06532799359672105,0.11217105221898122,0.12448507695386052,0.09291727538192923,0.12746852330329608,0.11759881904786823,0.10801819621274202,0.10910032390129755
0.09194231438779811,0.07443735741256077,0.09727545838004092,0.11765875827015099,0.11282536214022737,0.13629969656516847,0.1262585509298967,0.10954280774045312,0.1337596941737034
0.10241508337584589,0.06418119928747139,0.13293446712506374,0.1256598026084681,0.1244190911136042,0.11488384215356924,0.12083838681817227,0.10076328889499324,0.11390483862281198
0.08564583346908329,0.15807189190638057,0.06752110420404779,0.12447315592815711,0.1316102607950803,0.11434158589791028,0.12169956552717315,0.09891328221881623,0.09772332005335131
0.1006709917328612,0.042751782400004205,0.14943835084449308,0.10608498392154016,0.14707403402218855,0.11948795207182727,0.10901946332471986,0.10123608227546987,0.12423635940689587
0.12308678483430135,0.05330480311930017,0.10459556403739027,0.11800482067949558,0.144875683891419,0.10476072859092389,0.11946173682999874,0.12069719380640247,0.11121268421076856
0.08421502807316406,0.15656585072183643,0.1022865900215311,0.10697948529659113,0.14592846466705323,0.11380712043706487,0.10428646222711106,0.08666088240530172,0.09927011615034637
0.1100942007193287,0.06395316651025552,0.08214166592216515,0.13789748862028742,0.1192023952313261,0.13683573573785554,0.1300670771987036,0.09917055959874177,0.12063771046133616
0.11086407605813293,0.09827187307147416,0.0673848276090976,0.1534065787811558,0.08465830304840853,0.11398541147366581,0.12133092279670073,0.14525400268750668,0.10484400447385778
0.06580893276994267,0.2603820212351744,0.15152707144853952,0.07812328565301503,0.059474379196773876,0.11284469577206041,0.1008672863277172,0.08750623085908486,0.08346609673769194
0.09926708812380403,0.06095279141585897,0.08898131667161824,0.12949900410161316,0.14451117468691643,0.11474264294620688,0.1250628359553147,0.12660081562938852,0.11038233046927907
0.09220139485431185,0.05734566228835069,0.15591770600375643,0.11397342974287496,0.10932722860407007,0.12227014135998049,0.12391238565634821,0.10968546842816644,0.11536658306214087
0.10508564847433643,0.0679941097010839,0.11026620982537289,0.12971396280191153,0.13671989299954504,0.11678525615440948,0.12624340675163048,0.09904307178048934,0.10814844151122088
0.1109591405406911,0.12796385652516684,0.12165362413243634,0.11293241143546189,0.07629231417174615,0.12345134849620448,0.12409162483921325,0.10016373966999381,0.10249194018908614
0.08650779120721576,0.07112371806687175,0.09847560519022976,0.10104411044034835,0.19664656042153325,0.0875168553785622,0.11402908323910037,0.1412848009847014,0.10337147507143711
0.08107311448814497,0.09466472521418567,0.15810845465221549,0.12633873702903609,0.08939285887861882,0.10599322126048749,0.11869226263981093,0.10558686734760654,0.12014975848989395
0.06895354083638217,0.0924948636219614,0.13222395968555684,0.11277269679064171,0.1389131505603968,0.10203906895191055,0.12195900463753362,0.14460053271987772,0.08604318219573921
0.1325585251121325,0.06404788652153375,0.12975709217348874,0.14507730651377143,0.07150340619451827,0.09618580298845776,0.11412074515575595,0.12914528701157132,0.11760394832877032
0.13154875875410468,0.12169125036159756,0.1120337557444887,0.11580520058363548,0.08597941375497452,0.08832904912325501,0.10758516186483584,0.08879081449859279,0.1482365953145155
0.11948714598266046,0.0674809134665807,0.11280880396014807,0.12923929363004508,0.12139941350769749,0.11745126793809509,0.12103507451290757,0.10795581980860731,0.10314226719325821
0.08187183702745524,0.050345760429085944,0.15433823809406022,0.12511843444093637,0.12298312491672371,0.10154395888958768,0.11840599947618868,0.14285959517925434,0.10253305154670787
0.07658695922083013,0.21581307851740208,0.07382594392345719,0.1076197171923952,0.13394694947208,0.08821283149270413,0.12044742700424795,0.07290176792735645,0.11064532524952682
0.06714631903114719,0.17851540591249973,0.06735105769923995,0.1324059718999311,0.11162769220466957,0.12139128672930173,0.1143337663439311,0.10549749135891236,0.10173100882036723
0.1345396660847014,0.11624589957386149,0.0987110979222257,0.1399925450323673,0.09574104266389477,0.10710398747327365,0.09877413795929839,0.1142292780777091,0.09466234521266825
0.10391863249325266,0.08331087595595321,0.0881706186364431,0.1229132230454627,0.14414208673520865,0.10386798145281799,0.11506676096894781,0.1121923156612032,0.12641750505071073
0.13684382125143435,0.07818832684126838,0.11759139089909125,0.1281458987467333,0.10032678415829209,0.12481176711633328,0.11287346454030195,0.0859625948017278,0.11525595164481761
0.11108931180896942,0.07043212725206079,0.12397435632952934,0.12770967318290655,0.12179949517603306,0.11699368816367874,0.12067409410152684,0.10315458184906216,0.1041726721362332
0.06443738741403525,0.24987857834501206,0.08732885215863077,0.07815962141911176,0.12962857842467698,0.11363378642061851,0.08249284912447215,0.06422696501325877,0.1302133816801837
0.1448197386742951,0.1402773252650142,0.09720987998010024,0.10325181071180282,0.09737012755238962,0.10606854167301082,0.12053274442168792,0.10327684080397202,0.08719299091772727
0.16642147516935643,0.04320889690049775,0.07117683312854138,0.13120916726991305,0.12084383941015915,0.12833835651043682,0.12249385279310805,0.11550625497734868,0.1008013238406386
0.10012402174011248,0.08169429713969704,0.17748333419338688,0.11663477701798015,0.08232505858944182,0.10518996385841199,0.11266540570290247,0.11537952122491367,0.10850362053315342
0.06289023023101196,0.24329884950406053,0.13516016293296537,0.0826640743067757,0.11038369239838257,0.10793115304436374,0.08740147489035943,0.08851012696877215,0.08176023572330855
0.11456930975632172,0.07419403623887853,0.11623276910983715,0.13527670375590833,0.112230738081239,0.11158653458233031,0.11781122369825109,0.09735467206703646,0.12074401271019741
0.07672653286186283,0.13293605257891453,0.14911479963842558,0.11877662901709897,0.11226519186243251,0.09440634171858564,0.11831648068284932,0.10371650601040465,0.09374146562942597
0.11108931180896942,0.07043212725206079,0.12397435632952934,0.12770967318290655,0.12179949517603306,0.11699368816367874,0.12067409410152684,0.10315458184906216,0.1041726721362332
0.0792873687743976,0.15152116991452222,0.13943221260426195,0.10686754440547296,0.05216339550250823,0.12301023350972562,0.1381620668483255,0.09858253773904437,0.11097347070174161
0.11309039987726925,0.05973731951689062,0.08633626814658564,0.1444579956399157,0.10762367899882208,0.1340677263144098,0.1294401959079703,0.11257466697487147,0.11267174862326516
0.11411380246217806,0.10469862632768401,0.13041641120409467,0.11159869942208951,0.07699158749797712,0.1169050444408154,0.12092763772563563,0.0846517599767544,0.13969643094277126
0.0844968338171559,0.08344562032370519,0.1593467998347953,0.10773011484298071,0.1251362503157581,0.11833131997075585,0.11536179588064903,0.09713313488296461,0.1090181301312353
0.05421990034674928,0.35325602777294596,0.11153710653750049,0.07835115773522124,0.0997915848072231,0.064573675801076,0.08046664030483404,0.09258082251322898,0.06522308418122093
0.07075285675396072,0.20278842841225642,0.12226178332002047,0.10143381306161896,0.10941842879510459,0.09855859804375687,0.09518419016824366,0.11325555965332358,0.08634634179171474
0.10477820977135836,0.07875492985564785,0.13694870340101314,0.11233849788952349,0.11416572880928816,0.12418623727588796,0.10623210426028074,0.10721061409829602,0.11538497463870434
0.10498851227532958,0.07206933034755592,0.141280915705141,0.09831854809599506,0.13995998496403775,0.10464530303877449,0.10062161838575996,0.12599764625579965,0.11211814093160662
0.06886922275406315,0.19303716845113295,0.11995261258940798,0.09503129796206695,0.09644233458240087,0.1280935289371674,0.1021122928506329,0.10539472986344274,0.0910668120096851
0.11108931180896942,0.07043212725206079,0.12397435632952934,0.12770967318290655,0.12179949517603306,0.11699368816367874,0.12067409410152684,0.10315458184906216,0.1041726721362332
0.07952481270871019,0.08843212325670431,0.1252376147753567,0.10558713710618582,0.16430017734406946,0.11932665646951611,0.11183433803557503,0.10466856408222129,0.10108857622166116
0.13329798863693018,0.09757063759750839,0.11562779910068514,0.10431612957639891,0.16155246639337228,0.09159536175859669,0.10563965323387191,0.11150417471361929,0.07889578898901735
0.08412063541650988,0.08368805040723531,0.15992395636179224,0.10739526939658416,0.12516026533058333,0.11833551580511566,0.11525256040618763,0.09703183486912621,0.10909191200686567
0.10856384702004625,0.09174305871255543,0.13116409054063993,0.12622416279374277,0.09841524163792086,0.10994692847397337,0.09881571010441192,0.12038065937862041,0.1147463013380891
0.17244349053905986,0.05803413200203903,0.09739658097325395,0.12437836853197791,0.10722777649324668,0.10236900811423903,0.12226220027495878,0.11619398590461165,0.09969445716661307
0.10207839198020224,0.09774539850393062,0.10827205741860653,0.12377182162212587,0.12865292173481815,0.11229446716157881,0.12402640784717352,0.09428349680305359,0.10887503692851074
0.12754305558779547,0.07249086619518298,0.11520592390723844,0.12373631090376602,0.1194185277860757,0.1228213110580506,0.10859651623988718,0.08406052476664065,0.1261269635553629
0.12138384477805135,0.06697783901259798,0.11743148053120446,0.12957555097802295,0.1169340479381626,0.11666409403771481,0.12002220302158755,0.10760812968408055,0.10340281001857769
0.07870806014503696,0.14511062922759302,0.16805753137443127,0.0935916667747463,0.08035853931967248,0.12183556929831563,0.11597856196390026,0.09061468954283584,0.10574475235346818
0.08837019556808756,0.09901095760682288,0.09060884133250909,0.13152482516528555,0.11484812392572159,0.12743751123583705,0.1244681516396567,0.10692017850901674,0.11681121501706271
0.11108931180896942,0.07043212725206079,0.12397435632952934,0.12770967318290655,0.12179949517603306,0.11699368816367874,0.12067409410152684,0.10315458184906216,0.1041726721362332
0.14772256946520884,0.05727475061632179,0.14433837758437787,0.11745483885760706,0.10745941965467753,0.09613359885436186,0.09652966823497526,0.10284421601178706,0.1302425607206826
0.09040861548837688,0.08375987418241582,0.12422674087408114,0.1243187351122571,0.1049237853487807,0.10400483852179326,0.11857248465992382,0.09544263061643525,0.1543422951959361
0.14160418414869827,0.037900686735355155,0.09256734647864544,0.12832674864665783,0.1375377110223153,0.11095010048063024,0.10997856567069948,0.10348783045631514,0.13764682636068315
0.05916492253282021,0.16122616833884515,0.08427002047554,0.103024606297061,0.13621923335399336,0.11260291920533382,0.1147970946081117,0.13926381482208028,0.08943122036621443
0.08686560515130899,0.2229387647405395,0.10511406890676289,0.07709454617018256,0.05563830118458643,0.11815316421755893,0.12981816307580105,0.09098854187092904,0.11338884468233053
0.1366687098551412,0.0444066811040544,0.1129478859156627,0.1344169433316134,0.10219953462026087,0.11824201187300597,0.10600427563319874,0.13339628011926838,0.11171767754779438
0.21094407475498045,0.07241718848820379,0.0785182489021048,0.11137207480545493,0.15686535838151364,0.08662053326826835,0.10094811448456063,0.07715779679673636,0.10515661011817713
0.10441960762134979,0.06927695754885294,0.10453996880505967,0.12476627128401276,0.12568350948414242,0.11408461367520216,0.1231005276082087,0.10951599646306402,0.12461254751010746
0.07456038441375712,0.24193305943261736,0.07808522353624504,0.12309543799559859,0.07702161235910414,0.10875552145240926,0.10437342095856804,0.10630383473982684,0.08587150511187373
0.13005441200319787,0.05698575526615712,0.10507352404181691,0.1383576774751523,0.10711663317390714,0.09717604174662105,0.13192548541234317,0.10273344222362658,0.13057702865717782
0.10450798291849618,0.08306897218517376,0.12104790732033614,0.12405862537713551,0.12082750922266094,0.11979594070706628,0.11923184730784962,0.10640260755607107,0.10105860740521057
0.07515275936778183,0.10080106315092575,0.10116004190663545,0.11801880659733838,0.10803018040991981,0.12835121919171855,0.12348750316615886,0.10603692334920807,0.13896150286031328
0.1750212126256453,0.08128002030394788,0.07862229714623115,0.12333369386889144,0.12247500790473305,0.10071990074565292,0.12114230816569733,0.09530838644782226,0.1020971727913786
0.08994916255741985,0.09609017426085871,0.09440008179664296,0.13750461318343862,0.12260086475964067,0.1296770938274672,0.11566945910273192,0.09736183840980044,0.11674671210199962
0.08700379266075815,0.12278969360814362,0.09849453437952331,0.11621549958940393,0.13099702511285313,0.11794885471475729,0.11027361672639423,0.10337411233546652,0.11290287087269979
0.14725439870751725,0.04592832953416517,0.11733505434279883,0.12257564326363889,0.11481893016712665,0.11728875985790978,0.11063063360698004,0.12721418577357096,0.09695406474629246
0.1201808973171488,0.06533727365539041,0.1306325529434955,0.1228669263699988,0.11840099317192405,0.11850105961017837,0.11270553077023139,0.10179469842629141,0.10958006773534125
0.10379502774845885,0.11345058492819621,0.0703271602573714,0.1318686919613796,0.12805259525616544,0.11082414606841494,0.12600868554303626,0.11036172516839049,0.10531138306858688
0.075160945039983,0.09432489230243161,0.1582402356608886,0.10560921544434194,0.09477343640216562,0.12183742114189888,0.12938323733759372,0.10356696649855841,0.1171036501721383
0.16488820826534492,0.07914853904460416,0.08440613822297123,0.12020782230968337,0.10618303980349718,0.12139036204281965,0.11348888053455926,0.09868364209378054,0.11160336768273967
0.09436842611501584,0.08777352829165745,0.09640998561045692,0.13482400128658947,0.12256756630867112,0.12214450980520537,0.1235930098892339,0.1021569100105766,0.11616206268259337
0.11218384195759272,0.07538717962202375,0.13585096337917416,0.13186383006570154,0.10148041348164505,0.10898807593711686,0.12377838205036333,0.10315371973956035,0.10731359376682222
0.13722190616360122,0.04392666766634006,0.12796366164788367,0.11671037326738225,0.08986727787326426,0.13673283626984575,0.13028864645280355,0.09973100638442817,0.11755762427445103
0.15889638175751497,0.05064180466509686,0.08190531421724163,0.1293777515198787,0.08789933842177668,0.14343625089316547,0.12542392887359102,0.10732298871584005,0.11509624093589461
0.13332104167818246,0.06133686703076113,0.10248762915570035,0.13485682548462205,0.12917194921799938,0.10459793748629022,0.11274933428243779,0.10736615198331899,0.11411226368068765
0.07592759087025534,0.0751048944452885,0.1650205551046691,0.1114825802154117,0.11835084917062728,0.1126976322309513,0.11480735269835747,0.1145735100986937,0.11203503516574553
0.11660808264889866,0.10349375701700987,0.11569098668803135,0.12180196540323873,0.10115811571009242,0.13441155508689184,0.114679184096052,0.09055536710987079,0.10160098623991441
0.1190900501310902,0.0676136094880551,0.11331479608699753,0.12918061128471264,0.12141179675628332,0.11743710124017366,0.12102727553265062,0.10773032522289276,0.10319443425714407
0.08089885572076479,0.14374912793430417,0.11926108443065152,0.09756236038098472,0.137293233999407,0.10594870747175751,0.10728183260587805,0.10434473293703635,0.1036600645192159
0.07131946178971733,0.2619603120561487,0.0736990980842606,0.10453691480792832,0.11739053891075579,0.10439554305053593,0.10272276149575786,0.08220644840024495,0.08176892140465046
0.061958967976139034,0.11109393862100307,0.14433088245255027,0.10263706188440762,0.1490492992009513,0.10113540849193492,0.11415927163187822,0.12016893348519093,0.09546623625594462
0.07619262609714603,0.16013525190178776,0.0906567899084711,0.1076276123015062,0.11195473161405307,0.11301876368637391,0.10685664510043984,0.12308316667554105,0.11047441271468095
