0.10814189441379556,0.1153670484946618,0.1123980169417161,0.10715887051814284,0.1015333920894067,0.095321232038463,0.11604419119689875,0.1277354301392826,0.11629992416763263
0.14403005103484465,0.11528731124599863,0.12601696395940554,0.10225325118190097,0.07659645742869052,0.10076309830898149,0.11735896861182593,0.100690323175751,0.11700357505260132
0.10280737104589328,0.12127003923963763,0.11300342327255469,0.10260022194733165,0.09798066319813849,0.10714465333353677,0.11480813783758792,0.11963076015613218,0.12075472996918742
0.1249388236283731,0.11854040266535786,0.11571241424911365,0.08551453210584202,0.07623198646359805,0.09489612592148015,0.10486868226567175,0.16297125953754046,0.11632577316302302
0.12412911283360566,0.11326823117586587,0.12919084551040957,0.10398141211999536,0.1208909132868932,0.08960211666275464,0.11131451130102192,0.0774501160056713,0.13017274110378266
0.12959453790259445,0.10490343451453675,0.12165534978085936,0.09821240966406258,0.06394587939639818,0.10044059595760095,0.08619727905463458,0.19747746742202543,0.09757304630728775
0.10605878413074886,0.11586890121785402,0.09935885490463214,0.09956815582174532,0.114653574857635,0.09000464659635266,0.14692815065416132,0.12894367814033814,0.09861525367653252
0.11035599156614036,0.1253811194755558,0.09929263473456641,0.10971259393730926,0.08859333599357543,0.09919215196799426,0.12147255579757994,0.09415777506636773,0.15184184146091084
0.11046756414946594,0.11593529494315197,0.11577706055910002,0.10172064273410318,0.09467532111881817,0.10027094075876047,0.11033966950226531,0.1330239886233396,0.1177895176109953
0.12151874081296099,0.10173985206618073,0.10718659273187463,0.1282253805265594,0.10028109512191673,0.08209883293828389,0.12361074153377001,0.10990483391353596,0.12543393035491768
0.1060585694846272,0.11611790838762222,0.10368732120360158,0.09712058389575261,0.0709451914266422,0.0931302537230871,0.10961276539553542,0.2082861722684577,0.09504123421467403
0.10706682853937033,0.1276891412818594,0.11977183488382932,0.10559586697394781,0.09323101516928502,0.10978182818290101,0.10015208152433591,0.10934689076886654,0.12736451267560467
0.1561802687612497,0.11263567646654471,0.11533109709324053,0.09243426777264015,0.06261429991254036,0.0798886536436559,0.09386698595452303,0.19751440196813852,0.08953434842746699
0.07954281347593178,0.10987420701921403,0.08614898609902542,0.07468060466450095,0.08251590881847641,0.08835283759661762,0.11782956166844544,0.26025036373289134,0.10080471692489697
0.11121963309973121,0.1097849495711229,0.12774097001009874,0.11437560891008706,0.0881285905295718,0.11978964911441274,0.12397842807105497,0.09009587491883238,0.11488629577508813
0.13453848506342755,0.11366044378406792,0.12154947949752117,0.09836285358893808,0.1072625626089388,0.11889438420375369,0.0815052364748555,0.09880336057125762,0.1254231942072396
0.08613823778535627,0.10321609664695196,0.10716829618165737,0.07655396810765913,0.09810766576245888,0.07452769621998438,0.11460848124375733,0.2356323901513405,0.10404716790083428
0.09459634867958133,0.12193383871077967,0.1298768564997258,0.09666131482650774,0.12517835050873802,0.09728602914923508,0.11654254215574794,0.09832507744266546,0.11959964202701896
0.09444023993804744,0.12604583225697288,0.10652813312778837,0.12442504906337942,0.07690527030987175,0.11096586708129834,0.10454343365410096,0.12279894380238708,0.13334723076615376
0.12518868545376646,0.10582282524780505,0.09752194558025636,0.10219702896838002,0.13379334424687458,0.11259342161566081,0.12460874207728904,0.10529149317047382,0.09298251363949388
0.09913580466315879,0.09262268792364374,0.09843601620041892,0.0853236145742695,0.2529487780018187,0.08310131171119796,0.11430983878937094,0.043863360611963324,0.13025858752415817
0.12709093547464057,0.10970410678296157,0.1079356958827824,0.08273600429149018,0.12458573765585294,0.07836039065950216,0.10685900470970484,0.1317416490746644,0.13098647546840095
0.10051831885695166,0.11971233675641192,0.17417552637639097,0.09715881485859316,0.12528917146120241,0.1117121642162695,0.12435390463627427,0.0520774717685737,0.09500229106933239
0.13745733901283805,0.11447407579347672,0.0930164274701642,0.13112809345774593,0.06735906864683115,0.10789123412426033,0.11184097766066554,0.12397531121360332,0.11285747262041479
0.14976081678482078,0.12543018731635303,0.11913561495465232,0.09155639185151355,0.11299853406081557,0.11659975404279728,0.11074187113289724,0.07003462487687384,0.10374220497927637
0.10456930244276241,0.1159260703308671,0.1246604613379562,0.1033529005431083,0.08574559153943236,0.1271487006069138,0.10884254163253249,0.10793724012844023,0.12181719143798708
0.1528581578485854,0.10569373926772734,0.11640438917766453,0.06791103560059786,0.06574187622115475,0.10462758981080904,0.11928594843400564,0.15929804746752155,0.10817921617193393
0.10947782795004606,0.1336480123288383,0.10132126913299529,0.10075722419820843,0.08362186451073716,0.11010773276703856,0.12527644611798774,0.08742316553508157,0.14836645745906696
0.1256530704326598,0.12852454212599568,0.11397582519251769,0.09698467107972579,0.0633221782969401,0.12416785740033327,0.10731347914480054,0.1165601973701725,0.1234981789568547
0.10337150585493139,0.1477327639377735,0.13013750687638867,0.09693518918814974,0.09093080401834523,0.12521971728910683,0.09963052943872784,0.09390829195671047,0.1121336914398664
0.1891798509402751,0.12753519713791847,0.09997719532011755,0.11435101024019462,0.04352757326895237,0.07997095490513452,0.094661048146789,0.15385296895252076,0.09694420108809765
0.13212753175083844,0.10904501519416283,0.1049359241906384,0.08598863422798275,0.1391006860405938,0.1010262997895613,0.11776229687582807,0.1314229135352136,0.0785906983951808
0.10810868351610414,0.11470123755309984,0.1470290329471624,0.08642467494648758,0.11754693251384542,0.1381092619112406,0.10941280638870976,0.06780629612481395,0.1108610740985363
0.11115519971574361,0.11487602688113453,0.11249310644108505,0.11181781699674066,0.10109320300231851,0.09407640145384934,0.11736680704489431,0.11529840622182645,0.12182303224240754
0.10207096694937001,0.127419556239061,0.1295698747171298,0.09703833388678941,0.09494923314001208,0.12343497688361312,0.10620787791312536,0.09752284917662828,0.12178633109427088
0.09451631207695828,0.11001119693499613,0.12038484558927098,0.10374049474806679,0.109855279368415,0.09334165041320175,0.11166146271518128,0.13844963044456557,0.11803912770934422
0.1020121629962395,0.11452340094820808,0.10665220080230027,0.10128459130672696,0.13069050502640642,0.09262068938917321,0.112606971078824,0.12369420329309495,0.11591527515902667
0.13597286363456404,0.11086003481273617,0.1269493306414492,0.08872777335108221,0.06591379894558774,0.13294887549807413,0.1359060564694728,0.06948391383858443,0.13323735280844934
0.09236017591410355,0.11527169722835297,0.1272943892724017,0.17011865735622955,0.11603503795064966,0.08632295274112166,0.12952882707743618,0.0695374242433394,0.09353083821636538
0.1256724778973181,0.11195086045967893,0.10368929589689169,0.08120123688667041,0.08144540626939512,0.14288124452080728,0.12722227616756596,0.1470835864124355,0.07885361548923699
0.10199000392207302,0.10782135935749958,0.09228523123529964,0.10212936147279701,0.060819739576283414,0.07269842993714931,0.10303003192022853,0.2689555121305623,0.09027033044810732
0.10044269409982952,0.11302465555579216,0.11532084212776057,0.1075093085148963,0.11711893113639142,0.11240527099505826,0.11275603711095206,0.10010603743948687,0.12131622301983286
0.13039762445688532,0.11298570054253153,0.11669009966701487,0.10314548328239513,0.07110751943707531,0.12017013912895884,0.12617344189010837,0.0917611984364916,0.12756879315853906
0.1066212646768292,0.1296771672032319,0.09826540834844293,0.10533292327353418,0.08629684775867724,0.10574291042354923,0.12046951537415883,0.09365755468309105,0.1539364082584854
0.1428490478447292,0.11425652914529111,0.12780021749287918,0.10075618681159043,0.0854535937260532,0.10090611761713869,0.10901247434724452,0.1104585403231867,0.10850729269188698
0.1386905581979004,0.10643083102553814,0.11201531507996858,0.13418053568897523,0.11212988200383134,0.08647126639363427,0.11183446886511468,0.10100522080831796,0.09724192193671931
0.07412896388367245,0.1052701614875605,0.13090952356286192,0.07284148976987163,0.1641108205929036,0.17002481999101748,0.0940477134781238,0.10392446173283541,0.08474204550115332
0.11335722881798484,0.10565440828795965,0.10821240912053857,0.12526540997877025,0.1493171575023553,0.0807563684275319,0.12322559908055669,0.09249839110541865,0.10171302767888417
0.09570294001321138,0.11850503012354006,0.1499894421567799,0.09289916584803704,0.13144298376844923,0.11213598436683757,0.11780265659395973,0.08100174624281052,0.10052005088637457
0.08510311695263256,0.12281115191858792,0.11059830955625587,0.13009463011606962,0.10312561451124325,0.10129400979828758,0.11156827118647546,0.1405010650583179,0.09490383090212974
0.10606066159127048,0.12862691364492787,0.10031048027404806,0.10494251200355009,0.08792289784780472,0.10609665062676814,0.11977563571714145,0.09718055378907427,0.14908369450541492
0.09762584991400865,0.1182562138394931,0.11762810109408706,0.10772168022049484,0.12178689829104615,0.09648586383650039,0.10752861762316553,0.11162615952406794,0.12134061565713634
0.12685040792235203,0.1162747028955871,0.11191508453123471,0.12096723563133381,0.09437270785367417,0.11180284483115727,0.10571527453676498,0.0932565120979955,0.11884522969990051
0.16374540818792863,0.10781416048843319,0.1311476518757653,0.09092529187346456,0.06356729339114012,0.0956330162479581,0.13401327072642413,0.06360837293514354,0.14954553427374248
0.1020103445079536,0.10762944228875095,0.09605096671214496,0.11273432885791583,0.10451562336289062,0.11838231337174293,0.11928736003217504,0.12426266554728553,0.11512695531914056
0.09899323619317602,0.12254622736908093,0.10758002715741018,0.10738782573954196,0.12075504170222649,0.09750256653811139,0.12107565767004569,0.10913788248754218,0.11502153514286513
0.1169240344527515,0.1266107414124572,0.10805595927246052,0.09890298554779968,0.1023455947662008,0.106074535650529,0.12435639817479201,0.1050287529947093,0.1117009977283
0.12347765937107598,0.09886083493787208,0.09872354942126686,0.1234886765851627,0.21351621625059156,0.07267526899467826,0.12445525911076827,0.06619306413271223,0.07860947119587207
0.15605353666881597,0.10159310133551686,0.10890118911095914,0.07985002475820774,0.06913942198501544,0.10579295501184098,0.10958467573596677,0.14580759675281627,0.12327749864086084
0.0912208075452749,0.11236875757158675,0.11714233066383724,0.08553328992072744,0.11919881489607885,0.10562280009566682,0.10665618796930058,0.16563036960625668,0.09662664173127078
0.11022472223138181,0.1296666351980995,0.11361876961485291,0.1000846120912419,0.08561021523854555,0.11140070088760769,0.12341791466414857,0.10560417581929527,0.12037225425482674
0.10048229520045981,0.10229178272378359,0.10219960222078867,0.13473966979713162,0.14412131592016372,0.07370256299425426,0.127637305383308,0.11748940167181832,0.09733606408829203
0.1014239022405745,0.11043165829028655,0.12972897633617264,0.1094055770812971,0.0782507432088841,0.14493483122019143,0.1297166764016363,0.07089068266435769,0.12521695255659968
0.1385970014876918,0.1153312203924904,0.10128497482155374,0.08503265590810037,0.09724348243500458,0.1416792708111593,0.09071617891642585,0.11994487455806786,0.11017034066950605
0.08933080509575025,0.0951830142768712,0.10767012620794196,0.08307284535643392,0.05999877863305367,0.11404390922213166,0.10508450209269588,0.2500908055927758,0.09552521352234572
0.10511722706079012,0.1173082677638617,0.11661596633532267,0.0961914205167388,0.13265717306924518,0.09609115554099208,0.1103470752140263,0.09007021299230478,0.13560150150671835
0.13424451054625958,0.13279843741412642,0.09428553249126366,0.12358473153013755,0.08629576942615506,0.10077083097172129,0.10872338106477457,0.08531822273460483,0.133978583820957
0.11924557677546027,0.10451659532077302,0.1098624415243606,0.10595862916287091,0.08495372917489513,0.07665441029352273,0.10492295882785947,0.19253359741541964,0.10135206150483826
0.08809372049142317,0.107146288924776,0.10253452839201654,0.07504273980633323,0.08854981746345836,0.08872143434006985,0.10269582154418455,0.2437073071835417,0.10350834185419656
0.16594728925081212,0.1105661272387526,0.13438120223936564,0.12160963410157632,0.06411173486755502,0.1009085225346303,0.0961719306423861,0.058516408500329666,0.14778715062459227
0.10280737104589328,0.12127003923963763,0.11300342327255469,0.10260022194733165,0.09798066319813849,0.10714465333353677,0.11480813783758792,0.11963076015613218,0.12075472996918742
0.08729427464864296,0.11386116753964204,0.1204787798414455,0.10913047429731526,0.08562306701267837,0.10224269150664202,0.11221320748733161,0.17392359899133902,0.09523273867496333
0.10567869956555531,0.11341793180071003,0.1146102984438856,0.0991898928155641,0.08070763070094182,0.13269811161719677,0.11872783142975118,0.11560809997804052,0.11936150364835467
0.1730603962180565,0.14161401293025963,0.11085440697002269,0.0789969165072598,0.08194854143840187,0.11853114045293763,0.1269238568380978,0.0841436647316538,0.08392706391331033
0.11589851853352219,0.11505339755825099,0.11295498363613528,0.11083330822134975,0.05262262075673594,0.13228140110713407,0.12065789751888101,0.11507496271457802,0.12462290995341278
0.09302287813340542,0.11977672701124213,0.10981538291492449,0.15270551872724772,0.04398756895390404,0.11936029688484832,0.12323612509923439,0.0899906114048884,0.14810489087030507
0.09697147186020101,0.11964786594695039,0.13941861071415915,0.10201700048933865,0.08912943197736038,0.13711113712947318,0.10293142884358986,0.09623858720031747,0.11653446583860987
0.13785912127620897,0.1265008457934362,0.11943891143029506,0.1068817576268161,0.08330327689866562,0.10501898341527516,0.1293602954861356,0.07827051019801431,0.113366297875153
0.10768364343040336,0.1158555109290791,0.11557895285512519,0.09665293152142379,0.09420565082028436,0.10139590904404631,0.10829221495226353,0.148120232546489,0.11221495390088541
0.09792088867468879,0.1063300793279312,0.11585792528339849,0.10706905766452751,0.0698662321148369,0.08891960565679298,0.10879164153112197,0.20185588079983352,0.10338868894686852
0.12460906314861102,0.10334471106068155,0.1106932027716987,0.12366144498072466,0.08811794622948099,0.11505337285147188,0.10410465570862008,0.14563977771084685,0.08477582553786422
0.09628734558124835,0.11503316647550939,0.13058913583525758,0.11797572662574822,0.10792629486521398,0.13395693020565927,0.11636720504728466,0.07493966193268521,0.1069245334313933
0.07758924938635108,0.1373997671251209,0.14368337832388797,0.12810337851184417,0.15618363922806133,0.12067275708961435,0.1297381602556714,0.03772001856814198,0.06890965151130678
0.12772735239241648,0.13770918944521912,0.10688318328912315,0.10309019479505055,0.07630113473279611,0.10347033248343647,0.11478368588001897,0.08299749906138953,0.14703742792054966
0.12217899149825347,0.11930687270395483,0.10889466553777405,0.08695502381916868,0.08292966654112094,0.12578151362214976,0.12747100369381925,0.07901412686114202,0.14746813572261702
0.12452328973604603,0.12530403280417216,0.11345755355091684,0.13867465328887307,0.09401446724857508,0.08981817880730127,0.11019379311057743,0.07549282985160917,0.12852120160192892
0.13218093675472684,0.13939686534815285,0.144555286255,0.12228232887484074,0.15946187279773624,0.09174619466068978,0.11210329358232486,0.04023518950877298,0.058038032217755685
0.1308815557698489,0.10511924435053116,0.11478343927756823,0.08855800013782188,0.17591321983867944,0.12338366416458575,0.09438317027088532,0.06909222468969285,0.0978854815003865
0.11754918867034392,0.1067342657542843,0.1108618919206843,0.09288135272403734,0.11356415918627598,0.08651203989493998,0.10543971402793097,0.145785925061282,0.12067146276022123
0.11787909502438858,0.12996969949924336,0.12132611277453259,0.10620163203259403,0.09210488085725603,0.11949382450904644,0.09053083563315478,0.09636877373049024,0.126125145939294
0.10513627754485337,0.11725093888090317,0.11663601234131016,0.09614304190250361,0.13304301959041268,0.09597117492596217,0.11029060005412587,0.08978867651497613,0.13574025824495287
0.10332260863278152,0.12017354547530142,0.16098884450858822,0.11924690401881312,0.07876480541783269,0.12674124122814562,0.09488743425743267,0.07083073810864766,0.12504387835245714
0.10815600216958206,0.1289910684621644,0.11123381911108395,0.12454818307460884,0.06403554440695096,0.17770884288891228,0.10315052566722642,0.09723498203037224,0.08494103218909889
0.22012307848057175,0.13187566443442558,0.10918029050521387,0.12448458980610555,0.05673936610455402,0.09098014148275775,0.11612537429886371,0.06123751733282057,0.0892539775546871
0.16305935497664123,0.12960099554446736,0.12277000974303509,0.10447036209876094,0.09164448182890957,0.10212533781593465,0.09074343071194473,0.05295904642270031,0.1426269808576061
0.08029247630791934,0.09905501265343143,0.08430425145519838,0.10026563210935309,0.05695176485071499,0.07646205210179897,0.09364751008686852,0.31952532831116515,0.08949597212355
0.15050067495946193,0.10993856121221757,0.1197057049477791,0.08608054632526813,0.06982608550925977,0.0889567730525268,0.11791901962879237,0.10552240685274795,0.15155022751194644
0.1382256627186262,0.11601275048341057,0.11349920530847336,0.07675567013754658,0.124060246282694,0.11428613518408422,0.09830861892163985,0.08155907515369776,0.13729263580982745
0.09813810135175431,0.1183401866683147,0.12026047102141986,0.10485674323245202,0.08601142535785905,0.1207297432067677,0.11306884068932271,0.12872215110463614,0.10987233736747358
0.10700991260976521,0.11833482522028564,0.11629064811372115,0.09685711755192644,0.09222827889338144,0.10637852438649241,0.10825177164546523,0.13760448199463834,0.11704443958432413
0.2139746680078196,0.132245657736284,0.09460551108599002,0.0881857380577495,0.06171606045453685,0.10772037289167537,0.12036035560190987,0.09299882725749577,0.08819280890653884
0.15605446969211093,0.1131308319025298,0.0979814920236577,0.1147917976557573,0.12730663322050076,0.1032314623308659,0.1323181185599519,0.06626071401240448,0.08892448060222126
0.11973508786248505,0.10594280219925296,0.11568617751102749,0.10297361867610656,0.0889487032857438,0.09385035831520172,0.10694113765015921,0.150052532218982,0.11586958228104123
0.09270703497115634,0.11533226518885298,0.13521681311907344,0.1207075797568572,0.13279151003665782,0.16053093985559064,0.10003228395291791,0.05448694927980224,0.08819462383909143
0.13107613368625703,0.11840177161180766,0.12300974620374279,0.08445033602887854,0.0674877500020191,0.11070712716274782,0.12654150066166994,0.08932481136408967,0.14900082327878736
0.10221547668950608,0.12194367345923109,0.11116237848796277,0.11110759802059848,0.06356503332227932,0.10362447598574338,0.10141150608512693,0.1173875012163848,0.16758235673316713
0.1015524031779977,0.11924897229542973,0.0959087560018849,0.11408428084259557,0.07697050007064633,0.10264856310058064,0.12207774206295328,0.1503505678060964,0.11715821464181546
0.12065251957047095,0.1156634308735296,0.12225046935482937,0.09965965563855246,0.07686306141961047,0.11413707245891058,0.1189954474661014,0.11150836662030923,0.12026997659768594
0.1294200146821249,0.14102464895595068,0.13769459343139326,0.11940779633798411,0.07208549188477921,0.12064006037862174,0.10975459460555055,0.0718450907977259,0.09812770892586958
0.13393087456742228,0.12586341608053944,0.12767815552814865,0.11354221347862974,0.0933496596014582,0.11143128993678941,0.11766851667820032,0.0707779024465521,0.10575797168225987
0.12538508321330666,0.10083645647631052,0.1061423526704655,0.12114677566706428,0.11623703439279653,0.06939528285366493,0.11300160999963937,0.16072022867064825,0.08713517605610388
0.10251933910226506,0.10567112896982896,0.12338894543104918,0.08817338411003402,0.10465824364498981,0.08240442217011762,0.09296971184569795,0.20073264392823717,0.09948218079778019
0.12609767111158413,0.11532655193757187,0.12609504094012067,0.11035393996476149,0.1387653138062764,0.07964344865916632,0.08742319499977382,0.06770393905558914,0.14859089952515614
0.10280737104589328,0.12127003923963763,0.11300342327255469,0.10260022194733165,0.09798066319813849,0.10714465333353677,0.11480813783758792,0.11963076015613218,0.12075472996918742
0.07856593740500205,0.10139719368651841,0.08785819944875416,0.06838142443483101,0.10067269785410954,0.14157662740748533,0.11427737039736903,0.2177393397471655,0.08953120961876497
0.08675373668069446,0.12568302960951355,0.14216068805546003,0.12076518296126372,0.11810025949862574,0.07771075689210509,0.11796026976371805,0.14196396903737876,0.06890210750124053
0.10129264240307546,0.13582482362610848,0.11608692202655846,0.11325971428820664,0.11120012087735404,0.09823461488227563,0.13931715366746344,0.07821679814960002,0.10656721007935784
0.11139716637845833,0.11084553212031611,0.10430988643238281,0.10767276562570649,0.14934007513370948,0.10422646191814648,0.128349786243154,0.09166544586183441,0.09219288028629195
0.17005546289587484,0.1258659988273373,0.11325428087401135,0.1252178669302155,0.09017804356159409,0.0672859385371407,0.09725189011352474,0.08214489978369689,0.1287456184766045
0.1067921828334455,0.12205747739325833,0.10545089353731385,0.1055232542165051,0.09193794583972907,0.12069582430381526,0.1097319868849026,0.11365352162462827,0.12415691336640207
0.11219647950434064,0.1240875888701763,0.1655780943714877,0.08487098086940804,0.13741658943864457,0.14776715402526822,0.10615720799674278,0.058155033684240326,0.0637708712396914
0.12899260584798258,0.10665856725375257,0.09320015665333042,0.07227204318190546,0.052970281122415364,0.11179594578610696,0.1149140144772199,0.2230287675126803,0.0961676181646064
0.10940839376196639,0.1077313249685674,0.11572703663051176,0.08652393309411326,0.11756398176811507,0.08199724654032055,0.09691958859357457,0.166591272638169,0.11753722200466203
0.1721669090315161,0.12564094142398438,0.11276347366451678,0.08788994892173625,0.09817282597469035,0.09717301028905884,0.13040269763875767,0.0854789433357157,0.0903112497200239
0.10579976670141318,0.12016434583706039,0.09837611773852346,0.12295075162683466,0.08081044047953803,0.10803052775140722,0.12973599920881937,0.12393651609590704,0.11019553456049669
0.1059060620861109,0.11679566205969678,0.1060648611418366,0.09078211468676851,0.1775638428450279,0.11868408701395437,0.09443956417465334,0.08273013230395554,0.10703367368799598
0.1557497506202694,0.13367593182355744,0.12073632810247416,0.11174028645649729,0.06507205173336046,0.15736620655867664,0.08139970634514593,0.06677422363637454,0.10748551472364408
0.1254084187850027,0.11661590091456786,0.1093304281459776,0.11337851004122884,0.07755442845779294,0.08270478730589793,0.12167241725919392,0.10699941822246094,0.14633569086787734
0.12199919432649682,0.09777671362798761,0.09601068060202844,0.0979322932681929,0.04118808622931117,0.06664461188197211,0.0982585030149951,0.2755574288817218,0.1046324881672941
0.11910822017615437,0.11077695941263989,0.12162547583316725,0.12556186870377462,0.12442414774729253,0.09522186408390095,0.10276312418249621,0.08000426966423356,0.12051407019634068
0.12340702703849914,0.1183349352029411,0.11531452036666119,0.1544557857146974,0.08487924704651935,0.09428957986341498,0.11730234853838199,0.07811193292627677,0.11390462330260802
0.13284940087094707,0.11778837859797193,0.1307883454133998,0.10037954213309878,0.09298741739115879,0.10286800724464658,0.14209638875194797,0.05126242638395637,0.1289800932128727
0.16899594119050762,0.1069701513985275,0.139949889612677,0.10643243455298614,0.06078296418223916,0.09859782557772401,0.11546702338869576,0.08811023630290554,0.11469353379373733
0.16928464929769818,0.10018387286382047,0.1279076733214275,0.07432032639791147,0.044421711102261646,0.12882759633947358,0.14469437263831578,0.043937648137023534,0.16642214990206777
0.11178715963793891,0.11967673278545425,0.1086977965006453,0.09865271654754681,0.0913172020582557,0.13154757367699363,0.12140259607843977,0.0829750762309351,0.1339431464837905
0.1114929874295605,0.11747010408944415,0.12599426644903836,0.10547395702028135,0.09617571261722131,0.10709179013281746,0.11214059165875867,0.10684945929628366,0.11731113130659458
0.12770761196552774,0.12251124806472106,0.12231185772677806,0.09944194485109327,0.09008161172171365,0.13094478052000563,0.12266511510783883,0.08377662003586532,0.10055921000645633
0.08065056699235035,0.11819383511547099,0.12868122573171878,0.13457943293411542,0.1437708482544958,0.10855219407472373,0.12393898410595745,0.07855572339026312,0.08307718940090426
0.11227720625994674,0.11354793904988271,0.12424839310514872,0.07677953680146182,0.09337296043791687,0.09809258618175931,0.10324155676524642,0.18834627990419928,0.09009354149443809
0.13435539543160505,0.120994964967345,0.12141509711854405,0.09706028632622905,0.10863249306633328,0.12543718497359868,0.0967397985483532,0.08794119709314396,0.10742358247484773
0.13339333385046145,0.11284217484313369,0.08699003467934678,0.11739984629620066,0.08611980150553078,0.08331905446256249,0.11956082068672426,0.1782178678270754,0.08215706584896448
0.1395945648962076,0.13403954673347973,0.11222120184883856,0.10057390262304731,0.07769414281343265,0.10165446447068038,0.11730436487170949,0.09755318533787798,0.11936462640472634
0.12189402422806224,0.10856060346934122,0.10078222859881474,0.10265790916218953,0.094197968468013,0.10299668320772476,0.0994100679415356,0.12509959279355096,0.144400922130768
0.09880403170720053,0.13101887479330765,0.11122405524766366,0.1160375510764815,0.0901072641871341,0.10681132847037016,0.12582808137286025,0.10064586714268496,0.11952294600229725
0.12107765482219811,0.12896752578568496,0.11762865604716066,0.1041798279280403,0.06920915778445237,0.09431304172754829,0.11891784140708879,0.12010224575644435,0.12560404874138217
0.1399827810788352,0.0914813385905945,0.10838405100693362,0.1398696396240285,0.18530402861701264,0.05991015833363652,0.12609301043113144,0.06561709222156863,0.08335790009625894
0.07805259911724809,0.15274674610848998,0.1114882803087995,0.24670479472960108,0.07807244803144264,0.07603425790274017,0.12448625863928785,0.05777649678176174,0.07463811838062893
0.10453338776917777,0.09941797881002473,0.09335589226404566,0.12913313540112573,0.06381159553705636,0.07281338630039853,0.10033233111087429,0.26334889152947905,0.07325340127781786
0.1413777933417847,0.12341152320333704,0.12396998335379383,0.0913517457856932,0.06929011931584149,0.12547464756304855,0.12696575843378513,0.06819440960276711,0.12996401939994895
0.15426556042521974,0.121126054144574,0.10261283324469544,0.09050402066192076,0.07008600986348382,0.1040435118856078,0.11641444355673874,0.11875066486515413,0.12219690135260551
0.07673896682791927,0.09846477696398494,0.10403936669669661,0.09338404681703973,0.06856569781795656,0.08457561818706216,0.09623957109997466,0.2862964878937178,0.09169546769564833
0.1127101070885586,0.11790189609404446,0.10968108939341688,0.1062513749615861,0.10346073670757805,0.11462572703817271,0.1078163314669261,0.10637369002182057,0.12117904722789652
0.10577067149112156,0.1282564249360276,0.11751779216739733,0.0977991668678863,0.09193273237592081,0.11361620974225722,0.10865206195493317,0.1176481169973157,0.11880682346714037
0.13851635402951024,0.11777058433909447,0.11484415011152288,0.10353151608420391,0.12873992448483387,0.0848786268558207,0.11134759796387121,0.0812324250555674,0.11913882107557534
0.11614195291797101,0.11121722017336572,0.11191503168308,0.11605123293126167,0.08196502024033653,0.10713338391545169,0.12904510793166424,0.08829367348553858,0.13823737672133052
0.11871761568352683,0.11275314379131889,0.13522714021693946,0.09128938312311376,0.15177173471660357,0.08747402719492346,0.11521252623917766,0.07969897321123666,0.10785545582315968
0.09432682174353209,0.10790882239964601,0.10109314955728255,0.10216859031553681,0.12276686402929728,0.10589424072964072,0.11299957511232016,0.14060271360498167,0.11223922250776275
0.09119297654698455,0.12171864941276493,0.11816623670291572,0.1175950504819792,0.0879540984281711,0.12225098368455083,0.09518947977264929,0.1258253103524459,0.1201072146175386
0.0974199652173088,0.10454176555974944,0.13499937396887576,0.1190598027191697,0.09712099533264973,0.10498590950964128,0.1226388587929062,0.12009677703143566,0.09913655186826344
0.0969062717666382,0.10802724904811652,0.11777956760742703,0.11462891455599128,0.05695167374995891,0.12565875187011097,0.11678568322076899,0.1416277935644135,0.12163409461657466
0.16174080992473724,0.12691996972232444,0.12282708596343306,0.08970321220626103,0.09120501253858543,0.12949713104298788,0.11860702606098895,0.05624643553750861,0.10325331700317326
0.11513778167250865,0.12437612266950528,0.10252080228957398,0.1036951961341017,0.0715731816234793,0.11052176824817417,0.12538677664939454,0.0845814769674218,0.16220689374584055
0.11322310474371407,0.11253058626935097,0.1193154961647449,0.10313871618272293,0.09291295109968524,0.10332951243299955,0.11658502331670083,0.13182197832290052,0.10714263146718095
0.1026897306919841,0.09184406948366435,0.11211063936216381,0.11871015625151073,0.050339190137028374,0.06740752073644814,0.09082461516136232,0.2842332605121151,0.08184081766372307
0.07694208385798507,0.07605949906736241,0.09454485730683411,0.06105644115512698,0.03931626597354835,0.07017466791753289,0.0756978774494944,0.43240462095663107,0.07380368631548473
0.1531071971408198,0.10152275292620251,0.13004971151309933,0.12617925968293423,0.07261619347838942,0.08188570947060377,0.10312554932247438,0.10901127266693762,0.12250235379853887
0.1116517150736203,0.11725852637116714,0.11552609895171766,0.09699186160805244,0.09413550104552804,0.10628768626219405,0.1185799173728929,0.10213793590255031,0.1374307574122772
0.11732273631572963,0.1083297845828937,0.12256656189907929,0.10324122934831449,0.1841179523713786,0.08827730723071207,0.12340502635465866,0.06566282506225428,0.0870765768349792
0.13535787461880835,0.10811210608731436,0.12073931677840329,0.10769816513641306,0.0537973339511024,0.16231208089700125,0.12058439745827561,0.05868158833060728,0.13271713674207442
0.10829773649127018,0.11876241946423445,0.11602833133058416,0.09807813543696868,0.12638220358015487,0.09820918871934824,0.11101098392591525,0.08870449498082604,0.1345265060706983
0.1225917670172111,0.1358143113592487,0.12324035805499804,0.09833147471646059,0.12553818198789865,0.1425079065582612,0.09975288228526902,0.05972999795500734,0.09249312006564543
0.11898260834747793,0.09687341169106702,0.10123687061683984,0.11445448634051436,0.05300201772337165,0.08785625217753996,0.11697914837575514,0.2022529192767469,0.10836228545068717
0.10030143846327351,0.10919020693232563,0.10232505388388384,0.14376553591680633,0.04990824116506026,0.15507907993012504,0.12536757790693093,0.07884248705013512,0.1352203787514593
0.12906002515875625,0.11195115056591683,0.11661759999561361,0.06898414702965604,0.05869298939241847,0.0873950158830124,0.0900162944998459,0.22045797733440034,0.11682480014038014
0.16536554346304388,0.125844527054567,0.11195958761606604,0.09924181296732894,0.08255583854111445,0.10899343113567848,0.12212157867115125,0.0801414415987417,0.10377623895230821
0.12048610185692084,0.12322740802954353,0.1169455288955455,0.11075386369669625,0.10418577229985453,0.11979303304199629,0.10904522740404497,0.07982885719131916,0.11573420758407886
0.1009485746313445,0.11265292378389441,0.09665321237046402,0.08599767051344004,0.08077690336346476,0.10174807710342952,0.104560493059751,0.2244511447982649,0.09221100037594683
0.12505902002050764,0.11627185424923299,0.11988631721473404,0.1123580209070431,0.12609339518110577,0.09408863432577848,0.11956966818869737,0.07788335280874138,0.10878973710415919
0.1543841642760404,0.11264534663758928,0.11372641770287399,0.1345979438562195,0.06909090949021383,0.0948930792828619,0.11070355400020288,0.09740187761707474,0.11255670713692346
0.11339387425798549,0.12775370394280094,0.12739376597924754,0.1025288195744639,0.10131443540559704,0.11270594421372064,0.11173794825258136,0.09012160897915526,0.11304989939444791
0.11815899280831783,0.13165972070011414,0.11823581254210812,0.1072885431318434,0.08829372641345878,0.1053969364904171,0.11648751809491338,0.09309082827473218,0.12138792154409495
0.10857432594406113,0.12455790707660114,0.11450561968336448,0.09826852939005432,0.11272940026817975,0.12192397331620343,0.11080739028678323,0.09092131276128146,0.11771154127347101
0.12392587661471455,0.1269711503043857,0.11574932586105369,0.1045002535102645,0.07123596995872573,0.10238608277658379,0.11770978198371757,0.14683059319941186,0.09069096579114265
0.0926464360354431,0.11920694431577639,0.09964433037325297,0.14295591218803883,0.08955490601054332,0.11716754828455128,0.13465679208062228,0.0922036144529896,0.11196351625878224
0.10510452165378108,0.1084567902823691,0.10742555803862107,0.13705153409078935,0.05174983369834285,0.09534872066089496,0.11186611018744562,0.1684226881433187,0.11457424324443728
0.12960142407778907,0.1248080745261465,0.12631036155096334,0.10390396403125472,0.05395891977266149,0.10419181166262266,0.11211358981940589,0.06758180122604746,0.17753005333310887
0.10601905731153162,0.10222201918181067,0.11110285692880967,0.09601995365707143,0.13734456600408695,0.08864827586548686,0.09619772014216606,0.18528316094614902,0.07716238996288764
0.12717791601648343,0.11256630362859417,0.11881321017401246,0.1074177242537148,0.1160513929703959,0.1267335427683305,0.10860704729115485,0.06581817954347176,0.11681468335384215
0.14466486704343928,0.12053416206726669,0.11574568691846943,0.06915371418144109,0.08842082438589548,0.10103911079481276,0.12594345827939393,0.08980439163837955,0.14469378469090183
0.08175939475407511,0.1102266414116486,0.09570367548300436,0.15115913309965875,0.12467131514963496,0.07515278290409046,0.09982684757960743,0.15506011599110273,0.1064400936271777
0.18679943376645627,0.12241873470025226,0.10995697882680412,0.09737906281961177,0.06796919857000915,0.08968507225363087,0.1284826767133405,0.10184263638698522,0.09546620596290982
0.11167043162270558,0.10647863445099522,0.1296700880484082,0.09630528579419818,0.0649605363182187,0.1259618839253717,0.12461464641795812,0.109257485860853,0.13108100756129135
0.10670367247217251,0.11906000113324451,0.11470219954702184,0.08496216286944801,0.06640342070519815,0.10809939829519505,0.10874809592365424,0.18308851287731795,0.10823253617674773
0.12105458933722568,0.13193638671634103,0.11973483788220303,0.0873457557936143,0.10530024289898544,0.11467051189363144,0.11812424067415528,0.10461591041834029,0.09721752438550346
0.10141097049409632,0.13031056393939608,0.09980260148790356,0.09795347611633382,0.09944861719787094,0.09985832435336989,0.10710170657781097,0.10519941431753922,0.1589143255156792
0.09421718790407024,0.12125829104389374,0.1172540670292793,0.10395965768616046,0.1180001932966767,0.10319085034628922,0.10722523505323872,0.11401694495977839,0.12087757268061324
0.14588438328150377,0.12294122299579142,0.11147455505700811,0.10129849777347039,0.09806954329289852,0.10971934296541586,0.12048769832553131,0.08429374407443303,0.10583101223394768
0.11998191757733227,0.12620066083039347,0.11031237363445857,0.10240327854533682,0.08934825393466113,0.11833165895810693,0.11622431847405475,0.09666359713682131,0.12053394090883475
0.0994427221286354,0.11117590960125479,0.1281728720199705,0.08726974022564422,0.13387655601888476,0.1591647058124768,0.10099627758806813,0.07306628143794151,0.10683493516712396
0.11337955910750012,0.1326188498790836,0.10436756035946337,0.09668682926224918,0.09713831639810712,0.09393576834184514,0.10782612611346293,0.09518922181344054,0.15885776872484805
0.1256106944083199,0.08399012173868566,0.10859239769473987,0.11190974335250621,0.041000042968714574,0.07401118134508626,0.10342908864973538,0.2776515578351973,0.07380517200701493
0.11021721873342984,0.10060801525289291,0.13042057634164192,0.12651930697934508,0.0871010275951921,0.07875247941067322,0.10782358646507491,0.14965749298441788,0.10890029623733206
0.10461474767373248,0.11372193063302342,0.11472882908181535,0.09284334128195061,0.11911590111908153,0.09327811690485222,0.12876211169910043,0.093327508982195,0.13960751262424898
0.10299298429872757,0.11744167947856664,0.11072739061228092,0.10430057493936995,0.09445431752007032,0.10915461737468594,0.11648910772476063,0.12095664559037878,0.1234826824611593
0.10457381383165919,0.10347787033420142,0.09394784831326974,0.11188131628184683,0.048580274727886,0.08662912833254142,0.09034638793157533,0.28271014158216384,0.07785321866485621
0.08604048992569464,0.126744331062775,0.1361415317931566,0.09204935309982183,0.11280982134875467,0.09691892845355739,0.11377350584760289,0.14998505884844227,0.08553697962019467
0.14806098961636185,0.12573494435650043,0.11405221956512208,0.09094264436228494,0.07795782925500551,0.12390765209217429,0.10939729576131263,0.09869809834039585,0.11124832665084243
0.10272148061970603,0.12371806437927259,0.12374722716116231,0.1013246319482158,0.09501440599075243,0.14664744058519955,0.1083830401187275,0.08791111521094215,0.11053259398602172
0.10506764693243166,0.12180463547827362,0.1097410609259859,0.09965751326308007,0.08888650396774188,0.08535528240287854,0.12476161966467895,0.10736593347356212,0.15735980389136728
0.12020437523569077,0.10266419322308072,0.10542154266294186,0.12107011886053815,0.13137769289600573,0.07272138371066163,0.1176932448762789,0.11119613084948177,0.11765131768532049
0.10285518197159467,0.10441575907124723,0.1486781071009465,0.08402906391884434,0.08176369051795133,0.19296161814377835,0.11956115122052939,0.09863417155746572,0.06710125649764241
0.09989574556707514,0.11473867435291524,0.11321229427238717,0.0975640873355697,0.09605250577774184,0.12500588016353706,0.1269937492913306,0.10837711049290259,0.11815995274654072
0.08902036880724655,0.11630987497071345,0.11373638514194356,0.12204805101363823,0.10053338878832202,0.11871603899160636,0.11488615588983238,0.11447487882676048,0.11027485756993692
0.13762996923553159,0.11635011098308863,0.10803596914513125,0.10539100716673662,0.07704849829353642,0.08440132558275652,0.1232272202463733,0.15418461698025113,0.09373128236659456
0.09248112531741204,0.12961889392431136,0.15494001457809423,0.07309687617098386,0.21104596360424596,0.10985805091016221,0.10970934242647325,0.0485331651232249,0.07071656794509228
0.12900637639086612,0.10423715118185534,0.11023497861331481,0.10830749831124094,0.11270124582038861,0.10067373514920201,0.12815525216524876,0.1061934759850941,0.10049028638278933
0.1368536352938297,0.11366277864407955,0.11780763446118729,0.09231647561516405,0.09123006364338858,0.14363387284455312,0.1055395606828376,0.09053245635449468,0.10842352246046545
0.08994693606378433,0.1064285330908456,0.09586039601898395,0.08274527939341948,0.05460603389128608,0.09545502750344903,0.11142144249316026,0.22732353973078542,0.1362128118142858
0.16492159190136432,0.09755207775553239,0.1344881654558863,0.11966667559658484,0.09795385601894724,0.09646007144784585,0.13563286049504955,0.047314688558664525,0.10601001277012494
0.1268160252663578,0.12483132883505106,0.11197751339727476,0.09560321037222862,0.08006748696580133,0.1076597601897153,0.11359304274665695,0.1259961235864351,0.11345550864047908
0.09488371156856645,0.10319067328085474,0.09151557007293813,0.11682475671051278,0.043858109148340534,0.12876557452376167,0.13034950125923636,0.14385783683880687,0.1467542665969825
0.08649915625561284,0.11413336285896991,0.1309742722644617,0.09916328023128762,0.1888629870772309,0.09578415450529876,0.11053626992036593,0.0778956001746077,0.09615091671216454
0.1094416815551567,0.13330504032560556,0.09696628887279884,0.09699587091352996,0.06273314633226774,0.0943895254770231,0.11536923124010484,0.15497507237835548,0.13582414290515774
