0.12856411489089536,0.11833838449901048,0.09208789406888461,0.1259621472929425,0.12606516528728146,0.058649534876581665,0.08889900320609707,0.13987765947446487,0.12155609640384195
0.09851295765498054,0.10511990786702863,0.1012586750159276,0.11549875447452636,0.1136580691854275,0.12741011997612567,0.12477681102580636,0.10965806371731152,0.10410664108286584
0.10038068430080527,0.12341208628860488,0.1025815667964719,0.11956239352256907,0.13101821418189005,0.08555557284034683,0.12133483570411722,0.10420473345302644,0.11194991291216844
0.10447451346341158,0.10939905414122925,0.10312904504994473,0.11376354995701582,0.08947545703490478,0.13070218259353264,0.11909348870998109,0.11117333556962333,0.11878937348035683
0.13253338781530108,0.1333670724094195,0.11106818833282489,0.11251882595357966,0.09411559978367727,0.11664596284334043,0.09030074939862572,0.09618810419333977,0.11326210926989162
0.07952321464771474,0.09331064577554166,0.10925009236901967,0.08041962486413402,0.18778069268556993,0.17873675598446095,0.06464892294553555,0.10304373568847529,0.10328631503954822
0.10571238032939827,0.10783145342939394,0.10730592118702172,0.10269514466980585,0.1213872512762676,0.10895311394834613,0.13456117464912087,0.10529206889378719,0.10626149161685834
0.09672171882212072,0.10611045846453283,0.10863015489335483,0.11466629196824914,0.11875782406203228,0.08254476178879373,0.15154223109146878,0.10625735046710723,0.11476920844234036
0.09524385159034271,0.11378253062585135,0.10765844069191126,0.11872817145902247,0.10334732023633787,0.05456166611101971,0.1441335933939435,0.15201474887379368,0.11052967701777745
0.10360790435861982,0.1111831825912335,0.11339485881380489,0.13599514445924935,0.12734139241130252,0.06883592720511417,0.11048476469063201,0.11448665302113543,0.11467017244890836
0.0936232782310739,0.12426784364642669,0.11988236507665846,0.1251329832516156,0.12027508295167925,0.0939153764653683,0.1116957662773007,0.08792749891387182,0.12327980518600527
0.10441778112188127,0.113414136307376,0.10791074967163698,0.12028003148872235,0.12964954766963266,0.08357369982959513,0.0959804720518,0.1288512413731722,0.11592234048618337
0.11405963531864077,0.11339518528681701,0.10655179988898496,0.10372702443248177,0.10612549626406653,0.085297314039341,0.1080954822775736,0.15035687879873505,0.11239118369335932
0.10058076676109373,0.12087140320930795,0.10171826109381303,0.12003830443202411,0.12726672440725337,0.08690138269305471,0.11467861593341,0.1134862010495748,0.11445834042046825
0.10908511910387113,0.11321347965159918,0.10912331307179074,0.1138040264252619,0.11209198188634528,0.09255873298446228,0.11718673165383509,0.11742692555942143,0.11550968966341302
0.09755291694992663,0.11530136418977772,0.10952913757375739,0.12101242125946278,0.1334328491181913,0.09183502128941669,0.09951491168886074,0.11697016680108602,0.11485121112952072
0.09901846304387789,0.12136267000699859,0.11692227948705881,0.1271988737299956,0.15164339869417123,0.09524858259112234,0.10825945016164713,0.06774747741622673,0.11259880486890171
0.10362748110853294,0.11548086663339567,0.11028941365768748,0.11705934963311837,0.11343064534354318,0.10096031049704947,0.10111703388506045,0.12143643666845821,0.11659846257315419
0.10769810906908829,0.11097784087334116,0.1112279247166315,0.09354703257478221,0.13862143289277282,0.10572731761979315,0.08992002081280288,0.12867983333746,0.11360048810332803
0.09466509790725493,0.11397376524794194,0.10988208781411918,0.12063553499366497,0.1251303712322047,0.08552834314471024,0.12255948173024865,0.11656015430833815,0.1110651636215173
0.08799428134742837,0.11132091341160122,0.10628093275754828,0.09880231724742052,0.13787362889786262,0.058302701670649354,0.12729070229543857,0.1696764785367164,0.10245804383533476
0.11821369524586818,0.118839714881437,0.10297026333103947,0.13661271677586065,0.1077496829164491,0.05554497201685655,0.11371121439531374,0.13940296817624956,0.10695477226092576
0.10974632206064107,0.11677178758655225,0.10614048843127723,0.12056174259727559,0.1257144040082569,0.10162884165034819,0.09083946787063467,0.11501245804626035,0.1135844877487537
0.10491097741435863,0.11687831762653096,0.1078360601586137,0.1178220656525712,0.11232192255673405,0.09473382274636268,0.0989003333357145,0.1296110971490244,0.11698540336008989
0.10059406377951548,0.11765028406569593,0.10818065777470957,0.1238234953472212,0.11486932507877519,0.0865439566008891,0.11327284217223287,0.12142485950028535,0.11364051568067528
0.1060541914060162,0.11226806925516104,0.10825232471181208,0.127948744462831,0.12329411489773678,0.08912110804809083,0.09979715820730249,0.11654018181512893,0.11672410719592059
0.10962578211848466,0.1128468939915634,0.10914594732149964,0.11325998528987069,0.11182564732191021,0.09197128198723696,0.11868845211625108,0.11735190163533064,0.11528410821785262
0.10111101236455909,0.11812100941034749,0.10794785898171921,0.12354305848251101,0.11489787753014431,0.0872560548901864,0.1140317143305743,0.11896326131705674,0.1141281526929015
0.12197021068938894,0.10903137253755495,0.10883432019947277,0.11306648322118633,0.11863522026172357,0.0832012595719104,0.11000208113733247,0.12240998395855433,0.11284906842287619
0.10102111781035812,0.1182414185199759,0.10780822203209998,0.12426543141563416,0.11493535260305392,0.08531316675675117,0.11622952852392875,0.11878470751423648,0.11340105482396146
0.10249377759754423,0.11967833770439011,0.11855777150368896,0.08871817229068535,0.12664683227997356,0.07472319459492174,0.10542954517753726,0.13357863911228376,0.13017372973897512
0.11717193630029564,0.10902316161941894,0.10717570400213842,0.10952898919190152,0.10378793106060814,0.06745619411641705,0.10817040554104873,0.16501778634736833,0.11266789182080329
0.1167688148995208,0.11452014303346708,0.10469323466765329,0.11225701646739568,0.09115657107267296,0.13381571137575834,0.10283380800029285,0.11197221291767394,0.1119824875655651
0.11103946282240329,0.10550502669119038,0.10629795607001123,0.11428313805044314,0.1465526483894739,0.0788514694966894,0.10559815724573245,0.11272944860869605,0.11914269262536019
0.09216790646338051,0.10143725036784516,0.09735521929373843,0.09245228675006113,0.17604377534157298,0.14664028348798444,0.07245712125096897,0.11720709376714507,0.1042390632773033
0.1110114886488771,0.11320125928253595,0.10458314392126578,0.09622389259311576,0.09351420516413607,0.11614599037659734,0.10136008648001105,0.1373500393279037,0.12660989420555732
0.11758493832352375,0.10646632828504671,0.09935536161766849,0.08918909981687799,0.1396815660131646,0.08755608939794098,0.10482513396875955,0.14288250454446974,0.11245897803254822
0.10366765016444392,0.11229603195380326,0.11032059494525077,0.11563099261857261,0.1282127189190203,0.08697897224788236,0.1141285935730912,0.11534946339902989,0.11341498217890578
0.10032482487119605,0.12132831010066991,0.12438776019664129,0.11462173171855272,0.12163564858694143,0.08827269070752151,0.12792699490804385,0.08154324213629467,0.11995879677413847
0.08893488280836387,0.10625215269534387,0.1083254620627206,0.10917470303438508,0.11975969048116403,0.12439377303596251,0.121960625129184,0.11179784945213896,0.10940086130073708
0.10467543461488643,0.11626192755362759,0.10841738898491222,0.11869845139243919,0.11432730353992455,0.09808145160132453,0.10325793425593151,0.11903101399243483,0.11724909406451912
0.108216005152321,0.11299369873966136,0.10129005756469626,0.11392828250976406,0.09997941146957047,0.10058613115239921,0.11821461879986796,0.12512577100537128,0.11966602360634838
0.10467543461488643,0.11626192755362759,0.10841738898491222,0.11869845139243919,0.11432730353992455,0.09808145160132453,0.10325793425593151,0.11903101399243483,0.11724909406451912
0.12067882383347421,0.11913599917092961,0.08864915249899913,0.11222668546800137,0.1226444870137417,0.06819013882484197,0.110744669875446,0.13354733888809303,0.12418270442647295
0.10376710209990753,0.11639369556110939,0.11889970492216057,0.08236587752023077,0.12702680304843397,0.07013798312828425,0.10157629532517654,0.15408113466390125,0.12575140373079566
0.10570179695166985,0.10565425846024058,0.0974598556830038,0.1058154688859249,0.14273762587122377,0.1252657381501041,0.08414370050120414,0.13045851507418113,0.10276304042244781
0.10667875037001799,0.11202879880906629,0.09619389583143062,0.11998522960159357,0.1058173184936042,0.08675757065926402,0.11271750660839623,0.1436861893839485,0.11613474024267856
0.11739979450643928,0.11084627584833424,0.1046599898304864,0.1000500888947068,0.1347008936091659,0.06578713261345538,0.13724381837236757,0.13048842280939707,0.09882358351564735
0.11402835076536018,0.11587348024583077,0.10641268647333446,0.11302423853678904,0.1026148424988596,0.09971768606112828,0.10307712255677838,0.13080606752048793,0.11444552534143139
0.10442639422317117,0.11236359597244355,0.10512542677983554,0.11845921482584472,0.10165218742287253,0.10496251674047401,0.11714438345293549,0.11581431976370027,0.12005196081872277
0.11220863215177675,0.10851424886807508,0.1075557092479794,0.12101081188993816,0.08833092489006261,0.07680977556495094,0.13809671356631628,0.1406962145793985,0.10677696924150222
0.12899411215597603,0.11616153157203579,0.10676514625627098,0.10640740576400841,0.1117654082712366,0.07480501972601201,0.10076815932328213,0.13237934047369043,0.12195387645748766
0.12240402026965418,0.10958700757229871,0.0961680460940691,0.10036765423485045,0.10013821722642426,0.0957741625481268,0.14579025323811973,0.11738557329148286,0.1123850655249739
0.11039067242590855,0.11686012548512531,0.11157181507018404,0.1119236999425564,0.11377634297133128,0.07651471488657517,0.15547657220386732,0.10019687396101412,0.10328918305343777
0.10467543461488643,0.11626192755362759,0.10841738898491222,0.11869845139243919,0.11432730353992455,0.09808145160132453,0.10325793425593151,0.11903101399243483,0.11724909406451912
0.10161428941461176,0.11214376090474354,0.10184855912364277,0.11258538919789472,0.14440434633213012,0.09344863547124733,0.10162346750853964,0.11778456197222359,0.11454699007496656
0.10058103770737221,0.12086841126224268,0.10172503962965879,0.1200384622105714,0.12725407035671313,0.08691188955698388,0.11466653735783085,0.11349219354598812,0.11446235837263892
0.10116695575930547,0.1176223121650924,0.10757110495604742,0.12691955554783674,0.11510867118046497,0.07713942563032755,0.1253381809506237,0.11947687199016262,0.10965692182013899
0.11424974014290862,0.11369053484205666,0.10454937312214009,0.1167780910641555,0.11196080755068788,0.08882709846593878,0.10746762246238693,0.12867880185187783,0.1137979304978477
0.10911697238317757,0.11327715484067725,0.10622717894928667,0.1252537860388849,0.10264901559265928,0.07933677886740365,0.10260236168906223,0.1492198152642836,0.11231693637456486
0.10402820825110422,0.1163777959192706,0.1083391889708583,0.1181260485333987,0.1285895163561834,0.09184981599860965,0.09814776526159834,0.12095957166335576,0.11358208904562106
0.10449599099079813,0.10997657985966842,0.11396532489401727,0.11338311889586956,0.10837185658539077,0.12456733020809528,0.11450934747503022,0.09796534906429659,0.11276510202683378
0.10616362594525053,0.10538855732130364,0.10377587166246739,0.11448022543799026,0.09304267004104198,0.0974918175868582,0.13721164486555334,0.12988883799357762,0.11255674914595694
0.11356136171383722,0.10689743052274593,0.11900196140784607,0.08696625952644087,0.09688519595843496,0.07406836658472295,0.12823643172902946,0.15994067881582066,0.1144423137411219
0.13139087250950177,0.13509055651948967,0.11725664350606065,0.1016975645229916,0.10413211016575775,0.10414685346382528,0.08214121574727014,0.10938056519248984,0.11476361837261338
0.10467543461488643,0.11626192755362759,0.10841738898491222,0.11869845139243919,0.11432730353992455,0.09808145160132453,0.10325793425593151,0.11903101399243483,0.11724909406451912
0.09548076750444412,0.11543025968866,0.10866136282474727,0.1128339801892685,0.14225986477257696,0.08297160169676493,0.09383040984925702,0.1359656793335219,0.11256607414075925
0.10626580968510672,0.11239789501539178,0.1100505781944059,0.11217699851642478,0.10566120647181115,0.10422215728946609,0.11399732169638573,0.11869284223790784,0.11653519089310001
0.10176437453352764,0.11960767296438769,0.10293421177489152,0.11978705934732703,0.1166595092645093,0.07440978182242677,0.10349124781235136,0.13667725414149046,0.12466888833908825
0.10549339595992337,0.11305356785526026,0.10921866357571336,0.11312538927734594,0.10706020174121535,0.1039530196680921,0.11266675083879958,0.11854354642659364,0.11688546465705642
0.10467543461488643,0.11626192755362759,0.10841738898491222,0.11869845139243919,0.11432730353992455,0.09808145160132453,0.10325793425593151,0.11903101399243483,0.11724909406451912
0.09366990582998909,0.12095663131539762,0.10776789871762645,0.10583731803952279,0.12021265342950138,0.07740031292464417,0.11899002827175735,0.14115752745158186,0.11400772401997927
0.10110406821756646,0.11463698671947466,0.10905224675527109,0.11733526307124865,0.11300180126966863,0.08599255657542847,0.10414791709981243,0.13432520426283814,0.12040395602869147
0.09801693760931911,0.11757041166612152,0.11547153625970503,0.09538571649874984,0.11000665464356958,0.09171438964062346,0.14930194950319717,0.10991436464738562,0.11261803953132865
0.09654817333985227,0.09798779123752348,0.09941600825162054,0.09652000421664236,0.16125082075904365,0.10676018124502164,0.11864363917881633,0.12475661465250613,0.09811676711897362
0.09593481796585979,0.11153821221299208,0.10829184531548892,0.1248290125544349,0.13780283500025967,0.08240701994167665,0.1051937478359083,0.12001618606086328,0.11398632311251633
0.12909163202110482,0.14008606426311265,0.11268594023700522,0.09034418246001448,0.10896110063637916,0.1204237995503737,0.0942929688709812,0.08815630078033411,0.11595801118069456
0.12100331447787095,0.12389182890433792,0.10391900703999901,0.10193919849753623,0.1019025200341573,0.07358376336792197,0.15106152900001016,0.11313143121527425,0.10956740746289224
0.10126629621548168,0.11180180783761473,0.10841586187156403,0.13191204801036013,0.1057866023619361,0.0714152961284115,0.1287247422620016,0.13653571253685415,0.10414163277577604
0.09492426471893649,0.11545471280067722,0.11996242390857724,0.10574341248657892,0.13020255541922662,0.10403802524023391,0.10448845416401108,0.10639399222794954,0.11879215903380887
0.10351039045116107,0.10646989858219436,0.10838862569551781,0.1085309653288512,0.14147007631397954,0.0687595728829684,0.11004513295929091,0.13967240769833492,0.11315293008770184
0.10614624353641562,0.11052607357917765,0.12213449604472382,0.10529622305151025,0.1197235002887584,0.05514968424999774,0.15575665934767885,0.11016882010227759,0.11509829979946003
0.10744058546702394,0.1172839466524519,0.11349824488067477,0.12163627031723183,0.10822184920764995,0.08207596603590712,0.1004001735161536,0.13425747669706586,0.11518548722584106
0.07926240886071578,0.12059660584898779,0.12313493165585955,0.12380672795289055,0.10064854997440083,0.07046505894075661,0.16963702781812473,0.09474487457586701,0.11770381437239712
0.10655648175456468,0.11987870095958879,0.10508147700032615,0.1286342966109398,0.10622621566300024,0.10267770857719509,0.11140557558835791,0.10850992971907113,0.11102961412695624
0.0964186924269335,0.10644720464312978,0.10787252621221854,0.11487630488938487,0.1337427111933748,0.13028559553591226,0.08855910346194873,0.10956232495518818,0.11223553668190935
0.11543129282535003,0.11344437948246984,0.10761785457578181,0.12006153765694379,0.10531125131590735,0.07504826163471372,0.12520845477623097,0.1285430830996949,0.10933388463290757
0.10341488594481714,0.10315457662396928,0.1059761689521322,0.11854301295475374,0.12622360068737457,0.0936800100498627,0.10421406803588455,0.1393927400189208,0.10540093673228501
0.10579679916729577,0.11389144043401352,0.10604810831844536,0.1328724449384366,0.11930439434427692,0.09100107305158944,0.1022539965710238,0.10872271670834317,0.12010902646657552
0.08614635503746643,0.09972033880240473,0.10836781724611311,0.09090122407593287,0.1701187676461381,0.17121960186899088,0.07215905621154241,0.09135539260127701,0.11001144651013461
0.13059094147269304,0.12262019722850344,0.0898974611945224,0.11805822881044843,0.14139705787871867,0.09585027490223913,0.07233494832362208,0.11904040205435394,0.11021048813489882
0.12423246164339813,0.11151327107448601,0.08668944832235236,0.09113998436442099,0.11424285681402957,0.07922210179892338,0.13250892067727707,0.14256097868922235,0.11788997661589018
0.13447662976846508,0.10654743671786049,0.10199413170475234,0.10301028735724548,0.09726520244531855,0.06750138190243417,0.16455440014561654,0.1136684471325467,0.11098208282576068
0.11099522253347055,0.11953586721932023,0.10587054671007035,0.11587180964981154,0.11839944252218,0.11562111251107969,0.08520874487671586,0.11530920990768352,0.1131880440696683
0.10169764554962167,0.11637571812191672,0.10226205741857164,0.12979101246648828,0.10800313125554149,0.09783949256758147,0.10533403593720737,0.1174183129303384,0.12127859375273296
0.09129536094186434,0.11299872780021414,0.11599178277626931,0.12585422575981622,0.08400297103568254,0.04592058881338584,0.15287291976554004,0.16681004063265334,0.1042533824745742
0.11160030048818699,0.10620700834826162,0.11071628001921911,0.11275927151040184,0.11782768570396772,0.09761430338420603,0.13644869382782548,0.09758502446997473,0.10924143224795635
0.1042979566410447,0.11044048188711302,0.10705280201015267,0.10990417409848878,0.09515523282070222,0.12697872153338854,0.11516352372917217,0.11461254534458098,0.11639456193535687
0.09490614037628743,0.11151329728739517,0.10105489727024132,0.11111954835382443,0.1462446806958296,0.10753875429758525,0.09369809895387253,0.12571253678873193,0.10821204597623231
0.12371034852398517,0.10734154041842808,0.10788607890765568,0.10078007263565995,0.13162548024860846,0.09605630228733063,0.09388910172354736,0.12753044016653983,0.11118063508824493
0.10764260025952736,0.1017421357004662,0.10092597685107309,0.10934755170617379,0.10885061231915094,0.12174678188770667,0.14267121704408772,0.10509379851969265,0.10197932571212154
0.09790913535602902,0.11537325024787397,0.1094882714619143,0.12090847956834942,0.1323579779555931,0.09216547237643029,0.09970748283480087,0.1170971653597755,0.11499276483923353
0.10691926350061853,0.1114784111632527,0.10753022428912667,0.12321363427412034,0.12133062215598918,0.08575697283331556,0.11795919839413936,0.11045282023026876,0.11535885315916894
0.09183541251370857,0.11673628064778141,0.11074343951248601,0.13550730044953482,0.12474724132439079,0.08329562390002702,0.11649833409303771,0.10588011302949656,0.11475625452953707
0.08258267968819281,0.09387538132632041,0.09321415669300531,0.10370948813614812,0.18623140065698926,0.10913410549209379,0.09297720684990897,0.13297785397342266,0.10529772718391861
0.10964917544463859,0.1074801647281906,0.0916563625227886,0.13154818473371385,0.13398096116059718,0.08839568125498261,0.11187670098158166,0.12722468294010084,0.09818808623340614
0.11063150366311587,0.12232816035869594,0.10437803166542474,0.1137515518906151,0.12666337258422616,0.09353231829769142,0.09040599761305275,0.12886275309616604,0.10944631083101182
0.10467543461488643,0.11626192755362759,0.10841738898491222,0.11869845139243919,0.11432730353992455,0.09808145160132453,0.10325793425593151,0.11903101399243483,0.11724909406451912
0.1195743647219178,0.11897985733735322,0.09828717174546037,0.12525561292012563,0.11504258360970214,0.07628303897721338,0.08819443981924653,0.13970788567746867,0.11867504519151222
0.12383805910821459,0.12083039458634952,0.1155198887007783,0.10838619811312167,0.10370652840905274,0.08149907225173952,0.1333863931272857,0.10108414979876153,0.11174931590469639
0.10109113576245965,0.11814018575174161,0.10793063484793075,0.12363832353300945,0.11490360176703722,0.08700651619160948,0.11430854139521773,0.11894341244286853,0.1140376483081255
0.13484706428319684,0.10537706235867526,0.10220610525921303,0.12034865903599211,0.08804365985366326,0.07222603809523563,0.1411291316087558,0.13489299246281783,0.10092928704245029
0.08971344997955688,0.11241051792305913,0.11043960865199291,0.13128405439571122,0.10733573401916423,0.10410465461847611,0.130802714686441,0.10757988983349676,0.10632937589210173
0.10392517495397112,0.11509630381032732,0.10834357483724903,0.11912955612340742,0.11382223109604271,0.09612408553956113,0.10163270899861283,0.12610782301554566,0.11581854162528278
0.11134584365154358,0.118399375905041,0.10820925024583362,0.10896818893302214,0.10915152667538237,0.10374030890501877,0.09538770782972632,0.13331141365252305,0.11148638420190919
0.120197888333776,0.11967982232185499,0.1029937333680732,0.11520208816759477,0.11844982656201453,0.07275357490981253,0.09695300715473305,0.13023184751362704,0.12353821166851382
0.11585537727044302,0.11466692090891108,0.1098341480012891,0.111955327195718,0.11054850554777162,0.09394289408945398,0.10620197665573768,0.11961526410017582,0.11737958623049977
0.11981451773139597,0.11059998783976459,0.10115262018413322,0.1106784325146085,0.10157882678933207,0.08852300643181399,0.12186674195346185,0.12857874685321333,0.11720711970227644
0.10669819050186945,0.11079421753074482,0.10816839884118139,0.11070911944840878,0.09994318605207464,0.11281994693501757,0.12324369229023414,0.1117554996464098,0.1158677487540594
0.11026980253664209,0.11785046330968389,0.11126070072123743,0.12242057526662715,0.10225584092480099,0.08904267465674957,0.1220214103886836,0.1120877683804405,0.11279076381513475
0.09994272667393589,0.10728014438930948,0.09880008456212835,0.1167185407270297,0.14363864465623025,0.09820124803761572,0.13365889481625046,0.1033653972248616,0.09839431891263861
0.12295058487736443,0.11303155814685832,0.09075330252131213,0.12762390365859352,0.14647936771662948,0.07317082252854244,0.08856183092443433,0.11673276533465742,0.12069586429160802
0.09418562682373256,0.12497797452502375,0.12300367213204617,0.1254936459571273,0.0968393169160014,0.08389095587129713,0.13488463235234135,0.10090296471741826,0.11582121070501201
0.10645014539141708,0.11473979158304709,0.10500507830940801,0.1179282087781001,0.11235300665384411,0.124298305744315,0.0938841378182358,0.11105556137429166,0.11428576434734107
0.11142203668583757,0.11753206330945261,0.10706772327106379,0.11552277815142444,0.10917214816990589,0.09786337669938609,0.1019202871539588,0.1237693500516035,0.11573023650736729
0.09011393860320582,0.11054088061930041,0.1014870690669279,0.11719381325880658,0.09840695210526267,0.06534917511270491,0.17176444863822704,0.13137322126620946,0.11377050132935525
0.1006015849815019,0.12071622033763534,0.10206202574189081,0.12004303646098298,0.1266248184003799,0.08743559428453702,0.11406853062904986,0.1137887358319688,0.11465945333205345
0.10638122323443833,0.114344943766928,0.10572903579659614,0.11360223140701792,0.09804712585261531,0.11512933847959163,0.10496983077000188,0.12602563816070908,0.11577063253210175
0.11127174717614845,0.11880548414945619,0.10669000763237418,0.11527164579344097,0.11629607633897403,0.1150051070036644,0.08739153273715576,0.11604302789291114,0.11322537127587494
0.10231772556641504,0.11747724143412515,0.10597610274287295,0.12182501253566869,0.10798158726696243,0.10283187441820396,0.10337038154735502,0.11879701448405978,0.11942306000433706
0.11554068849776904,0.11258147214969981,0.10299460156385139,0.11023943113196105,0.09790167635110016,0.08520329158643646,0.12224375685537105,0.14168293195325488,0.1116121499105562
0.11447348685665797,0.12320982238071627,0.10251825351331861,0.11740589426606356,0.09587276663777668,0.13083835231863486,0.08526498547674356,0.1183661791732602,0.11205025937682828
0.1054276649802169,0.11570218576684255,0.10935474557045993,0.11777527829238925,0.11280505558532576,0.09826073612457999,0.10452445296554373,0.1191593909757598,0.11699048973888206
0.10717874368638512,0.11101413318486397,0.1074199116493983,0.12353312553373741,0.12192001715357026,0.08483369554276855,0.11924224607878024,0.10971721244527688,0.11514091472521926
0.11248874779643608,0.11168070107117202,0.11483806796543901,0.09909826372303236,0.13399665626327698,0.07646819934855359,0.1148243049979718,0.12079147657758471,0.11581358225653345
0.08771923709277955,0.10443005880038768,0.10465072125497395,0.10451455643315877,0.13180343558888763,0.17418973588634126,0.07056463224224033,0.1183167711694802,0.1038108515317507
0.10314058088998128,0.11507761118115956,0.11099744059390937,0.11632427285327057,0.11307167692580695,0.10240632121804567,0.10033187159607233,0.12238662514749654,0.11626359959425785
0.0924506149503254,0.1230818393917174,0.116659465104408,0.136217203959919,0.11770487994012985,0.06703360353986298,0.1431659939367256,0.08971006833253663,0.1139763308443751
0.1095921790784744,0.12157780333811935,0.10489474892140523,0.12405905815907041,0.09946854054232206,0.13032273939309777,0.08869330943770815,0.10621919396188649,0.11517242716791624
0.10492259477532634,0.11692348873206598,0.10776947337580622,0.11772695192966676,0.11211724357305468,0.09440360086702333,0.09847303526583655,0.1307169514947236,0.11694665998649652
0.10008476507593343,0.10637067458078135,0.10835281288844156,0.10955444039386801,0.1533755471234252,0.09453140655872583,0.12210093735660334,0.08845344609269794,0.1171759699295234
0.10215306613651036,0.119268789639237,0.10926853583515521,0.11907131529882098,0.1191807043098827,0.09662882301902231,0.11020694458182674,0.10909681393685637,0.11512500724268826
0.12587303152822643,0.10883450653380063,0.09601405189846042,0.11009016403609685,0.09967722022154568,0.06545734439218963,0.18057401035351173,0.11417862786672998,0.09930104316943868
0.12114631902915561,0.10292336349014058,0.1051390211470017,0.08832977060839449,0.11877161116867534,0.09308326463015976,0.12830036454894264,0.1223152162433017,0.1199910691342282
0.1002431664799764,0.1195938265867673,0.11332739548413824,0.12706074147818128,0.10844989720060964,0.0725782633942227,0.11093309168511957,0.13537821408838216,0.11243540360260262
0.10933463278768578,0.11458857579308235,0.10469448573612244,0.12438305812175328,0.11530460692362798,0.07717394495677886,0.11888409210749329,0.1239569947143316,0.11167960885912448
0.10726857570134557,0.1092052053392436,0.1095092531437256,0.10237212767514688,0.10254114631722226,0.09970932972195024,0.11895958139141931,0.13527367419244793,0.11516110651749863
0.10215862747664718,0.11000236006342497,0.1077707183824701,0.11352032402436744,0.09147848446962499,0.1238754804463051,0.12135297994507137,0.11373855341367956,0.11610247177840931
0.10659206394409794,0.11322980714352442,0.10876777192267022,0.12800326464788842,0.12355664700398943,0.09016232114456112,0.10106735071473344,0.11078000227858205,0.11784077119995295
0.10128714239864552,0.1173496497542011,0.10899619644712122,0.12452144169702073,0.1130514540472932,0.09900473831820648,0.09952266364709299,0.11664843775210343,0.11961827593831527
0.0916726128529401,0.10189234789516761,0.10189672567122428,0.09913036644972112,0.1516632462548784,0.1718973951027164,0.07866390116296322,0.09799054077174447,0.1051928638386445
0.10432733059685632,0.11568835246353902,0.10843663387103042,0.11904329305938381,0.1140713147474759,0.0969351075527506,0.10234545275256451,0.12264466268081893,0.11650785227558054
0.10489994434125723,0.10335755090017669,0.10263868322655206,0.10542509694493958,0.13337371133434217,0.11830071009273112,0.10404004170320386,0.11996368215185749,0.10800057930493973
0.09398463171764904,0.10880094190628577,0.10530065437607272,0.11196120098169093,0.12678441408227922,0.10568548277538577,0.10825554152896356,0.12352298608354755,0.11570414654812546
0.10436154406145433,0.1157408317754063,0.10844111211093722,0.11902645503115926,0.11409401784213587,0.09701958363272066,0.1024165949684388,0.12232834161218469,0.1165715189655629
0.10151942238713862,0.11818421031222696,0.10766232513374863,0.12253670001778423,0.11269175814722217,0.08424281102116697,0.10734214442928373,0.13217197595354255,0.11364865259788613
0.09380695635557461,0.1168909722514066,0.10645627921198653,0.1311325425264864,0.12559853434746418,0.09100108813144141,0.11471726434708725,0.11004258574771551,0.1103537770808375
0.09285341077937219,0.11711239238021909,0.11479972764254513,0.13193088792320265,0.11182389636057755,0.09415763667327155,0.10002528151966272,0.11737741891524862,0.11991934780590051
0.10961628954155349,0.11735980079164754,0.10742134419788969,0.11635799609619352,0.11035158113199932,0.09784879281393526,0.10215111143326655,0.12274469430820194,0.11614838968531264
0.08723755250197472,0.10911338396228969,0.10291150007059054,0.11209133953072814,0.1722933085242956,0.10366504290801833,0.09118609973120977,0.11536273494394318,0.10613903782695011
0.09743561197090823,0.10626604303732735,0.10527162276267438,0.12106923654335999,0.12400646989507852,0.08658228912797716,0.11630436831360914,0.13119532238580386,0.11186903596326131
0.09922345869593623,0.1110563358954481,0.11000391791589263,0.11097739073927491,0.09804109242524106,0.12084009211881785,0.11145183144923504,0.11881990651287024,0.11958597424728394
0.10983704881631506,0.11270399576449029,0.10915220952117921,0.11304976442362207,0.11172189053177255,0.09174549109039663,0.11926704859312402,0.11732703747369626,0.11519551378540398
0.10283256692375016,0.11692197745296116,0.10478393879663579,0.12317720359162661,0.10876373500888652,0.09416170931915725,0.0989867568854324,0.13168334140575297,0.11868877061579715
0.11968191911175911,0.1066388716997072,0.10946434444018677,0.11785776210230463,0.11955018043134023,0.06613473278827495,0.11227763973767912,0.13842990083933385,0.1099646488494142
0.10314471689706699,0.11590895465779917,0.10929850890698063,0.12252564339370409,0.10965791072103896,0.09937438531284239,0.10837359549346537,0.11451869244882436,0.11719759216827803
0.10094926006001764,0.11199206239904141,0.09833773996255367,0.09912254917555058,0.09555615124497167,0.05768644142613789,0.2113535932903168,0.11532694345704242,0.10967525898436788
0.1114961684284222,0.12400219424222164,0.10704119146504894,0.11096258704779018,0.10600469710955994,0.11947132005556106,0.09315283065863884,0.11001374850421813,0.11785526248853907
0.11454074766170712,0.11480339093939389,0.10705610580739901,0.11716391296228366,0.10785679893548993,0.09287595334225467,0.10685220418692204,0.11955455317134951,0.1192963329932002
0.10207168981847713,0.12025228772408281,0.10625446244701352,0.11469715602116975,0.12631146305935725,0.09620262109877083,0.11224016755810683,0.10696034742517581,0.11500980484784608
0.11229814938320198,0.12692964102145396,0.11570218721974157,0.09261727743380234,0.1146073876779317,0.09514433497391046,0.0975757970477103,0.11729697372685703,0.12782825151539065
0.11303074414622923,0.12128551446456248,0.10650377870128401,0.11324258913308004,0.11662730171476117,0.11626560777560564,0.09021040844512503,0.1068412154641255,0.11599284015522687
0.10788831355759125,0.10595770081062099,0.0999324663182068,0.11115901655279907,0.09005088248490756,0.12847139598706234,0.11899270328495547,0.12957155480002386,0.1079759662038326
0.1241958423392598,0.10754851583838955,0.1064522532711355,0.10537520519930621,0.13497922907776042,0.12257667362208886,0.0808377707048279,0.10921336344916843,0.10882114649806333
0.11858826447795544,0.1150746052827427,0.1015125622423112,0.12023601779219589,0.09196589178659918,0.0832421346413577,0.11958480352710223,0.13578790768092744,0.11400781256880821
0.10810320946952597,0.1151891769219639,0.10571581968754352,0.12522047826579777,0.09971907689932258,0.08167465844459322,0.1011449318901823,0.15039706064414785,0.11283558777692289
0.10789970905539088,0.09668888639384095,0.0823939335998989,0.11120290801480183,0.14731269708810726,0.16839686333163373,0.07702060608555122,0.11818952505035069,0.09089487138042451
0.10763720524324222,0.11154399718299624,0.1072717848228774,0.12323152765763001,0.12183088552653236,0.0854864799719638,0.11986234055040844,0.1072603951000113,0.11587538394433831
0.08496929293743975,0.1130699946922132,0.11958893285624801,0.1454401658602674,0.10965461414092548,0.07526611065626777,0.12163509415848567,0.11630180628294519,0.11407398841520755
0.09544782516337587,0.12045181123482818,0.10486875925492845,0.12122884940310931,0.14593920996186546,0.07457093364896927,0.11301533208122555,0.10440798409139511,0.1200692951603029
0.11811902298325112,0.12232589439518776,0.11653828720533342,0.11926454844324208,0.10146408424783365,0.07977556892256311,0.08422444737014834,0.14873354086571422,0.10955460556672636
0.09915446877055523,0.10265284142171423,0.10439049537010144,0.11095438244944912,0.1140798686118762,0.11906131544265958,0.15198106643428014,0.09669225316117008,0.10103330833819395
0.11068317718372091,0.11491239684217913,0.10511236117156204,0.12286446830769886,0.10705437935253226,0.10735638822050493,0.10492227821024606,0.1123980549406271,0.1146964957709287
0.12779010665541887,0.10883081647032207,0.11982916857616517,0.07686443890692583,0.10887501144041785,0.09408729818090904,0.10329914743207887,0.13625945373061765,0.1241645586071446
0.09172204360605139,0.11495448469434766,0.10919420392179795,0.1271723034944198,0.1535527556767029,0.0754410068162414,0.1062696979736041,0.11334550247043144,0.10834800134640339
0.10963929711512048,0.11797947613104609,0.1023899501865148,0.09881851443037996,0.1004207952626921,0.12730283837574133,0.11878888780331918,0.11448069965560533,0.11017954103958079
0.10612673498008256,0.09850477263260166,0.09428565525480966,0.12248806235911541,0.1216820570810172,0.0950179796889854,0.10551995771362754,0.15553261447935385,0.10084216581040667
0.08927594388185656,0.10314090686670223,0.10489493408652817,0.12875807632575692,0.1317654097828795,0.10855750888200398,0.10175005504605876,0.12251041102467601,0.10934675410353778
0.09830471323867812,0.11526689977291965,0.10890824981694303,0.11765573830823887,0.09059538480679181,0.11947331007789715,0.12185541027767449,0.11144906170630393,0.11649123199455297
0.10106595811385571,0.1181669597914784,0.10790433350433103,0.12378013467865571,0.11491168391521557,0.08663144281899604,0.11472757968833265,0.11891188727314778,0.11390002021598718
0.10467543461488643,0.11626192755362759,0.10841738898491222,0.11869845139243919,0.11432730353992455,0.09808145160132453,0.10325793425593151,0.11903101399243483,0.11724909406451912
0.10751791196281672,0.11729193792533267,0.11360941121922043,0.12169703071960077,0.10807609290514242,0.08173550022581738,0.10032879250396703,0.13461940952461204,0.11512391301349047
0.10000202953823079,0.11701022149833139,0.10830428204879915,0.1237639453661402,0.11476757705702785,0.08626630883858692,0.11214415428477091,0.12456853715953498,0.11317294420857787
0.11009113750680512,0.12397456120397517,0.11253199520110868,0.11623903805970608,0.11825709252954691,0.0781773186508581,0.10201176552749398,0.12005629369477926,0.11866079762572675
0.10021175557600863,0.11906355435571424,0.11647807337503653,0.09010644399018064,0.12250247327987768,0.08401739906494264,0.09695913776220048,0.14763593456117696,0.12302522803486216
0.10054421713299973,0.11765810449000492,0.10817035509370238,0.12394402553337054,0.11488014642464701,0.08622591550466178,0.11359071054050845,0.12146912982522856,0.11351739545487653
0.10935688782612672,0.11302905001909996,0.10913591216164809,0.11352944399588623,0.11195795793878688,0.09226167276351889,0.11794547276658503,0.11738708986014727,0.11539651266820096
0.0954721944584892,0.09661756151516841,0.10875250155028338,0.10426058332396482,0.12190048431644605,0.06642558473808409,0.14626912864040517,0.14444450300720812,0.11585745844995078
0.09516872168719237,0.10710776619768225,0.10721849528726453,0.10566588966527245,0.13189201002999854,0.10933776076264334,0.10628311257885337,0.12485803233152644,0.11246821145956663
0.10804994707612203,0.11695123094495312,0.10921100700831628,0.10678411253814708,0.12205983190835629,0.08418342551261708,0.12114574533100375,0.11971352424310017,0.1119011754373841
0.11729438322439371,0.12844251750219712,0.11887653437622918,0.10009138837559907,0.11011350444624379,0.0745960920141777,0.1132298589737668,0.12016989292558551,0.11718582816180705
0.12483342048673741,0.12155510394581721,0.09867319551543736,0.11640739038392268,0.12887008699081384,0.07840263662704015,0.08414710975356203,0.12931107486841956,0.11779998142824978
0.10776090770070196,0.11298275704620821,0.10425594875549993,0.12474862145535655,0.11224239265250884,0.10068350995788368,0.10438586260198764,0.11773817105478614,0.11520182877506702
0.10052692088919811,0.11726638699878716,0.10585278028354099,0.13069700659157732,0.10961945871428229,0.09792894295306198,0.09972739536589388,0.1169717813166677,0.12140932688699058
0.10194222015341652,0.11768644461940188,0.10747033603908762,0.10536397682991937,0.1261144027576438,0.08424800527273717,0.09617151507575555,0.14601903863413382,0.11498406061790419
0.11585575278193688,0.12417067580964984,0.1133506040328579,0.10772388332733705,0.13659071952551535,0.06960679154698605,0.10925048581526635,0.1076374297682429,0.11581365739220768
0.09573411273737575,0.10952270693975837,0.10613656562653224,0.11104945266355298,0.1302652650642391,0.09739919008578074,0.11516130276100783,0.12456710425027907,0.11016429987147387
0.09729385820825154,0.11640029391356777,0.12579635751976836,0.11465382392769256,0.1126189667637485,0.08065346767775416,0.13010610766204234,0.10260478880032929,0.11987233552684555
0.11068164739585022,0.11889150168574786,0.13134139090177777,0.10694939263044949,0.12832530411235332,0.062259817097402664,0.13372123442953163,0.08737579581660974,0.12045391593027738
0.09985179871023868,0.11698205559503004,0.1082947524593285,0.12395930772064512,0.11478764494066422,0.08570466789606361,0.11264636744936707,0.12484340497886826,0.11293000024979456
0.1103113934198761,0.11675161513833769,0.1266463592034771,0.10595494625087865,0.10770074075387936,0.0935629237243954,0.13167207824692587,0.08634993485339766,0.12105000840883216
0.10134111890120516,0.11018291899283957,0.1092456921365826,0.10263552624213823,0.13844207567055777,0.09551068129309069,0.13103007683077103,0.10259839715189711,0.10901351278091787
0.10467543461488643,0.11626192755362759,0.10841738898491222,0.11869845139243919,0.11432730353992455,0.09808145160132453,0.10325793425593151,0.11903101399243483,0.11724909406451912
0.10636452312495139,0.11942613151954061,0.1206648126185889,0.10787357016205847,0.11366822728585581,0.07377666069777972,0.11032501284410627,0.13126921536087063,0.11663184638624818
0.12509942052800282,0.10424640832293493,0.10350026353101423,0.10924207913813087,0.11785269308360907,0.0868736120470343,0.12466857343380462,0.11738241391870415,0.11113453599676493
0.10104858368441987,0.11212778012578357,0.11020034425810943,0.13325820162979166,0.10148538350445606,0.10592698958531999,0.0939724271944058,0.12929146507529307,0.11268882494242065
0.1385374384133714,0.11943917161047461,0.0983458970099037,0.10279315209117261,0.14516756207160292,0.07415877174229295,0.07558910789949075,0.13111280825756313,0.11485609090412795
0.10608821545351223,0.11638319075019717,0.1093706029097919,0.1310015826129337,0.11401745952860047,0.06402319473145844,0.16352871608368036,0.09558841790143498,0.09999862002839077
0.10435940288073943,0.11573753314404872,0.10844085523467228,0.11902757229100545,0.11409258744680693,0.0970141927893341,0.10241207314053614,0.1223482824261473,0.11656750064670973
0.10930815725047323,0.11306209549219215,0.10913383821130397,0.11357851037577828,0.11198196712538382,0.09231467010812021,0.11781001359868987,0.11739390900489217,0.11541683883316618
0.10467543461488643,0.11626192755362759,0.10841738898491222,0.11869845139243919,0.11432730353992455,0.09808145160132453,0.10325793425593151,0.11903101399243483,0.11724909406451912
0.09372691047530742,0.10620172906064235,0.10769025657351972,0.09578516028541902,0.11422564912080709,0.14242036158504082,0.0960947588451286,0.12734582047458723,0.11650935357954777
