0.0973048241171866,0.12565263036320634,0.06787034752040293,0.11764623105721596,0.11334110320895956,0.1291109057687988,0.12382953484660775,0.1220464687538156,0.10319795436380637
0.0726599713821836,0.0967486036462278,0.1945526365493497,0.11729812419095158,0.13363566540361896,0.106214189196095,0.09882966922224419,0.10453425162960649,0.0755268887797227
0.130579057526002,0.13233342786060623,0.07018281030331551,0.12439674295260598,0.13004266794348196,0.11405243451039056,0.12604704741176487,0.10712690726102764,0.06523890423080526
0.09700673455055843,0.1259678863468868,0.05585710810234773,0.11128887970491552,0.13985937367401843,0.13885574755846294,0.1116933109121259,0.11977804333444297,0.09969291581624125
0.09469922985902988,0.11069135243260553,0.08678647158768017,0.11669728618720583,0.13157990466284664,0.10879894192534323,0.11807999966086957,0.11536318060496675,0.11730363307945237
0.0876908064903218,0.10444497829526361,0.08338283590902922,0.12839200415588975,0.13341188731248507,0.11406237385914618,0.10234891725589874,0.09333419626021879,0.1529320004617469
0.1347670070873164,0.14472188001577987,0.07093920056757581,0.11013474071913981,0.12029552800503608,0.09118707362585887,0.1019770766918251,0.09095849097366569,0.13501900231380237
0.09877822394042972,0.12320956663064513,0.07305538884243257,0.10039041711555685,0.1506352601006504,0.10838365997876846,0.13288746349395195,0.10547663314670284,0.10718338675086214
0.11627445404392733,0.10667430704255026,0.14993578470927452,0.09957540172800854,0.12173096893605002,0.12393373502774074,0.09789238950082528,0.10506471218068103,0.0789182468309423
0.11069760594987481,0.1036268633477394,0.15013826455258186,0.09014134926110634,0.12107454281393548,0.08891524853551132,0.11850552877146193,0.08734243534232934,0.12955816142545953
0.10232543570179703,0.1419121799888795,0.051472368498123165,0.10710551356259285,0.10201312156548514,0.11681408289363904,0.13356512645376273,0.1383560737327881,0.10643609760293248
0.09747770174538876,0.11634740277623386,0.0779654116005858,0.1152901955121516,0.12385766226213885,0.11876740184520895,0.12473760984100073,0.12270679083363305,0.10284982358365842
0.11817609742800285,0.13408892454227112,0.03332325741435636,0.11472934139211666,0.2233939894429771,0.11956260114660022,0.09596053406676021,0.07634708457106372,0.08441816999585183
0.08413904171396024,0.1000156850554366,0.09256670456450038,0.11960344082651296,0.15332957752502288,0.10238996139864193,0.11589680947467414,0.11451679437863492,0.11754198506261591
0.09334379726943182,0.11204549501114246,0.07467071249197432,0.11947681313446963,0.12075392287102871,0.13081784780871783,0.12295343945870744,0.12145370329451503,0.10448426866001276
0.09747770174538876,0.11634740277623386,0.0779654116005858,0.1152901955121516,0.12385766226213885,0.11876740184520895,0.12473760984100073,0.12270679083363305,0.10284982358365842
0.14277661266036257,0.13093958286836319,0.0566971644595731,0.10073175890293347,0.16076520056169452,0.10458699311152792,0.12893341888763363,0.10497083720225198,0.06959843134565968
0.08753322965701854,0.12677278259636202,0.029070183931975326,0.10490769074960878,0.2507489318323506,0.09309698931616496,0.09082117314313343,0.07658058286523758,0.14046843590814878
0.12045172017772676,0.1265188052844241,0.0383043407316121,0.09991866143912424,0.1976345400695709,0.09811869028399102,0.11582297533558113,0.09925681444961267,0.10397345222835698
0.07811389669361564,0.10653838321223523,0.07386883416869504,0.1126811019968151,0.13477276064842536,0.11494681665017441,0.12538865009869382,0.11448181742928905,0.13920773910205633
0.09387546028933796,0.07961973175629768,0.08521611105526293,0.08595122440105257,0.09275200494287339,0.11956367280291647,0.12355380791846222,0.09331817604286104,0.22614981079093566
0.09747770174538876,0.11634740277623386,0.0779654116005858,0.1152901955121516,0.12385766226213885,0.11876740184520895,0.12473760984100073,0.12270679083363305,0.10284982358365842
0.09747770174538876,0.11634740277623386,0.0779654116005858,0.1152901955121516,0.12385766226213885,0.11876740184520895,0.12473760984100073,0.12270679083363305,0.10284982358365842
0.05084096730468709,0.06908645109046214,0.1830310054035498,0.08372796895895827,0.08407287540658949,0.07403949806269884,0.09846058789035601,0.061691613345849716,0.29504903253684867
0.08211774387348447,0.12412303898521859,0.08479980317582096,0.10939091421366481,0.08306967227271535,0.1094139631072828,0.12046178083801395,0.14509488912095386,0.14152819441284517
0.11872300029484621,0.10419492819129643,0.07734790874599405,0.10767479430337056,0.10794946143031207,0.11487926605587363,0.10003431718745387,0.13778869285943707,0.13140763093141614
0.09810006039887398,0.13698498835385678,0.13854873813664217,0.12376455947274771,0.10458927975180048,0.1060202735001126,0.10897383314738157,0.1036944294217883,0.0793238378167963
0.090925086663872,0.09543491727525551,0.05274524555079807,0.11368802656423183,0.12568339019310845,0.1212193493949023,0.11104708544530857,0.102337484354172,0.18691941455835126
0.09747770174538876,0.11634740277623386,0.0779654116005858,0.1152901955121516,0.12385766226213885,0.11876740184520895,0.12473760984100073,0.12270679083363305,0.10284982358365842
0.16696209587319322,0.13309106515571076,0.05057448425946467,0.10078615683795224,0.07608802361786617,0.128507991606715,0.1077984407982292,0.12329030855077361,0.11290143330009507
0.14727910268184582,0.09385384632690512,0.062206988150321524,0.10597122266126663,0.14083442864646714,0.10538396073581381,0.1074620476626751,0.07433869075301226,0.1626697123816927
0.08637792237448529,0.10802228023139655,0.2089304337608577,0.1073885197105625,0.09678112240750371,0.11333700717087432,0.09891355775664201,0.09079109134222167,0.0894580652454562
0.10106741955413716,0.11134944148143655,0.06996043696880029,0.1257063348084709,0.14394806522714362,0.12789170891265328,0.11536910196704835,0.11254747901653084,0.09216001206377893
0.10312762681198229,0.09181766766289905,0.05053739900777058,0.1048282331933546,0.12492436406589764,0.09324176665309487,0.09147991749686206,0.11693550648359256,0.22310751862454628
0.09276492464784969,0.12647224482200156,0.04621437704384562,0.11511249912611089,0.175765551367817,0.11328372551433026,0.11593338282574363,0.10547823925656775,0.10897505539573366
0.06841447834958252,0.08384617188478477,0.24285167005735717,0.09605386485968041,0.060323401418062896,0.07505095354590245,0.08297714167026504,0.07374011030706717,0.21674220790729756
0.10736614202680128,0.11405277532390674,0.05850504885382174,0.11115979559162041,0.15975244590971685,0.1710381049184486,0.08252873559196437,0.10197769556708036,0.09361925621663976
0.09404898624301618,0.09425366036947185,0.10889085468304342,0.11227223871564312,0.1355424663814475,0.11517993670482808,0.12160355869882289,0.10147705632220883,0.11673124188151802
0.14100977716351593,0.13706767611821888,0.05626600248460381,0.12776093800694077,0.1075722762209238,0.1326756329615972,0.10313973165734268,0.10847600378369793,0.08603196160315901
0.11026811912127495,0.11235760862101128,0.15764691599193326,0.0918962571398968,0.09619850576475032,0.13283713784741524,0.10686206685910223,0.12353712819375429,0.06839626046086157
0.09218787190477136,0.10456095351709029,0.08092484782711042,0.11104568399937932,0.11216955626563978,0.13122009852928182,0.12450141488349216,0.1178649893190441,0.1255245837541907
0.0976495910868439,0.11247458614505933,0.08975205223597267,0.10568977771287819,0.14468274255001376,0.11934167794414219,0.13577908302416417,0.09905902551022257,0.09557146379070318
0.09008426470446851,0.12756408015595952,0.08306852476520805,0.11944803191121457,0.1318561721015224,0.1287430703024601,0.11496863253320415,0.12018533204088404,0.08408189148507877
0.1073560256419862,0.1080634870871936,0.18960934920133946,0.11524416149281104,0.08249528327964906,0.10747164213843663,0.09010021100542888,0.11706821737688333,0.08259162277627173
0.13482500158227814,0.15280259793821308,0.06804669175966653,0.10274990057056808,0.09689782856428476,0.1110393707287275,0.133100096493746,0.10520574458427646,0.09533276777823951
0.0731677877994552,0.10059864901459532,0.07247381997125292,0.12448607690459952,0.12605412046113965,0.1352224175607221,0.1149269664762073,0.11166021903203953,0.14140994277998853
0.10787315114780564,0.0911462398688716,0.19338137517313278,0.09283025523137828,0.11244342584195467,0.09644738497282519,0.11119066476097068,0.09107902909809003,0.10360847390497112
0.10823451020989139,0.09924738038698995,0.12511935640418292,0.13721189420074417,0.10439775740935575,0.1289087650539694,0.1123793736110524,0.12152558371518855,0.06297537900862549
0.14134417221275586,0.07777399278583515,0.17857187541003353,0.10226685551018866,0.10813367484117016,0.09063472562724,0.07648703450274108,0.08980620769048053,0.13498146141955505
0.09557789401125216,0.11677569797482289,0.09790550306875079,0.11286128254940742,0.1246983085755129,0.11331211511840257,0.12912018669906342,0.12024716633352073,0.08950184566926718
0.09710013531133631,0.10894575566293384,0.06900559402507846,0.11834946141174023,0.1296523994122343,0.11238846840313206,0.11248847317109113,0.1161630963816307,0.13590661622082292
0.1014998079142359,0.1063113847067529,0.08342572617682105,0.09775175203059651,0.12329137989458566,0.11411255673724428,0.13609541624238083,0.11510103070137588,0.12241094559600692
0.09747770174538876,0.11634740277623386,0.0779654116005858,0.1152901955121516,0.12385766226213885,0.11876740184520895,0.12473760984100073,0.12270679083363305,0.10284982358365842
0.10751104169891935,0.08117296402930106,0.07036826486210421,0.12324370548340002,0.1671383696673904,0.09975505656485005,0.09732682835568555,0.11338668749454077,0.14009708184380862
0.17547715415957352,0.11593160042646385,0.03924007488438518,0.08783002765914434,0.16551884760809202,0.09042743935199589,0.12392890853734641,0.10042644074370295,0.10121950662929584
0.09747770174538876,0.11634740277623386,0.0779654116005858,0.1152901955121516,0.12385766226213885,0.11876740184520895,0.12473760984100073,0.12270679083363305,0.10284982358365842
0.09733008151881427,0.12614586457475185,0.06737368857430627,0.1177534171253264,0.11274660282996483,0.12970122799853165,0.12374607643372927,0.12196893042190611,0.10323411052266925
0.09655239811875926,0.1288406601021597,0.1016136535178462,0.1310104282142742,0.09726196698099347,0.11436508091638177,0.1090704343597999,0.12737160105452708,0.09391377673525837
0.0933103835753678,0.13311436020693376,0.11835784694391172,0.12519304795338457,0.10320983954237266,0.1298746816247064,0.11584144950434232,0.11628679301415012,0.06481159763483071
0.09131814122137505,0.13946575211234094,0.08742855075372745,0.11879968785012447,0.09975152121422182,0.12449533159527837,0.11178971823114703,0.14436078081686718,0.08259051620491774
0.09729729293316863,0.1000827951097395,0.06423334967766009,0.11886240136693409,0.13395641221972818,0.11269752100441156,0.11196533135260439,0.1285135597401383,0.1323913365956152
0.09168759145598752,0.15734002107288914,0.12433992546157112,0.10728025741247858,0.07221930991581692,0.13897133491113106,0.11099293873633342,0.10253001798508472,0.09463860304870753
0.09101681133513924,0.08959177933492479,0.06632366158740859,0.11710981272950967,0.1490428336328362,0.1366166170911917,0.11769712255389193,0.09246388032201354,0.14013748141308435
0.09828052590656249,0.11765999872534068,0.07333806316614237,0.10930821632350357,0.1051399828857319,0.1283526673859427,0.12602361095400713,0.11844703515800668,0.1234498994947625
0.052370518586091784,0.09889603628789408,0.188041387448349,0.09575181560880715,0.0979995204353994,0.10326974284315077,0.11425304548491677,0.07501156194407745,0.17440637136131354
0.11848462359381827,0.10564400526853272,0.07242613966031952,0.12369891257292905,0.1262601911252167,0.12723616103279614,0.10625690755581318,0.10764655691937353,0.11234650227120092
0.06910987125959887,0.11376478132973811,0.10328474373369077,0.12443283101556413,0.1373592157721997,0.128795942944344,0.12085422059460176,0.11060554788225552,0.0917928454680072
0.08922176430017963,0.08075617456299593,0.11188983475157842,0.11031649285863478,0.20232359705436953,0.12466573490289494,0.10840436075129135,0.10402874849094008,0.06839329232711532
0.08289127417848428,0.10980376140822112,0.06550160888310903,0.11736594547779229,0.1346449081827603,0.13891433716830534,0.11602640546803662,0.10386265757611853,0.1309891016571724
0.2399455532005638,0.09178786765518461,0.0828846785183659,0.11389981622157153,0.07310613582183656,0.10623249711779091,0.09492376214329466,0.12887751345519036,0.06834217586620173
0.11965228582646954,0.1172377508712867,0.07338317497727263,0.12236589327550762,0.08710080013379325,0.12043037395568242,0.11506211939793733,0.14831805003273285,0.09644955152931767
0.11489867553476452,0.11726776683805168,0.07650515286097546,0.10554808930647464,0.1458056390041692,0.10312598397650845,0.1290344828786428,0.09389600632360119,0.11391820327681203
0.10135221455429431,0.11803858320712123,0.06909332240110073,0.11659028295550977,0.1278952047520522,0.1218592394286994,0.12521573448510517,0.1224594805707866,0.09749593764533053
0.09708588533844464,0.1087990751270544,0.06886603317618732,0.11839615759741677,0.1297359711643587,0.11226545867561695,0.11226564600877531,0.11602907676573115,0.13655669614641475
0.13691347241023555,0.12329370768600252,0.15000998785167344,0.09888052567001342,0.10120902722752763,0.1086323791276584,0.09184040075807015,0.0983846333988544,0.0908358658699645
0.09327896810592144,0.16972178075265007,0.1048797373363402,0.11543596131689149,0.09365217709700757,0.11172136316548724,0.11278311545230595,0.1262666964247777,0.0722602003486184
0.1159579132033628,0.09292155309118794,0.18064073135832678,0.09166800871471252,0.06181303755839022,0.147618059308914,0.11846094321949012,0.09785240269079237,0.09306735085482332
0.11515398036471675,0.11016497679313451,0.048870939179649416,0.09536713473666776,0.18883642362459696,0.13144577470907456,0.08321529332207404,0.07877865476880759,0.14816682250127836
0.10935837210130656,0.1313418697827401,0.08493053511626499,0.10940056297136108,0.1467707825835374,0.10818139976177261,0.13699762241920174,0.10106116518230113,0.07195769008151433
0.10458042098900394,0.10319578623405823,0.07208986851545339,0.10926964662526135,0.11974196591106877,0.11519541025719782,0.10957586094093248,0.13151096294730294,0.13484007757972113
0.1201502760097554,0.12270636260961947,0.06772642491319615,0.10128774778719389,0.1516025342140889,0.10484347956508816,0.1320576295903334,0.11539543997438743,0.08423010533633724
0.09872158188038549,0.12092744357224201,0.05105007824959614,0.10724101636737043,0.15905544389266324,0.12486336479813208,0.10781264336993414,0.10369442523712341,0.12663400263255306
0.09767863535906175,0.06915129311990409,0.18280853837834507,0.10926068413740597,0.09117349126441097,0.09283315717914548,0.09996919992651461,0.09244718958514563,0.16467781105006643
0.09169427967243488,0.1427407357337929,0.05151559501649772,0.12124947457725697,0.1253632809130384,0.1368500801191716,0.09874560947943656,0.11017717141887023,0.12166377306950071
0.11323237539110757,0.12725811558895656,0.07549167420305136,0.1112651046984227,0.09416064517742763,0.1114352832682375,0.11953624253710572,0.092250500361569,0.15537005877412194
0.11523102903999037,0.12473936471431347,0.07504322406979595,0.10779203312447037,0.08231420914698924,0.13651122811452454,0.11233627750375368,0.12073899559202257,0.12529363869413976
0.11510845971794666,0.12717692550985946,0.07776227422861907,0.11449921700230466,0.13540209480795926,0.11665729748433852,0.12840702727037437,0.1099522627048477,0.07503444127375031
0.1261516528303851,0.1038291300552795,0.0862723365188296,0.1105713440705647,0.14451025861501718,0.10177990392011771,0.11543276008917423,0.09710020387279121,0.1143524100278409
0.09747770174538876,0.11634740277623386,0.0779654116005858,0.1152901955121516,0.12385766226213885,0.11876740184520895,0.12473760984100073,0.12270679083363305,0.10284982358365842
0.08702354104086794,0.11515591110194062,0.05591258698113858,0.10121080736464977,0.1561902356968464,0.10738754996034232,0.13143264585213296,0.09107465260947244,0.15461206939260896
0.13581051782412648,0.07334451183031108,0.11351965790232559,0.08569960037102368,0.08675426571473836,0.08779123338044524,0.10550478249194518,0.07062530072313268,0.2409501297619517
0.1027562444650948,0.10927483093096486,0.08352372731625823,0.10705839650506488,0.11369511093374625,0.12087460315428304,0.12018746278083205,0.1389918609202778,0.1036377629934781
0.1279286579858284,0.13644409211500133,0.07638054043090091,0.14141255322150198,0.09327895895427918,0.11164284964691507,0.11249830682041854,0.12430441830761231,0.07610962251754237
0.09747770174538876,0.11634740277623386,0.0779654116005858,0.1152901955121516,0.12385766226213885,0.11876740184520895,0.12473760984100073,0.12270679083363305,0.10284982358365842
0.13025534604944533,0.12924884510464849,0.0611112529450207,0.09999150133260415,0.10962219505251619,0.10858712886116939,0.1363529028442846,0.1272543181113533,0.09757650969895793
0.1236826052645756,0.10531010013043667,0.06496965183784785,0.12485306145332092,0.09809784627110674,0.11082677685007536,0.11439126057404585,0.1288845833209226,0.12898411429766835
0.09509061423943255,0.12327065738048472,0.18948762145894862,0.09074481720846213,0.08939579243476603,0.10076453921681283,0.12011159856229255,0.1061774359073812,0.08495692359141942
0.12312049209002146,0.10047963048821011,0.10418589427641166,0.11780655284632247,0.19479197136657508,0.11144847563111171,0.11399623534024432,0.07686425495931701,0.057306493001786196
0.08362904019260647,0.10269204391246473,0.14372154868848944,0.09672473222476431,0.09369519569385276,0.11632289893494403,0.13952060822362686,0.1006351991792478,0.12305873295000362
0.09699527025579881,0.1260157640576894,0.055750978209885615,0.1112672722222716,0.13995041898651628,0.13900033278608703,0.11160681087490483,0.11974192730022083,0.09967122530662555
0.09409993587574071,0.15115981735327685,0.06334863811020155,0.12910079662311216,0.11303763279102669,0.12116857472584903,0.13759194145018955,0.10467171085748866,0.08582095221311475
0.12098421145239713,0.07018839463090316,0.15133041961405216,0.09040577431613722,0.1339874116191551,0.10321670575272947,0.10458269678564053,0.07311336334930668,0.15219102247967847
0.10705494806371156,0.12316668451928758,0.09049630416869854,0.11673202610262558,0.13107416759686416,0.12446280492575439,0.1306676692810664,0.10782858227323856,0.06851681306875324
0.10663786528131385,0.12006441461404306,0.07144506018929522,0.12084821113404166,0.1176706590187127,0.11988079063897839,0.11321229964631875,0.12434841887546823,0.10589228060182827
0.10595333191368173,0.16042762629236654,0.22510473665020547,0.1007493414720968,0.09310839688851147,0.09810384411975266,0.07557618027508617,0.07248694574623543,0.06848959664206386
0.16140707976361165,0.14443891278789003,0.03937830233287193,0.08969924895927846,0.14316037166707266,0.09494799876982873,0.13729935597596896,0.10558757174941925,0.08408115799405812
0.07260556253329441,0.08577026939565462,0.11559982653574062,0.10420744560010296,0.13052623314080233,0.13825296262971398,0.13366898332614344,0.0889161072362955,0.1304526096022521
0.09747770174538876,0.11634740277623386,0.0779654116005858,0.1152901955121516,0.12385766226213885,0.11876740184520895,0.12473760984100073,0.12270679083363305,0.10284982358365842
0.09747770174538876,0.11634740277623386,0.0779654116005858,0.1152901955121516,0.12385766226213885,0.11876740184520895,0.12473760984100073,0.12270679083363305,0.10284982358365842
0.12115114945600085,0.11748673613505162,0.19983810659878565,0.08505521950015442,0.09410292897532956,0.07276129067763477,0.09807785560888842,0.07625325793576378,0.135273455112391
0.09747770174538876,0.11634740277623386,0.0779654116005858,0.1152901955121516,0.12385766226213885,0.11876740184520895,0.12473760984100073,0.12270679083363305,0.10284982358365842
0.09747770174538876,0.11634740277623386,0.0779654116005858,0.1152901955121516,0.12385766226213885,0.11876740184520895,0.12473760984100073,0.12270679083363305,0.10284982358365842
0.09747770174538876,0.11634740277623386,0.0779654116005858,0.1152901955121516,0.12385766226213885,0.11876740184520895,0.12473760984100073,0.12270679083363305,0.10284982358365842
0.09747770174538876,0.11634740277623386,0.0779654116005858,0.1152901955121516,0.12385766226213885,0.11876740184520895,0.12473760984100073,0.12270679083363305,0.10284982358365842
0.10968341115160579,0.11229245771450809,0.10316198532634217,0.1147843517507361,0.09398442698020372,0.12168336283051795,0.1321960749045095,0.1014052832274248,0.11080864611415193
0.08926908961064671,0.13059241359515983,0.08933560429951454,0.12282730863270408,0.10039266460117412,0.11601574731723398,0.11605507134732786,0.1388912859957617,0.09662081460047715
0.11580816318785558,0.12380931076140816,0.065223576967265,0.12312655199119134,0.11954727473290527,0.12162576540938264,0.11970433581447622,0.12205254105868202,0.08910248007683373
0.09747770174538876,0.11634740277623386,0.0779654116005858,0.1152901955121516,0.12385766226213885,0.11876740184520895,0.12473760984100073,0.12270679083363305,0.10284982358365842
0.0970401927651368,0.12582520700982236,0.056173073091115334,0.1113531382684419,0.13958921676203107,0.13842975506396862,0.11194883566623069,0.11988354345888885,0.09975703791436434
0.09615064640036926,0.10485851378853588,0.10009634027862975,0.09004231380488198,0.10900461671606469,0.11819906722694078,0.1537798441281331,0.11708234358584442,0.11078631407060019
0.06404578127644055,0.12384164539671451,0.10762317498541114,0.14800342302958516,0.12037015185581369,0.1549243038755224,0.10506987086470516,0.10774966589096031,0.06837198282484704
0.17199679497947093,0.10164758796822,0.0651580977719538,0.10638656052221655,0.09259216763748239,0.10415783365627525,0.11518202540614207,0.12767750563900357,0.11520142641923548
0.12949907305966177,0.101439104147222,0.07923120481945413,0.12019234461496701,0.16058592750471254,0.13013610162143577,0.09412592913796591,0.08620180535543283,0.09858850973914803
0.11280544037325324,0.1282620665132049,0.06424439194111352,0.11815956470582221,0.13430996725722952,0.1272197651309722,0.12197736461306224,0.09267963581139604,0.10034180365394613
0.09215500182322058,0.10476102509450176,0.17511358723477333,0.09217596180759506,0.07640814670251966,0.11586444661010452,0.13162291653924155,0.08402222525841191,0.12787668892963172
0.09560216338131873,0.11677593767230686,0.09742379010798703,0.11292315676789849,0.12470361787808444,0.11343713938939122,0.12905014102631954,0.12032016264686096,0.08976389112983274
0.10847886011851593,0.10613107187026531,0.11256978100910796,0.10153959313293297,0.09658822661145784,0.11934891237587213,0.11980303917485453,0.14175386386435312,0.09378665184264029
0.17383512268034376,0.13571484337232287,0.12851390149720784,0.08496194320034527,0.09836514220336885,0.08721402853442302,0.1357180068099817,0.09338884087151361,0.06228817083049307
0.09747770174538876,0.11634740277623386,0.0779654116005858,0.1152901955121516,0.12385766226213885,0.11876740184520895,0.12473760984100073,0.12270679083363305,0.10284982358365842
0.1397692122273998,0.14683186276806934,0.06913783457267102,0.09850499965786774,0.12242210302350508,0.13519761834686975,0.10378996519426553,0.1134369184400963,0.07090948576925542
0.07556604741365296,0.12024794999005432,0.10905359022808188,0.12677582969914009,0.10811255980086087,0.13129429150170613,0.12098754556017322,0.12244883350279252,0.085513352303538
0.09747770174538876,0.11634740277623386,0.0779654116005858,0.1152901955121516,0.12385766226213885,0.11876740184520895,0.12473760984100073,0.12270679083363305,0.10284982358365842
0.10214934995334064,0.1191308769583699,0.07032957602568264,0.11321303565867454,0.12414096656888779,0.12375198841601487,0.12051797019598202,0.12626763825871118,0.10049859796433652
0.0944379521118368,0.11971810964585727,0.08454251002358776,0.110829992241324,0.13215140414938464,0.11201636093444955,0.1339966095329321,0.11234729229746532,0.09995976906316256
0.10514641743477397,0.08662106282331598,0.08131692173244345,0.11809489137325364,0.12263819166986016,0.12057775872751687,0.11436691513831944,0.10079859277301512,0.1504392483275014
0.09515625800121319,0.11669201378910628,0.10865301648819518,0.11146599997426687,0.12435985897724461,0.11060167169736128,0.13034789081905684,0.11851408460002681,0.0842092056535289
0.12379573016865646,0.10783511309957779,0.08384484069425809,0.10857077575833392,0.08467705562388317,0.13837276873160972,0.10466091995504216,0.1367449849432802,0.11149781102535844
0.12991117394561258,0.11154063305232041,0.09089355059201006,0.11462024501104462,0.11331888626472242,0.10524619401591995,0.11668067576369129,0.11015301006906407,0.10763563128561454
0.08422389215006408,0.10619534727771492,0.1152150604213797,0.12505202902270274,0.15503345638414404,0.12167970216533687,0.11100693550858587,0.10078648360095259,0.08080709346911923
0.07534823201172376,0.08935169663293967,0.10212231668691363,0.1114568365730646,0.2261114530772369,0.10549364972877157,0.11888718460747665,0.0806291691331133,0.09059946154875996
0.15763743477649061,0.15083625403452602,0.03722619175490476,0.09387734500258967,0.12911164732934896,0.10356988387716698,0.13588846284618808,0.10646220749155395,0.08539057288723097
0.10909938213407137,0.1089667457425131,0.10953194283142013,0.11745196353769817,0.0998026565689087,0.11138836701121961,0.1247796992704386,0.09573232673717842,0.12324691616655188
0.09929769551999203,0.10039898168517596,0.06410039392557847,0.12575272753864933,0.13827276934013494,0.10996010920601436,0.12219911593331007,0.12242369514962022,0.11759451170152473
0.09747770174538876,0.11634740277623386,0.0779654116005858,0.1152901955121516,0.12385766226213885,0.11876740184520895,0.12473760984100073,0.12270679083363305,0.10284982358365842
0.10496881502059134,0.11544165827899268,0.06000638002115577,0.1117052036637018,0.15753995843632668,0.16464989903430235,0.08655096191848184,0.10456924535489308,0.09456787827155448
0.13516895166280826,0.15253182414291738,0.04500253165389665,0.11845751550578891,0.10189752842466288,0.09205906866602508,0.10745551554614885,0.10216921511523941,0.14525784928251262
0.10363559219072538,0.09967972617862664,0.1550495536750683,0.11423537952324099,0.11487479435126428,0.11896546636437934,0.12631543395928493,0.08917101297090158,0.07807304078650845
0.10331275872655275,0.13605622131102207,0.08767777812168731,0.11871419732467374,0.1445195859473795,0.12275200074967885,0.11968255007644446,0.10604729881479054,0.06123760892777069
0.12271381005740413,0.1060838657605019,0.09031111486553989,0.11818234183354193,0.09082392125108614,0.1276836636738399,0.12243418099490928,0.1100130384031519,0.11175406316002497
0.07723220885206351,0.13266112915283923,0.11609034582921607,0.12197662477170397,0.13892109852301465,0.12477794121386547,0.1123372342288529,0.1118432469405715,0.06416017048787266
0.08546236757632253,0.10901375575027093,0.0714063907616337,0.11931348829575901,0.12720020953508684,0.11453864886144698,0.11545283154196773,0.11458889009905593,0.1430234175784563
0.09771686851477247,0.10191615853630272,0.13632066192082587,0.11468142373946862,0.09134643013308315,0.11772264563641326,0.0960001580632434,0.13183482033544713,0.1124608331204434
0.11126939514431221,0.13040445160186995,0.05209494500360995,0.10906131133784082,0.12364839006095119,0.10456631412891577,0.1290222438047811,0.10837084971801168,0.13156209919970732
0.12988759025299249,0.1262497559688503,0.054176885644759636,0.10240124738561296,0.15287740358019844,0.1523926180861914,0.09373313888757497,0.1050943092482803,0.08318705094553942
0.09747770174538876,0.11634740277623386,0.0779654116005858,0.1152901955121516,0.12385766226213885,0.11876740184520895,0.12473760984100073,0.12270679083363305,0.10284982358365842
0.09055942779780009,0.07934786908113674,0.09667050650256011,0.12462424320637389,0.17384030623648736,0.1301468129525243,0.1155420851038572,0.08457777568972875,0.1046909734295316
0.10189163077260267,0.13154104926730306,0.0455467265155193,0.12029482832052936,0.1436096905708832,0.10546693577737802,0.11862137834104673,0.1072786277311456,0.1257491327035921
0.08054869719237016,0.12247245461559875,0.0817040117441306,0.11127938144993488,0.08674142053619882,0.11130229819246341,0.11788166224704377,0.16328904584139636,0.12478102818086316
0.11312999919417031,0.12071772674081138,0.0533899575893769,0.12862810361848492,0.1262949955894272,0.13737720323990824,0.1032366350787504,0.12342157542546738,0.09380380352360333
0.10527690139594087,0.12658968001530538,0.1442848264094315,0.09541541550167827,0.08850134161052108,0.08248729364152729,0.1199308225688666,0.09262615409591224,0.1448875647608168
0.1008231502791067,0.09251802200763015,0.13385282454519243,0.12235474371259286,0.1739892333310713,0.11008742818015639,0.11440754206589165,0.0814915936439265,0.07047546223443198
0.09747770174538876,0.11634740277623386,0.0779654116005858,0.1152901955121516,0.12385766226213885,0.11876740184520895,0.12473760984100073,0.12270679083363305,0.10284982358365842
0.0826035062367314,0.14991306657940975,0.05332072379300263,0.11539916078560962,0.18121683569696978,0.1309030115750696,0.08650476406046159,0.0849804869938992,0.1151584442788464
0.1046124294128224,0.11873315678122838,0.07507052386184766,0.1227356714716018,0.11702237530856134,0.11743398125532241,0.11446229745639476,0.1224855789247788,0.10744398552744243
0.08977862564111035,0.1057226838992425,0.06440121299654673,0.10784926211671485,0.13033898999968,0.12310205943605466,0.13375165674293973,0.09986281256295576,0.1451926966047554
0.0882415641783122,0.09668143621006518,0.06941775250431002,0.1133291632077672,0.1412986601366247,0.11141121333375835,0.12256684039624122,0.12704795967773944,0.13000541035518173
0.09596292279503572,0.11781781167299432,0.16426422027139975,0.10415933430471241,0.08275259742990966,0.11215838783976685,0.11375060417526778,0.08547519919645953,0.12365892231445393
0.09066998026130114,0.0984239109034159,0.09237422434161308,0.11374386404155878,0.16439069059292435,0.12305586964539145,0.11853581479963253,0.11495472045035798,0.0838509249638048
0.0918432460788865,0.09244084089822728,0.1656075935443616,0.1171288276750425,0.06957025719182049,0.1188664377046334,0.0982163476932396,0.11541480790448448,0.13091164130930413
0.11276881655212541,0.12784349513172352,0.05858982456032776,0.09943166153582556,0.1390854579315711,0.12985968288808877,0.09457261578460364,0.11078222466526855,0.12706622095046574
0.08005220031918776,0.125758689284571,0.09099824107878023,0.12184731291988897,0.1288183025478502,0.11202902381090833,0.11105358222562134,0.12490789750741112,0.10453475030578104
0.11062732808056164,0.13210183651259308,0.0986264610885886,0.16958434642403367,0.08545089567508289,0.12476974208315944,0.10515067361405372,0.11119796569290741,0.062490750829019615
0.08039539505302014,0.1294262139595984,0.04653172291853796,0.12241615779494432,0.13520709070640194,0.1455452680056397,0.10987994367742933,0.11022020458049901,0.12037800330392916
0.09747770174538876,0.11634740277623386,0.0779654116005858,0.1152901955121516,0.12385766226213885,0.11876740184520895,0.12473760984100073,0.12270679083363305,0.10284982358365842
0.08932472266933483,0.11866910264722075,0.07679136472903882,0.12380477628821633,0.13740073934040453,0.11978069054667906,0.107280345971285,0.1130917327732255,0.1138565250345952
0.1252648284877124,0.14790689149705194,0.05715956282918585,0.08915106389192905,0.10071930584286215,0.11966888282107635,0.12437404253284494,0.11038711723784415,0.12536830485949324
0.09480202638321211,0.10907006136962089,0.0902067234049488,0.12327118756659688,0.13263834302828512,0.12680966960653953,0.11965373256349893,0.1047662707863608,0.09878198529093692
0.09485097409211213,0.09728601572802979,0.0779279199854424,0.11834373013783672,0.14747335923735702,0.13189553417656097,0.12775232929772334,0.10654207398169102,0.09792806336324648
0.08343124668980728,0.09756993296704808,0.14371516268526044,0.11645730546677628,0.10496421104677921,0.12580466174344762,0.11607510455574434,0.12294504457403044,0.08903733027110618
0.11307617651667029,0.1007369661579791,0.09588049673660885,0.12607471355379898,0.12552601670236463,0.10852270210698707,0.1148726154627951,0.10150763232800379,0.1138026804347921
0.1268443910342876,0.13308451401082746,0.08576424335088152,0.12093072145475263,0.11198118943228097,0.11591261530397697,0.10917468193410367,0.11578575339307584,0.08052189008581337
0.15037426338423318,0.13079277700870912,0.08692841087349013,0.1069908658932824,0.11339119268187085,0.10350817039345334,0.11623807733695568,0.10024397556555914,0.09153226686244616
0.10727258464964538,0.08642925264295193,0.11162142783816643,0.09558232217736047,0.0716451471119119,0.11982910290225868,0.09915506837296599,0.15373541253798997,0.15472968176674923
0.09011023117144996,0.12361197650565336,0.053658538345082996,0.11432629827544949,0.16827318247652326,0.11102469628868587,0.11668845391585532,0.10725342464070375,0.11505319838059598
0.11266550938695281,0.11684408677147445,0.06178675710103968,0.12233806094887727,0.11568818992595832,0.12324488007074909,0.10665666196305901,0.12425320029004351,0.11652265354184584
0.14344271290647104,0.08916694641287308,0.17156030947466475,0.10708249731923793,0.08296556047374443,0.10341980815412781,0.10983748819605199,0.11607449928742729,0.07645017777540171
0.09190548422685564,0.08202721453556944,0.0794033904034283,0.10937839861476033,0.08440132885410322,0.1357083173355549,0.11883945969523628,0.10494766992217668,0.19338873641231524
0.09747770174538876,0.11634740277623386,0.0779654116005858,0.1152901955121516,0.12385766226213885,0.11876740184520895,0.12473760984100073,0.12270679083363305,0.10284982358365842
0.0897219986231469,0.09539427888697842,0.06518744364477295,0.10335884982258399,0.11318136260874205,0.1266430437902624,0.12537613280610935,0.1047381694278478,0.17639872038955617
0.11388862131181621,0.13009158925797806,0.07666951686060818,0.1149821915518265,0.09761314231245416,0.11964439217464523,0.14487422554543875,0.11488193454301288,0.08735438644222009
0.05010506603522552,0.11220535662873023,0.12928230071158786,0.16132365955826392,0.10330458175312195,0.14116161098743132,0.09589258279733144,0.09223946850918747,0.11448537301912026
0.10320947165635518,0.13105063438826492,0.07262210316253165,0.13594458172089707,0.1055524483497149,0.1318140752823138,0.11852510880344282,0.11028635990892864,0.090995216727551
0.09747770174538876,0.11634740277623386,0.0779654116005858,0.1152901955121516,0.12385766226213885,0.11876740184520895,0.12473760984100073,0.12270679083363305,0.10284982358365842
0.10463224084998368,0.12264486002099874,0.061300071559733,0.11341556775927004,0.12421346042093813,0.13874538477020246,0.12348613479676473,0.11004592358906995,0.10151635623303927
0.12519908184035472,0.11633775624117716,0.09842901396555469,0.10736361883360983,0.09952819316626575,0.1359431136980596,0.12389450127932657,0.1040762744973212,0.08922844647833061
0.1068247438304657,0.11749297526039892,0.06393108913231324,0.10317520167324722,0.16396032030790053,0.10331874435028592,0.12336683619923665,0.1073314746639293,0.11059861458222253
0.06805308708658449,0.07233057466162214,0.047591171035759106,0.1129887956845572,0.17671628549122276,0.17321368546312513,0.09405466773281779,0.10362783134529858,0.15142390149901272
0.13659990243883594,0.14270688367509157,0.09264258558952422,0.11112170567647568,0.14624141594033752,0.0968748107654876,0.13944196642374435,0.09174011581040782,0.042630613680095235
0.14567441322655741,0.10680941706662321,0.08962125089478902,0.10597108420908134,0.13978726915866943,0.10929538409984701,0.09215493118519114,0.10395142429846656,0.10673482586077487
0.09046990645372112,0.12331187235501799,0.054818406958141115,0.11450222651968782,0.1654616658145266,0.11156510600071208,0.11731841917266082,0.10822496494873773,0.11432743177679476
0.1127286999811163,0.12348581868879789,0.06345172590178692,0.10510146560973961,0.1070506925466712,0.10532636498704695,0.1053204894930772,0.12019781491281234,0.15733692787895162
0.1438058858141693,0.07337272180058425,0.1703734916852809,0.08269672187344257,0.06432196871171536,0.09634567260616765,0.0656609065019664,0.13180658675666307,0.1716160442500105
0.10502098715995156,0.12778472953552764,0.0651007309313692,0.12451532067722225,0.10700901925868274,0.12784399635121316,0.11398881227927982,0.12152506446536399,0.1072113393413896
0.09197273198962447,0.08424221734029651,0.07345994920755082,0.12904455045099325,0.10111990518322482,0.157017658146021,0.10276413699297983,0.08792803465591643,0.17245081603339282
0.1348370815691992,0.1456654660588582,0.052750393412516215,0.11435782947399907,0.11388724133592822,0.10676852042073481,0.13624114190449174,0.11250462586383925,0.08298769996043337
0.13107052614234563,0.11044468110478488,0.10644725272548516,0.10052927326406824,0.08928623429482341,0.11523344282313293,0.13127804894082454,0.10803953760769879,0.10767100309683643
0.10719403305827722,0.10072443082415428,0.07142138136485633,0.1079585390694574,0.11872917075430629,0.11436224158541941,0.10677976333533624,0.13231142131315424,0.14051901869503855
0.16789904482377627,0.08974203663073695,0.07764880916776705,0.09763764830438677,0.12989232702081469,0.10491785258883102,0.1269847841095806,0.13731751269365863,0.0679599846604479
0.08937315316030438,0.12337038091098461,0.042515520321622424,0.11690819804628798,0.09999349404625785,0.13735905439183438,0.12575182241298763,0.15234658703312615,0.11238178967659467
0.12482499144754071,0.08989835815479037,0.16373770790208184,0.11851957685553137,0.08722292287644341,0.12826622502146412,0.0970102660663568,0.12408894064480462,0.06643101103098674
0.09747770174538876,0.11634740277623386,0.0779654116005858,0.1152901955121516,0.12385766226213885,0.11876740184520895,0.12473760984100073,0.12270679083363305,0.10284982358365842
0.1321126364819968,0.10185582285190448,0.06329926549746233,0.11772140401264973,0.15582330817082454,0.10683121409312485,0.10368836568016966,0.10968159679175689,0.1089863864201106
0.0878332653810912,0.13523477540582166,0.06153870714739895,0.11574181596524617,0.1491135181497898,0.1475599771659489,0.10578652512120858,0.11546204818408234,0.08172936747941241
0.12347648231370723,0.12121378510859275,0.1466287470647356,0.12458261340394772,0.08654648861332914,0.10297101760692495,0.12366949109237714,0.11599397327857024,0.054917401517815295
0.120848790576921,0.10181454233588365,0.11162143894980618,0.10521388141666266,0.09364289730633289,0.16198912372577187,0.10260298366191345,0.1332045897677479,0.06906175225896037
0.09747770174538876,0.11634740277623386,0.0779654116005858,0.1152901955121516,0.12385766226213885,0.11876740184520895,0.12473760984100073,0.12270679083363305,0.10284982358365842
0.13187486129472972,0.14104818627137447,0.06971194673239335,0.10658826024687752,0.0787234184328619,0.12740104612780603,0.09374320635658014,0.14736900917252893,0.1035400653648479
0.1579221821406182,0.1431962351246364,0.04061835217487176,0.09092135050364843,0.14244808182425908,0.09619437116693741,0.13708379493724834,0.10660781670696433,0.08500781542081615
0.08730802623571109,0.14257923510823386,0.1981105455104707,0.09982151173910737,0.08312499200168733,0.0921401885848288,0.10394704438412976,0.11107970288203876,0.08188875355379233
0.09747770174538876,0.11634740277623386,0.0779654116005858,0.1152901955121516,0.12385766226213885,0.11876740184520895,0.12473760984100073,0.12270679083363305,0.10284982358365842
0.09700913326208965,0.14170140999292868,0.04191420511776827,0.11785584178852603,0.1353609626154838,0.13339567598483545,0.11402629595051395,0.10481663329696433,0.11391984199088996
0.09795860661089906,0.09406119554535324,0.10319440814320191,0.1135115351301929,0.0898396932037656,0.12641626727619384,0.12115857680902659,0.11895128650558784,0.134908430775779
0.13461438003795498,0.126441008776361,0.0573726726290841,0.1022817084303298,0.1244827420596548,0.10780423729153232,0.12118326041606454,0.11391438020007168,0.11190561015894673
