0.06946183707203661,0.15233321874889375,0.09984379935677717,0.07703157395919588,0.1253431421588656,0.07332931944421704,0.09139191530682296,0.17112500396549316,0.14014018998769773
0.11974887587498813,0.09653115691735174,0.1091616904950053,0.1533492042606087,0.10379495473855817,0.09876658561619352,0.10255783660766633,0.10871701539169608,0.10737268009793204
0.26159715762934266,0.11535221429160442,0.13179279440159905,0.09266715069780414,0.0685442258394749,0.06898408054926321,0.13052531826632166,0.058845984659588575,0.07169107366500142
0.08396872724411662,0.11745872369060611,0.09582965146757218,0.13762033173186874,0.13973825176704388,0.08922182834951507,0.09773698244491531,0.11663679146364771,0.12178871184071434
0.08964805433181099,0.12841759587853357,0.08841612226813095,0.1373945311576247,0.12766608379922506,0.09205807299594422,0.10303825460440458,0.11488574015267805,0.11847554481164786
0.08396872724411662,0.11745872369060611,0.09582965146757218,0.13762033173186874,0.13973825176704388,0.08922182834951507,0.09773698244491531,0.11663679146364771,0.12178871184071434
0.08396872724411662,0.11745872369060611,0.09582965146757218,0.13762033173186874,0.13973825176704388,0.08922182834951507,0.09773698244491531,0.11663679146364771,0.12178871184071434
0.0678016848382425,0.09857237972229631,0.1021206199020982,0.07504879525015405,0.11509471742755399,0.08136380510757929,0.2085819559413122,0.11121096054562213,0.14020508126514133
0.07612390392458158,0.11051025216421796,0.10412249799330232,0.09383937075571842,0.13471506320771748,0.08267049672381217,0.1477743031497164,0.11279099524501522,0.13745311683591835
0.06105355640360657,0.08347323610431023,0.11570925822771018,0.14429854084149887,0.12850103289524115,0.10166676360580555,0.1336602844805124,0.12292425349248766,0.10871307394882741
0.08396872724411662,0.11745872369060611,0.09582965146757218,0.13762033173186874,0.13973825176704388,0.08922182834951507,0.09773698244491531,0.11663679146364771,0.12178871184071434
0.25276077388518553,0.10963327610849104,0.06427975596949966,0.16508864494591277,0.06709987398773239,0.0886551447720384,0.08543462873570075,0.09000963128881588,0.07703827030662354
0.07642577356004616,0.11084492790035468,0.10392211130411307,0.09481585240928758,0.13506891885218444,0.08291768514430084,0.14595083920589047,0.11292766820087537,0.13712622342294742
0.0993123865740763,0.11747266426914205,0.09263831829530221,0.1424011550297639,0.1303127515035376,0.08864808972095624,0.08757731434679326,0.11736136732420666,0.12427595293622179
0.08087176643968323,0.13792464804381802,0.087441025923368,0.08540621174454427,0.19147652426029704,0.08751359737480872,0.12439459817776573,0.10406024023838874,0.10091138779732632
0.0832159292756922,0.09632610003799776,0.08664534409926883,0.11694657970004844,0.17720016262977692,0.07224985338560258,0.1463607229829559,0.11426498437942632,0.10679032350923102
0.08878229774017098,0.1141883103101194,0.10693218244341479,0.1291824982371135,0.1351105489664941,0.08083689937689086,0.09995838914863425,0.1184931302841686,0.1265157434929935
0.06270918636768681,0.13995365599531548,0.10255843219979492,0.11634940204565813,0.09888382744128861,0.14358971539577897,0.12433017715581518,0.10651677193450419,0.10510883146415784
0.10990879412978798,0.13785951544981653,0.1138696647697171,0.08722078418187823,0.12168016209856373,0.08285643419435734,0.09427475747422707,0.11152314146533693,0.1408067462363151
0.11021595297415332,0.11037176860591917,0.10113970510561303,0.15560406291357895,0.10388539320521188,0.09184810812655363,0.10487179208631592,0.11641676937454785,0.10564644760810638
0.07427520089776189,0.11826454563972615,0.12862473001232402,0.11346146237225709,0.152065224095383,0.1158431420547857,0.057216082512310355,0.13077683637937343,0.10947277603607841
0.10867160823325607,0.13247142140619209,0.09719789658762286,0.10782307160884015,0.13021792631018228,0.07312774723223618,0.10930466599519684,0.11394593374233952,0.12723972888413412
0.07664375053472298,0.11518962940784351,0.09094726290952128,0.11839995703756617,0.12344329404535136,0.07938273859054097,0.17703353240272754,0.10903197327333307,0.10992786179839324
0.0976657164213463,0.11938106815503734,0.08487171300541946,0.11033929798016517,0.09975884556217524,0.06287457068724425,0.16218168085002516,0.12665808978048318,0.13626901755810392
0.1266600895024449,0.13274817560033847,0.12662900269456787,0.12605123088126832,0.11161717651263985,0.0841683682553206,0.07561864196013691,0.11585018610724479,0.10065712848603829
0.25629838274037625,0.1161909839909397,0.07950260929248926,0.1267350597664421,0.08600829109917096,0.0900224541113986,0.07486357185070118,0.08371518260235587,0.08666346454612611
0.13932817431699077,0.10942610641509908,0.10696760520976978,0.14612541626791756,0.13184110879955177,0.09804765743316086,0.07755034593624925,0.094075676231559,0.09663790938970206
0.130451582311335,0.09647783281679001,0.10102416983691988,0.15766923312155204,0.08944381881637013,0.10987266430248173,0.0973622145848944,0.10977479400473167,0.1079236902049251
0.08396872724411662,0.11745872369060611,0.09582965146757218,0.13762033173186874,0.13973825176704388,0.08922182834951507,0.09773698244491531,0.11663679146364771,0.12178871184071434
0.12206436946330679,0.11117784668166404,0.0938167795287011,0.17088615359280257,0.1081543720755641,0.08584729921108498,0.10983077591298007,0.10036986629359616,0.0978525372403002
0.13460540398856566,0.13053059481831075,0.12197929545355585,0.13843240212108482,0.07170228594039034,0.08716091990256152,0.11286217660112534,0.11636776604409449,0.08635915513031127
0.12738396621600317,0.08278054991902682,0.12361797039724187,0.1101379578406339,0.06806372013676783,0.10388161403579928,0.19202193348039875,0.11639787728550328,0.07571441068862506
0.11158603842706412,0.13090902977108396,0.12171458301475996,0.09776201996585095,0.13116594993958086,0.09503377981277118,0.08397029105897204,0.10486250299947397,0.12299580501044287
0.08396872724411662,0.11745872369060611,0.09582965146757218,0.13762033173186874,0.13973825176704388,0.08922182834951507,0.09773698244491531,0.11663679146364771,0.12178871184071434
0.08457395233156184,0.1205415982949513,0.08817265916199353,0.07003473032075587,0.1257601964727752,0.09009969976351473,0.13447974903525403,0.1295367029056755,0.15680071171351798
0.08396872724411662,0.11745872369060611,0.09582965146757218,0.13762033173186874,0.13973825176704388,0.08922182834951507,0.09773698244491531,0.11663679146364771,0.12178871184071434
0.09751752896637293,0.11291054137230701,0.11129349085039564,0.12906492212862383,0.11793915094819608,0.08998821516846127,0.10855328385877934,0.12361639793636175,0.10911646877050214
0.08444348638598476,0.12508906618633933,0.09086914526122625,0.12524418331016637,0.12655775379195394,0.07658333792526151,0.10973258438283488,0.12179363039119402,0.1396868123650388
0.15094355705013962,0.13374355184996606,0.12038143463641433,0.06603344938438872,0.09030077627248384,0.1302761515839686,0.06143903165879569,0.1286803404345299,0.11820170712931333
0.08824225092864818,0.11731571841725646,0.15109732140933926,0.05086160575944492,0.12955090280440043,0.08777611279450276,0.1385224694948966,0.1005619685933808,0.13607164979813055
0.12584687480267562,0.13222732431688525,0.10908470773655358,0.13881632241382583,0.10824112457518566,0.1021640150880833,0.06735953883591492,0.08605284971714189,0.13020724251373392
0.08396872724411662,0.11745872369060611,0.09582965146757218,0.13762033173186874,0.13973825176704388,0.08922182834951507,0.09773698244491531,0.11663679146364771,0.12178871184071434
0.09984939683070626,0.12329893908188598,0.1090491303389453,0.11630837516622683,0.12610007209658577,0.0807122858795121,0.09407188634767912,0.11598178809402548,0.13462812616443318
0.07439362239576963,0.0897613908724861,0.10552408058912889,0.0680977582767643,0.11159250870220565,0.06443727281591083,0.259056815729963,0.1084239396023452,0.11871261101542645
0.06957569747690105,0.08892532141159411,0.10699091784491843,0.11930025471941634,0.1287313047161803,0.0800899867842078,0.14262460511647274,0.13375257175328079,0.13000934017702856
0.07701833066553083,0.12265709216025567,0.07693817144496724,0.1183254323607522,0.1707545407125247,0.0688005867116656,0.12396033884697703,0.11493909015058734,0.12660641694673946
0.08166019071283627,0.12530084948372008,0.10300193333839147,0.11947292638999973,0.141145628228921,0.08824430394828287,0.09282562899718044,0.10566327297000673,0.14268526593066144
0.20036179001432922,0.1168902554026618,0.05962413471550965,0.14371115577677696,0.07447041551511517,0.07375996592477675,0.1560094628033736,0.09110021449509435,0.08407260535236243
0.07134867209891754,0.10823054111116866,0.11660955229950505,0.05405509082731084,0.1443035562824253,0.09289549764680383,0.14854953945183735,0.12259432784704927,0.14141322243498208
0.08573505481723005,0.12226051257111774,0.10682223517013972,0.12337949093544864,0.15047364909327357,0.07019374986528845,0.073364923741481,0.13751451327267197,0.13025587053334886
0.16727040700833704,0.07185375460793937,0.09916513844540237,0.1339746289200104,0.09178869209361949,0.06555300288581366,0.08736595411006957,0.14699331665661172,0.1360351052721965
0.08283134860960552,0.1345777917432397,0.07704634116970029,0.11396069306056004,0.1639009903016578,0.06748501522777482,0.1217481205661562,0.1127934429640421,0.12565625635726355
0.11556534655945223,0.12747252632597617,0.08477938904420117,0.07054164795731087,0.11200802605553904,0.09855953196069021,0.1552370097182801,0.11591495529943265,0.11992156707911754
0.07932221019099,0.10840233383234586,0.15297941242874658,0.07933457234288424,0.12201966071899749,0.11356716627364384,0.06704732985865511,0.11133250274709876,0.16599481160663812
0.08818849258391409,0.11847122744468334,0.10147071284210225,0.1033728043333132,0.16074946559570913,0.09920217825567428,0.06865824638275957,0.14039743695143184,0.1194894356104123
0.19368965753790324,0.10012100476837692,0.11530181741776124,0.1587067558495062,0.0759129292969692,0.06641453367396946,0.12064084746034753,0.08519895489491713,0.08401349910024918
0.08539269932138055,0.12170940945349389,0.08716668569822783,0.13214920854542012,0.12122317044199322,0.08177620848936228,0.09917368788831288,0.12418660785510753,0.14722232230670176
0.09103880063875364,0.10632357532802866,0.08165535959398133,0.12359543425376172,0.12873311559049225,0.11077182156743708,0.09109956189795139,0.13525964659041229,0.13152268453918167
0.0984840191013766,0.11175166149451775,0.11770801667414411,0.09863994749912675,0.09633529132875605,0.12137497545735876,0.1287890829759596,0.11737731064022927,0.10953969482853106
0.08396872724411662,0.11745872369060611,0.09582965146757218,0.13762033173186874,0.13973825176704388,0.08922182834951507,0.09773698244491531,0.11663679146364771,0.12178871184071434
0.08396872724411662,0.11745872369060611,0.09582965146757218,0.13762033173186874,0.13973825176704388,0.08922182834951507,0.09773698244491531,0.11663679146364771,0.12178871184071434
0.10534571162783946,0.1118553372886832,0.09777306970897111,0.11903843187833736,0.09848008875742763,0.12323550251466549,0.08306443458484286,0.1363659183697189,0.12484150526951403
0.12263589264158448,0.13125034108455944,0.14975956798370624,0.1164054186461448,0.13079022942853555,0.08218038407285748,0.058239502659659215,0.1230643126667041,0.08567435081624879
0.08396872724411662,0.11745872369060611,0.09582965146757218,0.13762033173186874,0.13973825176704388,0.08922182834951507,0.09773698244491531,0.11663679146364771,0.12178871184071434
0.08402476625877964,0.12436864650318018,0.09825407130709453,0.11743686956352363,0.13651681364070897,0.1015551989520912,0.0954476055169935,0.11957605879640894,0.12281996946121936
0.08490817486630982,0.14575506405212865,0.11058913012591942,0.0432242405458601,0.12172831073085487,0.07768199859272489,0.15750340003752814,0.12085160663043398,0.13775807441824012
0.06035145915840123,0.07398448049476632,0.11221745109505427,0.08758007593141663,0.09895640157009263,0.15683550278887218,0.14479221096307027,0.15040295733246473,0.11487946066586174
0.08649254936439853,0.12131899158967067,0.09023912352357528,0.1257772296044669,0.14343254865516633,0.09574566014908777,0.08725499540688025,0.12426938600245914,0.12546951570429501
0.09056241794520888,0.15419992320976825,0.10627092003554613,0.0982716252989161,0.14105936162866226,0.08057780278984696,0.06963451756906448,0.12383153055023836,0.13559190097274867
0.08402483711486798,0.12440871530454338,0.09829548007873999,0.11729608128601852,0.13648970271210606,0.10164613468433686,0.09543243582256622,0.1195885523392916,0.12281806065752947
0.13084712710507254,0.12936012891124152,0.09457490582347926,0.14996719291662028,0.10575516215910304,0.09363548933254202,0.0752700467509649,0.10242710226449901,0.11816284473647738
0.08605714002942984,0.13344651065611987,0.08743669782745613,0.10518289565873938,0.10478654434047747,0.06950564276659908,0.17489868056603855,0.11045067217681036,0.1282352159783293
0.06956910544415036,0.1520908336190875,0.09983007998230371,0.07722136336831782,0.12552833256995127,0.07345693597311094,0.0914598235553064,0.17076401377732597,0.14007951171044597
0.0793186552540006,0.11251992805358986,0.08821311808735066,0.1391286871420749,0.13198105926241824,0.10316348926051057,0.0914701121863508,0.12373294255673724,0.13047200819696714
0.09177522508801879,0.1302880909808504,0.11185488358234574,0.10716322220338499,0.13319056940190072,0.11309466019253904,0.09339768234451444,0.1104223950314453,0.1088132711750005
0.09956257934563462,0.11746061401163436,0.09259714409696702,0.1424234167727928,0.13017367737087035,0.08863892728467763,0.087480046828458,0.11736624541765983,0.12429734887130535
0.08979000968843542,0.11348077460053359,0.10946235404662243,0.12745126843493548,0.13401198994226798,0.07933830057215285,0.10038764109373849,0.1187773865276008,0.12730027509371294
0.10911370979377162,0.1345720815837188,0.08985186987175674,0.15525037316527684,0.08333005833186526,0.13560380423639648,0.09081045986524378,0.09512848348746421,0.1063391596645062
0.08631961853126173,0.12677605468228073,0.08446885105154674,0.11463586526268138,0.17505071578068002,0.08179226710443806,0.10132514747265324,0.10979554339792609,0.11983593671653203
0.08274153488141171,0.10590283314985059,0.10005728333225823,0.11287801812102922,0.1599065758051574,0.08804606998925828,0.11624885889292912,0.11789382522874119,0.11632500059936428
0.08874891463510033,0.10580270730285157,0.12601067966795457,0.09825130868788916,0.107192698301267,0.061024604065877286,0.18883807150252166,0.1092166842246255,0.11491433161191285
0.21854360973545675,0.12023448779844868,0.1089650900417779,0.12001824220502051,0.08604981435211824,0.09735528757699734,0.09541318475269567,0.0770278037163642,0.07639247982112073
0.08396872724411662,0.11745872369060611,0.09582965146757218,0.13762033173186874,0.13973825176704388,0.08922182834951507,0.09773698244491531,0.11663679146364771,0.12178871184071434
0.09152098838937574,0.1362546141552864,0.11915609412369203,0.10553990754389708,0.15510404785893642,0.08507994377699991,0.06246733510177909,0.11936296384289928,0.1255141052071341
0.1386037937487622,0.1025125986283028,0.1646812873183884,0.049045377344709686,0.09865773523356126,0.10240608472983674,0.11600797596929213,0.10320609406428027,0.12487905296286661
0.08402476387169806,0.12436736119727865,0.09825275001256338,0.11744137974202438,0.1365176811228684,0.10155228735031806,0.09544809139157644,0.11957565676708515,0.12282002854458757
0.08164855320217411,0.1253311978120181,0.1030325203925977,0.11939696100435408,0.14114359190870696,0.08823808130551496,0.09280822140692518,0.10562417892352262,0.14277669404418625
0.07368882543276935,0.08565838654532575,0.09224331918824036,0.17805561159450503,0.14596377028094762,0.08013610235187021,0.10350027556474646,0.11638035334688664,0.12437335569470849
0.08955548787537089,0.12424112257953292,0.11187524929332669,0.14102438003641987,0.11379121849739955,0.09834812540280301,0.08371915643141703,0.10275271104321344,0.13469254884051662
0.08396872724411662,0.11745872369060611,0.09582965146757218,0.13762033173186874,0.13973825176704388,0.08922182834951507,0.09773698244491531,0.11663679146364771,0.12178871184071434
0.07187664146154953,0.1166009176079345,0.07036254940830346,0.12167557170076626,0.1397299397263623,0.1078062188095234,0.10022876122442308,0.14522538079803773,0.12649401926309975
0.08065999900631661,0.13769024996594761,0.09640322367401101,0.09604637106963297,0.1435302640974077,0.08288108630992641,0.13064855824307095,0.11580671917284652,0.11633352846084026
0.08912361879232844,0.11289493026693874,0.1000421495019117,0.1338092184879701,0.12742331100146617,0.08653144828373542,0.1059766950723658,0.11965636850680395,0.12454226008647977
0.07840110024568551,0.09580297959623657,0.10573763949025022,0.13869788149565873,0.1222672119689908,0.08792583463487645,0.14947545180333396,0.11433947295571341,0.10735242780925432
0.07858262601334652,0.11568494763781034,0.09184899896709876,0.13232814953384806,0.13835463892787878,0.09724095385767838,0.10001760770372188,0.1216860536170067,0.12425602374161059
0.13261909289869733,0.12160557741349491,0.10693684965516027,0.12330933439261133,0.0895820986134726,0.10008144882387249,0.11726535641758655,0.0960959396404274,0.11250430214467716
0.1354944342055633,0.11530860017081283,0.09189380904774436,0.18277378191990135,0.10381679795784847,0.10951041890376585,0.0648135626064104,0.0942823669661016,0.10210622822185193
0.09930392303645004,0.07638101391531132,0.09914597825416366,0.14458518583824578,0.08954100690104345,0.08906961113144067,0.18839339649193856,0.11837075355357436,0.09520913087783213
0.08396872724411662,0.11745872369060611,0.09582965146757218,0.13762033173186874,0.13973825176704388,0.08922182834951507,0.09773698244491531,0.11663679146364771,0.12178871184071434
0.16418937594247016,0.09154021997072966,0.07570499492238837,0.13156753671687949,0.1111602541294001,0.08520972243738278,0.07783046476392179,0.1308914826531883,0.13190594846363937
0.07378222816354339,0.13383303231998786,0.08119306385694182,0.09017815371111304,0.18595687215863785,0.07465977034843826,0.14691711825367068,0.10834464258736247,0.1051351186003046
0.08734000858491738,0.09981479788016533,0.08278515994406864,0.12039126939378007,0.12126686853122652,0.09374832041339705,0.10954407339657046,0.14325952532129146,0.141849976534583
0.07073348874332673,0.10977471956309316,0.09888519464097352,0.05795527031812566,0.11207613451284881,0.11017490330415175,0.18398373438836088,0.11873592303584514,0.13768063149327436
0.06987962437631952,0.08899799491837734,0.11245992591219861,0.1278758333198212,0.14115702312522702,0.09240807029269514,0.12150361204994618,0.12844748175286227,0.11727043425255279
0.16825242418550582,0.10421571642619931,0.12169179406718733,0.1303874394506517,0.08980356665966684,0.07110095137639742,0.10898303544248507,0.12294603004079242,0.0826190423511141
0.08474112700454113,0.11418989648692209,0.09154043368379433,0.14536122351321398,0.13296004772278944,0.09496791695893202,0.08922658269055295,0.11856878433667517,0.1284439876025789
0.10998623715511878,0.14516426301365312,0.11619723448633612,0.06096479760436411,0.10496174937585756,0.1077412724214488,0.1010050230692161,0.13237056317013285,0.12160885970387263
0.1441038824561848,0.08998434013709283,0.08142035972329294,0.13586091066686426,0.12452780529538761,0.0640763059341463,0.14461050904183545,0.10943721240289384,0.10597867434230201
0.074285048488817,0.09742885011298562,0.12987416714545066,0.12590334312009785,0.10303635723749938,0.12462889055769268,0.06987923979722822,0.138543590633572,0.1364205129066565
0.08396872724411662,0.11745872369060611,0.09582965146757218,0.13762033173186874,0.13973825176704388,0.08922182834951507,0.09773698244491531,0.11663679146364771,0.12178871184071434
0.09501589026507244,0.09732211002083514,0.13834012971913656,0.12436157915008206,0.1105001718316266,0.11242323227732527,0.11076440375416563,0.1268477014072707,0.08442478157448563
0.10902124851717092,0.061249938880561315,0.13197818094770378,0.12801664137732688,0.09126730198286044,0.12144060416236124,0.0893371277116126,0.1635207758792578,0.10416818054114511
0.08396872724411662,0.11745872369060611,0.09582965146757218,0.13762033173186874,0.13973825176704388,0.08922182834951507,0.09773698244491531,0.11663679146364771,0.12178871184071434
0.11774566724245013,0.10614971326840962,0.10026041749986547,0.1068450575125971,0.11941477170065785,0.06892504994081337,0.13427987479237888,0.11991839275217893,0.12646105529064863
0.09992737049102836,0.1626322771817499,0.1085941608019179,0.09634881418739853,0.12660180195133525,0.09293207297751298,0.0723632848057743,0.124358075639604,0.11624214196367877
0.060992079554022305,0.08602178219799846,0.10975269997704305,0.11890317633606068,0.11542895020878968,0.15366550340442428,0.09915374196183972,0.1245609389290062,0.13152112743081568
0.11782688709955645,0.1276548638861838,0.11030086716560944,0.115098044870645,0.11176990999163143,0.09229718564056945,0.12047662995739576,0.1120234972476553,0.09255211414075337
0.0728011573344146,0.11552223850942361,0.09964906482370765,0.15461774900420222,0.12800199499283108,0.09760847306146475,0.10781987660740226,0.11175939240417769,0.1122200532623762
0.0727973962975828,0.12013651766823115,0.07501992630923748,0.11713471687727628,0.16728587577831566,0.07577056171155717,0.12450959426085118,0.11934194428177776,0.12800346681517052
0.08342433541182419,0.11590281880391222,0.08982270297588311,0.14316506840565593,0.13185350219312977,0.0958450970737275,0.10331462172075952,0.117421851186227,0.11925000222888073
0.18103807786250567,0.1103168454332491,0.0742795537550417,0.13950530041861364,0.08294770073883861,0.09792796822295484,0.10628331923728618,0.11360145143914778,0.09409978289236254
0.10994503311321324,0.11264968463413867,0.09852273846087589,0.08708038107888123,0.08543791235282021,0.13345153314311894,0.1264621556957276,0.13786943481540614,0.10858112670581804
0.08977838370445461,0.11348898320639089,0.10943283593703006,0.12747108840417745,0.13402486151900947,0.079355184029016,0.10038276869634195,0.11877429907589411,0.12729159542768548
0.1271596922126413,0.1409340240161671,0.09477351508624975,0.08609205462268422,0.1165957680007097,0.08799445558761658,0.12353367890891326,0.1061656445891897,0.11675116697582849
0.10539028262831977,0.11720445028800287,0.08332253650843872,0.10497192843741054,0.10977419595723342,0.09322574287141533,0.1416899452809214,0.12022377873289525,0.12419713929536269
0.09202835744432442,0.13428215410218294,0.09678712818765584,0.10837330439398433,0.13271052348161463,0.09504757842121277,0.09132564867156229,0.11737591906622909,0.13206938623123365
0.08971491052940302,0.12853956750761733,0.08837655442465749,0.13735111662194052,0.12752895232858796,0.09209561678701095,0.10309881546720877,0.11486154880044445,0.11843291753312958
0.09091504645049754,0.09865406428286257,0.10278368932816456,0.12427819312454758,0.13504559036238162,0.08078559782344265,0.12990097364222555,0.12035930334656823,0.11727754163930966
0.08093496012917899,0.13454082198718664,0.09381604875351629,0.10819084223125426,0.12526071687517157,0.09054914252485517,0.10348177894897208,0.12437085160447499,0.13885483694538997
0.07595787358382544,0.11032439044501859,0.1042312889772677,0.09331084887973945,0.1345167106837508,0.08253440134842951,0.14877996719518186,0.11271640065373105,0.13762811823305562
0.08966720317802378,0.11632159676935566,0.10984244031289736,0.11680853361075215,0.1246851672941461,0.0963085100113872,0.0898330025214264,0.12236921256273077,0.13416433373928063
0.13810498912332206,0.08755742452963095,0.10973740617807683,0.07079609950180354,0.0933355203371769,0.1070958525408036,0.18727485076353026,0.12814895583425384,0.07794890119140199
0.08239561920639611,0.12670079443969715,0.09150288895788893,0.11960562877400231,0.19498025120332765,0.08481785669477904,0.07717903759007513,0.11957755000446818,0.10324037312936551
0.13051782172321236,0.07681090746832965,0.1252596879335493,0.1330422091016912,0.09509894846464391,0.14430205201277008,0.09474787273831377,0.09986540076728061,0.100355099790209
0.08396872724411662,0.11745872369060611,0.09582965146757218,0.13762033173186874,0.13973825176704388,0.08922182834951507,0.09773698244491531,0.11663679146364771,0.12178871184071434
0.0835109629872585,0.12837856408093876,0.11131974277941499,0.11120943668130252,0.14456509292966882,0.07785345839021728,0.12193463690015605,0.11641805516073889,0.10481005009030407
0.08396872724411662,0.11745872369060611,0.09582965146757218,0.13762033173186874,0.13973825176704388,0.08922182834951507,0.09773698244491531,0.11663679146364771,0.12178871184071434
0.08396872724411662,0.11745872369060611,0.09582965146757218,0.13762033173186874,0.13973825176704388,0.08922182834951507,0.09773698244491531,0.11663679146364771,0.12178871184071434
0.11362453988420455,0.10764756814349817,0.08864652351257718,0.09351117747470544,0.12971967625524675,0.09261310878192941,0.12164957157411348,0.1313598678322555,0.12122796654146951
0.07714947729698399,0.11144930981663603,0.08526380068230205,0.14056227409349528,0.15283047899393187,0.09504607266018973,0.09263084046127525,0.12709604674887476,0.11797169924631101
0.131832381223851,0.12406655652675812,0.11111377925665061,0.08104198803541353,0.12952481109290484,0.10304539456359056,0.08330942153654709,0.1120109472259404,0.12405472053834388
0.07346825888625373,0.1199170685636114,0.09133159962703295,0.10831298603383255,0.14806259070825337,0.10342040834166694,0.09696204148735833,0.12814613584647197,0.13037891050551875
0.08396872724411662,0.11745872369060611,0.09582965146757218,0.13762033173186874,0.13973825176704388,0.08922182834951507,0.09773698244491531,0.11663679146364771,0.12178871184071434
0.08651067478426333,0.12133338730878755,0.0902319509847056,0.12570457232924986,0.14344398187177568,0.0957834098861841,0.08720805191807283,0.12430403211592184,0.12547993880103914
0.08469882030103563,0.1143556862088169,0.09173446301306976,0.1450311683310769,0.13330374381014717,0.09467255563316908,0.0895986520420055,0.1184820051655275,0.12812290549515148
0.08396872724411662,0.11745872369060611,0.09582965146757218,0.13762033173186874,0.13973825176704388,0.08922182834951507,0.09773698244491531,0.11663679146364771,0.12178871184071434
0.08396872724411662,0.11745872369060611,0.09582965146757218,0.13762033173186874,0.13973825176704388,0.08922182834951507,0.09773698244491531,0.11663679146364771,0.12178871184071434
0.13261463204844767,0.15843409209277656,0.1284316557004467,0.10360418145576862,0.0944539398111383,0.08427324544011967,0.09017613939599516,0.10797920803870224,0.10003290601660504
0.08396872724411662,0.11745872369060611,0.09582965146757218,0.13762033173186874,0.13973825176704388,0.08922182834951507,0.09773698244491531,0.11663679146364771,0.12178871184071434
0.0908487520147422,0.12412202736410383,0.09102283097397902,0.09314046790502754,0.15455484683975837,0.10370415301235002,0.11191921193359627,0.12278118437929768,0.10790652557714503
0.09851530870804354,0.11750932181068839,0.09277123241933116,0.14232186384529036,0.13075861945699763,0.0886773729640954,0.08789661481824391,0.11734476651521027,0.1242048994620994
0.08067438151144986,0.13760375936484714,0.09639692699126695,0.09621085425436245,0.14353846833074413,0.08290244085977828,0.1304490551224512,0.11583345731991068,0.11639065624518925
0.09694052302875948,0.10510124520293755,0.08799823517999317,0.19352271856133632,0.10517139002827823,0.10019447046866857,0.11581763957694002,0.10629265753151408,0.08896112042157274
0.15666091601330717,0.12367818002205742,0.11617844431741063,0.12043849102833455,0.10741242852063491,0.09111386130706285,0.09361768983949197,0.09104483358266129,0.09985515536903926
0.10521260620806738,0.1091550186215305,0.08959029778484719,0.1887239836146335,0.09384373059329926,0.09853576811232645,0.12797874342780333,0.09698690549167215,0.08997294614582023
0.08470046967914625,0.11672631372166732,0.0896336061552982,0.0906286475615067,0.14660442125477052,0.11093470812364074,0.08992232877182049,0.13819367162931065,0.13265583310283902
0.09905327485304533,0.12202769004257309,0.12246076101424604,0.11332821079201261,0.14722955513574226,0.0760863014979309,0.065311290966015,0.1288651082392256,0.1256378074592092
0.1208816724776932,0.12031752958893537,0.1007342088075965,0.16790334405578508,0.09103364831033738,0.09371503194344359,0.11501604420505662,0.09477019018323385,0.09562833042791842
0.07401905896484473,0.12700653255835107,0.08834825812342513,0.09736555767797443,0.17429058126712146,0.10524469790490064,0.1082562800762612,0.12321252408859078,0.10225650933853066
0.13362155404363404,0.08828621149966363,0.09129099914866325,0.13916148782837567,0.1364771226433198,0.0952127387329275,0.07375254520885309,0.12497164053103378,0.11722570036352918
0.0932863701716234,0.14412867304121257,0.08161777793178597,0.1068966286800908,0.10659621589460085,0.0846545802152307,0.11189872633110325,0.13209560849731736,0.13882541923703517
0.10749140598136848,0.11125873113359358,0.09749765921953839,0.15287526283831568,0.10365809073367072,0.09212709668525836,0.12016405599270204,0.11478367549566225,0.10014402191989043
0.09085530835064463,0.13359080282549787,0.11386761457757494,0.06830327999247193,0.14194046032192145,0.1041145310870276,0.083590861120604,0.12323932063894671,0.14049782108531086
0.08149780048994919,0.13685182418790087,0.10564354912074607,0.09072072820267092,0.15211210328865613,0.10204467689375858,0.09797128506882609,0.10463626581925818,0.1285217669282338
0.1355632148534809,0.10736024956563363,0.12637904378421258,0.1145476715058334,0.11723165877491755,0.06751164220617638,0.0945267460958971,0.13313014210187998,0.10374963111196848
0.07940184580992439,0.1176574833003345,0.07936633555901577,0.13164726840428828,0.1126909415641855,0.09632002623067154,0.1080616167097586,0.13072875157591596,0.1441257308459054
0.07967135339394964,0.12835296789341968,0.09748295577671821,0.10595113059978556,0.14098941406585244,0.10481098721335225,0.09844517788911289,0.1234839525137531,0.12081206065405616
0.07673090055966594,0.11523752961908963,0.09101078748747672,0.11861692239944395,0.12364042819033232,0.07949413346998173,0.17606475696094614,0.1091396909932301,0.11006485031983342
0.0716587550062394,0.09408475717596766,0.10362267715462449,0.12625580707196443,0.1169110532742258,0.12131795907879321,0.11652081339585797,0.11870983331812952,0.13091834452419748
0.0827823049259966,0.12812550650487334,0.08034948527715648,0.1217340434404926,0.18171377362191013,0.07733161037108337,0.10892682094090349,0.10851548639054835,0.11052096852703568
