0.07354939031028816,0.03246556292637779,0.03414808167981729,0.08567262313924084,0.1925426865132309,0.07415887080743346,0.4265856784328567,0.03896102593207731,0.041916080258677456
0.20108699808793395,0.08224048701335923,0.045076320066310495,0.2547522718010166,0.11433696141957271,0.04384922403898326,0.04889603791627873,0.15718406430807194,0.052577635348473116
0.1433123340222661,0.00965453949444471,0.01941010232797219,0.08884054489083072,0.03442467568322507,0.5398254681922531,0.0038610817202533506,0.14643521093455314,0.014236042734201674
0.30678130249663943,0.08339063165788169,0.017962814943253882,0.13600048752944932,0.16207879739975237,0.11494602269897407,0.017803246764797817,0.11351750667988107,0.04751918982937035
0.22612969233477373,0.026130778272375987,0.03512440390089562,0.08111608342881194,0.3858996054867176,0.027480433554932265,0.022199690945203975,0.139445524153381,0.05647378792290798
0.04861877908716433,0.17620217752398812,0.027313543394943893,0.04470794742402064,0.08416365395396208,0.06669473995997204,0.47922583205606634,0.028240138004625364,0.044833188595257145
0.043609087456713325,0.02703327808836645,0.04823930697115756,0.09356593334707138,0.11411020234895342,0.050480965380598514,0.49133871447760474,0.014926243698209739,0.11669626823132491
0.19080157822029956,0.010272429191982993,0.07536988826688833,0.03218154511938214,0.12662416733109427,0.26978022634306614,0.04085531084779612,0.02052176520211939,0.23359308947737112
0.11035248905220185,0.029427500085034978,0.028201301586141075,0.10451356652578335,0.2836144044993008,0.07847177423883846,0.02563253992642873,0.07214219855830706,0.2676442255279637
0.19936072651760162,0.09572380907592311,0.012739569692501035,0.08437711256703768,0.025253606108989624,0.06648756767731125,0.026693119419362962,0.454342314492431,0.03502217444884161
0.04340770858742668,0.028074228503487203,0.1430423156422293,0.08028799163014383,0.14513871978809698,0.05026022271192369,0.2505239013581498,0.02432764723947585,0.2349372645390667
0.05008906772334889,0.141641674691705,0.0316686977280561,0.07348970124700453,0.09869830259981459,0.04812525483783972,0.3981074554403836,0.021581812958945595,0.13659803277290186
0.0570148601198715,0.03221373371471476,0.0549440372650404,0.05572880155740645,0.08923972168202765,0.15272421093307506,0.2795209217022902,0.03988004491205874,0.2387336681135153
0.06467460904150393,0.03782696885671894,0.055918160447722805,0.05498832793685381,0.5946968447436948,0.03362528811832973,0.06864184160116364,0.02593022581451257,0.0636977334394997
0.21416243621950062,0.016321912096966446,0.03570101884504483,0.013842534781417786,0.075683244615099,0.5878866174846853,0.01196250585368925,0.012514340046612955,0.03192539005698381
0.031952392919196805,0.0776565143501013,0.04612891398083355,0.04207269314614819,0.08301111538467262,0.06674559453710728,0.5707743332033728,0.039082089625888,0.04257635285267941
0.10900244879478109,0.5330010451176026,0.030749764387231027,0.13510318109550293,0.008537575523757767,0.022679668734679442,0.12332496064415609,0.030259305147008503,0.007342050555280582
0.050576750112638326,0.06312642586056134,0.025251534079650754,0.04783772476570173,0.11780904830353445,0.08944238715678594,0.35864233650053273,0.02913228382840519,0.21818150939218942
0.0246166939851719,0.022798857361367605,0.014890006646833792,0.04188112981750717,0.03240073525975456,0.0652528171271703,0.06680798180486151,0.05955551944068807,0.671796258556645
0.09664943584387986,0.13086158625824748,0.14392411911153238,0.123302618975372,0.19023274522392722,0.013702806259114457,0.061559648371914556,0.12402173692604779,0.11574530302996426
0.10796558050742718,0.010743094013897734,0.2877698639773885,0.04288080862980389,0.3440267783618256,0.012628437588652536,0.06868727645339688,0.1102993107313257,0.014998849736282035
0.05042609243865687,0.08510053925872818,0.025370188600539436,0.06005617407988511,0.10110163033330821,0.07884480274860949,0.5656040428067209,0.015062240780554645,0.018434288952996952
0.0822605995430485,0.06986468540350792,0.03893123749943656,0.490399514131637,0.0722127571491733,0.04861199610953613,0.02662664278023889,0.12348299676768844,0.04760957061573326
0.04291278584589902,0.030871013526229733,0.03693361877921678,0.08861939071848468,0.15991501572115888,0.06468870584793136,0.4955588085267799,0.026395273698889218,0.05410538733541039
0.04334622082573794,0.018764077866195362,0.03246317755151496,0.08781412301465931,0.12032191200000948,0.06432056942084484,0.58863732955943,0.0303008892258739,0.014031700535734196
0.11277368908739231,0.016042284109186636,0.08601334236889356,0.0346895843235362,0.1922164617551363,0.053001385528669266,0.13452406306188994,0.030829022646075215,0.33991016711922056
0.04916519097599689,0.022925605134211758,0.024585010811918575,0.04763944679506695,0.2625369705918686,0.0719335045011066,0.4663078747936549,0.032592010716929486,0.02231438567924628
0.07366137127763803,0.15853570178832335,0.3297539718509206,0.07627714773690099,0.20889070658059983,0.008709794500540526,0.03788247384512306,0.039190148625176356,0.0670986837947773
0.06907094676379631,0.04548023261687554,0.03762837915564247,0.10118503016286755,0.34454766199747894,0.09650903376058784,0.2130349533384931,0.030517291771043387,0.06202647043321502
0.0283599257137066,0.04498465364746617,0.053250989018815344,0.04303134369679474,0.13007860054897213,0.07637458937490062,0.36316081293398533,0.012474179883055098,0.24828490518230403
0.08504283863471802,0.028841356968190467,0.12700782424184467,0.04465025270670414,0.08024201723220549,0.14529025593339573,0.28199338583097316,0.08380566302414112,0.12312640542782728
0.12120138442131385,0.02104606570893294,0.07469173836073785,0.06415490734018689,0.22985928519822185,0.04469470299143898,0.03983098938050448,0.09350017455038696,0.31102075204827623
0.036711648257284485,0.160651436289768,0.5482084052289214,0.045712741476273015,0.07429785049432835,0.027957284103450348,0.0478062727797729,0.03165073823629716,0.027003623133904392
0.06577159010869656,0.04957146552596884,0.05004816556951113,0.06050492534635649,0.1299065989844342,0.061185643383492666,0.5044870975229317,0.007877569690372654,0.0706469438682356
0.04765323910125032,0.05433467489839747,0.04308623236380723,0.09830464315902389,0.14238132354064262,0.07384917355548248,0.4024776343937147,0.034785258110829644,0.10312782087685164
0.0716140411385976,0.04385926607095978,0.03237775775899041,0.09908581770837359,0.13676308807263585,0.07290781107909212,0.4466623324660821,0.012334663011674754,0.08439522269359372
0.046413108876805796,0.015170673664380565,0.0882427335169901,0.04887848630491274,0.11548284621012052,0.04818989707638139,0.2261683080581991,0.029659911092061734,0.3817940352001481
0.06303446766578776,0.031170196752334036,0.05990787437678538,0.06896857942919798,0.098858509610257,0.13375364668711978,0.2150910872018955,0.02424542975810029,0.30497020851852225
0.30791285538236257,0.08254643445567135,0.01601611671371081,0.15589839998371882,0.091866352837274,0.034794466859497025,0.025361858962244997,0.2505090182279413,0.03509449657757909
0.04658132619180202,0.06663816745980332,0.04650049216059395,0.03808205251187221,0.1560521256420948,0.05383573148484477,0.41784705924545434,0.0324041940136415,0.14205885128989304
0.31074272826752297,0.11819062622042968,0.030753687943832656,0.20970449356715593,0.08138945296726041,0.035822730336977256,0.030218835900743007,0.12677112475723387,0.05640632003884416
0.05414701144934316,0.09799044027293252,0.03383961312808681,0.04266957619146472,0.16218308645347415,0.0883310164786605,0.39253684402021144,0.02023018435875341,0.10807222764707335
0.25923559894506565,0.11979682662740183,0.04620784363515947,0.16506375363094528,0.007022771943560696,0.05432168455313391,0.10629633269175809,0.18346695623509576,0.05858823173787936
0.03927486873867889,0.0522648367822546,0.04947249397739981,0.11810835739904,0.1636652737337773,0.07473808517154713,0.42822337342560574,0.012991231055446736,0.06126147971624974
0.25118724001606046,0.04068117188147214,0.0516470323747343,0.08655463378550032,0.227912771107971,0.048177130532433714,0.08467636094627429,0.1562380580522359,0.05292560130331788
0.008711185226671206,0.0323402166856872,0.040448967397246544,0.4248818313066011,0.17903949430097355,0.044080524689828156,0.23576734014765002,0.01646867826876548,0.018261761976576682
0.3676364828105319,0.02343584757647797,0.045055046361641586,0.05328074786108885,0.11359372460990068,0.07814989663917592,0.012960424528193383,0.2268332200321823,0.07905460958080736
0.09904306547987012,0.036058762580799764,0.030038358807001852,0.018286093311180668,0.039116416944645675,0.67434128292342,0.09281874083775236,0.007571917731722521,0.002725361383607003
0.05885320620443313,0.06987326527980962,0.05738449414926499,0.0331503103966888,0.20590865495971133,0.06297486242506702,0.39889802506790834,0.019867217951620747,0.09308996356549597
0.025236211358657838,0.02527159710735237,0.012565282987989689,0.03043046071040308,0.14050616344651812,0.09866866227590444,0.3203347708806787,0.0486290175445111,0.29835783368798463
0.022335816128177494,0.054582536328802715,0.03312924582183025,0.03589043271314777,0.09423056936194085,0.042544099113626256,0.5348982219084396,0.12245951569079183,0.05992956293324331
0.25248318676209974,0.06593559972316086,0.037190534839285166,0.08321244305404953,0.25566170685164696,0.03755511219410373,0.07744187193023815,0.10167954030579578,0.08884000433962014
0.22133326374721132,0.4254196729817548,0.04213679317877133,0.047089046775301284,0.0418842816902279,0.052319527904369195,0.0509260698057554,0.07987938406616417,0.039011959850444526
0.03553647153790764,0.04670405569288046,0.03082623457188388,0.06222542858589236,0.05667155268478694,0.08696681252717763,0.5532579401283014,0.015881338721370104,0.11193016554979951
0.08435127529879743,0.5557840359189662,0.04505987912504211,0.11251136707453101,0.033022762353682115,0.025208378427076936,0.08978810696174071,0.040199026128352466,0.014075168711811067
0.04382608745133006,0.02814306912841554,0.032328081407912594,0.08357619574193513,0.12581762665702195,0.0807732164291353,0.563707539617374,0.011396855406850497,0.03043132816002496
0.07640343477770066,0.5637881006783346,0.043915359763608004,0.06829729175168815,0.003758276797018208,0.1881756019685358,0.02818220448787749,0.023608411693169226,0.0038713180820677366
0.1079935455653142,0.3272478294052152,0.06295985875516803,0.11309852162515847,0.05961748020156219,0.03454246791264936,0.08385510976652165,0.15580394024932184,0.0548812465190891
0.03742457851934774,0.027775854293606083,0.08697220526325229,0.07407031270821392,0.1341395088534781,0.06388508144261339,0.4796405233843348,0.07977611117614791,0.016315824359005745
0.09133734866730525,0.022580892458596458,0.03657552901106955,0.05938765187685804,0.2349694365908448,0.03425041422024273,0.06473053254714521,0.036951781184694395,0.4192164134432436
0.050593091075413425,0.038334356517975524,0.028962198308230918,0.060831843334800094,0.0646152837089825,0.07238630092798957,0.6131317642733674,0.016625557309331542,0.054519604543908966
0.04874067264586818,0.12554634625574748,0.019703914316375064,0.0457134125570652,0.09834440183398774,0.13187883517188617,0.3967868361528812,0.024019201784253794,0.10926637928193524
0.016965687179410435,0.007035044258427918,0.06126847224480713,0.480499464194784,0.2079265958721002,0.024793930517368196,0.010963325300881637,0.07774546168914354,0.1128020187430769
0.200625821270328,0.011813071085963127,0.03855056930194271,0.0635953189918335,0.295869294030877,0.08831928159656455,0.020028233723038292,0.03724919194654331,0.2439492180529095
0.27124112823851815,0.15695799812887182,0.014632408560371265,0.32581151042298256,0.012491654145126402,0.03596101304618519,0.031178146774496363,0.1333899207860905,0.01833621989735777
0.2333190604459611,0.013207103300161185,0.01946313223474765,0.06463606044037008,0.15667112479137044,0.18244216521825907,0.018024987307095994,0.05605029331857009,0.2561860729434644
0.054913601554064016,0.020958880227832665,0.051747327126433505,0.042892191915883116,0.10064116028317698,0.10691024015586563,0.1760873807908254,0.018624836315095875,0.4272243816308228
0.05676007512177824,0.354905489923671,0.06615092394520726,0.08774761316930872,0.06651570089118043,0.16803290276160335,0.14041727463174725,0.03407602475620961,0.02539399479929415
0.17931608844493127,0.11870571773327243,0.08443532500924761,0.20902206219598315,0.12766110215356244,0.025256491875666264,0.037897796257065776,0.12403990542622263,0.09366551090404836
0.09378609168045281,0.08372247930011188,0.025499256236796688,0.06719607942816785,0.14099858494540587,0.05834777761760526,0.4400124105248764,0.015727974380254247,0.07470934588632905
0.03449256870610556,0.030685090086604878,0.40266248745382627,0.027471422507732362,0.3665355479860044,0.01964029263573557,0.05380070043619652,0.01924709512621885,0.04546479506157558
0.1586319993691695,0.09639638260783902,0.03138441774690883,0.27972359496078136,0.04266674365373221,0.13712384939489963,0.02688473212765652,0.1993059499193148,0.027882330219698114
0.16140688690265376,0.14395907842343866,0.020148383919325923,0.36168030617595653,0.10630150434672886,0.041873665961239405,0.025508348854519535,0.0800166063235182,0.05910521909261899
0.04608281794319838,0.08193645065017603,0.426563688525409,0.03918419856443569,0.23925065219229094,0.013809495823001443,0.06914224123348678,0.02185631151815501,0.06217414354984676
0.08615327545127416,0.057771889943852885,0.02081576424011682,0.06044100542820258,0.07784177725510541,0.0741657739985579,0.5473799237075081,0.01130522765202805,0.06412536232335415
0.19547133774073175,0.037988896735642534,0.05141085733170836,0.03186872100540927,0.12584431758511974,0.17069280718367086,0.08882863012569621,0.04711991041703751,0.2507745218749837
0.12765101474429422,0.07328313457495651,0.046504056147248035,0.3460540115877572,0.2113278837052717,0.027227393890199292,0.04141862887105871,0.07922597409562611,0.04730790238358825
0.022590525471513218,0.09330960676796278,0.03557542668237125,0.1307197259508117,0.14492653026916627,0.05302921538922823,0.43683148724627735,0.03957308387853862,0.04344439834413055
0.12127351725150996,0.1744460729935694,0.09657162351604585,0.13604700264374572,0.1815884664338957,0.022711064492380622,0.04470798927523234,0.08278448116124106,0.13986978223237928
0.13678042347468175,0.03486407791862524,0.34316305437657757,0.048989410754963915,0.07350956794299697,0.0263016896150233,0.026676249936443384,0.2775653013712016,0.032150224609486265
0.19357854325701043,0.03293841329422587,0.07868512487732875,0.15888128765156898,0.2321806498755096,0.01733482905194603,0.023870563929638763,0.06563851647440037,0.19689207158837121
0.0632844200199033,0.10740363977372876,0.04142407170722053,0.07138549775857089,0.10079593618352255,0.07719518982256264,0.4036226371136821,0.010012779328063104,0.12487582829274613
0.11930238571455666,0.07195349478984644,0.03821398632952328,0.050252851278835116,0.1880045470010259,0.07287669114709193,0.22735353826696167,0.029838112125782856,0.2022043933463761
0.0708243288717167,0.030171177086813623,0.029397473858354603,0.05805459183336728,0.5864803582512458,0.03419978564022721,0.038459956842482844,0.057779101094571746,0.09463322652122023
0.028894739490885266,0.017468141916542043,0.03341569692378063,0.051154300177405486,0.10659116914084038,0.046382133348330946,0.592022100626245,0.026027487737191626,0.09804423063877854
0.09227419885491639,0.03484324918887698,0.0470945452114865,0.1469924223205983,0.21505018923303668,0.19404794510851578,0.01742639944932653,0.06753503002143503,0.18473602061180783
0.03267057456985623,0.18212136684173033,0.30319737532136365,0.04402214368286956,0.15463155468437495,0.012685090332977184,0.15503943344290672,0.01833736779581131,0.09729509332811008
0.09152641097629977,0.04118906225503096,0.031358913896392206,0.0661331019939105,0.34298937976930327,0.049547069812074095,0.11090305346230521,0.04986662565586478,0.21648638217881921
0.028894739490885266,0.017468141916542043,0.03341569692378063,0.051154300177405486,0.10659116914084038,0.046382133348330946,0.592022100626245,0.026027487737191626,0.09804423063877854
0.28859927894388365,0.053256256695620084,0.053558311795435486,0.17759240084814432,0.162654019128631,0.039186196448161854,0.040878757224618645,0.11876194545635334,0.06551283345915167
0.036372467256932425,0.030900173778045357,0.01596568893319061,0.05077910670060126,0.09077924029657118,0.13538639142260983,0.5069371576160843,0.041536717102587474,0.09134305689337753
0.1251372111199174,0.19079038335066148,0.039762253648975655,0.18271084381513544,0.05905692982171743,0.061080011246954,0.06921486837888419,0.2411984227819731,0.031049075835781304
0.12990973664777147,0.021861413763920298,0.0336832839297815,0.07853379069054288,0.16960730485193543,0.32328524436381684,0.0119843519621197,0.1343774068512709,0.09675746693884106
0.0663704314709866,0.05066869302720376,0.05736500112288162,0.05643912874741632,0.17034251092637953,0.06526517922808452,0.4096464249240455,0.039340859985548315,0.08456177056745373
0.04283713960732863,0.2124841178073619,0.42579834737894334,0.08197903145988807,0.005186676720017102,0.02486310740149315,0.06016286209398611,0.13611584585118122,0.01057287167980043
0.040598689141910345,0.03223434507412549,0.015974086428888336,0.04694093956218854,0.12068567695916887,0.09492751586108054,0.546544589814974,0.018649305254984507,0.08344485190267932
0.06349826370406832,0.02428665788909834,0.028339734295238322,0.05839543173584568,0.08295676050790902,0.06807403424548732,0.029932399775077372,0.030041253701237437,0.6144754641460383
0.12113162304908644,0.06947348868889924,0.07056073783938882,0.05230769918513709,0.17534981065763114,0.07243003834993327,0.2763797054405725,0.022632050146990008,0.13973484664236144
0.25791036782621063,0.07814142708552439,0.05521661736623151,0.2417524271376378,0.059776325725921654,0.05910508195591926,0.03821855778899375,0.1371777372577145,0.07270145785584647
0.11474434087303818,0.0646550065513851,0.043586711920766914,0.06324634661774607,0.34580191665761983,0.1268057720547154,0.0588994872618647,0.0666991332990233,0.11556128476384048
0.033327465277374235,0.041924686820716574,0.116980495587983,0.07144349097072922,0.15731753424262557,0.2169069073584654,0.13531501316740338,0.19677744682936926,0.030006959745333333
0.11485424656828654,0.06059348924058777,0.039519942607184555,0.3497203011563455,0.17198301152481235,0.055233047915224494,0.03855229030611198,0.10457577639665533,0.06496789428479145
0.17677652686681436,0.08984059286898789,0.06617178594435054,0.3351025980437967,0.14518483527913414,0.03476233235235457,0.032438203800502254,0.05254815166650038,0.06717497317755912
0.056839200298995106,0.012237561830694446,0.04684618980319568,0.13785290634502087,0.30827682627202085,0.2604238605974892,0.03786811791950959,0.021899484537530493,0.11775585239554369
0.031427252749801064,0.052673719647217614,0.03858349368270208,0.071998142978687,0.13151877214402677,0.05098742207667789,0.5435436660345238,0.022151290598026296,0.057116240088337523
0.21177688356409488,0.07434982572862114,0.1328188462876729,0.11922381980773067,0.17933018786113994,0.02104824536442219,0.09778732436386983,0.06236398776906221,0.10130087925338627
0.01849580354457327,0.038443484041546745,0.3996193266619634,0.01774999531456597,0.12108176343330286,0.04638833491607649,0.025918899071340287,0.02133037105819686,0.31097202195843404
0.05393442166152541,0.03349369458026064,0.06573087935546904,0.039446000869655884,0.11287232305823902,0.09336225699044363,0.4705424170732096,0.019821587322646782,0.11079641908855002
0.024376474323800117,0.061913212212569596,0.03961375514759752,0.0333226147568711,0.09415545819509451,0.09028077639516041,0.5660185517419655,0.009642449206363582,0.08067670802057772
0.024024764963526585,0.05059481890012555,0.018974149150508855,0.07061462397498519,0.08377997374805606,0.129747859500524,0.5240054489955671,0.01537078971718432,0.08288757104952225
0.21797190226269528,0.08284582236214318,0.05891411197448248,0.043619960708821605,0.11992427772048453,0.12794363692081925,0.014559227367211311,0.14583746479086238,0.18838359589248
0.18764471990818302,0.09637893484243865,0.038341031168850584,0.32725218640559134,0.1427392870487045,0.04084375553957697,0.026557015937242162,0.065873504981787,0.07436956416762582
0.11090296542970618,0.037564620300448104,0.04340702327239123,0.057614087181366846,0.1501157423605565,0.0458519661946848,0.3150353487281869,0.016965453379578655,0.2225427931530808
0.015117470048075494,0.06360146488489339,0.023916681839963733,0.07644047510753052,0.4788843763144193,0.03499200627129561,0.22163397916759275,0.04910735004847669,0.03630619631775244
0.2988627395290342,0.02774337770238773,0.054002002097347755,0.10548230169592077,0.19003751710182548,0.029490612102754166,0.0251850324310948,0.15557538540326188,0.11362103193637312
0.08755512715609769,0.032872980853735016,0.11541462483988757,0.09425234394601519,0.21576800961615142,0.06787997473046546,0.23927349632601355,0.024101284646964666,0.1228821578846695
0.15309315830020923,0.2794659476349156,0.0645139278848043,0.160097440183082,0.12279145013402691,0.012742379480307616,0.04486563419436301,0.10263907490293073,0.059790987285360586
0.06243496736056492,0.10043877545235524,0.5207801576065844,0.061450126158264555,0.05811502305924904,0.011971672321647434,0.054958565868696595,0.06250931578103024,0.06734139639160752
0.12903170422416665,0.02743908306299933,0.0571639098513911,0.12528472682387437,0.14174324013618453,0.037287168571933274,0.21376191595246352,0.020610429634439157,0.24767782174254815
0.22010861264977524,0.07433437050982593,0.03834809894457732,0.26181515627836965,0.05418053305697318,0.134354970309591,0.022662836497416457,0.11237325995823481,0.0818221617952364
0.18570908055423163,0.027983758284164023,0.09836751654160221,0.07286591600576993,0.23672778161040198,0.06336822703904334,0.08955493837741901,0.0453116520872948,0.18011112950007302
0.1452300238089632,0.018239233963512794,0.08173712035068427,0.1368268331898321,0.2561915239483326,0.0721356544056012,0.018665790675003624,0.15512539604309358,0.11584842361497667
0.13779846006591398,0.42286814910954457,0.05236569558358512,0.06150143035070993,0.00968807832386012,0.12439649268274773,0.11111309512264801,0.0754708763758278,0.00479772238516259
0.05341195958076638,0.06196327296743534,0.024846353815204125,0.08021313715628921,0.18755757912988844,0.10026583482057601,0.3760497412751411,0.028623436161151747,0.08706868509354763
0.2288662436308896,0.07602551235775806,0.05012541713391849,0.08222827917329968,0.056082303589577547,0.04839093379873565,0.03883619814093643,0.3800828751526309,0.03936223702225373
0.06720807742346181,0.07431542849033783,0.03158752990065192,0.04756413404722017,0.09867450510040637,0.07097602353774247,0.5310050908963583,0.02225208246758945,0.05641712813623167
0.042501970766784115,0.06156741675881124,0.3356567163729202,0.04386903441162343,0.21215312252304583,0.021511498156780325,0.09998370746723635,0.028443673588418376,0.15431285995438015
0.18639018626433593,0.25138074762220824,0.1009111097234462,0.0465437145866447,0.13121988389670483,0.10924584695228795,0.060911486162131434,0.07462765930549552,0.03876936548674512
0.11898779705389251,0.04489977028437975,0.043503869331231654,0.05194091352929833,0.19700847873791494,0.07074545325914698,0.22723335857709226,0.038541035049314915,0.2071393241777286
0.07272797932161913,0.1574394648560372,0.032930084819513296,0.05778600435216708,0.13142660977479664,0.07475271103128532,0.3915290641770297,0.026530518655935652,0.05487756301161594
0.02998012880470807,0.04003659891787532,0.0832086429934414,0.03878918515006847,0.19987055572494014,0.2679700527846225,0.10080868178400026,0.02271081388495777,0.21662533995538613
0.04727505681413707,0.04080890916039926,0.3902537801020678,0.03562591260787256,0.19050241222882833,0.01078863987506676,0.08962644590374992,0.032224639849481124,0.16289420345839714
0.10455482494372359,0.5140689610182307,0.06551128756596296,0.10147644167403745,0.026873337486059534,0.03999145967382982,0.0438077478783569,0.05867166190559935,0.04504427785419968
0.1008787852212369,0.07005762598645977,0.03253417419485189,0.05182422363303357,0.5009009384470559,0.040599801207623694,0.0342790359519589,0.05673433384327501,0.11219108151450431
0.09516397696322233,0.03774000716662141,0.06073490944846266,0.05743412212204374,0.2575348414051814,0.12548289638666904,0.18243383518079917,0.028519876754724508,0.15495553457227576
0.11247435061636413,0.05468614034775243,0.05610507576340552,0.37914016777051657,0.12337294593587234,0.056526449045699007,0.03735588420410633,0.12722168851138715,0.053117297804896546
0.22281886761407177,0.2058101966772007,0.06098574687110603,0.27823051528216064,0.024988593089816564,0.07690958210034186,0.033434063325819795,0.07238706512034837,0.024435369919134226
0.043025869776002035,0.04686098686740312,0.0384831072663929,0.07034405753566676,0.1266880297907388,0.08726884161710467,0.453630526399918,0.015588140777830972,0.11811043996894262
0.055247872104194996,0.17799407051051908,0.4588252966457855,0.14887307726551158,0.03453588967868091,0.018202898533391423,0.02913440575036962,0.04912267954765657,0.028063809963890424
0.06347641409406793,0.0433067787756401,0.031182492695834726,0.09534514475033536,0.10912903246617604,0.06437987647822295,0.39645914310478675,0.014558499905884903,0.1821626177290512
0.0461148383614449,0.047401806467578377,0.6294774395743505,0.028273058933203952,0.0663983594200323,0.020008033683447203,0.06598354286307916,0.04263352349928511,0.053709397197578466
0.056921895155883695,0.046275700872251004,0.4252553482499322,0.04480999390374838,0.15894240002641388,0.023499394532134163,0.15156570134003813,0.028831997117338647,0.06389756880225989
0.037168354013151064,0.040171643879484444,0.04318977806240437,0.04226725701647883,0.06798939120514906,0.0604975168844325,0.2711340276369256,0.027708121124696904,0.4098739101772771
0.2903460623097655,0.06614473367773045,0.03487549732054596,0.13179426257390534,0.3375917965979109,0.030400857873105116,0.03443148443984525,0.05896315057988047,0.0154521546273111
0.09911317467457641,0.03316654656585401,0.02501570622404933,0.08032632374858396,0.29821835831946886,0.1300678047105404,0.01436394916884407,0.07380831452154758,0.24591982206653543
0.04588433639089893,0.037914363586565324,0.047687075006933505,0.2943546522882458,0.19052451968594,0.06526921300470244,0.23434323861794656,0.03341039946762906,0.050612201951138386
0.1596611959451518,0.01722205940406848,0.030562713167193386,0.07476415938838665,0.06158884455499186,0.04976999952369907,0.025481594913516776,0.37738143124628376,0.2035680018567082
0.057518934683023736,0.06382966577651723,0.029238012069810342,0.038969441641294296,0.14183194268140087,0.13984888314006683,0.47548543890501516,0.030098272054894,0.02317940904797758
0.046011499185505324,0.051286168867285854,0.024733194558076432,0.041242216784515166,0.39930831524525967,0.051807931789830564,0.09816465843796816,0.014540732820073975,0.27290528231148486
0.2601293539497209,0.0677377667613973,0.06197851768864545,0.07418140992927334,0.15809134600266492,0.025510307380554913,0.029236824762908887,0.19853509958492607,0.12459937393990823
0.05608134153678668,0.06893051742241658,0.03959375408724709,0.04896952208658659,0.07228607341639351,0.0791555453436233,0.43356457056908293,0.011252569651642992,0.19016610588622038
0.31292969687954636,0.052642543153133936,0.03363170022880205,0.06560645537372052,0.10820810120994344,0.057492491786507255,0.03126953131571599,0.30387829440167224,0.034341185650958055
0.11799755147607521,0.037289529476938754,0.024487783931041226,0.3852196836475949,0.0971549941133955,0.16626631428751706,0.013659182547111898,0.04207926480226474,0.11584569571806069
0.1460103306174055,0.08798975862179449,0.03882847112334744,0.11197372693650681,0.21210585518559397,0.055363185585122654,0.21389829080049913,0.037136252614362424,0.09669412851536753
0.219565488857164,0.0147278199566606,0.043201523581543035,0.052915865552991694,0.22197362148235877,0.032721042879769846,0.028432885186472107,0.2678910992335966,0.11857065326944334
0.048698962328223606,0.0396143208617873,0.026523478251294492,0.06634680957052692,0.14068785707475776,0.046822031983415585,0.5613360335267438,0.039836458619008856,0.030134047784241728
0.2891319915904608,0.0510751007636888,0.060325625430669404,0.20096360533024482,0.14461962617693538,0.03695806695369019,0.04483521328150985,0.08144626072257942,0.09064450975022131
0.052243485461671735,0.0678472496204896,0.022282472564732054,0.12477138480389506,0.19511072454673964,0.055497387190701186,0.09132364561754051,0.06808272017732046,0.3228409300169098
0.24687799313157974,0.007478454788033635,0.02433359183670894,0.013210490533805505,0.2545622590039933,0.2975471657728133,0.05097928474348332,0.05618598800412683,0.04882477218545534
0.2186336423125831,0.07517447949397399,0.041624544283953374,0.14504276379868516,0.16810408580736882,0.039819936250953814,0.05570975382252272,0.22058903249671347,0.035301761733245514
0.04529260932469279,0.03513919197537304,0.07130996124234235,0.043129584610299816,0.23591204859157675,0.046694390092113736,0.46958491647943795,0.020859267942773232,0.0320780297413903
0.044855662807193365,0.024541025071047124,0.020248415207442277,0.039851934192920185,0.05005874032530513,0.0569549064793927,0.033020751265296876,0.034723732041023664,0.6957448326103787
0.23486981294072895,0.045703294678736094,0.06479854783997215,0.07072097927606018,0.03247052469552532,0.04195427123633841,0.021011871236735022,0.4389614641503939,0.04950923394550996
0.060927714863862226,0.08989891386269933,0.055957950170440675,0.06077577673192924,0.12861756836447494,0.05912219924704873,0.4577473283612079,0.013260380558614846,0.07369216783972206
0.04596708598341179,0.03473878886988136,0.04705186945744161,0.04748748381189973,0.0912408399548934,0.07239282618260996,0.628135413601087,0.012438908571721198,0.020546783567053795
0.05669530238707377,0.13932658329847783,0.18385613251395924,0.0593158399067453,0.06809530838624546,0.1714753533517223,0.23798802077266615,0.037399803689293194,0.04584765569381679
0.1886241514379879,0.013851796995697151,0.22648994196557548,0.06162706681162237,0.1969933482931424,0.023191968290871653,0.013628307527829292,0.1564819839407277,0.11911143473654606
0.07412557691299573,0.030101020288997554,0.06722235890573676,0.05109741971837043,0.21258728459432785,0.050019770013159694,0.18444124304802226,0.13176426153044007,0.19864106498794967
0.03754601793164948,0.03966499404646814,0.07025508530652498,0.04091030815999081,0.14525080898592205,0.07803094142418944,0.5305829140159579,0.025027362945088134,0.032731567184209054
0.03180845236270177,0.07077205507348255,0.37094778401950634,0.03395067796907585,0.2412731509562405,0.018162258912731592,0.13357064949342606,0.046539933090042444,0.05297503812279281
0.18964828146797852,0.12153846255186995,0.05128777417074728,0.34225551874765797,0.05010323947132656,0.06948731028889331,0.04953534610794589,0.08389461726126805,0.042249449932312354
0.0753891969251183,0.02338519839532646,0.024215586304790454,0.027977824673536083,0.2163909220763787,0.2894202738901348,0.14021910493333192,0.08000056898467528,0.12300132381670804
0.03561030743886387,0.009685968189120604,0.0337482545755462,0.04490691348801339,0.04934782684928363,0.11204445582880651,0.5626755380313441,0.04672581293084069,0.10525492266818097
0.2923393142080167,0.0385439644084472,0.020686059557136677,0.055175371675316,0.043831405743476624,0.05997879791457406,0.029472886325202657,0.4254918566816462,0.03448034348618386
0.06347641409406793,0.0433067787756401,0.031182492695834726,0.09534514475033536,0.10912903246617604,0.06437987647822295,0.39645914310478675,0.014558499905884903,0.1821626177290512
0.04863580451626557,0.050087571311475586,0.02120351232022293,0.05572311252658352,0.09696614786818257,0.10621126416842251,0.5691812862713985,0.014440468769154925,0.03755083224829378
0.04712954624053856,0.06192494816866503,0.3450687751491717,0.04857589195314557,0.23855004177734296,0.023424223311703324,0.04998735504976392,0.022922908469444874,0.16241630988022396
0.04124056790887599,0.044389601285119124,0.018857248365104634,0.04558585122335455,0.12610478205018713,0.08561758714459144,0.49972388729104306,0.02061486100338954,0.1178656137283345
0.02899710843423173,0.0208300487619331,0.024820718683810413,0.05726481496081865,0.12406573098343232,0.09493729965274443,0.5511514891573818,0.04065940400661887,0.05727338535902865
0.2286113424272442,0.059144305063827986,0.04569862780909511,0.08079450307213452,0.1108066184450185,0.15957487063853018,0.052219438212198654,0.022237141582346503,0.24091315274960443
0.08389552992966846,0.06344764924403913,0.035351354107529404,0.0896704154319851,0.29593008327814974,0.2069316238217337,0.09428845312786156,0.03336424699415741,0.09712064406487554
0.034215053303272666,0.03822954241642704,0.030179880624809686,0.0687800324586788,0.08024382742773932,0.06288036897547908,0.5884483404467209,0.013429174745753475,0.08359377960111902
0.3149083465689118,0.1365493320190003,0.04567733572706819,0.04239592364485493,0.1488230541961276,0.043644048299049644,0.058450472124112925,0.170582215417305,0.03896927200356954
0.0356724572153572,0.2087696925749043,0.3469966626729626,0.1398250178236015,0.04982552516107878,0.007726745055166147,0.055692081526930615,0.06545400156250761,0.0900378164074913
0.16805459385948576,0.3969182564806994,0.08190997779165998,0.12187894840598008,0.03624930065884941,0.07648305353389154,0.04023587540119544,0.04042423577316325,0.037845758095075184
0.044533801635891844,0.0965051056393309,0.15333286933380638,0.041304261967183134,0.42449065794684676,0.04669550598339143,0.09341872186935994,0.03973140280869803,0.0599876728154917
0.07735643619349837,0.02578512086347597,0.09024658602871138,0.13418446665725134,0.2541129951010804,0.07560225184490428,0.03998021876900886,0.09662540175794915,0.20610652278412023
0.056839200298995106,0.012237561830694446,0.04684618980319568,0.13785290634502087,0.30827682627202085,0.2604238605974892,0.03786811791950959,0.021899484537530493,0.11775585239554369
0.039133032866969036,0.07880749525342444,0.020251405273232884,0.05436088477581442,0.04905554712316795,0.05597570285942982,0.5953621740212901,0.007921650485373197,0.09913210734129811
0.06955610886361026,0.03990154190823805,0.046993790754658794,0.05364259606640657,0.09570830888697406,0.10888575195609945,0.5161851490735947,0.03823255435033202,0.030894198140086013
0.1975674784735495,0.08094623842931427,0.033020496794262694,0.3572052613532062,0.05297734370155832,0.05082420113972961,0.058319842574896336,0.11360581201838416,0.05553332551509895
0.02327633568560659,0.01779163346745424,0.019440658967297512,0.04550933548542605,0.11783614795131321,0.09056032499400483,0.08197566166446915,0.03409238791205441,0.5695175138723739
0.06988576352933627,0.01087738024330115,0.03714691387751801,0.05344266038399603,0.21130786438319557,0.04138367870767763,0.09431834396818367,0.058475308654478496,0.42316208625231316
0.03760985059997109,0.05457895690198699,0.43367739586930276,0.042915885790951715,0.1384568456449737,0.021851969145535444,0.1853277206741568,0.025681501419331287,0.059899873953790324
0.1780213897961488,0.0815846755071251,0.033851438883250644,0.20996311308065752,0.17689341491731478,0.07137368669005495,0.031966065472060316,0.15274488539494233,0.06360133025844565
0.09062371244482058,0.052793146988146133,0.046782784312361346,0.07031706387465901,0.2282284905962728,0.11784141403842718,0.33063061700819896,0.022115625587008702,0.04066714515010542
0.05599787714057864,0.05201532102610379,0.02312515342841325,0.09021969180142846,0.11720893236398834,0.0678283058434669,0.13225559192331157,0.023041514909582204,0.4383076115631268
0.22074798283485,0.14917096585306697,0.08145139961972198,0.18385187948831616,0.020131717986062864,0.03763128740459029,0.035149593635787575,0.21057522136672013,0.061289951810884036
0.2540863902334644,0.04688028809316214,0.06663720628361643,0.22572369950708857,0.08808821030355725,0.056655704126237015,0.039738141119605185,0.1642195869304094,0.05797077340285955
0.050748866291311735,0.025109897327436573,0.02438237562746817,0.052008073410984505,0.1567001176768379,0.09491797722474882,0.49200885780980513,0.01895943185419976,0.0851644027772075
0.206646733332895,0.09681162232955813,0.20105858639651988,0.15103559673177241,0.12815483703962646,0.01674366962710407,0.05949086978235748,0.05784292727593732,0.08221515748422924
0.04074102543002486,0.053524280885357094,0.020983458659147355,0.06025693432034936,0.10669738264597421,0.06855573026760803,0.5212668456214525,0.027910294055211008,0.10006404811487561
0.048678176714406524,0.0615994641523594,0.025277978329908347,0.07078263363478328,0.10148621133444495,0.06629136514914838,0.49100834229232077,0.02473476214867788,0.11014106624395047
0.06613741334462687,0.02446866311143772,0.04611524815973189,0.055465599476890975,0.19360825208947433,0.03871873803255537,0.37635177918203183,0.02853556733898337,0.17059873926426775
0.10915063926270745,0.011701993390200985,0.018502057657199682,0.07113305966753107,0.09858185416019226,0.6272197336146647,0.014086270338332289,0.025803354733725647,0.023821037175446032
0.09639496441490684,0.6191187288931602,0.02779764129994444,0.05484533667283745,0.02831209040609065,0.02611095925590994,0.0689243640314492,0.05581698298607809,0.022678932039623192
0.03414284548076971,0.028103870621526913,0.037839216226642686,0.15320711532068787,0.4068867745230818,0.09195103771646411,0.16504891480908557,0.02533633463158631,0.05748389067015508
0.0591276118770458,0.03629672960132599,0.053101069870358536,0.09069850286712129,0.2961641439259086,0.04477496593920444,0.314438927046874,0.03523126975156554,0.07016677912059587
0.2957603541429681,0.022786284572120712,0.0640196371149887,0.12846059502885762,0.2245862755870511,0.05993777220818619,0.04370856429213261,0.12433657508506842,0.036403941968626494
0.04768438486520318,0.16638459399181119,0.5438447909711117,0.04009757022872213,0.04428722051052659,0.011153405161716874,0.03888012588312644,0.0658523696166081,0.0418155387711737
0.0480707778396432,0.08529388102444467,0.30192158310987094,0.05290189412102345,0.214373541210677,0.014738381931303423,0.14940600476235696,0.03417873864718197,0.09911519735349855
0.04151404183380429,0.06418590406106492,0.04280373466693634,0.05459911581574018,0.18767216621870939,0.02512486730414831,0.1725269714107048,0.03638803879411074,0.3751851598947811
0.14071584589570388,0.0310333413540388,0.038237166693944745,0.053692292202914264,0.1208351944266987,0.04034653915246587,0.13006019431573515,0.022028490617000792,0.4230509353414978
0.058697842616870256,0.0068378354020205865,0.023591645322911668,0.0325220400892573,0.026404165665920878,0.5269768861612952,0.2900264452160144,0.023567959813466734,0.011375179712243033
0.07469183120026542,0.05570720794457409,0.03156780734894291,0.06012686170967065,0.18935151308327577,0.07143596585216128,0.1776433365911134,0.052775404583378115,0.2867000716866183
0.03494801151595057,0.06406757457439931,0.028762968227571906,0.04868772954070538,0.11674592439073096,0.08125905730855994,0.5232555951161592,0.01445636373106292,0.08781677559485994
0.07128795869259119,0.018415440139766644,0.03916412668917557,0.04610584075930726,0.5833055019821303,0.043633323554531915,0.020662952305352766,0.024602976396106122,0.1528218794810383
0.16396928548749123,0.050811445285710834,0.04208890893262032,0.0649270182121689,0.18234922534318634,0.08231521938852172,0.18228693041955368,0.022237845066379765,0.2090141218643671
0.03279277553923938,0.05193155786619457,0.041404147462316805,0.03175980526547528,0.12472943944478054,0.04797387725544731,0.3526071443442012,0.020343125021439118,0.2964581278009058
0.045978881215323675,0.1343237746861685,0.4712979602530419,0.1039113897366996,0.0755511343731415,0.008639061382142309,0.08595846977973946,0.043242614966453076,0.03109671360728992
