0.1225441889984465,0.18565184932379827,0.10188193823688331,0.07700564666435622,0.10159560474012247,0.10871676564052253,0.07136960818415167,0.11626835588812412,0.11496604232359493
0.10765669678412804,0.12845463164979276,0.11164655225116771,0.09887087713497833,0.145681616187428,0.11802874835006079,0.06097659027512311,0.12472475162865608,0.10395953573866518
0.1527651325880867,0.10976925734070397,0.1017264197585785,0.12132683393754744,0.1010212654042799,0.10951233326140808,0.09547252915313163,0.11312014293012788,0.0952860856261359
0.10946100740531438,0.1302421512423383,0.11483944026333714,0.09855333791719693,0.11983197318293641,0.1149724612131545,0.07032418854880967,0.1377633035752455,0.10401213665166724
0.10384162496024008,0.08172439328481104,0.09924358921751612,0.1236771797216737,0.13303803271232092,0.11550149446769169,0.08798618499284022,0.14054126162108985,0.11444623902181632
0.12990241770166036,0.16323238705424445,0.0849798438004017,0.27158782100154805,0.07123121444923325,0.07535884465804994,0.03899804094340028,0.08227731456517268,0.08243211582628927
0.11514969073560717,0.12970404072111189,0.13465737830307353,0.1081496233699034,0.13891843507944068,0.10644778433965019,0.05926721785464314,0.11617483362143537,0.0915309959751346
0.1291241842262921,0.12684058284514946,0.0967165111551848,0.14194915492411417,0.10300174205283609,0.10791535933271863,0.0706946039190159,0.11935985044981512,0.10439801109487379
0.10304466252603572,0.16343366268770912,0.10947858627242328,0.0896510368436179,0.14014139313626758,0.09601030367457607,0.0659046547568693,0.12162504783602372,0.11071065226647726
0.11672123485285445,0.2168455471002436,0.08663690200584773,0.11087376043480864,0.0955421422595587,0.0920600722715867,0.06476246428850543,0.08656766226519132,0.12999021452140336
0.11188698667419661,0.12433873293263005,0.11057557319954853,0.09878458942826279,0.13029141876560493,0.11340828674715435,0.07978410197949061,0.12418405946026219,0.1067462508128499
0.09338771497827597,0.21777747855453167,0.10068257891498665,0.09221639176726505,0.1146359140812447,0.11401383042236014,0.05219717723065017,0.11564845595733864,0.099440458093347
0.09110086172139135,0.1893056551937904,0.10915881472441992,0.11655330751446709,0.0987766367596351,0.09202663084373584,0.07938894489411986,0.1081083996279756,0.11558074872046477
0.11060330017403848,0.18648229941197872,0.14358895492647858,0.07701001986073618,0.12124765521437349,0.10101109874918268,0.05075775386560383,0.1140524501613478,0.09524646763626014
0.10174797381204019,0.12825420918924138,0.11563568969131617,0.07914698436477659,0.16005516470936929,0.11461814059251135,0.04537606229122673,0.14023435463399272,0.1149314207155256
0.11190222980110005,0.1600392729337716,0.10572526086535394,0.13791834056149493,0.10996240523219107,0.10550152334301673,0.05438268159258778,0.11806321200690428,0.09650507366357962
0.12840637253336862,0.10513804216317128,0.1088017643013565,0.10280115003943502,0.11528238223251235,0.11760367695861623,0.09150524718173438,0.12710839608005275,0.10335296850975291
0.15841934972771332,0.08507414073373087,0.10640645825199964,0.09538989710731054,0.10634347837399342,0.11764738438296268,0.11787455425820047,0.1225247673327004,0.0903199698313887
0.11144705207865423,0.1042257821741132,0.11504399323281787,0.12997220250540117,0.11772574953700378,0.11755470166427882,0.07142716876998577,0.12535753674693914,0.10724581329080607
0.11621007176197835,0.13730770477904194,0.10848339637772046,0.11456848657800495,0.10922873639613635,0.10777020234955226,0.0776422627488645,0.12152955402417953,0.10725958498452169
0.1466521669980787,0.09134311143568237,0.11518943420324813,0.08999412989613166,0.13466232305068068,0.10818028075258401,0.08348286589519789,0.11961964144332414,0.11087604632507243
0.09088016955686563,0.2220483092384485,0.11312126430959724,0.10591294718359488,0.10271749941378934,0.09331325675177211,0.09597211634339968,0.09570509526447701,0.08032934193805562
0.11715441211672774,0.09131249651368008,0.13493518810650265,0.09383862177138137,0.11768336415778989,0.1345012664698379,0.08545419438172608,0.12053397640589486,0.10458648007645936
0.10287212054278079,0.06864487379880115,0.12105559706547205,0.1134314232383913,0.1271580601454176,0.139104261901055,0.06216873878295851,0.13621096727344792,0.12935395725167573
0.0932471497446896,0.12101834020708363,0.15713794825539898,0.08232008180535637,0.16151639105006896,0.1177880597994524,0.04502352127622622,0.11289551064665498,0.10905299721506885
0.11109961155765309,0.07763769471278943,0.10122692117184594,0.11573199275760702,0.13704141473908668,0.10566941120299249,0.09486842818249151,0.13825214914417447,0.11847237653135938
0.09995740110300384,0.12736920340105526,0.19864624569538145,0.07324415043557769,0.08476110317654263,0.09894680719552591,0.11527137685027307,0.10581497280672829,0.09598873933591191
0.100331531771968,0.12183686714975717,0.14010055024491666,0.08047160475162046,0.1794481985824334,0.10943824737270402,0.03260246532340024,0.12064047628056201,0.11513005852263801
0.09284692165129338,0.12104201128640317,0.11518946588811063,0.07647117266410029,0.11537305333526608,0.11360071730525394,0.17674177952820133,0.09944349556810957,0.08929138277326164
0.11056005541341685,0.1298205310584119,0.11577055161463738,0.10290183157690254,0.12212189116937806,0.11759644089448995,0.06944979928097728,0.12742254113145193,0.10435635786033408
0.0925135245070894,0.1004293473162949,0.1362149063156162,0.09408771597475796,0.15574153265486948,0.13678084974604357,0.055669752013553654,0.11842156571536995,0.11014080575640485
0.0998748730615589,0.05384883642866154,0.09529531607733754,0.13899277240745436,0.11279425346975414,0.11442819461712249,0.08881677532381248,0.1559538545171311,0.1399951240971674
0.10809770878324076,0.10912902866893655,0.1530054466666511,0.08865419864935076,0.14731199939194048,0.11496666580011121,0.05393831614528938,0.12057500944222943,0.1043216264522503
0.1056815198036325,0.11248339057594882,0.11858136424662996,0.10525429721163719,0.13790404677694354,0.12541245989899927,0.06944815740649428,0.12437225715505278,0.1008625069246617
0.11769448652092966,0.11233646784918368,0.1240673859475407,0.09806769839833203,0.11230962017953589,0.13137166626409708,0.058374026024252394,0.13962135251738186,0.10615729629874666
0.0950236727110096,0.24959746559592264,0.09331633251928888,0.09463559799912358,0.1019321835931798,0.09880400539795613,0.06609761410509087,0.10739585788972479,0.0931972701887037
0.10538277336531325,0.15086676111337452,0.10877919453533524,0.08832854083282106,0.11209397324179608,0.11177689297259748,0.12175757228729726,0.10961787192272239,0.09139641972874273
0.11056005541341685,0.1298205310584119,0.11577055161463738,0.10290183157690254,0.12212189116937806,0.11759644089448995,0.06944979928097728,0.12742254113145193,0.10435635786033408
0.10857507823018413,0.1288831702177673,0.14173935402221924,0.09889596174222277,0.10443159892847098,0.09886846325351262,0.07977784259557257,0.13494523590832852,0.1038832951017219
0.12184861444568497,0.12316236994739826,0.11943972971380597,0.09797641353621352,0.1222369116197257,0.12103136507771732,0.07207971688622322,0.12779774474272754,0.09442713403050351
0.10693408666591515,0.12484412805148304,0.11087963659397583,0.10603151099768791,0.13286907180503302,0.11485526087928995,0.07662024966073998,0.12520083006551055,0.10176522528036462
0.12240430460376912,0.1188844482940062,0.11433820368634945,0.07980517020213078,0.1074647847460739,0.11260934953517875,0.10452887828676471,0.1261981535693844,0.11376670707634269
0.10768617326534487,0.12847512508960063,0.1116765220390283,0.0988987263492684,0.14546906000526777,0.11803081503695219,0.06104319972932853,0.12475388667961691,0.10396649180559242
0.101509668104015,0.10769213618275224,0.11134567673601249,0.09404946273897496,0.15254646343839187,0.13089637720454994,0.056408508939325135,0.13217430563480506,0.11337740102117329
0.11056005541341685,0.1298205310584119,0.11577055161463738,0.10290183157690254,0.12212189116937806,0.11759644089448995,0.06944979928097728,0.12742254113145193,0.10435635786033408
0.10947406507283379,0.13024397323152123,0.11484220496332365,0.09860331942201006,0.11986103216967799,0.1150032051668534,0.0703134425708102,0.13764363292653048,0.1040151244764392
0.11385230189289149,0.1841359122329945,0.08892980119516107,0.19771923204345535,0.08753987658390115,0.08839351008427171,0.044810413935946626,0.10196651986240625,0.09265243216897172
0.09988573487356946,0.09847735988541051,0.1269766766435662,0.1098292053806096,0.1371777755898371,0.10432899412522763,0.06747734866776273,0.13898308514851557,0.11686381968550112
0.11280250143399688,0.17800267977925488,0.14861312493050408,0.07852427339448141,0.12401083945359288,0.09719939103868402,0.04852905040267719,0.11481383586676058,0.09750430370004798
0.10040968501215707,0.0848460879239744,0.11546621467302291,0.12384153759885298,0.11392177451648682,0.1137081196811937,0.1247772279956904,0.1240276868118676,0.09900166578675411
0.10398312859488247,0.2645296874404454,0.09063098987310685,0.06143504750760168,0.10506962511357908,0.08524144718356919,0.10776368277272619,0.09197125879527034,0.0893751327188188
0.10943881153427602,0.1302387012061016,0.11483516879304811,0.09846843641334169,0.11978246886047413,0.11492021187233105,0.070342479653696,0.13796661050241904,0.10400711116431248
0.1111720252142534,0.18903738236999804,0.10771844558398562,0.08608823772491835,0.10933186545116112,0.1026045994195351,0.07406924186416532,0.11703109288321545,0.10294710948876762
0.11185142915571061,0.11309932164135401,0.12385863539188968,0.08469004964855091,0.13158792056868973,0.09778144822763646,0.08103917570200574,0.11787016382425786,0.13822185583990496
0.11876809411212845,0.12980861048083367,0.12034362405039829,0.10403343187072323,0.1133202333779244,0.12106130244027317,0.06935164367781788,0.1225934069951747,0.10071965299472624
0.11632377036743091,0.09414899891847338,0.10134456310127915,0.08675944409572778,0.14508770521206138,0.13098617480592747,0.08485734612477507,0.13698221983990214,0.10350977753442266
0.11056005541341685,0.1298205310584119,0.11577055161463738,0.10290183157690254,0.12212189116937806,0.11759644089448995,0.06944979928097728,0.12742254113145193,0.10435635786033408
0.11750272602821298,0.07851755167767621,0.10658124952713528,0.0990275011034143,0.1340473382197606,0.11928103851723078,0.10008331815323684,0.13359577803213343,0.11136349874119957
0.12565356754821547,0.07652488495315861,0.09356898328568926,0.1558361848643061,0.09364131524567339,0.11662059351185657,0.13354604714935792,0.1084446213020871,0.09616380213965577
0.10187851934206549,0.1596651146626237,0.1209405596880951,0.08680075633144842,0.16140813687381136,0.10177881839438359,0.03857001778110209,0.12242837057398152,0.10652970635248867
0.13233881283625978,0.1412873404504468,0.10164101326175685,0.07904176472550406,0.093888517291974,0.09471351937510646,0.1442495194047667,0.1063110289802643,0.10652848367392094
0.11210186695143187,0.08290072441327385,0.1640894357645563,0.078950971662002,0.10688087660107341,0.10530984480979692,0.142926537226346,0.10912559456244057,0.09771414800907909
0.09970530165973097,0.07339928590946672,0.1228942775603824,0.10440172702765693,0.11657093458933765,0.12056983161490602,0.1456888693532846,0.10915138425487285,0.10761838803036188
0.11056005541341685,0.1298205310584119,0.11577055161463738,0.10290183157690254,0.12212189116937806,0.11759644089448995,0.06944979928097728,0.12742254113145193,0.10435635786033408
0.1026087632820402,0.105161915718464,0.1368861399888611,0.0716990746744304,0.12993563596331514,0.10047880165660376,0.15187561338313404,0.10887284694940595,0.0924812083837454
0.11227178382683389,0.12196630136846981,0.11265839289384429,0.11225227124951594,0.11592521692264386,0.10776348083405901,0.0734008396160329,0.11800832987215672,0.12575338341644357
0.1136390041264051,0.08429135833531438,0.1098320227698461,0.11568569123031795,0.13219670001574413,0.11687640764778608,0.08790108497376158,0.12764463992206113,0.11193309097876354
0.09781195600171892,0.10743902403243805,0.12020024916050864,0.09924822591882936,0.17387589151681637,0.08838296495397653,0.09374591259208791,0.10475853120787156,0.11453724461575261
0.10372518041371868,0.11087254768381154,0.11293879911878875,0.11934203174581139,0.12462553959186996,0.12475512802971954,0.06085510545060705,0.1315485833764798,0.11133708458919322
0.12991868405743093,0.110663284658148,0.09729484713082136,0.19615720150224578,0.105324366181183,0.0999137574909771,0.0568870239024511,0.11195408875579523,0.09188674632094755
0.1275195275633181,0.1354189280703064,0.10846269710437118,0.09239633336158785,0.09935562496496124,0.09954442229736969,0.14049552343498284,0.11591550294662811,0.08089144025647457
0.10444235557679009,0.08539368490252429,0.12059721098381475,0.12977747753407806,0.07967451938033412,0.10351204669201991,0.1898267329848536,0.10544992008321907,0.08132605186236609
0.13308644655695848,0.08633749048216612,0.09851617096131203,0.06657691661162943,0.110711397554766,0.10650760853267267,0.22009881427643538,0.09622931195999362,0.08193584306406622
0.09986923123768786,0.1404014319281107,0.11127420154668467,0.0997505245135054,0.14688804394696023,0.10692914531873086,0.04128009894922927,0.13490750042074576,0.11869982213834529
0.10375801750739112,0.13198887544096216,0.09546535528454796,0.08390162324192228,0.10200066390002527,0.10566110871889252,0.08512751974677842,0.13416596582423443,0.15793087033524597
0.11363546673438363,0.08810949390400076,0.12841562751753957,0.09769205389192963,0.12023212233114662,0.12832017159024842,0.08914154571646944,0.1301608734483275,0.1042926448659544
0.11152961185673886,0.1263385778140426,0.11832529070264808,0.10073701353072101,0.12129720552299224,0.12192966339417566,0.07435811373776659,0.12358046936775668,0.10190405407315822
0.1292464407360168,0.09317123869451564,0.1073462898083355,0.07740309670242146,0.13618863227378275,0.1210276405485311,0.09152718152591095,0.1351367073020944,0.10895277240839137
0.10593121990649541,0.10237778017385872,0.11674559770731989,0.08932566908917115,0.15202492689279845,0.12527603532662177,0.07454105823353818,0.12242002062508063,0.1113576920451157
0.10882716482238379,0.12926019634553054,0.13998174966570323,0.09913479919042717,0.10543496617397548,0.09972447728403509,0.07876048983130289,0.13481959746078576,0.10405655922585601
0.09793696006384855,0.10810392613094782,0.11279538335100735,0.11194804683222441,0.1703512511187939,0.09515286879821676,0.06280302150652957,0.1284002814579016,0.1125082607405301
0.10517715977090385,0.1477850072760815,0.11347482349361716,0.10479325472318446,0.1154037975522671,0.11025196209610282,0.08096641258427532,0.12194976711566352,0.10019781538790436
0.11056005541341685,0.1298205310584119,0.11577055161463738,0.10290183157690254,0.12212189116937806,0.11759644089448995,0.06944979928097728,0.12742254113145193,0.10435635786033408
0.08956811038020518,0.2780552438630138,0.07801233510059181,0.1019084387726606,0.09812351286615377,0.08693370191062232,0.08122020416656224,0.09564703507830163,0.09053141786188866
0.10772975750306575,0.12850527524881897,0.11172110563753346,0.09894020860081719,0.1451541509166211,0.11803373778797137,0.061142111412832545,0.12479692815193925,0.10397672474040043
0.11056005541341685,0.1298205310584119,0.11577055161463738,0.10290183157690254,0.12212189116937806,0.11759644089448995,0.06944979928097728,0.12742254113145193,0.10435635786033408
0.11021378363375993,0.21563722598387045,0.1828450786628323,0.06098313567560342,0.10417064669196308,0.0819744286146828,0.06373426351530893,0.09460403488557823,0.08583740233640086
0.10849305099257478,0.1981716727035144,0.16724750933815577,0.0665086080946799,0.12144385776007154,0.08810377711445595,0.05198860065551056,0.10397618525700038,0.09406673808403666
0.10641944816335171,0.096448563278957,0.1152670425877464,0.09050537226602623,0.17122100435592413,0.11627984919697835,0.04019197245012119,0.13022160401753433,0.1334451436833607
0.09412496086565049,0.1474563206649285,0.0958951205843744,0.21579257502317728,0.1422489762327922,0.09441799965256488,0.02208078269545617,0.09335155171031946,0.09463171257073655
0.12374895508289237,0.07763574433176405,0.12649444507557714,0.06895487501316165,0.07616862401430435,0.09500267081012236,0.24722180069060604,0.09607127322321951,0.08870161175835262
0.10146682807329195,0.12338634782396685,0.11306715558791429,0.10091041604681557,0.16455771849793133,0.10691219997615199,0.047035851367313926,0.12886339632239724,0.11380008630421679
0.1210308828904087,0.11158229284480999,0.11847346792597396,0.09440257372855264,0.10950533368269533,0.11465120723697358,0.1049621889066877,0.12248039412174087,0.10291165866215729
0.08832618768093005,0.09627539058527394,0.10755131655517065,0.09732907709024981,0.2167655416216023,0.09664409961800169,0.036401363379140336,0.13435514884665634,0.12635187462297484
0.10903387484049347,0.1414916452812608,0.10844770757583118,0.10964778425101927,0.11825562635847271,0.11368946312408999,0.0749575562397965,0.12481567277745294,0.0996606695515831
0.09570107612263194,0.1196427266847551,0.1560684981719945,0.0993773362195116,0.147416071159845,0.09311553571891044,0.03361428053568872,0.1438076725875532,0.11125680279910956
0.10257704272989225,0.17230957899268362,0.11739482381668137,0.07965997426351733,0.10379849818343467,0.11897680750708167,0.08933742792510192,0.11497306923598961,0.1009727773456176
0.1018512511792508,0.11518555929315015,0.12336750033764288,0.09843287670731869,0.14046499129866172,0.1267583519806309,0.06194971109916466,0.12441194885580757,0.10757780924837264
0.11056005541341685,0.1298205310584119,0.11577055161463738,0.10290183157690254,0.12212189116937806,0.11759644089448995,0.06944979928097728,0.12742254113145193,0.10435635786033408
0.19627099501088238,0.17499612579864934,0.08041396692033835,0.14406883646543653,0.08614114696766466,0.08808764903525777,0.04968073716355063,0.08314999444735935,0.0971905481908611
0.11056005541341685,0.1298205310584119,0.11577055161463738,0.10290183157690254,0.12212189116937806,0.11759644089448995,0.06944979928097728,0.12742254113145193,0.10435635786033408
0.09914418537115012,0.11105509612681726,0.10255382589934331,0.15864748213166105,0.12083461580854198,0.115337274346951,0.06418689899680717,0.11642721128361759,0.11181341003511054
0.1143031825623625,0.12198107126885012,0.11871225744461439,0.1007137643747733,0.11777095392097925,0.12388213715043733,0.0638083384023216,0.13362221765407015,0.10520607722159132
0.10652229597763337,0.10071744318826596,0.15532981275401705,0.07078399037200575,0.15077839630589204,0.09316494534091775,0.09464843341011846,0.12235511796128928,0.10569956468986041
0.0854116935065884,0.0883809539301003,0.13750072177689304,0.08812036477368394,0.19674578266231327,0.12992590458649803,0.0361835424323075,0.1271060317017616,0.1106250046298539
0.11306851185153828,0.15935640744858656,0.12986329154020906,0.0893725536347741,0.12366876273363499,0.10584178385480954,0.05624449605684845,0.12214465942255114,0.10043953345704788
0.11756536962086438,0.10195821971181913,0.1683587437229694,0.09639879015293247,0.11394393519046463,0.10757878165584066,0.06972509192700767,0.11932409441586912,0.10514697360223256
0.11372740341522014,0.11243536773226481,0.13949541277320404,0.11559060829450195,0.11101619793512041,0.1134724641740963,0.0660370424237884,0.12392687601305902,0.10429862723874495
0.11056005541341685,0.1298205310584119,0.11577055161463738,0.10290183157690254,0.12212189116937806,0.11759644089448995,0.06944979928097728,0.12742254113145193,0.10435635786033408
0.09890248533591901,0.07368682392923186,0.10641480573184024,0.20801720871449172,0.10916309784755947,0.11082965734880668,0.07019289293867516,0.1237410389352161,0.09905198921825982
0.11514969073560717,0.12970404072111189,0.13465737830307353,0.1081496233699034,0.13891843507944068,0.10644778433965019,0.05926721785464314,0.11617483362143537,0.0915309959751346
0.11287383854468745,0.11510375488877207,0.1178857294183226,0.10637784127097949,0.1261206434121214,0.10929566511576853,0.06972665066575845,0.11639754945948809,0.12621832722410198
0.13085933989775614,0.11172630554547251,0.10610747201934771,0.10505690919588435,0.14472793627973116,0.10807403128154154,0.05574251376227716,0.13192283184032935,0.10578266017766001
0.09668811360993523,0.17181588754564217,0.10160018528075317,0.1025455251787228,0.1022915611773586,0.1049594525132444,0.05975550002437658,0.12281808909983523,0.1375256855701319
0.09941242142016987,0.15721135411866238,0.1068657032632584,0.11528950573418588,0.10750998812496954,0.10700516746394217,0.06629695433792125,0.12130603567667138,0.11910286986021908
0.116084216230108,0.11192808040499298,0.12925381446719064,0.1082106703406762,0.12024875209381518,0.11770954894243398,0.0760780836520641,0.12476050790890508,0.09572632595981372
0.10498252472325541,0.08775462197399075,0.10211231712431657,0.19463353855847773,0.10810128665688194,0.11298310222649656,0.06436601834803159,0.1173102492076314,0.10775634118091809
0.10379086196974265,0.11409454577566606,0.11608049621354426,0.12463755916503083,0.11042980424663805,0.11755344029882407,0.08734575750759425,0.12160616799274016,0.1044613668302196
0.1174912877830755,0.12145281128722296,0.1360392504833044,0.09055578602627705,0.09840757771158516,0.10576523880766531,0.09479397464056442,0.12923736876746947,0.10625670449283582
0.1014238970595537,0.12333680539373275,0.11307684367483595,0.10090143273758673,0.1647542778503095,0.1068603985178068,0.046959176691092404,0.12885436135971787,0.11383280671536432
0.10477571862090279,0.1790640052624637,0.11929078677598999,0.09594080784543735,0.10559687917263665,0.11507584308732788,0.05074911529140139,0.12339300448716028,0.10611383945667997
0.10997318558924372,0.1238825989900542,0.11298049914867131,0.11712980145377255,0.11784895758217868,0.11631534632956005,0.07082322163081585,0.1257520241643614,0.10529436511134228
0.10693927242519226,0.16472956563859928,0.11068677441055912,0.09353286141359289,0.11418991531672425,0.1238436295124528,0.06393137980294555,0.1227540502218879,0.09939255125804593
0.11639488906517688,0.0842291870522439,0.12212913752235562,0.07380800409872812,0.20002635562136084,0.12106174293378773,0.04904378412411182,0.13525181408631157,0.09805508549592351
0.11782795887368717,0.11528210740960287,0.11364632774576604,0.08698004645095252,0.10346011028109381,0.11698747826073741,0.1169960939155494,0.12999611876911124,0.09882375829349953
0.10998120260491362,0.09390126946834036,0.1253077377284361,0.09991959298938147,0.12486790700345891,0.12114119473099887,0.09701086299119162,0.12429554181042606,0.10357469067285306
0.1467972008194615,0.139920782308736,0.09710820837379185,0.06762561387852335,0.10339567598157544,0.10349609623898559,0.13470276341439194,0.1179113206960616,0.08904233828847273
0.11056005541341685,0.1298205310584119,0.11577055161463738,0.10290183157690254,0.12212189116937806,0.11759644089448995,0.06944979928097728,0.12742254113145193,0.10435635786033408
0.09782562419433583,0.11802078792976013,0.1120448851819673,0.1687397817773949,0.12365263475665449,0.09467667469720509,0.07151184536294801,0.10500321097948272,0.10852455512025161
0.10701349099852446,0.19605996281952007,0.14761042454294424,0.0784926096960699,0.11703846298461158,0.09173589672482522,0.056992985751609,0.10977834608826598,0.09527782039362959
0.10298133772638278,0.13610816156561736,0.1196247558460685,0.10874165083522809,0.1650758749623918,0.10235032213306466,0.03322010795705373,0.12816282987495473,0.10373495909923831
0.11056005541341685,0.1298205310584119,0.11577055161463738,0.10290183157690254,0.12212189116937806,0.11759644089448995,0.06944979928097728,0.12742254113145193,0.10435635786033408
0.12735894602608666,0.07777376154926251,0.09293713636481622,0.15002423976776927,0.11887465173448845,0.10534326120082067,0.08255955550900979,0.11609134148466353,0.12903710636308294
0.10514474934026735,0.15121845717621926,0.11110885536062325,0.10275301602528591,0.11608123060176412,0.11191592681910507,0.06613756587172477,0.12659756906034678,0.10904262974466354
0.11874044377046862,0.06784869211722748,0.1277574180889635,0.08419593590971712,0.10323406919075735,0.11207216008326966,0.17767183850723212,0.11150367535077312,0.09697576698159106
0.11056005541341685,0.1298205310584119,0.11577055161463738,0.10290183157690254,0.12212189116937806,0.11759644089448995,0.06944979928097728,0.12742254113145193,0.10435635786033408
0.1192334348234768,0.1910306037371656,0.09169951667631726,0.13033786793063495,0.11915185837650615,0.09977620585430115,0.03157711753134612,0.10813389685357903,0.10905949821667295
0.10639651064213106,0.07513393078624854,0.19142529703046784,0.0816793890646323,0.12583260504013635,0.09367007846813825,0.06570243356686067,0.11199391408618665,0.14816584131519828
0.11516380180449522,0.10382535925367815,0.10959345828169363,0.120698260305394,0.11550760329686631,0.12263116791079615,0.08885826516672728,0.1218914586637005,0.10183062531664881
0.09724541804511987,0.15587671221472862,0.10603007127925945,0.07649078843299195,0.1130892667695002,0.10287412200645879,0.13543090311108083,0.11388838225384902,0.09907433588701135
0.09660098175533938,0.10467388493394425,0.09763298385816875,0.17936890577552342,0.12686737607307283,0.10268485691567342,0.04765721733553527,0.13291759319441493,0.1115962001583277
0.10909681802619019,0.1516056331643003,0.11974285117833268,0.11296270771778594,0.1274364159709952,0.10737632671497686,0.055119096899992094,0.12012909019216218,0.09653106013526465
0.10113253455987438,0.1353867400491443,0.14456619300173973,0.06450447343318315,0.14330089180138136,0.11133631732042387,0.09085772967993373,0.11483157610234873,0.09408354405197074
0.12083612071797718,0.11718028675004795,0.1102737336585845,0.10129051887171066,0.1207897140398246,0.11447881724583997,0.07717564587617419,0.11546432347651908,0.12251083936332186
0.09977971215109031,0.17160462754161498,0.10165652290848025,0.0971265958732334,0.10457121105614074,0.10367375706889885,0.12966680263187483,0.10613173485078382,0.08578903591788278
0.10028931423359122,0.055097289340054055,0.08957346633061251,0.12193785888712601,0.14845324834823276,0.1120167411244023,0.08705877959809594,0.1462540968890127,0.13931920524887256
0.10067664769334889,0.2060185256621895,0.10431807934315325,0.08037484800100715,0.13685610001923587,0.10801847316062345,0.05417129165559462,0.10618447170265018,0.10338156276219716
0.11056005541341685,0.1298205310584119,0.11577055161463738,0.10290183157690254,0.12212189116937806,0.11759644089448995,0.06944979928097728,0.12742254113145193,0.10435635786033408
0.11188426653492618,0.23579561025696938,0.09848149785717002,0.22181026547762173,0.07236063189969606,0.07236134709540443,0.02662232287601742,0.07551285526623756,0.08517120273595723
0.10500985003327583,0.13619060579068507,0.11296943260223939,0.11672660351107088,0.11665350545190972,0.11410488595968267,0.06746345495856251,0.12174149351360442,0.10914016817896956
0.13265505460249366,0.11207885997931984,0.10717276404489062,0.10986610663903802,0.14735319817594525,0.11043641959480581,0.0553143070470565,0.1221583497238723,0.10296494019257803
0.11291158245914396,0.17689806406180267,0.1468456072762212,0.07934136181542423,0.12400823616704797,0.09781598122501024,0.04900841175295362,0.11545571236521339,0.09771504287718276
0.1063727634498372,0.13752753174089094,0.11261531278957937,0.07901066380373578,0.15499705101988925,0.10702553589207732,0.07830356806899724,0.11712315675875119,0.10702441647624167
0.1275195275633181,0.1354189280703064,0.10846269710437118,0.09239633336158785,0.09935562496496124,0.09954442229736969,0.14049552343498284,0.11591550294662811,0.08089144025647457
0.11325346850128397,0.12214549208161017,0.1179706767113274,0.09625897713086985,0.115435863357685,0.12089543387808187,0.0644608981012346,0.14515428959085053,0.10442490064705656
0.10316663171992252,0.1412043150311838,0.10889338342990817,0.1352888436325935,0.12260083546043639,0.11360251716805995,0.04880056817817729,0.11738304580612058,0.10905985957359782
0.11056005541341685,0.1298205310584119,0.11577055161463738,0.10290183157690254,0.12212189116937806,0.11759644089448995,0.06944979928097728,0.12742254113145193,0.10435635786033408
0.11453997868828303,0.12140476220234205,0.11897875766819799,0.10055551205492286,0.11744871209242085,0.12433753904104157,0.06344450885196533,0.13402504564406215,0.10526518375676419
0.10530208805786713,0.0600224623373295,0.1853037166817465,0.09441404520437768,0.1171483454215431,0.10034875967716296,0.08286484925247282,0.11088011829532855,0.1437156150721718
0.09880090408829356,0.1615832770387969,0.10798212623654936,0.09788419766009591,0.1318772311290708,0.10877696860560744,0.08576995285456228,0.1116440067405462,0.09568133564647763
0.0956483490425764,0.22254475589478473,0.13293166601834072,0.0989380167317756,0.12986376941986147,0.08843750575802467,0.044863905131535785,0.10297681692394976,0.08379521507915093
0.11702701888997902,0.07268760239539322,0.09675109602656036,0.13342991497021836,0.1259834112624609,0.1248763920536455,0.10244262778451768,0.1192426795134756,0.10755925710374924
0.08878549612532334,0.18238176184246888,0.1036037601490531,0.10206575504613656,0.09363649422080007,0.10093836759873524,0.12897671046865328,0.10491088175670395,0.09470077279212553
0.11140727824132762,0.16036808547516623,0.129163057652054,0.08553302535818773,0.12076821974557335,0.10416238964235836,0.056903633904220256,0.13252893823260617,0.09916537174850622
0.10471686035604387,0.12209715166554087,0.12078410825092088,0.08886485448547764,0.15747896708149808,0.11814417689623403,0.05864760101173838,0.12311906523929439,0.10614721501325186
0.10683404604138937,0.12898237099425158,0.11107633111616357,0.09533084743774779,0.14101151317167995,0.1156482580280498,0.062214486156844516,0.13467961731334807,0.10422252974052532
0.09270146290389862,0.1519738146857149,0.10425357122185286,0.08919543764715399,0.13520513430331682,0.1137393685425699,0.042942645179440374,0.10965562054087115,0.16033294497518133
0.10427834245153551,0.09932528875684514,0.12235856509630388,0.18215262697924575,0.11202730408291933,0.10150545862602108,0.059446382611319216,0.12112864918478894,0.09777738221102104
0.10925489132309035,0.14046269613855847,0.10990663962328055,0.13843503479247832,0.11161371232244262,0.11741190843848404,0.04890749357369454,0.11887079582989633,0.10513682795807493
0.10556494507816154,0.1430444185796377,0.10803760301413749,0.09908076200400616,0.11620010719861172,0.130576635769222,0.074442793038814,0.12451165628905224,0.09854107902835718
0.1024657816078449,0.10641430023007382,0.10016283450850098,0.1592082017345786,0.13504000044724934,0.10132375577444457,0.06214270760873133,0.1200180886553268,0.11322432943324963
0.10989097805699687,0.08582531401659349,0.13307061076220741,0.09431129809375528,0.13279104068154557,0.10653075272939964,0.08563943896984472,0.12021787567615465,0.1317226910135023
0.1121546926918503,0.16274044306217714,0.12472941273265908,0.09695284219578444,0.10005629727266425,0.09818711318326606,0.10713317336490198,0.1131458087118184,0.08490021678487843
0.12859324626485288,0.11523710452132889,0.12241643893062544,0.09929143106936254,0.1046190352093046,0.1051684547622433,0.10689060410377721,0.11673389906128213,0.10104978607722304
0.10640341068501648,0.12615111073842156,0.11325458898948342,0.07721327748379268,0.163774857727044,0.12660809730366532,0.05045109304092651,0.13111194757762612,0.10503161645402394
0.10662616766420126,0.16894878102211017,0.11155374034250874,0.09856353615411863,0.11741070017558679,0.10978100181027282,0.06403156122952425,0.12106941312393686,0.10201509847774053
0.08015119889007917,0.22798939473731986,0.08002580279495256,0.11566317846444639,0.12631371347448236,0.10048975262567661,0.03118384867732994,0.10783791428049926,0.13034519605521377
0.09107834790432344,0.2137622244857833,0.11726600090296894,0.09373882653909499,0.12953308006551303,0.11375592864865934,0.041681152340755236,0.11267741318264042,0.08650702593026145
0.08899559046587602,0.25213984220856384,0.07968332531089783,0.09317679461205564,0.14560990011503858,0.0909334154751336,0.050191846740561964,0.10325690001499477,0.09601238505687772
0.10784439718604509,0.12858369657104987,0.11183994417495667,0.09905108869148034,0.14432223449453432,0.11804064524563036,0.0614047449154874,0.12490991890784213,0.10400332981297385
0.10199278613945074,0.1137187220353888,0.12112224894210553,0.09317731870262186,0.13446219776392668,0.14456129044611146,0.06163272893100888,0.1252013251257588,0.10413138191362731
0.10748835800293584,0.11977930138715509,0.12697005421685412,0.0990016609389829,0.11030455139722983,0.11678070268639239,0.09070650280357966,0.12458221154874678,0.10438665701812344
0.07986685781480463,0.06879619418317305,0.09440432467889175,0.2811571876177729,0.09648861823659764,0.09468569142871047,0.055033777467997015,0.11872323480742453,0.11084411376462805
0.1087090751264988,0.11417931190939219,0.12234261084252529,0.09647769618729356,0.1227929225453754,0.1452098048796007,0.06210281185301356,0.12732062506918504,0.10086514158711546
0.11270368116539113,0.08474296180204506,0.1255013911193247,0.10069994427453649,0.09146788280379196,0.10176860413889038,0.14941300845640418,0.12892187674377814,0.10478064949583799
0.11282456515333426,0.09572782259197332,0.09856637694366492,0.13336291741707504,0.12944277694928796,0.09701466339451294,0.10270116001695202,0.12613126416397005,0.1042284533692296
0.14351152654118735,0.08516455089487228,0.10638812784743672,0.08103531256062341,0.1319881266931254,0.1117119285011247,0.08710047491531125,0.12158690893474822,0.13151304311157075
0.09603911227076699,0.1177885187552223,0.10823697639582507,0.1801280453033882,0.11081346915242456,0.10624269090103611,0.05828819300064431,0.11837280904553597,0.10409018517515652
0.10010063807305784,0.26184859321513315,0.07853192644110939,0.1716209940796691,0.08490207600978639,0.08045127548657417,0.04565774672135297,0.08815856373022894,0.08872818624308798
0.09908045426442698,0.17053096756878697,0.12375667334876966,0.08910357248845252,0.15647277411719282,0.09201812122415444,0.0433961682701177,0.11867572925950061,0.10696553945859832
0.13764981220326009,0.12156865499450249,0.11898851762894329,0.07074662843640668,0.1379242470271554,0.10815948596097945,0.07100795838394917,0.13259417669180848,0.10136051867299499
0.09691623508632274,0.2725101553093639,0.08713483722031144,0.11548379212903921,0.08766488228592972,0.09607990541832512,0.05274734615312371,0.0980503859714677,0.09341246042611644
0.10792326139247867,0.1372985394843827,0.111076689809742,0.1008510922430102,0.11902501379760422,0.12458514393501423,0.07199187184107102,0.1260182687671928,0.10123011872950415
0.12807795906624106,0.08739363148585572,0.10216693169904856,0.10057965663109308,0.09433907538514678,0.14268345921230416,0.14234421941761563,0.11047692743764052,0.09193813966505443
0.10774538600453903,0.11410371944582869,0.12796027789069786,0.09088923044579354,0.10609689000371268,0.13783011081499447,0.09521567122102141,0.12162735747887321,0.09853135669453901
0.10998730793250688,0.09396942524404106,0.12528296120521845,0.09992986144427456,0.12486695003344604,0.12113719859889387,0.0969379953787778,0.1243082734056155,0.10358002675722587
0.11049425858084216,0.06638165661580712,0.14163614861694881,0.08631039988838614,0.15664589091644301,0.1409508447374095,0.05742635087027495,0.13263165125966725,0.10752279851422102
0.11056005541341685,0.1298205310584119,0.11577055161463738,0.10290183157690254,0.12212189116937806,0.11759644089448995,0.06944979928097728,0.12742254113145193,0.10435635786033408
0.12212439287289822,0.13117669024623016,0.12296687381428006,0.09285558044133187,0.11312408377991205,0.10895414289097989,0.08935801437054003,0.12041103161686027,0.09902918996696736
0.12139060047825749,0.11901087421761114,0.11075120978226871,0.10330182836143736,0.12162525556807809,0.11527320723432681,0.06827597423446108,0.11707234071874843,0.12329870940481091
0.11056005541341685,0.1298205310584119,0.11577055161463738,0.10290183157690254,0.12212189116937806,0.11759644089448995,0.06944979928097728,0.12742254113145193,0.10435635786033408
0.10185410298785987,0.10996084520488893,0.1203493163618481,0.11229204065146765,0.13487364030566426,0.12553416589040545,0.06358616305297966,0.12305346794283019,0.10849625760205588
0.10742811366114753,0.12491428679580045,0.12470024881259929,0.08876107991684556,0.12655426252169433,0.11576777738819645,0.06853616113544017,0.1367389585741401,0.10659911119413618
0.1166235980292446,0.11108234125168882,0.09769080993725865,0.11448799932971802,0.12502149650676844,0.12106445305747776,0.09453548796165406,0.11642357536905545,0.10307023855713437
0.10695622310484865,0.0941002048608544,0.11683654458531356,0.09957021352076538,0.12000729274738264,0.11983861778256077,0.10216825355394248,0.12494630702704475,0.11557634281728744
0.12718142151813736,0.056236353089695795,0.10436579927160992,0.11901694257797472,0.14668935025046367,0.1173782714787167,0.10153393176581871,0.1153566855161375,0.11224124453144572
0.1403585911091579,0.10222377198887282,0.1146711566958976,0.08806757355003299,0.11391960951264905,0.11532025652738609,0.0678289569621953,0.1269633843268367,0.13064669932697154
0.12478822080193082,0.09375913102627594,0.1155203621848606,0.09553271835685899,0.1161638099267332,0.1456496399336025,0.08126280400753189,0.12665216422929002,0.10067114953291606
0.10149803681830588,0.1536340953566583,0.11302926875037804,0.10940771103223257,0.11207744562550065,0.11302552695501737,0.07540307347043312,0.11585194973627518,0.10607289225519877
0.06830711275341557,0.2889940309235005,0.09655143490776763,0.1426326349309032,0.046323418805009065,0.06594118889074056,0.14003859942265148,0.07454403288048879,0.0766675464855232
0.1100032532544548,0.13634423594696385,0.11885039135221522,0.09163942060222285,0.1145204464323824,0.12281698004140336,0.07268675687354056,0.13022546183034403,0.10291305366647284
0.10638960053508502,0.07499449770808848,0.1344464186377897,0.10200178748537088,0.1452102707664149,0.1169252539757168,0.06264383015906401,0.13710651267592996,0.12028182805654015
0.10807808292844907,0.13689312690886868,0.11130802025345798,0.10096915871231098,0.11920860503811727,0.12418541216527403,0.07183837294560087,0.12610977008842117,0.10140945095949998
0.10502090937212276,0.20446434177408399,0.11123782315862552,0.09156364326179782,0.10890806937522847,0.10742484040740087,0.05678256700045318,0.11225442250949351,0.10234338314079393
0.11278417330986244,0.11620127251263858,0.12893340906014641,0.09586124939109227,0.1172934233787124,0.12977867840009394,0.08824849316133244,0.11431044534616486,0.0965888554399566
0.1076412704092417,0.10848303138009772,0.12961429669323302,0.10138068249550208,0.12890879050659554,0.13460982184154482,0.059300721889541365,0.12494506729079562,0.10511631749344813
0.1029407986885233,0.12499168062519528,0.11287036410582219,0.10121835132949142,0.15779403249963297,0.10868078784747785,0.04977173809065144,0.12910152069960182,0.11263072611360377
0.1190352281931794,0.08381531074496544,0.10802748423276302,0.09263822412706406,0.14657707639943637,0.13386347033964444,0.0700127965236667,0.1410675287708905,0.10496288066839014
0.09276968661401457,0.17037966574953953,0.11477427495111416,0.09989029591257326,0.13468467692311684,0.10212497757968687,0.06868268363096029,0.11380226960977585,0.1028914690292186
0.10568018236193376,0.11820958017975891,0.10841891709775163,0.12369614745203072,0.12181636873875934,0.12153504163660606,0.08248573489680534,0.11905009055687343,0.09910793707948085
0.10436284080046664,0.154269271466528,0.11051858459924378,0.10270002870820012,0.11514902962092248,0.11109886708813212,0.06565939880848387,0.12638271868975628,0.10985926021826671
0.12807795906624106,0.08739363148585572,0.10216693169904856,0.10057965663109308,0.09433907538514678,0.14268345921230416,0.14234421941761563,0.11047692743764052,0.09193813966505443
