0.14658738914621927,0.12597721933735787,0.06554355896169996,0.09393017969975781,0.11052870040629888,0.08678322911986876,0.13826555374651725,0.11470627870928363,0.11767789087299653
0.06676654860905039,0.07187131782594385,0.2767180178132887,0.07728935597857495,0.07339674619980989,0.1404246123306281,0.09979930848406666,0.12406833521774142,0.069665757540896
0.0514255373919222,0.09811692131408817,0.20953701495880442,0.08247628244693306,0.06864637750438486,0.1613910105632768,0.0822244686868749,0.09701739912124763,0.14916498801246791
0.13113858970917822,0.113885033200759,0.12727361351698815,0.08398057860545353,0.10365762840307506,0.10760920373727079,0.14346603596621418,0.10897822174535342,0.08001109511570774
0.04432266053801348,0.10669576084926957,0.059922701502005495,0.22100267450005517,0.16859127639764102,0.06397129432272618,0.09786191600562288,0.14881318466579405,0.08881853121887212
0.08206357354690279,0.11304587471442258,0.08551160314489263,0.13695957525790967,0.12339987366217553,0.15139745824347536,0.10682520968943536,0.07088156924648979,0.12991526249429639
0.05996700196698682,0.09910021210615678,0.24025144923709366,0.07343667990307663,0.10766717935872334,0.08330217930370548,0.08302674027257727,0.06031699076201502,0.19293156708966505
0.08775602586812219,0.14379275386191878,0.09616301803360505,0.08427562921555946,0.12202997867961222,0.10447213894072993,0.1635662792232112,0.0954927479622461,0.10245142821499513
0.13396016775489109,0.1066335938936293,0.024635542789501277,0.08866861681984349,0.22119692140075844,0.12418952727919925,0.08935616598892683,0.14268913795936586,0.06867032611388446
0.08596019854172089,0.10412183048090475,0.18049070540791953,0.0994854145292089,0.09147711736135239,0.09603424367083972,0.09443980733976072,0.09907992396214153,0.1489107587061516
0.11853014103034688,0.07435489550370288,0.050282375285888616,0.11292748970726986,0.14776836789364203,0.17378522430438573,0.09129467805036616,0.06230127601737411,0.16875555220702368
0.061595502454774374,0.0893854251262256,0.23597756501629344,0.07876184025100834,0.14256694958428942,0.1092818841712352,0.08966941298601021,0.11188676759587564,0.08087465281428781
0.06535573976651274,0.10311128192530748,0.16647620321495823,0.09041727984472721,0.1349380548622808,0.10661679693476193,0.11377473386900382,0.13219299511816526,0.08711691446428242
0.0874796616501957,0.13090454168613694,0.0974032801622098,0.08060870503034087,0.13602059319748397,0.08293957339558371,0.16418576412794136,0.11055106401153349,0.10990681673857418
0.09522454433117489,0.11177373035341216,0.09826223859790517,0.11058183637633794,0.11437672618534854,0.11145193217101512,0.14069900729252904,0.11513897074747866,0.10249101394479855
0.07319589314325402,0.10733343280722095,0.1409124062839101,0.09739028697311997,0.12856988081091772,0.10859693089321072,0.12302239086133714,0.1277546020279917,0.09322417619903767
0.08283185554350014,0.09549095721274808,0.17049745793057378,0.09211144007617299,0.10063775611576402,0.14468829170343436,0.13440695315936307,0.10345036560830938,0.07588492265013429
0.0698254323865996,0.1289080331418577,0.04525653057220851,0.17833091584845404,0.11264842440268984,0.05939699406805102,0.12934114494625892,0.18471374793263692,0.09157877670124343
0.07656748303386128,0.09454627136620906,0.11002855789578102,0.10318670496795872,0.09541444316168197,0.13767275130245704,0.10573969705041636,0.10416031397878352,0.17268377724285097
0.12429513173036155,0.08242761782865778,0.022090377172473957,0.08857638190466881,0.12921080641352609,0.20470322142709607,0.11533623363003324,0.1400191433040385,0.09334108658914403
0.08407075235072546,0.1104142593787834,0.21715811871845422,0.0987392449542262,0.09712576644993036,0.08918308087147403,0.11069204135592432,0.0930793751272206,0.09953736079326142
0.06964668483907738,0.12896273504728933,0.045002120930673205,0.17890194283349428,0.1125651047706495,0.05914895381382434,0.12913144059276035,0.18511921210248036,0.09152180506975131
0.047157889481696164,0.07221926921370571,0.3099060182550571,0.1008134844888652,0.060345524463590657,0.17856411181124365,0.06920997462390183,0.12785061456457755,0.033933113097362085
0.0967358202712505,0.1069677821313267,0.09389755355290623,0.10840792264548789,0.11221855317621972,0.11871521171339257,0.12448614713037266,0.12852219607809018,0.11004881330095347
0.07865673662560425,0.08541320934323227,0.04482803224928957,0.09740387750057415,0.12886307587274543,0.18190767642041752,0.11281185514894328,0.15689979463605025,0.11321574220314339
0.0989028112850421,0.09966166158524242,0.08984577224500083,0.147749572525231,0.1103873470680023,0.08575225191036463,0.14030896403995916,0.11583925476794654,0.11155236457321098
0.09522454433117489,0.11177373035341216,0.09826223859790517,0.11058183637633794,0.11437672618534854,0.11145193217101512,0.14069900729252904,0.11513897074747866,0.10249101394479855
0.09522454433117489,0.11177373035341216,0.09826223859790517,0.11058183637633794,0.11437672618534854,0.11145193217101512,0.14069900729252904,0.11513897074747866,0.10249101394479855
0.0874649322346183,0.05068196950842909,0.3901768703538832,0.06422381493650309,0.06964586691698178,0.0657483495650323,0.058597788265344224,0.09691632422978995,0.11654408398941818
0.07427617082438612,0.14583488879237136,0.08287762006114742,0.12039530216086487,0.13160249882805009,0.13453091984599294,0.12899214008264479,0.08085640233532286,0.10063405706921959
0.1038189475873218,0.07014053998583741,0.017493853536319316,0.10126351334898076,0.170759389336532,0.12914939845624143,0.10348854936486047,0.18823634821132462,0.11564946017258226
0.06600608375139967,0.13746309483765576,0.187984613410451,0.11106389304515973,0.10674475612178513,0.10910933855468678,0.09400706182576017,0.09184223781989269,0.09577892063320903
0.08484252455765728,0.1350881697959303,0.06401644302903975,0.12604506386358533,0.11189911209559948,0.11288936849088237,0.12194381445840378,0.1005415900000751,0.1427339137088266
0.0950779884749784,0.08828857367356995,0.08170641376691457,0.08899008776050178,0.14361231098657423,0.1443952368901402,0.10473662312605946,0.15640769998118484,0.09678506534007657
0.08233039828459122,0.11005856620515574,0.0840816692637173,0.12483396438420431,0.10577620701161365,0.14859298864025142,0.11728637179687958,0.13728213888859864,0.08975769552498819
0.05218104447247037,0.0966331225814109,0.060975367257015085,0.09218080410950656,0.19832271020168404,0.20770310197882136,0.0748577823311639,0.12098422643175373,0.09616184063617404
0.06980652888682876,0.0852363129006825,0.08019569084428789,0.1680374474135414,0.07223842262874677,0.09002792291496765,0.09144764546831319,0.23888491802585876,0.10412511091677307
0.0938679794609714,0.1093227293394733,0.0698255720970355,0.10757701160706662,0.15428952560024467,0.12487385330056287,0.13494198918001155,0.11745874493098797,0.08784259448364617
