0.11182529605482573,0.1392770153232787,0.09948621404904649,0.12926021657943595,0.11728764910387109,0.08797232721914529,0.06551801826515614,0.1138278565649035,0.13554540684033703
0.08056243227940539,0.18133250564014172,0.09240324540915353,0.12474081811264638,0.09581066161366937,0.06591802417897463,0.08160665066636986,0.12922263977614112,0.148403022323498
0.14663546095797284,0.12501869461662865,0.037266405732006555,0.07891577977591428,0.11356957636791964,0.016567825717073357,0.35400561454110374,0.05912712596683332,0.06889351632454759
0.1493437489845688,0.11795873024693267,0.03365708997498449,0.13966286937497124,0.14930436563092497,0.10643923327694908,0.07506100337290289,0.11338785265730934,0.11518510648045653
0.14814201226910015,0.15246653383334294,0.09752223434507157,0.12295973208945388,0.09768993199241438,0.07375961151852085,0.05847250520766961,0.09998254550896953,0.14900489323545715
0.08911428854266006,0.09659819945327049,0.1394837304612201,0.12364160116905004,0.11915933939458162,0.15065149391665975,0.06399585244243204,0.09394405998706702,0.12341143463305897
0.11133538425208588,0.1098501606397466,0.0844400769916045,0.12978591798557573,0.10849322743510063,0.06900072574440962,0.14076119720601343,0.10027959089730248,0.1460537188481611
0.1742215407401612,0.13909697017799927,0.06720376133843485,0.13053102320975368,0.11338985246767423,0.07759079649459236,0.07700358596916716,0.08495076418594938,0.13601170541626786
0.14286623994159464,0.20828875610907524,0.06827137742637956,0.09969819865419184,0.1125136594436011,0.06577818561108363,0.06196094822223919,0.10783186507545446,0.13279076951638027
0.10928024150435629,0.11752753625069766,0.08093321217682763,0.10727589337140726,0.1281036213871981,0.04588465269277808,0.17965358947697327,0.10126927015340381,0.1300719829863579
0.15859959258463394,0.13823917691052467,0.05564360854683034,0.09261378395991982,0.10464341211717076,0.02907912578998546,0.21045423073892888,0.08525082364174856,0.12547624571025753
0.1696460923319908,0.17367978585304247,0.07753111764365012,0.10178379522220753,0.11804126978922917,0.047593910892196716,0.06044488896017076,0.11466842600719018,0.13661071330032218
0.11597577830539092,0.1221232481535991,0.10537378000190094,0.12826021265378745,0.1136179537994055,0.08706372951702333,0.06695097071375623,0.11481156249578084,0.14582276435935568
0.10593081816019796,0.10203029966996942,0.10537182000691249,0.12339008544034458,0.12336732270203404,0.12912167835453214,0.06875669277573551,0.10655662876663591,0.13547465412363788
0.13384112720302302,0.1426795378361123,0.09761660433215345,0.13814698228854486,0.10638175164997633,0.06777129951314961,0.10365314341904101,0.1022142200067628,0.10769533375123648
0.11776530461769652,0.10602881540904348,0.07909194855765998,0.10161861131908508,0.11995366045685185,0.05471664903415593,0.08708450548634068,0.20903276022405518,0.12470774489511123
0.11597577830539092,0.1221232481535991,0.10537378000190094,0.12826021265378745,0.1136179537994055,0.08706372951702333,0.06695097071375623,0.11481156249578084,0.14582276435935568
0.07470475132742736,0.15008414812989382,0.16490544491898823,0.11472667458483325,0.10403535864787035,0.1282776861471899,0.05821873505055094,0.09197570934623296,0.11307149184701325
0.09651416856992152,0.0886697305110365,0.11696160714124525,0.11245467375285162,0.09669218149129116,0.18070002567851703,0.09912530437416066,0.08369130775504519,0.12519100072593106
0.11597577830539092,0.1221232481535991,0.10537378000190094,0.12826021265378745,0.1136179537994055,0.08706372951702333,0.06695097071375623,0.11481156249578084,0.14582276435935568
0.1242773488573017,0.08332460049420615,0.036168564771103,0.1303469353505182,0.0629880428713559,0.34181390905152104,0.08874887879692882,0.07079808047987553,0.06153363932718969
0.07934376081695699,0.08143628408417854,0.05997222083545981,0.11427152510558723,0.09280501892779443,0.10395774609479619,0.2554296486873813,0.09604991994911521,0.11673387549873034
0.11911663586159642,0.11285678246025847,0.07815878850144097,0.11266347654077058,0.12179581169769155,0.08629751720171992,0.10341056439847501,0.10739626013976206,0.15830416319828508
0.12556761155811058,0.10125180641386422,0.027286728303471206,0.10877896793450847,0.13996588042006794,0.05000310166628338,0.2545315235392632,0.09606326972395181,0.09655111044047911
0.13176057556510937,0.09300983288958849,0.027797850821227498,0.09551997644894905,0.08072076100411,0.06925545820614369,0.36911372965596234,0.06207037213324016,0.07075144327566939
0.18816410115676954,0.15642114625015893,0.07089070415508016,0.13958598104249664,0.11548701338521439,0.08209990751792597,0.0437937054209813,0.07600565961806184,0.12755178145331122
0.1081324669087901,0.08696123025514807,0.1536897083133617,0.11857259172692806,0.08604999092808185,0.20755574183809844,0.057574144507815124,0.07938420994775709,0.10207991557401953
0.15881374286182529,0.10568035605950392,0.03879971629194021,0.11406039959047666,0.14015642639832812,0.047970824624125795,0.1149467556830696,0.11296459833090261,0.16660718015982778
0.11350658961185973,0.09469952067876175,0.08321435391967602,0.12276108359296134,0.10551626443334979,0.17930284993354315,0.06297829932930547,0.09711270789492149,0.14090833060562127
0.1269851038731902,0.121815004593106,0.10418997101978482,0.12275688406942165,0.11931919435251,0.07885492705792732,0.06326995248092741,0.11681593868299027,0.14599302387014226
0.16859568833545255,0.14084686541596816,0.09867331086993285,0.1369053073169103,0.11206153879065213,0.07468690471195802,0.047580268710762076,0.09063344238685511,0.13001667346150883
0.1443497516831204,0.12922211785575977,0.03033876439080017,0.13973252623937274,0.15980432979217293,0.10706642915372988,0.07416894554598984,0.11049191373447807,0.10482522160457626
0.12163080016767941,0.12099910811960278,0.12980429774229174,0.12536366317552353,0.10923014898250089,0.07634520155665107,0.06215068506404872,0.10261279008770445,0.15186330510399737
0.14981522388987997,0.14262846654618078,0.05446616756632914,0.12001136075119473,0.13785097924303455,0.045159000405124654,0.1464477647848763,0.08472124814624708,0.1188997886671329
0.12184654725936449,0.12091813349568485,0.13099983001679824,0.12519068372471906,0.1090070536440001,0.07589151182587349,0.06195223172276345,0.10211787102740481,0.15207613728339153
0.11597577830539092,0.1221232481535991,0.10537378000190094,0.12826021265378745,0.1136179537994055,0.08706372951702333,0.06695097071375623,0.11481156249578084,0.14582276435935568
0.11597577830539092,0.1221232481535991,0.10537378000190094,0.12826021265378745,0.1136179537994055,0.08706372951702333,0.06695097071375623,0.11481156249578084,0.14582276435935568
0.09225359024442902,0.0835394655201984,0.06467769362289685,0.1246708873536478,0.0831923831564257,0.17529057323038574,0.14205022165123207,0.11685355257165486,0.1174716326491295
0.1128946703984154,0.05606941651289707,0.04143819342671962,0.1108102703129884,0.056974563877452644,0.41941158261291617,0.060698112789386645,0.06541577517304907,0.07628741489617491
0.1411425218634784,0.08906207684060856,0.2473526307706604,0.10989313614969427,0.07772529722788542,0.18006257254348304,0.0385065281655248,0.047130020624117246,0.06912521581454785
0.10588825795182984,0.061044815926571135,0.03866747130578798,0.10654200766774326,0.11936906248377994,0.29820636327542666,0.04858870082424501,0.10469232169750055,0.11700099886711561
0.0945961185589873,0.07345808959609514,0.06932702865837162,0.11912556669165375,0.10150204638989575,0.267065607074698,0.04998769236719721,0.09105452466587692,0.13388332599722433
0.06095032776848978,0.07143228209666073,0.03956165182340592,0.09114126881580276,0.1055147639711529,0.14976988156977877,0.3371902332749326,0.06892976017289477,0.07550983050688174
0.10956905821546396,0.08780357195864415,0.06553827942362693,0.1237001592650489,0.10788744714891822,0.22067282315448492,0.0658363103112279,0.09645134291414736,0.12254100760843771
0.11009251430973872,0.11298173451158405,0.19469569604004175,0.11801101696551725,0.11111312608184205,0.07315272206619998,0.05676041479532603,0.08971932079963718,0.13347345443011302
0.10868894379968165,0.10198884632924406,0.13985028358819954,0.1175575150095217,0.11764896608221619,0.11889743189815916,0.0630058562104962,0.0941702918935207,0.13819186518896076
0.10430463651152222,0.12357194899008499,0.08738764817677173,0.13602041407821033,0.11004929392350805,0.0925887752578314,0.06134057977514362,0.15588066698905353,0.12885603629787415
0.10624050023100962,0.12078405520958223,0.09470667361641999,0.1261392025159845,0.10166772136986196,0.11669732060891154,0.08201027115072561,0.10905242184115897,0.14270183345634554
0.12142327018380748,0.11055094855582163,0.19685654781250775,0.11487757063115724,0.09766881762755704,0.06118436363151861,0.05557204125246101,0.09048597122422625,0.15138046908094294
0.16803788126785416,0.1299960500278725,0.11316629442556424,0.13727523698868477,0.10526071210929576,0.0635252239144504,0.055619230410684915,0.08050061138359374,0.14661875947199957
0.14133080268025763,0.13551085933544357,0.047548642519623714,0.082528173364411,0.1448128620931419,0.04039885192047471,0.18729969930042964,0.10608624725059716,0.11448386153562072
0.16257098508148315,0.15964915329334942,0.07565446511635252,0.1031045873560786,0.11133187354327116,0.04294909622928936,0.07453194896095132,0.1263118592316105,0.14389603118761404
0.10406211544495059,0.12356645123102146,0.0871246448063505,0.1361275489677044,0.10996063885037781,0.09268291847982414,0.06123663438855492,0.15673428515799878,0.1285047626732174
0.07318353588885301,0.09048965992583581,0.06116042710898317,0.10382748415723686,0.10156780356659108,0.051373397393039456,0.24342478006659643,0.17724905361594234,0.09772385827692191
0.19238804216903582,0.16127835159712875,0.07903353315041146,0.13070413996362804,0.1261974001035293,0.09233038840129136,0.05351953647873783,0.06066115863871661,0.10388744949752086
0.12199494481609245,0.11653401184929911,0.08634528367375278,0.12022962818348583,0.11044370048825186,0.08115750457141205,0.10603047335212455,0.11148861046702156,0.14577584259855983
0.11597577830539092,0.1221232481535991,0.10537378000190094,0.12826021265378745,0.1136179537994055,0.08706372951702333,0.06695097071375623,0.11481156249578084,0.14582276435935568
0.08225077038366983,0.09584962072658733,0.05533269918344557,0.08906969730493275,0.13379128893561912,0.18218178451832814,0.1227569087175896,0.0865583948613583,0.15220883536846938
0.1089103961779014,0.11185392623310131,0.10091915060316577,0.12969119616599442,0.10755128024725748,0.07896883009206308,0.08186436263122031,0.12660320293057586,0.1536376549187203
0.13555517144738896,0.14726057519937455,0.0515957672149892,0.14381155789110306,0.08738489422241558,0.1899621647802515,0.0630360246629449,0.09319322677781576,0.08820061780371653
0.10668776918771089,0.10836137535783763,0.09107725744802542,0.12205410091917501,0.11863807379181578,0.0851081603126607,0.07745534107622068,0.12256479316479378,0.16805312874176004
0.09005477365029484,0.08627367442145038,0.061689673035133195,0.11462061026070351,0.11017228020537118,0.25220675436236734,0.05866774771440688,0.1354094839579962,0.09090500239227646
0.09322776369405748,0.10057291233784497,0.086133043260327,0.12800506230859587,0.09419433877546429,0.0896144032234154,0.10845196690380714,0.13576536075162152,0.16403514874486633
0.08771760226504248,0.05622906074156384,0.03686678317953044,0.09828273621552756,0.09306242004101795,0.40852563530432445,0.05625011375609066,0.06670583559548138,0.09635981290142116
0.11866427821757904,0.14119690664419948,0.07532861841782877,0.12619353101540526,0.13151191157243122,0.04475717880260538,0.1737476733341433,0.08020866693469723,0.10839123506111036
0.10207295093654273,0.14124902792897137,0.07911729138301953,0.1080550968213088,0.11960272084182315,0.11631760362440265,0.08883290275779536,0.09627059513350106,0.14848181057263538
0.12590410762929224,0.10064504852528829,0.06819834237693494,0.12090741814182644,0.09616515680776012,0.14241201775895654,0.11274047845631174,0.10166641750827606,0.13136101279535353
0.10115184144576857,0.09593665116844126,0.06765085350745602,0.13028197859080928,0.10240530951355481,0.19030128617963996,0.05693958799481038,0.13155791239967465,0.12377457919984508
0.10879453590649611,0.11169846521117294,0.10084617183398718,0.1296949207861492,0.10745583862191184,0.07884658457933424,0.08211926848229503,0.126802826474146,0.15374138810450744
0.24199198742760497,0.15281873093602238,0.06730689321377312,0.1250828818609411,0.12100408970070235,0.07702844029197953,0.03302693064033312,0.06820962074370644,0.11353042518493695
0.11597577830539092,0.1221232481535991,0.10537378000190094,0.12826021265378745,0.1136179537994055,0.08706372951702333,0.06695097071375623,0.11481156249578084,0.14582276435935568
0.08184641660121182,0.10644591413294739,0.057132686924953296,0.10928389423360625,0.11309934954325246,0.045903910934558124,0.21412568341432822,0.16305408012605496,0.10910806408908742
0.08248012095247076,0.09970157633448223,0.04272823142816612,0.0869854796473381,0.10234217814631379,0.04114319779479895,0.34954263564720317,0.09214302417262006,0.1029335558766068
0.1015768651303766,0.0840232341197501,0.06499302938783634,0.12902099345941404,0.1113776588325458,0.22163963933543182,0.05962534302221858,0.10350976389068416,0.12423347282174252
0.12063844513636841,0.1437966124955825,0.18934779918677777,0.09510472565886612,0.11158604140138495,0.06802739225872462,0.06220274379867704,0.0916867918755953,0.11760944818802332
0.16655053823027352,0.17030171453740706,0.11339199505012658,0.09860635459897645,0.11910965192065663,0.04672903477276541,0.05730095049945566,0.10302649572246785,0.12498326466787085
0.09824454868063494,0.0960444975295357,0.0692019663276461,0.1311114016594111,0.09416318351466824,0.21124629343265686,0.08517191648065985,0.10345778050252641,0.11135841187226096
0.10272034513048094,0.10144955371828816,0.08403846935438151,0.13146755863930423,0.13017887907187972,0.12842705235376917,0.06364684707010802,0.11604981271282173,0.14202148194896655
0.11597577830539092,0.1221232481535991,0.10537378000190094,0.12826021265378745,0.1136179537994055,0.08706372951702333,0.06695097071375623,0.11481156249578084,0.14582276435935568
0.09438529786466147,0.11219465598025986,0.1702532322623946,0.12487314771608458,0.10700685682988133,0.09762293169049803,0.06247562244232117,0.10039960711405192,0.130788648099847
0.1042096267226712,0.09731569502912023,0.13688189068240622,0.12464081373201163,0.10369935231522588,0.11484850275546883,0.07455422670021698,0.10466140334072031,0.1391884887221588
0.11177703336018506,0.13947738497301795,0.09942372691568224,0.1292633888169744,0.11732853974933304,0.08798428094120782,0.06550193895069271,0.11381210514647318,0.13543160114643368
0.155842290332132,0.1229914628523296,0.04077506879747731,0.07433054861737441,0.10605086996505915,0.013996917432083403,0.32728442797998397,0.08189717795740514,0.07683123606615501
0.14753657941018408,0.13264619705538397,0.10773648012834298,0.13221840428910195,0.11470730551935021,0.05889393915224913,0.12123780199778948,0.07472770654978199,0.11029558589781623
0.10272250813369699,0.09823417059748275,0.1316028764547644,0.12090445076085334,0.12541691176563918,0.1360476067790721,0.06565553405002536,0.09509699037686699,0.1243189510815988
0.11940768434112574,0.09361061725883783,0.34864822542105606,0.094313826682485,0.08827158321639549,0.03267567151464815,0.04102455620168068,0.07013380581025265,0.11191402955351848
0.08274824208931374,0.11944105230233693,0.10692725957486893,0.10377103674812786,0.08937264338836996,0.045578806457947714,0.16947947983433084,0.1869771173146412,0.09570436229006284
0.16561303728449772,0.14725843686561743,0.08041734684131675,0.13826334982084953,0.1162759724941238,0.08172197853985408,0.05003039324110017,0.08507490204162381,0.1353445828710167
0.07869086589775158,0.06361447894823359,0.11213727729718982,0.10918527271955399,0.08843321287548839,0.31903832322897085,0.07489412189661777,0.05896119297901253,0.09504525415718157
0.11971242470376948,0.07582381898839011,0.08251454862128806,0.11187362202865318,0.08351841955212885,0.25129516836945864,0.08284201873040925,0.06566266080848471,0.12675731819741773
0.23876567417989403,0.26887850791624096,0.06099319432253375,0.07840078663438738,0.10823795623067427,0.025931309589052983,0.05709065213993202,0.07225652987391852,0.08944538911336614
0.21609980519085167,0.20013276926385737,0.05306110114657577,0.10565484382794277,0.1191391103108379,0.03911947335754747,0.07232764626454809,0.0805940111486086,0.11387123948923035
0.09540229879893591,0.06456935182798725,0.08930178432203091,0.10944542807422845,0.06530772337821712,0.35582583596190503,0.07868286461596913,0.06758364941277338,0.07388106360795288
0.09379114042683956,0.11186229935000813,0.1722384706264771,0.12464777452498632,0.10674691789205426,0.09811785235312342,0.0623333520591944,0.09998049370589057,0.13028169906142628
0.08877106220439542,0.087836600567607,0.05720585063127062,0.12514030973864618,0.1324975259858849,0.19928792181230678,0.06425859272170004,0.13393854881730183,0.11106358752088726
0.1610000985499284,0.11027600355130733,0.082853859766079,0.11956879460050585,0.11177573882512315,0.07373820891377479,0.05366210029448438,0.10849672111046542,0.17862847438833165
0.08855661336948499,0.09606370984214226,0.1402702698852242,0.12339735295759123,0.11916833194122955,0.15237951823280818,0.06387978783562363,0.09345871400847172,0.12282570192742415
0.07917822600825002,0.22513139546144403,0.07882367805335085,0.12015513487336682,0.08869065788067214,0.07433404228587405,0.1284100281289786,0.09418102029860047,0.11109581700946307
0.10146878426448717,0.1089089180001596,0.10022341824155782,0.13493312925879034,0.1108115633105373,0.0789249392117661,0.07348992828203871,0.13329118604431334,0.1579481333863496
0.16225293228717177,0.09554151877954054,0.02377124964855318,0.10364538232905092,0.1671506912195034,0.05237604130796322,0.1892462900226478,0.09523355996785715,0.11078233443771203
0.04423657242937317,0.09216515728821363,0.1112601712646926,0.08780886610912164,0.08552755228999953,0.006790033598708122,0.39946577271194156,0.1274702384878317,0.04527563582011803
0.10978801496350299,0.08813844736141609,0.08284435261194727,0.12138245873723001,0.12801927146677336,0.18394425096600217,0.04373728547354196,0.11696033200777117,0.12518558641181496
0.10873520672460302,0.0935605134733893,0.1244547198150393,0.11442998563222932,0.10473341415476951,0.15076693681732076,0.06836677207758206,0.07801498032524885,0.1569374709798179
0.08193127408895202,0.10909131961721813,0.19805317211099757,0.1160969610903394,0.10336870326415622,0.10600112702620852,0.06335222947919068,0.09536189117989614,0.1267433221430413
0.10362177165598206,0.12355362967180389,0.08665531507141162,0.1363178000422855,0.10979871065692957,0.0928521612943093,0.06104889196985345,0.1582847395851871,0.12786698005223746
0.1362350543387986,0.10722844930004582,0.08454880443758023,0.11764456060873762,0.0934598467022925,0.11122765875270145,0.15323200695644373,0.08624976162572774,0.11017385727767226
0.13932491316346218,0.12012665845597814,0.07819020012664724,0.11915450428597525,0.10819717036040165,0.07525097527081011,0.06211854618444029,0.11781165754514189,0.17982537460714307
0.10649887042010879,0.12221523493038622,0.09427945218182342,0.12743041637474437,0.1047844977684962,0.10953621714650101,0.07312941887702598,0.11208945383254416,0.1500364384683699
0.12174872746553572,0.12095529034529572,0.13045459262590597,0.12526984179403058,0.1091088718930252,0.07609777736855816,0.06204240396919097,0.10234265731642676,0.1519798372220309
0.18392194201863288,0.08602537471306815,0.05779807055914227,0.11282456478331725,0.09224134238690353,0.15714053605183154,0.04716735570596029,0.09149072880088538,0.1713900849802588
0.15704755070657828,0.1792868824761941,0.0770925758509829,0.1338936753337966,0.11047348748288295,0.08623901840099846,0.04714074931512604,0.08094235392172842,0.1278837065117123
0.1567578227467664,0.20684265072986177,0.07570109992148788,0.09870988106124233,0.11360541070208803,0.05155590772418364,0.057576878658609144,0.10977533805926552,0.12947501039649523
0.10393209311828394,0.09687226189893261,0.13761860025561376,0.12450399180201123,0.10345931615280297,0.11547757973187382,0.07472697004782468,0.10442710778918007,0.1389820792034769
0.09573248160705809,0.08961630019172241,0.07767351642257707,0.1272399840021258,0.11228921338075783,0.10945055198698582,0.10558626564468647,0.13178227517047944,0.15062941159360707
0.10043141150192438,0.10472533023160209,0.07556155824676868,0.11554514185415321,0.09753728833082759,0.23104388970923495,0.05849512048711938,0.08664759043405675,0.13001266920431304
0.0794426196970911,0.09371561980115506,0.06677896398294618,0.10589675543164234,0.08555148661870599,0.024947441984182406,0.36076557636676393,0.08829347022731025,0.0946080658902027
