0.129826317604865,0.22394505500562056,0.10958699903946739,0.09887721701117595,0.0571558684614459,0.09364358908464332,0.07960916569174364,0.12895192450847554,0.07840386359256274
0.09837611876600716,0.1807659116229822,0.10334516905768153,0.11492748880774362,0.07931306647699715,0.11024925498096687,0.09480724814811092,0.1156375007466941,0.10257824139281642
0.10080820901990188,0.1108363250985475,0.10870802990902771,0.12025314427124238,0.0849957598666816,0.11986568839672267,0.11041185646785179,0.12844475846335368,0.11567622850667081
0.0745332882829154,0.022598230193342093,0.10158632801168714,0.08712081497103252,0.06609446603621424,0.08466766078281,0.28480992620102014,0.12227751278590476,0.15631177273507366
0.0687776350195589,0.09067201600198338,0.1164975742471689,0.10628013942505525,0.06962537966515696,0.09649760481135745,0.178093694416003,0.09348366391470837,0.18007229249900777
0.06891085579585597,0.1142964973467702,0.10716083026375552,0.12251752693658889,0.1815856085991031,0.12358156824967874,0.08272818593310026,0.10524792826580735,0.09397099860934004
0.09309673472941692,0.1544915004145578,0.09795449191397354,0.11796910700197343,0.11265328168529755,0.12037934096179163,0.0823159001874038,0.11213159452663131,0.10900804857895412
0.09870408769247009,0.07200605703723578,0.11722725101619906,0.12131510941560424,0.07246534400507049,0.13213025544604282,0.13382257865372,0.13202723050312046,0.12030208623053716
0.15515594435156313,0.04816515253588957,0.10704720526630022,0.12983020660179562,0.04211817269993092,0.16357566441551016,0.11648419057597752,0.12927263311759898,0.10835083043543396
0.11435880910095868,0.09149269528182859,0.0831666471193971,0.11766513628589403,0.11036592293226972,0.12009468528640761,0.09669329596234849,0.11748067227539973,0.14868213575549613
0.06805867905513062,0.16905037818766047,0.1573471413778388,0.13187400199212576,0.07801877584847829,0.11609811402809112,0.09541784594727953,0.08680962057471464,0.09732544298868062
0.10748885147438875,0.09917068393466462,0.11051353750216153,0.11827857083709585,0.10243524970884464,0.11751188094675313,0.10256194126059452,0.12835109930150723,0.11368818503398975
0.10064870936206649,0.09664868888734625,0.1071167676219792,0.12090916695880044,0.11236744999702093,0.12006941032232206,0.10300631965103275,0.12329256295240891,0.11594092424702292
0.15878113531042173,0.06897598511296417,0.1023700030298097,0.12972671115853351,0.06794224214836651,0.12907461510060778,0.10369872656631444,0.12775732758220051,0.11167325399078153
0.09698727647621315,0.09695036462924757,0.10330348168995236,0.11922472923376941,0.09319548923178671,0.12045701581682693,0.10632865095635648,0.12641370378319203,0.13713928818265533
0.10581049866170807,0.09358377330894875,0.10051822972857072,0.12833051140963556,0.06752221166219159,0.1257352256885268,0.071462366466921,0.10124610876508633,0.20579107430841126
0.062396507235108506,0.3217046263838166,0.0909157317753022,0.08922040887555248,0.05065836968348584,0.09998104787941942,0.08262158299834325,0.07488059318132194,0.12762113198764977
0.10082325960502898,0.11092120175231905,0.10918714553541509,0.12075468542237004,0.0836964012984855,0.11954755315021091,0.11041205450235514,0.12846507320700812,0.11619262552680716
0.08910895836519046,0.1678247556533795,0.1079871017902422,0.116007076505197,0.07384101664457814,0.11982905153377939,0.10209592039628405,0.11380806744040571,0.10949805167094345
0.10080820901990188,0.1108363250985475,0.10870802990902771,0.12025314427124238,0.0849957598666816,0.11986568839672267,0.11041185646785179,0.12844475846335368,0.11567622850667081
0.12880069898586385,0.09297604215424514,0.09632008126569586,0.12206604388200426,0.11077097182793544,0.11786856447372389,0.09119138342806099,0.11207476381379965,0.12793145016867105
0.10080820901990188,0.1108363250985475,0.10870802990902771,0.12025314427124238,0.0849957598666816,0.11986568839672267,0.11041185646785179,0.12844475846335368,0.11567622850667081
0.09166439951780588,0.1322786418260203,0.10845228937371772,0.12763216667371016,0.06410979569792599,0.11369605851485466,0.07111466112993543,0.10332886295885951,0.1877231243071703
0.059546271462533724,0.2444718458518875,0.1537036130261559,0.11916331902407805,0.04007208993041313,0.11836090059926874,0.08791833441365328,0.08906994673807928,0.08769367895393038
0.10080820901990188,0.1108363250985475,0.10870802990902771,0.12025314427124238,0.0849957598666816,0.11986568839672267,0.11041185646785179,0.12844475846335368,0.11567622850667081
0.08212768127345055,0.13380587448762418,0.10561284245967557,0.12285834308935233,0.1439389276444441,0.11768894500512679,0.09314325575701038,0.11028682938565887,0.09053730089765714
0.09193080265572318,0.04917080319466527,0.1160944612172381,0.1340105396717235,0.06414546456584026,0.14640027821602236,0.1067737326838426,0.13211810668664953,0.15935581110829514
0.08697393982767494,0.12759837382253317,0.13332767227482287,0.0996658270570714,0.06940891321421301,0.0998174406878148,0.11108898554295686,0.10282975224412638,0.16928909532878655
0.08395841949766329,0.04510174417110163,0.07773221800603745,0.10216106702170051,0.06492128931685248,0.10538168548041117,0.2341856178095482,0.14520942757796998,0.14134853111871518
0.1614205216587992,0.10775653622041605,0.09621816299205532,0.12627373347647372,0.06452353457971591,0.12070565843717586,0.09405346320622328,0.1210987675947287,0.10794962183441198
0.08785383673453777,0.12728024950287664,0.18071242248572786,0.10535308594281761,0.09600803173001375,0.10254441776976382,0.07758656791264405,0.11495330423802325,0.1077080836835953
0.09233520704210774,0.2036156947865696,0.09609014524667688,0.1170506398654723,0.06036857387720829,0.11164614030963722,0.08535606040391956,0.10682886292806172,0.12670867554034673
0.09189217574261892,0.20767783503086856,0.09564092682298163,0.11671147270720066,0.05969138458832588,0.1111113259087258,0.08435698329182102,0.10590940734904931,0.1270084885584082
0.1095441419328101,0.11805121068274327,0.10110769724585682,0.11672797770743913,0.1523055316877282,0.11391540969033644,0.06728548451914611,0.10145263059026322,0.11960991594367675
0.10080820901990188,0.1108363250985475,0.10870802990902771,0.12025314427124238,0.0849957598666816,0.11986568839672267,0.11041185646785179,0.12844475846335368,0.11567622850667081
0.25637365788401706,0.03931643147523143,0.057140804278609104,0.10617828093465224,0.12376554629687982,0.10458999512603163,0.07645899016086004,0.10653121590672811,0.12964507793699062
0.10080820901990188,0.1108363250985475,0.10870802990902771,0.12025314427124238,0.0849957598666816,0.11986568839672267,0.11041185646785179,0.12844475846335368,0.11567622850667081
0.12602323469779633,0.062451352983836854,0.0526627153799134,0.09042132122543722,0.2872397405125609,0.08669942723025374,0.06688067567303665,0.08541590683408556,0.14220562546307933
0.08915238904059351,0.08238283569325695,0.1482993025416328,0.11148009643746905,0.10180210095175592,0.11399737286493995,0.0930197479284209,0.12124029011661215,0.1386258644253188
0.09172561346333553,0.0901981592818682,0.1634724298285745,0.11147604439237514,0.0964937434175372,0.11231669623485767,0.09448997843210545,0.12385640952431698,0.11597092542502935
0.07548406440450689,0.05434575822192484,0.11694554254085204,0.11107259568472301,0.07797385790938638,0.11192744501197573,0.1775184213154064,0.12179653334555475,0.15293578156566998
0.09895264923407958,0.13014749692917596,0.104863360880123,0.12203549855975093,0.08795972826934732,0.12694620234340195,0.09157097233099458,0.14341141910955982,0.0941126723435668
0.1938992101945913,0.06809628697781737,0.08477679073955025,0.1259445618101213,0.13158370290406418,0.11919046943892529,0.06234841078577314,0.09245852901895783,0.12170203813019924
0.09682761347807538,0.09626242061075317,0.10303953816357113,0.11915876982272605,0.09360774800328997,0.12043697332255308,0.1061138744137256,0.12627237180251372,0.13828069038279192
0.16146602997325177,0.0678474463950417,0.10198756201403243,0.1299139983064308,0.0672313414550521,0.129210974989976,0.10333169324724578,0.12763184634546107,0.1113791072735084
0.1046209413601832,0.0733565087122841,0.11534389582404259,0.12437579298786415,0.05937411446922688,0.1176661228979503,0.10929492700445624,0.12961927187828212,0.16634842486571047
0.0884562957580265,0.19204366021700145,0.1721726708018839,0.11247609401135344,0.04149962711026751,0.09783263978901187,0.08458908104383234,0.13682403915553695,0.07410589211308606
0.09628114804392711,0.08825517457888893,0.12664177348818728,0.11838767525279516,0.08093762884570976,0.11681696779795735,0.12241647731463629,0.11779560320129005,0.13246755147660802
0.10867670307775328,0.2605071762864116,0.10486365255050106,0.090288706522078,0.043949885070777434,0.08384265876814352,0.05400700068371412,0.10304014368395913,0.15082407335666184
0.10590859615871255,0.0804067278318316,0.11431753553299014,0.11774985349213724,0.11692532550990381,0.12934367324280072,0.0971230778020999,0.13107376989535105,0.10715144053417298
0.09343560356730717,0.08468654615918758,0.1246561981486578,0.11744963034107049,0.07889980290451971,0.11552792459717987,0.13726512761831497,0.1256763105994011,0.1224028560643612
0.10080820901990188,0.1108363250985475,0.10870802990902771,0.12025314427124238,0.0849957598666816,0.11986568839672267,0.11041185646785179,0.12844475846335368,0.11567622850667081
0.05940798979040237,0.11154387960437458,0.08299124246553875,0.10588046583769224,0.28623615886263676,0.10004844611632234,0.11891436509625085,0.07394300680220307,0.06103444542457905
0.11038435247723742,0.08157429589878164,0.09237165309090427,0.11050570869644678,0.06570076389476619,0.1155475651759595,0.15808852619837213,0.1414688605580339,0.12435827400949824
0.11556758475483625,0.1105069489712341,0.09482773106814242,0.1203399606189564,0.0944891081803137,0.1203235030088652,0.10459528459477312,0.12305484611695171,0.11629503268592715
0.10238872251630371,0.07565348952105483,0.11814930052980958,0.12220100315174949,0.07452972878265185,0.13376676260790105,0.11791670138845263,0.12571325866350644,0.12968103283857046
0.12205019691835776,0.19989333970549186,0.14668669973219506,0.09584565293097237,0.0634804907775203,0.09038348587763438,0.07307483975696301,0.12913703364943524,0.07944826065143001
0.12941985336402015,0.1310389166398193,0.0959888525142158,0.12254263499054217,0.09428866308623912,0.11134301209207066,0.08924203575350627,0.0952124800506815,0.13092355150890503
0.08647568078657913,0.07684824127804397,0.10923214951151287,0.11101998511280774,0.1417732936767919,0.11053512376186166,0.10179287395421893,0.14046488223142486,0.12185776968675897
0.11384806731392401,0.09855915262238872,0.11401248990354083,0.11658844036446692,0.09135722249758116,0.1190820556542166,0.09932237207291572,0.12234214720782728,0.12488805236313864
0.10080820901990188,0.1108363250985475,0.10870802990902771,0.12025314427124238,0.0849957598666816,0.11986568839672267,0.11041185646785179,0.12844475846335368,0.11567622850667081
0.06322332374568862,0.2570088381456427,0.06005877401490206,0.08813074772587381,0.10910197629993619,0.07972044384041388,0.10067790516836674,0.06212646742017597,0.17995152363900002
0.07688151164852228,0.1509917488139691,0.08981823182333436,0.10522875663318391,0.0739416787372711,0.0989920391498287,0.1748934553372056,0.10167088794717964,0.12758168990950527
0.10080820901990188,0.1108363250985475,0.10870802990902771,0.12025314427124238,0.0849957598666816,0.11986568839672267,0.11041185646785179,0.12844475846335368,0.11567622850667081
0.11511962625700867,0.0710988845601618,0.10980523049504738,0.11406632550159779,0.06437909773438236,0.12073214784685886,0.18069576554941622,0.1455430238334079,0.078559898222119
0.06940640883854941,0.0440056934144665,0.1494914507881169,0.1037446911149566,0.08370794907059313,0.10462841798975937,0.14318897982022427,0.12780451916114519,0.1740218898021886
0.09620279554744686,0.08780816074160817,0.12710026820706857,0.1183088603852087,0.08082996351252279,0.11671167887774893,0.12268533159195683,0.1175365161157297,0.13281642502070942
0.07270540867496224,0.09440626256409816,0.18138183088684048,0.1274994928227717,0.1054124649694916,0.10664476294135415,0.09898591922959142,0.14468279644517903,0.06828106146571115
0.1935430314779354,0.07720589603344546,0.07976120826006088,0.11827967916212656,0.19575193271964567,0.10975410649941203,0.06925476245235264,0.08965788026307313,0.06679150313194836
0.10080820901990188,0.1108363250985475,0.10870802990902771,0.12025314427124238,0.0849957598666816,0.11986568839672267,0.11041185646785179,0.12844475846335368,0.11567622850667081
0.10080820901990188,0.1108363250985475,0.10870802990902771,0.12025314427124238,0.0849957598666816,0.11986568839672267,0.11041185646785179,0.12844475846335368,0.11567622850667081
0.07320954753157044,0.06667182648303184,0.13406428857503924,0.09499193177108815,0.07543225319292425,0.09543048728756272,0.1689175155120014,0.09630120071860011,0.19498094892818185
0.08033691684327549,0.15047316207224135,0.12395848014290228,0.11648159216002385,0.10005438807277744,0.11834380735107063,0.08584971332977737,0.11500225897610968,0.10949968105182195
0.09295921656141086,0.09222291939000533,0.15636856438751942,0.11270507967512473,0.0952152677585123,0.11344452218438626,0.09643070587045037,0.12455167945896006,0.11610204471363082
0.10080820901990188,0.1108363250985475,0.10870802990902771,0.12025314427124238,0.0849957598666816,0.11986568839672267,0.11041185646785179,0.12844475846335368,0.11567622850667081
0.07776500118472188,0.12705371666931922,0.10866134753841045,0.1196278848612251,0.12788143182696343,0.11763511574575419,0.09602835583876905,0.0876123818591606,0.13773476447567604
0.07535015007183622,0.07651885668231821,0.13765087517428695,0.12180748631788098,0.109127443764454,0.12884239589370994,0.09785935428689052,0.12367841986772066,0.1291650179409025
0.1293413255111391,0.061137692026481845,0.09623125384885574,0.11579185648437484,0.06568313730084413,0.11502470555940841,0.15404886116027905,0.11286245984337313,0.14987870826524372
0.10080820901990188,0.1108363250985475,0.10870802990902771,0.12025314427124238,0.0849957598666816,0.11986568839672267,0.11041185646785179,0.12844475846335368,0.11567622850667081
0.10396663819410439,0.08644479678596802,0.11616243232519581,0.131285205280132,0.11463955464670804,0.12640812986420957,0.09855350673792639,0.09435578545789304,0.1281839507078628
0.07537835146173467,0.13422644683917706,0.0864597075310634,0.10461321450976603,0.080883772842422,0.10019226304842947,0.1662461252810772,0.10104121307507381,0.15095890541125626
0.06510589901821388,0.06910526593497113,0.1802435299403061,0.11001784773241835,0.02887006166140829,0.10169643442470629,0.22101389365228188,0.09601940446520502,0.1279276631704891
0.06259256821837064,0.19989784251325768,0.07213209830997108,0.0993537308742523,0.0608906070825782,0.08474696031922095,0.14072827406107977,0.10301121296004921,0.17664670566122018
0.09430126463872561,0.11455277241325551,0.11281339453696192,0.12438176674952679,0.0877819715287435,0.12323562088123262,0.11125087474656847,0.13318380163076607,0.09849853287421954
0.07743586502261837,0.1656564747570148,0.09581835818143047,0.120255330022995,0.10926359796793639,0.11835876562513825,0.09412809060163664,0.09061589927023044,0.12846761855099967
0.06214187962284592,0.0334013787038704,0.14404631787391176,0.09796627284669342,0.11061383841578114,0.09743450016227213,0.17359492531953546,0.11439600223809306,0.1664048848169967
0.1239258152192928,0.20485121099639078,0.14799782588145696,0.09365237316698927,0.06391296232129938,0.08911167539542447,0.07101831313015385,0.12918148544750616,0.0763483384414863
0.09520942476642626,0.11824221056319817,0.17643248355804456,0.11558911827991679,0.09010901495644107,0.11349097050970806,0.09846382848776836,0.13261420324962325,0.059848745628873545
0.1048890926817051,0.09701153008403807,0.10610612204726437,0.1226175291374612,0.0846338067290225,0.12214881327454112,0.10259020869072029,0.13560874237361478,0.12439415498163259
0.07045930522385624,0.05268098033084046,0.10882523901624912,0.10874817246081625,0.10049375092346495,0.11078330205611081,0.2600557672507837,0.09829601011367217,0.08965747262420627
0.14793844658804514,0.07976981453871114,0.1211190876098824,0.13349244996785525,0.06677405901971456,0.15075035109522708,0.08361022641551324,0.12019696014464654,0.09634860462040473
0.09427340117184398,0.049018098872804255,0.1519291814073606,0.11100406034763177,0.05508518717753889,0.1195776095009173,0.13411886787927454,0.1191628899764652,0.16583070366616348
0.05301940594360841,0.0841251743741211,0.14114420742388495,0.11367564949823529,0.1450600443339494,0.1179216220775558,0.10219795129545861,0.08122194040212603,0.1616340046510604
0.23347544197465586,0.04602945214700613,0.09213538593786995,0.12800528262308733,0.039941772701390627,0.136841358166835,0.0924427370169843,0.1352031299173646,0.09592543951480619
0.18635131165275975,0.04484081538112398,0.06954104388037567,0.1036235168655336,0.15093793728191798,0.09815143353445684,0.06888992658804692,0.08961152695301151,0.18805248786277373
0.24889864814228005,0.031234663774883417,0.0802819219535748,0.11817943256453374,0.1448304330953649,0.11764834896596947,0.06189012979789548,0.07837312808254122,0.11866329362295698
0.11171843984623941,0.03771136423495713,0.11561523210957103,0.1231281781742702,0.05712704485824912,0.13728294526674678,0.1580065176218689,0.1208982152945635,0.1385120625935339
0.13151681542412072,0.12117113809938955,0.09268059522876078,0.13753667187850532,0.07194948349724713,0.14369392326480337,0.0913609289948177,0.1053738349931896,0.10471660861916583
0.051586186788208165,0.05048231785427873,0.06888795698001528,0.0803970884428359,0.11358538517249263,0.07381084259988864,0.3098124965082704,0.0975697020256824,0.15386802362832783
0.09964738768733622,0.1335923744160401,0.08606094385959147,0.12031832877012488,0.08506649761140066,0.11442296202189113,0.11561129650381509,0.1404617888633731,0.10481842026642735
0.09791328646893904,0.2068594808867442,0.1017118795496168,0.11245538514002533,0.07721992935927297,0.10623588925668219,0.08900105702830081,0.11097425132321569,0.097628840987203
0.09972327122247086,0.13257737663131827,0.09266224241397224,0.1206260529943836,0.08390604529914646,0.11565785938230977,0.10609287643127734,0.14503816380518103,0.10371611181994038
0.10080820901990188,0.1108363250985475,0.10870802990902771,0.12025314427124238,0.0849957598666816,0.11986568839672267,0.11041185646785179,0.12844475846335368,0.11567622850667081
0.07974917125248478,0.09012323647920846,0.09941647050784076,0.10825781691685765,0.06412579038056565,0.11181578377064078,0.19567543901844295,0.10278548544338077,0.14805080623057812
0.0785217139552868,0.09960757981894192,0.18068908816620896,0.12810124603422854,0.059622629274299975,0.11718756349912716,0.10963400047266077,0.1290777223897913,0.09755845638945455
0.0504547616115965,0.03554045435909676,0.21794868470357806,0.09979615190311421,0.06143767824322072,0.10157959282169819,0.1844301889259314,0.12314351533657127,0.12566897209519293
0.07759902441374505,0.14002056698112852,0.10057880944243543,0.12056619795854488,0.10508620375578877,0.13373016308691496,0.10219652389447247,0.08598063572358755,0.1342418747433824
0.07592824778609973,0.055181239953566365,0.11675375479010047,0.111383456479852,0.07817724351035013,0.11224202020257042,0.1759806408253092,0.12207038548275496,0.15228301096939675
0.0879761129781208,0.06505626029455913,0.1191729713927054,0.12752941715149815,0.1347696305631088,0.11302986384156477,0.09461959610801239,0.13850427147588193,0.11934187619454852
0.10082316898927644,0.11092075069175651,0.10918312735983456,0.12075106703617189,0.0837055050044565,0.11955000686478406,0.11041211916411442,0.12846516573406383,0.11618908915554187
0.12908107428342827,0.09280830775199356,0.0962090499964612,0.12206001699044179,0.11103453777645395,0.11782789112570219,0.09102276845229564,0.11192636251226401,0.1280299911109594
0.0633800853673079,0.09324563828946368,0.20419711567544815,0.11047294808470078,0.05297085150111669,0.0939100494688417,0.1506437076162819,0.10811481775516046,0.12306478624167877
0.10892911842773995,0.1062090952711146,0.09441959249664818,0.11790466055215071,0.11042465098242714,0.11428766666721511,0.10381599759452782,0.1366372825725886,0.10737193543558789
0.16637639743968266,0.07141576631852693,0.10343112510848695,0.13271655761140755,0.06739754476723182,0.1352861880614514,0.10668904200645053,0.13852175103896777,0.07816562764779433
0.07226494087136394,0.2611397885348487,0.11034843441115912,0.10443093496346223,0.06706714667853945,0.11665321629622998,0.08091858634624556,0.08708935437544091,0.10008759752271014
0.09843029625821266,0.17879917272003962,0.10348045380408855,0.11510913347624258,0.07946950384634016,0.1105421514993913,0.09523756433667817,0.11598663944201076,0.10294508461699615
0.10080820901990188,0.1108363250985475,0.10870802990902771,0.12025314427124238,0.0849957598666816,0.11986568839672267,0.11041185646785179,0.12844475846335368,0.11567622850667081
0.0755134721634403,0.04121432977783773,0.12376069678801493,0.11002094887192282,0.06715632606709558,0.11991360812265754,0.18125430806857126,0.11813444427472491,0.16303186586573487
0.0782244182951142,0.1056107405509281,0.0861241282411757,0.12077993000170388,0.2012004286545258,0.10859587794104432,0.0788266072184487,0.0906164864227264,0.13002138267433286
0.09097782192985356,0.08089016229070238,0.11901729185912852,0.12772736315043035,0.07841900034848516,0.12184294430218784,0.09859612759336174,0.13029602338970672,0.15223326513614363
0.07952735744148283,0.15139761721435516,0.07033879041155476,0.0928533677960615,0.07291503687713159,0.08920351939801625,0.2078057343242797,0.08973645407402313,0.1462221224630951
0.1907176586641964,0.10128328307225465,0.09657859948686519,0.1271604623573339,0.03409607021478394,0.16340598139022186,0.07975653944941581,0.10703749418503918,0.09996391117988912
0.1176035583077726,0.06326951701571981,0.10192894429045468,0.13539359064178239,0.12645396828062314,0.13442752544517791,0.099196386726997,0.11758355526925168,0.10414295402222074
0.10080820901990188,0.1108363250985475,0.10870802990902771,0.12025314427124238,0.0849957598666816,0.11986568839672267,0.11041185646785179,0.12844475846335368,0.11567622850667081
0.07529841207058462,0.11845578999371185,0.10501538107236623,0.10410167724209794,0.07060611698704909,0.09818100302651302,0.18923892028775827,0.09550270782974435,0.1435999914901747
0.10080820901990188,0.1108363250985475,0.10870802990902771,0.12025314427124238,0.0849957598666816,0.11986568839672267,0.11041185646785179,0.12844475846335368,0.11567622850667081
0.07585078969459648,0.06694911473266306,0.113181233597972,0.13257382838003676,0.14332504024990234,0.1274216923664673,0.09522564490009348,0.11878798841155504,0.1266846676667135
0.10477038183067024,0.09397348980162963,0.10069344673375911,0.12157770347059167,0.08287551463964303,0.12037850743479957,0.10329890304036786,0.14073208027106762,0.13169997277747128
0.07988312482666608,0.15695232514341279,0.13386426345230185,0.09762306935293223,0.046420255112895305,0.133241154980114,0.12693225115357776,0.0958219926380613,0.1292615633400387
0.10554793988780804,0.04219399371319065,0.11204447752738783,0.12173089900711813,0.06517261113701174,0.12210599579880556,0.16499599446629784,0.12076917414000615,0.1454389143223741
0.07189782348299668,0.03475482519317192,0.13970614216513993,0.10248682698464817,0.11702485712809536,0.10172704679700244,0.19060566319620734,0.08812596329276517,0.153670851759973
0.09135206787026533,0.1796272154630544,0.09086435377313884,0.10233452836348204,0.07401572484606432,0.10118093470902734,0.10416548254492525,0.11211486131883314,0.14434483111120938
0.056104647247063356,0.1829232396524476,0.07447268069997286,0.08716194744004196,0.06183698755613073,0.07735680342499084,0.2474584010109918,0.07737769787919561,0.1353075950891652
0.10845597167399419,0.2329361791014021,0.1087852331666142,0.08942641021421849,0.05427332172925494,0.08365460655411593,0.09565681385139939,0.10732652165519008,0.11948494205381066
0.06995077342324141,0.08718169462713359,0.12494518061928474,0.10889967931378285,0.059530149383129595,0.10474898629812414,0.15883108264165383,0.09926026205228493,0.186652191641365
0.06911017543299365,0.06636875125314999,0.21321347299154123,0.10511901808105266,0.09476759183672528,0.10494883585731048,0.07681250643291324,0.14133332724566983,0.12832632086864368
0.10080820901990188,0.1108363250985475,0.10870802990902771,0.12025314427124238,0.0849957598666816,0.11986568839672267,0.11041185646785179,0.12844475846335368,0.11567622850667081
0.10363557345517488,0.1501760149848116,0.05233604663261821,0.08009953921944189,0.24308343577998878,0.076500958613147,0.060754999815388205,0.07056894478152484,0.1628444867179046
0.09529493852516764,0.10241923239082429,0.13025362249106018,0.11555745597313077,0.09610493999145685,0.11413309941937748,0.10290286291893937,0.13165097428528547,0.11168287400475796
0.16023542698726165,0.06835974980803963,0.1021633449746661,0.12982987733255316,0.0675564545167107,0.1291504991919772,0.10350013582107187,0.1276898585524028,0.11151465281531679
0.08195398139476327,0.21579045889030443,0.1097416166810255,0.10837395848389618,0.07730025697774244,0.11697738082473685,0.08706323634804819,0.09848895548530086,0.10431015491418232
0.11125304451117031,0.060417642535123106,0.10665725239440127,0.09535409717970283,0.05824034397507422,0.10513581612202798,0.18567135082993724,0.14512254548095804,0.13214790697160492
0.09881585217404909,0.11459946918858355,0.1049249345594163,0.1198881030903719,0.105320080036529,0.119456168114494,0.09838481859964737,0.1382630549832867,0.1003475192536221
0.171053497807954,0.05797446904485743,0.12847877414580922,0.11985045413243633,0.07780315217867602,0.1218292200135543,0.08849581342425072,0.12299682768433295,0.11151779156812912
0.07185052225662354,0.28090800609260275,0.11410702044228165,0.11034666278967294,0.055578789845424297,0.12450037159703069,0.08739741928137652,0.09244227764866426,0.06286893004632331
0.11468339747858187,0.1966231903572323,0.1722943037636093,0.08919568586262809,0.06820506847859135,0.08463768277204763,0.0639561258471238,0.1267362186032448,0.0836683268369408
0.12520882148189025,0.2878562977785731,0.09391149398285313,0.09745966465461624,0.050597467191257184,0.08765123038900774,0.04541734151797128,0.09445717524560406,0.11744050775822705
0.057880754948506245,0.25184330143046163,0.1577933001420221,0.11910524092087664,0.03772977326202216,0.11775762284674969,0.08599913307851369,0.08615141838097302,0.08573945498987488
0.1070542632234397,0.11982462495743872,0.10481530559230794,0.10997335724923551,0.1498805906465853,0.11583521315396154,0.07794571902824443,0.10058828026170236,0.1140826458870846
0.10080820901990188,0.1108363250985475,0.10870802990902771,0.12025314427124238,0.0849957598666816,0.11986568839672267,0.11041185646785179,0.12844475846335368,0.11567622850667081
0.06712947115778488,0.21217243885497974,0.12377880231319179,0.10800835041158759,0.147707888252232,0.11412065364852773,0.06626811677513361,0.08116541478830068,0.07964886379826196
0.09783485372053113,0.17871768703358235,0.10970304117944306,0.11422799222542006,0.07909235913005065,0.10938147414098988,0.0937335764647052,0.11501179251651157,0.10229722358876613
0.09605919451915386,0.11256245831801266,0.12090296655281506,0.11670909909114631,0.09655187924988189,0.11269682480462516,0.09725466588987854,0.14351550025522314,0.10374741131926346
0.07703209394486758,0.06264352204251471,0.13943866413549347,0.12180325202609628,0.14358321654225084,0.10211441481716292,0.09477716963388494,0.12330772209254903,0.13529994476518012
0.11558456892049464,0.07707489378505766,0.1119541590022231,0.11407045568122211,0.07350282214613135,0.1258755930794698,0.1482839872300541,0.15720229688302478,0.0764512232723225
0.06936849544099198,0.041055003811883865,0.11189665278436052,0.10060149062740471,0.17441455577619513,0.09773470137243251,0.1290418387899883,0.11666953641822247,0.15921772497852046
0.08187338930437081,0.18679898585763866,0.1806715419640109,0.11155543140747369,0.04325992087344693,0.09817837865236939,0.07848875165630864,0.1385501331773473,0.08062346710703372
0.16703733533922097,0.06402910155293713,0.10941595802760179,0.13071061711062473,0.05533136334919842,0.14218588439203914,0.10202475460470443,0.13002712794624158,0.0992378576774318
0.05430753759221563,0.17998071520390083,0.1275904722295984,0.11345707357609398,0.07666327736101729,0.09760026051592707,0.15219039835761392,0.0712270675920436,0.12698319757158935
0.0780818410452646,0.09090818248264204,0.12413110456338712,0.12239879435660427,0.11693161267229009,0.12864941804047622,0.10486374847588653,0.0932950374510404,0.1407402609124088
0.10038949194510353,0.12163474496458171,0.09580739608422818,0.12066613856058452,0.08423829063646349,0.11829955041464067,0.11356943503872097,0.13428285378952332,0.11111209856615367
0.08170881414409571,0.056087480923617226,0.14548301891372284,0.12752199187684804,0.14305553439921717,0.1143334209532042,0.10137252339947263,0.05836816622965005,0.17206904916017207
0.133734470213058,0.05596759719548505,0.09646951943932579,0.10870023441060754,0.09909482697579437,0.10970898012792113,0.12942245811635048,0.1173611621747318,0.1495407513467258
0.13469234944810612,0.19105231422259206,0.12942253376265855,0.09863897418269522,0.05560364981422103,0.09490421581005028,0.06859873347092453,0.13690711737855576,0.0901801119101965
0.08323991543946724,0.0586636872152085,0.11942862709439721,0.11855799014032371,0.08052860725370505,0.12278922266258345,0.20085429973613014,0.13756882607835516,0.07836882437982956
0.12409611783181822,0.07003623092424151,0.09143355921831224,0.11110823546425051,0.0786742006889762,0.11080292268495102,0.10933096248731268,0.12035463127947532,0.18416313942066231
0.09426088143489407,0.06559754165884435,0.09213475682136844,0.1207527786926104,0.23338872253193055,0.11588294721599889,0.07795936222371601,0.10008223693455842,0.0999407724860788
0.06321410380477421,0.05193984170632898,0.1001207829830063,0.10277376375984076,0.08879660353491063,0.0948176670965059,0.24036803623701444,0.08091656121551137,0.17705263966210735
0.15345551909395683,0.05847630228754643,0.12757149960926062,0.12129073107038779,0.07321408718743773,0.12178465364555373,0.08721544259584267,0.13303239322706142,0.12395937128295285
0.1436494071515974,0.05198657413402874,0.12573610736311527,0.116590205054427,0.041040126141704984,0.11447872831970378,0.1615702237107884,0.13049536050249713,0.11445326762213733
0.07672945564684587,0.16613727491234656,0.11353999570241839,0.11657458895834388,0.10538299362935523,0.11913383760805502,0.08140011979455754,0.11237369279271697,0.10872804095536055
0.08804514800879042,0.12595557406322025,0.1284075293570063,0.10138503954064441,0.06592649144454917,0.09902989911704796,0.14347970360435178,0.11039303289614194,0.13737758196824784
0.11814793961129445,0.18038214358657303,0.08642648542880009,0.11856944547087785,0.07815070958564606,0.1089100003756193,0.07053888484038766,0.09547819738748937,0.14339619371331222
0.08658379133700807,0.08403527895124625,0.12531602744518608,0.12096166626979794,0.13840461672871152,0.12014157975387052,0.09254783168166623,0.12934640787203724,0.10266279996047613
0.11591241406166768,0.09365540185482828,0.15458838991253046,0.0999365890000216,0.02602021349238835,0.09203045662406088,0.13764747284341008,0.13442527429169623,0.14578378791939647
0.18851583575966982,0.07087878179317765,0.10430635994928598,0.12143141999075846,0.10020909476944599,0.11627368150421763,0.08554128362030133,0.10110123182528512,0.11174231078785796
0.074343866838039,0.04659971177371713,0.11119421972368976,0.10943803608496976,0.08349587978936494,0.1105759904322361,0.16986946596812239,0.11726905675313809,0.1772137726367229
0.110212962115137,0.11132108562409089,0.1118934850580648,0.12639809779668124,0.08443261054467675,0.12880195849030382,0.11431815398037888,0.14400842842020503,0.06861321797046159
0.0985799383027456,0.19382757055495936,0.09318423081845471,0.11523540262099068,0.0772921599884354,0.10839593050217179,0.0975190464592884,0.11897357183308126,0.09699214891987278
0.10080820901990188,0.1108363250985475,0.10870802990902771,0.12025314427124238,0.0849957598666816,0.11986568839672267,0.11041185646785179,0.12844475846335368,0.11567622850667081
0.10080820901990188,0.1108363250985475,0.10870802990902771,0.12025314427124238,0.0849957598666816,0.11986568839672267,0.11041185646785179,0.12844475846335368,0.11567622850667081
0.10080820901990188,0.1108363250985475,0.10870802990902771,0.12025314427124238,0.0849957598666816,0.11986568839672267,0.11041185646785179,0.12844475846335368,0.11567622850667081
0.0836923599945346,0.07049737772039492,0.10326773516815164,0.1183244106508224,0.22280556820575215,0.1159369150458801,0.08664976909341433,0.1080981837510729,0.09072768036997687
0.09737465786392001,0.1050694626779645,0.13614517260906636,0.11670584335517492,0.0837209250691361,0.11608714772645383,0.10641477966059193,0.12555007783419028,0.11293193320350207
0.06422276034528546,0.07555916960214348,0.19901737699035907,0.11973570914901326,0.045027422380971203,0.1168936759552911,0.1910182300604961,0.11750261268096214,0.07102304283547813
0.10080820901990188,0.1108363250985475,0.10870802990902771,0.12025314427124238,0.0849957598666816,0.11986568839672267,0.11041185646785179,0.12844475846335368,0.11567622850667081
0.07805856866668152,0.051138659582385254,0.12026901122193911,0.10098341566792095,0.2336407029216179,0.10203812841160813,0.0935387209356054,0.10167291525325396,0.11865987733898771
0.10080820901990188,0.1108363250985475,0.10870802990902771,0.12025314427124238,0.0849957598666816,0.11986568839672267,0.11041185646785179,0.12844475846335368,0.11567622850667081
0.08460704049482703,0.2016137077216448,0.10742265250875971,0.10116596552608688,0.05101526830432355,0.09410397977043533,0.11696490126355653,0.11591638837007667,0.12719009604028952
0.06699757598276558,0.27666942859175286,0.10745065152156634,0.10486029823401466,0.056215725874348664,0.11816663059197731,0.08532131506984819,0.08457835832492788,0.0997400158087986
0.10080820901990188,0.1108363250985475,0.10870802990902771,0.12025314427124238,0.0849957598666816,0.11986568839672267,0.11041185646785179,0.12844475846335368,0.11567622850667081
0.09264613123833926,0.16259963828344462,0.0855191472823648,0.11529342870569177,0.09426430349026126,0.10637608015579358,0.09569583166481692,0.1486155911108832,0.09898984806840454
0.08669837575389232,0.07030635890736515,0.12225746078366924,0.13831294320579993,0.1343491868831954,0.15610618749819966,0.10542114551277608,0.09171323644205254,0.09483510501304966
0.08427921311851068,0.1303612109121822,0.07925234552445926,0.10159130893264962,0.09652148159111841,0.09465750942904211,0.2013483561374515,0.10613166069960016,0.10585691365498613
0.10080820901990188,0.1108363250985475,0.10870802990902771,0.12025314427124238,0.0849957598666816,0.11986568839672267,0.11041185646785179,0.12844475846335368,0.11567622850667081
0.1498907320899466,0.03426230621341687,0.09730122197471895,0.10055438441312982,0.18380218446506405,0.09474408273599834,0.05140917684375229,0.07860036131468867,0.2094355499492843
0.1484057969760386,0.06257806001816457,0.09776213141714664,0.1283285210415823,0.07534765962000249,0.1298434715258677,0.10011678216075064,0.1283780040095194,0.12923957323092775
0.1508554815062558,0.09640025797766523,0.13698214282288662,0.12223825122118788,0.0731889499450581,0.11878884118415362,0.08532849266592729,0.11367005071757087,0.10254753195929456
0.10738489209442222,0.09934626918852385,0.1104892770404723,0.11831747482663095,0.10213149951336782,0.11755681566368929,0.10268376351175344,0.12836270179508305,0.113727306366057
0.09849887082903709,0.049743601057423474,0.1311874086343723,0.10444906980413755,0.11264044013126878,0.10250659481658396,0.15711210086546482,0.10319131833669505,0.1406705955250169
0.0949822342988017,0.0805707876314823,0.13534390310355723,0.1167298129911798,0.07889249888083817,0.11467241948898028,0.1272657048889974,0.11300129937637875,0.1385413393397843
0.10080820901990188,0.1108363250985475,0.10870802990902771,0.12025314427124238,0.0849957598666816,0.11986568839672267,0.11041185646785179,0.12844475846335368,0.11567622850667081
0.11203884142367042,0.18904840776709597,0.08571572058223527,0.1144735766640776,0.08610058017420702,0.10858505321156016,0.09233094694804261,0.11409635509006609,0.09761051813904488
0.10583435184754099,0.0968725494060395,0.07583504494886074,0.10363117591508338,0.09020458479471472,0.10544768484020108,0.1511042780764491,0.12165930405639654,0.149411026114714
0.10080820901990188,0.1108363250985475,0.10870802990902771,0.12025314427124238,0.0849957598666816,0.11986568839672267,0.11041185646785179,0.12844475846335368,0.11567622850667081
0.08805068999468912,0.14845498574743377,0.10786859225501504,0.1022109531653525,0.07104921603636066,0.1004752342313086,0.11729877530452922,0.10312447691248387,0.16146707635282714
0.06026096643712605,0.03255706291031262,0.13691473762565948,0.0990246421145577,0.06011015829486263,0.10229204817999045,0.22531763637304472,0.1102865166863044,0.17323623137814184
0.16170748627892692,0.06774788777104193,0.10195297605463272,0.1299301687705586,0.06716769316752817,0.1292224463658499,0.10329860268161752,0.12762036799170132,0.11135237091814287
0.08269920070640446,0.056421200244369286,0.09944329309109869,0.11267804402439792,0.0905798473131905,0.11343761397134315,0.16983337176743796,0.1191776943756213,0.1557297345061366
0.13263029075675792,0.19973179169706887,0.10345468137241647,0.10189045740732312,0.058032838830910094,0.09559319725413047,0.07531406741891407,0.14129687408930738,0.09205580117317164
0.17317767016286237,0.07652380968475311,0.13653690151413525,0.11927535330350757,0.036365542717941554,0.1173730287849566,0.11980074703166975,0.10531315208244067,0.1156337947177331
0.05345863898128525,0.05052540309961336,0.18670907028281633,0.10853973615850755,0.05395924488542184,0.10843548402885848,0.18236212811301966,0.07886810153173282,0.17714219291874475
0.1729671497681052,0.13030922395405084,0.12344679096558249,0.11115185760750712,0.05341093045014459,0.1022820568022812,0.09077752338624774,0.11887082283957534,0.09678364422650554
0.08936811847006494,0.0966798755894744,0.14573899343172195,0.07799584866006719,0.0717974203340819,0.0860153692783316,0.18744781971337673,0.10939758081207196,0.13555897371080924
0.10082247522421921,0.11091726361766319,0.10915299136611882,0.12072369635993126,0.08377449660758056,0.11956849431693056,0.11041257828312469,0.12846575434109572,0.11616224988333605
0.12823187861465496,0.21996611005126732,0.10944904009966865,0.09983581477467673,0.05815403530030935,0.09477587360211999,0.08074223013039716,0.1290246810632665,0.07982033636363926
0.0765619253273665,0.056382865664406735,0.11648854388062375,0.111816338234895,0.07846237048289399,0.11267812167429576,0.17381248358208298,0.12244998433638622,0.15134736681704905
0.10080820901990188,0.1108363250985475,0.10870802990902771,0.12025314427124238,0.0849957598666816,0.11986568839672267,0.11041185646785179,0.12844475846335368,0.11567622850667081
0.10080820901990188,0.1108363250985475,0.10870802990902771,0.12025314427124238,0.0849957598666816,0.11986568839672267,0.11041185646785179,0.12844475846335368,0.11567622850667081
0.09739066209902351,0.09811155987264303,0.10477149039729731,0.12092129917871182,0.0903533123177418,0.12030097714230543,0.10602855306106614,0.12714493690915982,0.1349772090220511
0.06543463456764237,0.09361544143120665,0.10750407438224052,0.11058516513494164,0.27834530672147856,0.10866571610060427,0.07319196482511602,0.07793233012471625,0.08472536671205366
0.14829467441942068,0.1135197841754425,0.09010690766404093,0.11594568584187508,0.061200376619032826,0.11339112388837531,0.10272292203573508,0.1153437203029188,0.1394748050531588
0.10080820901990188,0.1108363250985475,0.10870802990902771,0.12025314427124238,0.0849957598666816,0.11986568839672267,0.11041185646785179,0.12844475846335368,0.11567622850667081
