0.13532011277838252,0.12207201142900315,0.09686427601226355,0.08260507128400695,0.09595581609613134,0.11166737843621706,0.11911223927087,0.11166487879618674,0.12473821589693879
0.09317711032930498,0.13609784534255662,0.10390719639203967,0.05624120724896128,0.08429235261707686,0.1316208631779391,0.11928989376520953,0.11716326593118563,0.1582102651957263
0.12343970925575504,0.12883070384799186,0.0877973916319907,0.07295482299180366,0.08360521517212681,0.17549015975358553,0.10664622372987737,0.09824516171203453,0.1229906119048345
0.12151064467144664,0.09299292437781669,0.09441920962868651,0.06461043680084523,0.09854492551999228,0.12598954217142666,0.1427172525976136,0.12703236411230023,0.1321827001198722
0.10574712995670366,0.07648873075107508,0.10092591880501417,0.13559132961912088,0.1331027859394107,0.1279472968109904,0.0950910132936497,0.11735493000487612,0.1077508648191594
0.12698627652568592,0.12469255292138415,0.1357329023206181,0.07245202398180217,0.07533416573687036,0.10058073007224906,0.11619523727341957,0.09626964225034562,0.15175646891762506
0.16931874512232958,0.1137445221571947,0.08500174429419467,0.06960426760359771,0.11704839310444592,0.12610226015244308,0.10286444910582267,0.09576333859258468,0.120552279867387
0.08183225827973455,0.07509790280037758,0.3500515430153903,0.06643149355249163,0.04375930996505233,0.06362552405020579,0.08898932894390228,0.0831989556098174,0.14701368378302812
0.13495987024138206,0.14324818599270328,0.09983100561540503,0.06717367641264001,0.08146364861907808,0.12428770995109828,0.12083015841648903,0.11050927460306552,0.11769647014813879
0.12178646888746146,0.12674539514924985,0.09377913132926119,0.13660694494667772,0.07736881116448013,0.12426118565253885,0.10597788968018107,0.09681965433013114,0.11665451886001858
0.1617997236183557,0.09907068669564599,0.09504226038368724,0.05569560896827164,0.09952317852208738,0.10974854635145544,0.12351437471669795,0.10839818826728519,0.1472074324765134
0.134120671598321,0.07802277417259339,0.08312507108341465,0.19861759277550237,0.07822158043625867,0.08885671627374485,0.11991734656936848,0.10398747173342336,0.11513077535737322
0.1837455361334613,0.09568840784594822,0.09141337868426876,0.0603309892560925,0.08491654555631001,0.10687384966511077,0.09811932997712969,0.16113841774466084,0.11777354513701789
0.10482105199095303,0.1017071796101026,0.10461242103005293,0.07487469581852561,0.10074910543324077,0.1362953304827573,0.12563877172534663,0.12093390956758832,0.13036753434143292
0.1242414768691817,0.1136937444408271,0.1243516368489208,0.07422437197439681,0.08838725099143557,0.12426378936493676,0.1203368097380405,0.11685331462730192,0.11364760514495886
0.1524067494209387,0.11306347229432563,0.1007120013140782,0.06562401791620454,0.0881092885664448,0.1003853593645525,0.13529088963924882,0.11381422777682333,0.13059399370738337
0.13869934381023433,0.10783650068359242,0.0884464960469794,0.0808707458605396,0.09151282374308638,0.11105303739299018,0.1256839196759241,0.12378145579877954,0.132115676987874
0.12621944870864868,0.11989976091633685,0.10501528763315825,0.10792897347566761,0.11119124892818612,0.09227185760172017,0.11948110031991255,0.09502658185942685,0.12296574055694305
0.12108352562744325,0.07583910210697502,0.08861691520851185,0.03962364870173122,0.1610586418673333,0.15921453328573407,0.1092756582477743,0.09051826114412516,0.15476971381037183
0.11082618191530763,0.1362744311746071,0.10734923542422592,0.0862116742171483,0.0938436711386283,0.11557871707047174,0.11702568845357562,0.11334550389201309,0.11954489671402235
0.11200353466810975,0.2296509606534333,0.06802939226481498,0.06032105558319012,0.09146244671069682,0.116162469396701,0.10807753263112381,0.0893058000801424,0.1249868080117877
0.1464427122279285,0.08830317558848937,0.09493247732012634,0.11693766508740928,0.11604817350187378,0.09066755009713008,0.11543532639011546,0.12365264821860472,0.10758027156832255
0.12750240826552364,0.08375570077653337,0.09296575282626406,0.15596289335657154,0.08720323146013481,0.13483716087265615,0.1021171203613979,0.11038408667129056,0.10527164540962798
0.146242994448242,0.09849190138031959,0.08621388363128452,0.05907807171458971,0.12207733370229064,0.10269234850751223,0.14208090339965576,0.12899137012073336,0.11413119309537219
0.11451798665483177,0.11145712504819416,0.08351430200744725,0.07424628650058428,0.15272727626654914,0.09596419032953236,0.12679839925092282,0.10918065814792806,0.13159377579401013
0.13973245672791268,0.06268338781276588,0.09660331716850619,0.09447088979129543,0.08324569719280643,0.14607100230275213,0.12745049542706913,0.11022979156926364,0.13951296200762853
0.08496646439280603,0.08992917942628005,0.09205131250826877,0.1516193821411751,0.07728850491930513,0.19154228340765544,0.10350445340476999,0.0898848432494398,0.11921357655029963
0.16228991334878679,0.12108730520016314,0.06872794752096476,0.05007404773221403,0.22731369292488943,0.07223219687185643,0.10780514987522825,0.08325159628002354,0.10721815024587357
0.13532011277838252,0.12207201142900315,0.09686427601226355,0.08260507128400695,0.09595581609613134,0.11166737843621706,0.11911223927087,0.11166487879618674,0.12473821589693879
0.12334277180364096,0.13037484150818238,0.1053231212746037,0.07206620753687565,0.12057099542501735,0.10695584045228863,0.11634102289227195,0.10589837410383011,0.11912682500328904
0.10941809349356324,0.12127718852711926,0.1116562194832557,0.10965360878392455,0.09434034119235929,0.106290746244795,0.11828670470235951,0.10624416644611939,0.12283293112650417
0.1358940690752776,0.08052068827259308,0.08442332899480583,0.04427271313960243,0.17801732583006177,0.09090984287215471,0.137600481753654,0.10920937709500156,0.139152172966849
0.10355874074425879,0.10595540974340745,0.2249360156828795,0.04578100182938355,0.13679206160801846,0.08494819384586598,0.10104197602834553,0.09355415191853306,0.10343244859930761
0.15619888439632132,0.15871617391521908,0.09767020930432779,0.07278212906302062,0.08219596029179001,0.09781366761606718,0.12953811306044902,0.11284452160343698,0.09224034074936811
0.07622285487371289,0.14582678170477295,0.1207323767697911,0.07208646294204692,0.07684788449935322,0.10493037937106098,0.12407953407109495,0.12747458871589165,0.15179913705227532
0.13863347066975054,0.10817465073324369,0.08866435377518751,0.08090760853510275,0.09162784058134012,0.11107823576888413,0.12553045994563777,0.12346130643363877,0.13192207355721472
0.14789379157014493,0.10861135928831027,0.09709566699375675,0.0701345606148875,0.0970712561858786,0.11257619277520446,0.12047059176575951,0.11452789076109349,0.1316186900449644
0.16528748728238374,0.10552613230814235,0.09831092888647257,0.0516996127429557,0.09212853456267939,0.10956066671815967,0.12609098619809492,0.11090813127095678,0.14048752003015488
0.11497218331758984,0.08692116450312486,0.10919272436650207,0.10243621351710212,0.12735720377917156,0.09646555243995229,0.11396807665321518,0.13376356874453518,0.11492331267880694
0.1059810142847702,0.1909272937674338,0.08665550059440241,0.07432186631080083,0.09559056302587578,0.12251272832397375,0.10825754740689132,0.09943377006684308,0.11631971621900883
0.11072168278556725,0.1186409565152134,0.09062126042974734,0.0681017860113098,0.09554672572886802,0.1395469011308443,0.12614225153477307,0.1128302516896833,0.13784818417399344
0.11996628520913326,0.09142761460199363,0.08132360744898619,0.1814634068047282,0.08679151406913183,0.10333535744002832,0.10784396860481295,0.09273381598359771,0.1351144298375879
0.11504187387925746,0.10390561056306902,0.1035791398810557,0.050291084077356885,0.12423872601373949,0.15490823554773922,0.11275241985135753,0.10015289068134027,0.13513001950508444
0.14003434250319288,0.08189986332076842,0.09125479852493205,0.10526536872487573,0.1347265454029147,0.09388103095334048,0.10946309903642833,0.13380789419928127,0.10966705733426624
0.14397304291637011,0.12548652117141146,0.08407541177915921,0.057731306893250976,0.16235487875607993,0.10126807449511777,0.11096165861072088,0.09148685077147768,0.12266225460641204
0.1055576845829553,0.1424043593459293,0.09696635231587443,0.15935089797584845,0.07428484325254177,0.07895111517517937,0.11896381228977082,0.09460039428513811,0.12892054077676254
0.13481705909430686,0.12919685537814796,0.08433285792316593,0.08680170137874936,0.08070719237241898,0.1418508965086971,0.11100842730266204,0.10453608439598744,0.12674892564586437
0.0793029114396676,0.15456790110836727,0.09352242418021335,0.03501151198684931,0.0883579841166061,0.1563155994801743,0.1391185889202288,0.12127632175030334,0.13252675701758995
0.11823542169368974,0.1124583419691635,0.08243130955119593,0.18984481275925913,0.07302136889765316,0.06899231435877075,0.12989252722759623,0.09852501723638678,0.1265988863062847
0.11916436262954637,0.05796508757502231,0.08164181632607527,0.13606071127176847,0.13079483155899344,0.11664541540329702,0.110796945915691,0.1088715955487687,0.1380592337708374
0.1315142444842581,0.10036820121841732,0.09499964685513633,0.10936074181743281,0.10917662690080142,0.12461830754019089,0.11169722154685073,0.10315606359792702,0.11510894603898526
0.14149756170321817,0.09194910769940855,0.06237744478270684,0.13475700021097026,0.16999997466054775,0.10457174727754985,0.10724611887557771,0.08070568747344678,0.10689535731657411
0.13662178674033218,0.10310066127775568,0.10215792878617358,0.08249783815256921,0.09759115549713794,0.10826001275292407,0.13509538002609484,0.11856051561131208,0.11611472115570054
0.10524893637297765,0.2489935601755615,0.07645013757779433,0.05461087567762768,0.07003818772892119,0.10453403828898322,0.12414248513448485,0.09945445363993706,0.11652732540371254
0.11394596736616226,0.1278139608767225,0.0883282640204594,0.16902833951922377,0.06968442328169501,0.13018105225629442,0.09902121559757782,0.09042966743498863,0.11156710964687618
0.09820808781129348,0.08923875598419917,0.3180699752359492,0.02728959204331827,0.10135330803232834,0.07028314125034933,0.09708898503323254,0.08475881866374789,0.11370933594558182
0.15868774527063587,0.10250286510195679,0.09680611053459844,0.05675935289399093,0.09853759522540574,0.1128303268187652,0.12154098236722671,0.10847975173809783,0.1438552700493224
0.12865065275348614,0.11691508465557332,0.10767314495807911,0.062050816647936914,0.09713521816001965,0.11766589037608598,0.12045106867959049,0.11126062763758628,0.1381974961316421
0.14262905731164743,0.11132895616121818,0.09469210219398039,0.06980713002671776,0.10439589874790856,0.1083508941395883,0.12962875472411825,0.11891702473595649,0.12025018195886462
0.10077233844559501,0.1654986435626599,0.10690965552505051,0.07051260396845221,0.08911246303015075,0.10407528990729081,0.11767634427428918,0.1293516325693055,0.11609102871720622
0.190384107362269,0.07252520342564821,0.07149878633794075,0.07503769778051121,0.07856693054245162,0.09600954919024425,0.13804807108890746,0.1454407614804835,0.13248889279154408
0.14528073620006024,0.10173361096835287,0.08088704934516476,0.08128297678212272,0.09958225704123269,0.07696379985021297,0.09278213088214489,0.16244935294679563,0.15903808598391322
0.13532011277838252,0.12207201142900315,0.09686427601226355,0.08260507128400695,0.09595581609613134,0.11166737843621706,0.11911223927087,0.11166487879618674,0.12473821589693879
0.20821907362932854,0.1065794354553985,0.08481356116622678,0.050132541897113525,0.09340562615437824,0.10824221817565717,0.10405533598259982,0.10512222904983816,0.13942997848945934
0.13793414438406096,0.12150591796046535,0.07472756213707747,0.12178396290518588,0.06105226580104675,0.1980966002839064,0.09525818391062034,0.08823785618214862,0.10140350643548822
0.16113094871217004,0.15087531127640724,0.09405921886416098,0.07087741765030459,0.10050049030754105,0.0890720503357537,0.1140417249431816,0.10057648560481265,0.11886635230566818
0.09950377981082315,0.10245512925802168,0.28905924922356824,0.046010473462253954,0.055732190495603816,0.08745111166845108,0.09637381244114485,0.09460748703470907,0.12880676660542412
0.12220809050785458,0.1557482664360108,0.08951454895267423,0.07350714387973693,0.08884599272599696,0.1099082755693208,0.12180150570221338,0.10690842810216356,0.13155774812402882
0.07451081299002821,0.14692751044391403,0.12364916456745272,0.07181163185328465,0.08247655485538372,0.1169442245242232,0.11858084271126505,0.12736768169301102,0.13773157636143743
0.11933751777310109,0.12047095783156954,0.09194197652046437,0.08097042410646889,0.08960030046335826,0.15294968224599728,0.11193832463115681,0.10995933256056924,0.12283148386731457
0.11727565709001979,0.09685412076344996,0.08430419409208904,0.15691581552463185,0.06765787171127548,0.14390003432061152,0.10949527975791624,0.09283564661650234,0.1307613801235038
0.13560855996852297,0.19394649841601885,0.0785584212445876,0.1016134824311334,0.14864277732101908,0.06427584682561154,0.10120242527533747,0.07596480590447222,0.10018718261329691
0.12711666731440316,0.1261464038645784,0.09233143449970638,0.08359211347748895,0.10590614847049608,0.12253208808808118,0.11399493148475477,0.10258671375983493,0.12579349904065618
0.11007680029276656,0.08998497813380224,0.08790516736935132,0.23182858616231883,0.06894436315613078,0.12181550762589193,0.09381081188242217,0.08908548661492571,0.10654829876239047
0.13971820645895863,0.09468413415683301,0.0658188882810956,0.06439891696853788,0.056020423066911657,0.28239761755924475,0.1035180025555849,0.08929242400693034,0.1041513869459032
0.12119352997405188,0.08412290551544149,0.10069962397639941,0.09254285762766812,0.13930879030213716,0.10517373617966148,0.11196370116441585,0.1352441435878455,0.10975071167237904
0.12915248123816636,0.10720463851478873,0.099085262906269,0.07248079572872708,0.09041429406302819,0.10659496631104326,0.1300406152212599,0.1250078724137729,0.14001907360294463
0.1484530121629009,0.09158195560202047,0.12785919939759555,0.07206836426452141,0.08902439072135726,0.09968287624627581,0.10828433906364959,0.13703784049129572,0.12600802205038333
0.13455917260281186,0.11356775935228137,0.10487256520188921,0.13334975039982852,0.08261805917073094,0.11444977876705396,0.1113299221159878,0.09992800288824573,0.10532498950117064
0.1572673221199182,0.09669141038663398,0.08854445002980714,0.054254490942035806,0.09560679553200253,0.13670072952208898,0.10811996586856369,0.11241257398394315,0.15040226161500653
0.13193928069963018,0.08084063902992147,0.09177141430771579,0.06565946490691388,0.11291054373797525,0.11546366139921149,0.1203255982273848,0.1288852715817734,0.15220412610947376
0.07420364718524125,0.15603214511715427,0.09437517027015485,0.15049133921132277,0.06188206639816574,0.11182660604973226,0.11331674430065632,0.09325532659010159,0.144616954877471
0.15257323172084322,0.09811161630607497,0.10134990918418825,0.06616006388978503,0.1007540784945359,0.12038332500399607,0.1294212045507214,0.11812654300449237,0.11312002784536283
0.10752788993500788,0.1339179197951941,0.10958270648099992,0.05929994377955448,0.1391746656858273,0.12501981793166408,0.11350919322788762,0.09909842794737413,0.1128694352164904
0.13585823300572508,0.10554515268903737,0.0834183272688247,0.04902542814462547,0.1624397167048456,0.10890096318560337,0.10118654994252245,0.12480687695376252,0.12881875210505342
0.14431971342455543,0.09714425064135596,0.09879321681229518,0.07213294092145246,0.10586999466340678,0.11606843650929895,0.12515464263678824,0.1130210105574438,0.12749579383340326
0.08901997458465709,0.2241751487263167,0.08531604643400154,0.0701079525670536,0.06916656034650055,0.0770678638474938,0.12761517631254385,0.14486508537379442,0.11266619180763839
0.12888828398627564,0.19872323740141684,0.1019715224526367,0.0653262693499929,0.08007974514239329,0.10288168771632317,0.1177623631902009,0.110120414984956,0.09424647577580458
0.1298185838823044,0.12173093791890495,0.0964684121685803,0.11003853574169652,0.09338416065694273,0.10700334928274353,0.11600984106551311,0.10448399675216515,0.12106218253114942
0.16926822068262504,0.0632943569962003,0.07677897821042363,0.04720042478838549,0.23362563628537514,0.08199089324956994,0.1113241822415646,0.10858160517253657,0.10793570237331933
0.12709376368679015,0.1274631990509846,0.13743012002384355,0.08915154844337658,0.08146463558583772,0.10473338187451131,0.09838633632846276,0.1121310358275034,0.12214597917868997
0.11106999480718815,0.08002252721948122,0.08409229324112066,0.26960547257486317,0.07374025533588967,0.09413722343715403,0.10294178413351389,0.08094549443092057,0.1034449548198687
0.15963333898408483,0.10078185309615771,0.09679502618121953,0.07150546902875966,0.09460517231150928,0.10917500356128872,0.10790853792628492,0.13014061993300474,0.12945497897769054
0.12504373590394105,0.1125940092698615,0.0971110125132582,0.06077292194991046,0.11234404813535476,0.13814188017794007,0.11637513890702983,0.10507532691516881,0.13254192622753536
0.10923810975688153,0.13619653510535298,0.09118762767771282,0.07150526299440664,0.08680097336225144,0.12276026404604845,0.1290638425446421,0.11166047860690746,0.14158690590579656
0.12276544193858592,0.09156965815832786,0.24629133403120337,0.0372147461928256,0.06307905406155968,0.09324941507110336,0.10371278996814064,0.09641357319505228,0.14570398738320126
0.13728655830238554,0.09905448642954268,0.09370814530895373,0.07886325024986561,0.14207989747271546,0.11408065473760476,0.11098690243773779,0.10703832757947267,0.11690177748172174
0.13532011277838252,0.12207201142900315,0.09686427601226355,0.08260507128400695,0.09595581609613134,0.11166737843621706,0.11911223927087,0.11166487879618674,0.12473821589693879
0.08654078648166945,0.10128596298907629,0.27941871422366193,0.05000997916180335,0.07201143001492032,0.09483097168975219,0.09525710927372887,0.08999764386548699,0.13064740229990066
0.1590186727575113,0.10223532178310846,0.09671180506187449,0.05646967026799509,0.09859205608879244,0.11283108830913073,0.12156481986650342,0.1084275390878196,0.14414902677726452
0.12977004010244517,0.10569303809256209,0.09852387873804284,0.07192898301299196,0.0896923764094751,0.10579083739141691,0.13087626894066137,0.1263552009242778,0.1413693763881268
0.18824771072575738,0.11397038912785358,0.08178226351236402,0.07633295307413299,0.08527038208371042,0.10218093564028725,0.10828439418949538,0.11331982287293811,0.1306111487734609
0.2022231569601939,0.10777470138908175,0.09035137386306909,0.06941771115932294,0.07809968056520909,0.11526899657668759,0.10762912308257648,0.11584618453605655,0.11338907186780262
0.11978690736680435,0.08160033742815768,0.10020324364787835,0.0931340875611102,0.1438612326470365,0.10437264314667542,0.11116183346216128,0.13738102188453014,0.10849869285564616
0.12650645852269696,0.09582090942445286,0.08844417765263334,0.0988529609060748,0.09413683350812417,0.1436348310674089,0.11433314367604656,0.09747009825568483,0.14080058698687759
0.09082953749257816,0.08585909534789778,0.33043353007744797,0.03825221220432277,0.05427675301327839,0.07931820873715804,0.09638237304662846,0.09297850941251606,0.1316697806681723
0.12275936084939837,0.1414420047759852,0.09028509880729123,0.14096621856442124,0.09829214252856833,0.09405583276972136,0.11328968543462203,0.08258286343204056,0.1163267928379517
0.13100616209437005,0.16271173965282915,0.07506570983264647,0.08753485138224316,0.11947869907391147,0.08482631247317594,0.11615045694485737,0.10779597039235585,0.1154300981536105
0.13532011277838252,0.12207201142900315,0.09686427601226355,0.08260507128400695,0.09595581609613134,0.11166737843621706,0.11911223927087,0.11166487879618674,0.12473821589693879
0.09164895127227397,0.0801313283555572,0.08829142720313783,0.24429885790673397,0.07207760279712506,0.11297784723957349,0.10714419383544839,0.08845782606928045,0.11497196532086962
0.13532011277838252,0.12207201142900315,0.09686427601226355,0.08260507128400695,0.09595581609613134,0.11166737843621706,0.11911223927087,0.11166487879618674,0.12473821589693879
0.1370483736286194,0.10400133388486439,0.09810993160021492,0.08161984931387453,0.0915496722238031,0.13719337371526982,0.12062401973136054,0.1071750856851663,0.12267836021682699
0.14324984944304536,0.06747848007194115,0.09579604765700965,0.0679239310377261,0.11991764146263366,0.10968953195868307,0.12188758624774415,0.13370371866237185,0.140353213458845
0.12096314811374731,0.12689058988452565,0.09329150537688569,0.13997694873631863,0.07650903918846576,0.12490024842253346,0.1052370037480998,0.09610093495445708,0.11613058157496668
0.10603871997247405,0.07743876803628882,0.2564803383308822,0.06318271390768097,0.09302485720315563,0.07997161758157528,0.10143528067524073,0.11247153199266269,0.10995617230003958
0.1316107541871715,0.13488442385672061,0.10391771179568292,0.08134897984960555,0.09512766604751392,0.11149893014744527,0.11187989621231442,0.11116883631300052,0.11856280159054532
0.13868475273074107,0.10791176871980508,0.08849504699510502,0.08087893249285698,0.09153846918512942,0.11105869797426339,0.12564977746466952,0.12371004636315752,0.13207250807427204
0.13588194618498875,0.10945952502760642,0.09071562975040282,0.056999951562231456,0.10976616507624455,0.11339367871422225,0.10717475336286202,0.15993617573621405,0.11667217458522768
0.24709337316877034,0.05956228107828282,0.05905819024958703,0.03449898966857942,0.12729066030947225,0.08073462959651877,0.10240730505991598,0.1144175087913424,0.1749370620775309
0.12309624062150286,0.0962447414768009,0.07492082790762483,0.17646545763811364,0.06520453865175692,0.1457706857364684,0.10396943804650978,0.09071642991789547,0.12361164000332736
0.17126196649945144,0.07369627815038342,0.08771646031973383,0.0489362697581824,0.14886724972327922,0.11337044938285457,0.11178243463478259,0.10619759958290959,0.13817129194842298
0.09795376947824301,0.14649872775198391,0.10115515421014089,0.15488182674027692,0.10011235861869806,0.09974728928932286,0.10645315965056106,0.08252814986263925,0.11066956439813402
0.1013804087138432,0.08743677992922139,0.26836019478882883,0.056377347016302336,0.07743052771961699,0.08233803058792973,0.09668358651474014,0.10758520478242202,0.12240791994709532
0.155959303866723,0.10471190999360581,0.09748749274472275,0.05921600439725566,0.09811939894480103,0.11280562670575807,0.12133275596696295,0.10890100466816466,0.14146650271200611
0.13532011277838252,0.12207201142900315,0.09686427601226355,0.08260507128400695,0.09595581609613134,0.11166737843621706,0.11911223927087,0.11166487879618674,0.12473821589693879
0.09905882522058224,0.08844701570801759,0.07126372567848784,0.1605282995303939,0.06527078068373908,0.12684633583886654,0.12726324051629012,0.10885047223365119,0.15247130458997146
0.10762673679551228,0.12116168867209313,0.11263063786554628,0.11200758185148897,0.09415549772604094,0.1058141949523516,0.11815822416026306,0.10579839820968732,0.12264703976701645
0.13876175431007345,0.10751212081378271,0.08823688047594734,0.08083558588922347,0.0914020101217759,0.11102830089000003,0.1258309543629596,0.1240901810757757,0.13230221206046175
0.10578976525100663,0.0741096173821466,0.08521981105917249,0.25939638624207123,0.08021239743520694,0.08209428889839404,0.10004144473725736,0.1129328466750024,0.10020344231974225
0.13532011277838252,0.12207201142900315,0.09686427601226355,0.08260507128400695,0.09595581609613134,0.11166737843621706,0.11911223927087,0.11166487879618674,0.12473821589693879
0.09311203339549308,0.0750250891278267,0.06737528676539045,0.07942779146213184,0.24951462293311968,0.09467468694351179,0.12506764979978377,0.09880513824613439,0.11699770132660829
0.13855843248589828,0.04641865056024918,0.08692537911674149,0.08939547222931758,0.06633194278346011,0.1297382295243887,0.1278253349406308,0.15080256494584762,0.16400399341346628
0.12949944828004675,0.09595491764641884,0.12384579415141946,0.06698223584224407,0.08255205938752071,0.1443500275273969,0.1201193098426353,0.1263016404718273,0.11039456685049069
0.12218360820426567,0.11757829541320032,0.15919916502242737,0.06639272916038827,0.07797629763499607,0.10414932232144254,0.11280425086951039,0.10876712403771094,0.13094920733605844
0.08856567185030456,0.0811623508062788,0.09346555850091802,0.10784425645132129,0.12881396515860744,0.08333547311993365,0.1106942100477787,0.17955303258921584,0.12656548147564167
0.07585080015643068,0.08726841926909246,0.26972260816819194,0.11119023571741742,0.04879077686420136,0.07187773060977344,0.10198124547128327,0.08706503826332906,0.14625314548028034
0.08765475579201225,0.08946244937792092,0.31222086757994005,0.046415836762498275,0.05719870171915506,0.0842648939105569,0.10841570025433152,0.10355121623022395,0.11081557837336108
0.14270865381112038,0.08798828493536354,0.06798801892816102,0.09196474936923398,0.18057583035415678,0.10755133257405382,0.10155562872443318,0.1176205952082564,0.10204690609522088
0.15764580737432282,0.10334563146031599,0.09708663441381223,0.05768294904652637,0.09837163707100194,0.11282472102984313,0.12146389545584717,0.10864250806978569,0.1429362160785447
0.17569641321037846,0.15002963805872843,0.11090617864179965,0.07451796408925665,0.06292615125229058,0.1322159499261057,0.10790172282825822,0.10677841068481292,0.07902757130836938
0.13995701296825067,0.0857287055212641,0.09270485051155904,0.10290170457380939,0.12908586367122046,0.09594684390014911,0.11086135693457566,0.13120547749207764,0.11160818442709386
0.12352060854713265,0.12053357584189121,0.0946323244191621,0.143376595317761,0.09019125456813165,0.10159005566807457,0.11198888094673103,0.09751465814293109,0.11665204654818472
0.13532011277838252,0.12207201142900315,0.09686427601226355,0.08260507128400695,0.09595581609613134,0.11166737843621706,0.11911223927087,0.11166487879618674,0.12473821589693879
0.13365039785951885,0.13153709673927216,0.07938055999503323,0.088550169527136,0.07633920250002159,0.15492546011263514,0.10744647886679078,0.10135092487796982,0.1268197095216224
0.12001841974938732,0.12109803122399039,0.09176182592945185,0.06080069334166088,0.08770491672294457,0.12367351539312325,0.13055882309190345,0.1146286021536369,0.14975517239390143
0.13996238184813092,0.08555270779815856,0.0926429306331505,0.1030093842579808,0.12933553387168906,0.0958537710513543,0.1107995023785144,0.13132220823354204,0.11152157992747942
0.1464678858374866,0.11481180556548194,0.10596682507748395,0.07514646203633985,0.08783236839518412,0.12420990422279198,0.11799958174720486,0.11447807641419834,0.11308709070382834
0.12006712099162264,0.09176757349958321,0.08145212772646963,0.18011486366751414,0.08693607060409243,0.10346706700414116,0.1080615414127995,0.09300514523571361,0.1351284898580636
0.1479468756160259,0.10079989631756477,0.07101152509378496,0.0917609543992041,0.14070699458828317,0.11213132718273655,0.11895365225049108,0.10428268051305611,0.11240609403885336
0.11260312457788575,0.1046734095770722,0.10413066657326024,0.058536908068681746,0.12319158435136211,0.14507217955731064,0.11530856686694758,0.10870286271103435,0.12778069771644537
0.08458601910233211,0.1116330140225776,0.09135799753733531,0.16217695489274453,0.06323939043708589,0.1112152034257073,0.11688331008531354,0.11298375459605081,0.14592435590085295
0.12808751789390463,0.13643430987736557,0.1157854800228234,0.06745435978778024,0.10545932139077331,0.09894434708011746,0.11142944708180952,0.1148826473463575,0.12152256951906844
0.11478147996771611,0.05119031406587857,0.07734302496936298,0.2731161357399106,0.06603118574723035,0.09458335234438553,0.10239372392122931,0.10936892642672363,0.11119185681756294
0.11124654988354817,0.12946219777126408,0.10047019747753384,0.08054206841781898,0.08204510395487392,0.16194208974013177,0.11287718436205363,0.10667739173336081,0.11473721665941468
0.13197943603871023,0.10081669701654307,0.09521602164388766,0.12287099205159406,0.08738369334701872,0.09833317131436202,0.11809691869971556,0.11993470148974521,0.12536836839842336
0.13415944671442767,0.21596105826666614,0.09420078751054954,0.06358448500142473,0.08331346805305746,0.0786852646908052,0.11169725725131174,0.11148845308591976,0.10690977942583783
0.13532011277838252,0.12207201142900315,0.09686427601226355,0.08260507128400695,0.09595581609613134,0.11166737843621706,0.11911223927087,0.11166487879618674,0.12473821589693879
0.08793467987499048,0.03611756386378257,0.09784942402182184,0.38558854907939927,0.05782587305336868,0.041494325155070434,0.11604922264428742,0.08921986302783706,0.08792049927944219
0.13556672384400784,0.12534324690355939,0.09967343379086464,0.0847270691395859,0.08545822776836635,0.11136324337266564,0.12172502412580229,0.11377237694599347,0.12237065410915439
0.1487991736405894,0.09909494843321438,0.09754099758476738,0.07259393210091815,0.09770710957454642,0.11937982488400162,0.1141766478593283,0.11535054050822775,0.13535682541440655
0.12229691190065246,0.10086954851004924,0.09518142434122123,0.07611539501116768,0.10227150782981272,0.12014159865414265,0.1257637503840168,0.13065857940968192,0.1267012839592554
0.12086466310182475,0.10637475840634636,0.11434241761122359,0.07179400145729224,0.10268039406441687,0.1214089569840559,0.10712367364376307,0.1347466897649163,0.12066444496616087
0.09352105915896462,0.1045476435592236,0.2928242050455401,0.05280649675590212,0.055918297727023815,0.0858662849439415,0.0951257846921753,0.0945062560636332,0.12488397205359582
0.08203695119593095,0.10629394571932793,0.0995061015411577,0.0638501080449488,0.13093974853104742,0.10118217651457502,0.15940658012683442,0.12014856564536935,0.1366358226808084
0.14350349737789533,0.10979053559164718,0.09372017201350998,0.06822838050330955,0.10600663936632994,0.10780263834785926,0.1312387179211144,0.12013254689635805,0.11957687198197631
0.14228890632717456,0.1118967193495591,0.09501699767049958,0.07040789056678379,0.10383180021164128,0.10854751570534653,0.12903704367756672,0.11847718289308075,0.12049594359834771
0.13532011277838252,0.12207201142900315,0.09686427601226355,0.08260507128400695,0.09595581609613134,0.11166737843621706,0.11911223927087,0.11166487879618674,0.12473821589693879
0.13532011277838252,0.12207201142900315,0.09686427601226355,0.08260507128400695,0.09595581609613134,0.11166737843621706,0.11911223927087,0.11166487879618674,0.12473821589693879
0.1553433250584292,0.12366468233476398,0.09608018751289633,0.06250365207619991,0.08488405367885592,0.10511222883856759,0.13044715575932012,0.1169398382729686,0.12502487646799829
0.1189421419202344,0.11408911093805178,0.10474546941120726,0.07755430257696894,0.10681325633185335,0.1210889589601809,0.11895403881802769,0.11620686974159633,0.12160585130187936
0.09156613303207613,0.29487644060029056,0.08519878287643336,0.05152507434140708,0.07397390627998846,0.08498330441497305,0.11038037058957377,0.09990817506502547,0.10758781280023216
0.10296143862511843,0.26443410186296606,0.09496627983780437,0.04959469163468227,0.06461174130615052,0.06797843612913035,0.1166829476499272,0.11384843375643637,0.12492192919778455
0.13484805728161228,0.13715880831666777,0.09147132073602195,0.05479681160826414,0.09060515248875534,0.13906305955886203,0.1055066880248708,0.12265259973932423,0.12389750224562146
0.1335936177565841,0.07771330564426705,0.10016539688328402,0.10590545865305527,0.07811080167960738,0.14638607511062177,0.11518220306713038,0.10691732747290965,0.13602581373254038
0.1414799189782094,0.10183143244243786,0.09250051553564065,0.07142422201216654,0.11256629851235295,0.10716150859344735,0.13213425920740982,0.1153016850344466,0.1256001596838888
0.12561059891813595,0.07100724450428778,0.08619001455357206,0.086132061445867,0.10916121543258345,0.09230159507560069,0.1287698913863842,0.1658977938553469,0.134929584828222
0.1074168657003043,0.11205832610503898,0.08151872295511313,0.15508203245359017,0.09008346744864963,0.10931609201167247,0.11227628757226756,0.09507990729768166,0.1371682984556821
0.14095482346214694,0.12056236958586246,0.07724977291005748,0.06348909565833001,0.152779803195589,0.07951148894172894,0.12718268425643997,0.10720805365779151,0.13106190833205375
0.14437988479588357,0.0751552799919693,0.09726609090967897,0.10573837493229217,0.11430454572325416,0.12929193365142802,0.1168541932851046,0.09770936758678277,0.11930032912360648
0.14182037580722104,0.13825376359266614,0.10278765072830416,0.05638811209089258,0.0836924491289507,0.12826369224891687,0.11395153335587342,0.12255183488203253,0.11229058816514255
0.12302754715305338,0.1071418400816786,0.09280052709306175,0.1532227440355154,0.11485576961334698,0.09128208247382069,0.10672386974742136,0.09446500474048748,0.11648061506161443
0.12169042238930967,0.10481804556933465,0.09393859571889367,0.17567376799111592,0.07768332731398762,0.11778768550267353,0.10635882619602995,0.08786950038526649,0.1141798289333885
0.13532011277838252,0.12207201142900315,0.09686427601226355,0.08260507128400695,0.09595581609613134,0.11166737843621706,0.11911223927087,0.11166487879618674,0.12473821589693879
0.10606936240187699,0.11390020207578833,0.08632815785858942,0.2365064199114697,0.059846735144876505,0.13515910308945092,0.08691548624985435,0.07194653400355434,0.10332799926453935
0.2539661812767487,0.08449208858337794,0.06865477589409298,0.044210561887511025,0.07847679316918064,0.09577711952958874,0.10509811652171241,0.10808457537961157,0.16123978775817605
0.1143700632065379,0.08955805805514079,0.08727524024396642,0.200810119127373,0.07289948425043928,0.09816116467926837,0.11405522518655585,0.10082619872704031,0.12204444652367819
0.14672596304069438,0.06697120517662224,0.06747026203201269,0.09864362312997317,0.07986156822581157,0.15524513205603627,0.11545359064176937,0.13300332350356667,0.13662533219351367
0.12511245979491756,0.16659520012421913,0.08656239742367411,0.06634585342645039,0.13306842044019965,0.09254388762909899,0.11422155805487334,0.10054152288998329,0.11500870021658355
0.123382581012854,0.04981980412439647,0.08560388458381463,0.19276409808536288,0.06844229828279144,0.10800491175064882,0.0890231317570548,0.10907592988597421,0.1738833605171027
0.16562050518276103,0.12402134147340703,0.08961900117965875,0.09919311533909751,0.08278564037998974,0.09233003196555382,0.1083207608041638,0.11103887660053191,0.12707072707483652
0.14553551274220958,0.09819870089780626,0.08653032159101033,0.04904281647629909,0.09775241563871122,0.18160720478044132,0.1074856160473802,0.09870660597400534,0.13514080585213667
0.1314536192695319,0.1029829149113169,0.11460698814576126,0.05707553210564361,0.10002732220627543,0.112734752362051,0.12446151870840057,0.11106144620480111,0.14559590608621822
0.10903922780311763,0.15128146724557667,0.12825361638067906,0.07962035347915443,0.07294435792212495,0.13586107064937566,0.09313840185102086,0.10953637732721484,0.1203251273417358
0.11946071708062922,0.1335001673130443,0.09952332683294902,0.15000299296337471,0.06520549984895913,0.08989548600027002,0.12642114610335414,0.10111002869159162,0.11488063516582787
0.14568227155871646,0.0910846945383509,0.09586100543618337,0.11348740549852891,0.11341032838875927,0.09258271468417245,0.11601646509679553,0.12257302795132081,0.10930208684717224
0.13532011277838252,0.12207201142900315,0.09686427601226355,0.08260507128400695,0.09595581609613134,0.11166737843621706,0.11911223927087,0.11166487879618674,0.12473821589693879
0.12671024899216468,0.11504365304255378,0.10671502438681002,0.06689335618706378,0.10071350589963501,0.11866863284655105,0.12515907785597893,0.11911371168098599,0.12098278910825676
0.16356818957825855,0.09855341489699314,0.09516571329020412,0.05265609526264884,0.09944123092135732,0.11278810132104315,0.12185856362145531,0.10768033231847914,0.14828835878956037
0.11212708923435437,0.12154768845111485,0.114049803468947,0.08228453932255074,0.09713180376955244,0.11082112320702524,0.12172765679807203,0.11374960429496093,0.12656069145342233
0.10792752758332987,0.05955519950636302,0.24045638673238734,0.1364464692392013,0.046007046379459675,0.07975920146658529,0.09191659293223124,0.10192290235803679,0.13600867380240553
0.142334439561288,0.1121309854005254,0.09982986403612766,0.07598641372277816,0.09390448889310908,0.10338570201289372,0.12905046010943458,0.11143548179344137,0.131942164470402
0.139852541567539,0.08842736133021857,0.09359776148485703,0.10126145645821767,0.1253751695452482,0.0973516200203937,0.11178091707281723,0.12944827908716425,0.11290489343354432
0.1041417640147871,0.0757434085837748,0.07294790559067285,0.29300149674177633,0.057918809997766524,0.12069739996947226,0.09523439048338149,0.07336236818857633,0.10695245642979234
0.12446572965549108,0.11771020227603977,0.12051621398961737,0.08649810631631533,0.09203188110498878,0.11201931338066705,0.10866789903117742,0.11604415397538431,0.12204650027031894
0.1560259378704271,0.09482989741870707,0.12350362357007993,0.06250971748650484,0.08388409566207376,0.10431442538012099,0.10421320664572183,0.13195816583702,0.13876093012934435
0.13994378251520537,0.07915261010821399,0.10075559800045138,0.06081717149797659,0.11991902374667057,0.12166173422481712,0.09906295713670926,0.1566316472093028,0.12205547556065281
0.08949259615346768,0.09006191747998789,0.25955064763903085,0.03790575736615428,0.0571293360006648,0.14128087589967223,0.10209173054729699,0.09382251102267063,0.12866462789105468
0.11565895449571865,0.12957294220372528,0.0984647302260672,0.1061724901095739,0.09911173231147029,0.11773162762803151,0.11196249016371566,0.10977948147492274,0.11154555138677474
0.13532011277838252,0.12207201142900315,0.09686427601226355,0.08260507128400695,0.09595581609613134,0.11166737843621706,0.11911223927087,0.11166487879618674,0.12473821589693879
0.1347620037615562,0.11651739164038925,0.09559799180037631,0.08451661180381768,0.12175850694826641,0.1026894748551634,0.1149558154634252,0.10703722183837543,0.12216498188863008
0.12997485411690615,0.11414054694893934,0.09587700244095942,0.11650270554987464,0.09302236765427074,0.10505867581696428,0.11478662431634346,0.10679082818395702,0.12384639497178491
