0.1133509190446695,0.09462971141895116,0.1318279906893213,0.11019010132986924,0.11141971001481543,0.08545349218468568,0.10467888434856132,0.1342527488288143,0.11419644214031206
0.11132288522884821,0.12313762761923808,0.11889215149027373,0.10636057413339566,0.1128698036268058,0.07792236116120739,0.10821759679559251,0.11421782686938127,0.1270591730752573
0.10704412572095279,0.08693014103851436,0.121336201336024,0.11306021234893343,0.10849325529236664,0.09485435199660087,0.09700612993531565,0.14198201611852526,0.12929356621276702
0.11573145107840506,0.11109904987659563,0.1389947785134459,0.11261901119397226,0.10964583425825762,0.0810468601495085,0.1036059603165042,0.12731597074209278,0.09994108387121807
0.1133509190446695,0.09462971141895116,0.1318279906893213,0.11019010132986924,0.11141971001481543,0.08545349218468568,0.10467888434856132,0.1342527488288143,0.11419644214031206
0.1133509190446695,0.09462971141895116,0.1318279906893213,0.11019010132986924,0.11141971001481543,0.08545349218468568,0.10467888434856132,0.1342527488288143,0.11419644214031206
0.11945243418294631,0.12694332860968563,0.10207654041210601,0.09879567861996415,0.11161835694890425,0.08903572562575464,0.07979699048820572,0.14581715361369293,0.1264637914987404
0.10826066981483744,0.15564780790334254,0.10189008868945547,0.10967429203707235,0.10373212689194354,0.09232520443812582,0.10863153054030006,0.11373206849382078,0.10610621119110204
0.15093809232354605,0.1234790370929747,0.0910962990331146,0.12811568488386896,0.1285985019701638,0.06005258503034664,0.07299454069451093,0.11113037034446438,0.13359488862700994
0.1133509190446695,0.09462971141895116,0.1318279906893213,0.11019010132986924,0.11141971001481543,0.08545349218468568,0.10467888434856132,0.1342527488288143,0.11419644214031206
0.12049312807309294,0.12892681501466063,0.11083126132694904,0.11084961689630933,0.11279015345408733,0.07118597018000936,0.10105439100997149,0.13533228283062482,0.10853638121429504
0.07470304111124106,0.10692064372239769,0.07543768817038368,0.09033005194353853,0.09237012817438837,0.1581912690111343,0.15615826886094672,0.07292031577523272,0.17296859323073688
0.13670897322177153,0.11947974142574058,0.08765103636537173,0.14655130373077407,0.12218849404665344,0.09246855352493599,0.08407740425656261,0.11437420743682081,0.09650028599136923
0.1251481166029388,0.10429179105020984,0.10173507041548253,0.09948419466795883,0.10905325824829687,0.10464798194689685,0.10779391693611055,0.13111114136947785,0.11673452876262791
0.11900666289085989,0.07226112836598711,0.1125321485656472,0.10617245490552596,0.10835964442402148,0.1828671952319915,0.07786122451246195,0.1014596488492678,0.1194798922542371
0.10679323618588094,0.10648674965553402,0.08945865981785962,0.11992407128625378,0.1149741607240022,0.12651615904935368,0.11412952711524428,0.09851021297192553,0.12320722319394595
0.1226174727320238,0.09537815963379827,0.09922127428004564,0.11560713746056189,0.11417351216973504,0.11202717390672012,0.09055668180155697,0.12487690299018378,0.12554168502537452
0.1213023251290443,0.19093818856403524,0.08173216686705803,0.12189209388497498,0.10634289642896368,0.060178844083215964,0.1008563802402667,0.10038774759859381,0.11636935720384729
0.1133509190446695,0.09462971141895116,0.1318279906893213,0.11019010132986924,0.11141971001481543,0.08545349218468568,0.10467888434856132,0.1342527488288143,0.11419644214031206
0.12360841662004736,0.09670295796407254,0.11104663975321112,0.1127754538032127,0.11455730402914932,0.0881618952533501,0.09779722759230434,0.14545958178771146,0.10989052319694108
0.11216692008746172,0.11152269634592386,0.10512964750858778,0.08895636428019012,0.11441631933229351,0.07822001922529873,0.10343777286864343,0.18584473167170926,0.10030552867989155
0.1133509190446695,0.09462971141895116,0.1318279906893213,0.11019010132986924,0.11141971001481543,0.08545349218468568,0.10467888434856132,0.1342527488288143,0.11419644214031206
0.11215670054528726,0.10768949688692524,0.1227704307511303,0.1094985726066638,0.11776387050583854,0.07536469602524994,0.10422432517402776,0.11782571238805624,0.13270619511682089
0.11418548601561733,0.07753390640063233,0.08460828823309063,0.10855128274157548,0.12089285958990796,0.08295147642625253,0.07726821020892412,0.1742572866094244,0.15975120377457522
0.10798309232189357,0.1077277062597352,0.11527673571226875,0.10683213172091903,0.1085730434583047,0.09875889289784695,0.1085786648825225,0.12575691305171693,0.12051281969479237
0.13564900122563164,0.10487401875635988,0.10978816036442246,0.09004346709522658,0.12536987220388063,0.07780090459673504,0.09338070958907137,0.11628188393619049,0.14681198223248196
0.10468879453961227,0.0894163884437328,0.1254884439516701,0.11636664946814623,0.11654032227722695,0.07975339160100184,0.10185129397574046,0.12278337295296043,0.14311134278990886
0.11181219480249094,0.10197568787444754,0.11741605813352914,0.10834273008743951,0.11192358088454636,0.07331609786380057,0.09512635920577987,0.1696419873554412,0.11044530379252493
0.11232426652779826,0.0893686029411075,0.12096813020349205,0.11389766654652562,0.11854676270933055,0.13092564021687797,0.08768199920929122,0.1261201748504077,0.10016675679516918
0.12232939117378722,0.10469416515835024,0.10382057018217984,0.10976419591638388,0.09234664505818609,0.10992263680732166,0.13793423794111825,0.10491128012826474,0.11427687763440804
0.1033370160522518,0.1645761371083696,0.06619035366942007,0.12068214638367114,0.13689695909585897,0.06255585958277064,0.13547113646082207,0.10258882101548612,0.10770157063134962
0.11237628169676823,0.09367809871594557,0.12136368200425557,0.11122156148034036,0.11064624373308063,0.08701710681040163,0.09916056732614852,0.15455415498476038,0.10998230324829901
0.12202567105125434,0.09567122148164398,0.11805813961560724,0.13680122497656405,0.11604567926120272,0.09000904224516498,0.08872809610641208,0.10412466365065041,0.1285362616115002
0.1058473545198565,0.10405658905793562,0.1468929471098656,0.10638156102491884,0.10859439820476101,0.10096981495510395,0.09592424760845188,0.12135447022033279,0.10997861729877383
0.15098425636994292,0.1279548951416929,0.10573365680593204,0.14123474151893897,0.11953662916378453,0.06165777879627352,0.09076323049953737,0.1255613078118901,0.07657350389200772
0.14500301681158673,0.11944947347551164,0.09340042809162658,0.11735222509896005,0.10926904191471931,0.08806305041707252,0.108827795329748,0.10118977646985838,0.11744519239091673
0.0821492859136204,0.11937029797517222,0.07001597407834091,0.09501889494377953,0.09409838373753932,0.13344105631550593,0.15664056676889296,0.1075767368092921,0.14168880345785664
0.11585575029421435,0.08762544611328438,0.11243271765037721,0.11832014536631554,0.1091339543620875,0.11623790068064199,0.10645583502458127,0.10575543450082601,0.12818281600767176
0.14873615981796384,0.12081873509098623,0.10201447199089397,0.1351371319020049,0.11838931243225155,0.04506008480470699,0.14296848640223647,0.08911110076911656,0.09776451678983944
0.08358136404731474,0.10012178842982304,0.08228070350538899,0.09463318851084505,0.09700849589200305,0.13922636282765294,0.16136053204327577,0.0935627884665637,0.14822477627713276
0.1133509190446695,0.09462971141895116,0.1318279906893213,0.11019010132986924,0.11141971001481543,0.08545349218468568,0.10467888434856132,0.1342527488288143,0.11419644214031206
0.13203033379995693,0.10034084102108075,0.12485070440731778,0.11633298648083999,0.12005155679997703,0.07843791333441207,0.0969450091283417,0.10899116245347358,0.12201949257460021
0.1133509190446695,0.09462971141895116,0.1318279906893213,0.11019010132986924,0.11141971001481543,0.08545349218468568,0.10467888434856132,0.1342527488288143,0.11419644214031206
0.16092791271040016,0.08610746530540943,0.10322013118593386,0.1224728553875421,0.10238587386283175,0.06205192098387099,0.1459220880765639,0.1251057387874557,0.09180601369999203
0.10453903019807764,0.10372022862993496,0.13376232043211947,0.10806803498796673,0.10806826358353604,0.1030144753897756,0.0903631730387001,0.14287733840705277,0.10558713533283672
0.1133509190446695,0.09462971141895116,0.1318279906893213,0.11019010132986924,0.11141971001481543,0.08545349218468568,0.10467888434856132,0.1342527488288143,0.11419644214031206
0.1133509190446695,0.09462971141895116,0.1318279906893213,0.11019010132986924,0.11141971001481543,0.08545349218468568,0.10467888434856132,0.1342527488288143,0.11419644214031206
0.10152478175806902,0.10752047791234266,0.10628705430277402,0.10608927160932496,0.10654364180310096,0.12409493699637568,0.10283296269135796,0.11855979722495684,0.12654707570169788
0.1133509190446695,0.09462971141895116,0.1318279906893213,0.11019010132986924,0.11141971001481543,0.08545349218468568,0.10467888434856132,0.1342527488288143,0.11419644214031206
0.10980704729186253,0.13698854442028627,0.08770379609247524,0.09855235275878703,0.11064648615835833,0.06153105419935332,0.14776169697093175,0.14001490853452261,0.10699411357342296
0.1133509190446695,0.09462971141895116,0.1318279906893213,0.11019010132986924,0.11141971001481543,0.08545349218468568,0.10467888434856132,0.1342527488288143,0.11419644214031206
0.11230374886301675,0.09364335682518356,0.12063930832609744,0.11129008430334895,0.11058343216431028,0.0871323204831571,0.09876278719080955,0.1559164359844429,0.1097285258596334
0.1133509190446695,0.09462971141895116,0.1318279906893213,0.11019010132986924,0.11141971001481543,0.08545349218468568,0.10467888434856132,0.1342527488288143,0.11419644214031206
0.10739427747898185,0.1574769550515833,0.1052019047427079,0.1346382820622287,0.11082865925477474,0.06584118039314033,0.09842854544823003,0.12932315462391322,0.09086704094443994
0.12895848962720763,0.13731303640830517,0.09258096377898702,0.11528496462993441,0.12053796334422984,0.07846938997480131,0.10942130782109705,0.10134064597621538,0.11609323843922227
0.14019689223405138,0.0871011425063744,0.08066430387131922,0.11945255471358766,0.10158956932527201,0.09468390585027296,0.13299797088783497,0.10578167841023105,0.13753198220105642
0.10760320951943174,0.17038933521865351,0.07658201738171698,0.10956240191871462,0.11331080919924218,0.09070938839069193,0.13279117527200404,0.10175624710710006,0.09729541599244497
0.09978410752693996,0.10536897986952783,0.16983787571440737,0.1109351995997409,0.12189316055413633,0.06756627820150049,0.09280945104094923,0.10897379456816875,0.1228311529246291
0.13289698833312988,0.0981172062642978,0.11807464885154739,0.1209666266513772,0.11219372909706656,0.08418532511210186,0.10550802656739172,0.11011842078298002,0.11793902834010754
0.13278677924969182,0.09617979328691827,0.1177595073825063,0.12924769035041983,0.11106005091217608,0.09021930044248198,0.1110124339434519,0.13805835348425596,0.0736760909480979
0.11051684633449661,0.09824389750811278,0.11345680695454284,0.10718681383776078,0.11042495882837695,0.12083995297397325,0.09713114722599585,0.12462483256672958,0.11757474377001138
0.10706643718001023,0.10230883287359051,0.12576899151835721,0.11164105415285382,0.11481398112701009,0.06655974715287331,0.09907188153658392,0.1433393934318513,0.1294296810268696
0.10610020591498077,0.10458990462659946,0.14374299457245954,0.12249350713289331,0.11637391534894159,0.11403091483555165,0.08174156312785223,0.11771671462842993,0.09321027981229157
0.1133509190446695,0.09462971141895116,0.1318279906893213,0.11019010132986924,0.11141971001481543,0.08545349218468568,0.10467888434856132,0.1342527488288143,0.11419644214031206
0.11626445388112004,0.11253845530118307,0.10849268689937876,0.11633776377856375,0.10867006947448814,0.06971931349592847,0.10830571405248761,0.14944736049766785,0.11022418261918232
0.17019899387725657,0.08530863557302547,0.09795953413718989,0.1240082037720371,0.1003864076616245,0.05917654793779461,0.15261705792397776,0.12242771662195906,0.0879169024951351
0.12852884435459086,0.09167086478617438,0.17556396215483847,0.10115609099678108,0.09761691912389885,0.0933258367991117,0.08713926059437677,0.0952102177537038,0.1297880034365241
0.08956894188819771,0.15099837151531723,0.11182804131716922,0.09406636496504667,0.10506629826895227,0.16620311939250768,0.08069843692571788,0.1090402991306391,0.09253012659645225
0.12718026850218592,0.10291330336109673,0.13593840300758583,0.10012730359732445,0.12703964531025644,0.05753031831750254,0.09468294798494815,0.11430733942287225,0.14028047049622758
0.11463753944570902,0.11579199991891471,0.1185880252744892,0.1224093358159329,0.10971056108340971,0.08408441393507295,0.11006262538786367,0.1093029790466632,0.11541252009194465
0.1133509190446695,0.09462971141895116,0.1318279906893213,0.11019010132986924,0.11141971001481543,0.08545349218468568,0.10467888434856132,0.1342527488288143,0.11419644214031206
0.1428634936486836,0.12778173608677507,0.15754960571011287,0.12822192211699876,0.10560810275907395,0.051742366988630856,0.1103551067996205,0.10860184892140357,0.0672758169687009
0.12212876364139913,0.09642490425815457,0.1187925126750778,0.12017048555900815,0.11163708748545938,0.08067350261667872,0.10076954304502526,0.14312064452695802,0.10628255619223896
0.11357871234114052,0.09385254451072127,0.12753094217014826,0.11027386145239804,0.11215963282249601,0.09321282603980265,0.10171691680756556,0.132609910462452,0.11506465339327572
0.11235241635685779,0.14111078137273905,0.11052589423878377,0.12172876649122509,0.12229602825957364,0.06905232953292512,0.09237249349615917,0.10922120833397504,0.12134008191776124
0.12763756870874157,0.09898986289861855,0.1275199079209643,0.1234765008495931,0.11315330323284607,0.07636197282832291,0.10736408948360121,0.11794950558692119,0.10754728849039115
0.10481396395286735,0.11437936020433748,0.1750624494479149,0.10720464262878604,0.11762447422690982,0.05607493126926651,0.11339336732382647,0.10398443354550445,0.10746237740058706
0.1028220187652848,0.109693627392605,0.08821843797674606,0.11388186783854076,0.11237938394496368,0.12868061326154828,0.11518776144913563,0.09504366717657602,0.13409262219459991
0.1133509190446695,0.09462971141895116,0.1318279906893213,0.11019010132986924,0.11141971001481543,0.08545349218468568,0.10467888434856132,0.1342527488288143,0.11419644214031206
0.14137968125327588,0.09722211558276266,0.1071175666721396,0.1384346616368258,0.11133408320755774,0.09300580379349782,0.11144544364273247,0.13668561408368252,0.06337503012752559
0.11339242249942928,0.12400409361435417,0.09928162466733902,0.11538021345533993,0.11231485324291923,0.07478139676839163,0.1256420940757341,0.11907779503204018,0.1161255066444525
0.0904480897238475,0.17866172434123032,0.08962591374189399,0.10850572763532974,0.1068203286768269,0.09126477213420407,0.09431398242875748,0.10799939626954175,0.13236006504836823
0.11359821680346018,0.09377766206639866,0.126998288185387,0.11027260119869975,0.11224010403663547,0.094224973151231,0.10135397834278541,0.13239299081263925,0.11514118540276332
0.14270403486194574,0.09331212809013716,0.09349031096420307,0.13423666836350623,0.10778838248476551,0.0560210373270613,0.13012876083232408,0.1177372213023059,0.12458145577375097
0.11269599394241513,0.108197836416887,0.11523101202047835,0.11180327126864797,0.11582130644473176,0.08936794736886884,0.11460433251555514,0.12404246887063652,0.10823583115177937
0.10071090678374016,0.14261073828185225,0.12251990610017192,0.12383801041179736,0.12341775696246533,0.09520182902403714,0.0803790600402088,0.08657685618298881,0.12474493621273815
0.10987881525170155,0.11393048639904353,0.13379247710682576,0.11891199807844399,0.10715284037703914,0.07377487795923716,0.09412267210419052,0.14434172055152075,0.1040941121719976
0.14768214485247874,0.08128593662492738,0.1427684571694998,0.12137152583169247,0.10122194933669663,0.09510639246589621,0.1337839971689701,0.09710859523452024,0.07967100131531844
0.11269599394241513,0.108197836416887,0.11523101202047835,0.11180327126864797,0.11582130644473176,0.08936794736886884,0.11460433251555514,0.12404246887063652,0.10823583115177937
0.1166203047912578,0.1209225963649418,0.09755353632049596,0.09060235269588869,0.11489901592788922,0.07357113197825428,0.1060830393845665,0.17935433079152927,0.10039369174517639
0.11564213832092603,0.1280356009420305,0.10383399117652854,0.13707819665920704,0.12777708552554404,0.08652173238656684,0.0886459202577491,0.10582555833245012,0.10663977639899778
0.11976342732928502,0.11622652630764134,0.17582131964750222,0.10722860342472292,0.10540185341619403,0.08096371634617978,0.07113029895903729,0.10099960831503403,0.12246464625440341
0.1308709293045248,0.09908143830514153,0.12354066800383563,0.11643365860840817,0.1206785588207057,0.0864387726378567,0.09635518369680629,0.11249373219818641,0.11410705842453484
0.10740543445521071,0.09481226910569278,0.1719100338006079,0.10864506149063158,0.11088522053339113,0.062164084000106805,0.12311990457447337,0.10145937090995154,0.11959862112993415
0.10723734690874724,0.0901420012340906,0.11423540397346087,0.10665079950881211,0.11011257063875385,0.07776551161049108,0.1489885001706386,0.13208946800017887,0.11277839795482673
0.10415985303877208,0.08612864522752521,0.11796443295221892,0.12262394359480903,0.12423198566030212,0.11483505675272825,0.08835461269065903,0.11810069047960892,0.1236007796033764
0.10680183736696791,0.08991165363906155,0.12423039462942594,0.1119630595961693,0.11042758377678452,0.1127016101785675,0.09591451551521779,0.12761293717070019,0.12043640812710533
0.08072609348487968,0.12393038960653531,0.07655057977066289,0.100335578770402,0.10911935143586275,0.15446662882670428,0.1007860602719554,0.07771396001921609,0.17637135781378155
0.11721875316621773,0.18162217747096768,0.12414603649548234,0.10353188829897646,0.1373301938230215,0.05943564855156772,0.0767927841310848,0.0952091145519291,0.10471340351075271
0.1074672564963959,0.10107081486226444,0.11238519164010324,0.1106159133554478,0.11483872262189532,0.13127206685990664,0.09488987384127308,0.1216417041936584,0.1058184561290552
0.11708666954846676,0.11353373362226198,0.1373801085938006,0.10883431001712669,0.11653424877249569,0.06407968034601914,0.10437569983061035,0.11725757311685348,0.12091797615236548
0.11121110613340958,0.10528854347496082,0.09710862035709805,0.11310990782023428,0.11342155022895305,0.09241975297390469,0.100109652921689,0.16332783768910344,0.10400302840064697
0.11586950839814227,0.08829546107110527,0.11409773118107881,0.11782359396229351,0.10959889560991777,0.11269098640666797,0.1066906702666847,0.10773775274858162,0.1271954003555281
0.11328666163202777,0.10736851964767487,0.11692337417081168,0.11439594978665746,0.11119480229761962,0.08843870787961551,0.11398143342194601,0.12400508371020662,0.11040546745344049
0.10369221314814782,0.09613734535747882,0.13877157572382467,0.11383280157412794,0.10738075603787978,0.07619539483809976,0.09695542441934041,0.143730314838376,0.12330417406272487
0.10961320462928252,0.09747149578827329,0.13519093994692402,0.10925223785492676,0.10730608900272044,0.0874900489800957,0.0961873906749084,0.1453360122138638,0.11215258090900511
0.11158661256139742,0.10196149066265853,0.11954681056123047,0.10130502872905141,0.10909576628019158,0.08069599390351138,0.09599110192929548,0.17490166267397197,0.10491553269869174
0.11360292179417388,0.09375899762510605,0.12686103754295808,0.11027187127405225,0.11226044750954722,0.09448761294287329,0.10126055569112191,0.1323366797476624,0.11515987587250494
0.121975371638077,0.10376380157040117,0.1062283948367685,0.13168223052888003,0.11623231653924933,0.12195992614774982,0.09657475362522534,0.09422441184421804,0.10735879326943065
0.11440797951200964,0.1108899052800516,0.13150672062647362,0.11389531002924158,0.10640202320794682,0.06870872541679161,0.07920361750755094,0.16740945950562394,0.10757625891431033
0.12324218023642741,0.16557260190185227,0.11153766401368026,0.12603340946960928,0.12400124600400579,0.05103371036647292,0.06737919282170161,0.16260163941936104,0.06859835576688933
0.1149065214566267,0.1183156070497597,0.12287120381675849,0.11704051090029549,0.10829448693142867,0.0705918114551104,0.10313844669266754,0.13206723368474169,0.1127741780126112
0.1169434494856074,0.10103086076623047,0.12296461475964134,0.11367564128745393,0.11159078371894154,0.08364599572057137,0.10598955134385374,0.1273116367311798,0.11684746618652046
0.10693127120733996,0.117857953670865,0.11828180029362285,0.11073020678621653,0.119137860330775,0.08668208733762534,0.0992801453953663,0.10792052965486766,0.1331781453233213
0.10543101745141477,0.09037189108096039,0.10411054874984411,0.11109127732991708,0.10832555496096054,0.08592592965335137,0.13407718194890347,0.1369114014591162,0.12375519736553216
0.12294255282894762,0.09277652360348788,0.10495679994627166,0.1172588612126619,0.12098277775453885,0.12105784218731953,0.08406872320200835,0.1383712812360601,0.09758463802870417
0.11122694460499062,0.10833389179009993,0.14603049161015597,0.10788123861272607,0.09950939259310161,0.08675230955774932,0.10397839881775685,0.1254630591566402,0.11082427325677947
0.1082918379008339,0.12021573251945143,0.11436220302542682,0.11041384024684325,0.10458443122784426,0.07875222015753851,0.1054883180631299,0.14254782600684948,0.11534359085208246
0.11808386397604699,0.09644800853753577,0.13055417138962114,0.09932947818233617,0.1290578713016445,0.06310995648714533,0.11889637081825181,0.11900301659117207,0.12551726271624622
0.12155103438417625,0.11593129776891546,0.11732624539233912,0.11772626656200863,0.11232590298682205,0.06863077279334491,0.11147926890764892,0.12134790718897527,0.11368130401576931
0.13859185186203746,0.10652291810720547,0.12910666734126108,0.1224696381942005,0.11054461563073914,0.07336974291243821,0.09821046743957547,0.12660955472110738,0.09457454379143522
0.13577387286652207,0.12957618291955988,0.09726136215114763,0.13872805104248617,0.1084330586579453,0.09082226056499725,0.10060092104694572,0.11681443588498808,0.08198985486540793
0.11367288646150593,0.09310936932920338,0.12034621161051995,0.11005268156720462,0.11304676847199763,0.10782330734851664,0.09684773291094069,0.1295000869910785,0.11560095530903274
0.11646949597554988,0.107403429989246,0.1251422528854159,0.11813649336710048,0.11895630140430567,0.11809783992926219,0.08622712736761107,0.12258943939653193,0.0869776196849769
0.11534381040244857,0.08093056501932068,0.11447521647743329,0.10783120132454149,0.12359918480298283,0.07119982986691631,0.08052846085445348,0.16871695207693072,0.1373747791749727
0.11845171719386148,0.09507048357141745,0.10568618249331106,0.09754070218731807,0.10891247646148745,0.1185499555980053,0.10255335670298267,0.13586161775242728,0.11737350803918926
0.13999498417886766,0.10476673319573389,0.08344123260044617,0.14392965614605943,0.11048298643544303,0.13694744772319545,0.10233563963486725,0.12180261136200114,0.05629870872338594
0.11242273089769698,0.10324686178876886,0.11795490164640472,0.11464769225793109,0.12420703189499323,0.10392207442423616,0.09234493157071182,0.1158940728180229,0.11535970270123426
0.13677641044690272,0.10438080753190972,0.11434241837059304,0.11942646559925608,0.1183858618950593,0.06785013671505881,0.09931086554646588,0.11578564841106724,0.1237413854836872
0.12486978707388922,0.09721012164947229,0.10851735308988197,0.1130835209497847,0.11488014720101218,0.08858959952258261,0.09678764534992679,0.14677622323387293,0.10928560192957726
0.0952061274576238,0.09407956470169294,0.09537814961344089,0.10515109243013367,0.10816235800920797,0.13405532602632805,0.09970949245092897,0.11110631769653101,0.15715157161411272
0.1133509190446695,0.09462971141895116,0.1318279906893213,0.11019010132986924,0.11141971001481543,0.08545349218468568,0.10467888434856132,0.1342527488288143,0.11419644214031206
0.1133509190446695,0.09462971141895116,0.1318279906893213,0.11019010132986924,0.11141971001481543,0.08545349218468568,0.10467888434856132,0.1342527488288143,0.11419644214031206
0.1133509190446695,0.09462971141895116,0.1318279906893213,0.11019010132986924,0.11141971001481543,0.08545349218468568,0.10467888434856132,0.1342527488288143,0.11419644214031206
0.1107635594817835,0.12047901472605231,0.08276407093214959,0.0838842603416637,0.11208091686085121,0.07555422420011972,0.08726465536685113,0.2305038248704051,0.09670547322012375
0.10553374349197413,0.10256046729856465,0.1338190259103551,0.10832014784368953,0.10849856993826378,0.10079862241429721,0.09181221707440823,0.1421025451537757,0.10655466087467162
0.10677638084587071,0.1162312983138248,0.08974489761680864,0.08331032454373144,0.10999531925081092,0.08735553932425431,0.10095604396295814,0.20839784048662013,0.097232355655121
0.10468879453961227,0.0894163884437328,0.1254884439516701,0.11636664946814623,0.11654032227722695,0.07975339160100184,0.10185129397574046,0.12278337295296043,0.14311134278990886
0.11382526750196613,0.09917270753122624,0.11357859984281532,0.09467903230329683,0.10479239822230856,0.11226394531804403,0.09704217674638072,0.15011604327517497,0.11452982925878726
0.10836281803770186,0.09859691353074078,0.14059654291996826,0.10892081344089677,0.1058323049872344,0.0798838727229146,0.0980038072631964,0.14938814048746293,0.11041478660988396
0.11420481592741728,0.0961458045117528,0.10022329841592144,0.11491631247543126,0.12199255299333957,0.07471140099310064,0.12466200016830836,0.13106029214683307,0.12208352236789559
0.10117758077952545,0.10688100234546156,0.141499042115075,0.1075645805228333,0.10360020752188827,0.09400856073848048,0.08572628289322594,0.15641477401571874,0.10312796906779127
0.11140000657874265,0.11995713202690199,0.15017333147524833,0.11077470820606417,0.11199167894977659,0.06472910365165076,0.0969156852218468,0.13338929472961167,0.10066905916015696
0.11269516500554473,0.10820844514922155,0.11521911931713565,0.11180394344443984,0.1158237544848109,0.08937086767389256,0.11461134093842827,0.12403501614253765,0.10823234784398887
0.09725210998693856,0.1075988292414447,0.15149840159027664,0.11862414075478195,0.1175269694799388,0.07334036243894497,0.08803516287744473,0.12225067087875933,0.12387335275147038
0.11964224893722246,0.10444137575051438,0.12537676899182093,0.1124913543081895,0.11157063943072681,0.07333170149743135,0.1103203250458809,0.12929373981909562,0.11353184621911794
0.1032901748332347,0.08567441474345737,0.11268663428780512,0.12372593724058549,0.12707654742419613,0.15445403175308828,0.07739273172635047,0.11246630382295901,0.10323322416832342
0.15717958116451022,0.07945032818894747,0.10944454335814646,0.1313113994772497,0.0994070219817035,0.07521866290381356,0.15575614059362206,0.09313022389341807,0.09910209843858898
0.1133509190446695,0.09462971141895116,0.1318279906893213,0.11019010132986924,0.11141971001481543,0.08545349218468568,0.10467888434856132,0.1342527488288143,0.11419644214031206
0.14663046140469602,0.17351689221415365,0.06334991116126616,0.11625085984511403,0.11590481858839381,0.07691472434742809,0.0523571259251898,0.09221675458849721,0.1628584519252612
0.12405575794791163,0.11623536378576295,0.11023216916593437,0.12011969015247866,0.10885460965815837,0.07479788387382169,0.10993931703573172,0.10582320174523825,0.12994200663496244
0.1322578802482081,0.1080336780436012,0.10702274364592941,0.13916647622044334,0.10988818517804295,0.0923904695252415,0.11250062857344145,0.11930900593251433,0.07943093263257774
0.11207960202237542,0.09464371811186596,0.12532992041057028,0.11318659653697533,0.10945840358508348,0.09077322337796907,0.10465159067215053,0.11895851174123341,0.13091843354177649
0.1133509190446695,0.09462971141895116,0.1318279906893213,0.11019010132986924,0.11141971001481543,0.08545349218468568,0.10467888434856132,0.1342527488288143,0.11419644214031206
0.12510811204809769,0.0855484625907722,0.16155089679796375,0.11496171856145902,0.1182175729699065,0.09444390711281936,0.104764792195688,0.09730179507725022,0.0981027426460432
0.127506592123243,0.11213971376309169,0.11565465212373689,0.11370704207492584,0.12764042091037203,0.06954281910035061,0.09510201785719519,0.10164440219841243,0.13706233984867236
0.11786640228184798,0.10242186973945255,0.11554888689906118,0.12443396249591632,0.12500819110083147,0.07689986960947844,0.11855895469120907,0.1249451554807493,0.09431670770145363
0.1539880099876347,0.10057139114862741,0.10748346833518364,0.11116238604964139,0.09817522622925423,0.056681951448385615,0.13107968387310115,0.15443941984746143,0.0864184630807104
0.09911413386275703,0.1127051719023648,0.13236479438459242,0.1081441890833109,0.11594481745090056,0.09463039683384163,0.09688214280780517,0.10906132621564145,0.1311530274587859
0.10448609638920829,0.10254908043615439,0.09024127767613359,0.11664329054243704,0.10956556047492234,0.11405877621610068,0.0996797259025351,0.13414746457615054,0.12862872778635803
0.08864265864814135,0.12993424639959095,0.06774945664969628,0.11531257361121616,0.13189020797888826,0.09907457849274824,0.11177108784760569,0.10199240616085374,0.15363278421125945
0.1133509190446695,0.09462971141895116,0.1318279906893213,0.11019010132986924,0.11141971001481543,0.08545349218468568,0.10467888434856132,0.1342527488288143,0.11419644214031206
0.11827429861297743,0.09502699566291271,0.10672196706654469,0.09796258304613349,0.10905372863259377,0.1169919447204709,0.10272425187228545,0.13589652868807742,0.11734770169800407
0.10636561987106856,0.1018957672867994,0.10155926420914448,0.10787319770939735,0.11305459674355706,0.0806273386758944,0.16175345730606708,0.12058457434090292,0.10628618385716881
0.1133509190446695,0.09462971141895116,0.1318279906893213,0.11019010132986924,0.11141971001481543,0.08545349218468568,0.10467888434856132,0.1342527488288143,0.11419644214031206
0.13302114791060596,0.09569325233217275,0.11598945467573536,0.10605813215579575,0.10165261868333623,0.17898273017820399,0.06299911044219224,0.1060061944667841,0.09959735915517355
0.169567571799084,0.11518172369255668,0.06325607938617103,0.10234768547741076,0.10133712620513728,0.057942875085717084,0.12827958709767934,0.1823814332272423,0.07970591802900162
0.10435086207838946,0.12389048649488636,0.06711630785347263,0.09221453740348662,0.12563465521877293,0.08678840106790071,0.1130683809201669,0.1425966166092734,0.144339752353651
0.1257879151330704,0.11063559559576934,0.1445865022570563,0.12246606006823106,0.09368656326736509,0.1036966794250405,0.08705919173762484,0.08675242269751297,0.12532906981832947
0.11874353724128961,0.12805331408683016,0.11048659773672055,0.11577891332771763,0.11745606959242379,0.06251871558842986,0.11000906615314028,0.10853408548614445,0.1284197007873036
0.0901483892419428,0.11508243670655051,0.07816360764003027,0.09545672054063074,0.08868723164946424,0.15581564949024287,0.14160525658380427,0.07469926644444556,0.16034144170288878
0.1133509190446695,0.09462971141895116,0.1318279906893213,0.11019010132986924,0.11141971001481543,0.08545349218468568,0.10467888434856132,0.1342527488288143,0.11419644214031206
0.11360437584485061,0.093753173412898,0.1268178251990503,0.11027160721608709,0.11226681937342992,0.0945704591704107,0.10123114994361088,0.13231891592312886,0.11516567391653376
0.10450945735000529,0.08621584498042101,0.12507527506308908,0.11494278280261867,0.11203274150431057,0.08466365139884775,0.09581938833190413,0.15457247779162028,0.12216838077718323
0.10836281803770186,0.09859691353074078,0.14059654291996826,0.10892081344089677,0.1058323049872344,0.0798838727229146,0.0980038072631964,0.14938814048746293,0.11041478660988396
0.15467286102559505,0.13359135201537922,0.07987826913384713,0.12921177213451504,0.09615211329181932,0.05560177759872558,0.13962927641305167,0.12506386571541295,0.08619871267165417
0.11221861724731656,0.11107760573746062,0.10579056248895985,0.08930033859160952,0.114389222749632,0.07835834958517571,0.10352383802513926,0.1847311006710992,0.10061036490360724
0.10457452134194146,0.09426053003785961,0.1303523680158307,0.10697303036685317,0.10232223386995642,0.08203030634083992,0.09393722586652353,0.17920807270183423,0.10634171145836095
0.12943819869257406,0.09540377505914176,0.08633470472569599,0.09799519035126947,0.11158230991630858,0.13226979626772947,0.09077125837352518,0.14383720759903643,0.11236755901471922
0.10296354362539051,0.09441342274351727,0.11952282504974727,0.11376975856480175,0.11428889217278519,0.08911726099282587,0.10211597744321814,0.11967588983565784,0.14413242957205616
0.10988649100845399,0.09080212496652755,0.12436348950695057,0.11098543454722432,0.11140332342512342,0.1073821064592554,0.09736527984103217,0.1296730503899882,0.11813869985544435
0.1312501408506379,0.2055299664521204,0.08674674065486217,0.12234037946152411,0.10933505921140295,0.0640381050954721,0.10484292269103118,0.08662528743685882,0.08929139814609033
0.10257680537264656,0.10872138650585499,0.13994977384680202,0.11041696541659778,0.1129286584277633,0.07438044706720176,0.11581053763325744,0.13447153996502337,0.10074388576485281
0.11238198539439274,0.09368100770591009,0.12142067089461957,0.11121618310401378,0.11065116220294009,0.08700809963293687,0.09919178572922586,0.15444664649702364,0.11000245883893724
0.11324897181445459,0.10391101598406834,0.09886578801711125,0.11025411071401797,0.11722297078349524,0.13372496751024124,0.0975300716399989,0.118707102926302,0.10653500061031042
0.11595990116736493,0.1627442783432226,0.10584901163614614,0.13578643299687398,0.12661962413227787,0.052377078378068355,0.09890599227671742,0.09271229246722186,0.10904538860210676
0.13240166263760614,0.11243737687635928,0.09944531255654099,0.12126045465255758,0.12978293279323067,0.05871209034612771,0.11281939570779183,0.1030305933449041,0.13011018108488176
0.11328666163202777,0.10736851964767487,0.11692337417081168,0.11439594978665746,0.11119480229761962,0.08843870787961551,0.11398143342194601,0.12400508371020662,0.11040546745344049
0.08725459271900073,0.21432185825918312,0.06966502072966689,0.10880568434551813,0.11367138556186203,0.08727618801278857,0.12123279281813466,0.08219341842356413,0.11557905913028178
0.1133509190446695,0.09462971141895116,0.1318279906893213,0.11019010132986924,0.11141971001481543,0.08545349218468568,0.10467888434856132,0.1342527488288143,0.11419644214031206
0.11437277208949716,0.11953932319585259,0.12381665670512636,0.11625231999915113,0.11882894324734762,0.06674004543205915,0.12525959677359913,0.09259395791452096,0.1225963846428458
0.12392170460420943,0.09706039484342432,0.08531847561651144,0.11730734920233266,0.12514217036930667,0.0763644467446853,0.1179045908827789,0.14085313191532575,0.11612773582142559
0.11013065543176286,0.08975608624321936,0.1150665307131053,0.10837350238882919,0.10981413493998303,0.10536497012742914,0.09461517988713576,0.15513262794867202,0.11174631231986336
0.1628606141131116,0.09690004520762167,0.12472359916144782,0.11141116420014253,0.11319659141858539,0.047287580542192974,0.16513164483531226,0.0972222817401626,0.0812664787814232
0.11208486632262453,0.09464341875544185,0.12540721715463485,0.11315999574780748,0.10948465581419205,0.09071028145170952,0.10466022654304145,0.1191104896875219,0.13073884852302636
0.10392649580378382,0.11203765698200974,0.13430455267114857,0.10582308183201228,0.10815253153865696,0.10512765791903035,0.09723108197730239,0.11838739316918127,0.1150095481068747
0.1133509190446695,0.09462971141895116,0.1318279906893213,0.11019010132986924,0.11141971001481543,0.08545349218468568,0.10467888434856132,0.1342527488288143,0.11419644214031206
0.1133509190446695,0.09462971141895116,0.1318279906893213,0.11019010132986924,0.11141971001481543,0.08545349218468568,0.10467888434856132,0.1342527488288143,0.11419644214031206
0.0985396517959668,0.08620405096817724,0.20606087400869869,0.10372386671031715,0.09863512565116861,0.07112745459655945,0.08317276711631691,0.17360644940090122,0.07892975975189387
0.1095008305303114,0.10785230696499765,0.11008342316042041,0.1146734850928489,0.1132565168768006,0.09569438961081318,0.11353026851287884,0.11101005321329281,0.1243987260376362
0.10947118134565427,0.11101831213866546,0.12502291198720353,0.11026900803081413,0.11079452099194938,0.08414753757644015,0.10845920566800431,0.1362163532896504,0.10460096897161834
0.1674286035774131,0.09416759640866805,0.10616438812215263,0.1124547941086751,0.14374335753544049,0.07247683262271039,0.09053070197201078,0.12179614012613231,0.09123758552679717
0.09656825193123053,0.1466498011801037,0.09827943183037391,0.10755802125649179,0.10619593095699813,0.10531065399842303,0.12514464691524418,0.09950999901822534,0.11478326291290943
0.1051525100867627,0.10740247396014356,0.1336967812095182,0.11179155674091336,0.12126873985837354,0.07495054114561742,0.09038522710622039,0.13186056150035352,0.12349160839209739
0.200999660620633,0.08452566454807812,0.07695027907354063,0.12884670828207082,0.09566402293171834,0.05948883049539814,0.1639702257514857,0.11205054009419686,0.07750406820287838
0.12698878705787212,0.12889070900560978,0.11076565131077332,0.12042084110079054,0.1115289020014194,0.06309099555053084,0.11340048947064237,0.1133821361505019,0.1115314883518597
0.15383317919532127,0.09802003202120983,0.09360306841284836,0.12766456507575233,0.09692267507743213,0.05967244006937583,0.16642518735834608,0.10949146178599826,0.09436739100371587
0.13646402901140586,0.11721983222961674,0.12594026599502997,0.11196482874962665,0.10512132907701789,0.07951128866495345,0.08639043051308076,0.09422741702095438,0.14316057873831425
0.10149802447107319,0.0829853848655145,0.0916802977808641,0.11735795361220447,0.10898107744680463,0.10082419095510764,0.0906674239096797,0.17595408730952292,0.13005155964922885
0.11503582418101126,0.10232333925948882,0.12322614888120886,0.1063180635106412,0.11840302869000592,0.10660071804842851,0.08724903283145896,0.14324428091062866,0.09759956368712779
0.1133509190446695,0.09462971141895116,0.1318279906893213,0.11019010132986924,0.11141971001481543,0.08545349218468568,0.10467888434856132,0.1342527488288143,0.11419644214031206
0.1133509190446695,0.09462971141895116,0.1318279906893213,0.11019010132986924,0.11141971001481543,0.08545349218468568,0.10467888434856132,0.1342527488288143,0.11419644214031206
0.11447316468913538,0.09535399956925324,0.09691430238428628,0.11507261395348861,0.12338730333640381,0.08128142032833417,0.12093667769597487,0.1295643165432575,0.1230162014998662
0.10793436257241955,0.13545788321494004,0.0955677598805222,0.08584245827990794,0.11714766513124596,0.07467629243309531,0.09306190961993017,0.19122514500324858,0.09908652386469023
0.11620588225473012,0.1284009017890914,0.11424570885140396,0.12011505219938756,0.11411965846988048,0.07633099964989791,0.10621604177328074,0.11148269191443451,0.11288306309789335
0.1033212517009745,0.11517099961061018,0.10730268572986458,0.11214995624585676,0.11621060707087183,0.09929787804503261,0.09464285233836611,0.09739090568229931,0.15451286357612415
0.11626610846349418,0.10780395052415942,0.1361509670559807,0.10935932004924383,0.11528422900896283,0.06923187520951236,0.10460561449255296,0.1219880923647982,0.11930984283129542
0.12742291380508022,0.12435258136601356,0.10633268100106702,0.11909686388059067,0.11400786085600205,0.07047016739852945,0.10926520563073998,0.11503192765972403,0.11401979840225301
0.10659631514281627,0.09956907849683717,0.12535950575969315,0.11498104009719486,0.10220434798010346,0.09434856798653997,0.09744412827189057,0.11230689430151826,0.14719012196340622
0.10621663300024921,0.08867816102970565,0.11479052572863306,0.10639798850541991,0.10565819943753653,0.08984086746929387,0.09684798196751841,0.185450009993987,0.1061196328676564
0.10669379408719237,0.1238689874174137,0.12734248692868652,0.12025741698813142,0.11517327823695483,0.09480924508608128,0.09675513454589459,0.11470430933887314,0.10039534737077217
0.11093978962939743,0.1002248736716399,0.1239891521398222,0.10801610337265377,0.10976778841331368,0.09584557585570025,0.10514875823340135,0.1297687403302322,0.11629921835383927
0.1133509190446695,0.09462971141895116,0.1318279906893213,0.11019010132986924,0.11141971001481543,0.08545349218468568,0.10467888434856132,0.1342527488288143,0.11419644214031206
