0.11231290301602304,0.09471851368134408,0.08194862103808687,0.07772986486785838,0.09081525489042402,0.1299989069033378,0.12859234389433058,0.13896850895487176,0.14491508275372358
0.11482391860749608,0.09587597890102494,0.08294722269402578,0.0791492309078966,0.09198247009412687,0.13090700657506896,0.12571563435521477,0.1442199617771037,0.13437857608804235
0.12977511266511102,0.10162541760684883,0.08786268937543666,0.08829205610355423,0.09856939763272331,0.13163157091955613,0.10410868507075134,0.1876532735988399,0.07048179702717855
0.07086516924859027,0.07576326636133006,0.0630616435547333,0.27578181839876964,0.06942287429014725,0.10649404401870871,0.11466037225182431,0.08992692939816506,0.13402388247773142
0.131582772860287,0.1022128382970674,0.08834194184796418,0.08999596124020841,0.09956496710630518,0.1302793387499994,0.09954933960037284,0.19722576033578923,0.06124707996200653
0.1126309669453144,0.09486801496547781,0.08207765634311671,0.0779102306182953,0.09096507577563306,0.13012066657137386,0.12823149906131606,0.13961782830793265,0.14357806141154017
0.13191767196308377,0.10232471156170524,0.0884306717408777,0.09038706975357924,0.09978415993479346,0.12990364068979923,0.09850375037843669,0.19941694999973228,0.059331373977992354
0.08836607456406066,0.0814345816425271,0.07044128120087113,0.06340609710902974,0.07789807187417781,0.11755510578240935,0.15635626301036554,0.09784289987896229,0.24669962493759634
0.1202632821965602,0.09819742353740625,0.08494608487598754,0.08221784933117204,0.09439909885128266,0.13235950213806455,0.11912828179788382,0.15683538148129708,0.11165309579034581
0.05657555154826138,0.08838863711310063,0.04946592311711265,0.3208765885226866,0.06556232886350732,0.07449765317342265,0.0782618921075242,0.1855357108467797,0.08083571470760494
0.05684864590906776,0.07176706533486314,0.04905219762019908,0.3453037697135148,0.06219589291287488,0.08839484996052882,0.10603838692777734,0.09616807210817457,0.12423111951299964
0.41658610172992144,0.10863989318263068,0.038393101091053754,0.023483618531929807,0.057872472610400995,0.08943258790066431,0.10312774807388042,0.08045494749256289,0.08200952938695567
0.0745149498832838,0.07928722236565114,0.06580741903432322,0.2977307479614625,0.07263134662993524,0.10618077815973709,0.10130313084325493,0.10078212577018893,0.10176227935216309
0.08927031336385634,0.0819953471209303,0.0709285745118458,0.06396912298771977,0.07843830693622157,0.11809420927095737,0.1552032110317347,0.0992189334017301,0.24288198137500405
0.12785519706149176,0.10099323233264046,0.08733355238374757,0.08685001253208884,0.09766778214559756,0.13237229038618215,0.10790272317430856,0.17970993188868567,0.07931527809525744
0.1205976957899222,0.09833155327646192,0.08506133114283487,0.0824084261330137,0.09454352236897394,0.13241977475774747,0.11869887398047489,0.15768291061539338,0.11025591193517764
0.1284483691900142,0.10119095467719201,0.0874999562904486,0.08727149642651073,0.0979372375031307,0.1321955818653804,0.10680443296803321,0.18200398109906382,0.0766479899802263
0.10450795957684811,0.09080232886074026,0.07856418915479597,0.07322563545857831,0.08695330659245563,0.12652768423530106,0.1373101779775772,0.12416212457238418,0.17794659357131926
0.3082008634068945,0.367937528326395,0.06308671569218459,0.01878164532142974,0.037835011996658265,0.06751490606374763,0.07440733149458785,0.043660345160583786,0.018575652537518646
0.10579709420736337,0.09148060145597496,0.07915089572920246,0.07398119936886988,0.08761586205876687,0.12715581807984763,0.13587466225123235,0.12648011789175181,0.17246374895699065
0.10327631127208546,0.09014337221305939,0.07799399836103488,0.07249924146075092,0.08631128483982618,0.1259110624339929,0.13868589634372833,0.12198614399565384,0.1831926890798681
0.13120776965055156,0.1020896835497961,0.08824307739559008,0.08959531269377956,0.0993370685833113,0.13064045632738364,0.10062271697679075,0.19497361709831965,0.06329029772447735
0.1322593274754975,0.10244197867065889,0.08852231041224361,0.09083016975123105,0.10002890164636687,0.1294523949775036,0.09732393575487513,0.20188508180124223,0.05725589951038115
0.11342468487009101,0.09523746349421829,0.08239646457416401,0.07835952011886664,0.09133642956589832,0.1304162917610506,0.1273269603675538,0.14125750783404264,0.14024467741411473
0.12413091538008598,0.09968634831095134,0.08622264275081304,0.0844680992404484,0.0960536546223338,0.13277686562555915,0.11388171552947657,0.16736260877731526,0.09541714976301646
0.13707526722826954,0.35761869029782695,0.15841792274097086,0.029764398890325432,0.07213327154728504,0.013946888755786035,0.1031656116537063,0.0010468059602600451,0.12683114292556982
0.06759938739678367,0.044651349011261034,0.22499360575356916,0.021624566245271884,0.43460952391267,0.0294016042825134,0.08299709302501711,0.017780725067961915,0.07634214530495172
0.10157543977801868,0.08921635346903793,0.07719154215065628,0.07148891272028982,0.0854103852202852,0.12503533611335452,0.14059634324569892,0.11903826141033169,0.1904474258923269
0.12561941251795058,0.10022309482052477,0.08668059265585148,0.08538013618741486,0.09668964104937151,0.1327364866712607,0.1116422216158936,0.17195316393305407,0.08907525054867842
0.11473368229809833,0.09583529847078427,0.0829121429794825,0.07909837526948939,0.09194113304569794,0.13087659567121415,0.12582028144330115,0.14402598360453925,0.13475650721739305
0.11685683902463756,0.09677398225858358,0.08372120920618427,0.08029357306348396,0.09290227863074278,0.13154273672221958,0.12332531606093049,0.1487082788779717,0.1258757861552461
0.11650264408817307,0.09662009049042448,0.08358862664451266,0.08009427875794697,0.09274356238692494,0.13143910802393446,0.12374675203905694,0.14790912002036372,0.12735581754866274
0.09880568624532977,0.08766639336102966,0.07584904813012004,0.06982640567767903,0.0839086959575097,0.1235561918100561,0.14374581547380058,0.1143649361094297,0.20227682723504545
0.10361800447964242,0.0903272386316416,0.0781531155497689,0.07270120525178511,0.08649027653247382,0.12608367094252984,0.13830369765307907,0.12258619975934466,0.1817365911997346
0.10973814278220662,0.09347828861436282,0.08087765256466994,0.07626168889790523,0.08958082707201921,0.12894966479795575,0.13148739596923575,0.13386089399439902,0.1557654453072457
0.12839590280103463,0.14390972858953718,0.08606579455584999,0.0897644524938957,0.0886007169146653,0.12634179250977415,0.09766697093592787,0.18438169372429092,0.05487294747502421
0.07774596924083314,0.5757796111833123,0.04335644975730316,0.016480074297497895,0.03419931500958744,0.06355481041305573,0.11504922401351918,0.03350674297542676,0.04032780310946432
0.12103494119829673,0.09850539524097246,0.08521064137621052,0.08265837968808659,0.0947318099397555,0.1324924476736241,0.11813163989968041,0.15880665096123664,0.10842809402213703
0.13081508490765528,0.10196202728016757,0.08813953556856334,0.08920787347104518,0.09911321573956451,0.1309653523873568,0.10166122097844499,0.19279301072662403,0.06534267894057832
0.11475896973164222,0.09584670553997565,0.08292197970878816,0.07911262767493403,0.09195272163721573,0.1308851356590703,0.12579096661683892,0.14408030093313398,0.13465059249840103
0.115635942112943,0.09623893753554962,0.08326014750984119,0.07960655371648119,0.09235247892844989,0.13117255924609808,0.12476875537125183,0.14598488602267426,0.1309797395567109
0.11043907088681505,0.09382113960220224,0.08117380230605883,0.0766629122427039,0.08992071436393441,0.12924594513139964,0.13070305001289587,0.13522651189190857,0.15280685356208143
0.2395011058877827,0.4038873631036079,0.05920943075225696,0.03636005119476376,0.03240278137970798,0.06826896093032701,0.07338083835350107,0.05429878345471476,0.03269068494333796
0.1389555843051492,0.24600018317077768,0.042878156880510054,0.02712218097016243,0.06763824829895992,0.10720678494420277,0.13851601898662272,0.10051727586517932,0.1311655665784358
0.13144789859006567,0.10216834677421834,0.08830635596447418,0.08984787603968075,0.09948114241775953,0.13041569823307242,0.09994589949307946,0.1963939708475105,0.06199281164013912
0.11323535833541598,0.24176594117130157,0.07854387312412557,0.08650733683043911,0.07083973468583407,0.11551242514301135,0.09687468779871485,0.14664151355315505,0.050079129358002517
0.09885368111916543,0.09785985019599712,0.07572922992149649,0.07001378116623576,0.08121762235520853,0.12337454016934135,0.14277658431709217,0.1122163260952398,0.19795838466022342
0.11054984312645416,0.09387496860367711,0.08122029313041115,0.07672620917460471,0.08997416500727963,0.12929206932209805,0.1305788792228915,0.13544395698465397,0.15233961542792973
0.12566751732638176,0.10024011147028468,0.08669508078271611,0.0854103059606861,0.09671030829796057,0.1327328179839108,0.11156703634865976,0.17210809066365504,0.08886873116574516
0.011414146639331935,0.5851805189483796,0.1531928758156653,0.02246655664527164,0.02881064053063297,0.05716429771891359,0.09023572967315323,0.02447928616125526,0.027055947867396346
0.11402804921766914,0.09551481258489825,0.08263573348926224,0.07870037232012948,0.09161634266658562,0.1306328248899266,0.12663499364112002,0.1425232691308944,0.13771360205951425
0.11977871485302875,0.09800127196550801,0.08477748474245428,0.0819424803398238,0.09418913031105423,0.13226525384327292,0.11974412903909537,0.15562477333109756,0.11367676157466515
0.11304377634326213,0.09506081243516189,0.08224403881840464,0.07814404167262523,0.09115866234398617,0.1302759114113434,0.12776181328724232,0.14046710911420454,0.14184383457376962
0.11971222035897411,0.09797418968265771,0.08475420082040362,0.08190475676697903,0.09416024970161828,0.13225170094096986,0.1198280771574829,0.155460207297627,0.1139543972732875
0.11595503544687485,0.09638002058638741,0.08338174999868973,0.07978614652760456,0.09249691804674125,0.13127278424278502,0.12439393636728634,0.14668830607043884,0.12964510271319205
0.09349228891224577,0.08456480112529129,0.0731596320818617,0.0665839211712943,0.08091427221271892,0.12057020541681697,0.14998690917178428,0.105769301147141,0.2249586687608459
0.12792854170132867,0.10101781691057243,0.08735427816763626,0.08690121628895482,0.09770078067672583,0.13235257540584697,0.10776984952095592,0.17998716529547906,0.0789877760325
0.09937586067540066,0.08798942010082333,0.07612891884124538,0.07017033241423852,0.08422127163157113,0.12386561383459176,0.14309277878290236,0.1153150192699239,0.1998407844493029
0.12191688086104903,0.09885073798849853,0.08550703508709205,0.08316579693245624,0.0951099562605549,0.13261660741415188,0.11696570799510266,0.16113081481188682,0.10473646264920788
0.09323061381439975,0.09485370729511612,0.0729006579475531,0.06659323813390099,0.0780199977916949,0.12022819776101283,0.14922825075696936,0.1031179685690698,0.22182736793028313
0.13194732775357354,0.10233474150398046,0.0884385687263856,0.09042355829913977,0.09980445339190931,0.12986747910904214,0.09840637428312411,0.1996208485892579,0.05915664834358717
0.10183201365672252,0.08935743124262559,0.07731368677303697,0.07164184767653504,0.08554733533857306,0.12516913292259643,0.14030719220653268,0.11947892113492405,0.18935243904845353
0.13156413390208693,0.10220667389675174,0.08833702076439048,0.08997520502876101,0.09955324619151101,0.13029865118039755,0.09960490594039739,0.19710923075293618,0.06135093234276773
0.12775855636340416,0.10096077794985585,0.08730617792847206,0.08678290692338105,0.09762442504037888,0.13239739686673596,0.1080766206033269,0.1793472425042294,0.0797458958202158
0.10149823215028049,0.08917381576028723,0.0771547115251794,0.07144285553924974,0.0853691019673443,0.12499496092921547,0.14068342871732487,0.11890592946607194,0.1907769639450465
0.0982364895873622,0.08734193551291032,0.07556789422950476,0.0694822299083977,0.08359490952374728,0.12324493614831668,0.14440050072541646,0.11342229455266047,0.20470880981168416
0.09860588064471303,0.08755272293520322,0.07575055372523988,0.06970568383626902,0.08379874510694081,0.12344719587124779,0.14397530639102082,0.11403338754415655,0.20313052394520895
0.09410174534618797,0.08492848054771047,0.07347518831522963,0.06695894182071761,0.08126492893017918,0.12092098954953501,0.14925459640353023,0.10673367297278098,0.2223614561141289
0.05885923465694742,0.18677854089564663,0.18142300886453475,0.07792392120070811,0.07821882306860901,0.1391971606062656,0.1102362347831644,0.11574146398346362,0.051621611940660485
0.0840552975812267,0.13984766592214717,0.129019314553082,0.08432454607394219,0.0893534054304075,0.14193380279871634,0.11449124509030147,0.14894240265905093,0.06803231989112579
0.10558823788243948,0.09137152010408506,0.07905655404643057,0.0738591167863251,0.08750917834658538,0.1270553125963122,0.13610702707771302,0.12610163023792112,0.17335142292218808
0.12578206622729335,0.10028055025675096,0.08672950196469092,0.08548235255895542,0.0967595643711908,0.13272343303907028,0.11138721086893034,0.17247883500935224,0.0883764857037657
0.07842383574632943,0.12210934519478973,0.08765667790970233,0.04593884414099017,0.10423983107007995,0.11431047365670588,0.12345854454832084,0.1527756676613061,0.1710867800717756
0.02589193884340481,0.01784514625364787,0.08072026045698688,0.18626403224629917,0.39516873151655,0.021266976196021026,0.12773659160685671,0.0008968927502586072,0.14420943012997492
0.10975017626358113,0.09348420713602333,0.08088276543931143,0.07626858750059513,0.08958668660294838,0.1289548145795433,0.1314739485322256,0.13388419158056517,0.15571462236520653
0.13193295826018145,0.10232987860024904,0.08843474124450766,0.09040583620612953,0.09979460030884156,0.12988506544399847,0.09845366450156706,0.19952183017745886,0.05924142525706636
0.11102780842672728,0.09410611632424837,0.081419911198988,0.07699898996396572,0.09020397256580494,0.12948883459430738,0.1300423309341092,0.1363874527188563,0.1503245832729928
0.13155687918518,0.10220427602559908,0.08833510569100843,0.08996715223747938,0.09954869636164516,0.13030612641178754,0.09962646565194365,0.19706401536962936,0.06139128306572736
0.1271875275485659,0.10076754588071486,0.08714288655414064,0.08639411494240164,0.0973707607601032,0.1325266222256006,0.10907852273207642,0.1772609088673116,0.08227111048908513
0.05557862210625075,0.07307509854389165,0.057979662364094665,0.42491940679698564,0.06452062611616423,0.08835776550659029,0.08468143840074398,0.07641940858974804,0.07446797157553085
0.11420726030963173,0.09559660421979514,0.08270628403609817,0.07880151224677114,0.09169909081320538,0.1306957217418142,0.12642866402352607,0.14290257823419517,0.13696228437496294
0.10936816268599509,0.09329576813931334,0.08071996819715704,0.07604940326073177,0.08940025441097173,0.12879027774368576,0.13190057809554315,0.13314703691761243,0.15732855054898967
0.12526176114697452,0.10009593751044811,0.08657226411030877,0.0851573468552576,0.09653627707336943,0.13275884903422158,0.11219526778898326,0.17081508578973395,0.09060721069070284
0.12363159075562884,0.09950180799401052,0.08606483762408956,0.08416980550781479,0.09584107145632037,0.1327616985095742,0.11459993662390448,0.16590126058561344,0.09752799094304376
0.06462578289297942,0.1783505649982781,0.1387293715182251,0.053706829317038386,0.08972051680637427,0.12196256399421163,0.08929197978137997,0.21412491713631468,0.049487473555198426
0.09420975746739997,0.08499273131903096,0.07353093146627537,0.06702533051020143,0.08132688777153547,0.12098295883059891,0.1491253051540256,0.10690512297788675,0.2219009745030455
0.0835373260464289,0.14445661065772045,0.13349665407559783,0.08723885450431973,0.0900245699925148,0.14046588766413176,0.10802804584595822,0.15853197977171504,0.054220071441613234
0.12452203444722824,0.09982931536189872,0.0863447845935385,0.0847041475712641,0.09622030623587663,0.13277920193703077,0.11330836575218887,0.16853316792102047,0.09375867617995359
0.1322593274754975,0.10244197867065889,0.08852231041224361,0.09083016975123105,0.10002890164636687,0.1294523949775036,0.09732393575487513,0.20188508180124223,0.05725589951038115
0.09401659522579958,0.08487778581740275,0.07343120499377213,0.06690658888913276,0.08121604450703383,0.1208720939376506,0.1493566254343559,0.10659862738318852,0.22272443381166399
0.1217435495162323,0.09878342722074422,0.08544928944718143,0.08306568244967759,0.09503579052972248,0.13259467262249974,0.11719730074554473,0.1606676669420127,0.10546262052638483
0.06854034153399309,0.17254191368027358,0.10782433686182019,0.033306854412879706,0.13414399387398276,0.09640669553005,0.07452140142824489,0.25790448065696947,0.05480998202178631
0.08549460665675362,0.07963262896263819,0.06887446860475871,0.06161414303895555,0.0761617921748702,0.11582763827908409,0.16011161076908273,0.09352820504541416,0.2587549064684427
0.12480966693823979,0.09993357182494324,0.08643378555935392,0.08487924628027195,0.09634301345128342,0.13277526739846604,0.1128802164388255,0.16940947572603635,0.09253575638257981
0.10695089086259486,0.0920774830632829,0.07966702749033645,0.07465335431095584,0.08820060822325666,0.12770178306152838,0.13459167664531427,0.1285925988950104,0.16756457744772024
0.12181553706747694,0.09881141591719117,0.08547330236200874,0.08310723659743013,0.09506660108088004,0.13260393330814427,0.11710126782666093,0.16085962929631734,0.1051610765438904
0.016880205881924102,0.049633743194048265,0.17567617485583265,0.5005486564996687,0.026980587950170592,0.044639800563314326,0.08165592676150772,0.017928685121026456,0.08605621917250716
0.1322593274754975,0.10244197867065889,0.08852231041224361,0.09083016975123105,0.10002890164636687,0.1294523949775036,0.09732393575487513,0.20188508180124223,0.05725589951038115
0.11847040406949583,0.17961526808605913,0.15039109317744787,0.012478326911754205,0.2572936509954105,0.07022304724820248,0.11587839412150658,0.025716224378436816,0.06993359101168668
0.11052965566550348,0.09386516587985833,0.08121182687286264,0.07671467596726393,0.08996442936377969,0.12928367798898685,0.13060151323695832,0.1354042954168608,0.15242475960792598
0.03236745137718008,0.06119774578295328,0.04346098893755134,0.5620738332715031,0.05166519767331539,0.05928969313155038,0.07880769966797858,0.033968698466112814,0.07716869169185508
0.12913972222460982,0.11658687330405428,0.08720485282671804,0.08832188832549014,0.09419262316699384,0.13045720912568337,0.10329181248877846,0.18343249173133902,0.06737252680633299
0.1092114158849538,0.09321812061330652,0.0806528810951838,0.0759593583287513,0.08932350923923299,0.128722144084372,0.13207548051356485,0.13284601443654617,0.15799107580408867
0.07018401035099624,0.06646690977985342,0.07070968511306909,0.056431660733913515,0.25866784638424495,0.09572388585055203,0.11866333237065181,0.08103351877470394,0.1821191506420151
0.12523400428657974,0.10008602151704994,0.08656381175537627,0.08514016363125794,0.09652439415971642,0.13276023063150585,0.11223776387669047,0.1707277497806979,0.09072586036112544
0.12964865227184216,0.10158436609595856,0.08782863217769832,0.08818890738120479,0.09850678720082763,0.13169726717773264,0.1043830474597248,0.1870774678188318,0.07108487241617933
0.12787030152142517,0.10099829849112973,0.0873378241221079,0.08686053771671894,0.09767457111803383,0.13236827733402332,0.10787542327726148,0.17976688423359524,0.07924788218570437
0.1322593274754975,0.10244197867065889,0.08852231041224361,0.09083016975123105,0.10002890164636687,0.1294523949775036,0.09732393575487513,0.20188508180124223,0.05725589951038115
0.10903479860311587,0.09313040235896476,0.0805770891694986,0.07585782099895406,0.08923686164750733,0.12864494704584173,0.13227245991468117,0.13250782276279657,0.15873779749863992
0.09635535954956283,0.11600004138626337,0.06151532865195414,0.1380758292684474,0.07293749457297481,0.08954037515723111,0.09888550836814097,0.20632379813826515,0.12036626490716025
0.1322593274754975,0.10244197867065889,0.08852231041224361,0.09083016975123105,0.10002890164636687,0.1294523949775036,0.09732393575487513,0.20188508180124223,0.05725589951038115
0.1254543528493465,0.10016455124570857,0.0866307319887764,0.08527699121042469,0.0966188009708371,0.1327478711724248,0.11189874058679472,0.17142495150951964,0.0897830084661676
