0.06313486280280685,0.5984409131627346,0.10195942289464492,0.04824219155994051,0.08577300498771732,0.05863051820189863,0.011280133319938072,0.0002816423565166543,0.03225731071380244
0.0716773541081039,0.05857206474645502,0.052316719056340104,0.5062184841213677,0.06707106337065906,0.029015939482900436,0.057904947121812954,0.10389057631047133,0.05333285168188956
0.1381699490004721,0.08079332174691738,0.13441279382875182,0.08762871576069076,0.12595901616862373,0.0799839593782584,0.14093422476977016,0.06972695784604051,0.14239106150047506
0.12750225658993197,0.08402087639669135,0.1330380510509388,0.08274183772702622,0.13773355247446217,0.08499526451177093,0.17697198898976682,0.007644343103652494,0.1653518291557593
0.08299443737041183,0.049754884542646836,0.07772892083936687,0.15117169873328432,0.08120461684030879,0.23044393633932447,0.07711503418063383,0.1754476185535244,0.07413885260049867
0.11231082727340379,0.1851473834944366,0.13618809654250977,0.08542423979100465,0.1148831667343007,0.07556964747303319,0.05870452581328157,0.13366623877329317,0.09810587410473659
0.11555161185354064,0.07195475235169912,0.10832067759160217,0.26927515109563,0.0995084069194427,0.047098755834966526,0.10327454828850717,0.07396685659066585,0.11104923947394581
0.13525301289311645,0.0788864755311286,0.1296854429481656,0.08696150639034429,0.12166378764778574,0.07778049060519528,0.1324753226889386,0.10364478328198057,0.13364917801334483
0.12651158510485427,0.08414387692057816,0.13229140624174063,0.0824744824387714,0.13818201954110768,0.0852014107687102,0.17853887391068723,0.006957093190969829,0.16569925188258056
0.135773455978123,0.08307888300781037,0.13785832970032363,0.08551631623470891,0.13351059916859256,0.08323550914321313,0.16187607275183025,0.019829892865297873,0.15932094115010023
0.13088527584934523,0.06674013807633163,0.13117019195581506,0.11146525330625212,0.12481515279990403,0.11184729195365138,0.14234400361829946,0.04034744488695303,0.14038524755344797
0.1387932865531491,0.08144150432129756,0.13598992209141333,0.08760896656192989,0.127632529337094,0.08077900888424953,0.14472669993188927,0.056965247984988844,0.1460628343339885
0.06382069311318422,0.055501788573108536,0.05729909567049008,0.1371729209788983,0.07635927253627979,0.31375797589950993,0.06850956739744628,0.17020388164573677,0.05737480418534612
0.13586490492034262,0.07965984119457716,0.13290271064357498,0.0860624425533006,0.1253338980047367,0.10174501789996271,0.14229781615199869,0.05317284031762237,0.14296052831388417
0.09256953374549808,0.32526326241911974,0.13491297654466147,0.07691213782265767,0.10365797601819111,0.0689213616333646,0.03291810532267507,0.08965786167545796,0.07518678481837428
0.0778367426795477,0.38155525258145007,0.1171807648013193,0.06865744213310807,0.1296460380729736,0.086581762545872,0.05048364511422366,0.0004754943242256855,0.08758285774727996
0.09119466729573433,0.061016966471527566,0.07771534466155575,0.32965448931612173,0.07753247455125915,0.03393413615816243,0.07361785557186597,0.18148696127094355,0.07384710470282957
0.13015221916157996,0.08371521168239555,0.1348899425209152,0.08351067336218936,0.13651829621384418,0.08445730414398474,0.17264938429640808,0.009966353925738528,0.16414061469294441
0.09010791099031411,0.3402338802561973,0.1331426695088266,0.07538711327022289,0.10123394193231657,0.06728916472317083,0.030742066956461218,0.09010421052365396,0.07175904183883648
0.10554266133397487,0.06428456693072847,0.09567510032864557,0.07451610504271305,0.09449431734018306,0.061438269374351845,0.09332037151197124,0.32171099211965076,0.08901761601778113
0.11366989837992102,0.06409405167014011,0.10619717866375528,0.10545882236273364,0.10196069923136619,0.09931385299401024,0.10310680216478102,0.20415751551527186,0.10204117901802061
0.09440508655423095,0.34134881935968986,0.14739627707201794,0.07719403713211612,0.11579858099075883,0.07727583125234366,0.03863028327573516,0.016151118380180556,0.09179996598292688
0.1211576803266647,0.05936047341809817,0.11958910702711284,0.11309198432072089,0.11671995817071629,0.14130736717193548,0.12579390512014918,0.08176964652261792,0.12120987792198455
0.13761199482215217,0.08036436092402272,0.13334789154522061,0.08755064715214404,0.12493028563614876,0.07947568958735918,0.13876453433180092,0.07774328278987432,0.1402113132112772
0.1133015572350312,0.20932692861669724,0.15269937750333343,0.08438846722445777,0.1353941483710672,0.08830712620347803,0.0787882659008785,0.008267200872191746,0.12952692807286492
0.06925919922527961,0.5150758168680801,0.11503053026324779,0.05945402077982712,0.07729592845175659,0.05201857436598875,0.014153961783256829,0.05731341143553084,0.04039855682703239
0.1311433863462777,0.07666157105974371,0.1243044055781249,0.08557383009333745,0.11717242644445099,0.0752965657471594,0.12482744255606802,0.13968307717938042,0.12533729499545743
0.13400829648433735,0.08329666540074371,0.1371184061660745,0.08481204763558499,0.1345855405060726,0.08365888254905045,0.16567698228599984,0.015509953074273915,0.16133322589786264
0.11936614773498037,0.20152692079824763,0.1539725365564726,0.08759900956819332,0.12985739799755655,0.08510093173281347,0.07140277972236193,0.029060294243453993,0.12211398164592017
0.12413348974046634,0.0740400432271447,0.11618835939478507,0.12417663749258341,0.10854544385729144,0.06265426134662047,0.11223387368562714,0.16339326615769043,0.11463462509779097
0.13134132966121526,0.0835859825594348,0.13564442692183473,0.08388528805706774,0.13595421737620297,0.08421762501356743,0.17061611195999904,0.011319816388358063,0.16343520206232
0.08894710998508631,0.35362453551483525,0.14215722478778733,0.07368363655852854,0.11999437741875892,0.07980322975551365,0.04238753615385409,0.004264786350639393,0.09513756347499647
0.10554266133397487,0.06428456693072847,0.09567510032864557,0.07451610504271305,0.09449431734018306,0.061438269374351845,0.09332037151197124,0.32171099211965076,0.08901761601778113
0.13152607811217856,0.07686106910318148,0.12478020288089964,0.08571369814010976,0.1175624949495565,0.07551788055965468,0.12545845894691018,0.13654707291215923,0.12603304439534999
0.13474155822376155,0.0832113651551064,0.13745528138548574,0.08509357319475945,0.1341640531769588,0.08349183241333946,0.1641727962098886,0.017090651062120762,0.16057888917857924
0.1388854782186368,0.08211202997241895,0.13746381053243908,0.0872896278778824,0.1296175832255222,0.08166433292683414,0.1497671008936113,0.04260103734101153,0.15059899901164356
0.13783878976988348,0.0805310037248515,0.133762315548574,0.08758773847916841,0.12532405549612816,0.0796718728187062,0.1395822348982233,0.07466320039869946,0.14103878886576549
0.1388952881627206,0.08162582438830229,0.13642081957429614,0.0875603373466703,0.12814526527131034,0.08101395198169796,0.14596595472827242,0.0531545071776999,0.14721805136903007
0.1386536131673933,0.08125898783203722,0.13555310550336705,0.08763569154439917,0.12714309522041853,0.08055084246556417,0.1435797064419521,0.06065198589796916,0.1449729719268993
0.1297431978109995,0.07593961559028657,0.12259212079804845,0.08504881047947592,0.11577560028750333,0.07449664945562041,0.12260914960878964,0.15091497491449946,0.1228798810547767
0.1346258333857606,0.0785305850620383,0.1288130953959943,0.08677008073107727,0.12091984112012737,0.07737978683685424,0.13114246097846402,0.10959625294223656,0.1322220635474473
0.10554266133397487,0.06428456693072847,0.09567510032864557,0.07451610504271305,0.09449431734018306,0.061438269374351845,0.09332037151197124,0.32171099211965076,0.08901761601778113
0.10554266133397487,0.06428456693072847,0.09567510032864557,0.07451610504271305,0.09449431734018306,0.061438269374351845,0.09332037151197124,0.32171099211965076,0.08901761601778113
0.1324719779440493,0.06940809145090514,0.12977002513555458,0.10011339638754406,0.12198311943254869,0.10300495917752585,0.1344921920491885,0.07449876916029342,0.13425746926239043
0.13198356618266718,0.077101014921886,0.1253540849434956,0.08587861224356734,0.1180342911533963,0.07578428738935679,0.12622897932581809,0.13275466528294907,0.12688049855686365
0.13338748718592291,0.08336571719699164,0.1368069418242672,0.0845838279699912,0.13492302686852542,0.0837940711852857,0.16689006847710786,0.014346760680020684,0.16190209861188742
0.11242059752608875,0.18298623714881437,0.1358136576444997,0.08540680877737165,0.11476525822500776,0.07547043341442644,0.059118030116973606,0.13586873494914023,0.09815024219767741
0.12599310897444704,0.0740496789767673,0.11816901070455975,0.08356172054888561,0.11220316710835809,0.07240476947610246,0.11718358546569592,0.17963249663613765,0.11680246210904628
0.10554266133397487,0.06428456693072847,0.09567510032864557,0.07451610504271305,0.09449431734018306,0.061438269374351845,0.09332037151197124,0.32171099211965076,0.08901761601778113
0.13479893527202372,0.0786279328294298,0.12905126185404317,0.08682388765493908,0.12112210574026598,0.07748920356559245,0.13150179957499367,0.10797702326517612,0.13260785024353597
0.11576144861636967,0.08591565771243577,0.1224731439024674,0.08007216955398085,0.14330770490964498,0.08782115752545298,0.19509680233960836,0.002729238781066382,0.16682267665897363
0.10554266133397487,0.06428456693072847,0.09567510032864557,0.07451610504271305,0.09449431734018306,0.061438269374351845,0.09332037151197124,0.32171099211965076,0.08901761601778113
0.1233481365644451,0.0881604543153995,0.12076512494044918,0.10133025787384566,0.11650718543232859,0.13927720820989792,0.13784635449873847,0.03755448969523006,0.13521078846966544
0.06844973907111843,0.5415839772690999,0.12504356690870125,0.05641218288823272,0.08518998016574346,0.057141076843379573,0.014049438555357943,0.005694015946620668,0.04643602235174594
0.07618977423684269,0.6817486624748281,0.052416296497842074,0.04334102577507396,0.07119352083653076,0.06888272168415295,0.002294530717279842,0.00012978681574969553,0.003803680961699906
0.07048399866137521,0.5261690110828489,0.12616002769530732,0.05905594482114229,0.08371218947333713,0.056185321429642054,0.014421174294779146,0.017785968179847376,0.04602636436172053
0.1236172876491181,0.08453712537174062,0.12995433368825496,0.08174582829949566,0.1394984290107823,0.08582965460743226,0.18303134541782437,0.005341290319519125,0.16644470563583258
0.1384870115475689,0.08244535568168115,0.13801079004256536,0.08692452721065232,0.13077410854268556,0.08214994412285564,0.1530413977071655,0.03487971968109347,0.15328714546373204
0.13374776207529507,0.07833278821720746,0.12780989193655035,0.099325950843505,0.11921288024537507,0.07336729151951961,0.12856272711130862,0.10882112471773904,0.1308195833334997
0.1337953590903769,0.07871073030752435,0.1293889299728424,0.112103947622327,0.12023238573371649,0.08853006647365656,0.1325337143340327,0.06875430057743044,0.13595056588809315
0.1212192183057847,0.059561950815484044,0.11984944768816953,0.09946177519783848,0.11572598314220554,0.17565940744684508,0.1281887453217374,0.05560490622404649,0.12472856585788872
0.06415019529784118,0.5620623536363595,0.09573147906594875,0.05962394048901495,0.08075376428245472,0.05892213122954024,0.018351078757286445,0.01578779690934892,0.04461726033220545
0.06433021703816715,0.6247753646486153,0.10313908097798004,0.05089207948595592,0.07338058218866121,0.05388635181659615,0.005749496616743295,0.003973384411560883,0.019873442815720073
0.12356723207968419,0.0731398803086455,0.11538800444089185,0.09510966834173006,0.10923631525445392,0.06774893279115844,0.11291565157013721,0.1897418906090906,0.11315242460420828
0.10893627992041544,0.18497992996625282,0.13170253399326762,0.08381884370874643,0.11129978610021095,0.073209417045968,0.05546592922102406,0.15778506531495065,0.09280221472916407
0.13428950343254742,0.07834311468640966,0.1283553995517639,0.08666360580104475,0.12053273976402147,0.07716942992411754,0.13046077203001907,0.11269723761921342,0.13148819719086283
0.13409569697165005,0.07077870115696547,0.13425368929108883,0.09939655839487517,0.12635457722814336,0.10577589625549799,0.145467570007995,0.03886206936775604,0.1450152413260281
0.10060215007507907,0.061549915460958976,0.09126459045591828,0.08157733518547665,0.090448369716647,0.08938733779048973,0.0899911022899072,0.31006634504957026,0.08511285397595282
0.1376182071659379,0.08036881816704275,0.13335898250213704,0.08755174062940428,0.1249407298267351,0.07948091832114411,0.13878602862666398,0.07766142236268908,0.14023315239824585
0.1362495012183752,0.07947489142840876,0.131137260597651,0.08724192094103504,0.12292468502300107,0.078448066186509,0.13481055340822598,0.09359119977708563,0.13612192141970833
0.11685922624840916,0.20267256519381915,0.14756266573809027,0.08761940932193955,0.12281807952935188,0.08088065147767244,0.06241624483244582,0.07000883791881637,0.1091623197394553
0.08188789036656688,0.05860472370740292,0.06589925248015198,0.42356292405119295,0.0712384381173265,0.030006475340655064,0.06546848198778073,0.13933378428298873,0.06399802966593417
0.12438610426658996,0.06073686544561404,0.12442476758079947,0.11215423561935867,0.12050364157099619,0.1429889251486782,0.1346859833328451,0.049591801507958215,0.1305276755271602
0.13500353960970687,0.08317943413697487,0.13756629175452756,0.08519769909345402,0.13400589529300141,0.08342955736906192,0.16361245634956664,0.01772125190767664,0.1602838744860301
0.11142955187381838,0.19601895299921437,0.1374270184584151,0.0987476426360082,0.11399415905613787,0.07216631515250398,0.0560357398667225,0.11684008327940403,0.0973405366777756
0.055365280586638664,0.029011926845900298,0.08124806304525235,0.12277711876547082,0.099114149227282,0.3943439831040245,0.12046376803869456,0.0035194841799780843,0.09415622620675868
0.13760577409877536,0.08035990315881601,0.13333679905296006,0.0875495481800731,0.12491984488544283,0.07947046121901365,0.13874305746235213,0.0778251248594296,0.14018948708313728
0.12624707514823708,0.0669605765928289,0.12095614197082451,0.08825274334572521,0.11497137343321197,0.11426009340197836,0.12255887447141649,0.12440896874810319,0.12138415288767428
0.1278425883668002,0.07311335094333242,0.12293727864834224,0.10377531098579997,0.11586625838515104,0.1118881228822739,0.12802240056219427,0.08933512426476281,0.12721956496134315
0.13855348855909955,0.08240906334758986,0.1379626964637387,0.08697401710331965,0.1306403997639566,0.08209487981311063,0.15264879678804097,0.03573988039699224,0.15297677776415183
0.13614415211911132,0.07941096816065042,0.13097900965744416,0.08721393392038033,0.12278557449354728,0.0783751728634164,0.1345477939448961,0.09469779507107741,0.13584559976947658
0.1388667485254105,0.08214146425597214,0.13751981939875932,0.08726457269494949,0.12971389999557578,0.08170560729379925,0.15002954599225607,0.041935788027024946,0.15082255381625254
0.0976128419501045,0.05899122621986328,0.08878494998728344,0.0808351309664013,0.0882238859533197,0.11175650263394832,0.08768472923953928,0.3032450183438841,0.08286571470565603
0.03851917677210467,0.059476456375212226,0.03804053804032064,0.2744709117600026,0.06864776191421043,0.22481288124696444,0.054989916268582906,0.21062175424661503,0.030420603375987256
0.08504303614989032,0.061925484862687785,0.08221633891596197,0.07153051264583564,0.09494518698496801,0.31149913815064556,0.09480255815284484,0.11318322416000381,0.08485451997716208
0.12926084291083728,0.07399103484832942,0.12530267277819995,0.10429143285494348,0.11800171004445852,0.11435848676149522,0.13254758576461176,0.07044686569097298,0.13179936834615139
0.1382883534621094,0.08089503496829666,0.134663925407029,0.08763810454122241,0.12621085554682548,0.080106220164971,0.14148269226871094,0.0677811867255314,0.14293362691530365
0.11858423154638344,0.08536241684393676,0.12535616383573747,0.08063067901778122,0.1418825476368765,0.08704825270673812,0.1907398617847588,0.0034581615335591725,0.16693768509422846
0.13843660464875848,0.08103121578647446,0.13499868518488448,0.08764422313901586,0.12655361692225564,0.0802711789157338,0.14224110289306924,0.06514557909406114,0.14367779341574696
0.08717180041790351,0.3930390381313032,0.11677775877441453,0.07048721132720019,0.1017262589866727,0.06556872794119693,0.05289169388517242,0.01877382817842153,0.09356368235771502
0.12753438874465908,0.06882830888629393,0.12382289107315884,0.15654363876939215,0.1143928525434073,0.0799996002113625,0.12260853571397849,0.08015149726968564,0.12611828678806203
0.10554266133397487,0.06428456693072847,0.09567510032864557,0.07451610504271305,0.09449431734018306,0.061438269374351845,0.09332037151197124,0.32171099211965076,0.08901761601778113
0.13232467055608,0.06954742377301455,0.12931875816132204,0.09962934620047026,0.12154310362803522,0.10158774428690699,0.13349187763543233,0.079253619486072,0.13330345627266663
0.1313144599630084,0.08095186132267068,0.13372045245860917,0.08317651733314452,0.13115920140199477,0.10629908410903068,0.16111943387493075,0.015609767356685893,0.1566492221799252
0.12712840600244288,0.07489703268472135,0.1195222731292472,0.09630526352787454,0.1125334176379444,0.06975209695060337,0.11775680835138969,0.16343398478871,0.11867071692706647
0.07223457517433401,0.6535921604991952,0.08378180892173598,0.045769790452410856,0.0693502554770579,0.06631450411270673,0.002067391118393196,0.0022358068081364158,0.004653707436029723
0.13498513168521187,0.07873336278007942,0.1293095848365777,0.08688095928724136,0.1213421843165415,0.07760785954903014,0.13189532886682045,0.1062161107435996,0.13302947793489792
0.13521046131115597,0.08315350162675487,0.13765006140400626,0.08528139778953564,0.1338776005941546,0.08337917045202353,0.16315985848327655,0.018247952529483736,0.1600399958096089
0.11061432233681527,0.06663450777844244,0.10114439887476867,0.07682254700972156,0.09872186301635122,0.06411264740403684,0.09871654801316478,0.2877554645219105,0.0954777010447887
0.1287264914222063,0.07399007804021059,0.12488566868741069,0.11993692001383759,0.11681500104363286,0.10728453312713841,0.1309179463816372,0.06592321595956256,0.1315201453243638
0.13848037436404378,0.08107386557945256,0.13510309322753838,0.08764450259439584,0.12666237834921001,0.08032316679308348,0.1424847390150017,0.06431257807606208,0.14391530200121216
0.11794472162760088,0.07037412700613668,0.10906725149744072,0.09139360731044449,0.10432285403936202,0.06502361435644113,0.10607236019378119,0.23069952686666625,0.10510193710212669
0.05656200877646819,0.052799038652905035,0.052435501033211186,0.1525380939819451,0.07684354953684273,0.3428321575927547,0.06697117920307669,0.14592331747831905,0.0530951537444773
0.11967556924645728,0.19612280430331797,0.15450532947178233,0.08716480977750378,0.13214496013209895,0.08629725398547765,0.07647201620508239,0.020680059458552887,0.1269371974197267
0.11983886915378324,0.1303247445421056,0.1370778629053028,0.11320970139737106,0.12109331329181149,0.0857320342594921,0.07843072827373682,0.10392099147926508,0.11037175469713183
0.13039232860319724,0.07627288769377129,0.12338075617903503,0.08529466052794339,0.11641770241144288,0.07486575312385528,0.12362115221578594,0.14575162616864493,0.12400313307632405
0.13610239852734363,0.07938576394343551,0.13091664617199353,0.0872027198836613,0.12273087935081568,0.07834645954303042,0.1344448483648665,0.0951330822140574,0.1357372020007961
0.09512049550166701,0.059651452118897275,0.08682093557819687,0.06961951022278114,0.0879420127948889,0.15227028637474677,0.08597821555096787,0.28149108371791437,0.08110600813993982
0.09703689510614211,0.09785252898149555,0.09636114755245578,0.22476930504472495,0.08772007317779724,0.05006592573183918,0.060961560475792285,0.20845563179757534,0.07677693213217747
0.13753086407204787,0.08276884449680526,0.13822980317231612,0.08634508108391548,0.1320722708893348,0.0826722529576565,0.15704922717437397,0.0270760644017952,0.15625559175175482
0.10554266133397487,0.06428456693072847,0.09567510032864557,0.07451610504271305,0.09449431734018306,0.061438269374351845,0.09332037151197124,0.32171099211965076,0.08901761601778113
0.10554266133397487,0.06428456693072847,0.09567510032864557,0.07451610504271305,0.09449431734018306,0.061438269374351845,0.09332037151197124,0.32171099211965076,0.08901761601778113
0.13447896983955002,0.08291926792199196,0.13679693025302275,0.09837622794995467,0.13206196254533217,0.07868866128439982,0.16031950022682226,0.017405597381014926,0.15895288259791143
0.13849518717971013,0.08244108419900563,0.1380053158439741,0.08693049404606705,0.13075825957564638,0.08214343108151716,0.15299466497642417,0.034981184955665344,0.1532503781419902
0.0676792136700418,0.5465846407110643,0.11650770141378251,0.05862286551339424,0.08209267221615718,0.05417053237462205,0.01559365017630551,0.010978402079420697,0.047770321845211884
0.13845578695558883,0.0824612269913491,0.13803067629517002,0.08690201706104135,0.13083326434521894,0.08217422121228796,0.15321629384456434,0.03450219358514912,0.15342431970963025
0.0775934830611513,0.44206613477384166,0.12555648699486935,0.06607392515846254,0.08813331471299725,0.05854669450456631,0.020131570745455213,0.06794509061681885,0.053953299431837666
0.11850572808798521,0.20486516985539846,0.15098648700933145,0.08772804070760021,0.1262959464219039,0.08296187658787758,0.06704748146560686,0.0455353496757491,0.11607392018854727
0.13892705803052305,0.08202252699853092,0.13728698588832502,0.08735873127521458,0.12933052475005533,0.08154039537227968,0.14899545408518666,0.04460436487685664,0.1499339587230281
0.1334798116181811,0.08335557633214259,0.13685464197662348,0.08461722866038808,0.1348737756958995,0.08377425148467482,0.16671267233003206,0.014510953754438255,0.1618210881476201
0.1375336967454401,0.08276816632604464,0.1382298632827735,0.08634659022291326,0.13206932991620093,0.0826710906192336,0.1570397508045768,0.027092495728729866,0.15624901635408725
0.1388499557922429,0.08216483171746956,0.13756344342002297,0.0872438094467919,0.1297910779354783,0.081738568237,0.1502411446677262,0.04140536212065124,0.15100180666261687
0.10554266133397487,0.06428456693072847,0.09567510032864557,0.07451610504271305,0.09449431734018306,0.061438269374351845,0.09332037151197124,0.32171099211965076,0.08901761601778113
0.127383626613989,0.07474453911787883,0.11978654778180191,0.08412488023685004,0.11350485236352885,0.0731739902222222,0.1191237873259493,0.16917185190144193,0.11898592443633797
0.11875804454612549,0.20515008674930368,0.15334895423355174,0.08766339085725787,0.1285275077948981,0.08438429804184061,0.06861986572206373,0.03428596683546038,0.11926188521949833
0.13891520281360623,0.08167665082675878,0.13653722856528974,0.08754253191543404,0.12829038339732374,0.08107966906982576,0.1463241180898691,0.05208684295884073,0.14754737236305185
0.13563784232009604,0.07910979624097268,0.13023511029837223,0.08707367926187816,0.12213739598010169,0.07803301337407921,0.1333405937051363,0.09986283852564266,0.13456973029372107
0.13817296149602967,0.08258117076999616,0.13815500875531414,0.08671354749787787,0.1312946086455018,0.08236185982473183,0.154605686737172,0.031625388466715004,0.15448976780666154
0.12858139092435095,0.07534831742029316,0.12119988210161782,0.08459937855526244,0.11464640757364004,0.0738421556867667,0.12085874357294997,0.15999470591158474,0.12092901825353408
0.13298219885666832,0.06989515668543307,0.13041419203388713,0.09968738283209362,0.12246710761848854,0.10220014912350102,0.13546303166781568,0.07152228839424771,0.13536849278786497
0.133973599091892,0.07816883614077748,0.12793104378891784,0.08656144231583669,0.12017555816845778,0.07697425507240967,0.12983851619873812,0.11556063711094015,0.13081611211203026
0.11740655604953598,0.2097743776563198,0.14956200098524863,0.08733180266857465,0.1249022419384778,0.08208539442972833,0.06543350511505414,0.04948002084121098,0.11402410031584974
0.1384422374116052,0.0810366324769819,0.13501195817709521,0.08764430360262211,0.1265673912405714,0.08027777259244195,0.14227187762834856,0.06503999034227524,0.14370783652805838
0.07877965370407623,0.058231567990980275,0.061847963172979435,0.4508746920750824,0.06965490943589832,0.02937753320019269,0.06303078039168147,0.12747605353145328,0.060726846497656035
0.06603838823325608,0.0468391824880117,0.05247864756125792,0.564480481624351,0.06922785874256855,0.0356471861831607,0.06033284896554134,0.05104929756860548,0.053906108633247164
0.1364172169973328,0.07957769896891134,0.13139201703383857,0.08728552210582012,0.12314963424842906,0.07856552109459318,0.13523833131262233,0.09180338981102025,0.13657066842743226
0.12603526018392952,0.08420499910004131,0.13192252882208302,0.08234939229720657,0.1383975817316547,0.08530194748254254,0.17928570346095374,0.006654087515456236,0.16584849940613236
0.13719255980605738,0.08007434867780112,0.1326260637775117,0.08746863090422119,0.12426017487205214,0.0791374327867579,0.13740634986216257,0.08301223527673644,0.1388222040366995
0.1389459061155679,0.08194697874414299,0.13713113381913541,0.08740941295635711,0.12909453951034092,0.0814374662969227,0.1483726315899889,0.046272969601475956,0.1493889613660682
0.136252264945968,0.0794765749535886,0.1311414299945602,0.08724264908994007,0.12292835644508715,0.07844998734300458,0.13481750643757712,0.09356200443909235,0.136129226351182
0.13296112817616335,0.07789073615612457,0.12674289647475215,0.0983678986830386,0.11837201194971182,0.0730668074961653,0.1270827500015484,0.11639319007822084,0.12912258098427487
0.06618862010918196,0.6430707497693436,0.08462982722689893,0.05264834545813355,0.07036912447364777,0.056329284036892746,0.004673028525239739,0.008690269245528796,0.013400751155132866
0.1274256147136308,0.0810241372953091,0.13142021454820138,0.08168242444441697,0.1325261793781299,0.10947635553320574,0.16729714343543733,0.01009247239969232,0.1590554582519764
0.06953283626358617,0.656088251245848,0.0741937160037978,0.05217058531626422,0.06861263995290391,0.058991648301784376,0.0033791446600220103,0.008752380028882545,0.008278798226910754
0.1222040966229978,0.060114944512960906,0.12139784391787138,0.09905278630182261,0.11697933501635882,0.17462678363873407,0.1313419378901224,0.04636999313205323,0.1279122789670787
0.13384749294664322,0.07809970899443269,0.12776302522847127,0.08652011436353646,0.12003455845343754,0.07689693156489191,0.12959459336493842,0.11669147105123327,0.1305521040324152
0.13891542152485029,0.08205289650640457,0.1373480114935337,0.08733643421228594,0.129426979673949,0.08158219479129909,0.14925299553421936,0.04392787678569981,0.15015718947775825
0.1288547299014829,0.08386111188631455,0.13401079517533718,0.08312377495226887,0.13711794561821117,0.0847189888195889,0.17479467983575026,0.008728604486742704,0.16478936932430355
0.13877754965427602,0.08141839456481496,0.1359350910316247,0.08761344993461162,0.12756961777690523,0.08074989103496018,0.14457735886866774,0.05743662237248213,0.14592202476165736
0.12533257251161564,0.07372157103970191,0.11740815242428233,0.08329008507814929,0.11159240729170772,0.07204133953217466,0.11628604671847037,0.18453904687984687,0.11578877852405116
0.13894888151787219,0.08182141707038389,0.13686132741124427,0.08747989293859688,0.12871377487845218,0.08126940434191367,0.14738882956798297,0.049002797985459166,0.14851367428809473
0.1111972770906738,0.17410162176740832,0.13211471068883698,0.08453715591218934,0.1125555030929003,0.07393613333542758,0.05924771976468863,0.15652664622169374,0.09578323212618124
0.1375835393344114,0.08275607170224782,0.1382304807003302,0.0863732792454089,0.13201704248938786,0.0826504129575463,0.15687156295701032,0.027385652869087552,0.15613195774456964
0.1370719909623968,0.08286789903299922,0.13818969715054089,0.08611007144166859,0.1325121645683375,0.08284537472205104,0.15848592541682127,0.024689432063644285,0.15722744464154045
0.13677716335883958,0.08292279048403213,0.13813803024121216,0.08596734581845307,0.13276452816975748,0.08294418116594597,0.15932678931424624,0.023386182194597333,0.15777298925291605
0.12536649887221438,0.06903617776754158,0.12127304565915836,0.12480531305789223,0.11845873076633466,0.08898930944915595,0.12642557725801631,0.1032229716190891,0.12242237555059737
0.1363767210923058,0.08298972650028717,0.1380432058844032,0.08578165418621468,0.13307984435472628,0.08306734239881378,0.16039327727762503,0.021828218724102944,0.15844000958152116
0.10554266133397487,0.06428456693072847,0.09567510032864557,0.07451610504271305,0.09449431734018306,0.061438269374351845,0.09332037151197124,0.32171099211965076,0.08901761601778113
0.09083070216000694,0.060898953780604004,0.07726182924757458,0.3336851774073069,0.0772454281207228,0.03371714239691216,0.07327383943278667,0.17962335916194228,0.07346356829214361
0.13075991553344615,0.07646267553438385,0.12383121897528611,0.08543203658245958,0.11678539087673691,0.07507605736825472,0.12420649103882625,0.1427950329234645,0.12465118116714198
0.13847790565642426,0.08107142459086464,0.13509712398884388,0.08764450869925693,0.12665613450748836,0.08032018693269269,0.14247071235254613,0.06436035423288201,0.14390164903900116
0.11708772171207367,0.08564701095600968,0.12385600749450539,0.08032940027156162,0.14262861928350687,0.08744896911085394,0.19304282384286267,0.0030492796362570664,0.16691016769236908
0.08875057743896558,0.38685346204776466,0.13456122657916805,0.07273454117628807,0.10348621732992504,0.06801120506942589,0.03468371787549415,0.029032586373821362,0.08188646610914722
0.10676137340872906,0.05948909672181327,0.1161177278544796,0.133673058665549,0.12543553368944918,0.14024755932954433,0.16713048050921234,0.0025324221251117264,0.14861274769611157
0.13882293437924667,0.08219813864990243,0.13762424872036963,0.08721282915268874,0.12990221363455182,0.08178585771044106,0.1505479023010501,0.040645789873819844,0.15126008557792972
0.10554266133397487,0.06428456693072847,0.09567510032864557,0.07451610504271305,0.09449431734018306,0.061438269374351845,0.09332037151197124,0.32171099211965076,0.08901761601778113
0.08201363203635624,0.05548405914761131,0.07555331235002662,0.09483474126971654,0.080509937127481,0.19755103844272084,0.07958158763898766,0.2625251651150985,0.07194652687200115
0.10554266133397487,0.06428456693072847,0.09567510032864557,0.07451610504271305,0.09449431734018306,0.061438269374351845,0.09332037151197124,0.32171099211965076,0.08901761601778113
0.1352317536971814,0.083150793248838,0.13765847496634656,0.08529008672541456,0.1338642161171868,0.08337391968700392,0.16311274726697264,0.0183036856565334,0.16001432263452273
0.12190937585977595,0.08479568937074149,0.12846985821328755,0.08134794337558425,0.14028953035434139,0.08622301312644598,0.18565012936169237,0.004596304333993639,0.16671815600413745
0.06448434937615864,0.6142386384292209,0.10469604524580355,0.053351076041104416,0.07260903408434917,0.05254617109841082,0.006318855114022352,0.010515143459404316,0.02124068715152584
0.1376081420655355,0.08274998515135817,0.13823046997494406,0.08638654950850588,0.13199084543503184,0.08264004395180079,0.15678750606206118,0.027533257067928616,0.15607320078283393
0.13659599729054836,0.08193794758741342,0.13612399639736678,0.11342609753097543,0.12737988161233954,0.0739508320173824,0.14819725851198462,0.031068201822913366,0.1513197872290761
0.13368848657991608,0.07801288252950223,0.12755222807752672,0.08646758200659393,0.11985797789676002,0.0767998790026196,0.12929044991327923,0.11810802125574464,0.13022249273805753
0.11555819885465728,0.21159762202488516,0.1434830752866413,0.08634832055440371,0.12061777842904368,0.07916535790418033,0.06448577429806139,0.0692875282002471,0.10945634444788001
0.1386932624439704,0.08130655592068975,0.1356677186177014,0.08763057571237239,0.1272690691504386,0.08060992602148413,0.14387172456369438,0.059698917774474815,0.14525224979517412
0.13893452922630886,0.08199864657643326,0.1372383200602791,0.0873754728250598,0.12925533329579073,0.08150770157018124,0.1487958922797398,0.04513398312678559,0.14976012103942168
0.1371232884387044,0.08285774387367945,0.1381968368893818,0.08613550385677365,0.13246613254960204,0.08282731851068122,0.1583338257928687,0.024932427534565104,0.1571269225537436
0.13895156110792553,0.08188188513933382,0.136992772381801,0.08744797578213646,0.12889545331627816,0.08134989885701004,0.14785504948989892,0.04769477400650365,0.14893062991911246
0.111438011381162,0.0535343512385438,0.10875562358009916,0.10881577073577248,0.10514339790801448,0.20312550412778563,0.11459109066913147,0.08436276030254856,0.11023349005694248
0.1129770998427801,0.060871511555152,0.11088439344494322,0.19966534398906063,0.10271400384939396,0.14333316523426567,0.11423206690449916,0.03817748593670319,0.1171449292432022
0.13893933935814706,0.08176147921504114,0.13672861328486044,0.08750807773621988,0.12853658350878674,0.08119036342766452,0.14693959528906095,0.050287633135269565,0.1481083150449497
0.10895085065589867,0.0875678700164339,0.11450151628439775,0.07886644389516825,0.14712099487242,0.09003540720192586,0.20596683027610607,0.0015421733584864983,0.16544791343916307
0.13859575965358717,0.08238388517576214,0.1379273176701236,0.08700678305720333,0.13054887719641564,0.08205703307475994,0.15238222515147037,0.03633398851631749,0.1527641305043604
0.11550094734511762,0.08597030216171375,0.12219548213027977,0.08002265247054673,0.14344320899470328,0.08789625286992685,0.19550200050990493,0.002670557469444036,0.1667985960483631
0.13863297497870855,0.08123517858973404,0.1354955631512911,0.08763779315671356,0.1270804355414976,0.0805213634768641,0.14343525888314282,0.06112704950600966,0.1448343827160386
0.10810018306868437,0.06546268621871337,0.09843090865750515,0.07567891847458032,0.09661548959504083,0.06278233074575512,0.09601221084607643,0.3046602027863374,0.09225706960730701
0.13624729309536654,0.07865001640889574,0.1352680201645978,0.10738698682126001,0.12710790371955197,0.0830152730049163,0.14624313948804624,0.038337220557980355,0.14774414673938505
0.08907339331937487,0.38025560222732685,0.132764354501091,0.07322158181852212,0.10186456723429149,0.06697167709450844,0.034072970453132595,0.04244685570238204,0.0793289976493707
0.12113677138113438,0.07166122455211349,0.11266252714989373,0.0815141119941075,0.10780115195568045,0.06975386303673874,0.11087213833822544,0.21497087177219099,0.1096273398199153
0.08709894654645002,0.34735681778162464,0.13738366575660851,0.07300640105396694,0.12461017064736096,0.08275167762189191,0.047730100959934685,0.0021730891668874136,0.09788913046527492
0.13267666545434073,0.08344281756579462,0.13642491127315826,0.08433249556176477,0.1352930094419111,0.0839440659859635,0.168225433227815,0.01317237298932388,0.1624882284999282
0.10554266133397487,0.06428456693072847,0.09567510032864557,0.07451610504271305,0.09449431734018306,0.061438269374351845,0.09332037151197124,0.32171099211965076,0.08901761601778113
0.13164976684869903,0.07692577901608451,0.12493479410112722,0.08575853803984479,0.11768943926664392,0.075589701108338,0.1256649799550571,0.13552658452279587,0.12626041714140956
0.1388750983325594,0.08212885187034964,0.1374959605679228,0.08727545633940048,0.12967250801094388,0.08168788873361411,0.1499165402525726,0.04222123616126416,0.150726459731373
0.13823293856287824,0.0817161559741621,0.13625963603107413,0.10012531718928604,0.12729828858015582,0.07718033443817883,0.14549813982720314,0.04563433183332042,0.14805485756374134
0.07167310950623977,0.05576597179392731,0.06352753272100621,0.17662324880698735,0.07463424357395065,0.25578662824281045,0.06860224116481554,0.17076153117603152,0.0626254930142313
0.13880493478106234,0.08145921792049715,0.13603184242738525,0.08760530005979579,0.12768094731095267,0.0808013757061496,0.14484202983443614,0.05660300594227736,0.14617134601744367
0.08985777075744349,0.10140751740481325,0.09476687706090449,0.1545802959380605,0.08905864576966444,0.181262179366293,0.06174564532175678,0.14853474076149398,0.07878632761957005
0.11825256437621014,0.18765822635985152,0.14524136352654413,0.08791030947952228,0.12209378243830342,0.08023478302230327,0.06537386722304911,0.0838320001300026,0.10940310344421349
0.13889206632566362,0.08161841721241295,0.1364037566679969,0.08756276366161703,0.12812425921212608,0.08100441062759298,0.14591438810543655,0.053309472844404904,0.14717046534274902
0.06508638763250574,0.6406719562764697,0.0906145102035238,0.05137353468930899,0.07233878168289433,0.05509064315293408,0.005135694730749574,0.0035858608401268025,0.01610263079148688
0.11445092351050852,0.061366879207448065,0.10825294221402508,0.0927532916508166,0.10496568812570593,0.11975416804965407,0.10714668115624497,0.18718462551020917,0.10412480057538746
0.13483695793338596,0.07864940009883369,0.12910382842666188,0.0868356113667152,0.12116682980829581,0.0775133504575312,0.1315815551847401,0.10761909228379408,0.13269337444004203
0.1385599403956164,0.08115514519120107,0.13530136984328323,0.08764271252051563,0.12687165249266122,0.08042270877703377,0.14295772576258511,0.06271457807614692,0.14437416694095664
0.1297494258568009,0.06811179887189213,0.12574812827262316,0.09959377644433214,0.11871162067153014,0.10071873464831634,0.12799467897129868,0.10206789266150418,0.12730394360170236
0.10554266133397487,0.06428456693072847,0.09567510032864557,0.07451610504271305,0.09449431734018306,0.061438269374351845,0.09332037151197124,0.32171099211965076,0.08901761601778113
0.12408457200597427,0.07310469455326374,0.1159820528479073,0.08277039441183946,0.11044997068882283,0.07135753066014527,0.11462738911869112,0.1937137790329335,0.11390961668042253
0.1314882514482952,0.08357020010419625,0.13573394827900398,0.08393304021192034,0.13588315384794683,0.08418785619549779,0.1703593164480973,0.01150457440222231,0.16333965906281997
0.1145751851431858,0.07936720980403383,0.11753151451473749,0.20422693535166955,0.12133817504018966,0.05719371064904071,0.1526712991957513,0.004367026270195901,0.14872894403119577
0.13495290045855626,0.08284942388702038,0.13696663572156384,0.09880696220426262,0.13171506909694777,0.0785201266482606,0.15916627250406912,0.018714010841367035,0.15830859863795238
0.1359259375039184,0.08305740534277596,0.13790918569853738,0.08558193693836784,0.1334058934436043,0.0831946101319513,0.16151309481778478,0.020301641019400792,0.15911029510365923
0.138949312794661,0.08192065331411981,0.13707559800152055,0.08742555457881285,0.12901356945983292,0.08140193271156151,0.14816127106552543,0.046849724676192105,0.14920238339777372
0.12978659624844588,0.06833309618307638,0.1278852964285173,0.1102152788728827,0.11974925077545488,0.12365375628426316,0.13401013495907382,0.05166294251519077,0.13470364773309515
0.13850794234978667,0.0811014348805937,0.13517045499510266,0.08764424365587888,0.12673306211465282,0.08035686040933727,0.14264387047438665,0.06377211788326158,0.14407001323699967
0.1310928330720685,0.07663529466753517,0.12424182584800554,0.08555522922741321,0.11712119092043011,0.07526742668208865,0.12474495089423367,0.1400950195648076,0.12524622912341746
0.13853969473989078,0.08241690249755965,0.13797338255980907,0.08696355651483323,0.1306691000449425,0.08210672183281979,0.1527327512238954,0.0355544604455267,0.15304343014072283
0.06374050153695217,0.637635007153932,0.08455827071246573,0.05355830031332246,0.07280711159918452,0.05609037602182515,0.006656582563475579,0.00581104570301737,0.019142804395825025
0.1386536131673933,0.08125898783203722,0.13555310550336705,0.08763569154439917,0.12714309522041853,0.08055084246556417,0.1435797064419521,0.06065198589796916,0.1449729719268993
0.10554266133397487,0.06428456693072847,0.09567510032864557,0.07451610504271305,0.09449431734018306,0.061438269374351845,0.09332037151197124,0.32171099211965076,0.08901761601778113
0.1326151600766501,0.08344943161416928,0.13639068868615287,0.0843112102818095,0.13532433810432398,0.08395686193804097,0.16833866622490565,0.013077621256838465,0.16253602181710913
0.08289258542252105,0.08953464608884736,0.08357237971632786,0.1674082814404836,0.0816479064044982,0.1860273031026698,0.053973345948693296,0.18805144080165614,0.0668921110743027
