0.10065388676862934,0.158801149107078,0.053285174435864224,0.11047379319677708,0.14697672175659274,0.11228644514188484,0.10634614636314606,0.09800998505100755,0.11316669817902013
0.12218009111339645,0.10748697840401333,0.11547430313859201,0.10376416698284839,0.1055794270342143,0.10522988711226026,0.1019498755099827,0.13214494973104476,0.10619032097364779
0.10470437475178847,0.13975972801437167,0.06610371250567568,0.09493343811740669,0.10403280054470983,0.1450595319877251,0.11801626153579448,0.11205931650768326,0.11533083603484479
0.07485138444339946,0.07772340571230248,0.11961924485526121,0.16669063371699674,0.10329629573162376,0.11808696860992697,0.10734958984103497,0.12547905564628237,0.10690342144317212
0.12626277114402037,0.11592393159316298,0.05645413980516861,0.10440643442962583,0.10570527893424413,0.11642001158831634,0.11506651136076666,0.13877478993967088,0.12098613120502422
0.13646712863406407,0.11529263306553332,0.08624429069949154,0.08979755833089346,0.09818468250629242,0.10576162990300907,0.11324745835364303,0.1356502734761489,0.11935434503092401
0.1255350543986094,0.11279482224749715,0.06566741327445184,0.1076768394177532,0.11200782726296678,0.11122013514998187,0.11571779974746481,0.1247723230818642,0.1246077854194108
0.06768423449224947,0.12276081598391626,0.16418818960002243,0.11962929433564999,0.08610606001994393,0.12399486382169016,0.10066859190245621,0.10222224113330074,0.11274570871077083
0.05450947875942324,0.11832905728911831,0.18630326318269652,0.11265174063742005,0.11047382975212505,0.10176999787041884,0.08270883531685513,0.13213081861843243,0.10112297857351037
0.1319852789298672,0.12779547621263393,0.07331722372980315,0.10370746542406717,0.09659282756204805,0.10738903574329221,0.10604789006558386,0.1355680872602346,0.11759671507246987
0.08940730495019705,0.06868937786783481,0.25899663737551887,0.11060619975719009,0.07653901548580651,0.10895919217157292,0.09415333321116574,0.0980634975425092,0.09458544163820476
0.12638985645967657,0.13448383244700204,0.14421123002416883,0.09955773561081423,0.08660459850501516,0.10599711325021414,0.0928093096194738,0.10798805497940234,0.10195826910423299
0.16310004856677948,0.10143180773619416,0.10036711361318529,0.106399724982205,0.09930532192507276,0.10303120309944984,0.10401519598101218,0.10697957641610854,0.11537000767999277
0.10717162266227463,0.11149536655507712,0.057059626194852324,0.12441819392072738,0.12071876806295477,0.1117803878560521,0.10774090083550165,0.13292777422672133,0.1266873596858387
0.12417754631798646,0.09182569386206024,0.0990222621768273,0.101575555984241,0.11071281102813575,0.1177290643532674,0.11118977373989451,0.1260970107133258,0.11767028182426158
0.12523263199631154,0.12149296666269176,0.06372286472143938,0.11324964397119136,0.0950094317381426,0.10881117902342478,0.10993047122863726,0.1434334176260161,0.11911739303214523
0.1294490619511703,0.11682288227399236,0.06138643979961831,0.0960774505241125,0.11297628817003606,0.11096319861642616,0.12217886999173379,0.1248279375736137,0.12531787109929685
0.12154399545013049,0.12126183819413087,0.05579072474561254,0.11078063017320912,0.11272243539691763,0.11191969032856271,0.12052718745670886,0.12400312525700154,0.12145037299772621
0.12920389426028195,0.07976381762882669,0.08589634072204304,0.10274613585610816,0.11257236412315004,0.14376421420872357,0.12501844467264503,0.10101498891511683,0.12001979961310472
0.12124828198361941,0.0836732026298808,0.09111716568506799,0.12383497803014476,0.11293854436266466,0.11357720102239093,0.11408544531275773,0.10487232120731278,0.13465285976616093
0.15235378080500106,0.09331452706220257,0.12223849275503591,0.08658348976454666,0.10654479894075013,0.10630956025868417,0.10225368136261209,0.1073957751279085,0.12300589392325889
0.11533835670706681,0.13419644899436725,0.0653961339649337,0.13542848794062953,0.095003836895786,0.10957890490956078,0.11836268718582459,0.10780582513546404,0.11888931826636741
0.14888904530344527,0.12000906398642976,0.057093766772745656,0.09860017156994427,0.09895231778997093,0.11180696736814434,0.1104386615182749,0.13381542881078418,0.1203945768802606
0.0627822757762929,0.18522651694822145,0.14580488985563286,0.10660614464271405,0.11568880288035206,0.07978825694154111,0.11426291723758514,0.09686713420243549,0.0929730615152249
0.11367774547829547,0.1594190891317589,0.057560880008451394,0.1166127235076128,0.10852366097047443,0.10245101247804976,0.1187703250520286,0.10792392709076688,0.1150606362825618
0.17109621422077756,0.09138678867190103,0.060400839118533965,0.11267012542439707,0.10499842070430125,0.11267208858316047,0.12033046667392926,0.10449951306282175,0.12194554354017763
0.13113474254441218,0.10532573149666997,0.07080811547207334,0.11778735277143225,0.1273327650150566,0.11080608122035047,0.11766897541444454,0.09919503330001088,0.11994120276554976
0.11067177806020867,0.16986286305084267,0.05736508528553147,0.10483785009040997,0.10449591965408839,0.10921765545443902,0.11608933245383735,0.11265798650607572,0.11480152944456667
0.15275158966428393,0.12997606248103385,0.04601341248290883,0.11545832816713798,0.09911334648202845,0.10481704454536926,0.11406299695090842,0.1230335421898564,0.11477367703647284
0.14138554095597497,0.09368542598655084,0.06925745967034724,0.11679072531858492,0.11190527376833241,0.11306328776197254,0.1185658860257504,0.1131292302147769,0.12221717029770979
0.14218581117463577,0.08305235232321397,0.0963245191596916,0.10347976436281675,0.10177285358246851,0.10735129752082795,0.11843182668415851,0.12558552573827733,0.1218160494539096
0.11111737837135748,0.09028947225808122,0.1460122875753976,0.1161226842875996,0.10509236768688208,0.0963874873702363,0.11782040643087659,0.1041112557935794,0.11304666022598968
0.10375552284352035,0.0918359476762982,0.09135313256799914,0.13271195521194928,0.11910148176350023,0.1163520738767649,0.11515444305100779,0.10471191532308795,0.1250235276858722
0.13980278117031988,0.07460846349296504,0.08128504738796238,0.10814914922583711,0.11773069824411449,0.11953548523802537,0.12418447486390634,0.10676020839194676,0.1279436919849226
0.0914391579996598,0.13276857426158892,0.089736507982153,0.127560290565436,0.10893656608570505,0.12802277471367005,0.10075448391390102,0.10332205564317365,0.11745958883471257
0.13166881497521563,0.09908095428576928,0.0857822946031546,0.10390840147790077,0.10262204308275073,0.11502440546851578,0.11973978657691008,0.12308508016445767,0.11908821936532554
0.1642798071115301,0.15176205110291974,0.06976552195264649,0.11046992579353228,0.09555475236557052,0.09727130692630946,0.11174540025088024,0.09307110494001032,0.10608012955660084
0.10363428543975689,0.12215371005495779,0.07728367260743656,0.10548791544504003,0.12092911277336288,0.10683646739836243,0.12229860629840211,0.11796559110650956,0.1234106388761718
0.12458590044820157,0.11310209254661734,0.06478838850050563,0.10193002934062693,0.12229235806739125,0.12334921446172666,0.11799391245590107,0.1192302384176417,0.11272786576138778
0.1272924348254317,0.08456227329241874,0.10932135202155731,0.1005433216057801,0.11542024624243312,0.10950869648023531,0.1240318140175275,0.11546498367159756,0.11385487784301856
0.10784340288412538,0.0910282902065473,0.10722409162061601,0.1236076164637151,0.1243729258939274,0.10112809423121545,0.11403970470517273,0.10712326719755096,0.12363260679712977
0.11207746551436243,0.12034934706628968,0.06748832371127604,0.12834282023188215,0.12610021324771734,0.10566150419721033,0.11305394201042836,0.11901492866631787,0.1079114553545158
0.11172075374567404,0.10765919875711065,0.05716887886325428,0.12705471176232638,0.11499550590795792,0.11377990343733287,0.1200503876670818,0.11678288649291431,0.13078777336634775
0.051955909180584216,0.0897231340023358,0.3606685906133993,0.07647358416023176,0.09876750725910081,0.07380294836481495,0.07695663864551748,0.09196970367429952,0.07968198409971618
0.08490786847347975,0.05224382645569168,0.2387862847329174,0.10855533862388862,0.09189741792750379,0.11595109886324018,0.10160639529943034,0.10260666760830506,0.10344510201554319
0.10024692355557384,0.16530652800443016,0.07467386796700491,0.12340822994764211,0.10075326924577681,0.11629464623057977,0.09796924194305336,0.1126835738516458,0.10866371925429326
0.1333790203988987,0.0830346759080067,0.1231540723567283,0.10264294861040568,0.1016649107854244,0.11700526580618964,0.11604833504933454,0.1052452286815313,0.11782554240348068
0.1599385022365025,0.11892888928485967,0.10276322188280161,0.13741057264282347,0.07013092849265125,0.07988785185886033,0.09623340889644426,0.13383566988337656,0.10087095482168036
0.11468213186986986,0.09682638654762114,0.17017041682792663,0.10037786393823112,0.08903751230099272,0.11655601999145798,0.10441183996848823,0.10210196588439778,0.10583586267101452
0.15979413371004492,0.10639146393287542,0.07609052975296657,0.10794361995136176,0.0854095012085943,0.09811977882130486,0.09907753922052269,0.15308318708462806,0.11409024631770136
0.1121870738340292,0.10903788469317643,0.052199067543465226,0.10790683019040376,0.12493906880318258,0.1206135014416908,0.12462804630131415,0.11953289944859258,0.12895562774414526
0.12460947759654534,0.08168962197164129,0.19699573363381287,0.08838065338325185,0.0843667218032611,0.09783412531445218,0.10455533712460789,0.09827822992743562,0.12329009924499179
0.11703226682134389,0.08959072109085942,0.07183354220577394,0.1306104873334867,0.11433831750181128,0.10869667931394654,0.1190661547721845,0.12041176401654001,0.12842006694405372
0.07793052276064742,0.09369443860260983,0.1330684486517736,0.15846483150662694,0.10647083831220612,0.08350823611394187,0.10558020815757181,0.14376738980735282,0.09751508608726957
0.12491759813320359,0.1254399945708039,0.077745064790968,0.09257373469854337,0.11115224955645182,0.12196686095688163,0.11912285159804863,0.1134033121657994,0.11367833352929961
0.143499735091141,0.09930178463901579,0.16468648263234328,0.10614697000708584,0.0985294195658823,0.08912273572903512,0.10377634597012537,0.08552703657011261,0.10940948979525872
0.1467046849425112,0.06589063639606489,0.2015964316690414,0.11888753721220247,0.07888284178323096,0.06948635554997357,0.09832150592310712,0.11713944045330045,0.10309056607056799
0.1024427462208443,0.13143062740732428,0.08156866504448282,0.10919630055982661,0.10785648168832117,0.13149422241066344,0.10944481616725599,0.10806431959277141,0.11850182090850986
0.14775097259134004,0.10016572217495683,0.07372177698309615,0.11077619565947595,0.09835649983563567,0.11834401145570446,0.1183421598409663,0.12035447683616429,0.1121881846226603
0.0939668717702158,0.1147627612373013,0.15083546245237836,0.08932480333589911,0.12185971797040594,0.12463435869081112,0.10540058348464611,0.09307994127214808,0.10613549978619423
0.09270092581258492,0.10293557648810624,0.10696672455731303,0.13559548091266507,0.1203986052170286,0.09878435021995287,0.10432220384252079,0.12033376192762796,0.11796237102220053
0.05936761291410856,0.0927505779088617,0.31328413038882097,0.10352401225853962,0.10104727648752317,0.07916216045788495,0.09350821445168685,0.07398066859814761,0.08337534653442652
0.09506452276898485,0.15696690866549498,0.1171589627587047,0.10541128805417926,0.10972678482779526,0.10090364294395449,0.1117251909119168,0.09573120106279404,0.1073114980061756
0.12619328715252207,0.09227033104472841,0.09645553549410828,0.11985450541090246,0.10691667968622476,0.10272336421389279,0.1105383096001491,0.125916179349692,0.11913180804778013
0.10270407251838502,0.09182966284959526,0.11422299388295291,0.1464151298490793,0.11920611590959397,0.11100446595678821,0.10711757855469688,0.0943161029187723,0.1131838775601362
0.09293049655938557,0.08956286911091589,0.14310797239976772,0.10273740557339417,0.11425010755345603,0.12743706948113556,0.10033520078292842,0.11871985174036048,0.11091902679865619
0.10444186581252664,0.1040387518426225,0.14392143315815994,0.13647455074492057,0.09247419236663106,0.10661173022226299,0.10972435761720019,0.09309463604494717,0.10921848219072901
0.06153772974143514,0.06260005162316992,0.22916772163486265,0.10239227378912845,0.13780890757685219,0.11019899149221539,0.11279722695918841,0.0964328594129928,0.08706423777015508
0.10395519033362567,0.12253332908880173,0.05811118032063365,0.11354249300071234,0.12066803294222182,0.11889880968571183,0.11091964993451113,0.12363069047687196,0.12774062421690988
0.11386453367870665,0.11978630037017113,0.06173724086317318,0.10410021357651394,0.11598828838234858,0.12018009494706154,0.12154984453969908,0.1194529887786598,0.1233404948636661
0.1431178594165759,0.11731533688310587,0.07872868362818189,0.1004108235023763,0.1006081679324609,0.10147689922965751,0.10249724721484203,0.13676455683603914,0.11908042535676049
0.12232437910944638,0.11484959850981497,0.07283065635055563,0.10051577909083327,0.10216983923639185,0.10776784473524333,0.11883252780835755,0.14386657622431606,0.1168427989350409
0.1326636733222191,0.09609114972312122,0.09165791039203774,0.10107246656567763,0.10192821443640543,0.12204132998292276,0.11328464532848835,0.12611438486832147,0.11514622538080628
0.09831748419430536,0.11915522065809132,0.07931036801480221,0.13280270799963098,0.1166283188828464,0.10375893269950028,0.11334515502174397,0.11825627405177364,0.11842553847730584
0.11678146113344201,0.13188596310674275,0.12422910919097052,0.12728220320071124,0.08160191318751925,0.09800159669242092,0.09568362379335933,0.11552017628905377,0.10901395340578025
0.12661305221954508,0.1592913286760914,0.13255888791793635,0.087571689355381,0.09068818031310026,0.08842857227903582,0.09780403865273102,0.10880451788010337,0.10823973270607572
0.09890181916831466,0.08607367340433893,0.13399236758641017,0.14039677014963745,0.09898976555022361,0.11134108290905353,0.1069089368429502,0.10513273852177056,0.1182628458673009
0.11093340385578926,0.1197738873692803,0.08921450782434144,0.0850032591360866,0.13474703301917443,0.12318492919848922,0.10411046954559233,0.11387730950979458,0.1191552005414519
0.11995989566248437,0.0853091491599296,0.11466660279976919,0.12631659204555137,0.10688198430132116,0.11626605273241679,0.1198334567823207,0.08856635663725983,0.12219990987894706
0.14056035434943445,0.08524295950586976,0.10566487051891837,0.10388263823179501,0.09864984025273804,0.12786028582086162,0.10968562967519181,0.1123990290802774,0.11605439256491346
0.10597647365189007,0.08203241265605185,0.07579381878198642,0.11763093376419591,0.12978115039932728,0.1185528779283385,0.1291926281476191,0.10886206089867806,0.13217764377191274
0.14220969128135116,0.0755149781989871,0.12077502108679718,0.1330627618396669,0.10328901529711836,0.09558475544054779,0.11559581113824464,0.1116819968663099,0.102285968850977
0.1675202211586645,0.08833513154629154,0.060073164609153885,0.11515354348129979,0.09508254700729928,0.1128489681884647,0.11614186127109494,0.11519703691687404,0.1296475258208574
0.13206342229885906,0.09660795824253261,0.06166648961120352,0.15967009012726685,0.11818504514973531,0.1121132531227601,0.11621380171975798,0.088243090394679,0.11523684933320562
0.11449097855876046,0.07295257447306647,0.13333587342101308,0.13697838199721554,0.12776229503807482,0.08642011828458494,0.11528921134723562,0.08996320032699252,0.12280736655305662
0.14804096743756678,0.08986537505644654,0.08310717075814593,0.10740305977962698,0.10818173750861344,0.11323312716146731,0.12294266506433682,0.113285461323351,0.11394043591044527
0.12852839279725384,0.09822606382154658,0.1409013561664989,0.08187139759523344,0.12335052998901302,0.1293245042147021,0.1054414325830284,0.0894044011089743,0.10295192172374945
0.12417007613456209,0.11612119151202716,0.06088406824508511,0.10018543280457515,0.11098916202371072,0.11359784976429695,0.1193603739694124,0.1343182514145342,0.12037359413179632
0.12359177843354296,0.10471672580562873,0.05736288331557816,0.10977219381195706,0.10929991946107143,0.11707836348294527,0.123643710768598,0.13147091729841495,0.12306350762226341
0.10521543071049268,0.08176061662180266,0.13423108864759944,0.1116620534904198,0.10886379564806696,0.11972972787365194,0.11020152243312553,0.09929775551659076,0.12903800905825027
0.07543372793784009,0.09719907724057823,0.15876534963718508,0.14579231342199064,0.08312226711074666,0.09043617715963771,0.10373823731241505,0.13689954727587827,0.10861330290372828
0.07526519332545596,0.18065287511488384,0.07909462730608652,0.1423359321090699,0.10838293806847481,0.10807007680751296,0.10123368356941014,0.09901566719929011,0.10594900649981576
0.12269751604922381,0.14176292169750435,0.10731214560019953,0.1235452542170467,0.11092421110903532,0.09203284416844154,0.10725542824182778,0.08399604654614347,0.1104736323705775
0.1060260415739898,0.1818173509381341,0.13331562067713362,0.1263107491687096,0.08553457774262563,0.09567706151384618,0.09521646812390276,0.07386952131449082,0.10223260894716751
0.07947666776921983,0.13520121130643012,0.12528278169503795,0.10176395087779312,0.1200454020532653,0.1054564361117219,0.10753324996208853,0.11075294512887628,0.11448735509556691
0.09423113922195288,0.08735036111350009,0.17395629647886904,0.09448724749317529,0.1143929625244764,0.10419963868705022,0.12113127138852951,0.09177658456436709,0.1184744985280795
0.09195916781300341,0.1057461219080219,0.1133672422874955,0.1052717199702134,0.1289512106539352,0.13299199146698332,0.11168286751420133,0.09422245535768571,0.11580722302846023
0.06713047385558868,0.10781059952217191,0.20955706226171553,0.15349886912459185,0.08740381828583366,0.09953364938502547,0.09096917964663469,0.09233341740338054,0.09176293051505778
0.08896431058603844,0.08242330250206584,0.12902283088120162,0.11074962222091057,0.13653324845988546,0.11862728236293774,0.10633685649926965,0.1109134363481627,0.116429110139528
0.13620583556813096,0.07793930875744427,0.1424940401153292,0.09386026431842948,0.10674778456571803,0.09511021538908754,0.11483686358675095,0.11928494392758267,0.11352074377152681
0.08124602782497908,0.1201586162947168,0.230357880763104,0.08501874547196446,0.11136855787032178,0.09467407496607805,0.09710549659376166,0.09104180164497892,0.08902879857009525
0.11378611968143482,0.11999174684210223,0.057235905359225514,0.10833340180054603,0.1156757223722739,0.11712505859722712,0.11577045908451222,0.12768863901282393,0.1243929472498543
0.17754128276186876,0.0848484576665503,0.07652624558760852,0.12020516235295554,0.09734982635703622,0.10320047406866467,0.10540161164323038,0.12013769159383103,0.11478924796825453
0.14989894706441756,0.1045963021215875,0.06312491933042179,0.11712194214645306,0.10167786285306053,0.11600965925371565,0.1111971965459781,0.11153026027458156,0.12484291040978424
0.09268727887753292,0.08098851311995042,0.1670274881677846,0.07910980207842754,0.10192890497781233,0.13213056841449852,0.11699236507696213,0.12442702202799437,0.10470805725903713
0.10186106046699388,0.08818307671888619,0.10248235170288478,0.10468764792261098,0.11253537833877403,0.15066755964445042,0.09723516754263657,0.11575270397919261,0.12659505368357063
0.11677977022426661,0.1013111054222937,0.08521735522109682,0.10199684641261013,0.11129972221319047,0.11737075650128868,0.12262335862771172,0.12443810952382205,0.1189629758537199
0.10083815556945792,0.1310956645049761,0.08205477684872965,0.12450176881267612,0.11615053023923583,0.09711376299099382,0.11185502395757023,0.12889617079626747,0.10749414628009275
0.13528972280052265,0.09767746112882543,0.07602552400156677,0.1349092136213319,0.10367184112676914,0.10462773848185046,0.11331820209149396,0.11574950475166224,0.11873079199597736
0.14187903078946495,0.08660421656412033,0.07023167709787315,0.10899080948127254,0.11759026557500445,0.11412679542766613,0.11872264500430078,0.11410618519980198,0.1277483748604957
0.11104463200948438,0.10418013630970795,0.06826835625909926,0.12553799837538207,0.14039734140022786,0.11716301617064721,0.11130823483802826,0.1035835476909165,0.11851673694650655
0.12797347434972747,0.1138844835029107,0.05585068688231657,0.1243168072341657,0.10194538587503536,0.10661006513045523,0.11555646922164405,0.13446087903766807,0.11940174876607683
0.13385301850852097,0.1599586364248103,0.1263677777485583,0.11137302045121715,0.08402347624656652,0.08727264854089856,0.0983155152394423,0.09724139936139115,0.10159450747859472
0.05576783902164209,0.12473628756768856,0.2426363697298541,0.1225943335242448,0.08427594782797354,0.09748994102339627,0.07879914388684679,0.11327156497317485,0.08042857244517905
0.12374017947214098,0.08756957727868153,0.1284712813232239,0.10718276047512065,0.13533166286775344,0.0952088271736962,0.11712047377132813,0.08350864017263204,0.12186659746542317
0.10281952076589333,0.11617868080831102,0.07276766518215551,0.11068186070143872,0.11326132604320378,0.12587026780970056,0.12091099203331657,0.11191466016795597,0.1255950264880245
0.1334031924275587,0.1748701333115851,0.11180283791839712,0.08931960107997654,0.09041770237571355,0.09384882777849463,0.09903594460899327,0.10353738885009783,0.1037643716491833
0.1144451806085522,0.11806408713960652,0.06673799520861233,0.1098412531368677,0.1281124109003162,0.10476187618728146,0.11583850407020004,0.11934207656282031,0.12285661618574333
0.16199251097095338,0.07758538214597066,0.06056438965187471,0.12772595595941283,0.11547700874295382,0.10154184645188014,0.11594734321906858,0.11344593078768239,0.12571963207020345
0.11229170469444866,0.11952781680244152,0.09537644989225312,0.12906126837220136,0.09295616588084299,0.10163788321230276,0.1095854291483934,0.12311539758960038,0.1164478844075157
0.14851328127723698,0.07281809516391936,0.1860411879084356,0.08826812112990899,0.09486828598186463,0.09488675682766605,0.10675167424562444,0.1072048472784154,0.10064775018692862
0.10386450564490575,0.13453071657928647,0.0804466623776699,0.10156137943376557,0.12662136453137965,0.1101678693462662,0.1104418509580886,0.11726446323400903,0.11510118789462882
0.1212810436690157,0.08702676294514168,0.12110372089189503,0.09950737845688018,0.12004495446325468,0.09791929413078215,0.12182497845251243,0.11763048544990139,0.11366138154061682
0.13242668080400333,0.11414357696572446,0.06123167807500643,0.10860124058084476,0.10879252810190838,0.11964536297039752,0.11511843553174438,0.11117655275449362,0.12886394421587719
0.08069190909420697,0.17269359694438424,0.1554292382718873,0.10130491437598681,0.09068593584681033,0.1058638191008029,0.10332344900054567,0.10005565358137358,0.08995148378400215
0.06841933849495203,0.09687117331857986,0.14345973579008767,0.1261230934385847,0.10680670367652585,0.14358867329929212,0.09178603322225487,0.1162396656054312,0.10670558315429175
0.14927074856855146,0.11939715935106282,0.10511583355597587,0.10548952251935956,0.10253029579757585,0.10148623000812544,0.10607136721882122,0.09592296561409992,0.1147158773664279
0.10164294120455654,0.1069997734499199,0.11447385933123501,0.11517106484210686,0.11781795928029626,0.09918781902653268,0.11657442018657506,0.12318606628951213,0.1049460963892656
0.12015458481464115,0.06591979994180898,0.13158772269692265,0.09994463658617464,0.12863018654739197,0.11095524542295991,0.11503817622822775,0.10898649768915562,0.11878315007271727
0.12555967093673742,0.09030017324733247,0.07517064220824143,0.12076210935994185,0.1381965662716734,0.10350991924626152,0.11630084802140006,0.10682960423048392,0.12337046647792797
0.1185670794358674,0.1161277669906216,0.06090248376489956,0.11019616231958466,0.10842742402753207,0.1127042450713448,0.12188845057709463,0.12694688965873044,0.12423949815432478
0.10255323498726483,0.1235231205411939,0.07721260230683549,0.09823066954204292,0.11955218611643524,0.11799122319073224,0.10359647113103548,0.13159713985110544,0.12574335233335446
0.12995782468388503,0.12342286801920314,0.08712889579903378,0.11738172594493392,0.11144360955281458,0.10747726949040855,0.10749100873851018,0.10337331922071773,0.11232347855049313
0.13517841733207406,0.11832679746192226,0.060769458099901974,0.10588949892062394,0.11669880758587385,0.11389568300667584,0.11351595759432444,0.10999895235469385,0.12572642764390976
0.11341093237693273,0.10840979645254961,0.06300626257462295,0.10953125507503596,0.11927751087299583,0.11774835554546507,0.12043485001576477,0.12413233324194621,0.12404870384468687
0.11800673114822775,0.06412361783851304,0.19329331133536765,0.0787340657348725,0.11267532320122216,0.09677148601340889,0.10050194248893311,0.131580564970435,0.10431295726901986
0.07910630223751174,0.13084395630836548,0.13296719273832328,0.09460780154007441,0.09889549682035331,0.1439872401972709,0.11033731950641223,0.09388798884083231,0.11536670181085633
0.12259348310040431,0.10575989797739999,0.07653268498961621,0.12519535496989304,0.11982349664169294,0.1086303340496909,0.11831756586186726,0.10485207295852489,0.11829510945091049
0.1111225610367349,0.13674175174191958,0.16552651393772827,0.08936921237771223,0.082822860854262,0.10497830390252337,0.09643485918629789,0.09939924646026366,0.11360469050255816
0.11650330833310689,0.09858957530829134,0.08240727117704057,0.10054976212383852,0.12034780608225204,0.12718310574364747,0.1067315183981537,0.12594255824088077,0.1217450945927887
0.08119812875628549,0.09612591150937404,0.13884882584397817,0.1263270694965421,0.1045252727403328,0.13076234252927596,0.10909834232940223,0.09633204821446227,0.11678205858034696
0.10375944305875057,0.08845057683251918,0.11984377534523953,0.11600349569521402,0.10918978115860632,0.119820376851212,0.10506930947749869,0.12130731254240183,0.11655592903855794
0.1331936415460092,0.060108318237507556,0.11185659603952273,0.11193943229814884,0.1175408888271855,0.10777647291050495,0.1256061067515568,0.11098140213148305,0.12099714125808136
0.057229011218749216,0.12302421190729461,0.20960556141920694,0.104037105044058,0.11993807930274171,0.11055541271151974,0.09417822209667037,0.09603538753870274,0.08539700876105666
0.14243205322613417,0.08274278868611355,0.07425964947169048,0.12472875892146262,0.11035505182510952,0.1116638836339295,0.12007071878307408,0.1054836495898825,0.1282634458626035
0.042503028837984014,0.17732974068244758,0.21588341270401645,0.11583996511663298,0.11698412282417635,0.09347830336038325,0.07527579618541831,0.08348853723182213,0.079217093057119
0.11505004691716464,0.14134273333572495,0.056429654056977564,0.1017346375269812,0.11147028296122441,0.12223351317411835,0.11075624803007121,0.12531347495550885,0.11566940904222878
0.12985905080888435,0.09314690761077134,0.08241482369952288,0.12492122391738436,0.09685818804021179,0.11150252081812816,0.11277571977805817,0.1292453002932542,0.1192762650337847
0.11817399644450165,0.08811087350964651,0.1152897286246108,0.09546864127137517,0.11499764035287575,0.11036596491787772,0.11503436474505446,0.12101280106750834,0.12154598906654956
0.10405055031262385,0.08148055698221583,0.07938488340036619,0.14913684149542228,0.15031222574530956,0.10075568658533833,0.1112024851975509,0.10585803305263576,0.1178187372285373
0.1488040963257604,0.09250648534169524,0.10805137519309231,0.11413869877209504,0.12383016601850771,0.10701982091512936,0.10967732288903433,0.08037422367585312,0.11559781086883258
0.11669347043976804,0.11778686306987181,0.06282636369784202,0.10980613211506692,0.11187200679548821,0.11733791210379978,0.11708484649673039,0.12635919185788244,0.12023321342355037
0.10268072414083007,0.08053964329029258,0.0986553923063128,0.15665638431233722,0.1176960932826883,0.11230442147337666,0.12451465520269027,0.08898788208205217,0.11796480390941995
0.11165678660687343,0.08494490211684928,0.08074196706231919,0.10866077656981589,0.1175314556865762,0.15831812138707826,0.11581027068555938,0.10838359018531633,0.11395212969961199
0.05613910224301125,0.08016891807881095,0.2813874918822084,0.11338767584500149,0.08085301407192506,0.09651479367745341,0.09960806795915063,0.09250543133943873,0.09943550490299997
0.10626988070385457,0.08656620200601511,0.09650839587170962,0.10691382557247586,0.12189894986897097,0.12270322807573845,0.12831741434572072,0.10873900728444857,0.1220830962710661
0.17067977547163768,0.107440443120976,0.06506051151922033,0.10148437262768029,0.10886207183856571,0.10099697445001588,0.11475765992984137,0.11219051672147129,0.11852767432059141
0.14615892756019278,0.12190896550015336,0.06977716756621336,0.10792562556597406,0.09731839137192728,0.10171637464198784,0.11294697158725263,0.12874660752414221,0.1135009686821566
0.08984261544293548,0.16201667561092012,0.0713355496318785,0.11914371992744392,0.12628712764553504,0.09639564888759723,0.10688903307604657,0.1043434693328338,0.12374616044480942
0.09494783253617008,0.150205193607091,0.20847421834837318,0.08579611387388987,0.09645671594590159,0.08990510925254468,0.09030239185096213,0.08125824809056438,0.10265417649450308
0.12278454642590643,0.14264848363273025,0.09100512895095864,0.09310469558326062,0.12117850115375044,0.0922831457338818,0.09462766444881691,0.13602111065303385,0.10634672341766112
0.17532846125333348,0.08766470232301377,0.06564373546517276,0.10410185668324123,0.10093694523776364,0.1108626605430046,0.11824082135871873,0.11727159113457207,0.11994922600117962
0.09163969408520595,0.10689558777616004,0.08319797431732638,0.11579178102897901,0.16533676813721654,0.10709247999954297,0.10523636229842208,0.10726378569209698,0.11754556666505007
0.13989987786444028,0.05922986799644145,0.2797444358513372,0.08258903623156977,0.06899497550807943,0.08228810234872819,0.11016881862830132,0.08974160044857003,0.0873432851225323
0.03673359149009043,0.16882115197874806,0.2320996776204649,0.09824790298892923,0.11301889064188912,0.09588908903034576,0.08102814727530319,0.08895738166111222,0.0852041673131171
0.1308339690195739,0.13708608321148072,0.08035085868967688,0.09696456869659066,0.10142111863393856,0.10687485709071591,0.11537549711033146,0.11986321034700849,0.1112298372006834
0.16759684605300348,0.07454022106607786,0.09510553320653621,0.11462819678528095,0.08357534287063845,0.11871384117422024,0.1105498814442374,0.12491975454405185,0.11037038285595363
0.08456065282022569,0.10045891204156863,0.2830689251289651,0.0858369507188345,0.07913779327455278,0.07758452122617467,0.09620280894684952,0.08983121474712617,0.10331822109570288
0.070462571816229,0.14626041505809703,0.19095178202387353,0.10792442880103874,0.11905702487780527,0.08302370663887783,0.09670926198810677,0.09563472813053582,0.08997608066543601
0.10026034047082762,0.1973513170297787,0.06492472733000555,0.10717318676798043,0.09967242975040957,0.11829126229985061,0.10261164687356156,0.10499976701849328,0.10471532245909261
0.1470002314466087,0.1079737096834568,0.10427765661687581,0.11371133523968509,0.09528471264250886,0.09965660788833623,0.11295660793844527,0.10103995193135008,0.11809918661273316
0.13460203162775877,0.07872506105313426,0.09453172705106705,0.11638327115114887,0.11524306528265725,0.09471213346610767,0.1169993962688563,0.12289429229060571,0.12590902180866406
0.15491131563295873,0.07254373419879963,0.1166170951208821,0.12904628631639337,0.08337501000838043,0.09261273588908947,0.10682239227746897,0.12094601563384298,0.12312541492218422
0.11377375426823931,0.12517113315700587,0.062031982579513034,0.1017930379730866,0.10998577942884546,0.11690741617777249,0.12111870872291076,0.1303197840923391,0.11889840360028735
0.07557848768291144,0.10094007256895986,0.156720108308094,0.15144916822954735,0.10554423712294105,0.1079643270891415,0.10444900796857759,0.09335864002316618,0.10399595100666108
0.11899599190064569,0.13592445763786556,0.06239666960381288,0.11803047887111152,0.1097158850315908,0.10120320025836321,0.1134071668378538,0.11593416826488374,0.12439198159387271
0.13266368282485685,0.1356004042809176,0.055439907486431204,0.10471692699973183,0.1101855751469442,0.1083174793997587,0.11468979638224948,0.11923868870640959,0.11914753877270057
0.07983436788215847,0.09198789945414905,0.15277152359608154,0.11928208217114263,0.11023491505790829,0.09342229146863425,0.12000100401528778,0.11312120882891823,0.11934470752571984
0.09658222717168587,0.12681639618015697,0.13077958456606634,0.09985019406666436,0.08466182505023112,0.12940272826030677,0.0954501618014375,0.1214521939575023,0.11500468894594877
0.13160326198290948,0.09411278617215403,0.06382580367689547,0.12447332035015361,0.10692242474263976,0.12177172179671132,0.12012001288033192,0.10583303203865335,0.13133763635955112
0.10248373231722423,0.10239414645411253,0.07444666438182132,0.11266613702831706,0.11644812908088542,0.12874926081522173,0.12332104988238991,0.10888452181314447,0.13060635822688335
0.15295376245122644,0.10093547080995714,0.06704053553913791,0.11976601980362593,0.11425758384334672,0.09336285998245925,0.10578594148875968,0.12753237352760197,0.1183654525538849
0.12594458913259188,0.09760750698486824,0.08467021751382965,0.11409859347295974,0.11363276435184833,0.11335778822562133,0.11683964959003934,0.11384468232921002,0.12000420839903138
0.11408055757415103,0.13184085468056253,0.07443587563610833,0.12860464974765792,0.11384435858053772,0.10100970610073338,0.1086729401763971,0.10323967874505273,0.12427137875879923
0.21619779971917938,0.08375599650539518,0.11414594212941791,0.113412950544308,0.07267577527221143,0.07821367226674858,0.09887564369387018,0.10958390132622416,0.11313831854264517
0.07349007185071615,0.14318777815956732,0.20009945818475505,0.10688068989691606,0.09887617818479255,0.08756379219885589,0.10014975309236905,0.09060611505341593,0.09914616337861194
0.1134015587648912,0.08986779138802163,0.08587823926095096,0.13248398074827758,0.10918257528945734,0.1389114838724985,0.12111153474104243,0.09032828053767582,0.11883455539718453
0.11587139945934521,0.0698938412217766,0.1494097785069658,0.09110423264427951,0.1643166095071538,0.08820736889139404,0.1065835806789382,0.11410357496613817,0.10050961412400876
0.13446644678007283,0.0919421445863659,0.07016930275618617,0.12345968545127878,0.11240191705078556,0.109182826031012,0.11329536686861479,0.13403673853599343,0.11104557193969052
0.11833053298839752,0.09497103622512104,0.1233623558835807,0.09995222531590835,0.10514577843019147,0.11341588583597473,0.12445357018932916,0.1034864595525497,0.11688215557894728
0.10947766479007064,0.12665954609745392,0.11773251452891247,0.10973231945816342,0.0938105186892293,0.0977499462937053,0.11522880034330198,0.10685430215786977,0.12275438764129326
0.1080421942280498,0.1357706359386576,0.142902316110585,0.127003358656978,0.08775803754962636,0.08536263151783678,0.09851805069528198,0.11008429889779404,0.1045584764051904
0.11443762447143369,0.08999856810690866,0.08444923872843905,0.12518250894024488,0.11742718880529174,0.10373366835833936,0.12134081287951026,0.1188732129119151,0.12455717679791728
0.10975207130987036,0.15653633329533267,0.06969484668109112,0.11469853671452991,0.11305360682343353,0.09727479172019493,0.11706912294803208,0.10332328103858886,0.1185974094689265
0.20236907967029638,0.05839726606914417,0.1912987967002706,0.09232595547452488,0.06359096816178343,0.07373758288398306,0.11293966254694092,0.09316822720737554,0.11217246128568105
0.10326925228073862,0.1461493353518308,0.1983763452489737,0.1057230310743789,0.0911645049194675,0.08064934091208661,0.08765637348562803,0.08020891316247787,0.10680290356441792
0.12669779349140126,0.10741445594295813,0.09844425393860695,0.09582152634521833,0.11201708670445026,0.12011554979102974,0.11396902922035423,0.10707709889666682,0.11844320566931432
0.09925348115759258,0.08659095950899375,0.08707650457790715,0.12305749425451244,0.1151864613804029,0.14179733125157676,0.11497606064381787,0.11422699801080682,0.11783470921438975
0.10034930220276472,0.14652829627277386,0.076876391575959,0.11561072131097139,0.09612348625139429,0.1303355655118934,0.11730851062159105,0.09862807165521525,0.11823965459743702
0.11621153425125814,0.12373822716387044,0.10885869985972986,0.13138433036917493,0.08239418179305673,0.13377094298396794,0.09882525733547005,0.10029203434334351,0.10452479190012835
0.09672085600902376,0.10545850592832527,0.13479196543665048,0.10407106533257159,0.10163768875818387,0.1005931272192921,0.11323416402519797,0.13939372594369784,0.10409890134705707
0.08893671230033041,0.13553445492494381,0.0973128931419901,0.11949466459337071,0.11208286693809506,0.11899833157185787,0.10160237352797707,0.11425860196837297,0.11177910103306198
0.10137537861576353,0.10648228089142674,0.0768913995964193,0.14333370313461935,0.13177304036731008,0.10413028420682381,0.11580090943014776,0.10345315940450073,0.11675984435298865
0.06380891654370066,0.06974469476549326,0.2751794020483181,0.10356859754424476,0.09993149740494377,0.11021845643718402,0.09702286111221063,0.0861323884960079,0.0943931856478969
0.14054672867101944,0.08045702603911452,0.0753461202468112,0.1320238591071482,0.10036186524847696,0.09837272160745975,0.13552376314618564,0.11788266924812534,0.11948524668565891
0.08964926692749613,0.11017033771707851,0.17443961825443233,0.09669344475509993,0.11344600336433923,0.0958042651064797,0.10272123048661885,0.11166367744990469,0.10541215593855069
0.11196471746261445,0.10271138908208284,0.1525282147285549,0.10219997709633666,0.09015323537080167,0.10479362938060131,0.11611283651117273,0.11179529234996856,0.10774070801786688
0.1258498101798122,0.10287526578855517,0.06187515719101002,0.10605337411100792,0.1159459747936565,0.12339049039520363,0.12076207010187355,0.11435485093001908,0.1288930065088619
0.11933612295393121,0.09464604325769564,0.11325045646971527,0.10629333922687804,0.136621027445696,0.09754716747980365,0.11882869040508061,0.09754702428548723,0.11593012847571238
0.08095468525603298,0.09707782184975282,0.17077483276350838,0.133114910155892,0.10118390940150794,0.10877619473534805,0.10342993896778123,0.10177658296738067,0.102911123902796
0.1045178249783839,0.13951868582114693,0.09738314656807678,0.10391225882409334,0.11062586113523633,0.10077565713990126,0.09805572410792869,0.13194917357278332,0.11326166785244934
