0.04783652147379685,0.057729671742426956,0.11083821249684185,0.1505816317024992,0.10019023195761483,0.13297162421847622,0.15338987772142534,0.12330594008778277,0.12315628859913601
0.1302154124486629,0.13774100283708504,0.11163563244865034,0.08122225361526964,0.11187027806268497,0.10594004910361783,0.10512249937024554,0.11451480812854538,0.10173806398523837
0.22617334032323858,0.05162186669783333,0.10903571755293133,0.08719646829067558,0.10438694457710825,0.12638546880479276,0.07821648464258656,0.11977244067255378,0.09721126843827986
0.09202339542093911,0.13719141702196294,0.10744354195962269,0.09502276058526814,0.1090654520683078,0.12276727871555533,0.10966157911521544,0.1100932511555804,0.11673132395754819
0.06102261290391745,0.12935308680800395,0.0928107238045857,0.10715286273391013,0.08808068321325553,0.10803873193544078,0.16482472765035375,0.1225453908132681,0.1261711801372646
0.11904465601101828,0.06947909139667859,0.06211441799286147,0.07076400475177692,0.1284497664611153,0.19443353313022516,0.09129456172201461,0.19749646273747568,0.0669235057968339
0.1427294022706246,0.14138532252330938,0.11137238557284107,0.08378747707855384,0.11196348719491288,0.09276942538665701,0.0932487992380735,0.12153501272717797,0.10120868800784981
0.05961309926651213,0.1771413849400977,0.10563798041398668,0.09935098785265987,0.11117152197185144,0.11918591495648594,0.09603947092154025,0.11819296216790749,0.11366667750895842
0.11663597983268137,0.1480724914920563,0.10975812898896929,0.08111047362673524,0.11011477618785857,0.10978056764334003,0.10873301761595243,0.11213323028827775,0.10366133432412898
0.11193058754656104,0.07038855454893177,0.1191747703096097,0.09671070898893892,0.11412924623559594,0.13758169385851185,0.13212361496408762,0.10415985117682686,0.11380097237093634
0.11169085711022246,0.13613464823830404,0.11060219527738128,0.08397598844440964,0.10890740436780115,0.10991687667007348,0.11987546428020857,0.11192271393513131,0.1069738516764681
0.04547159017726863,0.01618800666468899,0.12211205066600046,0.0913154301882106,0.1639522511260141,0.057731374219885,0.32009534801856265,0.11016124315742874,0.07297270578194086
0.10232386413144497,0.15147167964799357,0.08187003386538139,0.07591476710078676,0.10357705921707701,0.10839462738666368,0.07118750902031742,0.21194335165264502,0.09331710797769016
0.045335112608877993,0.040724937427372286,0.10664773541826437,0.12439115065069672,0.11984210639484366,0.13486904422758741,0.20038229153411283,0.10685139892295409,0.12095622281529066
0.10963881116558165,0.05765110802912824,0.12062438903453276,0.1018560195610742,0.11214538610418952,0.1324319601719953,0.142353816870562,0.10797755789363232,0.11532095116930403
0.08133030505062712,0.11698508241618051,0.11097259760724833,0.0853611047194313,0.11284610985036538,0.11467633030937396,0.15491614239176987,0.10891329163196233,0.11399903602304116
0.1536496916441247,0.1005652659587098,0.10347304306152195,0.08732721207336663,0.108678562940015,0.09007630680723384,0.14575544385731878,0.10544115539124356,0.10503331826646567
0.07087202883200515,0.10359216557522488,0.060120373571500324,0.08218804416455912,0.1088885458637947,0.1545799374101956,0.1812732161976782,0.13890187902564738,0.09958380935939459
0.0806711824437513,0.1968181514836229,0.10005032157562958,0.0880978414850555,0.10384301930140483,0.10583811926597077,0.0994610965298975,0.1129156043131263,0.11230466360154136
0.06573301712324883,0.14847162878514586,0.1076081788155459,0.1022839724735135,0.10171277923848802,0.12652131078911263,0.1152438034802361,0.11953592738613972,0.11288938190856944
0.31978868610547845,0.0939173261345051,0.07798942554653697,0.05356219977619501,0.16841479723218744,0.01269648724103703,0.04495241797951929,0.18259368596504325,0.04608497401949748
0.12901221296626206,0.10417188450740866,0.11180126356256424,0.08731599598181793,0.10989364333904755,0.1427803040910843,0.09474021257327521,0.11641311385537555,0.10387136912316448
0.26977053814028223,0.038125895727488195,0.1233124893418261,0.12488156148734071,0.10872162609947085,0.06348519374157745,0.0649569464085086,0.11910998503328972,0.08763576402021618
0.04502303452726538,0.028450781090511097,0.11194276786557093,0.10215168715588467,0.11652270588370306,0.14713142129540233,0.25642776046235943,0.07838071419287387,0.11396912752642924
0.09283197913484491,0.11848465017198652,0.10931753608694052,0.09407500002631985,0.10941870718833928,0.13159974617214532,0.11938269715585857,0.10820959691075616,0.11668008715280893
0.16632782424910753,0.10739215248467016,0.11593720578775142,0.0813077456827327,0.11665225873944496,0.09579780980102019,0.09854838125687315,0.1220798814157717,0.09595674058262826
0.054803159507859966,0.14738602968064599,0.08533674041324461,0.07469651675340454,0.10309431689282701,0.19129814646446786,0.1503264447298772,0.09046913975103721,0.10258950580663569
0.14184843742374006,0.1084770460681983,0.11595483625765741,0.09858654507778745,0.11731131372423283,0.1031189390108272,0.08499506240412176,0.12131552573427433,0.10839229429916068
0.06279303525988868,0.07705576093086829,0.11672413103167194,0.11071577551713951,0.11616135140499458,0.14130908726814898,0.14617928056380777,0.10796421979186877,0.12109735823161154
0.152638172080494,0.09160978744409515,0.1013398241560587,0.08042477909474595,0.1124156122683202,0.126657565208407,0.11701416243628664,0.11762208188044461,0.10027801543114767
0.16487033501478857,0.05337134771039521,0.09665793057567819,0.12066050067244322,0.09675918948491609,0.06865427030228378,0.10236175048633815,0.17846742336418764,0.1181972523889692
0.0639033023126267,0.02280067644496157,0.11468399491590897,0.09574394282849928,0.15443179484104605,0.12809321897858958,0.11241306380769084,0.211774997658181,0.09615500821249601
0.18421389330246365,0.07369138627348629,0.11691998778714907,0.08786821002885231,0.1145700754313429,0.12140825534024817,0.08468799604639497,0.11513042444705862,0.10150977134300405
0.13692348663531181,0.13502989359932774,0.11201665606383164,0.08079798950507927,0.11229399769315142,0.10389218978209634,0.1025779275729729,0.116128086539154,0.10033977260907494
0.31431742169338706,0.01637064487736913,0.10820391407845024,0.07893063768382917,0.11045279646766944,0.10115044656517647,0.07326927507252559,0.12737820487361962,0.06992665868797321
0.1859388696593948,0.04210641811175455,0.11550296632976646,0.0844430630376784,0.12352894584230867,0.13605880089006017,0.09483563599923266,0.11793311177977227,0.09965218835003203
0.12119710889802648,0.14744312106219437,0.10540266987362833,0.08247695749526801,0.10601884576475427,0.12467338982636168,0.09443960507642646,0.11230935049018094,0.10603895151315947
0.11614599098733865,0.12300351965264085,0.1163196750717755,0.08938037754886136,0.11689839212169141,0.11235398975779178,0.1074890142935444,0.11118695501019664,0.10722208555615946
