0.10777676233862744,0.11848620407986092,0.11505633157797097,0.10710378791210062,0.12330621444688972,0.14472745167952453,0.03006371681396643,0.13761245560539262,0.11586707554566676
0.11545749315947845,0.11251134354800563,0.12760600591569976,0.1287684445612214,0.11686541353173623,0.11908721682721428,0.07865745005996354,0.12447085890975403,0.07657577348692675
0.10486054947676453,0.16080331576144127,0.0808631678321296,0.10077042576316679,0.1079924231357585,0.17672500192206883,0.07305181690905475,0.08060701320660627,0.11432628599300958
0.105243953742458,0.09988112508650406,0.13930432063507883,0.112910859256756,0.12461075065301226,0.12671115551906637,0.06430638580092693,0.13786076997585386,0.08917067933034362
0.1236614102197043,0.10923757294913898,0.09202503901899883,0.11680466648605653,0.1242386857553383,0.10096974512890862,0.073372732725129,0.16422731076603725,0.09546283695068813
0.1287704271917092,0.10286772062101286,0.09027159028693461,0.09436831144323715,0.1703778818223206,0.09322245944830888,0.06019292100857396,0.08575923088553344,0.1741694572923692
0.11775559630411118,0.11942531570723043,0.10698933271619326,0.11983953078208287,0.11807312449196727,0.10601184416132019,0.08066556705036806,0.1621249106193688,0.06911477816735802
0.11892584640351857,0.1153293444217774,0.09616695661764468,0.12120983168901629,0.10307910410655939,0.09663056504989036,0.11279867300908974,0.18594760184180528,0.049912076860698346
0.11934731569265623,0.1127544630757858,0.0978382557289223,0.1232673600755495,0.11976716866326353,0.10830608588500552,0.08466612710177025,0.14637875523890667,0.0876744685381401
0.12558582124566342,0.14404093696575668,0.14800421865649793,0.0902847884594521,0.12787695910962926,0.11870938835404941,0.05311923951847471,0.10001561790553258,0.092363029784944
0.13022724490195423,0.10228740166657875,0.07921848479894562,0.11534500256222614,0.11962700170259832,0.08983035153290748,0.11479590716255038,0.14169403214783102,0.10697457352440809
0.1076136327608423,0.1606933296263582,0.14529170605292321,0.09223343322399968,0.12837334387464902,0.11954231963410689,0.05123617810147829,0.11907088713435736,0.075945169591285
0.1151041770204132,0.11320438039187353,0.09600103632623608,0.09814351194373605,0.14154449925793797,0.11216131629543573,0.07902393579391238,0.0914118156450016,0.15340532732545353
0.12222754910203969,0.11400823798293269,0.10024588881201908,0.1115631997758489,0.1308699640597152,0.10284819234127462,0.08377486003227086,0.14075686660220596,0.09370524129169298
0.11797279845024727,0.12495751199740966,0.10818606458542906,0.11871788180535757,0.12214687398688114,0.11686403900104696,0.054237016463558295,0.1573121831318215,0.07960563057824853
0.07923108925401838,0.14938027653935845,0.261107890525022,0.12272011541871937,0.11190491616507421,0.08729165145282435,0.06110918012193134,0.07733412784373322,0.0499207526793187
0.10569857173565456,0.10246046289831362,0.11374501170462326,0.115009556795023,0.11320677363661726,0.11162938489433022,0.06619482977321596,0.19803923626131734,0.07401617230090471
0.1076413648518539,0.11080214585256976,0.10668963919349916,0.10652012877256996,0.1216020796776177,0.13417326997010373,0.04694895488546467,0.16049519638608148,0.10512722041023966
0.11697266224908875,0.15214108481613658,0.09255929314914253,0.11638786701664137,0.11454637888977615,0.13298374073831978,0.09434616144311125,0.10675778288147723,0.0733050288163062
0.10255506846161315,0.13011840628293225,0.10245884797696121,0.10466340207959408,0.11674197481862858,0.17185801166491707,0.06519731027576424,0.0963173985363302,0.1100895799032592
0.11385925225672872,0.10901984681268366,0.10529038797061833,0.11134423142156503,0.11563973785199406,0.10295209540241657,0.05257044396021868,0.21109264526350893,0.078231359060266
0.11622287041335742,0.10520665060220304,0.09445146883487143,0.11600382417927753,0.11876562458061668,0.11257311287744147,0.05353978441531232,0.16515110646788336,0.11808555762903672
0.09864351967073655,0.10450871833793453,0.08555104613486793,0.09383313000324855,0.13934228908769966,0.10662616180504386,0.1713967354155516,0.0304592690645656,0.16963913048035165
0.11881308338671111,0.10913071911754864,0.08865171616745615,0.10266413653615704,0.1365001707593193,0.11739403544062028,0.05483490738985993,0.11537737063385538,0.1566338605684722
0.10479817317658853,0.11859839024612771,0.1096590708378291,0.110097320507434,0.11900571790520194,0.1555918781998771,0.05028384728645388,0.13391715035261373,0.09804845148787404
0.1186776644086855,0.16092794325098098,0.117540004629813,0.11376817796492177,0.12591102744519547,0.11061706863540456,0.08453438216231703,0.10477892379222738,0.06324480771045436
0.11940703098937733,0.1295372371466681,0.09817619354697289,0.11723967407747975,0.11521481036801401,0.11051901271470392,0.08858764347851582,0.15119008156102076,0.07012831611724747
0.10041934728183549,0.11268451482311774,0.11047064238642824,0.10623005509676431,0.12153675628265144,0.1545716263920409,0.08113466116583833,0.09564621346234974,0.11730618310897378
0.10773286300447672,0.09621217708794266,0.10558338757289627,0.11286084889463048,0.11319741627818432,0.09779640992142545,0.07463043731669909,0.22254012798279332,0.0694463319409517
0.11020562677415006,0.10246279714116475,0.10400206410258923,0.1152921128580927,0.11288794610324542,0.11156243638983294,0.07021364247495315,0.17325914838443848,0.10011422577153317
0.10044453637599798,0.0975157521976941,0.10599797601298906,0.10784421464596446,0.12457027535543393,0.13780312586283985,0.07516226563603738,0.10651818714071519,0.144143666772328
0.10816941995463625,0.11085059374141754,0.09650915761433249,0.09923655444855879,0.11770489971725313,0.14175551977175035,0.04879706638905118,0.10901214662150693,0.16796464174149336
0.11765096562347847,0.11204015512560957,0.14065849787407705,0.12069769428319305,0.10952970957140955,0.098200546149538,0.1345794441744563,0.11680727474098927,0.04983571245724872
0.12011904222093443,0.08996325710735918,0.11887377494797964,0.09925422474288009,0.1452087007567006,0.09280519117127943,0.05268586850899171,0.17909673773432822,0.10199320280954677
0.13047700700476372,0.14646858281453,0.07196571907694639,0.11420626806897068,0.11584087473700533,0.10398426130710199,0.12923952731930496,0.09553838124953924,0.09227937842183766
0.12374228794001758,0.11341798812900604,0.09306227744207267,0.12328282865763225,0.11799519939576726,0.10129865053814335,0.07713948188923474,0.16685802279173967,0.08320326321638638
0.10370224385810715,0.2073986863041042,0.09967890290982528,0.09983474022479306,0.11282436040869104,0.1523145578029208,0.05577252990013213,0.08908882826925875,0.07938515032216752
0.12512109849673098,0.12321428577164832,0.10066206383791311,0.1144604517792402,0.1258625896982829,0.10311719490018834,0.07169358905480973,0.15233025028738206,0.08353847617380439
0.11484807761584354,0.11049693820071825,0.07288531024085254,0.10085884343111351,0.11268568254866601,0.1123006635253177,0.1439054097721043,0.04685405873275192,0.18516501593263224
0.13721801920047985,0.11318607378576821,0.0850000611203066,0.10406539734442256,0.14188063930052322,0.09263493093944776,0.07169297702953233,0.1554495801485939,0.09887232113092552
0.07422719127939602,0.07770343437134643,0.1376300949597687,0.1371374599400984,0.0738405568841179,0.06628404618429119,0.2918543981964087,0.03728207951065971,0.10404073867391288
0.11606539978745355,0.11577694361648024,0.1328066661966952,0.12891766610835073,0.11413460749014677,0.10561532118200545,0.09010625339615619,0.1444976765496854,0.05207946567302646
0.12139217147070709,0.10802745168444844,0.09641243237981062,0.11536393886083318,0.12226780057023386,0.09497796379954421,0.08595414838092681,0.1851973810705585,0.07040671178293727
0.1380251933549446,0.11085804646088952,0.07928613311853762,0.10050427970278149,0.15199932221682916,0.09539873272797028,0.06365360042910173,0.0936661471962042,0.16660854479274137
0.1179134225900335,0.11345105983591369,0.10256590702130686,0.11507352250852491,0.12664101910973155,0.10256834950554784,0.12004034492542125,0.11760305236187692,0.08414332214164345
0.10664161631295394,0.09542973997312638,0.1032052170128286,0.12055335202196182,0.11107900429707458,0.10585565643135209,0.08228321037294939,0.19521452872623432,0.07973767485151885
