0.11992174900934705,0.143629104938397,0.1756101956416445,0.12698200113792096,0.1042711239778379,0.07383873344011856,0.05148465020806231,0.08718417332507815,0.1170782683215935
0.1111988166567411,0.09330635956136751,0.08202493488546123,0.1504010835143368,0.10576144147301468,0.11843553601562799,0.05273538275390895,0.10532909862407262,0.18080734651546906
0.129264718023496,0.09660165819127674,0.08035529216122549,0.11521846820250041,0.1374240239903303,0.07445385125997062,0.17232318623165732,0.1305174550387712,0.06384134690077194
0.1117028681501022,0.13036352566876921,0.06400543535294428,0.12064703547043308,0.13123868665933672,0.11785208871743548,0.04861966564548247,0.10691753183673007,0.16865316249876647
0.08993855080868919,0.14321294751990185,0.11003258214194711,0.13051554243889824,0.08131106708650171,0.11229304498691443,0.02583195087280703,0.04937849376992171,0.25748582037441875
0.10754921748094322,0.10171376002085049,0.08145988845024182,0.09859068738279657,0.0567872496837696,0.35422239745083295,0.029152490143846604,0.07749924161601328,0.09302506777070542
0.10385322832580941,0.12217237122576692,0.059155537616717935,0.12189087533753412,0.10269493403216655,0.1537552070472985,0.06492338478168486,0.10980764994050014,0.16174681169252145
0.09040403448754047,0.12494880224619455,0.06168198297916483,0.13679564780676268,0.07216395763733553,0.19224581053711431,0.030660170646232072,0.06647226407555427,0.22462732958410123
0.08239019607654534,0.10667001981876544,0.10236665133636108,0.08983284795248643,0.11435974720594895,0.11790932297013242,0.0466921198272963,0.04221070089738482,0.29756839391507917
0.09404282301273963,0.04498580897564395,0.14963537189702258,0.12348600646323214,0.08682204947151854,0.13382095833073718,0.11456071454737711,0.13834473440992626,0.1143015328918026
0.12317040906041099,0.14543273289614,0.07032850321947809,0.12938191891331519,0.13217499367199306,0.12495696262735682,0.05292849860055119,0.11939579505368257,0.10223018595707208
0.08406893726367974,0.07251562635953827,0.09669089869021325,0.1012189719902326,0.23176335914402912,0.17030045027219223,0.05204543662260306,0.09042517059576431,0.10097114906174744
0.10113141688318593,0.09131868113473691,0.34207465045791136,0.0921375836690221,0.08604464061582325,0.05656792079748924,0.0697934610538981,0.064487206583713,0.09644443880422003
0.12136915544600803,0.12880866114928294,0.06907704277527316,0.12233448133682445,0.12049952789513085,0.1269470222809106,0.08513154480710455,0.13986962052439358,0.08596294378507192
0.13106902590188185,0.1635107186360044,0.06944350261821959,0.12014211012832465,0.12388592284146871,0.10684123010948367,0.06047793849276236,0.1318891038175044,0.09274044745435034
0.12452202980768846,0.09098411030537429,0.08237806205186325,0.13300391634991676,0.13415202604446555,0.09513363637251564,0.12078409549929138,0.13818743606235748,0.08085468750652723
0.10301734638408044,0.16152299862863154,0.12042202575751541,0.14223320238519413,0.07505967207789005,0.14333920169834743,0.021819354859640733,0.044941023024483016,0.1876451751842171
0.1279143479904137,0.09220073932237172,0.0781862263738042,0.11237707503560712,0.12955902676505524,0.08886031262041862,0.17454804646276065,0.13358781923638965,0.06276640619317901
0.12122649274971652,0.11796826455223937,0.07102044312604792,0.11936252535136205,0.12196765246491031,0.14695590772940334,0.06710011421257538,0.15216062288553475,0.08223797692821048
0.11072599068572934,0.12528407203406056,0.06534036874578934,0.12213712738889164,0.10636078012898177,0.1845167749492033,0.04621607505606438,0.14493646450701078,0.09448234650426902
0.12166166610908856,0.11476376958622407,0.16420773763145013,0.12159158169871671,0.11402302675806376,0.08265451594219557,0.07828231630629584,0.10344491363778173,0.0993704723301836
0.1361185455437313,0.15658417002136835,0.07138007983300171,0.11750191724305137,0.12251970630465808,0.09357953235179785,0.07292027886454644,0.14002042729400715,0.08937534254383779
0.11063704677402612,0.1281579131528607,0.09177079509771696,0.10834094281109742,0.19412918562812634,0.11973804458090435,0.039171515276312276,0.09902756380311033,0.10902699287584537
0.11864900456491641,0.1268974644183957,0.07399752187938963,0.1027184496645046,0.22830883107070996,0.08622342672613266,0.06985727464685278,0.10765623766928856,0.08569178935980974
0.13253224485723986,0.12515750697407546,0.07494175567317608,0.1202606844074683,0.1324912520590006,0.10977004254936461,0.08950291200294425,0.12844275820272097,0.08690084327400986
0.10192149975708269,0.05905508985434721,0.08235684542940314,0.10435305045058867,0.21787025313045558,0.10835837391803092,0.13220447949370961,0.13352286823443524,0.060357539731947095
0.13022330278612948,0.10844737460182056,0.07634301338432865,0.11662334640996992,0.141988064657571,0.09441923571901116,0.12573662909097838,0.1363903861205689,0.06982864722962197
0.06776909322926454,0.08305730939047366,0.07346215831492628,0.1106741807840632,0.03912000908645497,0.3844582262191474,0.012843752160678035,0.03698705071275355,0.19162822010223846
0.12384411309331604,0.14486861377183155,0.1347786239989968,0.1198024242327669,0.1255422072087841,0.09795566943968874,0.051770346409032546,0.07906179472547568,0.1223762071201076
0.07037024588643363,0.037806771270257826,0.4114381212935967,0.0608807209762951,0.08030392894074397,0.056760838938479385,0.04831255135388543,0.02823288527681316,0.2058939360634949
0.11195245996779508,0.12255384867497283,0.05492318862294237,0.09857578321396421,0.11889046387461734,0.09162952746734392,0.07602882915963627,0.09960132429635134,0.22584457472237662
0.12394570386432825,0.08418417551077272,0.08192745821539066,0.12102853239161071,0.1365854976312426,0.08529830549030722,0.15180872568017845,0.15062884572956126,0.06459275548660814
0.12868497352822603,0.0971626150256913,0.07696263336414984,0.11236270175415818,0.13041124504425197,0.09338167990337538,0.15985578141247364,0.13644389402177481,0.0647344759458988
0.12191093335076303,0.1417534172536345,0.07227140464204888,0.12928854135492787,0.11708192909668552,0.1455508903052772,0.04072080688576082,0.12172676594498762,0.10969531116591454
0.12887003163058505,0.15199627738036567,0.06697806652053663,0.1098658610625645,0.10867552325413976,0.14886862515837315,0.04799082775701661,0.14485023383032022,0.09190455340609838
0.11470522262001472,0.0788105451654366,0.08232141199638007,0.137415477298989,0.12539768218433625,0.11861081215231488,0.10619909914442273,0.15631674546397661,0.08022300397412903
0.10678175069952339,0.18219796340077501,0.07004939036948327,0.13478185133201237,0.0890214767513588,0.1577845693703096,0.029314485433344445,0.09279505366892578,0.13727345897426732
0.12678679888250668,0.11438883293266007,0.06784010247454252,0.11250950664252729,0.13241233257593749,0.1003681067508652,0.1054999708276202,0.11827603377444791,0.12191831513889262
0.1033658190041744,0.1927533477705076,0.05481942609841548,0.10775112393041868,0.07375323707706112,0.2181394745232296,0.020085607541166017,0.10705604329601028,0.12227592075901679
0.12085959251366718,0.0946687961360957,0.07219882421526759,0.12255167587953127,0.13276958221246868,0.095806403736392,0.10075848972712008,0.11875806757940281,0.14162856800005474
0.13045562139756672,0.1630339692861225,0.07714292057665742,0.13168019470824144,0.1192525906964844,0.10324921209041676,0.04038167429545941,0.12006608282463309,0.11473773412441828
0.12106836751463394,0.1531226513594848,0.08430519300199224,0.143954034327894,0.11648021536858198,0.1106409947921352,0.029774789571358803,0.11018704255369367,0.1304667115102254
0.0768272040129498,0.044676215408214266,0.329300030274585,0.07627120006565591,0.2116982502873531,0.045840736481006096,0.07484047550920168,0.05642482130107346,0.08412106665996068
0.1096621603000431,0.0861740139471434,0.21682940884116084,0.09930914983908605,0.09927673846831986,0.07711719638813812,0.14340082865507578,0.09683656274049197,0.07139394082054093
0.12829158555717007,0.13333767484860062,0.07087738418630261,0.12216204000942714,0.1330880621624572,0.10535623668361578,0.08449785195788256,0.14103464011419511,0.08135452448034892
0.09228452841837216,0.06451791638885696,0.051599083257029055,0.09200715434132258,0.07315805470419529,0.09127196657925131,0.09332136699741127,0.05806260184614382,0.3837773274674175
0.12769235962222972,0.08550440585235759,0.08124952746038938,0.11482352715073911,0.13052273290548336,0.08126173968971905,0.19073311452153627,0.12488793821876992,0.06332465457877572
0.1311873512141495,0.12788510923921154,0.08005421415693448,0.12979544630068254,0.13875326217517855,0.09457726431849427,0.07163602427278952,0.13593361326733727,0.09017771505522232
0.09841541091389418,0.06780438194206666,0.38750538351051067,0.08952400868096862,0.06532639425857142,0.061109975246304536,0.09636107507551785,0.05335347562374216,0.080599894748424
0.12172836847593212,0.11073513979124887,0.07973238314003951,0.1324826942191889,0.11694578096922463,0.14018928835133146,0.05095618909953547,0.14893437372498405,0.09829578222851508
0.12642894029436713,0.10143418825722554,0.07805996442047745,0.1249189354124451,0.1289890737647488,0.10816765910358533,0.0981096858087181,0.15535178621942877,0.07853976671900377
0.12786119157177708,0.17299471737002078,0.06564022346005652,0.11482302867100976,0.11418344835337825,0.13305112235724129,0.04596490169847244,0.12708569502803782,0.0983956714900061
0.09089994182646531,0.06436131591104159,0.05546747534903499,0.1039346349766243,0.07410725095755007,0.10333423941460336,0.08305168459584293,0.053250002030925316,0.37159345493791207
0.13223325405247102,0.13097880104318974,0.07465170791782393,0.11269541421093023,0.15136187683645144,0.09119966034952715,0.09112131471026974,0.142285508616667,0.07347246226266968
