0.08068023134793095,0.1192978428275308,0.17488537766579246,0.08035663624797278,0.13243207037100654,0.11051392585356679,0.10855211995915019,0.07928363466878922,0.11399816105826037
0.181339909585949,0.09003727864643045,0.23373279677784212,0.08766306449402565,0.0671833325618744,0.07413569460232276,0.09177358129750474,0.08279780533549215,0.09133653669855862
0.14671736937689647,0.12166053954862728,0.0695480036431943,0.13592967672570067,0.06008812582690739,0.12650275491125004,0.1287171784457812,0.11500788596459305,0.09582846555704956
0.3196747120735402,0.062049732037693504,0.17971239035730782,0.12033747803354755,0.06726063332309733,0.0679167617721058,0.058770589094894056,0.025888008527637937,0.09838969478017578
0.06822402228817277,0.12652239126042486,0.13260804405346885,0.04741382013426083,0.23917273430035854,0.1060666051356765,0.10346655313543333,0.08103761002052239,0.09548821967168186
0.2208223396469069,0.0993310401098922,0.13333144623987883,0.10455473075196038,0.05213087294969049,0.1120751539247441,0.11559799839537156,0.06428489540448311,0.09787152257707242
0.16242236851651007,0.08326353901184333,0.17029188279499272,0.03674255913947322,0.09921554128751366,0.0782209789103632,0.10637141356647155,0.14736352790487,0.11610818886796226
0.14478695577713147,0.11915674608591369,0.09027313500098612,0.11015268684150858,0.06292083966520425,0.11972941767315316,0.11288532872737618,0.11774941673002735,0.12234547349869924
0.19681084495696397,0.08065108614113707,0.11839579173056196,0.17648120766028383,0.07280274882940378,0.07649701725741419,0.08304691093013906,0.0804480648531426,0.11486632764095366
0.11973548936913558,0.14774054518679455,0.10392183992598843,0.09402116095626123,0.07154439089076031,0.13594195291046698,0.1303484696127661,0.08366209195123729,0.11308405919658958
0.09059693724966485,0.10573978703971837,0.10996250488018276,0.18646731569520236,0.10718483921971295,0.08130441265953893,0.11676511729774948,0.07992764649697927,0.12205143946125104
0.2784353714635887,0.06451520868817694,0.11888507610359234,0.07520432709899016,0.05121935782359533,0.06812245737891894,0.08041125643719273,0.15403903417443454,0.10916791083151035
0.07560653655195927,0.14279766269127533,0.10025705444871158,0.10708093200137274,0.12138842004480939,0.10924938409272426,0.11380532190664938,0.12833123800944848,0.10148345025304956
0.09419759877503177,0.10416705432897849,0.13580910417765316,0.1326397488023728,0.0623225520518765,0.10404390164495048,0.12475504028370216,0.125442270401241,0.11662272953419367
0.060761376796736356,0.10775696293906899,0.13046273502267955,0.12154222373331904,0.1670893997113907,0.09247622413408385,0.10860867182013396,0.11485418597415768,0.09644821986842984
0.21139903221889664,0.05892298022491798,0.08267449197664954,0.013410533782004394,0.13501754350872366,0.06148367998603057,0.10231008779137148,0.2344598884977979,0.10032176201360775
0.1286127836338534,0.06492155785382674,0.14047528271251583,0.06550004305398022,0.13664666471343453,0.05292560439398406,0.09272524671641041,0.21252130824028495,0.10567150868170978
0.14341154810521484,0.12164656356847443,0.1651411307116577,0.07726135174146383,0.12153654962421684,0.11657586671573218,0.09264809703308353,0.05276453367514435,0.10901435882501231
0.052924420017361494,0.12422707213211376,0.06607683851984385,0.1593750837032384,0.12791593833237686,0.07996625756666835,0.11827610368909498,0.1581405929299332,0.11309769310936912
0.0537494970274218,0.1257474248805341,0.12567889017459707,0.1163191908957439,0.20109764710538122,0.08163591734013524,0.10271065413547041,0.09301259577452252,0.10004818266619374
0.10807671967235584,0.09403367598049366,0.07579643835080317,0.05503423071201032,0.09691867532651281,0.07253156520612075,0.0751788537528042,0.34459918030902603,0.07783066068987327
0.06582692360398901,0.11721006034625285,0.05519785339173789,0.17355828043381918,0.08694529335573781,0.0692046573076865,0.13253955207268828,0.1779837285836222,0.12153365090446618
0.07518028399525208,0.10578850974020715,0.17322417139721066,0.09505217857159687,0.1571507609356205,0.09881403883218232,0.09752868994581661,0.06715075831576328,0.1301106082663506
0.056900984213771814,0.10542689461450411,0.07629466504375962,0.17774625245953635,0.1487817130523569,0.08016576972450569,0.10121357905093921,0.13584967357650216,0.11762046826412419
0.07981549101180772,0.14514406377860667,0.14711156776360476,0.09720016857168567,0.07134421872937695,0.1108857368426465,0.1263878198959593,0.12943344036112608,0.09267749304518637
0.07554332018795508,0.11797220940190688,0.16910851430807908,0.07375099008967044,0.25804267525995106,0.08433530465699803,0.09122783464685696,0.05009003543490834,0.07992911601367413
0.07750846264817797,0.09401919526212764,0.03953736192156813,0.216389064905906,0.12451800345811997,0.08623443956605965,0.12283182073489084,0.11848309683761664,0.1204785546655331
0.10364398782525551,0.12667518927781274,0.14659429506133526,0.08100782467958934,0.14350935498165399,0.11204234080709587,0.11829226453232178,0.06174085252507691,0.10649389030985863
0.05455636315030191,0.11120389570864499,0.07103297681539178,0.19739670147496238,0.13895741236625483,0.0756902620992968,0.11634923562809912,0.12531048118652413,0.10950267157052407
0.08467522826417136,0.13896370452525253,0.11218548225856018,0.0832672827542214,0.16978654450805933,0.11273575879669746,0.12029289864664548,0.06416406854658578,0.11392903169980645
0.0727903789395708,0.1015037383578357,0.16459959356684875,0.08910828629569627,0.28645643536336735,0.07161627949673567,0.10043538369488199,0.03343061505994175,0.08005928922512172
0.2378687991331655,0.08853693881347913,0.1730346156997404,0.05979330453814744,0.07353438932420654,0.08237877557786681,0.08631059471925744,0.0969208773996059,0.10162170479453081
0.07152864719004222,0.10128659668559921,0.11619416649507791,0.13161686640732273,0.0857436702859874,0.10245979804206955,0.10894562574894866,0.17771277921103537,0.10451184993391698
0.07487746547774776,0.13671310630990033,0.09191412656082015,0.13251903180460475,0.06282160910760948,0.07620189402602723,0.09621257620071781,0.24095105927133353,0.08778913124123895
0.0837737080569275,0.1025732652046726,0.14947555798437087,0.12893434625329922,0.12962207298861275,0.08486266331837046,0.0881025381000312,0.12898804919338336,0.10366779890033195
0.04090637430359804,0.08894674016836816,0.0759305029087951,0.17264963340643835,0.18371053756956748,0.0629152465327259,0.06819594733112776,0.2070401797199227,0.09970483805945657
0.07511018035731389,0.14153796752969663,0.09709695126514199,0.12031315223428686,0.09340287619860403,0.11382153495454479,0.12063926427721978,0.1395653078509527,0.09851276533223934
0.07565700384013656,0.13771529960459913,0.11429825641424762,0.09075253645279835,0.15200328959437012,0.10364285084648633,0.10887397576809417,0.10394812197506265,0.113108665504205
0.0801415467251312,0.12757699774999232,0.1124257764031562,0.1377349772998285,0.13655946311464767,0.10057948586913572,0.10835763029762534,0.08192255860537588,0.11470156393510718
0.15793796506750699,0.12207517457074134,0.23388550587365065,0.04713068136559847,0.09845988467422222,0.11483904668810054,0.0973773011507915,0.0344540665091716,0.09384037410021669
0.08618983025638786,0.11232297342851728,0.1419342491940089,0.0849489649244818,0.20730922390794648,0.10489044678660837,0.09821289913094844,0.050754070594869416,0.1134373417762314
0.10209502659274607,0.09595478432124753,0.1725027983992011,0.08579359678719516,0.16429129686931312,0.09944337065180142,0.1018942285316277,0.06464025554875297,0.11338464229811496
0.08072266596732706,0.10649138086197112,0.1562016754360507,0.018969731197371744,0.3184778547273583,0.10859181603238727,0.07773083399846116,0.042284956038368536,0.09052908574070416
0.07456817215694503,0.10064198015898591,0.14892239112585617,0.12784791464618442,0.10282279138440713,0.08847013079043987,0.11528452564833186,0.11687860911997998,0.12456348496886954
0.19221151115175672,0.09567141476307693,0.08569336104949289,0.08996083111475778,0.08262835721581936,0.11578634870404421,0.0843288242826921,0.1420058823183733,0.11171346939998666
0.21325570263265767,0.09902712457765213,0.18288988107883866,0.06024009149249951,0.07067187351717964,0.1203637902679312,0.10035040675183583,0.04221148799825222,0.11098964168315317
0.1503303892529016,0.09547594485452841,0.14133028806757006,0.09972834619229681,0.14032998838385796,0.09055618097576983,0.10961629866498812,0.05334808285275261,0.11928448075533464
0.07659547568565483,0.10910191776450599,0.1263707965358358,0.12066771441027609,0.15433086771550364,0.10241366985900519,0.12394223771886281,0.06276013052690073,0.12381718978345486
0.08117382667318891,0.08984122619269931,0.1330080751676054,0.08092674383095097,0.11660328469139415,0.0789830691086451,0.11959780329024276,0.17809466581217845,0.12177130523309498
0.10118023803764627,0.11359441378896969,0.07023340676118735,0.14543548092367622,0.11048377519491838,0.10820484620488037,0.12760435864642106,0.1168256233767128,0.10643785706558784
0.2699079617742934,0.09538366463784276,0.12703806038688836,0.12973787951573143,0.0539380081888122,0.07669316040770531,0.08302171870840484,0.07722276501014551,0.08705678137017618
0.1199363457212592,0.0766606696479518,0.15921910078359694,0.18275634413527667,0.1305199098665413,0.06860825603718806,0.08189408876992603,0.06457492771621688,0.1158303573220431
0.10512752341767591,0.08620611227442375,0.11257682126674988,0.20649567063723764,0.0962516526025945,0.08250657526765187,0.09994488791997887,0.09940116943618914,0.11148958717749846
0.19618199643684112,0.09037401685355029,0.1459477665317805,0.05216481468052853,0.04438306817535135,0.08197100333408819,0.12122711182027923,0.1483778597160318,0.11937236245154897
0.07356924725127811,0.1519769354290699,0.2386966820704076,0.04138648930206069,0.07625500274302009,0.09220890911440605,0.09223445539154394,0.17602854332602555,0.05764373537218807
0.0841971847979413,0.08888832231768433,0.15528816796704692,0.13020720503435357,0.10612539295502384,0.06842084460147453,0.09390811015241833,0.17989361355752867,0.09307115861652855
0.09989692734230253,0.14407214474211308,0.10805981402602775,0.11248511207347468,0.06394799209512345,0.10814856199953211,0.12029907840283767,0.1283315775678735,0.11475879175071524
0.2024688612859634,0.07669895558523747,0.15484551107847652,0.05192196565472393,0.11244356463788463,0.09299237269139249,0.10443127868520198,0.07717532424585791,0.12702216613526163
0.05791840386370966,0.11236695770710536,0.14921007998026603,0.14263409537985366,0.11938580138868098,0.08626989463939311,0.11047640950814341,0.10821214921488372,0.11352620831796408
0.08756570152203202,0.09872351680120472,0.1557035130214238,0.0790163727017515,0.21545390082230034,0.08677552894519387,0.07884269105263213,0.10079592005207129,0.09712285508139028
0.0677047184211755,0.15593820726024785,0.06416362717351573,0.054909006840135034,0.08257117686117174,0.19400611460333117,0.10719449657590656,0.1753881674178648,0.09812448484665166
0.17133566229328434,0.0989272539611366,0.13154113753085153,0.09140137261131437,0.12671465406451277,0.10826387186167295,0.12711774257686922,0.030195309673932996,0.11450299542642532
0.04593207586661025,0.1018669722247539,0.10543902247274206,0.10725090637590713,0.1802887783729179,0.08712543047056183,0.0965654299609816,0.16769862576756478,0.10783275848796049
0.07418095252830158,0.11982995774563647,0.07477395172744106,0.09184863132650772,0.2222407935533244,0.12176353904600477,0.11846765219410156,0.07055672691715816,0.10633779496152428
0.07603832900018875,0.14887115534063722,0.06483007085871466,0.11651319191023278,0.13467101119902583,0.11779563282223458,0.12036523822026624,0.10117826045527419,0.11973711019342581
0.15372953366797196,0.12266594522290053,0.2455460521592372,0.0530314021228002,0.04476928802109828,0.10129711694345246,0.10192945071057675,0.08736541205180137,0.08966579910016122
0.049612672985206524,0.10821725297833885,0.11560118340082033,0.14292875647431758,0.14765237839542197,0.0724504167460595,0.11339234376914913,0.14329445434049967,0.10685054091018653
0.08525934524210782,0.13131864995084588,0.1778075327934283,0.06908696022173282,0.14021803056794258,0.09907137597379374,0.10080443825513859,0.10906630846837417,0.08736735852663606
0.09484908302923696,0.1409250442599268,0.13505872412478773,0.0640979464631181,0.11969756224335419,0.12734009093830795,0.11159865119398227,0.09842988010774356,0.10800301763954244
0.10326465691817245,0.11423427086578035,0.13173705436804248,0.05508718823604403,0.19846663308732512,0.12068215342660099,0.11234492303801331,0.05844026263473171,0.10574285742528959
0.09961905046305519,0.11094461742599042,0.1574822328201828,0.11787047686054254,0.06853506456702398,0.11382272870806502,0.1170852734184266,0.09365113409851654,0.12098942163819686
0.17277749215292318,0.09898339575167282,0.16509258927408346,0.1086432363979255,0.10557416506956181,0.1042827762693368,0.09123997719103151,0.05542544858235161,0.09798091931111334
0.07875695633802708,0.13656038496270104,0.15726765348530938,0.12277474857969473,0.07182788450986004,0.08358645599434057,0.10761054647728345,0.14303735580302365,0.09857801384976
0.20168829006772981,0.12602258571837865,0.1639113941427077,0.053175543242459856,0.054662511165632977,0.1551657107529453,0.10157631424609449,0.059565085092224246,0.0842325655718269
0.09368471586637929,0.1401455723175413,0.09319317691128826,0.10158214305132107,0.12719374786075302,0.11726920522657676,0.12306441266892361,0.0922027757137666,0.11166425038345008
0.06675135938548325,0.11778742230818066,0.13513257065417042,0.09588819926767282,0.11790486674094713,0.10320590363697257,0.11000564291749233,0.13530790881959345,0.11801612626948745
0.06847790313162294,0.1318919396147493,0.060855601224906596,0.1373575354746646,0.13781201591536027,0.10052190799814104,0.10532489141928603,0.1586669787657353,0.09909122645553392
0.13197301277460516,0.08363696496903568,0.12845536625075063,0.06327855271439527,0.04883322036608281,0.06430921779597486,0.12267341392622651,0.2544295004880168,0.10241075071491225
0.19217320811761177,0.09199369419838199,0.1140848149199315,0.07197773494389124,0.10446570492007391,0.11377559183659154,0.09960332075701718,0.08567065225587196,0.12625527805062883
0.16771586804921057,0.07180867856082607,0.22130941191426282,0.05867127513719689,0.11501209967453406,0.07298162860769707,0.08501620581251412,0.11676119898517706,0.09072363325858135
0.2042282499007946,0.05602516807070437,0.06780517991647546,0.02760196180198878,0.11723736583608664,0.047320448217039686,0.1298861348019636,0.26580828733348577,0.08408720412146116
0.23081526043110948,0.09105408760500104,0.1406711607081897,0.09949829556133204,0.0751042210993723,0.0964274393981912,0.08983984906037486,0.06637826001560725,0.11021142612082213
0.11744750724298403,0.11282224945374436,0.1573571695138657,0.07744837517763836,0.07768293868308672,0.08325703752263242,0.1236711257491387,0.1387477218530277,0.11156587480388198
0.20347834029930376,0.10910235466310055,0.08867035392026028,0.08191109117136898,0.09637508897838964,0.16515077385436874,0.11551688947421908,0.03667930595496958,0.10311580168401936
0.05983927744421872,0.12395374452718151,0.08605906136631242,0.13307964275151965,0.21519008172736917,0.0869073209654906,0.1119087417151169,0.07163218728425055,0.11142994221854051
0.06940068597623139,0.10891035126770754,0.06535180553715784,0.1126328734868783,0.0654127691266763,0.07833597391734902,0.10622053795826465,0.3058545950003344,0.0878804077294006
0.07835677258161498,0.14798491052442525,0.18625268090796865,0.0510128744650801,0.13849381199790647,0.12642729498658753,0.09204873734880072,0.09515839317218978,0.08426452401542657
0.0823894832628596,0.1354510154226596,0.09426136776534051,0.1288967511973647,0.13867805040449563,0.10199860147442803,0.12251390977617327,0.08270035506965122,0.11311046562702738
0.06947810772250151,0.11782809146431479,0.12901238329810402,0.13687664539131986,0.10356132803048534,0.0828515706295626,0.13156075501308948,0.10430607047237796,0.12452504797824442
0.11909606560099079,0.1144459712018041,0.11960884645532549,0.13875219439283057,0.07353821518308469,0.10495940952912548,0.10746800479659986,0.11836497385940488,0.1037663189808341
0.24682366539647752,0.09340918786306855,0.1239454179010152,0.11988575258676365,0.04584374412761547,0.10214704876138454,0.09701604840276216,0.04728338756924788,0.12364574739166508
0.0879418022774046,0.1055219253983057,0.18461655079667535,0.04850439589368025,0.19363321788643054,0.10655538916600309,0.0799211675980927,0.0917836717685193,0.10152187921488853
0.1190741920613325,0.14302768114609976,0.0966929372063473,0.08306488369220155,0.09258525108313938,0.14306767585943825,0.12987930075117488,0.08560494881825835,0.10700312938200797
0.056632190984102576,0.12542814583892484,0.07456980317428948,0.14534416400682484,0.08062300108322863,0.10945474515312768,0.11761431881540545,0.19228315449735234,0.09805047644674429
0.11519396955038065,0.10348420778191258,0.17000574580614067,0.05007229851871715,0.16930061976387226,0.10576097272614247,0.10449724947080419,0.06642381335308224,0.11526112302894775
0.1197734669010569,0.10956116547517898,0.09671959857570438,0.08717454774674215,0.21775099694806607,0.09738490468735365,0.10743861471156364,0.06951083335841965,0.09468587159591457
0.07101516993800727,0.09371551461932524,0.094832482931428,0.06971886760154151,0.1336498129000762,0.07688763064908327,0.07088215679685696,0.3117832287065937,0.07751513585708789
0.08792565702427922,0.13090416913461925,0.11455199703529784,0.13667281914284427,0.04842665402410614,0.06375212151187873,0.1198541261501328,0.20623054501805257,0.09168191095878926
0.08281487807775971,0.1343245868055454,0.22936391910114493,0.0594514984220626,0.10245362092037762,0.1062673145584014,0.0993137428256778,0.0987726568571941,0.08723778243183651
0.1857774535177199,0.11017959029414,0.09556386415459213,0.04922436939043645,0.08920719279701954,0.15378743460607927,0.10257149955085047,0.11029872860444405,0.10338986708471816
0.10068658977099958,0.07377970267303426,0.10140932438046507,0.07552796997718024,0.10325177684032788,0.062145975626693904,0.11779588431558201,0.24515657031363855,0.12024620610207863
0.0977385146192402,0.10561710071919066,0.18621188111423434,0.14736666302162854,0.07470570875012605,0.0776146011077949,0.12211253158220392,0.08692007784891272,0.10171292123666868
0.09617331097775282,0.12135487175931077,0.13672516262435638,0.12214019337669896,0.12836364765912198,0.08770402274939908,0.10811642636931969,0.09552595765828525,0.10389640682575503
0.22458742603507129,0.08215146548125489,0.11572014638219565,0.06091304055901653,0.08539898559465238,0.09707510224443823,0.07988384502873137,0.1546178244620996,0.09965216421254008
0.08413299581841792,0.11592105309937502,0.051977448621474714,0.11269036746690615,0.06236255251135966,0.09293216835002714,0.11018597850868043,0.2627519776489347,0.10704545797482423
0.22716440072403687,0.09889803665927256,0.202372451764928,0.040631107030456165,0.0978007609230474,0.07880366832831208,0.08577848680953497,0.09089332093253244,0.07765776682787957
0.11104671846264447,0.11676578144432166,0.0761979110455185,0.1367919819771616,0.06339759106072516,0.12823544660200792,0.14583942138749686,0.08352389143467653,0.13820125658544724
0.06025626643216784,0.10042202503481602,0.10702453824549607,0.08829323571231938,0.0899627400016726,0.07400039991076875,0.11291769283557158,0.27441961568379836,0.0927034861433894
0.1199684618347554,0.11811102186394735,0.10927989107783183,0.06026208897554172,0.1933506544733079,0.10468278437634197,0.1031963224069423,0.10262122659393631,0.08852754839739514
0.09320864224807873,0.12085204809296884,0.09155989411517172,0.13411604913905148,0.1324049368867796,0.09800633562970511,0.13484135985865875,0.07002855906845518,0.12498217496113055
0.13871597348264622,0.09713388319752288,0.11786621511777697,0.08266139497900442,0.17186154678352017,0.11630650205106279,0.08876849997753528,0.062122173949568336,0.12456381046136293
0.05272945929969692,0.11894295330440853,0.05709766508077748,0.15026703076291092,0.14597196495202588,0.09041217529383895,0.10832680422727782,0.1676137629485872,0.10863818413047627
0.08884347512495738,0.09077520920049108,0.18864409803721927,0.0837329752782795,0.09969064419230678,0.07774525929399285,0.09979773307094351,0.16800884692537374,0.10276175887643595
0.06896088329824683,0.12178211799054466,0.11121998353331847,0.09526053999748652,0.24623345963442458,0.08769325764666398,0.10747767251190994,0.0651931277549045,0.09617895763250044
0.24447037563421822,0.0621962319295859,0.1116249853594733,0.056488703856363974,0.05491264613192298,0.06618111146244048,0.08923383135524514,0.20776381488389303,0.10712829938685703
0.10089114067273457,0.1361686528540726,0.10209888229642972,0.11191729843565379,0.08420549526645489,0.11419678286809197,0.13614165705362483,0.09844123047645476,0.11593886007648291
0.1442044229124102,0.08723550222365556,0.17342923782736283,0.022421971465289344,0.18713988573116222,0.10463921860437364,0.11004442633414895,0.05623199870377632,0.11465333619782102
0.17195699808327738,0.09027485112423074,0.09991976050534568,0.03282842927661863,0.07098760559863354,0.09001272630656106,0.12425116959506699,0.19925152038470836,0.12051693912555757
0.18781765582964452,0.059235725030192525,0.09837661934852865,0.034531687765677825,0.0928757588457582,0.055632382925445,0.11965417275134167,0.24186023231137552,0.11001576519203604
0.10582533352193481,0.13238852594899683,0.12774575798418517,0.04191816657393534,0.12076801350703864,0.12657404277279832,0.1056436742644556,0.13758004930379106,0.1015564361228642
0.055842669298569216,0.11171851689789536,0.060118883979739725,0.15297723902201263,0.14209816288289,0.09271725203284477,0.09658654399927258,0.17713615649863912,0.11080457538813666
