0.12197178245556572,0.1793920130553749,0.13568300561153437,0.04550646412513123,0.080479964760629,0.12399169516076543,0.12418584790234599,0.11559924257938242,0.07318998434927088
0.0897306963161083,0.06111776506274935,0.048173759481726,0.3556716376673583,0.04150139314502279,0.028270209113683106,0.08383795731608708,0.08804206391917317,0.2036545179780919
0.18900961536964447,0.06700061179087403,0.07648677892125107,0.09095040992153795,0.2130740446546816,0.01114425827823269,0.10744519679352244,0.0988799272676953,0.14600915700256048
0.11435948544910872,0.06497460483842828,0.09154972548398492,0.09123724385730235,0.1961247657034051,0.011337501846280634,0.08892883498644212,0.25360674672931344,0.08788109110573457
0.07861875261834962,0.08596088030867038,0.04761466209803337,0.1910744967065723,0.058595923382864464,0.33792057535342107,0.10213631218989816,0.05267850670038978,0.04539989064180072
0.11669417965554667,0.12622292197109442,0.16212970496540882,0.02861291868102148,0.1422411683816622,0.09624343823165722,0.12428996929046433,0.07982637337643304,0.12373932544671179
0.14729100189193803,0.10658903633348404,0.06917451353437308,0.2643971211587475,0.0638493074010419,0.09215320404588012,0.10400338969232688,0.11874369403050876,0.033798731911699666
0.18572146630735434,0.15399073348036466,0.07830188855194976,0.039996787209021,0.17012980543120457,0.053712166633671454,0.1306701963878669,0.07399636977031117,0.11348058622825619
0.1342080295139205,0.11044146272359112,0.16036214180853361,0.18796356609903908,0.06666633025550837,0.04829413094052556,0.1052800523540827,0.13120716161252818,0.055577124692270864
0.11755003738089176,0.0916090211184495,0.14753115168309158,0.09330773257747012,0.10927259296297438,0.04249838728320814,0.11814775917050939,0.09502117523774876,0.18506214258565637
0.15322965320085932,0.20072600415778105,0.07917056949369156,0.02408517508969066,0.10478700618920224,0.2325821109285934,0.12676833337376256,0.03061455509741744,0.048036592469001715
0.14018499261146125,0.07867589844181892,0.10544699204609453,0.023574395658595555,0.26438182758178314,0.018983196359196222,0.11663108542899546,0.06233466421946433,0.18978694765259063
0.08866992408320447,0.06309693877215165,0.0263814320099847,0.11678742232370902,0.05587904071016011,0.5239606944721472,0.08979264686409394,0.01342909403639627,0.022002806728152552
0.16397071359518522,0.08096478612120116,0.060949071578246306,0.06440066881462667,0.2668711585669154,0.04935213391384202,0.12119851471698735,0.11358347985978678,0.07870947283320905
0.07608626761875165,0.13085828431303284,0.1540464130909348,0.12351142789872892,0.042002393705169346,0.13420294792232354,0.1061533871505671,0.17267889290490454,0.06045998539558726
0.11710266369163262,0.08404203103935824,0.10784806325590185,0.04606077708036141,0.19822837362239212,0.025778619505256617,0.10953093903639445,0.1876652846108896,0.12374324815781322
0.10687598249115453,0.07627514792522101,0.1132658158763027,0.04832097028899288,0.1239771034663484,0.021357541323646173,0.1086323310316119,0.07061166861005476,0.3306834389866677
0.21789232479336584,0.1076432125053477,0.08719799436889734,0.07435262117378544,0.1558719548006103,0.05240437333077407,0.1284284657580824,0.07789186736552603,0.09831718590361078
0.09164985396915049,0.15133487070127769,0.1290864494145578,0.031036977610923888,0.09458702996585584,0.21009374569137404,0.12608963942069926,0.07330017912461868,0.0928212541015424
0.09770420996973328,0.13707718767818192,0.104462367053629,0.017805927821791575,0.20298268934600647,0.06544362858068474,0.11288939761324913,0.13349938466558617,0.1281352072711376
0.12300030606481634,0.1140199756095316,0.04253676859701535,0.07743711285335737,0.08700090561322989,0.35073192955533283,0.1264827442887034,0.027968671499549912,0.05082158591846327
0.14491386360852362,0.1416321345547425,0.09261673988100344,0.047864880746679515,0.1303144609707003,0.1454836344393359,0.13457415739801784,0.07978322265497237,0.08281690574602461
0.11096867288379259,0.08469246569214849,0.12442175618833588,0.20615333857193754,0.08245069431782057,0.04112941877068602,0.10727145484816432,0.13418327599269622,0.1087289227344184
0.12952082251514307,0.21998366347932805,0.10151608654475547,0.019224321234709265,0.11416640725662058,0.13547578645403013,0.13028550232682898,0.04488729851917861,0.10494011166940585
0.13162106272088794,0.12542592104232309,0.11701169511116798,0.07180954316168674,0.09327162896884866,0.15995282816234355,0.12755332630199526,0.10178436948664887,0.07156962504409788
0.06889622947335557,0.14653346852007498,0.1784134782355925,0.051159427675381085,0.05257639360530334,0.16609142174514793,0.1144108516885603,0.09397659309320822,0.127942135963376
0.10604069201276208,0.07476654554484967,0.12659856700098573,0.09542250961753211,0.11859226310684022,0.019860025343743936,0.10430248045164235,0.14158413854246907,0.21283277837917494
0.17568714237444713,0.08799918500102229,0.08851932266969263,0.12040122410436786,0.15002368050575557,0.050286834135325136,0.10849106514902686,0.18632225310206163,0.03226929295830088
0.17197816097020757,0.08976857934210232,0.12439577252362043,0.10830517899202717,0.1338365866413498,0.02351920583961367,0.11383912044111928,0.16925946038234874,0.06509793486761098
0.0925920276949428,0.13804521827317393,0.06614104355140409,0.07544799262272796,0.11353134261255572,0.1240057715862979,0.12372066415407974,0.10354070201858188,0.16297523748623602
0.15300611407150208,0.12053290909770455,0.14249986079098007,0.12103750748777531,0.08641268879615294,0.10842874350341468,0.11559521886778211,0.10377662851593068,0.04871032886875748
0.077616436999851,0.1279268715349848,0.15165483120397819,0.05789611313735351,0.07307603370742692,0.1369158812153215,0.1194976693151734,0.14641297233968043,0.10900319054623024
0.14041789655826986,0.09660116806949748,0.11444887353881739,0.0713846212556018,0.10204424312653383,0.02409267764986284,0.1128710493608127,0.18121906351679737,0.15692040692380674
0.10293596749079553,0.1416557509643531,0.15986208973041482,0.0577973560849711,0.07281304350704952,0.2536373359739381,0.1050857067600534,0.07841706651809471,0.02779568297032971
0.12541200450279563,0.12700130235634097,0.18678511672061218,0.09002125338529014,0.0851255133801591,0.07483706567527326,0.11815258931220433,0.11661312753407697,0.07605202713324738
0.08459801153405262,0.1867304384811762,0.12970915011147613,0.03185255498933993,0.06747268414749534,0.16551873731348568,0.12467642571817683,0.055431685539987785,0.15401031216480948
0.06576270134716862,0.06848048584943443,0.062447606096023935,0.17522485370208352,0.07120934871140044,0.02465767627965655,0.08973749544983449,0.0772608648296887,0.3652189677347093
0.0991212654410043,0.08680425971101242,0.1412932261669311,0.09310162017404017,0.11027495948396097,0.051561940007870365,0.11888562905569067,0.10844893471937293,0.19050816524011704
0.10833485405074973,0.12512213396747776,0.09885264180243693,0.10316374261629284,0.07382323606072268,0.07095923088075094,0.10744748092388955,0.2484514808740613,0.06384519882361846
0.1674937025188518,0.11852255195109988,0.11548060237521342,0.061335417019113825,0.1346282239994316,0.1321660349413063,0.12871635403788192,0.07767515104089472,0.06398196211620662
0.08140865864703195,0.11046286807776384,0.05741660856804637,0.20249871827956223,0.040898063390448304,0.30601893578130807,0.10156026484378285,0.05397622563917331,0.04575965677288311
0.1089816239624641,0.07962094578599947,0.10587585541043759,0.16252331009049695,0.07928468304603954,0.027747711234934924,0.0940722338888933,0.28455919410144975,0.05733444247928434
0.13753921946263278,0.10844120372368117,0.08523386637867324,0.026198683881700397,0.24495618923899687,0.030900668601586828,0.12098396724950518,0.0875896890884282,0.15815651237479547
0.08913351218128374,0.11458570522975232,0.15350954361181993,0.16208564046615268,0.05542326216582814,0.10817810256084041,0.10647885478793011,0.14861952106881712,0.06198585792757555
0.1493392205912499,0.20192920722180122,0.07561649367110719,0.019172999511582897,0.11352172554267918,0.22246312643566143,0.1265075325521181,0.03709847768057902,0.05435121679322119
0.12584758039940178,0.18129472945122502,0.08798408089713916,0.016328384641307925,0.1434165668895171,0.20623262004778664,0.1255522649762304,0.04997416475948643,0.06336960793790554
0.09605978781169262,0.18703120168211906,0.09865146522312683,0.025942206185624855,0.08465596070047726,0.24825088535790085,0.12580966755543296,0.035677129135551384,0.09792169634807418
0.13704684887554341,0.10475510273919623,0.06389614722095954,0.12440187594225605,0.13411991234335374,0.0785358631441616,0.1110737457766522,0.20067313121786423,0.04549737274001294
0.06385744586889812,0.0931682043012335,0.14214479484183962,0.03250863327449311,0.09900608133826853,0.03968133005758275,0.09590845605064197,0.21565659487838187,0.21806845938866048
0.21401185096213773,0.11037883342394657,0.07448599609103879,0.06040272140099484,0.18544576534220344,0.0909547657542652,0.1308497729157906,0.08149274195550298,0.051977552154119755
0.16461478275126618,0.15313559888764885,0.08091059162040319,0.02671469835438776,0.12598553869448273,0.23190868204351242,0.12270269729047593,0.05756974394723669,0.036457666410586315
0.07790862272085093,0.09605946574195819,0.10986891658717296,0.05470577144364667,0.09533438588611305,0.030548811784608238,0.09760518339420703,0.2513459117767552,0.1866229306646877
0.0880311663814297,0.08498331675443933,0.110425463541118,0.15717581352543364,0.06590597048137677,0.03188112341408747,0.09718054048731171,0.2488544925134332,0.11556211290137013
0.13269246292853284,0.13112829825930908,0.1169452190156897,0.045269626165504485,0.10355351829299873,0.21615002161023222,0.12614273504482632,0.0709219707690981,0.057196147913808504
0.13533128482802176,0.13346186679003022,0.12136568026670141,0.03359362915865042,0.13004199823553875,0.08594934259148639,0.14218827959796237,0.028536248816417458,0.18953166971519128
0.1824532397408204,0.10990323000202658,0.08726466617117291,0.07124206842777621,0.1336145816761224,0.1403743459684305,0.11752823664019658,0.12635046036466324,0.0312691710087912
0.09491405873052028,0.14926119245520256,0.13870681614291572,0.04626048350053747,0.06813110793877634,0.25755255458538384,0.12158228799691151,0.05827112753002464,0.06532037111972779
0.12209206303979499,0.12732459730869491,0.106878793884491,0.04615480395030316,0.11200880843312634,0.20172843564172624,0.1362861229667378,0.048980960934518286,0.09854541384060723
0.09726346987594658,0.08735779260997682,0.08378352048524344,0.07036241380085763,0.15615522258596715,0.08228317265510998,0.10453100220755529,0.26745875659382967,0.0508046491855134
0.11709576522030468,0.13981828434696011,0.09404720859313814,0.07096993631516284,0.09039800990599027,0.19130204401146092,0.13490190481703668,0.05661667370145448,0.10485017308849187
0.08523318240765543,0.06635558951423944,0.1461562840905348,0.31840271893391386,0.07015719868264636,0.04663084436088675,0.09038944567169127,0.09209616162214578,0.08457857471628631
0.09391303077351497,0.16298094144141453,0.1119676335581155,0.02854311754091132,0.06887138773886713,0.3064101755205307,0.11993437816705095,0.05764213456648187,0.04973720069311304
0.07608356406719545,0.18515181502082748,0.11025000458803569,0.0311622649404838,0.06516658420865333,0.2440457744456523,0.11920796249148656,0.057833749901578024,0.11109828033608728
0.10084699496721837,0.10383149153503161,0.0471817617091464,0.059320941269512796,0.07114092613549816,0.4347519806067864,0.1178731222468371,0.02238083763154877,0.04267194389842042
0.18724076243848006,0.11817233387133781,0.08018152798797608,0.0628214090544283,0.1205955810555928,0.23167002762143105,0.12318046296436613,0.04496877442177224,0.03116912058461555
0.11130496528252348,0.09634835169464362,0.14378560592409909,0.11967450060876045,0.07360483067710195,0.17281041276830614,0.11678527543311897,0.11239843731888094,0.05328762029256532
0.09413291959183596,0.09838218923036302,0.16925547282455722,0.08886038757079284,0.09652770652180011,0.06250567808993208,0.11473158385006153,0.1014019669065872,0.17420209541406995
0.1453954784181968,0.09606223242797207,0.09058658610582943,0.03698263983692898,0.22071215312224615,0.025726175249368693,0.12475461655654717,0.09517164970230281,0.16460846858060776
0.22322562017559555,0.056622549903860446,0.05442847986078028,0.24154332238947454,0.15980446236203635,0.011066983727828833,0.09942359235524728,0.061836503812115105,0.09204848541306161
0.1142656926452656,0.19193548391110457,0.1289583809649726,0.034153165285386845,0.07513988648100191,0.20399644250870827,0.12269960416341245,0.06879703109643093,0.06005431294371675
0.16990230430106593,0.08808106496891804,0.11957731829553525,0.08093106911672697,0.14319205047910002,0.026381294010001628,0.12560497292625444,0.05158877202880884,0.1947411538735889
0.12514035879064922,0.11221542686588427,0.0776907821288826,0.2475756483285645,0.07145249817653705,0.14466203267174582,0.12137583014484023,0.03909441335874892,0.06079300953414731
0.08518490355060875,0.09939736844784813,0.146447404031722,0.19075047330673978,0.05932672130456027,0.08443509868087146,0.10810401249781842,0.12339193648176205,0.10296208169806916
0.12126712941958025,0.13334680645825317,0.10385784341160464,0.04490308870931666,0.08072854672070955,0.25999087192181863,0.11825705563502771,0.10332032314002089,0.03432833458366851
0.18250362713999493,0.16174096474094837,0.07140064868458147,0.03480209359592747,0.17331113652546648,0.07946886798130802,0.1374210735775875,0.04534428593544634,0.11400730181873937
0.11251087547530869,0.0999945999037708,0.10189208970257517,0.09144705001339946,0.08462010284170017,0.039801869788059586,0.12250282342215753,0.07845569131234505,0.26877489754068357
0.10428973343729835,0.14583098041465342,0.11588722248414625,0.047516550762982224,0.08152087495780418,0.05031321437647074,0.11537441894825118,0.15090436029070672,0.18836264432768698
0.11414311198492866,0.10715266289759916,0.12286260480422784,0.13968954567677586,0.07437354133829614,0.09487890262869499,0.1148737787332264,0.1626213356307672,0.06940451630548376
0.10127208262608423,0.13006515639429664,0.15992120361460813,0.05197208633603866,0.09904985936876776,0.11013078059859056,0.12185866352512949,0.11746674670713121,0.1082634208293533
0.19114845869179606,0.07166161221642048,0.08017260307839187,0.05554846036996863,0.20452109902552404,0.011334592286359748,0.1132246401527758,0.04838719736261004,0.2240013368161533
0.13138501229573443,0.07275525164627372,0.13699399289359385,0.15596638299326304,0.13852421949851848,0.0326231936571777,0.107999599552997,0.08411239166063093,0.1396399558018108
0.10359450104462238,0.11907673278611886,0.179751893000569,0.20832184598586503,0.10883556209057817,0.1002504453308402,0.08369758437954829,0.07494169891070297,0.021529736471155057
0.17949223849772947,0.10947554907425998,0.09040441435677826,0.10609549948388214,0.12095090661714807,0.04384766791835961,0.11939302773576475,0.15989236930067477,0.07044832701540289
0.1540960220629463,0.13800877761669558,0.07747743926029692,0.0300736385180437,0.21671800640197622,0.09052288353719347,0.14505119054415969,0.03602355552316514,0.11202848653552298
0.08126543233382023,0.05957522027606842,0.024405023683061574,0.3379024709677208,0.12298447394017116,0.06602546198366847,0.09463397740843539,0.10415293872282821,0.1090550006842257
0.146106483577129,0.1291886350194938,0.08531825533728425,0.04365755573391492,0.09746776995492716,0.2703856327210128,0.1258703951213571,0.05665794617290981,0.04534732636197116
0.11486020914324307,0.1354752009994931,0.09219306727730521,0.043842534094696815,0.14055779178949143,0.07684524683499329,0.11408379916874894,0.21379542307052155,0.06834672762150669
0.09952392405662762,0.07473467028343563,0.1460561932138866,0.2348401273986301,0.07096687569081779,0.0343896687355645,0.09795902749444557,0.1335059251796514,0.10802358794694068
0.13987694031437145,0.1348118092526452,0.13377819172309238,0.057076688025630797,0.10512728214647953,0.055216191097965654,0.12546120349086287,0.14691399674051198,0.10173769720844021
0.11983376853283702,0.18523899774706645,0.08989678579678854,0.0382372581251822,0.1115915639866435,0.13018738683135184,0.13736842493398357,0.056132461135804224,0.13151335291034263
0.14328073682026068,0.11352583633041989,0.11453772801230266,0.06411549860023884,0.15693180584413144,0.07053301184821123,0.1185555513895461,0.16876764194079566,0.04975218921409344
0.11641069013161248,0.08473934246256021,0.1028722103643525,0.09625568491748789,0.12256195498958189,0.0306170504565567,0.10700578430360845,0.23835366504203379,0.10118361733220621
0.1648031998965286,0.08217443182332101,0.10197063455214679,0.10919696762550181,0.1366739260926862,0.017848585322789354,0.11509848849294703,0.1406089889870024,0.1316247772070769
0.16060417728527485,0.11414416305620438,0.07306952302346115,0.053018355682500795,0.14390311480761706,0.20061954821455205,0.11828949129241613,0.10662034409580085,0.029731282542172804
0.11580238295130112,0.12679156922306253,0.12964022325338553,0.08289654635243994,0.08739851169140944,0.08699866989516508,0.1196767875133767,0.17144822183219136,0.07934708728766836
0.13904177856142955,0.15618984666824628,0.11873891626180279,0.03852665356236911,0.11705507420074439,0.1366617140604117,0.13135916685251461,0.07889674113037655,0.08353010870210494
0.12474037383603127,0.13076749294580955,0.13016361100962145,0.06827737489284273,0.09862349406684971,0.07750854281880756,0.12490885531259839,0.14086993958302618,0.1041403155344131
0.09540334339587482,0.11353029309728742,0.19236586456810642,0.0786097750996675,0.07537205862798425,0.06464031111794429,0.11362983201766284,0.134000348876662,0.13244817319881041
0.11925634591176137,0.10108702432666646,0.07678298222859174,0.08715271083271307,0.14512464690400104,0.03689313539500487,0.12077335843528603,0.15932939901443696,0.15360039695153846
0.12888885460801616,0.11459873452983149,0.13160214120664082,0.11488500208727383,0.08969018355672169,0.1043203435152711,0.11907721502107281,0.13268409655255395,0.06425342892261814
0.06206363919269118,0.08871448508294834,0.15404407497328287,0.04716975964078224,0.05189576846161334,0.04399512850131374,0.09140913222407161,0.18363826118666127,0.27706975073663537
0.0892065124058115,0.15109345231226357,0.13399366931524428,0.08634013690030107,0.047604252390251824,0.22255852796743514,0.1174632761926203,0.08873863893678695,0.06300153357928534
0.08155110354982269,0.062609225989508,0.03143022504159571,0.2929472950956434,0.04852748538606766,0.3276965754576189,0.09352727035627474,0.02041491354571801,0.041295905577750994
0.10272870580193745,0.11268669846038444,0.11587487698545902,0.050240794806191334,0.11693546539467696,0.03990639956766547,0.11423034478673039,0.19091203923648759,0.15648467496046733
0.12739589371878102,0.13363706320029747,0.1205439430873026,0.060664929286255366,0.08802139806210646,0.04607658600083551,0.12484132591235238,0.11441537867185127,0.18440348206021787
0.12288175752183284,0.12332218999217726,0.13627369092461697,0.09232460829422039,0.06657146245180424,0.23884724540999502,0.10683266599338385,0.08614100535211779,0.026805374059851683
0.08751206060340472,0.10497052401519331,0.15858978522927944,0.07126586474191088,0.08101397396534854,0.060835629991238115,0.11654159318986967,0.1068057853630382,0.21246478290071702
0.10574094496380544,0.09313565027518463,0.028430283054795686,0.18415579915679223,0.18550354140949624,0.11018583589070981,0.11165037156109887,0.09131820881633523,0.0898793648717819
0.11404332042540107,0.1398616103884993,0.10130388616153368,0.045151702321309765,0.10433579231050501,0.24889764977327214,0.13012306462216935,0.028939198845972642,0.08734377515133696
0.05198320536243909,0.091100532298594,0.15876634109189225,0.07281458045123754,0.05092438698524323,0.09866062123037457,0.10735110257671714,0.09289014429898572,0.27550908570451654
0.12963286765420676,0.11896709941610263,0.0842360680531407,0.05367333235640878,0.1584029346561905,0.09778706194049837,0.11604026423722119,0.19241441537791407,0.048845956308316986
0.11678463012194622,0.11376085810009691,0.08484516729688274,0.0560694405117651,0.15185224932292313,0.06114805550321458,0.10969343051113732,0.24174048148314908,0.06410568714888502
0.17561207441736562,0.06496822702194312,0.1252081723006736,0.29986271573106044,0.08195008602605121,0.006426478334871273,0.08685686115881809,0.07238675494198066,0.08672863006723612
0.12761955873151254,0.12314733598419798,0.09205891475757783,0.07892967250283404,0.11063796240237778,0.17052980279643326,0.12344653864439346,0.12240259719039755,0.05122761699027548
0.12142478803244816,0.1188418992687857,0.08402195084752491,0.12471787238915766,0.06633940354189173,0.29950884734641453,0.10827502699167356,0.048078880169163875,0.028791331412939963
0.15882686770714868,0.10370048751484623,0.11154635238718945,0.08904857664551857,0.104922835872774,0.03064915042548055,0.12103301521804137,0.15267357032444537,0.12759914390455585
0.0992047132899616,0.14724824480630352,0.09977828308453719,0.04881053094276402,0.07825085200476377,0.2905943064919853,0.12154147410611088,0.05528655107036581,0.05928504420320794
0.16181164607228551,0.13568729196978205,0.09756752108525885,0.08827561307414944,0.09907249842182526,0.0472670547256858,0.12632582356636982,0.12477461189860506,0.11921793918603824
0.23637769510311965,0.05369137322343051,0.06985725271372036,0.23650711165565155,0.15725315104007395,0.007808620313153371,0.08070655068216244,0.01903767752829877,0.13876056774038945
0.09844367573802526,0.10467264557882076,0.10918717635035967,0.0550797600837263,0.13255446818757158,0.07087951954084093,0.11442816107988163,0.228257192430995,0.08649740100977889
0.16306275160792605,0.058332634281625904,0.09413061588383798,0.22676119543580775,0.13058616873887266,0.013280647034024253,0.09157517402064445,0.15291851466022802,0.06935229833703292
0.07385704449189961,0.07009697456838741,0.20025079919256727,0.01341222560642395,0.13237134656488883,0.0436934332776538,0.08913716002152966,0.05555800540007228,0.32162301087657713
0.08454865161988355,0.07935598117070064,0.09400377037047304,0.07529867478155318,0.1489853947455784,0.030912997568359486,0.10277869534675142,0.2426091828721422,0.14150665152455807
0.1329197220131998,0.0865023749981787,0.16368647978920356,0.17128899108251552,0.10655050073417559,0.041943361867986965,0.10721880555791184,0.09045296996017906,0.09943679399664901
0.1850353233935447,0.09720452871494349,0.07370111284677267,0.0320299443548837,0.1383522427365874,0.29522956521363236,0.11405913271928057,0.037972653368458564,0.026415496651896558
0.1393128860458246,0.128946776157821,0.09971228889556842,0.042359171525490714,0.13442541306757996,0.03781056127172947,0.12743565848681546,0.09574180876702815,0.19425543578214222
0.1041831335432169,0.07344075002975331,0.10267403033368296,0.12851604661977092,0.0842066216814149,0.017554473100757913,0.09530565549387764,0.19470902445208468,0.19941026474544077
0.1611058554759576,0.10396561231319579,0.1350538495520482,0.16190891133940702,0.09367669265335604,0.06342523571672433,0.11217929588476676,0.11689151793705027,0.05179302912749392
0.21046190615064145,0.12962103573457162,0.09615620844479406,0.050528055123222705,0.16132376135603174,0.07082183385597653,0.14786191624045597,0.040368213265996426,0.0928570698283096
0.062358051524442154,0.08924243039210816,0.16364471281755158,0.09461645864317376,0.06856529312024547,0.0870799949555972,0.10812242380632515,0.08550560119551287,0.24086503354504366
0.13791357091182185,0.17229545211136962,0.08788391862006002,0.033505116029196445,0.14191773729128068,0.10748046933127671,0.12974695838674546,0.09665330826987827,0.0926034690483709
0.12883486122649798,0.10843580448171387,0.15198646055452086,0.14351847889832353,0.07915285659448978,0.08621409642399325,0.11316288423891326,0.12484914388009073,0.06384541370145667
0.1942651759359408,0.09218456269138242,0.06272118754362098,0.0323305686230349,0.31770385307439825,0.041197163227899826,0.12414655977938442,0.06072742683932101,0.07472350228501747
0.13462384748789094,0.120968071116257,0.027789117354283247,0.11247181614148095,0.1814966953403537,0.21853341480404231,0.11488429858530942,0.04069354357628136,0.04853919559410105
0.08536509382987574,0.05828995852868113,0.02923392580042225,0.37908973875195157,0.06608755052551692,0.03203238574263584,0.08872299402251103,0.09494261791094193,0.16623573488746365
0.15820014542189456,0.08698699408263195,0.22628715761977877,0.028163010960836357,0.14074037877045492,0.040772760483118516,0.1283566610333413,0.031424205690472,0.1590686859374717
0.15852855868036297,0.13589692577725407,0.10096370648466702,0.06035383678595094,0.09351165893297897,0.19502530845048063,0.1257369164959167,0.0722881402095528,0.057694948182835826
0.11533023324893343,0.18910950778722224,0.11043323790339742,0.02980266686187762,0.09966276035185784,0.15034439732346852,0.13017184217381683,0.0737054792669545,0.10143987508247165
0.1237109802637996,0.10885509537865179,0.14429324252840187,0.1405731549141687,0.07591970945703543,0.04538487793819477,0.10942010639024752,0.18425402176666192,0.06758881136283833
0.08275610263966204,0.07949447705269264,0.16771456948225813,0.2314360151424554,0.057551573877476704,0.04580128683044727,0.09681825258069975,0.1300417436115107,0.10838597878279739
0.09655975076855504,0.09351228155956853,0.12412042581753585,0.09384888304759748,0.07855844166279724,0.030345649632975175,0.10004324476763772,0.27448037691156785,0.10853094583176504
0.10952376784460323,0.15231107352211648,0.09601619104481485,0.019340524665758783,0.09877834304302846,0.35778799198348876,0.10469889256354976,0.03519561018776136,0.02634760514487838
0.12132758414949202,0.09798458758318884,0.21110125266525834,0.08527918628287401,0.0942004613800584,0.034978931365511653,0.10918198669166235,0.15424518311880064,0.09170082676315373
0.18168706546468796,0.12383424762548319,0.05922009238516723,0.05851129270349295,0.12255007910971057,0.2440451779147256,0.13610128379417977,0.027716018570495465,0.04633474243205724
0.10026210290485386,0.08910160119915655,0.10125005507692174,0.1036757472443749,0.09684351239037085,0.02976735102550313,0.11101082807035591,0.12421557787398263,0.24387322421448035
0.07636403349745284,0.09713761343651861,0.20760680587165423,0.16991199675330448,0.07621185046240347,0.07278689424357983,0.095875769287958,0.12598474552861397,0.07812029091851463
0.12186941288556118,0.11870008095207507,0.11120573054182249,0.0854213024938113,0.08883660075286037,0.050749777867660335,0.10983733926123367,0.2446718506590874,0.06870790458588817
0.20500750464131604,0.061230219189193476,0.08471382575989948,0.19697591766261938,0.15640936520068113,0.010964647614039218,0.09633885277022929,0.08530630621046205,0.10305336095155988
0.10520160684114788,0.11219446013103544,0.1423905397497501,0.039445497951040305,0.09952856443679937,0.0378411745852825,0.11149310647661903,0.187114246986295,0.1647908028420304
0.2188391346432703,0.08115959612103667,0.0742017894333758,0.0925710848590962,0.21041070008002652,0.030773713376110456,0.12343573742445242,0.0918663603506632,0.07674188371196854
0.09889906299905116,0.1438768578496379,0.13308487166595187,0.05243349997747798,0.08653460439593476,0.13528454337929854,0.1305155711804747,0.07074560206534791,0.14862538648682513
0.06151835379044044,0.1565512224688321,0.13336787367014383,0.02195048948054612,0.07608745308976671,0.17714042515657172,0.11590219169633148,0.0684783355450518,0.1890036551023158
0.23087121629848398,0.07033110116440429,0.08815956465754615,0.18935242840769495,0.13472698464294042,0.014218449417164991,0.10565204144016767,0.09004145955345928,0.07664675441813824
0.09933581425689542,0.1320209087708372,0.09760671902762569,0.04862606234285146,0.10508633162205995,0.039166038030171026,0.1100644657731441,0.1907035349345032,0.17739012524191197
0.12203179960821124,0.12710078592076024,0.13595343350888475,0.14054048572820513,0.057948090717366285,0.1334996509827686,0.11049587558062353,0.12652734369553986,0.04590253425764044
0.09502473983588665,0.07887931908253554,0.06349082495051035,0.4223051538200285,0.05694937897403046,0.038006112371935935,0.08068941823805942,0.12824514699262063,0.03640990573439252
0.1650288683228606,0.08212751350620527,0.1631557586446477,0.07913112165658295,0.12270167426693775,0.014477906444641912,0.1139773790416927,0.12401266532746624,0.13538711278896484
0.09939726273832762,0.08002212838267937,0.10287247278208982,0.13031672835728772,0.0935028048590655,0.033124655294435694,0.0966990500837037,0.2961679809329231,0.06789691656948743
0.08682592909477667,0.09271284942504322,0.08364414619623406,0.3295910652051119,0.04301766032530966,0.14773900132353282,0.08903496193477783,0.09838020297470945,0.02905418352050439
0.07547467418919108,0.1574797307066681,0.14608309984013243,0.026451004456177107,0.08034080881226241,0.20641558256929957,0.11942709305275286,0.06183609333487958,0.1264919130386369
0.09487563044279872,0.07749430669605561,0.17255407548931714,0.04618005568578043,0.11558448251389626,0.02429004216988154,0.10159720262449257,0.07245140283157715,0.29497280154620054
0.15249516809350805,0.08217291823684479,0.10017100378202111,0.138579242374732,0.11453731606341322,0.027156783975021664,0.10344888166567284,0.23227288794824807,0.04916579786053831
0.1057244777189041,0.1262771511898975,0.14822106586603112,0.08765674508251808,0.061921884676794596,0.2861427707528441,0.09892173849656032,0.0643824578102757,0.020751708406174515
0.16710973067283272,0.09609193458106809,0.18446169048513114,0.18330378769592867,0.09767917540558675,0.02690316923988781,0.11540030504183692,0.038208809646390875,0.09084139723133709
0.12187691796092659,0.0861165630361694,0.1257289950538155,0.1100830224753596,0.12973991221370698,0.07086412050184498,0.12414512076893643,0.10495587241271222,0.12648947557652823
0.10493551447317667,0.10210110583061427,0.1142481675285295,0.05866605029353836,0.12560686210494354,0.03964030206236901,0.10744870455357107,0.25162512061422043,0.09572817253903715
0.06632224292549081,0.10241028620845971,0.09339170525939261,0.1241509265986981,0.059612001898458424,0.260555493263847,0.11668041328992133,0.07712824581823649,0.0997486847374955
0.1798271876706091,0.0987727423873304,0.1006476274259458,0.10699813768350586,0.1345764505484334,0.05459703159063678,0.11533745667429192,0.16839352241831052,0.04084984360093627
0.10321695009432237,0.12434234630699298,0.1249976622756927,0.06315434449958927,0.09065582706209496,0.05219833247315387,0.11521828553011575,0.1996519925130201,0.12656425924501802
0.11601258606943028,0.12284792346225738,0.12518318400566023,0.09306954337941435,0.0791512498417078,0.1176053054309405,0.12006300635093366,0.15704599683131296,0.06902120462834281
0.16245461950602777,0.1822175076470783,0.09366738934930918,0.054474740396549176,0.09597381044498639,0.14068141963582623,0.12520573833736023,0.08732097932296844,0.05800379535989426
0.1319025804528294,0.12410254392077152,0.09505463540791727,0.11850602756902533,0.07871267903979313,0.04777253207148228,0.11168959131931626,0.19869475472870649,0.09356465549015831
0.0893289856849308,0.08400006313490156,0.12064273745339037,0.2023270618444406,0.05753368896003467,0.03277696834215472,0.08301279680543318,0.2945175741019032,0.03586012367281095
0.15433471754955722,0.0971618822288291,0.13787336917576395,0.11561281356977571,0.10998539237272908,0.036225217207836585,0.11738843692059331,0.13352241261155923,0.09789575836335589
0.12731058779896576,0.1255547905398726,0.13943838310267961,0.014607805670848413,0.16009442967613066,0.04411611461992097,0.11479298196165444,0.05548440200255141,0.2186005046273761
0.1902388841585594,0.10391575327920778,0.07965216658287726,0.07386615840215206,0.1606407890588116,0.0321937923244911,0.12172943816977198,0.11397279774579226,0.12379022027833653
0.06754659292450212,0.09049625508107828,0.15060496743246676,0.1091171270900796,0.04908982026318178,0.0391676055709185,0.09242158856813552,0.26286023230062255,0.1386958107690149
0.1103290379790308,0.11084368699616669,0.10553658989853036,0.10720906395174241,0.07843863861012175,0.1073641072879014,0.1096896725829864,0.224816164005873,0.04577303868764715
0.17603920786685853,0.11296552148418332,0.08054359743428761,0.10490414278409843,0.14283339438648143,0.05751527967660961,0.12755601705615752,0.13555223495620747,0.0620906043551161
0.09569041746261818,0.09537000179949513,0.14446720474003535,0.14688288475758357,0.07663353744282968,0.05158871909308917,0.1115521640540179,0.12168080259363312,0.15613426805669794
0.1859514304445037,0.1058969376118778,0.06465627190334183,0.11739959140351686,0.14788261676600709,0.038496343604498294,0.14410828967610453,0.06306427027448679,0.1325442483156631
0.10512018726222465,0.1644723654137147,0.14614344687434802,0.05851415695583246,0.061566505988390224,0.2150901881582791,0.11539797123121671,0.08819216150435283,0.04550301661164127
0.19800990279479894,0.09758230390509977,0.11750449123178265,0.134239394110793,0.11735793917269566,0.07783073999291655,0.11482326523471999,0.09758062770056507,0.04507133585662839
0.1252733002135388,0.17423774699450348,0.11090657111562396,0.020843697181662475,0.11238542085475246,0.22579290425595822,0.12520006171928819,0.039898369766000606,0.06546192789867179
0.18510060303331521,0.0986157762140315,0.10253372680702273,0.24913855583130848,0.14830157716803558,0.03371529683000293,0.09272551794666073,0.06898121017891433,0.020887735990708523
0.20004844016449722,0.08356571733800842,0.09315002577204558,0.07009238848876782,0.20247655277937007,0.01964560897547869,0.12174816985338395,0.11367573402698077,0.09559736260146745
0.09518106290206385,0.08838319836598386,0.031775910526886685,0.26296795302688974,0.06644730849645038,0.239099823814108,0.10555358502302131,0.05195261130857561,0.05863854653602063
0.06355435512469025,0.05417340636489327,0.021604863891793946,0.263013595713639,0.04388347537142493,0.3830814991581113,0.08570139197370108,0.007027769434703857,0.07795964296704237
0.12538643745804212,0.14847821205811193,0.15163526785137107,0.04994345277102805,0.09701567197239014,0.10578210448518166,0.1269453935615598,0.10600111693051693,0.0888123429117982
0.09277509301619491,0.10218948516093096,0.1304117276547503,0.2971057504173089,0.08573135597060659,0.10792418239022043,0.08988651374990116,0.055609626626941105,0.03836626501314569
0.10135668296674162,0.12003568040995227,0.20255182283316656,0.040566925970218236,0.09521081199463836,0.07743958823942661,0.11589163653652339,0.13363201932700638,0.11331483172232663
0.13976495065636682,0.11610864800422586,0.12335841590081126,0.11184262681305558,0.09124168332784181,0.07213544885780016,0.10827691221860615,0.20190827206581252,0.03536304215547976
0.0867009742560545,0.06642526085978218,0.13345430943999706,0.16488976420865206,0.09555286810853099,0.015416698039395826,0.08557091778295467,0.24380512816574737,0.10818407913888535
0.13050773759723622,0.1570951737487676,0.11351105365488916,0.02093500438288737,0.15769920401929957,0.15154363180063316,0.12784484896245513,0.05184738642217346,0.08901595941165837
0.2269102756246741,0.06959574168849557,0.06035396967976132,0.05040507353104398,0.2756833396978246,0.015626749019442106,0.11915213736678283,0.03083782001462285,0.1514348933773527
0.05536338635797699,0.07806282916521581,0.16658452912678134,0.06439163678600614,0.05982155694404362,0.035685575147212066,0.08735515851498282,0.20755561741867137,0.2451797105391099
0.0711503897904154,0.17356080063126786,0.04595820543065552,0.039930556907977865,0.07493779676233407,0.3135801110261116,0.11304189798307529,0.017135949847142135,0.15070429162102028
0.07527002112849653,0.10215465816750384,0.15971890944921355,0.12000130830637501,0.058380439579084314,0.11508976586868003,0.11058609758391985,0.1796708928462141,0.07912790707051272
0.09304316702197168,0.1559222492972108,0.0747845394502855,0.09985605395728285,0.07567240570218386,0.137602227851538,0.1238141981953781,0.11532677832261855,0.1239783802015307
0.09903860551469694,0.11332944918999849,0.1323371789532816,0.06354824570629405,0.06982218262040166,0.25141142290932755,0.1113863295958845,0.12731242957678232,0.031814155933333026
0.13796500337023812,0.07551261331608636,0.06125720390403539,0.0691553051556147,0.268610103917389,0.021943955197934666,0.10594456590501526,0.1668700601693194,0.0927411890643672
0.10177461228508322,0.16949354412211462,0.0750151329934195,0.04320214540115514,0.07394802867973295,0.2963478447749087,0.12718334794719865,0.04289030830820969,0.07014503548817747
0.1244269925935702,0.1354623542642683,0.05824329217086288,0.08327755581021025,0.09727640763203056,0.2610317625621161,0.1349840140015656,0.03805436288109413,0.06724325808428207
0.12848180065047768,0.09460313508108442,0.12791352640631137,0.09540154237062415,0.11325517193949934,0.037152022787318446,0.11905822318480104,0.12725025436933926,0.15688432321054432
0.08177072572982273,0.09368218304518476,0.17325488430235358,0.12085565169879968,0.07726621968401418,0.13125358744223634,0.11889103604558549,0.08043239621551068,0.12259331583649263
0.14663449904947837,0.12005154192845817,0.11646404783664314,0.1703436912371957,0.08722250450973029,0.138453098204913,0.11250255506673157,0.07248478955641077,0.03584327261043902
0.1402329768863249,0.12724800741861053,0.12535593628137898,0.05710061124618077,0.11341489073776549,0.04707407041626634,0.12409563611906882,0.15674199837387487,0.1087358725205293
0.16522494802738816,0.098237449829846,0.13096326177621948,0.13361806524470582,0.0994549241821735,0.1107167713011777,0.11367543351802174,0.09910084574545179,0.04900830037501577
0.10139337490350087,0.12169270688269422,0.19456105817147673,0.06344341456855558,0.09695146693318883,0.1138620895899845,0.11694889175175255,0.09615287645465144,0.09499412074419539
0.15102111801138618,0.11103387199654173,0.0847646388301609,0.24124415909046903,0.07708167853808674,0.0681868365737557,0.11940431061721439,0.09221359747228203,0.055049788870103235
0.1447901818378029,0.07853363217063733,0.031227020906885127,0.30665571540134134,0.11658978521882891,0.05571229132507375,0.11308522973167756,0.07268508130591042,0.08072106210184272
0.10009633679416728,0.18790950987104724,0.12647734715385375,0.03063398586407499,0.07493679707283561,0.20406269830631163,0.12486560168069143,0.07024396065195646,0.08077376260506154
0.06147551677825252,0.07422528820678885,0.1804292825033734,0.22254963180873003,0.05263959978549774,0.05277552384340725,0.09234346267481526,0.1026921228042706,0.16086957159486429
0.11745960712938736,0.1286540124221227,0.11255447138116666,0.08919630846900949,0.08964847149277361,0.14747069524699438,0.12228850431875797,0.13123427380108352,0.0614936557387043
0.16534049324428468,0.08899318153189917,0.2511916441229631,0.12006247088835036,0.11696352472423177,0.023024782775595633,0.10727151368264348,0.040854764469511425,0.08629762456052048
0.10185039610498432,0.13868784764084885,0.07290384303237514,0.13655501082649538,0.0705557542921976,0.06376959153719684,0.1131780981208234,0.16055336690514888,0.14194609153992957
0.06970736035228171,0.11415498693333365,0.13925303472467657,0.0838284632173601,0.06891252793115404,0.10085017803271235,0.09588367133534725,0.25843027722975437,0.06897950024338005
0.12350215651594994,0.14691884852223372,0.11411795872812404,0.0346955901439412,0.11110858190955457,0.2417797128095168,0.12391078599080012,0.04605671202679942,0.05790965335308021
0.08953119799647269,0.14161636321602902,0.19077266637516857,0.08723748879162557,0.062082858290130404,0.1451932005948311,0.11292266131503804,0.09743040220277417,0.07321316121793038
0.08732955878693698,0.0846557074314979,0.11666732914177469,0.03819952086078072,0.13594880470643994,0.022119603506022694,0.1030019670982051,0.14939228134210794,0.26268522712623404
0.07501521524101695,0.13893999349722289,0.10648845833764398,0.05705053574453269,0.06486059018456553,0.05519013188093679,0.10503958997144851,0.20143016805200875,0.19598531709062383
0.11166637758788511,0.14598968151945826,0.049843835147360925,0.025046935904371726,0.09581324000940807,0.4145794087164656,0.11047613014298348,0.015710520774056887,0.03087387019800991
