0.11766772197302498,0.31378922073624455,0.12451200076370361,0.11297485490115443,0.07077013661359878,0.0709726826570994,0.056146667485687814,0.04699189927465645,0.08617481559482999
0.15251595696652576,0.04415939489927021,0.11684873536197432,0.10725044278401792,0.15024186183793212,0.03807914872489702,0.11536901916646573,0.16302471303663665,0.11251072722228021
0.041168829986405024,0.010778609807061709,0.07593976326495804,0.07920981918898906,0.010253858833926996,0.022831114030848868,0.22689817438099677,0.44364711257674033,0.08927271793007313
0.2416137808027057,0.050949639801590424,0.09695103960092029,0.09093135300283024,0.3173542475126745,0.033426006528455614,0.042937031127481505,0.046132192024195086,0.07970470959914656
0.13903850637939877,0.0975607175687897,0.12531000309670368,0.11635394540919936,0.23722033956470925,0.027580520564687624,0.06487088846283935,0.1138913352059066,0.07817374374776566
0.10069856433147972,0.05038308211856612,0.10898191195098107,0.10855005367508147,0.029404253363387468,0.346000638191624,0.07338629429953508,0.05092892913603986,0.13166627293330516
0.035296399142147064,0.10156080269201062,0.10594454613922501,0.10932546328367887,0.03774960839448597,0.24312033858400048,0.12396891636535112,0.06963927156951877,0.1733946538295822
0.11147345461933901,0.21598657344548045,0.1376634052386688,0.12137288407550596,0.12892345699645805,0.0379670418137571,0.0797879835227034,0.08563505067526249,0.0811901496128247
0.171034660652142,0.05546000038352069,0.10836207630598078,0.11034037071072361,0.04032082154878177,0.33464483442100973,0.033290883345294016,0.04026424868860783,0.10628210394393955
0.038233766112659155,0.10540119847904682,0.09872210875925987,0.09956487086828708,0.01264689601377005,0.290190973922318,0.0506121789164101,0.08580207259947326,0.21882593432877562
0.0358955263497324,0.057093494968251446,0.09444877140741748,0.09791931725870895,0.01925462078841801,0.41220130330688937,0.13263093375395696,0.03132815504170853,0.11922787712491684
0.052890856304652255,0.03077845675286155,0.10864414443404857,0.10665877022211956,0.009687445912595368,0.2099207549480768,0.176618110547234,0.19984344537235088,0.10495801550606099
0.34949074072139114,0.036647223668723396,0.09200728451559599,0.09945316049488528,0.21696719152858382,0.0647078244014266,0.03307437957136606,0.030891218879398354,0.07676097621862937
0.04397783814621481,0.07334795123914532,0.10051274440023139,0.09838008599798476,0.056470104782740005,0.3138116490602969,0.19467685438018303,0.017124056270487523,0.10169871572271623
0.23747688101201145,0.06027766456670527,0.11076259116626846,0.10313461969311459,0.2189698223217912,0.08317082342200433,0.05825736649165575,0.04137747567645614,0.0865727556499929
0.03034172710634241,0.03684310922154229,0.10199916142567685,0.09663559426785347,0.047423495617564114,0.17703208160459236,0.37183103558747943,0.050632881403885444,0.08726091376506366
0.0385627603264266,0.06255442060725902,0.10545328504682379,0.09740329006557313,0.050066194923361944,0.019947558578137636,0.23743750206235878,0.3070222508962575,0.08155273749380156
0.081307452553337,0.02874283647607484,0.11645737796396627,0.1157457578181546,0.036482666476001104,0.16352652744283439,0.2152751506900409,0.1416519297417638,0.10081030083782706
0.04837108928268361,0.01957833115886357,0.09609277392370418,0.09900149180966049,0.008007026705884256,0.36527119633665056,0.1867999718367901,0.08480722504787375,0.09207089389788947
0.041532291802570086,0.018851467152443454,0.0796270105345339,0.08249923612300826,0.008521526093223411,0.016847350913561775,0.18573333186482147,0.48619729634438236,0.08019048917145537
0.10855007668300792,0.31228976031879396,0.12405342286344397,0.11689643528057693,0.058774223726671904,0.12326130507642175,0.030324109160134078,0.042066955051464405,0.08378371183948508
0.14416210852995584,0.0750680210664909,0.1159262650743103,0.10649417339348859,0.2090709959468949,0.11465498769500541,0.11799316975083311,0.03349567575480869,0.0831346027882123
0.07324807404624266,0.04883951482513158,0.096268395400341,0.12112485089850218,0.3081759891797879,0.05462633721949853,0.15831593172834948,0.03179639703169818,0.10760450967044856
0.060422176381484394,0.08166899499447931,0.1168106890489747,0.11184690931117458,0.11741731412364331,0.1360593014807291,0.1957991348327058,0.05295700536232531,0.1270184744644835
0.0466482856749706,0.047510502372723605,0.10070768015696781,0.09833003219698962,0.11698934307961166,0.15186871603942345,0.2837484047748092,0.03760909522786949,0.11658794047663457
0.09404098094003834,0.04631912264826472,0.11856975844119301,0.11180653648925216,0.07328561429264598,0.10727049884014284,0.18686325807248141,0.12260370591354715,0.13924052436243445
0.04178528978329426,0.14682743996584025,0.12869099107229448,0.11386049719681644,0.13565314028003866,0.12221301054383445,0.16750194007059585,0.03824663342304916,0.10522105766423641
0.03012665283910636,0.010901385966391529,0.0748076007409035,0.08236241834331766,0.01192060367225705,0.04873249567246546,0.3025174570465236,0.33740758993684156,0.10122379578219338
0.10095745265132168,0.04480785443555738,0.09961758079531306,0.09892643136651232,0.01634589000610975,0.44214137524524205,0.05823393108454045,0.033017212191002614,0.10595227222440068
0.08201554611152212,0.3272684552364539,0.10036413477572731,0.10412584965673384,0.10053491760161459,0.006697750663366065,0.045288497362413055,0.14974617498141932,0.08395867361074971
0.057278166434494716,0.4139271154568262,0.11150407095663283,0.09993882803456712,0.061562547408149766,0.021040963425243673,0.06166665759169095,0.09197630607483494,0.08110534461755985
0.18610934989540315,0.05541656760993491,0.13368027803098964,0.11977186853220584,0.10340594471573376,0.09429820747128714,0.0941026332220446,0.09625217321361507,0.11696297730878592
0.06272059531058488,0.04304118465555418,0.07983619662189992,0.07938044394049575,0.15073152129100345,0.0030340902897883523,0.10228840907938423,0.3911981025229432,0.08776945628834605
0.09405128779806982,0.03273764739073381,0.10123396414313306,0.08991006250375416,0.19946089137976927,0.0872136949789964,0.27814579948790674,0.035310640200330444,0.08193601211730629
0.14677748534434576,0.08451934261179023,0.13495705128832292,0.127109404126479,0.1091929039522408,0.08094012724094807,0.09888956749391353,0.1158854706535199,0.10172864728843985
0.19477016527345503,0.044839181552161635,0.1152668663740689,0.1412025169733325,0.052537571333541866,0.1887974444866343,0.05124541626907836,0.05359253037120598,0.15774830736652146
0.05820970892921306,0.15270057428052083,0.12578529072948633,0.12800461116721093,0.03854691061202942,0.13753875614668812,0.10534643723953241,0.1332603785275103,0.12060733236780867
0.2583405399821482,0.06070602940457733,0.09611348660038604,0.08990527884519518,0.30358105629841653,0.036824008027483875,0.049123740855045395,0.031093309062011756,0.07431255092473565
0.07574815766250764,0.04050672994327623,0.11370879910996419,0.10647087594595883,0.022559578708432757,0.06270191975659241,0.1514221772409016,0.32091772947890324,0.10596403215346313
0.10998551359099588,0.026879218696407733,0.11809252241319168,0.1126646938956672,0.024665511314376425,0.15740323343730106,0.1678811743047572,0.17452234772253591,0.10790578462476691
0.131688501808233,0.16927510087838385,0.1281529960375846,0.12568085909085566,0.13259178499748484,0.09510744095125562,0.034702240447009425,0.07296300042605047,0.10983807536314243
0.1348342562228921,0.05311563746302641,0.11321142570590847,0.10682303736214897,0.16632633046915143,0.023354551856796208,0.1222120392885172,0.19135099245326667,0.0887717291782925
0.05127212063716605,0.02546785223985223,0.09619321150439027,0.08953687818033318,0.050963394759189797,0.03550329113696224,0.2883956768029226,0.2594951546768251,0.10317242006235848
0.07333611306607705,0.15532743624937403,0.15521827083609457,0.1367178010970239,0.02793291477096688,0.12806083560998718,0.10841879216067857,0.10598848662657061,0.10899934958322721
0.06242845656406563,0.05865703971392567,0.10917607029341163,0.11158976494586033,0.06154758874347782,0.29290990999908506,0.15343985600775975,0.03818700275570547,0.1120643109767087
0.13417448920209346,0.07624442289931992,0.12541294753458856,0.10996648359318827,0.1975170267555563,0.040904518078757286,0.11202403016182087,0.09622174560030368,0.10753433617437169
0.052993236911938246,0.025478587889193882,0.08677176251004487,0.08527462995029146,0.011090454567258273,0.02297445290703957,0.1327271337106987,0.48860393734899166,0.09408580420454334
0.023621532409138547,0.23031519107029594,0.09807855131998801,0.09091843502146402,0.10146961014667859,0.07208284916704627,0.2867640487658574,0.021458101128546122,0.07529168097098525
0.27201317293928445,0.03536875717491315,0.11306599280654978,0.13664461951954399,0.03584080742818422,0.06414157345776327,0.03423768467206436,0.2109794012187728,0.09770799078292387
0.02927463656802411,0.0346668145802435,0.07535705850898311,0.07012833464869549,0.30662968695192966,0.01465317066264162,0.3143005168353104,0.07530851578691494,0.07968126545725712
0.06606552927334315,0.016565154262195927,0.0943525044912542,0.09028159674065661,0.012833939169064978,0.0389345138158489,0.181504486073687,0.42555080237796555,0.07391147379598358
0.24667539845646477,0.05049282483068213,0.12059833414374393,0.11475452736191592,0.14025939220962047,0.09712273336010324,0.06588881896447467,0.07440332204995394,0.08980464862304095
0.15236841019393454,0.016248498785952085,0.11035641681232904,0.11052053092942271,0.04189490931753181,0.1800625553427401,0.1281512255514888,0.1513942756875151,0.10900317737908582
0.10678150013875028,0.03559648353444549,0.11183333698736377,0.10893810215053908,0.12023568102483263,0.0887348811280595,0.2142558932372979,0.10413101406465698,0.10949310773405445
0.16682261778708093,0.04753211609429336,0.12360485231021945,0.11504326573754724,0.12285951319884038,0.04459730240976164,0.10700122318677559,0.17162173170250802,0.10091737757297341
0.14430055300286554,0.0936204343902463,0.13198137005047492,0.12826090842444723,0.12896362353155824,0.05656096583130967,0.06601549311066254,0.1524744682693395,0.0978221833890961
0.23155936274278285,0.06998554505269718,0.12070146651758117,0.11460740160512989,0.19559119233142983,0.04989795861342119,0.044248664931021364,0.08561233440997512,0.0877960737959615
0.21768553420578077,0.0453897566396713,0.11386598899927615,0.1257975110923393,0.06030925895594586,0.031110356270611133,0.05110753589281169,0.2538385078031844,0.10089555014037947
0.08587427318606966,0.10218946507199654,0.11576953054013096,0.20127599611767547,0.1696389330743895,0.08845018234023966,0.03179331425465298,0.05079864346404983,0.15420966195079536
0.19525628438651432,0.0419196694065353,0.10247995170794703,0.09163939088174045,0.2588383084487083,0.06351503254775422,0.12939138585476453,0.03761713747003125,0.07934283929600457
0.08664133004336766,0.076990426984037,0.11924896857324019,0.10281376189131546,0.19319687690496487,0.025051792401663428,0.162678629267908,0.13012959054685658,0.10324862338664688
0.06688875012550687,0.08996394976191381,0.11343070178769547,0.11242499630008519,0.10470314669746206,0.21589169730184365,0.12756431595307766,0.03732038800546103,0.13181205406695426
0.045154085293413034,0.2531487952390996,0.10366891801504229,0.09229435517014302,0.05516683053314877,0.027040390440656824,0.05844354753508787,0.19377961830983523,0.17130345946357325
0.22987628905495852,0.05328740724209969,0.1259854248744999,0.12037829439572616,0.10986065867415713,0.11202923476816429,0.06678194821159132,0.08665930758156547,0.09514143519723756
0.09939867516893036,0.1221740027097828,0.1269521937662822,0.11197916031481579,0.10315544975776575,0.025673878186298238,0.16571858827698602,0.15391424686702673,0.0910338049521122
0.11065135676873356,0.017605466409869222,0.09739155591748179,0.10077202550694525,0.022251825447807166,0.3776280216755965,0.10518820136007724,0.05613140246187042,0.11238014445161892
0.09966622203564064,0.021909821360776516,0.09224731462210001,0.09222085811797949,0.060561307834992036,0.01296045011286768,0.12547892592921553,0.41838862312706265,0.07656647685936545
0.1983921375160059,0.08480367745608597,0.13705602823091922,0.12204477072900932,0.14796629406825368,0.0933777873999092,0.06927497042707516,0.05920380827375718,0.08788052589898421
0.08910910631527257,0.1218094588068087,0.10896151004792583,0.10922770619447171,0.04653151157353832,0.33989023381874933,0.04798056325694555,0.028117652933559476,0.10837225705272846
0.0580341192554116,0.07955141947668644,0.10565918289468801,0.10602222042935643,0.05003350377825083,0.28926823301740834,0.16959499451520255,0.027574537591676402,0.11426178904131946
0.08261758009841874,0.16462642592090274,0.139002127623755,0.1291599587161756,0.05424522438101546,0.12757987596339526,0.10683249002777893,0.088182949377974,0.10775336789058425
0.25440143953341227,0.06081728989646312,0.11027408505285853,0.13831173193243404,0.10572762029562749,0.11261824434091304,0.03739713959778531,0.053604738597116654,0.12684771075338944
0.12066698280242567,0.07156496831393792,0.1280256832379978,0.12041267149771506,0.11871056139145125,0.0892319207862902,0.15131427212323897,0.09418229300338134,0.10589064684356185
0.11146017077727897,0.10406616967000941,0.128634423449381,0.11786642846000732,0.18227885500917904,0.06978571025542278,0.11170102215053516,0.0706693689960622,0.10353785123212415
0.04348232273325484,0.06113360981620134,0.10989500048089841,0.09994785304793267,0.030109028142539046,0.023465336479619427,0.2122408100812445,0.3440636760765387,0.07566236314177104
0.20736885879242917,0.039643431933052906,0.1170464598583758,0.10709505281503327,0.17565742821801034,0.03603568382797986,0.0968366587102956,0.1312560309950387,0.08906039484978433
0.1259560596063444,0.054779811567262054,0.13781425292104466,0.12951757330371916,0.04242208736654144,0.16859551570922124,0.10858129547260754,0.12589149706655037,0.10644190698670909
0.2013005098682676,0.09637791277120682,0.12227080354413715,0.11271326925464485,0.20592044346607932,0.09830196374039908,0.0467296798675212,0.03968860938993909,0.07669680809780487
0.029807319540174914,0.08990938987859338,0.09429866791900403,0.09169675003152533,0.03771044580139357,0.012620480042533336,0.2450376256671388,0.3228993201074745,0.07602000101216222
0.06109853645530152,0.03562872166507476,0.10787403853017874,0.11364581038481443,0.01784449624124783,0.24263904306414363,0.11777754345054452,0.1719345878876932,0.1315572223210014
0.06625022191949032,0.06626431408286769,0.12061606667987367,0.1088642964334892,0.13045882297723205,0.10475123926724395,0.26467408149543886,0.0524053243961772,0.08571563274818711
0.18151055486308498,0.07927189936401316,0.12971291098133242,0.12411014961173374,0.05863918770861992,0.18710269880339567,0.05759652281468724,0.07222310700224592,0.109832968850887
0.12180417190856192,0.07029554284117412,0.11241959253603033,0.10409000646458173,0.1986098068235614,0.10040798453024206,0.13480134517125744,0.039717587206677896,0.11785396251791314
0.07335601322287498,0.031124262016372025,0.09357704346931367,0.09147815361427279,0.18001795322925354,0.019823211128876986,0.22455737466612424,0.1953692676580786,0.09069672099483313
0.20558088381930886,0.10683291644214625,0.12133530206000138,0.16257936202266873,0.06099388008164625,0.083440694162583,0.02689364934012543,0.08807058611580704,0.14427272595571303
0.06221616716097319,0.01736321472703187,0.08092467982906788,0.07993412663624515,0.032144411412889096,0.007035781568755552,0.15569713041902214,0.487310208171946,0.07737428007406917
0.1290428086221588,0.05996590251227688,0.1349299618643918,0.12282648547321591,0.06000739930376048,0.12036964706558757,0.0882827252272513,0.1387245975934148,0.14585047233794246
0.09181077373224555,0.06029054634297424,0.12745542026297424,0.11467944763118837,0.11046436489986378,0.13732627335186476,0.20663848658126363,0.0550005860640893,0.09633410113353612
0.1311169018951863,0.03366769328887181,0.10226513976491076,0.09410303437544758,0.20463341646708674,0.020364394818205577,0.14013064763948527,0.17843486133046269,0.09528391042034334
0.12214500570650305,0.07489224033042373,0.12467345127192751,0.12070410990361828,0.046002546220534686,0.23799227172562154,0.054387913296649916,0.07317827435595418,0.146024187188767
0.0867031068910425,0.03153524214667638,0.09963808975708303,0.12075375004275062,0.10093289761349801,0.018363177067917107,0.18783503777876734,0.2534260954331772,0.1008126032690877
0.061881652419051136,0.21089349970453997,0.12131124330861896,0.1188704445124007,0.10684218665851584,0.046845449419983566,0.07784532811956152,0.1370781088441613,0.1184320870131671
0.09221595113534935,0.15781187777243036,0.14111754314880545,0.13295735660677033,0.05481394446134965,0.1281592914733115,0.08226143604136647,0.10406205171804582,0.10660054764257106
0.05707476094184386,0.037010742123412536,0.11246392854053572,0.1054805032070324,0.011713573112697452,0.1516507476667697,0.2236465201403336,0.19746409046469462,0.10349513380268015
0.06467585492963578,0.042878978196128494,0.1121951687850905,0.10625840988063684,0.05887026246663716,0.052698729866316324,0.2502804270550535,0.20763393619700574,0.10450823262349573
0.11368784292413321,0.0527294244908574,0.11766647928056118,0.16033258616268647,0.0896215158100806,0.17857357496884677,0.07702924313924965,0.05134237058193079,0.1590169626416539
0.1604914598392801,0.0654478977963477,0.11015090833114898,0.10321108897099061,0.25165627204859115,0.05385679438277313,0.1056194127117314,0.05829195890843641,0.09127420701070053
0.0855052655459488,0.04009449141369414,0.10135893502004745,0.09309568605143526,0.20556717005898872,0.029327017510907136,0.206993309519494,0.12701012955948607,0.11104799531999844
0.09394064770008802,0.03597887913952389,0.09822410843686202,0.09337694109079626,0.2396271613956822,0.05068689226585594,0.2336826526978576,0.06652134061459729,0.08796137665873671
0.08669034580966306,0.05415284170922646,0.1209642628759139,0.11192233259570394,0.14581223375138813,0.0962270768335587,0.22900869682789438,0.06819207553077988,0.0870301340658715
0.1960884982420529,0.06592433974747146,0.1113840768246855,0.1024019529231216,0.24311787466915372,0.05208384498434334,0.09053861531544838,0.05474802460357131,0.08371277269015183
0.07685031741820517,0.055919326090550094,0.12179733913144232,0.12268142848846542,0.03239555396159425,0.12209828032870756,0.14479452844177823,0.20686547785060114,0.11659774828865582
0.15509930562410282,0.06830564038438527,0.11449808101133675,0.1047034531590319,0.14526160549085748,0.21721958472084024,0.09334707986974446,0.022418931359741743,0.07914631837995931
0.07689365315586004,0.14179737562132091,0.10472151979584295,0.15924434851199273,0.2733307946491241,0.03827666664221555,0.0353745227684863,0.0440891583176422,0.12627196053751535
0.10656157832331442,0.03928994597318722,0.11231758167742084,0.10710713717371863,0.11439010232968787,0.08692466566611538,0.18000460972055735,0.11391691225295612,0.13948746688304225
0.14686862446471996,0.07441289410581081,0.13473644837444584,0.12209797019807989,0.1285989701136129,0.05264738557229592,0.08697589469591294,0.14048049682627317,0.11318131564884855
0.06834331212959714,0.18481587091830978,0.12506895148834027,0.12663727089525967,0.05736122806207888,0.1610103081704771,0.041618645527382224,0.0976054692917525,0.13753894351680246
0.1488343829707904,0.10615455680478277,0.12308511249540748,0.11514867721789829,0.2190214410262149,0.042034722282689396,0.06731204266474383,0.08694440237106014,0.09146466216641282
0.04248809929466765,0.07832989514225591,0.1068093334882562,0.09079932299037576,0.06278499009492523,0.019390644782285,0.1811977424071833,0.29673336551921264,0.12146660628083834
0.03651798895982498,0.04260425620784375,0.09132886476409276,0.09795846002295389,0.028909434814357413,0.42833621693738627,0.13794804374261194,0.022311586466515293,0.11408514808441372
0.10615089233439524,0.05582024693591855,0.12926680013937522,0.11245918947881267,0.1336912582723263,0.06640684756363978,0.19304222424426154,0.09625899998267022,0.10690354104860039
0.24578899864380122,0.040945167942155275,0.1274068077267317,0.11402252838323425,0.14320011962439042,0.08121346473367055,0.09222604882691042,0.0726392877215867,0.08255757639751941
0.08165549791909142,0.05559080378956199,0.11303040391882431,0.1081865261878936,0.06643886123682462,0.023487112816867422,0.12668567836145303,0.3363513119312105,0.08857380383827301
0.250356117712679,0.03845973739709593,0.11632448395957724,0.11064076458613738,0.0734158403209807,0.1959453338474838,0.06585468131048185,0.053900653296469626,0.09510238756909455
0.1383783228928793,0.08154438868874685,0.12378186825733034,0.11382730822660403,0.1937087798786854,0.05683858518053711,0.10007493916875404,0.08298886582121374,0.10885694188524919
0.0835644465175122,0.050961869594884156,0.09504197036541633,0.08472449300919482,0.32815179014203055,0.020503007862802253,0.17718802729924296,0.06974119300889402,0.0901232022000228
0.14184701094620225,0.05397607867007951,0.12734677635866007,0.127874540604598,0.038103185149049146,0.20314287692073982,0.05570946702639699,0.1343421223007272,0.11765794202354707
0.18002242042805153,0.06975102529384375,0.12090199319461592,0.11454139380946408,0.11873107837404923,0.16568648010035722,0.0850054699889529,0.04535867537769461,0.10000146343297077
0.19137614914490908,0.046686191193852124,0.12180259724265614,0.11181529977879152,0.14395818177300804,0.05008921173934892,0.08890388623742275,0.1337770485497963,0.11159143434021505
0.04985457347251737,0.015112243185109321,0.07917682356142261,0.08026195106246416,0.012765209459509654,0.009615921545986722,0.1759061208428567,0.5108568153044922,0.06645034156564121
0.11222444289375398,0.031113275748663235,0.09950203434084799,0.09246001264500964,0.21198854066233497,0.04607071742556527,0.2077589212660755,0.09113036045970685,0.10775169455804262
0.17289291200109813,0.05113957721618407,0.12025809220457934,0.11139974376255561,0.15574586888638822,0.0651591308623957,0.1426361861226384,0.09015616365416586,0.09061232528999462
0.06894846081829865,0.05492491286846974,0.10469805859848119,0.1065847634986375,0.04858348697949555,0.022330382966697804,0.13425018645229556,0.3729058149300653,0.08677393288755875
0.06268052724964995,0.1320566024705837,0.11424144531213469,0.11310956509777836,0.04503612787663137,0.22686751256980667,0.1293458035971736,0.044930246066915945,0.13173216975932564
0.09646374943264013,0.0675962551198474,0.12311965750829623,0.11704059992356952,0.16618570985048234,0.04447758309305281,0.1646183457850088,0.13740085864990154,0.08309724063720128
0.10428147451697722,0.041845062310304465,0.11841401084570513,0.1067615329675236,0.08575327387613729,0.10478514807739218,0.2446934683965528,0.08259910943017777,0.11086691957922967
0.10831600006867585,0.11300506758839783,0.10093700614202877,0.12463713209748972,0.29845868659840913,0.04233949334329876,0.06936836220734849,0.03711515002425925,0.10582310193009226
0.024037182350929286,0.02623095006909182,0.07365504365006958,0.08019613127004765,0.014512436813436063,0.008525511734238518,0.2608487753763553,0.43009922929020766,0.08189473944562407
0.05921117443807081,0.03627880640104439,0.1048787185051524,0.09987880837173806,0.11582623087313128,0.1329000713311861,0.3125751525025786,0.047043454928341395,0.09140758264875691
0.051464192221839546,0.06525678388993165,0.10057519548556774,0.09820558616195744,0.01744174511606975,0.19941423395508315,0.06576108645594289,0.171765877370463,0.23011529934314487
0.11383090956823609,0.043703175210505145,0.12472128156410311,0.11285757770862014,0.06814622766757437,0.063280575023615,0.13266105808341438,0.21303255221061798,0.1277666429633139
0.1924402498070601,0.07391643448797337,0.12300575015811928,0.11593702245249109,0.07313793501533804,0.21638470999577195,0.06777352204275071,0.044090082335870306,0.09331429370462523
0.09601302819200373,0.18995115328181852,0.12829485011989403,0.11509616821460318,0.10027161038372716,0.07334118790672524,0.15227289834346763,0.052094150213346534,0.09266495334441398
0.10799078512809268,0.04077597395381003,0.12136105215779398,0.11727743434015865,0.06008774811490274,0.19578911454259648,0.17641738750136568,0.076988341964417,0.1033121622968629
0.1732139067708439,0.0637526002509946,0.13416837151850564,0.12670732684281602,0.07150186151876894,0.18039754777888242,0.07933347132033026,0.07742599424956444,0.09349891974929381
0.18782890987797063,0.07897600700570599,0.12214889742210126,0.11825748587410889,0.12037363321546489,0.13514483945795924,0.06198765521314362,0.06065060858841655,0.11463196334512893
0.0666486854489929,0.13201679924894438,0.11727779413507973,0.11857572313336334,0.05104864744090878,0.2583038570995991,0.06476357086392238,0.05445432563957883,0.1369105969896105
0.17869632370618507,0.05383193301830777,0.10027503502076844,0.10514348327789592,0.2865976713634018,0.022343448944145194,0.07469859856787153,0.07292325992242626,0.10549024617899798
0.09097177939667123,0.04353871477102789,0.11201112393466284,0.10586836302880431,0.06333141952787659,0.20654470528251975,0.25027790191790716,0.03834481157587088,0.08911118056465937
0.15154832766805157,0.05568563711558187,0.12859061016332618,0.11879945799715574,0.11765013301918037,0.07010044238503155,0.12411825757289253,0.1241246931065354,0.10938244097224477
0.02716683762461246,0.03751958416649737,0.08787715250679214,0.09303387824505271,0.019286581052226255,0.4018269537370765,0.20274452006868707,0.024816106563068863,0.10572838603598655
0.14181458916696035,0.0492200883152559,0.11668111530537872,0.11778421151114582,0.08775237474619275,0.19658364910162773,0.09959986466045934,0.06768173203617556,0.12288237515680382
0.12282348687041496,0.065216158885137,0.12822058632446626,0.11922264724832192,0.11114663627685291,0.0936913989678863,0.16493985140325354,0.09099030932739725,0.10374892469626984
0.14997039141366078,0.03312815996359802,0.12185196605678601,0.11430724827318987,0.05161760190295403,0.13120340735672686,0.15794522549386156,0.1273590510772535,0.11261694846196939
0.31490952136212225,0.03622496483527184,0.10176772472560196,0.10705514945959034,0.16766007111316317,0.09834576925300459,0.05390270133853255,0.03148782758375643,0.08864627032895693
0.2137323021565959,0.19278109486016137,0.1165361504983357,0.12003402364292504,0.14318022551123408,0.04329436146192189,0.05761789318013113,0.04206975516712843,0.07075419352156646
0.09683753601016647,0.04008222800703294,0.09729894489809114,0.09107606437955458,0.26644182530226396,0.029018019345258175,0.21201257405963317,0.08633486400233825,0.0808979439956614
0.03320072099371708,0.1644410958261351,0.11494067805108722,0.09852600398235568,0.062412942128849215,0.05848081035964032,0.3448687852564302,0.04421127731005284,0.07891768609173232
0.05016156570889022,0.4773000031847571,0.11041106337925977,0.09940737836121367,0.05391147067210078,0.024528435135639525,0.048072746653371114,0.06768186538348579,0.06852547152128198
0.24658984823054053,0.03379197801036692,0.11611396752585516,0.10577886964447662,0.13033497257721136,0.10337211390568042,0.10649109913325806,0.06351700225661878,0.09401014871599211
0.08764292682215198,0.028153095706310735,0.11392528150138422,0.10559246674566103,0.037687236715357585,0.22728300398063475,0.2469916737478933,0.05705396152353287,0.09567035325707356
0.07810986038358096,0.03947491135038595,0.08931930918333186,0.0872332823594727,0.15826970770892648,0.005521823841466242,0.13188028767791465,0.3426196738189225,0.06757114367599858
0.10222351185167328,0.10186176902936371,0.12917496594994562,0.12794608352683398,0.059714239533272734,0.14408579047092565,0.06301625696536917,0.12708081370846833,0.14489656896414757
0.03725047162241193,0.12624779955022122,0.11800369370260293,0.11273597770033712,0.02128720041347752,0.21935899500664738,0.17728565927570275,0.06884136662585537,0.11898883610274376
0.0816104357243684,0.10732132710797393,0.12104834425992107,0.12156755601656037,0.057446652654382736,0.13767230671796016,0.0422591045150375,0.14981160489036557,0.18126266811343017
0.266671347519622,0.04078005905953366,0.1122529215780808,0.1362699755240474,0.06593425665814995,0.05340486924023088,0.03757739437952406,0.17322276501681014,0.11388641102400106
0.12176501473496526,0.03161930583831447,0.11403708819228424,0.10449786568882007,0.11626379788396957,0.0762437923791988,0.23581825406080928,0.10081840390035218,0.09893647732128612
0.03292783721286222,0.06681715596390049,0.10484832539278681,0.11681805633362417,0.049146975668390935,0.29022732287686825,0.14376976463005733,0.06588867129515007,0.12955589062635972
0.04825310697505427,0.0509618193355336,0.1023166573027841,0.10039132331271976,0.03502142868966674,0.027063741346437103,0.18184709043438496,0.3612781088859678,0.09286672371745176
0.05100151554491227,0.024379847259468863,0.09679404022819471,0.10543168351278105,0.014158241707698402,0.275031051838247,0.14160360490601484,0.15984096455734617,0.13175905044533673
0.023461981787736102,0.024406219638253634,0.08609853903852686,0.09715158168726455,0.0176944718996512,0.36580736472535363,0.2418639051747521,0.036465749108551444,0.10705018693991047
0.08337541737887538,0.1042032103350286,0.13506416153046874,0.12322570211352528,0.06885068588279004,0.10096447777767825,0.09401101309943564,0.1332388969444669,0.15706643493773123
0.06504602665477215,0.10024394477534375,0.12771529456940883,0.12029080038095269,0.08780972481244453,0.10228828946392306,0.20158808317180324,0.08697217055969893,0.10804566561165284
0.1378993318365281,0.04823852103674075,0.11482687196878989,0.11124842483408821,0.03636213332367978,0.26420604822618077,0.11712568329940037,0.055872594974093935,0.11422039050049816
