0.09032027107148587,0.1157495141514693,0.06470548937965738,0.09752856529933997,0.0740487394119241,0.12294069167304673,0.348710221624394,0.05768002296869946,0.028316484419983256
0.10155492302905071,0.15411372961573416,0.23517419581079105,0.11024817788579451,0.10501059035552855,0.13184777175172194,0.043189871981713014,0.09721654394088335,0.021644195628782725
0.1311823820763486,0.06476804077537808,0.12014473610768216,0.12229919128544116,0.16465272791041943,0.12776648089488163,0.05325123418785658,0.12746022069268717,0.08847498606930511
0.13407617380310807,0.05605906434459945,0.10529716650806131,0.12337646160665577,0.16859737056192248,0.12123036712994499,0.039639267874774176,0.14236628433210494,0.10935784383882885
0.13218179276713418,0.05071448604635761,0.10992019310576602,0.12619501629100868,0.16219092230195112,0.0986802405604764,0.033865577883554175,0.12633341301220724,0.15991835803154453
0.09608372789379842,0.10884266618656457,0.05478441775607381,0.1002655743455323,0.0860345701594429,0.15059921556097983,0.2959783594860675,0.08163015985776377,0.02578130875377697
0.12505687605802832,0.05813450287801022,0.04950032028195605,0.1134683094812509,0.14078682764549444,0.14929823105771287,0.16063792910485686,0.1241223515958505,0.0789946518968398
0.13236940713943682,0.04132223865645426,0.049414507064937406,0.1261415079972813,0.14004739857161674,0.0983286230262607,0.08203376884151085,0.11057595391043,0.21976659479207195
0.13260633934643992,0.05139282686111606,0.0944455991291182,0.12757939123276157,0.15616690646693795,0.09951813516749991,0.05391869058794466,0.11334632083997757,0.1710257903682042
0.13309856742499226,0.056427733314814967,0.09030944632370481,0.11982450977184421,0.16714972658707652,0.13588618597296317,0.035643983073561425,0.17341951298356498,0.08824033454747764
0.12195004634228428,0.0735311728041169,0.08299785249776527,0.11587313314793075,0.13729967801075557,0.14301817434293965,0.16017636060768656,0.10008047458725335,0.0650731076592676
0.11067214237389707,0.07926389621408715,0.064219990749019,0.10730721195526538,0.11657055134368409,0.14871816396839785,0.234665578537522,0.09177413739931607,0.04680832745881136
0.1350072289372208,0.050365460503804936,0.09350813725949918,0.12309262109875978,0.1686690717222814,0.11718104312449523,0.028899309032603095,0.16130206693827334,0.12197506138306226
0.13054684717561324,0.06601233568528404,0.10655528123961412,0.12031009311075576,0.16219384584453164,0.141007743306552,0.057741311109529604,0.14072055541823175,0.07491198710988778
0.10655989013211753,0.0198597584070058,0.03716122873984509,0.11838640842974031,0.07086400046253832,0.056465840166878396,0.0058669796416155875,0.18199153591642223,0.4028443581038368
0.09500759369804969,0.052386421533435486,0.025079287333361112,0.090169871719903,0.09254163523803316,0.11844431234115989,0.39808736090814917,0.06388920487282555,0.06439431235508286
0.07173636193576573,0.3045282521255469,0.05337333841706785,0.08827282768091436,0.01967033403711756,0.08258952110694133,0.3265675508535741,0.0453659175622167,0.00789589628085547
0.11840751553365447,0.08931271313495708,0.09840176266885027,0.11507543563654932,0.132143281917951,0.15684182190498056,0.1343011093254141,0.11126011523398248,0.04425624464366074
0.13453782061804692,0.036601310583156625,0.05626459658249686,0.12534542606458318,0.14610094895447723,0.09657149361381183,0.02147375809137994,0.17602920832948343,0.2070754371625639
0.13130761415697847,0.05964300351033435,0.10246902351410601,0.12648285930410713,0.15509400536905182,0.10671950869948628,0.07750184069300113,0.10284599420297542,0.13793615054995936
0.09724649023783709,0.18395540756238657,0.23611763184758483,0.10898608043036533,0.08939170544690439,0.1283787896304143,0.04939701313609036,0.08873836861660701,0.017788513091810097
0.07736772256168553,0.08788125919499974,0.026478982355764315,0.08305673553015847,0.059895408233225256,0.11262622863013093,0.47682992230548416,0.04761918043587716,0.02824456075267452
0.13609118898701036,0.043312082832433076,0.07167789415146246,0.1265537392890257,0.1580591243741483,0.10367895881375451,0.034601947349122385,0.14702683044461354,0.17899823375842971
0.10657664227162539,0.05354310524066456,0.02931727043527307,0.09804242452927003,0.11079817757496713,0.13768186239140726,0.30652204017349866,0.09110422412381465,0.06641425325947921
0.08240369344621278,0.2093532909023604,0.07177800802836215,0.0970479181233146,0.04503989292901986,0.11512234216382788,0.310649816079023,0.054705977044681,0.013899061283198311
0.12647762523185693,0.05804505425290559,0.05933313518171753,0.11723922404096081,0.14182557007383081,0.13151831925566546,0.16571927161620445,0.10087756383949335,0.09896423650736519
0.0862834469849104,0.10141039253700153,0.044709377592031745,0.09196464402028585,0.0714764688357195,0.12560487030279976,0.3934630473109337,0.057754869937669366,0.027332882478648252
0.07257967427936378,0.4283802734481674,0.2431947880786235,0.0868507688929271,0.01717786752652033,0.061569147831717796,0.025090483865025184,0.060700645378147934,0.004456350699506889
0.09722773965505198,0.16787763255411903,0.1203662893667063,0.10857006226987949,0.0770963870866018,0.1336742355970119,0.20426894427562325,0.06936644114762901,0.0215522680473773
0.09803128469106757,0.09875045152783146,0.053792449485026816,0.10034473103785614,0.09166394612055785,0.1502829015461117,0.29474957279566244,0.08314813379715881,0.02923652899872724
0.12287684264514481,0.0790708189801676,0.09677941875303285,0.11702324580893626,0.14135778183227776,0.15064845147200814,0.12378438150376346,0.11231766441420034,0.05614139459046874
0.11521429801568035,0.058902937809198225,0.2194317719516529,0.10935467774751532,0.1688063416858284,0.09208649192076074,0.006980864248516175,0.14918079690887007,0.08004181971197781
0.0731940243710739,0.4440279682501113,0.223582677616875,0.08811772066463869,0.015169278929465702,0.06033096788427991,0.03249587028778896,0.05867095178386736,0.004410540211899266
0.10610707145671587,0.07304793141537423,0.051931628704394585,0.10265199633042271,0.10915893013527794,0.14161078076773206,0.2837872656709932,0.08286783590460285,0.048836559614486595
0.10819677148087457,0.03929585765987707,0.018755241382393806,0.09882620542977189,0.1066162305156994,0.11177281639550617,0.315506402291245,0.07710276202600357,0.12392771281862854
0.09688208143363637,0.0841779956529436,0.05054352672639844,0.09772764394582607,0.09213345196681506,0.13501839685606284,0.33615169422995006,0.06968204991621736,0.037683159272150234
0.10824582118005775,0.12541445892593817,0.10104336251612296,0.11240892209233543,0.10603221006506038,0.162182072317272,0.15477788823206307,0.10332888912191603,0.026566375549234217
0.1218028371435978,0.08197056877742295,0.0965556690971978,0.11628375227711558,0.13961555547724744,0.15572995207047088,0.11955462663575202,0.11786639964682814,0.050620638874367345
0.12017084495102302,0.058864075756760614,0.16891110788602273,0.1102865887131891,0.16907647914018234,0.11273016379330969,0.009247596004351903,0.1828531243264313,0.06786001942872935
0.1245153872402029,0.04774446239279362,0.033980921293941736,0.11224796572361558,0.13409115788109616,0.13269688224153167,0.19339639201637063,0.10943542987177039,0.1118914013386773
0.1319313937256932,0.061532634994732716,0.08474397551527087,0.12229226831930173,0.15651312701282302,0.1324319349465183,0.09667785815643971,0.11664310782965093,0.09723369949956949
0.06273193780981111,0.14828745934295792,0.01764802115328959,0.07607975579418504,0.02900379298357759,0.08812603674980922,0.5272563510305832,0.0362577833761058,0.01460886175968062
0.08978579319531138,0.08278669069816551,0.03782800490399543,0.0916029634049082,0.08103630377365943,0.13280863843062163,0.3858946058884479,0.06565629693715781,0.03260070276773273
0.1079010956460017,0.05383899634862729,0.03474073076873915,0.10079853578848381,0.11158358252326255,0.12569439412599448,0.30951436876637645,0.07745850853944991,0.07846978749306456
0.13112021401880847,0.059086478661322904,0.06882927544187827,0.12010622016932887,0.15287825051282442,0.13879437798715524,0.11405520553261435,0.12107629634447196,0.09405368133159553
0.0802058700788922,0.13017996544964336,0.03840595709421892,0.08968591026901933,0.056568479732089914,0.12670651048689915,0.4027489928533277,0.05724392795373154,0.018254386082177988
0.11831315724680498,0.04156127575423053,0.1476254233477605,0.11168828971045297,0.1639827880505003,0.08057584941537074,0.003324371052080675,0.2053156005915131,0.12761324483128617
0.09379714386579334,0.1377740541347812,0.07775218597376614,0.1025870690596629,0.07576582010011026,0.13624938357316424,0.2860902747275615,0.06684000999120396,0.023144058573956405
0.09174811586743338,0.09829328163393529,0.05492513589749346,0.09626931376738286,0.08004151864234534,0.12671816235991462,0.3594356725798152,0.060365292516238254,0.03220350673544154
0.13433367709123759,0.05053938872697333,0.05086715806426689,0.12098980058901875,0.1531103383113964,0.13457195373802977,0.10330701252924608,0.13397643388865085,0.11830423706118032
0.12114990799859875,0.03899501734030317,0.020933615987261584,0.1091269497157777,0.12183657256934517,0.11849827070611701,0.21961042820583743,0.10082264860551608,0.14902658887124323
0.13017107103879477,0.0301390036819367,0.020968345281168616,0.12242413027634008,0.11366863249011157,0.09499872186747692,0.07462047178869709,0.13242736709596714,0.280582256479507
0.0934705042809033,0.23944343664087242,0.1819877565911956,0.10881898106299481,0.06391092243622902,0.12685675945730937,0.09592819093301276,0.075698739460137,0.01388470913734576
0.06648442693700901,0.19317104978235078,0.025419566717816134,0.08065226672013577,0.027891364053720155,0.09669449127713815,0.45673275641117916,0.04243392457936999,0.010520153521280886
0.08104670969615006,0.4077524090892298,0.1438225639224878,0.09782635535671423,0.021601000257937365,0.08514108755258887,0.0964855298806067,0.059979031236076154,0.0063453130082090385
0.08113004230696033,0.0738713102362035,0.025385331327875488,0.08369917678690021,0.06882218147402717,0.11590969715981166,0.46492222576976155,0.05147018761916942,0.03478984731929064
0.07196495962900236,0.42352244591484234,0.05579265560585267,0.08841805886871908,0.010025793911167135,0.0646889592895234,0.23479609884678496,0.04593910913395316,0.004851918800154915
0.13165195183016595,0.06160503162454856,0.08182786945886644,0.12156332382801831,0.15600323740178032,0.1358059012419458,0.0989147179611023,0.11949012392585494,0.09313784272771741
0.11743860418550417,0.058938439787493156,0.04687136960259528,0.10868916025598241,0.12761731436444476,0.1393612572526051,0.2286481612986666,0.09657449728067634,0.07586119597203218
0.12917687046735113,0.034512520139784016,0.06822915542479774,0.1250457960585839,0.13811610657348586,0.08374427406826303,0.016718858608700593,0.16059434879333315,0.2438620698657006
0.09202658599647828,0.06304152583463672,0.029443722667869845,0.08964164589564035,0.08813994446529072,0.12675247764132846,0.39921159096674774,0.06568986035329395,0.0460526461787139
0.11740486215459123,0.04225541664253556,0.020983257505013436,0.10455905106727853,0.12040380937596944,0.13014384005429816,0.2448341082584251,0.107218838310648,0.11219681663124052
0.08605905322515268,0.014155339099049069,0.034764967428090446,0.11347583918512723,0.03831994807136475,0.03929519821625207,0.0018657534370973517,0.1856002073048885,0.4864636940329779
0.12795553805238383,0.05838641294005362,0.153185138578564,0.12216026247720074,0.167498259331702,0.10080459544090974,0.025254571392990168,0.12637619011100723,0.11837903167518866
0.10653610364978462,0.07126201072107291,0.04888697625271044,0.10231628551793963,0.11035235326025328,0.14447910567593553,0.280232446368384,0.08714271328959107,0.04879200526432854
0.11361201114666163,0.07832525853509796,0.24315183028062512,0.11101499647379696,0.1570061758869293,0.10390155567831122,0.01630353393846734,0.11810341346561797,0.05858122459449252
0.1329430498060086,0.05818238676132332,0.10231211075584641,0.12096379349740603,0.168196569606785,0.13171803335883545,0.03831252429437467,0.15682077384469365,0.0905507580747268
0.09422762550921938,0.23248510766032018,0.1898751100253124,0.10916221911834091,0.06742968687008577,0.12889007595675103,0.08492616835998162,0.07885242490210921,0.014151581597879416
0.11758016032726205,0.08730534674552282,0.20895109667770365,0.1155128224808652,0.1509293552866953,0.12064119390595056,0.03459308933223982,0.11135722850804837,0.05312970673571229
0.09712232368306893,0.0338032631071988,0.012162937119990338,0.09025324840708066,0.08930020470798994,0.09630455783924052,0.3820457972112487,0.06134301424663386,0.13766465367754824
0.09501019432633213,0.18751870036702514,0.2481199035182654,0.10643653801742527,0.08819831789721093,0.12803983946855282,0.034149333917742185,0.09685244085086776,0.015674731636578353
0.12139166334647124,0.08680819616427522,0.1179532248659223,0.1177639018518073,0.1400582235178768,0.14655972306899462,0.11102892841646202,0.10653746969067719,0.05189866907751325
0.11644814097743915,0.08552898627611609,0.2061713941280209,0.11317664104773201,0.1519631723185977,0.12673235644235964,0.02614020142250222,0.12736961154137028,0.04646949584586204
0.07366343419296467,0.33131039197131673,0.3006919839652331,0.08651666842156323,0.035488339416870206,0.07905772753684566,0.012870754806346793,0.07449883726671651,0.005901862422143127
0.0960099724712129,0.06947937631324871,0.0363403317216,0.09379155972506402,0.09380780754232543,0.1355913761018135,0.3587718015134018,0.07362267082583325,0.042585103785500365
0.10011343218064139,0.07731275203800919,0.05575694565166839,0.10038503952739429,0.09645063210554472,0.11965816217108798,0.33473937477952326,0.06266515678288305,0.05291850476324774
0.13471080274377248,0.04437230050988716,0.08523100710145938,0.12425954467646767,0.16388174831108712,0.10449305292300165,0.02245267422142493,0.1647888653817137,0.15581000413118587
0.07952969726222686,0.14833561289936367,0.04095117963913876,0.09056584305295168,0.05212530441954103,0.12489976439091226,0.39098551259488185,0.05642640457829653,0.016180681162687355
0.1287320158535035,0.06661655250840777,0.08229895809096391,0.11862400998671807,0.15292336614246893,0.14901728172540765,0.09988249146095791,0.13024477857324845,0.07166054565832382
0.11873445972268969,0.03035247267304289,0.031330102742136885,0.12099442892629515,0.10290534967311056,0.07687995993046849,0.0851195220926921,0.09424819732882124,0.33943550691074303
0.10603294797642732,0.07380229505041404,0.2708181783825665,0.10262956573594613,0.15622229463966966,0.0979287372269798,0.006523832270683746,0.13863715590575656,0.04740499281155616
0.08901884139699039,0.08251585372701382,0.03888081983153018,0.09125039203262451,0.07961429462065116,0.12721809524587077,0.39643230486027287,0.060907124192176525,0.034162274092869836
0.12426858411446279,0.05772739670524213,0.05183029723365235,0.11388330683971164,0.13878795108374156,0.1407576056201759,0.17832428054408556,0.10836266581684216,0.0860579120420859
0.13565498823703367,0.034107800435760616,0.022276158347193167,0.123051716983465,0.12769008323364167,0.11075181982557288,0.06326179262014152,0.16745838371771718,0.21574725659947422
0.10520707634319905,0.05079561066511523,0.027505729624161715,0.09690253983074881,0.10829370434522478,0.13025022948990578,0.3251461003061142,0.08288526654265531,0.07301374285287517
0.12276805214773072,0.06682479422063063,0.17576640982213196,0.11491998964671045,0.16673687379992405,0.1190566699647989,0.019349560283965214,0.1469219758686079,0.06765567424550027
0.08395270043513207,0.16035324850434254,0.32780567007225153,0.09186019781592318,0.09504078035104667,0.10483077231753328,0.006342623838749809,0.11682756532732341,0.012986441337697607
0.1356710973818146,0.04316175762094306,0.04641847014595216,0.12518888824967883,0.1478105434792769,0.11148693752152593,0.08522338163670558,0.12320938870208493,0.18182953526201806
0.10520707634319905,0.05079561066511523,0.027505729624161715,0.09690253983074881,0.10829370434522478,0.13025022948990578,0.3251461003061142,0.08288526654265531,0.07301374285287517
0.1321035414475367,0.05305667673744602,0.12071983862639052,0.12286234096762422,0.1698377079623318,0.1084916407082564,0.0254082831761523,0.14513562443272077,0.12238434594154125
0.10553334448314435,0.06492210017639279,0.04080355712909437,0.10004464347003578,0.10910855001868232,0.14245353487971715,0.2972100051108906,0.08734523181354349,0.05257903291849906
0.1237778981803473,0.03714414401038051,0.02456484846283398,0.11552587019387772,0.12093635789026591,0.1030608795586897,0.17839728167716018,0.0934095552820352,0.20318316474440953
0.11737847934879952,0.028784720578363083,0.06477841324904955,0.12273113771939942,0.10883595521345407,0.06794087891649522,0.014868334102905625,0.13835058100968856,0.3363314998618449
0.11054177095927636,0.03922948562061575,0.019759271330800344,0.10134416051145455,0.10902877905063586,0.11035938964759744,0.29772709910500844,0.07822996740517879,0.1337800763694325
0.07038309679790934,0.16564251110242495,0.025903044884957455,0.08306638704437667,0.03679407133486801,0.11132553280556341,0.44605610591906003,0.048558436538942346,0.012270813571897831
0.07954388861968825,0.08787059372833851,0.02805716948065297,0.08449780303705838,0.06384301363425247,0.11958143200743092,0.45672110124590537,0.0525432457084552,0.0273417525382179
0.1293642207265889,0.06759164358537371,0.10638561757628284,0.12337632034589564,0.15318625796136986,0.12145470746231363,0.09845977267178642,0.10123470573728889,0.0989467539331001
0.09070077720263799,0.12172660927884245,0.06837566086408076,0.09849996130980261,0.07355649637999363,0.12447283395564956,0.3370952657740873,0.05865057192463747,0.02692182331026809
0.13033649799942398,0.03217599689543615,0.03699193954590262,0.125624494774167,0.12277552120186448,0.08813700263983092,0.046561989994730546,0.13184215877329178,0.2855543981753525
0.13420598664565808,0.0565691184154338,0.07123123442048569,0.12148167114006288,0.1599349683167618,0.13958281926602387,0.07731212387913154,0.14224725022082,0.09743482769562228
0.10854704897890612,0.12431926426519958,0.21653982769868155,0.11304662776786017,0.12325372372858384,0.1346318713524229,0.04683267326791243,0.10323877980620637,0.029590183134226945
0.12502075830140377,0.07189362657657926,0.16799008452332517,0.11865730584198654,0.16272270453365273,0.12238073270899312,0.0340283305978157,0.12626740291940008,0.07103905399684367
0.12396808684776116,0.07153101488446802,0.17597487390096356,0.11775059514856791,0.1634077733836862,0.1197253097685788,0.0296123429647588,0.12762864160579418,0.0704013614954213
0.11597142916246468,0.03193147630757524,0.01313030133516998,0.10571723587362507,0.10583032066174158,0.10434821459313647,0.23664476177668606,0.0917445092090546,0.1946817510805463
0.08769434301794475,0.0744599097983576,0.029444485072862164,0.08813908228003677,0.07988380838369381,0.13279000994902282,0.40681125486774644,0.06727033268479245,0.03350677394554321
0.13379808585377825,0.04478070004711716,0.0912801465100291,0.12561776299121072,0.16130535396082318,0.09916629180367313,0.025530432142209947,0.14741011224569103,0.17111111444546745
0.06490127954260343,0.5000183973283101,0.24713783284715274,0.07801309145711476,0.0063328206177360674,0.0351489286851101,0.00983811763904597,0.05633919047896476,0.002270341403962117
0.1140203901399997,0.05602522019583659,0.040121665067280925,0.10545282623663217,0.12160783612394699,0.13525605257185033,0.2595398763163603,0.0906011697023646,0.07737496364572836
0.05835657817547412,0.16300589934833865,0.010611311926784195,0.07224393988445925,0.022319339677879357,0.08609998691787137,0.5406484451572878,0.035650613084486464,0.011063885827418738
0.07379246476045363,0.09303475547045525,0.019997715807843423,0.08028374482909696,0.05431147047810725,0.11892920578014275,0.48629844610092454,0.05120627621868107,0.022145920554295095
0.13314190425211594,0.05499499867815776,0.10473344652648432,0.12110377062162203,0.1700426419536936,0.12444921626429202,0.029689111096805384,0.1622272177316711,0.09961769287515786
0.12242808458091482,0.06863263535998991,0.1804042665319231,0.11521031575500836,0.16540040207554046,0.11902497834832389,0.02082519311844346,0.14140712445319004,0.06666699977666596
0.1084441154880131,0.05449924729116059,0.03695360593016158,0.10205898698802247,0.11148442822033237,0.12183406582746352,0.3074595281223662,0.07434031258034168,0.08292570955213846
0.09150850172737228,0.08453084508133919,0.0393138981496513,0.09303848774242797,0.08383919806643832,0.13770798866274334,0.3676720962182576,0.07060189562400686,0.03178708872776323
0.11386231243127237,0.06216062148694138,0.22812983483178287,0.10800515163028139,0.16672332328953865,0.09578373566022824,0.007246676933858369,0.14836977997997478,0.06971856375612188
0.11108291400810572,0.11563727725734267,0.11437083017363857,0.11391719868845118,0.11392305283664922,0.15520829259048569,0.1463006024102624,0.0977256941074564,0.03183413792760812
0.10406674018443578,0.08468693196976919,0.055927960109138614,0.10283668534997814,0.10455802389322628,0.15015399576039784,0.27176417913965617,0.08802241268242446,0.037983070910973395
0.0933176988127445,0.22140191788088928,0.22429113047083593,0.10781827014793742,0.07199899950986395,0.12179971425509913,0.06683402959809255,0.07747171584792746,0.015066523476609708
0.09678963304409066,0.1565089008689506,0.2815802914285219,0.10639497462066684,0.10218208046455109,0.11499440983802144,0.03248961171294718,0.0872194072281685,0.021840690794081814
0.13258704052583695,0.05554106788988663,0.10341339934809106,0.12012800333160296,0.16970032409206784,0.12753898853718587,0.028576792896136224,0.16894254042532275,0.09357184295386972
0.13422357584685893,0.05192709917183328,0.10459181710381293,0.1248130330052996,0.16751567690234417,0.109968527944647,0.03356644901003051,0.13969137808813126,0.13370244292704236
0.12085612221240812,0.08328538955818655,0.1914995802442171,0.11802903937950271,0.15347289102167772,0.11985507903766941,0.042337765116851944,0.10855120711610373,0.062112926313382666
0.07967837852356047,0.4357576053260484,0.11673961366733454,0.09628555114096356,0.016623878244957587,0.07888263914072745,0.11329932010115285,0.05717192610599561,0.0055610877492595035
0.10269087527432587,0.10542109111681038,0.07685005468728916,0.10582000304734941,0.09798063441373299,0.14505907549786465,0.255087543531551,0.07854233758050885,0.03254838485056765
0.12035541122725942,0.04986555587377033,0.15388862639572223,0.11012413204430442,0.17019093571179222,0.09924557884667022,0.005480971734348261,0.20338863724120473,0.08746015092492825
0.08571119543091098,0.0834396167334877,0.03466966620659714,0.0887193153335983,0.07446884074264777,0.12486108275021472,0.4181562206241149,0.058183555157915144,0.0317905070205134
0.07796710248750817,0.3413675990204859,0.26313795825306324,0.09285402894331418,0.034792681494406945,0.0857789174548534,0.028102898885892416,0.06911735434419171,0.00688145911628403
0.09714408325348757,0.184766162959022,0.22761255487930865,0.10999246794576646,0.0840004776424697,0.11633405219664844,0.08692163836908544,0.07151073412746195,0.02171782862674983
0.0965223353974104,0.05885146105409254,0.03381556381160785,0.09432160658483289,0.09232256981325541,0.11013101065890767,0.38669759000181897,0.05819877720375168,0.06913908547432264
0.09028738632010298,0.10968374252876201,0.046558504451395054,0.09570401399965191,0.07671590206968744,0.1424233153714646,0.3425657696685513,0.07219749220860149,0.02386387338178322
0.1092694833954928,0.04762021494326097,0.027555445585158767,0.10031308481878987,0.11259810658143987,0.12389100325870483,0.3057589954669378,0.08140719048305682,0.09158647546715824
0.06728145765273104,0.406941978640208,0.29461060292995184,0.07774727805185078,0.01862887745862855,0.0546868643156083,0.006319602289350603,0.07037256112802884,0.003410777533642177
0.0831563047182258,0.37651354583557745,0.11580273394987435,0.10010864079205663,0.02567063238225629,0.09702739139894727,0.1332631879430993,0.061205066073778264,0.007252496906184687
0.11296960926916731,0.06670258053617985,0.22797593870893404,0.10684506796899824,0.16328715563729607,0.10442403680165853,0.008126865319950473,0.1526036363682623,0.057065109389553136
0.13380756715416295,0.053870979720158974,0.07107324973933898,0.12470174133157545,0.15474315823436557,0.1183975550589416,0.09687552708322435,0.11134994639303562,0.13518027528519647
0.12509707817567542,0.07720433344566771,0.16273385817360395,0.12199180813921218,0.1547124420020187,0.11419996883447837,0.059577293849276826,0.10123108393690727,0.08325213344315952
0.09827367793238938,0.05730413953535716,0.03115122481736465,0.09365202431561802,0.09727316509866979,0.12478744780480915,0.36898287702309757,0.06866630659374967,0.0599091368789447
0.10993561733486457,0.12218321630099942,0.1100711665410334,0.11352839705376444,0.11042840636511196,0.1604593315721247,0.14160872733187715,0.10348008504455446,0.028305052455669912
0.07766413948381608,0.37985084360184035,0.0677367657804165,0.09421305070427889,0.018055511786649766,0.086963947688995,0.2163915626460421,0.05276253604308847,0.006361642264872731
0.11215828284744177,0.08215875664322526,0.06866130431191074,0.10882208005804372,0.11918114894486816,0.1530313342655452,0.21360710102333944,0.09756412623631665,0.044815865669309035
0.06873613305717721,0.5097242240942246,0.1449814785334175,0.08800853157689446,0.005274211384025643,0.037468466067223705,0.09586147042239722,0.04629699729973379,0.0036484875649058055
0.08049352649359005,0.40666232844487576,0.1602031961738374,0.0972076063105476,0.021978064763825144,0.08309728730724464,0.0838561305607984,0.06018037073734415,0.0063214892079369
0.1124289147183014,0.05725560983982505,0.03909341094459096,0.10397302486199661,0.11972527650360741,0.13918321469631809,0.2648371416173293,0.09322103691045791,0.07028236990757326
0.11382308303688261,0.07020519566462817,0.046203422949695656,0.10620082837305518,0.12276916325784469,0.1628771424720754,0.2054505142763252,0.12406323897597654,0.048407410993516496
0.13085086293836187,0.052019543186428575,0.12109347480523246,0.12549508649690727,0.16308052069497858,0.09703263899296884,0.03051336654070612,0.125506949204895,0.15440755713952134
0.1225987192710874,0.08238699394510227,0.13787664840464775,0.11633349090685823,0.15183634530580278,0.15018790625586226,0.047359489948270994,0.14424577609518638,0.04717462986718194
0.12338223705628243,0.060175180941172614,0.17826397268199057,0.11583746511861233,0.17015193590379948,0.10551095792812208,0.014890851521275887,0.14502481962089372,0.08676257922785087
0.10080974915864643,0.04424941164674328,0.020413592405920257,0.09266668054517137,0.10012782707493972,0.11809643755418525,0.36545266051148967,0.07226823854782256,0.08591540255508141
0.10861552813365283,0.052644803112988164,0.033338020671995414,0.1009070160733005,0.1124911641224368,0.12692410698082768,0.3052781371501874,0.07979100130268045,0.0800102224519307
0.11766966039688727,0.04762477543731703,0.1639283622226705,0.10859188948420014,0.1694234194012608,0.09086764043548166,0.003868472599502996,0.2052766512735323,0.09274912874914727
0.07015729515805107,0.198635610859346,0.03468382662488863,0.08455711440512105,0.031224877624492053,0.09986001344578034,0.4249529898540741,0.04458762145319461,0.011340650575052152
0.12309891824654673,0.03768587275083126,0.10860512482021989,0.11651430151754305,0.15541010699429772,0.0821588706438083,0.004666125417221515,0.21201000980304094,0.15985066980649051
0.13287001946915766,0.053158248859984096,0.11117742073852545,0.1217845816374666,0.17089714992633018,0.11604632121184655,0.025715123275437537,0.15739775120892838,0.11095338367232359
0.1245663144771856,0.04876371306733509,0.04245203615588251,0.11656342359642508,0.13255538021854193,0.11397970264888806,0.19042221879430812,0.08978125839456301,0.14091595264687054
0.13034415372339164,0.040803203503959634,0.09141217226983595,0.1255337835183523,0.15215349701760641,0.0882468471401389,0.020394656582900638,0.14476568523498837,0.2063460010088262
0.10118654422789299,0.07672939646809716,0.05314235317179917,0.10025602203971672,0.09934845808782587,0.1307883714029601,0.3215860010798683,0.06952969949956873,0.047433154022271044
0.12974724144266284,0.05781016666328944,0.14147375955581262,0.12250621434573304,0.16883184367770618,0.10602176571622735,0.027759779523637482,0.13084572508588066,0.11500350398905039
0.13014511730017483,0.05094338080791927,0.04823109360402613,0.11892920935979251,0.14474667181129056,0.1281745369316766,0.14692593470606846,0.10996571868958634,0.12193833678946524
0.09641379179564026,0.032498570987398875,0.009489893632995594,0.08674496285038076,0.08906200616345689,0.10519827178260227,0.3905071267148008,0.06990084557683468,0.12018453049588983
0.13276105914681371,0.06004253453168482,0.10030829262035042,0.12549945152196515,0.15894910232577572,0.1159119889882258,0.07487865894477792,0.11042875572360505,0.12122015619680133
0.08879415728101085,0.0929864277753465,0.03825263744241431,0.09212997088357451,0.07785296430429288,0.13855873923067266,0.3743969091662554,0.06983771034486756,0.027190483571565217
0.132057562692279,0.04034671772957723,0.08543724508819756,0.12472190187359321,0.15556205289591643,0.0926782769551331,0.017869516384778166,0.1610209446392001,0.1903057817413252
0.0881187806567244,0.28138625872522066,0.19351954966715987,0.10488500267115547,0.04923823605401001,0.11031101917690832,0.09390372461916602,0.06709050404498913,0.011546924384666141
0.08374723032758861,0.1501894045489094,0.04951079436443321,0.09452347189651517,0.05762859881049703,0.13113265817974482,0.35512571405054866,0.06103495120065935,0.017107176621103753
0.08502712511238986,0.09405394669628508,0.034973979976460644,0.08940763708698762,0.07172050559249347,0.13215662883634968,0.40347201091880464,0.06319873803328914,0.025989427746939867
0.08240116138193539,0.3943289998017969,0.18078992758226445,0.09699492487478693,0.02795134792491566,0.09488746797809317,0.04135785959649851,0.0753821628037386,0.005906148055970367
0.11302650338197485,0.04843745566815183,0.20040162180397947,0.10674910531465442,0.16937471097291867,0.08103200417708331,0.0030437797559912457,0.18230903776171328,0.09562578116353289
0.13366469591393462,0.03279771464253476,0.03657077485560131,0.12588634262603024,0.12927231681213727,0.09390922462158872,0.035974730770739156,0.1565751993216657,0.2553490004357682
0.10787185989522428,0.04955648710818736,0.02887846961806925,0.09943545162854829,0.11086144674774467,0.12602901754707488,0.3131391178025955,0.0806039948013663,0.0836241548511895
0.07888737353402249,0.28764639453616314,0.29290154070944485,0.0927984198435003,0.0484373545329638,0.09408317317172293,0.018907543105490348,0.07833592141606621,0.008002279150625869
0.12916005102335423,0.06736053913873942,0.14107467955725794,0.12189014851241803,0.16419767053272966,0.12163653541556474,0.04581794230854921,0.12197995100662458,0.0868824825047622
0.1356472424917038,0.04957879665073553,0.057422899966659426,0.12396924945439336,0.15495406929563707,0.12344997800074235,0.09139865522965888,0.12493743374905249,0.1386416751614171
0.09270583265193788,0.09405820350402366,0.051575303827306435,0.09615372098903541,0.08303860432691489,0.13133047598576467,0.3547251358770464,0.06403348580713002,0.03237923703084068
0.12938331470871905,0.06852919537831816,0.1255394756430689,0.12073505390683985,0.16260324847851435,0.1342062508189679,0.052558623977197155,0.13113495598371472,0.07530988110465985
0.11215828284744177,0.08215875664322526,0.06866130431191074,0.10882208005804372,0.11918114894486816,0.1530313342655452,0.21360710102333944,0.09756412623631665,0.044815865669309035
0.11176657732346225,0.04507340843618731,0.023967448450336052,0.10098487074646163,0.11505507534472159,0.1281180028921913,0.2870444524515015,0.09165533126274711,0.09633483309239121
0.0836696700024963,0.28985039443156896,0.25257300011122696,0.09986142992080775,0.04787658842477386,0.09881699776228088,0.049032887276843594,0.06820406487941902,0.010114967190582795
0.10112728286294835,0.10113976394825287,0.06645212372505012,0.10363804621321655,0.09621555626828708,0.14723352322153802,0.27220511298439165,0.08021450647020503,0.031774084306110395
0.10014517885548689,0.06135744831517443,0.03641500563875812,0.09602202743066975,0.10004887527129482,0.1275790882655254,0.35057249850918915,0.07051527689168814,0.0573446008222133
0.12863690247798487,0.05110765707733398,0.05577945100689652,0.12212501915142383,0.1404684210605365,0.10917482706864366,0.14444519609264952,0.0936858095744741,0.15457671649005691
0.09735193806280908,0.14551874374415452,0.10273763412882458,0.10671188312788175,0.08057489551335249,0.13352485218936075,0.24124171492795754,0.06759498473490426,0.02474335357075502
0.08313179281934419,0.1582418833829091,0.04624113611210875,0.09435671864715058,0.05541444092165859,0.13309096443984522,0.35072722205412227,0.06312731335861606,0.015668528264245186
0.13412189318617396,0.05223438530735327,0.07186323949044122,0.11940821484997322,0.16437769882800404,0.136155148286805,0.03262307541665226,0.19390426081407608,0.09531208382052099
0.09783766106766113,0.16106812201138287,0.2593938182054548,0.10734969557100067,0.1008780199656406,0.12490100745760678,0.03339542099844157,0.09551123297608599,0.019665021746725627
0.11590313429400866,0.10048252488600323,0.19323467814268114,0.11590551703566548,0.1398612612686705,0.13382164942374283,0.0507793308487006,0.10810833895021903,0.04190356515030865
0.08786811460303286,0.04555594798702887,0.016323718242872213,0.0834563082469284,0.08172416890913381,0.106920553129429,0.4528338549634394,0.05439832265962319,0.07091901125851223
0.09341843463371306,0.014038370706902796,0.008723535811864703,0.11212787190116957,0.03445012822073003,0.05083279751321713,0.030441752915637537,0.10637022287951514,0.54959688541725
0.11597142916246468,0.03193147630757524,0.01313030133516998,0.10571723587362507,0.10583032066174158,0.10434821459313647,0.23664476177668606,0.0917445092090546,0.1946817510805463
0.08575045603622561,0.07340380635831101,0.028423961925755983,0.08672990857622027,0.07669224210004441,0.12690089241564437,0.42640761279531386,0.06125351455065981,0.0344376052418248
0.07685082368744657,0.1138988293216735,0.03226508048297593,0.08550870606763877,0.0546005005687916,0.11710673179011329,0.4488325076794792,0.05020049369093583,0.020736326710945312
0.12333635029442948,0.05935919581061624,0.061708817454613714,0.11709829151363149,0.1346860174400446,0.11925042458205688,0.18940458301158325,0.08651084786584463,0.10864547202717978
0.11424821872296122,0.029131139487073094,0.09464778754930168,0.1164933938459684,0.12457800725499979,0.06436876361399084,0.0026711234142819487,0.21747775729236982,0.23638380881905321
0.09499716128988357,0.07112590979269874,0.31037556608899364,0.09216327951811898,0.15190011046018836,0.08402018276922528,0.001983845727691231,0.1556646102672187,0.037769334085981515
0.08063255911118983,0.3508648098394494,0.23173892050138703,0.0955287736165198,0.03473790800586274,0.09322118907326928,0.03347379783814158,0.07298721541705193,0.006814826597128299
0.13421500351689788,0.042385342453087005,0.07963986562992502,0.1262920410435673,0.15681906930595343,0.09752413278090111,0.027483461213428897,0.14733449055225903,0.18830659350398035
0.12696784621834714,0.05468363122828396,0.05590859172099394,0.11876183373688176,0.14007158612823045,0.1207927238651602,0.16736361751207976,0.09460223121277032,0.12084793837725238
0.11445368129885841,0.11197098333357695,0.14337214745635382,0.11624813614041746,0.1247105713604612,0.1510531290500655,0.09952077427756352,0.1038609999915794,0.03480957709112372
0.115086202865555,0.10902612880745359,0.16144994720448838,0.11570327700703509,0.13185446151108723,0.15112484963832082,0.06348027236602331,0.11860510814441165,0.03366975245562504
0.11316384092118369,0.07346446074785519,0.23982004468302173,0.10909907499110649,0.15962472466013558,0.1047009088881804,0.012043978945198703,0.13117619571891836,0.05690677044439996
0.06833781278540056,0.2538917267160054,0.03404995375620067,0.08376566138853038,0.02209714756299971,0.08956259003514898,0.3963785489701171,0.04348372963695657,0.008432829148640597
0.1107709317832185,0.10264592855611243,0.12484646965860124,0.11445060784113133,0.11154964066870376,0.11642046492948437,0.1937227712208102,0.07063011208481765,0.0549630732571205
0.10426515569464871,0.07368822713250718,0.04936120973563648,0.10117378373002013,0.10641180761293074,0.14224576599127242,0.2941874583696278,0.08250925389467222,0.04615733783868439
0.0803311420705748,0.098300656052973,0.03203526231059114,0.08647153099040487,0.06310432935845396,0.12302262755268145,0.43763634333540535,0.05474120440071076,0.024356903928204648
0.12860664837125504,0.06672028086798792,0.1259258533461978,0.11868568992913198,0.16452612135724268,0.13731138678892799,0.03801883719292467,0.15071100275812022,0.06949417938821174
0.13466045830311893,0.03955452980570898,0.04244658131265871,0.12579376203303463,0.14108216029337287,0.10340154717314583,0.0762307422220702,0.12262319884020194,0.21420702001668798
0.09633194787978583,0.17031004836487326,0.12886504627503706,0.10815135977236963,0.07518683419117295,0.12670339073213036,0.20647907320080094,0.06565009309739969,0.022322206486430306
0.08174143715130583,0.08288566273938182,0.028781491173590443,0.08542705574027391,0.06832291607829159,0.12210850544987463,0.44597246362420595,0.0551537110029226,0.02960675704015327
0.12611099563570097,0.047777337305838004,0.04509135570243348,0.1195184781038578,0.13387034534491785,0.10732130708956678,0.16814932218134462,0.08991486845190844,0.162245990184432
0.12853239829402568,0.06606090255078755,0.13291855361161764,0.1256798402210842,0.155759411177309,0.10334028736980128,0.06407537050412514,0.10040293451631188,0.12323030175493761
0.07619234197288415,0.4113582658848574,0.2229908194231148,0.09134981327973758,0.021109060569065294,0.07241574076476608,0.03702016701116339,0.062227992754498675,0.005335798339912612
0.07270256050250205,0.22403475733079392,0.3578973237081144,0.08290480837173086,0.0647449309501469,0.08613992397731611,0.004119292734685508,0.09969152390362569,0.007764878521084681
0.12739702760393976,0.058403562350385685,0.06050927611696625,0.11754656028830927,0.1445250487572175,0.1346926980495001,0.1550364491711713,0.1061123780990149,0.09577699956349532
0.11637710389749323,0.09002574567275501,0.21569965904862906,0.11507209223117458,0.1484754920723392,0.11985811286133134,0.03460987371926686,0.10881080942435051,0.05107111107266027
0.13455534213524498,0.048189267988797115,0.037582272679452106,0.11858089176898057,0.1497229026161372,0.14459055474546648,0.07544318360291827,0.18259740933059998,0.10873817513240332
0.10826826204380985,0.053679346347730195,0.034809114568855694,0.10108895238407924,0.11186781602504932,0.12573012738481695,0.30745566838675603,0.0777516437936377,0.07934906906526497
0.10790483521739203,0.04200677339407711,0.020617128375612675,0.098084588379507,0.10839607319942461,0.11871903709227673,0.31810000177658054,0.08066353172877361,0.10550803083635568
0.1293484373833438,0.068931082891379,0.11652187946093247,0.12364226125491812,0.1546772542983246,0.12081795719393092,0.08662478916357107,0.10295716362592754,0.09647917472767249
0.1232609728833751,0.08187515376387519,0.15894396443634787,0.11846695323863245,0.15376601178346513,0.13526534071650198,0.05174554274029867,0.11992462272051725,0.05675143771698634
0.12316720907850458,0.05125356070466328,0.038313164068339504,0.1114626020825192,0.1343040335103541,0.13736615458016732,0.19765392939732843,0.109096650692864,0.09738269588525961
0.07449187122276173,0.38099226328332003,0.2621604830290791,0.08766543582412567,0.026309139073475016,0.074996659252568,0.017968334983536022,0.07030750533132943,0.005108307999804956
0.10965193473693956,0.10761286248218867,0.21870949565554335,0.11063582765283393,0.13478177352498147,0.13507043242580932,0.0275440546865444,0.1251643474666511,0.030829271368508215
