0.13039218512961195,0.12186336663311988,0.06318277664930849,0.13438274712281761,0.13632954132776312,0.14486709624929786,0.11155080679794899,0.06769286858153668,0.08973861150859552
0.11569041189624119,0.08590437964316851,0.09965481356864346,0.12449412590736837,0.11533046405874521,0.09647438110785644,0.15495187750815073,0.11498343287346668,0.09251611343635928
0.11543680749759082,0.09023848302061543,0.1165967744745368,0.10328147069685996,0.11740803717829716,0.09317583510435166,0.14018740710695454,0.12126836851720446,0.10240681640358923
0.11293856131455415,0.14304633549548965,0.11783717902977957,0.07052784361170701,0.09562042310682857,0.13857065864746365,0.0800814725478103,0.09446445426491946,0.14691307198144762
0.123285634490453,0.110163079718311,0.04927354410608053,0.2020291049144718,0.13749079305334816,0.1427957876779359,0.11294820598871914,0.0650405654578417,0.0569732845928387
0.12702763866061623,0.09394420425120402,0.06027937522191918,0.17476159635859576,0.13279951017607872,0.12484097910718672,0.13814751649939339,0.0731788002375271,0.07502037948747892
0.12766546199324746,0.08791158372468615,0.08594653400314824,0.1120847031548249,0.1120952037300803,0.12549511271443028,0.15078361777340765,0.0766967476225879,0.12132103528358706
0.1311708306841964,0.11072936316872474,0.07377211738519152,0.1306425395493275,0.1383304496285306,0.12666049358138673,0.11786619156428439,0.07731160307712807,0.09351641136122997
0.12219557765965061,0.18200162415006851,0.0693317929365697,0.1188044323774845,0.15151157642029345,0.1405330563567555,0.06366398096977399,0.07451533052642707,0.0774426286029767
0.10717157149278837,0.12351314656350698,0.1460933289259219,0.062305161599310925,0.09167495417287029,0.11684707309219933,0.09260721088820006,0.10223416915220244,0.1575533841129997
0.12846154256438302,0.10620307659231669,0.0750723235725121,0.1473519723839057,0.1428370935917281,0.11622379987315246,0.11453453535228757,0.08875402687493077,0.08056162919478366
0.1092343782143287,0.11719317320401135,0.12016162816193854,0.09213220096228042,0.09768123959974491,0.11286632341585077,0.1107028907531935,0.1309223004694598,0.10910586521919212
0.10705299236571568,0.07660195291120664,0.06259550089793066,0.22186815007851876,0.11551867869643677,0.09186685162225168,0.1592191008705617,0.11769146272780164,0.04758530982957641
0.09212545842635617,0.15696118665588646,0.1733001483900751,0.03141120463244581,0.08371853843943815,0.094571179253318,0.05884479801361107,0.06858911843786576,0.24047836775100348
0.10639146398675935,0.10144222538119062,0.07511005008776712,0.1852566955168106,0.09961258727284994,0.10839901020038843,0.11780767321370118,0.15482038936829914,0.05115990497223366
0.08839796673628349,0.21598474063010453,0.1259547986118329,0.0317919397749355,0.0894329439718586,0.1093912572841198,0.047923148077897736,0.06322680085207641,0.22789640406089107
0.11232396256119885,0.0896231787874875,0.11799969902322012,0.10155990598643742,0.10516301840543102,0.09927304793887796,0.14621957863679927,0.12074111131126997,0.10709649734927795
0.11211059392625515,0.08437828801349563,0.09462921542035851,0.13698555582422434,0.11016909087130466,0.096511278335475,0.15817301667105618,0.1240784188581735,0.08296454207965699
0.12251049805868501,0.17588840783932724,0.06570061452459267,0.09723026999189847,0.13418720858328997,0.15661997348411147,0.08031507511738586,0.06418440992314596,0.10336354247756337
0.11594670435530612,0.11379943391630466,0.14674655986449672,0.07014051684021977,0.12798189901572024,0.09001063301105568,0.08673375266600436,0.12945068126339443,0.11918981906749802
0.11006297815177069,0.159668362055474,0.06409980736680372,0.19238669497016217,0.10010413574980404,0.1375804307173902,0.059211703713334306,0.1350861555880113,0.0417997316872496
0.09100062454766823,0.17827374389261022,0.15094168282942913,0.04825306430343602,0.08200894382727142,0.11020897814812759,0.060008442956159404,0.12449080809276526,0.15481371140253272
0.12014403524313216,0.09689293595368674,0.12392274459613338,0.08872683647356454,0.1232357075956756,0.09567200360638366,0.12458215925800174,0.11025417004541821,0.11656940722800398
0.11107245293954644,0.16876029235515366,0.0733224074270191,0.14223131131170214,0.10994965353821655,0.16721136360085032,0.03145529718113193,0.133585430525349,0.06241179112103095
0.1271773723821657,0.1190259149106692,0.08295084375086777,0.13704789070057535,0.1502869822251636,0.11325524943644977,0.09064231478135604,0.10230980221692271,0.0773036295958299
0.127661024538718,0.14903954642624873,0.0971247023816999,0.08487713274261112,0.1418589563520635,0.1208867241521519,0.07897207041413862,0.08503915230496673,0.11454069068740147
0.12503033841624792,0.09344262943465463,0.08163852150117108,0.13171415727166233,0.10595722155113145,0.13428047265551957,0.13458331677589572,0.08925977744522577,0.10409356494849158
0.12880500100031736,0.10901699008614651,0.09525701176525027,0.10926051268321331,0.1383281378380841,0.11013360168479937,0.11187088704935744,0.0945972851305132,0.10273057276231834
0.10494297817812308,0.07904170631190578,0.06927612691215555,0.20374679672965357,0.10471312107230134,0.09473078903931398,0.15686578999839254,0.1365968149734845,0.05008587678466975
0.09686613478084978,0.10408885551801823,0.1626731573221265,0.07137944964202467,0.09883638993387933,0.08303953532754865,0.10414564712956004,0.17600689760153299,0.10296393274445974
0.066021970113338,0.1344038557529534,0.24454716101176213,0.022770186630787944,0.05713755083150524,0.06744737909035865,0.0458067138275391,0.07650853068815522,0.28535665205360033
0.10489001157552424,0.12017121660454122,0.10817494174792357,0.11349958337297776,0.09772492259782521,0.10709714192399693,0.10740613059930004,0.15992523645091353,0.08111081512699754
0.11966090952202073,0.08744284804302953,0.10688743932657944,0.10275879665868677,0.10784434240014369,0.10858766540304177,0.1521375030336027,0.09574900266809126,0.1189314929448041
0.12110578065316761,0.08120352182680211,0.0748444727885466,0.15452859000149596,0.11507553005603326,0.10926271226151545,0.16874638209550083,0.08751901896707359,0.08771399134986473
0.12634603511889933,0.1542990767572835,0.065593280748987,0.13084819209704177,0.14691385768798443,0.14250174476504893,0.08214618817969395,0.0721236818648361,0.07922794278022503
0.11250853412430988,0.086982023363036,0.10891580144721898,0.11445438631174644,0.10922746672998622,0.09615865133955721,0.15190452989928535,0.12377558831628366,0.09607301846857637
0.12537644609465862,0.08381968289734021,0.07524290015250755,0.14095213196593653,0.11589424531536512,0.11773658514026258,0.16287088803727603,0.07927273515948463,0.0988343852371688
0.1306578389882372,0.1319791728413144,0.08161293146898925,0.11003223425856767,0.14315390427089394,0.12727984501240644,0.09521571723464849,0.080369338453048,0.09969901747189464
0.09336711329493241,0.11935751722211739,0.17793664075331503,0.055505137486303445,0.08733348878288609,0.08855036296048797,0.09424659946669561,0.14938361256856558,0.13431952746469641
0.12179573913655391,0.08429006494928294,0.08596453426759525,0.1306019656264094,0.10914164481377649,0.11478724160270427,0.160377660538788,0.0903636322131638,0.10267751685172595
0.11176938480485306,0.15404021876047538,0.1002755466659097,0.050006582520181746,0.09862751345668376,0.1485900347957457,0.07689850176797709,0.06138255682190346,0.19840966040626995
0.12615547990700585,0.08802453494249113,0.08498969723336347,0.1246942277399951,0.12117763852152623,0.11220216633888959,0.15402045132889863,0.0838212237367713,0.10491458025105875
0.11490222413494966,0.07900078256170405,0.07295908795151372,0.17331304531914093,0.11060219515667875,0.10279160723152747,0.17128993410050644,0.10149826235352787,0.07364286119045105
0.11409901715543584,0.1158164936746812,0.10525974704041796,0.10548842740650753,0.10041347637251889,0.12192742938330696,0.1120888187307606,0.12130245951089337,0.10360413072547768
0.12284481608263209,0.08927353324250163,0.09984567707971422,0.11186279235433766,0.12118385013103065,0.10288115513574296,0.1481148943930181,0.09657262385750065,0.10742065772352198
0.10389905752272592,0.07727542664529484,0.0666527829603475,0.21315017397581645,0.10672775907422449,0.09192642086567517,0.1582479467652468,0.13550509604275418,0.046615336147914604
0.12126325704179293,0.18851987940324025,0.06972793585928903,0.10015114959069397,0.14273219094726727,0.14639074725859458,0.06854981883126104,0.06881108534976434,0.09385393571809653
0.11199749544276322,0.08751911262416899,0.0907683007649921,0.15060316930540846,0.12251396292009491,0.09113082471358647,0.1384874150988563,0.13763074329286587,0.06934897583726367
0.11302880701153657,0.21662260809825395,0.061148023136214556,0.09403147966275666,0.13726847323031924,0.16060467974037237,0.060758062944087844,0.06163007154215111,0.09490779463430767
0.1264791055341646,0.1022467942920019,0.09567174359697533,0.09416739684801091,0.10360709148124925,0.14600772942775594,0.11306340987658563,0.08071275158068979,0.13804397736256668
0.09892995153227986,0.09753005963100375,0.19256416684700314,0.05159351163058759,0.09399116748049001,0.08219227049061013,0.10569198296917703,0.12538716006731987,0.1521197293515286
0.11868240133229684,0.11383332266586844,0.07678543513163066,0.15332987094780473,0.10343511761065438,0.13388415417643437,0.10897267545855861,0.11439451418798391,0.07668250848876797
0.08134815839023192,0.11376486940790602,0.23430540265565644,0.033622827835204976,0.07525758176142804,0.07219227712960528,0.07522403865118088,0.12377728022783911,0.1905075639409474
0.12500519508670238,0.12110226915541067,0.11010705844670286,0.06453749845320543,0.11456245546257528,0.12633298560754938,0.10296658223137455,0.07100921624423649,0.16437673931224292
0.12271251506837226,0.10267339453104923,0.13082175363035087,0.0664392209298361,0.11398387210828043,0.10726743710414764,0.11627643165152783,0.08251559176677982,0.15730978320965588
0.11918996516539544,0.17714623957939737,0.058231873944104534,0.1538964452656649,0.1530625507127011,0.14671479963826908,0.06295836077198505,0.07058723339538457,0.058212531527098064
0.1146037801779588,0.1291364891497916,0.16029469206690258,0.05109357047874482,0.11929255896749169,0.09246657046487095,0.07591852775154294,0.1000798761401999,0.1571139348024967
0.1029720742251155,0.09604756521555276,0.186799939243226,0.05228169983436027,0.09668841390434295,0.08464624869254621,0.10899446534677938,0.11260674896039352,0.15896284457768342
0.11489936787231879,0.07916661719271371,0.058857202101387875,0.2180321290275087,0.12415604807625576,0.10115005757528005,0.15675726038354168,0.09174770749300869,0.055233610277984756
0.10933706430650997,0.08442267581984574,0.08995830851389823,0.15211277790405983,0.11382489892781245,0.09161719307783737,0.15132016435439663,0.13765418675190078,0.06975273034373897
0.09627998652718812,0.10317569355457758,0.18038425556810989,0.0588043114365245,0.09385105707522286,0.08290516820139389,0.10448870980304227,0.15249467124171642,0.12761614659222445
0.07994702920890233,0.10941518537569277,0.24565007343385462,0.029865107800118876,0.07154252847120668,0.0702001204291914,0.06998446941075621,0.10128831583925134,0.22210717003102584
0.12496448540639242,0.15062468513647823,0.055202744247394527,0.12117588928497035,0.13029947809834064,0.17099140973983126,0.09571166605361599,0.060362454030075986,0.09066718800290062
0.10560226967760493,0.10178347549181223,0.1464020076664946,0.0758350087195468,0.0966932145403017,0.09836672615340003,0.12049899903628064,0.13081838552596328,0.12399991318859567
0.1191337828958456,0.08475219506804156,0.09302014018176463,0.12766278084376545,0.11595429810540248,0.10151926302867138,0.1600458444930595,0.10133236474871367,0.09657933063473567
0.08561353170545238,0.20847648908056549,0.15921903481332855,0.028148062457720502,0.08809009201719077,0.08847445063199082,0.043600870733460716,0.07196878561875109,0.22640868294153962
0.10170764134523443,0.10285999776463416,0.16983168484352418,0.06536229584011052,0.10881256631334164,0.0802803726865611,0.0961637507245078,0.16261679076746083,0.11236489971462538
0.08607079459479942,0.1079082933462653,0.22601360566909676,0.03796536382185889,0.08154293862662962,0.07350493403922394,0.08278395427661568,0.13182640252600455,0.17238371309950593
0.113724567731191,0.08094038060203874,0.06814832936313264,0.19082365404775134,0.10435449544735013,0.10981930473596689,0.1582516852814477,0.10896111937872055,0.06497646341240097
0.12022620292359835,0.09427892982314846,0.10398075226782845,0.11603369478890317,0.12853748337764462,0.09631771873153916,0.12980455231880847,0.11694825470772831,0.09387241106080106
0.07146841289775453,0.14243067070421464,0.23087194089239527,0.028580032974150432,0.06683501753682898,0.0692407211731705,0.06002029109418062,0.13463208557511516,0.1959208271521898
0.1287924746939727,0.13941711188388836,0.06406675966969587,0.12201156327265912,0.13721344706946195,0.14981966561246873,0.0992218103819865,0.06677357937624676,0.09268358803962001
0.11953030767079463,0.07926567426962784,0.06334932568997294,0.18682966699983164,0.11901539956647318,0.10809656663772911,0.16849278470014484,0.08341612657663951,0.0720041478887864
0.12230919399284101,0.08693246914743925,0.0855117429519026,0.13709670446612177,0.12375281005539585,0.10338342773383531,0.1534839162076049,0.09615351348658846,0.09137622195827082
0.08745746024322039,0.13876997962187462,0.19190981695277212,0.041742304231534466,0.07801887343217064,0.09108552982006518,0.07427748983504781,0.11956293833855743,0.1771756075247574
0.10576198711582724,0.09334504448412112,0.1352411561870149,0.09167266258382749,0.10687881023200844,0.08808952912475297,0.12904400122352183,0.15126864525143888,0.09869816379748719
0.12722920422589692,0.08669134617175211,0.08039753078614637,0.12448799706197171,0.10921160403491502,0.13029213676468687,0.149894690213772,0.07836465690313447,0.11343083383772445
0.12381677261615705,0.09611628337749772,0.08410304128718084,0.14484103752840005,0.13720412328439693,0.1032694114431955,0.12510399454519583,0.1055832583524597,0.07996207756551633
0.10191838912024988,0.09654633856620472,0.17067523779899774,0.06380085548477155,0.09904962120146783,0.08506021691010174,0.11544246299459793,0.13817423574034096,0.1293326421832676
0.12796907458189005,0.10121358732099735,0.07387712233790363,0.15080040490174532,0.1399024358533276,0.1150775740614139,0.12282578939949607,0.08745578949827182,0.08087822204495422
0.1038781234831082,0.09769515035593478,0.09054364306765582,0.15524128250706548,0.1009701929239039,0.09936430291329158,0.12540119559387033,0.16712646097506498,0.05977964818010494
0.09949183845632331,0.24155231459366058,0.05806431264020092,0.06786102647684886,0.13575980594344753,0.17808624648056445,0.03980241024175283,0.05390103328252263,0.125481011884679
0.1267526701141523,0.10828360149647577,0.060521113283363126,0.17782980866200737,0.1428126354544006,0.12743131844862313,0.11277008615795592,0.07663200912805708,0.06696675725496468
0.12964635361627977,0.09207970368551684,0.056457218323924786,0.15903192767127686,0.12210596373370296,0.14505815959526033,0.1434118996734496,0.06395482185390176,0.08825395184668701
0.09883338512214503,0.12670047043847343,0.1508982181442066,0.0684196310242052,0.09086433835027563,0.09935227632930155,0.09683644352578956,0.14756557400526252,0.12052966306034042
0.11132559318964495,0.09079668173721149,0.1290993439048669,0.09308522582217167,0.1114672005887604,0.09078281917844884,0.13695810485770687,0.12992602077050389,0.10655900995068497
0.12940445584509808,0.11333176768004016,0.05549069006177487,0.1481502640102552,0.13004447139648848,0.1552911618883405,0.12048181987647118,0.06269010199150755,0.08511526725002395
0.1147933084479938,0.09626005616144806,0.15072589298082684,0.06785838907323576,0.11200513924440207,0.09185533468221357,0.1197458337586715,0.10661745586170772,0.14013858978950064
0.11696291508624863,0.07664520892746597,0.059233644971621015,0.20378930738703616,0.11660536982239482,0.10655046715672932,0.17193717569942468,0.08324414808737325,0.06503176286170613
0.11654412000186025,0.09202375448179327,0.11261971297076219,0.10007470926174351,0.1034406029745099,0.11055547608103185,0.14157421269242224,0.10598300707533025,0.11718440446054663
0.11957932030822783,0.07667605876753185,0.04958392847909859,0.2219112992074316,0.11699729892741521,0.12101464374752151,0.1649821823500567,0.0677489404885867,0.06150632772413006
0.10714306193777583,0.09399668142388652,0.16247450712590447,0.06614084488736094,0.1030408827960226,0.08792590107014993,0.12220669867861421,0.121791401921788,0.13528002015849758
0.10896576405789526,0.09960204279535682,0.17449612077591917,0.04768049432047793,0.09576395777110945,0.09617342087147723,0.10218213503601781,0.08289987558260435,0.19223618878914192
0.08938559325231821,0.17394748289609682,0.1297021020994968,0.08229223729779066,0.08870755609647885,0.10635647137321845,0.05703877763240714,0.19395974405224792,0.07861003529994519
0.11598102718080945,0.09141049079362906,0.14020869064509536,0.07235706229767896,0.10595759729802749,0.09936851904887899,0.13348596684832972,0.09631336310587336,0.14491728278167756
0.11750969754751277,0.08230104496695066,0.06022351312161537,0.21026729445599202,0.10366814108021459,0.12204731868165707,0.14520149079520325,0.09758392549790389,0.061197573852950465
0.10320943851946716,0.14194559308416535,0.113212219782163,0.09826750152785842,0.09494215658671379,0.1110583566835115,0.09184688551954741,0.1568971828978389,0.08862066539873448
0.12319611452370331,0.08800465583413757,0.10387348517850144,0.09976647502767581,0.11217629675135554,0.11033821077005257,0.15095560336676522,0.08743065110433956,0.124258507443469
0.11278952233524732,0.0818887031894999,0.08212038374573011,0.15821598142899376,0.10786506951050771,0.10116401456537939,0.1638086928046246,0.11613411817134729,0.07601351424866994
0.11099060906943066,0.08621371099462782,0.10238495784277486,0.12636768719415623,0.10942419515768602,0.09501580943177936,0.15285131547970623,0.13052319499911905,0.0862285198307197
0.12228286626628582,0.08880527665917431,0.10778634784462338,0.09866050124483412,0.1147921135443541,0.10535797095408007,0.14893150073201922,0.09210161466703293,0.12128180808759603
0.10959564415800316,0.10493244567676206,0.16398524200120987,0.06388462763742386,0.11630537319481493,0.08438780824558728,0.0960694466051265,0.13463396621522927,0.12620544626584304
0.12482211750213568,0.102652385013627,0.05458412374656529,0.19609036995901954,0.13893467200404064,0.1303112672197714,0.11967126971850493,0.0715267980597246,0.061406996776610955
0.11473615338197919,0.08204182039557097,0.08510745403112617,0.1491152167296372,0.11182696730915731,0.09961831936677096,0.16537558951458245,0.11039879698507572,0.08177968228609998
0.12472675685635103,0.08403175765031597,0.05705441970323555,0.18572384077413498,0.1235560067456923,0.12337581335889218,0.1564071101486101,0.07048189488153861,0.07464239988122923
0.1294044272310981,0.10508785671667953,0.09602155768494519,0.10293511462843231,0.1325012235659174,0.11259968515715246,0.12134502033815048,0.08728675196723244,0.1128183627103921
0.08879152052164212,0.1113395346307688,0.2054513505151984,0.04547122056845282,0.0853058291752103,0.07812737345336086,0.088888753400032,0.14917014017505315,0.14745427756028154
0.09271557055923929,0.25378374662381686,0.07642137049352754,0.04552301866408712,0.1417460072013006,0.15961036189355562,0.02661432227509346,0.05701591255006189,0.14656968973931755
0.11453078721949138,0.08959697885911633,0.12061084834361009,0.09479130355917693,0.1047904484857106,0.10239080118844636,0.14539168153696347,0.11010879945469047,0.11778835135279435
0.11848830954616785,0.08534196215568489,0.09347060839362875,0.12560503913088128,0.10774713207245863,0.10914672233692944,0.15840031935569635,0.10094376734584687,0.10085613966270603
0.10477991864537935,0.09732118556450958,0.15691047658248314,0.06981874451124716,0.09716824314312666,0.09316975886546834,0.12217440480077686,0.1280393886867315,0.13061787920027737
0.12505594329528005,0.1106792699097342,0.09516035567749703,0.0694057620738515,0.10120809395334757,0.1607117676020371,0.09706619119853312,0.06616622907161589,0.17454638721810345
0.13091316121959626,0.10241431042486134,0.08864654516048953,0.1012644868789389,0.1260323222621533,0.12320781040542406,0.12978503973488134,0.07614639422678886,0.12158992968686638
0.1133038850639672,0.22300881115441118,0.07765847526036879,0.07713018206765583,0.140359221765239,0.13904134470715804,0.052705503092780416,0.06918418134674455,0.10760839554167496
0.11039931736430647,0.09859232367538767,0.1486000287263588,0.07646030720675455,0.11621876521902748,0.08617092999145697,0.11132298939400757,0.13848694093719238,0.11374839748550808
0.11529742373151071,0.11406755815308593,0.16073432261564255,0.052365622370175585,0.11274295781614325,0.09421900865105111,0.09173027405798484,0.09220794801678626,0.16663488458761969
0.11239188417957918,0.1053121514979941,0.1680899550793071,0.055902331230621057,0.11199178809796645,0.08826952245228943,0.09875016762989382,0.10646842559375237,0.15282377423859642
0.13132606979394648,0.11881891112330421,0.06582603900034048,0.12118880944298953,0.1310741810610405,0.1475017563205402,0.11634234166955865,0.06632493709952393,0.10159695448875601
0.10448173127756488,0.09642040936322364,0.18842759793214844,0.04955678833704124,0.0971969607536613,0.08543694456724875,0.10570521554643127,0.10335849204292642,0.16941586017975416
0.1264504080979787,0.11436501550820292,0.11815120174339501,0.07858507536518682,0.13036948423076292,0.10630055451560343,0.1031442615170593,0.09273111183384268,0.12990288718796827
0.09463454052564506,0.11571893900080811,0.19216939521434906,0.044551424717743364,0.08199713922822705,0.09505960426663064,0.0852602212622003,0.1026727988900726,0.18793593689432384
0.12211150927765373,0.1076562574764333,0.06920966191437768,0.16906557927123197,0.10483121209821526,0.14105915706461536,0.10982877183681154,0.10240485837184508,0.07383299268881614
0.1317874340228462,0.110220456693698,0.07454370134187352,0.09961416686846562,0.12063108939153482,0.14875787121666453,0.12225493660601632,0.06573793747559324,0.1264524063833077
0.12820165466351677,0.08855982550472541,0.06854534061488882,0.1480791200108934,0.12415574105748191,0.12276879085571374,0.15257185677415994,0.07408262948546705,0.09303504103315281
0.12991852242031657,0.11234095397326915,0.06556874445183034,0.14968841117302206,0.1406719588373542,0.1313300634410953,0.11464276295196126,0.07447991124224936,0.08135867150890182
0.12858824909156918,0.08434404826007348,0.06440679674300778,0.1532959874992926,0.11042122366015407,0.13940500536792388,0.1504678263454063,0.07160557357183836,0.09746528946073435
0.11899992395458614,0.09348800400638346,0.1128015699391029,0.10474390801002702,0.12443991802609221,0.09487101073493341,0.13169397929868082,0.11718376797816028,0.10177791805203373
0.1142969100627869,0.09143918171382577,0.12603118624029339,0.09358637622495503,0.11553007335889698,0.09188969653419221,0.13568765400383967,0.12283490797381684,0.1087040138873931
0.11573163857079677,0.07845754509554893,0.07013747106926592,0.1777595211979971,0.11054264019107259,0.10477018939164606,0.1724531098795533,0.09676401325046645,0.07338387135365289
0.11354646392053451,0.21836942578012675,0.06413701064051215,0.11974119601316467,0.15554179830606588,0.14615810557814615,0.04593985583181754,0.06999343351107479,0.06657271041855749
0.1262866367908236,0.0885646037723579,0.049367417097162324,0.1902410205442451,0.12188996987288098,0.14544830238420792,0.1441747279991566,0.061549194989033384,0.07247812655013224
0.1015879881465253,0.21807421795302964,0.06970297910170688,0.05272145778224072,0.10704995422160589,0.16447486947934925,0.05876712148469024,0.05650635537920124,0.1711150564516508
0.11622022403957662,0.08773610676024028,0.1109126815634709,0.1043442981724152,0.10652646757561601,0.10413421878277429,0.15110386595517641,0.10707026981688512,0.11195186733384521
0.09866970505928624,0.11371782716102118,0.20532021662701724,0.03599219703162095,0.09045348990785414,0.08281441418539758,0.0765542991967915,0.0848834229854822,0.21159442784552907
0.128572211520485,0.09447907548887076,0.08391009924864073,0.12356249412297741,0.12864462335106322,0.11406642322365346,0.14059020221299728,0.08344150920348566,0.10273336162782655
0.10276726365425613,0.11018790534235928,0.13056184405132673,0.09146159384324508,0.09700585884114908,0.09846997797728384,0.11416965582306378,0.15819695788086793,0.0971789425864482
0.11311677069269839,0.09073958720906662,0.13552972921645115,0.08105356550808913,0.10398713858483606,0.09847571527528066,0.13880233629888497,0.10858124379981293,0.12971391341488006
0.07127685042525676,0.13831094177645029,0.23307885083434166,0.02699801831884191,0.06327345240058346,0.07291310148888651,0.055290812700153076,0.09979022831630163,0.23906774373918463
0.11895900316954759,0.09469111491365594,0.13007912434850746,0.08248495923934596,0.11821783955391983,0.09557903825577045,0.12862481089401112,0.10613957150233262,0.12522453812290904
0.13060928594422758,0.1095573589605325,0.08586111802236657,0.11611602263619662,0.13820329069084747,0.11736545087690246,0.11563268206217374,0.08543312107813937,0.10122166972861375
0.11085969199542041,0.08831920607740679,0.10460930979357398,0.1218923397099219,0.10561292458280536,0.09887404729860645,0.14950462513918725,0.13049627377024148,0.08983158163283633
0.11926245400626663,0.07977757310249738,0.06780316541641125,0.17646438699868905,0.11796778266513208,0.1062276958219059,0.16918076400314375,0.08768058341825447,0.07563559456769953
0.10866783260622255,0.1086650919242702,0.18254968874798863,0.04786542595365193,0.10664552429095098,0.08574732467609619,0.08981888700401887,0.10151479422710923,0.16852543056969146
0.10894357692506788,0.06985282616186407,0.04913945610954815,0.25487294294438123,0.10768292965488678,0.10220042423869395,0.17707580633479605,0.08426063589678434,0.04597140173397759
0.11842729938078907,0.08966290581728975,0.12322784999386571,0.08750285438460664,0.11146636434196146,0.0999224764422178,0.1432098431545804,0.09975933316960568,0.12682107331508344
0.12456490119617607,0.097441298137714,0.10797668098268352,0.10057204184046957,0.12827838869482414,0.10169357298853042,0.1277551181647851,0.10081743194049271,0.11090056605432447
0.11209524483388543,0.07738156542830175,0.06219504555947567,0.21157855949920448,0.11840972925232911,0.09709309150401006,0.16458909246653572,0.10066846219801855,0.05598920925823934
0.1289939507786613,0.10579455964034028,0.07182228741955073,0.14964071878980756,0.14146118220719425,0.11973691585232993,0.11781242348466558,0.08367898014595167,0.08105898168149868
0.12636570143407463,0.11881841528087277,0.1163339995954565,0.07003355778524344,0.12344211416793145,0.11394361896983751,0.10301136777035917,0.08050692311147294,0.14754430188475157
0.12527107166678317,0.08883307523968377,0.09717245272237941,0.10110402570148702,0.10835015965095812,0.12228489511209095,0.14641764306356503,0.08130737519288402,0.12925930165016852
0.11158813099509701,0.10405354228642195,0.16773831949075932,0.05825994000563526,0.11310580178614606,0.08674354562567653,0.09953767045532169,0.11422527509849689,0.14474777425644533
0.13117237835551857,0.09487598681874397,0.06639660958164284,0.13430867880954409,0.12313431027398518,0.13784321544128217,0.142216109526884,0.0677928946767136,0.10225981651568561
0.10824312106666693,0.13524917960809227,0.11491696933703772,0.0915037651868711,0.09653461387765956,0.11829046310618548,0.09674870967668114,0.13309857137267747,0.1054146067681284
0.12892629167393566,0.1265702500652405,0.061069298466974044,0.14555426798460913,0.1404908254356797,0.14363235926832923,0.10476600114885477,0.06883362000542026,0.08015708595095665
0.09637407300533037,0.24233420035835043,0.08143855663335735,0.04540190138712901,0.11202201098099196,0.14153930907158754,0.0473769144949082,0.05946134493270258,0.17405168913564262
0.11618835541066337,0.08285702433865043,0.08036923370159271,0.15507757138538136,0.1069128857639704,0.1084472471096113,0.1621309402576531,0.10565744134399539,0.08235930068848193
0.08075403366735716,0.13719214387943027,0.23634778621696081,0.025741062977777267,0.07641849057275263,0.06733409783805831,0.051919104614651136,0.08654496596549467,0.23774831426751777
0.10892534722106795,0.09196573362846484,0.142668985820011,0.08021491920256767,0.10365039649020635,0.09259793947181681,0.1339996206514954,0.12507118606551185,0.12090587144885807
0.11167464451455843,0.08695834475004116,0.10774367798283067,0.11763584317086823,0.1097957724635995,0.09484656016808334,0.15114918718285783,0.1280666608533987,0.09212930891376213
0.11977716167006365,0.14180399967124555,0.1122086512480092,0.05553248519232862,0.11173773589188012,0.12732335398145955,0.0868953937483785,0.06876054798159968,0.1759606706150351
0.1232439579662938,0.09493261238650379,0.12182024841947175,0.07572483762302892,0.11169655302651389,0.10975343846319928,0.13135335364811218,0.08273832169137273,0.1487366767755037
0.10500194737065527,0.09010238278380849,0.0705268249805273,0.20208991194746684,0.10006246343144785,0.10303301318796655,0.1303925271412735,0.15218451493550295,0.04660641422135122
0.12273080572112534,0.11205650133617191,0.13339314331738603,0.06375467812085352,0.11881937151149052,0.10507283277296649,0.1037809970072225,0.08545578177486836,0.15493588843791525
0.11959487863341944,0.08888201596542905,0.11811322008149562,0.09020521479022596,0.11055935386635592,0.10329718370279949,0.14626335876298246,0.09556935960349945,0.1275154145937926
0.11822816011003477,0.08856431228005351,0.10942539908283207,0.1070166624522167,0.11718887140948532,0.09727450373720886,0.1476306984619182,0.10891497666826007,0.10575641579799049
0.10423173523649297,0.2361244416360062,0.05487377921990356,0.0832935639226536,0.13570347004114874,0.1775186124486148,0.04786072942750643,0.05568513731251846,0.10470853075515522
0.100538732803109,0.18504547722463557,0.11227315745464934,0.07582209204659938,0.09184835087796356,0.12551475334750076,0.061005251562432215,0.1432031977139936,0.10474898696911646
0.0936664412740341,0.12319029711952571,0.14651898595526788,0.0816486773876763,0.0945781462719616,0.08848422298814766,0.09210641707033114,0.19462385514033284,0.08518295679272281
0.12759970741887966,0.11930083556120573,0.06544478596667809,0.162926587261411,0.14774584904775212,0.12731154428288652,0.0992109996829988,0.08093405131115423,0.06952563946703388
0.11661767583951992,0.08055851694249028,0.06861021553638068,0.1847565845089689,0.12122554702384918,0.10032560443500571,0.1627843397899792,0.09737543489726164,0.0677460810265447
0.1081145738313747,0.08852788408852992,0.09650443396244551,0.14508125725233323,0.11797507587766876,0.08875224523265829,0.13393321334803215,0.15433317616106806,0.06677814024588925
0.11039102343207204,0.07727551259557118,0.06755827241165022,0.19647599933186774,0.10730969891012061,0.09973973460227803,0.16959048940578758,0.11107302126718839,0.06058624804346422
0.10608319568545303,0.09924077639417477,0.13862837333594594,0.08367979632668247,0.09870595643402501,0.09741898469778836,0.12548883814862435,0.137175147627244,0.11357893135006218
0.09413299650073365,0.09936567314494375,0.2185099708992396,0.039312594337233976,0.08614637643976587,0.07826257811846767,0.09011264141310305,0.10382983518490778,0.19032733396160473
0.10497794844059244,0.23851095381081747,0.05565390291666988,0.10933649161365773,0.15761347363390946,0.16851091177099153,0.03449297325162513,0.059150604276960485,0.0717527402847758
0.0979708182492028,0.10081367698028537,0.20808117037408355,0.0440478985291052,0.09514683609374412,0.07750614542157432,0.09187727642181977,0.11833018518991545,0.1662259927402694
0.11701223747219636,0.08038357083583277,0.07414712128614169,0.167594937476811,0.1162055117447836,0.10173743229993043,0.16858046895778236,0.09787640134745246,0.07646231857906928
0.12060197951537277,0.1751931431521908,0.08594819179099483,0.06852497152411198,0.12523288223155998,0.14009294177105205,0.07700848286927714,0.06735242182992306,0.1400449853155174
0.11395517767340828,0.1053031825654026,0.16365185941214166,0.05206674332412531,0.10652306601916163,0.09503728108131171,0.10113966993779637,0.08816570292842107,0.17415731705823143
0.09602742017240269,0.10641434593727524,0.2180946206282198,0.03631710051444589,0.08937555536150389,0.07760056715720832,0.07978070359441612,0.09490966430715597,0.20148002232737208
0.11250744794465278,0.08318467761959121,0.08126051456618998,0.16076750348240726,0.10586284712882045,0.1036442432345555,0.15940359155126402,0.11905084372174035,0.07431833075077858
0.12180041535521773,0.08174085443685655,0.07150768014576052,0.16138348689048596,0.11886962460262718,0.10900947002280063,0.16645447273513964,0.08542367146570538,0.08381032434540647
0.12896069114683947,0.10394673232433671,0.10189708887852404,0.09287753171608033,0.1279328646709014,0.11285946316306546,0.12304914251466914,0.08458004176125256,0.12389644382433085
0.1111472011713087,0.08671898051793177,0.08283387196031507,0.16013260182508635,0.10394429522041743,0.10486165891343845,0.15014109619253982,0.12874839011428965,0.07147190408467276
0.11341679193234588,0.09082108901531437,0.13514467313476428,0.0835770707195136,0.11000814702873962,0.0931060314645321,0.13691953333997797,0.11568144254626761,0.12132522081854447
0.12142473876935884,0.08556843671515808,0.07634158326102682,0.15283563509978354,0.10648864000795703,0.12184433928337389,0.15246721950180095,0.09345857051760055,0.08957083684394025
0.12087866684146535,0.08683506384903679,0.09647857849887748,0.11509525663843627,0.10732770007531478,0.11394910323297043,0.1537760810871733,0.0939549635936856,0.11170458618303991
0.10643166775670386,0.09059210245425893,0.11387908793317734,0.11557431218744034,0.10632612975359901,0.0918513829982223,0.13906684762232882,0.152278621193537,0.08399984810073237
0.12099955053283855,0.17617432111932216,0.10820924560545618,0.069269748217624,0.14108482501802355,0.1146826672007406,0.05991066558516577,0.0898993411290062,0.11976963559182303
0.11341506681533191,0.20425137500646992,0.10367387099413679,0.056516790823897135,0.12899699890533242,0.119711265946064,0.05596317692887942,0.07590006146161885,0.14157139311826952
0.0656564603781916,0.1459401539521458,0.24298905621923259,0.024556439529181396,0.06385798113361142,0.06076364161153159,0.05257447760578402,0.14679901742077026,0.19686277214955128
0.11673453540031313,0.19362677103339565,0.05832983530986954,0.09408090384891486,0.12908434108610653,0.17121750952996484,0.07446162661732665,0.0596143994950418,0.10285007767906702
0.11757670006316771,0.07980749747296188,0.06948133089840922,0.1778843660519888,0.11851514060719537,0.10254511018601407,0.16786541868882054,0.09364732733206138,0.07267710869938107
0.12358404452467142,0.08836482390480917,0.09998124533401788,0.10657972051369728,0.11649440627965445,0.1075073901751825,0.15176489498002438,0.0896127676368046,0.11611070665113839
0.12065084959390959,0.08433610905162203,0.09085182754584865,0.1261977864517481,0.1135136272990827,0.10631566644383095,0.16222198121942313,0.09445638340752242,0.10145576898701247
0.11989243828506697,0.1518760492853293,0.11055390102131563,0.05661062921802717,0.11657555755358105,0.12463729342291874,0.08186756985171033,0.07074428065509675,0.16724228070695402
0.1293028601106989,0.10339858880528419,0.06802377008330555,0.15222844630536056,0.13805684543439878,0.12387817100973741,0.124778541082372,0.07791468756641472,0.08241808960242791
0.1060730520224236,0.09476190084887641,0.13905836868904362,0.08545962257427375,0.10147783995173616,0.0928273452494554,0.1306018026853434,0.13982647595772016,0.10991359202112759
0.09799221967820389,0.16280757456152098,0.17957270127008687,0.03363543446867439,0.0987181921023238,0.08557332911320183,0.05513574949973358,0.08402572965383993,0.20253906965241472
0.10666742514639573,0.09192205991690183,0.12684207186124852,0.09941901080947586,0.10640682244109412,0.09032764258459541,0.13509998589309938,0.14808757738029862,0.09522740396689049
0.11289536961701536,0.09082998867225411,0.11860324305413013,0.09934400226243056,0.10380741910792039,0.10216497639622946,0.14374990515154537,0.11789209395053862,0.11071300178793596
0.11268689809283434,0.08435513257551382,0.08606085293566142,0.15058213953772495,0.1061055430714319,0.10305973761948596,0.15815543000228152,0.1202442915757086,0.07874997458935744
0.10963130929014293,0.11435843244343252,0.12207656525012402,0.09053125362242605,0.09788369839341042,0.11245505417705265,0.11248623769405107,0.1286589701460197,0.11191847898334073
0.11552685578263927,0.08892491278263613,0.12408874258332332,0.08991476048309394,0.1065900759865972,0.10059468036046683,0.14544685938470403,0.10571499553135738,0.12319811710518187
0.12846582668569204,0.09977662244033642,0.10022638889535895,0.09704440593388579,0.12643459035063256,0.11194293352410761,0.12969818097904176,0.08500776400691851,0.12140328718402639
0.12329690836254183,0.08149925748775567,0.061709503677709075,0.1790279408620489,0.12061854015734519,0.11632688963668636,0.1639895830897151,0.07577454128047684,0.07775683544572105
0.12401540796725256,0.09435061588350747,0.11188256549131255,0.07877058824811542,0.10414513342685237,0.12610410445324996,0.1284421794011341,0.07731430010626165,0.1549751050223139
0.11412438315532182,0.19914444793128183,0.061146385014306824,0.0798396754528213,0.12301627468219929,0.1716596742270541,0.07195409715864373,0.05887949884799964,0.12023556353037151
0.10714828221264712,0.09521135416164889,0.17210439873832928,0.054288309306809696,0.09342695866277673,0.09692939038155342,0.1126367600462832,0.09408469703735599,0.17416984945259562
0.12862773190321394,0.10264950775979716,0.09626240888409841,0.10667550055347964,0.13296665825325857,0.109978828190798,0.1232675453687675,0.09064454717272712,0.1089272719138596
0.12038005136533127,0.12915450582927412,0.1347854552506413,0.055482355863084414,0.11744823382477516,0.10770977578925751,0.08771741648834785,0.08070450431133269,0.1666177012779557
0.12409880692966328,0.13717747781740677,0.05214463475456863,0.16646752176398805,0.14016531982751876,0.15460584168850372,0.09626947232414525,0.0638742169725701,0.06519670792163561
0.12344001748768753,0.09122398202923727,0.06876162921666153,0.17585912690408134,0.13559633137799396,0.10849522095637644,0.1352558052219228,0.09127979741898447,0.07008808938705462
0.10912086875660783,0.0751291297935146,0.05931561883960407,0.22422458679937543,0.10354702259724873,0.10283352556178292,0.16626581649815053,0.10821301318578251,0.05135041796793335
0.12242833974892624,0.1775611409275375,0.09875308345583998,0.0758547422569033,0.14267663596910152,0.12071969685223254,0.06264798310209672,0.08498274480411454,0.11437563288324765
0.1243613088949244,0.09737839573132655,0.0669139005480333,0.18008842615650741,0.14103732394264876,0.11227373413634445,0.12129926601109713,0.09051068392540239,0.06613696065371567
0.13071825448831031,0.11483709979333,0.07752576995321146,0.08951060536869244,0.1178360937674226,0.15234562384006142,0.11575339699891403,0.06491235022056427,0.13656080556949343
0.11341263260075914,0.11164254184737292,0.1630934919459599,0.0587123028818383,0.11892689865221058,0.08785086441677552,0.0894511147031241,0.11673498319991506,0.14017516975204442
0.12750636734717413,0.10276984036686425,0.10837012920702373,0.0891192399444423,0.12675527407318365,0.10885794763402194,0.12252581172533215,0.08813914146394523,0.12595624823801269
0.1177392602608518,0.10249966473029481,0.133378256001916,0.05761637803914813,0.09721085846761875,0.12446609157804184,0.10509861819390026,0.0724517018611761,0.1895391708670524
0.11793855441809552,0.08998915170891332,0.10262518186355353,0.1119290587917217,0.10481698123979466,0.11251991763553441,0.14650213198570539,0.10436062555341341,0.10931839680326809
0.1281883716712631,0.15233090323766382,0.08173457531889873,0.09329466071220409,0.13896470766984773,0.13488358671341838,0.08569150364994149,0.07406208749262984,0.1108496035341328
