0.11635131480319068,0.1283459558263745,0.10580453441322683,0.11244117006712255,0.12786351521724373,0.09147285282364397,0.094646410201055,0.11136973801957334,0.11170450862856947
0.12661190845441855,0.038582204458404636,0.08736571333626557,0.13661284509312935,0.07959292178162652,0.11323150478746491,0.1649903650413352,0.16276099033203476,0.09025154671532047
0.10845225724896307,0.12221072313224164,0.13111415167817822,0.10927232460749327,0.11615853432848344,0.11572107275453576,0.07104498228930699,0.09350710798674126,0.13251884597405625
0.09745331564715608,0.11783598727865868,0.114364771846235,0.11311112341853581,0.12865095278266947,0.11214821267215137,0.08356808435720782,0.09546385472538432,0.1374036972720014
0.1579967917135908,0.09955158178837654,0.10901932677531957,0.12097883906373659,0.08047870434152166,0.10832613929158554,0.09106643076894,0.1388178011721665,0.0937643850847627
0.09236048582294054,0.0976884317598956,0.12216922093105002,0.11400159659274049,0.1264506088595687,0.1244835057841603,0.08874813241702757,0.09302440917736977,0.14107360865524704
0.1063091780287355,0.10404317252332446,0.11943280231624002,0.11180946849238386,0.13379497891950604,0.10527470102087479,0.09505494894502542,0.104797309296908,0.11948344045700192
0.09229003695221634,0.11942509188035687,0.10665452875220838,0.11534214223081428,0.13017103113559014,0.11213878227232525,0.08651793168467532,0.09487312464822789,0.1425873304435856
0.09690755721826766,0.03287325858740651,0.13490416519930315,0.11020649024182239,0.12641839636940197,0.12049444352077825,0.17243082528792109,0.12155265865530791,0.08421220491979119
0.13544822521703057,0.13622474542557303,0.11922101512742589,0.10849392800088649,0.11147424696372714,0.09425969264578067,0.07814973760309006,0.11083868884137282,0.10588972017511337
0.1439575687877754,0.18756820579792086,0.11274431768880305,0.10245724562137315,0.09774717616635213,0.08983396050093662,0.05736160134146632,0.10153111377659278,0.10679881031877965
0.14083984412306386,0.1315624889822403,0.11854846726914692,0.10971954550412928,0.10663356978520094,0.09441031169860603,0.08071978003599893,0.1153575703531645,0.10220842224844918
0.1493255640746984,0.18363409411287704,0.1133791430642551,0.10313255755206391,0.0937614873453716,0.0907755245933529,0.057889107490504944,0.1044136022431106,0.1036889195237654
0.13222617130397948,0.05149169879290236,0.12827839040200487,0.12043404630840458,0.09850098295305941,0.11091216731417952,0.13281155233161676,0.13929839262179544,0.08604659797205759
0.10475353643885583,0.048413015683821226,0.1252777519848305,0.11320677515678242,0.1304097042286908,0.10959495622982542,0.15381489251872396,0.1242610212464722,0.0902683465119976
0.11584006182493624,0.05366068050185921,0.10487652135214699,0.12259735725736405,0.11024715878392255,0.09962875864865557,0.16452861113310727,0.14118964815574434,0.08743120234226377
0.07713625854245841,0.06551892499101523,0.12246072383952981,0.11757903967371885,0.12253024623439311,0.14805567875306777,0.11050900368442257,0.08774861479052783,0.1484615094908663
0.13063936463943293,0.17370339649270528,0.12262553211594222,0.10307479641241668,0.10349754163158764,0.09829217088417545,0.05500877961204395,0.09467769622392186,0.11848072198777405
0.12314329473865017,0.07897103228976678,0.14533719616826393,0.11038022733573195,0.11629663140346998,0.11325773080724223,0.09671037842313562,0.11223748005296592,0.10366602878077341
0.0970902353960348,0.17867386781256425,0.1041478233604091,0.10964805791206157,0.10515981138356291,0.11110246751010829,0.054883642681236994,0.08279712954305425,0.15649696440096783
0.06093281043371798,0.020823848431397722,0.07214550827947998,0.12053774605594829,0.11837249960671774,0.10197895988631328,0.3071126108780999,0.13360651065799192,0.06448950577033334
0.11611816513918116,0.06639743167194506,0.07486803375028658,0.1352370494898025,0.08501435193885598,0.09950668539677048,0.16757598792964587,0.15348707680319243,0.10179521788031999
0.09301628190305544,0.1533010520855623,0.11721096883552111,0.11349033473447862,0.09009432150943691,0.13354612196910268,0.052119394512813506,0.07827677244379162,0.16894475200623785
0.08938038393685892,0.04535325335715081,0.14277800373080954,0.1087584383840865,0.1336515580559355,0.1342442789674693,0.13518945244544325,0.10231093301153893,0.1083336981107073
0.13163680486363363,0.05368723248398849,0.15183496765766516,0.11704124151637824,0.09532017710860637,0.12203350874744114,0.1121366664096967,0.12741092945340513,0.08889847175918514
0.07629298216203335,0.03402936575221627,0.12247554124536623,0.10737563950857613,0.14609598457067108,0.13137424061624667,0.1794514083501075,0.10690866655451137,0.09599617124027132
0.11092899485806822,0.08633888764743065,0.10540783624526212,0.11699887216541816,0.1309625291037689,0.09427252958006303,0.1307602573869103,0.12423034641495856,0.1000997465981201
0.09062859559710168,0.12371797091208858,0.11436217367850886,0.1149436239978745,0.11496220845430077,0.12491300943246257,0.07314634769481627,0.0867729789425901,0.15655309129025666
0.09060750086163984,0.09945671773711567,0.12135449335071906,0.11470148105632098,0.12335879850547933,0.1273356942159346,0.08632304592918662,0.09097255731210573,0.1458897110314981
0.11034184329582523,0.11714168782902006,0.1241512809960524,0.1098970054102118,0.1261895890849301,0.10683512383384741,0.08166788331350892,0.10027125994011798,0.12350432629648617
0.09791635061399069,0.06833294887194784,0.11813802053336107,0.11317027286982734,0.14279030119105426,0.10841437540476273,0.1318963248270512,0.11364442325473323,0.10569698243327168
0.10168332361453185,0.03328743767560328,0.1154435412887906,0.11730649966922653,0.1161519208848641,0.10889265628187543,0.1924238197611574,0.1359749558891855,0.07883584493476514
0.10137722044326443,0.05819377058511959,0.12491904601056351,0.11214199573475447,0.13822923482497518,0.11032392734274517,0.13891499914190916,0.11704374542390361,0.09885606049276484
0.11641462828789804,0.22214996733925693,0.102524656836386,0.1008240972738842,0.10085010117308796,0.09359709507804387,0.046340113923474334,0.0845229601277887,0.13277637996018002
0.10670824574556013,0.05850800634136696,0.10149948914312273,0.12090780337632018,0.12188421991765776,0.09676976290552552,0.1687489313560404,0.13572920323712442,0.08924433797728197
0.1075675510171397,0.059671098423381884,0.1247199681684612,0.11307042120542284,0.13293644789860892,0.10728840397508767,0.13780028974468075,0.1209717583846286,0.09597406118258843
0.111004642222436,0.07004009934403335,0.13974861661105123,0.11033076422301098,0.1280933886079066,0.1148653126734636,0.10945488428288656,0.11043580444885544,0.10602648758635624
0.0930937546067846,0.07669091113134753,0.11553990928302693,0.11391085098320798,0.1439667711950565,0.11189097744985226,0.1211849672985641,0.10721584418698349,0.1165060138651766
0.10905670957425101,0.17104617620793017,0.10918949582500644,0.1072667867514947,0.11529150562100503,0.10018558010022217,0.06176881638722531,0.09100708851745871,0.13518784101540643
0.06260380485490273,0.02849484864979532,0.12725959956130803,0.10984375134837303,0.12701467941822442,0.16628779798372675,0.1733152789771113,0.08614635940397415,0.11903387980258433
0.1516227223565216,0.14418811665914885,0.10707771972370977,0.11135322146666886,0.09298255285067765,0.09306577016918144,0.0793870897811549,0.12128554686603372,0.09903726012690321
0.14702750837139567,0.06993990366633489,0.0917888188415179,0.13116058107371706,0.07671504507046516,0.11368585985719366,0.1183556224069593,0.1546544152468247,0.09667224546559162
0.070904153398618,0.01797229133640411,0.10196732010034015,0.10949387484234584,0.12540142846512295,0.11991373591931552,0.26243767541208135,0.12557894007448953,0.06633058045128251
0.10855581511905728,0.04036817926574691,0.10692688263006972,0.12189949589291642,0.1102171938414676,0.10320677550891777,0.18494191055429723,0.14190231491696534,0.08198143227056176
0.06438356708550916,0.01739670584119139,0.09831218079434277,0.1070241645544826,0.13289564214707297,0.12378332423018445,0.2688067570972889,0.12087815616920977,0.06651950208071798
0.14230031754707081,0.1668314923015265,0.09109162106989253,0.11133274494840195,0.09504492298858976,0.08620494245565428,0.08445383556152548,0.11902417956123727,0.10371594356610131
0.1175975027514815,0.08124061860406499,0.08657305763390023,0.1268784727702061,0.10240460036270904,0.09261022553785847,0.15334510323995543,0.14217476275393892,0.09717565634588528
0.10789545022486602,0.01911826997431506,0.1263546646592599,0.1245561148679154,0.0872975448613551,0.12332325119186005,0.1946865671393995,0.14664216837395147,0.07012596870707755
0.13078713968002367,0.10503676696663623,0.1299286421825129,0.11028857620823297,0.11577511915237114,0.10131276314182268,0.08891227103724937,0.11398714368373271,0.10397157794741829
0.09061664028904289,0.027669192381186952,0.1273626783255578,0.11002596642244701,0.12660430761284902,0.12019590088096328,0.19487434422387848,0.12357486192657241,0.0790761079375022
0.10917931620710597,0.03385790712985335,0.09889021237288048,0.12700643062868414,0.09803017120393842,0.10427824594905903,0.198758760695529,0.1499006419983335,0.08009831381461617
0.10327697612459985,0.08545469197819033,0.13836708152083463,0.11056297578491463,0.1255611365368702,0.12203804644541127,0.09206764823451596,0.09887393943194522,0.12379750394271784
0.08398310297979587,0.028127825439398967,0.11702967325347857,0.10995379536596654,0.13352577959782047,0.1178683482252072,0.20787205748221185,0.12295015135068332,0.07868926630543721
0.0922970199342466,0.024397303789808433,0.09166137719480254,0.12557163216210102,0.09983629394646255,0.10388926197310588,0.24237647979241198,0.14716721089391935,0.07280342031314167
0.07833519001178739,0.2073369107216635,0.07733923299607216,0.11526580093235939,0.09112600790409475,0.11556953717422232,0.04998517103475463,0.07436783961891154,0.19067430960613427
0.12844477970952817,0.08562611655409895,0.1159444396711272,0.11603404567649574,0.11563544620893586,0.0974529044580736,0.11666274955085314,0.12774019638977793,0.09645932178110939
0.11916567829036756,0.10847424000252077,0.13124591985658082,0.10917020698759487,0.12256723464783509,0.10574464626006663,0.08429548619091283,0.10530041372262355,0.1140361740414978
0.07908993536018823,0.03517600019005326,0.14263884081863729,0.10756458072089758,0.13245553088035364,0.14563419204836472,0.15209163818216723,0.09736844761580836,0.10798083418352973
0.08477179477523178,0.0866403942876014,0.11132276711717122,0.11676907686220385,0.13573197263853917,0.12355023145283524,0.1056409096506441,0.09605479971086696,0.1395180535049062
0.08706314251274638,0.03654504970895169,0.10735271902565514,0.11410495763975652,0.13548836489816277,0.10838311584978373,0.20188852425118084,0.1271565816829953,0.08201754443076767
0.13078733901353123,0.201049560376129,0.11185268042576811,0.10090928351070971,0.10183454931984814,0.09164941453084373,0.051362631021285084,0.09241644562628389,0.11813809617560102
0.08950047469964649,0.02259782187086225,0.11374869601002802,0.1146215346497373,0.11442937670789173,0.11488421272652567,0.22519509740392038,0.1336821532112286,0.07134063272015963
0.07920565048574087,0.061904252439869946,0.10545113611577295,0.11578873902243214,0.14981645751981934,0.11861118418771104,0.1462963845104768,0.10629192171812755,0.11663427400004937
0.1505380193500647,0.11493840941996651,0.11086441357514139,0.11566320505997608,0.0931423488552073,0.09783661499420199,0.09114788228921877,0.12931362039479688,0.09655548606142639
0.11147452668517312,0.14112479769243683,0.13717096541442533,0.10888528959150408,0.09456118401593439,0.12562608085331609,0.054245826631491516,0.08630427954053489,0.14060704957518375
0.14228106653317693,0.1654718337811498,0.11521483634066021,0.10529069927732264,0.10244212249318724,0.0913869208787787,0.06573657220694129,0.10643553745127604,0.10574041103750718
0.09256261559486072,0.04434637255094867,0.139081292971407,0.10871717741860265,0.13625160913454012,0.12679447499823743,0.14285209318733438,0.1083037878318281,0.10109057631224093
0.1254429482799819,0.16356681909558377,0.099748084135804,0.10920998325962848,0.11623821324541665,0.08590873230098307,0.08055478054362965,0.10834931063603283,0.11098112850293973
0.1410690072265833,0.1744311295114177,0.09921054877429607,0.10760577734318266,0.10099936764440154,0.0856802504219002,0.07484474748613724,0.11174118551251612,0.10441798607956514
0.06633324261037417,0.03781800191136878,0.10865961452536667,0.111397956039246,0.14704236390128222,0.14082945549923268,0.1773992270677173,0.09888623253661011,0.11163390590880207
0.1621349110513291,0.1949382358505692,0.10412349517629944,0.10383860505692462,0.0798806602392586,0.09167857985876837,0.05575285404047766,0.109564350659549,0.098088308066824
0.06352691654010735,0.02283437493609068,0.12909240201578884,0.10362433230049428,0.13661765203103518,0.1559760122397788,0.19621462656382446,0.09345044722002886,0.09866323615285155
0.14593530109784164,0.12483508469528608,0.11302305021046788,0.11264623083281923,0.10026296253964291,0.09459527635339371,0.08717621885467224,0.12269138577050152,0.09883448964537483
0.12976777725618693,0.08175287536616405,0.13777465965418748,0.1118840707790895,0.11377969018080929,0.10722589923610361,0.10013830631761396,0.11873093948019671,0.0989457817296485
0.11050970500088075,0.1469064526300807,0.11799874991719449,0.10827029012481422,0.11862459381946844,0.104504298000001,0.06780267951020118,0.09406657031649346,0.13131666068086587
0.10284208096909205,0.26310459492129007,0.08262378494686105,0.10034321735388015,0.09631686178575216,0.08911889826442591,0.04289583255961388,0.07864166342369212,0.14411306577539262
0.1218437600239702,0.13824983587541842,0.131432897435626,0.10649992460717261,0.11121495822988647,0.1069347079078059,0.06510821692808026,0.09660018006012579,0.1221155189319144
0.09757751427048494,0.01943997453963297,0.10743182166230163,0.1228153170051008,0.09551534331817953,0.11289812091666662,0.22845635408373186,0.14658891923915374,0.069276634964748
0.11660359510508334,0.08036060809647409,0.13653108190053767,0.11053377778201606,0.12576638782755295,0.1099396541810005,0.10262704866591967,0.1115896687464829,0.1060481776949328
0.14185884684936445,0.1309225948681009,0.09613924128157664,0.11620294906390338,0.09691112663610928,0.09082480932295929,0.09822247522711584,0.1278961378437772,0.10102181890709301
0.09600139825158409,0.059607692429048516,0.12516155742348292,0.1115766389043783,0.14195481749789804,0.11462344249450425,0.1346199011804657,0.11163565217330366,0.1048188996453346
0.07360483207159887,0.029829651132558112,0.1126875509743012,0.10763492616241148,0.14664898840305093,0.12484465864848852,0.20551095995316107,0.11342020993574953,0.08581822271868028
0.09074299743393004,0.06956584936682801,0.14756510746971266,0.11416102464574461,0.11019561788665617,0.14740094901221895,0.09325243277653444,0.08905073938365989,0.13806528202471513
0.1463810297151018,0.10387943977707519,0.09503200578240555,0.12218390273071277,0.08719623791079772,0.09883813737240067,0.10792168594231026,0.13970680085520565,0.09886075991399039
0.1554557476397791,0.15015419083092119,0.1086891255550584,0.11027302695277579,0.08928308821142167,0.0942457703138126,0.07374487928264928,0.1198469216501258,0.09830724956345621
0.06328293923382437,0.01274204633302535,0.09614006745423136,0.10795316115957654,0.11900225365224591,0.12527159156457168,0.29178378908712976,0.12450309094859335,0.05932106056680169
0.08836034260694431,0.058715079910354954,0.1285196258793548,0.11139701799361716,0.1404233434261798,0.12672484446263246,0.1270907766051896,0.10228679658927088,0.11648217252645603
0.10854825755627802,0.12999361329397177,0.11609123504261097,0.11031429364061955,0.12691841824818462,0.10295336029530189,0.07952106205814741,0.0992292776505086,0.12643048221437722
0.11462795138034602,0.059388485565283144,0.10055729892203924,0.12317530989525306,0.11160310090611318,0.09712408816586494,0.16360108235555734,0.14053112840505108,0.089391554404492
0.12023018710420108,0.04793079032839199,0.12906810741439534,0.11691198960689143,0.11159038252670438,0.109285057335616,0.14517928408643843,0.13339390489963543,0.08641029669772582
0.11479445183002916,0.1397730003514043,0.1333957211290466,0.1073293172931945,0.10599880234599897,0.11510781796606924,0.06029832494293782,0.09092856287036792,0.13237400127095145
0.10747538890249597,0.05043991155777716,0.12268069621528366,0.11444526983731623,0.12795285857269897,0.1070381962294148,0.15342059744081582,0.1268476249620324,0.08969945628216502
0.16006863809069827,0.13515803964402487,0.1160404937758495,0.1121423147888942,0.08449479389260361,0.10097229293876943,0.0723982130731442,0.12299163599040046,0.09573357780561542
0.10053265883771738,0.1560677649605924,0.11154481691052047,0.11012618310410076,0.1133686060520865,0.11080542783633586,0.06278374602935262,0.08765020038503328,0.14712059588426082
0.09022348667159052,0.020064908436422096,0.11545991825942951,0.11537615812318465,0.10864700566761176,0.11653785665585852,0.22883700248877395,0.13557067192868263,0.06928299176844632
0.14073030287955,0.0717107048042794,0.0935215211064749,0.12880581131146077,0.08413141261136799,0.10568524780010884,0.12853962194481247,0.15086252422902405,0.09601285331292168
0.04479936472897469,0.009314913172725479,0.09424207446200773,0.09639733322543916,0.1404329284377582,0.15625593571126287,0.29235588192155704,0.10237107166099586,0.06383049667927898
0.1275800750411137,0.061300318175011255,0.14988833314654385,0.11331196369297308,0.1064707932694066,0.11722000576934884,0.10903392403686873,0.12115423929142095,0.09404034757731296
0.13048068552319253,0.07140207727757118,0.13664198174985384,0.11370351159437907,0.11115872765221298,0.10808869744533134,0.10978115443967189,0.12406302560609656,0.09468013871169066
0.10104104218874792,0.12157111723684967,0.09324364914111376,0.11726314350301446,0.1367086639071736,0.09021961202406321,0.11152224272766538,0.11307633661924714,0.11535419265212482
0.1457031864523872,0.18740325444194483,0.11441176750883829,0.10221778608068673,0.09596059635011127,0.0908115222307317,0.05589542049331737,0.10124068242207973,0.10635578401990298
0.11954633559208111,0.0556614427461585,0.12868409465769823,0.11525985703218405,0.11778914162139742,0.10728404246619726,0.13668779672582368,0.12885976199406676,0.09022752716439297
0.11178816673709735,0.05759814464511067,0.15109867564580248,0.11021331087501429,0.1202676377351295,0.1221945740676756,0.11400226415189955,0.11127736406391692,0.10155986207835362
0.06068207110308756,0.019466488874622375,0.10612508746052013,0.10287089578369639,0.14552731980191144,0.13679070313629324,0.24267849559092627,0.10853243071385739,0.07732650753508523
0.09506854669368923,0.0823727121026676,0.11025594161473844,0.11490213560264328,0.14443765860048177,0.10584258469459766,0.12282676904221744,0.11034449729991762,0.1139491543490469
0.04794384408872634,0.07449409788418011,0.04882025612866119,0.14602714695009908,0.09161236965532593,0.15455574984482562,0.13135096287097606,0.07422220196025194,0.2309733706169537
0.12131161754810438,0.044617507288634374,0.13762331954183468,0.11621762271575235,0.10784285754409705,0.1142833293967211,0.14078088690464685,0.13161878788388368,0.08570407117632554
0.13314638069612603,0.06454032909002488,0.14994608377001503,0.1145634005819724,0.10029404501004585,0.11762096731881634,0.10373046537880555,0.12318729360861981,0.09297103454557405
0.0941564968686584,0.022913509316133836,0.1273360945599151,0.1129185838080841,0.11308038104400238,0.12006541885269377,0.20561710758672255,0.13045920650675047,0.07345320145703947
0.12120153292112319,0.035494087866343,0.1287408687948167,0.12114645635132455,0.09797451857661961,0.1149574004887064,0.1585966153931596,0.14169751625390195,0.08019100335400499
0.1378004862070186,0.08367833532547063,0.11579688872611249,0.11803501195956752,0.10387880772466339,0.0996963300221199,0.11383420138493953,0.13328135018403384,0.09399858846607417
0.12210023070178228,0.09341895552047146,0.128223825127978,0.11117992092083327,0.12409996144892425,0.10265579050738043,0.09919693235773007,0.11422741503895495,0.10489696837594531
0.1536674017035354,0.08307713730905157,0.1305893334152236,0.12013073656796726,0.08198960458048582,0.11669847880853064,0.08919648312640005,0.13456804783558832,0.09008277665321736
0.1071015300913503,0.07929417492344451,0.09483909193635558,0.12147915024722677,0.12458678108036832,0.09143735809193487,0.15324815881322026,0.1322381668031231,0.0957755880129763
0.10583443365333968,0.06521270496595055,0.1305051593596409,0.11138321200890304,0.13505858571147408,0.11152886676894314,0.12361964291115257,0.11378891393955803,0.10306848068103798
0.09987567443345585,0.08174271871964339,0.15078805840696693,0.11257884934538558,0.10747802812468714,0.13964036694863421,0.08291255181629643,0.09131414763853453,0.13366960456639593
0.1270893964271315,0.15120552753836417,0.12202993972880331,0.10592636625553165,0.11301569807137586,0.09753147692295411,0.06682354112767572,0.10037825481930307,0.1159997991088606
0.05062556864767903,0.0626514645871059,0.06364267697415776,0.1438598662435203,0.07986365082724073,0.18170804950330047,0.1139059586940901,0.06539351037357444,0.23834925414933128
0.07432747513362374,0.13030339248829056,0.08803901548619891,0.12413717124855943,0.10496792980885361,0.13264582899074795,0.07489376268653196,0.08026357929703726,0.19042184486015667
0.10252088059258975,0.03572630493341774,0.08214804409623057,0.13315078101663944,0.09200833083969566,0.09984087975440671,0.21582733018436873,0.15425674141138765,0.08452070717126381
0.10403002297759463,0.052877239620226675,0.14089427058840698,0.10998972001558754,0.13074869256377455,0.11956732860424525,0.12930354679633652,0.11257063160097854,0.10001854723284935
