0.11378280101290306,0.18346418615817786,0.09029840586456424,0.10366442579827066,0.07359825500165806,0.10181911393681271,0.14762705409255608,0.07317245595284648,0.11257330218221083
0.09377307672242652,0.09118326059406044,0.1551338754776971,0.12517299242468652,0.06876111090925523,0.11318152659498952,0.1176451899281058,0.1495304142805378,0.08561855306824105
0.12905192457298323,0.13545699679310746,0.06998321781691261,0.08823941338445988,0.17238426010197894,0.04293325739057918,0.09387920132939676,0.11002375383675785,0.15804797477382407
0.09044655479328284,0.1273179740780595,0.14555696766421053,0.16603380512148183,0.05483562947314199,0.07652591504022244,0.12812342055945122,0.12914673352130468,0.08201299974884503
0.09750553275215268,0.10262347236650793,0.1065573780060453,0.06754741777948226,0.10235034311725844,0.1403744843539899,0.11151000254555599,0.15888678845493764,0.1126445806240699
0.12113838895292177,0.1257081230818501,0.06749248727907615,0.0538549562439155,0.151074243310388,0.124188505968443,0.10740197086139038,0.09713993753171507,0.15200138677030003
0.09664553196453146,0.08477268334643534,0.13193611352430737,0.07699217868816845,0.09322970096430915,0.1488057154192904,0.10756430466559563,0.1613330414016774,0.09872073002568481
0.1286365868462416,0.07151261765437078,0.0935702174852054,0.05072638445134161,0.19062793597381347,0.13466390264757766,0.08526929821090527,0.11296102549160801,0.13203203123893623
0.0852981417975419,0.13848904371122076,0.12932559391204432,0.11420677798119235,0.055636467977533355,0.1267296000268246,0.14969162542424994,0.11646700568484625,0.08415574348454663
0.06410300254720308,0.06932565823624919,0.14955257374701544,0.08192607557464077,0.0780340293816426,0.28112854901741163,0.1293599944649411,0.09093123764129431,0.05563887938960193
0.12284634406490176,0.12360577266291524,0.08535954074797025,0.09980844994343512,0.15660491661521878,0.04331222265388065,0.09261099656699677,0.13662270950279068,0.13922904724189078
0.14176650034234217,0.16824474695113592,0.065538696854576,0.09102086903651828,0.14376738611519538,0.040921616537207404,0.10282463396746426,0.07250945248557046,0.17340609770999008
0.13442498125667926,0.1463431772595035,0.06312944913673456,0.055746560627355744,0.15255071777196186,0.09969678969092526,0.10792626858363467,0.07079062391326586,0.16939143175993934
0.15343330803741453,0.073636151745772,0.10404574145660879,0.11874760375991537,0.16070535810464195,0.12261575308220656,0.10166801350599626,0.05639587761515353,0.10875219269229097
0.0799886964018141,0.12293259983400796,0.15019144728252798,0.13527814188077053,0.05238531221095003,0.11204946137414361,0.14068078010779247,0.12988416838885788,0.0766093925191354
0.10320985029218051,0.12042084811233605,0.08898257924125748,0.062194388885728015,0.0948972105730596,0.16230769313960716,0.12225776892847569,0.1243942174832175,0.121335443344138
0.08740940142459148,0.09553199338197434,0.14119546117345702,0.09127957118440112,0.06750584716973053,0.1393998094744466,0.12007096102919236,0.16653787472769047,0.0910690804345161
0.10512114266246447,0.08854084522893195,0.06953186526919637,0.03617367080467108,0.16080089194773273,0.19286072532671406,0.09583649595240158,0.12168715595511977,0.12944720685276792
0.13249516585141888,0.08858654688516425,0.10478863390887655,0.10526393523125055,0.1774134760175801,0.04828171299429825,0.08201840363455136,0.13334144560218475,0.12781067987467537
0.11346609749417698,0.10329553022841842,0.1291151573810589,0.12855386920948586,0.09787233652312571,0.05973151086773368,0.10061403927327667,0.1606513659848938,0.10670009303782996
0.08544974680972395,0.08874506049275077,0.14886167252584492,0.09365554335626293,0.065554023400236,0.15204716996351522,0.11992389572580735,0.16014685920828356,0.08561602851757527
0.08463436592686192,0.06795740663630424,0.13473050719428922,0.07324760994433784,0.08559510493299588,0.2686208750593279,0.11712885362144036,0.09522634269091083,0.07285893399353177
0.14182044213049866,0.118326633881165,0.08936606036800343,0.21439555633185495,0.12277691282047876,0.011952653796686566,0.07143738052550966,0.10965896726201985,0.12026539288378311
0.08723508413882153,0.1334192674520814,0.11847049955382755,0.09203874146435276,0.05827513026712832,0.15241855413037472,0.14807873300184907,0.11952444235478087,0.09053954763678383
0.0858788224715384,0.07677694650930904,0.1383002267172294,0.13093881861614126,0.11397338994090428,0.18681524107255745,0.12603131217368704,0.0753007995636663,0.06598444293496682
0.09303781244820392,0.1075817843688308,0.15071499565342691,0.14366272670081978,0.0609616740740749,0.08450070862769382,0.11978097848469949,0.15311830224956635,0.0866410173926841
0.07462206192031615,0.10780866830643994,0.16049235352799007,0.12799304026272448,0.05178374724510763,0.12843188989232848,0.13816803906953304,0.13849473927805747,0.0722054604975027
0.08312781790073298,0.09872128692099179,0.16037802548110933,0.13143072166534073,0.05779773176368883,0.11478942537279226,0.12611156315038186,0.14930054754287295,0.07834288020208925
0.10989230776030956,0.196105622358265,0.09348754077325933,0.14549096599199587,0.07022171462729897,0.07513156462579963,0.14732641441362254,0.065076749158174,0.09726712029127511
0.13513481355916135,0.07552277760778175,0.09567830084881356,0.11415412584419604,0.1812872224529802,0.17229050226825618,0.10360688908317028,0.036417791661008524,0.08590757667463218
0.11092415574005991,0.1043801247315244,0.09112600762678973,0.06981549638731516,0.1590211765958857,0.08654663701174892,0.09573605058814649,0.15177172940803893,0.13067862191049076
0.1152614670737203,0.10674514190405192,0.11640864294953368,0.11438962789557867,0.11768588626431642,0.056144486857899994,0.09710679048108746,0.16106097989714885,0.11519697667666279
0.05855369756657645,0.07724556724605752,0.16208680377099352,0.08084622485933626,0.05472570185784606,0.2517829667327384,0.13669181073840928,0.12096695135510725,0.0571002758729352
0.12207345358298531,0.11201539899057056,0.12847102559635862,0.22775800506062008,0.07224469613909007,0.02907895179873767,0.09265845654274729,0.12180796657950999,0.09389204570938041
0.07566398988246366,0.11617385777917788,0.15824243499002813,0.13884341484945953,0.05159167899891539,0.11785640314068335,0.14063590308188761,0.12936462661837436,0.07162769065901008
0.08666069370671468,0.10057289894710786,0.15113652397749222,0.11494758783296112,0.06062915561794827,0.11665663799344729,0.12379885044098826,0.15998438269148407,0.08561326879185625
0.0738334384661683,0.06841682760482674,0.14076782903404084,0.06224154406204885,0.06606440302570067,0.2779271726227143,0.11708892838825963,0.1227632441637077,0.07089661263253288
0.11656966813035859,0.07781385073288757,0.13479158013568251,0.1068843926306594,0.1042155475375085,0.14643657115074651,0.1105244392273102,0.10671384090931967,0.09605010954552705
0.11112052165637815,0.0774119029811456,0.1290148148852601,0.13304413768617976,0.1202163990890776,0.1531464699277643,0.1170770323542565,0.07604363131633914,0.08292509010359893
0.13258674665218792,0.11543087497476562,0.05320968020437319,0.05128425055237451,0.22597656397659524,0.06255677328034569,0.084356566313696,0.09224460827434842,0.18235393577131345
0.12746023208997306,0.13205316147146307,0.0954173659909401,0.14165848979532383,0.11757238676059505,0.031412212914235356,0.09388463451109792,0.1328957947278564,0.12764572173851527
0.12318130931366873,0.11993890516581714,0.08403781997679843,0.09814086448100233,0.16657136915841,0.04103981231503633,0.08929480181085724,0.13772694366198812,0.1400681741164217
0.1256464384880225,0.13852980147243132,0.07072506222128992,0.06832816134753356,0.14931380614246506,0.08467533269299933,0.10767595452399964,0.09810200918959494,0.15700343392166374
0.12859413388993216,0.08006634404670065,0.1135713638567402,0.19284110195918566,0.14936951862645323,0.08490360445324818,0.10760621177139375,0.057196878180497124,0.08585084321584913
0.1499499401483738,0.08612051040358125,0.08637648033839113,0.17495859716178272,0.22930676662131058,0.08998398964561528,0.0875534067228772,0.017485808345676774,0.0782645006123913
0.11255790707147567,0.08551221873246907,0.14565495671466158,0.14777401253261777,0.09016570594049618,0.09993100881112699,0.11243804129450956,0.11541742478286872,0.09054872411977448
0.10619556110527306,0.07576135220422074,0.08280943149755342,0.03714409060115433,0.17534187872607984,0.1763327960827463,0.08831840742172926,0.13354124216828792,0.1245552401929551
0.12420597460264572,0.07979907680817504,0.11128865379447196,0.19075396776827505,0.15883195528008787,0.09257473552413382,0.10842518731331174,0.052466061067857755,0.08165438784104098
0.11012839740442949,0.0877382807155954,0.12595004799013432,0.08848315002828523,0.11955190946915406,0.10232126170535832,0.09954340064721012,0.15777727852832993,0.1085062735115031
0.14148350754416078,0.06934988632579756,0.0964973411053693,0.07899982624715673,0.16354339479142885,0.20291038274400663,0.10198784855367755,0.04564509976908793,0.0995827129193147
0.0989879103219549,0.07703945378427463,0.14308355294948555,0.10974828018187292,0.09174591363279615,0.17564061487312457,0.1186572265410275,0.10321200718012757,0.08188504053533621
0.08268601570322016,0.08395755587611135,0.15524886794295203,0.09824054717709622,0.0644138051616091,0.16700680226385786,0.12212149411498752,0.1469978229458829,0.07932708881428288
0.10373857008360676,0.08596903048011556,0.1444712514812967,0.10684038976830666,0.08533895823866093,0.12031936363399164,0.11041794764176105,0.14799030536350308,0.09491418330875757
0.11283826966917458,0.10386166069693596,0.08405011932839823,0.06457548573947466,0.17442978954817132,0.08570449965958578,0.09284993115850204,0.14527977262319722,0.13641047157656017
0.09402524999074123,0.16728015971997834,0.11427484275272985,0.13498596510326255,0.06154070998532551,0.10249436211111475,0.1538271540613576,0.08610495280433585,0.08546660347115431
0.15787335000919347,0.23531978972221787,0.06952277972987875,0.07182516774366594,0.11502106985184823,0.04050691478462557,0.10363178561865911,0.029561918650199377,0.1767372238897116
0.13276949031835197,0.14147736451050705,0.06248212210401239,0.056631534314114246,0.16139358750739893,0.09413019917449413,0.10552620675052964,0.0763286093424424,0.16926088597814926
0.07686713023432375,0.07879161938189393,0.1049560263442133,0.04188979807252848,0.06930195890091626,0.28599106728732776,0.113169799344775,0.14259628068862798,0.08643631974539358
0.13604940647241437,0.1515064848495085,0.07874243059997475,0.138286005399352,0.12379056500607277,0.026804569434040786,0.09512126871559205,0.10561050197041577,0.144088767552629
0.1297753863045654,0.07506282561653117,0.11370843029463595,0.12214330375228293,0.14177453326361353,0.15316448790003143,0.11025872581211917,0.06163003331414429,0.09248227374207618
0.12538168052863444,0.10705232679425532,0.09543550100076946,0.11503940829861893,0.1653935747218488,0.03383096931807411,0.08238750096530291,0.1458923701144631,0.1295866682580329
0.14408391282021885,0.07163631765520422,0.10690057824977865,0.08474071933384732,0.17016631858473374,0.1247360123602063,0.0950278884139849,0.08224990230155102,0.12045835028047498
0.11760250410822683,0.1561730851990865,0.0892058379993395,0.09155808295938271,0.09000366789870695,0.09201809991645316,0.12862879949517,0.10254410797853535,0.13226581444509908
0.0982917627046135,0.07642392916648284,0.1104489891428531,0.13505356722969547,0.16485889341760313,0.18433637918964121,0.11659095589449614,0.04721039048302647,0.06678513277158807
0.07954920699225676,0.12789542236682425,0.11934131522289548,0.08295810117461719,0.05523277255787155,0.1895878019543943,0.1546680532724751,0.11033196271181844,0.08043536374684702
0.11525522234797474,0.1817659624748705,0.08872326830170492,0.09789887630948275,0.07529377983867454,0.10557430161515167,0.14621729160363672,0.07315129819825884,0.11611999931024532
0.12083651573426347,0.12739946781339836,0.08990348645032603,0.10115730742993728,0.13833031651362865,0.05010092741979805,0.09883076175035833,0.13776653038637923,0.13567468650191059
0.10647691556351961,0.0983355293522901,0.125958173915129,0.09795918338785907,0.10456535292358536,0.08726066087271006,0.10369700649387188,0.16751838935742291,0.10822878813361209
0.10196193301943984,0.09991593736297709,0.10319299172919716,0.06723332218752494,0.1239697886655785,0.12188924141775785,0.10412412180304831,0.16009245804067918,0.11762020577379702
0.10687369209977132,0.08031227481676967,0.07334468032032157,0.034928895367912084,0.17914389660502064,0.17705347748706113,0.08897732219846893,0.12829845759726757,0.13106730350740706
0.1007386356350925,0.08088843272284431,0.14793968485030867,0.1259038556162128,0.0882143470646181,0.14450307842373925,0.11864204498177493,0.11011183533839881,0.08305808536701068
0.11893912196110279,0.13140239515774543,0.089637869210016,0.09466598973406519,0.12853011753142093,0.06152274414832667,0.10527602661203002,0.1336966656418199,0.13632907000347314
0.09921095222876229,0.11632787426701803,0.11995691234173156,0.09537240083976756,0.08049713214720515,0.10266131708098959,0.11966800649709756,0.15860982996241782,0.10769557463501041
0.11004529075101095,0.1224695346818051,0.07270753953784696,0.048205728891942336,0.09961528036982191,0.20599327041108761,0.12114050860789873,0.09278038221613889,0.1270424645324475
0.12722640843702168,0.1501318995179903,0.07978119859445554,0.09624082630347723,0.12546128416039629,0.05642417466461682,0.10938444257325293,0.10651476490090761,0.14883500084788162
0.13938122253111931,0.07707455253307659,0.09145584511930811,0.11457307588186671,0.19327471599263177,0.16849200242524665,0.10030929677059656,0.03050132869152859,0.08493796005462569
0.10432676615981869,0.08683678935246808,0.15044661533482107,0.13090482129938497,0.0807129895441316,0.10993329418734064,0.11376612839144673,0.13364398380566808,0.08942861192492024
0.10252314198477698,0.07687698522955494,0.1122507690804307,0.14069469320018174,0.1610306937825273,0.17050564505027707,0.11627901156870106,0.04983949274121071,0.06999956736233955
0.10838004588032701,0.14288612142892795,0.10009898110391618,0.09351035253987028,0.08167726331514324,0.1012641921556315,0.12952230348000632,0.12243925866744947,0.12022148142872813
0.1652834249030928,0.07559842731226993,0.09895306990361741,0.16370905260323126,0.1677788855227866,0.07100867538638878,0.09588547291939137,0.05064897636547885,0.11113401508374306
0.09829217745229653,0.1012548650355733,0.1349696181194342,0.10244607789829085,0.08043023974076126,0.1008423038016426,0.11302739102379243,0.16858814335587802,0.10014918357233094
0.1997315850390907,0.09460595918313612,0.07288499249459351,0.15927460010980496,0.2402441045867925,0.06231799183430226,0.07068099358489334,0.006459688025673076,0.09380008514171358
0.10482256591860861,0.07312801435382396,0.13224722916547635,0.07779264318441372,0.09833857716913831,0.19606610235633015,0.10901958256121425,0.1156636014650796,0.09292168382591505
0.10103902143545036,0.0870116059055746,0.1485302737211577,0.11386407854438119,0.07935458498573804,0.11885984492581908,0.11294732072706963,0.14683283186445154,0.09156043789035784
0.1215665702299444,0.08677272287787419,0.1339318804706959,0.12031422556643372,0.10992735626421357,0.0838932445017817,0.10089328116141243,0.1369554148742955,0.10574530405334855
0.13355061844591834,0.1149784296900651,0.08264060235400227,0.1420675717031266,0.17059379691442547,0.018435999424205388,0.0742496536705148,0.12746048019905154,0.13602284759869046
0.07496509203350145,0.09001880861799012,0.1534806023137237,0.09146501142069281,0.0556987991027648,0.17455799397056718,0.12875059352267915,0.15433788924153294,0.07672520977654791
0.1245419549491405,0.12733458399581174,0.0971925123531117,0.13026043314104765,0.12318388017740807,0.035957331276395735,0.09456424282495575,0.13948388928268113,0.12748117199944772
0.15082198484632325,0.07955505727853508,0.11512638708048573,0.1537247083040516,0.1391551167924734,0.07203912163340657,0.09871762837128183,0.07890084834699286,0.11195914734644981
0.0997074179762969,0.14850718767977816,0.095714754140451,0.07864819264573926,0.06789112022635017,0.16352016984359016,0.14818244468069652,0.09403191016152364,0.10379680264557412
0.1294275079863977,0.14957431547647806,0.09672709164929712,0.17034476980955052,0.0867064057502917,0.029653848164289898,0.10128843671656602,0.11448598210367478,0.1217916423434543
0.0758197344424638,0.11934992977090615,0.10431971061106883,0.0619730741326151,0.05592554347009071,0.2610855172607138,0.15490514014054899,0.09303037813962645,0.07359097203196621
0.15066695672671304,0.2067845237520067,0.06783304155630497,0.10773541181569184,0.10641786520533118,0.03226640942771164,0.10749957524415817,0.050494092769749636,0.17030212350233284
0.1077373618431318,0.08826344272839386,0.12346715984124289,0.08333755041577669,0.12055050587050535,0.1068980657819849,0.09969647937722843,0.1609436682958527,0.1091057658458834
0.08457326022621275,0.0869450661213494,0.15160236279100575,0.09577130091592427,0.06471756888899917,0.15624060495501,0.12061356622257167,0.15614588507488944,0.0833903848040375
0.09798311931887323,0.0893995187260158,0.15562926418715775,0.17434418581437194,0.07957075657054904,0.09403417418334936,0.11770055795118713,0.1129631620654497,0.07837526118304612
0.07085262648035723,0.11746109573190504,0.1443457413193846,0.09939372700496056,0.05059106563036855,0.1713355270023461,0.15332617308697036,0.12193789494178002,0.07075614880192756
0.08280254629533523,0.06864098164570681,0.13343514184590835,0.058535897190684756,0.07533688822793957,0.26344662194171425,0.11143209749176852,0.12644849823683488,0.07992132712410761
0.08403468028645962,0.10208803191958703,0.15625314945217844,0.12607858644272799,0.05734049589733378,0.11317025736627796,0.12651145445273346,0.15345735684778297,0.0810659873349188
0.1424739406805735,0.14986690002811004,0.05740476759866751,0.05271679697618135,0.17447401726711498,0.07882314197512338,0.10053865616800482,0.05933538147676137,0.1843663978294631
0.11405300591964888,0.07071980897357201,0.12200084348743552,0.08397112530167623,0.11450107081481013,0.21085970674093532,0.11056541430942958,0.08211119154432073,0.09121783290817159
0.07140441170921474,0.11480026048705365,0.15389997689321377,0.11480929349606743,0.05039059116934328,0.1482086565713062,0.14806117487269616,0.12813544063898666,0.07029019416211804
0.1085076961424634,0.07706192590761318,0.13826751924620265,0.10134535771708686,0.0962745104256184,0.16389065362659658,0.11292876562641459,0.11044466393072928,0.09127890737727505
0.09669541414799782,0.06413307892890348,0.11838550652588609,0.057235139985216114,0.09964149450092319,0.2890067972524671,0.10921695410614578,0.08387640448350593,0.08180921006895452
0.11292806609325551,0.09647203146373763,0.14493941290156534,0.1660754454350132,0.07939963807138063,0.06238750965891136,0.10500769637470236,0.1389702411345685,0.09381995886686549
0.09762717064916919,0.08350524324222348,0.15263046658781818,0.12303268133901907,0.07897495774633578,0.13557551546771335,0.11804816204001596,0.12659283920645378,0.08401296372125122
0.13137453155461562,0.2254411399700359,0.07731283587867477,0.09800100409435375,0.08999291122336918,0.07460974794387389,0.13728217086422687,0.04244362330766913,0.1235420351631809
0.0877422168560112,0.13193914542102034,0.13827291251736187,0.13321565925201367,0.055151112304336926,0.10009528020555297,0.13858768606874008,0.1297573790200306,0.08523860835493226
0.16335441338924908,0.07464732178545262,0.08287770010188289,0.08648154007315097,0.20171432360659355,0.17275753756862458,0.09327421787520647,0.02546617607125971,0.09942676952858005
0.11633076506395361,0.06837811708413634,0.11629454744745575,0.07275619257044762,0.120226729945641,0.22629563472975878,0.10762482956160872,0.07840653718118847,0.09368664641580975
0.09664553196453146,0.08477268334643534,0.13193611352430737,0.07699217868816845,0.09322970096430915,0.1488057154192904,0.10756430466559563,0.1613330414016774,0.09872073002568481
0.14704698258643478,0.2188734753044375,0.0717392012572221,0.10052500971739287,0.09771707663127953,0.04295892012497957,0.11612754448358616,0.04530895415215596,0.15970283574251154
0.10153213349976677,0.11334527902940206,0.12200946950136123,0.09974197701635161,0.08546919292712946,0.09214559694032805,0.11498792407673646,0.16265403939635883,0.10811438761256553
0.09392454635414915,0.11951548618846476,0.14553241514677495,0.15611465699541166,0.058043634795710806,0.07478986989720167,0.12248786011036354,0.14292897665500226,0.08666255385692118
0.1061776674827169,0.1455066305492239,0.09042990633133323,0.07406468442591597,0.07658032020521936,0.15298304826188466,0.1389668425600478,0.09868665728381289,0.11660424289984522
0.09215755345723209,0.08764973038356516,0.15804194276880112,0.12982965133758836,0.07059416358946763,0.12409139393354612,0.1199509203372507,0.13638611172354176,0.08129853246900703
0.11894680864244996,0.11894151676974701,0.07899292708219702,0.0757332243047802,0.16943793310151004,0.06488950896671067,0.09553368772828785,0.13272314829244483,0.14480124511187242
0.07661267567233809,0.1000073729982625,0.15846847013253793,0.11433305808917842,0.053829895585739564,0.13833913529777483,0.13278777200741607,0.14973994130738552,0.07588167890936705
0.1298483947481293,0.1629335508534058,0.08615514414956578,0.12986208446048778,0.0977130224443663,0.0418503535919289,0.11146272229076694,0.10227820410674023,0.137896523354609
0.07400188551344804,0.08047075400833306,0.16269636511458818,0.12239701297515171,0.07565339340593738,0.18207209560183313,0.13135638483096318,0.10741264053467314,0.06393946801507207
0.07372497108377975,0.14173807326934312,0.12257289461302345,0.09399052999479685,0.05889356645530608,0.189679322714655,0.17122543144184407,0.08205162684664757,0.06612358358060406
0.10504083861973672,0.099690820383603,0.0843306410903532,0.05318772161561167,0.14889369394766566,0.13823930233782913,0.10029857832322735,0.14227922117997702,0.12803918250199622
0.13932092826813341,0.1992181959727408,0.0754800037375861,0.10886027686410342,0.09392915233292438,0.049162728488014264,0.12082644182276175,0.061254716077630424,0.1519475564361055
0.1131345678215333,0.07591070105140442,0.11991156778370193,0.069401135299857,0.13452200372702985,0.148633060600589,0.09773403551085925,0.132480155242463,0.10827277296256226
0.08062465973136572,0.07003432392379373,0.1388249808658529,0.06444470275245255,0.07154039886270377,0.25640003778636417,0.11457228218495512,0.12643959374578684,0.07711902014672528
0.10668512180163492,0.08640615617898921,0.1496613284581929,0.1388851146090105,0.08328391774069387,0.10604486086882436,0.11372993541347648,0.1262470311639214,0.08905653376525641
0.07333458993053044,0.09488249050836157,0.1206303483939462,0.05998315677503779,0.05466475087511193,0.24385525634841673,0.13232328808712088,0.13993094321258903,0.08039517586888544
0.09941180310419036,0.08430854060236652,0.07931834743346759,0.038202483660119406,0.14787425054840228,0.19940924587139133,0.09660995026192791,0.1349886882685932,0.11987669024954144
0.1351455184012242,0.08891436463964204,0.09667537514848172,0.09864206790727524,0.19222555343810174,0.04371315819984411,0.07819745835369445,0.130790626456637,0.13569587745509945
0.09909832844978712,0.09592458647776676,0.1508284921185287,0.13351314782692741,0.0709124690057684,0.09135384759343616,0.11375743313382874,0.15443871243940985,0.0901729829545468
0.07658102304951765,0.09000378680740223,0.1519962787277824,0.09074762395650644,0.05696443682523581,0.17167893009059332,0.1272208344819242,0.15628431090374464,0.07852277515729324
0.14622405918620965,0.1529146136873971,0.061235504626026525,0.14174789345192362,0.1545248327492613,0.015146166043933868,0.08174057806662721,0.08471109202977334,0.16175526015884742
0.12586288846745125,0.09585697451041304,0.05231112759523695,0.033743010168865294,0.21155285724974737,0.13206631001943028,0.08599847318972283,0.0926564556645208,0.16995190313461225
0.1454044584265624,0.09472037780854577,0.10654572188107521,0.20384338361227483,0.13023274820533362,0.02113921477594807,0.0777029059685551,0.10432795834259069,0.11608323097911426
0.15955347903009556,0.3035168003058482,0.07343397783544216,0.03703744899773618,0.1582548185426742,0.04680074908741738,0.08826185623938536,0.008355862204450152,0.1247850077569508
0.1105863377538046,0.07301343641626808,0.12953977132788827,0.08098591394554583,0.10540144997569993,0.18899233296754395,0.10832072536458988,0.1078119835983744,0.09534804865028512
0.12728694839170482,0.1395426119202761,0.0743730378711652,0.08820163432677919,0.15349472419991184,0.05194524785953808,0.10066525208546828,0.11060248622717296,0.15388805711798345
0.13397077199957594,0.1481953122823602,0.08503253947702212,0.14835543363253575,0.1131382726369869,0.027116746745638087,0.0957182842639606,0.112329599062813,0.13614303989910734
0.13321435700582226,0.18250636108516324,0.0793266765663757,0.10773838098176503,0.09539456648125638,0.05589066556187914,0.12184384423145421,0.07667718935698714,0.14740795872929682
0.11276357543776422,0.07474079730150242,0.12883954494723646,0.107221880904818,0.11191608136905634,0.17789118914895422,0.11452021187686656,0.08404239232642659,0.08806432668737525
0.06690738615231424,0.09723118629645972,0.14036737729658944,0.07468441871047897,0.04925736368428615,0.2222859868865128,0.14223143127970253,0.13640730798508335,0.07062754170857281
0.09928172940045853,0.12348763001193709,0.12535652224571872,0.11248080738093715,0.07088021938849044,0.08952339675787281,0.12335503885458725,0.15235687990483618,0.10327777605516182
0.09635928449950588,0.1642768604740791,0.10711307451687534,0.11037974713025349,0.06338765384051986,0.12271952275989832,0.15588465713182773,0.08792254551267675,0.09195665413436353
0.08148674802794907,0.07115618906125047,0.14068635625111603,0.06797701169922991,0.07166863778384484,0.246476180092959,0.11534988180851795,0.12758165294463583,0.07761734233049696
0.12001897507927146,0.17656360742031893,0.08522608845234264,0.08917541201978992,0.08156842530006853,0.10460400212819225,0.13937939032365879,0.07576049631272448,0.12770360296363312
0.08866676366878046,0.09868884917012423,0.1262893881166303,0.07663492912221036,0.07484497646506412,0.15291225399929756,0.11908192681704736,0.16513059970553848,0.09775031293530717
0.1386554649674175,0.0722479179671334,0.0904385477630008,0.05516509383329939,0.19955972397133534,0.11441684565963807,0.08275150170381629,0.1055729021863443,0.14119200194801487
0.10477921527566507,0.07786158021140274,0.141506911736618,0.11000639654988022,0.09354940160966191,0.16286388946932015,0.11604943801698935,0.10666133074628176,0.08672183638418081
0.12292238655397936,0.10294955508283628,0.054983209246947086,0.03744698449275505,0.1983261452872198,0.13704040531361428,0.0920493584281451,0.09279555611556099,0.16148639947894214
0.12313158682106527,0.1457149866125107,0.08372501722480885,0.09344284723093756,0.12023343981265601,0.06492134118606618,0.11184087774263358,0.11368679292720192,0.14330311044212005
0.10511063714611295,0.14055243222947172,0.11139068172880899,0.11036346500345635,0.07317165267996306,0.08734866346438004,0.12886070326280172,0.13183795442034177,0.11136381006466338
0.1031364072489525,0.10520485856119588,0.09802715762872026,0.0665772236327734,0.12290587460370557,0.12234127979406106,0.10654046544971607,0.1540478037812637,0.12121892929961142
0.08158526292255631,0.0979978393900046,0.16689458216513942,0.18948949545478286,0.0649074876896756,0.09303286248928877,0.12428230400673114,0.11437840927395691,0.06743175660786449
0.1007386356350925,0.08088843272284431,0.14793968485030867,0.1259038556162128,0.0882143470646181,0.14450307842373925,0.11864204498177493,0.11011183533839881,0.08305808536701068
0.0809384303558232,0.08131322684604096,0.15785470318721018,0.10229460504894794,0.06630711670163694,0.177551836666809,0.12405222810610356,0.13463265005583003,0.07505520303159817
0.08909690480777453,0.09323941827951919,0.11682892351059183,0.06403811721550895,0.08489635881719136,0.17425538721075337,0.11388153566334967,0.1629281086028318,0.10083524589247932
0.10426404364802964,0.06949577241009147,0.12605129203092197,0.07660603153159386,0.10285431243084685,0.2324082829169476,0.1116824851140057,0.09002802920336471,0.08660975071419824
0.08419321130728015,0.0811883187918621,0.14152373432643198,0.1670872565290932,0.11936964137445204,0.144836104735503,0.12688573431392203,0.07219284097828554,0.06272315764316992
0.11522766345016704,0.11348705458386871,0.07646388985941642,0.062353515072423184,0.16850912514584446,0.09218972912193207,0.09817223861949902,0.12986957812967548,0.14372720601717356
0.1099558523031385,0.12609651314967363,0.10924859479466363,0.10563885710099337,0.09509588345666141,0.07255960729170124,0.11309415004726614,0.1497873964055978,0.11852314545030423
0.11026499797287019,0.10209461885909542,0.1174202072158849,0.09776199029761988,0.1186282210830447,0.07431094747956306,0.09988440617406762,0.16539523092156327,0.11423937999629087
0.11320251441359931,0.11072309063768539,0.0618096139917664,0.0360286838808993,0.11202002380606556,0.24480315680412382,0.11215008038025226,0.0806890344507011,0.1285738016349068
0.10431979908813759,0.08928708159391023,0.15265776219166807,0.15560540360220346,0.07903656470243565,0.09359697093820953,0.11424993687476546,0.125406238638723,0.08584024236994693
0.093729366848383,0.0729022865902217,0.13268256844389037,0.10276168595397216,0.10671322182001765,0.21692840360764187,0.12036372445965571,0.07992727166130272,0.07399147061491483
0.09284932719219731,0.08822663846658356,0.15887677606117723,0.1602013992127739,0.07668972694886196,0.10909440996542658,0.12090157287038045,0.11676051762581728,0.0763996316567817
0.14138110199793028,0.08081092110270731,0.10770367971444532,0.10452795452335362,0.1771888714282769,0.06406813696783359,0.08609017154599867,0.11065052758313364,0.1275786351363207
0.1235885341925582,0.10724673795037191,0.067579896931436,0.06126288297081104,0.21094070282170743,0.061407582147732315,0.08390368591040853,0.1255822522669683,0.15848772480800624
0.09047347000394901,0.1035794520565441,0.13733822475470614,0.09770219643290606,0.06831493122369066,0.12083590262051397,0.1212839105687693,0.16580263837144,0.09466927396748072
0.1498169717960294,0.25359561593566365,0.06855426604057795,0.10991329876086729,0.09752632993427789,0.03197408569531667,0.11187147547333039,0.03057592451606009,0.1461720318478766
0.08091924820744177,0.07677215542962335,0.14921986473267268,0.08158552510315104,0.06732034775699426,0.20962437806350645,0.11951509163015228,0.13744426520971162,0.0775991238667466
0.08617277007960024,0.08673830450533389,0.1402618103717741,0.07998625454856886,0.07093173283316814,0.1668279412577852,0.11649478276555171,0.16315265067619944,0.08943375296201843
0.13333799701319107,0.15413749210539426,0.08712213939492781,0.1531717125228931,0.10078740152059941,0.029077453368300626,0.10026874017917632,0.10851596849238994,0.13358109540312743
0.13432884040514895,0.15927307540989716,0.08456181695380117,0.1490189040027149,0.10064198629764369,0.03006942101595389,0.10232664944351257,0.10302511769789059,0.13675418877343706
0.13981964210044426,0.16714570935001793,0.07312842860131712,0.12728182329307394,0.11915518040329708,0.030025612947772885,0.10136827977807766,0.08756113754481358,0.15451418598118563
0.05491037002679294,0.09939339232171863,0.15867718062544456,0.08511800307589955,0.04995626371194845,0.23414946449375273,0.16100684422216077,0.10390402174009766,0.052884459782184624
0.10605840625099415,0.08684257484006654,0.12772469603685646,0.2531304762717366,0.12070314324384164,0.06027231898700521,0.10795288624107346,0.06541596255834009,0.07189953557008583
0.1319393413122008,0.1442365658723654,0.05887771125596355,0.03371320743590898,0.1075984536771916,0.22744144769910346,0.11400102963137171,0.04530551895903664,0.13688672415685774
0.09486692683164749,0.08408586902630395,0.14942151391120617,0.10221085871630288,0.07565016781070356,0.14437192474944777,0.11549102871841277,0.14594562796293922,0.0879560822730362
0.10375940239147534,0.08307164475458677,0.11842281697838168,0.06801692259769283,0.125867411234181,0.1366952432878575,0.09893132612899742,0.15694491492000615,0.1082903177068214
0.07842315691463402,0.1323683516355321,0.13146991057338583,0.10245877616455738,0.05391195250856032,0.15625237792176308,0.15582259647754076,0.11211714385832235,0.07717573394570419
0.09214639105101097,0.10335093525339316,0.15017765009473094,0.12883909065189778,0.0630927495347347,0.09584344748613276,0.11985944631546956,0.1586336255480206,0.08805666406460964
0.07531425990140676,0.09162433981119432,0.13768506959506846,0.0733855608217216,0.05691588338683315,0.19921661021399442,0.12763564869733687,0.15659919993257257,0.08162342763987185
0.13539476900587005,0.17137010112880458,0.07804806241512983,0.12026300311261932,0.10623735632176183,0.04042449103040117,0.11066383981746002,0.088001069396495,0.14959730777145822
0.12378580965600923,0.11784423926949346,0.07745368628155674,0.08788975286927264,0.18409758752200597,0.04218800534826941,0.08683382622311651,0.13309466859467575,0.14681242423560026
0.07167704342854642,0.08581421125076605,0.163119188581299,0.10223949492423269,0.05686717629807111,0.17920365554903592,0.13109232302344012,0.14042536056771598,0.06956154637689273
0.10997148931648355,0.13788162278390545,0.10723694663211346,0.10974200247182271,0.08379950657626466,0.07589520200066573,0.12116188470692474,0.13627999722795275,0.1180313482838669
0.11191515333602338,0.07207298336238285,0.11996240865929346,0.06475732685004747,0.1275830385109248,0.17892238679281944,0.09991711941659419,0.12062378833898169,0.10424579473293276
0.0854019900953558,0.09970980047235863,0.1326204218473848,0.08190787719363134,0.06645452098460257,0.15392861303021235,0.12347487539069313,0.16370900303545977,0.09279289795030175
0.10788896264001897,0.08384126410870292,0.07482959840495414,0.03862082086201594,0.18142792959018708,0.15916158611759196,0.08913256494123527,0.13208902147977877,0.13300825185551482
0.09287416234332584,0.0833195915062196,0.15555940638971733,0.12968531001526784,0.07834995266598697,0.1402514545559527,0.12132267125040112,0.11975202590322138,0.07888542536990722
0.08650371073830455,0.09065391582831657,0.15240866933955724,0.1037556341349553,0.06449467878373467,0.13847067860112028,0.12073898454072605,0.15827721475143783,0.08469651328184756
0.13257251735350462,0.12581983837066038,0.05509235460578122,0.03639339433021175,0.15177542518563708,0.17253468208516773,0.10435195917519008,0.061859821702083366,0.1596000071917639
0.06305095038979837,0.07532290524815784,0.15759998538701936,0.10809734971749675,0.0863777309498009,0.23455904621402332,0.13669362450977454,0.08544821789005373,0.05285018969387517
0.10056504148880618,0.09676827483757215,0.1540131736045172,0.2026966353973135,0.0714094302364842,0.06625350492839256,0.11166270338083757,0.11745514675961181,0.0791760893664649
0.09487595772369023,0.08195985010962309,0.15257720149048956,0.13114011051981048,0.08376267373676465,0.14373653045238266,0.12122400977710364,0.11186016353932822,0.07886350265080744
0.13231759691620837,0.06818432563507225,0.10332258639547859,0.07469878995254364,0.14686080748576008,0.21447941304203813,0.10419349972268321,0.057133054408669566,0.09880992644154608
0.0771296099057707,0.05881138284147432,0.11604318436404297,0.03740135319227488,0.07573317496083236,0.34848853011502773,0.10672666656181862,0.10555935086189532,0.07410674719686317
0.13513481355916135,0.07552277760778175,0.09567830084881356,0.11415412584419604,0.1812872224529802,0.17229050226825618,0.10360688908317028,0.036417791661008524,0.08590757667463218
0.12578261015666983,0.15190290843190768,0.08162440827343231,0.09505179800246244,0.11764761947227524,0.06261810070591357,0.1132113516986434,0.1056968836185284,0.14646431964016718
0.08751064921525098,0.13118891260331542,0.14670212223624365,0.17295860723683368,0.053842665058732087,0.07905124581553298,0.1316939171962193,0.11918458961291735,0.07786729102495459
0.10317065580308345,0.11170129031833413,0.10985035508482316,0.08353403329555043,0.10221774874130408,0.10253117026109963,0.11168791437955516,0.15949500028104555,0.11581183183520442
0.10144562880201398,0.10192905033945436,0.09824490096437062,0.06322470426997308,0.12268531859018074,0.13243929280304587,0.10599321561883358,0.15470487152878384,0.11933301708334387
0.1401414005445543,0.0746298107062296,0.10968387136500553,0.08766012951996753,0.17012830109362773,0.10537661651255725,0.09257632505643942,0.09753085957148806,0.1222726856301306
0.08757198941350484,0.08491434862710778,0.1559872767284034,0.10864200958617493,0.06795065230663178,0.14954260279190393,0.12069373404311945,0.14347432987391337,0.0812230566292405
0.05455597599991594,0.07872304874748788,0.14450999389718708,0.05833419304181638,0.04692154627095829,0.3030801349231426,0.13914223849575347,0.11920528466532447,0.05552758395841395
0.11284003859718668,0.11093954225675721,0.1126478395933183,0.10643385979326896,0.11599667295262162,0.06207607172291115,0.10055304046604185,0.16104234604827494,0.11747058856961938
0.13443314908223172,0.17325431747233946,0.07894323585824155,0.11804517988205578,0.10275452401113032,0.04377542533843048,0.1134364564574573,0.08674439805510059,0.1486133138430127
0.1084813122750582,0.15810543074212613,0.11503928917089663,0.17153927030795976,0.06130842836259213,0.05463993496258329,0.1260970726496891,0.10603771124484544,0.09875155028424931
0.08508941177238033,0.07241731675534337,0.14358844744576904,0.08890278836739884,0.08335924180415046,0.23007883223821893,0.12067094975321058,0.10263360187725286,0.07325940998627546
0.11289713261743484,0.12837581205980572,0.11345422908118973,0.12570765201250558,0.08908810403434377,0.057369232009693426,0.1102232518518829,0.14794809355513372,0.11493649277801028
0.0993353788175504,0.1130718905357078,0.14494656635821698,0.15824510824314952,0.06301990044561881,0.06709245918837496,0.1151377197868712,0.1491688537588139,0.0899821228656963
0.0861019773895434,0.1075547049905408,0.16010228536192492,0.16876869947409845,0.056630593212510884,0.08537009667776403,0.12367753647160329,0.13572274505239854,0.07607136136961574
0.07643731183492457,0.1359190710965983,0.13347812788961763,0.10765158826147435,0.054313074232243685,0.15564246236899582,0.15997285250200732,0.10370833475210967,0.07287717706202865
0.106074094274266,0.11239805537097776,0.08771900560942641,0.06186228485964012,0.12400448955503769,0.13260305378523785,0.10991082339508496,0.1375584659196504,0.1278697272306787
0.08764875271978174,0.08721416275973985,0.14811883741670398,0.09323118228100752,0.06850629798436528,0.15155286425102948,0.11802038501854097,0.1588402256828154,0.08686729188601573
0.12931007277801757,0.1653715164834277,0.08213027287579094,0.10798742958667236,0.10383896957079593,0.054531649554597716,0.11649563044281498,0.095084896082704,0.14524956262517877
0.1246472677347682,0.13932183011066107,0.09911891750762918,0.14220430892505434,0.10011162598911448,0.037452146954762316,0.10213735535817771,0.13016375988555132,0.1248427875342815
0.07649366518389854,0.112202232365978,0.13525737789228456,0.08768457271323223,0.05296832577936467,0.17338948279284197,0.14317497142619084,0.13820083290464694,0.0806285389415623
0.1275640034147287,0.15967912478780077,0.07183486793803888,0.05703674717165902,0.10314182728566705,0.14593320733388193,0.12561660676914155,0.06434375363511251,0.1448498616639696
0.11615556804142069,0.08117448309308868,0.1348603342081387,0.15410095216338732,0.11074290601236887,0.1145130562966108,0.11479927636255677,0.08648382144590172,0.08716960237652653
0.15978914346449832,0.07509596815026374,0.09310696376237843,0.12764520912449717,0.18603336259200343,0.12207962699862078,0.09814185022810551,0.03700885668848662,0.10109901899114603
0.10056504148880618,0.09676827483757215,0.1540131736045172,0.2026966353973135,0.0714094302364842,0.06625350492839256,0.11166270338083757,0.11745514675961181,0.0791760893664649
