0.12139639592455126,0.16580428920763848,0.11873317522743383,0.029873722645642194,0.0843494777589177,0.1686727217009939,0.14335422313285082,0.10213720166388339,0.06567879273808849
0.15571643498172635,0.13715060801199538,0.17876137650242785,0.02592551622084852,0.07643732574334532,0.08651887655481484,0.17156158947040953,0.09778549684279274,0.07014277567163942
0.15700467176540073,0.08269325667044115,0.14837148557014776,0.021287533297431493,0.04141486109633027,0.1810420302009573,0.10751409313500747,0.12626856664204908,0.13440350162223474
0.17247904664201696,0.09073156640271964,0.11502129598655726,0.03742872387124049,0.0805361335312924,0.12044971260708694,0.1615555085666757,0.12379113973232342,0.09800687266008722
0.16107233482089445,0.1163167980668458,0.09162128412217925,0.030978312899790843,0.08284108418056912,0.19359743703097798,0.10048436122370046,0.10909531768471159,0.11399306997033039
0.13235843736862776,0.11166123394849796,0.04617744833312567,0.04778825698953356,0.12194643220009578,0.1925202418393496,0.1406189114618164,0.11882359027172684,0.0881054475872264
0.08837068895871503,0.15923621005310626,0.12671148610657937,0.03463510159478619,0.11825404367376328,0.20177216361714068,0.08421761272354152,0.10870264147301323,0.07810005179935452
0.1708748185022648,0.11095592375357892,0.03822617737205183,0.07817136820949185,0.15327553558290244,0.1467459030092824,0.03644216602751734,0.10387289440444937,0.16143521313846115
0.19914341869513488,0.09176849602286336,0.07668337913999287,0.10437117218761166,0.03746547038629761,0.05673196541231252,0.047106841439541504,0.11269809168073025,0.27403116503551533
0.10454251999079062,0.08387826890388227,0.1234080215587311,0.12067175590222602,0.03400521599489699,0.12133159224559768,0.03763560270963801,0.11670691456714472,0.2578201081270926
0.20582151498136622,0.05454401672818245,0.11009740558783154,0.013515010427791102,0.08127842282661099,0.13118109506101186,0.19470470988927405,0.10396564650691058,0.1048921779910212
0.11603253018806227,0.24899604360308988,0.08839394341175454,0.07646913327870371,0.05214564850321413,0.14488122836639106,0.023137447410415443,0.11924665268805094,0.1306973725503181
0.05140824921141308,0.19195745098661707,0.2119223812404926,0.030697211116218284,0.03159514143693617,0.2151464780356304,0.02783246903461981,0.13483600897586057,0.10460460996221214
0.1380430872993048,0.05525296711897132,0.2219031440001945,0.03230233332666887,0.05933062692629019,0.059484098416853474,0.1295540018512175,0.10639349520149871,0.19773624585900063
0.06614676397409172,0.08665730547686769,0.0796139230458649,0.21091298752891852,0.09641338902394332,0.16717255185312307,0.10025202290489617,0.14139211135024563,0.05143894484204891
0.14631959792027258,0.0782850072897381,0.11127644016775277,0.022278663319377872,0.07009854813097037,0.08046216741886003,0.3294325278222167,0.08096993783088265,0.08087711009992898
0.12478643298733738,0.18274865101594404,0.08158207667081381,0.11306947506636461,0.08213273740784986,0.0976557683911295,0.030586852684393987,0.12378693334127648,0.16365107243489033
0.07268935966251916,0.07596603321919129,0.04564859933557563,0.4217903228836298,0.0294672324159637,0.058249709900835465,0.030590511041167574,0.11679062564431582,0.14880760589680153
0.09917405400072783,0.12618154845867183,0.21480435951820773,0.03669718356095279,0.0504274819521271,0.141182694809091,0.045987472653884844,0.11807323132031967,0.16747197372601721
0.12218482237986528,0.15218461028510633,0.11302768047962859,0.04157691599076188,0.12911416736343684,0.15574496712948818,0.046690356414346795,0.11413504759309094,0.12534143236427522
0.08445309790296944,0.13620354911140595,0.15986039104179495,0.0359731516668971,0.0643361187608124,0.24260848624341289,0.04949070450250242,0.1300357493545862,0.09703875141561863
0.16965802869623317,0.14976797390707472,0.05494924318868729,0.16183479374435794,0.05116651113881929,0.07176845693091562,0.06673830675858512,0.11482935927979725,0.15928732635552958
0.16778341193668433,0.08871219940405228,0.06748876763333858,0.09330539042150922,0.07761307622708495,0.12696709442170243,0.1413895144485794,0.1125178156508474,0.12422272985620142
0.15040365175255535,0.07805107394226242,0.19608064284394125,0.057967430932962645,0.035424725599344065,0.03680148931858326,0.044207958905558696,0.08808602327376101,0.31297700343103124
0.10617014229773525,0.0682149408700898,0.12556400511722052,0.130694418059997,0.168017683541941,0.082723452520616,0.11584266708535666,0.11034717732365233,0.09242551318339148
0.16442583385898712,0.13725998451489405,0.07096025797713955,0.05543121920753239,0.21123700512699137,0.059225591245472164,0.07650047780999068,0.10885591959460743,0.1161037106643853
0.065132058277926,0.12916148845067324,0.06705956866294176,0.0419226165547524,0.3141106657575618,0.15415848140297417,0.06584195431593233,0.09670124277866327,0.06591192379857512
0.11237708511337806,0.1570774427409673,0.10115357621081596,0.04182595369820102,0.14599034194323265,0.15353098233944468,0.13848118980395227,0.10389235845988513,0.04567106969012295
0.09902800652657819,0.09634747400886051,0.05498895156953035,0.21320485985132145,0.04770587992754694,0.19484776787650848,0.0666018856686363,0.1293485591104004,0.09792661546061728
0.23951115727271385,0.0706121216668182,0.05414820318781626,0.0693400274533893,0.07180441130895014,0.051594293176068264,0.09473829685067035,0.10038992871238141,0.24786156037119222
0.07050288485609736,0.12127705934092063,0.08905401068130085,0.2591827797152464,0.13147466731073665,0.07343149056626522,0.1014795227730262,0.09980005720938583,0.05379752754702088
0.06776186959932673,0.15431411444394794,0.1342549526479325,0.11985436055197901,0.09631781881737041,0.09821443645983263,0.09600944926183565,0.09934061595225356,0.13393238226552162
0.10327064335664575,0.1540073435596523,0.11111476379035805,0.07941904884749146,0.07556122339339431,0.20266017045608617,0.04307343115975659,0.138220413772205,0.09267296166441041
0.057795172855096534,0.1592112832527057,0.22736925576641479,0.09327613617901935,0.07396739704370552,0.08268771533057928,0.02666311097268928,0.11829945226841883,0.16073047633137075
0.10494031615113149,0.0867111613682038,0.09301812819011505,0.05546910704895785,0.21156033263375,0.11698666983614255,0.18371758531676605,0.101911522302141,0.045685177152792245
0.13363026564575411,0.1534722885804868,0.09271525157502535,0.03197236182226449,0.041607842047986024,0.25875997483920815,0.09108178693185809,0.12724273924945625,0.0695174893079607
0.10469693933900759,0.14620276181281155,0.08056327871770937,0.09249747392484331,0.11836032544068913,0.17000630577159867,0.0836415673383653,0.11515829398848038,0.08887305366649473
0.14549733258656514,0.09932389306209523,0.14950285692833443,0.02046908105904498,0.046034054167480166,0.18904065482343188,0.1676807535369904,0.11873958813079415,0.0637117857052636
0.1593223146523197,0.05931186616459385,0.04379423087845719,0.20514382149086363,0.1167533108942525,0.05583527376063067,0.1599409909237396,0.11512138525243278,0.08477680598271008
0.12333236774785762,0.14467763808074954,0.10459907331731311,0.08369167977254466,0.049755031307147694,0.15099403979844825,0.09360885114313,0.11702194476387505,0.13231937406893404
0.17671217549177679,0.09588664944257264,0.07660448352094838,0.1177311290684127,0.0993388301371088,0.071305322477762,0.14073954467857613,0.12297276478146225,0.09870910040138033
0.10423745807256986,0.10326999966094293,0.10278894960059078,0.0974391200574035,0.0484833310528285,0.13616037498134956,0.22276700179684783,0.1122990437437444,0.07255472103372257
0.09753563583882609,0.12478734352393556,0.051648945090002174,0.07899636642448049,0.1473932067187411,0.15816323094106047,0.18266745521958028,0.10226617743543898,0.05654163880793497
0.095741881443839,0.10999948528593424,0.14886790451903933,0.07714072025385406,0.04143166672859967,0.20412016031741453,0.039251393530563415,0.151554611584135,0.13189217633662084
0.07943746893970942,0.09918812498465664,0.0568483705260849,0.2288819226175761,0.14530306430186282,0.06821813096580924,0.02093666961969193,0.08759298286870186,0.21359326517590715
0.09826899515299616,0.08528219154304358,0.26937707852399484,0.01637984660563835,0.03408475467757978,0.08426212618663094,0.22212648905694474,0.09076529646614699,0.0994532217870247
0.09564168747853123,0.15031871063538638,0.05478579825014482,0.03285761150554011,0.2741568771660812,0.11740475610809986,0.16740420524897845,0.06797020397078575,0.03946014963645224
0.09156867559290498,0.114053248775271,0.14340644679535916,0.10430585995607826,0.060926644282904646,0.14975665148408326,0.09419050537184259,0.11736054874510464,0.12443141899645156
0.08273230198023764,0.08850235379333059,0.1933441778434121,0.11442465025306248,0.08272731363085771,0.07245319778294,0.10565799840959646,0.10069669651031644,0.1594613097962466
0.059130228738551525,0.11754664948733762,0.1827320849556019,0.2153751084349841,0.06404863889720042,0.09842135277245112,0.05652122983687752,0.12887743506357466,0.07734727181342121
0.0754120170638299,0.1592929576944843,0.047494823045365925,0.2948170943073997,0.09789963216432367,0.08889707931897821,0.0518424610746173,0.10393228985170866,0.08041164547929226
0.1717354364130812,0.07252575130081307,0.12591529649456626,0.013814532618632247,0.08060498580278122,0.0862716443930755,0.25997821629519974,0.08286463279282613,0.1062895038890246
0.19929069857534543,0.1571500566496915,0.04376051872413322,0.04120703204839454,0.042095278729236456,0.19334496048866337,0.08215047191531215,0.14002140939446298,0.10097957347476028
0.205176752817508,0.09572349290285875,0.07264070860793682,0.020379612350247597,0.06799511953485854,0.22305163752531487,0.07029247094298113,0.11245307984569612,0.13228712547259824
0.1902791274134399,0.0883919859684219,0.08783674148435257,0.05591216661804518,0.0681213577678871,0.11469022680141276,0.09122436175621267,0.12480783330960059,0.17873619888062733
0.13848462846617474,0.12658081564024934,0.08972785081313124,0.08611742261331705,0.06659618671300703,0.09143825707094534,0.07216131966121306,0.10941823052474713,0.21947528849721512
0.13811967762517632,0.0983480105574756,0.24180185683863029,0.02955628730802227,0.08279094221003176,0.06670494900700732,0.11907371678932131,0.09869400370353258,0.1249105559608026
0.073528083006715,0.10629131882760195,0.2535570056094642,0.032523981885516834,0.08905929666135885,0.09900125968150493,0.10995659210645468,0.09672743035479998,0.13935503186658363
0.2028527534008496,0.10223704001529584,0.10206305314354115,0.056792563975691775,0.04472700113214314,0.07986403204199698,0.15843580780948233,0.10663005469769186,0.1463976937833074
0.0755059747210065,0.117573750734693,0.24150702896017506,0.07106495075173058,0.10320040027576416,0.07114616927758632,0.12704589650631695,0.0912418277345128,0.1017140010382146
0.17471223595955712,0.09887913926347101,0.08356602517546663,0.07034516429677491,0.15470696073611034,0.11765859848183659,0.10944591171442863,0.10856690473107182,0.08211905964128303
0.14454486715759698,0.09697950061370841,0.2011908341937774,0.02043856684972099,0.05353953349754273,0.07844877568676438,0.08567504780256009,0.09880068978981386,0.22038218440851512
0.12073357588349494,0.17758973714182966,0.10369432143329294,0.07457166575500737,0.036101580623058245,0.13750911331366822,0.06309841929328745,0.12005814953641473,0.1666434370199464
0.10852603813518323,0.16271432154865248,0.10668130389108037,0.06511819106675935,0.1120444109844057,0.16204283005428416,0.07051599617403535,0.11715107038967487,0.09520583775592445
0.1159614241368599,0.10246602214278706,0.1041255819270233,0.11232253723574816,0.0512861808750018,0.16259152503447497,0.11490467847324914,0.14415749571804487,0.09218455445681084
0.17296195177618512,0.11982573969848846,0.049032707459694735,0.0983383088278189,0.03031090321514038,0.13171317571472385,0.015365895564086664,0.12099800108843595,0.26145331665542587
0.10678485277384825,0.05377805420598006,0.10392878176039605,0.10844954292011848,0.05372589340272324,0.05720765165764221,0.2978103789301042,0.10746366770836235,0.11085117664082517
0.10835305064971572,0.12836603708323469,0.21767788030856863,0.04078295587568715,0.04979580399955472,0.09294439092703181,0.0337784650525471,0.11821744670283156,0.2100839694008286
0.15936999663003978,0.14831945217514964,0.05026313860021359,0.13423216581850447,0.08040810379490936,0.13513515939640644,0.04054856380351311,0.12456968695128227,0.12715373282998135
0.0977540614245177,0.09668977579024096,0.1629453036452486,0.08179648088880752,0.06804011269956618,0.15180436850755216,0.12035205347191234,0.14085003499668247,0.07976780857547215
0.1495543761250994,0.12963446917419263,0.07433445980498464,0.021439250452044145,0.1558967529019916,0.1411266525524045,0.03923483021396374,0.09022424216743624,0.19855496660788308
0.07337840970635662,0.13352244816129905,0.18976219699001096,0.051597540854447406,0.02605857481983413,0.20746291588084687,0.0775718661717789,0.14560956896106217,0.09503647845436396
0.1748820162188227,0.052992430320481974,0.22740182126312888,0.013872022548162633,0.044318406457027885,0.07632298453307357,0.07889673411941496,0.0990517994792051,0.2322617850606823
0.07743574331374779,0.1277958750235927,0.08427084129661931,0.03723484417450811,0.2708223324740274,0.13300880592002842,0.13765287842045187,0.0850993703818444,0.046679308995180024
0.15932049333267806,0.11548310351247483,0.10048000887965462,0.036827898340002295,0.15890422922946323,0.11901546436528654,0.07793127687775364,0.10688149768599668,0.12515602777669013
0.09966214677288172,0.10357017182245624,0.11785367216123797,0.11776347879838626,0.07081390563819816,0.12292212604121171,0.17153722929680548,0.13268563635258787,0.06319163311623453
0.11886686908037146,0.07769527307585734,0.1069407517505409,0.0999925378673349,0.09903582538319351,0.09951427813730128,0.14065054396773394,0.10797797667128191,0.14932594406638477
0.1718366801786083,0.08710525697472658,0.08552917930385347,0.05315699187150319,0.047124510499480916,0.1917870040882564,0.09382439419143575,0.13161761341158376,0.13801836948055177
0.10390948090802306,0.0813966659554704,0.04533644454331769,0.3070786070327724,0.1284592769880579,0.05175298718478383,0.05610486747542362,0.10292216101787699,0.12303950889427413
0.05161430921533694,0.09972059317548217,0.08468966497524355,0.3280798490102829,0.07370764234015387,0.09185604763270072,0.05537018287822878,0.1030181584680198,0.11194355230455122
0.08140090706623558,0.12049115372277204,0.23585645492426507,0.03478637240589858,0.170975073234886,0.0472321017214549,0.16425051841967683,0.07440564048880532,0.0706017780160057
0.178729832773415,0.19783908130892483,0.03315038890919278,0.07177629750850252,0.0760483741740523,0.1504762536923794,0.07525899760313402,0.1018633624584759,0.11485741157192324
0.12555954380941237,0.14216712919168858,0.068345669379986,0.06540333216468075,0.1269624145033743,0.18187064873985107,0.08663477476195129,0.11128054321403447,0.09177594423502126
0.17066938967391945,0.07949679675102432,0.053260766251337,0.06427130920117856,0.19345049691066038,0.050580728056618084,0.2296253631320134,0.08211067618728286,0.07653447383596604
0.13093625816067384,0.09515052465905831,0.1391867995299077,0.09887035256993675,0.07100333923989137,0.07267992494099022,0.054516015699193725,0.10512851584468742,0.2325282693556607
0.055738729812328136,0.1332325452833158,0.22443893870592588,0.04965922387734209,0.054456669510101245,0.11797470958773892,0.17638042180300453,0.08144028897761295,0.10667847244263046
0.22478415885303912,0.11326801477775461,0.026505097546166107,0.04176546374045523,0.01636710738846384,0.13356987852145422,0.006472084329183333,0.112117990236837,0.3251502046066466
0.2357373341890685,0.05043195907146875,0.03216447764731719,0.10639193384883894,0.12050474932421457,0.06734956475117142,0.20627043125910327,0.10614094933460665,0.0750086005742108
0.12884971804394454,0.15265036085095066,0.09367127935967023,0.025843853528134803,0.05250116135450287,0.17934101449567477,0.20922387288696928,0.09947945040473906,0.058439289075413715
0.0988105230835391,0.10026013018732416,0.1759225817140415,0.06291241643075624,0.06476039055344876,0.11933340060247478,0.16875351033357258,0.11895887899065843,0.09028816810418448
0.2044450068387087,0.10813353552890466,0.11532299784546123,0.05607946676265496,0.07005182691241198,0.1031780259141848,0.0738370313908203,0.1094034604581291,0.15954864834872431
0.10971935993422104,0.12295613238942359,0.11480485688021652,0.07410545401092607,0.050319770307125034,0.16053276946337544,0.13591686556683388,0.1257606036586402,0.10588418778923825
0.09365719663055798,0.13772368118903408,0.2270519769631132,0.022604799361929568,0.025624185990550486,0.11813558816275178,0.01070063970108437,0.12099654330893156,0.24350538869204696
0.1945972939404792,0.14780270583623809,0.0812717467645595,0.09729619880620964,0.0742640050162084,0.09662583299230892,0.09864818121071921,0.12501518965228556,0.08447884578099152
0.10804130979387565,0.060643927248508506,0.17277006109505275,0.0856661256798729,0.06265746703056978,0.07331675316599055,0.21861103211422128,0.11442488296137521,0.10386844091053342
0.14833390859181053,0.11653289928446921,0.13048862505298572,0.031232668978612713,0.042703089163314396,0.14853602112392159,0.047396035001688465,0.11900443145771868,0.21577232134547875
0.06887524601648794,0.08229750249565658,0.08547643061405508,0.30209669189484856,0.14518352138372306,0.06765285691810327,0.037204843500615876,0.10436377075931628,0.10684913641719339
0.21466691544190578,0.1019975859633691,0.059493942052905514,0.041101199967835435,0.07337349164571469,0.1145706533276754,0.1742220453087834,0.1103598626278013,0.1102143036640093
0.2502335749729649,0.1122444447948787,0.04320071616759882,0.03747838546258669,0.028214943406972965,0.07337319010356592,0.018984096323334802,0.0930605899187071,0.3432100588493901
0.1992066552581052,0.10955537229952622,0.03262251461951866,0.06851084701364425,0.12278317771330893,0.15507332658867812,0.11938232854075803,0.11394059589714306,0.07892518206931742
0.18271424972229336,0.09856970271414563,0.13519173950283425,0.024715320656019137,0.05645631596997964,0.08515856423862965,0.12560684017825005,0.10380620019294752,0.18778106682490073
0.13121804023299724,0.08592294680221231,0.02508916325594218,0.22437868581439488,0.16593305663741098,0.11148453156976096,0.0851384791698192,0.10348499575174956,0.06735010076571275
0.10506683093187957,0.09336152042193628,0.09198476331220708,0.12074624348197216,0.04524665329790021,0.10501043176078208,0.19150457683287636,0.10163382577765612,0.14544515418279017
0.14372638946263408,0.11972386102815687,0.06336985706422983,0.07880610026755831,0.15044423271897195,0.12881024292322496,0.016227075565501486,0.1257667190104099,0.1731255219593126
0.1362154091529449,0.0505932972148353,0.06892157694942715,0.17709129505888024,0.07194383236404868,0.0629741819910356,0.0993598924004956,0.10266295440203384,0.23023756046629865
0.11102430375996297,0.09093778890145354,0.20668548544105902,0.07090912553473216,0.05699511960564616,0.0876623224742513,0.04933007023801319,0.1144509838302651,0.2120048002146165
0.09642084525402207,0.09069612492680353,0.20627945467367007,0.08603553524795016,0.05996835710749421,0.1119297960976034,0.08242683286361935,0.10342147368861576,0.16282158014022144
0.14779026716841145,0.12715106700843795,0.2023584204948372,0.015783795420729916,0.06982611868494065,0.11946320814584749,0.10960479552108214,0.0987866804195436,0.10923564713616957
0.12918413452934138,0.046994480539769824,0.2537727752092844,0.015800087010820186,0.02187716979346423,0.10770783302532505,0.10373439358178711,0.09831442893478314,0.2226146973754247
0.16168612373055966,0.1402816349145061,0.13234800503631097,0.027810767570002837,0.071835740595724,0.16137414678271364,0.09756320968263242,0.1167645569620756,0.09033581472547475
0.12862415637852345,0.10230500866538013,0.05667851300784443,0.08234871597504635,0.09303264118369615,0.1536388729558947,0.23014512099394943,0.10099458333524358,0.05223238750442175
0.08573991763592947,0.12016020707652952,0.0411436549424427,0.3597000832895972,0.032812636728350573,0.08921527900310473,0.037565944084689565,0.10955312511185676,0.12410915212749946
