0.20570714558080483,0.02124546763767787,0.10288864917592137,0.08103925144473963,0.07405192936108054,0.09662479688981997,0.040969691578894026,0.24388228826781586,0.13359078006324596
0.1651519797553311,0.11008593619917839,0.09942196265246306,0.14825208543704846,0.12859212694714298,0.12030869136467066,0.04748558258190572,0.07860123833029997,0.10210039673195963
0.1945430347245537,0.07625306389321286,0.12698332488775743,0.09465166313414679,0.13024974255650215,0.13586170893861865,0.06703467478964958,0.14670088801800787,0.02772189905755092
0.17558725928020288,0.07445208511027368,0.11306685633584623,0.09060248570555259,0.15526367786109277,0.10317406008858306,0.044125722028580304,0.06763948021907419,0.1760883733707943
0.11459852452455528,0.13732948172295906,0.1468403269066615,0.07056073564998284,0.10521554313720934,0.11958108621383101,0.06895997929197385,0.14880100894622458,0.08811331360660246
0.1593920996584546,0.025374998486115897,0.11333824736760352,0.12096173813468754,0.08185481513746135,0.11745817747076215,0.11430350966743298,0.07327316698754087,0.1940432470899411
0.1469564989647019,0.04463493840286493,0.10601512486816145,0.1073364392382357,0.12257202196362087,0.10384999074825685,0.07094926765740793,0.17074604534369617,0.12693967281305418
0.1359095052771848,0.11463074640769581,0.0939169946027879,0.0905930923949303,0.10131341245402066,0.08919164259909658,0.016695643844357396,0.08961481781060991,0.2681341446093167
0.17966871308281365,0.059807614819187255,0.09641206597705222,0.11661623616612936,0.09584328554084502,0.09998991923956002,0.024398832083232427,0.1403356651678284,0.18692766792335172
0.14920487559194318,0.09400608699557389,0.08652295217685398,0.11922848836462323,0.14024562916084682,0.09840443553375013,0.027282240804466142,0.1639464192480173,0.1211588721239253
0.15170626102334064,0.0599229708903763,0.10605385660948156,0.15324749361297121,0.14963879058710058,0.10360517148814918,0.047872087400096734,0.16619306888588717,0.06176029950259665
0.17145711042979048,0.10538800727708279,0.09748046546230704,0.12794823701327462,0.1428745588925319,0.09868621558515711,0.025635029225177523,0.15247658682863904,0.0780537892860395
0.10231921344351892,0.06522799541395598,0.12292334434015555,0.09651140223174269,0.16730447623458786,0.11434836498843869,0.15580294874864864,0.11206928473955922,0.0634929698593925
0.06732716917777405,0.18653016459952773,0.1008696711252297,0.06179914237662184,0.11683500652853512,0.09546251942641802,0.17207332951709178,0.11002739132359037,0.08907560592521135
0.15286518829491544,0.05591727729209083,0.10704936487320095,0.10614304556685765,0.0867893964482344,0.10641392404385237,0.0515303265855185,0.15349977410217283,0.17979170279315707
0.11178874675218697,0.2184838717161214,0.09381494781370618,0.08867983528681218,0.11142408721109087,0.13501323675417906,0.08491581330469611,0.0959314062285961,0.05994805493261105
0.1638586826941165,0.02426065595667191,0.09037745785610167,0.10410735608571298,0.11370027611185714,0.09068243068492528,0.04188993491176304,0.03993501844620057,0.3311881872526509
0.06204207842336654,0.23530817210629387,0.11784026914709701,0.08368899906807252,0.09057927954995253,0.10236980471360102,0.1530663741349981,0.1154812749037933,0.039623747952825125
0.15094571891773992,0.11501445054552106,0.09561997663514583,0.08037652547477377,0.10130844859848827,0.13655276275193717,0.063601394271942,0.1671991709658743,0.0893815518385777
0.16885740563042714,0.07633573495883371,0.0870464298337761,0.12135774119192355,0.1890636931762432,0.09695744808785627,0.025023738227298836,0.10238637137484392,0.1329714375187973
0.06241475529872766,0.0810241370887861,0.12353142563120983,0.08558065776854375,0.10383168365860274,0.09208537628291309,0.09075373731853366,0.18494721879012885,0.17583100816255426
0.1544466599966011,0.060734890386060024,0.08638480190712451,0.0997392163253662,0.17214649177699193,0.08152308379821151,0.020891755060224126,0.2604321272684822,0.06370097348093845
0.22906276010290874,0.07711515935803531,0.09908719426740459,0.15099314371366832,0.14650487533658652,0.10944827099556191,0.02722267203699687,0.06250818157740926,0.09805774261142845
0.06641352262588195,0.009253495360690025,0.08726881485014411,0.09777882363983235,0.08930796527373674,0.0682247763714896,0.3566428717845542,0.1932790772680617,0.03183065282560926
0.20682972343731051,0.0327101891836764,0.09975064397914742,0.10120020231227411,0.10633701168841991,0.09447585417027214,0.026880433173328427,0.0993404820015482,0.23247546005402295
0.1678809408881444,0.041773324475235,0.0839036847032063,0.12214409356917492,0.164536906624052,0.08556551669509178,0.03945223504170603,0.19957728000210628,0.09516601800128338
0.16645471947674584,0.02130914314778307,0.15513462886751853,0.10370059537329836,0.092360967533527,0.10714907985144395,0.08653893291704644,0.17923533737804562,0.0881165954545912
0.11355257022356907,0.06933307968238171,0.12264578756591275,0.09002218395790086,0.0820285390061166,0.12234375281763654,0.1249398223159608,0.21681361731493853,0.05832064711558312
0.19834344632877018,0.049297194792648304,0.10784186038581493,0.11562426251343523,0.10452039868296648,0.10984075324595437,0.037467825548868995,0.20933000286691542,0.06773425563462618
0.2759314105147084,0.050054683659015504,0.09653220812678003,0.1035848997367879,0.10830441630590382,0.11726500606027278,0.02792759336722704,0.1823867288055052,0.038013053423799396
0.1665822716697101,0.052245427784704736,0.09030004188153372,0.1253750089365905,0.17833491044949143,0.091688562259764,0.02847907433731971,0.1537625047529422,0.11323219792794359
0.09552820999383053,0.1315195109456496,0.10069370891911106,0.11279463384709748,0.08630964696269643,0.10668207803850084,0.047216963421271275,0.2867196230646531,0.03253562480718967
0.06110171962092801,0.12226778590586003,0.13220555223682465,0.10021363267538945,0.08178515380657246,0.10920699294491705,0.20305814884161225,0.04190743104533127,0.14825358292256485
0.11644434807424364,0.15533445628230827,0.11355073435456935,0.09056872717401522,0.10280283157060728,0.11508926046811918,0.06861211041779053,0.20113103052473633,0.036466501133610184
0.11229090668488546,0.04607632803572855,0.13973471784465438,0.08885338360485225,0.10199035224537235,0.11902547269031875,0.20223906930761934,0.153566152005477,0.036223617581091876
0.2216623484585971,0.05219794872077654,0.10185687459358123,0.09348125557808756,0.1341845394101994,0.10721768023840084,0.04435419095776686,0.1260721324376647,0.11897302960492577
0.16266490398741226,0.011833943300606874,0.09440165642402641,0.12955770460802526,0.08511707755347116,0.1039845503318333,0.16279109348902052,0.07941536811846255,0.17023370218714165
0.21426116872618148,0.10957103998583462,0.10164778430426295,0.08477546671685073,0.14636081416111155,0.09114248334351982,0.015572337223140218,0.13186074874653975,0.10480815679255884
0.23834683016619404,0.05724291003801513,0.09999921968044785,0.1334128675499665,0.10646636079959225,0.11546010005329112,0.025598729780473617,0.061670946720137655,0.16180203521188188
0.11864699679545965,0.052588287781550926,0.1244061822575856,0.13360754146482448,0.1160768055960801,0.10874092747098368,0.0949233599505771,0.1507868077212321,0.10022309096170635
0.17135944886701118,0.06725295888578407,0.10102811448714433,0.15775325690413192,0.15868383440147277,0.10209138959808035,0.02956092394381581,0.12313126302253725,0.08913880989002233
0.19093441230403552,0.03910451243359307,0.09975968621470661,0.10234496104145223,0.15160825263220162,0.08398752799850535,0.020757893547633417,0.20819669542854805,0.10330605839932415
0.07556354010406442,0.1649584381738558,0.11070127812930886,0.09102708381993031,0.11697036484197675,0.1104799284144126,0.11843948747177253,0.12407444186787642,0.08778543717680225
0.16152391007864295,0.04196866269107314,0.10926674465188897,0.07483604843252113,0.15762790583309222,0.0850054031416871,0.029605739497633194,0.20656730200395337,0.13359828366950796
0.09641099023595044,0.11832334337972687,0.11124228591507679,0.10838116242774098,0.09862847204485374,0.12354922977980964,0.1312484921393758,0.1380768182937702,0.07413920578369557
0.1477849886895318,0.012466702646476846,0.11821606257036342,0.12192790428511331,0.1023736612189474,0.10226235672097235,0.13883129705221822,0.10330695535268046,0.15283007146369612
0.10485685413318883,0.0590343161974996,0.11618798171170387,0.10510005339934107,0.09284056435555114,0.11047791526285955,0.1257944904181969,0.2153617580900761,0.07034606643158298
0.12441592161083881,0.035018133959467644,0.09709889093064639,0.21800106281911255,0.11079303558027838,0.10272584022110504,0.09800662257447712,0.14494357379284917,0.06899691851122497
0.08259386419136232,0.10148326465709535,0.12729756294646144,0.05430875725374298,0.08404788921742729,0.10816750170455976,0.22746841135153742,0.1652408575613309,0.049391891116482546
0.11003465170188458,0.14538724781219095,0.10415373475902667,0.0920759980432826,0.11649048567090582,0.0976228761694603,0.03011183004414306,0.20952541502920607,0.09459776076989995
0.19108120036417184,0.04926468090101668,0.08838173139940493,0.11345436912628809,0.16016327314730747,0.09120440530676321,0.02437000379028048,0.06108073271820819,0.220999603246559
0.12077537818669581,0.05960699412447676,0.14294614525983462,0.10973203796264268,0.09928991934320208,0.135821788756497,0.12954291500046103,0.08878337445014732,0.11350144691604268
0.2337618745398348,0.07125450308049401,0.07760445671713022,0.13825243815581792,0.15659722730676326,0.0875764752534872,0.013429549166901887,0.15070150549512124,0.07082197028444955
0.06698372258697789,0.3188437046587293,0.10431450080420966,0.08809250676752763,0.0742591329429637,0.09335407198839231,0.08085887098990328,0.1360041501769309,0.03728933908436528
0.16373122184952116,0.027110147717658697,0.1122008158986974,0.11422124221195369,0.1450973114512386,0.11235932185794739,0.1259447197965505,0.030732644021800648,0.16860257519463187
0.23454995697623726,0.046572043716096044,0.11712779088358388,0.12757590906046268,0.11084691987222017,0.13464934996611413,0.04928429233127601,0.060826101915415126,0.11856763527859472
0.24222984841909345,0.05037405374987838,0.08763868513065293,0.13844294108248312,0.1764961152965572,0.09824701248275612,0.02245981070836249,0.08974908964753457,0.09436244348268175
0.1937779661355512,0.022572916004733018,0.11344294590378189,0.1426884880522852,0.10467409930816694,0.11276527526509732,0.08822980379346934,0.05926431531797786,0.16258419021893722
0.15800545844078112,0.07793358795401474,0.10574556114152829,0.10995397826665125,0.09706222037559936,0.12981673678519237,0.060060194679286194,0.08859069300878798,0.17283156934815871
0.21033926727428529,0.056792345813253785,0.1225172107980283,0.11096591240685573,0.11121415332917561,0.11778544971447712,0.05165998494796318,0.10875762853698583,0.10996804717897513
0.07496383604287414,0.2114622963173988,0.08021518483203949,0.10566338974404062,0.10613991047336159,0.11420978371879631,0.10913743160518317,0.11189230681581464,0.08631586045049129
0.09656228390017291,0.10848283274416305,0.11364686703197728,0.13007084920159534,0.1300171685211603,0.10266601694096422,0.07795819570045069,0.13123047998301665,0.10936530597649947
0.081923990721198,0.058752992808350085,0.09943903039080178,0.1393415124627532,0.08486543980013332,0.1217310615346144,0.10258819278534052,0.11757753764106942,0.19378024185573936
0.1314781909420011,0.17918223668291308,0.12468122617951265,0.09865524687986264,0.10686668272900506,0.12374439502641214,0.05408301835405734,0.13381958114184,0.04748942206439608
0.19947660697336808,0.061652299703840174,0.09455705110982332,0.08096344878370308,0.13347318932378802,0.10430833839036062,0.053997868636488755,0.10446361125831005,0.16710758582031784
0.2007539684062097,0.05104015424491306,0.090525092460031,0.1436195530208607,0.19422062181414246,0.10453643204020206,0.03492620338135557,0.10166322802408145,0.07871474660820399
0.2002364541363457,0.039746020099163754,0.11090075469872783,0.12904020762663915,0.1673881782192017,0.1068970368382291,0.034128319880183396,0.1352505706604118,0.07641245784109764
0.1465222046711903,0.07159662483176964,0.10863212322514866,0.06788495853133776,0.12462614047808218,0.12322012535584052,0.09497555679385118,0.21578757300265358,0.046754693110126144
0.16127019654257563,0.05270640254045561,0.11163398373348554,0.08227546507617614,0.10124633091130865,0.10357631198160949,0.058584954175043356,0.25481304093396046,0.07389331410538498
0.07187133674805635,0.18362617372705156,0.10335117938652764,0.062373282009534126,0.08560784603759854,0.10570074890510228,0.10700856926414228,0.06636184945082353,0.21409901447116372
0.18681323855948892,0.0713317582562707,0.08831743105810726,0.09672904712418333,0.17184205223163687,0.09102722176318168,0.022669254423436896,0.07585852242778189,0.1954114741559125
0.1254557671728956,0.014593664332302988,0.1113860729280477,0.09023807100801562,0.09140747526418846,0.0798581263864405,0.13065115882923264,0.1785027540972134,0.1779069099816631
0.15138635850978316,0.010866064152968232,0.09448397022977145,0.08241022275394234,0.08394047875382554,0.08865994588728265,0.12874099588320553,0.01696442559604979,0.34254753823317124
0.2033534502699613,0.04515416863748553,0.11849768075475164,0.1700158799600874,0.11714769371512003,0.10734116040871622,0.03426699854040138,0.13762884391117916,0.0665941238022973
0.11798060303113385,0.09930905065638813,0.11194551951679681,0.17038440482072711,0.10030242762540025,0.1134918474060425,0.06994714546684068,0.19408733555350563,0.022551665923165112
0.14622354878730234,0.02517073702632652,0.1069360543742068,0.09900454825913207,0.10554984707790256,0.08856089247075045,0.045629347028692896,0.22464659333462556,0.1582784316410607
0.13684370147754812,0.06042242913627605,0.10521505436227478,0.11867084649498373,0.1119030148198248,0.13320641211071163,0.12550132489085597,0.07646515487069287,0.13177206183683207
0.08326991138623314,0.23792319094375267,0.0881311114398093,0.10697401729355728,0.0889351085548098,0.11723344333932269,0.07535661955719201,0.16613008553979589,0.036046511945527215
0.16089456194609594,0.06580824255410396,0.08865468245357155,0.1697250221279547,0.14677359683376762,0.09780985738801208,0.032678586673377794,0.10148344513652748,0.13617200488658887
0.2389587058225157,0.08343178832145436,0.10731813603309043,0.1293998170915834,0.10619645895999953,0.12061721057023374,0.03311584069605756,0.07910053897646273,0.10186150352860247
0.10912907934383813,0.1378510032963018,0.099752344348774,0.16777755963905894,0.11193381684523877,0.12065447562636512,0.04851358715958668,0.08872992404871571,0.11565820969212082
0.20335284063256678,0.14078405490299825,0.09357777844216357,0.0817581191381662,0.14749765346402102,0.09275256010108641,0.01570885916990945,0.0784666743264113,0.146101459822677
0.120769936325733,0.07530253131095999,0.0995159967087,0.1246434909245529,0.09407752169605745,0.1152018861132761,0.050304039168967064,0.0518212933604514,0.26836330439130207
0.21151696039429016,0.0478812118561766,0.14824450208060036,0.0783231126951667,0.09190955528024893,0.10592527898922066,0.03361612486670135,0.08757524532501716,0.19500800851257805
0.10807963566084011,0.12375812592470714,0.10964076350974644,0.14322858731376722,0.09999707049630384,0.13711268584739983,0.10939813538918475,0.09381842928546673,0.07496656657258392
0.08404984559864194,0.16736407240446335,0.11290192924095797,0.09522314133167852,0.09732703071100625,0.12117201573343282,0.1472258379112548,0.14399357133896049,0.030742555729603934
0.13614017420042357,0.034642229256502004,0.16689078480884723,0.07290230402610394,0.1261090497040098,0.13020350684314225,0.17799600885480085,0.029186129653306737,0.1259298126528637
0.06909585837913602,0.22853510739382366,0.0860676611610613,0.11431502838249145,0.08891177409924585,0.14412790268791195,0.16916242341039567,0.03688175600204709,0.062902488483887
0.10374076802024562,0.07655463039979353,0.10320931019045049,0.08528665065021045,0.13588716347291213,0.0975033954971823,0.04801836255371139,0.10298956945180386,0.24681014976369028
0.09968453936167228,0.10709695420306863,0.0943761046683758,0.13400101384871363,0.16732137560588758,0.09352668819228922,0.04336352766562152,0.19492241363271287,0.0657073828216585
0.17204276738534338,0.06545834560293817,0.11343776390343385,0.13977853370542795,0.10045041680901635,0.13777502024629615,0.06725236342594948,0.12526447368526175,0.07854031523633283
0.1797313505106486,0.05752113243920848,0.11875713141684152,0.07565149396346187,0.10870385416349672,0.10973321584199157,0.05588808881814153,0.1950460985074222,0.09896763433878747
0.1988807499381048,0.03945328836693391,0.10426170774524157,0.11789875622157524,0.1647412351005581,0.10723868562801196,0.051491131294996446,0.04126543023353182,0.17476901547104617
0.16754618050046552,0.10641215009840156,0.08888439922563807,0.14535923789358018,0.16917921419974669,0.09134217302801505,0.018388842186518106,0.12759473279742217,0.08529307007021268
0.17017187924128432,0.02815165175732427,0.10438302795672665,0.1250821455247455,0.16446067396833186,0.10392272086013754,0.06368154679522603,0.14296779020808226,0.09717856368814155
0.2108098542223444,0.017949044528494242,0.11526601993344436,0.12924017157788328,0.12547133553727927,0.12765468254977663,0.1206943821642118,0.0765531465522004,0.07636136293436561
0.1067245911660804,0.200949952290882,0.12117695571453031,0.12089386187963548,0.09825237596440732,0.11853162267387977,0.051375838102355846,0.10130062079411419,0.0807941814141147
0.13603781464517592,0.0770041582667661,0.09605699509930703,0.1337653156878833,0.091729561558384,0.11246172319565684,0.033845761424600655,0.2673213533819716,0.05177731674025452
0.16664397956748758,0.05098736556841347,0.10858687017753126,0.09459969369654857,0.09905607254346797,0.1316527285121276,0.15982765360418616,0.0507369104181028,0.13790872591213477
0.18321008377287695,0.1480626314406324,0.09251484776011787,0.09209558593944882,0.15348466929865887,0.1467524229737973,0.04048217821436726,0.10863886031594143,0.03475872028415912
0.18806577110395692,0.049821715124867376,0.11115911964196645,0.1598213453126562,0.10561639591032684,0.12114266653533949,0.03984266878140524,0.16296890277126225,0.061561414818219286
0.14788912294629492,0.07586242782057072,0.08909994064398029,0.14706973534843593,0.18120496497966934,0.10285938526863575,0.04123739731943867,0.16740134935470766,0.047375676318266724
0.17770701464736918,0.05554962973111984,0.11860647267592478,0.12243570476036388,0.12463985212242541,0.12064188964762551,0.06197667251456032,0.06351808936090954,0.15492467453970152
0.15131504542375465,0.04259831183317129,0.09709084333752366,0.1446196973436472,0.10589325116556787,0.13051605522500775,0.15943173815909314,0.05056498027200734,0.11797007724022705
0.14618198115917191,0.08727961279454023,0.1527893814027512,0.10968612896266228,0.13381909594504612,0.15458049167167026,0.08199992302686084,0.09014987273520507,0.043513512302092154
0.13636456999389387,0.1606593371951696,0.09198507450970082,0.1601529393879496,0.14292016841194646,0.10958548568146585,0.03257040839081081,0.05824213699225741,0.10751987943680559
0.14619258509433009,0.051978973870671165,0.1247547493365085,0.14942779511045973,0.09994095441816941,0.13360850419741452,0.13643630066749088,0.051828018129966076,0.10583211917498957
0.08050717957383652,0.07530878214873245,0.09153190928826636,0.17706207048968195,0.10742842776969458,0.08368785907314358,0.091660383798563,0.251101608880099,0.04171177897798248
0.06744286482721412,0.25761687455602655,0.08906255543562563,0.05812290025669648,0.11436144202277725,0.09343112547310674,0.06269698721550687,0.07579313967869335,0.181472110534353
0.1454759262165624,0.09031562396791692,0.1013029620519575,0.1393609059321379,0.14538371515740547,0.10136776682896616,0.0396127088096698,0.11511393308356344,0.12206645795182029
0.1915802415446375,0.15878655645195772,0.07963567673119215,0.1264663765410721,0.16047718305312197,0.11215545466945602,0.02636276600298799,0.0709488153736766,0.07358692963189792
0.11957473033095252,0.013625749695532161,0.09915371775197036,0.10738824884394431,0.07004366640621734,0.0907760630830383,0.06409251110476473,0.13390757843770526,0.3014377343458751
0.0586269722405105,0.2052105460471881,0.10960379357455763,0.07833632593509132,0.1464652404604748,0.09098121147177944,0.07785003952585677,0.08149428119902087,0.15143158954552052
0.09370069328559234,0.03906993963653252,0.11594650003012456,0.10555644397228774,0.0895007395581384,0.12829918786083513,0.24130517258523695,0.03663731950369697,0.14998400356755534
0.1931454905825225,0.06778572302264609,0.09548150472485119,0.10836055474135702,0.1816693683252534,0.0925110661075974,0.024807978979425268,0.1771808231587675,0.0590574903575796
0.19532514435022597,0.07800748525106958,0.09976771055061595,0.10510430508796105,0.13199210626184066,0.10425374015656157,0.020194051024683125,0.0785282911972295,0.18682716611981262
0.09766917850049929,0.15794736659255346,0.09681239545427367,0.10404312478402485,0.10038065648278473,0.10698586117256224,0.05666979788688586,0.24648669620850616,0.03300492291790973
0.1882557462533521,0.025273420138562295,0.13627634955278886,0.0960269835298135,0.11268479103918207,0.11398122615567739,0.12616283268187212,0.08534498961868626,0.11599366103006546
0.08091829856717295,0.2615803772833866,0.07754173159583706,0.16335689417231417,0.10483026039718428,0.12462199921833213,0.07467445266106774,0.07766984483163804,0.03480614127306704
0.21999812376087116,0.030126666114650372,0.10794893432746726,0.16452980150018684,0.10524825656932828,0.11134096474336368,0.040403778273302264,0.07182103788276963,0.14858243682806052
0.14001498396580248,0.19672581493380173,0.0991344257759134,0.08558154681711634,0.13533366015914117,0.12302458044299125,0.04784878107744935,0.12139347023607565,0.05094273659170855
0.16258322569799757,0.033482347378358,0.12688742739069792,0.12765071315794183,0.09277451570983015,0.1177612106765674,0.07385111149319883,0.18451732772092333,0.08049212077448499
0.1912786792058737,0.11267578811427166,0.10885937411566256,0.10642850443460157,0.12083576101714666,0.12508058408525435,0.05063566917731906,0.04394742860401616,0.14025821124585428
0.06871254211597168,0.24943947495243404,0.12441876472648745,0.08125895829888095,0.0903029726876649,0.11483976764174607,0.08453944656206863,0.09433427197690765,0.09215380103783855
0.14795839271526307,0.08495384642220184,0.11386723538169226,0.09798164305508113,0.09172574534284765,0.10538625574902076,0.029600912141146945,0.16371937347044827,0.16480659572229803
0.14401313317121087,0.12284318432991458,0.12753239144314196,0.07505219503550657,0.11692497332228229,0.1098550197227428,0.0296096541978373,0.045481842257969335,0.22868760651939435
0.08203035842365401,0.09317280926213699,0.12048228136770837,0.09082187823237654,0.08241837176252814,0.10594196165718277,0.11879627661063534,0.14896731039186514,0.1573687522919127
0.09474664738666329,0.12005082761648943,0.13039417845240406,0.09365291957224824,0.10872129448181056,0.1042858070996842,0.10632157158557787,0.202719448959682,0.03910730484544037
0.1485362359153476,0.13478964667515778,0.15133704114013155,0.060088265416031884,0.10951297779143604,0.14163661106176784,0.11704565652751864,0.08984683881419898,0.04720672665840973
0.08360680524171711,0.25039478467208426,0.09507518646986444,0.07311783767584289,0.1511784591266991,0.10062600779126078,0.05062719774672156,0.09339096062724833,0.10198276064856147
0.16942781080747737,0.13247347303367793,0.11705058050169155,0.06207708044018859,0.14763286561494196,0.15822768603497875,0.0554852610830992,0.07377820295985701,0.08384703952408763
0.07179955947041095,0.2871327468686415,0.1024806455988021,0.10551045491856204,0.08222342682488872,0.14513739942450962,0.10073833061878608,0.06691592045424674,0.038061515821152234
0.0896732151335018,0.146587232820803,0.09944544804636583,0.12652421091598495,0.11065108725410062,0.12396097894938703,0.17404571673868544,0.09921310534910066,0.02989900479207064
0.09759855484609271,0.11842893220222568,0.11456519006388549,0.08598741525454466,0.13441652315757105,0.09642107801371469,0.07021578713497229,0.17529788625850032,0.10706863306849311
0.27212904156548845,0.03567454187934088,0.09553922673168498,0.10509157424824411,0.13366132650669413,0.11138964582134875,0.035083003222641566,0.11799455924337617,0.09343708078118096
0.11192857154514517,0.11652908681068491,0.08779090519694992,0.13974574825904082,0.18839788271952576,0.10044050109482962,0.03863155892436935,0.042666784951975734,0.17386896049747871
0.15115591287920285,0.04461166264580365,0.09228432462442605,0.06951750734833105,0.13574387822621245,0.08173676429403613,0.024754704294635985,0.08604681678632764,0.3141484289010242
0.10562320201717251,0.1571016520709292,0.10079312492271626,0.08945540599565016,0.1275866149783877,0.10360451439921346,0.04278542780255059,0.13595328334537432,0.13709677446800575
0.09981800715533208,0.15829905871083214,0.10750808417967166,0.12590109057789856,0.10385821735589307,0.13926145909845541,0.1348006904806827,0.10947510726934896,0.02107828517188533
0.16500530406245245,0.061295018847734806,0.1165363993641801,0.1867792770828833,0.12532487709474127,0.1165691544286412,0.05547723843066891,0.09887555129022957,0.07413717939846849
0.11276626117064902,0.11567174381970442,0.14096892184720944,0.09003287323970238,0.11451351154295686,0.11547740886671864,0.09233254004096199,0.14379704044830474,0.0744396990237925
0.19432483436177503,0.05000033599892335,0.11093689806638314,0.13736399760194193,0.12479756643643443,0.12833578905219095,0.07687429355479958,0.07788524310334644,0.09948104182420513
0.1533572555049176,0.13295871107784651,0.07702169940033825,0.12885583661425168,0.16100717526821995,0.08636464696348585,0.014037662604648825,0.055438215560749356,0.190958797005542
0.27648828117627894,0.013234118780578464,0.09637697460699919,0.12342262626720762,0.09379496798693115,0.12680272099748785,0.061172243539259936,0.07671797409752444,0.13199009254773245
0.16372751488763043,0.08018950615896742,0.09879288719539547,0.1408403452728562,0.10205885316950629,0.11655929071337712,0.0415983588375547,0.11651710360988426,0.13971614015482817
0.07245938057216546,0.06460287441862256,0.12105383886844086,0.10612668592313938,0.10078869347243846,0.11403871704422913,0.2633079090124972,0.09313273371104995,0.06448916697741712
0.13877294343250854,0.04232599064957959,0.1173136763112775,0.16908147764146855,0.08916447563008296,0.1128729419443117,0.08595870679012729,0.18297407634089827,0.06153571125974555
0.1411402196129563,0.03558967151211909,0.127563205595868,0.15707840742407728,0.12718212536935067,0.11243943948823522,0.10622684317160642,0.043008585216768945,0.1497715026090181
0.11582277360850947,0.1742689335464845,0.09910658956054946,0.10719111242839219,0.11279472284407498,0.158494317469286,0.10554176980028113,0.10426135962079737,0.02251842112162493
0.08785440200899347,0.20880121901313795,0.09146794235355012,0.11241097062202154,0.10028981117613249,0.152738755571424,0.08793958885839571,0.10888392506323785,0.04961338533310692
0.16354860779198274,0.03522052847540021,0.09362441465718087,0.1363669892985179,0.16306263242482213,0.09233916396923923,0.028362505896420753,0.11460981033647,0.17286534714996618
0.1390763457250523,0.14718863706618812,0.10626845975909764,0.09340272377054643,0.15236446978015825,0.12186184303778151,0.043054203887349575,0.09885900449041322,0.09792431248341292
0.0910727135323965,0.17652721610695496,0.1280451653281602,0.08242727537327608,0.11675654636579814,0.10328781005708376,0.0991062476013465,0.11788868586573824,0.0848883397692455
0.11026360321746725,0.11890408869897572,0.11036171644456966,0.14092727421890971,0.12798351966820123,0.14043968143006236,0.08947145798622841,0.0821432345761111,0.07950542375947454
0.09139215708823069,0.15529842106591465,0.11468821461604763,0.09840307222519011,0.0840829808649942,0.12767713631668837,0.12989460801746602,0.08651389821718575,0.11204951158828254
0.11980577396405272,0.07015986793256018,0.1070311346471804,0.11248311956284096,0.08011743764620903,0.11274713324992956,0.054754703167375435,0.06814545112583971,0.274755378704012
0.12281210407165787,0.19056395408749724,0.08510930735610432,0.09783816376281511,0.1078129577199695,0.11586792614673662,0.049348272565820576,0.19877413514842635,0.03187317914097244
0.0665545829153208,0.27630101176495975,0.09513465918773052,0.12390387495759352,0.08157721307139239,0.1111171661038705,0.11145828222359251,0.09287910385909388,0.04107410591644612
0.09433507197702318,0.05868880235023136,0.11037338914549295,0.09252833696029979,0.0830441073227352,0.119040002854829,0.1739033491383366,0.24047510253236512,0.027611837718686794
0.1442855903495007,0.15470539974030453,0.08778180640574347,0.10012860125207879,0.17488203986538461,0.09164829059303274,0.021317534862461057,0.11951748478770413,0.10573325214379004
0.09993521759736723,0.12383992222402712,0.08525424293354246,0.1584229799188598,0.11833627981393073,0.09843206775293793,0.07199423881468166,0.21466415536876715,0.029120895575885916
0.15038382040076928,0.06125012067669874,0.11539949261324049,0.07735689415542396,0.16326518072484014,0.12450574543785799,0.13147286277605497,0.0549147222286949,0.12145116098641957
0.06677473551113682,0.12484640292849403,0.09387227524643348,0.08987712320090908,0.15432432231474552,0.09534705628422059,0.13478482727492982,0.13184819732714162,0.10832505991198904
0.0774948303505248,0.14004744075183295,0.12813827620832444,0.10081815255415838,0.095471962255607,0.12529241598424076,0.19515433465403467,0.051782453372028935,0.08580013386924801
0.07106561896446191,0.10246562038022371,0.1151214493875491,0.10647982234803145,0.08648171659671718,0.11938908744996442,0.2516826513236962,0.08912552169836846,0.05818851185098752
0.11724043642145432,0.10787854886384718,0.16615480562262286,0.06376774111526501,0.1133967252035021,0.1160901688283154,0.08629253124340408,0.10952894089498406,0.11965010180660501
0.14878985391086222,0.0351172807547119,0.11317631783966879,0.10324718113182584,0.11721846603716145,0.12505506899807564,0.16210958081802793,0.17688735494565475,0.01839889556401147
0.09897898005027474,0.05647888450471811,0.12651687619419907,0.08455826943165677,0.08592545388660973,0.1041091681596996,0.11073065273978659,0.10123299996093528,0.23146871507212005
0.10742580106830318,0.07597960922463763,0.09178666275546284,0.13856889982943163,0.13179900432758318,0.10812225188029524,0.15324671147858376,0.15599243283463834,0.03707862660106417
0.16330349469150898,0.1261574827964002,0.10319759049538295,0.06685477057155396,0.09158321450530034,0.12604379969192256,0.033314353834954,0.2492609838957085,0.040284309517268545
0.19013722861463442,0.036697083337381926,0.11453664529165748,0.1283299069263423,0.14574417207589052,0.11977157186629572,0.1061061631608415,0.05466037572769175,0.10401685299926444
0.14147788010062734,0.16650087031756725,0.11694501052938089,0.08710228947402691,0.13749050568209356,0.12712208888182122,0.05081683989284989,0.11153309884756439,0.06101141627406847
0.06774025797733302,0.1344559845596874,0.12240205161551104,0.11682164889697381,0.08409357139859587,0.10537998885328358,0.13089889454536044,0.16347340062258844,0.07473420153066647
0.18339927920310806,0.05846751669442219,0.1101861716120061,0.12448727464695024,0.15333502191400736,0.1091094158418197,0.04484705578341316,0.09784436408067666,0.11832390022359658
0.19097722169665632,0.12150949463255656,0.09539336184665527,0.14974371186264537,0.09925287370593439,0.11857343643713737,0.019434586725222597,0.1511615042630748,0.05395380883011732
0.10347732435970901,0.2415938020988818,0.09056894289676047,0.0994436285879385,0.1138231209865948,0.10012335491520134,0.031940596771063375,0.156293557839661,0.06273567154418974
0.1424061959726859,0.11012710417167328,0.10346627537076251,0.07530715855252708,0.12650833167020709,0.11938219070761719,0.06892481396492418,0.20397705621254988,0.04990087337705295
0.06477703749016629,0.1563553405471614,0.09388942663102562,0.04667396686315658,0.06401018912203622,0.11354651741281115,0.150405553629114,0.1380496141730267,0.1722923541315021
0.09236184701681467,0.1625835325967124,0.07922845760474893,0.1581935406648909,0.08868871761304224,0.1139050848332524,0.047695359903649696,0.2335672653585067,0.023776194408382106
0.14786539535269638,0.13992926853418722,0.08558374023437364,0.11673191628389301,0.1716512545894718,0.0855930211443084,0.015118576161234139,0.1230393938347654,0.11448743386507003
0.27645619692518325,0.022086107998488255,0.10114861376690516,0.07998775660179445,0.08426976712926694,0.1071760484039455,0.03960403878862453,0.22804290831151905,0.061228562074272984
0.13283478150427883,0.030550464848654414,0.10637666472127794,0.1329851615171313,0.0920191367244587,0.1217971095742061,0.1113437228276487,0.023888657792003633,0.2482043004903404
0.14840948792560119,0.06870475807429306,0.10088964451577383,0.15784867764839558,0.11515268125844885,0.10586623568860182,0.034455954919801246,0.21026452266301232,0.05840803730607216
0.08382948749016865,0.020860273237115562,0.1136304121844532,0.07454011825172809,0.083652115547309,0.0956821414053109,0.3053993903795353,0.04790949916321088,0.17449656234116842
0.0738840535301517,0.23871061692843812,0.08762035677084735,0.10163693341821378,0.10739280311061246,0.11169374538255723,0.10403646269444977,0.05964546393558338,0.11537956422914629
0.07385255705405096,0.09955319641248506,0.12339682524015061,0.10397684007250187,0.09939194095816288,0.09727902664954076,0.088773363705774,0.26197615999257806,0.0518000899147557
0.1336857260859162,0.10351854750802608,0.1234631471918178,0.16584241794466928,0.10884733133066711,0.13262942010071835,0.10284792332477387,0.09502213667031756,0.03414334984309373
0.2139882088392897,0.06114450151872794,0.09610622657005284,0.11851703486690608,0.13422253731037928,0.10726633036707019,0.04286939703129869,0.11966209726484374,0.10622366623143148
0.11872128178437391,0.1317299477721311,0.1464912565816693,0.12639868031562132,0.1182729544959114,0.13999393531672147,0.0983715937576699,0.042750943077025406,0.07726940689887622
0.18677914232142653,0.0622652031804338,0.09848383305800583,0.19681733644435898,0.16272014895463818,0.09799843328159402,0.025743919206931257,0.06770024070123973,0.10149174285137162
0.21060186636403008,0.03844048919803482,0.08392035969597088,0.15799323463488213,0.11991813884825253,0.10002025172180413,0.02602050113811528,0.16379471925800673,0.09929043914090342
0.0705079176405352,0.16427665874892267,0.0825256317727313,0.1254791215644647,0.0937900486848023,0.11236678234173987,0.16685933782672524,0.16600700756937378,0.018187493850704953
0.19907742888028002,0.12052620022638462,0.08507846527307472,0.14315621037081827,0.1307747847205706,0.1268494311190719,0.034819305553146794,0.040603695619809005,0.11911447823684401
0.05233005876614685,0.307012437946147,0.08435565101308155,0.10592100016558248,0.09504171694127718,0.09758018080853409,0.09365905191011258,0.10576253706445134,0.05833736538466693
0.19305688689864886,0.03670467368634001,0.13256883673117495,0.1496043889993431,0.11292607670042376,0.11707307571081706,0.051609049805018105,0.12112215450328585,0.08533485696494826
0.10689600159596108,0.15543606600439036,0.10867983011881928,0.06697169733745577,0.12902732308156203,0.09846667455739745,0.05123788960148662,0.12051204393118953,0.16277247377173795
0.19493805257426675,0.059955963940336095,0.11293010016510148,0.18200229622575667,0.09851927932054122,0.10957527801465149,0.03674740292337315,0.16706911841352068,0.03826250842245261
0.24291855006170326,0.07164632825044225,0.09577973424963399,0.16360626593881397,0.13828656690723648,0.10947691961809386,0.027967171087639728,0.10243408674080151,0.04788437714563489
0.1702982027600637,0.07651664334076876,0.10405657239898525,0.1312446769888632,0.18383676033966712,0.10106577258593824,0.037020690839895794,0.1432306125935508,0.05273006815226717
0.15750033102316244,0.03843060906206953,0.09553839280659866,0.20841096217884725,0.13954068474152057,0.10264632403256833,0.04577366550803533,0.16532097600102139,0.04683805464617641
0.16388289411637325,0.051683518152671436,0.09875954418070154,0.19423122092513204,0.11343693104287517,0.10073517348233811,0.030861373955389113,0.18895333741551568,0.05745600672900367
0.1331885583636926,0.04724871163691541,0.12752771375887764,0.08190132848281434,0.1453233452979981,0.11936213434879132,0.12584904129998095,0.059983131477987034,0.15961603533294264
0.0708312370549848,0.050260178721253,0.09974221100901635,0.05278741040826921,0.07007332797018193,0.10162863353466152,0.23481746473186746,0.11999393870337494,0.1998655978663908
0.19495736075246847,0.04402688929175893,0.1069972759493847,0.16278224160512267,0.09379447376915286,0.11322253289365695,0.0420821371700619,0.08350818933878645,0.15862889922960702
0.11930803069847029,0.1107589186685644,0.1500775365785053,0.09679533604647972,0.10910092513847103,0.13875182264670996,0.10227963891400584,0.07258861795666761,0.10033917335212593
0.21096700632579427,0.015940462226607718,0.10481692612110306,0.19300932555772296,0.09715279653534227,0.11495068890785658,0.06578870909331967,0.1246044796091908,0.07276960562306266
0.15805151877533344,0.0777514288259629,0.133177744860391,0.13446017452421832,0.10663586720879019,0.14108906375668664,0.06578478413510036,0.04862709196021644,0.13442232595330073
0.1719798583920654,0.08056360645137871,0.1087645210926732,0.11962540633931475,0.1028898526955881,0.1079494877630503,0.036188474306163884,0.16820655795570105,0.10383223500406469
0.08882444052493337,0.2323753036199068,0.09044168503312666,0.10257119598590266,0.13841662754913786,0.10629626163138267,0.03749699531954059,0.07399406147552708,0.1295834288605425
0.10999346091535472,0.0897130117367863,0.1306929375271997,0.07735819910274276,0.10106516254648963,0.11288273312568202,0.13668134521335487,0.1982009612201975,0.04341218861219254
0.04889612227881305,0.15114410551958143,0.09672887215121295,0.07078291349139172,0.07758954458979812,0.0990817972062863,0.23118657732953465,0.15654194743337124,0.06804812000001043
0.09393316815934484,0.0289128349301379,0.10532545247591318,0.07291985029161248,0.11162259229604721,0.1162846874022244,0.34385151006860976,0.1049686602527236,0.022181244123386665
0.11166561689795797,0.14655946876402734,0.1080448375087285,0.07692470599860644,0.11416674149429562,0.12353359671936932,0.13956236746010597,0.049365499567286385,0.13017716558962242
0.16965733537022434,0.08610313368644867,0.12519704859306607,0.11271657195677155,0.10898957647391479,0.10884737184389577,0.03220987719841994,0.17591963020202328,0.0803594546752356
0.20859220410428772,0.09442725121637875,0.09190771833783397,0.14775919231724202,0.1151793870515605,0.11568116056357973,0.028330833260656264,0.07665368446608371,0.12146856868237728
0.1697572927835825,0.02517258171314253,0.12283579179352538,0.15418305232941906,0.10082880833022868,0.121249810533962,0.06350700249963198,0.12164796798622568,0.1208176920302822
0.09759105273074413,0.03649485319271342,0.16650023599092972,0.08974752134586401,0.11054340414389363,0.11268185582692515,0.2437304374857149,0.05449726715470943,0.08821337212850557
0.21558195943182223,0.04594102045068991,0.09735947539744304,0.13469196919018445,0.16311988909894035,0.10560689111886122,0.03450880261425724,0.12111588665855272,0.08207410603924882
0.16703990778184352,0.0644587868471469,0.10161166566518649,0.1658861865687389,0.15806877370416852,0.10537357291843029,0.03557877480141283,0.14129386739366476,0.060688464319407685
0.0801186917901276,0.35527827126843614,0.08412512507196716,0.07887659713720266,0.07113965637139151,0.1412576629636478,0.06256048868918636,0.0802725764677613,0.046370930240279475
0.15423637667326814,0.05630809114373398,0.10412240535659327,0.07774671220131614,0.10718006862875346,0.09292272540837439,0.023947695074810083,0.08944475396975203,0.29409117154339853
0.12892235724331988,0.15762368074746627,0.09064598516059157,0.05819283847905243,0.14961796108481842,0.08981418712752236,0.021403495805421637,0.17845402788100095,0.12532546647080645
