0.12355841702119397,0.0961365570696519,0.08695921044183054,0.13270271624342955,0.16600868465147212,0.08201469997556271,0.07440922917923586,0.12193909914347602,0.11627138627414729
0.15744109257574546,0.05675416060391251,0.12721016766536172,0.13077321254304586,0.16262711264788557,0.08618178098309803,0.10394357487832757,0.050712568296637374,0.12435632980598581
0.10730428783787525,0.1869897221768071,0.1301605475151082,0.10135058881305925,0.08001574564445559,0.060090636438193235,0.12138253234191436,0.09300249295125433,0.11970344628133271
0.09026676413682799,0.07436853375272857,0.10960364453053813,0.1336955767939679,0.09549104292871365,0.07573809536987697,0.12106410533854213,0.1943829297089991,0.1053893074398055
0.09791508676363257,0.15295598307733718,0.09958215957477246,0.10209036434921437,0.11186544175838253,0.14308558447103192,0.07899117685375688,0.09360148953802212,0.11991271361384996
0.09598712533536251,0.07471448274710253,0.11238950059622603,0.09136331051127344,0.12084354252894454,0.04489774398841447,0.21530208116061433,0.11329334087696526,0.13120887225509695
0.09809037964249852,0.11399454643270424,0.15930990244863127,0.12587362058306886,0.06476821949600974,0.07147603239169538,0.1038023005470123,0.13723791593465737,0.1254470825237223
0.09523520775354459,0.16575469568180837,0.12792928145828783,0.08774595085865435,0.11605190134666132,0.15522507328880616,0.09086855996978221,0.08000447861697046,0.08118485102548469
0.10679098039469574,0.12184831007478099,0.1195150100624714,0.12117840111934554,0.09190550937778903,0.07915808954257457,0.11242839780831937,0.1422543776941315,0.10492092392589186
0.08815461743287535,0.2788435104778451,0.09439478792045797,0.08886176146432896,0.08026644668038575,0.1297822703410114,0.042474589259834696,0.11999152736397807,0.07723048905928266
0.11180396062002994,0.13388320918353702,0.09137043128502285,0.09792817238147955,0.15048844629058566,0.1323801835201831,0.09875616660277099,0.09265317185200306,0.09073625826438787
0.1140976802355858,0.12177793315885521,0.12893897653591338,0.1085036533878373,0.12388083016128736,0.1717394759520501,0.07669040313244775,0.04644790274109727,0.10792314469492588
0.09422053205855586,0.10864470785845881,0.07266363424135734,0.11299826735196032,0.06783488196141742,0.3370674346261599,0.03496554044371341,0.09222342381524858,0.0793815776431284
0.09379855316951202,0.10138410820402449,0.08903633048889929,0.10959751246137084,0.09705012366173511,0.19228480343348697,0.109083227640267,0.11566579648308428,0.0920995444576199
0.09499538461573385,0.07268264070776548,0.12981437614068492,0.11914798193545523,0.09237250032931026,0.06329890777366828,0.17746302191250948,0.13156046034609556,0.11866472623877693
0.10002702146739147,0.13557738941982175,0.11344807765481624,0.09675175692373,0.10191841661466483,0.08258444315989429,0.18134374222230706,0.09003562928205833,0.09831352325531617
0.10466582586963347,0.21500368132012207,0.11280285666428791,0.08379562623577858,0.13611725025415422,0.07264394050069195,0.11557076578750076,0.07075467291107358,0.0886453804567574
0.12568983009077886,0.13828157811522182,0.10462447079700561,0.13226664310320835,0.11448054064045139,0.12926692127789374,0.07008731783479413,0.0721517042737682,0.11315099386687792
0.094482475165506,0.15162529204489048,0.09955825310432571,0.11181765431392447,0.06814184709333686,0.06284842750652898,0.2351769897882532,0.09003930230472319,0.08630975867851114
0.07705651952358673,0.07888527384267278,0.1112823727133555,0.09847942537774046,0.06788409995734755,0.28235654432571516,0.09708905578253979,0.10038864681911276,0.08657806165792925
0.08839127015962127,0.08064664199079519,0.11701381462285416,0.09623898201126459,0.0843528121621648,0.13117891042018157,0.17473699163322776,0.13272134911766767,0.09471922788222302
0.10293160038504094,0.1297485272524642,0.09109981261131388,0.12121493409472713,0.08503888358939522,0.2563200011517897,0.05046304568118915,0.07463121000219784,0.08855198523188194
0.10700200091014526,0.14709847636412157,0.10883256421682563,0.077042661861863,0.13177887526327936,0.0848246349135815,0.1797637482778508,0.06263037382723599,0.10102666436509677
0.07901729812209701,0.13045472667633143,0.11811877770922595,0.10655226440738376,0.06339403038477341,0.09165225471008948,0.0903833830555989,0.23471095115546095,0.08571631377903914
0.11579568949895996,0.0927559345504771,0.11122246544360487,0.12992184896754308,0.11159457159537173,0.07926046994336881,0.10853618708933017,0.1299897426481506,0.12092309026319355
0.09167102063418253,0.11095785476177468,0.1032717657677112,0.13554934760673437,0.10300005945387262,0.24262535516638972,0.05631066848292524,0.07586688247668523,0.08074704564972436
0.10607212883423794,0.12575736622431224,0.1206269800647198,0.10907242403638723,0.10972330457886419,0.06592457846990075,0.13770571470002224,0.11108565155724721,0.11403185153430839
0.1273192876581813,0.12282236636691053,0.115423077478866,0.1316973344899743,0.1234343902123251,0.04312268410138582,0.1370865998101596,0.0910197753370346,0.10807448454516279
0.09819617076500946,0.2491986631997726,0.08999861490156347,0.08619114403497165,0.1386111088255511,0.10198636649123823,0.05913156251239458,0.0897882215228385,0.0868981477466604
0.10236976820846212,0.08983999211070302,0.12572708047208844,0.1057428229399685,0.10172779716700525,0.0898182388493196,0.10574965499061546,0.13129175300918836,0.1477328922526493
0.12439868503211778,0.08747427492391761,0.1379016489768278,0.1189707030924712,0.11675438675657764,0.05325000042150354,0.1529081609153065,0.08092348011328179,0.12741865976799607
0.09531603820373935,0.10593532707207455,0.10210693084931921,0.09032378840317418,0.09872158224262367,0.23832098240148994,0.060019325678077856,0.12396310720330135,0.0852929179461998
0.10880145795739675,0.2123752471286935,0.09312590744999137,0.07977860007679252,0.13985040421126474,0.06050055470248911,0.11649671026029662,0.10653254524672784,0.08253857296634755
0.12880897566880847,0.11325909494394437,0.11975389870016102,0.14310424053786538,0.09491620363091968,0.0804300413793836,0.1287451484999955,0.08851395684256709,0.10246843979635482
0.09237326113560958,0.1217156128322886,0.18318272907911856,0.1064034408876462,0.07499270852683339,0.05339304281626739,0.1442554950731644,0.10605793846077727,0.1176257711882946
0.10407344404944352,0.06661696228484053,0.10126738253604128,0.11732567108914589,0.12490678655055028,0.10124525964458925,0.11038082575469123,0.1564601841118927,0.11772348397880535
0.09674660412992862,0.06899153521367586,0.08490268794800171,0.12058164942741734,0.1477714955411686,0.22346281553396416,0.06644920119531761,0.0992368110321661,0.09185719997835999
0.11821383795273317,0.16559938171988497,0.10943891810971722,0.1043824539715842,0.09221480836039886,0.040787187587237705,0.11221730841127626,0.17063741658764667,0.08650868729952084
