0.08447437834084447,0.11122427981876748,0.0656699712717601,0.08293470304870136,0.06621748378770233,0.17743902542552534,0.12723298986986054,0.2224971920659364,0.06230997637090194
0.1118898070737709,0.10039624594896336,0.1826939148135066,0.1491895579927722,0.08734447302457744,0.1317627911514849,0.11289859528850767,0.05028000789973051,0.07354460680668647
0.0759502522187413,0.09887602902212449,0.08289728373229498,0.2297433569206155,0.06614630302472509,0.22886449820934485,0.1622736114028615,0.004122667875591404,0.05112599759370103
0.15700174450442048,0.07640218409202804,0.42187796360363744,0.11098117336064693,0.06614630379692477,0.06797363145438542,0.06556852234412985,0.012528572675839242,0.02151990416798774
0.15501123096700906,0.0786813735636367,0.3611018951610709,0.07193063856443918,0.12451294666324164,0.03568390719756352,0.07449208276777373,0.04902326616720895,0.0495626589480563
0.05685308187106916,0.11144340088187588,0.2755685007293609,0.11779090929790192,0.09528487811720517,0.050042903414705076,0.13807735200500096,0.047706805756492186,0.10723216792638879
0.12092958798233289,0.12303066023275917,0.06222995578238261,0.11358425302851331,0.11067534073073233,0.08767616594327206,0.11301865810447254,0.17027449958942695,0.09858087860610827
0.08858903511585829,0.07626922958986768,0.400736541746251,0.06112088079842653,0.052970552001586936,0.1958387385547191,0.08375729536909467,0.013047561281394839,0.027670165542800957
0.035745360426590995,0.06855485850430547,0.26652070260411037,0.15674393045259902,0.04976871835697211,0.13599631908626986,0.0930854433316088,0.0066441726489719355,0.18694049458857154
0.04369366981916797,0.1117231679889777,0.04845822952031089,0.11596552029725142,0.06487485450635866,0.17565144254696574,0.12885677432521717,0.0644834596547851,0.24629288134096539
0.10280644748012897,0.1312360083799771,0.09715616755695633,0.13013146275766904,0.11910788186036009,0.03551272790511666,0.13238976048772666,0.15106599969214837,0.10059354387991674
0.13946004379461166,0.12147879145575448,0.12595537532315257,0.156937567460027,0.12430625090421131,0.09988481285790074,0.10947874532046951,0.038845578616972645,0.08365283426690005
0.16211078645843696,0.11980422967154403,0.0911558771724803,0.16344127892808222,0.10829978957846165,0.10859232273833652,0.12514904031054344,0.032344868135167924,0.08910180700694693
0.17245527576699413,0.10622245854245721,0.06908063181223105,0.08364749606759668,0.10806205900444259,0.061313658053300614,0.09330116600088678,0.2529258451000845,0.0529914096520064
0.0700298814144124,0.1283423687422875,0.08043827005213276,0.0927620847379853,0.08896886907246622,0.19356500920660782,0.11989624932215802,0.094049500116611,0.13194776733533897
0.05599077275307917,0.10997470965313388,0.25571019534575745,0.05321539164669605,0.13187928562691614,0.05622708113800346,0.08999923361202261,0.13163979726161257,0.1153635329627787
0.10315663035676771,0.09111285240971843,0.13027469849570858,0.20268258382415946,0.05010932931135866,0.2020701849166554,0.16072186763747343,0.010032754420300646,0.04983909862785765
0.12650074292852692,0.11201006142139365,0.11992352106835209,0.10938275560756557,0.08548175300362172,0.11525927257258801,0.10673837248729624,0.17393020620828434,0.05077331470237145
0.07718037777834168,0.1175660937137905,0.012433272539813042,0.11492242310245582,0.08119997146881396,0.30800643716398696,0.14681993985404154,0.06445947303095023,0.07741201134780622
0.1878741530343442,0.08590681558052644,0.2730773980699734,0.08144442480285427,0.07372343220060762,0.0870349271163967,0.08576957544634091,0.10322652291862178,0.021942750830334718
0.058351870036533166,0.08766027357485144,0.33354610489700126,0.06274907553762833,0.06061151300369679,0.24923847945286595,0.11518882560340415,0.0061264017983415865,0.026527456095677315
0.14899393650534468,0.12730946255110503,0.011194227664594042,0.10521394965979741,0.1518607036631791,0.06919550931176897,0.08854585090553231,0.22698097397498232,0.07070538576369607
0.051340221218175525,0.11281021199750496,0.18868673085278923,0.08962355224035856,0.1342371531881659,0.054002397982924964,0.1016132980880765,0.07101697809420006,0.19666945633780428
0.08131221975807668,0.11855132225552316,0.05136176673806255,0.17972813401545729,0.07585522049221405,0.2236358834420321,0.1339384552594793,0.028005721568445646,0.10761127647070927
0.14443110708620344,0.09755193166561942,0.3454458846787695,0.06643400462417537,0.07340355000202445,0.10176289578687177,0.08074094521551123,0.06334164704550661,0.026888033895318197
0.1012455837835285,0.15172023068849597,0.0661622363412984,0.12493642052773334,0.1642862345095896,0.03561671728403178,0.1492220624504418,0.0721066179398501,0.13470389647503048
0.12961738303516337,0.12474928373395788,0.030132981410106997,0.14322809840639525,0.09537619987376544,0.09956146514711593,0.11804526721111536,0.15869123792004133,0.1005980832623385
0.09457565980557577,0.09151100606564877,0.3058734878622702,0.05962888276470463,0.06392141432623742,0.16300643148364927,0.09024680605357376,0.10711315059146649,0.024123161046873665
0.09603419582400892,0.10002721287939396,0.27192295092635294,0.08893671377032637,0.06487287981003842,0.18598824962812785,0.10225270636783086,0.052147777188993605,0.0378173136049271
0.1270580132406215,0.12384633301285108,0.04990725625958648,0.12994698018100834,0.13265180076156968,0.03634632016639814,0.09511925223229763,0.160479626567228,0.14464441757843913
0.10552532926049242,0.11680773107648572,0.14796763103677094,0.15336494654698643,0.07259017329435076,0.1426394148356003,0.13489153554093458,0.059109011608515206,0.0671042267998636
0.13574430247586775,0.11758340129331711,0.06876782980781383,0.08036768035185878,0.10659340372552813,0.07026538341254915,0.09068958912983043,0.2950933360322819,0.03489507377095301
0.05022597337482934,0.0943814028250597,0.32170534990906596,0.08677311142559502,0.11548515047300612,0.10360939935867726,0.09090838370660374,0.032748144597088406,0.10416308433007443
0.18723678255701948,0.12670020847811,0.10761338543317762,0.11928866525986302,0.0686955094492754,0.11634541925067747,0.12464474252622453,0.10119225697281797,0.048283030072834465
0.21272611304166675,0.12261913596429223,0.04853569325787596,0.16956324054326163,0.1386907771324088,0.05463854141956644,0.09158968145983888,0.10135251417199442,0.060284303009094986
0.06961905095813263,0.11614978561438587,0.00814353898956944,0.12040197415655995,0.0972579936687229,0.06620593244347193,0.10209492706674694,0.19232320863567143,0.22780358846673887
0.07166441365665184,0.0947069147176726,0.2572649209102275,0.11756650488368166,0.06272951337677227,0.2012981710548125,0.11615324536004619,0.026853044683151167,0.05176327135698431
0.05169796759501999,0.0964162046760579,0.2648440831365559,0.09282473523505759,0.07252201442122862,0.19937361584756608,0.10481501756350169,0.03395804982274489,0.08354831170226733
0.1154874215652083,0.10729205786786666,0.2665336406044436,0.06731722070388774,0.11029035377022585,0.07141044585444352,0.08977644445392229,0.1247520219034542,0.04714039327654778
0.09478220479884696,0.10749533189751863,0.12458777935879424,0.09575050848486973,0.06605450576329895,0.23135343354722068,0.123313689943418,0.12696425896033128,0.02969828724570156
0.12248212018662717,0.13861613817766177,0.05433526944126287,0.1307972471197917,0.09090308915254296,0.19931318735069012,0.16184371057393326,0.05276973226358872,0.0489395057339014
0.0616211130506587,0.07316547263601102,0.4829114295770835,0.05220763556071284,0.05907201226957307,0.13089004605225818,0.07535872274353994,0.04224156435557299,0.022532003754589736
0.17128877150594227,0.14046303351224168,0.024176637462795605,0.16747278186152717,0.16457630896678446,0.022647099836377402,0.11325699144272305,0.09661624114477792,0.09950213426683048
0.06057368509118601,0.11860827721816546,0.0574068129928099,0.14104862300952817,0.1056388451866394,0.10807517889318062,0.1690692219926855,0.015238353672489055,0.22434100194331588
0.17104917524937988,0.12964158784557248,0.08426876296987022,0.12409591903379753,0.11512251418652243,0.12228431793681793,0.12428982842201337,0.08976642277406728,0.0394814715819589
0.06242059482551742,0.07040632026342745,0.5504080296693976,0.04123488013328074,0.05497203429387856,0.10994755641247535,0.0806280297339015,0.012810384701837011,0.017172169966284335
0.11599288134510637,0.11898342113298739,0.040129909092960124,0.12369468615295835,0.13179764412673187,0.22107367602474629,0.11487516054886955,0.040937402064581484,0.09251521951105861
0.08667150724504798,0.12034894408151471,0.07068191489773192,0.11003252240968064,0.22145669541127164,0.015784509946369794,0.10416291691597052,0.04990323237507726,0.2209577567173355
0.12618460315042598,0.10993575691324659,0.010107644851639003,0.12450084748305258,0.10342659400073588,0.0625862727804673,0.09000559429069716,0.2626983403045506,0.11055434622518497
0.10979734645440582,0.12682704209190415,0.09424638061566548,0.16709580923423903,0.0872844302846892,0.08968606787255007,0.14506871115933637,0.08927809942952118,0.09071611285768866
0.15875036551953703,0.11817126754847844,0.12609995777604435,0.10882529513672558,0.13633330481473313,0.06834820847712877,0.10294443280704346,0.10588505719516834,0.07464211072514089
0.15244749881693223,0.13524330504341123,0.15073927305288373,0.08739939489178568,0.10925147296236258,0.10632062730157027,0.10836333647210482,0.10664640614077352,0.04358868531817598
0.08244197903050585,0.12493781224227289,0.011042255097967637,0.18206503314608705,0.09663740995880883,0.19717033624885172,0.1627064858032207,0.03298689548370943,0.11001179298857582
0.09465261632531981,0.12644400221672092,0.04051759219844783,0.10889586352463042,0.13267866356656222,0.11449145139801294,0.10361180715086321,0.16593123494822792,0.11277676867121482
0.05311934971612251,0.0938342387399812,0.22213593342846583,0.0793726641337505,0.11986310443612762,0.03495742727567391,0.08948219653473999,0.1512869743590713,0.15594811137606723
0.14338911296323098,0.12516011699980203,0.02528467577769127,0.12708703122617163,0.06457745843337304,0.2777789842602138,0.12633648384113202,0.0601079059122376,0.050278230586147644
0.04094848643924396,0.0879759406765606,0.09303092213566293,0.11916683346419343,0.10877184049102222,0.027100966042178248,0.07625478846426266,0.08611557871454824,0.3606346435723278
0.04243934526248366,0.08045148111578944,0.47321906903025024,0.03936573348639449,0.04270577315920707,0.1449785718108304,0.0928855363827379,0.06183766434314225,0.022116825409164532
0.06550548576282066,0.0964610019186151,0.1876185879195672,0.14950245151493471,0.07360118653669971,0.15170763925164282,0.1034342349925604,0.018735064016674796,0.1534343480864846
0.09806919912352463,0.11404139604220669,0.024174387020341987,0.2123572542782477,0.04878459081498798,0.23054423053583553,0.15395196432101807,0.03935868335566101,0.07871829450817645
0.1420925577418461,0.12312334061008194,0.040361188447621356,0.09102827843843135,0.08923787813860797,0.08945776634510023,0.10642180199626579,0.26415913610302216,0.05411805217902318
0.07758299701392225,0.1007789965326449,0.19781739855343183,0.12782376840011625,0.08832012798616257,0.09482598517776271,0.0974511058786378,0.06245877123099996,0.1529408492263217
0.10478388997309851,0.10524978764039532,0.015178650353073234,0.12097073780923721,0.07273182650763872,0.12101808615548144,0.11563643383757201,0.25613432939039504,0.08829625833310846
0.06999425408445845,0.07694079584142179,0.4971372677138695,0.05347086968031278,0.061368643505278826,0.1134181728659575,0.06879696655943203,0.03387283434565295,0.02500019540361617
0.03823666249049144,0.08107817281788572,0.22444602592329732,0.13111297092481014,0.05578016379659643,0.24763340741033046,0.16032143509158492,0.005323606779066011,0.05606755476593758
0.11152037128232926,0.10800998722110855,0.27241839960369957,0.11491093937894886,0.09466954388458404,0.07806587204726446,0.12545327383928465,0.020389507154281564,0.07456210558849903
0.07294348019707468,0.09607646149998535,0.043179584378012024,0.06564819992562825,0.058912955582552474,0.13658659170520226,0.10449428256731004,0.37234797131461583,0.049810472829619194
0.266992435913888,0.10358136536172931,0.028359518706589367,0.1267058485139948,0.162972857960021,0.04206058362717896,0.08332260310634934,0.13089247467022502,0.055112312140024156
0.10793146282189248,0.1194770950060261,0.13628817695675802,0.13099035899083583,0.096269749153444,0.18297574370435069,0.12719126394793637,0.031426186114868464,0.06744996330388794
0.08884733424429009,0.11894575329313999,0.0026231754779657717,0.2086935330191104,0.1386291186956622,0.02530949748915803,0.08324027202279365,0.054658854398567484,0.27905246135931244
0.08147303011340287,0.08215825126706057,0.4998519306773601,0.05537428883224035,0.07186009056060698,0.04827874484520944,0.08290085197189756,0.04915379145394239,0.028949020278279752
0.20698577871376603,0.11223877210239828,0.013127147904081794,0.21753326845373588,0.14288869019446476,0.09513849491229272,0.10114264879677802,0.03305646996273781,0.07788872895974464
0.08306228824421888,0.12236975638103438,0.008273859276147101,0.12736681791554627,0.15986809357717413,0.03361397406889422,0.08312836178291316,0.1407693027013162,0.24154754605275564
0.056033399739683624,0.106174542802757,0.01590518387947836,0.12750554657638521,0.08710355935223524,0.15514706709405643,0.11373740059817845,0.07918217488197267,0.25921112507525307
0.07029953385992314,0.10927069832044656,0.06364819965103323,0.1206492365287234,0.11587074126909495,0.2466064823016747,0.10365342894436667,0.0764228611900402,0.09357881793469715
0.0982213521771599,0.11870609642056218,0.051946729481796815,0.0712581281163233,0.06546313379155998,0.1581053803698793,0.10571697490481467,0.28815798988880253,0.042424214849101284
0.10150464791911402,0.135003347134782,0.08538615529518616,0.09633528385861079,0.13459462854189133,0.07353851657586676,0.1160022136291483,0.18641078133222524,0.07122442571317543
0.061628291264902636,0.1129563573312335,0.20057409171659532,0.06868403841767994,0.13132788369627632,0.09790725123105637,0.1051992883221345,0.1351192477484767,0.08660355027164464
0.05893791635631327,0.1127993041464918,0.04771842843279837,0.14830265729402312,0.11367224970990558,0.1122675616619836,0.1209494078327335,0.04871748063017458,0.23663499393557622
0.05185024898108689,0.10316550380330743,0.36252206427637135,0.0518967814023684,0.07980867284463361,0.07176594345849248,0.09780245855344677,0.12399965801037464,0.05718866866991845
0.04215633346319802,0.07291410951463435,0.2622291852334055,0.1717094509377227,0.054962399798106874,0.13420517454162723,0.09140947057881328,0.007382486059204688,0.16303138987328736
0.0555906223072302,0.08260244725042111,0.4475477001545076,0.06059245228604149,0.0628385947597812,0.14511545863589892,0.07941251091216601,0.02835981915964968,0.03794039453430379
0.1379588020169633,0.11799525172418357,0.051568816386574345,0.16566164028190217,0.12725513119450108,0.06348314782266502,0.0973016463900878,0.11402742816235871,0.12474813602076405
0.11387145143547768,0.10973790097960699,0.04418996572116752,0.11371266385147653,0.07859769132754775,0.05766836875987563,0.09836038535293519,0.25729053412647346,0.12657103844543915
0.090783683140456,0.11169258547253101,0.20762148365649188,0.10038162171524408,0.13559429590128536,0.16367356771109853,0.11166827257575078,0.030824093329842487,0.04776039649729985
0.10806205996161078,0.08490506178324943,0.4406751390109283,0.10040429401996004,0.07568069591612413,0.045559866888372214,0.07796876761677964,0.02066041529263321,0.0460836995103423
0.11912704585552776,0.1214781130009227,0.20237595387161375,0.1105493748486935,0.11958311088609745,0.12309802379245277,0.1076764101502895,0.050629576910837436,0.04548239068356517
0.04686275669506292,0.08936653505380716,0.4128535102194402,0.06887954641276305,0.05987602570875019,0.09977719039410395,0.10341450430777228,0.08092004901812895,0.038049882190171115
0.12107871638969399,0.09625211602062063,0.34340007052240135,0.06805854194359594,0.07557266013937337,0.07810135300699465,0.09548560125432025,0.09090459208352403,0.03114634863947585
0.055621758329464775,0.10976594853923989,0.10813927285585094,0.09937295080170123,0.12019912854709384,0.18753886881682322,0.10286555953681988,0.04560443023320019,0.17089208233980602
0.19825348087786995,0.10929476515615706,0.14669191001859264,0.09898268392081482,0.047457803641768014,0.1532338950326059,0.14562850695543123,0.07707361258118671,0.02338334181557368
0.03739424599350933,0.08823566727511734,0.369516337734157,0.05616430591355953,0.06668937163568607,0.2063451800444589,0.10972215788958316,0.02128760528005628,0.044645128233872455
0.10036972745060409,0.08298654548718017,0.45144635730555943,0.04301613686545839,0.07815662656513644,0.08580979116552458,0.08029778614903908,0.05666732347715749,0.021249705534340264
0.09078032351959016,0.10805891720583412,0.22404559960344783,0.08485226095636757,0.1330599326965567,0.07476304005009136,0.10319491763991634,0.08874351832587128,0.09250149000232466
0.05356124602883833,0.12045206372250217,0.048136326896561075,0.15055510005448516,0.08464771825318175,0.14862553392591638,0.12648438099996806,0.03607205133653608,0.231465578782011
0.06601088709511937,0.13263092437069365,0.062124564824338625,0.13961944953998223,0.11392653760174494,0.15476015632302023,0.1418934183817031,0.017278534412641138,0.17175552745075673
0.082145879174692,0.10803849324156127,0.10340746692964548,0.07446391607834986,0.09660830951320676,0.10867013853983921,0.09820610843818704,0.261850249775848,0.06660943830867028
0.1414955820729454,0.13555086607347447,0.02277182803226881,0.13287037314831954,0.1865481956413977,0.05731734220298416,0.1118468774401924,0.10846288986845776,0.10313604551995965
0.07150882372998403,0.11554411056196244,0.06396547481813343,0.14718719216292891,0.10721943413554526,0.12712896174452845,0.13464622744573232,0.03461874475380508,0.19818103064738
0.07779180295458706,0.12683571627958476,0.1731534256005458,0.08496587728073018,0.10227995706371006,0.17796247232577814,0.10976377258169893,0.09074656268854414,0.05650041322482089
0.203469702611032,0.10585526429171362,0.02256479922220397,0.1321829020362778,0.1147136598768419,0.05764437750391412,0.09520709440409514,0.19737974804364858,0.07098245201027285
0.11688338696742655,0.1283333025469314,0.016188273361019967,0.21539314625283168,0.09109586362020256,0.11978876646356366,0.16100252778510452,0.047018089675750975,0.10429664332716874
0.13813813108371845,0.08340999596445564,0.32630644700955536,0.10467008419109376,0.12539420055655948,0.08160077444293945,0.08488999952167674,0.013184986085366947,0.04240538114463416
0.26519570100652035,0.09916744062888372,0.17519539418701943,0.12513962766170508,0.10158644058957207,0.06983023680499324,0.09411502758658093,0.0344682632636743,0.03530186827105097
0.11148275234868073,0.08831385628071443,0.29885390031870024,0.09064439602693412,0.13827650312978598,0.019258040048091986,0.08024546761810185,0.11398104263748626,0.058944041591504424
0.10049187402533573,0.08249992006504046,0.379266063161956,0.07145377945760804,0.06995331873480784,0.14423092933339013,0.08026801695344014,0.036160629468739665,0.035675468799682024
0.13588006039753245,0.07969689672698983,0.3950861873622016,0.0510252928805027,0.085415733393021,0.11202323686048322,0.0767932175904037,0.04433526616279051,0.019744108626075074
0.06770343684957417,0.11511702195692775,0.058205044910682735,0.14546396679777743,0.1323524915133113,0.09188935098930036,0.10674653990791903,0.03457085919553065,0.2479512878789766
0.0567543310373896,0.07425461956142278,0.48606333480650293,0.06083096213596845,0.05798909018913884,0.11565855782253354,0.0840175416894413,0.026859502095690865,0.03757206066191169
0.04866483253761219,0.09407882266464716,0.3485291338641572,0.06306309927776145,0.10182411120312,0.13213615580655366,0.11159323235372735,0.026736107335723003,0.07337450495669806
0.07617309320390907,0.09564819607671472,0.32603164296092807,0.055646972395554606,0.06780078348667552,0.13773814691582778,0.09907026584724547,0.09924735768552954,0.04264354142761526
0.1478812849377379,0.12663712084133952,0.0375454170629236,0.18799634932131448,0.16108850317460963,0.04731183767836141,0.11425794145155006,0.02151508408309617,0.15576646144906733
0.11118213270820183,0.09163702898594407,0.3359514455874492,0.0540648916895099,0.05432342087909606,0.12028575070534757,0.07884957111000834,0.1327390491217122,0.02096670921273087
0.10872724165358567,0.11552779975069838,0.010995092024784959,0.09884491089393473,0.08965624480371609,0.1279640925331196,0.1026152222074645,0.2544518518554684,0.09121754427722761
0.19268651333560158,0.09722679418171298,0.2617548586086608,0.08483510548844402,0.06806591705844132,0.08352641348518297,0.08228914602843625,0.09950110308919079,0.0301141487243294
0.07017547833572173,0.11115315323277536,0.2945717809048419,0.08948265917826449,0.09968672515342623,0.1123511451490891,0.14489929445340652,0.02647773241421268,0.05120203117826192
0.17728636398023942,0.08089381923733639,0.34647744144086673,0.08474880987627863,0.08500989580831335,0.0631017470358959,0.07758166307970853,0.05638662538617017,0.028513634155190832
0.07170037047449004,0.10405937583555631,0.29950358543327205,0.05795007057572945,0.11485147320080713,0.06381850303768714,0.08951171906059992,0.1495231495732466,0.0490817528086114
0.13565291919500175,0.12371423220843579,0.08661241528302425,0.16715354825003226,0.15554773777034317,0.11289969169439025,0.1410797968748134,0.013204579470490493,0.06413507925346862
0.2866654932722965,0.1156706069689099,0.06800335522044904,0.1368386053781979,0.08604962102486047,0.057746554771921026,0.10244142446550941,0.09599780451801293,0.05058653437984287
0.051592506220521785,0.10388348733145551,0.01745052211826079,0.0705970940727411,0.06187563078128944,0.14872891540117544,0.1128464199053897,0.3667314658469692,0.0662939583221971
0.16124076566402043,0.10143266154985782,0.11331770708078663,0.10263439101022921,0.1050045742375217,0.061489210141869886,0.08484635555613679,0.20662370707287767,0.06341062768669985
0.08873023978118894,0.11374167578187529,0.17698719866616575,0.11496057391537368,0.06375410369665033,0.23298848883306647,0.1469298660473823,0.016975863877477973,0.04493198940081927
0.08271427473554838,0.08051091526972849,0.5121109469936338,0.04247698930136486,0.07720043090040973,0.07859216390736312,0.07094617790874114,0.03676598150325116,0.018682119479959288
0.11992982504115406,0.1102136417293893,0.06151439445152548,0.10668364384089753,0.15504580478690594,0.04683883877949455,0.09769206680165775,0.16364034184683462,0.13844144272214076
0.12203516639298974,0.11288980469234401,0.09643407389669433,0.10522410211908967,0.11226107560143773,0.0470020530519217,0.11044612781993217,0.11858522569469354,0.17512237073089723
0.11065851243886882,0.11433309078070479,0.2687817499256746,0.11610172074467888,0.11791048983477752,0.060979509044821266,0.10382004827641433,0.043197404610523106,0.0642174743435366
0.054001333194250566,0.09707880599558855,0.32308743627333186,0.04367158706284007,0.08446001165175392,0.0958766160168232,0.09114343086919825,0.1568170274714311,0.05386375146478254
0.1010596787004,0.13880621998646772,0.10539922068180745,0.07011401308255284,0.1464408993978561,0.07534143589876412,0.10972856508063679,0.19036034589479,0.062749621276725
0.15437881545018908,0.10552637047787862,0.22362350111079712,0.13858350255745197,0.08017969525027022,0.09631176297343265,0.11699688176984092,0.03310966443746474,0.051289805972674705
0.12006574537105136,0.11413602303627492,0.18401056998833687,0.07517586129506439,0.07965882491723233,0.17441032846919646,0.1190533848827542,0.09398639098199023,0.039502871058099194
0.16573179606444263,0.11629406629371446,0.036899460169883214,0.14535640275550987,0.1060357973625164,0.07431732411879763,0.10194233142822832,0.17381300093282082,0.0796098208740867
0.09718042766758668,0.09045995555407964,0.4283677111073443,0.07356033724093766,0.0732167553439785,0.06206933240092714,0.07760402891061646,0.056936291596606826,0.04060516017792292
0.11552459956889893,0.10111193171322014,0.31629873473500614,0.07181453410916105,0.10283285391237999,0.09299098685824396,0.0890984263219264,0.06551453312082028,0.044813399660343145
0.15247018488084005,0.12708956005757324,0.05405180060750093,0.1364405404019732,0.1271540908608306,0.08338576841558316,0.1026841543806728,0.1156602000978459,0.10106370029718015
0.10129631658538789,0.1005462805758711,0.11246552744799349,0.15463202361090955,0.11557036920294328,0.1446915632715472,0.09799487019420551,0.028846793795260627,0.14395625531588135
0.06545240301778187,0.09642596270189509,0.1873348150532114,0.14969928897782367,0.07353578075411261,0.1517244473167725,0.1034091324550415,0.018705743268587895,0.15371242645477348
0.09374254599961131,0.07422350987768483,0.42542562540768164,0.1352356913529201,0.08038886165206566,0.04935718458933714,0.07567160917357421,0.013409069008811373,0.05254590293831365
0.12487874870586858,0.11087194480969444,0.014831298581583755,0.0674242917449324,0.10148075454786447,0.13129363963984497,0.08550734760961369,0.33817010128010283,0.025541873080494853
0.20260542749911645,0.09707850012185408,0.23095758453648374,0.11673086717575522,0.08696298266095344,0.0709868809967628,0.08841510385036426,0.07075843754523033,0.03550421561347968
0.07604033457369881,0.10796273133055058,0.27157979875139304,0.0862592982622055,0.09976919240023308,0.08531570968519858,0.10960151656687561,0.054004640815882334,0.10946677761396256
0.12173023610163507,0.11071150532690022,0.044318787620892974,0.23366998996520036,0.08678135202392735,0.1300941336769673,0.10586015532188793,0.028960903683919337,0.13787293627866945
0.05174107832705329,0.08634300789651743,0.495353864427808,0.04873359815289189,0.08104674461383071,0.06843272662192147,0.072597889431762,0.05024992815305981,0.045501162375155425
0.07086286126682817,0.11390451713425803,0.217119860355692,0.11161295969323466,0.1255714826332777,0.0673724982144976,0.11590296815821967,0.03635993579830673,0.14129291674568542
0.04536847898436117,0.08953293589475521,0.26941610779136665,0.14269095322689326,0.05662276467526111,0.11992991859008499,0.16544764423118588,0.01132030034226579,0.09967089626382603
0.06289429767897757,0.13563506719547908,0.10112687510779651,0.10043411693594845,0.08520022470197762,0.13586823877048917,0.12767188080012448,0.12583535294180956,0.12533394586739752
0.13839618907138077,0.1252147247661816,0.039346562046515494,0.1733629260392612,0.08063229339078361,0.19729832161889663,0.14168202940681265,0.06094502294665851,0.043121930713509504
0.07889853442985457,0.10253655185354275,0.04533036128578716,0.07459311630593736,0.06897019937714509,0.05775230003415555,0.10828109540275772,0.38053706742847915,0.08310077388234062
0.07977941245664973,0.10691083636814502,0.30299603600721237,0.054161226982470966,0.06761311853802994,0.1739140638616515,0.10035286195247291,0.089583548659026,0.024688895174341596
0.07164219041262598,0.08937983879381932,0.29078185927291456,0.11729925149710868,0.0665289150474447,0.1550748569166092,0.09741408110511973,0.038294253188920026,0.07358475376543777
0.10803867270017976,0.10628106341486987,0.19122885469428316,0.11785200237052491,0.07958677848040617,0.19074900470723974,0.10774133850994481,0.05385691523500708,0.04466536988754454
0.0808870894875034,0.07971730776295481,0.4859906825933136,0.049881854837941886,0.0682306336538657,0.10257128867602372,0.07283679307033304,0.03647432163850254,0.023410028279561096
0.06515990560000486,0.10943935927612757,0.20392689935140249,0.05851998581027623,0.0838762487116649,0.07819236490434893,0.08753378424373114,0.23852476185714147,0.07482669024530243
0.07989330287725173,0.12144448396814948,0.011427893481078415,0.1678230550314912,0.14630205479284308,0.06204597764112749,0.09748730238043642,0.04287897583114042,0.2706969539964818
0.06625599677347761,0.11947242740963233,0.1760184302491843,0.1368294951986518,0.08188868028577241,0.13621453183239488,0.12853999893751175,0.05316113628950764,0.10161930302386729
0.09259482350009196,0.12139496924813915,0.033439133540350593,0.1543819680070919,0.09281872180396318,0.08288036298464184,0.138985556200271,0.110888093445853,0.1726163712695974
0.11513193034803249,0.10335055657802335,0.2141193617818319,0.17965993282184875,0.07842470176033457,0.1409115384188048,0.09751077540689927,0.011360805468212923,0.05953039741601198
0.08548525729669443,0.1239042172373584,0.07942408157395951,0.10159110525939503,0.12473643915617257,0.10533526757525398,0.11638907760456092,0.13716206539130182,0.12597248890530333
0.11041427293031159,0.11999312296404448,0.09574154250307602,0.15198223104358546,0.11228985901193307,0.0577866143504441,0.1253871774986886,0.10152750783630937,0.12487767186160732
0.19620484673632502,0.12231486733331998,0.028216119712995796,0.12128540658301813,0.07474781995902115,0.20781725485708458,0.11137621580943097,0.09599013828804008,0.04204733072076433
0.0952914721905177,0.11663406016689803,0.055025473977353405,0.20113286911021744,0.10354029475687232,0.07857712206502825,0.10960982426913475,0.030486435552395424,0.20970244791158277
0.054118629210581796,0.09433366804190957,0.35021707471426416,0.06387462432845196,0.07332188387093258,0.14049200900264008,0.09905870549922767,0.06832942767935855,0.05625397765263366
0.042465717195135866,0.08290505700935143,0.20270840636617535,0.10657481144715035,0.04916752458201349,0.28955454959655963,0.12313022354062515,0.012623096782764747,0.09087061348022406
0.07982809919618955,0.10904701911744413,0.06711343054613927,0.1503718149389789,0.06965649823074205,0.2762400000433067,0.16878707141635926,0.017250085839964926,0.06170598067087533
0.15926212793830413,0.11000634015661827,0.19274638396754354,0.08883851449636175,0.09662723185700421,0.1679242069575532,0.10554946752295545,0.04543504669227452,0.03361068041138494
0.20394217704362386,0.12141856689027418,0.04277270282493765,0.11433534517855226,0.09025112755805455,0.05959432787593277,0.12313575674156757,0.17293243484220702,0.07161756104485013
0.08816923321317834,0.11164050174911334,0.1680788399316692,0.15486581411301656,0.06124801504570115,0.13521913373649563,0.15055109807338637,0.05128383882065977,0.0789435253167795
0.0900452948792443,0.09249870492472463,0.23329573911404253,0.09649488635798296,0.05325604870840051,0.24187547868736514,0.14274645316290577,0.017615566018554376,0.03217182814677979
0.1492210570182057,0.11783872759196463,0.0998237579199196,0.21952093866464636,0.1059354152301798,0.12082215836090082,0.11055781511020153,0.0219695412100018,0.05431058889397975
0.14195715994310334,0.1581950715932854,0.011810925020222067,0.14557817001645268,0.14920506961178195,0.09448766701453028,0.1162398646552445,0.07084204230393452,0.11168402984144521
0.15849633108317251,0.11110316558161508,0.2214787117367155,0.12885747938058315,0.09698653597204637,0.09682474404557373,0.11650521138220317,0.027119949371201546,0.0426278714468891
0.06287156708862109,0.08149772804052678,0.48158962871311867,0.05786420392904538,0.06012065629788913,0.09499697303799255,0.07724757795508752,0.051506484884900026,0.03230518005281887
0.19975438500160825,0.1247852497311855,0.06905442016947244,0.12574904612137416,0.11885594796580623,0.08646633368992718,0.11108568162380383,0.10365298920595124,0.06059594649087117
0.09701838024732662,0.12284126094851798,0.024828234448235172,0.13701752675180254,0.10035405368098306,0.0959882963114695,0.11728848672798257,0.1354428536429972,0.1692209072406853
0.13466919337213498,0.08759395220749476,0.3167601757221952,0.06310949503984908,0.08861496877703828,0.0664710761767356,0.08733951003930408,0.11320243336912054,0.04223919529612746
0.06212207006599921,0.09630691649427303,0.12326455161159604,0.08286191977829878,0.10778230318498831,0.3397055698382676,0.11406503202701744,0.015997931064251177,0.057893705935308425
0.0889510201799446,0.11676172398102365,0.011710543326176333,0.08405731891627845,0.14508764480879047,0.04665693050777633,0.08880559078124119,0.30097650702085826,0.1169927204779107
0.09891303854746952,0.12720286827761382,0.07942569347630475,0.09165479862166497,0.11646008918974037,0.18901889919834725,0.12449061097797165,0.10703073103748767,0.06580327067340004
0.04857285242961604,0.08274989359735425,0.30982777440863296,0.05951906851522356,0.08775969040087543,0.09017916978581086,0.08492059132840134,0.14203061454858612,0.09444034498549957
0.07411171583767924,0.08780007678832212,0.38452071708434543,0.05265552678879453,0.060986863829710324,0.1533039035136364,0.09378552050837526,0.060110194424873364,0.03272548122426341
0.27268908388543345,0.10508711570470582,0.02012676002594377,0.13456991143408106,0.06828279568945832,0.08337900398150418,0.0893583188718839,0.1759211287703193,0.05058588163667016
0.11938369651383746,0.12537221429138545,0.07645561742284086,0.10867782667556991,0.16757989892846203,0.05544484601106633,0.1076089085360451,0.1285256637736697,0.11095132784712318
0.05298216511424549,0.11513871639741065,0.24296767858010773,0.05589678026178927,0.0838187452871435,0.10250451900583744,0.10858693427605255,0.15966830007887314,0.07843616099854023
0.12535618014792163,0.1399800335589162,0.011471062195455491,0.1409242606788191,0.09089886824393466,0.0992186223279875,0.12133933797018226,0.19329472416567103,0.07751691071111212
0.06260964381053756,0.09928842481800576,0.349064762797718,0.06946430197621493,0.11583025365849148,0.13263757588478553,0.09725300119364277,0.01748923197535017,0.056362803885253776
0.06463012298199738,0.12207529274444574,0.022550521324685824,0.1417097875475584,0.07036507352041922,0.23832554342516785,0.18527346807463774,0.06106787312556052,0.09400231725552725
0.027494989310410597,0.08800200888203323,0.040224423806800656,0.0816629449775057,0.046385672832200825,0.35154111949035877,0.191626446114487,0.011429659911104928,0.16163273467509826
0.08431116851174701,0.09712660986598132,0.012242900293688746,0.26596056679839036,0.09145287950513353,0.10300101870685587,0.09642624719932887,0.027874807751311986,0.22160380136756233
0.11982890926317429,0.12073034432671502,0.037876804924865365,0.24171200639789645,0.13757744250827475,0.1227217418917681,0.09237961357250492,0.021695304254877024,0.10547783285992406
0.15484921743657618,0.1008155844351677,0.15761193067164006,0.08480026137152548,0.15488331866687735,0.04423376168547394,0.08874305874840538,0.13690982432615673,0.07715304265817709
0.09137670074568909,0.1010111287981975,0.1816818890534274,0.08783243121666758,0.09596731142782904,0.2332973768373642,0.1051334498215118,0.05272420248118793,0.050975509618125435
0.04963747347476277,0.1163826723247296,0.015681097438077416,0.0786744895761727,0.08046572813578791,0.05814996934547351,0.1116394016563666,0.36783790901643076,0.12153125903219876
0.09478220479884696,0.10749533189751863,0.12458777935879424,0.09575050848486973,0.06605450576329895,0.23135343354722068,0.123313689943418,0.12696425896033128,0.02969828724570156
0.11999231806932437,0.1222645662683035,0.18210228482600624,0.12636151366782264,0.14774117873158413,0.062133234317415915,0.11316548715715113,0.028810171486100575,0.09742924547629146
0.05410107632759268,0.09029638801021285,0.4310750858880475,0.05942505257960867,0.1082595207830559,0.08595119197942214,0.1028528696158824,0.00931622842278563,0.05872258639339245
0.09576285071993977,0.11136550276184216,0.20960170243420762,0.12677914240894203,0.1359779928960083,0.048694543271394365,0.0972469148652798,0.06671632451007593,0.10785502613231006
0.1307718919398195,0.12761763197351747,0.10616353232381197,0.15082007506142123,0.12306915826251484,0.10039743783592868,0.1264746422826221,0.043127475595509585,0.09155815472485457
0.058892975880262426,0.09396306996893568,0.4328583162925826,0.06355761077455353,0.07764426983686633,0.08503778235025493,0.09735070077736323,0.04769301970018972,0.04300225441899144
0.14086351606198724,0.1251903389711421,0.17297526714971612,0.1383648310634841,0.12496169916524352,0.033358527792598895,0.12418029593695513,0.07805533593760315,0.06205018792126976
0.19453335549975928,0.12230094184006608,0.04967557939304016,0.11949883645298605,0.20819790191048218,0.0713156762544603,0.10439355076107111,0.055419765769028156,0.07466439211910667
0.06659086693677314,0.07186378866993776,0.4713552898035311,0.040518049357506976,0.0426585610812678,0.1912685651830697,0.07841069819201717,0.022242253942605525,0.015091926833290902
0.1653476145754119,0.12525981666001632,0.12445999815691915,0.0900948214916334,0.16138088313158924,0.045074054481929395,0.10851520054087616,0.13307991646740558,0.04678769449421888
0.0929353435670716,0.12245788468597797,0.08154236314335062,0.13355141728982312,0.09346385368846825,0.13842063811182098,0.15452813634056192,0.08929175397375864,0.09380860919916685
0.13899355412131256,0.09629285196702515,0.25172209638961446,0.1010915062232783,0.11724338380151629,0.02976509729511276,0.08172819205638464,0.09782681030237213,0.08533650784338374
0.06942221284296317,0.09449553611019251,0.21633266127528308,0.12013051205887611,0.0633411334500634,0.21038407542783408,0.11068820692328868,0.0519996476210364,0.0632060142904625
0.12259588336235543,0.11760848892556397,0.05093590194485267,0.09301815450402125,0.11244835722841023,0.11218319049810756,0.10545942505631484,0.2143742108850993,0.07137638759527476
0.08282520740855097,0.08492549714439811,0.3920804440063878,0.07925009862335859,0.07919769013584695,0.12195356011843624,0.08720095811099642,0.038133993132226214,0.034432551319798756
0.0567543310373896,0.07425461956142278,0.48606333480650293,0.06083096213596845,0.05798909018913884,0.11565855782253354,0.0840175416894413,0.026859502095690865,0.03757206066191169
0.04193163603453345,0.11128136666585643,0.3249490934877902,0.058429234913021266,0.07383625673915131,0.09247230138943602,0.10614640259811531,0.10996705031160743,0.08098665786048849
0.14192110163974547,0.1274540019159054,0.025024426523036825,0.13216586168657637,0.12499333305299543,0.07321382119175378,0.10083652745712035,0.1331595188640425,0.14123140766882386
0.14458134052444369,0.10312503428691665,0.21305186971934062,0.07182870239310686,0.12467181362556146,0.015952473906476517,0.08902370836357855,0.1963440695334081,0.041420987647167444
0.05585131113917235,0.09141615512103789,0.3201855916523935,0.11636178708627505,0.117566037351015,0.11804848521529314,0.09410429122827875,0.007760507762366879,0.07870583344416748
0.08712965775403197,0.11955997951764742,0.1000293998303235,0.1226517140090516,0.11201882792188732,0.06311570264651668,0.10402508832428264,0.11212618761835658,0.17934344237790234
0.10359234176587322,0.0881884337838551,0.4043261502792195,0.04580103183491498,0.10798122484586799,0.017885974682656198,0.07305533387880683,0.11802971886384332,0.04113979006496293
0.13722405311375072,0.13790217002415536,0.001744045273340702,0.23324452143989038,0.09640836059734544,0.10567075021742213,0.10811061666914956,0.08294359211213388,0.09675189055281185
0.1594039866911023,0.12321587685623282,0.10927898358730397,0.1456748319580154,0.12818409320263366,0.05840493524033619,0.11781283796040663,0.061335111144176564,0.09668934335979255
0.07075128824047207,0.12618629992757716,0.09299148745115597,0.10497433462573756,0.0916503486032149,0.1377587813241127,0.1495459428153013,0.12272318525707633,0.10341833175535203
0.04598434343338056,0.07547600946820973,0.47766132610547957,0.04812085121728671,0.04857144507298471,0.1736058764174173,0.09014565427896222,0.018120502860457858,0.02231399114582135
0.11293024752642149,0.13323930773646317,0.07095058695966473,0.13529467961966124,0.12928667863197157,0.10135672262469904,0.11936225306451875,0.03890135788498405,0.15867816595161596
0.05779228149755703,0.11306329002635718,0.05480185050063554,0.10800184524655576,0.12807612166221147,0.208370158840218,0.11014018516609847,0.037655431977507696,0.18209883508285887
0.08173257848699918,0.10868813350620811,0.04460125354352529,0.0973710510890033,0.0912459394341415,0.13606133541175422,0.09956275855836084,0.2100276955618935,0.13070925440811396
0.12923565872156492,0.10012216783024679,0.015719647559677734,0.10145654791605185,0.08701459100291113,0.029526530637218235,0.08084677601857758,0.3097474148077422,0.14633066550600962
