0.21847531073654836,0.10562242096715448,0.12015706869845826,0.08488856936746945,0.12029279888012066,0.13202238953222917,0.013872141831652876,0.0924783715859674,0.11219092840039933
0.2401637062020733,0.12164558590916667,0.08557750505022366,0.10670104312560529,0.10705085039615314,0.09512343504684229,0.019707210402371254,0.14076653473131193,0.08326412913625249
0.1845122504720026,0.11044943026086461,0.11227227361174452,0.06961203313277001,0.11108551616337657,0.19734093071598383,0.016204706245398392,0.08585780943133069,0.11266504996652893
0.17212043426043308,0.11191267169653794,0.13179607912786123,0.11927725020799933,0.10681784288549719,0.09517798924526405,0.017642555750504527,0.09940180606986915,0.14585337075603347
0.19631202647184606,0.11913393345385491,0.10671570479689059,0.10521931243629501,0.1474052496122755,0.0776659577494976,0.020174292267406628,0.12158929937148265,0.10578422384045122
0.167373766404911,0.11132443394533498,0.11558922599785347,0.07292582959274548,0.1154229209550955,0.22273371779842555,0.0358690068994432,0.08604550932575106,0.07271558908043972
0.06662732211840541,0.12034185847990124,0.12066064522899948,0.15391686747552188,0.13062013810878356,0.12404160913057631,0.03204657782640014,0.13342335999756896,0.11832162163384302
0.13355665810771475,0.1582993599799698,0.12790751838071066,0.09841010946849071,0.1270581550618934,0.11985091785316555,0.028038858071176443,0.11960755671417007,0.08727086636270863
0.06932585494450515,0.1167092977199995,0.11910459779740183,0.11302030280223814,0.13237745161342576,0.0661374906337217,0.12871882082646202,0.14094403787348794,0.11366214578875794
0.061983681429457045,0.12737316445149527,0.1148218739335815,0.1142328365755989,0.12250208883250674,0.15683860113354464,0.09384539276094835,0.11570747409789499,0.09269488678497255
0.11825688665231004,0.11023147972318785,0.10602649845172486,0.0884650170623969,0.1054818021033979,0.14319718940353526,0.06717856057519415,0.110628627431414,0.15053393859683906
0.15507005226358678,0.13179416090115526,0.12685934752856523,0.09385797974188038,0.11831894809572918,0.10994067164845182,0.06423405661685179,0.12767246593953233,0.07225231726424725
0.06230369704448407,0.1137758157452629,0.0968874387751637,0.11070146999882025,0.10307648693437794,0.17390265931333396,0.1295517061011134,0.13352311593416397,0.07627761015327972
0.2687337670251812,0.1041628784043011,0.09767701811014597,0.07066148256519898,0.09106457375246702,0.17736627824326923,0.0250397748367483,0.08613846297392284,0.07915576408876537
0.1059886382847695,0.1264626600383059,0.10907161414103035,0.1307657391584324,0.14398818719127993,0.043838206071488105,0.046769488974172026,0.18461842334018788,0.10849704280033388
0.07821289743625855,0.09606795518713744,0.10931028395724411,0.11415453586842465,0.11638523149467687,0.21575253997698174,0.030362076835729945,0.10836665694460505,0.13138782229894166
0.10712386921785254,0.10854392121615399,0.11607039533553976,0.0702977166086928,0.09168674877793505,0.28267871586425497,0.030773985669327774,0.08539600319312157,0.10742864411712157
0.11159480506427287,0.12969827983418633,0.10255773893347701,0.08647878709499456,0.11578169501416265,0.16503017174742762,0.10341758287688302,0.09137612821927454,0.09406481121532147
0.08434376941366273,0.12848021212653685,0.10561639072867506,0.07928680819861203,0.10942489147628844,0.15335825050155946,0.14849668839151076,0.12097238482085133,0.07002060434230335
0.10677569664524057,0.11948742298396299,0.10694639670447383,0.09213667374965763,0.13239895455733533,0.1428013525912819,0.13082893958103461,0.09779157764166019,0.07083298554535282
0.08862446239059968,0.11170795472609295,0.12094966547858228,0.13099944900926777,0.14518253792668737,0.08680764015431346,0.019905285699180472,0.15251797509111514,0.1433050295241608
0.09363456487055556,0.11934995617682637,0.10825414516011567,0.10216571133640416,0.10459904598429341,0.1255766703654185,0.023905183154805488,0.11323305472244327,0.20928166822913763
0.12186442310956369,0.13033893526444776,0.10767347381391801,0.08119648295176651,0.12143448897211968,0.08806205489346099,0.11750002128997837,0.1269170516756924,0.10501306802905269
0.1509384057035655,0.11904351571308047,0.11168449840394275,0.0889546045803926,0.12028024750436762,0.15245272802779938,0.06268317875673408,0.11425743355375977,0.07970538775635778
0.04322556216246837,0.10786183655962545,0.08267636447576711,0.12495236096669748,0.08643553230867784,0.022335749272698102,0.27345600163085826,0.12035859009520677,0.1386980025280006
0.07220949763090698,0.11441180144045021,0.12378131141921349,0.11426140136123286,0.09750017472774797,0.11052955295066223,0.03623681019115468,0.11710990158286533,0.2139595486957663
0.3294399033993942,0.11488697444061025,0.09213548968609875,0.07316838644037736,0.08569266706379329,0.12424458885942335,0.02956594271165994,0.07820923079375258,0.07265681660489026
0.1638437839317788,0.13069591880921586,0.1377102264378322,0.07939301266810177,0.10710546851866887,0.13983380984247465,0.06991457404465039,0.10118057467064355,0.07032263107663393
0.17472639427267223,0.1288547999508506,0.10143524027073596,0.08536790154382749,0.08813942139465851,0.16763503630957186,0.09901599296740461,0.09295499508497908,0.06187021820529961
0.04094390535346056,0.08935328988050051,0.1051806051637799,0.20387919059254858,0.10228754359702445,0.059459596156105514,0.11373897756523399,0.15299339824844532,0.13216349344290113
0.062367238227788425,0.09452248715299826,0.11535866113573541,0.12382197417499057,0.09478412550216997,0.25891655432530586,0.014417218128430428,0.09572212702283028,0.1400896143297507
0.05331507909229333,0.09349922215241602,0.10645188530358875,0.1018837414418637,0.10403546266489618,0.2032150675052106,0.049753086930653244,0.09655402711624979,0.1912924277928284
0.09445910072646353,0.09429232465124697,0.13306360202731118,0.1446060993789072,0.12902646710697938,0.030427887093370132,0.05477336160386934,0.14346062101344412,0.17589053639840815
0.13344548337712156,0.12778691119586263,0.12266192967987277,0.10007457635669957,0.15202228714727192,0.073077622246416,0.030928688627370058,0.10798923815982632,0.15201326320955916
0.09290139299669324,0.1308191515622375,0.10740168977157934,0.11583830186387496,0.13479823700564428,0.05038294041362725,0.10948753768891067,0.17565071654734546,0.08272003215008737
0.14111824936534703,0.11634862724657712,0.12967221593395614,0.08942191349010577,0.15802879868683883,0.12763010887853907,0.026351184975609707,0.11655868057646475,0.09487022084656165
0.1918213502139575,0.13760518348135534,0.11883164198798553,0.11142094631855419,0.10875640730837603,0.07498057378862412,0.04635109284264654,0.12815288554131585,0.0820799185171849
0.148560010563452,0.14036294222348591,0.11466331289181599,0.11407670575730984,0.13553671668289177,0.06949011189700384,0.019063868313190686,0.12246766968934193,0.13577866198150804
0.07784749207630003,0.11230054182018874,0.12375550344289023,0.1098284018473052,0.1453004503628381,0.09959896258304202,0.0643935979715605,0.11894956158295704,0.14802548831291815
0.1926905425974261,0.11018194007287961,0.10949492663535809,0.1086538263583674,0.10865323853645627,0.0977618453760077,0.07333051763107297,0.1119609894713635,0.08727217332106842
0.03764135770808804,0.10801827083763983,0.08133616242398824,0.08908859475781811,0.0769908531773755,0.08172577036916283,0.3312522484184303,0.08722957675753999,0.10671716554995725
0.0546986199120906,0.09744909298459792,0.12551183420277204,0.20378113685787783,0.10597229595354514,0.058628479045163794,0.07679073111168437,0.15359222289372462,0.12357558703854372
0.07429639192524977,0.11316990306765122,0.13891187206860148,0.14616364005185564,0.14506499601012954,0.05633089313235148,0.02070751983405796,0.15931621492487175,0.1460385689852311
0.09187686912161168,0.1389836440266035,0.13037346534279812,0.11983494069280043,0.13146280577726802,0.07020022517733053,0.018692027852511155,0.12644438739626607,0.17213163461281053
0.07433957866194883,0.1269160391092687,0.09186728576132197,0.12273849914264189,0.10470233682487658,0.03993601384613383,0.15282271500244204,0.1610344855008408,0.1256430461505252
0.16027193262262374,0.10617494276775528,0.11673212371313342,0.08776992730280926,0.1302528886189264,0.17635564015140912,0.030167159235395386,0.10830977772546573,0.0839656078624816
0.2731342915427671,0.13469831034054575,0.08824712030836344,0.09927846940559486,0.11607908426939013,0.06075342711099202,0.028152056224721316,0.12000920544793349,0.07964803534969193
0.19034385142836716,0.0935678199618809,0.12097201666586836,0.12395540792144237,0.16471890319658367,0.04499696391003032,0.01577621317820921,0.16080817084705065,0.08486065289056748
0.10069293392299349,0.13793140591101063,0.11998983353960131,0.11156019953203944,0.1312904744457587,0.14875445632981044,0.03975872515654022,0.12549255909877463,0.08452941206347118
0.24502926669035333,0.11910473750059748,0.1073196476142763,0.06906534055809783,0.09662211742518723,0.11949019773037589,0.08335616888125762,0.09860297219986569,0.06140955139998868
0.20073980038472716,0.1345939763473997,0.1255796645662243,0.13097851738216224,0.10796390318240506,0.0628520406477117,0.030697608922573255,0.12699868701026298,0.07959580155653356
0.21997381297330684,0.0955010904128859,0.12494191712342322,0.08595978090609564,0.11501162624535695,0.12155444106735898,0.03440657136313149,0.12114895802219224,0.08150180188624875
0.06330447868492307,0.08950989419234066,0.09529709322681675,0.10869045279248803,0.08783245530428668,0.111654903557314,0.13430183451466807,0.10493799387971292,0.2044708938474498
0.06944599367487864,0.121198315983993,0.11959407202655604,0.10530468667934106,0.11616598183097245,0.20246067907643364,0.016454428546298226,0.0967391740136712,0.15263666816785576
0.0868357152160641,0.11368645696067835,0.11673485723359589,0.11586861070312422,0.12949811723445215,0.10272977082144295,0.11441213020049386,0.12379184116742452,0.09644250046272389
0.13918906907219533,0.10423808292788504,0.12448914767072394,0.09620545448404767,0.14956332197537767,0.16607677880978,0.014280836530469887,0.11558190683099605,0.09037540169852448
0.1798997906406272,0.12307263822353658,0.08602898397502068,0.09866571731712281,0.1245266439925408,0.04297475686574589,0.13092759485452557,0.12921943996665275,0.08468443416422773
0.06119857170175579,0.11195927284489356,0.13429694099428832,0.13058263014950247,0.15557529032909126,0.1620115399627703,0.02045190677745766,0.11109210388018266,0.11283174336005795
0.12445282299464278,0.09814956649984426,0.09819096625115953,0.07294622339304797,0.08634225258604529,0.3267504780390266,0.035889231067907444,0.07369180702037403,0.08358665214795204
0.17239461179469426,0.09906302378050408,0.13146318385404476,0.07355485725775725,0.09401310040628429,0.2237924655027643,0.04833877766202768,0.07882913593976747,0.07855084380215592
0.048808005311977265,0.10382280765391798,0.11452640117942947,0.2182416583340386,0.12846354263292023,0.06135930127612785,0.057907814499694545,0.1220565814528904,0.14481388765900366
0.17375717642337563,0.13838131248622706,0.09732224173450064,0.08538412521450554,0.09654171346127953,0.1952624804957607,0.023442641539921358,0.09780538216313199,0.09210292648129757
0.16805512837215628,0.11543324569126005,0.14481573168518705,0.07841831353581603,0.15472763033872647,0.10305616178635756,0.01436934500611862,0.11521233988823597,0.10591210369614205
0.09393596940561955,0.10994290889310811,0.12828221338855847,0.11716881128020247,0.11925138473953593,0.06796434716889405,0.04219518955929288,0.1486012726103736,0.17265790295441497
0.06142295031302578,0.10458496649733157,0.10512167726690196,0.1176449869135937,0.10483986901702184,0.08086722874232427,0.15046110665717918,0.14718132559978317,0.12787588899283858
0.06810272538366868,0.11179226864877956,0.12302285898590141,0.10075498931616005,0.12582860448843777,0.1531825984797718,0.06723318554969829,0.09917770308399142,0.15090506606359103
0.09218449302361953,0.10606903400513494,0.1072464800614417,0.1098805874458801,0.11131500471702888,0.0642344518057069,0.18856214087475068,0.1364360478660037,0.08407176020043357
0.14483496275261246,0.126570103256574,0.10414831953247465,0.10297927873931512,0.10701763978740582,0.0996395945327559,0.05080735586418365,0.11391627132345407,0.1500864742112243
0.13904538669349095,0.11194875447453663,0.115886174977755,0.09316226282232072,0.15376781464693853,0.15305091907184878,0.010850129824247386,0.11805981698848388,0.10422874050037811
0.16106954369730178,0.1120612389156659,0.1179255645484773,0.08502833922775162,0.10815279384879471,0.13393993645847213,0.029617848597526336,0.1062643388043093,0.1459403959017009
0.11125494454153222,0.10995660762449956,0.11419551640458638,0.10473971324667015,0.12745074199116765,0.1206770085592076,0.020069136767777874,0.11413768848786694,0.17751864237669165
0.1335885798093655,0.11588293515973846,0.11957695118197474,0.07879112562723985,0.1129106659657591,0.21027911717509887,0.026756919233114785,0.10299674063083332,0.09921696521687536
0.05049156786917882,0.11015651022980788,0.10021918106038964,0.12516431660833763,0.1163817168215967,0.14296569400618075,0.16189271882480885,0.11465608652434135,0.07807220805535837
0.09376209403562961,0.14100094744128022,0.08004701064632887,0.08576818511882917,0.08884410304829732,0.08177215808215811,0.2687551491678364,0.09033818023453577,0.06971217222510458
0.04882755693983084,0.11249007378832566,0.10061909588145618,0.14147088254378437,0.10716917125751486,0.1407900331821209,0.12195209694227882,0.1201817066321998,0.1064993828324885
0.13378408476330048,0.11057243689292713,0.13614880926434372,0.09822222435025961,0.1550438694856084,0.10091489094374297,0.02633176574465258,0.09553184092623297,0.14345007762893217
0.2646472967078618,0.13902990527001527,0.0855576528242792,0.06748729656693546,0.069101221209131,0.18361825095667375,0.050310781687510096,0.07529348834687581,0.06495410643071768
0.06433451430876536,0.09773309046455157,0.11972781273166903,0.09606721848979623,0.07815353523775377,0.20310607452183752,0.02572844615033144,0.10314426260844102,0.21200504548685406
0.09572863296828633,0.09515272029524983,0.12590313745532491,0.10763842154462182,0.1298441039723773,0.17850687745691615,0.01827008557227989,0.1538298637121566,0.09512615702278716
0.08148468353045522,0.14108774861571163,0.11065127580476863,0.11266710959459474,0.11874786251094317,0.10092768747903325,0.09347070319200247,0.11135276338067923,0.1296101658918116
0.17869512996437065,0.1227878274138872,0.11878981275083587,0.09566036775131997,0.12816823761225174,0.12563266626410974,0.024511133222304138,0.13297951459795906,0.07277531042296162
0.09755434789218276,0.09493894800477203,0.12621111984134045,0.06751713725767029,0.09361983745721725,0.30465578532374943,0.04289045314966695,0.08792475951262226,0.0846876115607786
0.11538301318346783,0.12056895022226134,0.1252697951760714,0.11256122990650248,0.13977585546762838,0.07370249817649085,0.0313410727782413,0.12870180730205644,0.15269577778728
0.12083645268711234,0.11452701330422292,0.11026359331830386,0.09499636311569033,0.12393572265316229,0.1566789272190633,0.029001510561011534,0.09390191621385025,0.1558585009275831
0.10447605740285666,0.11177493671788512,0.11741907567349634,0.10249407239626467,0.12218937130219032,0.19356162337880842,0.017356708155014913,0.10129518446725327,0.12943297050623034
0.09185747296784641,0.1254235843686011,0.1062583690977111,0.10089983692118941,0.12371093252256164,0.08485405412933648,0.1403087829013681,0.13972822189269307,0.08695874519869277
0.07418678237281144,0.10093097797522038,0.11620258259219153,0.14284860685373488,0.13868999641696042,0.14995658180675772,0.009208523199733852,0.14853503550638628,0.11944091327620356
0.11911737082871843,0.10626014268821092,0.07639241849305493,0.07873424364468228,0.06901396080931042,0.08210192519212674,0.3175765886873354,0.08367006999292292,0.06713327966363791
0.09296491929819133,0.08576981342891594,0.07320943098660367,0.06412681284817147,0.06358129319976559,0.21029187702718113,0.2748884379391434,0.06821118559063886,0.0669562296813886
0.05969148431656213,0.1186795448082671,0.12063999364591689,0.12374025351019398,0.11034639020870862,0.12562255314935838,0.06507200863728119,0.13118349496316864,0.14502427676054297
0.16404959616085418,0.11872475199323429,0.0854120231621862,0.08026391880832624,0.1018020486914773,0.09132072831211109,0.18603305267513656,0.10769880349373666,0.0646950767029375
0.09791616551111364,0.14059409119260635,0.11403062093981364,0.11296606066290128,0.12441494393143458,0.1066446996883273,0.0483467115165838,0.12183280906419845,0.13325389749302097
0.04102543009842468,0.11235237419693667,0.10789703433286957,0.13760314911867852,0.09995556561389018,0.18922612517432058,0.06235011516279176,0.09944433252889212,0.15014587377319585
0.05764167463121323,0.11679674121872445,0.09191141383296882,0.11345901555623124,0.09961194677544272,0.051482394644359476,0.22092085798363503,0.12326976565195691,0.12490618970546818
0.10352193414021886,0.10337443402343909,0.12387906587053558,0.13314457620282535,0.11335339512951098,0.12082702263451743,0.03482288986923402,0.1220436163290612,0.1450330658006575
0.12836230443476238,0.10246022157735546,0.11552167758201415,0.06446839639099898,0.10877564276633515,0.2958319828038773,0.022578863743602604,0.07648214487601879,0.08551876582503519
0.10567581809727433,0.09200621144861713,0.11582226545249148,0.11396447576662634,0.10752216924576408,0.15973469540660282,0.06226148222954547,0.10676792309019024,0.13624495926288813
0.11302436110891928,0.1080538868606894,0.10704922081318924,0.10169973856889859,0.10996336871320478,0.10736489970415937,0.10988646175388206,0.14169856449136128,0.10125949798569604
0.10817521751278708,0.11342423371910897,0.11960560649595788,0.13141190299684072,0.13961143603154078,0.03846522274879297,0.0902653008337946,0.13977493075444397,0.11926614890673304
0.09175677129413638,0.11026572609936236,0.10745419722737241,0.12761336359608458,0.10236310651345304,0.11229531367476181,0.07064691569725755,0.12077563699361644,0.15682896890395545
0.16178137375338222,0.11967146939171036,0.11534429390702293,0.10210606045023189,0.11364613825323644,0.1267091888608121,0.06447413057399058,0.09533506715070472,0.10093227765890882
0.0473841231026803,0.10696856816017586,0.11782791898771959,0.1179822559152679,0.08901592810295662,0.08506117435073986,0.11495743421809697,0.11114394588623895,0.20965865127612393
0.10742478924108927,0.11721084367562834,0.11218089244363076,0.1482851850828084,0.14984282004495067,0.041540008532129864,0.031772629815541215,0.15464829780297673,0.13709453336124466
0.17757131368001702,0.11651962348211542,0.11291735495099064,0.10491100566576393,0.14036083536381336,0.02510398477620547,0.07992926433277607,0.14843647265674154,0.09425014509157652
0.18121483440610456,0.11039980928928507,0.13451638813140987,0.12981390025854966,0.13692897023385076,0.019482561151522842,0.06319421029318589,0.1516812993845387,0.07276802685155269
0.11567995996342621,0.12810156774994427,0.1298199002768187,0.09754491454646941,0.17518732073361754,0.1160986632547825,0.022758625514941084,0.12948570899878573,0.08532333896121456
0.0876937805539622,0.10851730392006431,0.12459381700353683,0.12057898675226587,0.11784772791220977,0.11284596527916135,0.04655390490844861,0.11148469371883035,0.16988381995152071
0.07438501242227312,0.1246570545459127,0.15597738455119534,0.10037565425572427,0.10412114569744503,0.11146006648791758,0.0425904339228711,0.11624621959141719,0.17018702852524362
0.18822003391970585,0.11271365173630954,0.0687809425823199,0.07533975887497522,0.06509370816379734,0.0295235755369038,0.3107534386737844,0.08446352035258665,0.06511137015961733
0.07935513380208381,0.10431310785332626,0.11884616389543097,0.11173163492138417,0.12350317772778512,0.09712400706620083,0.09494350122009404,0.13833119541050284,0.13185207810319194
0.059165118774264204,0.11054418586821763,0.11669434730037702,0.145687569693514,0.11894588161504861,0.1178764925474655,0.06495410566528903,0.10792282170458427,0.15820947683123984
0.17282683625451375,0.11789146014277796,0.11640175668948084,0.0916317452777023,0.1252256465487084,0.15194753438291156,0.009856541075463243,0.11425265649219025,0.09996582313625167
0.11042474617659791,0.11588134556251468,0.12117426746914517,0.11000280315349002,0.13422414831406837,0.04545837747578646,0.02835546628202711,0.14038963801770418,0.19408920754866602
0.13374142106114206,0.12857420231359154,0.11125124154499845,0.09640179690346058,0.12455355589668123,0.11897370752166221,0.05352317787156322,0.1310731599566229,0.10190773693027781
0.1323126668081487,0.11708695114662208,0.12212440062403014,0.0812290846936573,0.13059024833753244,0.14959603607292396,0.023011764606673493,0.11327795302019737,0.13077089469021452
0.15073821290121378,0.11783421604367898,0.13516456664759122,0.13185525142530433,0.1593994020608933,0.09207163413797813,0.011268762500078943,0.12461585013133007,0.07705210415193128
0.11374567047318589,0.12779468894183132,0.11314890256546432,0.09749663705852753,0.12613597615474056,0.13191870319916824,0.04284278349434365,0.1262863614714396,0.12063027664129895
0.13870087457313024,0.11463730926396691,0.10627798721583515,0.1071196031444641,0.12818980766106172,0.029165551136714384,0.11839799417037589,0.18028497188685103,0.07722590094760066
0.06903636941104227,0.10489403320923779,0.0796653530940697,0.08153711215941419,0.09274490940414139,0.09758097895511565,0.30503243977362665,0.1024702249176136,0.06703857907573879
0.16846525613467445,0.11067993745134903,0.11303298848060285,0.08926249914458695,0.13398636850077497,0.1026257288480823,0.03950537058319773,0.16270861773335013,0.07973323312338154
0.12398651922381342,0.11884273556455179,0.10435135382778642,0.09133083233632827,0.09763111212589166,0.24307944499675585,0.030276337992454317,0.09750488615180408,0.09299677778061415
0.08110120105397368,0.10003449212132558,0.13165230732309363,0.11947032507244976,0.13991347332652204,0.1053198054839838,0.04150815567153129,0.10448667311350927,0.17651356683361097
0.09810976155042932,0.11920350878849933,0.105590076627188,0.13877924037055978,0.12234619303158463,0.04629547329721528,0.11758322445399898,0.1541170030718209,0.0979755188087037
0.14160576805159047,0.12317333800125614,0.10883102350769341,0.09622194429729747,0.08874250510629339,0.09499102285231481,0.1346351480299913,0.09912492726081505,0.11267432289274797
0.2238694937735917,0.11147728771655235,0.11462064622321576,0.08495196985518551,0.1353523793589028,0.11119850969305801,0.018097343037088588,0.1171972771802023,0.08323509316220294
0.07444377169058498,0.12924171101524878,0.10420292973059346,0.0959259106229781,0.1109335854384118,0.10369019033852118,0.14772883336675335,0.13102579090157332,0.10280727689533503
0.28606803638950207,0.10716313750682728,0.10560036502259808,0.07836026134143188,0.10722152179802806,0.12249615359260783,0.014569895086230326,0.11265605034191635,0.06586457892085823
0.09946461394824813,0.10279977870263755,0.12003153309642929,0.1156943002317483,0.12239275641941764,0.1430710439832452,0.029706052268996974,0.11212932637240154,0.15471059497687537
0.2440706765871218,0.11666013759514578,0.11646760090337564,0.0866146276941684,0.11652684745568931,0.08604007618486782,0.052719437390044165,0.10760646187819872,0.07329413431138833
0.14372025174325423,0.1212627747649301,0.11912438797341374,0.09295541762244924,0.15278870550004606,0.09391469345397235,0.04302011351068482,0.14610238167129558,0.08711127375995385
0.14309899147154195,0.12461912390647056,0.10330175129824669,0.08968664938411512,0.10884761530351739,0.13066812027164293,0.03710302345830826,0.0981949108168717,0.16447981408928536
0.27311810558503574,0.09396262549510744,0.09426200604322636,0.07096618126150202,0.07481610133437089,0.05487994704650531,0.18783235345147062,0.08545259160220385,0.06471008818057773
0.20266529961010193,0.13008281423469928,0.08536337141521444,0.08546424077170955,0.08692836049066255,0.02881645353664673,0.21943900780241152,0.10020507511803024,0.06103537702052365
0.12267648561793547,0.12486210656263168,0.13294350004327285,0.09958473669113538,0.14941109879224662,0.09967366363680986,0.05519969873954932,0.12658255111272285,0.089066158803696
0.22777512131128397,0.1264211521434778,0.11438699831170955,0.06766212675060229,0.10752641726505756,0.1523736947175904,0.038659665503897093,0.1012476735066913,0.06394715048969014
0.15345680984974733,0.11413565053942056,0.11348520579684485,0.08870928739037764,0.1357465238454697,0.142331582646016,0.029093538686939143,0.1195002420473953,0.10354115919778945
0.05473383121796412,0.1298013854959938,0.12194452418884567,0.08929236029011307,0.12161785099481992,0.1800840761951686,0.06267803458194894,0.09708546383780474,0.14276247319734114
0.04977408447163423,0.11752204420225487,0.098015313378562,0.09112358421657092,0.08879512693633816,0.13367771224722855,0.23106261951231902,0.09847642229174981,0.09155309274334256
0.06759940851174236,0.11407951521965236,0.11471689753977993,0.1311723527012054,0.12159945569693492,0.07722495748924256,0.07176983412131127,0.13414076720481727,0.16769681151531404
