0.16984003327175157,0.5746113755293809,0.01073801521868875,0.025094965787756468,0.057709062922487946,0.07286329041910543,0.012464367264274613,0.05792062449184715,0.018758265094707214
0.5594959977079151,0.14609680322620597,0.020517311827863798,0.020494881815838722,0.08031886743449047,0.014275926813493494,0.06154441538562949,0.05537068348152956,0.04188511230703329
0.024757391259284705,0.10296834601146644,0.07463496430163075,0.08477584153179091,0.04869638758601219,0.013550502930717856,0.04827713886644681,0.5853255576933726,0.017013869819277713
0.35025815499135476,0.08713108377704375,0.08704132074025661,0.07409863330186635,0.12442331242696995,0.1239113345686967,0.032828732689845486,0.09483740294918823,0.02547002455477827
0.3463721114552012,0.041007413801221644,0.027503164683164216,0.015279685728537174,0.05790354041770492,0.09064741898222282,0.1971334218362597,0.03878673192441476,0.1853665111712736
0.14877694440372666,0.04610570671128222,0.025748224066214104,0.12231089204753465,0.028706041764453242,0.46533933150256535,0.05454078039448964,0.02946602441142852,0.0790060546983056
0.23480329725964857,0.11952915146099334,0.016046444608420227,0.06273764358696145,0.029426017399950478,0.3047296168511997,0.149971886398363,0.05339121913056003,0.02936472330390318
0.26630619379740317,0.12753212409978054,0.031293466814958384,0.02319986853226454,0.04710110141762925,0.23969925967581698,0.1647354723521974,0.025694151372119455,0.07443836193783034
0.05940091043624544,0.0433520261437535,0.020560444929047204,0.21399841635838648,0.02130031810338572,0.41669705630915016,0.024859862695516443,0.1465948712545213,0.0532360937699937
0.02921392755663027,0.15900052630041522,0.04154016320413876,0.027000881006698268,0.035089697248533724,0.40627137937019464,0.08171607845711194,0.08840219701425467,0.13176514984202245
0.09700655962550515,0.09178633317513311,0.01641101067750275,0.15586898377127759,0.030289917085929808,0.4074038088045407,0.09592066718914057,0.039389610709588053,0.06592310896138227
0.19556169123728762,0.055094195831504995,0.10284464307569259,0.07695502737935318,0.013976611236564851,0.1253965973688436,0.1540643967604336,0.13481777731029887,0.14128905980002063
0.17178971126630513,0.10858404554149288,0.2941406303717365,0.047659949551439595,0.06011611058675723,0.04921224641672777,0.11622078724008948,0.13297358851453947,0.01930293051091173
0.020906890902495062,0.05957333793963248,0.09248313474681046,0.050302444215955644,0.1376277940640422,0.4623303200966882,0.07133177332822115,0.02170232685843741,0.08374197784771746
0.30922183896960287,0.02385749945424928,0.018656300641323047,0.048705739758953405,0.3361409493684031,0.0656836638228863,0.1521672691605808,0.011520832534871928,0.034045906289129214
0.23531506324843607,0.06690359160566162,0.030473795642589434,0.10746453928115891,0.029793592374177873,0.23157619617798986,0.2700452161510882,0.01176599857850484,0.016662006940393354
0.09663805461957502,0.05452213290668271,0.06670625297615708,0.05369080119081371,0.04458454779197358,0.006647786499853904,0.11055466026026217,0.5517044207476268,0.014951343007054899
0.04889736437177611,0.028406664036083457,0.04265115640911072,0.025711240185503262,0.46056810767889683,0.0779270964052756,0.03928775022749335,0.2587570976126193,0.0177935230732414
0.0376637962197676,0.21818049773203074,0.023513901911635923,0.0868371390817025,0.009658267118816684,0.2612035185094335,0.30594724065571904,0.04445455388854486,0.012541084882349151
0.3149232924858593,0.004791935678270327,0.11807189951081555,0.03605803247176857,0.008086219178146278,0.007561258854626021,0.023465753939088587,0.48080330120438547,0.0062383066770399925
0.21334110206834153,0.4093491040443909,0.01943754924467478,0.01945349160203237,0.01853604302178561,0.20950622608886701,0.027665731720265596,0.013268638449902974,0.06944211375973922
0.018185019489615227,0.19200600868275797,0.20251585893341284,0.017349827373173057,0.04776180104866063,0.41199947789735497,0.041710317658420946,0.04553856343541557,0.0229331254811888
0.5537763208028731,0.053726300811171974,0.0739027839946783,0.05355257280934589,0.05132461327994567,0.046092818654947486,0.08136321867802794,0.03198954278308156,0.05427182818592816
0.26300274183201183,0.1053127446844062,0.07274072674226152,0.02150028303390242,0.04418652232889455,0.1106959883905017,0.05401107319220517,0.07988190964166447,0.2486680101541522
0.28143718478521196,0.11006002659444837,0.006042128258567617,0.04087992664685392,0.05093229368972705,0.14789426030927097,0.056906799492991905,0.02555270645488719,0.2802946737680411
0.4059595279219024,0.058347530029240736,0.015148918981733886,0.02424765695722178,0.0828791654725858,0.05848584780540958,0.13234126664588838,0.06529592175136002,0.1572941644346574
0.31463262769568445,0.08613712543467222,0.03193167748972442,0.032598289714278784,0.02460141189798867,0.15141505092322735,0.19292673487585488,0.01161713816912933,0.15413994379943993
0.032779741067901186,0.09289059446595517,0.03442908898237609,0.015623077074043123,0.013147482038890013,0.016758026137812427,0.16998846597231454,0.6083003029193249,0.016083221341382573
0.04542090703354007,0.03390565874706404,0.007035512491442746,0.04549197596011412,0.04242653352741371,0.610194778941489,0.14950455720743366,0.04334794038197731,0.02267213570952531
0.36418735393080787,0.0701506198317539,0.06664234089635493,0.06967007739016777,0.0932068107894562,0.08663796368249373,0.1096457415710526,0.04226810009025448,0.09759099181765861
0.110843094771948,0.5777567034812674,0.004655847402149165,0.018130476871657798,0.02137256182134704,0.10252568968392135,0.1174580588874045,0.03099648290474534,0.016261084175559423
0.4946233997100428,0.06031826728602452,0.00505189142512243,0.018393297730883277,0.05710461363406103,0.05659453570201892,0.09327452428621691,0.09747117076939099,0.11716829945623912
0.21332047470569884,0.02348450866726692,0.006623543147067729,0.009938072469132773,0.14025940568892845,0.028095371217989943,0.018981326098263585,0.47768895956343393,0.08160833844221792
0.3733581771759893,0.06531567422148363,0.07668597852846393,0.07233017908983927,0.15306702651790502,0.03307105807111591,0.13581755661826703,0.03582552152149484,0.054528828255441066
0.2870962826565726,0.04937241736033295,0.009570669836654002,0.01788421711699802,0.015333030869980653,0.29904942825148506,0.23494604329896895,0.04573369889075133,0.041014211718256414
0.049392589063512786,0.02996722870783065,0.048640107668128436,0.43493080521063615,0.054994884432963416,0.13027287370822974,0.042243717069923414,0.12678269695411917,0.08277509718465632
0.03808141708651382,0.019664121470119495,0.05813090365035787,0.12259366930181748,0.042272794305192124,0.48925517381390926,0.13841485412635887,0.07867912047590393,0.012907945769827197
0.4466450779738733,0.03473823027819397,0.0687410148723272,0.06899039314291792,0.04341629918596713,0.019180624574644988,0.09238642707181627,0.02652442946621301,0.19937750343404612
0.09859626955698764,0.07037421083900998,0.051700508951786385,0.027319250174350006,0.016651496375959,0.04319361752380707,0.028144222201840863,0.46850690031216585,0.19551352406409317
0.48585627710414075,0.0832214602825679,0.0680257602198354,0.022287470329369435,0.038092728096274564,0.06351479631895846,0.06097478257838159,0.07100987486471816,0.1070168502057538
0.17123134929846184,0.06787876386893149,0.01593555080090789,0.12590777565987107,0.053790255326496506,0.16981498835582268,0.14735962571900493,0.05564956940595536,0.19243212156454836
0.10054855162412023,0.13912281793396977,0.0679271832893891,0.03593522195375869,0.07924124891838148,0.11274736034707812,0.26019936864307436,0.03624494303901624,0.168033304251212
0.08317614677256992,0.05246230199332066,0.07517547325147443,0.10776700327983123,0.03963582786676616,0.02466814347282406,0.028260107550049766,0.5667061172100651,0.02214887860309854
0.14763434667343872,0.05420788760520456,0.05382597243958857,0.055808537381194595,0.04305327774903225,0.12116474170475551,0.40099530088426966,0.02242249328362746,0.10088744227888873
0.0616294391355087,0.03520974134707681,0.05369441092781884,0.13898143352263462,0.036133826360117784,0.564757793774079,0.07411062739620126,0.015963003642414517,0.01951972389414853
0.06669403429920517,0.6422596717906183,0.010017299812960312,0.03280944068054481,0.04231672243651066,0.0588491508151907,0.040493658646237926,0.05850523306624628,0.04805478845248585
0.020611436716418224,0.12190396658047269,0.07140930920195716,0.03127418750810201,0.012633425004150425,0.05618866997275226,0.05724087062143087,0.6176308062140834,0.01110732818063312
0.30071336860431447,0.45825510481622583,0.0060273579832614485,0.01841695204625209,0.018377288079814664,0.13645275499153756,0.03699466677139405,0.01522939263978513,0.009533114067414724
0.4741675061599709,0.01778785557381396,0.04360644954034019,0.02685878284146355,0.016985210271403615,0.021560673358052323,0.030187870318628362,0.33041995650825756,0.03842569542806958
0.050544246171252895,0.23173941599811668,0.016725598695021483,0.06444742718871556,0.06307601399003317,0.03727705045908016,0.013405998426637701,0.4826648309149075,0.04011941815623487
0.19216717950501283,0.027196115876022452,0.022552829407021652,0.036181482253816975,0.025649466582361776,0.022344479400163906,0.01452177698872764,0.5655443887781081,0.09384228120876474
0.07761206335455734,0.06798989841754513,0.03848322322922975,0.055968359898135374,0.38638678016951045,0.07303641287692005,0.06812713797875501,0.1311625468230639,0.10123357725228288
0.14233275001869936,0.04321094910746912,0.09463621301391416,0.29893569076903076,0.05552374059442027,0.03116955419889313,0.14323380069108668,0.11593476178556449,0.075022539820922
0.39531829799212453,0.03413402316161119,0.06897318342109528,0.03463032134495784,0.029522687056847203,0.024432546222863113,0.1627923054609396,0.11838213968591023,0.131814495653651
0.3726641717433188,0.14434880408278883,0.0675099658141876,0.03158235076730901,0.03920933166086976,0.03507413361003496,0.134233560061931,0.054755311408000606,0.12062237085155947
0.06424015219853897,0.13261955147153068,0.04988346506370491,0.03870312802170615,0.06139197323016244,0.25851256637472597,0.1418953506285188,0.16198939873536836,0.09076441427574373
0.07720398394074703,0.09140940986347472,0.07475606240271986,0.04612931887814567,0.243954046116914,0.12116202505217077,0.11620781901732323,0.129504362139081,0.09967297258942372
0.21020534612708222,0.05556376539257058,0.04324301717625342,0.0468001495276962,0.11749074003028186,0.07475132868011658,0.0996577971074053,0.06328765984249902,0.28900019611609484
0.14630156663854532,0.03947657086541074,0.2245863077940328,0.05865035899245578,0.037376825828181526,0.33504071298852733,0.11534534967682764,0.021174101182978463,0.022048206033040366
0.4351654928054844,0.07428711068686196,0.023465769452027257,0.030618356815493325,0.10877097188216928,0.0728962815688954,0.06336328928654116,0.021735603348303347,0.16969712415422378
0.2997273257611717,0.02760667286703161,0.016670845701647303,0.02123196833116578,0.31845250851674084,0.037182468081064284,0.03122418123058937,0.19063060322942801,0.057273426281161166
0.1821605015837009,0.5280019502820582,0.01978319451524615,0.01776548155004519,0.062943531469102,0.1381419323011459,0.019819285264698654,0.018981679204226217,0.012402443829776682
0.27709970519113697,0.4333416077715501,0.00451441210898132,0.02277754248627353,0.0036798442686137417,0.1586261786892058,0.08030345383835627,0.013138700899423013,0.006518554746459224
0.5774617330017823,0.05183178399764757,0.021586435531451027,0.027761206945344064,0.040676215767763785,0.06666086651697047,0.18720992325804206,0.014810082123395412,0.012001752857603248
0.15176820506249467,0.1851354699780441,0.028906793374911408,0.09748184433952527,0.02521547105381114,0.05748505045729165,0.04134548751125401,0.31981183957571874,0.09284983864694907
0.020902463377210353,0.019333187088011957,0.07464838034999265,0.5179967073867279,0.06648371501886023,0.05929008731450173,0.13643439015409783,0.0440179583071361,0.060893111003461266
0.05365493188680876,0.14498280610752934,0.06337945278396949,0.03594959824462205,0.03952141762496535,0.02521825870423511,0.03539307396569797,0.5766930898173813,0.02520737086479048
0.3556206045214576,0.04009732619580648,0.01675803472187964,0.011951116746372675,0.01655023140320572,0.25314383162944754,0.2137455993059381,0.019016149647165057,0.07311710582872717
0.07582709222424074,0.061168258912653366,0.10758280134816806,0.05853792347969905,0.24556443860553037,0.3951502885560328,0.03914630655066333,0.010234126275419026,0.006788764047593226
0.032180399147379,0.055857817858987135,0.08519206719357597,0.12637035570262964,0.108575233680552,0.31087244118054475,0.05666332566331233,0.16157003674886705,0.0627183228241521
0.1200792672041534,0.041920206207854784,0.11416853703194128,0.11031318929658547,0.14291342327518342,0.04911421149619005,0.15606402695846125,0.06553442780064782,0.19989271072898251
0.06591807600216658,0.03076339668832616,0.01677002393655702,0.10715691111255503,0.08395701932201506,0.18423825444770603,0.26280688220779236,0.16233408985071507,0.08605534643216671
0.21289244318197367,0.12148095513569589,0.21934729655589447,0.12497968426861161,0.1336472666931069,0.03504267545572055,0.05522401648915929,0.04864326078410077,0.0487424014357368
0.022231069561376413,0.025713262926316576,0.02732688493792094,0.07218898670605725,0.525105683496009,0.13242580856926314,0.04214399568732189,0.04738789770069019,0.10547641041504474
0.03825658713550994,0.07295478389154884,0.022596157604832478,0.02920025884477818,0.02156857070510772,0.03872232971712142,0.08664219506458182,0.6467841556775783,0.04327496135894129
0.4980691911942838,0.0589679506590049,0.057352435545912156,0.02815976275283408,0.06533277952403321,0.02797789604896561,0.1563304251968396,0.06491268303880644,0.042896876039320214
0.28547872987694595,0.05538074748378161,0.009504578211587096,0.015758469384392796,0.008105398694257162,0.2267236746329023,0.24205849179340957,0.012230593875649426,0.14475931604707412
0.41557486898429213,0.044359208720715575,0.007052378335079744,0.0954432839307456,0.03594999076385011,0.09486521258113034,0.26160349145975054,0.027944716770871885,0.01720684845356416
0.03994088513190678,0.04060466819802717,0.05844397513221907,0.03318202906317056,0.02981330661342166,0.06461747962791432,0.06785829185239195,0.6327096094172279,0.032829754963720696
0.13764036232949226,0.09044551645527917,0.006790280529073656,0.04953877533583952,0.012535424461581674,0.3338495356604951,0.28636662984304856,0.04244703022710202,0.0403864451580881
0.437661887003564,0.08757016927028145,0.007794170090035637,0.015001166981107017,0.010169696062576799,0.23911652836676503,0.1602658723676198,0.013758188676916987,0.02866232118113325
0.04891686965693628,0.12422431308227296,0.10958357023431624,0.036310029161323754,0.07172056063402274,0.3553355852831697,0.08119584028008825,0.03395712065506152,0.13875611101280855
0.4059177721048228,0.1615167651760038,0.06519948240524676,0.05126470110072088,0.08417399295955097,0.06963844073765428,0.06999771163022481,0.038939953423774355,0.05335118046200133
0.13572015847127994,0.10978840854453246,0.0671533269146916,0.037716133855508684,0.08546970856417752,0.12385432057250016,0.11144197479308544,0.3084337585669106,0.020422209717313563
0.08664820986655425,0.015207587372007189,0.09190780831280591,0.39933723971004476,0.22259048449766825,0.03144355047151831,0.09965472386603413,0.04513561942136273,0.00807477648200445
0.1414955200511693,0.047772804627899894,0.008348661471494032,0.09883369833456603,0.010252384106522716,0.011134969125497005,0.01344264871476624,0.5646483903373066,0.10407092323077816
0.32236690837854326,0.10645091379241367,0.13314443824254965,0.04329578770676825,0.05551963581511083,0.04136024659610607,0.08534720791207223,0.09591685144311853,0.11659801011331755
0.3788426725944718,0.09044188561141293,0.0196651768020482,0.028387660336789133,0.01612171028868307,0.1542030964839324,0.24622486578237193,0.00943415530456308,0.056678776795727435
0.5786271119399607,0.0733180458709775,0.036668655806686636,0.0325745616345634,0.03409149644016244,0.02158022988977687,0.07560247660666215,0.057435487672126966,0.09010193413908318
0.06325367771311889,0.01812245171575702,0.036083106845518624,0.06991419006747873,0.08371153497546567,0.4099652976272701,0.05118749386812325,0.12639562531245008,0.1413666218748176
0.08019694689576483,0.1046288187205545,0.03836998769077834,0.04800824282188972,0.009530079403436231,0.027401864889129084,0.04027299972517368,0.6024090821011437,0.0491819777521299
0.03262162421491597,0.06983072062489788,0.05578423002248625,0.17467634890538106,0.061658450093954986,0.11315447031281849,0.16135081658133724,0.3079618613079033,0.02296147793630479
0.4001157117439493,0.03903990158880471,0.006008701477737694,0.017596348856668293,0.012772018993315015,0.3069119701390915,0.15643318184320681,0.05115018105369459,0.009971984303532107
0.10927280113447181,0.12383229741451245,0.05558917172902314,0.04911235655539287,0.06300739595264497,0.0834513454211022,0.058564812979646795,0.3380167863537608,0.11915303245944497
0.21972208389108627,0.06632295781950866,0.01964128671953036,0.05450811836442024,0.16076672239810819,0.09840377598563954,0.2531687587959495,0.061862055401098216,0.06560424062465899
0.29172853306721547,0.04924927630916722,0.011329328923380448,0.14467423500828988,0.007666507906332513,0.1632714423307454,0.23999590402121754,0.06408808229622558,0.027996690137425978
0.20798248343751724,0.14629241011194405,0.014980481215463312,0.05299837840456736,0.04759603193156394,0.09034286868827812,0.29872681151653196,0.044422747043140455,0.09665778765099359
0.3498546138157375,0.17790029230976437,0.03599089885024632,0.04417535713921305,0.10424877681729261,0.035492746027601524,0.1416490005564459,0.040872517369250856,0.06981579711444783
0.31673445343047585,0.14064966482448357,0.056722942715861646,0.03864284835449571,0.08535155186169334,0.13609390364400367,0.07158406240312765,0.0338859589077116,0.12033461385814699
0.08910856056540528,0.052211693233618496,0.030169064611179148,0.12775625793548298,0.05735949378503349,0.21803051744898516,0.1043896391198354,0.031981881717661184,0.2889928915827989
0.10842660035142954,0.05411328955378514,0.016174344343469177,0.04642999447868623,0.09485007740331891,0.23614998058156536,0.26101120101103126,0.12466190994596578,0.058182602330748574
0.04967547420701721,0.0739793106664879,0.15104503061430266,0.128929354937239,0.03769915269609278,0.1383518765149803,0.30155324331863165,0.09515659823914764,0.023609958806100815
0.23798158259431432,0.22437635669973252,0.04440075327729856,0.051155709668520295,0.11999166172925424,0.04836165362040368,0.12872103705553198,0.032584927638849376,0.112426317716095
0.35075342795155007,0.3387478640524188,0.052906497806263726,0.030436983317909404,0.024371556153209944,0.08670922144870696,0.03358582867163167,0.032704822555723025,0.049783798042586556
0.5486251482425623,0.07829275195732077,0.02114265271803298,0.020271076431955557,0.043530409458103235,0.025277768944760345,0.07371041666121969,0.13964261620445043,0.04950715938159477
0.2730771349356611,0.13405676534779168,0.144460847308465,0.038064180607526095,0.1029821646525237,0.08906820583223225,0.0170006399505795,0.11323656967996476,0.08805349168525585
0.010396397928345166,0.04495963282262983,0.011302921773982602,0.18582591092113684,0.007184201960143861,0.5233442873281894,0.14964270934213833,0.03707691173411107,0.030267026189322897
0.07206599498547728,0.07200931769261816,0.14474142933162107,0.01841739862329229,0.06542906004356902,0.07758703421126936,0.10713340300668067,0.3890264212431611,0.05358994086231095
0.37490820568761823,0.06349963327913347,0.005522764213981603,0.02649674435190903,0.04528862429741105,0.0384580918704086,0.014831267870445261,0.037064960888769115,0.3939297075403237
0.17127784746624966,0.04047350940464269,0.04342286801583484,0.05117409358120281,0.013018660502742538,0.43667032053877963,0.11039809145872964,0.04403432039343056,0.08953028863838765
0.5394015983067478,0.037163712181729494,0.016337701512571186,0.01707438174483143,0.13348866355066794,0.07580515990835511,0.07544258794755078,0.04668289523689212,0.058603299610654164
0.05003847387738012,0.07776481799733044,0.3588585008277887,0.08254647935913717,0.02270987415268337,0.022967587386155414,0.08028448413425077,0.043489207834342514,0.26134057443093156
0.03090284342147137,0.09013438439720156,0.022257338729029064,0.040829796085975374,0.013852115196951162,0.019950746419937184,0.10013587490283081,0.6601340597403945,0.021802841106208993
0.4773836433662732,0.050440056130878146,0.019404212434615927,0.04976477567407637,0.024921783182883583,0.18197728669005633,0.12937173143230052,0.04586393268724668,0.020872578401669395
0.4285015851156526,0.08263988782627578,0.0036265338506237346,0.020779611327805682,0.0997305060446713,0.09581464085377629,0.1038465532232481,0.021833296731867412,0.14322738502607915
0.0882690961187798,0.10026236184226812,0.015712104380872807,0.3958925359295368,0.06394504871509381,0.06206696699530878,0.08622330388542143,0.0808143129099385,0.10681426922277985
0.2936175620009877,0.11205720779520055,0.07126733999522163,0.03297389439037122,0.05825259674219586,0.19516377060767254,0.17462172332458326,0.047416586840529,0.014629318303238313
0.0549638040543551,0.061832226218765,0.1002938930379585,0.09306800924317638,0.12012653352862834,0.21359611693673589,0.12362042339539024,0.1487053497736284,0.08379364381136221
0.22621313829945508,0.3033272611195376,0.040449386754906606,0.022502031292208666,0.07752843479931511,0.03952216892326506,0.03786336214225734,0.08088197789658728,0.17171223877246722
0.055892539847083166,0.03370672062682598,0.015932987578573216,0.007908018003989879,0.030704024517083508,0.06265021841643464,0.05384908267198039,0.7269000872793062,0.012456321058722963
0.3921512337954592,0.029090129930899822,0.11926437620755033,0.04747294471158292,0.12052382015694167,0.05232567548432889,0.09859391776339015,0.06454431457656319,0.0760335873732839
0.1345652478760546,0.13837868683285925,0.08643279355355009,0.0763916798816642,0.09542000614908625,0.04102404176262418,0.24029852189286963,0.07592797470038894,0.11156104735090284
0.08398411349948397,0.08290791120689651,0.12816096318641995,0.03538566675693258,0.07113744315227155,0.011660882689388615,0.06152092450085861,0.5128594280426415,0.012382666965106717
0.4242387354901643,0.05105197083484703,0.028544987777411195,0.07018629333145855,0.1154293424530463,0.07133659501107309,0.149706420383526,0.08090306838674755,0.008602586331726126
0.20724423594633015,0.08130012692682996,0.021751003625719245,0.03217231166425529,0.08547353450339729,0.1166830838723163,0.21590683120971974,0.060521635635916,0.17894723661551604
0.36334965407826386,0.04663558760965131,0.04024954517772098,0.05648029965680653,0.055424825960581146,0.056473696462672286,0.20877952683022435,0.07377528573799297,0.09883157848608654
0.03944760517264392,0.07687231619854536,0.05360788083996013,0.0397314258697685,0.19293974035296682,0.06832112640234793,0.2154296127864327,0.11315192468197317,0.20049836769536142
0.11473054944198591,0.049418575736381594,0.007505681196259328,0.013018278353378926,0.012200232594122019,0.020544933389623873,0.13519122644932297,0.6318006532060944,0.015589869632831039
0.3645037332817794,0.04011154503472188,0.01070450800551178,0.0250106243408636,0.012166015760476842,0.16261001350283102,0.32386061990162057,0.0404138828196542,0.020619057352540753
0.3366369599381276,0.11866668618007596,0.013267300252973825,0.050583755493940064,0.13718075274094824,0.059080333329973256,0.208045961608742,0.07021875494654183,0.006319495508677278
0.4122996475866121,0.041398302408419664,0.06429789148085045,0.010448106026150497,0.0852403300410358,0.024139658784043273,0.04970433485382325,0.23915392074493988,0.07331780807412515
0.15805058705094185,0.10649711885991915,0.060060117811916884,0.02869438450584087,0.015304486588372343,0.25934111377077634,0.061277394200637214,0.03031943822767399,0.2804553589839213
0.21901764997411624,0.10509636358348134,0.03483772434301927,0.02204689616681939,0.08162902965601877,0.0856850874621888,0.36757747571563154,0.039155193275575165,0.044954579823149536
0.26753301956586417,0.1258457635884074,0.014353140911558482,0.0651373201681989,0.0572170269562107,0.13905428329868671,0.12710487207211554,0.04726614857274466,0.15648842486621342
0.06617484635657041,0.02793536615962458,0.029713677667683597,0.05658569477374795,0.19347229908807947,0.3280799718324338,0.12440049728658421,0.023451665528542973,0.150185981306733
0.22255321895700608,0.03696820211084342,0.038221106234530886,0.24881252539609397,0.12205163818930458,0.1862219621873508,0.011269178221155142,0.07206507388998909,0.06183709481372613
0.09357963556991027,0.03368762410124241,0.05908527549336856,0.06782360267131884,0.07796192149075835,0.36280956858227453,0.1736925290993788,0.09187235679507379,0.039487486196674415
0.5399191039900494,0.11135019319632511,0.02062609631803116,0.028550476995766582,0.04819931541729699,0.042182106288921224,0.01983438929426641,0.10360685102224222,0.08573146747710085
0.6070420891515832,0.04097310204462113,0.007509684274460831,0.02167784590093604,0.02730227902045827,0.10600692013915802,0.13396213319402459,0.03850008134822517,0.01702586492653282
0.5763575487613838,0.08235882630093438,0.011365183047170714,0.016019240352986876,0.020280383031171825,0.07910869433968543,0.13418494271403716,0.042420224596907675,0.037904956855722115
0.05740910355155657,0.08880625044673558,0.06281333878926307,0.03565152514902838,0.16848744074844815,0.33926345186065926,0.18208839496452656,0.03809495885153058,0.027385535638251857
0.15131823086039706,0.08092120882987523,0.21285168618651143,0.11529459382308938,0.1437875831372538,0.09971757515386674,0.10646752034696357,0.0678358384974784,0.021805763164564427
0.49739843225869945,0.04303710122662454,0.01621399986050394,0.04360681967719224,0.09105832519521584,0.039155403330786535,0.13866295510254664,0.10657590952618716,0.024291053822243707
0.04374963624663444,0.08167960871756187,0.054648595225619157,0.031021607208336865,0.02784915662867388,0.07003657094174459,0.09637092365605422,0.5315057207558117,0.06313818061956329
0.3513206059792404,0.02878102321848383,0.015826366148282405,0.009580657969528533,0.015827633226094404,0.21446696199093487,0.2536247239646006,0.007953500676655631,0.10261852682617924
0.18516902281815883,0.09488596439497177,0.024983823246208847,0.021356716115116553,0.06688418872239625,0.07743675055099934,0.4248587258296716,0.08305599941168466,0.021368808910792087
0.2974823963804703,0.19229665413344132,0.013383621360328597,0.04028635790973719,0.16391997747357923,0.015317242746189499,0.17975927178505094,0.06153039432485045,0.03602408388635244
0.2845084710210845,0.07707542179299895,0.011800837817763183,0.02484937926525167,0.023145986392883677,0.23184637894234386,0.30722685424369994,0.014572912922399492,0.0249737576015748
0.2975060011669235,0.06904784486952933,0.09674741704509138,0.07852995025485308,0.1598540802868671,0.09262790609292793,0.014552704106963363,0.1382278471196319,0.05290624905721237
0.34163617110551364,0.08899371795099525,0.0796424083403224,0.07557398274405752,0.05135686390416549,0.09699218608199339,0.06407904244346907,0.04995730759539987,0.15176831983408332
0.42331305024809723,0.04148666150844599,0.008273202749166805,0.03270891354950231,0.015092516902687493,0.03200354843644272,0.24692539653911405,0.02558717705989344,0.17460953300664994
0.05729822504198795,0.13323647834377617,0.011399486610837187,0.08326736945385468,0.008937254643237228,0.056989866478935954,0.03379821454044987,0.5477245818292837,0.06734852305763718
0.017370490689993526,0.10653340635578969,0.03715283207736477,0.30694174100318117,0.08485054671134297,0.28048618620903637,0.05996536548220601,0.04973996752528609,0.05695946394579937
0.24654841541831585,0.042711849663264106,0.04357175194337832,0.029549837106867954,0.05235384038564206,0.1447544568612944,0.3166015632493313,0.01164050534453689,0.11226778002736904
0.027163935245082805,0.05366710880773868,0.10853382024760838,0.12992342794215714,0.4264651975004894,0.12154385180552141,0.0583196934679053,0.04352952358927823,0.030853441394218643
0.34184812694688965,0.01778601021625226,0.019953237564822063,0.1459781394952698,0.006376040818362899,0.22322785517970792,0.15335322123295123,0.059908524269024786,0.03156884427671938
0.4342638062313373,0.06030414322411785,0.05085747587616187,0.028018345875901074,0.04026808250907797,0.043008403426700564,0.10282833831406607,0.07726694995519151,0.16318445458744568
0.016570364754494585,0.018617748074328245,0.062382342996280545,0.17612105420325333,0.36524988766944394,0.026512509867020834,0.14822347660603777,0.17555510868940283,0.010767507139737892
0.1601447384203016,0.05314751925997372,0.03202989181622055,0.03920100812252676,0.042199489186935245,0.08709660401636782,0.1463838161495682,0.2812615016561841,0.15853543137192197
0.05631860230177829,0.021529401411919905,0.014341799788605883,0.0994585528124866,0.07353024529490336,0.5113340161263745,0.13634152589833515,0.04997172162945246,0.03717413473614372
0.045144106714438116,0.04825074644065994,0.44832264439179426,0.08385230380979793,0.102032920071981,0.039627071809017776,0.02313000247742081,0.16269034688773965,0.046949857397150595
0.06049726451655913,0.29710322257007665,0.012088188964990634,0.03998317531353599,0.11829236731573196,0.1293086185750128,0.09328937989599954,0.1079990624566282,0.14143872039146504
0.21962727140941807,0.03640797562759966,0.013947877181945657,0.0060155916870453935,0.07782579473379898,0.09750012666297984,0.3004961965696818,0.22289215726715184,0.025287008860378685
0.045246828040655274,0.04502591128282598,0.07968590359170047,0.06750298888165572,0.11635522727471147,0.3077938229035791,0.026863581114610333,0.20837070037690897,0.10315503653335271
