0.11468028689813375,0.1476786395840054,0.10004934190494262,0.01230181566181726,0.028063975002865796,0.07419704543766346,0.15154216491858333,0.2991499481529365,0.0723367824390519
0.10423795175448426,0.1246584236458742,0.10193055956689173,0.010311093865594251,0.08875181127799438,0.18068157566043364,0.08701936085162436,0.19783633279830762,0.10457289057879558
0.08020160885284804,0.11897917530924164,0.09315708992666243,0.056994815258696076,0.01488493074871101,0.09658568680597392,0.11656143656883111,0.2746669338298519,0.14796832269918386
0.13449017673838,0.14850500442842,0.10785178709051794,0.00903738213870242,0.05895014957259164,0.09020367205304426,0.0912027254717331,0.239210168813502,0.1205489336931086
0.11058811680062834,0.1357098177068039,0.1221354495109861,0.09095206734529371,0.02056316179738685,0.1632360728293271,0.10113219517638783,0.15933868923933156,0.09634442959385459
0.13838632324012687,0.0825718509893986,0.12722280817038997,0.11173592942130607,0.051668283985539215,0.04058852368921122,0.14290962571176266,0.21656225947563335,0.08835439531663214
0.10076652813108562,0.08487790694874991,0.10598218798283109,0.009045053231779905,0.1232245116577312,0.2170880156325825,0.14850609203981985,0.12241152783788097,0.08809817653753893
0.13304466003707158,0.15429233981384408,0.09703724071062496,0.002669195437378825,0.04084499306189419,0.08743889354668131,0.11283363852260209,0.2625167527776194,0.10932228609228363
0.1114066580335898,0.14333678386020407,0.11376430348704719,0.02778659242612541,0.11780157487326319,0.24157446765165616,0.1030647775306106,0.048156519324907825,0.09310832281259585
0.1440803896346169,0.10009213986907915,0.11597688752422351,0.06013171068533518,0.05090956894967541,0.1788137994485921,0.18570698273977373,0.08575350909129698,0.07853501205740707
0.08428354180702492,0.15448270325539337,0.09991714732191632,0.10205788916561516,0.021935331605539347,0.10130779351460269,0.11638792071516603,0.21004818920389975,0.1095794834108423
0.0828236098854136,0.06674119519243918,0.09931209943445923,0.0504758116753789,0.18917403724670093,0.2759615398781759,0.06758559942791326,0.06495034641437432,0.10297576084514458
0.0921214661640949,0.08554937467007734,0.08745382232789743,0.0030367763978078354,0.24437146570211796,0.20311374086333386,0.09372600607062442,0.07407887751685362,0.11654847028719269
0.11925132046429339,0.1118153446061067,0.11117700269379198,0.15447624643445365,0.1859136049954475,0.072963861121502,0.0734055492123293,0.10251236328303648,0.068484707189039
0.1282376305493254,0.11155082798134353,0.11691734802594456,0.16685917753649113,0.04737295693497476,0.12377664260617253,0.10113669545274025,0.12486196394585403,0.07928675696715376
0.12557780474418503,0.2468723380234814,0.11725362915860442,0.024473544559912023,0.011036654518077005,0.05074902553869432,0.13670226161382473,0.23351845732808932,0.05381628451513162
0.09618585450041693,0.22920903533573833,0.12090588277621488,0.03336845485787137,0.13595256022730193,0.07954063356794529,0.11247230816529907,0.11348308247146728,0.07888218809774485
0.10989119711049287,0.1202956133540795,0.1130932128185974,0.017357078961231284,0.17366931917311346,0.17475230988942944,0.12048460652967614,0.09595600157405071,0.07450066058932922
0.14287320329632427,0.1635628885316789,0.13740932590677532,0.053353228733965315,0.017867640511700558,0.08142206143695409,0.1577119290334161,0.18087414137005217,0.06492558117913333
0.0925171981562413,0.0860910943037582,0.09958608684010016,0.042740442899130614,0.06929337695053595,0.23519301614752183,0.07054148000340972,0.21350696986691653,0.09053033483238576
0.1396924160541958,0.1665523529449878,0.12266154998037924,0.041909911524812125,0.039530829892473196,0.05237123707113972,0.16816907974358006,0.18590585984447625,0.08320676294395578
0.10704570822299804,0.19234731921158696,0.11025724071081479,0.054928780913418296,0.1232804747127438,0.03321852691149033,0.1773546760722694,0.15987918181787886,0.04168809142679949
0.13019101107907907,0.06899934544032936,0.10728691586169807,0.2631872235948905,0.06339755479456816,0.13098612261224252,0.08732465375133493,0.09285965899535191,0.05576751387050549
0.14404320598164652,0.15845938076200125,0.1173068402318551,0.0286326311064911,0.15389099651393925,0.06075277109068957,0.09122788293198802,0.15864074136139356,0.08704555001999563
0.1333389023599684,0.14471151133556764,0.09522945058838002,0.012544550046461834,0.042837355627238866,0.08194023793423254,0.1133170113471672,0.29273463551916334,0.08334634524182001
0.12355039021366632,0.1611329444719526,0.1131814437476706,0.011119955387581135,0.06665179339021148,0.24863477906116085,0.0932718507066931,0.13585132346237141,0.0466055195586925
0.12420348914759427,0.0888749522720614,0.1139308057514507,0.0786881735059594,0.034724196066414165,0.28041766721234906,0.07762234183231688,0.09100262163401109,0.11053575257784302
0.08346316256659146,0.12142960684389281,0.1023593714184522,0.07694873664752207,0.05573612234987591,0.11628193920620877,0.08673764707283871,0.0583068001605272,0.2987366137340909
0.10640800430510006,0.11329969163775477,0.11239282903236952,0.11899891216078921,0.05476918176476009,0.1686150358694669,0.09086345147418064,0.17525661978710136,0.05939627396847743
0.140897628318522,0.1311336390946278,0.11605241382351551,0.039293016013355594,0.06059738695901044,0.2574057822537479,0.0884583049856111,0.05650214061650033,0.10965968793510929
0.1447279368691776,0.14994572990959107,0.10890115457103657,0.06091058768165148,0.06093167118740358,0.039405427939966986,0.1300106428923312,0.17794819124132363,0.12721865770751797
0.20195028241918497,0.11987619875524373,0.1186473890366649,0.043170121393233785,0.05443443505829934,0.07833527092437848,0.10328932882599955,0.22190380641576848,0.05839316717122672
0.1330874013868898,0.09066637711559082,0.09259581212343014,0.3314344190857907,0.025659374177265104,0.028609410592109464,0.14666444770374815,0.08508063231608713,0.0662021254990887
0.09162839069614626,0.06182027923218051,0.09563878206026388,0.21577662296225894,0.09149354893169914,0.02832642865969212,0.10726802095422723,0.23687591702828667,0.07117200947524531
0.0936377817849519,0.10817363087851688,0.10981080756122458,0.24986612660440724,0.08915154438008233,0.14650314692876656,0.06947429346770885,0.07357353337381596,0.05980913502052577
0.1310556322526266,0.12753362939366994,0.1263229003400174,0.07076076706359218,0.09529477199221303,0.08343989680478632,0.10451858214142327,0.16917397431385628,0.09189984569781501
0.13934901526666507,0.1447718791571647,0.1346088546638465,0.011416518455456924,0.04650894816626248,0.06902707558631267,0.17655814408498263,0.14520358830518365,0.13255597631412538
0.08069466031590723,0.08897102510881609,0.10194168121102161,0.11641743568442864,0.029295363207301982,0.30707469200938703,0.0647222155145342,0.03121674390613226,0.17966618304247095
0.10993135468192798,0.10254227708571544,0.12122705251748789,0.15845055544478945,0.013943616550456643,0.18433651715152263,0.0712829278254853,0.14942412619320042,0.08886157254941428
0.07660263836694554,0.07422377295344372,0.08167927700533407,0.003220365163257357,0.04244956763287338,0.20465484119122132,0.05003218571767032,0.33604109207989924,0.1310962598893551
0.09385195543063422,0.1142394686993271,0.10047542430347212,0.0596781172419239,0.024293655783881107,0.3469917748482667,0.08457354727679368,0.10793277398895422,0.06796328242674694
0.12592556086233317,0.10653821599377401,0.1204300247996281,0.08269358871482411,0.10596614539007941,0.12923807355642394,0.06709606361253351,0.10761972702566734,0.1544926000447364
0.11778116238150386,0.15428147054451086,0.10522876406491567,0.0006651161627353889,0.0718183558104183,0.07569830539537051,0.12449175633369403,0.2800935163034972,0.06994155300335425
0.09124562591646612,0.11899853993037807,0.12862236321599235,0.052259829814195476,0.051992318206795084,0.08908057501264728,0.17222122477381366,0.20052851625981885,0.09505100686989305
0.11254975709306365,0.17088649125732203,0.10171632923355796,0.0036398661913857842,0.0839824228162593,0.13059274724893985,0.1693952141206234,0.16765054617675376,0.05958662586209441
0.12148769315536727,0.061149267691981014,0.10057072572574,0.15963130410484197,0.032058291148364386,0.19636442878333218,0.12100587530245016,0.12526771309362386,0.08246470099429917
0.13283749239205297,0.22971260905674087,0.11502645443795946,0.08941337159591965,0.020861972552956826,0.11161732072773943,0.11022508079153999,0.07802382506609216,0.11228187337899871
0.19138526944294743,0.14113650754911203,0.11586190644431066,0.007098693022925536,0.0970115431882938,0.06929200687641655,0.10674041206617586,0.11956470938655687,0.15190895202326127
0.1552484294314569,0.08198769851499182,0.09387596437283796,0.15267488055077652,0.017969362485806044,0.19471240990111827,0.061193861614948754,0.16230625492710357,0.08003113820096004
0.10740648331329168,0.2882550824042111,0.11308148918258283,0.03409424808214878,0.020918061043274584,0.1465973886446515,0.08636782368639738,0.12000730656854978,0.08327211707489231
0.1024557369947811,0.10471126640598556,0.08916141827599562,0.01719149419786753,0.0920312884200617,0.19344761799567622,0.20988394285277553,0.10957691051027547,0.0815403243465813
0.11485210253578126,0.13301442284132678,0.09959925695957904,0.25976141242402345,0.07161007943046223,0.020097547536677977,0.09701659959059676,0.15201797615172916,0.052030602529823416
0.1623692350087448,0.05810404177926604,0.11835400232778533,0.02083822368291269,0.031647325018416335,0.06193941937306643,0.1954460453018607,0.2184682378085804,0.13283346969936727
0.16054765884640498,0.07376118711049601,0.12464424468868118,0.13977315137964605,0.051347529880546826,0.0485633560284745,0.11667669621459882,0.10971979959691087,0.17496637625424075
0.21412177054821743,0.10494607705698417,0.13714194336890626,0.012650949386106952,0.025781895660998158,0.0841592929490688,0.136933415940814,0.16994110259936035,0.11432355248954384
0.09424439034830213,0.11913796422140414,0.1163410265637595,0.14537382254690687,0.07543703676288843,0.03789586855088706,0.14702450278901927,0.20376044636923704,0.06078494184759551
0.12100782584854342,0.14470250946359473,0.12085168457922162,0.11662217102554005,0.17104630984830893,0.04469239686615648,0.10628913685451125,0.10128712876531133,0.0735008367488122
0.14392681327768844,0.07399428796118901,0.1071705986672918,0.0012758549715369994,0.08157900463357444,0.04046114629837515,0.24130068669594687,0.20823561831922166,0.10205598917517567
0.08075380334552294,0.17540922364466957,0.10899871500406717,0.044154017759746866,0.09589431242362441,0.1561134744727398,0.2296063845293019,0.05005712188816017,0.059012946932167167
0.14834155352032288,0.08738677641582444,0.11477023527703582,0.1029563592557808,0.16009430280571266,0.07664411412443638,0.08489398493150067,0.15564345676047975,0.06926921690890668
0.125281713504105,0.12947188976591448,0.11969238527442234,0.15927272980865306,0.06778521312606221,0.12089281221553581,0.07902799249650005,0.07556537514205328,0.12300988866675376
0.2235616099826918,0.08623949662531892,0.10880006615212129,0.05603731593043739,0.07311737109550209,0.07659965875038001,0.13109538811051588,0.19044586476050265,0.054103228592529994
0.13592334899513114,0.05569087947660145,0.11145250790747264,0.2977309202074451,0.06203013396319335,0.10747652722223182,0.10637412610916756,0.06742012449795352,0.055901431620803486
0.1256073410466095,0.12423679690118551,0.11607561238039303,0.017080624540618043,0.18111837133762496,0.1155130093255531,0.10433974546047559,0.15884703459363225,0.057181464413908
0.1008818348881511,0.20924411727960293,0.10072957654811816,0.01321259826145596,0.008826664414180067,0.21829909342463596,0.18008229859496053,0.0880145559219813,0.08070926066691407
0.08508292484932171,0.105933720653692,0.08185134395936088,0.00179361025865554,0.019823639394914355,0.17531163544284634,0.0992456776315665,0.15396993143218826,0.2769875163774544
0.12645031824868294,0.09429772054223101,0.09508999069226608,0.012859314347121308,0.29748672939488335,0.020350247220191256,0.09461813930978596,0.19139063996451608,0.06745690028032193
0.12018929222567903,0.1386107679533406,0.10767240631461543,0.06397597036419415,0.1457208415050876,0.16014586537808864,0.09582902072387596,0.11515631472840204,0.05269952080671659
0.10404221509125251,0.08401682847601649,0.11329463095692209,0.14287782293897733,0.05557063125483658,0.14725532427681925,0.10799747696028954,0.15865679765540439,0.08628827238948177
0.1112298027237781,0.1956780624872001,0.10628850892151671,0.12289716084752926,0.14309032770302924,0.10530185737509912,0.09138743528244302,0.07227327256906214,0.05185357209034227
0.13289374849425206,0.2167962769975139,0.1273151980877736,0.02312604368414974,0.024754409677989034,0.056136995519631305,0.1261539737759945,0.14678123702051468,0.14604211674218123
0.10577705925123682,0.09581900073690826,0.11247066474551749,0.16743900552959712,0.10509733290778034,0.05521087910041136,0.07664379071667966,0.2139692594404631,0.06757300757140577
0.1063524794702444,0.16033156400738915,0.11404971028283384,0.062396550032909844,0.050781309009376274,0.08604636597573345,0.18485276598396763,0.18355544472294846,0.05163381051459698
0.07180792226549575,0.07675447921209672,0.07956620769343296,0.13769219043109068,0.28588636197266487,0.13709542705587438,0.07483924613419787,0.04639962756553765,0.08995853766960905
0.0764865458881362,0.10366801068802589,0.09303414799197492,0.11066469971302341,0.034195458612284436,0.23987943765669498,0.23085043803043234,0.018856198784652074,0.09236506263477573
0.14600880682925307,0.09815129331461526,0.11324252786651767,0.12239374036731808,0.03903623334986749,0.1771818741039708,0.08232222182155653,0.13507988209093813,0.08658342025596305
0.23172401378090748,0.07781092166942867,0.13312151280115644,0.01966934926847812,0.14843207021720464,0.05516502400215198,0.09521595420386407,0.11460233213949651,0.12425882191731207
0.15598784789516437,0.12987234891319555,0.1288627626756295,0.13008339674022723,0.0465642907282241,0.1395607867523497,0.11926849196650703,0.05392790596897599,0.09587216835972645
0.147514423188033,0.04580319735860894,0.12504472154891125,0.08647571901622787,0.02110175356687342,0.10393779998249714,0.10982615074119655,0.30120529035231064,0.05909094424534114
0.10479915358300768,0.08947303811342677,0.11248260188168135,0.1009253879293203,0.04986111474507556,0.02672455743101687,0.17366468198155163,0.29413483193906353,0.047934632395856214
0.11606434396864025,0.17510837843828578,0.1046709785182765,0.14905376566504694,0.13482929542354474,0.12373684219834043,0.0673202200659736,0.040302892408846124,0.0889132833130456
0.10298589592345302,0.21487947907360808,0.11235728693257087,0.028025253645472353,0.11871399948594506,0.16737077723063742,0.10231428530701243,0.09913167857338878,0.05422134382791193
0.10937572038063932,0.19344753036276074,0.10036411134629027,0.021144735851470736,0.09532514235820583,0.2216309757457164,0.06219764715975897,0.09901556015931745,0.09749857663584031
0.06787186106092542,0.21458875484526604,0.0732439654275579,0.0012642751053949894,0.2119020158226913,0.016021872114908863,0.05877845763500158,0.3164262750731808,0.039902522915073076
0.17163257092612536,0.11118625426719776,0.12484378895959501,0.10789849608362118,0.06166047520912593,0.09676210977364606,0.1211112855642882,0.12734402417266485,0.07756099504373559
0.13867962231412495,0.15744898978528635,0.11266124419025482,0.08714235878558278,0.08473227530081602,0.07549411353855377,0.12917517506842988,0.13074050678142013,0.08392571423553134
0.06449364807368622,0.25309872409715467,0.08138932865156943,0.22155137275850403,0.045441123724291564,0.17930644207530455,0.08638182290690838,0.025166323049439127,0.04317121466314192
0.10894809197406385,0.1753142400607297,0.10820506611111103,0.2696368241573106,0.03985841856135477,0.03608904067837349,0.0956333602023981,0.09067518562262193,0.07563977263203647
0.10678515633542392,0.10619653025662523,0.10304431244554023,0.1520802034067097,0.144243966162424,0.19148532577004596,0.07055003836768972,0.05075810082055763,0.07485636643498356
0.13425506565238926,0.11160296777221283,0.11591078130516992,0.09025976538762699,0.11973256848966503,0.04614504310127262,0.12657067294703675,0.1858537636921688,0.0696693716524578
0.09690323276905939,0.25460627526546437,0.10006746382668687,0.0013467391542358164,0.149023222117065,0.10283841405246076,0.07787288325683879,0.15594484566156874,0.061396923896620215
0.1321268516136537,0.0970197870985431,0.09877242473755131,0.08452265257451251,0.04033248215595243,0.2996695427672122,0.06460958025923635,0.03564935599228053,0.1472973228010579
0.07976084233816332,0.2506714780461414,0.11671756325893301,0.03813895936376686,0.16928536507527436,0.02025606192675707,0.08378267497061283,0.15640054431419445,0.08498651070615675
0.14603917587073909,0.060928562798604514,0.10273497920531917,0.05940757501440561,0.3607802501444979,0.039773843511216635,0.08418832510201124,0.07625297572878971,0.06989431262441613
0.12045244259120964,0.20538998800249222,0.1170161400615581,0.10907136116595417,0.051044572360624624,0.07013896156935497,0.0687736582507168,0.19963749864446126,0.05847537735362813
0.14996681908809317,0.19262274823805894,0.10786757605946005,0.06976514606821488,0.10756187128143879,0.04662078443681755,0.08940446018922031,0.15887073069936766,0.07731986393932862
0.09548030774273165,0.07890011043017721,0.08004240911360731,0.1608205432234886,0.14898247053497352,0.05793691098859414,0.06133660188530581,0.10855001996994547,0.20795062611117623
0.16876688351048255,0.0825025281158835,0.13715730525064632,0.03366994035013132,0.045777038405845794,0.07099316275696456,0.1612437138611074,0.25313881782233044,0.04675060992660812
0.1131686042405915,0.13485324413658964,0.10820804156171887,0.009630330834327771,0.015665839108852372,0.14064200816098962,0.19850222399457532,0.12608796203719175,0.15324174592516315
0.1264096177323262,0.06907128547583484,0.12389849626556974,0.15538819155421738,0.0812957771941389,0.10117988793335303,0.10374717218206196,0.1718551502080812,0.06715442145441666
0.17127388738301255,0.1788020080547513,0.10889708909276358,0.12137710670153361,0.07197725795365667,0.10585012902720348,0.06960367013412957,0.04328380807729915,0.12893504357565014
0.13268759586588844,0.12345257802603006,0.1286208370680016,0.11953672835495499,0.11629918580114844,0.11642962166012603,0.11395904999509567,0.05639671175936439,0.09261769146939029
0.12616193871819895,0.14568901758860475,0.1322526916314779,0.13455127181093812,0.09523021868146918,0.12772271314589725,0.0842380640128682,0.07020213790560925,0.0839519465049363
0.08315684652420378,0.13412857156704272,0.10569375383948264,0.03744922941258882,0.25522734852137785,0.13772279135751175,0.05055714584345793,0.08083630244894048,0.1152280104853941
0.10328237564784754,0.14147139289516877,0.11887146057000814,0.03783099107526936,0.06646766407197431,0.25095234292449914,0.09327823917996396,0.09545498874893539,0.0923905448863333
0.12707429429536551,0.18745529184835652,0.13191413649662007,0.028583176743081553,0.04575073680763753,0.11104933813695705,0.1864505718842738,0.07645702122910276,0.1052654325586052
0.12882495012958842,0.08915209660619296,0.10108820656759569,0.1721024048898737,0.027797044066858668,0.060124238679841104,0.13934404961681343,0.23460205011341428,0.04696495932982172
0.08808302168497883,0.089655833297418,0.09612978075581781,0.01262301976627115,0.17648580038000436,0.264146080742421,0.08214344260834812,0.1084458560727624,0.08228716469197828
0.1348195401858324,0.06783563777635844,0.10621412971949785,0.21739215391356123,0.07335700698324575,0.14233462395308882,0.1188999892718993,0.07466867951715486,0.0644782386793613
0.10922242762967355,0.11381418192435522,0.11968260660954967,0.08214009644275812,0.091521626618008,0.22558042165076653,0.09835113398543989,0.09019637231241036,0.06949113282703866
0.11788123563357678,0.09544763712907428,0.1390489733179177,0.014148682503827142,0.08682233566106705,0.1530370643375941,0.11054593649349076,0.1705764026642583,0.11249173225919389
0.11213928797150809,0.19369997936214522,0.11860917375511863,0.016410977989197318,0.07523642209874674,0.1030522622881339,0.11463508939218885,0.172292823539462,0.0939239836034993
0.14529706450907495,0.1809765925343679,0.10385931422431405,0.0027935743101889544,0.12642514099201294,0.04083916283422024,0.16721767977968946,0.113968528251771,0.11862294256436047
0.06813878818856013,0.06856810781483,0.08222537168171586,0.0015264743628280453,0.1491926243635315,0.18489402445056916,0.05516353487526828,0.26158317057821795,0.12870790368447907
0.11970888026481326,0.10199172235385401,0.10619951715312993,0.020451531953126455,0.11199654997721854,0.22530732102250436,0.07748785692346952,0.15948831480394673,0.07736830554793721
0.12403548820329739,0.11907147696179227,0.11315034360552567,0.0646072477882186,0.10925304162678251,0.045532278001406586,0.1798531582521717,0.1785525460593512,0.0659444195014541
0.11265786989375097,0.21926273009419014,0.11702379951336898,0.011398450506998377,0.06394900236485139,0.1318050275997689,0.16019660192718196,0.11958439618473606,0.06412212191515315
0.15656942990950326,0.10135854454281439,0.12211639095532638,0.09304247310358493,0.062281608950393585,0.06839392987334116,0.17523427154499815,0.1473109645092128,0.07369238661082529
0.1688159607124702,0.1681393621905317,0.11218075105410945,0.11088860576941408,0.027929629686508795,0.12935756110754937,0.0655102369542399,0.1302949223477879,0.08688297017738877
0.11322058431228925,0.06662307929291927,0.10225541576418958,0.0513333453930686,0.07324448811108485,0.3154889103103011,0.07921411275480227,0.04175340749937279,0.15686665656197232
0.14512003534596307,0.07604570182832511,0.10382057450442256,0.0642988438950992,0.24109979286230665,0.0947231176243723,0.0943710037809562,0.12379766757776188,0.056723262580793056
0.1004163649384723,0.06539537853413006,0.09426170726399785,0.2494317930685502,0.01578425593564305,0.11470537023999224,0.19110396217871337,0.05896166868793421,0.10993949915256669
0.1439078956819143,0.06638432912302654,0.1281045668591714,0.030907705036274328,0.05985461597339558,0.1250501299793074,0.12052585158777875,0.24596875806414556,0.07929614769498611
0.10984164823877933,0.10076596952871501,0.09431728208235246,0.2730495058795231,0.04441803082399421,0.18741186383140476,0.06910690447455305,0.03682997181451389,0.0842588233261642
0.12141308812504749,0.12885349003954996,0.11924562717105351,0.022172280413218448,0.11085608776196536,0.1879698378055867,0.07481096901764304,0.13859435041399867,0.09608426925193675
0.12130363791029845,0.12498056781150546,0.1096776055725152,0.016278547539694432,0.0352006812352317,0.32023408243643037,0.12788812970209407,0.08271370502361007,0.06172304276862025
0.14873714816066103,0.08453282048242232,0.10992354784329533,0.06515274018818568,0.031849092339490896,0.12293604944844928,0.1277423423167849,0.18968304391570276,0.11944321530500783
0.1080450239965533,0.09373180680005955,0.11258656170608101,0.17004101357557955,0.12513517900683727,0.11389427600039065,0.0785548108113692,0.10606872185410532,0.09194260624902416
0.13556111365567675,0.14451478633674675,0.1283933617236523,0.02503311891534614,0.04854421997923942,0.051063394931482514,0.12687524172405318,0.27716060561256034,0.06285415712124265
0.0869922435118443,0.15410463276378394,0.12152596645958809,0.10247557948767883,0.06388042023139251,0.11902525741718666,0.09206185574141491,0.11832719497257427,0.14160684941453644
0.11080952235292651,0.14212200931329247,0.10922780936191023,0.04794386349045682,0.05297888612794504,0.07057204409709163,0.10328330143087446,0.23615445672853216,0.12690810709697067
0.08223072994265929,0.06565164390686509,0.09983371478773972,0.2936802749320647,0.1211215146246803,0.16265228651478553,0.06796922943924572,0.060704410451998876,0.04615619539996063
0.19059017618707755,0.13022541467827406,0.12465820998461237,0.08757946121607074,0.08576606999345408,0.08548389997540475,0.11483081295527092,0.058840373212020285,0.12202558179781524
0.17578234540975565,0.13867102499914022,0.11524486037492787,0.06242571064474515,0.16391800319842315,0.059039667987455434,0.08760661102629848,0.09615174566276496,0.10116003069648906
0.1200835865393476,0.11016931759983989,0.10796321648027647,0.07368327489829019,0.08770802143191392,0.19306151186924417,0.11253883072664483,0.1244095608145594,0.07038267963988352
0.15444295007312261,0.10798761845929357,0.12731532218000363,0.08870766741985887,0.015647013724321476,0.1659556542806033,0.14928346684530225,0.14190836654633832,0.04875194047115585
0.10413829891525916,0.08648063553651758,0.1033699193144244,0.10893096154260119,0.1749342153364455,0.11770587143135362,0.12717692944355963,0.09287770535526581,0.08438546312457314
0.13209250442535692,0.12822671701108287,0.12295256349227686,0.11023263320378225,0.1276881060842083,0.06617498479002358,0.12890211978809477,0.1335217383738236,0.05020863283135094
0.1573278917447116,0.21385285140865226,0.13939382817207405,0.051435182802312775,0.019376989143705944,0.0897497753110707,0.13778059890354113,0.11111417877258556,0.07996870374134603
0.09902806972439443,0.21818476205381102,0.10065963460804328,0.05802888951760391,0.03476091360248427,0.10398050879268823,0.1019164153203835,0.22399832055009186,0.059442485830499554
0.0909317273991136,0.05446726230451401,0.10605571164370471,0.05081127211450099,0.06293277990916549,0.30666761333733017,0.09451290641075054,0.08861542792094207,0.14500529895997846
0.09068488875101065,0.18196333052779554,0.0975030508733322,0.002122109516333044,0.03967257398038989,0.07515108983608244,0.16477996202193299,0.26597277538593134,0.08215021910719193
0.1306177488137049,0.1446283875073829,0.1110554140809419,0.00617320480228345,0.09836080159722353,0.0710106629295938,0.09092265550031335,0.12190014560073877,0.22533097916781739
0.12186543401030825,0.1002402580935305,0.11073547436974757,0.23990570575711037,0.03099175582788409,0.16608100412907337,0.09102126576834647,0.044480287787020546,0.09467881425697877
0.09302094252768815,0.24050484045345455,0.1072821722774211,0.0392162581310059,0.07300212038273922,0.05171284076699145,0.0609863600342345,0.1582328065719705,0.17604165885449452
0.12005623736684357,0.07886310612905212,0.10746820996532536,0.11379960252962014,0.07740038821870747,0.18621751723380717,0.06768736563650428,0.17353053876044486,0.0749770341596951
0.09429969237936503,0.08889082541948674,0.09383304251043352,0.29418627790353097,0.027986668965455274,0.2074010596365011,0.053442860713593755,0.0466901279381309,0.09326944453350268
0.11422075704372943,0.08780206538710779,0.10750452951654248,0.2205547966568453,0.012598508512415466,0.10423193089969007,0.1284426444118795,0.15070809947105282,0.07393666810073703
0.0769388261736089,0.05018781967042302,0.0762769916526017,0.01896747559869844,0.3564684237499163,0.1984745729816684,0.11372672921448262,0.03800384709179038,0.0709553138668103
0.1402500407164064,0.1781467016208221,0.13769198514110462,0.11100876261323682,0.07546145134006024,0.05802934311937722,0.09552379391291997,0.14794082048292645,0.05594710105314618
0.13125948486751388,0.1116326131591725,0.13034142928998182,0.050194768482397255,0.13316278511095905,0.16871124698296658,0.12458984555811874,0.07432416095518911,0.07578366559370103
0.11398500010510515,0.19824796058667604,0.13131522405009996,0.03877624948700023,0.07859561200822826,0.11083527964567748,0.08769121978120727,0.08773096013657268,0.15282249419943295
0.10983742249930344,0.19270987696549022,0.10882824908660065,0.1665276076444708,0.038618743403084216,0.1529985557378687,0.07725456359749186,0.07560989662204433,0.07761508444364591
0.13208883424830067,0.1803879929393882,0.11743431238048947,0.172652005891252,0.06304860304867772,0.10814207768350644,0.08340503464985416,0.09445137524505502,0.048389763913476234
0.08350665692398392,0.12652311820335937,0.09928865366411972,0.23370695907838332,0.15464662575935031,0.08103252395448557,0.06346188839566219,0.06803906896563304,0.08979450505502255
0.09404764624352781,0.12937872800049222,0.11655651302197327,0.14001423150300302,0.0584591623317361,0.1592687681822734,0.10130114729612205,0.14274341011243344,0.058230393308438634
0.0803001410910767,0.12285370319651405,0.09389874083053958,0.13434428477439112,0.07836335145651012,0.22901214596955713,0.06790408142974651,0.11192709675538219,0.08139645449628251
0.09884725436300619,0.08257368868033717,0.1157233927009712,0.0841444357840237,0.20691021028762224,0.21462443070257056,0.06903522070846814,0.04751858190786301,0.08062278486513763
0.17192414833910144,0.11813004156428648,0.1281480900730865,0.11405632620294541,0.1435258592259837,0.11895979542603302,0.08581913091537237,0.04621929762202437,0.07321731063116664
0.09750049394311616,0.10992989773963398,0.10552629430627308,0.11728574599521295,0.2385419787012187,0.10651376029417664,0.0969235226853435,0.06006229713823532,0.06771600919678965
0.13813305969213463,0.07305919246885074,0.12162339939334106,0.015268107760820493,0.060133952731207745,0.09779399713284247,0.13844561193204283,0.13061740856863874,0.2249252703201213
0.09460444711380005,0.0672264874406956,0.10064147024859793,0.24796210923869952,0.04462811760397669,0.09901704617222058,0.09560399999499185,0.20353723987059955,0.046779082316418225
0.10263809445596522,0.11840694946030911,0.10392496394835214,0.23975452849200862,0.04378982102819654,0.18603058561984795,0.07452985057651201,0.07697965898883107,0.05394554742997735
0.16291564942923772,0.12920332551995747,0.14278033456596131,0.05766484057752852,0.136121583039276,0.03320784237315438,0.17800405195916946,0.0787937812737627,0.08130859126195249
0.12016910935991436,0.14899510629597837,0.11150651250793046,0.08848945335888002,0.05230479361045331,0.05186416971410605,0.10466536180812097,0.15745325993552592,0.16455223340909053
0.15686185260260724,0.15988026440075254,0.122325018326776,0.09077938431739019,0.06581681101029198,0.05269633910435495,0.08964200867748935,0.21818422306246046,0.04381409849787724
0.13186800043404956,0.11295964892368023,0.1150506694623692,0.0987316739592536,0.07546347149236905,0.18999169192786422,0.08626141528970305,0.11184750311950813,0.07782592539120303
0.1136018253479486,0.1346200052873911,0.10103974640358117,0.0009869179190860238,0.06942321915909407,0.06457368166482362,0.11360810448356318,0.30197440606588727,0.10017209366862491
0.18553708487388623,0.05367154095082108,0.11048561427068998,0.044004866939300856,0.2550406164200635,0.040734008348891494,0.10948395648565142,0.1420954347193223,0.05894687699137322
0.11481822346868908,0.11789887668988254,0.12413599295605304,0.024613415903832366,0.09389393546854612,0.18911352752907742,0.1322420886406619,0.12725557107718913,0.07602836826606836
0.15371705828837975,0.19384028632977635,0.12416127777725124,0.014992653434641784,0.061898857905295035,0.1669944379901288,0.10582714074282012,0.0403104208752696,0.13825786665643733
0.09243968041903759,0.09829480567941751,0.08851623724757607,0.20807023918795498,0.09463157235258608,0.21631219227396734,0.06575581384945124,0.08203333887931245,0.05394612011069677
0.1169606297648939,0.08818411783912039,0.10718145439098146,0.1172556087181626,0.11927988025152238,0.1786591679813524,0.07428747078491048,0.10714547256540992,0.09104619770364646
0.15348299069435567,0.13581396873120485,0.11036886117808818,0.0802907739768949,0.011125881773608537,0.24707850542792933,0.07531921439063888,0.08313981646669717,0.10337998736058245
0.14085431789362213,0.11409730415266565,0.11161025869661935,0.2191456810293395,0.06569498246100888,0.06008647829564621,0.08709747332289176,0.11484155124858021,0.08657195289962634
0.10394062620753924,0.199270043466285,0.10936323499515464,0.04135416477496602,0.027467157088806638,0.11670241229500634,0.256524473880509,0.09617900702203687,0.04919888026969623
0.0651593379252154,0.07177124621623962,0.08698776997182744,0.002743442963941333,0.01757435623475538,0.2611742464489152,0.05184079922611217,0.2928295376358569,0.14991926337713662
0.1162932431386078,0.09039605151337517,0.09275294042588733,0.08378570226804279,0.026891919397789107,0.16304102250768607,0.1608768129073094,0.21832816731209959,0.04763414052920267
0.1108367754057128,0.1772611221127953,0.11372505240188498,0.018092603925536552,0.10402978949852792,0.10337685214940316,0.13772508709134937,0.09601285411824745,0.13893986329654234
0.1193074230414038,0.14142521183207496,0.1221301355343059,0.035079047116672195,0.04195422464887946,0.1310594090102721,0.21857132325294995,0.13064399026229134,0.05982923530115029
0.1557083060622733,0.165196370047173,0.1415434350167025,0.029455130133877582,0.09159555883649977,0.03694495993066319,0.12077206227949211,0.1396262209623611,0.1191579567309576
0.13727428956294033,0.10136500469764564,0.13551100832864194,0.07589477848546264,0.08817553956322742,0.12537080775738893,0.08442014305960199,0.14819861101763745,0.10378981752745364
0.164051914231925,0.14511885265766147,0.11026526581300682,0.020250999598353196,0.05745794903499402,0.06860672330138749,0.12375813526480366,0.20831583960766453,0.1021743204902038
0.10866357187578246,0.17589627808180722,0.10618915503832715,0.19495708404963674,0.025970849218003373,0.14810722840165677,0.07799582880108058,0.05419805561770561,0.10802194891600009
0.07477534414039293,0.18245481987141943,0.09081847650719334,0.015916249710341463,0.021876708216091684,0.1701430803515291,0.10488010205250033,0.22395864478398844,0.11517657436654331
0.14966136353144774,0.08766975195255255,0.1156609138502623,0.019166887988798887,0.06693182047770586,0.20088773553142766,0.12442022555466714,0.10358665405165958,0.13201464706147822
0.08936139554453187,0.10590908029699286,0.11319005141452453,0.10779005154690323,0.10725494820326455,0.031167611175198215,0.06580355291093418,0.25524047797311605,0.12428283093453447
0.10886039978488422,0.1436146540129544,0.11504894357879396,0.13405071961398216,0.05434571502687121,0.1937962123556968,0.0766207667425874,0.053971018747635914,0.11969157013659386
0.08066683226068806,0.09096597768279961,0.10074512803578588,0.11489346767601366,0.08398135455357254,0.22246161541024398,0.0753413983157743,0.10696911647015998,0.12397510959496194
0.09250537677689401,0.10335253761681717,0.09337848314653883,0.16745309763350832,0.006223098292632086,0.07515998015512494,0.1476587838446622,0.24261133871358864,0.07165730382023376
0.09174350580073286,0.09848344836216534,0.09764673509219389,0.02499209100408412,0.19089884950622757,0.07531037403183793,0.2808500097136653,0.067540345842098,0.07253464064699498
0.13961397811564313,0.13602979977878285,0.12018297880117301,0.18641930192209533,0.059871660102399,0.09591704230339256,0.09630729137770973,0.10116986328265898,0.06448808431614543
0.11079998090009419,0.1755845359884093,0.11034879187297054,0.029869909683630087,0.03399638107265971,0.18348181766928787,0.09313745123448214,0.09530576472227191,0.16747536685619424
0.06894141497185827,0.13116480346424417,0.09305541991184337,0.06749549190540101,0.16873837021541208,0.25955775211035276,0.08073476865181288,0.026793639505736867,0.10351833926333853
0.14504721580878022,0.0795702449472397,0.11151954884248667,0.00863175469932226,0.12024811470161728,0.14753326891017535,0.14046780320973476,0.11263264024455859,0.13434940863608513
0.09611796325887939,0.11296696178276187,0.11831334698616551,0.09516300212786148,0.14262258894264637,0.1914421638832745,0.08684932125186763,0.08063299493778318,0.07589165682876016
0.11729354033716743,0.13474684071142004,0.11524233231293513,0.15685428102176116,0.08509055480264671,0.04693199918992578,0.11286554761936117,0.13829559881737277,0.09267930518740986
0.10181631340221071,0.11845186499664868,0.10841183353393587,0.201616458532607,0.1104858368638602,0.07923965951690544,0.0795322949973185,0.1447904210708565,0.05565531708565712
0.09944062495355525,0.08675475429529345,0.10501500620096892,0.005053735301494811,0.2674216136845004,0.11997352521297122,0.08319790436517917,0.181335641395963,0.0518071945900739
0.0640992269246592,0.05775001598106446,0.08588997304706814,0.21498133700162728,0.01358393445885177,0.1902073082216573,0.07866323478082933,0.20736006148009975,0.0874649081041428
0.11070765506207307,0.07501064105016948,0.10732091300003775,0.10637133917070857,0.12871179685624848,0.062701205864241,0.11232978250151876,0.16376913833680526,0.13307752815819765
0.1600754658327033,0.11823598553140213,0.12039597299722109,0.06075424620904198,0.04910656090327251,0.07464227518562698,0.1567987396854951,0.16806841503585482,0.09192233861938205
0.1269174002189184,0.07618631002276298,0.1330344508538376,0.057429804379178,0.10449436697392978,0.09096039003562995,0.11454506181493418,0.18488531047978538,0.11154690522102366
0.1799177354298888,0.14958431875988462,0.12039461953248316,0.037433208108813405,0.10021063853962763,0.058609176367014994,0.14481746079254101,0.1482127921521609,0.06082005031758545
0.09121668242501936,0.12378955210154906,0.0623398139719648,0.00043871518063132235,0.24697115775198633,0.006567057358146978,0.059605066628800794,0.35729918474575245,0.0517727698361489
0.1212982217192879,0.1352428857732295,0.1277695839320158,0.017644060080288262,0.07067758949590659,0.06396153464685701,0.14812362449863392,0.15949085745861138,0.15579164239516954
0.13480013431820448,0.16683276429566277,0.12028813969935674,0.011422178480746429,0.06731386461761123,0.06380665810302277,0.09401708775561862,0.19619481767351724,0.14532435505625962
0.07623107690999424,0.12613667259654385,0.08714200570261861,0.29001995227485233,0.017779860469556638,0.14475455298538473,0.07286402223642663,0.1456078439276901,0.03946401289693289
0.21640692467502468,0.10057156341071803,0.11008495291769425,0.07283976608049346,0.011971091231505393,0.0900248141432582,0.14530838553292816,0.19397389119077993,0.05881861081759787
0.14404324249583259,0.13702418527981475,0.11162176016987384,0.07024041370542962,0.244887264762678,0.04719205251685129,0.073067619275837,0.0760456272982036,0.09587783449547917
0.1776498462412179,0.14209236672049586,0.12556383864931114,0.07531842313926736,0.09350020952015954,0.08433787194109195,0.09930420963006648,0.14877327196098666,0.05345996219740312
0.0941198043916786,0.22168352922120504,0.1113079831921322,0.07286130029582867,0.07536814097452929,0.12113335796039208,0.09084191706425641,0.10422979027217671,0.10845417662780106
0.09666258285922803,0.203011189167132,0.12441101925914833,0.0896803522752478,0.06256441681780057,0.11394322921643257,0.09732865528056413,0.13988217045730908,0.07251638466713746
0.06726867871316823,0.16729418980911412,0.1094473388702119,0.0005740537383071287,0.07345445055697039,0.14098674503267536,0.07070987198766465,0.15812409868733138,0.21214057260455685
0.1514511912697026,0.09994741280241355,0.10272183156856007,0.053140483223248845,0.17926049070834282,0.14948915808985128,0.0757517081238317,0.05022712391879942,0.13801060029524967
0.10978188517763497,0.07982826239407707,0.09245181040104683,0.13318184918361062,0.03104062702281273,0.2927983199898582,0.06920917176295906,0.07850892897268047,0.11319914509532002
0.11372026695233366,0.11506764832653597,0.11137701855142829,0.03735468125373754,0.03882746335453525,0.277608070784381,0.12038472570375346,0.09156698896437591,0.094093136108919
0.1526371669103108,0.11731758589892065,0.12625281063795699,0.21129164312439766,0.04139383625381501,0.06308406601291387,0.11054188746562876,0.08312536027403834,0.09435564342201806
0.09655789312363953,0.25526879568521915,0.10209506195268221,0.014449989980785038,0.0424389519266641,0.22276293053112228,0.11522927684168356,0.053698555629397855,0.0974985443288063
0.1213802516397144,0.134800663263307,0.11697770764957856,0.012363273914214578,0.03026237861400191,0.059792791152030726,0.13853657933020544,0.2878912162472844,0.097995138189663
0.1507175148222804,0.07184545055493309,0.09981333061185149,0.24534308082040854,0.12620196253057256,0.0677782745905988,0.08783777365760126,0.04689567633249401,0.10356693607925986
0.19466978718156722,0.1384967171877947,0.12691899644814483,0.01905213598727264,0.09459982887818852,0.07263821506135339,0.10762208737213859,0.1447344046344878,0.10126782724905231
