0.1869707360549362,0.046247087533119714,0.09906776206568202,0.1605709211150834,0.08650001799251945,0.07118564317846635,0.10072481695412544,0.16861841137294112,0.08011460373312633
0.21734375850312068,0.02722828287900379,0.09879256536799737,0.199949650364752,0.07331636033021803,0.07897439151600912,0.0965042813069125,0.12034168424026016,0.08754902549172637
0.08275467999591059,0.09885764954972139,0.11618237506462303,0.08742734274213111,0.18406295205730358,0.13344079559569477,0.1460462749245243,0.09316902679760919,0.05805890327248192
0.10951049179745077,0.040281289295408494,0.08078616904934842,0.17547360582632454,0.06341341211170139,0.08296069013726294,0.08852930545853693,0.053969510025571134,0.30507552629839546
0.0755776620337987,0.20028228522663197,0.1387282227541117,0.06717851132102516,0.1319436957666798,0.1845416922636994,0.131464221895785,0.06277746791846617,0.007506240819802072
0.12603039620101175,0.05618885664461948,0.10632020570001077,0.21750219773953372,0.08479297038059036,0.1063198513174665,0.1046725402039589,0.10994258104231841,0.08823040077049016
0.1428371265493943,0.04401735690653961,0.136602351889528,0.16526079507362115,0.1008821826324345,0.0661978224155153,0.11038320363561305,0.08217817397264861,0.15164098692470554
0.22159461249012935,0.05473049843598182,0.07453325644450269,0.11850629802096697,0.06411827396403669,0.07422736148990532,0.08877544561826256,0.020237353072894027,0.2832769004633206
0.23105509982288827,0.04636535337925162,0.09896186199079504,0.17175097962628105,0.07015569779557125,0.09603920872271533,0.09946285804358483,0.12820902604596676,0.05799991457294578
0.18662468753684572,0.03313701119759985,0.09651385938407357,0.1677352840958941,0.061633472467663715,0.06836821397569266,0.08378828768438264,0.07479315809572466,0.227406025562123
0.24437337130807257,0.05534514167352637,0.11020134023512584,0.16980446434448804,0.0883926515839955,0.07078590992413587,0.10561760432472626,0.099517046825028,0.05596246978090156
0.23093200955112878,0.030995215250104114,0.11423861967885511,0.30152580450554417,0.07172366327266148,0.06125113367874158,0.09021003394321554,0.04527241199701354,0.053851108122735615
0.08099798898635098,0.08191060046569336,0.17333707661912326,0.05422223236467263,0.15006648671312964,0.1348699150971432,0.13522903899763702,0.16417796740186769,0.025188693354382282
0.04083244798113566,0.19997850066981152,0.09186303957553636,0.04186226490973185,0.10548743952200092,0.09727838960029726,0.10207591451117104,0.27846093791516274,0.042161065315152596
0.148177521803027,0.06146424753207321,0.13868123190562534,0.13963395621503716,0.10131944020720547,0.12136966431686148,0.11586253532097997,0.05886090857145507,0.11463049412773522
0.1014783005423587,0.3193554105741326,0.09330967335585845,0.06813498917821319,0.08409478955548277,0.10557220832420383,0.09998047203234688,0.06324567671618801,0.06482847972121561
0.1254332769608366,0.03597389424839104,0.0780013330400194,0.18659434541568198,0.0822451899793233,0.08798634955778512,0.09383211122401426,0.1957030790464683,0.11423042052748004
0.100192635017454,0.17635547698589338,0.1137662358905856,0.04057724966448955,0.14434833201565936,0.11309030169568242,0.1279702448584179,0.15602619235275186,0.027673331519066008
0.05912997761112134,0.11632242276516523,0.08383871193029013,0.08328112239815331,0.08073069548787071,0.1504279179016177,0.10658179804315367,0.05097435800692333,0.2687129958557046
0.07910331143344168,0.06497671956815647,0.0520487774447835,0.27024951453848983,0.04706036048367166,0.034232414674974836,0.06603108022971046,0.08838877664163457,0.297909044985137
0.04018791568542527,0.28594214911536897,0.0791156376915831,0.06896527843076572,0.10294780576020131,0.09650679226971892,0.09424611542216159,0.22347084834259054,0.008617457282184668
0.17256858092505042,0.03601576737013734,0.06797811760500394,0.17219666655452234,0.06484540020382634,0.05017356153876721,0.07732350519163099,0.19266505827332767,0.1662333423377338
0.20751598577038818,0.03669585506163603,0.10290047990747697,0.11901545547593906,0.07599311563932143,0.07764260585227134,0.09227761198408842,0.028928285050366303,0.2590306052585122
0.15336169116471834,0.041901545395880396,0.1366309698211946,0.09490916615256538,0.13377394083223162,0.1113683666683725,0.1299782008921961,0.14659892585464399,0.05147719321819702
0.23372040536141472,0.035540308341261206,0.07855357140490991,0.11112320165635525,0.0779583333780919,0.07463087640484112,0.09558892576665452,0.028729441108830436,0.26415493657764105
0.21899098963120744,0.027302888481646043,0.06677306165261979,0.11872538968237566,0.05619707631399873,0.06747090646518834,0.07599367907772597,0.10711245519941938,0.26143355349581876
0.11491253091844966,0.089863223047375,0.08967190757588504,0.12958967854020587,0.09618225507479111,0.08280201007922984,0.1131451367214209,0.1280916842514291,0.1557415737912135
0.0659766633219222,0.04546195484487018,0.1114644039868994,0.15305017547526284,0.10880689278016913,0.13183781727707525,0.11602289152857208,0.1963928929451181,0.07098630784011091
0.21722317418363488,0.060141186988685195,0.11790145384320672,0.13589813482153962,0.0965327096798726,0.09996841762378765,0.11509342618581679,0.05046823553405147,0.10677326113940495
0.23718937224427042,0.0181875124249745,0.0791771048856429,0.22253253134279696,0.07622327717991847,0.09404823200286515,0.09155560667006811,0.046156977414348564,0.13492938583511482
0.15397498882062535,0.013535064205145794,0.05776656209424793,0.1918178872100067,0.04974157199904011,0.0381749227415092,0.0659532191303799,0.17595730114375918,0.25307848265528593
0.106688604703966,0.09929697370471502,0.12053052844985535,0.09350812464327356,0.1224692256748241,0.12544103187896175,0.1337231219928582,0.15148437203387083,0.04685801691767527
0.09315978018928577,0.20175868713509804,0.14780299483596507,0.09396302093834165,0.11171773198131223,0.1419814977931143,0.13388852860444908,0.04443543412584927,0.03129232439658452
0.08247981401196976,0.12122808968916993,0.10278951339146125,0.10423509954050049,0.11931435174232108,0.17820583289266156,0.12777358319955492,0.15200617966034713,0.011967535872013923
0.07446672539022368,0.08855015128669481,0.11875941390426992,0.10613806664213193,0.13283854932892014,0.17433749966898082,0.1346126938401586,0.13471706439592548,0.03557983554269462
0.19800853314743336,0.04474632439144111,0.08192186610884866,0.2592833284395247,0.07701753622781814,0.0711799410783565,0.09448205171305644,0.08234122945008963,0.0910191894434315
0.21154554704533327,0.029562830062583968,0.08942152924366958,0.27795103012883776,0.08856076844763268,0.08050800435432069,0.09874059077158259,0.07546331088090573,0.04824638906513367
0.16852333836544284,0.028947459912709753,0.0815859222807897,0.26460706332427164,0.07442246460831968,0.061535019614763764,0.0928226075900692,0.02814519036890961,0.19941093393472376
0.14183143207999904,0.037633181129119835,0.07016619855079294,0.06671405779660473,0.06622578816366707,0.05421178316735381,0.08905816278834784,0.07473953468702037,0.39941986163709436
0.07603310169544998,0.058874462155157424,0.08255769390428101,0.31930576636386476,0.08465505088032958,0.0864070345583575,0.09735460469801223,0.08498423380206636,0.10982805194248114
0.23097780941443222,0.020294898681600688,0.07544155002749267,0.13899441524334055,0.07338700685939502,0.05492087870018753,0.08877483787278329,0.08186060139633948,0.23534800180442852
0.1913688670448375,0.041768412441907515,0.09427390538323172,0.23681640319340444,0.07795170803484182,0.11230280721838391,0.09605777010382238,0.09826658098992043,0.051193545589650315
0.06608930339415786,0.23963468183346728,0.15468839232095022,0.059807959162773004,0.10051695147272958,0.08330419686891498,0.09900693556648359,0.19051403788733764,0.006437541493185872
0.10035521057945242,0.05668591556742806,0.08136127934438375,0.11680499633666976,0.10212735295855069,0.07987514737588039,0.09809051082972302,0.27284934626854895,0.09185024073936299
0.11063301983996006,0.11833969410658161,0.1419370604377825,0.11244508275185221,0.10649852631692218,0.174990444656292,0.14082429157734444,0.06498943651161827,0.029342443801646755
0.1221072902568228,0.07151626436521187,0.11419105113841244,0.18916517133666655,0.10571905818032383,0.10701480394666159,0.11861083269806066,0.07071807190281927,0.100957456175021
0.09724121835843279,0.1926328643463775,0.16162910719447518,0.06934844754432737,0.10195549110604489,0.10798303071199007,0.1250937819038265,0.09617156694677348,0.04794449188775223
0.1740960586148884,0.03907039711743871,0.10308401279612579,0.17145487496766698,0.10296119753541459,0.07955142563900462,0.1041720034175171,0.029405683791504253,0.1962043461204396
0.041711053541162446,0.2689152066105071,0.09978488387872862,0.08732965678591743,0.11044721273938755,0.10420017859781823,0.1191261410462008,0.05285950981554552,0.11562615698473228
0.09273427085148032,0.13195532029201273,0.09791736648234411,0.09355666472259512,0.09472725947410136,0.09998707079213481,0.1009133589902461,0.08820230009928225,0.20000638829580328
0.2025469488938456,0.02693227858732847,0.062060032488461175,0.25643899392187447,0.049521354031268984,0.04582875013912454,0.06738021174021722,0.018479002277494484,0.270812427920385
0.0874535075525354,0.14727241235663838,0.10687543923035196,0.08104687470410826,0.10564516138346262,0.15691242221475066,0.11873803582591924,0.12799827063902702,0.0680578760932065
0.17369760978814527,0.03158268330478468,0.05489839413387837,0.23437483084363706,0.05150403777704989,0.03835450940573829,0.06710385351187015,0.029100999778161236,0.31938308145673505
0.09269630202300837,0.07713819571697887,0.10948329128160901,0.04626983408054076,0.16088649986640025,0.1063726691285405,0.13700516151723077,0.21498247198179418,0.055165574403897306
0.1557077568774947,0.047102209582989,0.07393030588023015,0.2442706036938559,0.09806183554016396,0.07948555296224967,0.09443790623798166,0.010103107390030033,0.19690072183500493
0.20345583316244223,0.051655932660271166,0.09594887026586703,0.1915064480886661,0.0884061800458011,0.08951013117564588,0.10809908094585362,0.04098834281339047,0.13042918084206237
0.26467831737605224,0.016225017259543027,0.05555301757333226,0.2809150287602378,0.04401089388279241,0.05921370419308027,0.07028076175586336,0.014727190972338934,0.19439606822675967
0.10466012665167823,0.034221351105343835,0.07049257806175709,0.11511159728968177,0.054308926948668956,0.05700654239859007,0.0756598624925718,0.017380911049904992,0.4711581040018032
0.16671093063194523,0.04750309685397693,0.10336943438320208,0.20139059325150574,0.08071967281680482,0.092495014096799,0.10380863231968096,0.03944977594315304,0.16455284970293219
0.25008856244257743,0.03540189337011598,0.10732408120921677,0.20744603873881715,0.11526402771686861,0.07694047634215793,0.10777515796474846,0.04983483485234184,0.04992492736315584
0.03229492177435841,0.16458216768098763,0.09213717042046356,0.037397880342332955,0.10474604015070693,0.07111454759201173,0.08414923474050318,0.40374867375598655,0.009829363542648926
0.10577793362408544,0.07934832876097356,0.09544706868953567,0.20502792636092515,0.10604159130643175,0.1254338412814235,0.11162510804098602,0.135973029171358,0.03532517276428097
0.12013570449419127,0.059035652356615766,0.08780930871569774,0.20422012086391064,0.10023119103198495,0.12889555804925013,0.11092326985251753,0.04416259228368615,0.1445866023521459
0.056271602198100144,0.16541377593927378,0.140966924551516,0.048169680189008184,0.08751060199422256,0.21421996355839867,0.10853571671296576,0.0556806061296564,0.12323112872685853
0.16857513557235024,0.040716213696923374,0.0700335562514109,0.3264016729773089,0.05653090585413534,0.052838727696760145,0.07777766663948778,0.026726378562653873,0.18039974274896942
0.24254272870707705,0.02321521567904068,0.07350400358064339,0.1658521282025566,0.07099868654937778,0.05064916988871576,0.085466680134267,0.018343305989118174,0.26942808126920365
0.28555601559144206,0.021465230557251077,0.08486684688154435,0.1861408614774077,0.0645199407698317,0.06661002624443749,0.08467406903339271,0.0915817018305023,0.11458530761419068
0.12196409830394028,0.10021563559035519,0.14312967281532096,0.09679652390762016,0.11096735497846189,0.12365527525832724,0.11889172558226113,0.15785983296478848,0.026519880598924614
0.10438066452994309,0.048943733780617886,0.1262709773980948,0.1856301193913842,0.09199744887664973,0.11188684952277671,0.11647648978886412,0.17814809959506625,0.03626561711660328
0.05669855158486851,0.2742141943273886,0.09801945630529675,0.08337589437618252,0.12944439800106372,0.11106384739871179,0.10822128907672114,0.1199008616820056,0.01906150724776133
0.1231039854986145,0.06407858732921326,0.05729272852952707,0.10615416174371761,0.05237256536294638,0.04744774531817133,0.0714753809142473,0.07770337100993503,0.4003714742936275
0.17443727309705678,0.035631294966150286,0.07604793168301177,0.1982707718794189,0.08498425843209494,0.08962712531522184,0.10373934105227671,0.05718799284919348,0.1800740107255753
0.20378017917427224,0.05263805796945123,0.12330143666257927,0.13501348932521232,0.08825762990180125,0.10076901643853609,0.11293078714745096,0.09537767010348691,0.08793173327720967
0.17649840098031136,0.029429614595627915,0.07494399334670582,0.2703893946677381,0.07771746431484387,0.07099977672742996,0.08937353961082249,0.026117395375235126,0.18453042038128534
0.12841292713327343,0.11599872342664867,0.1451154485430672,0.07404167451010131,0.12225757112849633,0.11432115221381495,0.12297827224746904,0.11916930608494973,0.057704924712179306
0.16486641218317688,0.05772701541466579,0.0880736239235496,0.17608159871395226,0.09615632718958227,0.07159428181888146,0.10501108085506007,0.05259668971688677,0.18789297018424486
0.11666816099981649,0.05124214939287669,0.09476604970901925,0.2884911942598625,0.08636457015076655,0.07897021271551069,0.10112114361841752,0.016304563712007808,0.16607195544172249
0.049534509018706485,0.14700567385767013,0.08929788891855335,0.09688122670542261,0.10955336324895448,0.10698844228708008,0.10487367327302877,0.28085299029640737,0.015012232394176636
0.11651646177709024,0.04148803671226557,0.07704791941004249,0.24260982458294064,0.05594392059033246,0.04407026581181994,0.0771653565367807,0.1465171089607035,0.19864110561802448
0.17051578588700575,0.07112556580777785,0.11351534369358755,0.0717841749248313,0.11208809196756335,0.10329264165859788,0.12150458631682366,0.06182444216900337,0.17434936757480932
0.04515728081329908,0.06675166137682942,0.10299411795981171,0.2438447432928914,0.08457936904496145,0.09882385961229212,0.08582761736447196,0.04189215709086544,0.23012919344457738
0.2670460176248775,0.03355755318174845,0.07824410639813904,0.16663990783277957,0.05532433069609973,0.062330309409986816,0.08138040593145497,0.013925362095608478,0.24155200682930536
0.16578494286771028,0.030348039547966818,0.10913144192253106,0.17773659902994732,0.07869336808825204,0.07426069260581261,0.09592340935174892,0.008545196212911993,0.25957631037311896
0.13995470841723912,0.02968466867742696,0.11160699511131182,0.15516256127117262,0.08099092092487646,0.07703511715308063,0.10507646948356482,0.1437336862541805,0.15675487270714714
0.08181655664272695,0.08909442804123831,0.16144955093560578,0.09513620437585667,0.14066350286063456,0.20930625536911376,0.13664481054386568,0.07273237204432921,0.013156319186629073
0.06529280487818674,0.16392945567737144,0.13585482328754464,0.036143319268254114,0.16922435759927432,0.1468086658992999,0.12337963993041516,0.10794448769782279,0.05142244576183084
0.07511655487385911,0.18536893728744339,0.11763224762147066,0.07286924068447605,0.14834859182966995,0.1614718749523715,0.14581504176862106,0.04964785033656124,0.043729660645527
0.09356036186810306,0.18681115595598197,0.13560910474143098,0.09324169994833227,0.09480200447004504,0.20768442853117475,0.11526088223516012,0.0183341330298094,0.054696229219962506
0.1389539440617493,0.10018037389304874,0.11736072756623045,0.24305850745157978,0.07860620973686178,0.08075460204118902,0.10849799244603131,0.05118109207531562,0.08140655072799413
0.09184971686665443,0.0363381707300968,0.0660338663526346,0.24419139600080997,0.06391376245410701,0.04847843723195194,0.07713283403582057,0.022569843082654775,0.34949197324526976
0.18072046657448815,0.03888798587380406,0.11057985157910406,0.19858113816189518,0.0970328255978447,0.11297292324134195,0.10718858271329357,0.03304782042033349,0.1209884058378949
0.14997471353251365,0.05303673300153142,0.13303631183594927,0.08043596912621388,0.10455196766192675,0.21397502502559718,0.12165171397133219,0.10349543693355877,0.039842128911376846
0.18956284981913674,0.030947323363453978,0.060274923829645354,0.20499911116597022,0.06237800071212385,0.04064611684930831,0.07950697740786906,0.029201044935036544,0.302483651917456
0.21832628097350062,0.019388133078444354,0.07506697407418383,0.23123014760828853,0.058226090868250646,0.06707353532582423,0.07593134487748116,0.009349639149140472,0.24540785404488608
0.20876125183407881,0.04399802614591894,0.07391242355068249,0.21394485123786902,0.06327769217791046,0.06437746889469896,0.0885937681046237,0.023414426119612104,0.21972009193460548
0.1807203724612559,0.04980716054899436,0.0882379562885014,0.08500310899042873,0.08997529703390213,0.09010872736903404,0.10838334110424269,0.025954333686739228,0.2818097025169016
0.08619359819425167,0.0928537732135667,0.11847637119541732,0.13377639838598826,0.141671547914429,0.15605418059242085,0.12483411195996041,0.1164154987558861,0.029724519788079717
0.14604585079866292,0.08258291574910738,0.09087170472729478,0.14466884549058914,0.10653850284078174,0.07081080175274578,0.11481056903747666,0.07787017855343409,0.16580063104990747
0.1694336737314388,0.10379479128285474,0.11080859468982485,0.18868483923819324,0.1097154310237529,0.11729317547007949,0.11430126822687788,0.030731604297591197,0.05523662203938693
0.08992262211318858,0.16800079028837747,0.12103458601456325,0.046595686339248495,0.1223805426485302,0.13071771785116743,0.12041148143266706,0.056247832919898266,0.14468874039235927
0.15079069206807785,0.06804819353360923,0.08484210598276616,0.10227291625170555,0.07219289583078303,0.07212964644290072,0.09338111328480496,0.08313335135034389,0.2732090852550086
0.16460161820457955,0.07557854946766998,0.06971217050844934,0.2898417454042979,0.06320311828199586,0.04956772822719744,0.07987294165583757,0.09252531950597852,0.1150968087439938
0.2548256544972197,0.03517281833242794,0.08537743907041591,0.13408276148771983,0.09650602470420379,0.08458954068130492,0.10327393070689089,0.024746219807818215,0.18142561071199878
0.17996163968303033,0.05482244458516172,0.08851558427936951,0.2517394027811044,0.07701453989140587,0.05645267208896312,0.0969746343762045,0.04389462595517773,0.15062445635958285
0.08221178974527694,0.13362007053738686,0.11988173216012316,0.03524707584214822,0.14025238081023414,0.14343403191756884,0.12739489074562196,0.16267467110330838,0.05528335713833136
0.12226674411849964,0.08519514376166083,0.09919532382041861,0.22874798854549258,0.08507329769812305,0.09062985718448163,0.10154741155270457,0.03225064296469658,0.15509359035392245
0.14081914286831482,0.07655534891527875,0.10188892995229486,0.10460664416943105,0.1017940558451023,0.11581374788943517,0.10660337466722176,0.11388046932036855,0.13803828637255283
0.11128052840430885,0.06952882612844626,0.1673210067206176,0.2605341205621097,0.10040514909953895,0.10864261576935323,0.1134248212763312,0.02906301322070688,0.03979991881858738
0.07221514536119213,0.1901743131856718,0.11298329082276314,0.03188648545286469,0.13976949830702068,0.1103780244762121,0.12321405661385913,0.13438813349756862,0.08499105228284774
0.1927580062862723,0.06576539022311886,0.07992914442958758,0.29511653692025214,0.06229496633651118,0.06922893912347294,0.08841139616533804,0.04237166345339647,0.10412395706205052
0.1885110180333273,0.03728974226675957,0.07179553800469625,0.1355791674160739,0.06520482575142916,0.08102739554131178,0.07657132124871492,0.019956590979914614,0.32406440075777243
0.11379263222702184,0.02926873192277886,0.09529772035325186,0.16270140052303764,0.07862085995680859,0.06432099941364865,0.08555832415807925,0.242341194842319,0.1280981366030543
0.07060724186395656,0.15437025335929352,0.11217913988989525,0.12700965098199204,0.11575097368556304,0.16781322116129735,0.12536234487719572,0.07930998744794114,0.047597186732865386
0.07990099760623343,0.1479512987932927,0.17791517747710703,0.041834972074066445,0.11286872686871109,0.1770738150172632,0.12324812741547846,0.04727927886032477,0.09192760588752287
0.22658829737682185,0.04407190355056528,0.07190992544941249,0.1842775374102269,0.06318488765479068,0.056888167814220514,0.08134762532363805,0.05242419851922164,0.21930745690110265
0.13701239003991675,0.04798895428803459,0.06552676400413411,0.17308322554811864,0.0620741766396953,0.04837013755732972,0.07533314908451093,0.03137487994341932,0.3592363228948407
0.06518920605869959,0.15350501238289652,0.13983414211710812,0.11351562129200775,0.11978858502566563,0.12264494759838525,0.12129660790079938,0.08484287512488546,0.07938300249955223
0.10708860421888822,0.04039687014471216,0.09906815638874972,0.12020505964289008,0.1104898254258121,0.09427600002222501,0.11207165439336399,0.07324799057136681,0.24315583919199193
0.07222875489618412,0.21280311603972665,0.12982027161688756,0.1235489224927498,0.10856424663761788,0.10848497540253926,0.12240652555488535,0.04218031298403067,0.0799628743753788
0.1085607440106463,0.044959760268579896,0.06108182075231556,0.13433357130180693,0.06045568230556814,0.04720753264123261,0.07921214472027524,0.04597970204232047,0.41820904195725483
0.13337640514123214,0.06565343906768835,0.15180991214755366,0.08229474578574987,0.09560459676950155,0.1307089143127194,0.11515801419348815,0.029681329122027044,0.1957126434600398
0.15996402418945743,0.04501865393948749,0.10822721835322731,0.15289094786831134,0.10953018842663502,0.13448358484949072,0.12373834359508147,0.04897839502938883,0.11716864374892046
0.19045943231030324,0.05482233695077299,0.12597167930480455,0.16029022760878972,0.08878403777184225,0.10165641255284047,0.10153593384637405,0.038197339970273636,0.13828259968399909
0.0760453473646704,0.1680288185504206,0.10480763078418805,0.038273833975848374,0.10384667957281002,0.1115528605583746,0.12315997390899991,0.24341691484052544,0.030867940444162478
0.14497132221928352,0.07066085931508655,0.12993684406676023,0.1785534808051661,0.07900830730334539,0.07457362737174546,0.10663931744383788,0.021925902308540707,0.19373033916623408
0.08941170580899077,0.06035873918128556,0.12439266457188569,0.10291210444067811,0.088651307843215,0.09183838598150029,0.10846927132061407,0.0752999039349543,0.2586659169168763
0.03674859725694923,0.16614188354406356,0.13756952895147592,0.062113789696465325,0.13514958576214472,0.13749901884937207,0.11556588991803074,0.15833496100697908,0.05087674501451946
0.0607493173538664,0.16250485323127795,0.13653163871832288,0.04306562034219916,0.12421822183739921,0.11422635578614275,0.12433819619268464,0.14935770908200488,0.08500808745610205
0.055490740398919956,0.13791924481618742,0.11410992643860123,0.06721544909699032,0.12908152171780382,0.24659176132753968,0.1259002507190529,0.054142901039220405,0.06954820444568424
0.11081054752545434,0.143239728713079,0.08619301725940946,0.1947683159907124,0.08519322847094553,0.10853060372933528,0.10798662145020803,0.05022924533417197,0.11304869152668397
0.09364404721651422,0.13018144132637136,0.15373377704256808,0.07748765881292369,0.12473423309187352,0.1457229936450244,0.14166286796936237,0.08186866009742143,0.05096432079794098
0.07323357254345175,0.30694716431089075,0.12536431091718747,0.11608837978517306,0.14408215982096903,0.08997485352793261,0.10904102508223644,0.029520979045930127,0.005747554966228855
0.07659805419693712,0.1281834477050516,0.1310471166827686,0.07110734129667733,0.1066024471410848,0.1345372037021316,0.11602272881909792,0.15064642389134472,0.08525523656490623
0.08500369511122191,0.12510415300098077,0.1299370778696198,0.08280492314285336,0.13474748898442196,0.16264018677773598,0.1263188795510602,0.09589453762295219,0.057549057939153846
0.17016387266721555,0.04374480379423599,0.12104836879501658,0.14370465143352293,0.08685340053015772,0.08441846875509947,0.10734561610622399,0.09189835665735353,0.1508224612611742
0.13749571298156468,0.04422506919431415,0.09728694389581476,0.27449112395018543,0.05596278545088728,0.06820411346467008,0.08396731250191185,0.0696878972324666,0.1686790413281852
0.16283784359340733,0.045452565665851465,0.09309569479551438,0.18746452080671286,0.07383226833711458,0.07482745381153012,0.09461347222162597,0.07155124744536488,0.1963249333228784
0.09164780451846394,0.08889028311331021,0.0753892706697708,0.16353478054742207,0.10239186531838833,0.12342398275360315,0.10659324259546876,0.03533819510820483,0.21279057537536794
0.06359892089551655,0.19749564510054837,0.14464710007173096,0.09036279427224841,0.10887897564583415,0.16880675573418016,0.1239750109335177,0.056589804386551645,0.045644992959872094
0.21864914661888515,0.053997086991681244,0.0816074224492749,0.23991907782569025,0.06489307854480938,0.0803944902012489,0.09830367582630727,0.031859727788000565,0.13037629375410234
0.094881249881363,0.0840310708276882,0.12203067069475204,0.09536005381227582,0.1261916444949626,0.11160953461616675,0.11728469845963668,0.18504822171721771,0.06356285549593717
0.20764039920038468,0.03081810492304644,0.10090789247714621,0.17476342009261592,0.09837572530338573,0.07941159073536541,0.10586323621628585,0.07452394163462318,0.12769568941714649
0.18583839933555626,0.05740757703688454,0.06542306392208404,0.2038020166257916,0.05604365902915976,0.061328122296200736,0.0727803302770823,0.010114985052623154,0.28726184642461755
0.19558057905273962,0.05663017243056964,0.09735427700036488,0.1290537202626564,0.09803487950253735,0.0791635254524716,0.11255873619453984,0.059874660745707985,0.17174944935841271
0.21633435943249624,0.05297616667969416,0.08483657210858135,0.13404061455541239,0.06538639114995794,0.0643343134896153,0.09400491362954115,0.13531839519798058,0.15276827375672095
0.03992170367766443,0.10410770835618395,0.11594503380935044,0.05120074381437942,0.15558014248139254,0.09215646462597361,0.11587952209805423,0.2781685731692727,0.04704010796772865
0.2656703024548022,0.04630759151154421,0.11456774828845045,0.1503091431847483,0.11312167659840762,0.09241054351629595,0.11517544360666704,0.02034813859917069,0.08208941223991349
0.20521578483834316,0.04476008192834621,0.09519316585365158,0.22654260139024374,0.07972999207132835,0.07441894780562305,0.10073760868854248,0.048789210112519944,0.12461260731140156
0.05927740137357047,0.13180539520262116,0.14662183029405287,0.057176803772203945,0.12341580214519154,0.1318210941263871,0.1241482690615671,0.10726229241568315,0.11847111160872263
0.11314189200942933,0.10601569562088803,0.16900615157228693,0.0702558871301043,0.1095649015529488,0.1874218426064096,0.14108854238203675,0.06326627311452766,0.040238814011368584
0.14867611825443405,0.02485715623163182,0.0592761839951092,0.23758507914216417,0.047885136044801456,0.059921304031194056,0.07069302419836579,0.13233541586079262,0.2187705822415069
0.11112254557894839,0.08737191221957763,0.1058715165329165,0.09123771303427082,0.11492238678986805,0.07918967559415264,0.10379814992262,0.01218176634505367,0.2943043339825923
0.0646477246639191,0.18499715849487497,0.09530134810937112,0.08960814089322545,0.10257545816144632,0.10488976883217939,0.10917028446947565,0.21524620587842525,0.03356391049708267
0.200086585340558,0.09066391957771926,0.1019401944087801,0.10002684605450456,0.10990063911134623,0.20048143711660274,0.11970260284135736,0.019780011851133636,0.05741776369799806
0.06497151048816459,0.09378791351426606,0.11090471940881047,0.08303560962639081,0.14081890245957707,0.13400789964727297,0.12822548717920768,0.10052679599359983,0.14372116168271046
0.1207698745584419,0.08186582228365909,0.09680199848369357,0.15417646845492064,0.08304260003416739,0.08952779148331463,0.10262884238156332,0.04201761293133686,0.22916898938890248
0.07801693410574688,0.16027675823683907,0.10227348400418634,0.1932987134352038,0.13540586145219177,0.121804866003335,0.11832479238320388,0.06649051206937104,0.024108078309922277
0.06075186419233888,0.10086326880888989,0.12503487340227298,0.07630956726764544,0.137115632537081,0.2453495797270295,0.1272479698583109,0.061376139647755346,0.06595110455867613
0.11906282572238307,0.20903510520353152,0.13695024958613997,0.07902948242722928,0.12809525445773617,0.13183526786635522,0.1273962651405387,0.05123835781158829,0.017357191784497825
0.22614310574226523,0.0226497059332332,0.07795933071700874,0.15971849245535807,0.07796336139769372,0.0680533260297064,0.08116357670861653,0.012849939568753488,0.2734991614473646
0.08991179701447195,0.10553367278730086,0.08211430882515779,0.17916149764607514,0.06543172132229778,0.0921860832089325,0.08556037535603063,0.11454057994894747,0.18555996389078588
0.09170928040660954,0.1513811604405226,0.16951890161378222,0.0760438582324386,0.12582741765883862,0.09474494813537078,0.13700458559850187,0.09192553098219403,0.06184431693174166
0.050231816742935316,0.10536582396052968,0.14284893501405352,0.0670235977574394,0.10867166783084624,0.11844740388912678,0.11252430981377581,0.22592615929687443,0.06896028569441878
0.07036709020105564,0.1579029444603061,0.1487830828951118,0.06905323138049836,0.12213421328316254,0.17696043675795547,0.13265974903430336,0.0763811854508443,0.04575806653676242
0.061951933763485297,0.25835811687283194,0.16236515696546214,0.04842197081297008,0.13219958019267952,0.1089521090753028,0.1248357939711487,0.055749580704054134,0.04716575764206533
0.07427159931447191,0.10724501692021869,0.15551968002863104,0.05663856595441804,0.15338066910549195,0.20660555252305027,0.14124080680897996,0.04350282153774204,0.06159528780699611
0.12608517172898853,0.0907098200051355,0.17429405446593058,0.04999035333391486,0.13167584414836112,0.1083101008393443,0.12892663647284627,0.14954074695206598,0.04046727205341292
0.05885175068840256,0.10057168862344475,0.09989294489998823,0.08970305390137778,0.10837366511162688,0.09812625395372924,0.10360064294738887,0.2977664077183726,0.04311359215566907
0.09692786519038525,0.049848434374930854,0.10285908895498184,0.3261203402302957,0.08338230851316442,0.1233326181897005,0.10038189322496256,0.06314640245080552,0.05400104887077336
0.10212437622498789,0.13332041354103583,0.11712410843733229,0.08750267263577731,0.1180284155333748,0.10112547151761285,0.12530038816333475,0.1738745160149602,0.04159963793158408
0.15853317209597817,0.03740672572343102,0.07084484299004155,0.14036683369998962,0.08125774151241498,0.09686818474977958,0.09527724019319539,0.050431485497448414,0.2690137735377212
0.08989028003051876,0.10311278525830275,0.13276171351078683,0.07734210655953075,0.12435808931835197,0.19760248164969418,0.1325298283144811,0.09974376705914112,0.042658948299192534
0.08567560512481054,0.15977219010612678,0.12776894010453022,0.07521926954616533,0.1151298104946026,0.13560273087932775,0.12015138453965639,0.16037364051655487,0.02030642868822558
0.2143112967348436,0.044618483977138385,0.07733256452399208,0.13099680226539148,0.09358068869889569,0.05688610707853575,0.09223856044838351,0.021310349086253996,0.26872514718656554
0.11779905336109875,0.05589780411900188,0.08795140679613293,0.2639677179270483,0.08388556852534045,0.07917550455859858,0.10098583453726116,0.1078218198639493,0.10251529031156864
0.14586972586882227,0.15971422270198987,0.1254938474262953,0.057769768558849965,0.11739709355606985,0.10888316702406525,0.1153492043202744,0.05986827050754364,0.1096547000360895
0.10602547125928653,0.10811678907987009,0.1472992242071809,0.10009844275599324,0.14061857175576864,0.13916603964379393,0.1380607021734962,0.08554521585653602,0.035069543268074474
0.11896450871840004,0.07347178267593348,0.10900108826338889,0.05949763224977626,0.12331801566797056,0.20114313094504013,0.14251324619125047,0.09018383668734625,0.08190675860089393
0.07165136576867935,0.14142903963190126,0.2252585118211915,0.13238946072522206,0.11300554019685756,0.14036157565638588,0.11838992132742442,0.04928708352984885,0.008227501342489089
0.10505478714202554,0.03370009788670756,0.05148161272782312,0.1521024827433695,0.06542248513653696,0.05786747997238722,0.07427133239012945,0.05394842255411151,0.40615129944690914
0.19759161737592343,0.04900395193680595,0.1104853250809013,0.1816265352485329,0.09710115024181308,0.08514763803086069,0.11197305712195878,0.04258265644390689,0.12448806851929702
0.16789016550938518,0.05329690703598822,0.09227530890487216,0.19120426421703382,0.0890578103591964,0.08438677482773728,0.09940612807220243,0.02063941432857964,0.2018432267450048
0.09390433200296107,0.06249224229480152,0.08374023381536538,0.11104977191379113,0.10161563082212609,0.0868848905180699,0.08787808431756239,0.12677298193546468,0.24566183237985775
0.0933321121979972,0.05079515671323772,0.11317214507663502,0.11769496447323811,0.12957846324996494,0.14293391282328355,0.12577166427655873,0.21505676414461436,0.011664817044470359
0.09192454680895092,0.2578945542000408,0.1163049460485317,0.027616874434213592,0.1360090814237713,0.11008872607723119,0.113836255254418,0.09197201876544629,0.05435299698739621
0.14557702661995028,0.07705493439595797,0.13139723953778917,0.11284081469425329,0.13717325410186418,0.09857857761251093,0.14621573734992035,0.11601818389745173,0.035144231790302155
0.06542473968337703,0.08440100860899484,0.12055661267571303,0.032758372688234845,0.1051624349398557,0.061543319872361966,0.1015124992242347,0.3961778204797927,0.03246319182743516
0.2610996158197863,0.04074041317700594,0.07875819060454253,0.11975918210841259,0.08051927623908907,0.06699234428023153,0.0920690215439891,0.02823235542489881,0.23182960080204404
0.09097945298986933,0.09431239398986901,0.1193104357074542,0.08034861025210989,0.10791949300660776,0.1402353908441724,0.10962632975014817,0.23802401857945146,0.019243874880317733
0.2571922651180982,0.01813902996840182,0.06605437259122916,0.27377010087715187,0.04601046770024019,0.0506492041396582,0.0753095600010969,0.028078744436452276,0.18479625516767148
0.12729058133601945,0.03581789411410036,0.06065230738248296,0.19120911767567003,0.0810200435703659,0.051255300347208065,0.07148349264190727,0.03160167413134884,0.3496695888008972
0.05967876363657291,0.19681775688191205,0.1531212530003934,0.08783356325605152,0.16330797218223525,0.13432964651481447,0.12975690677863136,0.04375574149955916,0.03139839624982988
0.22963776856216625,0.048871089602227615,0.09515427679172049,0.2156697925990622,0.07414709315086447,0.06721575399000891,0.09355521268065668,0.018377820396838707,0.15737119222645465
0.03413456181442725,0.1990913957499011,0.10222598727946813,0.06421545352557978,0.13302575961213176,0.15207557116127932,0.10494745675483262,0.19460943145417628,0.015674382648203773
0.2111150239318438,0.020151533193521375,0.0856254853053809,0.20300311191068618,0.06791900045548512,0.061152093243321604,0.08351005763895508,0.12105744275519899,0.1464662515656069
0.11468770189912064,0.11668541339282974,0.10041962224354145,0.08507823340876623,0.11654251989339108,0.11524592000566898,0.10638096641480659,0.19846621657350647,0.04649340616836883
0.2466407119166183,0.036947539252642166,0.0950704531668252,0.17348771726146026,0.07802181426652183,0.12776152797246504,0.10309605486742313,0.07818776904438561,0.06078641225165846
0.2104399167143746,0.014538512515984208,0.0656537052347001,0.2168917657823605,0.060001766038894004,0.042064711674733225,0.07070793347192277,0.02040751548385913,0.29929417308317136
0.122365905149513,0.10723474560492192,0.08636348027052243,0.2027069359446407,0.07575983843651374,0.061427181704335754,0.08668342494274095,0.07153820615645935,0.18592028179035217
0.20004215418258464,0.018858936241687368,0.08203572875555053,0.2558504745586118,0.06579317576669526,0.08529963156231424,0.08878047918757986,0.05507670646662374,0.14826271327835253
0.19876874105807882,0.03414710113896071,0.06801211561181424,0.2279308762072081,0.06465862292477019,0.05044056863200579,0.086591684619573,0.11758369107362558,0.15186659873396355
0.11438502146498507,0.19991064216878462,0.11233931199661218,0.07003133378768876,0.115874738581772,0.16466466903656293,0.1361143271893153,0.06531838080009016,0.021361574974188908
0.0653601719954371,0.18318770474155552,0.10815259675757821,0.03795506845320702,0.10479873748863723,0.14888924263307635,0.11272631117973857,0.19324380216836712,0.04568636458240289
0.10472432230468541,0.030679785030269885,0.0773502435906287,0.20468159458967858,0.07967595453418823,0.05232356281494399,0.08948848758845986,0.07160769763229975,0.28946835191484566
0.1188710332094333,0.13803275340618792,0.13233986993615438,0.1388531241102112,0.12371570598580776,0.1309627904653384,0.13018233579716867,0.04584423986910213,0.04119814722059622
0.21041046713563857,0.031157995836325652,0.0916735953044222,0.18822171351539718,0.08399903790639644,0.07518201120502672,0.1003810322670355,0.14615454571055994,0.07281960111919783
0.17813478789021256,0.10177017450032899,0.11727875787968182,0.09621894593825786,0.12400942203372944,0.09383970449048305,0.12304809935051218,0.028605915975676438,0.13709419194111763
0.20990251315130873,0.04359422221632466,0.10230138994828851,0.18926678264217575,0.09067439312077037,0.07279860389755848,0.10789936796112874,0.05260025914924719,0.13096246791319757
0.11722419109189221,0.06313015751479929,0.09161022801430352,0.17766116152773623,0.09267331845884784,0.10285390511645336,0.09709720649741525,0.033235176683961996,0.22451465509459026
0.05710709140683896,0.09812545122177928,0.11629078631524502,0.06641129245132535,0.13488824555569698,0.1112182159745505,0.12037509121214003,0.2621963840725825,0.03338744178984128
0.07498988334615539,0.07725560056955512,0.14636066336483036,0.06261304622650396,0.134309951197952,0.08426821581767578,0.11869160561715923,0.2207137675702726,0.08079726628989557
0.07294981006579682,0.2134910290794362,0.12451359145637377,0.07007697996900088,0.14077142145979069,0.15568027125665054,0.12687291232830125,0.07034197005248526,0.025302014332164533
0.12792117302922437,0.18289450825557188,0.16930759650420846,0.052972228343483495,0.11747588100467087,0.12900694432471374,0.12942567171770056,0.057811995317953745,0.03318400150247285
0.09259334681168929,0.0938557985009726,0.12622438463478572,0.18926127094574505,0.09224558000121548,0.09821393549726108,0.11544031769583109,0.07049060189238752,0.12167476402011218
0.2067169749755511,0.06272536314544357,0.07093330299277957,0.14510147806330131,0.06388596386821264,0.0798387031315852,0.08392324842192149,0.019060308146447352,0.2678146572547578
0.1422024049538031,0.05803132651777268,0.1233053796554705,0.16085369061735055,0.06536513075401547,0.07635548021927889,0.09137316601903056,0.038824245401255945,0.2436891758620223
0.07397942505819642,0.1614213070341917,0.12046515799649309,0.09432556060447798,0.11665975894811394,0.1663867597410043,0.13913713851270726,0.07164963468180663,0.05597525742300877
0.19021254744011937,0.04596265877654044,0.07915402699380521,0.2142775692465317,0.07468318839099099,0.05499599253944463,0.08819325621325262,0.0934114052810736,0.1591093551182414
0.14580889707297262,0.0641456543717825,0.07572164631858339,0.25261135118786576,0.07904533373706606,0.06642535213385047,0.09423036281270714,0.12372925110423867,0.09828215126093341
0.04102042446438348,0.32593415273568244,0.11313438418513085,0.046048325124503166,0.08401840029389603,0.11314875877514581,0.10119432403481447,0.1482384706105486,0.027262759775895165
0.24574539866216952,0.040217061093110545,0.09049693835758109,0.058762105453640766,0.0974566559344316,0.07057145217282174,0.1006501366517043,0.10737201573205102,0.18872823594248944
0.10071326114134811,0.030479822690513553,0.07854948336297461,0.0775188633202696,0.07196265392576522,0.07010244634793224,0.07993307734316225,0.020182183839298536,0.4705582080287358
