0.12391232251500744,0.11836010573984322,0.18511138130527094,0.07219812916138654,0.1923972754717187,0.1589765661741672,0.06344130909919025,0.011723447632021855,0.07387946290139381
0.06668650053633153,0.04901126385830585,0.09678247666344005,0.023127516102360746,0.13549997544843267,0.0722950033193302,0.08184352388080869,0.03698099444929703,0.4377727457416933
0.034366120397803686,0.12405337485470234,0.23835739200110362,0.18326631416225372,0.07146903484726784,0.24783351908270265,0.08018338010889546,0.010228236031396117,0.010242628513874539
0.07815817178343172,0.2892831959537296,0.24797797373501632,0.08928905948375915,0.09340992309795576,0.06269280693629557,0.0392395555536614,0.020752974964721293,0.07919633849142917
0.10838241746930533,0.18639981642117828,0.11671469570161795,0.08988348044457706,0.19088356719145416,0.11017080020157329,0.09955044318230251,0.07390451657014109,0.024110262817850267
0.1145000247155661,0.06838999959559429,0.062085896790625816,0.10759129425712764,0.014610103106628941,0.19836576208080858,0.06876062128729186,0.06190089348280579,0.303795404683551
0.09363070217652386,0.049794538419091365,0.4121346060129249,0.03121931645369531,0.3140039988391426,0.03168798224514953,0.017596177062318377,0.048655661503565074,0.001277017287589184
0.048401614141315115,0.17859642368933346,0.03181051188038237,0.09142697838522339,0.07831623167141886,0.06616606663214018,0.03367202642774213,0.029810632720773084,0.44179951445167137
0.12580723267980498,0.09000715661120455,0.06566923972447916,0.1490220459900779,0.28054587566105876,0.09015511678762862,0.12664328240243242,0.044528234662369166,0.027621815480944337
0.14301918324859733,0.025783147141835674,0.06662716168569008,0.2188142690214694,0.06530324081317136,0.18506994002185953,0.11414206511624851,0.06778561619739357,0.11345537675373456
0.06347918085792935,0.1204139907263838,0.12870536072586333,0.03994695401986872,0.07907121672216309,0.04506903880963298,0.08204106031920393,0.01192230786575398,0.42935088995320086
0.23468602873259237,0.018980821900596988,0.07995919058094647,0.05612283083497079,0.07092340077647528,0.06373741550270572,0.16793938111041196,0.21936817751918472,0.08828275304211573
0.08555003632312756,0.279499405776937,0.18344555238071095,0.03306714076843409,0.22666950086170204,0.051468669859271364,0.036211676239660005,0.03294625712941928,0.07114176066073775
0.17923546161079398,0.01494215034639442,0.020711820301403137,0.1115080146940471,0.011426344908972414,0.125876766757257,0.11469014766091784,0.36843037307215715,0.05317892064805695
0.061630718255428034,0.03647500228520365,0.21606212798278301,0.031139698078294753,0.07451064219783594,0.06773336876461651,0.040258166034474636,0.015334512372630324,0.4568557640287332
0.09749216361362285,0.0835726005000567,0.05400199268984401,0.13415078247558712,0.029291760522810906,0.04573833175576734,0.17515039211600247,0.09400973359607252,0.2865922427302361
0.07662650956047463,0.0766370720392422,0.06580639544227548,0.3151100627843442,0.015338488790882225,0.21334081416308784,0.10538716755513566,0.094134918693065,0.03761857097149265
0.058864831130920836,0.20698015790070637,0.06678425378060994,0.03244870532065374,0.1512428051339979,0.05453764719527828,0.1996993547320487,0.04028376904859052,0.1891584757571937
0.2202685795080559,0.0058510099260867645,0.03400903802824453,0.13269079104314405,0.028029684191214137,0.03217114861262119,0.10110662377373554,0.2073113324141926,0.23856179250270518
0.14096612160067837,0.15451390703729798,0.040674568493517166,0.055078917625541464,0.013916818362515253,0.24799690427170337,0.11245933784282959,0.11244023222133899,0.12195319254457765
0.0704695790324462,0.01777734551901787,0.38972419749451603,0.026012024427682568,0.3515998211487867,0.046309974505882666,0.01607287534057443,0.009481800166353256,0.0725523823647403
0.05279353182535709,0.06583191399494419,0.05828866357265742,0.15166374890076026,0.03832120765114903,0.2409363338857838,0.14693322637145753,0.027497837245706647,0.21773353655218405
0.1542472768767389,0.023116410668038097,0.035557410848314146,0.24196845040216672,0.06278292078531353,0.11457778149166194,0.08074903140088555,0.02281041998952744,0.2641902975373536
0.06789395356104062,0.1670508850070124,0.08941311663127664,0.04269565250781044,0.07411183283475425,0.07219862862161326,0.07412757579493283,0.04764590591706413,0.3648624491244954
0.09359914827923409,0.09922064418203695,0.03925375812418947,0.26254759124082333,0.030219750064164646,0.1795171818819855,0.11110571420188838,0.07558870619024646,0.10894750583543115
0.1740084924697692,0.009125832620593377,0.04414369542823645,0.05054133642136743,0.12955687526482315,0.019101650239962506,0.08330040639830895,0.1955459556273111,0.2946757555296278
0.06425556555632193,0.06498080809081848,0.12292583433523095,0.05990032542178988,0.05644122979605892,0.20642713679426894,0.05053559341799722,0.06242865523094308,0.3121048513565707
0.1860887582749159,0.018969013100836065,0.028229127897050867,0.17050330362350474,0.05038361471798782,0.04201583734008521,0.10934188879193545,0.19893003769693243,0.19553841855675155
0.16699342816402463,0.047182226746518084,0.3078023711584375,0.028394780881300773,0.21249938699879067,0.1012206317669128,0.08224126358464046,0.04719812509216162,0.006467785607213471
0.05963232806542828,0.35015314123946073,0.11441266501940074,0.012187106218331507,0.05077882312642359,0.016820206702324873,0.08589335606000563,0.0839425451372594,0.2261798284313653
0.1152386901821949,0.0651746124993394,0.16137732927044265,0.012755470726218547,0.4471452185747433,0.00870217226624264,0.07790076783873429,0.04326387699156886,0.06844186165051534
0.26749267324944576,0.00734971937412091,0.03619362513127846,0.1504130044938691,0.014171060255466267,0.07021909548740086,0.26993970139332574,0.14284685614932452,0.041374264465768334
0.07745491488283947,0.056574246605635904,0.47865534214070116,0.02066104124383962,0.15943086049760644,0.07960714164223635,0.07395012538874922,0.016369910521832502,0.037296417076559514
0.13701058008136788,0.007830856061425306,0.05648580918757665,0.07700027066966243,0.061413950793684495,0.08046735135016392,0.19156347104788285,0.3766424655178098,0.011585245290426732
0.06378254742087756,0.2818756700112161,0.06902894388767646,0.2309865538325975,0.11162232013656959,0.06259711101484618,0.10675630175248783,0.033795955740902044,0.03955459620282664
0.09716846508805822,0.0978770533241858,0.08735430494318863,0.06230640935024292,0.10527137867665126,0.005071402493928911,0.153741126880673,0.23390735762787104,0.15730250161520026
0.06684128942875012,0.16871657315061117,0.129833189104169,0.1106867191095559,0.0644231514500703,0.08235975306846836,0.3022118205547359,0.05206063904032582,0.022866865093313416
0.22119866838422253,0.011527171960834618,0.04226355665298204,0.17383862146253745,0.1339756563331532,0.15790771026258096,0.06590203300906676,0.14038671947569237,0.052999862458930146
0.1627546243732149,0.011365487004347268,0.01848136099122165,0.15488117245076796,0.014118073748651682,0.20231066521042815,0.10448165752041227,0.3012447484326068,0.030362210268349437
0.04452505002561322,0.08900926461237985,0.11498281182446705,0.0632267998433637,0.16582452368145104,0.1213097503024464,0.04989904424796771,0.04295706248637241,0.3082656929759387
0.11612091056391362,0.02205432669407008,0.04202595303165036,0.08225989325421852,0.019764040794633744,0.07878239108501715,0.21528001039686742,0.32812168504676636,0.09559078913286267
0.13564937242942832,0.12026491223484459,0.10846793561746766,0.018174262999941536,0.14142631040243495,0.04531692388276221,0.06940262132399284,0.15405305539986483,0.20724460570926306
0.021802290561398863,0.15820043347175838,0.07263715475461062,0.04530120273474315,0.05342493064421187,0.11636417736925526,0.036078187853751435,0.012673532469473817,0.48351809014079655
0.06340792458070414,0.048469047837127875,0.0347092747030655,0.23056651705716494,0.09385582861623822,0.24927539305117574,0.12711719685915004,0.05292500303944069,0.09967381425593295
0.05823282810479217,0.051404184907696104,0.08350240565262868,0.15364632855922966,0.21976398670034755,0.18241964455732038,0.09574716005207094,0.08638352467541954,0.068899936790495
0.09084224770334835,0.14903080451011205,0.25606867574136677,0.042842062793897996,0.22452702509013392,0.041448672114619826,0.09551255207131999,0.041244067697510385,0.058483892277690706
0.1634826575532753,0.01264389730360515,0.11434092212359702,0.10098178470493013,0.086397399827295,0.10966121173554182,0.22068142499572066,0.12375090479906559,0.06805979695696933
0.08304349703834364,0.0342591466044366,0.39508902948749647,0.013085148971431322,0.29564653347570347,0.03587796247158661,0.026353729362153824,0.05992734828181784,0.056717604307030135
0.15390456815679984,0.03402193453771595,0.018092185091547402,0.31962900519911835,0.029749404029458342,0.09447061012825914,0.2472342384611312,0.06352099623141415,0.039377058164555646
0.11227615386125074,0.048216285989028364,0.04358536559067174,0.1670897747727791,0.13778341359409843,0.1570556353062746,0.1652502050428574,0.12807045564059835,0.04067271020244132
0.15809958774657362,0.06089622383432971,0.18219320350264867,0.08749057177727244,0.07880843675015656,0.2562641446446487,0.09583744320006676,0.06130727501484523,0.019103113529458274
0.22139925703918786,0.12627984067651976,0.06834215777407064,0.047911933093154675,0.14297410492536733,0.087489233611774,0.1177746479938269,0.0778054898845833,0.1100233350015155
0.26897560829865935,0.020204751598803358,0.03028466349622576,0.1474573140054898,0.10239506989976828,0.07621231648368758,0.20376942051905667,0.10125586444650186,0.0494449912518073
0.2615681894295616,0.06036527776448967,0.03817095081509366,0.1464104033903788,0.07179372865714662,0.1510559968621917,0.07953054500569984,0.10097983005825774,0.09012507801718027
0.07570968548025785,0.3818614658251771,0.07299305394497539,0.06401422850445992,0.11701829388710804,0.08355589948380178,0.09803324840229737,0.034598179938026885,0.07221594453389564
0.3061218292918077,0.019074426272040656,0.03156492265939109,0.1286234585590937,0.01815262815545928,0.09566920505677912,0.2498961134928034,0.08913169305587094,0.06176572345675413
0.1065893267179142,0.0370327240408012,0.026333457156518695,0.23825021925755172,0.0212775273331992,0.31069769926328983,0.17546908628752844,0.07340193248378606,0.010948027459410696
0.0862623142446548,0.038539841221817674,0.014781352967969888,0.03797866417567702,0.04704910834892497,0.10359275067543076,0.09446359224281713,0.07256717186834598,0.5047652042543619
0.0808119710390718,0.11461743037180844,0.04211884744556047,0.07615388479332831,0.06897653126615637,0.3085823562763053,0.057560923138783256,0.19264050626113952,0.0585375494078465
0.18271134983490578,0.0943883458976193,0.1789449218461454,0.021163086735408978,0.20001690578803508,0.057232099439171465,0.07980970053648703,0.0729977688747392,0.11273582104748776
0.08814713733694952,0.03428855890319762,0.03942105304676571,0.09984005469328412,0.0658677886096168,0.07915284291490113,0.18613231035161662,0.16972093136656827,0.2374293227771002
0.14303604526548527,0.11566279352156805,0.1605136018326278,0.04069503750525232,0.18811107325853904,0.15042175093455226,0.04602541660856672,0.011962057056064018,0.14357222401734435
0.10832938884184391,0.20544747473961134,0.05165737656615027,0.0663450879540388,0.05913003712246972,0.17876683501465038,0.08702775660213047,0.01578037957358529,0.22751566358551978
0.06571392406026469,0.0420536970412341,0.03766185554147487,0.18970664678725235,0.037208055766071654,0.2928684009020193,0.05019554497675519,0.03642600271240456,0.24816587221252326
0.151846153695495,0.07667537726630659,0.03402727130645541,0.10958732704929432,0.026091010067385335,0.03777636810436735,0.3349115373975278,0.1767583453766786,0.05232660973648956
0.24674958089571528,0.02080168802403168,0.08158575911835857,0.2252737955871583,0.007170542903236707,0.08709747271577717,0.10232828191430739,0.17634055080143063,0.05265232803998434
0.0523757361318249,0.03793424230972651,0.03326023749062155,0.07212480732811177,0.03569603551140183,0.022052217933218324,0.07483892746363369,0.02510630075265279,0.6466114950788086
0.1271215445979614,0.25327291044977224,0.20525524098755477,0.05179896740811422,0.03302872974553741,0.0180425403674246,0.05174395752344078,0.0084087609084041,0.2513273480117905
0.08373544299619244,0.06037313942023998,0.058101361598228866,0.1082230164029287,0.1004576326629118,0.35862644067963306,0.0706114273424975,0.06765755723263166,0.09221398166473604
0.14778570212981432,0.1043414269092801,0.18546574393506474,0.02188919765960272,0.2668690960343563,0.10138248602723289,0.07077963925380379,0.036768420136211774,0.06471828791463333
0.16334399108759828,0.09305952400867139,0.07158004227571439,0.15378990780044824,0.011061020483108126,0.2522294683964898,0.08907242812628069,0.06686583025035438,0.09899778757133465
0.1282880526001213,0.04198410250750465,0.04089982644052021,0.11243829928511177,0.014699093681789212,0.15966123876382188,0.0910389951381836,0.2640331807892505,0.14695721079369692
0.06441237379272459,0.16078959868121545,0.14498009380935117,0.10895768742692201,0.040380290259827034,0.1491006979774451,0.16397709075680014,0.06106285066630927,0.10633931662940521
0.12389233779257075,0.06331633382786739,0.07030683754615134,0.03817076607109966,0.028166962799715603,0.06628611008216531,0.05678303243761257,0.0685354028517383,0.4845422165910791
0.08620127604540427,0.11470680987120452,0.20918287498411348,0.010917125904763533,0.3058278560578159,0.034882317392810634,0.11443940419708887,0.08443263799144222,0.03940969755535657
0.114647592308936,0.01851736298509375,0.08683278015472436,0.17548591068744093,0.006737876781717751,0.23519999066427152,0.20685913643608123,0.08305653055607988,0.07266281942565465
0.07806460507392393,0.40995230495511414,0.1367494394592134,0.08174983645966832,0.13171019856147337,0.07295896665103546,0.05220150080962337,0.015113495098235055,0.02149965293171291
0.054754107637792,0.29481507702418075,0.08349032363023749,0.068149064207752,0.018050359099482927,0.33032693083810455,0.1004241924839346,0.015521651388305373,0.03446829369021023
0.11173633096427632,0.040576467679667494,0.10394653930522697,0.31569677518055445,0.03973671358502076,0.15375256106042975,0.07612779985488588,0.06044234327104451,0.09798446909889387
0.12643020549119846,0.21991342008903406,0.17069933274250274,0.04223733379974431,0.08863487780504914,0.05118292461533413,0.08404544771143112,0.04316884510329266,0.1736876126424134
0.04422552956952242,0.02540168457830333,0.03474082319735446,0.01154343276533794,0.12310091444609761,0.46164674028877944,0.04730492540518536,0.022223726388711267,0.2298122233607082
0.06593858797354914,0.03507121843530501,0.02081901983483005,0.16344042401450606,0.014518587774081252,0.5055692470735594,0.09776979300150983,0.042172689631490935,0.05470043226116832
0.26937968067409146,0.002246145953144522,0.01792110462659392,0.13985044349029424,0.015580151935525574,0.25131255889314624,0.0610839337948814,0.19618242865004187,0.04644355198228076
0.08710474810050912,0.013106686615919646,0.02793344278989147,0.1156049309561485,0.07438649342306672,0.08526075331415195,0.060739731438680465,0.06619195501629026,0.4696712583453418
0.14059905249832585,0.156346584098886,0.21538418020738406,0.04723702710979599,0.07443674116190489,0.14390261088973097,0.09677379466836278,0.11020373997989162,0.01511626938571787
0.08170082144806158,0.024459764480939405,0.4013940049969931,0.11882780630707229,0.08665284221622412,0.10434212744130539,0.08167889004143071,0.05622967636454563,0.044714066703427785
0.14602498897405605,0.02652182878521869,0.09233194805083883,0.013752694377255662,0.03769122260471818,0.3174586221161324,0.08932173157703839,0.10408444028229535,0.17281252323244636
0.09873867446416017,0.11267201584206832,0.20408834436132037,0.06015713685142788,0.2469926319944127,0.1480190033841204,0.08558534792716037,0.025662591733900553,0.018084253441429245
0.04197557082793694,0.16335091507909852,0.04244340069462549,0.16999303302396973,0.03204015633884252,0.2355504015968355,0.07127060764283935,0.018783238535418696,0.2245926762604333
0.06468645059661653,0.10607275679230556,0.3763656656023378,0.029575350001610184,0.25342229538407457,0.050077060737139946,0.07532180448697166,0.01440173376200051,0.030076882636943258
0.22948370738166624,0.041991044588603726,0.02794886923214299,0.0682930837467498,0.040258249139152956,0.14381166974719276,0.11677429976632976,0.22526730682577947,0.10617176957238221
0.24148017232723115,0.012609997758355284,0.05387847331520751,0.2968248197440471,0.028668333159751962,0.06343580132678862,0.08386257723496172,0.10960721696130633,0.10963260817235032
0.06468445041491495,0.032187535797267706,0.04156832759572679,0.07451227583453285,0.044931037140383025,0.014878293507115567,0.06504834491839868,0.022645693060490375,0.6395440417311701
0.09226057689762711,0.03394933407342012,0.025633917254305316,0.13618205003542558,0.024808286239658927,0.2994676899710696,0.10256019490116015,0.08830143413636606,0.19683651649096712
0.2857768088799877,0.01627601390395152,0.03570758884556105,0.04740676679129058,0.05212763096437064,0.12774931888180904,0.26149392947922573,0.12879390585117678,0.044668036402627044
0.2412829283265906,0.005210334972865295,0.06305234489026416,0.061827306807481185,0.02181636389312393,0.05938124954205079,0.1606315645817953,0.20809465524905965,0.17870325173676913
0.08708612668875726,0.054041772695811424,0.24328895428720862,0.08580599874216017,0.08915826338252004,0.11053656206062483,0.1518866573888343,0.14295578007588372,0.03523988467819959
0.20157972189334414,0.025569234491589,0.027633599777438147,0.03436506122343313,0.00888166581801708,0.39576205531877723,0.11580683494375975,0.06783989780316257,0.12256192873047893
0.05006307535628662,0.0303509284429123,0.03559308952774671,0.04334696872775045,0.0866733103463721,0.408322521325813,0.02521166307826273,0.010571654690221042,0.30986678850463506
0.09928190251682194,0.07585667921675394,0.023842662192560187,0.2093829521270764,0.03090426867323345,0.14981684734589557,0.15991376782327418,0.19836588348050324,0.052635036623881026
0.10749797926950604,0.171537063648433,0.09430573812644934,0.1610292170702832,0.13746767882589941,0.03425676323450102,0.21271718904975936,0.018672041811113753,0.06251632896405486
0.13206361405221415,0.1818619891186052,0.07446016042535558,0.058704072393492616,0.06699111359745097,0.07156343214078313,0.20102903773175262,0.181762756788343,0.031563823752002645
0.12845584137820168,0.0464784491253236,0.078146059551105,0.18263795844215225,0.0821611103694622,0.035029119782559896,0.18277819497632744,0.13478725477122425,0.12952601160364366
0.05273415584597382,0.18557829894618813,0.05641434389553377,0.15301438964222613,0.05427004575017167,0.23764783126432465,0.041145924549876804,0.044999221363344444,0.17419578874236055
0.09594480254841507,0.1103208175008057,0.14152110291815456,0.05645344495620321,0.12147862690510648,0.10351597894845661,0.13543013208397683,0.1463269435848014,0.08900815055408003
0.12439460699527478,0.049638803670228666,0.5790852189731633,0.028857579736920307,0.13271832390242277,0.004967824039781456,0.05018575287790794,0.01509612541624468,0.01505576438805605
0.20739116195230387,0.08916896431070205,0.09177737973063849,0.09930050187593763,0.1521135209808956,0.24118727614579893,0.08595283848779212,0.013419129831305167,0.019689226684626138
0.13059268379118696,0.07474152497651194,0.12347236915576994,0.14843442768320922,0.03739653963994216,0.09661576070104587,0.1901452908123001,0.10223207440609076,0.09636932883394304
0.12059366591316761,0.04810791186274574,0.034219297906565575,0.08205684369770354,0.11166714876932538,0.05178430537898806,0.06740277123827698,0.20447999600317532,0.27968805923005174
0.1516307216065185,0.010872863220150969,0.04062212750923509,0.18927416363511165,0.02321110769747294,0.05365478212871677,0.13243904142772867,0.06134562459028073,0.33694956818478466
0.09370982520928006,0.21410260944204837,0.20103924310387744,0.05581475317142934,0.0872641258924835,0.09653166008068292,0.18314881890302956,0.042707266301796186,0.025681697895372585
0.08711045454058312,0.02430807708874878,0.2671076684999211,0.055216409533063025,0.1915118365631977,0.22898442121304632,0.07816123059217162,0.0495946778877308,0.018005224081537544
0.06971601546931712,0.1323315619038938,0.09605161690001927,0.2716719821985136,0.16179390378384342,0.025217300297349268,0.12653465068592581,0.055813761965086806,0.060869206796050894
0.09429750458799811,0.051561636601562745,0.03490561627432807,0.13574888484960793,0.016740377600493118,0.11355813337127169,0.057629863292028856,0.0289648978160863,0.46659308560662316
0.1195652334867499,0.10992822810544108,0.3217531480506874,0.03247855460033904,0.21434932927965555,0.07699715227037852,0.02076205466611088,0.0197362267016544,0.08443007283898323
0.22097786645438264,0.002104779004815026,0.02502042681121885,0.09426076892713714,0.015880473588165876,0.2746323710371005,0.08038149873055854,0.26450589688102394,0.022235918565597413
0.05851227082460573,0.02603210938227893,0.11107083280912437,0.022926001532289852,0.47194775283917595,0.006712021764078309,0.17689130593932603,0.022069191828683454,0.10383851308043739
0.0604648004067189,0.181753784912841,0.08711337531779771,0.05677087692339066,0.033425477451345324,0.40832285251209505,0.1079932891549461,0.04706981919257112,0.017085724128294198
0.058504512310814716,0.17440173154894265,0.04984370106273037,0.071357781812431,0.09494054777816692,0.17525768448873255,0.10510561713228939,0.039460362905234025,0.23112806096065838
0.09634043974654194,0.10701873605351801,0.04660053388183136,0.05569904988481452,0.01983393632039177,0.22903377678696438,0.07852843545339082,0.04860016391591473,0.3183449279566325
0.13148038357413075,0.14540239541164954,0.05044292580339466,0.15119769363104318,0.046125902046879406,0.1146204849246771,0.12379964326114186,0.07898788616741324,0.15794268517967017
0.11426507900179876,0.020568554949656887,0.07284317268384245,0.07780472753544429,0.026593623601716354,0.0642823730793103,0.23417173240951236,0.3517445804654913,0.03772615627322736
0.08578631636686758,0.1283630827135421,0.15415887183866783,0.05773211346187964,0.20747697540749707,0.07771791387686462,0.1340199599048449,0.009221093250549128,0.14552367317928708
0.14498857593650386,0.01638637759496483,0.09798610419825592,0.1689759620958224,0.025974277115667785,0.018233998495046602,0.17398808963421267,0.23380968980441655,0.11965692512510928
0.04762338022428584,0.05241252820605217,0.13462536242440787,0.01970697823957157,0.25475799237656643,0.08135389289194642,0.008480984202408321,0.033334077913376996,0.36770480352138435
0.17635297370644598,0.0818619752021898,0.05337820829914525,0.09699680697088098,0.0380247996000815,0.20993522891141017,0.1165512758949503,0.060309880564334124,0.16658885085056183
0.18355369020709697,0.029039673920082772,0.10071607191468397,0.02062232161150233,0.08909347161935582,0.27623385957540275,0.07451773752834333,0.20034113269690934,0.02588204092662269
0.09897816436429512,0.062103723154056,0.15851949946179414,0.061767870444371986,0.4523601970637672,0.07333631690590925,0.05180291918239769,0.02908138753792644,0.012049921885482146
0.11811675586232402,0.007627556621136299,0.010112159250025746,0.10151629660592869,0.014164935569674644,0.20117808573271131,0.1182450691085208,0.28282328565363307,0.14621585559604547
0.13952678327812193,0.011467930713556201,0.036765718880091204,0.28138220725258306,0.018999324773799987,0.1798280886602873,0.09803801837875951,0.07551903260975608,0.1584728954530447
0.058736030032031726,0.14824168013053882,0.028442152322962298,0.09035644484716983,0.1408017297220476,0.050137605240308726,0.07769476008453922,0.02843750510171129,0.3771520925186905
0.08601642275395859,0.026160790510182257,0.3018143957800196,0.09055249092778239,0.38679706604325714,0.012977397626576627,0.025920463824459918,0.03185229881601189,0.03790867371775156
0.10835013002382839,0.029291499051865746,0.4474718446566479,0.05197080883036387,0.19255788171823493,0.011720040489214106,0.06580661932267372,0.05749659105725385,0.03533458484991752
0.1578919744494072,0.07913508483464567,0.16500463054222933,0.023918032417557553,0.21703831079646818,0.02419835512232873,0.10006315507799486,0.03985769092124091,0.19289276583812756
0.24236340411414767,0.06997006339106956,0.06364242443355748,0.11152121116595955,0.14403737288748406,0.07238703472371623,0.08467400509376728,0.11881676308911727,0.09258772110118096
0.09836829866752349,0.03138174778352659,0.1759898599615883,0.3417526686532495,0.05237246169420246,0.06867067901229079,0.13703536249837012,0.049466530285223666,0.04496239144402514
0.15701927574657623,0.1881726729737708,0.09793915525934287,0.1937381385126822,0.03556113958735658,0.04953376228072929,0.11200167967093967,0.038713946116487576,0.1273202298521148
0.23615852272961035,0.11772491703225012,0.1817853540826453,0.002876100054248045,0.21308394482882628,0.041916216927122656,0.11010148517842688,0.023109280969667422,0.07324417819720298
0.04088945091320113,0.02236868037826358,0.06140462066658989,0.1427314579587657,0.058307336216525646,0.06496721604995011,0.09769110845747475,0.1181972624094852,0.393442866949744
0.05607101526437771,0.034427781295667495,0.052834543299924486,0.23866862477496387,0.0804243955719283,0.13639603337846531,0.10745953676710178,0.05249693651739279,0.24122113313017834
0.21251714914385408,0.005300574571699864,0.010657121941844464,0.0846944411629199,0.015385630059413138,0.08368130525696311,0.2519834267406836,0.3286564546282289,0.0071238964943929435
0.12957900185052848,0.13268684668637884,0.07145603892849883,0.3049248455033667,0.04512102163524386,0.02237700197710454,0.13151749551995318,0.04577446830502425,0.11656327959390134
0.120955669079808,0.04994520026127847,0.2560003628374093,0.08897275165208292,0.04583021927639966,0.16861029232253286,0.08298717110832786,0.09046572265385289,0.09623261080830808
0.2018345551340526,0.06471343190701291,0.2018705716433404,0.03667813894733327,0.4198632635960922,0.03142271833065504,0.02923938324134771,0.009191889265510294,0.005186047934655442
0.14498857593650386,0.01638637759496483,0.09798610419825592,0.1689759620958224,0.025974277115667785,0.018233998495046602,0.17398808963421267,0.23380968980441655,0.11965692512510928
0.23238193724649325,0.037477363725570007,0.0188411037504272,0.04313436178565211,0.022167926633379853,0.28738588929992814,0.0695425535032833,0.0942808273978248,0.19478803665744135
0.11723020888559466,0.05047270271290639,0.1194918692422513,0.085586880728432,0.10902417351545,0.25436541373144206,0.10194036720194344,0.12290566331357992,0.038982720668400285
0.05982879857170718,0.07616508390077162,0.3786579141078588,0.03719213658601151,0.09956165138175026,0.022038085377505765,0.03770923600273716,0.09908174107457346,0.18976535299708422
0.05771201170784338,0.03513786875309242,0.028548724365785805,0.29583694115937426,0.034767078638774686,0.2523542686811738,0.05133000866896756,0.020304364561864744,0.22400873346312336
0.2412829283265906,0.005210334972865295,0.06305234489026416,0.061827306807481185,0.02181636389312393,0.05938124954205079,0.1606315645817953,0.20809465524905965,0.17870325173676913
0.23223653592304316,0.02060927661238759,0.044008759770047,0.28126674773664934,0.029456660963319736,0.10065988684224224,0.14221367112700614,0.06956227484801886,0.07998618617728598
0.23503377241978862,0.08115626185752309,0.07225197243405486,0.31844001272015904,0.02231671144956608,0.07734199413090757,0.05980551776434315,0.0862176723848856,0.04743608483877184
0.15255722141889558,0.017270666912471033,0.32583052597092554,0.011115163389009133,0.2836668198480839,0.10723784486272586,0.04026912616528044,0.04460402689796062,0.017448604534647912
0.06450529129678938,0.2370577088973014,0.19593997949424702,0.016586520201256113,0.2851823660484246,0.04043763846452122,0.03306525625538767,0.011521843696468291,0.11570339564560417
0.20044192855478513,0.08623688826621179,0.45480574086097053,0.004335224172625788,0.06770836051490019,0.03726683945334927,0.06748272704936233,0.06547686724030509,0.016245423887489896
0.13994177979480985,0.02781247368197658,0.0230995068671855,0.1641560853491281,0.01973915849818944,0.32238405952048116,0.11980561259301781,0.17504358489684188,0.008017738798369731
0.1397606576694334,0.1656872664047961,0.2582226979508198,0.059816786207930885,0.1374534927632289,0.08068619453606088,0.06343292781417095,0.022611781393239636,0.07232819526031938
0.30333241212865425,0.024105345529992096,0.11054704567963207,0.07864925907162978,0.020380667856301455,0.12691430069608178,0.11244512708827625,0.15931894457276388,0.06430689737666838
0.06411344597141234,0.1158017026003806,0.15171973465303432,0.18069652492909974,0.1175535485969786,0.1088216374166245,0.15419384535680214,0.019678919687785353,0.08742064078788238
0.26782748350645175,0.02550638437438127,0.35816254336277153,0.03249586372699064,0.18184548934443778,0.05818197459206148,0.01601554542661829,0.051526892448669016,0.008437823217618214
0.14866196324476025,0.06660887727912972,0.0663060923387244,0.08218458877919728,0.054133750501168226,0.07153699375555217,0.24052911568616106,0.10827469417852743,0.1617639242367794
0.27446986648054844,0.0074793479867059755,0.03316595479778423,0.14943155329471322,0.010661651964441484,0.07695821140042171,0.13431179139443183,0.27616549430719073,0.03735612837376231
0.05074346921221325,0.08175234775486352,0.02576655774884289,0.07442604078361649,0.08253238036746292,0.10479330418513134,0.11822842794944392,0.062280971533617724,0.3994765004648079
0.06174632745077541,0.050118036671711295,0.27707579380585373,0.012918107506716486,0.3741594223078076,0.04690196655450907,0.09809622576425485,0.011717651108155862,0.0672664688302157
0.08676105973256587,0.15839157872758744,0.06331389123910626,0.008781352463630857,0.2873116991653413,0.030882254397508455,0.08568941435769538,0.0690220665512656,0.20984668336529877
0.05248528551490028,0.0876756686975032,0.06192536301380578,0.04225347258796119,0.11451122319506557,0.07531206710055965,0.05816818268765803,0.0631205274386983,0.44454820976384807
0.23968585831821976,0.003236372547942441,0.043482415836881595,0.08925557138353225,0.011007163274685065,0.14316520665242422,0.0673375223599863,0.2600782426973725,0.14275164692895578
0.19269827857870117,0.0489563666424937,0.057736675422395876,0.13013664119484095,0.14609874490898966,0.0995759564305634,0.18094933369978694,0.11692515772715699,0.026922845395071338
0.08768208088651787,0.026988896605971962,0.055389387646097826,0.1116127780083808,0.08524444616210237,0.14355732184502734,0.2186875754488167,0.059586017235400725,0.2112514961616844
0.1302051471295322,0.094502218621301,0.05926856654551808,0.1378478325282646,0.05251430234867821,0.0634534471640678,0.2077070485120381,0.13346335901065096,0.12103807813994895
0.06949912194962242,0.15727636695660552,0.09697830836998707,0.16940562867395229,0.055408933522994676,0.24936533610466136,0.07891632172864131,0.017693244945053064,0.1054567377484823
0.13014453246489696,0.051615987994932666,0.07338125405127394,0.1767673186801789,0.06686394632497572,0.18686263791365568,0.16587256572949963,0.09137978211607696,0.05711197472450954
0.3125802335092092,0.003908289835740352,0.013484278722469677,0.06652756364536087,0.003197626805008729,0.09734683558384978,0.18989846383899447,0.2375516714871008,0.07550503657226605
0.12599435676844492,0.05998401839201969,0.07319141056600982,0.11281992409903198,0.06170160127257402,0.1559562335733061,0.17602439088812669,0.0667877117996702,0.16754035264081657
0.19388249254816667,0.01193171523715352,0.03730580406833416,0.012341945880481786,0.08699623524949568,0.09886111384692392,0.2189613451392695,0.27584660785374293,0.06387274017643191
0.28395001190642616,0.003449932741883915,0.045617384156286855,0.06217915947878108,0.028179984340491075,0.08788642568315287,0.16933250717515483,0.3134536599478995,0.00595093456992373
0.1461022246705573,0.13861451481183296,0.4196232905280622,0.036849056737282386,0.12646474023914078,0.018681640559699942,0.06226856344599139,0.023978217914877465,0.027417751092555554
0.27873520152648723,0.0025255119802428247,0.022844851029390333,0.044237620415346256,0.028344914160191543,0.03590603165375072,0.15238444966938317,0.4248195744352153,0.010201845129992533
0.07354681731927941,0.059130358613310695,0.03473077428896009,0.02042534267044178,0.04470274457518153,0.07048111383908602,0.10184059367857352,0.031236940643101927,0.563905314372065
0.05976137303772838,0.03176540030871051,0.24065547925358247,0.0768309559419716,0.32971240565479293,0.12158723199158172,0.07087209101953278,0.01759250184807822,0.05122256094402138
0.058520081928168065,0.05297462272848715,0.2503411418831684,0.04507470414048461,0.19838332609481202,0.062471124490831996,0.10405731846506287,0.020666055151242955,0.20751162511774193
0.30777460525272454,0.005341875381158157,0.05201269390727131,0.06659356581205567,0.026015484743235645,0.02685361847962048,0.19203477639689362,0.3122184217572224,0.011154958269818127
0.08681999477355358,0.09958728505357188,0.1403971805604383,0.03264293313681122,0.1446920894314406,0.010696856240794807,0.35163356192848144,0.043583395448424524,0.08994670342648355
0.11447279532457955,0.09554608530936826,0.06888322472172598,0.07599026807414302,0.05632791850724816,0.17720582187740488,0.2561826356368236,0.06127690491480189,0.09411434563390465
0.11824201931817897,0.054606963918067845,0.07395270976425072,0.17559472294830925,0.11953275948185199,0.3266392553572851,0.07240533637903239,0.039032325176481704,0.019993907656542017
0.16874055615982156,0.07427720831319298,0.05294018373748701,0.20852128491580998,0.054345889971866033,0.16674469343024825,0.09621050110651981,0.15387794769232602,0.02434173467272836
0.12350399348174562,0.05739493583691782,0.07909185064798273,0.08766013873891772,0.12997508736148436,0.07519178097555362,0.05609059840978572,0.09226365438952237,0.29882796015809
0.07128122296167087,0.32010987132609364,0.05369756556410928,0.1743239068860324,0.017414963611224594,0.15081308298140372,0.09716152172740229,0.022356003643403066,0.09284186129866008
0.23294928283137836,0.05570914014631514,0.1110786725292278,0.04142411398459504,0.08952241400202665,0.0747280727298164,0.0708123692224349,0.10961383533103086,0.21416209922317495
0.04907809587928367,0.3696530658498845,0.16571896138464406,0.06102307438121152,0.04137906625768837,0.07907156408072295,0.10386046719076691,0.03319916633081927,0.09701653864497871
0.09539846315812561,0.10253992734280774,0.35961784508249756,0.017121965825349195,0.2770720147692884,0.03795296868749497,0.04954989445601917,0.019480545960178713,0.041266374718238706
0.0707691920519843,0.06587336274456425,0.4157027297811542,0.03724154931984328,0.06199941621590438,0.1490436939408921,0.13255095682661885,0.04656296220191325,0.020256136917125547
0.10998079724039828,0.010352856319768476,0.021958999695642373,0.020191738928481175,0.03511833140036827,0.49627454112568786,0.09841126884067997,0.16334164663618975,0.04436981981278384
0.08547247083863359,0.30417296758097173,0.1372436986419264,0.11644689348041388,0.03922449962379888,0.0595311525203961,0.14676155932469692,0.018715492242062374,0.09243126574709998
0.05846148681145341,0.011387210326136972,0.025970569711813742,0.17955771436603582,0.031124516815001387,0.10603013369266201,0.06737674409479268,0.019352036185750366,0.5007395879963537
0.06315566048906844,0.26303375965063025,0.1669534879058152,0.07600944260871281,0.07443121012580313,0.16833897344158943,0.05511701098018831,0.04113255172219644,0.09182790307599596
0.028901189752347168,0.09047336304756075,0.2057694931788329,0.009324086777846654,0.3385399361391948,0.009554254865807075,0.1577546297121293,0.03880990621040375,0.12087314031587754
0.10389652963495673,0.06753651345064206,0.06871144521610097,0.005470810166404436,0.11533380524372078,0.07601437691972256,0.25247703073270367,0.13086037310928714,0.17969911552646164
0.21553926250916466,0.0192662050629671,0.02919505456200894,0.036210677538464124,0.02546469906631506,0.23401671873780272,0.24571791158968082,0.11132233541751073,0.08326713551608574
0.07123783128074297,0.3980227423562659,0.04718427388655255,0.052392806889422584,0.06732915690404051,0.0866709789671442,0.1366907833737613,0.052437065182265354,0.08803436115980469
0.09812729906504929,0.008289856582784501,0.2911069782417256,0.040558441484550845,0.22790327477030392,0.10194866017623838,0.06497099688513634,0.06093361998477912,0.10616087280943197
0.16668451490888395,0.011804108070260616,0.07480161320384411,0.14835005923548572,0.03353212694780771,0.07744358340703555,0.284112313139771,0.17061855635293968,0.03265312473397162
0.10276994618931785,0.10572759765154303,0.07574208437239095,0.10652528754965429,0.03445044240707814,0.2570784747914412,0.0690983283394155,0.03732772646189187,0.2112801122372671
0.07049144615413701,0.04678934555770328,0.06884248930930126,0.13717108146726956,0.0690968585952965,0.26995349910674366,0.09551469531631179,0.016742916052085163,0.22539766844115175
0.36407469527956104,0.01362948051229715,0.02731554308218254,0.13352714190891038,0.01050688599517513,0.06890190168636769,0.19679013554076294,0.10342165558557315,0.08183256040916993
0.048401614141315115,0.17859642368933346,0.03181051188038237,0.09142697838522339,0.07831623167141886,0.06616606663214018,0.03367202642774213,0.029810632720773084,0.44179951445167137
0.06110989022991783,0.03255749121083574,0.24733462567037798,0.02160702869306726,0.440704861413132,0.02044215273201495,0.07662688068385297,0.014322478280104087,0.08529459108669725
0.11476527627855924,0.21586379041473758,0.16334398079951462,0.19635663567725767,0.10215039381265689,0.026384383675207828,0.045476597914331375,0.05448648604810335,0.08117245537963154
0.09120811176393377,0.14476652888659433,0.08874952483463001,0.16268256037277862,0.0230224241778051,0.03481925814475303,0.1203503958957766,0.11743403975787531,0.2169671561658533
0.09132856702246399,0.0422682794967645,0.030062521056833037,0.36755679425029,0.021153156750730002,0.03325339612123155,0.14891356656905955,0.25937018478732893,0.006093533945298491
0.045290906519087126,0.07218567463535393,0.14098640195655734,0.01710092535475104,0.5062209251249593,0.027759925132819677,0.09767379734286981,0.050361053123584236,0.042420390810017576
0.057206452661538953,0.2380555713386002,0.089502011384986,0.171309857862829,0.03477352442649735,0.12634873581792216,0.12370023742583582,0.12455707418293181,0.034546534898858665
0.1075125939173787,0.12727685849541523,0.06489448996770612,0.17886741933625627,0.09500006309095331,0.043923396402178405,0.2780533327630341,0.05330755302712729,0.05116429299995054
0.06949585745946875,0.013848361522964286,0.06289187908663438,0.19842709949319862,0.04621166376687294,0.1297500736124473,0.12882616391492427,0.10918049602699155,0.24136840511649793
0.20710511754222916,0.03649584317586552,0.24470507389547658,0.11565895662360072,0.16980864218544825,0.031525259868989,0.0919655839946517,0.02603297285741686,0.0767025498563222
0.07537780170217448,0.05360244427438791,0.03628093057589791,0.15277998820343106,0.013112032752881067,0.075074761794606,0.20020405038803865,0.11107872539243725,0.28248926491614573
0.15075236404364392,0.060752744617392475,0.07637909531976297,0.0742714982719638,0.059619007904031414,0.05440838838044764,0.26847485699112916,0.21078878658373237,0.04455325788789624
0.1296984582415414,0.12049000128094252,0.18873518027406902,0.08550336662993074,0.03130247579643009,0.10132373663961942,0.2560705140235862,0.029239269959123775,0.057636997154756814
0.12162284378798284,0.004793525624786799,0.03246989207850124,0.030103827704982305,0.03830156043384101,0.12549287691476532,0.08498794435756461,0.03332774979831603,0.5288997792992599
0.06254411804128973,0.06539640208703622,0.1523502354338427,0.060213915410145535,0.047141457864909725,0.5263079385862103,0.061171008660195425,0.011018798601005955,0.01385612531536444
0.4207856736040058,0.007819155309806456,0.013409096980033008,0.03693803647485165,0.009049098823812664,0.09519695125244003,0.1606343642292808,0.24492492637697685,0.011242696948792713
