0.14553859987150894,0.13676759027572313,0.06950533405490805,0.08542766530064555,0.09326566635442597,0.25020321388336647,0.03859915542292376,0.10179255873342745,0.07890021610307069
0.05584106589235419,0.2719616390560131,0.08664829884179436,0.09294637621765774,0.12043311600585149,0.055354215131716115,0.11191968061539088,0.13255756741503835,0.07233804082418364
0.09576840669016227,0.09113959701679682,0.06126054358047819,0.10142098097024389,0.10596600678156036,0.08421934666393183,0.10108315921640709,0.21599266580047197,0.14314929327994755
0.06049102386644478,0.04281651419025404,0.035162365330613225,0.16773998635716603,0.11962957818296326,0.04006526605326673,0.37937962151138543,0.07140011687216082,0.08331552763574569
0.05940674697746123,0.04842054303428783,0.07803922865673797,0.095892217588895,0.12778676265822758,0.0821362939445917,0.31764009850218256,0.09438852715124098,0.09628958148637508
0.17085882295506682,0.09924354422927094,0.13068869843036826,0.07433564540749434,0.12429464304368387,0.16937460297616477,0.05150975064212768,0.07321743360089876,0.10647685871492447
0.028499053075678266,0.3463384370312787,0.03058857934594107,0.06525696574072415,0.07277791231111043,0.31034177378550604,0.02133650061439858,0.07162561413692907,0.05323516395843364
0.0658611128449093,0.062220808429942466,0.04616244851921667,0.15645632034956933,0.12121927941430016,0.1806712075360686,0.2008791581576088,0.05441059980843224,0.11211906493995243
0.10119845007838608,0.08267774184816483,0.08879357581581497,0.09568584307077387,0.10292430578226162,0.054388299098144084,0.10953081901938107,0.17767249330196677,0.18712847198510674
0.039426834923422735,0.08113475713262082,0.08812088049073163,0.0886382690025574,0.09650251044681706,0.22895048337786886,0.06806758572097282,0.13032584516001502,0.17883283374499367
0.0764093077430492,0.17395813318686196,0.05256925135717863,0.17192479107162476,0.10871422681735508,0.1174724629560378,0.0471162622185341,0.16430722053652033,0.08752834411283812
0.16785091807807792,0.12740572348805834,0.03325309490039192,0.10009785514284743,0.08968546122875627,0.11543109764103276,0.18453931151654523,0.06455789053962342,0.11717864746466673
0.05915134058144663,0.07304378826720691,0.2562352446041985,0.07116940719825617,0.14084732762962043,0.0767134277069481,0.021732593346991486,0.1630413418270333,0.13806552883829848
0.1683233071777498,0.011098855289134402,0.1150071326659902,0.07408134915806996,0.15975181388752294,0.16592433866519773,0.10357519975228437,0.11296996523109513,0.08926803817295546
0.0777789267364855,0.1904557585967137,0.09420990312764459,0.10999084222341338,0.10419910058082775,0.1021653294708597,0.12692962797890286,0.14082583229116907,0.053444678993983565
0.09816585478593774,0.1381587315524234,0.09295908722021051,0.08810508283584999,0.18005278322692964,0.039228496974163536,0.09974827136589438,0.1474428178995072,0.11613887413908362
0.03760312474739821,0.40468106266823506,0.0148614560664804,0.06158927797877855,0.07421294009451941,0.31165695802836185,0.006366131614307501,0.06523254784911646,0.023796500952802623
0.2503049146070485,0.02304340069175036,0.3762331347502226,0.05381756232910737,0.06800331698394699,0.0347330445790439,0.018284811085980804,0.06560565159534694,0.10997416337755256
0.05709154335344619,0.15784622517655902,0.09493760693939612,0.09159538217427154,0.1106037709245698,0.2805552596340355,0.027643923147421673,0.087078533498898,0.09264775515140228
0.058489185973260825,0.04004673991163043,0.10161610400171346,0.18286004141022513,0.11505354407270792,0.05508610483718468,0.08015983784038876,0.17277583252193107,0.19391260943095764
0.12145067992440177,0.07390401248435022,0.10651419313155591,0.09797919263771143,0.08676519614071743,0.15641539033227958,0.13938884498493656,0.10622597894241047,0.1113565114216366
0.05887334161301785,0.02759828968156307,0.17745207188322776,0.07338082264394467,0.08876750394225492,0.24118982360806332,0.1354872537641169,0.06992744689457485,0.12732344596923661
0.12317932245475964,0.0995079024309569,0.08687710218900756,0.0663629457220571,0.11430329748076956,0.17870731137037466,0.14671319740064018,0.1014903204082105,0.08285860054322391
0.058856119159159614,0.07947631674625338,0.08021679715638845,0.17191128265208347,0.09030390770192116,0.05745266543226655,0.2929530225184575,0.07037830876421129,0.09845157986925857
0.07417532913593172,0.04769609788056444,0.08216101090863633,0.0745629117668113,0.17590406938616956,0.06589195206866695,0.23946912172114132,0.09777325839351853,0.14236624873855985
0.20985220309315844,0.039948091113499576,0.4051091170441621,0.07023902801336658,0.07479033148828147,0.016111044172293438,0.012619010008473966,0.10099829989677983,0.07033287516998463
0.14594880021518256,0.10266001370100684,0.11671158477196893,0.07616478520095278,0.11218414573854169,0.16690252127146007,0.13033290629042432,0.10180520935041965,0.047290033460043075
0.09419193395009422,0.13422644376205,0.143626421839613,0.1379097676381221,0.1299621528507434,0.08061073714326882,0.03970006901931724,0.07298230067599626,0.1667901731207948
0.24143459452625068,0.03080727406182732,0.1335645643819516,0.16015841721827156,0.10863056351505974,0.08042389710435038,0.0739885735400644,0.064164626513292,0.10682748913893227
0.034294069622264264,0.10328225168175441,0.17463652137989585,0.09454309691654585,0.1514338761296851,0.08270903911726497,0.0512661863147365,0.11799480788376027,0.18984015095409276
0.12203858169755466,0.18869779159890687,0.08456094926287078,0.04916010709179691,0.11089268276485335,0.24311841434104556,0.022954611656958775,0.09275388646069244,0.0858229751253206
0.15881216183586608,0.06499922258173992,0.13544947266602014,0.10657245404528642,0.11817091394408531,0.19035226636245164,0.06103410639296952,0.07941123708616617,0.08519816508541471
0.1672849430261447,0.033201972969309074,0.13555564561687497,0.07024540936591354,0.0931680209666698,0.08851894576937387,0.20190842440917667,0.1169384743549472,0.09317816352159021
0.13151922055883059,0.13841748707567547,0.12060783400541085,0.0338163685455656,0.13110364343521466,0.14646600062553705,0.03795766507491136,0.09894925132775806,0.1611625293510964
0.033741557666247264,0.22520099459452914,0.08897833819176419,0.062002806262515996,0.08643322616127425,0.14248305018403548,0.050605973901692615,0.16441239579593575,0.14614165724200526
0.2189583537678741,0.06574720672965313,0.1248848221163934,0.07305442726739646,0.1004163795119578,0.07098570357137564,0.040778625847380616,0.12865855782892924,0.17651592335903957
0.06099003724653884,0.1159207881674269,0.06188908298843355,0.13819480963182249,0.13882737480324903,0.2010051613008709,0.09360759941562953,0.08515084524311352,0.10441430120291521
0.19289215362353604,0.08807589989892144,0.1548344936432372,0.10831590272670523,0.0981433859185606,0.025463862656053233,0.14109706458947444,0.1309970379989288,0.06018019894458309
0.1571039946132201,0.1301623011589666,0.1047776168245299,0.09421599056657727,0.09164012606514078,0.06677285804025627,0.12949413388783101,0.10390096975437986,0.12193200908909822
0.059301425197893526,0.14011610739372068,0.07644704252498423,0.07630268163631432,0.14778488517823446,0.226509875980891,0.024350847871385417,0.18551170128503702,0.06367543293153936
0.035207902925358914,0.151359790875153,0.17752645998022853,0.10927579132823444,0.17886195106890782,0.0570428186213705,0.07054087009358556,0.08688972496994192,0.1332946901372192
0.21320724823423723,0.025849243846205034,0.2379344783757963,0.07807047480918322,0.04565330662923661,0.05901702807873319,0.12744993261499085,0.0460005570221361,0.16681773038948142
0.12914035060545104,0.021090288006283892,0.21913373478326426,0.09935844533519433,0.1399257168987846,0.05972629481295022,0.13542800080812126,0.06717649198708862,0.12902067676286175
0.05036054420253372,0.04189514010289003,0.10503483210182514,0.08160333536600207,0.11572669960538522,0.03731923132091245,0.4100700048360346,0.07986454242088005,0.0781256700435367
0.29153972087555585,0.02946667300165255,0.12396842311579777,0.0822157552114401,0.12239230841612227,0.03878054578371535,0.10864330912184138,0.12843733669679444,0.07455592777708037
0.3007548292007538,0.034788089554639585,0.061212649009819674,0.08112693814710437,0.1280092879855064,0.1822207318085308,0.05622001045759779,0.06942354369793141,0.08624392013811609
0.07052169158829016,0.0243801980443597,0.14791531093814705,0.11318668079557838,0.11693008345414013,0.046239462119026666,0.2705567685641966,0.06567805913319193,0.14459174536306937
0.14482229719817022,0.03877750035462119,0.08905882344116763,0.10872081332554388,0.0965785930250765,0.0680092365971047,0.1975709374078023,0.12196770900948699,0.13449408964102652
0.31682882990588374,0.036114033189629156,0.09220411922858358,0.07840790587898556,0.1223341075034355,0.05869910628425994,0.12353103715333263,0.09344602860380315,0.07843483225208676
0.2081852225131409,0.0445208172260344,0.32761122478140864,0.040916658803483934,0.08729264375370938,0.04432427705404154,0.005486794742327435,0.06662228069966554,0.17504008042618824
0.08829927740317285,0.08055719029149697,0.08633859689680966,0.09144027311813674,0.08403362250606489,0.035612642929631476,0.3312414480668489,0.13813078842572812,0.06434616036211037
0.0694387943809729,0.08104718993913197,0.05992036531752918,0.20630345721975862,0.1442776742220747,0.07196249462264215,0.1917573306449589,0.07993148686407749,0.09536120678885417
0.16518606774102362,0.04781086983310342,0.07421922137330127,0.08827912102061736,0.24068496785082102,0.051582543907942424,0.04368990726488616,0.17193433397390764,0.11661296703439716
0.07754955213033753,0.05111023269552779,0.10352452543062059,0.1740959808313949,0.13344004803261736,0.08972252523798013,0.09880908424532597,0.10648466976349259,0.16526338163270315
0.07719014984271537,0.07546931610328746,0.09097827223430194,0.12873321123653322,0.12163951362850745,0.07000771799066008,0.1589846561322105,0.11782316071891079,0.15917400211287316
0.02986561503435475,0.19916439874469236,0.05383811735915783,0.14291127111943036,0.08974912278770504,0.1651121297122841,0.09788361689789188,0.12929826508405465,0.09217746326042912
0.1573233576407245,0.07911925321017022,0.09616981852941527,0.09062097337987866,0.07874529470226589,0.11134704939622479,0.15194633962108808,0.1654936384963361,0.06923427502389652
0.13639813226167255,0.01760386283059817,0.13992913774638743,0.15290799240464234,0.08530885204686778,0.017729987858831172,0.32000198803772845,0.0698170458465678,0.0603030009667043
0.036057047552047666,0.15465317951318736,0.08043728628095106,0.09469122141945714,0.15217149705355051,0.15557455324557226,0.0745807929877993,0.13807214262577883,0.11376227932165589
0.10313286902213686,0.14830748184696313,0.13227651579733787,0.18978172361534784,0.11708122719763515,0.05757913436513686,0.05324220583567065,0.09980195940496378,0.09879688291480788
0.06466809468754897,0.14325225015090792,0.08492865409391781,0.07869737357255426,0.1350465840051929,0.2561359481009447,0.07080734860170085,0.09515856008787744,0.0713051866993551
0.06992412007977218,0.056862148303277654,0.07612513103209174,0.10586237935750618,0.09426625378483876,0.10993207801800293,0.3518520085188073,0.049069616989668254,0.08610626391603493
0.09351582678129726,0.11549009093733126,0.056742779788053276,0.13152395917946855,0.10449163648385727,0.1132560349501458,0.1880696452163618,0.12042438896297823,0.07648563770050658
0.024476560098765796,0.30347437215171974,0.035345696781639985,0.11460294055198567,0.09307523579777781,0.21388774699126603,0.02965186966570423,0.09036659084537862,0.09511898711576212
0.025564316072818925,0.3196915557399924,0.04715686669379316,0.060176403741185124,0.08064573079376898,0.271768971348201,0.0178576128111522,0.07459909950226738,0.10253944329682076
0.05354506077143362,0.1379097057011526,0.04128930428489378,0.050474202567521796,0.13049042369098776,0.3543892652709677,0.11553866984785321,0.06690264562487935,0.04946072224031025
0.18948308530086252,0.12362669196256741,0.07620127393795502,0.07402163530104923,0.09685429851346687,0.12995460876631662,0.12055576178054839,0.14160093553266673,0.047701708904567354
0.16152765991978937,0.033863885787968666,0.29221407501349167,0.052004653271759606,0.06416557799619348,0.05472813787094444,0.04326207660848791,0.14523467798610604,0.1529992555452588
0.04596859676967294,0.23738313514396084,0.03420092691494219,0.06956076417270707,0.07939271529667825,0.26454065009311517,0.029480466865571302,0.12855797579565906,0.11091476894769324
0.1371891287107633,0.07737561275292434,0.0905026274255431,0.09198901949691107,0.10189476320592011,0.06862007393500832,0.19654836033276793,0.10135764198091803,0.13452277215924371
0.12101991370364464,0.028105335548824287,0.3520341251685162,0.05675533397454077,0.1619703353381233,0.03742807899574449,0.01977420433755805,0.106203082136763,0.11670959079628525
0.10677702492240358,0.1264240228318401,0.11523642117350492,0.08245338892112147,0.11049731170656789,0.15993167406808703,0.0430333954645287,0.11885950624989323,0.13678725466205313
0.05965090360265487,0.22908032184082683,0.07752849936415335,0.08380716610980678,0.11672759664765996,0.0556873722652407,0.14973521549994054,0.09546147140196078,0.1323214532677561
0.21271230993040136,0.03055111096648179,0.1127090198096216,0.1882623618907109,0.10158958857774718,0.058524012084324194,0.05459873705498728,0.05781247242578835,0.18324038725993733
0.06774943991435133,0.04543384113168165,0.07654989622136933,0.17150625610440998,0.1300149650011724,0.14949373144474287,0.15944516967799013,0.10819393248105875,0.09161276802322356
0.16196947716545843,0.12915036529990706,0.051868518478457616,0.1895102226727424,0.1267739664664379,0.08021149394093129,0.0592126508692107,0.07771333988219188,0.12358996522466274
0.06718838509093357,0.06568181846475801,0.05574979544651376,0.1368827080892706,0.0794093386336064,0.19763240514215955,0.04035394056712078,0.2687846113257473,0.08831699723988999
0.053488583659722956,0.01682812333121426,0.1728197218029409,0.13944180721944202,0.16533864270786106,0.02372631110367615,0.21346322663489514,0.10105411771675199,0.11383946582349554
0.17863062406883704,0.10143477685918885,0.11745697259415981,0.06409727391019555,0.1164376210494158,0.04635793987100814,0.1390037480391226,0.14759066585903236,0.08899037774903984
0.09120751911698777,0.201378251876834,0.05183978660508783,0.07956066890126086,0.0941488918837602,0.15037472374381064,0.09914381195841483,0.09886652587228772,0.13347982004155604
0.0982644374285192,0.10757473710032169,0.029614500418052858,0.07756259340992644,0.08628084949175056,0.2868478739413642,0.08836101573859463,0.1235329071088091,0.1019610853626614
0.1318181902849144,0.10045741636125383,0.10174617814284408,0.05120462342492485,0.11138069276784644,0.24804295610728375,0.038203499327931406,0.1403622204705089,0.07678422311249229
0.13244516328281536,0.0117926677608537,0.07438453014845509,0.07301286412207521,0.10915437888719785,0.07129057927407915,0.30260192459242635,0.11019953109814173,0.1151183608339555
0.06598294924907026,0.17334415321679417,0.09328327068998844,0.08368620833538458,0.0789063859985144,0.07793722496147702,0.17954198621338704,0.12579462403077293,0.1215231973046111
0.270151343539927,0.02842711259025832,0.3098257187068422,0.04731430210034041,0.09615162374984264,0.05833420611878893,0.02151385438057166,0.057300123754075984,0.11098171505935282
0.10437665039547828,0.1715766191242416,0.1614872556914877,0.14027800111251926,0.1160522972360325,0.040594187336651925,0.05983505292557432,0.14985396481668356,0.05594597136133084
0.11642143892526581,0.11935967620328414,0.0954487513241969,0.14327230169975255,0.15032498887742787,0.0319461847717547,0.1000649555955422,0.12419607272469584,0.11896562987807995
0.049599698666431734,0.06247179079329523,0.09695899836015782,0.15891473561198924,0.14521576387511628,0.07582420971339202,0.119405081724547,0.1297305610833619,0.16187916017170878
0.2260853402428394,0.044073113330577084,0.11614445498622501,0.11403491569452878,0.09863013388773766,0.07686398822176276,0.13179599332634703,0.09091211052552517,0.1014599497844572
0.10698882215755506,0.04538795674480065,0.10674412603499701,0.11984121446792806,0.12113674351331066,0.05375975343692504,0.12946660490348186,0.16842424992828522,0.14825052881271641
0.06525050978476878,0.093789228342058,0.12636820147232014,0.11630584106749627,0.10608665689301229,0.12197137053631181,0.16290819374543675,0.06843019628604043,0.13888980187255554
0.08863577301029284,0.05587805716790806,0.06643000429786079,0.10599554519905689,0.12149038079611611,0.19319558358411384,0.16132917449925044,0.09139423826997979,0.11565124317542119
0.15664028767146893,0.05320711699422396,0.13746588563315473,0.09293550440362541,0.12055433382076393,0.07865827927047066,0.22436936847388456,0.060974915099804954,0.07519430863260278
0.04830363398410457,0.24955075548184705,0.04963394794410527,0.08589306207955912,0.08946312140846462,0.23655581491032715,0.03177789313685851,0.0917991935905722,0.11702257746416152
0.05355116584895325,0.34471142881192623,0.13574211306424763,0.0986579003217331,0.1049296596036237,0.053426481570525576,0.03258588264976774,0.05962389824963691,0.11677146987958587
0.03741062271925291,0.07267975489257211,0.1167440544621482,0.15139279795429736,0.14889749694775287,0.20553181666775577,0.05094195432516301,0.10512244019816906,0.11127906183288876
0.1809352638028878,0.03947869918888111,0.3109767680512301,0.1391198593915898,0.10402821496994286,0.01885173982745109,0.016387025013121944,0.08202298200761975,0.10819944774727552
0.06974292071759201,0.08478156815872108,0.07374487983675383,0.20685138273450754,0.08759085729337267,0.026555928658171066,0.24871494671596883,0.10281574794319205,0.0992017679417209
0.09980835881196286,0.05494074950549891,0.04064798147511194,0.10862495717462489,0.1117709030110473,0.09444236400049714,0.3264193525949309,0.061651761294480495,0.10169357213184554
0.08792220495832122,0.03793865730023512,0.15908323434097374,0.0738472043561883,0.1032282626658687,0.09083007975077505,0.1700132964927444,0.08730186240459388,0.18983519773029967
0.0634130787961074,0.11104448340101776,0.03420801824538914,0.16545654162923953,0.15148345215355466,0.1068937459529153,0.1402268401834523,0.05378142716996457,0.1734924124683593
0.06504504070308827,0.0856772539046174,0.050513569567371665,0.0896612253402107,0.18034809804514265,0.08544907849988022,0.1242660884167841,0.2362387336430948,0.08280091187981016
0.17341695441487723,0.07881087162008298,0.3260888903931815,0.1377686734838953,0.10245412232611395,0.012335324370512712,0.010389617230472341,0.0662226756185789,0.09251287054228506
0.1894060716193403,0.011305076606733555,0.3620908246520193,0.06407994206622278,0.0791365755786821,0.05054680990049257,0.02602487253479352,0.10345548595939902,0.11395434108231683
0.052374800095682905,0.08527061591849001,0.08160468905863659,0.12575142109133966,0.17965703959218907,0.11392989865291524,0.10798799296284316,0.17780608628121453,0.07561745634668875
0.07109819375624853,0.015548030936618206,0.09627121007165497,0.13895884714599413,0.09843582670230921,0.056976017079017775,0.3040332125184071,0.06188976546610858,0.15678889632364154
0.09618989219058537,0.21531259181073278,0.0494072514033568,0.06728854082609605,0.17058802069431364,0.08550329146810941,0.09133721383947173,0.14263250955683182,0.0817406882105024
0.184169154576694,0.13239718422558552,0.19017800314194297,0.06564243285449554,0.0914693301422938,0.04505931404824845,0.031047705030244833,0.07305483498732747,0.1869820409931675
0.061892116989999364,0.07353960818665345,0.08674365287154402,0.11486237054138086,0.1553415112200276,0.10568784501887012,0.2527201082974649,0.08379793348067606,0.0654148533933837
0.05689062902514458,0.025554002842792217,0.09117206850916348,0.08545608154351621,0.17344072986648904,0.11671479688511904,0.26706979196706465,0.09222704498939588,0.09147485437131482
0.055908575656945105,0.14909468318983424,0.044969860125126736,0.24185156145512346,0.18777476811018137,0.07241166232135637,0.08938195501750583,0.0957051467393117,0.06290178738461523
0.16008747913379298,0.10881241791537678,0.09727395045065908,0.10131997962910629,0.11778209354532125,0.16469086508178377,0.05874742983798448,0.08316282213746913,0.1081229622685062
0.1507608677755573,0.08625381058319471,0.10318329081383411,0.10029026740366433,0.07263701655065946,0.11202495330309065,0.04438379003147583,0.1834760103684916,0.14698999317003195
0.2314112095249042,0.11695705220983264,0.11803426072817991,0.15114516216019847,0.09083333768827777,0.046748572104870045,0.048650097500820666,0.13713785892048516,0.05908244916243124
0.3201699749619376,0.03840563272173017,0.11977190779616047,0.08362376962674618,0.1097033527038337,0.022392589041985753,0.16747778036212566,0.08429040334153663,0.05416458944394379
0.14845757157805575,0.06865276150426507,0.0691098458104439,0.13669669163903733,0.12831270176634216,0.08027872385423794,0.21939633809333262,0.08588304087986487,0.0632123248744203
