0.13175821514874822,0.15019280759954465,0.14910844284993865,0.11314243769779331,0.10814254355848663,0.07791507125665907,0.10900322207872389,0.06996785082939673,0.09076940898070884
0.08758129742906408,0.06787575934727247,0.07436989636877443,0.10302849391012596,0.07434476402560375,0.12488913572566647,0.21611466341585353,0.19669704464713825,0.05509894513050103
0.09690759722460553,0.16062873473567607,0.15203469082696608,0.13615411217517662,0.137876120633022,0.08780691888335147,0.04340544576989582,0.060852147483847006,0.12433423226745932
0.0816332706721822,0.14942904723455705,0.13299365085735057,0.10013772254989355,0.14955963412729797,0.08860830620620154,0.09227733256310237,0.06915771394799704,0.13620332184141778
0.17474477191902582,0.08581454530974413,0.081305917094299,0.11734605909927753,0.0977136513744979,0.0865523216151756,0.18123818722020565,0.11770046408941352,0.05758408227836074
0.06285391632928518,0.1589041087915788,0.11284089118483294,0.1299711937531688,0.11127619929961902,0.15295978191643964,0.06513415470736739,0.060310838818142705,0.14574891519956554
0.1205017145575889,0.13186526024814174,0.14154053834968283,0.14122840581548782,0.12001675753692449,0.09176317271050756,0.05028278935406552,0.07689838992882785,0.1259029714987733
0.09152269040801662,0.13499450551343412,0.12446747637803339,0.11424884760713926,0.1338006696210909,0.11096110161276392,0.06118125619559687,0.0777786956737014,0.15104475699022352
0.11977945438606913,0.08091899622139782,0.09874475415749669,0.0987570767130081,0.11427422276380617,0.07804267866545407,0.2136387294970494,0.11587752033274328,0.07996656726297531
0.25026389778002395,0.09260964453654336,0.09921305603006232,0.09583937131474268,0.10819832995773748,0.075164649909167,0.11526102642305092,0.08064515994555564,0.08280486410311659
0.1857922164516833,0.11955434848312656,0.10823434533105965,0.11787458858941861,0.10651563160401757,0.09704249559332066,0.09434760943741649,0.07807708341216196,0.09256168109779518
0.06930093093054474,0.14080231659349612,0.12672073330310463,0.16098598545480888,0.1053854889780601,0.09208093533700429,0.06425323277282528,0.12850503795876256,0.11196533867139331
0.14651616681273197,0.12675148807885114,0.12536938629328684,0.13657282577534005,0.11038128297895537,0.09009646726748555,0.06806240122730327,0.09483503790507501,0.10141494366097063
0.22829253246171868,0.0995602855288758,0.12100181172822222,0.11062636131423509,0.08655995086420713,0.08586454396760046,0.1170396949021583,0.0785832698559046,0.07247154937707777
0.12252162743677619,0.09115034467741144,0.11297958353244138,0.11416209202000349,0.10434900547225502,0.10140307036539158,0.1027743194758474,0.13650314881838624,0.11415680820148714
0.12548130032543564,0.09349501177153541,0.09574344572950233,0.12341501069343397,0.08465667669477639,0.07900076844395057,0.24969985732792477,0.0917023429632113,0.05680558605022964
0.08835810102042431,0.1542444414319423,0.1592240816152473,0.11401338430807369,0.17409706687093762,0.07419253274699389,0.049850228625295555,0.05021063285407094,0.13580953052701442
0.20968651869090604,0.10904328560040856,0.11015960212924887,0.09010912488302998,0.13606973986302096,0.07315960534655382,0.10039323939050522,0.07070801277226223,0.10067087132406434
0.12487033792043727,0.1182612062086877,0.11629866737501503,0.14073496137270877,0.13826816394498284,0.08808330767558663,0.08737013090536282,0.08009814392245725,0.10601508067476172
0.06313589375165264,0.15792925938132696,0.1114877556011042,0.12662588100730746,0.09908075649606346,0.1696992638377822,0.030816449971672943,0.09296497205603606,0.1482597678970541
0.08004008914941957,0.05734352036174095,0.07304678811665363,0.07207922426035589,0.07328995547562635,0.07909003860773182,0.3314349910605123,0.17499814558614699,0.058677247381812535
0.09768893796265915,0.06818336902719464,0.0767661265001054,0.09599537992549241,0.06807820817171807,0.08478838394197684,0.266634773955507,0.19380425857121075,0.04806056194413564
0.06425737199125336,0.1573309158713011,0.14838248747322777,0.12014686785056283,0.15005779433395397,0.08761640730252461,0.014291042713677317,0.058374593629573236,0.19954251883392582
0.16528382174697998,0.11007201226067326,0.1170883017008094,0.12446581086232762,0.13965105278689624,0.08121856270223955,0.11939465655397698,0.05105605559029295,0.091769725795804
0.12137397326123801,0.09391442441691268,0.10743089926551275,0.12715611148195227,0.11749672975490986,0.11129682235728533,0.08174138106826649,0.13897984292250296,0.10060981547141967
0.1486145993352301,0.09047734225346012,0.11562162451310311,0.1197706783246848,0.11182066165195663,0.10914391796795919,0.08467669843935315,0.09456985651914018,0.12530462099511278
0.08939297004588136,0.11726306931068742,0.13415581058261003,0.13000458332987086,0.10712007215213347,0.08723657094177019,0.07082261149545749,0.1383059349449177,0.12569837719667148
0.06560176601320197,0.17316590008707966,0.14734688402180926,0.14066335798613744,0.16176213911123039,0.07091795401941096,0.022360829963803272,0.05732515950130949,0.1608560092960176
0.16103926040700614,0.12472443372233906,0.1455443674741708,0.09528347818842535,0.11964058363016739,0.10197699288361844,0.02659689081916611,0.056636631004964126,0.1685573618701425
0.12936034868277502,0.1171965999742467,0.13329991969396968,0.1296508629928924,0.11601731021851913,0.10243533721142957,0.037776306087462734,0.0926531012527852,0.14161021388591952
0.08614137158094022,0.1310247405031384,0.137675580631354,0.1280204009103418,0.11651748237876332,0.09277779303839007,0.09302278371227306,0.08814937038407548,0.1266704768607236
0.09520767083851707,0.08429971376268247,0.0886912625329662,0.10810277501636133,0.0975917533240598,0.08948074041043545,0.25690940632971576,0.11093781943207152,0.06877885835319043
0.12801773507802203,0.10197238671523019,0.11474864961108873,0.09624392880295025,0.0976620273338133,0.10970192874295892,0.1588628357938435,0.09256657267729985,0.10022393524479319
0.08086412386654636,0.1433133877050117,0.11636400072908759,0.09494789395984753,0.12311840290459596,0.13463919797568877,0.048266745469224125,0.09575587265040963,0.16273037473958837
0.10537011592189456,0.09232870779925238,0.10300856793201803,0.11708637281382848,0.09977466007792739,0.09140898395778929,0.15987941096516975,0.14302112704041514,0.08812205349170495
0.08605034310883582,0.10118842285761136,0.09234384967675853,0.12007876035014442,0.10364533255240706,0.11050718372481087,0.17868207599005861,0.11797384861035483,0.08953018312901846
0.1636136726080891,0.11976519098786849,0.13853684517220397,0.11690944749996186,0.11578050548722855,0.0873511242820184,0.07567577706695981,0.06946824886340532,0.11289918803226445
0.10094720062097762,0.13788087338003682,0.14084807911435734,0.11201529420703508,0.1475836549894204,0.06699138346176625,0.12457376115725143,0.06692950143946665,0.1022302516296885
0.08455642666658077,0.14523723132895364,0.14599348735371898,0.12499049312129996,0.13984027494387632,0.08188898198133292,0.03601429743665367,0.08825499511849837,0.15322381204908533
0.12698699122067914,0.1237292920779798,0.1538120508706207,0.10195806251031031,0.12824955124858362,0.11123044308620379,0.052736152266875995,0.04750096047869342,0.1537964962400533
0.10153567009269253,0.10304393736866675,0.11607294402364325,0.13142730155059404,0.08720884548771267,0.11404897563616379,0.06359384142072425,0.17486774795055607,0.10820073646924667
0.09698921069595363,0.08228932517379493,0.08801073770035982,0.10868220980167081,0.08959477478555804,0.1526401188751224,0.09851917596048021,0.20859008927675815,0.07468435773030192
0.30895659430902234,0.06715524530717078,0.09801180315821367,0.07472178681388786,0.07186287013691514,0.09922288717327965,0.059950218005477555,0.12690377270554623,0.09321482239048672
0.18545756726268836,0.07945057853372246,0.09347658081609833,0.09186600932130645,0.08834866684206134,0.08345958906123689,0.21077399141309536,0.10004453762446626,0.0671224791253245
0.13663972899762142,0.07516960133738021,0.0932235163052671,0.08304643203840563,0.08261239095068523,0.08751166647278548,0.2867728503111688,0.08145389677933268,0.07356991680735354
0.12216385037403206,0.1183888781282255,0.10681595742442383,0.1354872725757572,0.10117265278176918,0.07864086042029052,0.14545623048061462,0.11794762429256252,0.07392667352232446
0.16361824367817743,0.0879871132965326,0.10208175081048483,0.09900119245125838,0.07282678512422333,0.08051182654436938,0.20802993828323016,0.12440824721404843,0.06153490259767539
0.08656416303603133,0.09615660216204618,0.10133439082297581,0.11421745966555429,0.11939468001594301,0.11647336159219125,0.15767316171998721,0.1328543904033617,0.07533179058190927
0.08774588698284276,0.12317887249722263,0.10773823354917085,0.1047385189440669,0.11361394319171451,0.10592086219152015,0.16587952288668448,0.09834471830716655,0.09283944144961116
0.11446659282998912,0.08507232261146831,0.09893726321040197,0.10368257909307972,0.10391275291851843,0.08352740119941054,0.23970108162440149,0.09418970881344214,0.07651029769928824
0.1645238423663822,0.06182009615762121,0.07393967597737755,0.07867994442992077,0.07417857627975889,0.07103751836582657,0.3148872531706335,0.11834827618307886,0.042584817069400434
0.09479170520079883,0.1336824524070811,0.1097878520340057,0.13436736262153307,0.12858595386582639,0.11911961770306312,0.0957264290215113,0.06696414517734191,0.11697448196883854
0.08105380248084755,0.10043253051854133,0.1190464979962837,0.12157408953099506,0.12692506518006683,0.08541067286998348,0.1296112685915496,0.12562939885029697,0.11031667398143542
0.16884888701317582,0.06827050118742639,0.08034146906461952,0.10356499586453922,0.07765968894694746,0.06080679146726956,0.3042891102380028,0.09592213571114828,0.04029642050687085
0.12727297015516312,0.16188817244010978,0.12554325783022768,0.08942429181671546,0.11791082603770475,0.15643900871554897,0.03169145771468724,0.0452028979019776,0.14462711738786538
0.15537405385414996,0.10164073451906935,0.12202810023755094,0.12928150817548892,0.09083247408244681,0.09624458601514778,0.08182564765967186,0.1230673468132074,0.09970554864326692
0.06476270543960334,0.14263554698959446,0.1370700250870789,0.11615969716439378,0.13799501391701133,0.08814317444813012,0.0745558294109744,0.09921358172824057,0.13946442581497304
0.10786447610463579,0.1251466947877149,0.1499088860303037,0.10933954289124075,0.12233651968908384,0.10729683383527944,0.06606893817587663,0.06355007196372191,0.1484880365221431
0.11204130119821189,0.14320700155064156,0.1409854428177929,0.11090921454416795,0.12222172296457527,0.11718336530939322,0.06683956947369829,0.05489865270145278,0.13171372944006618
0.09976400032056056,0.10585522580821512,0.1274549366087155,0.109561673044548,0.09308926333022759,0.08617381124830692,0.18273624283700438,0.10065794234548357,0.09470690445693847
0.0604353336649729,0.15144729079615185,0.11637285831226818,0.13080205934880487,0.15008248104733934,0.09965637406882748,0.04090454290221618,0.09904618865874881,0.15125287120067044
0.19160423214318398,0.07979951137557796,0.09368118259385234,0.1059619295558238,0.08737541741078238,0.07701115311920236,0.23675418320824013,0.06891646899235258,0.05889592160098444
0.08343347309657421,0.11585474639453462,0.1350141320079112,0.11450032392507666,0.12862937333396568,0.09192886011502155,0.07900391989795613,0.10873392768981806,0.14290124353914185
0.08211276292595686,0.11402750020498158,0.09811053123920488,0.13214456321980128,0.096954110146171,0.1320319901713635,0.11918645819844853,0.13526370283686115,0.09016838105721113
0.07900033691971257,0.16228325679749833,0.13399747894321698,0.12615289219595985,0.1735267141413895,0.08531947379367318,0.02898146302260689,0.0543596368226072,0.15637874736333546
0.07564734412805221,0.1473346257259659,0.10869335194077732,0.15580087912852125,0.11323017041903682,0.10717036476892695,0.08791532813086773,0.09971138138205689,0.1044965543757949
0.07378668302498187,0.12032153746695318,0.1112643722717442,0.13318173673921307,0.12923872016390223,0.10855260293942946,0.12421312572210404,0.08312897525331932,0.11631224641835262
0.15162919480616596,0.11144110808791559,0.12398025870872331,0.10826493036791979,0.10390041531056032,0.08586707738387657,0.08064557485401175,0.1270278342581425,0.10724360622268418
0.07607755249542403,0.12919130795014674,0.12946888253102815,0.14234885250262205,0.10083059674014322,0.09437139706124294,0.05450867998481577,0.14999197517878415,0.12321075555579301
0.14693193227859574,0.09916993784674281,0.12873934073671545,0.08521084674587308,0.12228054710144905,0.09718678149867571,0.10104330196819351,0.07904681961791317,0.14039049220584152
0.13763786122100152,0.1096918121514594,0.12005749061640254,0.14259655825529036,0.10072635952006441,0.09433101731166536,0.039207538701417015,0.14523190442726716,0.11051945779543225
0.13757092316683525,0.09040827927066769,0.10704336368884153,0.10276279440055476,0.13137253930330248,0.10800763639998916,0.1427787670228237,0.06039204300706023,0.1196636537399252
0.13312482173594475,0.09884256492874059,0.106694101707555,0.12427303301449615,0.09833939552510519,0.10286364713420694,0.09162645996354625,0.14615094001173234,0.09808503597867287
0.1275017192064117,0.10216638827440438,0.1230586370633804,0.12272476714938746,0.1272582522242424,0.0824604529050787,0.06725933154210552,0.128426063402469,0.11914438823252044
0.08548070130308495,0.14881052809575587,0.11485528748755013,0.12035183688458861,0.11150353994883326,0.14310900534779655,0.0680574925925953,0.07160478081456366,0.1362268275252316
0.12804085057597112,0.18351943417826178,0.13033866161269195,0.10828931655489865,0.1288810484762806,0.10355319627502257,0.05878883264850961,0.05016321490127094,0.10842544477709275
0.11858072729876062,0.1352237774444715,0.1120806037628836,0.11304841019899638,0.1251945209555265,0.11676974741562653,0.09306865829242972,0.07032866708388884,0.11570488754741627
0.12927829715522873,0.055136622418744695,0.06818199023649367,0.08104303907300435,0.07965186535419937,0.08998081220539467,0.2985952503221479,0.1477139917710474,0.0504181314637392
0.24848611059749337,0.10509931584773385,0.12122902488206667,0.09789032799996722,0.11238168837473535,0.07425181933441218,0.08723432448483041,0.059742004260687286,0.09368538421807367
0.13746469681944157,0.11472291719053795,0.11931996628786527,0.12523047597283024,0.0912958691139203,0.0794979634918402,0.14806673844586812,0.11011433507603842,0.07428703760165796
0.10443467824373211,0.11608487077613362,0.13604695346431106,0.12415429528796366,0.1217993928948889,0.08495700742845229,0.09638303821501747,0.09876097118521036,0.11737879250429055
0.1407802908058499,0.10451764196125868,0.1305899033574139,0.11305294079786342,0.10057033753224098,0.09523569004496675,0.13792351296152564,0.07516184980807795,0.10216783273080277
0.12043688811864028,0.14195531939014802,0.13528432516018704,0.11949990766479786,0.1749188421725254,0.08157237737688966,0.05959844759174374,0.04338046759786813,0.12335342492719992
0.19084936386315474,0.07944685194881668,0.077787678352025,0.10133115260936516,0.08208173830351255,0.08546740826670807,0.2177740833708716,0.1126987751957363,0.05256294808980983
0.08105171979772274,0.12413191983311596,0.09174030947373558,0.12682610237905734,0.09404479943060673,0.11399242788793666,0.15864046679592134,0.1346121120733016,0.07496014232860203
0.10614587385526343,0.06725025607732249,0.08897925351814552,0.08146130646352738,0.09198100412322885,0.05894894010183568,0.3510637859597801,0.09678582621605542,0.057383753684841186
0.07788612737510596,0.1118118913640569,0.13199609091341274,0.11397970904139387,0.11175422252835722,0.12442051852054525,0.058142017407322354,0.10989919375137845,0.16011022909842726
0.15449930926253172,0.1138002597451769,0.12796951875695264,0.10356464375867926,0.1336504145819144,0.07983843031303169,0.06189459884435921,0.0883541600177799,0.13642866471957427
0.12277460658489237,0.07903597254282625,0.09453086623227465,0.10251953689699767,0.08818138180228009,0.07523977945558269,0.2150525329722339,0.15454881094918219,0.06811651256373019
0.14310622499658274,0.07972580584228434,0.09462131075388364,0.10248940625035476,0.10644747591761815,0.07674563208398928,0.1995252519607,0.12519142956064253,0.07214746263394461
0.11462881685865421,0.16243414357194372,0.1376926366004009,0.11109082997333074,0.14633394890105,0.0918699922150581,0.07629549487322947,0.05152670892356739,0.10812742808276539
0.09511308068358772,0.07903231739936188,0.08889186455075619,0.0978301165070501,0.10169108647461068,0.09873228940121041,0.1875513407668844,0.16335363741891054,0.08780426679762815
0.16699411226535274,0.09783716437307806,0.10336333322814256,0.12334350160335646,0.11957704203265646,0.07310216269647007,0.11288417770249286,0.12650212483392034,0.07639638126453047
0.0902383726540612,0.14918771003684797,0.13987748454793633,0.10724424670224253,0.1223576504466755,0.11817699226138707,0.037332853529502476,0.06657633726405356,0.16900835255729332
0.11838829654742977,0.07026356956635361,0.07992683627497225,0.11630716277517057,0.09197226983009066,0.08382672306565651,0.2675364031508142,0.1144341721150004,0.05734456667451191
0.0764546382164673,0.09329690581950416,0.0893878842527473,0.1259591080398417,0.09643505516604524,0.10063559453745531,0.17360153968376388,0.17911477794380362,0.0651144963403716
0.10936084480759638,0.08449041956315369,0.11561784345007692,0.07975229766408055,0.09361394498143993,0.07945959518235009,0.2811372553373926,0.0662354422577404,0.09033235675616946
0.14684198651423389,0.10440167956794162,0.10197847674388298,0.13025657942318195,0.12209955465025156,0.09408559013146954,0.1357165714362256,0.08072612672062203,0.0838934348121908
0.09215714357115358,0.12239418056489926,0.12556639465090566,0.13794574885812746,0.11700914523073731,0.08939500510334676,0.11099387771938511,0.10701701089368072,0.09752149340776413
0.06614825515290133,0.15395872803664826,0.1387158393636504,0.1327004494892828,0.09904254217102254,0.09785470155693327,0.07871792865391977,0.1055577091487976,0.1273038464268441
0.0953768923013354,0.14115196356326568,0.13912107267152635,0.15795273441701582,0.10914978020457022,0.09154445482241513,0.03565717684375922,0.1029409391814925,0.1271049859946196
0.08659922764495635,0.09908151718405306,0.12134384375128089,0.1382992889411977,0.1024582746932526,0.09622983351660251,0.0787524604093556,0.16523103094421132,0.11200452291509007
0.06621532428540176,0.12395862895497589,0.13713183414716687,0.1310544721029663,0.14832863449481537,0.0869104992104926,0.036796153088757784,0.11639500349466543,0.15320945022075794
0.1129206188842541,0.09800275014094428,0.12429922417316101,0.0946073112068438,0.10215418097794977,0.09648664972010014,0.17968035120403847,0.07899338006988318,0.1128555336228252
0.08804248312199492,0.13535995168925566,0.1136980299716193,0.12789505332895346,0.12169772395048255,0.10078654082786453,0.1363481892522395,0.06637632593678516,0.10979570192080496
0.051826425870373234,0.17081928089273246,0.13541198668712626,0.05368431708821262,0.14237882961327344,0.14076817310706313,0.06866176584848309,0.0419517870879659,0.1944974338047698
0.13774816723411396,0.08485476066016244,0.0894469877246385,0.10619680136885802,0.12365224129745529,0.0772682063450067,0.20327024573843522,0.1067586286812842,0.07080396095004565
0.11079581843248387,0.1109204590717382,0.12331380936515764,0.1455991740366396,0.10824063417704267,0.1133845085446648,0.06754739878584126,0.11392178204093915,0.10627641554549276
0.10749504308635323,0.07818659797048184,0.08944672195631094,0.08783491468219956,0.09081027476155318,0.08937140950831392,0.3055103139502738,0.08930887159796445,0.062035852486549116
0.14859089138621315,0.06818502644272524,0.07613349529631976,0.10341466352885427,0.09117735244686935,0.10212187406890927,0.2086668091467907,0.13841433662711133,0.06329555105620688
0.09119604437302875,0.1009908796103602,0.08631332077247474,0.13062702107659954,0.09849704654556474,0.10717777424380408,0.1761985401004155,0.13434909194256306,0.07465028133518943
0.07471406793503536,0.10403345813210735,0.11581390482400473,0.12967427142895813,0.10268101269269075,0.11007395594490034,0.06866750896652571,0.1701700208802687,0.12417179919550893
0.13658902766804817,0.11149080573076431,0.13552408313193987,0.14803996679519751,0.11890691211337752,0.07438707223954295,0.054570970926905014,0.13841505119066663,0.08207611020355798
0.18530159223763323,0.09681428980524842,0.12252076399901646,0.1234416809883025,0.09048275198551703,0.07712958695063964,0.06898392218462832,0.14104776974359132,0.09427764210542305
0.14297210838980365,0.10471218727257092,0.12264408229994878,0.10840421837695528,0.11193234419892482,0.09280630252085215,0.11584573596830207,0.09332827699099222,0.10735474398165006
0.09257234235726068,0.15878843464243556,0.16046511134155275,0.12071444523194075,0.17065371532936302,0.0725614921729958,0.040374998190040375,0.054386360206066346,0.12948310052834466
0.09482418043022035,0.13815311128704647,0.11980810436416083,0.14798523853159143,0.12091128792318846,0.10166683915787428,0.06832275679954117,0.09321406582267477,0.11511441568370225
0.07790944076073451,0.1465378586917332,0.14067572050850083,0.08865257116206839,0.13790508513290578,0.18403498974257085,0.018493286319249232,0.028836023041504316,0.17695502464073287
0.06872170293088416,0.17904595115800712,0.14393919746059877,0.10788963005995349,0.1482918513534347,0.10611477595108988,0.03472491342924636,0.045525403749632126,0.1657465739071534
0.17478159986780586,0.06805275151371878,0.0851583798148739,0.10999193995505345,0.07722105199544037,0.06828454703766045,0.21801114658757148,0.14887789630734466,0.049620686920531044
0.06317679907550282,0.12257111497833872,0.1122732716094197,0.15086946265669485,0.12858065245374523,0.10828941036399813,0.07970618516683003,0.11040457529164927,0.12412852840382121
