0.09971996564261276,0.11341538452471506,0.10505493277489612,0.08666263851798332,0.11491816143547244,0.14320033222885076,0.12935953952231552,0.08247251953497516,0.12519652581817878
0.08390383657582291,0.12948511579165983,0.11357074367941096,0.10510709171269401,0.12741513017456804,0.17673016052558013,0.12842349468841163,0.10740115033502862,0.02796327651682386
0.1008775736220423,0.12395400035909793,0.1342454488139372,0.12869211374802467,0.14020504912856055,0.11518946840304294,0.1207484069969802,0.09671231865785757,0.039375620270456706
0.14244800535503857,0.05160068340076829,0.08212633161854561,0.05220354540771812,0.05764011947826982,0.07613332011960143,0.07291598433920446,0.10574524683788762,0.35918676344296613
0.10373627629561265,0.10709977345772774,0.11758406285071332,0.11472024316163117,0.08903037625670714,0.23651689806721699,0.12743037915496513,0.06560541645030517,0.03827657430512066
0.09260661921704925,0.12993311150885628,0.11518548114250526,0.11888566029042924,0.10624903752097829,0.1714403610108076,0.12553131700344602,0.08931275465832898,0.05085565764759903
0.09135514978489441,0.09105224090561924,0.09061329567974648,0.0567021835206958,0.11190972309518955,0.1594794109998924,0.13169066670132087,0.0803789026613599,0.1868184266512812
0.10038343835914086,0.12179563283303622,0.12107326726402749,0.1261491605620169,0.11854181586069791,0.1486228088882009,0.13210009730036731,0.07891449393866294,0.05241928499384935
0.09630919087265795,0.12822913934289604,0.12940427814443003,0.13208110604588538,0.11833930198137506,0.14571460189665195,0.13403987434346176,0.07917464320745786,0.03670786416518405
0.15148072110097163,0.09069018014873319,0.09114930362248429,0.09027722399456567,0.09007083730588812,0.13939046187754459,0.09347315683587065,0.11218980945899548,0.1412783056549464
0.08349064748836353,0.13848098365049122,0.10738537700003076,0.08851916745580717,0.13179162429062108,0.19671937410517945,0.1470483728984924,0.08664840577362853,0.019916047337385886
0.12961228101097946,0.08142046575201001,0.11375165314236411,0.131100875424533,0.08463011924718417,0.0577930764273653,0.0806611824549028,0.1534855342881046,0.16754481225255655
0.09909018494298578,0.10016358391271558,0.12341176862029524,0.11069760798242521,0.10561609249945701,0.12697187958652648,0.14283594651510712,0.10118884692738177,0.09002408901310573
0.1097856759903084,0.09174983323986093,0.12192968097794803,0.089189632022956,0.11501060653269535,0.10057267300018759,0.158567322308776,0.06686656399627743,0.1463280119309903
0.12792031622297836,0.11265467100830547,0.13264161831323004,0.1395912028090387,0.12807278559339141,0.07859371379214261,0.1008183811621805,0.13850652877517622,0.04120078232355679
0.09510662680683601,0.11836879397545634,0.10579569117540939,0.07011040014166733,0.12843689296728505,0.1639361327391922,0.13222269146378618,0.07093884271124622,0.11508392801912125
0.1149887811543649,0.1323683200262111,0.12363179895704597,0.12154312569746861,0.12769076238501906,0.09038306218388013,0.10674488998654291,0.12626782396182384,0.056381435647643426
0.11469389448994438,0.11414328734252153,0.13173232496251566,0.15678207359083599,0.11883084575636486,0.08046279466979281,0.1051866168577514,0.11604475799097126,0.06212340433930211
0.09388133310341941,0.13468014204119716,0.10902741400160204,0.07419508253119668,0.16134838549134714,0.11492937669661814,0.1533845138703452,0.08466857279654116,0.07388517946773306
0.12490367254122352,0.13532815678502055,0.12532479650833295,0.15796739885752792,0.12820893304556924,0.05413785870665388,0.11003826347187133,0.1218918418291113,0.04219907825468929
0.15337419606856514,0.09165267490928501,0.10534843474687966,0.09234317570242283,0.09929603192853909,0.10531862026793488,0.10505247080620304,0.16921570151323004,0.07839869405694032
0.1534157566457585,0.0717741635132348,0.08348642564044274,0.05322691609404959,0.08626281289004485,0.13041406239204148,0.09341692371359124,0.10441235641386866,0.2235905826969682
0.11792363614696717,0.11020095658912159,0.12134449957101971,0.16107558757034243,0.09283618252347291,0.0696001561610828,0.09692779689069046,0.12007317112943101,0.11001801341787182
0.20064989442403192,0.06894724879302562,0.10619138183547983,0.12147131165531451,0.08947444507566447,0.08633345245832391,0.07916337207718485,0.15766755390480525,0.09010133977616969
0.10280143196886758,0.15445402813346773,0.12150358541497297,0.170340059505951,0.12341114166737958,0.05298590389273971,0.10720984705325702,0.13449260950141398,0.032801392861950454
0.09241755939556556,0.1712805835820257,0.12397415831531856,0.1604177822165388,0.13282935806840582,0.05653956968962123,0.11280177719673386,0.12288056522783634,0.02685864630795402
0.11121754660618505,0.07962277704662997,0.09265175291593171,0.06760145246976214,0.08963327489895882,0.09616294422114398,0.11969178731712811,0.0999862357646702,0.24343222875959003
0.09705288965021297,0.12859839299637812,0.11837851952867484,0.11255931572440486,0.11798320260141097,0.16412927064112234,0.13021534617681876,0.08691751901215405,0.044165543668823005
0.10357220849141753,0.1097449642385967,0.13787532867760174,0.19997029638091168,0.11619020770106912,0.07868992870287632,0.09249718371023173,0.1309337783409722,0.030526103756322965
0.11360871823564145,0.1405714205518398,0.12182281725668681,0.11869159888165065,0.14917944025044425,0.08372682945031755,0.11294602090212214,0.1304314434293937,0.029021711041903726
0.09490048439664052,0.12698438852113011,0.09404204290616662,0.05516206509085558,0.14275453548904526,0.19090785946131997,0.12911790856415273,0.09203312846538754,0.07409758710530166
0.12865235709562137,0.12580441054538458,0.11439683632984572,0.12598879179480227,0.12279004204991854,0.10305972187445533,0.09210111757199442,0.15192781705753577,0.035278905680442126
0.10831156286925847,0.0881346872202579,0.1152837894051557,0.09123750778527223,0.11004328890952515,0.13037129816436696,0.1419953693877267,0.07934497173696985,0.13527752452146705
0.11740826681107346,0.09013367110781444,0.08270966436995761,0.06127614766494563,0.08278188513823885,0.18679566290614277,0.12061985544136129,0.09073597446211822,0.1675388720983477
0.0831877324674776,0.1054078061515697,0.12722391982507053,0.07378130455758801,0.11953398525325028,0.20440063972815992,0.16794284049048872,0.07899351587289964,0.03952825565349561
0.10680066580236462,0.10304073998247869,0.12862907621964914,0.1633629840303534,0.10873644697020861,0.10361155827023394,0.10296500461725948,0.11690485895312591,0.06594866515432617
0.11522422929448999,0.10565674555928688,0.09866640606528572,0.10991503208137753,0.09857374102055809,0.10177601555309118,0.1053340895271249,0.11148653664686468,0.15336720425192107
0.09397865820832425,0.11945840558976606,0.1355584489935986,0.1428243216782491,0.11869430319629608,0.10852559068079086,0.13805722229194045,0.08726574544824017,0.05563730391279437
0.1401050813540218,0.10667085485604215,0.1243947045728477,0.110065749939825,0.13826711645871856,0.07833614502460248,0.1072060135330639,0.11952298887769931,0.07543134538317904
0.11232068140596772,0.14478484831633123,0.10732896568709198,0.1019603164852514,0.1289577065886349,0.0903782478324497,0.1179305408590031,0.13878434374117019,0.05755434908409978
0.12072287802088415,0.07029851019031223,0.060016418133839206,0.019748661847033583,0.10847517013600151,0.05971679656450124,0.12505465109902345,0.06061135863274708,0.3753555553756576
0.09575589027749569,0.11369412968582703,0.09798196402371447,0.06293911602976769,0.14511754143230018,0.13949398852306072,0.1546331627400186,0.09624532865351576,0.0941388786342998
0.10990541900732197,0.09600416980697248,0.10854245222792591,0.08362563392038429,0.10957220850445822,0.20726841004343663,0.13582641938018708,0.0745596248812156,0.07469566222809773
0.12992036034597812,0.07782039231162904,0.10872973760143749,0.09421102558177581,0.09431649462689357,0.11094914638039279,0.10256932160078469,0.11015641832660744,0.17132710322450104
0.12296337405243808,0.10651681107217399,0.11219938872224466,0.13917459717853453,0.09374939625123008,0.11750617466849513,0.10722520823593751,0.09713063560585022,0.10353441421309584
0.11401917333720812,0.11449303807641616,0.11742439414348843,0.126142056917214,0.1110396521765674,0.1300655887079056,0.12100146839686048,0.11454230780078124,0.05127232044355843
0.10165270871120162,0.11522436175521933,0.13146327399283728,0.098997828376673,0.15435203610142326,0.08771301352375249,0.1560669083971773,0.08032895284402482,0.07420091629769097
0.11338965123407117,0.11890276617238288,0.1313278926134599,0.14329872962205284,0.13281255588658966,0.10800510985928509,0.11966625262341009,0.09330412874339589,0.03929291324535249
0.09462049011629843,0.12043917190645294,0.12426161280257177,0.09563697784937651,0.13585590222343688,0.08605498804851663,0.15220056654747482,0.07671365731474193,0.11421663319113007
0.13328694573991862,0.0876410986091095,0.10878429045511558,0.08788741493208911,0.08903275727851716,0.0702368682220109,0.10119169923366138,0.11381513683579848,0.2081237886937792
0.13833701381043254,0.12415627250068924,0.12249402991276227,0.12360229939970084,0.14914802121279844,0.0953288489548863,0.11247152182739957,0.09344605518254363,0.041015937198787114
0.12616114339981543,0.07111389350199342,0.11081222205295056,0.1179287998916483,0.08065310082443516,0.07496796016037714,0.09804488949830555,0.11829054338360286,0.2020274472868715
0.10115177137685184,0.10129397041435068,0.11133289795995682,0.07990614171318605,0.1271145854833525,0.09635083522142712,0.12753890863260287,0.12276499558182082,0.13254589361645128
0.11229356837252392,0.10864174509403918,0.10921541690040938,0.10327242832918766,0.10714715869233334,0.13424247793109137,0.1270826886982974,0.07353227367945146,0.12457224230266624
0.09733395562831919,0.11371909726030277,0.11419398813633981,0.1119399086098029,0.12519724390858752,0.09078032358325332,0.12647189345995455,0.10242659271798464,0.1179369966954553
0.09242174448873632,0.17031636613483161,0.1344763404469195,0.18297709425816447,0.12017080992756739,0.07157935950344994,0.11417135576293085,0.09317369810177406,0.020713231375625824
0.10024774067836105,0.15375111849532286,0.11837177997011689,0.11216272791912224,0.14601650792835213,0.07471394231146562,0.12487198702957018,0.11986290918601299,0.05000128648167599
0.09774370658525645,0.1090061797449648,0.1376374456678807,0.09009390114750844,0.16637173801062313,0.08859505563617388,0.14794524781906235,0.1004844345589239,0.06212229082960643
0.11004565612188426,0.14193922287357186,0.12642081510378603,0.18298953442599672,0.10255890663036882,0.0738005105568129,0.09440112195041872,0.12214110053981934,0.04570313179734136
0.10428042535068778,0.12506741887235867,0.11723032954987206,0.10956309330789693,0.12109959014031173,0.09937588048819941,0.1341082456373269,0.12699791213678915,0.0622771045165573
0.1297421370650567,0.09845748134806726,0.12072633956115564,0.13861430744140626,0.10198816693382794,0.05390841361507124,0.08774397948693637,0.14933409594966487,0.11948507859881374
0.10663724697446586,0.09542679587744729,0.1140211056087606,0.07671339585461101,0.1227189225631461,0.10143227107257428,0.1281438772017829,0.10197821662185154,0.15292816822536034
0.08549784001807363,0.12331907411624464,0.10261525827593727,0.0763133488548862,0.12430030298956753,0.22023677331247435,0.14537989206153523,0.06982034839029554,0.05251716198098564
0.13253706275281404,0.10242181594548123,0.10086147874378149,0.10583621688955958,0.10570929904744349,0.14777630273463113,0.10796516494443932,0.10799193852330145,0.08890072041854824
0.1068189207611812,0.10714964490412987,0.13726942922523278,0.16400422726175148,0.11237184269928278,0.06783654138328749,0.10984954016960924,0.11137494972539054,0.08332490387013457
0.10146372632766182,0.15800199987933064,0.08163443807655037,0.03174342596939284,0.17432754364306216,0.132638201811465,0.17417037635234078,0.10611382895384519,0.03990645898635119
0.0978125962677767,0.15361650183599976,0.11660331111160015,0.09384585901814542,0.15003081056609852,0.09863147384415093,0.13374064486319692,0.12573608573128595,0.029982716761745642
0.10032850834003938,0.08838526713379292,0.09642116556043794,0.053903213000937096,0.09742462435084343,0.1538473159701126,0.11554251554805262,0.09967175015831627,0.1944756399374676
0.11661577989244237,0.11790292473654511,0.11157900307382251,0.1136454457468205,0.11564410687534758,0.14205320024677381,0.1193834333955266,0.11040557306112915,0.05277053297159229
0.12158205661725136,0.13405857535548646,0.1209014796680461,0.11900890768500481,0.12909123604662073,0.10419329648936841,0.12658568040701468,0.09530485150048085,0.0492739162307266
0.11426488475142488,0.09741052474642985,0.09986290181708883,0.06002310083832455,0.11880820780806738,0.11534801681558411,0.12037594828562559,0.11741139817232515,0.15649501676512967
0.08868069014106505,0.13410205913669038,0.10516973181901434,0.07943849545086194,0.131705882146303,0.12949513393760312,0.1420720857604171,0.09591434061493474,0.09342158099311039
0.11297533733142955,0.1110757069151483,0.10532852295784774,0.11544407021763954,0.10428575081651888,0.15032251460164295,0.11921266004266313,0.09538669067139562,0.08596874644571435
0.10980594562375649,0.13274677902877652,0.10803619358723766,0.10355822091039894,0.12330059939413869,0.11421749634970253,0.1301852214369311,0.11174069591388304,0.06640884775517499
0.12297106456090907,0.1211746387375187,0.11449223993661416,0.08426329489217192,0.14542291444283495,0.12024189974441608,0.11441929883523427,0.11813994634146491,0.05887470250883594
0.09704130869279663,0.12896478999186536,0.10880298953297096,0.10486142270599803,0.1242892599682301,0.13637352527127586,0.12571567665736683,0.12849910553606492,0.04545192164343126
0.12009248976285332,0.07866140124324635,0.08671140685765022,0.0805137595258469,0.07776200231347875,0.17173375733210638,0.09673895852667723,0.07799476468257412,0.2097914597555667
0.08883935460746646,0.14539572963447844,0.1299139637488793,0.11573528831386447,0.1389805781053796,0.1149128564600105,0.1343685035778638,0.100390531874145,0.0314631936779124
0.13539276234639439,0.11228512503284978,0.11553841545143721,0.1443152866048227,0.11161130414852076,0.07819769120831795,0.099594076472598,0.12466245287902604,0.07840288585603315
0.08832404252029187,0.1450852849508167,0.1281609087005141,0.10050335197566673,0.13782384695757743,0.09778722320081705,0.14707772861140342,0.10288273048034341,0.05235488260256929
0.1388552495629858,0.10034442112325032,0.1254316606090222,0.1430071126738903,0.11870770191056058,0.08131694778870453,0.09102718787700136,0.13526079512081887,0.06604892333376605
0.0819102006417125,0.1235071159205996,0.10200928543492051,0.06626034163132448,0.1326092763817578,0.22945874935291696,0.17174347183173425,0.06625250018093463,0.02624905862409928
0.09367659132039974,0.14217918535715943,0.13829469754874021,0.14811447558169427,0.12919794228211806,0.1293780687343524,0.11933736667147836,0.07790154219772051,0.021920130306336976
0.08255942413641125,0.1286595398247953,0.10745454371355741,0.09163966364627303,0.10845241518035287,0.16589538434046627,0.12595279268267098,0.10517801681867966,0.08420821965679316
0.117626621594979,0.08750790325749784,0.09675841487885756,0.07356921175327673,0.11371186328872616,0.05264351573917362,0.12705841356213105,0.1591776080112215,0.17194644791413663
0.13501907999396212,0.09373715838003921,0.08006455819305511,0.034517854582076624,0.11622908882500278,0.07735314510775304,0.1476624362992682,0.11005371089802907,0.20536296772081383
0.09695399909701945,0.1044023664638315,0.1089138243870693,0.09696522785689776,0.07953867734120919,0.2209441191067397,0.11476279835224523,0.08427912163680173,0.09323986575818612
0.10853678288606318,0.14606069591092788,0.09819905815789416,0.08899023073275059,0.14114479289914036,0.1340170953159283,0.12997308816095085,0.11376862681186668,0.03930962912447796
0.09348865336833402,0.09661572016919605,0.12271738224484596,0.12076167881540083,0.09592362309118692,0.09034003434575721,0.13075357140710933,0.1036763928062834,0.14572294375188632
0.10932279548590372,0.10376204075955194,0.11039409501125313,0.09154647939414588,0.10711983184193934,0.11083843641091568,0.12199746392093828,0.1144471516240596,0.13057170555129244
0.10612227998715339,0.08385691554042583,0.11763480328065724,0.14696382847911232,0.07425410941738093,0.05430068528405369,0.10571535733220633,0.09916218896862701,0.21198983171038321
0.1190001780156018,0.11028930482045578,0.11867748515018717,0.11193470016527518,0.12907439410240462,0.09995908156649136,0.13047235421289846,0.09923502931678625,0.08135747264989936
0.09505308130736788,0.10242104687354359,0.1097290819384205,0.06729227696100866,0.12767275663703376,0.11460731785711498,0.14867010271635864,0.08270468336900604,0.15184965234014594
0.13846142215379972,0.09473236635664338,0.11332142614662383,0.1352936886121924,0.11252062923858941,0.07684266449712655,0.08698643830218705,0.18642486794784371,0.05541649674499397
0.09323887987155881,0.10976258884445707,0.11402088770601422,0.08921978824007032,0.11983179160212305,0.14654918229699818,0.1369015612279515,0.09718618731446556,0.09328913289636122
0.11828148458283892,0.0770049270048026,0.10715455430157118,0.0929908561620516,0.09117919331630892,0.21726433209083615,0.11564353080694646,0.08431975060914643,0.09616137112549776
0.0962139364030919,0.0979494583836531,0.11466305219386934,0.07229820176117395,0.1290454601768975,0.14676478294430517,0.14613155381009135,0.12012584206564546,0.0768077122612723
0.1131069277781821,0.10809292344715661,0.11016140767863829,0.1103101289103106,0.10710854344746636,0.15100280472217978,0.12384949098811009,0.08667061819507664,0.08969715483287956
0.10395994189709783,0.12402391586649636,0.1143808111957571,0.10493737882080904,0.12631147772561366,0.13275084387893052,0.1307965733408112,0.11039303196569357,0.05244602530879072
0.10907764455626272,0.09945742414465837,0.11541034083890188,0.10598303260968911,0.10877155088503394,0.16218964646303632,0.11976357233941166,0.1018828602885904,0.07746392787441551
0.09821676646379877,0.11462244887612742,0.10058937792602292,0.0800936720467514,0.12140867123735405,0.23687963927532882,0.13530275464907437,0.07402120497857494,0.03886546454696736
0.10282679886551042,0.13758299140653715,0.12602323707160815,0.12565123831438788,0.1453649286862425,0.08030754634445746,0.12195080784012757,0.11971590357456185,0.04057654789656703
0.08615738662675426,0.1479990569917038,0.1286787533163032,0.12879153928723433,0.12981482016902748,0.09422002027176857,0.13137046117948617,0.10536761112362801,0.047600351034094136
0.11948024822231733,0.11419658582759666,0.11348760946930829,0.1592221675826794,0.09946891456005275,0.11273594192533128,0.10011625789110462,0.11553653578407293,0.06575573873753665
0.09245004243752808,0.13650362143141195,0.12049312304057734,0.10057113666343553,0.12298468211741231,0.14767796247728193,0.1395007490805709,0.08666940889376168,0.05314927385802016
0.10897238452132829,0.13722270171201265,0.10213491883093236,0.08129736556740517,0.13256194271637753,0.10117995236705218,0.14277562383409265,0.11335376276491643,0.08050134768588281
0.09828293638819918,0.1258537515698734,0.11333463047777585,0.07550688328653209,0.15206920182492825,0.15118515173647712,0.13401297462674447,0.10802796205046916,0.041726508039000444
0.13569127673269787,0.12236923493867091,0.08420395406074983,0.04019266179923402,0.13397592338082054,0.17224583447694594,0.18133477801265904,0.07047728003820092,0.05950905656002089
0.11420163454071802,0.09182205541561277,0.1333358426186665,0.09856608997507177,0.13438534019824386,0.08650579868763476,0.1361097805186168,0.08963811951525365,0.11543533853018188
0.09252371185316112,0.129236053077254,0.11404141724965439,0.10746649477992977,0.12658046492053543,0.15968753291368934,0.12031938536052032,0.10972047129717777,0.04042446854807782
0.1241278706763903,0.10561199889347854,0.13666365376108255,0.12170409159025308,0.13438301125802385,0.06723091532928234,0.11139419851793099,0.11374703104204288,0.08513722893151547
0.08024715265187682,0.07338641469586014,0.08625590298251788,0.03893321760974334,0.09046952578290379,0.18908167957399238,0.1259222578648546,0.06646609687875839,0.24923775195949271
0.10910794207834366,0.1398192028763392,0.11918918574589125,0.11805282200060636,0.1318405363070628,0.11668317232920787,0.12971095538049196,0.08430862493146192,0.05128755835059503
0.08996378874397781,0.10556600441523843,0.11898829910835788,0.06531576815727813,0.114353339165174,0.21640744586984473,0.15920767163507563,0.0674899324335019,0.06270775047155148
0.10417640678531272,0.14916542393629628,0.12353285295073889,0.14459753635540817,0.13695019673964545,0.10310188232979584,0.10242596150443335,0.11141424243022609,0.024635496968143267
0.0971697271114257,0.14210536444183017,0.09759409213130966,0.07271839136033936,0.1354874738991684,0.19323922231916554,0.1383727201069576,0.08679654143385614,0.03651646719594728
0.10282809749967174,0.1350046101933375,0.1255288236283345,0.12094853624142687,0.13462658774568215,0.07036211560675754,0.12379684199289014,0.11743452750912615,0.06946985958277338
0.10915724607070977,0.1145973642245139,0.11403450714352542,0.1279114869189327,0.09336027704759513,0.080443174753743,0.1156044470221295,0.09102110258035033,0.15387039423850024
0.10179421718091153,0.11812115464622548,0.10515892220765645,0.0660000968517418,0.14050123474797782,0.15607821273141295,0.14758674839868965,0.08636153154496358,0.07839788169042072
0.09490471629236168,0.16045579550312647,0.12005676061127608,0.12263883395235296,0.13810645459264473,0.12267204251941229,0.11876525820992595,0.09592188679785663,0.026478251521043286
0.09820738810763867,0.07402949035596698,0.08048236608732683,0.045187776668711994,0.08175389181696598,0.144906444678344,0.09751932698539739,0.1007377932975268,0.2771755220021214
0.0973210495253427,0.07314175251580618,0.0863563257224828,0.05943949709263465,0.07061079401730401,0.1553551262298515,0.10553824931227336,0.12230840850248376,0.22992879708182098
0.08730337262099984,0.11265636433647873,0.1037907580020651,0.07559449098447338,0.12555033701287432,0.1673713961122282,0.1378910677067033,0.07862500121831842,0.11121721200585866
0.08509279168084792,0.10597698216396728,0.11451725254551677,0.08885555997037235,0.12085438984511461,0.11468828888389666,0.14111955861642347,0.09795728143658278,0.1309378948572781
0.0880201319865808,0.14119039846507872,0.12914744810202272,0.15119622903502908,0.10581258516735385,0.09848118714310307,0.1123914014989033,0.1160710045754239,0.057689614026504556
0.11975094516861735,0.12117320277128975,0.1098348410951981,0.1045931448536354,0.10066980320577552,0.12448705879406181,0.11166355733997164,0.10943415701025083,0.09839328976119945
0.10997203331554412,0.1257812250073289,0.13938209298260243,0.14288288516127895,0.14043325622506445,0.06624493765237559,0.12230464711632823,0.10424942206404157,0.04874950047543577
0.10442916921122629,0.11510525785983837,0.12021245748414555,0.11272590120783314,0.13055674891625876,0.1132765389887024,0.13292545683594428,0.1043321638722281,0.06643630562382312
0.12631238115159193,0.11038253863419217,0.11956523910362836,0.12483563827929829,0.11188933808712832,0.11754751344675674,0.11880671444212217,0.0956614918554916,0.07499914499979037
0.09367066403496904,0.17263232522977065,0.12107727619585963,0.15534108523172235,0.1253790264724929,0.05010031137007256,0.11924783619179423,0.12748596188129094,0.03506551339202776
0.09233414458453555,0.11413484676292875,0.09548519573854519,0.0874406380493401,0.0945931490732627,0.2734191830502423,0.1322247004489818,0.07516022583965977,0.03520791645250377
0.08454703301287703,0.1748903545734843,0.10661992250437714,0.0844580952781319,0.15137322617679191,0.11187637958351067,0.13936131299040094,0.09993480322737253,0.046938872653053555
0.12046944587497721,0.10732558895751237,0.09015894878413633,0.09474240369078701,0.11361345483672514,0.12306067751720295,0.11384232555274537,0.1258988146972865,0.11088834008862715
0.10892848484980072,0.1101601409983623,0.08905942743444202,0.03732545720188701,0.16874008503201612,0.14024759969209852,0.1627000395893011,0.07705086710982914,0.10578789809226304
0.09028251679477269,0.1225674603577392,0.12422327011063145,0.09781559650475886,0.1308653612848756,0.14807549785196203,0.1483051721255684,0.08317132932194259,0.05469379564774912
0.12969648480931714,0.1104206067874501,0.10810476786973522,0.10235135859192697,0.1279239556873151,0.12849897550793563,0.12332282258737666,0.1140361726193115,0.055644855539631555
0.11913330386025095,0.11192616716259222,0.10523027624304589,0.10047225626095622,0.10628466641546615,0.12144948890685087,0.11382161937186934,0.11211280290190413,0.1095694188770643
0.12578204582097371,0.09008969899116841,0.08632469330099861,0.05540793211929407,0.10966316547439388,0.09337011812971463,0.10914478486421086,0.10898001783244166,0.22123754346680413
0.1095787919055829,0.13351626472660336,0.12989485652732824,0.1617262393084438,0.12536012722763631,0.07562371430606207,0.10655021963008916,0.10940735865662078,0.048342427711633364
0.09976171634774916,0.12301499145368204,0.1320028594786604,0.15000133578244604,0.11875719644707881,0.10339360030210905,0.13069183621913041,0.08735669803253114,0.05501976593661297
0.1463551500742497,0.08706080408792372,0.08971001539483393,0.08901560192965825,0.07947613223547101,0.09291099566859821,0.09875898685472849,0.12193460053456799,0.19477771321996873
0.10603308415104125,0.1316793797292063,0.13387403193547898,0.14253278259466215,0.12662431304023394,0.0870871209443294,0.11695247323988382,0.10163495607958052,0.05358185828558371
0.11700913302382238,0.13422588815031625,0.13437588555167523,0.1329895563058495,0.1501625097538769,0.06997613855321087,0.12430578285825046,0.0931654704576248,0.04378963534537359
0.08612363242111165,0.11367168952610103,0.10809408517307183,0.0888656841431884,0.10281274734740599,0.20440567528085127,0.1451839042255709,0.09671496064701955,0.054127621235679296
0.10425395789000097,0.14009897253838252,0.11724353323363546,0.12825831864929932,0.130243289391763,0.08647336503733545,0.11263314113938376,0.12310508244243142,0.05769033967776812
0.10021552350290586,0.10760802427687623,0.1440302313250623,0.1714595545151479,0.11732882134196748,0.07088996483311821,0.11813398500481338,0.10309413203346063,0.067239763166648
0.0884666601885935,0.12453715709401482,0.1206679812719149,0.11882258046355983,0.11324624374652165,0.1733538976674258,0.12790363000715668,0.10000567752907703,0.03299617203173592
0.10444316808772636,0.1305796785236507,0.10225106328422329,0.10155682189041428,0.13009679334774937,0.11268216358842391,0.1306413114475732,0.11768005856780035,0.07006894126243855
0.10814484690673563,0.12465869241173792,0.12382932224314697,0.11217352517647283,0.13103311230987666,0.0869992278579856,0.14234844460517485,0.0852910067334417,0.08552182175542782
0.10445679104678078,0.09887071278545795,0.1318020919455998,0.1039152292138222,0.11672565061294331,0.09596942268985188,0.13241361182240444,0.09449683472647491,0.1213496551566648
0.132919997147005,0.11592883283194956,0.10680964905418201,0.1169396190726321,0.10799461521034111,0.07629804775484027,0.10600408868459733,0.1204552167533265,0.11664993349112618
0.11013866596604675,0.0927978369829493,0.10326683434455003,0.09572849036114787,0.11584369417306391,0.08551081762962408,0.12547518320055048,0.08220797286181479,0.18903050448025271
0.11347903105739793,0.1138383116854933,0.11465586527803721,0.11328192650036724,0.11887585098360158,0.11916369012027417,0.10119934926908987,0.14682898952624546,0.0586769855794933
0.0874945078239966,0.12187483029429401,0.12026517053844288,0.07997792561831137,0.1393960231408163,0.16277156039342813,0.15946789650628637,0.07353721970594247,0.05521486597848189
0.08897417700708565,0.11294192794792195,0.10759292949367898,0.0629736925514911,0.14020543251045978,0.19266950688930187,0.1514620144227071,0.06604814345082377,0.07713217572652985
0.1009770739847019,0.07846060702653647,0.11231467641327986,0.08868065225358689,0.08886010075650742,0.1449280574438355,0.12133751936899939,0.09796001596136084,0.16648129679119172
0.10522475318291413,0.1295174992106318,0.0892359201332883,0.050840606562040626,0.15614005808918655,0.1551831229939416,0.1477863204188947,0.0908437746486262,0.07522794476047616
0.09553041528626517,0.11946246397969225,0.12921430601047168,0.1204618327221142,0.13374785793601693,0.13083283823561861,0.11276692449603815,0.11656637772152068,0.04141698361226235
0.1100461072895585,0.1227668396653135,0.1275156295515611,0.11816306687512125,0.12642201151988017,0.08752105326658999,0.11826212224879712,0.11991290869511029,0.06939026088806806
0.0968933923454035,0.10181472785338895,0.12117423409828205,0.08806261362429608,0.11735131452927307,0.08751118884355531,0.15940440888199897,0.07138995676520338,0.15639816305859866
0.11367030170562246,0.10984682903346205,0.1173735808280687,0.10687451704417615,0.10673204613280629,0.1587225037809996,0.11805703035603803,0.08886989720618944,0.07985329391263737
0.13591862441582278,0.07722797560616657,0.11519758301078227,0.1395031751436492,0.08246627101699021,0.07377330139294835,0.06563952364844561,0.16883899402312919,0.1414345517420659
0.09393498646019383,0.12164262983391026,0.1231772052514088,0.09176802058655235,0.15870995001440452,0.11580323605745642,0.14707257252171313,0.09027540907761167,0.05761599019674899
0.10678490347864789,0.08667324370209496,0.12749218515257965,0.08980847568552593,0.14469821486008272,0.1450832304830121,0.16451382321324026,0.062401674815649816,0.07254424860916668
0.11276865467148604,0.11237948488901355,0.13466624980795436,0.1535575687572299,0.12255170283564,0.09898918995619611,0.1093641785871372,0.09919463127054899,0.056528339224793854
0.08973771299730975,0.11759068249107818,0.11852239891502986,0.10699880253997407,0.10990114269488267,0.1268115215823362,0.13333395049346056,0.07333126286646895,0.12377252541945973
0.16859156813235557,0.08205176474918009,0.11607056057517089,0.12436452399307137,0.10021840928395453,0.06428246737584137,0.07529732512784502,0.16475460064388603,0.1043687801186951
0.14147372385656348,0.10229817560836342,0.1191235645072269,0.1400875216163045,0.11136098807372287,0.06191068714251757,0.09807724233901814,0.1559302208055283,0.06973787605075478
0.10432205616872399,0.1456266350789216,0.10531085168820549,0.14276747392942868,0.11512050914127836,0.11691292233789402,0.10841089015377149,0.11859116129006776,0.04293750021170848
0.09615750389518003,0.1161364369529312,0.1283542616680351,0.1270322576787278,0.12238945615557008,0.15219627908703046,0.1305592631179856,0.08707767049819405,0.040096870946345564
0.08978584305917862,0.11682859849082865,0.13839633461372255,0.15097843534108643,0.12418468235137221,0.08271271453203115,0.1137893791886798,0.14071378179688024,0.04261023062622038
0.10211965764345814,0.12231182979421773,0.12005716164755836,0.11719617217646731,0.12537781135730483,0.14945257806242584,0.12425871704386764,0.10031980349430236,0.03890626878039782
0.14030621690601752,0.10427368492660705,0.12058105998339708,0.1474995892672414,0.11515031924968634,0.09289094288071666,0.09183001039604329,0.11857182370211701,0.0688963526881737
0.117334545758244,0.13820506217718265,0.11988313546317216,0.10452501247318131,0.15749212204288152,0.10851692552921227,0.12113961535161603,0.09330254703797232,0.0396010341665377
0.09853575398558638,0.13965550853130096,0.13848486300531193,0.19020113589523122,0.10004241113057795,0.09638702740050852,0.1283128840094145,0.07185880599773205,0.03652161004433643
0.1015978078907565,0.1365070527842218,0.12059461305174572,0.09138359648685428,0.16098336088309526,0.10875035487461977,0.1354987696998687,0.10097213672526976,0.04371230760356822
0.10754211704541033,0.1338888839196005,0.12348990636486552,0.15738571111283936,0.11459149197347794,0.06146926576979767,0.10201277079196418,0.13800606465041662,0.06161378837162792
0.0907010569997524,0.09976743504803946,0.11745234167111622,0.08444589030638087,0.107680209242573,0.20297712018854852,0.14558862514393126,0.07241445208694518,0.07897286931271306
0.10133555742947335,0.11303044153957446,0.1070175713808274,0.07347844259055554,0.12915953907735925,0.15660272475831238,0.13878839408404073,0.08023420406086555,0.10035312507899131
0.10538040512960933,0.12750485885864757,0.10999382845632695,0.07879650195124195,0.14204099657979677,0.07200040726901175,0.13464072639205663,0.11509062457485185,0.11455165078845721
0.1149719608765815,0.0913100469789892,0.12792599357172504,0.14708552508080938,0.10833469334779501,0.11145175693747439,0.11121784342458474,0.10426045287018192,0.08344172691185882
0.12295756577205157,0.09013125307202226,0.11447762861784123,0.10874057897287674,0.0899819692584608,0.09199477035034735,0.1167425197725382,0.08716047690703954,0.1778132372768224
0.0901733004227208,0.15249446832112176,0.11690537660838851,0.11056797087882748,0.13843448735202127,0.1079259858341453,0.1266134932318748,0.10877843594579566,0.04810648140510453
0.1074896904929203,0.10543365702922643,0.1094530105996166,0.10192760071452278,0.12357339190672471,0.20984536887788977,0.12287464585353756,0.08771060978278562,0.03169202474277611
0.11836996771425745,0.11524273866209563,0.14442425265645054,0.15610921077667592,0.12704139887682045,0.05582769639625268,0.0994596007148182,0.11644252844723872,0.06708260575539045
0.08312294403754356,0.08720514718258247,0.09006269243870024,0.05216856580065262,0.09935116200196843,0.19839327873459914,0.14212720341053234,0.09150171929996305,0.15606728709345805
0.11654571535506897,0.044488747981189986,0.10081198089432424,0.06044443421743371,0.06973876685557624,0.04165276797728378,0.07284649243345072,0.07610842528538929,0.4173626690002831
0.09901717263510268,0.11226745252792646,0.13441219189193812,0.13937069281983924,0.13514071667386196,0.08535981518390585,0.11600569745325091,0.12985006110234715,0.04857619971182762
0.09905034890032509,0.15422870547536166,0.10948226082820207,0.08298598208074325,0.15369792681344077,0.09052637175946499,0.14957277518831613,0.1153070129759259,0.04514861597822012
0.09903606292451723,0.16852709459127824,0.10722316152589566,0.11190824449922439,0.14397808793229364,0.11444481953373382,0.124382815858069,0.10124943685812375,0.02925027627686422
0.12606157623168546,0.10615651096831176,0.11171100588941456,0.0873069232507776,0.13621635317854516,0.09026103801398781,0.11556917050707281,0.12435120492869627,0.10236621703150854
0.09922333833321499,0.11958764194387776,0.13626726102380646,0.16715796949079276,0.10858151950439404,0.06356257296492253,0.13903691697755313,0.07932091704059507,0.08726186272084331
0.12979464296603813,0.08503369642309495,0.1264483679330108,0.161195793528385,0.09170746468201439,0.060712767482179075,0.11178659905854445,0.08810727466620417,0.1452133932605291
0.10736716424089476,0.12776386686532407,0.12430445029507192,0.13264236534891072,0.13466752503970894,0.1197261770622323,0.12158199014359429,0.089385330699708,0.042561130304554995
0.12049471106640038,0.13291972489565926,0.11513520227906653,0.12268349633945237,0.11698410191765361,0.10236570344331691,0.11364339492564124,0.11215190371336188,0.06362176141944781
0.08731396007508953,0.14313621187725123,0.1127671334960131,0.08345011092687359,0.13981723913664945,0.1473520544854934,0.1395861207132614,0.08829416337371365,0.058283005915654613
0.10431829829570351,0.1300351305023487,0.11501316801015182,0.13013990003640674,0.10672015656655241,0.14697497091793693,0.1194386743285502,0.08950065736438494,0.05785904397796473
0.10122660130781747,0.13662830297044257,0.09648131529820746,0.10935374561611098,0.12501638990646602,0.09527840238321211,0.11349959482982315,0.170075847971465,0.05243979971645522
0.09186930555967605,0.16373676388613786,0.1069773582814341,0.08478481193586301,0.15303722023620236,0.10616169511291824,0.13147186218396292,0.11383013748812554,0.048130845315679904
0.11638751548763632,0.09664718527136597,0.12738174362060378,0.1389675964964357,0.11379339165173268,0.06721706139106809,0.11671996859557736,0.12409429211250537,0.09879124537307478
0.10987652321870463,0.1298265509457367,0.10763598342081034,0.0887378020012991,0.13757671372189836,0.10565277760343868,0.13324427511957246,0.12678571853179407,0.060663655436745616
0.13024144114895472,0.08948754320077246,0.10375455823736779,0.12180005455101255,0.08045200227182665,0.09255731100977416,0.09389817819537898,0.12527626172490794,0.16253264966000477
0.10243220787004288,0.09809923819935372,0.10686584187101877,0.09974332622717509,0.11635912138415659,0.11753079780200011,0.12064315876042149,0.13009522057052672,0.10823108731530469
0.11486479801107179,0.10759242514774868,0.1104050176196651,0.1016564957119984,0.1129692280025974,0.16732731062287387,0.12143707227341272,0.09060684036226302,0.073140812248369
0.09102662534674194,0.11080022504493421,0.10035727206942067,0.07744902376439013,0.11200316609350695,0.1748664693077779,0.12745503691631818,0.09625608154904507,0.10978609990786503
0.09680460588385408,0.08729909604191731,0.11776878637524545,0.11388056611840168,0.08493004900253014,0.1144752084671492,0.1276889391657826,0.08812097181833885,0.16903177712678075
0.08687573170471363,0.08281703475351031,0.09441866261013926,0.056691970049254824,0.10159142231783842,0.17310255027782395,0.13101362184960383,0.07410399916370962,0.1993850072734061
0.10250202674971988,0.12369902700697166,0.10318804469476257,0.0889036797746063,0.09377242283744967,0.19952828469467387,0.11762523512452266,0.07460173050691944,0.09617954861037399
0.08985833299805675,0.09476453208543412,0.10630805672621181,0.052471880727259605,0.14185356446157213,0.20872727612928688,0.1633936871055299,0.06904227035738444,0.07358039940926439
0.09730585596332757,0.13324697979449923,0.11198170439183179,0.09541971208438264,0.12144466783122754,0.11653979079592054,0.133607736358657,0.10622085830522514,0.08423269447492866
0.1033939357741686,0.12302011739652186,0.09664291038677299,0.05807154927234561,0.1515702342269281,0.18820497428389613,0.1526356048949068,0.07299164238766435,0.053469031376795616
0.08773228439093295,0.14608835034579248,0.11647950862011941,0.12296653079762963,0.12262395802250552,0.17069692758174201,0.12913901387168258,0.07903881416553983,0.02523461220405568
0.0871973911603015,0.13366057992560512,0.11747144341708121,0.11055725680890542,0.1287093384462142,0.13341108330149143,0.13570348733421203,0.10885932366718988,0.044430095938999235
0.11279915862808039,0.12428357184346006,0.11640447501404882,0.1428704633948098,0.10502744590237006,0.11643164485836104,0.10156529418257383,0.13113136237260106,0.049486583803694896
0.08700952616512155,0.15319077210265775,0.11218093173152488,0.07511130049680843,0.14428599352695753,0.16337953652542128,0.1550763881308385,0.08440319984725562,0.025362351473414414
0.0844769464624291,0.1414806678366036,0.10835996090636783,0.08835090802453914,0.1087477737215596,0.18830583042036844,0.14486306753371822,0.1010511529466578,0.03436369214775631
0.08704622074181806,0.09759976772527813,0.11078206279953205,0.08946190069867155,0.11428566036347239,0.13966207901647462,0.14106476870146084,0.07806403801001185,0.1420335019432805
0.1409846648821138,0.10617381314716472,0.09592141630629854,0.045754419675953444,0.1287474233220427,0.11005810155588114,0.16183460739677166,0.08137789108047308,0.12914766263330094
0.12477856107361661,0.13194098680213193,0.10784491489258181,0.11691585597930475,0.12179347950416793,0.07123528271040616,0.1170986908901246,0.11933375195432395,0.08905847619334227
0.1243339337194978,0.07797014263330847,0.09800930247556845,0.07674752435390646,0.08052534422303148,0.13185165185123485,0.10594271271235045,0.07416611146454283,0.2304532765665592
0.13778096612094007,0.0811422909728956,0.08440715189522274,0.07131849182704932,0.08952667423316961,0.08093745182011904,0.1082748034398633,0.11047686330150563,0.23613530638923472
0.09564304361645419,0.12485123904318914,0.12496628584043733,0.10218863355657108,0.13495336059818305,0.08309269173148454,0.14539410213755202,0.09172652795302867,0.09718411552309993
