0.13022855191668886,0.12744392816735342,0.13100472625634232,0.0655900959554704,0.07881975212013186,0.12291766695512062,0.13226800704036665,0.11148880121313513,0.10023847037539074
0.07338617025089991,0.04799856272546749,0.45438686306333204,0.0021756700357758417,0.20541415801210872,0.08101392686208042,0.07638528105129554,0.029594210048821613,0.029645157950218506
0.11377269562953635,0.13093403323704003,0.03211913331782459,0.13784416684338036,0.1962605966893287,0.03606786055412744,0.11559888987478313,0.09183181827231342,0.14557080558166605
0.0757829570161121,0.06386642151395029,0.29870033958540887,0.0011122403243723298,0.3161268308390037,0.06884684335895754,0.07903962650656199,0.04979500773079718,0.04672973312483597
0.09674973956215664,0.08453241860193783,0.22909474140219746,0.020981479795048125,0.20108722352681938,0.11519472431325765,0.10943504341593162,0.07718988695668628,0.065734742425965
0.09126045006755606,0.06532640332705279,0.4306173861155826,0.0037249362957892797,0.1574886962441893,0.07331590098533124,0.08587661376660295,0.05267995278457813,0.039709660413317756
0.11250444855098961,0.06554588463327671,0.19067859396428188,0.007487547977376306,0.359310365943394,0.05452876421832683,0.08928585580581407,0.05598713941523443,0.06467139949130613
0.14314017288183803,0.07460965167929749,0.17903290676201156,0.14125979709690598,0.14948084927203573,0.046645913800635735,0.09927564623215547,0.09856623270452619,0.06798882957059389
0.11239379449455915,0.09921199481948634,0.03270341813287419,0.30423535530866924,0.12025361954726045,0.03756969155247463,0.10767911829183918,0.08904476334503386,0.09690824450780294
0.12114414817210693,0.12194388987748263,0.04469864541280574,0.12237041535748593,0.297569387815378,0.021347021121652626,0.10718070512861387,0.06866663273061453,0.09507915438385971
0.12203692423651691,0.08758055723156717,0.19588356471491397,0.0478619101399011,0.13424865585719725,0.1327404734188239,0.10761437119642324,0.10393939356156395,0.0680941496430925
0.13593867244751026,0.10040543979325256,0.14298957163649992,0.022432027610769057,0.1505555029343704,0.1534347518783892,0.10774472789554009,0.11404494347828854,0.07245436232538006
0.11236275680521908,0.09502661415330711,0.09494779811264446,0.013670373924715542,0.21874767306290388,0.13071033862864995,0.11312891498130095,0.10558412985369668,0.11582140047756236
0.09763028819176399,0.073621705905662,0.18041367628523353,0.049261819762278246,0.34043649348092203,0.008672437423260734,0.0993231653002747,0.07440466000385937,0.07623575364674541
0.10073998037863285,0.11292639793033533,0.06903681311118992,0.021914583106961663,0.1458134930079967,0.18412217867868283,0.11733383831840431,0.08698894199381664,0.1611237734739797
0.13051314577670237,0.10297622130457573,0.05911292854322394,0.3276138379306603,0.14547375193695197,0.017541482118453775,0.09055229988378437,0.07873598435445875,0.0474803481511889
0.10649123566826056,0.13960602839806108,0.04738906631708661,0.11250472493860686,0.15569520448068297,0.04466233528994477,0.1255423127475486,0.11286350173824795,0.1552455904215605
0.11151538913944979,0.08953343785431407,0.14174704853436312,0.012175195991844088,0.20732826395095239,0.12400024886656824,0.10827156299088124,0.07955091565484508,0.1258779370167821
0.10303715038867993,0.08360529098025231,0.09346031497940412,0.08850184466624002,0.04510535398620552,0.32352286619929244,0.10315915622454845,0.08049575358577205,0.07911226898960515
0.1127051508309614,0.12440161327363282,0.04219549849252757,0.06644794784895278,0.08255960839073678,0.18275913786027778,0.12187299222703318,0.13929153737911779,0.12776651369675981
0.08912635181370261,0.07794558449958268,0.23316720251195563,0.005622164589877906,0.2092056717220875,0.1453736767303312,0.09987239812427044,0.0647789808152681,0.0749079691929238
0.07489642612946555,0.06750962157732118,0.4021139474731849,0.004175450701934882,0.18037446731745918,0.07896295967052942,0.09406276050508387,0.051756951863064955,0.04614741476195607
0.125191677309034,0.11045949714533616,0.11207873705872652,0.04991586729427832,0.11045053531894246,0.19207437178658104,0.12098704429046901,0.10894082668751877,0.06990144310911371
0.06811086615647617,0.06216688179644802,0.43553080220887125,0.002590341730301619,0.2024901140934617,0.03319560658258165,0.08686198887647519,0.05739753771663511,0.051655860838749255
0.08971766638354663,0.10007038092471558,0.27578282923559067,0.007700531058671052,0.2028545250080974,0.05436452614090872,0.108695955619593,0.09960540082537711,0.0612081848034999
0.1165100844749516,0.12802063193257593,0.06414102517637571,0.1296425693430955,0.15177996804436614,0.04000774076520024,0.12848188020623175,0.1237036795105736,0.11771242054662949
0.10053983720494632,0.10495165552315115,0.054695554657488814,0.029810202461398216,0.3890323267214934,0.027755432273104414,0.10600800454451113,0.057674545947590965,0.12953244066631564
0.1030967506720397,0.09811873998468197,0.18308770768466168,0.0049838514263756675,0.16430095401317732,0.17858560628819428,0.10691579417111961,0.0853988735619358,0.07551172219781398
0.08774823162076395,0.14015097090861592,0.03248874750440983,0.0042177057561992495,0.12599537862831087,0.19346410975049066,0.1271776917522762,0.10124508888663598,0.18751207519229743
0.12312655329025886,0.05132555628110554,0.34754997230870566,0.06268269026840625,0.19630538626061256,0.018620799835298667,0.09150709093814563,0.06480925676809592,0.04407269404937092
0.0792086137608026,0.05733814286659916,0.4416580487886259,0.0034239759658616174,0.22718032892989382,0.04199957222927326,0.08457077289116809,0.03830075361072267,0.026319790957052846
0.08198128360012202,0.07869669433264642,0.3711821000721489,0.003318469895410303,0.18479306223817737,0.08882494283678473,0.08989656321230398,0.05423924083525858,0.04706764297714764
0.11696372709619064,0.11466332405770792,0.0761066118305525,0.14437461027876256,0.1240487318387999,0.09490289649081433,0.1179192442192873,0.14066352904246962,0.07035732514541514
0.08651177285199357,0.1544389041373459,0.05338135381158835,0.02942232929153811,0.11636848209491858,0.16029790561272148,0.1428763697746386,0.12791368717828577,0.12878919524696963
0.11446143718946193,0.08245640003552772,0.274371538387356,0.04029778866875083,0.09392930284953964,0.08036708724306076,0.10803208851957306,0.11130588907009677,0.09477846803663321
0.10338121214908307,0.1305077157711935,0.02903644990729065,0.01847525459261767,0.15397311732358257,0.15947109419661923,0.12278212685089578,0.10086051266073291,0.18151251654798464
0.12232886104258363,0.08971386977622496,0.24268818762399533,0.06320435178882204,0.12309635615610787,0.06550728510724589,0.11355783755816597,0.11286387018659168,0.06703938076026278
0.08618062673777101,0.11119157651921181,0.05449216850647797,0.0257317716224796,0.13886645296183844,0.172143936709484,0.129843262516076,0.09275699967937646,0.18879320474728475
0.09701922189288825,0.08240909067796136,0.2707640258957981,0.010588855245484629,0.19333597715644024,0.0495278491679443,0.1114876781590974,0.08538346511323952,0.09948383669114617
0.10839490222178078,0.059773795485896834,0.33819951983952246,0.009849684272191546,0.2729602048921223,0.03698970237677277,0.07906809685912743,0.0562529909211311,0.038511103131454776
0.11918277002470072,0.1973552963684763,0.026139895669278605,0.05231690499960787,0.0904207367602904,0.11347008604292715,0.12159988731397697,0.14280545563270255,0.1367089671880393
0.09085653985545117,0.08589993735645846,0.21059774794361383,0.00320846139912608,0.21337260436963645,0.1728993345772782,0.09572551208256913,0.061243397080536686,0.06619646533533002
0.08870710804388877,0.04422301158692751,0.45040469197862115,0.016788071685137147,0.18115937637167293,0.03873139942552104,0.07953057970790624,0.037451481857362016,0.06300427934296315
0.11951685506783978,0.08171114782875,0.10706817881608162,0.036730947421009304,0.17177346542991515,0.15537609890519455,0.11429634335758365,0.10733070213318334,0.10619626104044246
0.11447960115991274,0.07025470764556485,0.3737149985939044,0.02818230387069059,0.10605094169993239,0.0887756416093119,0.09858029030006593,0.08321419121368732,0.03674732390692976
0.09920326869881468,0.09122120724708126,0.14463526454980138,0.008438304092869503,0.32757047362759467,0.05528774131354151,0.10289947144070948,0.06257711002430742,0.10816715900528011
0.10544020449387392,0.07817698085783098,0.3756216245863799,0.015788182332765136,0.10015835870435513,0.1059985086632088,0.09880974828632587,0.07188406524532955,0.048122326829930784
0.09822437192253959,0.11721263651587695,0.07059862151413954,0.08562805193512919,0.10480787214457682,0.09379620405424093,0.1363600504776076,0.10945331533439147,0.18391887610149782
0.14172134370336797,0.09872684436315544,0.1714381013208428,0.03929198681976532,0.13351959413980286,0.09981639759269378,0.10947396231138169,0.1257926315999286,0.08021913814906147
0.11064024765134235,0.09036987817319325,0.061969063136067065,0.10925092614110608,0.048471713157421166,0.2612881255752056,0.10613420229949881,0.10331783143614247,0.10855801243002317
0.12538599727461505,0.07490547499282939,0.09984821007530452,0.09567346639625812,0.4109603401560495,0.005191289775846313,0.08977899392773057,0.04652129705381589,0.0517349303475507
0.10432798258948488,0.08750078212115318,0.30908402413856817,0.06884679724016916,0.15108538905236404,0.03571410422279516,0.10955228658754357,0.0941003548448086,0.03978827920311323
0.1092572669080551,0.10924688742333784,0.07250933305391781,0.06356804113149854,0.0672369827590299,0.2460159589555914,0.12047468054963718,0.1041285481400886,0.10756230107884356
0.11376429770296681,0.12296912309070755,0.13643470861922127,0.02753806012170448,0.16816357711405974,0.05477510271217335,0.12987944624618725,0.13622603069909103,0.11024965369388846
0.14610753903849388,0.1576685079993754,0.07206275992497223,0.04064865219481659,0.12891010837663763,0.09904501013615767,0.1203421646701608,0.12351364664191256,0.11170161101747332
0.10281614338959366,0.08953545014855273,0.03470418614584383,0.3365776324885785,0.03869775117305837,0.04100289751927642,0.10456376690817652,0.12888385702811625,0.12321831519880376
0.14144676336096532,0.08603523582520949,0.14712892634102118,0.02717571022090828,0.23942352078324147,0.09807564747007247,0.11930326684590475,0.08245897062585532,0.05895195852682173
0.11688360971802327,0.10538198046072583,0.09307845815014275,0.013684575064863506,0.16592965664511902,0.15595628332935632,0.11619072762029863,0.09388076411218317,0.13901394489928756
0.07579572670788097,0.06456352847036755,0.23996958489790435,0.0008133945873904288,0.28984258307215977,0.14720431786485674,0.07650412284018886,0.0445483108208515,0.060758430738399864
0.11596370523896592,0.11551804636223605,0.026654930596754684,0.3245555388494851,0.06422419615932261,0.029648020668592127,0.11103954188535575,0.13066383204475338,0.08173218819453447
0.1206398307831143,0.10546970622037403,0.06102974040573289,0.004513736679396589,0.43170103614547806,0.043079112644204665,0.0947248119472051,0.052938790012474285,0.08590323516202007
0.10513959050897648,0.16203125901191015,0.04485400215344724,0.005255040182872397,0.12725205486001442,0.20623180709146013,0.12126598823270691,0.09367146721557841,0.1342987907430338
0.11125118130360195,0.11116295251097665,0.06860420831500642,0.16863183964679726,0.10568674537751303,0.061156507231452294,0.11928282785037447,0.14820180343292688,0.10602193433135111
0.1075641832406115,0.08655627933909792,0.20182374184792914,0.00424960511436642,0.2137469250349947,0.09641992124384159,0.11069135140444127,0.08548461440779948,0.09346337836691804
0.09172678702239445,0.0821659706915276,0.11950185578285337,0.003186119735899371,0.25122880936278763,0.17117131648700165,0.09770277489666639,0.07061958230289661,0.11269678371797302
0.09123384732840624,0.06997786699224355,0.30102330823735873,0.022858252548805955,0.2317187270993802,0.02935547870575017,0.09954684122093338,0.07670026971424297,0.07758540815287884
0.11257964960660433,0.08550791244973945,0.3832075280765173,0.01217275625036509,0.1590172463386053,0.024293668908438787,0.08907066337821166,0.09467510601225249,0.03947546897926551
0.08303205253213568,0.0726454185773311,0.22812377248774018,0.004024703823464614,0.2920405955046215,0.07757238433088942,0.090806725307298,0.07451111431966896,0.07724323311685051
0.09776508953899223,0.08355532046367836,0.17021831810847354,0.004655507521624456,0.21157924770972159,0.19140305947129552,0.09764895378306356,0.06490564034969841,0.07826886305345247
0.11529779546827897,0.10770332880299867,0.04565217706152941,0.04847717715522611,0.13485318915670574,0.1583088054576237,0.12652854483827167,0.11197265580882924,0.15120632625053657
0.13181505450751257,0.06772822745877867,0.165433195052874,0.1715216639977113,0.05391546162944918,0.18959906713820643,0.09251621514381474,0.08206418882234094,0.04540692624931217
0.13543507362486545,0.13608594037277869,0.12841499846382645,0.04162229056317859,0.1269461830832451,0.12487922699729097,0.12031603572620075,0.11435033265874739,0.07194991850986661
0.10282641634556705,0.0698495631800478,0.32897716653212233,0.003204303490567889,0.1603417231350445,0.1568845302458111,0.07999172639168421,0.05610232718087555,0.04182224349827957
0.10418546155222795,0.06722449788881478,0.34979305401813626,0.011848034801454117,0.13470399751972348,0.13856907626790796,0.08930060034086441,0.05642724403477125,0.04794803357609976
0.09487333747933009,0.11815177858076957,0.07705068708497069,0.006551162722864192,0.17433860769357354,0.1163896435016349,0.11996737762841803,0.11412188970272437,0.17855551560571462
0.1386678056569816,0.061515827710461685,0.06458704089038135,0.13015298011429696,0.4047598432874611,0.019020785758414774,0.08489567764823502,0.035283084631126865,0.06111695430264056
0.07632086863506943,0.06200848081590301,0.34087934037454265,0.008601169356513038,0.2389615288137754,0.027507030184487833,0.10019034385266658,0.05572897908478434,0.08980225888225779
0.10143948705242722,0.09688146078687504,0.05297183691979893,0.021169764660677926,0.2999976183754897,0.08680093045740832,0.1105485733561799,0.07830330057100406,0.151887027820139
0.10885984098673747,0.0858046713344169,0.1309880233147506,0.005472486758092456,0.36352380290421493,0.033706667589986104,0.09832321501555019,0.08173868279430142,0.09158260930194988
0.1148337141608587,0.10260528769357839,0.05863814332267908,0.1325259058737067,0.10875950361729586,0.06822027155492583,0.11753206258290265,0.12281538938007319,0.17406972181397962
0.10874865909951986,0.07592451311509378,0.2216236347703828,0.022556962633090514,0.22653602114395524,0.060659201317722504,0.1097520496889433,0.057480312410527264,0.11671864582076463
0.1440134649599201,0.0967485184421734,0.15666794115197583,0.07732980176714625,0.15626796234856424,0.04770233694982639,0.11306501806560336,0.10763550339140389,0.10056945292338655
0.11064758362789757,0.13233552052888206,0.03064735078330148,0.056254260322728976,0.2242828213315511,0.07940891908232596,0.12265495251302089,0.07859959286461005,0.16516899894568185
0.11635574282368837,0.11290312312937129,0.05371781331785432,0.009199534525723911,0.2577041868740415,0.07573415507425495,0.11102799803429379,0.08685792018578552,0.17649952603498634
0.10994448927604981,0.07532195063496916,0.2352478569960941,0.030143199009096483,0.26727655690992197,0.05971699240143069,0.10240009472404893,0.0701843814102472,0.04976447863814167
0.05869296532859385,0.04221933864295865,0.42029340859761977,0.00042771017314701,0.3072988722280693,0.03697250297159276,0.07171155225022524,0.023373900828137315,0.03900974897965604
0.12183829093593186,0.07740930620978968,0.17310748849563073,0.005965701138625532,0.29656790949823364,0.07505513301384874,0.09432844680677731,0.07269050590581334,0.08303721799534917
0.0914026099945987,0.08933716691939975,0.22028240649896702,0.009295194932261065,0.19969029785342227,0.059485642684561184,0.11153503872870224,0.09906622604888082,0.11990541633920694
0.1209080346795219,0.09681821115962597,0.08927150266348616,0.0875600586530168,0.06409802953048459,0.1845675818828776,0.12064897807911816,0.11856637095848592,0.11756123239338279
0.12687800921232953,0.07351993980081245,0.16326704109659737,0.018176601301525583,0.2317934148568288,0.1407251985275051,0.10352436250291441,0.06978603504029592,0.07232939766119077
0.0841683808259107,0.06471412120577645,0.3221495387223556,0.0029148354406778702,0.2633357819963979,0.07102612117651713,0.08806218488863321,0.042705805920956914,0.06092322982277427
0.0974320772752023,0.05496144657334203,0.3642231195452535,0.03244033141623079,0.2152243303112095,0.046346529063955845,0.09402981680176704,0.058556181080066085,0.036786167932972846
0.12794424511114844,0.06711950345201373,0.28700995289722586,0.07353328674007151,0.11156676895368456,0.10269548319420985,0.09988832965699557,0.09672152259870852,0.03352090739594198
0.1069269973781578,0.13055308605968993,0.10591976845840458,0.021585091579590557,0.1765091183047535,0.05735018480670153,0.12826827269514812,0.14054683624437345,0.13234064447318056
0.08251134989041435,0.05953126175519933,0.3828434103506116,0.0049121303854356485,0.22181558953745184,0.032872116736839936,0.0870471460514647,0.05852623598232554,0.06994075931025705
0.0872546509725171,0.06707847137564227,0.32746871473159284,0.003485957101637202,0.19351195794055442,0.14123515935268627,0.08666519550238398,0.048275967394832586,0.04502392562815329
0.0773241709119452,0.057570190165414,0.472333465776207,0.08363249603491713,0.0772509616167054,0.024503157297284268,0.09411614258882524,0.07866129322970469,0.03460812237899707
0.09254859521143521,0.04728463924517339,0.4311910165245649,0.008093243052302886,0.2351824022974496,0.040255103615238645,0.08261329599699573,0.03231138714835099,0.03052031690848865
0.09285534914951155,0.11928065738026396,0.04525811286892995,0.00695329824755737,0.12594649252051812,0.26920990396876426,0.10668800289842295,0.0920554217987481,0.14175276116728383
0.09166338851288709,0.07438406479110946,0.07645667823083589,0.43997839848339476,0.03557225621910288,0.04649194040589646,0.08606640108495356,0.10803279913619183,0.04135407313562804
0.09189863397113807,0.12620290125954273,0.13522157359815498,0.006803506609396652,0.21771195054434886,0.11496178747490092,0.11473655119266939,0.10186909460993288,0.09059400073991551
0.14389760239280325,0.1270106818292818,0.1629730323491038,0.06599534368911882,0.11506931326110692,0.034525834845772506,0.11840978534196246,0.16733205957665806,0.06478634671419232
0.12663338259937854,0.10888541863457295,0.1534169719350833,0.04444246573555657,0.15165106571049766,0.0652763411749836,0.11321148574298885,0.14661971331305854,0.08986315515388003
0.1357397334580223,0.07290367936567464,0.3067053474903597,0.08156922417268535,0.09013164485510117,0.05161100991078249,0.10143418042034769,0.10521210950875441,0.054693070818272294
0.11870582563891359,0.08027700427265125,0.13900663043479822,0.13203538064193396,0.1642127246756078,0.05310719035875961,0.10587090795666208,0.10925082266714232,0.09753351335353107
0.09454285340780916,0.06917111222609987,0.15796723356092526,0.015121856745612604,0.19891988142563224,0.19152724831910695,0.10713390730150452,0.06255283398211686,0.1030630730311925
0.08607870403633365,0.07610229628264455,0.4057759776640371,0.011387469233715372,0.14132763178164562,0.07087880158361771,0.1085662321305454,0.053254835073537184,0.04662805221392322
0.08730016439939692,0.059004210083629216,0.29600446716621537,0.0047666342588925615,0.2067602089661942,0.16694602698612512,0.08398073573740968,0.043746658910797154,0.051490893491339736
0.13241850345222742,0.08547185564550003,0.09000300155943543,0.13977490826248073,0.18020959019031088,0.05611862210205656,0.11497541303798346,0.09603663550817093,0.10499147024183457
0.11846466645287752,0.12432566563990544,0.11574975901434227,0.0625644633771717,0.06161380834340798,0.1375547330925718,0.1269532683754932,0.13997362552585513,0.11280001017837503
0.08792798269358874,0.05198752704525203,0.08684174007370216,0.3978798127457226,0.02786231833730593,0.14565771899356245,0.08410758840954562,0.0741507195852164,0.04358459211610403
0.11607483023735776,0.07265519071478356,0.0952817086839101,0.3702509781041403,0.03660917080829418,0.04593875508709571,0.08936715345864132,0.10722633287759949,0.06659588002817755
0.08116712146359041,0.08112465908917806,0.19784871272208135,0.0027482077865668073,0.269264796991268,0.12079308326736893,0.09745656334464876,0.05989851270170094,0.08969834263359681
0.12285607775998768,0.12531224904995758,0.09238022372981554,0.03151866135233156,0.1740170646567474,0.10496680416605787,0.12991984516669597,0.1092267210793101,0.1098023530390963
0.10899461496924556,0.09072565683862255,0.35378089450106903,0.017980875842343185,0.11177100062616319,0.0759751195922204,0.11523729099494225,0.07051384836104731,0.055020698274346545
0.12449049389231893,0.09615221769112724,0.09840698259428364,0.017208466544456583,0.2157402278736177,0.13156811628986811,0.10965103128199079,0.09780129378691564,0.10898117004542142
0.07539203728648959,0.08046950865606191,0.22779429417005673,0.00048170050918697015,0.33073614456716904,0.08415856605025214,0.08255456935098832,0.04623353387707758,0.07217964553271772
0.05635320238447533,0.05214471914422936,0.39596079282686475,0.00043485495330687103,0.3057142398633453,0.03708363459759364,0.07614494848224469,0.029725341852989338,0.04643826589495061
0.07899724297507392,0.05498879006672528,0.43991804660745215,0.002324682395151359,0.18251369209430987,0.09283546851698078,0.07820505828934295,0.038475203246703386,0.03174181580826024
0.06970650929339069,0.0509638482212447,0.396758891065549,0.0009064053467090595,0.2598619778563516,0.0866426466902702,0.07352153286991926,0.02848430936307424,0.03315387929349121
0.07120421140816637,0.07662586934380723,0.2103467617232246,0.001919796909748442,0.31616486984262154,0.058913735455502325,0.09438034595631217,0.05697723764143673,0.11346717171918058
0.09285766564436339,0.06139055819135572,0.27744054644950394,0.008777220374368512,0.23416012506111272,0.0899206747170843,0.09036589133750095,0.05412380136673375,0.09096351685797671
0.13137030566599614,0.10533043343164872,0.10787860079323282,0.20165029398268386,0.14191742110978292,0.018659498533920956,0.1043462715296436,0.12309971571488747,0.06574745923820349
0.09850042537858739,0.04703564549001793,0.5126069902363733,0.03489049268843786,0.09085727818162413,0.05855223145502859,0.08304281679895588,0.0396294892522512,0.034884630518723724
0.08829169335985572,0.03949789755085008,0.4449862456225266,0.006392544807015881,0.21070047243363932,0.08689990122904444,0.07252888411595308,0.02743961005997794,0.023262750821136945
0.13509967355829988,0.10751992501338105,0.06378583874450122,0.016438657326274975,0.22695723665615822,0.08051607273579392,0.11802637037214958,0.09611950932645719,0.15553671626698395
0.0737117709914744,0.04963028987047837,0.21181720654488548,0.0006147203163808964,0.3558705842757315,0.11857850110698513,0.07401085991202655,0.025783335966231502,0.08998273101580616
0.11116540026222815,0.11167449537626306,0.04003509336144522,0.11366584869871443,0.08562253014480865,0.10440602688971447,0.12784986913291319,0.14044863959150025,0.16513209654241254
0.0694526294827202,0.06538297277112227,0.29671843185508084,0.0006376779517093678,0.32544192046445336,0.06891557055285485,0.08042208533816571,0.03382193934458714,0.059206772239306225
0.08495055401397926,0.09307449238244604,0.18397105737348687,0.010736792619720529,0.21618984003023856,0.11867524595720119,0.11684221029904895,0.06758128872268836,0.10797851860119027
0.11158817903098102,0.09146444279027621,0.1141221324809998,0.04982546786952744,0.1261877802273315,0.14311110544151803,0.1281558656364946,0.09500256534276859,0.1405424611801027
0.11938199756240309,0.11885468222153604,0.057326246474845445,0.10316545565802089,0.24558844699587845,0.022914659581256335,0.11811254012097332,0.09226252432635451,0.12239344705873191
0.09220947648919779,0.16266494765018666,0.09740388506202267,0.16553470901213477,0.03869499956929783,0.08051875579303447,0.12929184754991338,0.14267191619517544,0.09100946267903716
0.0873873839852843,0.07061687248757416,0.25303113180908965,0.002304434438118214,0.2217359484766669,0.16695483402089803,0.08257096730108732,0.056742124479118285,0.05865630300216316
0.09528188380989143,0.06476222328152684,0.27457799541604994,0.0037880437572274904,0.31467844174006826,0.04121863276584379,0.08966251979731427,0.055259414514583216,0.06077084491749485
0.1448488011146153,0.14042019081337612,0.03139939355017803,0.11866412090812402,0.08631950875826709,0.11789595308499529,0.11881373879308699,0.13252830960052064,0.10910998337683642
0.10579872874003193,0.07601215605832072,0.1361976730976163,0.24886189727396527,0.02955964680115836,0.20374598903985652,0.08981011192927052,0.07849268015798659,0.03152111690179366
0.10210888252910123,0.128371022861661,0.05788249693028021,0.013615853878771565,0.12585605815249834,0.15365699569696312,0.12630777350996014,0.11628456561251783,0.1759163508282466
0.11301031406340888,0.09214040406213503,0.15426911958906628,0.14600322087883952,0.07902782401879861,0.12265257234752901,0.11035909221977458,0.11427416580511003,0.06826328701533814
0.09253091246178868,0.10313946753666696,0.08308150622232105,0.0036200741042553375,0.28167805563424964,0.10421648969157676,0.1062714761186192,0.06287690160080882,0.1625851166297135
0.13400052538914722,0.1013409287353143,0.22854263177067835,0.06269932310511431,0.06831450698445272,0.08782511125355134,0.1257449758156319,0.11221128897523196,0.07932070797087795
0.08235919362681461,0.05891894210340795,0.4099572610821929,0.0016542794316022475,0.21808469824647317,0.06982630029787625,0.07595192383811812,0.04317061280395743,0.04007678856955727
0.08043438319250663,0.03793796591350022,0.4826758417142985,0.0003360508315915719,0.23305703567418146,0.04971712325886748,0.07128558531727446,0.02456412269764333,0.019991891400136307
0.08447777332263214,0.05915480613556325,0.32817682481117744,0.003729593679558302,0.23517197146966953,0.10685233159431957,0.08183638940721427,0.042397199951457964,0.058203109628407496
0.09935479450360736,0.11562986331016038,0.07676691451631025,0.16536341822650838,0.07155063482338803,0.1061092555686718,0.12412525912316197,0.13909013486684355,0.1020097250613482
0.1287622374012267,0.07057435989324291,0.22096096808997404,0.09122246196499639,0.0734811286111292,0.12383279525917278,0.11468567423806962,0.09569512373053975,0.08078525081164863
0.10056981593510995,0.07109470722630021,0.39730430029504427,0.014966636602407194,0.17202877935632324,0.054341480633664736,0.09031790203205518,0.061518946718944034,0.03785743120015122
0.1271047084037822,0.09550026453769361,0.08114958466556128,0.028093024772272875,0.17876197038262812,0.16246976988795406,0.1063974899562214,0.10234315696147589,0.11818003043241047
0.08766843305357304,0.12910154346887012,0.035252388299798536,0.016078889383749736,0.06738529195280347,0.31283135174466786,0.12871576564562062,0.10099937119583935,0.12196696525507729
0.12009237363346707,0.0769502226168459,0.36135990686818104,0.029700353589147573,0.07766393018053676,0.12805014260486905,0.09440165021148667,0.06872745307755483,0.04305396721791108
0.06078815341061516,0.04255585140950948,0.37946006495123125,0.0003603935438008328,0.3231697598143073,0.06783045883922835,0.06597893989733856,0.027456392302532828,0.03239998583143627
0.11266711234115383,0.1370327189541329,0.06982494769959709,0.04441892730139347,0.10619068900363211,0.10999020328503813,0.1378682379721658,0.11477797139700409,0.16722919204588263
0.06894176431931488,0.03507608862264127,0.38172888749189,0.0008887674351350408,0.324449770847455,0.055458011076940934,0.0696745792073203,0.01594478098032647,0.047837350018976245
0.08854889159413348,0.07325495178841497,0.28141550292149936,0.006071212792203711,0.20605497239044482,0.13472411631492429,0.09421605826993151,0.05319177611748274,0.06252251781096513
0.0944494948721888,0.07476031370945428,0.31237642969632007,0.03082103072089361,0.1787561439849978,0.07093397449896519,0.10782856134049261,0.07412568206800142,0.0559483691086862
0.10535565740730456,0.08161628880917805,0.2974537388479507,0.0026573515556284843,0.17401208374649488,0.15195447788236202,0.09088819217972659,0.05320661226270366,0.04285559730865113
0.1176953938374799,0.13469235454076603,0.05474807101924937,0.15394916456435093,0.06133803633813321,0.04162490316952431,0.1226647523711671,0.1717922020871306,0.14149512207219858
0.08214915793992135,0.06320969254461956,0.2676630915777072,0.0015491288242978091,0.3387266615034131,0.06499914798824062,0.08309888949844908,0.04621954780469722,0.052384682318654056
0.11516835313545055,0.07948879114822992,0.15605055884151672,0.1143900456477253,0.20590414355245415,0.029708705743829,0.10842731533910883,0.09690597755091894,0.09395610904076657
0.09060663508782067,0.035480896008535025,0.4336205966912517,0.07585550437203496,0.1904974205693224,0.02138696296456702,0.09082827654687071,0.033367268092072244,0.028356439667525293
0.08993838558205682,0.04186705682067907,0.4511420743428198,0.01149757841202404,0.17177074219473465,0.08884000752422122,0.0823508066867316,0.025508902843612954,0.037084445593119804
0.13764536772779726,0.09708800175472758,0.12822657799056025,0.09088571574147115,0.13885616732120767,0.05864201072832855,0.12929274026710005,0.10619339061056443,0.11317002785824308
0.10327225507111572,0.11376718098200762,0.03939445685791736,0.007797278890236181,0.12562840230867434,0.23402937240679866,0.11039626845444273,0.10102134009555358,0.16469344493325386
0.10242548814996026,0.10611501817844075,0.0471897815505127,0.21350402053687198,0.027628438630771465,0.14438636356753085,0.11792276991673399,0.12764331850085422,0.1131848009683238
0.11643982499800566,0.08924564677326567,0.11520744505218043,0.04723031437387401,0.14252564577465818,0.08483831554552862,0.11843222477749071,0.10244240574011083,0.1836381769648859
0.13919379697351014,0.0824310178741177,0.2622254608606866,0.018818679880080194,0.1702029976835011,0.06726692946385528,0.10457727178205327,0.09582652223463961,0.05945732324755604
0.12452939779274196,0.1538397575128625,0.04078881592085314,0.02224441419649469,0.07807980784571432,0.20955422606951649,0.12396193366304965,0.1099043385114788,0.13709730848728843
0.0971515550761028,0.07988487283664869,0.30734872624026793,0.012912073949660171,0.18423084949926846,0.033592076254700114,0.10600420741225741,0.08131746181741498,0.0975581769136794
0.0778120061875,0.06593409393203636,0.305829461874687,0.004935183208589374,0.26566613792862875,0.07033940834114392,0.09002355263087956,0.06245560797924651,0.05700454791728846
0.11008820989061223,0.08502392726747983,0.1745671946237665,0.06487821186298447,0.1352276467587659,0.12302775986796294,0.11692809705053503,0.1081474245746253,0.08211152810326781
