0.08138843459556022,0.106851044956312,0.08988124365049398,0.12115320218509584,0.11592057624171274,0.10120430793081514,0.1375729473738157,0.15032215333426058,0.09570608973193379
0.06794594231824687,0.21367002483058595,0.03194938528569767,0.09124894409539053,0.08496471958009678,0.07829241828081711,0.09543853561632086,0.22777849738814993,0.1087115326046943
0.043784923561307997,0.10394392442259603,0.11634801945293723,0.10316395441654909,0.1342387324828511,0.06194108884018428,0.12215902046687836,0.19667894974168829,0.11774138661500771
0.05092556225532102,0.13852584326521322,0.08183852455505124,0.11395491824654601,0.11512469534585516,0.08570405948111855,0.10897255779512106,0.207766716569697,0.09718712248607675
0.18372878122648298,0.10809485473472907,0.06527733419815888,0.09777512430625028,0.11719968775977364,0.10911168193352254,0.10807913225504323,0.07110601688965779,0.13962738669638156
0.2174464650194697,0.11581927572002439,0.04269511394669179,0.10515502151939256,0.09334304524730369,0.11052390743874595,0.12023401515176473,0.06744742525105868,0.1273357307055485
0.13524146304444454,0.17992022331830496,0.02895789482284206,0.11315233731355999,0.09992923834868461,0.131377320727162,0.12198151626564376,0.05224831088125817,0.13719169527809985
0.02829811324084165,0.04845874828693602,0.3154891403777027,0.11576184013310233,0.0875803934894464,0.12286233635920936,0.140190797358745,0.01391489210457525,0.12744373864944122
0.06447486702118789,0.13569657541073604,0.07376202524962884,0.1311905451409066,0.1475309050387781,0.09842517389146954,0.11934691520539964,0.11000882067236933,0.11956417236952395
0.08841407495974125,0.24803347272795961,0.016225813121912517,0.07752871687110462,0.039001770934857426,0.08322983256221061,0.08037348266089518,0.3067572002243108,0.060435635937007987
0.07754505692362647,0.13194520759088124,0.07444679580766983,0.12395230703758268,0.14013743444443802,0.09928874346974369,0.11042991743281083,0.1255422947082255,0.11671224258502172
0.05342604786467323,0.1807264462357084,0.056396474120348684,0.09680763948417069,0.11153330217178963,0.0804999430023873,0.10528779212130594,0.19209214701508084,0.12323020798453531
0.05753602969067895,0.15855236086955252,0.0752943641352049,0.13483285154873326,0.1399364366762662,0.12274807997459074,0.12686085422329918,0.05214206226445887,0.1320969606172154
0.08123751551045057,0.12727258518815518,0.07968007691900107,0.10811538597279768,0.13128395647418087,0.0926467037567386,0.1097615809376326,0.15952025324442876,0.1104819419966148
0.0968012607085693,0.2571984113494458,0.021773006315030253,0.12040353680258764,0.08872349384732826,0.12447838192488002,0.10904599680545185,0.07536395641029818,0.1062119558364088
0.14192449649035518,0.12300598874934913,0.04817157539535302,0.12872732553529728,0.1332558887316746,0.11285604759594149,0.11428695209447481,0.09205547500804734,0.10571625039950718
0.10073439725530657,0.2269284273461861,0.024897755877692978,0.11064633860206692,0.09774360712379578,0.10886393298118181,0.11579105098374576,0.09573926021777505,0.11865522961224907
0.06781044927022638,0.1612765172115277,0.03715486595119507,0.09884358731375374,0.07451108794048385,0.08030050548164777,0.10262319989527935,0.30011296984914687,0.07736681708673936
0.10251699726837164,0.1984315672113323,0.028901341372585293,0.11223201885008505,0.08581770015552805,0.10349755137790147,0.10395263088236213,0.17670103275343738,0.0879491601283967
0.05658849671727419,0.09908135195840846,0.11755689490094272,0.12798634626666608,0.16328807650438432,0.09996215160331344,0.13577189684498836,0.058993634346371455,0.1407711508576509
0.15409778161095422,0.13493722988492826,0.03321414425614915,0.13950087885780013,0.12199205695711812,0.11504733449962797,0.10708057634586805,0.07828889273024285,0.11584110485731114
0.26977578053642104,0.10685396526627988,0.04076304243370001,0.10982821138001649,0.03503384194393481,0.15701360988061838,0.11327242828200906,0.05989914247376615,0.10755997780325421
0.07415122748163422,0.1262118891011169,0.06917367289657671,0.12948112505546017,0.13282705665226333,0.09378868857433754,0.10239237414181838,0.15735954871949576,0.1146144173772971
0.051472743826733,0.11461043177081225,0.11273396910853672,0.10681278155915915,0.1332189108737827,0.08723569156931814,0.13504459027263097,0.13583790738380472,0.12303297363522221
0.17837213354029094,0.10576141926058731,0.06404034753487126,0.12366682374242506,0.0892440083835292,0.13674680156714245,0.12551834035386078,0.06512753477566556,0.11152259084162741
0.06326537367048546,0.10184891731641661,0.10079415633573237,0.11819673842415553,0.13559102224996436,0.09162571798173762,0.11187617211224261,0.17118793834546808,0.1056139635637973
0.04581859513989837,0.194511297669299,0.0476346927329675,0.08585982957566389,0.07106860679224203,0.0736050838098024,0.09728262307528844,0.3040984062591152,0.0801208649457232
0.11818458057438641,0.28447515640970017,0.012310447361759182,0.11318928639901611,0.07483967014068955,0.12595911080230848,0.10124192785405524,0.038739095075136926,0.13106072538294786
0.05386778766662217,0.20672011028937573,0.02696441518215641,0.07858942451875527,0.039263740924664385,0.06677653216858316,0.08633225683340089,0.38391372088595294,0.05757201153048904
0.1667380180791329,0.12331038578580389,0.03945965374256281,0.12178601158907389,0.1266706947234714,0.1028043333871883,0.10255831146993306,0.10577277689691816,0.11089981432591563
0.06500385570819407,0.0715228142482793,0.1389100656314303,0.09902439944676533,0.13102249462531143,0.06684654496687917,0.0956674205550442,0.2323747849806066,0.09962761983748962
0.08277659511095213,0.13032038365108245,0.07760508319051414,0.12414735827126866,0.12309458236293568,0.14286896747481104,0.13365001088689404,0.03387407615405863,0.1516629428974832
0.06726116129770815,0.05551302312345472,0.19746088771080003,0.11354917537076435,0.12904420283262139,0.07426550907866226,0.10103765212487574,0.17945120126605843,0.0824171871950549
0.07288449913397599,0.10316121542124208,0.0975501920130219,0.12793670019151582,0.1545296586744698,0.10969717404940142,0.1286498373979639,0.06717032682362661,0.1384203962947824
0.07842872371248875,0.17506436150753998,0.057868065142266,0.11179466946816079,0.11464040938696544,0.10941734148049077,0.14331086091057596,0.08836105706476566,0.12111451132674657
0.15145395247886612,0.10667536424503615,0.05611709307672456,0.11505786645002027,0.13782963352575067,0.09697816340872524,0.10416005175196202,0.11866368827386918,0.11306418678904574
0.22081689365390825,0.11485189569854014,0.018752634742712344,0.13836485965705878,0.08059840201618734,0.21973122312591864,0.09938473760479331,0.012438774045056484,0.0950605794558247
0.07936995266908228,0.1608786967855461,0.07094201335688821,0.09800752502382322,0.10719495251211868,0.10543813408750857,0.13648225129979946,0.10366974369502768,0.13801673057020578
0.14917346923085686,0.1253149137800794,0.05247291806889601,0.1346399125415649,0.08711253622854291,0.14359252405202697,0.12748957905250435,0.05176744374534048,0.12843670330018822
0.04863018069908311,0.09678371340466192,0.0997671611033254,0.10048956297933503,0.10044698246823391,0.06563655037108036,0.09680476223816485,0.3078320151070077,0.08360907162910773
0.09805300512922328,0.14667586752960407,0.06589598277087112,0.10422070459571149,0.12489139924267896,0.10177711275712575,0.11384137625396916,0.11903955947022758,0.12560499225058855
0.08524704941289525,0.08696620762897589,0.12303975310680021,0.10637276282656527,0.15278415942451706,0.08742740708496716,0.12147444838999376,0.10907925426284264,0.12760895786244286
0.13985564836584566,0.11886943321650624,0.05402483738069247,0.11442372093036375,0.12254050704236669,0.10129993721530446,0.10409543647752355,0.1414731196821282,0.10341735968926896
0.06477352267281862,0.21430239332144252,0.047545542638674436,0.11024335839428727,0.09616508957939,0.11423129528770908,0.12516024661674735,0.11800189971117957,0.10957665177775107
0.09631644526675093,0.08436626352539121,0.09153731560417773,0.158018069177483,0.15724118759979197,0.13135299705923675,0.11863733978959216,0.04764030227799367,0.11489007969958255
0.10344652606232858,0.17658745528424294,0.0344292664805888,0.0994358548535088,0.07758541430017986,0.08756487071887172,0.0953296616338866,0.23843610245511715,0.08718484821127549
0.07220774596699185,0.14669561338665832,0.06232910467099925,0.12241815930288975,0.11099682052389735,0.13326624691054248,0.15123438234508435,0.029991252335524077,0.1708606745574126
0.08915985713674086,0.08298684835954143,0.1310703766109138,0.1090463704689002,0.16046425505908266,0.1008384387485801,0.10941371123005596,0.06796071286660525,0.14905942951957976
0.16267776543140702,0.08686545072590453,0.09013305594492488,0.10711198108049612,0.09930866634461731,0.1011206161576098,0.11470527769884564,0.12243154518506005,0.11564564143113469
0.16367400345540087,0.16168749567841675,0.032126742763758175,0.11546561069357919,0.07570156965248033,0.1222017581945667,0.11510325607291688,0.08982318788374183,0.12421637560513932
0.13178947229688334,0.04277485670791772,0.1490358345984731,0.14377619436955294,0.11261259330280073,0.18113159620110195,0.11561054446901374,0.00886657447754343,0.11440233357671299
0.0620472684988295,0.07956083410295113,0.12706445829534238,0.1087237281857415,0.13493663821786442,0.07270907726469221,0.11176398147802019,0.2065603617174403,0.0966336522391183
0.138185289463573,0.17815734248901874,0.028290564623838877,0.11372868887982769,0.08902073292219422,0.10385030873486602,0.10011502472811322,0.15729952537681616,0.09135252278175193
0.0941322740800672,0.10338565267665072,0.09337823601080619,0.1313702138336105,0.09881301817829834,0.1330323531360796,0.14805629133194806,0.06672104368985231,0.13111091706268715
0.05866148909873437,0.2947438920899526,0.014675574818822293,0.09542625406691807,0.041839575912612226,0.09066174006672352,0.08631907004979596,0.24312127028279618,0.07455113361364478
0.03963345351657931,0.07630438266309157,0.1785275573909031,0.15708824586464082,0.1359533408000991,0.13922231588098138,0.13753387642286632,0.02448035418801396,0.11125647327282434
0.1361726510250926,0.08432870899071382,0.09324345630611797,0.13843626371193507,0.14132573333545703,0.12002848334485013,0.11959974468465463,0.06909151611565705,0.09777344248552168
0.09571708709846331,0.19133057362060302,0.032457237023130296,0.10721802370447207,0.082304352215185,0.09525168836887132,0.10281810007713364,0.20793920890825804,0.08496372898388334
0.09171863158514941,0.1257554257113964,0.057377573297406705,0.12580792466081334,0.13468818968012033,0.1065300425869833,0.13723148883277572,0.10372988756609212,0.11716083607926263
0.25954516359368013,0.06831505316379939,0.08120805627036413,0.09852972941517257,0.05086175175081078,0.14403250987789404,0.12375539424246944,0.026312559139001476,0.14743978254680803
0.1000898164773217,0.08898016003192215,0.08000158047193788,0.11898382603736646,0.10983999439559262,0.09423419703544363,0.12472493780764106,0.1993573786566263,0.08378810908614816
0.14870814646921418,0.0802108253471062,0.07963257097252584,0.15998836189260834,0.11454591941270864,0.17077399960463688,0.11560508604724716,0.04017298902751338,0.0903621012264394
0.09464856485511967,0.19650426291776688,0.03788632734483947,0.0735119821949994,0.06436148134087266,0.08449361294338815,0.08721161128046369,0.2680220727862708,0.09336008433627933
0.0851855741752629,0.10539065517475323,0.10004541981210406,0.11479234373040165,0.15895881117298746,0.09939161200445322,0.11597539200158602,0.09424605571833955,0.1260141362101119
0.15552872357159336,0.10605387531530257,0.10017114757983292,0.0882249375494113,0.036613623414989346,0.12161545410110851,0.14315774577100468,0.0979240545954559,0.15071043810130139
0.12298760711732327,0.16686195894224667,0.039493262922576565,0.11613709697717005,0.12153256463424374,0.10730113619217473,0.10819542313694823,0.08965594101630604,0.12783500906101064
0.044436716605691116,0.04642301339091223,0.2945022522909988,0.12642395133233444,0.1200687662761291,0.08490074757698807,0.09686196193570067,0.10826816751580137,0.07811442307544426
0.059830770277463474,0.13149354981798025,0.09804127016044606,0.11544207655287757,0.13929332308672912,0.11172040284616343,0.1430585411230477,0.05189816511766421,0.14922190101762822
0.10678681683079755,0.15338235113514928,0.042010385219266755,0.12412133214700859,0.12079872592815565,0.10713998585842449,0.11936469081304489,0.1243190093954552,0.10207670267269753
0.18538609112867246,0.0930441561166351,0.0663504792438955,0.10881792342719972,0.10263923608341569,0.10898174673224387,0.11790388883198517,0.08298223309391305,0.1338942453420394
0.1762722014543857,0.13303237387154396,0.04502846281506919,0.11006133715814674,0.07702128669997146,0.12193278005605857,0.11124531811485432,0.12020422353688853,0.10520201629308158
0.085285254877771,0.20938295116503944,0.037662633985340296,0.12077898834550234,0.10907528596806752,0.13100001548726523,0.12264983623919634,0.04561974785183096,0.1385452860799869
0.11334744216064924,0.1117721909924223,0.054483025369524034,0.11186878735221101,0.10084908752547195,0.0847875594000162,0.10175975719683945,0.2359503806199781,0.08518176938288764
0.05412106268208112,0.174696374046543,0.03576484928586488,0.08361020487010812,0.05300541001791418,0.06307523115674062,0.09082323502987392,0.3762649471434066,0.06863868576746752
0.04694329605915206,0.09354346858771344,0.12977040210479637,0.10858600769121345,0.13874071606220084,0.07309761873148529,0.1095836875409757,0.19719216657898161,0.10254263664348123
0.0815603692207026,0.14989483479751764,0.054210137212489774,0.07631822266111268,0.043873440423760464,0.09251715368140288,0.09270031544526336,0.33174399262436444,0.07718153393338613
0.11387658102333142,0.09249927342330698,0.06747890758884793,0.10527309314049364,0.09223193439010992,0.0845498054937784,0.10980571658062627,0.25742224466170444,0.07686244369780106
0.07215444141354743,0.20998201275671682,0.0454456500527596,0.09706291137580793,0.08913121275577467,0.10623867906536072,0.13205184868097739,0.13178293187160492,0.11615031202745063
0.054426641413743725,0.16039462232443957,0.05484768501033638,0.07297129955487186,0.06326151683270362,0.06660870302661537,0.09349200077261553,0.35848182896597497,0.075515702098699
0.0877669594399433,0.10250202973580567,0.08595511406941271,0.12447974492048974,0.13440146114462556,0.09433514730935068,0.1112632841133887,0.1603740455797396,0.09892221368724395
0.09675198772322778,0.15979765495544018,0.04221849568190542,0.10897735292786226,0.09084348879255104,0.09239406628674934,0.10065372492724871,0.2202498767978709,0.08811335190714444
0.1340107327131169,0.06865458875152362,0.12965341706286118,0.09608650036151382,0.12317550535702106,0.08010281923683117,0.09833427316416345,0.1780431161764675,0.09193904717650137
0.11723469767681609,0.07768186206913734,0.08797388684356784,0.11984076106708108,0.10704646807647585,0.1010193841733219,0.10136730313389175,0.20329421733649278,0.08454141962321542
0.1293258442267044,0.14685137467705964,0.03432525897806287,0.12255030358154469,0.10118228084069969,0.1531822835443318,0.13294882107587677,0.023821252565188803,0.15581258051053137
0.04626489345831691,0.08807448212253564,0.15261363488471733,0.10948917148767012,0.13014576723846263,0.07779352953464853,0.12247024631388836,0.17231587054907707,0.1008324044106834
0.056020905834589095,0.11104482987072407,0.1299867138060852,0.1004176602294423,0.1450810017643337,0.0946623833975166,0.12012265416823824,0.08191558101069188,0.16074826991837896
0.07468570539723396,0.08278255072217898,0.13159916295032936,0.12330558780413507,0.1660073483264807,0.10403794223206679,0.12733616799724445,0.05906120728283228,0.1311843272874984
0.17634645133253923,0.1737798211656364,0.02345771603519045,0.11005052053842808,0.06926372636972396,0.11794320674091852,0.093461496546341,0.16165043184239467,0.07404662942882774
0.12184170289789635,0.20509459944144373,0.011232175081232988,0.10188991638998864,0.04157708228212173,0.27323844175737133,0.1164908255520956,0.011367606524989686,0.11726765007285996
0.12912801288158235,0.094891102430483,0.07638852402117913,0.12319071887165155,0.13357390795601964,0.13721969760281794,0.12778958728936987,0.0240229341712167,0.15379551477567996
0.10130779696000013,0.1919613664453479,0.05034972870421026,0.09522202027992514,0.07689181476334554,0.10153127014618794,0.12526251357479148,0.09315833670842494,0.16431515241776665
0.11280162871766969,0.09407520016544124,0.08691238135669432,0.14410908132889158,0.1344876521050685,0.12169534349591911,0.11539668735977106,0.09437153045846393,0.09615049501208058
0.10450874798524558,0.13204659084498963,0.050537594920911554,0.15492630763331383,0.127638393766875,0.12739287324462753,0.1198306302786818,0.08366341004040227,0.09945545128495287
0.09256659025259507,0.09506153645595967,0.0833724746354439,0.14444846189904956,0.1446985295715921,0.14500406091957652,0.12566199966234956,0.021526157263899698,0.14766018933953384
0.1030457642156468,0.07451239625652019,0.09216533509611569,0.1082657025936576,0.0739935290298105,0.09082757162064543,0.12576629979275974,0.2418315340904298,0.08959186730441415
0.03965866387718454,0.1562253829312971,0.09525446601975762,0.1588600904097144,0.13444529627090354,0.12658349280418357,0.12266894113134023,0.05402902957494173,0.11227463698067724
0.08418818079349571,0.12721314766061262,0.06407242022673025,0.12732741593253358,0.1403395741988809,0.10851411859776405,0.12272075928751751,0.10412084369866631,0.12150353960379899
0.06873827236365175,0.08865880180796008,0.1526017753600733,0.10456172028406337,0.1382949714350797,0.10949087904853357,0.11992494699709509,0.037158319656881746,0.18057031304666138
0.13418435839498485,0.068308068655046,0.12728177615384653,0.14842113321761127,0.1047779572309795,0.12438394304829532,0.1262723286165114,0.06110429388193874,0.10526614080078632
0.27713409299416264,0.10428954193625722,0.013874341143066899,0.11063411438786046,0.04796346507221341,0.20933812288389222,0.10020372739781384,0.003103114058921863,0.1334594801258114
0.25315335367414754,0.06452521742945003,0.06602386994030084,0.09465687794333993,0.019991267432544795,0.18911276178854255,0.13115518675189322,0.03562929753392082,0.14575216750586026
0.041778027990853374,0.19704392997670436,0.04562710207673453,0.10181482096281302,0.07478121081598088,0.07588552852061374,0.0918513394303462,0.28430060756911013,0.08691743265684378
0.13317216129728104,0.058654451941439055,0.14567246480963297,0.1167973735218588,0.1504193000161488,0.09470989633878872,0.10942636754037849,0.0788448192337821,0.11230316530068996
0.1150838670219718,0.19011894867597912,0.02352401246806508,0.11094231514894863,0.07421386017633645,0.18804967962312494,0.12630556808609342,0.011832602969202535,0.15992914583027804
0.06447693746081996,0.14270963914617696,0.0917792154859764,0.09518416178493032,0.12060475639323102,0.09430938480740764,0.11987792426902776,0.147533375620627,0.123524605031803
0.0347143674603614,0.06850446644304431,0.22954923959114235,0.10350234782809246,0.11203768118095718,0.08290310174915953,0.10938294615977447,0.17426409259510636,0.08514175699236193
0.20885103462688703,0.06839801627177088,0.07796985193173207,0.12460937277030597,0.13261599610579972,0.11520847256034583,0.10397110342362559,0.07535900429374144,0.09301714801579146
0.04933315946096434,0.18457886684237357,0.06539170301069351,0.1086015094836351,0.13793693540717125,0.10102294000963243,0.1190098246110426,0.08540186460156662,0.14872319657292063
0.09001825368885637,0.15780214042370697,0.04751248697372151,0.13235251490656916,0.1457853524234595,0.11340825975140549,0.12063058226126842,0.059021290070170256,0.13346911950084236
0.11813240314904287,0.15311276458359477,0.044303774534093364,0.12776788697251207,0.13000517689607186,0.11770076131135544,0.10519515815389906,0.06218033006182493,0.14160174433760567
0.0635520771720524,0.032971916157500496,0.3327795698941461,0.08369017251652776,0.08657448748013906,0.05208606247408664,0.08777681958936111,0.17881693661174472,0.08175195810444176
0.14105164405679435,0.12084455069203566,0.07126166916379882,0.09816233407132811,0.08668640545181301,0.09183043216288655,0.10978075926814973,0.15249931840802888,0.12788288672516493
0.10860256408445741,0.16200310031915036,0.04518559655395856,0.12070418432462376,0.12409815935960551,0.11234012391855304,0.10474981571375726,0.09742056065235594,0.12489589507353809
0.17029591906366112,0.0819636433455311,0.08071847823322098,0.11197391346002696,0.09408015192044472,0.10066011876567431,0.10348370961085694,0.18142776305937094,0.07539630254121286
0.02835862646150839,0.11349729676703789,0.17771403876855274,0.10194512620510021,0.12848419438326344,0.09164079429137346,0.13344045556488213,0.08587397919069441,0.13904548836758732
0.040871575014667864,0.1947557336640858,0.03823046670633888,0.09348530107043235,0.03431533495807684,0.0793436888641698,0.08790821092274385,0.3784930270370805,0.05259666176240419
0.19406669085546172,0.11713570398818407,0.04507383870821926,0.10492807526005914,0.099418090345138,0.14628014116185709,0.12521615982401682,0.024470863063081213,0.14341043679398263
0.0658596263122906,0.12506020526966213,0.07018837636932213,0.1189590452066482,0.10805057746302055,0.10075156910112822,0.11007384411072946,0.20853623068988156,0.09252052547731711
0.11629501133943643,0.12825397804917035,0.03290347944889275,0.13884164461698936,0.062130993862580614,0.25889212929442984,0.14653628057995174,0.014090002212420122,0.1020564805961288
0.08568027292972463,0.08711816926128156,0.1316690945929918,0.10127712893119252,0.13523301713261315,0.08493949990554221,0.1047651685930205,0.16087839116377453,0.10843925748985918
0.07300989952251491,0.1635554019566566,0.04855013935560631,0.10329440362534774,0.10040513625062734,0.08244956777328198,0.11516810441372838,0.21742923427588998,0.09613811282634688
0.15582597720120664,0.2077400041749912,0.020518001418722023,0.13867614066082345,0.08446522471649888,0.1488835855504931,0.09452979581018768,0.03577199180858197,0.1135892786584951
0.06111463568405556,0.04712924346736775,0.22780052030188389,0.15453434224481988,0.14946641180357215,0.09778796186643957,0.11637389657241308,0.057410051922124804,0.0883829361373234
0.07558435438673368,0.09041537379681192,0.135440129674375,0.11181393950015794,0.1454903062321351,0.10388543829344465,0.12630464701637703,0.05911755344593009,0.1519482576540346
0.1401499978453126,0.06300705953635333,0.13614717189277728,0.11931237325643725,0.15810567391143981,0.10927479368449526,0.10934862188924814,0.041971450386354275,0.12268285759758206
0.1366593418772465,0.11996600335465706,0.07820680095251693,0.10088511596554546,0.12566627822700416,0.11814599428804622,0.12217793735837205,0.06233637639924256,0.1359561515773691
0.0879125492115504,0.10734840721451151,0.07197590528433254,0.13951341676613035,0.1310987849836405,0.15754784815211478,0.13542178489876508,0.02934915142106737,0.13983215206788738
0.10344655455817335,0.12547990924914101,0.0732958141316523,0.11198319470028766,0.1438397141683766,0.10656900302013972,0.12383078633616292,0.07184817387500102,0.13970684996106533
0.1411613182497564,0.13823971241831703,0.04862523965313011,0.09607274896278552,0.10200503626391234,0.0932169645140656,0.09931075985102035,0.1824932628039336,0.09887495728307909
0.10122076138190494,0.2374022234781923,0.027034248074758165,0.11769001649181798,0.09057706201357364,0.14104160531226528,0.12011654108492709,0.04576085710568114,0.11915668505687937
0.12678127666613992,0.11031765104963387,0.07588418008712827,0.11596306809415076,0.14390543773085251,0.11802237461804703,0.11219411358422271,0.04305125172043861,0.1538806464493864
0.0941634197757899,0.09716392749847873,0.10130357609066327,0.10239102272405293,0.16026613107448287,0.09125365496028826,0.11090338653714742,0.09333179127160357,0.149223090067493
0.11204331056499121,0.15816784648243168,0.039085379036303956,0.1310948389047227,0.09702731168763103,0.11577590974147682,0.10956147598907225,0.1491627059737488,0.08808122161962151
0.050010384656611374,0.08621811547687502,0.16098564961656747,0.09408399665497662,0.11672088891433736,0.07034738971295901,0.13421656535598414,0.18153032686297865,0.10588668274871038
0.09904706913839884,0.13949754406511194,0.060197531540149125,0.11853451363688507,0.1321953784540184,0.11559823339862958,0.1349466054033788,0.06656039999811154,0.13342272436531666
0.05441149182930024,0.11234603931264216,0.12556989813208155,0.1096971044332597,0.14107131371544276,0.09894958459563326,0.11949114051776732,0.12160924672077202,0.11685418074310101
0.041520365874234695,0.07950948396428124,0.17241503524605176,0.14449517946867912,0.15737604930858132,0.12694515637667816,0.10095759325010593,0.03385145814927663,0.1429296783621112
0.11704194506846867,0.09792347703333819,0.08271040891231461,0.08060809869409509,0.03734298236793599,0.10097558041586151,0.11229107720806442,0.2749671961840678,0.09613923411585373
0.10606554431424631,0.20193557878240423,0.0329470106433974,0.1086464972367769,0.10524321327245623,0.1081860859064596,0.11263728295405233,0.08778309979055389,0.13655568709965313
0.09735930447462345,0.1467727204504642,0.05809596380497594,0.10637103796786296,0.1324161460199739,0.09611737471836251,0.10767949580702567,0.11966838265276947,0.13551957410394178
0.0789566524387881,0.10695246501896194,0.10382575921100161,0.13137594054098337,0.15335528643592483,0.1130257027732559,0.11275853311276428,0.07797102382571165,0.12177863664260835
0.1020366766221948,0.15002343263680007,0.04927740352334517,0.12707903674088375,0.13136901381542498,0.11680134897748627,0.11251453600757642,0.07142211504627974,0.13947643663000872
0.058012925208511146,0.1874482178467907,0.05039736094442088,0.1327116384728901,0.10722967506814146,0.11584213933623079,0.13182574494312335,0.11302163725929443,0.10351066092059717
0.08306344430417496,0.11971682118519249,0.11173580505494662,0.10569376031429521,0.10670500961612682,0.13110827181758367,0.14723121324077326,0.030073762758395347,0.1646719117085116
0.10062718707452306,0.1551356536153078,0.0390289548702678,0.09721985946525791,0.0896131306158569,0.07916968544059287,0.09894109051922419,0.24461747714655546,0.09564696125241391
0.1323719189198567,0.13933322093728973,0.04159787440465656,0.16100233759568136,0.10320671334310631,0.17552547857009962,0.10824914215975782,0.03301767093582639,0.10569564313372544
0.17919701346850628,0.13272666589482737,0.035868668750371306,0.11557921505701053,0.08803765143953479,0.11657342295571622,0.1056554552066975,0.14858803384810532,0.07777387337923071
0.062858034395086,0.11511809124275545,0.08855743807434137,0.11731344190568249,0.1554507955590119,0.08407731182717564,0.11125291699263785,0.12195848888158002,0.14341348112172925
0.10075212832556861,0.06955604667023159,0.13240948460390203,0.08284861374664002,0.10849677339453291,0.06605951860791931,0.09955047868192311,0.2478688821421435,0.0924580738271389
0.09566529730379958,0.06971045685267778,0.11417523123628574,0.10226963467480966,0.12243417548879731,0.06841144539957451,0.10184347464414904,0.23709875289211388,0.0883915315077925
0.07020655515255991,0.06917729399329091,0.1736282270430145,0.12609005806535978,0.15794677286377767,0.09282972974678656,0.09779258301275973,0.09472421009143216,0.11760457003101876
0.06323124820860426,0.12493756383160153,0.07575957159827203,0.10228462982243358,0.13148224429199726,0.07535763317551525,0.10609054180624088,0.2035889502622179,0.11726761700311733
0.06658417618575772,0.07474315363411345,0.1406204874831013,0.10337972558794561,0.10914624455262378,0.08542819515702106,0.10719829496301615,0.2224468484158073,0.09045287402061347
0.06474079791604041,0.2255613288771785,0.03988081831688744,0.10874125565518583,0.11483016310565819,0.10902468897337998,0.1225865492969091,0.0703435286283008,0.14429086923045978
0.08018788930078129,0.13482940651218506,0.059125274807549255,0.15055092831392952,0.1479011718780426,0.12709059234065698,0.11943873985509783,0.0534532921104482,0.12742270488130925
0.09306740436270484,0.09796612735331363,0.07817299361667729,0.14094037048079058,0.13182669155772944,0.1557406559370322,0.13524172605498194,0.02572789907084457,0.14131613156592548
0.03728141917051743,0.14438578018753903,0.08143063684515649,0.09357265242198072,0.057063017051489966,0.07148492062012203,0.10909917159815168,0.3340969596652914,0.07158544243975129
0.0895350856671291,0.08586720539272862,0.11576347625866672,0.1003611737289098,0.11841359200813605,0.08117974117313602,0.10286414806989264,0.2126905271023248,0.09332505059907632
0.17816618319125602,0.04170150614394505,0.1647323971899246,0.12418821794802098,0.16568539893878098,0.09407275452331944,0.08926789503224969,0.038373767116644766,0.10381187991585844
0.06740303998396839,0.09429316910442527,0.10101913533855868,0.13329945355281442,0.12028835987781827,0.1705862119536524,0.14938538493118136,0.040104914561846276,0.1236203306957349
0.10918300052579548,0.12679729595134762,0.055362056559852456,0.12269582041657746,0.11995298793923731,0.09905747223547941,0.10371744081955547,0.16142450770866656,0.10180941784348824
0.18297491313863748,0.12728522982476423,0.0357203895230555,0.10806069717160804,0.10530245634312325,0.09987201537038941,0.09845187038225935,0.14799329497832067,0.09433913326784209
0.03130878598363143,0.032209100251144804,0.3235940668139251,0.11233082427672542,0.148864215294519,0.11681726635693719,0.10470400430584619,0.008721983642613385,0.12144975307465751
0.13417229535958078,0.1257457537771363,0.05745775494801215,0.1279467331068919,0.13116184390876887,0.1318326465885634,0.12483580995210042,0.04704690957410037,0.11980025278484589
0.09151676080117983,0.09560870021251171,0.11117021229571988,0.1072398980567038,0.15941878427920242,0.09764352916584174,0.11490251873381703,0.09058601161946907,0.13191358483555457
0.09073105982451617,0.13439086528566271,0.055240635375254976,0.11303632643415905,0.1249036854515978,0.08963748062272708,0.11431629146092455,0.17276980761435842,0.10497384793079924
0.10734228931091526,0.19377322412427297,0.04013479808160097,0.11623713983996371,0.1095166841675157,0.12794885757160293,0.11734592974190501,0.061354100741882515,0.12634697642034096
0.12973546464477342,0.15481821833635723,0.03959982070101311,0.12147466212809066,0.10308738124327843,0.13675893929185967,0.12025751261624772,0.0377860030652132,0.15648199797316661
0.10321874141274269,0.0863188828777729,0.10444046735636027,0.13126671336034013,0.14464617787977088,0.13539093753268727,0.1149990776257598,0.02476373625467576,0.1549552656998903
0.12751043939017406,0.06875672758449611,0.1242395341217956,0.10881751485825618,0.14989875117039786,0.08671381008003391,0.11479757606851561,0.1073711902142912,0.11189445651203948
0.0930716557803379,0.09097915598401267,0.09242187845640602,0.14012386418220218,0.13782929776105227,0.10602080625489384,0.12121843111924292,0.12333911907480201,0.09499579138705024
0.050234225706045355,0.07900687555571177,0.15047908547108232,0.14011533630514603,0.1738869126689296,0.10242932288411287,0.11587844338247096,0.05628378810980139,0.13168600991669965
0.11756305340049773,0.149772615460435,0.044155156945627605,0.13066610034963308,0.11916559078227747,0.12133499787943042,0.11883858975235502,0.09873038709544853,0.0997735083342951
0.07538361452927542,0.10285249986929934,0.08652163551552394,0.1027798048953746,0.13139405005004806,0.07346982844231174,0.10080552052045004,0.21909276037995304,0.1077002857977638
0.14324762327828794,0.08685304683649553,0.05870268912572809,0.09502754056793171,0.008991652272345307,0.2480970629047232,0.10989602701411905,0.0389708464404832,0.21021351155988596
0.06986028304520149,0.11147149084872582,0.09120224600840343,0.11579815953681431,0.13524712133284567,0.10647547160960147,0.13643397187659176,0.10838489965142428,0.12512635609039185
0.05951041493244267,0.19039622795864394,0.051546451562381544,0.11029281958773325,0.13270035291677273,0.10794253482470971,0.11439512168016532,0.08262140923041751,0.1505946673067333
0.08996471350282802,0.10912185114696686,0.09208954063910867,0.12371388279747926,0.13204089604409533,0.1296287377039674,0.12070292851831643,0.02911217821333391,0.17362527143390416
0.05166429629129454,0.13843908669332003,0.07340741889893894,0.11053826474633953,0.11317411326541489,0.07687907053259842,0.1174306371042252,0.22254500434480615,0.09592210812306233
0.07531147831152375,0.2189543387693956,0.027917381825457915,0.0950175419769923,0.04278192134277254,0.09754224431539621,0.08622396584368262,0.29701075192545967,0.05924037568931939
0.12616579593304983,0.08970169522690964,0.08256137971047832,0.13011552435649018,0.1584933779762558,0.10533307010104209,0.1048890847365167,0.07850200919435874,0.12423806276489867
0.07464252591584598,0.09340471912806085,0.09648947524267903,0.11119119677462508,0.12066101096997815,0.08165316282699976,0.11588027847681225,0.2145664109074407,0.09151121975755828
0.06882527953773822,0.13042500114580777,0.06321087576608243,0.11156945149084539,0.13220774206951344,0.07933202587151722,0.10809600548751643,0.188136308970952,0.11819730966002713
0.08901351757326571,0.0838057222368841,0.11095038670033787,0.10850335356067776,0.14339408296234668,0.0798592435090037,0.09803998718703309,0.1788776885526775,0.10755601771777358
0.07769489461750057,0.08350013485239112,0.1079864599924446,0.10941556657760247,0.13320785525601242,0.07744892518158013,0.12519701832132976,0.18692822346583057,0.09862092173530841
0.16930909351016452,0.1455283502661244,0.05009921548917396,0.11226045873844553,0.087403367951835,0.12739228157464746,0.1223643232213455,0.05112948930625414,0.1345134199420095
0.05964588906005074,0.06620402680511785,0.15203161255592382,0.10872975033486591,0.15010658391654072,0.06958387326804812,0.11167153059993344,0.1820948944348875,0.09993183902463203
0.16173145819539006,0.14794037427490025,0.012116427497199198,0.1301603257901386,0.05714661272963698,0.2524868528321401,0.10768810906824355,0.00589140984162245,0.12483842977072879
0.055552743940715556,0.10293848563563994,0.11368796938310455,0.10189634114005253,0.1446908842687472,0.07384556948189135,0.11928121627838585,0.16495832625923454,0.12314846361222849
0.04200707966502087,0.2155051198668838,0.04416010043659841,0.08436972171381098,0.0769037447248513,0.07270794406384341,0.08781648165249571,0.2703251274771811,0.10620468039931442
0.06425573438771494,0.10032344836399583,0.15239569734973638,0.1012518946813653,0.1013858376720349,0.08985013461065654,0.14619176213467708,0.07022389823965075,0.17412159256016832
0.07990259669586507,0.07727239379394661,0.12289719612104655,0.1526668359745065,0.14408194344949385,0.14080635398689081,0.13217209201021438,0.028517038985867455,0.12168354898216875
0.11213859278047517,0.09940145157939946,0.10460663456160198,0.13994557088760348,0.08278871099948948,0.13852866298388652,0.14838326846715258,0.0652134898570107,0.10899361788338065
0.08935545988653519,0.12919557343036606,0.07351393182136691,0.10955664184432877,0.14917578217383468,0.10189480181467607,0.11317930185443292,0.0711559412352883,0.1629725659391711
0.10348197025872981,0.09289760873709074,0.12954093869136318,0.0838418515250382,0.09019998164374406,0.086241659332144,0.11113747558528375,0.20675724977668156,0.09590126444992458
0.11650033825528679,0.14871880387299438,0.05057261625479772,0.1307414949482866,0.13086331898532408,0.13506098760924812,0.11575184257317679,0.0358697449194496,0.13592085258143585
0.12859177080880654,0.08198438355732433,0.11374603227201095,0.11054057296365634,0.1497225771829919,0.1010037945937124,0.11007534747569263,0.0806148852415043,0.12372063590430056
0.13383714214733342,0.10372490377075083,0.06890481171978524,0.137248132466448,0.12894842281581087,0.1282002194863852,0.12589316628604538,0.07427897953043454,0.09896422177700653
0.06653725303862852,0.09729726486191526,0.10967854100525372,0.1400114806928602,0.16279930891216407,0.12132060288967657,0.11920906444482317,0.033779594402052984,0.1493668897526255
0.03974086294655145,0.08105107289500331,0.18700121339809408,0.0976184157943486,0.08549962441084498,0.08326344163720624,0.14049129605075217,0.20302710018932504,0.08230697267787411
0.0677855057496548,0.1092002274227833,0.08662206739334444,0.13334563922139261,0.15878572948264824,0.09964987712597632,0.12663476818289351,0.09280777528434514,0.1251684101369616
0.12137716861393884,0.0816184421521965,0.06269750269514184,0.15310832537621621,0.12752781289319912,0.1865389711567875,0.12364036303779118,0.032435846845283105,0.11105556722944566
0.06457724336050652,0.08578366847614834,0.09517230282560023,0.11877721081114627,0.12093391635094215,0.06941882234409062,0.10080433759761553,0.253426332872334,0.09110616536161631
0.05074753549168393,0.12524937052807344,0.11199274562095597,0.10859752132276303,0.11782146707341874,0.10674961285475763,0.1283631536293435,0.08423645418372412,0.16624213929527962
0.03413121190353865,0.12573225551561185,0.12577993279904334,0.10929960060485217,0.14139427551317665,0.08521908345933212,0.10903680645136844,0.14668658155229053,0.12272025220078618
0.1346751466015912,0.21016713232560802,0.029453853993251917,0.09841847271685988,0.08206996553797948,0.14924600644202227,0.11989744733431253,0.03204879443332146,0.1440231806150533
0.05156296935246255,0.12846414804413978,0.09531009319262185,0.12196477582434491,0.139126724909581,0.09381454065446464,0.1444772779091796,0.09482431382275121,0.13045515629045445
0.08854982402430965,0.1514760936077478,0.053731936754802645,0.10328304878769756,0.12160741476461616,0.08500413641172,0.10518355731204936,0.14914279921789472,0.1420211891191622
0.162905008426908,0.08998413762249546,0.04697954596719709,0.10672225698075714,0.05340605409820243,0.24058799648079743,0.13432994659523526,0.007779892364483507,0.15730516146392368
0.1687462131700317,0.08041416380260791,0.08638584783485308,0.10453671124627201,0.14460386896540245,0.08502056368797355,0.09228541258625916,0.11091640863637937,0.1270908100702207
0.06673627642138058,0.08744666034582443,0.10623410741327678,0.10023208918680027,0.11138092621821864,0.07432003789543443,0.10122914405813671,0.2618753690821963,0.09054538937873191
