0.20504991321141697,0.05071423667773537,0.052462351677082665,0.1629566520783098,0.10866834061330566,0.13752521968034037,0.0195328914129157,0.08816290294723717,0.17492749170165633
0.056841057478499685,0.023678451798805875,0.09085046411521418,0.05213579992126863,0.39519504211768686,0.08055272437845618,0.061435076339380314,0.06731230498621661,0.17199907886447177
0.2477368533619726,0.09939595373487269,0.13511682010455256,0.15639410040972992,0.03594086903863026,0.08054917142721087,0.12768696371217322,0.06896092992747231,0.04821833828338563
0.04158732362908174,0.12097785890858041,0.12895579055613152,0.19096336765310765,0.026836957226820484,0.2005524056944702,0.02775736599956394,0.13451366542698992,0.1278552649052541
0.03669500860282576,0.08630317848121442,0.1480543434491337,0.09894847872685232,0.2523808720692375,0.12714151693422132,0.07727418474750014,0.09003624383417398,0.08316617315484082
0.29192749545153235,0.24429918333009634,0.03822814713262127,0.051884481300554446,0.04697228486244443,0.1298796462619692,0.07123140355007435,0.041346409479207785,0.08423094863149971
0.014120506104007155,0.03419924175209945,0.29032958127308545,0.04932856470069308,0.03655770732346886,0.05290525061153884,0.24226747401652973,0.10867120552514042,0.17162046869343694
0.26228282594534524,0.05884707294375932,0.08479134504858436,0.13156592920634055,0.03172109475900967,0.17132824562303484,0.06445609294390608,0.05700318441840948,0.13800420911161046
0.09883153987938491,0.3459387521481334,0.10638834453154755,0.05104533828774723,0.03731491275521554,0.13367014903857646,0.09335543240085338,0.03586707839626587,0.09758845256227566
0.0690033998969798,0.08916794968456472,0.14123613372477445,0.12797761322216253,0.031214156480943514,0.2150979884537251,0.0780789394013018,0.12306441498505476,0.12515940415049331
0.11905642978742755,0.12943607101583554,0.05170005979904089,0.2059525670829544,0.09926084950981368,0.11383189301362846,0.10125430742488822,0.08508416486550409,0.09442365750090716
0.10185823258596038,0.09249503891734462,0.057775899247447304,0.034560582485440625,0.09522177169105388,0.12893581192123268,0.0635177564673798,0.26986660921013866,0.15576829747400203
0.11315068800326256,0.4275962659657771,0.11885339369748325,0.026551076678794184,0.09774917915582894,0.09589801262566007,0.017235430697599752,0.03348797682508455,0.06947797635050951
0.18346937050968082,0.03773050433006061,0.043179476580322514,0.1072769917454021,0.06292875048876843,0.15481908457570154,0.08293995608049157,0.1725753911040101,0.1550804745855623
0.20621361371077077,0.133036841165335,0.035135385647627006,0.049374885853471225,0.06815583767566304,0.16696388442254392,0.12376123121116887,0.047499795139613075,0.16985852517380703
0.0868356262146432,0.05768577395372051,0.09470738724064282,0.14902396566716652,0.10232847093572879,0.1689320723041703,0.06330233737113203,0.046167524500357555,0.23101684181243823
0.060557920119462046,0.16520895602806818,0.21576767198708094,0.05550850466018703,0.3467352853726213,0.06868292479253224,0.0020950351677530093,0.010781177640268058,0.07466252423202718
0.13365126934585028,0.09737368484554676,0.073368191705455,0.23312534949392916,0.08157371072388891,0.06036319488833435,0.09033975354366626,0.16289351983004602,0.06731132562328324
0.09479632414749395,0.12710156720146337,0.10411193971134582,0.08386242770737233,0.17481565491588116,0.15188224556690977,0.05176481051986915,0.11889234831432588,0.09277268191533856
0.2802822427794696,0.06984831232261196,0.0466851574705081,0.21624724680621363,0.07074158909045382,0.06726733919673705,0.02311431793915771,0.061696370159208445,0.1641174242356396
0.03515972245047747,0.2909867415242288,0.1317878300030609,0.036572955098056185,0.10921078717922637,0.09618236244221186,0.015488210464842231,0.10162350600402642,0.18298788483386966
0.045802188459895504,0.15185753389755083,0.1902151055809889,0.0496706320281535,0.135413418436409,0.11619642553616803,0.06166421027949487,0.17785752655016804,0.07132295923117139
0.024791916484983013,0.08256313211900629,0.46974288144839776,0.018585337385372047,0.15959537203938537,0.08935127260361508,0.007345015204212674,0.049509849458510315,0.09851522325651747
0.07991373188481864,0.028247981398077004,0.1360383435740927,0.26851900767155445,0.09559524437689591,0.15320081034721858,0.1187556694719734,0.01956665659352075,0.10016255468184854
0.1590481242324972,0.05566395911380573,0.07347457979631557,0.04753319023416097,0.09793153935237668,0.1130571367262863,0.057267982039134434,0.13376370804681537,0.26225978045860776
0.42672172131114516,0.04646901836322595,0.08818052855254381,0.07764115865641669,0.10187830837992756,0.07597710928231736,0.01062575993880772,0.09728968369991726,0.07521671181569849
0.39622719750329466,0.11703483823418837,0.06265996487749209,0.04949711061589873,0.031479017865048656,0.15392655925440848,0.008239535663928066,0.06121753639761809,0.11971823958812274
0.06294143838015136,0.04613248699996417,0.0896133869667048,0.1021260417542647,0.11542372135576882,0.1139405904128719,0.0690100685647758,0.3536427015716517,0.047169563993846864
0.12353283060792247,0.08575371214249765,0.09597934572636242,0.27221362184042114,0.05193984339281974,0.10448558785693123,0.03304258216629662,0.10432825825176222,0.1287242180149866
0.11059848372277574,0.22760837200700723,0.09038388024319932,0.04253166911983545,0.3385956377163101,0.07178479889312579,0.03798936803866635,0.020462692032467682,0.06004509822661238
0.030282793453876706,0.02326554842654399,0.17135937693811631,0.30853626085538366,0.04979806355397975,0.09089307262687181,0.08935584392927232,0.08039415253476327,0.15611488768119222
0.16006736237232586,0.09296823953564326,0.14898967412184574,0.0767554425328651,0.1308531177370165,0.10314514903479993,0.06739225569426122,0.12103973952319864,0.09878901944804379
0.08773832165115046,0.10958080080866568,0.08439858061111634,0.05160070473127223,0.07309661656545317,0.12024366001993714,0.2991962776406952,0.05476040824622854,0.11938462972548129
0.15304225014194064,0.048121446604673455,0.1612603873473048,0.11394156119534803,0.04788351366866117,0.2511833148071864,0.04893442208424038,0.07375706197325294,0.10187604217739225
0.07513355893039754,0.4029365681729824,0.08093985463255064,0.09587519587051525,0.15520068920246374,0.0897000178105215,0.00581719917863473,0.050691164169395314,0.04370575203253881
0.08271535303864368,0.10386745286456922,0.039927803171371186,0.08758018584609983,0.07207523358618928,0.19016323902573284,0.05315298657620388,0.19503229868011188,0.17548544721107817
0.036997983359558874,0.3382710718401607,0.13386723667509756,0.05996867015798827,0.20782557427000647,0.04549160590511833,0.0072367561029446975,0.06006868277496575,0.1102724189141594
0.07163288821617796,0.30126853922349284,0.06078336000943513,0.029725248458557785,0.10321497376318839,0.08315334728152075,0.20810286433331723,0.032788768393005194,0.1093300103213048
0.034147922194342345,0.05193811394361738,0.12886384959745717,0.05612883151516157,0.08249823107076516,0.18384462845686522,0.14932467203387959,0.19281601156412656,0.120437739623785
0.05506963664277681,0.2116751260089861,0.0620419859540949,0.3089009417883331,0.04027998500851479,0.052983141071911634,0.026840382931440393,0.13489965713559685,0.10730914345834543
0.17065073695795396,0.09860666970055809,0.06192128508355534,0.2846820422451333,0.05936089196719758,0.13029823490500403,0.03089545997071616,0.08174348840198213,0.08184119076789936
0.1333692676980669,0.11511153016158311,0.07581657846267006,0.22642424118284699,0.07843815511429374,0.16569121968292452,0.03202109061863107,0.07302861756310937,0.10009929951587422
0.041632347495585614,0.28313780690406976,0.04387540364092082,0.00964544180983081,0.048559443911386425,0.16013722607682623,0.12672897853389956,0.2551439272178274,0.03113942440965342
0.16464687994557817,0.24161387414622038,0.06914960778495464,0.029730585843109125,0.06496603571111316,0.10662499146740823,0.19942413427868136,0.029688809127118642,0.09415508169581617
0.2699021045787171,0.07514999672748106,0.03606342719794974,0.23597269850489344,0.0436747519197361,0.12471797770325126,0.04370234233889003,0.04254802849083547,0.1282686725382458
0.09566495880723358,0.046685651813229145,0.4170239067674432,0.1187522115270221,0.03371317468995926,0.06757370586109852,0.10818372705091177,0.034664609713568204,0.07773805376953423
0.2596666163569831,0.060661973205077414,0.0565076996192638,0.11936794017406653,0.021062149807692707,0.1175327512418709,0.04046328593587503,0.14514400706795763,0.1795935765912129
0.24128015850567067,0.1944788591524018,0.09566322586063504,0.10651122836729969,0.03168829161615405,0.10939970679347745,0.03791222079092033,0.05491686060713407,0.12814944830630684
0.02274187661717941,0.2255926342192367,0.18825065278514377,0.22147623036443287,0.12865809947940726,0.04827298773339455,0.073689066381262,0.015199109164881026,0.07611934325506248
0.07079873280004954,0.10952604495624364,0.1472773870598787,0.12883492484759326,0.17761888489538047,0.11755003291485584,0.024273276744597668,0.07757550223520736,0.14654521354619354
0.029323815325711895,0.10177891614844674,0.12530107895693532,0.10561605441974313,0.14998761867453062,0.2143605939791774,0.07552794909679211,0.1060237574870699,0.09208021591159286
0.1940535675385738,0.12027273066677002,0.06917912551749307,0.02135408898034431,0.039663962307501924,0.12104532003260066,0.20909854651912607,0.06533473185165938,0.15999792658593073
0.0705129922524389,0.16181985480614794,0.1247442082780022,0.06392253408620467,0.3314570053726828,0.09713523599374223,0.025394202072539174,0.026696655185400837,0.09831731195284121
0.07540586542418955,0.11343378981379215,0.30588077660976504,0.03900208095035798,0.20254556670896817,0.06973071140778209,0.03351322315406039,0.07910050597034107,0.0813874799607436
0.054660058590541176,0.05256959671969,0.13970907316547693,0.035473987316138204,0.14326789593816386,0.10913797344853177,0.09608016816543835,0.3325851895180447,0.03651605713797501
0.28327851255198727,0.050321772943459714,0.15642416325205633,0.07642798853496423,0.16748902536513396,0.13374868330668596,0.014656342555143198,0.026856497080007435,0.09079701441056191
0.14378098743319226,0.0955597063862383,0.0310268024620152,0.21140788656416074,0.0966905942412802,0.07007349684989743,0.16900870332771978,0.06677552380542563,0.11567629893007053
0.01681830557858505,0.07880318985050734,0.23037480282931258,0.217535752516246,0.19088265482648228,0.04159991143721433,0.07590074137803988,0.057667534022969445,0.09041710756064313
0.071139922296725,0.3324792617252302,0.1535962949517623,0.0035963990970906703,0.12827013455408945,0.0967492757787154,0.09021867211939495,0.09799462815863917,0.025955411318352776
0.1550168895689246,0.2330605347544916,0.10066999217396101,0.09090202624032384,0.020539445755880733,0.07367910829978486,0.11017351187786935,0.06073173395702939,0.15522675737173464
0.07562984515678682,0.07078337726062484,0.0943312404328433,0.14443503912358746,0.08473964444352344,0.08716393355847246,0.15319303707208937,0.18650725026754597,0.1032166326845263
0.11059848372277574,0.22760837200700723,0.09038388024319932,0.04253166911983545,0.3385956377163101,0.07178479889312579,0.03798936803866635,0.020462692032467682,0.06004509822661238
0.02046377993710619,0.06791494142685119,0.06898664883001901,0.2083293570666284,0.258635810042035,0.05414978924658411,0.08868323684746669,0.12816542259119687,0.10467101401211254
0.04292665538883478,0.07578735168087562,0.2982837085126649,0.027211536558061977,0.23463935611157383,0.0769914604030091,0.008392151889401707,0.06302858476959768,0.17273919468598034
0.015554890154948634,0.1279740601318026,0.08457531175978171,0.05672477669642798,0.05892824879575592,0.1250855922765569,0.10269482485712265,0.27024471027658514,0.15821758505101843
0.08291980183862255,0.06934817212888376,0.06037084268945289,0.33766826446783904,0.02962716784358228,0.08607528545338317,0.005245046300330102,0.2879037778880355,0.04084164138987082
0.043318032595001305,0.07478047512609398,0.045882000644929144,0.018299236195746405,0.06260416904506329,0.06941232813117691,0.5483018408466807,0.06105291725820172,0.07634900015710659
0.09682184697913383,0.12662896628412143,0.11961268438321937,0.023689568131578177,0.29660104955868166,0.1163947447599361,0.026822856037518116,0.11516968342577877,0.07825860044003251
0.02516299832333647,0.028868028459700795,0.05082554367355369,0.3402633379160909,0.13001189539680189,0.09872822189220548,0.048528158997737436,0.21425994622772948,0.06335186911284375
0.16451513715316124,0.1690417194338909,0.08746545775091757,0.25003631138200283,0.04674290382508204,0.12988075199836793,0.03782173275992877,0.015272874420090211,0.09922311127655847
0.09494992962583554,0.10299766332511946,0.2179286927913295,0.13642123456041,0.11278951116269005,0.084338073815036,0.1023861774787007,0.09000282911211106,0.05818588812876772
0.10912588972809618,0.18029926637584182,0.27035151973647414,0.0070696843903655755,0.27785018871549333,0.05552236078240987,0.02410723959318445,0.022277199178068002,0.05339665150006654
0.02278306851257254,0.201324731669396,0.29566204212850294,0.12982641583105528,0.08062985822421394,0.12524189084736798,0.03940809893868801,0.0476496786935941,0.05747421515460913
0.05524362551486489,0.14081750863869202,0.11264872319460696,0.12555357026615468,0.0636712548523107,0.052626202083222516,0.24023914395216453,0.07474396976448568,0.134456001733498
0.10613986329276749,0.07102326611738306,0.06601377537288483,0.3176997260812376,0.10078050222392511,0.1787235061860799,0.010984164552354696,0.02471835338755142,0.12391684278581579
0.18816698488345132,0.24748132505918527,0.08714653662309917,0.08903058163732402,0.02107705347579895,0.09838157571011252,0.10511498001903313,0.05444525772719389,0.10915570486480171
0.10217807645686233,0.025909685439213802,0.1444008908413028,0.11386323336645615,0.33923139518366535,0.1185837468940798,0.021096113903290015,0.018066087158892286,0.11667077075623751
0.17143255337025065,0.21503812038074752,0.19302587731746135,0.046463210249264704,0.14956469731680885,0.10118524725090262,0.04313431103964613,0.042834484019805476,0.03732149905511271
0.35818486926226195,0.10904988405524639,0.04705470425284832,0.07021335024581514,0.05588285269338459,0.11994555075624143,0.08206448807718483,0.027235731297105433,0.1303685693599119
0.30885258196099075,0.12399629654206147,0.07605145377463741,0.05004205058393881,0.03083852938394513,0.16004059464586962,0.023951218633799967,0.07938058150359058,0.14684669297116626
0.15292405568961734,0.05103379892679586,0.12535117285332964,0.1804710855966144,0.13356745300727782,0.09032889139172752,0.07005269522059854,0.1078663618089668,0.08840448550507207
0.3110348363387345,0.055564184667412427,0.0782225676590268,0.06133327911506651,0.0767324706916498,0.09130154402435464,0.11971499586379462,0.1350104101611006,0.07108571147886007
0.08035039790257707,0.0968201143231695,0.09372959875249724,0.2134234967475445,0.025471061625099444,0.24129171348095743,0.04248792820440154,0.07565312794731242,0.13077256101644083
0.1503608836755755,0.13496795974067202,0.06883734673785032,0.1584023882293484,0.08673619330462211,0.10584639956294144,0.030029203608021564,0.07578396795610702,0.1890356571848616
0.05073007688475442,0.17071034210424885,0.18761886226630375,0.08155251671987919,0.24560048517860977,0.05531093524607724,0.04832834077715852,0.051138335482051794,0.10901010534091649
0.07660825485106336,0.07675036271061596,0.18397929278635403,0.30777671770735143,0.07059482310737278,0.09920991026493474,0.03787004483720647,0.06543648031335245,0.08177411342174883
0.032254507481933516,0.12516410401575406,0.17392863584038917,0.26112617380026093,0.24058389928522414,0.06894209699665582,0.009513071020896581,0.03062349939947782,0.05786401215940801
0.04850488283209083,0.10025144588466173,0.09566836199756364,0.14439649959231796,0.03679152176553879,0.17342093974555298,0.12583660075519398,0.15908677630336107,0.11604297112371904
0.47011160687645837,0.04514787381530195,0.10110954186772286,0.0671346761310452,0.029767704766910926,0.0757868619707584,0.058713773166039394,0.07258075506430225,0.07964720634146073
0.1646938036052115,0.11626714656747272,0.0832670646663474,0.1445863219721998,0.08456586995882832,0.13494895671182194,0.04710543481588394,0.0457792901645979,0.17878611153763646
0.18119616065853514,0.07036274483368,0.06632306578011567,0.03870171126915373,0.036865245847970816,0.19280651418419714,0.10639361413150028,0.04587997850992239,0.2614709647849249
0.22032547514596504,0.24995742047296451,0.10967654863960008,0.007463251153772975,0.2116085923351363,0.09356965764370707,0.03600736457409794,0.013179722446053877,0.05821196758870215
0.029821617061111767,0.3598201621566626,0.11934408202858997,0.06086454457631896,0.11833185747169771,0.041303490412578234,0.034828883708291965,0.20384407263403018,0.03184128995071857
0.026788857295520302,0.06422019223172791,0.1752280623915654,0.23764272554642937,0.14554828217079666,0.14457597578683182,0.09393083433280584,0.02575974361901334,0.08630532662530933
0.04263388834485724,0.12268366205875347,0.06976319076599084,0.19815398290904915,0.20518466899750468,0.1302457321202148,0.07800729684934221,0.05411473465536773,0.09921284329891981
0.022881243321587693,0.14741687576458898,0.04631774329535712,0.13791266596462598,0.11414310739106077,0.06596130813265068,0.17371425840220192,0.1824312181401373,0.10922157958778955
0.00977844828078066,0.05388623794181897,0.0457686535733192,0.23406248036679347,0.13557244324855688,0.0846461818683652,0.03634660593318569,0.32836323463397754,0.07157571415320244
0.09590262805050997,0.3440412297138175,0.05823772124263748,0.051260164841393695,0.1317891772982871,0.14097170064863804,0.04557974362080671,0.05562473465955195,0.07659289992435771
0.24058255131286477,0.11408762871071026,0.06298196548575562,0.05614478749963797,0.08282251011898918,0.11253500500528828,0.0723480343998698,0.14100964274820452,0.11748787471867951
0.17657689312672709,0.0738067161785535,0.14093296137194752,0.3109543218524046,0.031945211628082025,0.07716226676326725,0.044217148839744126,0.09451939547830528,0.04988508476096864
0.18453905041580085,0.08998893759579225,0.04996397781806078,0.1496762527914275,0.12360700301027198,0.12600528254142473,0.13500998785988294,0.045470559073369714,0.09573894889396928
0.0888107453129499,0.051011040285033775,0.23668056650660504,0.05211094926699247,0.05289370723598569,0.09048243124120663,0.08643270366368029,0.22213575736418487,0.11944209912336125
0.040613980851345335,0.031231138994111136,0.1408436035632765,0.3153926233690592,0.034999118993867026,0.15325955001356598,0.08048260927092994,0.12980077699032264,0.07337659795352221
0.13538477963193665,0.05230472892162256,0.22144752058330375,0.14806251008450225,0.1516614357481468,0.11282966132336114,0.025844191620143075,0.05079182342623093,0.10167334866075282
0.09346702838064862,0.12600997353048912,0.038420822905834366,0.13476246662064684,0.053579391801758684,0.08272994164087315,0.022279172740034187,0.3933218850026019,0.05542931737711315
0.36284031822832263,0.045270500656514785,0.10086741796804355,0.08856456371645567,0.04492494246419643,0.11776951888076138,0.03472013562999673,0.09726629531613103,0.1077763071395778
0.1040031740909711,0.2916691079467017,0.18122294562104677,0.026467012098933734,0.25426255434996586,0.05512440024437162,0.01566200695900211,0.022473236281641332,0.049115562407365844
0.09253685238009042,0.10114855738455508,0.13508173266876874,0.3540955631432925,0.06607752734912273,0.06447460729197665,0.016313047084968845,0.04601421678670409,0.12425789591052093
0.1510542092742602,0.1829586838551843,0.08663397332484161,0.084985861515588,0.07090284287133251,0.1535604594515728,0.02039544966429305,0.11569277505251359,0.133815744990414
0.00809747425247033,0.3045299149521129,0.07665200086878539,0.14538956544389983,0.2478449083356142,0.04701680780749295,0.10482572039027359,0.02502501806364253,0.04061858988570826
0.058843881247046086,0.05059596348864878,0.06035605281566434,0.12272409649906461,0.13609681537895646,0.17746267686198092,0.015603334338126537,0.057562696927881164,0.3207544824426312
0.1365217320846979,0.02788188949039445,0.16875626228850973,0.178931117827232,0.16328514439874958,0.17029921326022998,0.026261296762135084,0.04147315275602712,0.08659019113202417
0.2549806917395721,0.07708950245596168,0.0790277990648817,0.09477006048877136,0.11898905465330127,0.10225471691986776,0.060292865702906935,0.05533355850719312,0.15726175046754406
0.21514794922869807,0.11558262883449977,0.10641842669186448,0.10767808720500172,0.011622519521490257,0.14864978184563934,0.059487377693069186,0.09424172987746089,0.14117149910227625
0.0909474836965848,0.16643959455792057,0.21898721948240576,0.08664184890619471,0.07923617439358792,0.14595130039342827,0.03638443083266082,0.12298268780239648,0.052429259934820706
0.040034711260984505,0.10940925165621067,0.21502072535320516,0.27089238245123504,0.1327117536533524,0.08550867763844937,0.00659294270042535,0.08320291965198977,0.05662663563414785
0.1040031740909711,0.2916691079467017,0.18122294562104677,0.026467012098933734,0.25426255434996586,0.05512440024437162,0.01566200695900211,0.022473236281641332,0.049115562407365844
0.1910835736502565,0.1115387020676994,0.03898976540220884,0.027567776143057773,0.05388127852122551,0.15046367021711735,0.0682417750297864,0.1341426495797652,0.22409080938888304
0.018445842880199178,0.04449217009606535,0.07112099826520486,0.30657538001452705,0.03779976277122156,0.09426390172584982,0.03567824448324314,0.31918601738645125,0.07243768237723765
0.0885142881699127,0.07268138952071389,0.029769603307358398,0.23237222414860523,0.12377564483420495,0.11440604261982001,0.09086387079219631,0.05803707419055266,0.18957986241663582
0.027427082833327076,0.2616694221367801,0.3443417924959797,0.004072561968426243,0.10219010402585309,0.05653276908726102,0.007455754603752976,0.10758784752447603,0.08872266532414382
0.021973877282850506,0.2609782109115059,0.09674760444892949,0.18273671478660347,0.2646023479479123,0.046283068668303305,0.05329457620814423,0.03634904127288095,0.037034558472869794
0.04193324914035181,0.3252200605372984,0.17068744559196,0.0043714514299510706,0.060088310751607844,0.09202600314727245,0.15262636735337237,0.04592396135703419,0.10712315069115186
0.126003654477922,0.17192416189306078,0.04482834317902563,0.0902785244429053,0.29073406090014337,0.06705090011609942,0.1255174904391339,0.024987211355659036,0.05867565319605055
0.2079457872934136,0.09775827854908133,0.0873957231334242,0.11726537200527361,0.05234445431569582,0.160966877727183,0.04104813993473243,0.06026624188453394,0.17500912515666212
0.1760888820247696,0.06970725809666689,0.15987219081437637,0.03832448326063464,0.11011768717249659,0.15488957395417327,0.0771793546339661,0.13733783786700163,0.0764827321759149
0.18137019647476857,0.04332732078802074,0.13872637384403816,0.09670213697401168,0.1192281690861557,0.07059616640486492,0.18823270913296444,0.08957335180353469,0.07224357549164113
0.119016331429318,0.045194848802776834,0.07166242288444462,0.27825045382279584,0.0814353111063984,0.11578244544283889,0.01879243023085227,0.13696074008471334,0.13290501619586184
0.1388768562209308,0.06911458334490404,0.21229200706698756,0.04729634649421025,0.2626520120468185,0.04919121835434815,0.1351704673181031,0.012812945381705272,0.0725935637719924
0.040230650479361474,0.19819829374072398,0.18270189248981109,0.015827241056900743,0.10037138214450364,0.19101927909033514,0.07769395813685107,0.019308666746570873,0.17464863611494197
0.026670119199377524,0.18881916048352154,0.22231424866951857,0.0544960795101734,0.25561383617998984,0.04835954394984585,0.038090895604516915,0.021579949158952467,0.14405616724410394
0.019731545788907026,0.22384274715618366,0.2817170945007335,0.014095832937333637,0.2833451208547921,0.05959118743299222,0.02017001246744173,0.07136589914548812,0.02614055971612809
0.15356681865120125,0.027566810811285744,0.0607929171773642,0.0876278507714005,0.33909718067857497,0.09345482199511333,0.07188106952268958,0.047551417541734614,0.11846111285063576
0.16938707900322236,0.2475807349284236,0.08930951412513,0.14008744245951874,0.04017488135333506,0.09458623768046225,0.042619720515383284,0.08009138243157053,0.09616300750295413
0.24825318409497518,0.09600022078004193,0.08256110008781027,0.07577272118557692,0.03215280154251534,0.18852913038413088,0.08770452954859402,0.09683637660970514,0.09218993576665035
0.08964000294899448,0.06563120640853541,0.1816246974876131,0.19030717134790995,0.12995876952582183,0.05386432344459032,0.09147176471034864,0.07317646438108792,0.12432559974509842
0.14283993910402418,0.1622481566103308,0.05195471904425077,0.12092652342253189,0.03580090517804247,0.11352519374655833,0.10713192977641584,0.16383710701007365,0.10173552610777219
