0.1274517981010971,0.1468381854909148,0.11756457575893926,0.05015083036997139,0.12425223050049927,0.07632014205797885,0.06271369238660794,0.05209712776796343,0.24261141756602797
0.08118716185324516,0.11961823001897114,0.09938254915304555,0.010027029832614597,0.061990376723165985,0.062474612424533664,0.032462121757091955,0.13475027033061457,0.3981076479067174
0.13433910252236866,0.19577588667373425,0.13053712317898433,0.027191662869357956,0.13375709822191598,0.10437994504431151,0.07832897992673675,0.02733686259123519,0.16835333897135538
0.078440797217366,0.15648766197853556,0.0916341944448682,0.017240985794545336,0.008258054087822932,0.07071608616341929,0.033988060061011675,0.26323182008039253,0.28000234017203857
0.13822281164393022,0.15257362746228514,0.1338815884089398,0.0495441132212763,0.04543262359844153,0.06290838931909477,0.10919460872252362,0.08689681174241794,0.22134542588109063
0.12169130687406642,0.14705154719047506,0.1349990809152041,0.022390191738885883,0.042067659411152064,0.09734854204662806,0.05810595770218711,0.2210391695291426,0.1553065445922587
0.15477560740714996,0.12223597325857634,0.1390857553953682,0.08902667857494091,0.029108290126170267,0.17065936593626066,0.09042047690335904,0.07082895014880534,0.13385890224936933
0.10750643768950395,0.1803605492523768,0.12104363614662077,0.03017025631394014,0.02718541466629722,0.09470396785312597,0.060478998118380096,0.13274704278811697,0.2458036971716381
0.11851743650392826,0.11729112938183898,0.1265219245775682,0.06990488657693818,0.13230627777905715,0.09891043075344019,0.08122029684365807,0.040774019684903726,0.21455359789866715
0.1181790868251736,0.12822279666259973,0.12537911306006289,0.036108519544315765,0.14485018413797549,0.13634311387946127,0.07182798162064487,0.09917371823564029,0.1399154860341261
0.08248668849086503,0.12543520400829297,0.08860626355538422,0.026523607085938105,0.13661792772307163,0.04967570158281904,0.02562322644677184,0.16023801021790915,0.304793370888948
0.1100984044583198,0.09251067845589872,0.10649746080484428,0.42114687678970125,0.012529623531102934,0.10782596470737278,0.06711874147937756,0.037886539555273456,0.04438571021810916
0.12132693169918156,0.11599786003063388,0.11783773466416154,0.018027841132709534,0.018567174368202228,0.22238192911195143,0.10603137125966829,0.11477755084772163,0.16505160688576986
0.1346125163393512,0.1791371388981389,0.12378560516626984,0.060809147960371616,0.16281080064715273,0.15450494867025313,0.044827598711652226,0.03217476894798441,0.10733747465882587
0.1302622089016472,0.22317830062477265,0.10803695795140406,0.25551581982931787,0.042617235572623556,0.06994593671935524,0.05898063064851169,0.06488579417371076,0.04657711557865704
0.09662731731195377,0.07282283996738056,0.1039942911274635,0.02333944084496475,0.013773452990208115,0.06297702153384417,0.12669538124001162,0.23160723768088878,0.2681630173032848
0.12782408499073986,0.10264034563923179,0.1320768013340632,0.049129179096284614,0.0682163442490148,0.13057468433265051,0.12753170405975003,0.04344571628956168,0.2185611400087036
0.1320015400301077,0.1029080536970592,0.12187979876501748,0.02778735653117777,0.09069769496350367,0.15087343351142282,0.09621080195537461,0.02074070076818536,0.2569006197781513
0.10613378213025347,0.21948589201991986,0.11836251287520455,0.03068998948852364,0.09293980943391916,0.05147825995583294,0.05976133541006464,0.08152515032360615,0.23962326836267567
0.10303243786642614,0.11051352136811836,0.10553738398406017,0.248780895516296,0.16136617640847428,0.07231638111106967,0.038913133349916744,0.033131488197668035,0.1264085821979706
0.1118083776103041,0.09015002373031504,0.1352857757515191,0.03844245085306152,0.04052679131378443,0.14869767667512404,0.1194123976261285,0.11445203846605388,0.20122446797370938
0.12570395067617854,0.1492741817357011,0.10221925151299356,0.018144701834360923,0.0028688050054312543,0.24685745916909071,0.2943849767619951,0.04588638519871213,0.014660288105536705
0.11983161967089605,0.10780276503684043,0.1205517498337087,0.3548642907569763,0.04341689962690486,0.09002341618364317,0.054552900052556245,0.043059466423977476,0.06589689241449681
0.09491269179241583,0.11800411313649921,0.11148463786341378,0.07347016172714074,0.08360117626669078,0.09288756775055629,0.05441051871111612,0.03305554411979069,0.3381735886323766
0.13586259800810113,0.14172003903421485,0.1280296397607676,0.1642600174575133,0.005638633830814823,0.10473977504786408,0.06911908268740341,0.11528886966551107,0.13534134450780966
0.11058952783762815,0.11150537659248623,0.11559493108673485,0.04577627017397871,0.16866807708605133,0.06434115471854758,0.06307171124121858,0.21187557015397304,0.10857738110938159
0.1280100527355997,0.1440946925955137,0.13121617127109086,0.06213707493419283,0.1428146411706722,0.09954981329483693,0.06762001780133331,0.10362565955377073,0.12093187664298977
0.1119251261461567,0.1325549005666576,0.1156221132058931,0.23959395610218107,0.07584945263437841,0.06179463314629982,0.05629463503775874,0.0833464726319515,0.12301871052872311
0.1004199737146636,0.11667546927712806,0.11094487961758541,0.10029503550143067,0.024655809680515953,0.04743689029791579,0.09432588685732317,0.21277050903099237,0.1924755460224449
0.13996049852987982,0.11720483806016879,0.13544354481647192,0.15425443880476178,0.07042927926190813,0.08170774197632662,0.07460473244335032,0.05163393301248075,0.1747609930946519
0.11129593884518314,0.1387302404420808,0.1328664785213235,0.0672149493204675,0.04892061297937406,0.06954527642086931,0.12212083759796455,0.10019127302943105,0.20911439284330613
0.1196149784604884,0.16050910878583427,0.11560864730214555,0.019517173205223417,0.1416282500857136,0.06347082569671803,0.032402330153471375,0.11761613573015707,0.22963255058024826
0.09444451533664917,0.08862229330932014,0.11579539696007786,0.043717639553897104,0.28769322850955115,0.06996142870081165,0.1399122783300408,0.057009564229672814,0.10284365506997921
0.11097444754905232,0.09305785064694662,0.1274684447228426,0.034081910785050705,0.15133071399191447,0.10213043811505366,0.0840047256154955,0.04065948952328279,0.2562919790503614
0.09640818030741716,0.08625310188761932,0.09131824993113735,0.4902394243381092,0.0403559230637239,0.04193254683541714,0.04907520575528531,0.06163735364977676,0.04278001423151386
0.09975710434839653,0.10079554022840533,0.09879635265781468,0.03615517770557535,0.08872056973577767,0.14890818966438535,0.042263311141488125,0.05474480545994287,0.32985894905821406
0.10655667304594296,0.07386122513061923,0.10074342163844331,0.2681950226816258,0.00561899480026994,0.08096218110927907,0.13627189259047803,0.028494320809576177,0.19929626819376547
0.1068925404116714,0.09917868070944945,0.09642148308169733,0.3697088782301625,0.024810844042239256,0.10516646844647061,0.13905154202320355,0.01824432524983215,0.040525237805273694
0.10886441827789256,0.17234265004976804,0.10008685205648343,0.3473947598884258,0.027450124242451097,0.04177280711681051,0.042348886889825355,0.0303131586693827,0.12942634280896056
0.14576652093696263,0.23143572100448248,0.13163807962986865,0.012251065467475132,0.1112003121012919,0.09811485008570571,0.056135615981136255,0.0559185694627116,0.1575392653303656
0.11882867582159047,0.1110390280670675,0.13276507282391484,0.03018247201279596,0.20263238110182155,0.1285296382438267,0.12289872337797096,0.050399114727928594,0.10272489382308346
0.117956495058597,0.1749716804715468,0.12801119477237533,0.02783474422240678,0.07247084340878666,0.17002245157982995,0.16868602769836807,0.0341554748610902,0.10589108792699924
0.12572436574373136,0.179262791143629,0.12234698550362978,0.03884446882243125,0.00853900347857771,0.17152773030941879,0.1553217374688924,0.057631824853283865,0.1408010926764058
0.09818119230708573,0.12672138007508704,0.0988564138599581,0.06258552351288128,0.06944031214670161,0.09291971606088217,0.03529824929293328,0.28704373312333037,0.1289534796211404
0.14120596099893687,0.21770399999019374,0.12030327860906466,0.009845840381077183,0.1274310980988394,0.140120284042073,0.13144856584907705,0.026245929168752454,0.08569504286198572
0.10934499327147602,0.14782906748494154,0.11429438243773675,0.1185290634680184,0.12731034682754164,0.06897096633314839,0.07097271706140355,0.027489406672456276,0.2152590564432774
0.1486958458913159,0.1338993405227723,0.12661738974321823,0.006875203022164361,0.12022603458969933,0.09066382605671151,0.1194842726853151,0.06634380968074305,0.1871942778080603
0.1452771943149167,0.13135000216780007,0.13289322709912413,0.03123980251060074,0.18164321054860047,0.08652924892000674,0.09163949161321029,0.06160221056477503,0.13782561226096574
0.13622732576633748,0.19868675241543657,0.14183484456369244,0.0839441483654575,0.10581402786395634,0.08699788064716962,0.07938155573639874,0.0759243425967604,0.09118912204479095
0.09743733901937986,0.22985791835196023,0.12731080396029656,0.21430242524341925,0.045225423875361846,0.09495206704229002,0.0915308461413852,0.027506489267271395,0.0718766870986356
0.1038257544881852,0.10963819952937004,0.11542296164764128,0.23672292284424115,0.06850450309509064,0.04928628650383824,0.06365467398018952,0.07163626893199435,0.18130842897944954
0.10649221716785712,0.11519107456291759,0.106401333285342,0.1376103079505928,0.018603169361385764,0.051858859133507997,0.029277238752007106,0.074280694745562,0.3602851050408277
0.091791855001164,0.10377698077976412,0.0960735537636666,0.031310124931924484,0.160147416242263,0.05970528292860359,0.03538778219970964,0.280349073023535,0.14145793112936958
0.1195403639638906,0.19833562843007269,0.12091760671112423,0.02472326536693391,0.08864235916675256,0.13053689328257745,0.08180463342272,0.19875386533525694,0.03674538432067168
0.10190855582975812,0.18113474133291055,0.12267333263464601,0.07711084352877191,0.04654758142258585,0.07988197451951486,0.044026719260831855,0.12376047825597991,0.2229557732150009
0.10860905437303507,0.10449795229400625,0.11469101211827554,0.12917609397341911,0.05095530300757106,0.07673365574184361,0.05315965412661019,0.09391980471918127,0.26825746964605784
0.12473082948620419,0.12054114531407067,0.12493112433162958,0.17502822839938167,0.13421407399316002,0.07172815500084544,0.04744294663819524,0.04372544290943133,0.15765805392708185
0.1579121692241371,0.22492441161146073,0.10516119524569106,0.07061482252355618,0.004131077739702944,0.061116377889470885,0.1708284351456065,0.15801835874066447,0.04729315187971018
0.11595548046880888,0.19190788938403056,0.09236106853479843,0.2985594840401328,0.012283346598105649,0.04178948111197203,0.0802548982054178,0.010559378175541706,0.15632897348119218
0.13623575124310838,0.19342986326077996,0.12240979957726215,0.010132932208088212,0.12617025241715074,0.06939348287379367,0.09192229591755718,0.11084703576309844,0.1394585867391613
0.10390535841297736,0.06956121696107692,0.10010728705714567,0.06462334633373541,0.017854217011293836,0.06322006630108808,0.020675976728459815,0.17325035655766755,0.3868021746365553
0.0924267607605402,0.09446251390284154,0.0990651016962434,0.03785954997069616,0.268021662783922,0.10240208527637744,0.03778208397561708,0.053286714952422716,0.21469352668133956
0.11651734247569517,0.10658497962480779,0.13221469881170242,0.04452936620788351,0.1150495437498786,0.1492399642844602,0.14498954631820019,0.027858973278912166,0.1630155852484599
0.07043467534425285,0.13039259260335154,0.0843655130797329,0.2171490573442801,0.08818076286530675,0.03869182821779044,0.024237013259758633,0.014483608870695948,0.33206494841483075
0.14065877625291903,0.1063775984831149,0.12264837557371781,0.12281606976823672,0.03521369272374481,0.2537710718499865,0.11501764298248245,0.0315306619739615,0.07196611039183629
0.1421458470489827,0.2415133472763591,0.13654264700144234,0.050926304176736374,0.028210537771063957,0.10936016116552065,0.16686057465534745,0.041244394413726654,0.08319618649082067
0.13152229410168606,0.181941787591915,0.11834367650909412,0.00403720697163745,0.2096638480458122,0.05354566583729901,0.09099644847450379,0.06397848101310107,0.14597059145495123
0.15023226214012428,0.16846532062242348,0.12337010678199604,0.02384180591108054,0.12247853592727219,0.07973874743175093,0.10473486820304569,0.08375658640901018,0.1433817665732967
0.09956684004108156,0.09541249439056432,0.1078185262760583,0.06838825309428052,0.061116227806772526,0.1047555935862346,0.03806049161443079,0.052982301654874504,0.37189927153570285
0.1347282665072124,0.08762755488903491,0.12676654814938998,0.056189899551615956,0.1473491038515133,0.0949817995913833,0.04958680381870575,0.049876367323155237,0.2528936563179892
0.06610873182249484,0.08208088812351494,0.08832750223079759,0.0572756174464914,0.019578238662537096,0.06152197073506188,0.024607849036214668,0.1573899122526593,0.4431092896902282
0.10752401258230848,0.08195421689798298,0.09850275286476257,0.01731963921213669,0.296467498610597,0.11187696714919088,0.034211842001899216,0.06504110479481952,0.1871019658863027
0.12260214018594273,0.1708526869781121,0.11726353771375424,0.32514655262247966,0.012456525470312322,0.07771135956432389,0.049189261875542074,0.050322216913151176,0.07445571867638175
0.17098914691971276,0.10391775758962014,0.12277517838376227,0.015480406261619853,0.18175369927522325,0.19011631381672392,0.058412008478170685,0.02961003864022978,0.1269454506349373
0.13084613506937684,0.08621827564763095,0.11384690522370929,0.1142969432758786,0.07130246430199176,0.06091090327776605,0.1672082727538924,0.16490138805337554,0.09046871239637859
0.10943995197264107,0.11814875106603535,0.12216560361307503,0.029243878180993305,0.0579271015370991,0.09572005205505672,0.08672948617159515,0.25020600273840493,0.1304191726650993
0.1177571074649897,0.09291871372830553,0.1065892699106944,0.010037081520777527,0.18159452980855742,0.07066490773278093,0.04864374691923882,0.11245320584167166,0.259341437072984
0.12015954710855321,0.19765024760132546,0.1193011056152714,0.028342677452255688,0.2512852701408595,0.12242847566821256,0.04420998396043835,0.06018046326503076,0.056442229188053056
0.08523593640926068,0.06760474053125251,0.09440118203617653,0.13838762464626658,0.06255405925579426,0.044202797405649974,0.04026237079153027,0.3325008418013866,0.13485044712268254
0.08678415027406201,0.12134747096585925,0.11241565394396746,0.04248966383405464,0.057191801144928604,0.10857655391887315,0.06119651026280473,0.12693748149348558,0.28306071416196454
0.09322597684094965,0.14327866412095594,0.09915485784723714,0.13375692729661792,0.26114670259906136,0.04453891652779098,0.06645958020368155,0.12367409560733496,0.034764278956370444
0.08412509103645778,0.17188507343112516,0.09454954285727575,0.12565431982410863,0.18870572885417392,0.07252073711229652,0.03697703034848653,0.014409879119363525,0.2111725974167122
0.11826987981335464,0.18813752287015548,0.12568265543030366,0.11602707663148688,0.20160498898107682,0.06516389560215434,0.053018729002431986,0.042196421337041566,0.08989883033199464
0.12633667913466587,0.08502255015138156,0.10914176762236683,0.050987202332105956,0.04483992494364981,0.22318229206747622,0.1806175589752063,0.16031261318152143,0.019559411591625987
0.10343122298059428,0.10252680689615622,0.11149244721423174,0.1636744590357607,0.030778697229074534,0.060661907713543274,0.16501307129417683,0.03517171574840458,0.22724967188805792
0.13690454348737754,0.21583104536415845,0.12139919996611366,0.10719426121431348,0.01242040521438364,0.16232411760104534,0.06221616817570715,0.03939092910129939,0.14231932987560128
0.16065846162864253,0.21906907074199977,0.14100730710975415,0.07196504551939699,0.049298706751197637,0.12847403251595588,0.1341224221873596,0.04621768868723625,0.04918726485845717
0.14124088824557166,0.12131016838673449,0.13837184341434905,0.020415231226970167,0.030973519233789337,0.09476991134999722,0.08544676606691493,0.19356404409035952,0.17390762798531365
0.11845604558291185,0.11214743401248904,0.12082331810443599,0.25460115979743564,0.03124138901478672,0.21472010627102164,0.04937744661163395,0.03142604847726004,0.06720705212802519
0.16434479778233976,0.11455174124205948,0.1373042366032157,0.14495479834406141,0.030834467117519363,0.08012507022072375,0.11100027777961223,0.1106412952789393,0.10624331563152896
0.09739029537035705,0.07388619034851739,0.10976278278866163,0.034249005823519064,0.057018071676974515,0.0758611061583578,0.05127980300090157,0.09435297260134745,0.4061997722313635
0.12351117837903813,0.15841873290065175,0.12677191253774553,0.007179080325896262,0.10957822567514963,0.10041112707106202,0.07003875330533176,0.14873702691002846,0.15535396289509643
0.09661450361196085,0.11382333038563075,0.1224804298084128,0.05091560844502183,0.0849782786400145,0.06320907321813884,0.09543982019020068,0.2581689253709779,0.11437003032964181
0.10269616382767945,0.10137678988383643,0.11449487250260182,0.07955077294420546,0.1417137824399098,0.1011966770039668,0.05098109962738038,0.039802688338806534,0.2681871534316133
0.14598073354825605,0.15153995619982574,0.14044851637695752,0.017303397960392097,0.08316418231561647,0.11902126294385817,0.1109677114688461,0.039679231948201305,0.19189500723804653
0.10725588665176154,0.11861093063388299,0.13273705632270386,0.03389468006864525,0.13405397644706887,0.10826602563229694,0.18712374292523948,0.0699180705021925,0.10813963081620863
0.11154073978760837,0.14359000572186906,0.09661940679308505,0.007123511544453822,0.09405369773580924,0.08166155706180794,0.0818482150586372,0.02264912301605276,0.3609137432806766
0.11327368322066604,0.08972237393308036,0.11010735139849546,0.10874523451745342,0.20303351583517748,0.08132260721014775,0.10206112576056355,0.15699465118293088,0.034739456941485024
0.17276899266431997,0.0968790203125318,0.11309017187753782,0.02852652767397677,0.024510961843695823,0.09236531231732648,0.35253869484341144,0.01810564188306882,0.10121467658413107
0.08163805168277428,0.08779857213310538,0.10917896323482683,0.040692807382250486,0.11215275243954335,0.08393651592391937,0.052134394578525395,0.3090009437369799,0.12346699888807507
0.12896332174680572,0.19259188091592971,0.12109234244026218,0.018559891292744282,0.02439955216381125,0.1106344870489092,0.0531050156469979,0.0639762891376773,0.2866772196068625
0.15212770590359478,0.13535346611496304,0.13085245836172893,0.05090990451304764,0.18963250324147796,0.0826378320904262,0.07963458326364757,0.04742527996498413,0.13142626654612968
0.12043172322391167,0.1477595032535961,0.11614428710399505,0.003584011013135555,0.18508468792403174,0.09624375485367549,0.10323541981932068,0.05762977138373065,0.169886841424603
0.07574180826942904,0.08067418043831726,0.08178917999333404,0.39942796648592505,0.09592609791759209,0.07164464760514426,0.05132015944180701,0.007271516349463801,0.13620444349898742
0.12710290695786544,0.09497732214313288,0.1266725160942478,0.10467374326325864,0.10456458782246553,0.08665356940248031,0.07800315498933806,0.05106395553463169,0.2262882437925797
0.09090991793099357,0.15994181980069577,0.09037880183893819,0.43577889784984586,0.0021976195055129536,0.043886970128233505,0.054489721925827274,0.030879018128266645,0.09153723289168615
0.15242450671681915,0.14634249466851004,0.1367945984236516,0.03435923857199546,0.1355169958894402,0.16485921216208763,0.09701524885158941,0.022160044507571298,0.11052766020833517
0.10566962337664032,0.14423284462344402,0.10710973393191144,0.1647745664175455,0.10457252114774244,0.034318336543302214,0.11460623369660172,0.02590557447202874,0.19881056579078363
0.10923717282724697,0.12246521516778903,0.11256464117608994,0.08580164346872177,0.13907356333644835,0.08951947851449339,0.06175063363267039,0.09377025589328014,0.18581739598326
0.1170683544706305,0.1222610066647047,0.12576457840980304,0.044021534168809946,0.2826886795488841,0.09378062294584806,0.0739926758019024,0.041613011921048125,0.09880953606836916
0.13617491936127152,0.14684277606234208,0.13632496221837817,0.03792280673920829,0.08339644958315097,0.0658515402858219,0.09594580980946193,0.23149253192938457,0.06604820401098051
0.14564764325338056,0.20678626859871105,0.13843313671004542,0.0306970178505476,0.043102523345238015,0.08453825062576588,0.1153122241132768,0.07459366028315827,0.16088927521987642
0.10656775124357594,0.16413512097252572,0.12645507592044,0.056398240447001945,0.04763535731238272,0.06985289790928327,0.14161651251988508,0.06656388545837119,0.22077515821653418
0.11204904397932865,0.138423167170369,0.1225316051088731,0.03600977108372309,0.11126239815132909,0.07970490440842469,0.07688376165450649,0.17716620983958067,0.1459691386038652
0.11483134548519798,0.11378670939958428,0.12164749908616397,0.10042909421937692,0.08183110649701432,0.06599432827788705,0.057656066507171644,0.12269712380696464,0.22112672672063924
0.11768993265767279,0.16001147527119494,0.13962091201415935,0.01653382735438746,0.07204481129001926,0.13268025349649415,0.1108436128807595,0.14287826440231605,0.10769691063299648
0.11558072537989982,0.19866325435629717,0.12733302535120572,0.05405690187245991,0.03833256927117953,0.21884368048050395,0.07866943527681193,0.07627847300695827,0.09224193500468371
0.1021346973845539,0.0961826198169758,0.1053292860265705,0.011881482321349598,0.18999715317873564,0.06080862102250164,0.3141585898833022,0.049148696003768255,0.07035885436224248
0.12438430075373674,0.1195807187873739,0.12065060702405843,0.015891681839787765,0.1291455125189286,0.056848071221110984,0.24480834675191013,0.11086298407399962,0.07782777702909385
0.11556292788035938,0.11948365507648688,0.10475332792514551,0.030826183031197874,0.24115664152474733,0.1813051106807455,0.048165014657711176,0.0923808668478694,0.06636627237573693
0.1293254593998491,0.13246311262373622,0.12489759581302773,0.028885934360161125,0.08219013437042953,0.12886062931097061,0.07810021615779851,0.06929365554139096,0.2259832624226362
0.0913360296470249,0.1875786678690736,0.11468713410164895,0.18723269163840536,0.0533974219544552,0.1426012431247586,0.05298204278046267,0.022376328348263922,0.1478084405359068
0.13086122768297456,0.16556215303965785,0.12229328965140455,0.27917637399485645,0.015874124067081895,0.07680880628335635,0.10385341457082092,0.035546335910667366,0.07002427479918007
0.1498685575567041,0.1810234362036464,0.12711611892595318,0.10829801750069112,0.02490912183663672,0.22800599464890592,0.08029940521272709,0.022114987966469934,0.07836436014826549
0.13351077220852883,0.13824939866528216,0.12967876930700892,0.04325025194225838,0.19663200688124047,0.11212476178459511,0.1587593608241494,0.028660806912665884,0.059133871474270926
0.11615542162558286,0.1294002420400411,0.1203107948537296,0.10300975244833892,0.04653316440214914,0.08802810403725055,0.051283334757323516,0.0260359607722426,0.31924322506334163
0.12372703617203357,0.1713963178882146,0.12187266056660839,0.1362570784115089,0.12499153548926294,0.08184409401130173,0.06528090636998973,0.026851327212967794,0.14777904387811236
0.08051990503888985,0.07437385437085761,0.08678846224646392,0.3990486654430659,0.1408530307843059,0.09178692913092201,0.048028423509810875,0.04219253881984417,0.03640819065583984
0.12441787835672934,0.17387074774507763,0.11828466570842439,0.08402192412471148,0.004493641821129664,0.09271735148746613,0.04102203875913937,0.20840440424842455,0.15276734774889736
0.11204960902287858,0.0860899879129328,0.12727142338631756,0.021180171272437612,0.07661942201399517,0.08749963807695098,0.07630108053472377,0.14497394316084516,0.26801472461891834
0.10573110725770901,0.1214262905045894,0.12056473321050472,0.052250957918641545,0.0049397207277916255,0.08769553709688738,0.1445862231925429,0.1767084893380075,0.18609694075332586
0.09448992910753366,0.0981148147395939,0.09754247984210003,0.42846518345782175,0.01715980409761983,0.09964180973878083,0.062709048073037,0.0248037966626705,0.07707313428084243
0.11732015303922229,0.13978704173583992,0.12217723534151127,0.15805354063604735,0.09846201425326184,0.13303672705061856,0.1475592160140587,0.011662768017754824,0.07194130391168532
0.13441777467990101,0.10179464354701723,0.12582243855424222,0.11319755455500378,0.14130518437580233,0.05758928558290272,0.05546878995579065,0.10449457049814852,0.16590975825119145
0.1044942409169341,0.13134831890233564,0.11811898602821781,0.010881400528362298,0.07627572877951609,0.11218253480137313,0.10010481250979757,0.0947692510751762,0.2518247264582872
0.12296713534999155,0.10126915291392367,0.12653066482249525,0.07187635438118976,0.04834439892372555,0.09532708521362626,0.1317698289447995,0.03921186769685824,0.2627035117533903
0.07540862549679221,0.08017782504402332,0.09108662692749885,0.024122299695897673,0.44173001162433634,0.08008191269930709,0.04811730552609025,0.026691183983569025,0.13258420900248533
0.10608552336127149,0.25147809992210707,0.10496849232262155,0.2542256936472474,0.06300560251541613,0.06398549658752181,0.05721810520997515,0.042727600320152485,0.05630538611368693
0.0999459685188059,0.10384309009556818,0.10520217974184608,0.24663568896007193,0.2123009607994564,0.05919005219930231,0.055295105700078395,0.020977455955564234,0.09660949802930657
0.13534189668560717,0.16297941539798433,0.12564203020945786,0.016779940735818875,0.016805611779361216,0.211198074195755,0.06920715401011276,0.028131537854493238,0.23391433913140947
0.08343152857099938,0.07296125419454633,0.0873702683163408,0.3795446171937713,0.027950759675798298,0.04406421729616353,0.19192229691664656,0.06295444699778208,0.04980061083795173
0.1107444981364345,0.23516112893094854,0.12445256464282652,0.12648680620192906,0.012246361014913833,0.04441210424786194,0.06039401482212552,0.13221824372559035,0.15388427827736972
0.11708984067120347,0.18798913831354577,0.11361838855411671,0.14296191548144674,0.0246774041852592,0.05790640040298973,0.13724136971720383,0.06998275676664077,0.14853278590759378
0.11149368458384577,0.09443213929992916,0.116214499738984,0.05691381042911282,0.24116771241672993,0.18277203058557925,0.03507912142722399,0.09779524136101969,0.0641317601575755
0.10657924573518117,0.11374543858400259,0.10440092550429371,0.02850685612645196,0.17960039777994166,0.05548064347363957,0.04179555260883847,0.27756505859078473,0.09232588159686621
0.08729928218614075,0.11211074136673316,0.0938469323490133,0.08474365841325941,0.3227086459872293,0.10627386451610621,0.028680746590814155,0.08423225409402046,0.08010387449668321
0.09323997230553428,0.19191565385091924,0.10486173882396581,0.2747698941018151,0.1259222221890881,0.07230088066433797,0.060223791288803584,0.04787679790790058,0.028889048867635245
0.12115329208327463,0.24794816258423844,0.12464474003841909,0.23186193160611004,0.03511931801439638,0.08322212419291496,0.033603857425191896,0.04673328581287193,0.07571328824258264
0.08670017749634236,0.09780672237499893,0.10079165161045751,0.11377661932073728,0.1193626125764125,0.06995909607733346,0.08183464359740804,0.030094237044132218,0.29967423990217773
0.14896053200156653,0.1946383260883875,0.11853522059333077,0.021773202008411357,0.13726298344336132,0.07150664336379257,0.06655334789661273,0.06475633661095787,0.17601340799357945
0.13330407861708957,0.17079165028116036,0.1199500589911141,0.0202186922862523,0.0372760450091213,0.05789089433530906,0.14533094278170242,0.16744199318669636,0.1477956445115545
0.13346222674890326,0.1705308317596724,0.12872923379734527,0.1846644419271755,0.018087507159248718,0.0653499562515027,0.07693768942359348,0.09657997947970536,0.12565813345285334
0.12334722137585259,0.19205400117729243,0.11494014738530091,0.31350927002937956,0.0287503225059105,0.06786495429753522,0.03428985196922144,0.0280266997810481,0.09721753147845931
0.12747491820231963,0.1522356782434112,0.12594231736158887,0.02199567995827148,0.06422486491766001,0.09608343090925327,0.11307211446506092,0.03037561784165189,0.26859537810078277
0.14178905816915258,0.24066162094868263,0.11857968074604906,0.10612496961575513,0.011118352358613503,0.07547940103787439,0.07044095862193961,0.12880311449267554,0.1070028440092576
0.10729295851907346,0.15779777885146656,0.12572475399350558,0.05650623436236583,0.026300911960401085,0.09117573429610704,0.08494207991391163,0.07022604196232862,0.28003350614084027
0.12428420544639478,0.12505744085522805,0.12421990893050755,0.041162919027694755,0.23140369051487789,0.07197556503943796,0.07871164062412857,0.024930849878783596,0.17825377968294687
0.10552646869022562,0.14802870403612683,0.11022551265937068,0.2787394529346893,0.06533698661573499,0.11758780237646316,0.06642272718814259,0.031338729146524795,0.07679361635272196
0.09221050491923673,0.07924505087191161,0.10999326751836024,0.049167570272937604,0.26972742486083284,0.107860856586726,0.09743131036824337,0.04483783781744268,0.14952617678430896
0.12832334506012688,0.14731487844354615,0.11624724192639031,0.05178643589065607,0.02088822283412213,0.1342067594426318,0.14428954643444694,0.045818421510776454,0.21112514845730324
0.1628765071438146,0.22532588029521386,0.14189890946754533,0.06765855531894212,0.12331866486136696,0.1214490896966429,0.0434163017774656,0.06406605492450783,0.04999003651450077
0.09693058250305263,0.09082154287577172,0.11257068985147667,0.06481479033040312,0.042777567826189355,0.11853223343034204,0.05209659548269418,0.26310617574486295,0.15834982195520733
0.11203974992423571,0.1260470680901338,0.11069890548140258,0.22999546224452272,0.12543064768346035,0.0943032406899779,0.09938326207274183,0.009984185772030496,0.09211747804149455
0.10721097514276358,0.0803064518206613,0.12293148897176155,0.005233706255490127,0.21632555823115127,0.08310040708621773,0.1831198532223772,0.06056573903279711,0.14120582023678016
0.10223962334802035,0.18772489224459646,0.12106893302324273,0.025160666262556756,0.06799148232856324,0.08246881560335172,0.03443106137147732,0.09256915799854303,0.2863453678196484
0.14101833058683474,0.10910481536794063,0.12475211965040556,0.04769651129429756,0.09464064935912965,0.0598731999713217,0.2000709183881354,0.05330912524673642,0.1695343301351984
0.10339709274568576,0.13878786447594468,0.11895555734027596,0.031238792116964852,0.10986572010770296,0.16553176544839443,0.03314575745032271,0.10303288878603865,0.19604456152866997
0.09841601123932131,0.1664681852601211,0.10692383356578654,0.0768500929419864,0.007679240885451208,0.04767813985429118,0.1298954259915203,0.1224307273664586,0.2436583428950633
0.10336571530234012,0.16202799355891392,0.09024079513824988,0.08627405469675585,0.2857874207279517,0.061425991243294266,0.020952035744587132,0.02030896151670378,0.16961703207120338
0.06818198675750443,0.11130139822930936,0.0890722256701878,0.014464041954696237,0.011235591479314485,0.037528559994686746,0.039794581822937436,0.45314750503895995,0.17527410905240348
0.09363444283202671,0.13123809399270184,0.09680915716115886,0.014997531638874934,0.032459060256811174,0.11299383359829468,0.09601141911578166,0.049585859234653806,0.3722706021696964
0.16548781677367094,0.14997979418507001,0.13761580014933458,0.14068953773522855,0.05234073395980055,0.11245982540970578,0.045587306881288085,0.07209967785439496,0.1237395070515066
0.11666072193987713,0.10960719435663628,0.10798388097324259,0.17621467170882235,0.010055520422770334,0.09020493247667434,0.03374112575885379,0.12407814115527016,0.23145381120785316
0.1403535475871308,0.18988023823173453,0.13477073680616292,0.13920274561291873,0.10463875854354703,0.08970601157568442,0.06411504060384658,0.04409132779992723,0.09324159323904774
0.09240520120115818,0.16419298102997792,0.09777367007321935,0.3443541764821536,0.0515209221743362,0.03638982709612148,0.03921024949972129,0.02776522423595701,0.14638774820735487
0.09974166597003302,0.1984943041139032,0.10447832162666497,0.2343306867955375,0.005423926305892679,0.04513258619420749,0.03913398608315883,0.12544665841406946,0.14781786449653284
0.10979019581955744,0.16615754010538905,0.1066893196836692,0.0295316504113295,0.2827372568897554,0.055509297931675604,0.047530676532483045,0.0878384532626879,0.11421560936345293
0.15076776295737673,0.1728474335986353,0.11733141729256798,0.10581160059932682,0.00542355898937067,0.09865458689488656,0.08603751019173812,0.10321848625577051,0.1599076432203273
0.11221985050856009,0.16671957932948586,0.11407383281567673,0.042450175689640955,0.09003023099547186,0.06952670868629161,0.059957247242649524,0.04752781447508495,0.29749456025713844
0.14641210355893497,0.18164090406056788,0.11766084995757585,0.14977659064364224,0.01192992949891552,0.054129371366121386,0.04730056449426805,0.219144281729048,0.07200540469092613
0.13760246865481798,0.13990292646933014,0.13850187642161707,0.06133399541135165,0.023726417955799578,0.1219822908563875,0.1641843715959156,0.053766984145818784,0.15899866848896171
0.10700555419867164,0.19448905296478067,0.1142888784829094,0.14429414747388894,0.048647156680342675,0.06301674388485444,0.0496826098004636,0.08783058952163152,0.1907452669924571
0.1668448973304759,0.13259305621223783,0.14395849555066856,0.035912402876425865,0.04139887894560081,0.07016746748183751,0.1596588257718096,0.08350628669203809,0.16595968913890585
0.1497436534323098,0.10859007663574909,0.1270156483837828,0.11495540532078737,0.11692699322823256,0.125254962581472,0.04882021976000644,0.04954500496706384,0.15914803569059605
0.10215811763129294,0.13353349573994389,0.1113408877414394,0.008584120140616746,0.05445432637263157,0.060430961356340934,0.09010109403767186,0.14318342536948495,0.2962135716105777
0.11504415491116342,0.1924076973147717,0.13417543215364672,0.009791703896567718,0.06582869869675984,0.13609782508242022,0.16450156706222618,0.0907845240799855,0.09136839680245872
0.09506422785070083,0.10561912776210546,0.1131636301860298,0.07110163518929427,0.02786422250247983,0.12512020748367852,0.06337667630009368,0.23208179224164227,0.16660848048397528
0.1135665616034922,0.23177064293357877,0.12320562760271796,0.13114129682512654,0.021314862741234095,0.11226643023477458,0.12810675470744814,0.040113121404199176,0.0985147019474285
0.14317881424767406,0.12743240258908847,0.1401242346495278,0.06970209207123029,0.07020838144274687,0.16499237283036303,0.1294165369302759,0.04785220858608358,0.10709295665301007
0.12444593836794314,0.20589331858901624,0.14487289567214126,0.11086562608538508,0.020475708416687024,0.12968651337416012,0.09130372100339901,0.06308694932200763,0.1093693291692605
0.14665706700539058,0.24943779148996578,0.1302389632095925,0.046781457388616034,0.11544081154738874,0.06917150154841363,0.1239728656508417,0.0333565057689527,0.08494303639083839
0.15063735094132927,0.115473056777931,0.14197846854232007,0.030270684339783954,0.0684363873859163,0.07971060400238189,0.10488393083619679,0.10748104998219044,0.2011284671919503
0.11687153012831897,0.08997954966529244,0.11831463289818667,0.06684165051177642,0.05647751782670444,0.1090381352158562,0.06589635193551775,0.1484558090857707,0.2281248227325765
0.14886193014087504,0.14875093490172664,0.1259348188192712,0.030367558607268193,0.20593336168539453,0.10884061569020365,0.058599032639855865,0.06883699065419084,0.10387475686121406
0.08155555494596246,0.09898548878853285,0.09549602837904393,0.019526960925112788,0.0351100070986454,0.09388781801579156,0.07245921509445657,0.20859566085032222,0.2943832659021322
0.08793888587221287,0.1375178025753313,0.08807585285682144,0.010864577605065378,0.4189035584095864,0.13550027828643882,0.0330926050016797,0.02527605650605332,0.06283038288681082
0.11581394936954471,0.135450446371107,0.10779217147439725,0.007312188652569774,0.2851057484712499,0.05697295844436185,0.06243194174124885,0.15879888172677462,0.07032171374874614
0.11946192593510253,0.1370380354306173,0.12689119466123006,0.07791974219903339,0.10977937863151249,0.08589316500576816,0.09229121572269357,0.13875345698326697,0.11197188543077556
0.12802409741909151,0.1385304469406873,0.13225546149045683,0.04406867793753768,0.05459532651696756,0.12163374646061682,0.06612044178195024,0.13269346183027184,0.18207833962242023
0.10373632267822404,0.13517810486057083,0.12406782277913381,0.025441835114248603,0.0803767969963147,0.12094227681595555,0.0774125566022245,0.12744882533960822,0.20539545881371976
0.1143792320057289,0.25311005147465576,0.12898404327578092,0.020341927106603725,0.14221215463976045,0.08914612770113002,0.10261528725197246,0.04896134018340249,0.10024983636096531
0.15186348326979512,0.11151709514569175,0.12123074900335566,0.20790662854743994,0.06312873078564311,0.05531541987785294,0.04499742862387335,0.057812971350408325,0.1862274933959398
0.11422986185679572,0.17462369536339709,0.12010281067823009,0.026634069397245348,0.08512830875622575,0.0791917101625824,0.08320585582779182,0.0974082485629512,0.21947543939478054
0.11701274669200505,0.2126466581873918,0.1254954056482846,0.04596673265382887,0.1549564925874388,0.06266011996412936,0.10753220280566918,0.05176028325997666,0.12196935820127562
0.21744221272849207,0.20257072911718532,0.1294579021753884,0.05857646209054503,0.009563974373305431,0.1508526768116372,0.09550030354061045,0.06939343866337384,0.06664230049946218
0.08659064622334879,0.12223077355273303,0.10397684053339236,0.07364184012936591,0.013902761013343241,0.07460757875195752,0.03665009641527744,0.16007984316731746,0.3283196202132643
0.11047537308740707,0.22139752952070205,0.12811851311409905,0.03838738351106604,0.014351555150392789,0.12799235450956145,0.209994708139254,0.08744810270924964,0.061834480258267856
0.11038724864433969,0.12931205206990304,0.1119536708440317,0.20773802609085024,0.1000255476877273,0.06616608957087457,0.06163206886555522,0.07540631877102838,0.13737897745568997
0.1408375939970389,0.17096350101348526,0.14510077503661142,0.03660102161316547,0.024422913792546932,0.1435129501859977,0.12742209724736356,0.04051399156538492,0.17062515554840582
0.14247681052544617,0.16803397540750234,0.137839927894249,0.027973475890954586,0.05414211156626587,0.11694796785648294,0.11019408786249546,0.10440911213782705,0.1379825308587765
0.13100952811542224,0.17125247793030027,0.13231277540208078,0.035588722828466264,0.06916140851195436,0.07358804340235865,0.11618353356634503,0.15310893315784202,0.11779457708523035
0.11395638969117804,0.14389162313337417,0.12139164572566209,0.2729814293234171,0.024518600926714252,0.09046189376088322,0.09885739714755078,0.03489474158839897,0.09904627870282141
0.11025099158518471,0.18252515024657875,0.11903213491009858,0.17432506250145008,0.030330605339726657,0.0633323479855955,0.09759274791325394,0.1078556424439967,0.11475531707411503
0.11091320164831216,0.1593113959279761,0.11373477672535402,0.009879175626598168,0.06594447215045662,0.09686857772251604,0.30020825184992167,0.07705817901302721,0.06608196933583799
0.11540878219514512,0.08981675266801108,0.10023219489279228,0.2959040975899354,0.007358474151444971,0.19105145583633268,0.08929050366871484,0.021147478230963773,0.08979026076665986
0.11961775583863242,0.16288509157755396,0.11243757464548515,0.01704128227206422,0.3036770786431018,0.07730950838640872,0.07508830645025509,0.04841913933311473,0.08352426285338403
0.12093848663859978,0.13613582210832884,0.10818261997875596,0.0943595944773057,0.018744406182590125,0.1515045156584456,0.28360645155686975,0.04458653475298826,0.041941568646116
0.10485300929698198,0.1304037322486307,0.12239449010484364,0.01417099340171909,0.03606691583959499,0.1252000525097726,0.04885514747348967,0.161069194284904,0.25698646484006343
0.15610348085831227,0.16194062577328755,0.1314888453592112,0.13847687987901938,0.11396265785081383,0.06225730984932926,0.07931637426374434,0.06664275347775168,0.08981107268853039
0.10405083477227765,0.1198384385161269,0.1257318978176248,0.02939189851544931,0.022632729883353398,0.08614263188998701,0.10661823802949248,0.3153221930630961,0.09027113751259226
0.10761078033209658,0.09644904749379751,0.11331436360641027,0.15902203024728215,0.08356776602112904,0.1986583810352338,0.035500114107951876,0.10715500473626931,0.09872251241982949
