0.5415160605993342,0.17449006230460892,0.0317356367348392,0.07375962175913416,0.006133999527561547,0.03205120561874017,0.02876806552028695,0.03621588633797565,0.07532946159751915
0.06398313502025732,0.04746771349000976,0.05294560217064806,0.09797492767326015,0.34608828013326637,0.10985199820254898,0.01707692231392721,0.13882893599048898,0.12578248500559322
0.022953568037298356,0.08649126277201376,0.5879946114269865,0.11805586136650488,0.03843903307171264,0.025682118489228866,0.036551189943704855,0.005751912252920398,0.07808044263962986
0.21465553342945656,0.07746905882063278,0.02479742115609666,0.119905291556281,0.10994228461028077,0.16295547450932754,0.10183397006603849,0.10556703607600303,0.0828739297758831
0.055514344549512866,0.07640067145085351,0.0885723629339825,0.1034637687884372,0.04891906662837723,0.07025098599799504,0.12161188500669236,0.23406850292364853,0.2011984117205008
0.06063055416613546,0.065854835095973,0.029930826406874986,0.040667787089476916,0.04434730826431823,0.5438936318070057,0.007127468054158395,0.07079603521409454,0.13675155390196278
0.04295114252662094,0.1915479328880564,0.057354529321748886,0.11726838504042132,0.08446661557865516,0.1468228365883986,0.121707034619066,0.12795263572102725,0.10992888771600536
0.07060647496782729,0.11714643819800064,0.04927958115190084,0.11657608035059412,0.18759337520958583,0.1462592541642069,0.15652009293400024,0.046303567116559204,0.10971513590732494
0.023883419709857343,0.2038754247106128,0.03149909164243434,0.07310447400661509,0.33638655211026885,0.08966115336065435,0.01381819299531026,0.046216274066282315,0.18155541739796469
0.029099672576106624,0.15735604091530303,0.028605687102164656,0.08364523042665327,0.2236090792518677,0.07044107176736253,0.05462524252131915,0.2642235811762919,0.08839439426293112
0.48280273181533534,0.06542759098410411,0.05158295258260486,0.10345576017511034,0.024513088507800793,0.061699079709807335,0.03875801196440858,0.05933437946807629,0.11242640479275229
0.009294238448960934,0.10855157517424784,0.013467448554228113,0.05041474285277062,0.22674172021019254,0.14165333833542137,0.049218923744314115,0.3553690706022219,0.04528894207764252
0.08135438005310136,0.1339350793009942,0.02738782480780017,0.06604481670966104,0.11789936492824045,0.05552445204286028,0.02078442878247004,0.4365963619574789,0.06047329141739353
0.0795553041018131,0.17474734089078306,0.05187989898367167,0.11543901108740368,0.0686545269986457,0.18503801582493465,0.14858214186092103,0.058299286887220324,0.11780447336460671
0.12767120993643988,0.41322851987078496,0.02688448602558385,0.10689612999828331,0.1926461147987565,0.05647720575974727,0.0029296221036822097,0.0212458013738282,0.052020910132893804
0.2428701619857033,0.14070927801018676,0.022622004330649065,0.10465571305895849,0.04007579507949551,0.041573729783461265,0.1653801077422984,0.15885252640102807,0.08326068360821914
0.008330045907537048,0.11381936477633398,0.02770348471710335,0.10558243610633754,0.32269297547770043,0.11538856129854624,0.10044399058691326,0.10142972468223344,0.10460941644729478
0.024715787057515606,0.22106014571474134,0.05878028315815581,0.09953077754169258,0.3449810496350379,0.020687593941624543,0.09919170350682172,0.01122427016867144,0.11982838927573901
0.22636585686477353,0.047436229416981335,0.041490150009409414,0.12029031033092079,0.2606620178731762,0.027092063788772536,0.04706266979395848,0.12777245520081348,0.10182824672119423
0.009341811913870754,0.1265408737081183,0.028592231463552612,0.11965949679122807,0.06628881283195552,0.11291552107127073,0.022682478790988576,0.36046144558247467,0.1535173278465407
0.03352151007038379,0.04212121123419782,0.024088324550275642,0.05923347221236816,0.26002281531385013,0.2874019152236465,0.16209191898032807,0.052566309062555626,0.07895252335239426
0.08738218159886929,0.043612599646780416,0.07253713723970191,0.09051927587239121,0.2727871024134694,0.10226472101947708,0.10797182388399208,0.026949287125603266,0.19597587119971535
0.07907285099243565,0.22951632942471367,0.01638131797821601,0.06432227332266183,0.03010926100745526,0.17581581965978535,0.11652473244595034,0.16704448999592414,0.12121292517285771
0.3166951101773198,0.0450646107853499,0.053622438190364725,0.1392070716607054,0.04109531466113317,0.05590854973842594,0.029114417149409058,0.15562162465655185,0.1636708629807401
0.21752752202164197,0.061306111656252264,0.040274711889841434,0.09690041489350325,0.09874384426511974,0.14394528154204808,0.19235262570049605,0.04409605075540383,0.10485343727569334
0.03376270632733859,0.09494259238600977,0.022019027668425742,0.08982811216694464,0.1378463512536898,0.09514882997614388,0.23154094484121177,0.2488682967371976,0.04604313864303817
0.09794143142483236,0.04985694000571597,0.035109705670763665,0.12110331506047507,0.057511260982068525,0.0665815943855682,0.16286289901772247,0.35854998541928734,0.05048286803356635
0.2000669566761166,0.11072872888526915,0.028078817040395374,0.07289467843653973,0.028702629596979144,0.3904674427528949,0.006526265928780032,0.021046068960064,0.14148841172296112
0.04485027604383273,0.26179494531976993,0.024369239499036226,0.09008669754191252,0.15796629059517545,0.11485884988840084,0.1415687291188101,0.06826815854701505,0.09623681344604712
0.08085043995778118,0.028608651526263146,0.08925117914994109,0.1083373054281231,0.05402365246937158,0.18324707405766918,0.0799869039515464,0.2479855744251348,0.12770921903416957
0.019524248354854584,0.05827811962677228,0.036172290369848446,0.09751979937630216,0.07263838046625276,0.11245024887097634,0.2084701013133916,0.2756188204935741,0.11932799112802757
0.014294212640335799,0.03972494995318469,0.6929056451712435,0.0846074578798768,0.017974534322552842,0.051068714906871614,0.009247303247861442,0.02273869260656562,0.06743848927150776
0.26801781504801103,0.06771353526062633,0.023827629423256846,0.10490498021838546,0.08921344601071653,0.12166534726622108,0.20008588662309598,0.0364165293594653,0.08815483079022145
0.22246335881325452,0.1319420707920908,0.031698277438387025,0.09013211570403766,0.12976968154089955,0.19603858085357476,0.041356338256083584,0.03144427341376876,0.12515530318790333
0.06143852222948929,0.05136016621119128,0.0273733178135841,0.07438730262041085,0.06770177689564207,0.32092761611717796,0.04489115009496364,0.22096877063072493,0.13095137738681592
0.06441053107875576,0.12905828648235718,0.028295137946573266,0.0788701933321591,0.08416640570921392,0.04096169382753221,0.38612748179999157,0.08250927317940066,0.1056009966440163
0.0682548279678737,0.1319256491703165,0.03447624682496556,0.09872544983390097,0.07671713746848402,0.16285821673138923,0.11470692242789411,0.22239635961616155,0.08993918995901434
0.012739233277145086,0.09894121089188362,0.03462878145492623,0.11158273465905894,0.21950094714053145,0.03279452400466685,0.14034466815922725,0.18647314450786126,0.16299475590469933
0.009924977160552904,0.20460107926027202,0.027523476799707652,0.050008070407106496,0.19326146213897097,0.24461895134165698,0.008877416395155343,0.029279145775216998,0.23190542072136058
0.2722989599619256,0.03911393463274118,0.04299338333894228,0.08464816668592996,0.14584343387867166,0.06743207216696719,0.047402627260024095,0.15141854357801612,0.148848878496782
0.030633445067074588,0.14103096763234055,0.051829891800004996,0.09642647652781715,0.09615298731597226,0.058357568537879434,0.17345097268395115,0.14086775573902416,0.2112499346959357
0.07298615288659577,0.11140806658565194,0.026309248152840196,0.08668121107595288,0.02101246759116424,0.44198724520555066,0.07583595131080863,0.06269869218429473,0.10108096500714091
0.06066345509846255,0.053428978797170956,0.04418132540436192,0.10579502812883364,0.0953977705806532,0.02394143779382452,0.23432241136014467,0.2575280750828326,0.12474151775371596
0.015771892649272572,0.07668644974631648,0.3648916951897832,0.140451029654218,0.05894265529705975,0.019682408452045632,0.22440289646101505,0.014466980177926117,0.08470399237236309
0.04646148545134685,0.2252766441110492,0.031732142326956946,0.08242575569265138,0.014119066581814449,0.08780856576411278,0.029825573858611575,0.3941047018622916,0.08824606435116528
0.008702247455559647,0.11045859318738749,0.03249318306910742,0.11676976026572483,0.017919604801208994,0.41526930892444014,0.07786633045891772,0.06122188232697948,0.15929908951067423
0.14807696171634385,0.1340243602878748,0.10694836475057777,0.10691394937711524,0.08146004445075156,0.0844912615213534,0.17288356393870527,0.015829837160288133,0.14937165679698985
0.025096436890763563,0.12305224905076968,0.023692070317549784,0.10253586297977287,0.18146463363740614,0.057109379961051955,0.269201502999975,0.09637885952496765,0.12146900463774339
0.05664291182278799,0.14014880576895397,0.04189685943500645,0.16130465589762577,0.02163292734520277,0.11032803720852676,0.03740312815229616,0.2975043360429571,0.13313833832664304
0.02100435913618043,0.09481159964551915,0.16629561483457955,0.11457281420660219,0.11189242542904602,0.20830564364950632,0.05420676218788906,0.10096095840347637,0.12794982250720097
0.1434634226201779,0.036837427303577176,0.016532603650866652,0.08451091942927567,0.22675298839807737,0.08114099963575433,0.051001117318243805,0.2826900557821515,0.07707046586187553
0.07005706373158242,0.40299300560937995,0.024890739057141283,0.1235298990385404,0.10025446265265374,0.056922634930467,0.003150108109106606,0.09839515616620971,0.11980693070491899
0.01727796109974587,0.13444308641564415,0.04723447771351158,0.11102863299776006,0.02518742596538819,0.30364583207601364,0.03896751283193462,0.08725122220781611,0.2349638486921857
0.02424846004705503,0.1710948994052129,0.03367786146119907,0.14627927946810437,0.25376422086586264,0.09565880721677704,0.13541604393390666,0.05374119239775341,0.0861192352041289
