0.018475821136967392,0.11322469408704838,0.07092239256381043,0.10503919535986138,0.15508435628935666,0.14312437853967755,0.13871994564709003,0.17642977220681907,0.07897944416936914
0.10623380366999595,0.052229879341417464,0.11271194054192057,0.03335863739816729,0.0219723648365705,0.0770204138534107,0.017166441302084372,0.3135226848196916,0.2657838342367415
0.028134734099643382,0.042981371232862796,0.1085593247107272,0.04693233100070774,0.13053660210191467,0.3530818702981762,0.09435629357642224,0.09792355692660211,0.09749391605294366
0.30180961370963955,0.009851173139097936,0.06311000517990524,0.2102551989378755,0.08443832532005413,0.21742519991403877,0.03779665816666977,0.059176009720089094,0.016137815912630006
0.08500981576653971,0.18003235846505075,0.12188184997157198,0.10459465438072384,0.08706387839724995,0.1353153380593339,0.06926877771477923,0.08102049709334004,0.13581283015141063
0.17033376542359738,0.05866233428190019,0.16334485934989554,0.0374109546933212,0.33863727068019783,0.11440489401411964,0.05675494086022392,0.03784082645247092,0.02261015424427337
0.1339313426810362,0.2677269813526944,0.12569795330300468,0.06848017962551593,0.058342882567914554,0.0435784919953226,0.07368147006643093,0.11881630194004356,0.10974439646803724
0.12364510910456883,0.153698277165428,0.12270669403455607,0.20151898286623768,0.03429603869128175,0.1377677192473119,0.10077304227501328,0.05024879903145019,0.07534533758415234
0.01588427727359713,0.22073930592815472,0.17932444881822499,0.05063345064799649,0.13726845340850957,0.044940094672908965,0.272652203954148,0.057051270956110546,0.02150649434034946
0.1959139065727077,0.3358368881149966,0.09312892653998894,0.07563560386703001,0.07103317681439159,0.036811649268173006,0.0880928818722872,0.0729389198422396,0.030608047108185304
0.03943886218084935,0.034328218735951835,0.09842751236039583,0.2177993059525277,0.09845840165418733,0.1875112386144732,0.17204040022038988,0.04038337742932835,0.11161268285189645
0.15535447711877692,0.046994506576284824,0.1802876409197884,0.12046474530491234,0.15395912736078904,0.11488829904567745,0.12129567315411315,0.08433605863443401,0.022419471885223818
0.09493922486501712,0.03951092994080216,0.08471496506042182,0.11841350336328416,0.12465262419136247,0.12711098643807153,0.05218502153932524,0.0470468033918199,0.3114259412098956
0.15309951219903836,0.04182412877833766,0.10355866735577757,0.03438295561896276,0.040916770100484064,0.04814688621509505,0.057591320653407184,0.14563013359325727,0.3748496254856401
0.11100516795911523,0.03898157748249371,0.1118394645876747,0.1323380522127597,0.09706756184830652,0.11818487763692848,0.08056461891601907,0.1496412213302011,0.16037745802650147
0.1106657770386535,0.08331412571192591,0.10093162085206621,0.046326725046195144,0.053396164058168105,0.16074716261865876,0.10080480720879971,0.07688538161589624,0.2669282358496364
0.07975501570220374,0.05650820552443484,0.12122791499389096,0.03809333855421734,0.04661230728676735,0.3847412727105997,0.017298677951734846,0.1006363011097847,0.1551269661663666
0.1434631703225285,0.23370103578086635,0.08586179188687469,0.1540475849168557,0.06809321182219046,0.09168375769428733,0.11845094309791336,0.09083192632526811,0.013866578153215533
0.106801055161786,0.064179849583635,0.10938380622929918,0.09005560837667055,0.04975367234093542,0.02385291925478646,0.339529746988329,0.04204688562658485,0.17439645643797355
0.05375417502980978,0.08003781667388021,0.081673197519387,0.0683387922311786,0.05236299668241546,0.13791613749915663,0.4380247375590191,0.05220545933360038,0.03568668747155275
0.10992898520173768,0.05515667844240582,0.16565500251661353,0.15809470409423085,0.2334468689270883,0.030009825105412738,0.02022379468435371,0.20206031167979058,0.02542382934836689
0.10283392135477769,0.0616104294902959,0.250228903189531,0.08994670689149399,0.1791031442533427,0.16114555526532623,0.03630179504595392,0.10660981437156619,0.012219730137712428
0.06263490964639827,0.12561638375477321,0.1615953058821266,0.13935819855422868,0.055484088764859274,0.03657903888157174,0.1027382405775575,0.1967903269916441,0.11920350694684063
0.05824767774680845,0.13521781797830779,0.12291749302250958,0.18537618217649587,0.13684872992313987,0.09189050273786999,0.12014110844280111,0.12871952479827461,0.020640963173792756
0.023066101691296883,0.13433571071147893,0.07436998901143302,0.0462077929240016,0.10154804770641424,0.38672334762571436,0.048358235491830735,0.07053263600626014,0.11485813883157013
0.053196952494074405,0.04113490867371117,0.11851746885275471,0.1059593356917194,0.056918658254731504,0.13086131495826198,0.0722823115099978,0.15155187588782545,0.2695771736769234
0.4576585548992878,0.08403886355461383,0.11207252983281334,0.08535712994815027,0.029723481968577842,0.026290342387033053,0.09254762573365716,0.07878999943096883,0.03352147224489784
0.1320122220884188,0.016262877613389664,0.06074497157573292,0.04389243679132874,0.08912722154835438,0.08656474040474325,0.4573417970891324,0.03049084962956182,0.08356288325933799
0.10753098772364555,0.11051758310214366,0.1488262270911056,0.27226344494500426,0.07806452378977242,0.12333279891304072,0.06587154454690959,0.08671611979747317,0.006876770090905045
0.05060391966712374,0.0984150105413303,0.12405521853347655,0.07747475017585494,0.14121288110351948,0.04391746740441676,0.06745219296818329,0.09629208233652041,0.3005764772695745
0.09811725925077043,0.17175101094988213,0.07024884854313954,0.2670150880903066,0.11466108751519015,0.033381272105951265,0.08668424551517089,0.13108058531017486,0.027060602719414083
0.13069485781765652,0.1804231645271398,0.10113852237161954,0.10732193986730276,0.07409156127386538,0.05396530850408585,0.03126576851319557,0.11029345558761794,0.21080542153751658
0.08425615460292889,0.14211962485007626,0.09293972862777188,0.16429604775625964,0.10325861020622955,0.05783974183899001,0.02565434254032838,0.06929312574691542,0.2603426238305
0.1289308923264695,0.15244888064247727,0.13678869500728694,0.13573831761861258,0.07763081815376166,0.07915522099422723,0.2015551424072034,0.052019224810281206,0.03573280803968035
0.24116967507768203,0.040002828821102565,0.16559079461460288,0.04777414759046809,0.05028407051741177,0.1900011162194537,0.23347901154301312,0.02220243141240281,0.009495924203863011
0.029321931173186853,0.03104588161077002,0.08498783024964147,0.047713703870852144,0.059851334524184785,0.04574213132021471,0.5908920904782148,0.05385939619567922,0.056585700577256114
0.07987597733192849,0.06936276848606156,0.07486156632081492,0.2091864253162964,0.20226823221737636,0.0909520780298712,0.1624108866699828,0.09562997444582183,0.015452091181846365
0.0698592473624564,0.052974697731737026,0.08479659328005033,0.11773552983312963,0.04081035847298164,0.12227665636873875,0.004433464703664289,0.3009390033781556,0.20617444886908642
0.11496323601883317,0.0855375679255342,0.1991020820969105,0.11574846165898012,0.08112533073893892,0.18081726733434542,0.0699628932901964,0.13083187407534072,0.021911286860920653
0.1265602435019311,0.39620842322778566,0.055558726212800974,0.09335004770113768,0.07122823196138968,0.11596359866207372,0.026057850793355073,0.07837611097095354,0.03669676696857257
0.14306692654367906,0.19835435070115912,0.11708666963014765,0.15833395207804427,0.09036638469664005,0.0866562664813743,0.0808600468341132,0.06085542413119368,0.06441997890364871
0.11693122627666742,0.09373946764717737,0.09317179293069851,0.024203396380202052,0.0642608163380349,0.02744055439365012,0.04025594453476275,0.1256978250748193,0.4142989764239875
0.04262082010106494,0.03324836207695716,0.10875566788922075,0.16305337113338417,0.06337169167863303,0.11678231167691326,0.012900040723724047,0.1537720555395499,0.3054956791805528
0.06292288943768737,0.09263075166263068,0.12059896477474526,0.07785913533086646,0.11734333235087202,0.06284641755002901,0.0107721165762105,0.3173797372782698,0.13764665503868892
0.1065398680856534,0.19649520367736337,0.12021319917062452,0.07884821556972404,0.2721846991697941,0.05082842889360927,0.032185599419938,0.13693381548981912,0.005770970523474132
0.2202986336738534,0.05444215837643401,0.15262382794527532,0.05597256599540487,0.1545073273238294,0.11393644437544703,0.09683032952933056,0.041993345950741716,0.10939536682968365
0.18895120255160247,0.3223438169497817,0.11865328841642302,0.043534749553316154,0.054426361208882314,0.1079862842714369,0.022489666043459745,0.11628852878322375,0.02532610222187402
0.06202279433424876,0.08805625253605309,0.09169497457803995,0.08328922100931639,0.24928457264524928,0.1250771662046336,0.011218534979660124,0.24652452934593702,0.04283195436686187
0.154918134085124,0.07910132253139784,0.0930127641454041,0.08547483734617345,0.26551273733150144,0.05423517244191758,0.13521221262192587,0.05699102793252404,0.07554179156403164
0.010610360724611209,0.42892850127994714,0.0653980705874329,0.10705073820830911,0.10727050731141723,0.019854726487385052,0.05294678292034688,0.0737327014185845,0.13420761106196588
0.32673210215108667,0.1194957625568232,0.08516882986810405,0.13420618842884977,0.08668775079867941,0.09956771281226347,0.06976729815607963,0.05422745966053865,0.0241468955675752
0.07663177809072659,0.1698512930303837,0.1138878768679185,0.11960542682227356,0.0780753250624282,0.05691949109408815,0.07179591635159843,0.09991165926072192,0.21332123341986095
0.06894492789268901,0.013734733266364263,0.1199633538425788,0.048566477489590386,0.07746188340864493,0.17101611204695386,0.0724591266025763,0.239770409068535,0.18808297638206742
0.01814733593490155,0.09777887959639048,0.19498739405604468,0.03945796152894721,0.09907775248200594,0.2789126594734714,0.09936437244152828,0.07689679678576497,0.09537684770094555
0.16925857162937855,0.2113797387022224,0.1073041555986922,0.09565944036927422,0.23395335777112525,0.04560390951708918,0.017735644491195805,0.09423064473284808,0.024874537188174256
0.09325527503086618,0.10548571561092164,0.13059046247613723,0.1879944037139627,0.15652608787547473,0.03436351958877589,0.1842903558301212,0.05943567312249765,0.048058506751242715
0.14333464870448528,0.381936405366408,0.08658502254847204,0.09829811438285474,0.1273030757234623,0.02530442958711715,0.023464300222245132,0.08251171011741774,0.03126229334753767
0.060957314775597994,0.06545372658899774,0.17512541701948092,0.1397667907383758,0.1553026494393874,0.07785354940377116,0.05143826246616374,0.05216688842050207,0.22193540114772314
0.11747631580291491,0.08441681614750836,0.0881380284560808,0.0255552172146189,0.06849944970670814,0.3015850531832824,0.23054069958583276,0.032904084465106904,0.050884335437946814
0.09667596370461506,0.059711154486424,0.09568374495567922,0.08658321238980926,0.08688126233717257,0.26995457890264557,0.059911454603328806,0.19691871020617124,0.04767991841415419
0.023973119773855075,0.07184170634665206,0.07873153733375955,0.05096591265707349,0.11966672232565174,0.1519325733697181,0.12822156358089618,0.056166657608413904,0.3185002070039799
0.0670393894589191,0.11672350836771979,0.21954488798178606,0.10694391955155141,0.08738446403147981,0.04214129625034053,0.034177427433187184,0.21991533160409013,0.10612977532092609
0.10177253735047646,0.13173889258287227,0.10197257929386912,0.07224440444940645,0.05339287435617505,0.07876158250132644,0.049532760386300785,0.11587144429897463,0.29471292478059885
0.06831699828731054,0.02359014671340183,0.18857612321679,0.07872382827949449,0.10001544089257104,0.2703955553850567,0.0541094545163634,0.10548865880936104,0.11078379389965091
0.053631444498041275,0.04147351093657878,0.0829087562416587,0.2286419408760576,0.193679456664727,0.0745818266349712,0.13575122563679964,0.059538251680552455,0.12979358683061323
0.303829837766582,0.14277307345284115,0.10277593016522864,0.08397824188061953,0.14097491161134626,0.10095542609664881,0.013650626344826238,0.0876682432258752,0.02339370945603217
0.07298374831202638,0.2904841847383283,0.12312617165420424,0.13673196172926452,0.11339722184285585,0.04227810759859441,0.0687856190776879,0.10741049650126115,0.04480248854577726
0.08620286796702266,0.0808925522935876,0.10542468738030421,0.12024139770183721,0.1414503444836278,0.21471849509890442,0.0415290288869353,0.16119214252638142,0.04834848366139919
0.024234533522374323,0.17838745541252762,0.15356828369676093,0.1315821711021208,0.062036173392373016,0.11478748412210558,0.04363159577873155,0.23143751343858432,0.060334789534421764
0.048664483474482705,0.17535855905146103,0.17974668293995852,0.10967015919517407,0.22897889223257584,0.0880131000678555,0.06201594760613841,0.10227041828240059,0.00528175714995341
0.06825904995357986,0.04546025336374628,0.09212906998284824,0.08029308897939529,0.11335064889256756,0.18541377440841045,0.03151336700840649,0.258808228811949,0.12477251859909694
0.0700556075170813,0.04816767434009784,0.2252094722383892,0.04763975599193038,0.0991291478699105,0.15305659945577513,0.08145224996547124,0.05410965222082129,0.221179840400523
0.04581776840039115,0.06588036431736013,0.15884390936569803,0.15566541145493237,0.11634597037054943,0.1619475623214793,0.10818758075821304,0.08382934641462624,0.10348208659675033
0.10205134358962835,0.20706804176740098,0.12177293641331192,0.0706181067047734,0.18599792196531859,0.0873051319642084,0.07128889310323404,0.1352418470017034,0.018655777490420963
0.025875418920042404,0.051486326000150656,0.06951233811134475,0.06216879883279417,0.07846010408396215,0.0758922321646171,0.13200296834516267,0.21940053942305104,0.28520127411887497
0.14334101476942065,0.08105034536522902,0.08656948316992252,0.19173431782298525,0.08750125703115662,0.043062738113541395,0.2004651782603668,0.053001290680633056,0.11327437478674474
0.037082853809294304,0.19149430609458049,0.1049230619739087,0.24131137223438967,0.046233902902042566,0.0394520651827969,0.1705189502257911,0.12636425628437994,0.04261923129281627
0.022359234825125543,0.014916540370878091,0.04342040290869081,0.03904326794357236,0.19990133220100134,0.08834168229628057,0.1715864674800803,0.1624484612861085,0.2579826106882624
0.052780634795937566,0.03990370208206731,0.12143362272668597,0.048585678327519345,0.13985331275215618,0.09481677551434475,0.18310083408286748,0.08519706552707725,0.2343283741913441
0.1814944338578471,0.09263114340758129,0.10737514428051016,0.19798105552780446,0.1607809504097429,0.05784240715790556,0.12351109516858139,0.06519915909853696,0.013184611091490099
0.03015436035425635,0.1853479208858113,0.14374076823351128,0.1822711683584505,0.02409089197714792,0.21333137384192088,0.05858397015508834,0.156779397786975,0.005700148406838477
0.024050264296613704,0.20587615924634006,0.1464239452744632,0.06436085355124091,0.09400582980568173,0.10211652189099975,0.14318657672278248,0.05996773179316269,0.16001211741871546
0.0415842971751348,0.26530505704180846,0.10653906755951703,0.15359674413702248,0.14742127151851206,0.05452135069708655,0.04730391667749967,0.12087658938963301,0.06285170580378587
0.0384719728113103,0.09282352967188762,0.11249971132322262,0.050081986763363125,0.32309091775987675,0.19805117352471358,0.035727189931437114,0.06596498551000947,0.08328853270417942
0.1729402918103791,0.12180423574424322,0.09228575744766886,0.15446061395007826,0.15899431036232303,0.07835748511828534,0.027272647833474856,0.14381240408673956,0.050072253646807764
0.1734332184123526,0.15657135911385586,0.14047700675408506,0.16771391293480184,0.053510013262918515,0.10583397085742048,0.04603209027937865,0.12223234163738739,0.034196086747799725
0.04343530976535979,0.03575008902023371,0.17175730545012044,0.07102356342741825,0.11639707195458847,0.08605190540758438,0.04510296463660662,0.11861636693625954,0.3118654234018288
0.04681880611089608,0.21076793632832183,0.10680287493082204,0.05514279444607533,0.05181071264579873,0.15140966332184744,0.25067460038407297,0.10513230591262124,0.02144030591954436
0.12107031695520136,0.13445999691436664,0.13974034299799268,0.11728421244075238,0.036619377475380244,0.09166405490800704,0.10477033672465806,0.11609281363357193,0.1382985479500697
0.13113707015180753,0.12939572958334244,0.15001707863747812,0.15661080964342858,0.07324040160267169,0.06383984861959378,0.02524680204462919,0.09034707680972502,0.18016518290732364
0.11911938566257552,0.0940290942307981,0.0515975181703307,0.05764989511477887,0.09237129253212795,0.33531721742380133,0.14389630161450376,0.055825732838835164,0.05019356241224856
0.1310515777623477,0.1469428895952211,0.10592321452787751,0.12531034980855915,0.08625209541488488,0.11414355152735632,0.01303625534699538,0.176419274573946,0.10092079144281203
0.038958605664004636,0.05812142176997905,0.11799479254939667,0.06832028640068637,0.07308325199989639,0.1004216745816971,0.032334349455355384,0.29807272397158224,0.21269289360740218
0.050302935802112564,0.14173595231549682,0.08751039012543761,0.16026863054269966,0.21111439384973582,0.09259253580540912,0.05240347819915523,0.1464918140855828,0.05757986927437037
0.13187249157163528,0.2027652060069286,0.09640424428875181,0.07450227553945167,0.11289916489992387,0.20135497232978872,0.03904091559624951,0.08100089770908636,0.060159832058184155
0.10970390819197351,0.022919076563774565,0.14384253198180977,0.05549099359998191,0.05194052704705306,0.34596416826198967,0.10219526173488591,0.14162710529585532,0.02631642732267626
0.02829107992182775,0.06935664550638651,0.13489149719851878,0.06620888131580492,0.10708240844081877,0.08662704621966814,0.012773547509842123,0.30330908775187737,0.19145980613525562
0.09946579151880304,0.07142962496611018,0.08685759770418273,0.0989278458520783,0.23677275716548704,0.08181400218370831,0.012327706976473488,0.28173435242170614,0.030670321211450784
0.31824185267455857,0.0812838062291764,0.11034801974833795,0.11333726935297221,0.10865342745431922,0.020152567234298823,0.017030129847292057,0.14155368224834367,0.0893992452107011
0.19950784335556693,0.04935346192110881,0.08903773874668476,0.11152300493222289,0.06573549907497693,0.07395658329859504,0.01755160745335295,0.23091991759094418,0.16241434362654752
0.10192385660101437,0.10256234244171614,0.11952011853815427,0.10788978028059099,0.07932053695006971,0.18910180345567476,0.08962034191943614,0.1547835064851578,0.05527771332818587
0.07898759039531524,0.1319898455151145,0.1260260031470092,0.138977722513173,0.1319201287412859,0.04753960862344384,0.01218390740456835,0.1800598195029879,0.15231537415710206
0.09369619531981599,0.050758344020386696,0.1429887065484948,0.12146962208719934,0.0943217489763211,0.19648842635946293,0.023918895651322204,0.19453464468102719,0.08182341635596979
0.10198412230432612,0.2314537246245819,0.11413774710129494,0.09020647845457434,0.1753805061613071,0.0957533059993827,0.06233822726797439,0.0776986666384256,0.05104722144813282
0.04853779544877868,0.15494135777750603,0.11398230985395941,0.22214849778009685,0.12546919256374187,0.07914825580584349,0.030263877599169143,0.21081045604405366,0.01469825712685094
0.07815443690813631,0.04214980649422908,0.26936715744097767,0.08864883050826244,0.08614650005928816,0.24280830718181,0.06287885386849056,0.06987632446319149,0.05996978307561442
0.24736201866791507,0.033153608522292814,0.07904983107098237,0.11290364534200471,0.1741798695067852,0.06856847682056236,0.1277927067136704,0.0287003276776361,0.12828951567815092
0.03988250857357585,0.0896909799842135,0.15809059286197139,0.04754366241150571,0.17038469543510612,0.21167929047597742,0.04015905584532269,0.15743532850421574,0.08513388590811155
0.06017149762852283,0.06300735627394025,0.20257839779326572,0.06321747191409395,0.3965686053010971,0.1414777926124666,0.03985844056490388,0.023861424265190053,0.009259013646519586
0.09063565537438999,0.07357484323227358,0.13810090043574774,0.21192020637902229,0.1818293340437497,0.07029325250814429,0.03364015956125463,0.11613738608586639,0.0838682623795514
0.08401281420338909,0.10315694556954218,0.1517020997851297,0.15247397818428698,0.09532869689013183,0.06606209318755653,0.06794252142463005,0.2640076847679567,0.01531316598737692
0.06578595518312667,0.06970381989163522,0.31777781342237016,0.2133519387871187,0.07404246170886798,0.08623086992903721,0.0492970510181639,0.08583322230523684,0.03797686775444322
0.0796610462030946,0.03788289513731729,0.0983928739299736,0.06636303259877059,0.08483752188941625,0.10670905043445929,0.03171107300563879,0.18466245243155363,0.309780054369776
0.20992721826816343,0.0845635811588682,0.09416860139386356,0.10778859660213008,0.05524296358610204,0.02904303172980081,0.2554309150649224,0.04014216295653645,0.12369292923961302
0.10226499116998859,0.0726956692408387,0.1881538409666018,0.09819713131891339,0.15874616105138636,0.11159228278317197,0.05031870580555451,0.1388946371264955,0.07913658053704915
0.17646348781905963,0.033368777841643375,0.11452916987013118,0.25138602248198627,0.08197233722210585,0.15899452187846536,0.06637411767465091,0.08294565527405344,0.03396590993790402
0.4630036099995784,0.11860580057769533,0.05509527449285004,0.141812658710394,0.04728130623390627,0.03473747357927443,0.014182013307178989,0.11498274705371607,0.010299116045406504
0.04649541791068564,0.11372785786700994,0.11644983653863335,0.07821967441388906,0.12899368775990186,0.045239313702558986,0.32267557300273547,0.0966555914164454,0.051543047388140285
0.10131223045754793,0.05572081647621715,0.12591355310853114,0.0730261708484246,0.14065697930670298,0.15353752992681077,0.23202909110895295,0.08498551282511163,0.03281811594170087
0.07798109979187594,0.10284213005409855,0.13993604935080037,0.06428874798623029,0.22242739495921793,0.1644850248160377,0.11380076975649439,0.09880215207463093,0.015436631210613888
0.011001415846499038,0.0485790057623103,0.185067735703205,0.11211051279625366,0.0786391417215276,0.36892539060423263,0.09020098047610788,0.08461002089953017,0.02086579619033373
0.04854332606675448,0.021187718546641855,0.22834341305664177,0.05088782860756738,0.2062060377668603,0.1137059249709959,0.044952183734424056,0.058288028594090546,0.22788553865602376
0.018095186240692004,0.12259994049608404,0.14078546305067866,0.09132822879223478,0.062195099806185684,0.102532723412855,0.018025822611033866,0.39215331687016924,0.05228421872006672
0.04334180811012565,0.13532237188998134,0.0569861996899611,0.2536940348025836,0.07826516322806733,0.3082363699235908,0.05124499998435624,0.05958624429393298,0.01332280807740078
0.07977360418022385,0.1333365081035821,0.25540130753681095,0.07220961585658718,0.11370684845206813,0.07111613854455923,0.1358990990303772,0.0462952064484712,0.09226167184732009
0.11493548359285544,0.11059657876511204,0.12674236803224484,0.03849266419850741,0.20409613250410596,0.06439221240202288,0.06108655565453051,0.04705320289151454,0.23260480195910635
0.26308278387705836,0.026707495349162096,0.06928877031962867,0.06981115805997733,0.05449302659892922,0.33106771876812907,0.011687729141999822,0.08594175763008267,0.08791956025503277
0.08935987006352038,0.10219991332044097,0.08107792145279274,0.13961065345885784,0.13589271321795926,0.24208680493260526,0.07910418639910188,0.0597222922091904,0.07094564494553122
0.12169132453630964,0.15259325691375078,0.18885328993773287,0.09719608991598054,0.08941985921415108,0.1307566206161719,0.06848269557285049,0.06896784954452563,0.08203901374852712
0.266600909722221,0.13234665773243207,0.08308510923217616,0.10349069231681508,0.07850198416550284,0.09404594132434492,0.04741211136975631,0.0929300002394483,0.10158659389730328
0.05453292949388349,0.17818091978764775,0.16080767818964456,0.07531115906328899,0.10071246663090867,0.1365099472996826,0.009951711011314935,0.1326575388515656,0.15133564967206337
0.07809459010772145,0.09785184394261652,0.18558121950903858,0.15400936200694185,0.02234079341033682,0.24472583603676468,0.010543833497751669,0.12636928347168258,0.0804832380171459
0.05024269745350154,0.5422629736473392,0.08535306024844962,0.10332721553814146,0.029503378971499395,0.015555080770916501,0.06418790932302963,0.09640944361394155,0.013158240433181123
0.021895526840945843,0.16325937639332253,0.09511905893362292,0.03795482365245361,0.08555312648701374,0.25875601810553933,0.22428569839327742,0.0671813469865578,0.045995024207266734
0.10073354786350815,0.09398877283094653,0.14657348555575164,0.1523175585329421,0.14654395688610175,0.1293978027965052,0.014622398386065827,0.15763607605241875,0.05818640109576012
0.10165246121465517,0.01422685387574573,0.06373495911645004,0.03179369335973755,0.09067052719922941,0.34454313656183794,0.15752743626808952,0.02981382102097883,0.16603711138327581
0.10551275570796247,0.18435689320331128,0.0734208692736791,0.21603596932706556,0.07520753869006387,0.07017077379700477,0.12695359952913396,0.08393967752164049,0.0644019229501386
0.057312661260769615,0.24848897680780554,0.13902187913045322,0.05589175541933813,0.08580233958445382,0.23521072229005313,0.058644089790566456,0.08655500166012092,0.03307257405643923
0.1074062763818971,0.058375732356538375,0.08461952760367109,0.12398467587475426,0.15418923093292672,0.07530255489732024,0.0549660649470865,0.05560111964009973,0.28555481736570604
