0.05149457427285677,0.17967605646041496,0.105188525586921,0.04223020375470388,0.23961885891437318,0.12348425100417691,0.035625644012173406,0.08226161185463388,0.14042027413974603
0.31344070977206795,0.17924040809153252,0.039834393300274745,0.029740976286592582,0.08123683412021195,0.06834787414385839,0.07678796640494016,0.10114182676507895,0.11022901111544274
0.09003083119041703,0.11581736426598822,0.11799615963120487,0.07897787549324294,0.06446601139481747,0.1315038428485368,0.056920261922077726,0.22757413061887757,0.11671352263483736
0.11743340285771703,0.07185191711259738,0.27298144560101567,0.20240885907391604,0.1115932356148387,0.0319130202500467,0.0330313817918827,0.05820611479383614,0.10058062290414971
0.05075789493596974,0.07162090087505057,0.17788188430707866,0.0701616447316319,0.15236975552436996,0.039526264358616246,0.2864737275649274,0.05392398788799138,0.0972839398143641
0.1411378447529487,0.07695343971858291,0.056648127531364056,0.25886940195283287,0.08636536657649359,0.06806504252876108,0.030395639470621166,0.17416444804969067,0.10740068941870506
0.0920551612159534,0.021879200349501582,0.12347644431006484,0.10796295308280814,0.16632657685281363,0.11270646636340893,0.11964151930284145,0.12518982720080937,0.13076185132179863
0.12926451700283628,0.09183184473559414,0.31699732906667216,0.017282930954325756,0.08617767138258758,0.13549682155893297,0.04885016853048566,0.06902880091879636,0.10506991584976916
0.21823421519280398,0.10304319975110038,0.11500805055856016,0.049403523456719056,0.0926742893801271,0.1350977068289183,0.08380296003808535,0.06923946700377742,0.13349658778990833
0.14142792149565672,0.08879727785191038,0.12018492697089911,0.020522927348843915,0.12544442502821404,0.15142026992198981,0.03201881812062052,0.19695848368092103,0.1232249495809445
0.18845917374444768,0.08550333836116125,0.06789613556718913,0.04453136649673566,0.11135768328813082,0.101760151686285,0.1259907795629506,0.1600939532487193,0.11440741804438055
0.045703135175917446,0.07498892389270118,0.23087256046043791,0.06952803063461195,0.10916840739798643,0.05877699344072363,0.10476681464158345,0.21670873603428512,0.08948639832175283
0.19032813153750272,0.12698623438528678,0.20478669690544007,0.043943514125808845,0.01682633805163183,0.048272708277112296,0.03238054680345985,0.24687008580164413,0.08960574411211342
0.17441979204297695,0.13234646706716566,0.08503821984744014,0.026371262656216556,0.04772698012266607,0.22259038167364809,0.1271322264257924,0.05380450206447315,0.13057016809962102
0.10362434814562309,0.08104651849413837,0.13415584168773537,0.04254537441957402,0.21572249239487873,0.17358594976418304,0.042121230105688336,0.07852276473916392,0.12867548024901507
0.04676070028612853,0.0605069549434904,0.2160095649949869,0.1264518737511992,0.1381444968399318,0.10824994002582422,0.09646192410620225,0.05789647732108155,0.14951806773115506
0.027763435542156652,0.134699977790851,0.20138038812964698,0.032567028337460814,0.054332122871872994,0.04412043209990593,0.33121986628715816,0.0867099379130294,0.08720681102791807
0.07219322793202221,0.09912676860541624,0.07441891014530823,0.02457096402643308,0.37558543987798365,0.05326187155264506,0.09737706613721127,0.11525999014027244,0.08820576158270786
0.27549084057299017,0.04541137576695439,0.13328105737156706,0.0978942726773454,0.05113775929838823,0.14508119219055018,0.03310821667010724,0.07913649559916845,0.13945878985292884
0.07927546939242143,0.1317071184901131,0.16329792223333697,0.05677389485036954,0.016904427663143446,0.05564305864296135,0.12575456890306094,0.2848827933743151,0.08576074645027809
0.3273126743639454,0.14449060673338443,0.1076480030298033,0.01783030467209669,0.13303275808105602,0.1100700425116643,0.021458647566656688,0.04664336682519208,0.09151359621620099
0.06722613939028882,0.25156150455046516,0.11541108324310341,0.13860231698366335,0.03802762022304635,0.1343646007027344,0.053975344366956786,0.09004412078812059,0.11078726975162112
0.0897231434157103,0.07046443547058147,0.12967595209846436,0.047215773739149584,0.12343328231381645,0.1901532440422137,0.06193856324414491,0.1212400204187871,0.16615558525713206
0.09238922581067456,0.11413962935992368,0.24050342815742912,0.03972568706108106,0.19341352190761907,0.13048064376098187,0.03630858551392106,0.043819384810309815,0.10921989361805984
0.136321529527569,0.1303996067886603,0.11694118084851723,0.1316569534863109,0.1213705883276856,0.125311587872745,0.06819203342432563,0.0564181302900465,0.11338838943413983
0.14660551650191075,0.07668796604490527,0.06363916332477891,0.021354406461572037,0.1311549815678297,0.221223623095268,0.07360662663254332,0.11696666313858699,0.14876105323260505
0.1121089181635599,0.35436303148501463,0.10195242364989753,0.07944883983968844,0.09872117801150761,0.08173438945517976,0.05059595446575308,0.03241844956019058,0.08865681536920844
0.12724115296630314,0.05505907075958625,0.0694033640885805,0.024926943743891577,0.10102790352756906,0.02953307847003682,0.09369066578032866,0.4017757572797858,0.0973420633839181
0.05866389945468591,0.029379725761943015,0.038796217696821435,0.11195377012314617,0.08720766937820201,0.16182038015373254,0.4063382400303035,0.03241556600216762,0.07342453139899772
0.1136797492696926,0.15333500692810748,0.09777636333823043,0.04050931911027378,0.0954404908762951,0.16310392847063357,0.18265979309605027,0.03860086848752523,0.11489448042319157
0.10528962787953637,0.24130601478248545,0.14718055014614354,0.12398213697213654,0.041363969718696485,0.14771464041814308,0.0555061395935565,0.02994780808959883,0.10770911239970314
0.27296016765726655,0.17743036607467902,0.11315278158262387,0.0513897271068122,0.06854381346581423,0.07395888010812024,0.06787114271244392,0.0480432999566221,0.12664982133561795
0.11017825242060413,0.11370095874483216,0.05460397513716556,0.0788015589277156,0.11760848340507736,0.07788218213610039,0.2003305291730797,0.11744242766943218,0.12945163238599303
0.1821914469699728,0.10347461404514002,0.08313802454765912,0.03253386146024156,0.1721753640774036,0.1567307561121439,0.12645104342677882,0.0384364208695949,0.10486846849106524
0.10648585394843442,0.04964001756883177,0.12612487003980433,0.03782370390383746,0.20985391376122195,0.15585020882245046,0.04840947573671952,0.16784528182361122,0.09796667439508895
0.05755720268388801,0.03506090790311155,0.09653392002281493,0.16739081480404883,0.22615905743174905,0.15101326874414725,0.024550144574523064,0.14781115910354098,0.09392352473217629
0.09844540123992235,0.1427496573967181,0.06532518318435816,0.04214548614264955,0.07115351606970474,0.16635380468631153,0.09374236801815593,0.18916635881727883,0.13091822444490078
0.3309387158470816,0.026369479691787007,0.09341751498451367,0.01257768694715724,0.11014216428257834,0.12146965438804046,0.04781015598496232,0.13595103767226505,0.1213235902016142
0.11441794407221371,0.03958375981265944,0.07871690344146733,0.07329861996137081,0.21269389877637934,0.14242288961320954,0.09509431598126168,0.08174796811825018,0.16202370022318793
0.32826758767686187,0.03306557424133472,0.10614451000378115,0.07144708294976619,0.08128943264054043,0.07150005538560074,0.11919716809754732,0.07446150795995382,0.11462708104461367
0.1709701630446193,0.29522256687608056,0.07384501177856216,0.05316475740450863,0.05056557172665454,0.10180522460640122,0.0172784037392483,0.1341481204560692,0.10300018036785615
0.3667597762813645,0.07483339578029756,0.048854237313174516,0.05112816944959627,0.13173774680243297,0.08427459773665964,0.09199419242605596,0.04691839893581698,0.10349948527460158
0.04763448608215113,0.05198014971321105,0.15831171764970872,0.049319242925494194,0.06889827939418913,0.16097590302531997,0.12687712902154302,0.22156465619538657,0.11443843599299615
0.07480481218193073,0.039923492751213714,0.11465892135277016,0.07130122293514622,0.03553529437887116,0.13004368246926679,0.2520068883378013,0.14673743064046185,0.13498825495253805
0.06149580016668862,0.038500604738533936,0.06849758286396462,0.06791646130349838,0.13039294280921046,0.3826501801966007,0.13443951775918156,0.022395714657744287,0.0937111955045774
0.18477282271251483,0.13445341885644116,0.11158744739704385,0.13103590977598747,0.08761229022698237,0.1322482284435101,0.041826328083128306,0.046127700534709694,0.13033585396968228
0.013291571383025108,0.0931919380232692,0.22978704370044153,0.009955867950127784,0.03416741105663231,0.028757773163022818,0.21332105481718078,0.29633169110193225,0.0811956488043682
0.2862240956345225,0.13105279451538515,0.03824315796439833,0.0411511019656357,0.16149392820369698,0.10432506866424156,0.03730272021863331,0.09823253990382874,0.10197459292965771
0.15436754848778653,0.13803122784829705,0.053275212267181425,0.05858558069001744,0.24623564646958088,0.10929276789900773,0.052088902199896765,0.06379281474143517,0.12433029939679703
0.050042254280916874,0.07754820164681926,0.08189143062706278,0.18201987349980794,0.06584880607419541,0.11066338610693793,0.058189345991378844,0.22879588618811178,0.14500081558476913
0.08128676681808204,0.06556651528415541,0.15251792577170378,0.011408087689971235,0.18149749619433098,0.04291115178706789,0.10556533190387725,0.2640529796309769,0.09519374491983446
0.06679776013294815,0.07139804107822235,0.12058527326474518,0.08080790315088213,0.19451770922296188,0.11913658651342056,0.18909716913177813,0.03682293827265859,0.1208366192323831
0.061018818760827175,0.1594263833670818,0.3971590264519818,0.07783440775549376,0.06081099098113605,0.035400061372696044,0.07613280394858306,0.044011122253016934,0.08820638510918342
0.040004101133991256,0.015463395405847421,0.30823094136762785,0.05699811845564873,0.24639293232589607,0.047023017430434404,0.11605275348980831,0.08367417743140437,0.08616056295934145
0.14964726880845988,0.12696792434628965,0.21147221484488157,0.08997322338156533,0.03866308453437892,0.15071597747060678,0.04247276666412523,0.07614561176945879,0.11394192818023378
0.16251936633524353,0.10610962345338519,0.10629328397493754,0.14336388221798205,0.1581752033507017,0.1025759495713298,0.03921329769709889,0.052887399083834746,0.12886199431548653
0.10353126247720529,0.12016196494150388,0.09788485417287056,0.06772661010619407,0.1916056182415393,0.10892619973464764,0.14726501976053907,0.04159076599906463,0.12130770456643562
0.32325509788408424,0.04438947842249744,0.1238504352786272,0.05688142757316822,0.12381074438144757,0.059014261231972044,0.09565690735503468,0.060771833052345126,0.11236981482082352
0.14470340227682907,0.09470364949660214,0.2468418722689976,0.11106744885365803,0.06675407234962087,0.09729213449381036,0.044296147651479295,0.07862018761989402,0.11572108498910853
0.18305867804491385,0.08832217230529314,0.048285942833373154,0.07053581348848158,0.13753833643647118,0.06490078248558505,0.24181387581674507,0.04203302662011763,0.12351137196901942
0.354577894528509,0.055513007591449275,0.12673061008298855,0.09089681216194423,0.08401926357766248,0.039766737583267445,0.05445034929293182,0.08205322290220841,0.11199210227903884
0.1381998663157987,0.12359919641140167,0.06609967198766784,0.04753968134356613,0.1781733361775609,0.08766393327704343,0.17472198802054226,0.03880558075347991,0.14519674571293914
0.1655046506010003,0.18397958704079131,0.15056745202697788,0.02144899089741555,0.12760310634165342,0.10947613085650106,0.05475005493778185,0.0771521386021089,0.10951788869576971
0.2645445561056518,0.10755236359727789,0.059183359510290225,0.03701279815274944,0.22478146780000477,0.10832089901686916,0.044370192838350635,0.05264585925355808,0.10158850372524804
0.0913079067681676,0.18735738880271569,0.2671987773015725,0.021385365745258025,0.0652731176274675,0.03104321333975067,0.035662037388894056,0.22048423879020876,0.08028795423596524
0.03823860930816613,0.06410961597334126,0.22431040888498854,0.35469546361049203,0.15352242800127283,0.039199641317082944,0.014253566806353877,0.028987659259161025,0.08268260683914135
0.10346509866483378,0.21179769057131673,0.04337675967405292,0.04080004601973313,0.049628331406431025,0.13206770979085655,0.17165526799975306,0.15859133346408494,0.08861776240893791
0.06315793477793002,0.031040727325410536,0.18253766134291652,0.11316849393621918,0.15389410580931936,0.11818649842721707,0.18707532449283049,0.03535506555827433,0.11558418832988256
0.05275490473147585,0.005946967584690909,0.14093081238007013,0.03212964766802314,0.25680062490603445,0.2858764807626186,0.059049123115669046,0.061976774327283594,0.10453466452413418
0.06634333995160316,0.08665376327361263,0.05644111018404648,0.050322485646953546,0.06311674255757649,0.12492024194276226,0.3649471524887169,0.07165305617009347,0.11560210778463505
0.10158609802324005,0.04023292512065375,0.16435607387183282,0.08455045228183784,0.1300211406520219,0.03615252924292938,0.01798863689458737,0.32497365568161024,0.10013848823128663
0.018761983124915674,0.029472550348031385,0.04061224195592556,0.06315350974971534,0.06734855134143543,0.15578505152577937,0.25056728500018877,0.2859124680715494,0.08838635888245895
0.07659934882023425,0.15838449207767377,0.14694527942854085,0.10612714919244176,0.0860577854840391,0.14544021435457452,0.05228583561233252,0.1109890885100341,0.11717080652012903
0.0856656566332052,0.10705175964769632,0.049740963952786675,0.04912954155671301,0.24028466227178577,0.11729803916730402,0.0478829686925954,0.17567106294750856,0.12727534513040503
0.07127417264069957,0.10528283752550709,0.2608979704829925,0.05445933066969056,0.17532406673492473,0.04124109637166598,0.06496466342857525,0.10760536426370348,0.11895049788224082
0.21047267032481465,0.10340344926729506,0.07472859603951962,0.04472386503884001,0.18891437756053345,0.11122705909316966,0.07207888990759093,0.06660009965727465,0.127850993110962
0.1805701007716618,0.1476666176130765,0.11055134179836605,0.1441860407047841,0.13421640205628468,0.08299583819742401,0.07761618627082789,0.027969649430481542,0.09422782315709351
0.1817230480020434,0.07522032088994397,0.09915268746929323,0.05447821751119968,0.14787448284383906,0.22730580055542796,0.03148622866549036,0.05542569646721951,0.12733351759554282
0.2102488312463826,0.05481369124956575,0.0657207042931117,0.09386847913031482,0.09162847678420878,0.0843290566634114,0.02424098093546252,0.29211682775575654,0.08303295194178588
0.10919222487610196,0.03314172466886106,0.13905777024059515,0.09949924485352239,0.1136653130371159,0.1238936088636947,0.20311234549094337,0.07698663915153098,0.10145112881763448
0.13563863838684567,0.0976459255039517,0.13277324209053232,0.07061767946421861,0.24044826379197315,0.0896464991176591,0.06471919709001107,0.05922966541422107,0.10928088914058731
0.09691871316688572,0.14956178103942216,0.16485994020302408,0.035186479294471024,0.13663674437784504,0.19184806798599233,0.020367395183538816,0.07339691193211216,0.1312239668167087
0.13412940352271246,0.2612245769126118,0.0853285116520262,0.045583205644777296,0.13873605970803868,0.11237185964041906,0.08163113024032272,0.028010669486102983,0.11298458319298878
0.12559153051849026,0.07053896120090945,0.049063226852323304,0.12174856176305343,0.0451873081269327,0.11361711043016069,0.0989447508854787,0.25954966555156683,0.11575888467108464
0.040047711668039734,0.07856500941146287,0.05880860196444748,0.311168329306921,0.06649259471138354,0.15458002716035693,0.06132409088699862,0.12856031584070862,0.10045331904968131
0.08803738353367231,0.052448533116332824,0.06992583558254073,0.1459588368746604,0.133951978767626,0.0746992950564174,0.037038437845131944,0.2973601423844593,0.10057955683915919
0.2974922762738638,0.05560551382745695,0.0818671629586985,0.06082501576808008,0.07523557207638308,0.14606088990758412,0.10593885519979063,0.05268074758636248,0.12429396640178043
0.30299653254560066,0.0332305886134753,0.12768975466574292,0.04768194223217709,0.05296559917088059,0.13542981709604182,0.04411597976157533,0.11685239417256317,0.1390373917419432
0.28878927307317015,0.166385757987891,0.17797879743438563,0.0624831106559133,0.03393879573495801,0.08131980582906563,0.042845057906704294,0.057204833322868444,0.08905456805504362
0.30995670036519346,0.02886327295493843,0.19325992460795305,0.03357378380536164,0.11556335649861194,0.13633051436335836,0.027037739022043122,0.06271945142396955,0.09269525695857046
0.053889900579907446,0.2833646775450558,0.08780414093971177,0.028275502734401162,0.06583191824235037,0.05725696547046231,0.1767909966244422,0.1261223436202861,0.12066355424338293
0.022377916679331398,0.009039863946398156,0.09444345132426081,0.18805022495294474,0.10141258849663098,0.0727387777632885,0.1803641882854853,0.2583173776364754,0.0732556109151847
0.08612376510252945,0.0224224903269916,0.14597782068721224,0.04529831916892957,0.23698820964615389,0.07669126431148779,0.13992413553653826,0.14687149664497964,0.0997024985751775
0.07763505180156126,0.102763639386048,0.07676225509343215,0.028485205191232616,0.08549490400467802,0.0805429744557946,0.32904994499205836,0.12320803209251067,0.09605799298268426
0.0671594188190318,0.10544483513088217,0.1758835548293234,0.038217188523562026,0.28733459856510385,0.09422089991033471,0.05697047400797586,0.05946936160130741,0.11529966861247871
0.11037297707396883,0.20623684021945474,0.055111862934300815,0.09436458723447766,0.15264845327264207,0.05827616104610858,0.11643161157537625,0.10667959374356306,0.09987791290010806
0.0835867640490753,0.29217877422094835,0.05645630444287688,0.049241505701106116,0.20618318020268778,0.05694760071147322,0.11766441148101066,0.05147049394593387,0.08627096524488782
0.09114793618579282,0.21798201904982262,0.07136397676044574,0.016275762188832064,0.19903653110839356,0.07113818807623458,0.11912198689836695,0.11355570047709107,0.10037789925502057
0.3233257235396722,0.12019483562408739,0.0651852908592056,0.04048345148093472,0.13732553745906514,0.07373948393552705,0.04186100274587218,0.09846613933803579,0.0994185350175999
0.13396374237030909,0.15504574851030434,0.14170028100754897,0.02483162994791449,0.04089015791229313,0.16838164858745439,0.05825768838432658,0.17131125381762172,0.10561784946222741
0.10834631315871175,0.06009630887071932,0.08462218300395798,0.05911972813562757,0.17723357005693155,0.1319578678735499,0.1639301214642266,0.07102996484263036,0.1436639425936449
0.11277670215281156,0.040304007013018235,0.14928614631781936,0.06343186462865259,0.1068885225466449,0.12104759704234287,0.12920988738201764,0.16997318100834305,0.10708209190834979
0.21290792376922832,0.03680628978227125,0.20170755112711047,0.11927269567951455,0.0994763593771033,0.0841252740868789,0.04100976795265213,0.07209638647118301,0.13259775175405805
0.13044099903708414,0.2190304656084129,0.17791937771388208,0.030800554103733373,0.16554139593736764,0.04652199947574997,0.04662162961165289,0.07525439032200451,0.10786918819011244
0.22327592679681985,0.11616330399144544,0.07664842537786667,0.030639446603780554,0.08743567690919248,0.1843007021322027,0.04057279075833723,0.08872120909325464,0.1522425183371005
0.131945337092195,0.029336458313210006,0.057872902995060566,0.13285116334447966,0.1476291320050819,0.09300368707864619,0.1665957956871981,0.14328527811469527,0.09748024536943324
0.1600580224540725,0.040542245425554214,0.08911167091021512,0.0893771985753584,0.08453389073566309,0.27258007948508634,0.04016821302064027,0.09466005929355749,0.12896862009985255
0.06625880058612846,0.028595939064377286,0.2982566713385022,0.03961188861870468,0.056147432693985415,0.07304634926847602,0.05652569749037117,0.2858254959374545,0.09573172500200022
0.1719473844511278,0.06873308701079789,0.2266704706879518,0.07862839469957696,0.08444968844053703,0.05607176744217766,0.05046318197299118,0.1276041082958545,0.1354319169989852
0.2733574706359716,0.04783630086974769,0.10549820121786635,0.07037555834946026,0.06563765892934142,0.14869619989302751,0.07469024731057973,0.08269805475015148,0.13121030804385397
0.1969182757296772,0.04042048534690747,0.21955214160348338,0.029381445045545008,0.20267841507733983,0.1368715638566849,0.010098908990379815,0.0633918499017139,0.10068691444826854
0.08321152084842984,0.02404024992837393,0.3272044384782326,0.1153171855087944,0.16974591665187247,0.11266731799185613,0.009125711494233248,0.071857889195033,0.08682976990317441
0.11278521870506196,0.01735971824953806,0.028830232805439424,0.07845277556017129,0.06274647362003584,0.031139574366958356,0.18986432327551195,0.41390736902896474,0.06491431438831842
0.16833780085652614,0.2499686743847412,0.0762682433098162,0.0855040491105304,0.08963979125347736,0.08814919759263003,0.0651932785761475,0.04449694617815863,0.1324420187379726
0.1689709272609418,0.19256014599129467,0.11257769979561039,0.05609688951020849,0.11535366192836426,0.1461140053762072,0.051674669901678405,0.04297865062216056,0.11367334961353424
0.07098697038807368,0.036303629375980785,0.11286631223900279,0.07580794396424602,0.09800113378545448,0.21632358401315135,0.07341287284757099,0.13509964633555763,0.18119790705096225
0.15076469750294638,0.06851505764552294,0.12387134063523846,0.07021396906326896,0.09360109031534934,0.15024513439132095,0.05261141581257087,0.1655374979267343,0.12463979670704783
0.2588417693366235,0.08125319880861111,0.13404760031298135,0.046858121061757955,0.0923214216326748,0.13942528759368653,0.02889621243055592,0.11016498783613715,0.10819140098697178
0.14821041259467801,0.17526875962572921,0.1209515974226592,0.19898058270447147,0.041056641440087444,0.07246572477102424,0.023997467656595387,0.08970074760694624,0.12936806617780874
0.07340648647405372,0.057313700277439046,0.11511099699657101,0.07244464179704714,0.08292236591500417,0.04458118244159897,0.18088688636740038,0.2608931429314583,0.11244059679942729
0.0774479092199279,0.13658002285196155,0.19197443463428854,0.08780940250198328,0.09261931977713211,0.06282528102044375,0.17156752515091067,0.028393299144411268,0.150782805698941
0.1799141360898305,0.05638026796216888,0.16497113323052473,0.09287181875826955,0.08632221629081059,0.04593102395367595,0.06541224086751889,0.15965632174552227,0.14854084110167867
0.1312513803353846,0.1794415287367294,0.055923340359603634,0.06285994876545915,0.12772013830002185,0.019736369780856897,0.09887071839502837,0.2503707440610095,0.0738258312659066
0.08983107012580022,0.17752087753777465,0.0907132173252464,0.0936235415916802,0.10455533457378119,0.15448142765481035,0.06277754053196126,0.07483430965808104,0.15166268100086475
0.16315387487663865,0.014117943292373897,0.3118144994657352,0.11017375012541619,0.07571772170652508,0.06791892482623109,0.027120923277635166,0.12590647502121668,0.10407588740822799
0.059653483417794716,0.3009150754931096,0.11269734625236046,0.08414719171216177,0.07656971035045208,0.11608804826405357,0.08614881840789705,0.03103795617878502,0.13274236992338573
0.11572631844059884,0.10729960052662069,0.0857274413664622,0.07757710045879306,0.12643509294746128,0.10328251093188699,0.10499636068639857,0.16599377032282622,0.11296180431895214
0.05245055695712295,0.05076198950963028,0.07351771408479124,0.08265205643666204,0.04122808511114182,0.13500120945122746,0.14996537312932554,0.30642459726706606,0.10799841805303256
0.06680965760103481,0.053711083346287936,0.2834624530412369,0.11687118998257472,0.11415387890968716,0.07744297321232424,0.1355609292440241,0.04136089064485728,0.11062694401797285
0.11134399323319205,0.045052207642284355,0.1572937404812133,0.039755460386847324,0.17135490094943986,0.08843301969395329,0.15239316300965378,0.14279910829153242,0.09157440631188359
0.30241986745820765,0.046929271325595545,0.05929605255553089,0.035900908642420105,0.11483388596319609,0.13792033089583447,0.028504586004765898,0.1669691692183457,0.10722592793610371
0.15567581198523447,0.09159462812876089,0.17601425475183707,0.1085169544896848,0.1597192650457545,0.05920230880241881,0.05262174451141921,0.05577307955914459,0.14088195272574563
0.027347139198751685,0.037633382702434694,0.2583884934512955,0.05859444583158089,0.11497870804570405,0.09086725403940354,0.1883774057858708,0.12737263497612708,0.09644053596883163
0.11191268830578294,0.14369472465184588,0.2152369846231009,0.050618359770952616,0.11284268199653469,0.10343467792777239,0.1047915225912396,0.04490587403217151,0.11256248610059949
0.06488317517049356,0.10901801428078688,0.10484255286146511,0.08694233822852972,0.13789733644366034,0.2282449733876953,0.05462467007134803,0.08417849111257114,0.12936844844344986
0.2855707083701754,0.14458603869433342,0.07477319255799665,0.09964839616544614,0.07408836848207843,0.12290415766221892,0.03604798031719517,0.055545873654691325,0.10683528409586451
0.08823835068522029,0.14804139230180102,0.09049021058484169,0.056557283914744766,0.11090871031845904,0.2449799920793606,0.08112121519133787,0.04307796994642286,0.13658487497781177
0.19718678255877373,0.04525722937461619,0.15878291519397517,0.10390582259624774,0.13968566088527626,0.05190416594719452,0.028293052878561837,0.15963215277177728,0.11535221779357728
0.09400511944161109,0.014561044759737067,0.15289341549483462,0.17192952203286838,0.1738032347235875,0.12276283869512437,0.040954361327657535,0.09095194861832666,0.13813851490625284
0.11216140761503784,0.18664523211766512,0.08858738029561623,0.0273715561789567,0.1530031843074169,0.14114392377786275,0.07307027953684625,0.10707691887968122,0.11094011729091698
0.05387177164769791,0.0635274592021241,0.07760743627311284,0.0602790167142015,0.183882054297297,0.22729702878180502,0.11602573222952679,0.11564391185507117,0.10186558899916369
0.11304859906504423,0.039283790255632764,0.21079113440128397,0.08911699988922724,0.2361681009135237,0.05478354269883435,0.05403389129323729,0.11349675385667428,0.08927718762654208
0.11598719100126224,0.06749368755599759,0.0980274441633568,0.03141991325628248,0.13450443051733638,0.25357711454337495,0.10975231315556312,0.03992939836032125,0.14930850744650515
0.25891972986121753,0.06634726720678537,0.1140900126006585,0.03697312121787485,0.13076367564573133,0.06311082943761352,0.07654228029824679,0.10543390671677562,0.14781917701509648
0.2814497851634414,0.07262047142730575,0.13097808861622875,0.036759580077311005,0.07060598195740406,0.07884582324907084,0.1138191042531389,0.09873400892519547,0.11618715633090382
0.08193496961049063,0.046599575811610956,0.17631195738720443,0.033522103219137574,0.10614330152747763,0.10166975183211367,0.13991587783128978,0.20342874125315988,0.11047372152751539
0.11835239358895305,0.1821928262721776,0.08205374772635053,0.01419513607205067,0.24066067666933635,0.0754602583282697,0.14463292298510386,0.03538318107212979,0.10706885728562841
0.040604691659916085,0.040310863697437575,0.04939079037000311,0.05728733166399258,0.15288631786041115,0.3111893596443555,0.19012527385746983,0.035337163302265134,0.12286820794414888
0.1609365945533936,0.06865678462545059,0.14794603876963813,0.03904389281643312,0.20507071045452432,0.12198492696570429,0.05173719735936135,0.07968497128472131,0.12493888317077323
0.21315593751713824,0.15547086113046588,0.13588317214436044,0.13784949242633357,0.02444577839115598,0.06702141657647238,0.044971743457135005,0.1055047122162311,0.11569688614070743
0.12112494269944644,0.23825986827827506,0.07179122838896027,0.049416017683666824,0.1341907375895832,0.21329572605214694,0.01825276135154229,0.036415127139086255,0.11725359081729282
0.0948418626309659,0.04779414614886087,0.08850296014141261,0.04988926350453319,0.12340323087200888,0.040841540028651854,0.04215044193575607,0.4119840189846467,0.10059253575316386
0.032184859445544715,0.09138328165599008,0.08482071759958787,0.09081142057243495,0.05958920536791205,0.18688657629066477,0.2094652016671408,0.12340987167355055,0.12144886572717402
0.08413954004423001,0.11881125464162723,0.32887257411455917,0.04903134009338975,0.09220655106960197,0.07262412203845733,0.05467112722793727,0.07447314567385378,0.12517034509634348
0.15576030824607978,0.11601342844324647,0.26146428783193554,0.05312266581023629,0.14158718502219728,0.07148688301171632,0.03869090257191259,0.0485808571980881,0.1132934818645877
0.23731433060393067,0.02058298847893665,0.056524767126426505,0.15335008511421275,0.07292405301823955,0.13629367322695973,0.12808366460970452,0.08311200827480673,0.11181442954678289
0.2988128966696124,0.11574260645566299,0.0375247375186478,0.052525621863259674,0.07204592074341158,0.09230040627402458,0.04513104654535994,0.17053381448748958,0.11538294944253143
0.05916118732378809,0.13522334049110507,0.1252650913389701,0.15581856635796762,0.21161888879218002,0.029837393277681933,0.08757077356278743,0.10985742201798754,0.08564733683753216
0.06808113135989134,0.0946217377332647,0.10704662536621183,0.03780475830615278,0.10075672218891259,0.275446139252811,0.07595112763176413,0.12540285462020906,0.11488890354078259
0.19837994409943424,0.1147661017968098,0.04151486582082688,0.022596395915901384,0.0825008623018262,0.20437224407002463,0.1266813190462096,0.0959804699161736,0.11320779703279372
0.11611247416103047,0.017290130111208293,0.10242612516269635,0.013876624241392327,0.061294586312175214,0.06730528626193935,0.08396029157302835,0.42568177824451164,0.11205270393201815
0.02107623520447734,0.5197682331858512,0.10346231728921725,0.04954471307227067,0.10076184121407063,0.03282258359135207,0.03152068375965238,0.060798292702960784,0.08024509998014771
0.14260724074727735,0.02552813921488643,0.093808777357765,0.14781274291795232,0.08140129453501828,0.0410563998907821,0.26875089803746566,0.10789878398420923,0.09113572331464355
0.3156936035011954,0.02819566473805653,0.07205054233601453,0.07312201160692378,0.15324284386756162,0.11831588615352269,0.009053717200887658,0.14545210589714208,0.08487362469869568
