0.250256386297971,0.03426421849749962,0.07902608484572915,0.35853588380484974,0.055623478595403265,0.059235014935733264,0.07112160695630315,0.02701191527585488,0.06492541079065584
0.22210099297705743,0.03703657879741161,0.08776521750333127,0.19676897698667997,0.13091229980845367,0.14352964187199435,0.058501877501120035,0.04328487788392351,0.08009953667002816
0.011537957053359934,0.14526368170022477,0.11382940832005516,0.02575921431691194,0.10843247468495719,0.3450511357698785,0.11464482926110366,0.10799609469270825,0.027485204200800487
0.25355217259468893,0.07190506095380313,0.10986482004136779,0.0683305948528481,0.07143007813300421,0.026570364983343548,0.10407416029802025,0.06666498934597423,0.22760775879694986
0.04193059079297649,0.07012585558533803,0.13895091470061136,0.20630923721605487,0.09578590709502655,0.22444068093497427,0.1320108164010634,0.04256039575078117,0.04788560152317378
0.33908467700069944,0.07399809413713294,0.16909870125982582,0.11542225567560453,0.0692900220230988,0.008528240665900797,0.0640292824650795,0.05705133670523799,0.10349739006742009
0.18384967035683183,0.061480794558734446,0.04912735257151566,0.2865129217737276,0.02273513248529989,0.17036891691138392,0.08096692759388967,0.03657487626973117,0.10838340747888586
0.2202764288321274,0.10921694634082794,0.0805982690293146,0.24109653324745906,0.05121834244641859,0.014665906555900598,0.11867310630941878,0.047821554970004336,0.11643291226852877
0.3193062667403123,0.07666047825657157,0.09462765121720292,0.08257458561528856,0.10039155620795696,0.016314422080676974,0.06395557820013034,0.11139668682623212,0.1347727748556284
0.2850698190556982,0.09414916375155229,0.11559110559392743,0.11547606718810459,0.031378592168774644,0.10609382156648361,0.051631484496058005,0.09836806773404227,0.10224187844535897
0.2621309171695743,0.03552408560987184,0.09068823633860053,0.14576226496591105,0.08961537572218203,0.015151772206290458,0.12407953149993166,0.0915781348318771,0.14546968165576107
0.10268254006208649,0.11811884065606004,0.11576112574558155,0.22146344991388056,0.08906835367291727,0.07005488237931275,0.10570422518214734,0.10044794132502845,0.07669864106298553
0.023590941494157386,0.0852787858214162,0.21617016228413677,0.11484440518346296,0.16817256065133812,0.07914597109082977,0.12677531082746843,0.11304340433222164,0.07297845831496867
0.00528225376830008,0.20004680038489087,0.19568212380288644,0.014148114027807447,0.06965893306283291,0.06892055564769078,0.20438191064474764,0.19048416997600334,0.051395138684840504
0.07734246268383826,0.054941954080177165,0.09745003839263544,0.36294497676541027,0.07288473638697636,0.0402430387595556,0.0783982437332436,0.1309905337934477,0.08480401540471565
0.09476338251932696,0.1791576675734605,0.09747406903822146,0.018372860038251546,0.031508706854288075,0.3073021861533571,0.146820501206586,0.10137132914846347,0.023229297468044956
0.20540847644558202,0.03812509620279906,0.11932296775323965,0.04509139153234096,0.033910166501299556,0.06471080632416397,0.06325872601873446,0.3581382605121815,0.07203410870965876
0.056426414188008915,0.14950815720127353,0.23991065259133318,0.021901609296659783,0.1262216497435175,0.1554158661978026,0.10193244645455686,0.07442400453723166,0.074259199789616
0.183684827860325,0.07873288272835256,0.05449129447760973,0.1419612959422473,0.11933887206532294,0.06577227285309085,0.0987536234167908,0.03870988889317278,0.21855504176308801
0.16972450855862883,0.06543403194174925,0.09232371588014998,0.23617820550477656,0.06786479810968804,0.0107310069058943,0.07142866423698417,0.17990032037536266,0.10641474848676624
0.15420897423770208,0.09155088615508855,0.10579310003746412,0.22970260326633574,0.09392082007001329,0.08703490952417631,0.12424667645956933,0.05418856240919082,0.05935346784045961
0.3818882179254474,0.039551590276083945,0.09796604249330104,0.024000019432540428,0.07056836336587534,0.01143819361858065,0.2052399854241342,0.11279900391199767,0.05654858355203937
0.43920023615675124,0.08418806161340449,0.06783230921657268,0.04538956856720763,0.0599518678080288,0.039050192064657645,0.06551312411862721,0.09613842241092863,0.10273621804382181
0.143878688290327,0.06956223125533824,0.08618029983884389,0.15373361281614661,0.06762336478182375,0.1217169184896425,0.12286460240198466,0.06674844100381598,0.16769184112207738
0.14361121319049472,0.06227157706323496,0.05720181475936168,0.39918769370387386,0.06980449941128651,0.02975071446316309,0.12105460890357367,0.04712397516199184,0.06999390334301965
0.2997198611334591,0.05224234655994633,0.05867850294322948,0.18047472576819268,0.1025721481582061,0.024279612394495248,0.03714277149093745,0.19539616947815083,0.04949386207338278
0.3800256168551788,0.05974793146351606,0.06878255829546154,0.052403083409604125,0.06554449567267313,0.04854934889482041,0.08163320423910869,0.07622381585406324,0.167089945315574
0.02726361135425669,0.1815395607698017,0.3902343336418068,0.043652779785104005,0.058562293400366755,0.10327644941103205,0.07689854968998465,0.06322676987802504,0.055345652069622366
0.21247711604570388,0.09096572958496411,0.04317960633713194,0.353928807741508,0.07906539831548032,0.006246914833228941,0.048570215889825664,0.1318955131122437,0.033670698139913365
0.07014490522359505,0.14176320154098018,0.07333386005469575,0.08298926756535864,0.05114233877360567,0.01224383908871036,0.11925079251192383,0.14511374570334604,0.3040180495377845
0.4627349046462219,0.041481082256415024,0.05906918053236765,0.2490033945416293,0.035423743822192044,0.030617861305982402,0.0462915442378524,0.05363507637958212,0.021743212277757152
0.05287719552550809,0.12016220601881243,0.22561619168452682,0.017111381017103057,0.06991726649731729,0.06977480782064509,0.1187267167415601,0.27082239266020464,0.05499184203432245
0.010031836088933974,0.1874002477440251,0.1257904062510573,0.1636023638883056,0.0815887932701131,0.15250274954163612,0.12159828522991795,0.10293660287198225,0.05454871511402861
0.16273695957506637,0.09176143061407845,0.10707733304025556,0.05607446124776224,0.26926142007629755,0.10606718442488994,0.15176989575448577,0.017950929073145983,0.03730038619401809
0.05405144571341353,0.20788385523899847,0.09147945741653284,0.05771794348440643,0.24102329912993206,0.04876363239979945,0.12028651594957755,0.059812324800857776,0.11898152586648185
0.42431474275978953,0.04372464732855061,0.05428276185717789,0.12127317755510675,0.0982549273894115,0.017643724491009618,0.12311182780009539,0.05399785307775551,0.06339633774110316
0.37910287828676364,0.09206783128169434,0.06726015334823246,0.09486790061536603,0.142001063376641,0.01705944779744697,0.08368366296213813,0.03745956390968172,0.08649749842203559
0.288065520570627,0.0763766851830942,0.04369965957738891,0.3077962139897525,0.03261542172689305,0.0275332988591767,0.05909356310963054,0.10056884355808332,0.06425079342535375
0.30530224982243337,0.06846156450572188,0.19214520451028183,0.04313218128345272,0.06345542186052908,0.028144858151137302,0.1266716473390271,0.02799781176380406,0.1446890607636127
0.06351918670116034,0.0501589774854827,0.08471089337868028,0.5833442624479827,0.04590666524199921,0.027153007184709615,0.06728796966097404,0.01609045460058054,0.06182858329843058
0.18095251779519317,0.04125908993254177,0.10220284381693001,0.07859380657594413,0.03385577649623457,0.31553133296244423,0.04156918026811178,0.07129297638044062,0.13474247577215978
0.23874827002519974,0.051533686150767456,0.05276475602112075,0.2707693750574021,0.11295811772294777,0.023538831184986935,0.0713042004943623,0.0991533199784383,0.07922944336477462
0.021906264408073084,0.07830562626451139,0.16848118050715521,0.04988855095359266,0.05347647877811713,0.2629174215836035,0.06311368604465109,0.2727852647084074,0.029125526751888498
0.16379693065109682,0.1363893281340414,0.09754714708423251,0.10477403232898917,0.07942452840727579,0.03785996193738101,0.08693286926940208,0.14884115706882653,0.14443404511875457
0.016511587785064705,0.18838956315790625,0.19195690072068974,0.06639105056944511,0.1602045660951869,0.06127721147775524,0.07545183306399435,0.12093342410642212,0.11888386302353555
0.14811166524448813,0.07672495985568993,0.17802576548174706,0.2062420378394529,0.04183420249718825,0.045269050700440676,0.06961566833481227,0.08911445219083437,0.14506219785534646
0.18155997984889605,0.10601861692701176,0.13495812664030024,0.019481408508861802,0.1315116092176097,0.20621323584200532,0.09890634531937338,0.07508136135167838,0.046269316344263366
0.246720631817504,0.06416099863311893,0.09982884291214293,0.09071614905698842,0.08862305061779363,0.032055776291364795,0.12762485389160977,0.1461953950794821,0.10407430169999539
0.03313431793075844,0.16487006546802438,0.19624026383448667,0.10828113367474908,0.1944569692915671,0.06399790858090805,0.09697813291462164,0.059383603581775996,0.08265760472310872
0.1475250869006199,0.1240673647546912,0.1732478020102254,0.09216868723644478,0.08203303393359758,0.07657653270754912,0.09164800212108992,0.025935416188606758,0.1867980741471753
0.5473387903617496,0.045988453945069896,0.06485017516132154,0.10950480910153997,0.05134075277265541,0.007867792266876414,0.10494043720738895,0.03148656482760433,0.03668222435579374
0.13949787062174587,0.11107802176974924,0.22988784333132192,0.017612040475543034,0.05172321312868364,0.1924544892226182,0.11969704348472676,0.05447089468396102,0.08357858328165028
0.4363330086732844,0.06006253639221382,0.07289356333424153,0.14606290703998148,0.030509902845877474,0.01979818766026426,0.08765362257657446,0.10169823174169529,0.044988039735867236
0.05325216640697583,0.2896259417735923,0.1367238512734557,0.03901942945175445,0.102652063653213,0.19949605133269954,0.09890200607576292,0.055734490874381905,0.024593999158164303
0.33707378686206396,0.061498635163217706,0.04699896858961803,0.1941541682306163,0.08194823886207785,0.011998713761982943,0.15639027377688763,0.04189420596475093,0.06804300878878451
0.24230914576834076,0.13263934635286184,0.08104059148313379,0.16391455040675015,0.09553022020688096,0.05733667883318813,0.10081517634637932,0.03084017745388189,0.09557411314858316
0.1814043090105518,0.05747901942638281,0.11037300296211743,0.10873658537613302,0.07461367701470116,0.13661218121372387,0.08128119571963056,0.05572418004543691,0.19377584923132254
0.16612419976464698,0.042606536238250246,0.07042168102532549,0.23060927891008287,0.128849099334937,0.01533089336620413,0.17494414533285751,0.12411040342313982,0.047003762604555986
0.2470427653265591,0.10158019655035459,0.1040022190811496,0.18091864637684787,0.11885696813430753,0.026147637014660965,0.09262816287973913,0.03094427427515743,0.09787913036122371
0.3004915259920688,0.13699557080570088,0.09508478686772077,0.15405407453017692,0.03945603833016339,0.015717426857379067,0.07018040328897493,0.13675635922409077,0.05126381410372451
0.13924795676241422,0.4704878002823154,0.04690995631069022,0.01515373230461762,0.061140271273364105,0.02041508544151743,0.07163224773289524,0.13991094330468515,0.03510200658750067
0.061227135159016656,0.23904145878702301,0.1504016001064589,0.10913619709503643,0.1695263148260008,0.054360308133911184,0.08929444102198159,0.025134314759643648,0.10187823011092774
0.18481449860724772,0.13469730081459924,0.06871034690895737,0.16518018511340982,0.1186937506814374,0.03299321707355201,0.07705318588036598,0.03512290685277094,0.1827346080676596
0.02306129417996537,0.22252563359900676,0.17638168279516475,0.05901098930662993,0.1215323116276933,0.11055024564072259,0.07518582238860487,0.1088891913592136,0.1028628291029988
0.27233952126086525,0.052902363498948925,0.08390440075849857,0.11092066863598828,0.1063491004080448,0.013001859320090006,0.08612247386460099,0.20809060346332486,0.06636900878963829
0.5196623968786479,0.1482179603662689,0.023263650727032136,0.12681553758663164,0.05734710533578258,0.015295479005035853,0.04881212827136105,0.032957224426637115,0.02762851740260286
0.24552971735450482,0.06029881961120472,0.06175682891822563,0.13854750752611067,0.09073377526443939,0.09152592760362466,0.0683712211643612,0.11367198207565275,0.12956422048187607
0.06113506811269587,0.1871084038559443,0.07297919103628753,0.019172107139894094,0.12164316107684804,0.10454155073158285,0.17485170906470296,0.2079487490955766,0.05062005988646779
0.26153396974188653,0.06838079414986621,0.10964138285083784,0.27496841105876363,0.03800135750770064,0.03193339179985903,0.09334623284450765,0.06385605306571389,0.058338406980864586
0.11475030414498288,0.277667576496246,0.08478854089049707,0.04325028503249834,0.1812830577585799,0.08487856583394483,0.08836329357909208,0.04444303288281582,0.08057534338134305
0.44549325218085345,0.08150674433577697,0.1157362602827126,0.05921578074264983,0.01718195147996661,0.019416880346929784,0.18154007147082804,0.04002791181053419,0.03988114734974859
0.17178573843092315,0.04909014623290562,0.13615889657835775,0.37898751088522387,0.0646497489985028,0.02358706534273795,0.04828530381674067,0.06655806367564537,0.06089752603896282
0.22831298242158685,0.045786632606364806,0.11773403079361873,0.42345198056409145,0.026522904393393484,0.024947210645611183,0.06017638898336152,0.02847510646933596,0.044592763122636166
0.15497930190663456,0.07212923477755633,0.10879653546424391,0.1403902697588564,0.08691288300367138,0.02476996769377963,0.12756425907452584,0.06333301121580887,0.2211245371049231
0.02572719639019024,0.24079276659310844,0.16937275658044063,0.016251658143178065,0.09720811484285226,0.17094910616612788,0.055628616602053094,0.15810315510860348,0.06596662957344603
0.11589449960489147,0.07578361554912826,0.08497669688331294,0.20777481214482407,0.07383888286798972,0.006511651331143267,0.07351703776756398,0.28120748595120965,0.08049531789993669
0.39335101468353767,0.06583706494854182,0.055054495953278444,0.0822182128331375,0.1544502183673275,0.014343131582478593,0.09155209280775263,0.02140613716892989,0.12178763165501601
0.012112222146526998,0.0800891659357808,0.062274455892172766,0.11057090912388233,0.3445651216389925,0.039107741127388074,0.10544040170513375,0.15177093956024731,0.09406904286987545
0.4870102214692391,0.05864204167646883,0.10513264799599287,0.06929085864621458,0.043692035100837634,0.048950799924846744,0.06642550045816746,0.047178955890898745,0.07367693883733413
0.4727563161388803,0.0594809845885938,0.09403199363471822,0.2014967197778511,0.04079773522707717,0.01836810858271253,0.0653843528858468,0.01726536424718128,0.030418424917138805
0.25750556505825456,0.07473169456537189,0.03733799974784743,0.34968391323611353,0.10928648034266204,0.02172351006402117,0.046779589212434435,0.026603958024203334,0.07634728974909165
0.2733653458994031,0.03253996736079209,0.06685685033222723,0.08199793889985825,0.09547794609236016,0.04693768983151341,0.15755918818702028,0.12220333038479768,0.12306174301202777
0.1742694566251035,0.04155367404066628,0.04399918095258563,0.37004248907532133,0.13703296647314447,0.032940364154384776,0.05899112543072358,0.03226712949056069,0.10890361375750979
0.35819878018731455,0.1266206455656605,0.05186274140313385,0.09761659438124215,0.07447647798800937,0.09126070702983757,0.09536696533010884,0.03152962729084872,0.07306746082384442
0.045601820275726984,0.18672577509800004,0.09472349254879674,0.010363765536747073,0.13565633655323875,0.16346500498167485,0.10581601998002454,0.22926263031780683,0.02838515470798413
0.10111622087656513,0.09621086130430535,0.11853616482365499,0.08986279261894675,0.18453740637830132,0.049450535056671026,0.10276839034590883,0.2059491864217384,0.051568442173908324
0.03445699914038744,0.041106848040859095,0.30805783665964187,0.023737537748428513,0.08766810564973598,0.2326676415236368,0.10703866799790918,0.1339473013933162,0.03131906184608494
0.043831055952854615,0.04513804196720178,0.08505902285328337,0.008777958997042286,0.16639802742934753,0.2037617687887566,0.17577205624070721,0.2441863722023793,0.027075695568427396
0.32553440042294957,0.0630360233906563,0.08926709223886586,0.20587342445030873,0.07090422931372171,0.034148849629828705,0.06027124721769947,0.08568674016488571,0.06527799317108393
0.278936754691025,0.08640482500393225,0.10340711839617855,0.09539465294277749,0.07660982353430319,0.039133121904928896,0.10812081727870987,0.09807960670529363,0.1139132795428513
0.05669122455834138,0.078838321412616,0.0944679579308696,0.22894815019791906,0.08129173108986758,0.08545199717249985,0.10360756578503334,0.055983078514712646,0.21471997333814055
0.06255664637799369,0.15009904126413,0.1981917417450404,0.0351220646842215,0.3005101203743511,0.07873475761546461,0.09411429782477003,0.026528482857765563,0.05414284725626311
0.22497039701340915,0.05558706090820572,0.020286255849460245,0.3702356505615026,0.07485256974178715,0.0073502532860735105,0.0688719048367797,0.11904847969268156,0.058797428110100414
0.41656296777206947,0.13070556286368162,0.03458322481035477,0.20190124559477943,0.02835560427395353,0.043594568253237674,0.06863795413727215,0.018943431643494022,0.056715440651157245
0.43029399050825257,0.06723534358015588,0.02248485060785387,0.30265489653548905,0.029369329132884495,0.014529680746687569,0.08129601266090673,0.018677228563968105,0.033458667663801706
0.360609408213208,0.09427488820980917,0.13595863838986008,0.09248561402140058,0.060861540227087334,0.05555672802911826,0.0582207177332472,0.05976477520328708,0.0822676899729823
0.05345924802479732,0.15609434473425823,0.23228518612408486,0.07085483314437492,0.08253152973442869,0.0707142715676838,0.0802451367630704,0.22422959606246629,0.029585853844835395
0.09843876349608473,0.049215003312712245,0.04497556397632719,0.245660637875779,0.08618757833871439,0.038726774176491084,0.0875040107107522,0.23695470664228283,0.1123369614708563
0.3837210603029028,0.06568984725332981,0.06615188420978961,0.2080579317996203,0.05665364729097375,0.03156741158090248,0.09551309076022103,0.04908010922203552,0.04356501758022466
0.020375281599727568,0.07743008381076509,0.0544803723689102,0.09450703206656504,0.19366537575805545,0.301945300383149,0.08422280777451534,0.1395109532657788,0.03386279297253356
0.14478235264952755,0.04710446204557841,0.1715125948896011,0.06947979280432075,0.055937915330200184,0.02069466506388266,0.21609072196915272,0.19441356530857204,0.07998392993916464
0.34991196961963605,0.12177314615903563,0.039429659873574156,0.21320700271236048,0.05641447064036718,0.01692493093206175,0.064130772267135,0.10828874878991353,0.02991929900591626
0.3579890258195338,0.06505885428283617,0.044172693111761384,0.14320382697525846,0.1254674225594174,0.08981192454144422,0.06656256840939906,0.016471065844988562,0.09126261845536093
0.31402956920871666,0.04083245572457394,0.06988818312103412,0.202872769717696,0.04356757308913448,0.0522806545385478,0.07126459774109899,0.15742915529458432,0.04783504156461373
0.043423289157309065,0.10419654499096327,0.09047981004879262,0.065872138787497,0.16096602342952412,0.06586563738308704,0.1634244329288551,0.2671695842865455,0.0386025389874263
0.4900788030433543,0.03417879356576689,0.03271360384715524,0.10876329450478779,0.07523788176270324,0.011113666505505408,0.11528358154079203,0.024395850414458922,0.10823452481547613
0.021762779420634894,0.1906856678560711,0.1586672219479625,0.14720661410515548,0.1297805314615815,0.12953090093868105,0.08938470336223231,0.045336298339262115,0.08764528256841904
0.08007977160927564,0.047755332301333164,0.16596902173145256,0.32177382269480287,0.08268876142292693,0.02112208345318141,0.1183371808583154,0.10038993727067487,0.061884088658037205
0.060270723934351345,0.10710766430293793,0.0734569632718447,0.1283458245808559,0.15119659948189806,0.12882448076116826,0.10767771417110329,0.13161546693806458,0.11150456255777591
0.32137706152186923,0.052294793140121566,0.11549490418808106,0.1083905423819057,0.06423479341468107,0.029797581052686654,0.16436921446279826,0.04763870715164683,0.0964024026862096
0.4278567356297749,0.06080798839430215,0.027867956177577397,0.22741767617347475,0.04582472560742915,0.007551121540258666,0.1333335001953561,0.04702166796390458,0.02231862831792242
0.38963846599086843,0.022583439918689687,0.09600236510246768,0.007176056505159092,0.04304436464675019,0.11094524367583891,0.07279123743516111,0.1611444973468242,0.09667432937824068
0.02985984143078839,0.16316028802504826,0.10929071125466412,0.08620183009095621,0.0652694387279837,0.17058942523059203,0.10511692314061834,0.21382015167317633,0.056691390426172654
0.12450005723732545,0.16337204866447472,0.1458725566273185,0.041774653766664976,0.0973661256620509,0.0332203481268777,0.19766423551150913,0.15515987314527724,0.041070101258501364
0.2088313406472666,0.05759758119189436,0.12043390495731983,0.27639185195344096,0.06710880946948079,0.044579606343425414,0.06148475755605748,0.08152654602714855,0.08204560185396607
0.41891421016291613,0.0339632009283318,0.044720007654218706,0.30208546620744686,0.04758990819063563,0.004378227032584079,0.07430217039869873,0.03509192873112726,0.03895488069404087
0.20290265983510292,0.12482661498437016,0.12013737697597276,0.08224911590143195,0.12209771989125322,0.1504890627270392,0.07787410731406451,0.059221469575789255,0.06020187279497607
0.29481549977932436,0.059322615837270005,0.11012224794534843,0.19098789253688295,0.12012083354809928,0.017898758626145782,0.05797125283594462,0.09099299651273933,0.057767902378245216
0.01395014666929096,0.15610184319834958,0.1305809978078779,0.041776564715150045,0.107195837765956,0.1581332546620693,0.1410224592439479,0.20101661544261137,0.050222280494746946
0.2146634029459296,0.0507949383015878,0.07564240618917907,0.11470812349372052,0.1191034472105907,0.026249936191030398,0.10185729825503981,0.230764196545634,0.06621625086728809
0.012535370982182999,0.14109980402326985,0.18346227744074317,0.061706407773879896,0.18756899296374918,0.17805791205269986,0.1113797170943237,0.07548074705922575,0.04870877060992548
0.0702337020808836,0.03937615394826195,0.07238495474799565,0.28115766200018166,0.08136439251273084,0.1942577443423592,0.09024211238164036,0.058647265651767394,0.11233601233417934
0.05786699194129735,0.03660442594685843,0.07564673942262536,0.4765470459342691,0.03531283787542693,0.17349264224413982,0.049728128760859046,0.03589441070665674,0.05890677716786718
0.09423944103936793,0.1052947465491012,0.17852038667426925,0.02084490417216937,0.15467639938676234,0.24454207857994573,0.08831148480625334,0.07226317573680922,0.04130738305532162
0.2823914529312408,0.11339490412428882,0.22400721690906758,0.08067094455128475,0.07886357768095299,0.012494255555913977,0.07554343968026926,0.04080576324405947,0.09182844532292227
0.14599695739732518,0.07474783652432021,0.11354270789904926,0.19018003134785558,0.11339685617115876,0.0848823847640547,0.0629152470063841,0.04726643687830192,0.16707154201155028
0.03505557414176969,0.21145178511371074,0.08747684669785234,0.03867419560492715,0.12578551504097987,0.09137072094738358,0.08880367226537174,0.28507425815682347,0.03630743203118144
0.020660330303139376,0.20644379102103408,0.09169919565660895,0.02783607100557205,0.05181172655435686,0.23651789013902022,0.08480320816220205,0.2407972187034242,0.03943056845464232
0.023943134322156556,0.13519246436409704,0.22978604769679198,0.04521044906310457,0.21396434698432262,0.11859169507586813,0.06546534962394966,0.04913706948489003,0.11870944338481933
0.3020292788210397,0.09115224261018635,0.07655131406957617,0.10394612413400656,0.11099339320371027,0.09090046247646481,0.06739068280029202,0.020394575611863322,0.13664192627286076
0.02739247478619901,0.1476951230767536,0.1450648782300816,0.14072600090811804,0.13343742067021683,0.20126764958579443,0.08994553493859309,0.06427364892202204,0.05019726888222126
0.016465363807801506,0.09763831578064641,0.11581386668646527,0.08470574439119243,0.17351387441535238,0.26882118453204257,0.09640677612406555,0.10703445735701426,0.039600416905419634
0.07252162565537969,0.13166402307203737,0.25520553725695444,0.05796058740434425,0.15814329160434162,0.05807861279605352,0.09714595298838023,0.06624653302047497,0.10303383620203384
0.049125811293845,0.07274378030791646,0.049600027741896924,0.010665155538432844,0.10977693004960166,0.2911635861658081,0.0737394867719882,0.20343975839771233,0.13974546373279847
0.06241424306424722,0.020709139615400763,0.0626681530553415,0.18655856746137744,0.045148704469396776,0.01546829510615643,0.1430293686577264,0.26093544227291904,0.20306808629743434
0.3371772049322539,0.06263174729565098,0.050458381634034495,0.37100422572921543,0.03423222910403934,0.006700760293399974,0.06559169425006448,0.0433841592115272,0.028819597549814207
0.2210282495309007,0.05899003401269584,0.24115900165036863,0.19836511416038002,0.02934932802369497,0.03921719039280071,0.0600264334766003,0.06555306094661383,0.08631158780594504
0.13746747748641483,0.1916512847309965,0.12581010314968447,0.20574532106314436,0.06908189108039296,0.08803106248102133,0.08982337981350164,0.06572502275973939,0.02666445743510452
0.2858243645576833,0.11543226492250692,0.07975308500354401,0.08078295499592307,0.08077575664208922,0.09097176773752928,0.08915570299407481,0.1497985985509939,0.027505504595655515
0.18550643791811203,0.02546753308141468,0.07698387414877371,0.1132118116386373,0.08866936955752609,0.004350670871382208,0.1304117887746267,0.232539508434225,0.14285900557530226
0.045382586310878374,0.13770051146378404,0.17203467661514724,0.060250986076041346,0.13322725357234713,0.09066327619596286,0.24111855673823923,0.09889222990052841,0.020729923127071465
0.17248258915655754,0.1046741922082348,0.08184157927032863,0.26222795544910776,0.07299744855314559,0.030645289428308176,0.08329680014101905,0.11674197670814092,0.07509216908515759
0.3060459991117069,0.06987285424141913,0.03388129506309337,0.3661540684723465,0.060392799466814695,0.026457738229172554,0.060703198195241524,0.047504386945788846,0.028987660274416637
0.2723938430158009,0.15635798497174086,0.12264509825349006,0.14645064411651257,0.05274927339061847,0.009444051432295956,0.09708326729557477,0.05243840243607542,0.09043743508789097
0.41390397806617146,0.05299947613551236,0.05015835575786778,0.1963474047265272,0.04571360731849259,0.015798180623924296,0.05720532476218495,0.11180165605149746,0.0560720165578219
0.03766428389679493,0.12213439248339296,0.1458661262040376,0.008426277708438795,0.0558192547406898,0.40481730443244857,0.0632427444676144,0.11389117355170253,0.0481384425148804
0.09807865074364491,0.040570207211010866,0.10971073008505446,0.20295776964677345,0.11260390455332747,0.10461638206247292,0.07830567186525307,0.16660233302672403,0.08655435080573871
0.171361768586377,0.1288957849827375,0.12224617323842701,0.13854626703092404,0.09696815942518278,0.018758138610411885,0.10862856823209481,0.10799989750366085,0.10659524239018418
0.033590435057654924,0.1350789837806971,0.03597039742635421,0.01733558044484127,0.04372754093088518,0.46382396141325916,0.11891693053365499,0.10309992313437359,0.04845624727827943
0.013780529713682696,0.12460086818831902,0.09313014048426138,0.04802477315904805,0.08613212101137215,0.30107261006500025,0.07931792148647106,0.150876250116486,0.1030647857753594
0.34213517750404704,0.06914107506901683,0.10692250827670187,0.20621728962387595,0.06695663619632893,0.007609975335676621,0.08974434837879336,0.08461065089170283,0.02666233872385663
0.09554514844071228,0.03812244092300052,0.1886835702175211,0.1955956314654078,0.047367757699507906,0.05756596336070425,0.079261469615704,0.02364759214038038,0.27421042613706176
0.07083049688395802,0.16141622931091157,0.22618377820931715,0.03635740678736448,0.20739117800360055,0.08925119823781587,0.11776195719632317,0.05922066718380725,0.031587088186901945
0.14369018476095513,0.07568069970412514,0.17361062975500388,0.28445895069714017,0.08592608623554328,0.04904179615785723,0.0919678483637175,0.058780058883204596,0.03684374544245294
0.03714489128153155,0.17931904570363275,0.12631245447032985,0.02257615512374692,0.10464694771432075,0.2738965367413954,0.11627544578265153,0.0812414522940195,0.05858707088837167
0.09861267255964988,0.08898002262900223,0.06866039490939066,0.107147259457662,0.1839416257662397,0.09428010724809299,0.12865118950665552,0.09147089727674106,0.13825583064656596
0.01734052166860255,0.12264541883148283,0.05091278623077341,0.0430162361098484,0.14304113961432904,0.14909369800978883,0.08235086143415526,0.26874525984824876,0.12285407825277084
0.019667286421152674,0.12740485868607238,0.23452718456181368,0.01997365100348471,0.16357141466277667,0.19934821310218806,0.08258542265966629,0.09075504145650738,0.06216692744633822
0.09552330144224332,0.13927377107233532,0.17420067700446715,0.03252991627051285,0.1325886483616904,0.09059774137525749,0.09476078233071444,0.18317554720582738,0.05734961493695179
0.417520103252725,0.09187535508326321,0.06375389407925956,0.15722942509559745,0.04958903261966372,0.028371943519526887,0.08369884797858985,0.03656570745008645,0.07139569092128786
0.08163552999608234,0.09886332652612162,0.09444031022922579,0.3758366275613996,0.07573494849172109,0.03410958161755024,0.05134642772517426,0.12630416552245372,0.061729082330271225
0.04685690798386329,0.058427647007887974,0.1402501110107816,0.056699054187028614,0.10382533701325874,0.09491193134298342,0.06843952137321206,0.3434944012632462,0.08709508881773809
0.026555638390687558,0.10123839521219224,0.23154057186150942,0.013974623865073964,0.10184505849846237,0.015169899842693962,0.1663503260594847,0.2705955321421333,0.07272995412776256
0.019891872795012023,0.10099329289109017,0.06803983749509358,0.03524736803852072,0.15634713736629935,0.46055892649353586,0.07276707455892922,0.03070050955133782,0.05545398081018125
0.04136274049255515,0.14206049964629588,0.1366214101350954,0.12464489882286706,0.16477920497691828,0.062450915666531236,0.11833444721129545,0.1227473705185807,0.08699851252986085
0.04646677901247487,0.11302759377323933,0.14973732262078734,0.029541798666510504,0.08269896084332522,0.27522322369268504,0.1855695711506238,0.08223670615599753,0.03549804408435641
0.07672365535746721,0.10408610166521202,0.08972972196352928,0.02995377985126645,0.1037810301186654,0.16302567230114776,0.125566365033719,0.230994468814949,0.0761392048940439
0.2378386921077764,0.1814872773704961,0.12569242084934823,0.14514821414311896,0.06758343779209007,0.03532500958718904,0.11684739958771884,0.04460088022777065,0.045476668334491675
0.18581062734679885,0.06048326301926965,0.08527242106964815,0.3071292145403281,0.07587524499898589,0.05564120767776869,0.06697620622880093,0.07235555909290504,0.09045625602549484
0.09427559346140084,0.07643118264543945,0.08464451385611786,0.0478583857447685,0.11441271508756312,0.18823040939366373,0.2164352198055988,0.13205692479472003,0.045655055210727706
0.4221341749861724,0.0803945675306571,0.09292825393216968,0.13689172058781032,0.0510557957813837,0.02106419787646627,0.06259763032001782,0.03643725393680715,0.0964964050485156
0.05160315059328558,0.09731547386316412,0.14139211464626913,0.16597997273626983,0.12318064573272414,0.1371477136728185,0.08979673843946785,0.056939166932041825,0.13664502338395904
0.032840372789163595,0.1451886015307425,0.1572736989084255,0.04672305197284674,0.08474318827300653,0.24475801104941486,0.10543668627783957,0.14381455235342636,0.039221836845134334
0.13728303618284143,0.10621212850451389,0.09612702376514433,0.10640799275932883,0.0701369247091201,0.028973678724591514,0.177520314786752,0.2003448111707905,0.07699408939691733
0.12522433417921333,0.05751470742530451,0.04161651372711866,0.3854935215442641,0.11033867875996543,0.022731375289666584,0.05824051869335112,0.08714254242780702,0.11169780795330925
0.041116030201260166,0.2154767926506549,0.13970986576778224,0.07397199342884624,0.14670365517041328,0.0497218717547813,0.19644891842083445,0.093945931509802,0.04290494109562546
0.07705933889679219,0.20939977186693048,0.17464237807282343,0.04547470403581285,0.091544325020934,0.036787512870575204,0.09665708967449953,0.20292397571959267,0.06551090384203974
0.030497448138512104,0.2479578542348763,0.17144215648178437,0.0297117901549878,0.17070783271465492,0.03574009441329452,0.11465097937784711,0.10215538007816215,0.09713646440588077
0.0447933150274819,0.13595499011631665,0.16679893896448791,0.030308661067976483,0.032309682715917366,0.3645725560938469,0.10690530773073631,0.0641643371789833,0.054192211104253034
0.47265446833905306,0.0407911133505366,0.050782075742242055,0.2166856060642478,0.028231039257060803,0.00684556902172995,0.06284930057728479,0.08271902366905269,0.03844180397879212
0.28876719643315835,0.07154951283120058,0.14030688234877473,0.1988893613537844,0.05691164198557284,0.049912078860098796,0.056019884765208694,0.05947974160544515,0.07816369981675654
0.1188167119848459,0.052169854962408925,0.06809520264716752,0.27870123230277916,0.08823425996348122,0.10134460660696881,0.09634255739717719,0.09486556472083851,0.10143000941433272
0.1517032108129243,0.046774204149975955,0.07125673218981421,0.11916939235593509,0.11810069906479603,0.056381221781686246,0.13155856574914274,0.15027955409167051,0.1547764198040549
0.04051440299330184,0.049942997858800686,0.11157662718531507,0.14499167414140945,0.1813381900723651,0.1786019696347254,0.132782275772967,0.1083563749106619,0.051895487430453496
0.013488162729225555,0.20270307155663558,0.08969124059000261,0.1319346619676283,0.15325198336211907,0.05053857246822971,0.055605901987248796,0.24497115337669584,0.05781525196221457
0.014410733579311235,0.21905650619349348,0.11970723810396576,0.21522990999141178,0.07659502829330417,0.10547403571906931,0.10619867999100456,0.07183163139635833,0.07149623673208144
0.06237225741758429,0.07584404069503244,0.23714427867479895,0.036109492099144956,0.1038037762745484,0.05589205069551248,0.09059572480850818,0.264015479616469,0.07422289971840136
0.3443283648941087,0.10918132264620815,0.08186957888824899,0.18930683730597186,0.0512383109703465,0.023929939376454646,0.05441970808905081,0.09000950397058348,0.05571643385902685
0.07385524706286013,0.21097464404478047,0.15114075264554236,0.12432325130446863,0.07300517045209094,0.10431399541701601,0.13344106138410552,0.10717743951927543,0.021768438169860575
0.49547450931298914,0.03412614833602206,0.07005243873558288,0.07926324093944113,0.04179659347614086,0.04506453553136209,0.04975107283372084,0.13634234389540656,0.04812911693933442
0.3881882074636654,0.05069775636710627,0.07400079054407384,0.059361039650837465,0.12937928946730543,0.010244127639016791,0.038391716906687384,0.2000241521454933,0.049712919815814126
0.07267275176795038,0.18850644256289298,0.0919551010975465,0.03014788999541759,0.13270923967494622,0.11236901647045076,0.23855903214625773,0.04786542030362897,0.08521510598090887
0.1032169702158909,0.05261453999062976,0.11930424666659784,0.28714963407806443,0.04600246422266843,0.10145470635794918,0.054571580661652595,0.10603861510228423,0.12964724270426262
0.03141111913835423,0.3461788574931178,0.09293359736917946,0.05336530590919685,0.07978699875591831,0.06821323451017108,0.08395469516751096,0.16537617437831298,0.07878001727823837
0.3268810030532201,0.05926921639273805,0.08006910753369591,0.06866389260403273,0.10394586952474434,0.002901232551284258,0.18776187305128866,0.07777180042505139,0.09273600486394457
0.07786939743544259,0.09379882037347258,0.026448231534924153,0.028519306596513822,0.405891693575611,0.11955663798043585,0.11273718139937246,0.06567428809346916,0.06950444301075832
0.10047030052853412,0.11568491362626089,0.06185653576637549,0.2976865984016019,0.03878898694607812,0.02837084605154887,0.0774207356117246,0.16884710293370955,0.1108739801341665
0.4283913779609974,0.029474053106878482,0.05270720315463515,0.2515132823416017,0.025695462595365804,0.011383755270046194,0.0615256731701471,0.12185191367731218,0.01745727872301594
0.14576519922260475,0.06731722580670506,0.06360319839083202,0.10317925170189113,0.08615754421512717,0.10081538152773058,0.06962695359111667,0.2931161283715504,0.07041911717244219
0.3614088135183405,0.10183944475669836,0.08329718202862359,0.16126737553448728,0.12082988066105142,0.007282052826808028,0.05026522732543672,0.07131837729415925,0.042491646054394816
0.20903841791140262,0.11500612662677734,0.06636986192669468,0.1337231417369171,0.14987297766029786,0.041655439523592665,0.15276960322919178,0.03925504982490246,0.09230938156022354
0.04151703414907429,0.28674597992730655,0.1554418960274314,0.05346199425221451,0.10722460689962186,0.08166148319962728,0.10271162788559403,0.11442160760956632,0.05681377004956373
0.0748490985662474,0.09964603673281208,0.07947644590911716,0.11045896146325133,0.07059113645495829,0.38174025961165775,0.09266582445355254,0.06058494243392289,0.029987294374480628
0.1417083335875886,0.03648353611777589,0.1470541306046629,0.07912425136390616,0.1798881202497159,0.01634155868031014,0.04477637347369409,0.13725698685782747,0.2173667090645188
0.2706597691261203,0.21837610830362164,0.09759321504512175,0.1575301204528978,0.07763631480262441,0.08720993708007461,0.05865572290666723,0.01462487851225374,0.017713933770618542
0.4091189538833185,0.0623495179485666,0.10809876564471034,0.1038616915695869,0.03800337884118889,0.019104003988968336,0.11159233358804628,0.06802736410392786,0.07984399043168623
0.21864240399622023,0.06783989226772347,0.06699023495736199,0.190749819788656,0.08508072915301178,0.1515342287331832,0.09937449440266166,0.05921609028031641,0.060572106420865274
0.20217086455398667,0.07884201085634608,0.05804318708879679,0.2611561594692105,0.08546588784214156,0.04239351311057362,0.10470357419319322,0.06137140147365224,0.10585340141209927
0.17495865319778067,0.13084067700923732,0.1684549945469482,0.04163643790240581,0.16919899774324543,0.018053646339602037,0.06808422898140394,0.06621797519270475,0.16255438908667186
0.06541976542853266,0.2897275581575916,0.17491238559456732,0.041946415577068887,0.13939864056785026,0.022434864590685204,0.08526586282213672,0.09129817715592337,0.089596330105644
0.10305948623533444,0.1402356299219701,0.16670349264611603,0.03789096608604025,0.20247926783177092,0.1477864509394566,0.0715997426724759,0.06485891837364807,0.06538604529318774
0.021493660894632487,0.10812630474557487,0.1523995079582454,0.10426013608972917,0.10663793213069721,0.2028692704078542,0.09711750300743321,0.14356912913729228,0.0635265556285411
0.1566494566688423,0.24324817877450877,0.12362604458407651,0.06928054715865535,0.10869294261019387,0.04264822394134648,0.05365778813227979,0.17884504503254162,0.023351773097555234
0.1274108115844306,0.07030139698255644,0.05863482654094685,0.4489630539611456,0.08377667980663166,0.024923526070947912,0.06845528020485155,0.03386255618681274,0.08367186866167663
0.38276444396354764,0.04607496930034088,0.05266654281505223,0.12834514754474408,0.06967700402654227,0.03250366738113547,0.07022736479021822,0.17427911098939888,0.04346174918902043
0.21548583521961498,0.044438794119058066,0.21025829179177746,0.22157642641976094,0.04327717125265626,0.07837533063344983,0.05031800201999953,0.03680582648399891,0.09946432205968393
0.06561009930588606,0.06412016155417878,0.2902683801690096,0.04993578798788837,0.13553096048631688,0.05345703236953053,0.1202473212170277,0.18141624680909632,0.03941401010106575
0.5462056402095767,0.04925197367566989,0.03550252216787874,0.06621873163607567,0.137692534088285,0.019555568639724432,0.05756056425925129,0.03677567490918426,0.05123679041435399
0.21725454854757165,0.03623280414554204,0.07350850422185586,0.23261016288161782,0.14183557209846884,0.019423152199483873,0.12600276850880016,0.06382491560818751,0.08930757178847225
0.010364660729408086,0.0673675885001514,0.15673973595896692,0.07302710875965814,0.1397506294870274,0.07961230216572784,0.05689880763863403,0.3172496503320945,0.09898951642833172
0.3241104234549439,0.047595588890629204,0.12708718812977812,0.051331129591163295,0.09170860246739605,0.07031568045878427,0.08600083875043668,0.015874646447181076,0.1859759018096874
