0.06464834749779584,0.08082420222419502,0.07525759875049122,0.04968915620379208,0.043186490623698094,0.243150054581768,0.04269368836703302,0.0662806735046182,0.3342697882466084
0.11386716426846684,0.050918819213302526,0.018352169932414383,0.1010492927355715,0.06326955314656435,0.025678370448301315,0.04362560236558938,0.10679276724776181,0.47644626064202794
0.08068966548956875,0.05226355891129412,0.36869560971190246,0.11021399112125635,0.12077923272065583,0.11997627705411185,0.06821519341045501,0.04769673428376473,0.03146973729699089
0.08647345953394765,0.1321864886763434,0.16792009672743693,0.1335361723642017,0.18147248699295293,0.13320087676290177,0.07144231510242675,0.02916877989158456,0.06459932394820435
0.056395665147160025,0.05575547467054906,0.3337773768717582,0.17082127428961166,0.09127296309021705,0.15425235563666448,0.05499790456291267,0.07218748308598201,0.010539502645144964
0.1080637523293169,0.08485052113588949,0.08152228446076591,0.0743992082415079,0.04126139183609744,0.16676008793051822,0.1560926321533105,0.0544160451694208,0.2326340767431728
0.10010245689181109,0.05086736622650021,0.31312178520489226,0.1813987665222425,0.04877346773494576,0.08172427118442921,0.042026969526722135,0.09571352782230154,0.08627138888615528
0.07999059537818254,0.1277467079938061,0.032872592448033706,0.08882158373891043,0.15559297065206387,0.03989586976055645,0.10036744927168102,0.09230808705078923,0.28240414370597666
0.12381356555789859,0.06712640458537122,0.08682437230905472,0.17826503772248847,0.1711433284245587,0.03874451919864282,0.10073964300244648,0.11450935120153978,0.11883377799799921
0.07148508254596908,0.06708379594499995,0.014478358745640784,0.11802474007915258,0.07567261881834748,0.2010159364753855,0.18520553514885185,0.14351437566081873,0.12351955658083408
0.07745708373494119,0.09507464166675066,0.05898707649707533,0.08704308395064377,0.08460520784342503,0.04585136939315618,0.10350680121483685,0.053850657033290165,0.3936240786658809
0.06939416487112172,0.04511231824236913,0.12438841569444466,0.10212115241439394,0.07227698585092777,0.08797848186213823,0.03683027325347532,0.24317406553908558,0.21872414227204362
0.15010998935935882,0.05796809854224231,0.3617956538811858,0.03194419779552532,0.13086226896345424,0.05713485145854862,0.13733960267652198,0.05691244007402916,0.015932897249133698
0.10454003683220242,0.0831137577597572,0.052992045955427114,0.10778114689760304,0.1676295735163774,0.08812295049066408,0.1010623976955136,0.24002977222105568,0.054728318631399576
0.1179281574083957,0.1275654915870855,0.21680320480027962,0.15053267285573266,0.08016716628010818,0.040268931100784444,0.07601395009055999,0.07207000936170853,0.11865041651534541
0.08302276492145488,0.1356842855743556,0.055366929608845206,0.22306225005654867,0.06899859245085786,0.17930708032170672,0.07140545453498186,0.05658952697361935,0.12656311555762972
0.038846576874399914,0.04861859846072513,0.10175273079411588,0.2914785731381349,0.030036218111989765,0.03303363286015341,0.10558227993529146,0.17427686035852086,0.17637452946666865
0.15832680669963703,0.14958653887206497,0.02557032530824779,0.05930947885765977,0.17188937038497476,0.06124602719267943,0.15920566187866528,0.07363705017757748,0.14122874062849358
0.07746646362810422,0.04765936153023598,0.14540081505906807,0.1103693489635386,0.12340305531220246,0.057084270458501,0.2519953665785493,0.17168256240448976,0.01493875606531062
0.11495593322515509,0.17394709499679142,0.039094491789182624,0.06302259119723866,0.05556869398320033,0.23610915421933254,0.14297120467804927,0.06868594621886141,0.10564488969218859
0.06856966512868919,0.09965080054446866,0.3477953863971819,0.029326701974539727,0.10646733749047395,0.027190650192193754,0.0379315558100962,0.05084319334829159,0.23222470911406512
0.09585654446642111,0.09164589900695692,0.033990473957428415,0.062262851991222085,0.06329637856555358,0.17862203892590423,0.14880083931842922,0.1752498348162995,0.1502751389517849
0.08535543230543395,0.13133407921817916,0.054989579238308696,0.25374425207636514,0.051911426336580545,0.11805306613010784,0.1403910380664167,0.09027866484836339,0.07394246178024466
0.11931387988426682,0.08935952779940676,0.27003990832250385,0.05173919955190389,0.15717195012604948,0.04249279046309834,0.08146144532661476,0.04071863296729964,0.14770266555885656
0.09128279839336435,0.062405458640585054,0.08476245494805185,0.191415625956782,0.07081875129149025,0.18510480185232145,0.10259182443577913,0.1425029833527364,0.06911530112888954
0.12583765859411458,0.05745330452176608,0.14788551806368563,0.15474076745791546,0.061713613286410306,0.07804293465238088,0.10444376954624729,0.2157028487443964,0.05417958513308332
0.08676693479895396,0.08783074903992126,0.05558126781978273,0.28439086672636466,0.1482785705108353,0.03537308297980508,0.10938085697521562,0.070599478013628,0.12179819313549345
0.061080486258507684,0.032794713415961636,0.040800850407116396,0.10886402073539493,0.17001103611652488,0.06463999684052578,0.11570716487645238,0.22537707146721805,0.18072465988229822
0.13167564944037238,0.1383071733972301,0.3878928156341175,0.06265741438864225,0.15974338739520977,0.013222936642460813,0.05118002837684854,0.022340738571915555,0.032979856153203126
0.09010123956457726,0.20854098787788541,0.09554964317574073,0.08068444963484389,0.0414047267031667,0.2060066483355072,0.15437465659159835,0.07205297722948957,0.05128467088719089
0.06865850594105273,0.024217656513578305,0.029843119947351976,0.045855163219029806,0.2722802272746942,0.0393097885480351,0.3366243825134652,0.08136095331399697,0.10185020272879568
0.06033601559564333,0.08002609927106412,0.03040658044316485,0.2927558970070661,0.0650062148150455,0.09673799978644927,0.1004624485395066,0.20021059187876722,0.07405815266329288
0.05597889710499284,0.0547985767724549,0.3930643749269565,0.12347180094054389,0.08254041939093455,0.024389362931609204,0.1469101520423235,0.07254889470537342,0.046297521184811195
0.09184875373773967,0.07645072198433699,0.15755892143069342,0.07248490692577304,0.02887311639628963,0.2563115199831672,0.050948563080945315,0.06898002541474739,0.19654347104630732
0.08416953252849252,0.12988620419757912,0.030102531060449012,0.23584441693613586,0.05162075291250403,0.13895772437561923,0.09244558515763396,0.1484439139991875,0.0885293388323987
0.0726683074250993,0.13581404803440225,0.03596341999868463,0.0941222414904745,0.04786066174073652,0.21209726732733922,0.16197197530859275,0.1501708402970383,0.08933123837763259
0.12251190982143652,0.06320246526117194,0.10741726310171122,0.16767743968816282,0.09288372886836377,0.07928738691707972,0.10060556482841165,0.12220836579984577,0.14420587571381663
0.07346374323254327,0.10476878860493001,0.017777388941945676,0.0323188103491164,0.2138047653216957,0.07455053867380947,0.13136913854473173,0.21273874915563998,0.13920807717558775
0.04855438065121213,0.019325481494480927,0.18842102548009607,0.03552389856235339,0.03067407508593084,0.39803845175789027,0.1638835362222966,0.04220270779931806,0.07337644294642183
0.07687349521318741,0.08412551084342473,0.1186814688911189,0.12230962375931544,0.2326435161377679,0.02949072457960378,0.06576100886042333,0.1292525351405135,0.14086211657464498
0.06337274837521299,0.054513332556869486,0.066867987643322,0.2046712218325564,0.07807251910576561,0.18554743761358886,0.08158743309982996,0.21679953173975872,0.04856778803309606
0.09397005064959711,0.1860464826626056,0.06342745707551058,0.0996034294463693,0.06583780426181797,0.2230583651888658,0.12695811232333687,0.09362387535415541,0.04747442303774135
0.07823584734933632,0.12561604534292994,0.040298477967936376,0.13736102426378957,0.11975234008390635,0.04645507710382405,0.05023593993509748,0.10356233244674214,0.2984829155064378
0.07595727477107976,0.12257500781516366,0.018816537858486835,0.06713200029982294,0.1862564042250391,0.030227739794550068,0.05313147028909875,0.32547728170277385,0.12042628324398495
0.09271588502004018,0.11634167287996207,0.03518114388365415,0.05312427959384531,0.17155416004983523,0.05193190600259451,0.2183008108676158,0.1323284709846576,0.12852167071779516
0.07710130860700264,0.15734078126492781,0.1225771738725752,0.21751900948163008,0.11592016221827474,0.0706304404599286,0.10563204987067598,0.06781016960666818,0.06546890461831671
0.11788186471362433,0.12754883667975644,0.03238219263088272,0.06814619575732218,0.09450751006424356,0.17715494350738803,0.08212049073562654,0.17027507146832033,0.12998289444283587
0.06917085283482134,0.08744812157865749,0.14950643314860498,0.04634055843276242,0.13111522177485024,0.01896169909978222,0.05447252224717473,0.04821059411148573,0.3947739967718607
0.05948072340405883,0.18683056943119314,0.01846758548372323,0.1567332148816953,0.22150447223185862,0.010779539761722572,0.16252498192674933,0.09179987732262988,0.09187903555636896
0.08149661381054088,0.08113250370325313,0.08422557367109629,0.1468461622899588,0.23422209133584362,0.02351723340781492,0.10947355965817801,0.1135382495987181,0.12554801252459621
0.06176514425789034,0.07662942855383802,0.18076978531568924,0.13306431536791258,0.21286047833022373,0.11754574919623124,0.10296527064519079,0.10303380458978566,0.011366023743238333
0.17135894464282417,0.14901665046461438,0.02331838509541803,0.12246753979758707,0.15132274157779904,0.052819574304133095,0.22207620216016097,0.06804532519135179,0.039574636766111525
0.12994649664861554,0.0824151126743893,0.008727471580411756,0.17832570210355794,0.09445792270492741,0.12596928769542878,0.0535463761692758,0.16019789616045757,0.16641373426293585
0.05749090979570814,0.020066519503848763,0.01616552030463791,0.10195712688995162,0.2462029504223182,0.05931768411632706,0.032015291723492,0.1389959125295551,0.3277880847141612
0.08032117209816504,0.13659891543939343,0.04720138521895626,0.22490379409433503,0.06086277365944013,0.12969935667119167,0.12353946594186382,0.12147621474084631,0.07539692213580838
0.0812298625645498,0.06984056982517413,0.18979249186364763,0.15562775009574972,0.09806210089652218,0.04712669432678714,0.13218582188867192,0.042772858931283485,0.183361849607614
0.09786406928812615,0.14401255204085617,0.029658344008584536,0.23736934180602906,0.06558762927974388,0.14730145426558325,0.07138279180706224,0.055781411993993384,0.15104240551002146
0.10493050362509439,0.15341383724193244,0.07054328054227063,0.1838678673836124,0.15197875049915957,0.053323582348091834,0.04517553861024958,0.1058768241193121,0.13088981563027693
0.10826310066888169,0.14564266324280206,0.04136048701038413,0.2616994255864242,0.203723311523642,0.03422985508337623,0.05406174469096009,0.138189509176673,0.012829903016856619
0.07121522578165208,0.0875577516071907,0.18906042830227732,0.06071850153925413,0.1124426307099654,0.046300531865649634,0.12013814899205283,0.039559933344896554,0.27300684785706136
0.08577664418358,0.14478119539740616,0.01702836945449443,0.11503343958981027,0.09911211991732445,0.11597766851848501,0.08693244771220177,0.18932674658334311,0.14603136864335478
0.07690111729748471,0.06340901759251642,0.4266052619774534,0.0419544082993506,0.06774950920892202,0.05061326856512451,0.12426094733264531,0.048666614276845356,0.09983985544965764
0.07187446634117199,0.04717915390014322,0.28910995578119186,0.08860575069711224,0.0589335090656213,0.09419251234060988,0.21476148986922405,0.048749425314613855,0.08659373669031156
0.11006788412110137,0.08619585720457584,0.035301633692201566,0.20065664590550245,0.07194784657707931,0.19811514993485288,0.06522311544440872,0.06474982641013892,0.16774204071013896
0.07118421423234958,0.08079246824562093,0.014218020456037121,0.08632890035499335,0.28647241234020576,0.00919324610646813,0.20327646348319608,0.08359124979269546,0.16494302498843358
0.08054713881116878,0.06104822069864033,0.1549444373348217,0.0591343694248952,0.03864159489654249,0.11824587612649858,0.18117013574787535,0.13903059670176185,0.16723763025779573
0.05200628265175905,0.08758990558222406,0.02573104865656263,0.06714956263700007,0.12120360739923237,0.019379046065750975,0.061640630718589134,0.0694491311359089,0.4958507851529728
0.07619748785227656,0.14334181798918938,0.1875519436465863,0.15917599049687917,0.06021697108071375,0.2032790243731264,0.11090130203142269,0.02783773261031001,0.03149772991949581
0.09180520264273556,0.2513338477633564,0.06834993652555392,0.08508476691855428,0.04986292793891972,0.09126927445094117,0.11901803568539386,0.13587255350510666,0.10740345456943845
0.09630954240754315,0.15773332407630017,0.07016769889926429,0.053588907705053035,0.3140915072827055,0.03325113341639707,0.05431988248252854,0.07897841705412197,0.14155958667608617
0.15673059231388756,0.07086195419235397,0.09624174678820668,0.25333965480232157,0.042529471421672904,0.11168980823891576,0.0869141493347169,0.07892127978033596,0.10277134312758877
0.08958405497272177,0.07193289445582142,0.03573392142303248,0.22268050497632533,0.13762482381735738,0.07587989993817869,0.09553331351381411,0.17693355812985,0.09409702877289894
0.11663211788340923,0.28094554493243196,0.020856779659784202,0.10186793410595779,0.10198018931587609,0.12113437484194563,0.1436806011965187,0.0352163180861464,0.07768613997792997
0.0790030642208993,0.04255038880920631,0.022351153349709874,0.06809307109667838,0.12031558529377374,0.05745674605958923,0.10646947290756847,0.07270066702931705,0.4310598512332577
0.07653200137780071,0.040936658978150915,0.343539220924206,0.06269438678563227,0.23130397998346866,0.010639273104907393,0.17233862656754337,0.03617963095828297,0.025836221320007808
0.0692601100670605,0.19729697546529312,0.06836968648581326,0.11341784809397248,0.05647999303246651,0.2516428571000624,0.07076344713921268,0.1330307404887692,0.03973834212734983
0.08781636739223538,0.08196478738174025,0.2553153009973775,0.11039406309571914,0.10639521403142939,0.0602067504482228,0.12990815763849403,0.08748447617952422,0.08051488283525729
0.10167138186106256,0.1357582276903567,0.05285392770583624,0.16047173040269258,0.05507200088031868,0.20931576034447516,0.1756517072060422,0.046079470432274144,0.0631257934769418
0.1225407367595213,0.14035441339940682,0.09660752431660162,0.13310990074542464,0.13679266495520273,0.1740184929949913,0.05461866098814768,0.04578936750533633,0.09616823833536758
0.061439347625202,0.13464350564108,0.19346543807066427,0.05744171408723018,0.10654577253898541,0.06881916000938616,0.04576048002871677,0.056074623265581214,0.27580995873315395
0.09399271302912132,0.10512895537133099,0.10393816659136303,0.15453674872816836,0.05296909100567498,0.2555860047682133,0.04977394852004982,0.08565402338807097,0.09842034859800709
0.08177846943584673,0.07208276604396396,0.2715664235882276,0.11926950192331986,0.0676825506214409,0.17130611705714052,0.0632524172317966,0.06279292146064529,0.0902688326376186
0.05399946249926409,0.10406254184400297,0.09104371981311753,0.24128110007671108,0.03597260809564847,0.22242779953061576,0.06962999522624332,0.03760209285820589,0.14398068005619089
0.15666148945758887,0.13285263456391302,0.03460882919751418,0.06315896230209518,0.09869109670107268,0.10232484310230744,0.06009852402411692,0.10630500439481383,0.2452986162565779
0.0834647304657808,0.16162489388232468,0.0893051559704402,0.10452327551012204,0.15682421831022308,0.14351216002197822,0.07649113038998913,0.04359432179864862,0.14066011365049325
0.06385370812208542,0.04906629708616139,0.11306320068561536,0.23007996483936285,0.1790658578309572,0.049035451312637444,0.06869619656475817,0.05236101280002139,0.19477831075840077
0.0896228913410836,0.07528495654841226,0.03970528024373586,0.10103260609461916,0.18880634056391518,0.08936508163427818,0.17437120018441252,0.05994959322983199,0.18186205015971124
0.04704141068182153,0.10174346324266507,0.2643876894849609,0.045468004827826515,0.31865502164741505,0.05646946638424555,0.049746175108072284,0.07577289931504441,0.04071586930794858
0.09346752576857736,0.0542670528445029,0.2230613800883671,0.1673413665472118,0.09655292937908166,0.18908056729071152,0.08784645389373384,0.04578453972552208,0.042598184462291855
0.05745418976813086,0.046781337157270224,0.4707933839055989,0.10333664392912008,0.07521391489510262,0.04886348347922076,0.15582233472617765,0.02947161707116273,0.012263095068216193
0.06236690856129165,0.05076877754611834,0.10268524363620897,0.07791574121250877,0.04295441555284352,0.40962274459945713,0.10893590655261627,0.08734088508400638,0.05740937725494896
0.06313571767242343,0.041836326867454886,0.06344872534464245,0.10757654836716135,0.22459100271756505,0.04910357933952795,0.1265861623956275,0.06056846821675304,0.26315346907884435
0.08118965358830917,0.07236181517771008,0.02269162512047013,0.11158771437240043,0.12194749094313433,0.05787930393448762,0.03697809064863724,0.17601226363037012,0.3193520425844809
0.09070262901230397,0.07294392095879822,0.060181598960341386,0.08954867078441041,0.11443594361597918,0.2042091764993774,0.08565199384361223,0.11280798484816774,0.1695180814770095
0.12534509703529165,0.0415845232904766,0.07665799399713748,0.20448636958030972,0.05903655286870726,0.2500673917357898,0.11419584826265401,0.09908077692080745,0.029545446308826023
0.0700272686613307,0.0696754411981195,0.04459007439632386,0.18653744757593568,0.07610444626005836,0.3254847034562712,0.08637009310444725,0.04158728799895007,0.09962323734856349
0.08893015766400093,0.1148937767835082,0.2863898218778839,0.04746688100482255,0.07093092269851954,0.04753945473572017,0.2503666305032704,0.05622138643429369,0.037260968297980514
0.05919507561744306,0.08736368129425175,0.04352206099803189,0.2788504391832786,0.04838424032105426,0.18196299926240664,0.06536349423041281,0.10652382511996718,0.12883418397315374
0.10899260953736045,0.05387866375413738,0.020928197052805488,0.06953945287336694,0.15977991850644563,0.027300448679474,0.028399951108815758,0.0791023553578293,0.4520784031297651
0.06725533784188516,0.05220442623681302,0.06954287302660349,0.20230292962706184,0.12261701535580283,0.14105444472282855,0.048182845801975245,0.2053103622840601,0.09152976510296969
0.08091561426708264,0.10633502624759472,0.07262382172970032,0.09827127843103274,0.1254357225802607,0.03402678134245365,0.2802688991869523,0.10266307998040973,0.09945977623451317
0.1498630510520899,0.14672611433040642,0.03448832870638676,0.10025463794836038,0.12638245155233577,0.03637270434466936,0.2714169644309312,0.07909255559532984,0.055403192039490234
0.10142148860083171,0.07831957393342559,0.03948764734594252,0.20257509242318505,0.07610991772592102,0.1455458289153346,0.1853775149646041,0.12285851157380549,0.04830442451694988
0.08003402334743874,0.15619076223823014,0.09690530022029765,0.1738219922557732,0.08265308728444028,0.1713445790797037,0.04589789554647466,0.04774895793692551,0.1454034020907161
0.09098016847940242,0.13625894630425284,0.06628088178250698,0.12821795583775694,0.04793979851357837,0.19626592934482504,0.13522454027468564,0.06307153641690956,0.13576024304608217
0.057549527284372744,0.07431607891016212,0.05017956869998232,0.17276657341784385,0.09606728796625695,0.10756773896787948,0.23354744361832883,0.17797423693114536,0.030031544204028326
0.10288603710536853,0.15001973775222985,0.1280904725855875,0.15810226141567144,0.07306961044012523,0.11934223297746238,0.08694863355763648,0.11379617244771756,0.06774484171820096
0.07725079612025144,0.11390309831489642,0.197115250624897,0.08760434758489694,0.05582862163636704,0.027901744874080665,0.22827472722486472,0.14851743576737575,0.06360397785236997
0.08045715176707792,0.16453942430989552,0.036325699670389684,0.19028218397593288,0.1372641323328276,0.020309633487004056,0.07058532413373751,0.06270941172473038,0.23752703859840443
0.06857783924903227,0.033426780808014374,0.01850652468178288,0.10632179951792069,0.13093052224101007,0.24275379970396804,0.06316650460829555,0.15526256493583301,0.18105366425414304
0.0771736170835628,0.12331882932314527,0.20403856321798478,0.03740742151222603,0.21975351002348478,0.08279015946006862,0.038124776304128215,0.12604654005542035,0.09134658301997922
0.07251508080371573,0.2210918023255312,0.09851547853858111,0.05323520866989853,0.12621942719148474,0.11595964247564665,0.02673412468240118,0.1347734376858769,0.15095579762686395
0.09623508738706237,0.12292391900994482,0.0951979903002264,0.216983244557566,0.06898285586421106,0.11111792704506301,0.07779372094382113,0.09914475931694978,0.11162049557515535
0.12826899084752563,0.06524303592803042,0.029668728773637437,0.08358167256716098,0.10148533535178235,0.0811245931903266,0.049976643486214785,0.07301971150404883,0.387631288351273
0.09545207677105137,0.06687360568573612,0.04738678152222787,0.21241852428038085,0.12734462188159565,0.11421707059570524,0.022673283951304624,0.04472181117700073,0.26891222413499744
0.08686955632760833,0.0983792678489237,0.24855946679351582,0.10067504851726501,0.05184314783874694,0.03600927610869358,0.11925212563044918,0.20371185947086312,0.054700251463934285
0.14295214759600525,0.11095382279202809,0.08012446161995605,0.03496319328701436,0.217794417385661,0.048654523157218715,0.1546706924033728,0.10386374179712902,0.10602299996161473
0.08894543852010532,0.11313649296873851,0.13098775761575998,0.20328356863378225,0.05692582866233625,0.0945594897349118,0.1547907829212,0.08608455051308923,0.07128609043007662
0.12057812351653842,0.15142402747302283,0.016405894589937197,0.2535795208058492,0.06813242056078946,0.144585552375711,0.09040734006602265,0.10501891368613847,0.04986820692599079
0.06399108735021289,0.043140140740239585,0.15109497245022155,0.22508414590489037,0.04807721825831124,0.13962350790343486,0.23366382898768082,0.06457566381496745,0.030749434590041258
0.14138823450335256,0.1290542310662529,0.017538508772198525,0.18903335654954653,0.1430962749891123,0.03369673750619501,0.2178537827424102,0.0886686628917251,0.03967021097920685
0.06828069298663096,0.12565313871193234,0.03971471751369049,0.07042821645168117,0.10985070110911409,0.3015707333138296,0.06887055735800679,0.1710637845487467,0.04456745800636791
0.09930478378035819,0.06760049809829144,0.026677851689475934,0.04045424404746604,0.124624281128817,0.026855102422577628,0.059205014360413165,0.10499331866484264,0.450284905807758
0.12323689155325536,0.14945183947062976,0.034770983804083624,0.08236008511352609,0.14157923940915776,0.08088377907234064,0.15462231103291071,0.1815074976652357,0.05158737287886037
0.0557334003761375,0.06662498863682624,0.16001465534877868,0.09131585631639878,0.21764056581543026,0.027689202103175648,0.028093471684119967,0.09365162323424435,0.25923623648488847
0.13466085602309044,0.13942134848348073,0.03837621218551077,0.17278045943064965,0.08320489489622392,0.13174713878325794,0.11223453677395658,0.07681117911666684,0.1107633743071632
0.09555631098143624,0.053608117384724624,0.06558441831294456,0.14313602583703663,0.03940944486760209,0.2948957029336748,0.08628684234623558,0.08315580977313004,0.13836732756321538
0.07546487420061282,0.038449539254557366,0.19373823544841817,0.15244720250239455,0.18439599820125271,0.07829799401236226,0.015329077116817037,0.226134233678195,0.0357428455853901
0.09390158836870478,0.12432104867992484,0.06159065693982126,0.0488380573066092,0.1515575298150742,0.06274168044825351,0.24586886327029508,0.15450201275382372,0.05667856241749333
0.09470093341151688,0.10750731737683532,0.0729058132420965,0.14195919754168537,0.12630845430180915,0.03099863123962454,0.2268965601533243,0.04847491819473267,0.15024817453837522
0.07959069747150954,0.06868105704951595,0.013622706586443304,0.09039595802150113,0.30369658117443726,0.014221269768127591,0.13113578450040142,0.1142778913071499,0.18437805412091393
0.04940521190444341,0.09253114776752706,0.5489483200019302,0.09026980320516408,0.05718072254262408,0.022580474997272393,0.058437827612144576,0.048404312594419886,0.0322421793744743
0.07214794369403545,0.12257933503648033,0.0742886417371322,0.041700936203630225,0.43240313099716127,0.03209045072030519,0.06447531132814759,0.08752799652459987,0.07278625375850796
0.09356451769329077,0.1169597282266381,0.24091453483087777,0.01618108516690002,0.053713453835261826,0.026136458895858302,0.012398536316582017,0.16690741748062043,0.2732242675539707
0.12063978535861312,0.10107312411325492,0.10096169814069016,0.07855899465509618,0.16056692660988803,0.1413068613984821,0.08493466089279572,0.12683041052417013,0.08512753830700974
0.06430497902276554,0.1463529668537876,0.25161643651061544,0.09756682954369043,0.08401398419480526,0.06814538509513039,0.2142040663618209,0.06191145002633138,0.011883902391052989
0.06225262540197241,0.11660941669086268,0.10804715749473404,0.15800319748289204,0.03955117340712134,0.10533658887150966,0.08043988635511945,0.22978102052212934,0.09997893377365906
0.08218016308099299,0.07263109996784169,0.3733809411226658,0.06676836667439427,0.10681399030474877,0.062293913531710134,0.0258436590301994,0.08402648062258533,0.1260613856648617
0.07104770874105643,0.12309813602215654,0.15211911833792122,0.08399012578605392,0.11112364925439187,0.051506729586694215,0.10522379713010498,0.2087861960515038,0.093104539090117
0.10175371229702697,0.06319125465261699,0.03852433252121571,0.10897639298067235,0.08842175079605773,0.3223363617625476,0.04888546034833388,0.17763800146411,0.05027273317741882
0.0882080957588151,0.07523921606668994,0.032665709581824104,0.11025455822217563,0.11852008539753955,0.17615916179787827,0.06274658035947127,0.11032436680733289,0.22588222600827332
0.0845471634327895,0.1032525741567103,0.037128746815919454,0.09664438475266207,0.09994827348557418,0.07966471218543543,0.12364359189552021,0.13505762539728525,0.24011292787810357
0.11193092696029362,0.14739957156375857,0.2807310039435174,0.07507816308861581,0.08147246278994551,0.11624017276191811,0.06953069683549483,0.07954654604476902,0.038070456011687036
0.10042930919152877,0.07671264375932163,0.3102271639112861,0.09869114628951192,0.14877779765734137,0.0340049329059765,0.13878468786384562,0.031004855275725832,0.06136746314546234
0.12323689155325536,0.14945183947062976,0.034770983804083624,0.08236008511352609,0.14157923940915776,0.08088377907234064,0.15462231103291071,0.1815074976652357,0.05158737287886037
0.08629845109579416,0.12026406651409015,0.010886499729019498,0.11885808294963775,0.24758362630754352,0.08729606040630827,0.15043639421532112,0.07774964665058702,0.10062717213169843
0.07630952443175903,0.2084936659798994,0.03162551595960263,0.24707127516449456,0.0539712873238599,0.12132534950425859,0.10076984821783876,0.068489632898877,0.09194390051941011
0.09780328534265381,0.10062879150707947,0.24397511881264178,0.036365162169273095,0.1248229931334431,0.06595202873901183,0.08134492245315698,0.10504256440892518,0.14406513343381477
0.09098491366186708,0.1670754416446331,0.040099765871065944,0.13064645020765356,0.07402737255610814,0.22233402368990549,0.14095131074173406,0.07584115040481701,0.05803957122221568
0.0700272686613307,0.0696754411981195,0.04459007439632386,0.18653744757593568,0.07610444626005836,0.3254847034562712,0.08637009310444725,0.04158728799895007,0.09962323734856349
0.0564925628791181,0.07309250203226893,0.2172942774059449,0.09355346372209318,0.02705848146239949,0.19291368929905908,0.19641059746150846,0.06118343032778125,0.08200099540982668
0.0777738961459384,0.09777939436283438,0.05653940107375588,0.03689715336612811,0.2023909152737432,0.07562801810964481,0.05984757019627837,0.13016886555355892,0.262974785918118
0.04587768098214914,0.07052538750675642,0.28719815833964324,0.04397556025563895,0.39623116393732777,0.010517380010097723,0.02968838976252208,0.03690706076411878,0.07907921844174587
0.06200560762807339,0.11481713851606211,0.27943325475022385,0.1272057962455175,0.16900076240353903,0.02206222041208612,0.037044847884587596,0.12706235894672682,0.061368013213183546
0.06747728256149027,0.0597803072635828,0.22367460384415436,0.17300887579522425,0.06769818162433382,0.20744310727403578,0.061570299894537515,0.10897667315223165,0.030370668590409534
0.05003141378642808,0.03893452848309164,0.1993317057356622,0.17780851295566177,0.024883627691303135,0.29250975341335933,0.049248171914719995,0.08598968122558266,0.08126260479419123
0.1966690901524044,0.14126684222083868,0.06039597867776353,0.06947981561255151,0.2067102771666709,0.0667893157241149,0.09093593565692214,0.06979308290782482,0.09795966188090914
0.06310707511654885,0.08762690960674364,0.12150866107225383,0.08162203026997485,0.03449688698611162,0.3828809449453765,0.0954786260293395,0.04522502804611242,0.08805383792753874
0.13068237227091037,0.08436451387896056,0.050274311601286814,0.06350423845425114,0.10222699431931798,0.22749370684257733,0.12241407765308208,0.18125301921053527,0.03778676576907842
0.0693288997916419,0.03761401314727573,0.40214095681683854,0.16084912360168022,0.08894220166940477,0.11678442622842507,0.029275901491580048,0.05615626718007463,0.03890821007307916
0.15822174906966144,0.0848490383802757,0.05597993131828619,0.1266301771039782,0.12548421197630466,0.10938202545082439,0.1608018056529664,0.09346126184489127,0.08518979920281178
0.10315316379720936,0.08413557053446301,0.0336575525658484,0.16819800813628794,0.1127571031510352,0.21555075790678038,0.07373980262913646,0.14512561554828446,0.06368242573095483
0.09699042190431488,0.20668401672446632,0.015358117680848734,0.2201771549290923,0.10609608378992785,0.02555959355525045,0.13314065274453962,0.07595079275358396,0.12004316591797588
0.0752031112457165,0.07837324776390044,0.07929463678583136,0.05148747851709123,0.38388851366459936,0.03634461950094702,0.03370658321179005,0.08144566558615662,0.18025614372396745
0.06661637391898624,0.11970305034501405,0.03576693877653164,0.051911221602168815,0.23505949655790914,0.07352927128437546,0.022281189288552772,0.32181653741778865,0.07331592080867315
0.11269803340608943,0.15830174524053353,0.0222827228364882,0.10056439595423483,0.07596657362997151,0.062369395153166994,0.08217891798249538,0.08270368147716085,0.30293453431985917
0.08924176707344877,0.07220510426478981,0.13978004775005312,0.09740894156628466,0.14660189330697862,0.11438177966447632,0.14481173029321995,0.11654879116287165,0.07901994491787712
0.1356804028399531,0.10150858269066469,0.06780026279310224,0.1641123975475294,0.10009878328490912,0.1321650116317423,0.08635783892312167,0.16008338619071,0.05219333409826744
0.08455926790666839,0.06161919878211566,0.03620236831165718,0.16821651890030145,0.11354727469912528,0.22905961111552312,0.16694381206050854,0.09289049869672435,0.04696144952737601
0.08113953902831669,0.05193766214337714,0.22315856044272583,0.05867357951041472,0.13562138639261237,0.11784163633686855,0.10651936084650011,0.06177804766122152,0.1633302276379631
0.08618442144693657,0.16656511140342387,0.08707568143902007,0.107786725755307,0.09141271109325337,0.09297229776912165,0.19563211412903167,0.1255751738210781,0.04679576314282777
0.07542110630586583,0.0976185458478173,0.037387697140141736,0.06515233800714176,0.05588076567128244,0.2597220350374039,0.17378110495959662,0.11020523190778693,0.12483117512296353
0.06672688001897185,0.20456299350885432,0.034810970694266856,0.16880133672677844,0.06219648091197711,0.08591528101115575,0.0807812028729011,0.19185605082780696,0.10434880342728757
0.08428169698017346,0.17175607271747684,0.04325346967725329,0.116816196176682,0.054828143625346736,0.2693640390006378,0.049509125434572705,0.07218575389610299,0.1380055024917541
0.10981804086805695,0.06278626974628239,0.03807028978257381,0.09181709369657677,0.06396087749056578,0.23897147161479873,0.09157209631289025,0.07618525425279506,0.22681860623546027
0.07856951451212592,0.08149788777416835,0.025945389610043047,0.17270203321993996,0.1329925379579585,0.13541275340764616,0.08156896260793021,0.2384881512273803,0.05282276968280753
0.1015766232120542,0.09194428191335687,0.3125305645501825,0.07597019436810609,0.048270768799178604,0.2583296006373165,0.050182911520173505,0.04641278883002851,0.014782266169603238
0.07524661441002688,0.030112916639014598,0.009198453265443385,0.11055733080144242,0.2648504319028661,0.013803028825814296,0.276444661301203,0.18261278658481442,0.03717377626937481
0.10789953359661049,0.16679146943265288,0.02203695152767583,0.14394970399172743,0.20226631675307827,0.03298704711778543,0.09914463693456776,0.10763509587833098,0.11728924476757087
0.07084025144590345,0.07834158371154981,0.3584012481899373,0.10197029886288562,0.05816816334285577,0.1595838606192155,0.08054965947422521,0.056136203002508385,0.03600873135091886
0.08425653249282289,0.1691836372643359,0.1026733752837692,0.16552315719232116,0.09724414906256208,0.06840985838834542,0.10057085290985002,0.07784188422818651,0.1342965531778067
0.07049025194062382,0.055187590207201744,0.03647021877211323,0.19606621043299674,0.18134526570292672,0.30170903839279734,0.0852786875283809,0.06148509070488969,0.01196764631806986
0.10560816341456168,0.1505896989508708,0.1337619817748751,0.07370250489315877,0.12253656241154498,0.010748360252873719,0.21617088605266935,0.10972076781505351,0.07716107443439206
0.10596948767670428,0.10922260006221268,0.0880240599946892,0.23113270552706014,0.05191887612633075,0.1865644125914243,0.0828728323896026,0.09347837387001993,0.050816651761956155
0.12101448579700502,0.13489611406517374,0.05975819579818884,0.13539039892058016,0.08064149207924143,0.17383594040729913,0.12012103986946121,0.07619189891054705,0.09815043415250342
0.06763845542537295,0.108646589904027,0.03910855622914754,0.20620585839822944,0.08695242607606969,0.15110324961208785,0.07755318758443383,0.15210858405377672,0.11068309271685506
0.08466919508274999,0.15304165176058435,0.05945482494093931,0.15512442226277426,0.0653209639264577,0.07417826971041937,0.2631756110027655,0.06987383797544544,0.0751612233378642
0.1182055955907722,0.04129763881844647,0.11278454320792668,0.08865250056998385,0.07988393009208544,0.19965000904949984,0.10713744306510965,0.08677857954847436,0.16560976005770142
0.07996972912140697,0.1288106371036816,0.10297430684120353,0.26565906784580817,0.04522896533467977,0.13654588538817394,0.14864006376555455,0.0541125675273296,0.03805877707216188
0.10302933221762885,0.040638721155741166,0.29479503403050217,0.11155533372187626,0.1134118759415283,0.25406829023398786,0.025881638532547425,0.023666421426169027,0.03295335274001889
0.09054774590401637,0.04817052569267236,0.3632092470740345,0.039577357161742766,0.19704336438691417,0.05466033733134404,0.015602548555815061,0.10445208430967896,0.08673678958378157
0.09276995017585044,0.055225350070510236,0.09120059671511792,0.24158052782842523,0.1505536450361351,0.2275073410938282,0.04202655523360149,0.04930630886434136,0.04982972498219001
0.07356686268634406,0.03790445668257674,0.0809320171273538,0.0470297366442447,0.0342448503577522,0.5123800259017989,0.10543746688645599,0.0984332987217529,0.010071284991720735
0.10480174770936107,0.16652182603224194,0.04475234305332423,0.17039317143505492,0.06261661408002007,0.12037264579696415,0.11904428610214056,0.03584823821814961,0.1756491275727435
0.06286965980586715,0.05056541931030869,0.037381356683200466,0.07588572163180514,0.04614951597604,0.017949103556876764,0.03097405921246212,0.2239625868712319,0.45426257695220773
0.09578951877183206,0.11083362785302352,0.03728123341503885,0.13572322868891315,0.09188027427018597,0.14901169843923723,0.11846107360733264,0.05834015438674677,0.20267919056768988
0.11401967496398191,0.09425346709421405,0.10093421406920568,0.08873934547620532,0.16603275382940044,0.07321420826293493,0.07749464853741615,0.18790994204007952,0.09740174572656202
0.07500849309396608,0.13208234461539134,0.18282785383687417,0.05876174897457321,0.15140529753701973,0.10348170292849941,0.041036892837243134,0.2258947065434209,0.02950095963301208
0.08241826298933082,0.10059262497929412,0.06270505134863422,0.09174696534251031,0.1199409621919927,0.1031581839428161,0.09767042858837223,0.10691452303588089,0.23485299758116862
0.11225205121283416,0.3022198276749401,0.017972954228596256,0.10551222693953337,0.12126850117967736,0.08230449888519181,0.0819589906971233,0.11684259455600203,0.05966835462610165
0.07861472088714229,0.1305051023499264,0.12055280613035928,0.05687427862470074,0.19876666940561796,0.024974526135204105,0.03240265627278984,0.15015129432059485,0.20715794587366446
0.12095192066340422,0.07299663369337524,0.021819802113804746,0.15861305462690498,0.19107814810489068,0.042309095575324945,0.2606248379918046,0.08828168356428472,0.04332482366620591
0.10617946014366841,0.12755761227368065,0.04236922452645018,0.13584542196702573,0.07223117330962708,0.22231517920773758,0.1442360041871579,0.11228546076070023,0.03698046362395226
0.12362757978115496,0.1277348422235047,0.08659211089539208,0.1234636369000055,0.10421653506929851,0.11940648690048183,0.04279555466071094,0.17649278196478727,0.09567047160466415
0.0564531989536341,0.15208735664485123,0.04773391703034022,0.10189247523403899,0.06580783844074428,0.03919672814978838,0.4176425235668672,0.0729715840248993,0.04621437795483624
0.07999059537818254,0.1277467079938061,0.032872592448033706,0.08882158373891043,0.15559297065206387,0.03989586976055645,0.10036744927168102,0.09230808705078923,0.28240414370597666
0.064394132541973,0.04551506495083298,0.3988311842349972,0.03017490139169188,0.17291051893643192,0.0386509004183459,0.09297495331011131,0.06611234720726665,0.09043599700834921
0.09410496902251166,0.07162616520549091,0.36443320469881346,0.03826136882558912,0.04421802217334786,0.09830951687348057,0.09523116450023666,0.03687363267921059,0.15694195602131908
0.09407378169153231,0.06701355283350559,0.044550321639227036,0.1158466200093415,0.29607568943139856,0.02761900728539803,0.0480469858371298,0.059982387062571564,0.24679165420989557
0.11670198688802207,0.07437864327951234,0.044214740417739935,0.04312449517073887,0.14890399356371897,0.0675776738696695,0.06745403794071059,0.13721771000413632,0.3004267188657514
0.07299296142431529,0.04439197672298464,0.059612813274650144,0.06001965800538039,0.3950195455106673,0.05898077846830408,0.02190255400768763,0.23542403294249645,0.051655679643514085
0.08944093152309522,0.06095712019922034,0.11046066779453784,0.10646973361409191,0.06712949679160844,0.23742063496923901,0.20949714532191588,0.08643325802761659,0.03219101175867469
0.08034426206042224,0.19690109287973168,0.030275888622375135,0.19631939342850627,0.10050261133428956,0.16827005602210096,0.05926142098170112,0.14823900988959124,0.01988626478128176
0.05849970392948015,0.06950876188567139,0.020044162647248717,0.13577589753025418,0.06816662299552594,0.07332042602985982,0.18780394116192353,0.11098669263275562,0.27589379118728075
0.06181201822286969,0.05466435060692638,0.5452717043985694,0.04702466692637152,0.03908020916336866,0.0960365519893817,0.09647054606100719,0.03260854877113061,0.027031403860374906
0.11586191921472316,0.044707713087630184,0.009148156959348697,0.2397895732247358,0.11673844519242056,0.0878348510399755,0.03783764177643209,0.19179106052854414,0.15629063897618994
0.07635974065071106,0.07768689415318915,0.1923436787264777,0.2438055788016061,0.06342409322192588,0.19638215125167754,0.04833323679447313,0.08183072795669193,0.019833898443247466
0.07583085063175961,0.11401321481054738,0.14477027664488057,0.16503368199707072,0.04641552664903043,0.0663716279040576,0.17994226860179421,0.16726558739741226,0.04035696536344716
0.08202380807696837,0.06946670830579968,0.03106386975458901,0.04467349906838583,0.24095074755704038,0.042936369354949155,0.061806657944733535,0.04285330476549818,0.3842250351720358
0.14273370390507137,0.08117960344308296,0.15991412116628945,0.0727264991914431,0.036004256826197074,0.20350386400337436,0.08188552258604999,0.13345871277911178,0.0885937160993799
0.10039204200710734,0.13022355530077892,0.06723248358496388,0.08486540594953929,0.09619422721124131,0.15267658199777479,0.1329204423044006,0.14550807610798114,0.08998718553621275
0.04988347055730984,0.18307532163272486,0.07267747892392028,0.05160775998964237,0.07912625780875283,0.08903043226754592,0.3662615062605192,0.08312892232607881,0.025208850233505973
