0.04516524360103036,0.13166953689267646,0.06491009441753515,0.10321371891252847,0.11294396145872937,0.1147930667415007,0.12281104583567988,0.09627560665731107,0.20821772548300857
0.18369561671184584,0.029979610820955318,0.10399791535159501,0.16098384256891488,0.09224162805323888,0.11285870897472756,0.13348406691163023,0.05467555961457347,0.12808305099251885
0.06482792917114345,0.048301065300227895,0.06316257883450994,0.39619391427890766,0.11158373108984221,0.11179533208621246,0.11806700436111206,0.016459987872211947,0.06960845700583242
0.020706981710214862,0.031617479499596084,0.36212217246503414,0.19957494057576408,0.09327146920275471,0.1284893352426024,0.07649833398189287,0.03338361678561864,0.0543356705365222
0.020992244321679027,0.14022083130768168,0.23384471260390938,0.12249322773687499,0.0807391665181459,0.11399716753358223,0.11000316620367863,0.1168851532475068,0.06082433052694136
0.04564406545150215,0.03787397206574728,0.11114777376580452,0.16454722929261134,0.1877234853271358,0.1294354851490023,0.08928580536042181,0.06899172568859367,0.1653504578991811
0.015559337279477878,0.29921161563887194,0.03154712910720358,0.15877851787901956,0.13151884064618288,0.11809593993549185,0.10615582500207692,0.07383946735188669,0.0652933271597887
0.116559673363413,0.1341134790076759,0.11841110291435515,0.05737719462597474,0.13897857722368614,0.1455407797091303,0.12453066843323847,0.044595349117522824,0.11989317560500345
0.13465565543169533,0.06155491507278523,0.13075298678009326,0.12439408529016692,0.09880243029955464,0.13607566104762972,0.23043190105460865,0.02583677109777546,0.05749559392569087
0.23280138995283162,0.123235841763869,0.08543275578840802,0.16054159777822136,0.07510920996866373,0.11438100996321447,0.08721306712623866,0.04169132064075847,0.07959380701779462
0.05037380569353705,0.08044841345288894,0.052551896350603984,0.10855930761438903,0.08356472527565097,0.11478015505790438,0.10663937261639629,0.03509719478333016,0.3679851291552992
0.03797207085910698,0.057823538443582845,0.26159688692456845,0.1911214178461691,0.12201861914263701,0.11965746567894721,0.11193849827122637,0.04842759061645575,0.049443912217306284
0.2718888644021319,0.08216304331350344,0.043374404078749394,0.2578380376388485,0.07815933726467415,0.09124644714728507,0.08433055901223298,0.03457730605345455,0.056422001089119954
0.21991613243938016,0.18191138792426284,0.034983005646530625,0.08983196790785619,0.08064805588177203,0.09368303836027055,0.08020184790726119,0.036861530835592425,0.18196303309707404
0.027495000258211295,0.09667128277130003,0.07548941689511925,0.13264289428074774,0.08781047137125841,0.1283079202502537,0.1686296061983129,0.11115012476330459,0.17180328321149205
0.028553989151041653,0.13106585661311687,0.05656764277612797,0.10289135641548852,0.28410736987685337,0.10462296205395194,0.19801422400257518,0.05332919852876261,0.040847400582081916
0.10362041820855288,0.06917054412759928,0.1628908650473003,0.13805928360886774,0.06719521158041301,0.11622903346990539,0.13120220546906478,0.052124227237472044,0.1595082112508246
0.0429373044434271,0.1651481505163445,0.04319792872611599,0.3193044729837441,0.09788875628795106,0.11208908658270272,0.13178686661118033,0.03885976277840713,0.0487876710701271
0.04858462318759512,0.06911154969596559,0.13373508840023982,0.17004570452645673,0.1463320110478139,0.11703389784325795,0.12067419325604208,0.07061707518565073,0.12386585685697811
0.02995697011511123,0.24956339121541382,0.13576648311439563,0.11193836298617586,0.09581123559397609,0.1302469291422839,0.115170898785603,0.05242718614488066,0.07911854290215976
0.06914936914398197,0.13871423093648544,0.12039675106398318,0.16335863829448583,0.11133314358829205,0.09695028110341443,0.1852277681562947,0.03865555483108588,0.07621426288197654
0.11919667859249194,0.20170690484686513,0.13511312588226004,0.08707710242364701,0.0981296690287255,0.11383426200114903,0.14271059209049963,0.032853732119502134,0.06937793301485963
0.08353632293456366,0.20342071456471064,0.05450556946962371,0.08920522232776111,0.07974523897949497,0.12015095238616459,0.08456536398779113,0.12113367880990282,0.16373693653998736
0.10889539987854853,0.02309964454074558,0.17954846024172358,0.12048554770220815,0.0801023527536071,0.10759289876846391,0.1475488618491848,0.09211830099494413,0.1406085332705741
0.07153031719215443,0.1591724666631206,0.02701778230959112,0.13706503226355954,0.07978947421564003,0.10685495678754386,0.08807706489329041,0.16085245964083242,0.16964044603426756
0.2618595004618474,0.1337538192736318,0.15813555513569685,0.03353061502528525,0.1090825825945111,0.10173368916972314,0.1276225617572981,0.025526404607725036,0.04875527197428122
0.24255122419870787,0.07844783244368629,0.1884246836091997,0.027110399979506192,0.08627657570445181,0.07959487297093072,0.18743350823884083,0.07085921678511133,0.03930168606956537
0.007959215935358808,0.03917771301393069,0.05152159635430987,0.22919069976108797,0.0837077089481741,0.05849196148165849,0.055299810409859707,0.4123560331269693,0.062295260968651144
0.1736328562122984,0.12104987118068837,0.0880782008425935,0.10937478818429174,0.10326457652110636,0.08134011245779497,0.1026883831462444,0.0369274536003621,0.18364375785462017
0.04828707532934056,0.15302838679831002,0.08275838999688047,0.06617390499479053,0.19174325665987135,0.1187499080448224,0.10691702360102977,0.05965228742309558,0.17268976715185924
0.21942334931724772,0.05687158976749838,0.10045141523868861,0.0639812601877699,0.11231708981931166,0.08995488783869317,0.19715542930209182,0.0696127035198507,0.09023227500884805
0.15512607577046375,0.018066915929518732,0.1620028551104249,0.131234827847472,0.08401407949507346,0.09544720998805482,0.11681290624128345,0.1985008238855613,0.038794305732147545
0.1844521485954356,0.03537802215736349,0.11356977231497867,0.12025633769933174,0.10460981329117207,0.13248421308362038,0.11298849136074325,0.07166423551263663,0.1245969659847181
0.06494754905199128,0.08925562372326841,0.1849288479016483,0.14728149930686565,0.16651108918399335,0.12197694582929737,0.09390761762021536,0.07866214786693432,0.05252867951578601
0.02625943874050656,0.041356608024920645,0.03580718472350352,0.13705957859144147,0.06313639144895397,0.06586026576152765,0.07136706348473522,0.5269993344328953,0.03215413479151571
0.15018321639511895,0.0665617261152866,0.06287700376758378,0.11961476757679888,0.22679402132716223,0.12652747889312754,0.1252540173839007,0.07853381765643253,0.04365395088458882
0.0077823385361886245,0.16551233958017256,0.09961861487762236,0.05986357208676354,0.06093205444962534,0.08882760913547494,0.07872218140886729,0.3038797720271446,0.13486151789814071
0.060633260895713505,0.35119767021877485,0.043932416543285314,0.05628787336580088,0.07476712685492974,0.11155543566478988,0.14652282945916648,0.04508790707384693,0.11001547992369237
0.10673099282418626,0.042804975109016506,0.14242328111438993,0.07472903401743992,0.16691047174259724,0.13840560693994886,0.15254322237597748,0.06723844889391646,0.10821396698252737
0.053207284164168984,0.015498955119451756,0.2085031636277229,0.25731731170872996,0.10275588633496098,0.12561998570789823,0.09682826620621603,0.02206011607346009,0.11820903105739107
0.19642966695487019,0.12697057194011532,0.07696223709925153,0.20147428600677988,0.09222410680717986,0.1110704559934349,0.08168407557399217,0.031056779773244614,0.08212781985113159
0.1215403897723535,0.015063321357374274,0.19237679611547895,0.08892406442041835,0.08163060847652985,0.12844278050566932,0.10527203760007793,0.10652695942923522,0.16022304232286258
0.27788506371952654,0.06068267003600256,0.052402832416561,0.06329432617402439,0.07611877069072694,0.06132680939535046,0.10178823342211081,0.26002641913169483,0.04647487501400244
0.031957846539255444,0.12587432442058524,0.14406880580848402,0.019590327387832306,0.25442715308240926,0.09701907224950745,0.22477753450084603,0.05817054948122499,0.044114386529855144
0.044203415303398164,0.1838707091400887,0.16127663764331857,0.03505853136628732,0.07068900654506595,0.12331984935220813,0.24057426008885904,0.07953231758830741,0.06147527297246669
0.1385043293974527,0.07359843910093995,0.05499219599000652,0.15138201597182907,0.16504167507329023,0.09036561539247105,0.09088803406106565,0.17978411958899598,0.05544357542394885
0.280120089829108,0.02573989484549968,0.17290748356216534,0.08004723705520575,0.07538294912738899,0.1041128141910405,0.1445866661205579,0.028962301562613642,0.08814056370642022
0.22481733904180437,0.011537520421451676,0.1438243693706136,0.0902146706321853,0.0672484761389213,0.10127723897555517,0.1349796818065105,0.15572990650284593,0.07037079711011224
0.11851041354904264,0.08863540478966213,0.13321300082976792,0.15945668128212034,0.13660489470972628,0.11591039815490971,0.12806609008384814,0.06295944740282874,0.05664366919809404
0.03513443392571785,0.13720732685889125,0.11171925768303263,0.1477158752576121,0.19743051055630512,0.08688206320229908,0.10286256579149067,0.038868620730745186,0.14217934599390622
0.016384002711029248,0.0667598841300751,0.20462117978113914,0.10874428419114716,0.07523310944818122,0.1266968443081464,0.16521182314282343,0.16069661438582236,0.07565225790163595
0.05454079605802898,0.08760358429660182,0.20639651634083991,0.12870219215974069,0.1195062956786312,0.129771454632693,0.12641399215970822,0.0850097416230855,0.06205542705067064
0.09129186311438424,0.056351213672031525,0.15184088669824822,0.10527382674391611,0.14156341200798972,0.13124053952855866,0.23293684406925205,0.03498346618863409,0.05451794797698539
0.3980186449887691,0.02975828370180079,0.08661394444076213,0.15803087067303898,0.05319692957959241,0.08454703663438919,0.07707304207792696,0.022951253830565174,0.08980999407315521
0.08821653789178335,0.2128270781598475,0.05771100587346282,0.1839680754791898,0.08083793942430284,0.09785277729905893,0.07028379885045627,0.033024105511231895,0.17527868151066653
0.25659295815673394,0.0976150302150303,0.0687714665757898,0.09162296868805535,0.09172825155314573,0.10215625363140396,0.1670593980877899,0.06145934933863181,0.06299432375341918
0.07474935223296547,0.10458486890630646,0.20727066082436374,0.13117238220472596,0.07787148694521318,0.1319557729043791,0.10707116192131845,0.04378337512438161,0.12154093893634606
0.22983037302860784,0.046774428204464945,0.13799238702326289,0.11904066970673839,0.10207145455402726,0.09387202537284296,0.13000878261251947,0.04874724326216465,0.09166263623537163
0.25994408019333104,0.06513820359172559,0.17755895289327187,0.16691603559612633,0.09428676699581652,0.09385016725670885,0.06753158997326385,0.020793442874038618,0.053980760625717356
0.0659547818461989,0.13484743365754853,0.09834050018812528,0.023619395371913838,0.13143959439196365,0.12864464763288277,0.21162640878890962,0.11664410192685333,0.08888313619560405
0.10266865187116546,0.2181018678048343,0.06457488080552166,0.16143282189912075,0.08199736643695203,0.09857440350268191,0.08342762729307925,0.16840992283489753,0.020812457551747095
0.0395507958979884,0.05824916824723438,0.13756324344195606,0.05388385393486028,0.07857797130507242,0.08515986993454934,0.16923506643854672,0.02859002627624989,0.34919000452354254
0.34258911038539397,0.04046123478572749,0.11537436000085556,0.046965510917543474,0.06807683415797317,0.08389538272972841,0.10500296221453381,0.011327005974959664,0.18630759883328443
0.24998640226341898,0.08638772329433124,0.023531833285097992,0.1550536397382871,0.0834487251453117,0.09003635281319018,0.10039160828700554,0.12534723810679546,0.08581647706656186
0.12607139134265782,0.09135437160779696,0.15499435005429493,0.23114374024543075,0.06582289656069355,0.12014667767341726,0.07607582109798783,0.04219743419347549,0.09219331722424541
0.19031695728992137,0.06180425622168828,0.07417880182370913,0.12916899698701848,0.10777145887198343,0.13919619900234123,0.1746958851974584,0.05646362218094681,0.06640382242493287
0.06293800136012383,0.1479423783463679,0.10124492863275335,0.11965439083637773,0.09437807557244786,0.11134345459226114,0.1064062790137666,0.12202233034805494,0.13407016129784666
0.06123168582458375,0.22023272807776015,0.19290216448218966,0.09350785112681066,0.09519567112477711,0.08732419660918682,0.10075694833927318,0.06786883592234136,0.08097991849307735
0.17347444126022218,0.07714674534081706,0.13973560538714,0.030534077028054784,0.1451102302491869,0.10105691703277875,0.22027999995899936,0.08217609628300646,0.03048588745979447
0.28732437230501656,0.10788761851413255,0.0947147721669961,0.10257775679111625,0.06796491584181191,0.07925580455562169,0.1170632746925301,0.04317375334789627,0.10003773178487856
0.10824381518348507,0.0556428619311572,0.08853278052933601,0.12773183745078584,0.15187346990164807,0.1272973513987398,0.11404642628752215,0.10305277232475224,0.12357868499257359
0.09186391144096769,0.0271958066642309,0.039047373642099786,0.14226108268155255,0.15226507999343733,0.13040302426798636,0.09453973726277322,0.14920260951422265,0.17322137453272948
0.08279780544745595,0.12082035536973275,0.16874094500383732,0.07568355518560105,0.12372995360830019,0.10160572692974647,0.11733487175644271,0.1392786473516446,0.07000813934723898
0.1860534272184192,0.13318693401121626,0.10801139335285813,0.1119455685223486,0.07683469633715351,0.08933404923305456,0.1257191498308781,0.09567344244338993,0.07324133905068182
0.0909633253273077,0.10235001025037861,0.07427381651443822,0.1530951480914429,0.0745727011887386,0.13350342508257454,0.10824601476021363,0.12835921604754502,0.13463634273736078
0.03257398234105752,0.10883654741932576,0.09345030407296977,0.32775922599811724,0.06268783297666436,0.12190656795199899,0.09722815777336029,0.069693734018548,0.08586364744795809
0.04186596755493252,0.2519506020241922,0.05935456426075681,0.08771226679080962,0.06991487675806933,0.09933047817190455,0.06945438333436753,0.18880425305077933,0.1316126080541881
0.281818366188342,0.13881752656245325,0.13553776906894696,0.03131391775249684,0.06263976862594278,0.09587493007605596,0.15799241764421731,0.039500771564871744,0.05650453251667323
0.08962849809689712,0.1997830212595618,0.07491830334004013,0.14781268678617,0.0769449002972307,0.09172725826585663,0.08010198203027652,0.18657358334440655,0.052509766579560586
0.19856212607732682,0.11525688437510669,0.17221206788039192,0.08651490489200793,0.072861776150028,0.11850072187268747,0.14825777866782192,0.05312387841136923,0.03470986167326004
0.08174193588472338,0.019807826997196753,0.0845750392581781,0.17449573767617066,0.1830523638262385,0.12307876360818443,0.14139789739144568,0.08031580244767683,0.11153463291018569
0.23506119840533937,0.11232284444574485,0.21888862672587975,0.020153381498246276,0.07549586804376877,0.07933378186563189,0.12546255411192972,0.07150126122275845,0.06178048368070094
0.06302936328078883,0.17342409753083113,0.21349748097581456,0.12190266168129375,0.08317590824180862,0.14837927778530297,0.0866074939587403,0.04418222265293803,0.0658014938924819
0.20088012106985798,0.06575299492972982,0.057346426196879054,0.1786430343687635,0.07988088431085984,0.0989572250164711,0.14725165499281642,0.060352126893649084,0.11093553222097319
0.15644553278298715,0.049208197823111664,0.11462295784695391,0.08065404374534213,0.10471416110897436,0.13626497801755075,0.10842625382539894,0.14042767294499744,0.10923620190468368
0.036031662122053644,0.08481029936692776,0.15743170110178514,0.07455114376094664,0.06614291710424601,0.1056491003934138,0.23992598982778537,0.1490857747680472,0.0863714115547944
0.10083744726979083,0.09403935811293938,0.06019563712749964,0.14561559981569214,0.18558975597280256,0.09683900765123625,0.12541586258842916,0.06086165762715423,0.1306056738344559
0.09122438531671016,0.25685997285487855,0.06063825402149545,0.09259968413601243,0.09196116885772865,0.1197194656922859,0.15024792266073062,0.055548079058323235,0.08120106740183501
0.20527799207965236,0.056957434998955954,0.10994726802339079,0.09786749250297544,0.10826333017477476,0.11314018509969588,0.1307303822276131,0.09363669614606059,0.08417921874688117
0.07986540275315265,0.07242903038487188,0.1677215037029324,0.1754853158947761,0.08529536077879225,0.12052421367379107,0.13503905065793517,0.07657018355820422,0.0870699385955443
0.016174717252234728,0.19037004223703616,0.4415876257873588,0.056486150390085234,0.050423056072494254,0.09673157237824735,0.08110058408881132,0.02741866947094441,0.03970758232278778
0.050743127030406794,0.07297551850899259,0.1139170728199938,0.05215391336830916,0.07501601115331329,0.12657581642909121,0.15441107029951429,0.19078496421720503,0.16342250617317378
0.05794091090598282,0.2793223012046516,0.10087274175440593,0.09186077324392843,0.14809513609595515,0.09247405189322501,0.14881122424454096,0.045304533210698904,0.03531832744661117
0.09509266862676496,0.18554655800076728,0.02564016344871189,0.24758647972125444,0.06428877298683568,0.10454630738608944,0.06655880866207517,0.09297190594292516,0.11776833522457612
0.10087574900756813,0.07466698842558288,0.12849597479014785,0.14492949376629258,0.10490536935330046,0.1414616217743597,0.144560423372857,0.10151890137853097,0.0585854781313605
0.13397645876018993,0.04503638359700593,0.17406117691108133,0.11218324508699921,0.0998386588575166,0.12375655550095399,0.21038670150111113,0.04792250690341437,0.05283831288172752
0.011230715204275973,0.030310375793454403,0.22082213396686742,0.06882573317842397,0.06956653138644976,0.11198855372469967,0.1358650899030821,0.08657672311178956,0.2648141437309572
0.054738557315915544,0.065222494499172,0.13840510540258347,0.09406498562769762,0.17970796809874037,0.13734439835145276,0.16290531871982075,0.05457281745443704,0.11303835453018037
0.06350765303534277,0.06042092207093099,0.05238350635631336,0.17746379686347458,0.25620351926186175,0.09819274093554074,0.09800182664222475,0.1286588832963999,0.06516715153791112
0.18212753975381743,0.15222498290707034,0.06498861946844471,0.03265297679599926,0.09030472537962908,0.11438214993038887,0.19524851398543666,0.07680300379356397,0.0912674879856497
0.1017978132092384,0.13636082553253034,0.11292501292373648,0.12835422036045027,0.17932150006058548,0.11760480552897083,0.09611317660597057,0.07424412311508481,0.05327852266343273
0.07537961254998406,0.05410002581197653,0.25462911558342,0.061999530002321696,0.12965127533780738,0.09289629667515968,0.1718091088080386,0.0414527910993428,0.11808224413194936
0.24698827677060745,0.11027100541776651,0.044704572350962646,0.08564538615071347,0.07001525197872759,0.1003249530115925,0.07753461719390418,0.07396939283191518,0.19054654429381057
0.28336300313834917,0.12311639204726689,0.0410827301583645,0.030406524618189063,0.1157688485029021,0.10329085034873602,0.1850561275692948,0.04719832847539616,0.07071719514150128
0.059887508102306135,0.0411649684538338,0.22131787791202848,0.08411502081279698,0.07237505667240944,0.1179764575947617,0.13167304610408795,0.12896595289419133,0.14252411145358423
0.1124206911151107,0.04680942943659667,0.06185610206015196,0.018526511838505535,0.12956704406006836,0.0875985338436241,0.15029308654262627,0.303399342591844,0.08952925851147242
0.056981200141266446,0.22574390866240632,0.13649148609617076,0.07177653179894783,0.06849512664301671,0.11328246087477138,0.10778208304709487,0.11302324539661453,0.10642395733971127
0.048980002067129914,0.08100979317694468,0.11666012383120643,0.19518628736634788,0.2119736021144617,0.1287170119019333,0.09481775793680293,0.04585747776142082,0.0767979438437523
0.022688371369646618,0.17165338328996912,0.057745578895171866,0.09447832371056397,0.14502572392857063,0.09654117501262997,0.10055809787844379,0.2463893623422411,0.06491998357276292
0.1075216421610658,0.0554854453055534,0.17047564225569445,0.21956759707608522,0.08519407237222192,0.12296636335986794,0.1045928299885926,0.03139071853956631,0.10280568894135245
0.3045008477973045,0.09166061260704687,0.1369827619245473,0.07451262242461569,0.07111434390930897,0.09869369917607218,0.12052062304008215,0.03399168571828513,0.0680228034027372
0.051511630862519336,0.39250350653445043,0.05302495431110275,0.07026337403197629,0.13907647538736412,0.09977839341889894,0.08024682880777077,0.0641992970741966,0.04939553957172074
0.09760214856900018,0.022241381941667415,0.06114083474067095,0.0751107022192723,0.14820144950282785,0.08038834228547274,0.10077465687742253,0.034855382231083545,0.37968510163258257
0.0825213120873682,0.08352213649232278,0.31215086992141017,0.042205248781811644,0.08495561146334123,0.10674808488855332,0.18568721674821745,0.04434305570997521,0.05786646390700003
0.09290171625406507,0.06953075140634192,0.1468983878004668,0.13032721052687188,0.16695626115213194,0.12377249310674422,0.160241873923458,0.053252037284741094,0.05611926854517904
0.04184370341617658,0.05542855248036089,0.16694896456012895,0.2717196991632315,0.07641626543138047,0.13499137283598447,0.10099339011640816,0.04030132007836983,0.1113567319179591
0.12427775306885158,0.0391508720439847,0.13054396377694047,0.19748085046716202,0.10763464893118278,0.1201748551973178,0.09980611143888884,0.14351526371546128,0.037415681360210555
0.001145309096668134,0.2380146473727062,0.2649946423895076,0.07260271659699734,0.11262996825886039,0.10350551435338089,0.06912995920042958,0.04133559765328058,0.09664164507816926
0.20670251087362468,0.08684100956443776,0.09172884343644405,0.15005649251753606,0.14569003674668532,0.10222902616241676,0.10116115842988598,0.03117103085517899,0.08441989141379042
0.22835419941349636,0.147300193001794,0.06403047327489612,0.023735249578398177,0.0754139855288617,0.10170305274294335,0.19415914159110512,0.07223782903112723,0.09306587583737798
0.09033846668966099,0.10131255004326938,0.0680771943962703,0.11604254061981233,0.12030099948628743,0.11411110136771706,0.22521931538052198,0.10526323402170329,0.0593345979947573
