0.09435417290005266,0.09909718924487244,0.12956385405081625,0.10959348362213221,0.11104906413605527,0.09251708033516313,0.12913484070367273,0.13112531399400737,0.10356500101322787
0.11685123772331331,0.1350899574227468,0.11985861011410281,0.16998913727410878,0.09059381992318977,0.11032222781677843,0.11150158904490726,0.07541526440669459,0.0703781562741584
0.0940635659421436,0.06244536032427258,0.141442588574464,0.10418036565832904,0.11428086511939368,0.09592622127952066,0.10810169265876186,0.05743185797444991,0.22212748246866462
0.1481936980663101,0.15318042779439014,0.10071632790223849,0.07518416741444003,0.0962310507887267,0.08114727398573622,0.09248023961509881,0.17635215487321307,0.07651465955984645
0.052453098309697466,0.0849083124859374,0.03185158559180954,0.13406336925007573,0.09502972785900411,0.0847164886554725,0.11817681321404498,0.3072447712891932,0.09155583334476503
0.10916585023742793,0.12347392327660484,0.07742959343137644,0.11017862775652935,0.1146556208163752,0.09691387238688194,0.11055962316447282,0.13975918350218125,0.11786370542815028
0.1374857643668799,0.11464123782817198,0.054143335239123284,0.0717113122846247,0.14547010031980437,0.11917027206994092,0.12864994575616706,0.12380226388902753,0.10492576824626026
0.14042446525320698,0.06216316823057614,0.27180928780056685,0.12550071089175022,0.0957291496044731,0.09229884388752589,0.07295113584914299,0.0383936913858744,0.10072954709688327
0.0927541799812171,0.06447220516810338,0.050957912461967646,0.26135839791725596,0.09971537504516494,0.0921804289588825,0.10821363253674825,0.10303600919895278,0.1273118587317075
0.08848807668024646,0.09353246170592744,0.041350380522481044,0.09024811275519427,0.09998417471646019,0.08365676135392748,0.09582639309860312,0.2940657259714119,0.11284791319574805
0.1499862903082136,0.06830766130319922,0.08447532134982756,0.05640681625648327,0.07256510787529964,0.07230223721033964,0.06334863548164986,0.37131224380033157,0.06129568641465563
0.1022430174459799,0.11932541556208455,0.09447986566184559,0.08310618363566447,0.12693873738123596,0.11594163255409069,0.13047523443529893,0.12226202568931725,0.10522788763448272
0.10632740462839196,0.0480633319211363,0.11529146970005033,0.11880559095116161,0.13158712830503463,0.11380178385096362,0.08059516221446923,0.181430353551017,0.10409777487777523
0.0979731753544808,0.07795389750216487,0.07575136753548929,0.05256978553218778,0.1189022724546568,0.08648631665998903,0.12133624384008018,0.24474443736447782,0.12428250375647344
0.1270353492644928,0.1977672440723188,0.07334080758368271,0.11592202643108955,0.10123613999720837,0.09117974882336466,0.10847817395967563,0.09894751120378269,0.08609299866438487
0.10920162201145223,0.18760725362596678,0.12822510415911068,0.05155740545045123,0.11316673106900414,0.12142348257174378,0.12119457189383624,0.08850346383204606,0.07912036538638886
0.08948619648300277,0.08571839738733367,0.07839481104634334,0.034151118448341976,0.10472436594813687,0.08508601920327502,0.08170279566863811,0.1319832722567634,0.3087530235581648
0.10728749273757997,0.11932992776201252,0.06447612445510602,0.12028061141519031,0.12022397078734288,0.12364400744652858,0.12929132827046755,0.1241046638402552,0.09136187328551697
0.10178166240570423,0.11543982940967405,0.03889435786653459,0.09401734871455762,0.11717394458996551,0.10436463031564518,0.1345020174582697,0.20506315611350925,0.08876305312613976
0.10877438309933381,0.08948125920873316,0.15140894796529983,0.15034995535837295,0.10414514480221994,0.11754137469736674,0.11348102219147917,0.06738690989914176,0.09743100277805265
0.08507423655542827,0.0391813693563208,0.04410044146585405,0.21443977399068603,0.09811723514903821,0.08974437317493572,0.1023490078049377,0.22846185010878928,0.09853171239400986
0.09197469354436046,0.12228806338746985,0.13818357410776752,0.030972840638827423,0.1113469391251054,0.1290521388918661,0.11761592858103309,0.0876854808174679,0.17088034090610216
0.09497171899494207,0.05994926909084613,0.11675383387565315,0.1511108605106561,0.09591123560995908,0.09450821350192529,0.10923615972712632,0.18772769658224395,0.08983101210664785
0.06981048700357269,0.02796369586760906,0.23248396503283708,0.04101272489976714,0.06228329039174283,0.0526246609442949,0.08225618331439892,0.18214712631932942,0.249417866226448
0.1858831930906788,0.0328724606579904,0.08237036722498116,0.21886678890243175,0.1105599254542758,0.08335193577656631,0.09198003506469972,0.07077579202134786,0.1233395018070282
0.11234744625098457,0.10401285869527839,0.06817739880393102,0.07648517297497413,0.12873046299385618,0.11317757338236106,0.11807770603546147,0.1509580852869105,0.12803329557624268
0.09365964574784913,0.10798827191646414,0.059711066000381736,0.08116856003764596,0.10233351094721638,0.08447537076042423,0.12209702338859475,0.2564781005757127,0.09208845062571099
0.09369969819948087,0.12477426678985716,0.045968407360800906,0.1226116062770914,0.11632494738153724,0.1313712621728114,0.1395983700073615,0.09189503823980427,0.1337564035712552
0.08746428675196699,0.11353302397908649,0.04331929520710018,0.08537446345395416,0.11172640218609704,0.08907411069942961,0.11293128928605693,0.25506660602107256,0.10151052241523602
0.1288108503194054,0.10908124916658395,0.07999589700909188,0.12133628981944962,0.11955586553948844,0.11374283101864326,0.12539157302113482,0.10619118594691679,0.09589425815928587
0.09097365889229962,0.1343534499809801,0.1436189363708111,0.0498375095117845,0.11995619317773708,0.10682471480415368,0.1549167079560512,0.10433848730768895,0.0951803419984938
0.12187996365175557,0.12882770494383725,0.2414123109482148,0.04329449129800519,0.13136258828656047,0.11226655309119009,0.08184375254999483,0.054373053126182985,0.08473958210425875
0.1072665722829275,0.07228288215090918,0.12756687398215458,0.11470703077335209,0.0941488040883658,0.0749775114587155,0.09546125495585829,0.23506315251795437,0.07852591778976277
0.13675532133831622,0.14210143394926475,0.19306527196614717,0.11499399207617352,0.0760586853441852,0.07038608440184256,0.1034338614751781,0.05532390237162721,0.10788144707726521
0.1065460149225347,0.050674030861656255,0.16845833801376853,0.19950556674651532,0.06913001956507632,0.06255925949172614,0.09464063305105998,0.12775926405978966,0.12072687328787306
0.12996205258211838,0.11506595931045065,0.10624806522077129,0.05881284360084677,0.10182658609284338,0.09146900111111715,0.07627845153585779,0.04494161775598321,0.27539542279001133
0.1349945637762424,0.10431056371127904,0.05445416006978079,0.16019344114247613,0.13212656202297804,0.15797553769239991,0.10561170545374143,0.05765653135144674,0.09267693477965543
0.11550867075176674,0.0746351320319515,0.08321899449495407,0.07693946968736069,0.13877161191492027,0.11885092951959941,0.12572036052059793,0.1262839077608743,0.14007092331797513
0.1466434799015871,0.13420061630497354,0.14915184693326433,0.06313356013335629,0.12012700984028803,0.08312239123302988,0.07237205775999306,0.15774730570380713,0.07350173218970067
0.11818914825724437,0.18890295621191855,0.09521210743582698,0.09188718750131768,0.11767510098481783,0.0983217189557577,0.12437312685180964,0.0889431784223312,0.0764954753789761
0.09838648470215226,0.06136065018940756,0.06995085641736278,0.1292905290069158,0.11223193084137616,0.10104554829163633,0.08656580405954802,0.24253353842549943,0.09863465806610168
0.1087822119611408,0.0733523696183757,0.16522238448949247,0.09703656816065209,0.12520211095489064,0.10849689681205656,0.12613586784142702,0.09070888614231536,0.10506270401964934
0.11183127784120213,0.06999828401125983,0.08884407999788319,0.15943942589658452,0.1184381067923936,0.11749128664480835,0.14497670243064845,0.09646593808064512,0.09251489830457481
0.09972313796107951,0.10785876619730177,0.08350698346738165,0.0867737538307012,0.12340997967865074,0.08997874873916618,0.08289502722702662,0.23714415975538206,0.08870944314331036
0.11453792477918086,0.07965977208855778,0.2792638327861607,0.08963088183566174,0.0869229406328933,0.06922412404565813,0.08956421240355557,0.08901013272937523,0.10218617869895676
0.1337447446313319,0.10020955806327721,0.16185152122114219,0.1489470965397809,0.09596273512879831,0.08969912468503799,0.08975423522547776,0.0980043815707874,0.08182660293436629
0.11284267622733352,0.03885665919215344,0.1615685019729647,0.20368951729551313,0.10895538258114307,0.08526327886468744,0.08937944019671255,0.09603401930465905,0.1034105243648331
0.1226043726169294,0.07507912595478809,0.2040711985853846,0.0869365062666626,0.11076854764979088,0.08617793166435306,0.0914379626160088,0.104832112424039,0.11809224222204351
0.1291701748665963,0.10055575525095965,0.0860136163524076,0.09759746991195863,0.11954609933783474,0.10119913044869089,0.1318597745625559,0.12400360435234088,0.1100543749166555
0.11908152790412975,0.11619388464132768,0.05863680815758563,0.0859499486609167,0.13414959420178765,0.11482074953079476,0.14543250142731048,0.11106118204722032,0.11467380342892691
0.10529818363055614,0.16552002431423316,0.24047944617449288,0.037299899735276365,0.1033697047792914,0.08452531755820318,0.0867198751883116,0.0419058472969599,0.13488170132267538
0.1251757905526271,0.13423404649997436,0.20208993471022163,0.10285784247025269,0.11133575770679625,0.09460669482032386,0.10768267371742458,0.058843328092677914,0.06317393142970176
0.08875801886428364,0.09807788354957714,0.09597394878343041,0.1060361192328434,0.10000640506703573,0.06521361442850383,0.11153113329527564,0.21787975890697986,0.11652311787207036
0.13554656952774602,0.12380679717705899,0.06320434598656939,0.056920219178601926,0.12368455464620436,0.13121433553849063,0.10559773972753496,0.13501186951404573,0.125013568703748
0.12535535304658832,0.141109893417102,0.048560182579544385,0.13154119090167413,0.09006444623636138,0.07724209683343077,0.09429911609049046,0.21431361464435048,0.07751410625045806
0.09454658460395415,0.04876275460951159,0.18179237796108313,0.1348815914194537,0.09497949036032882,0.08627276458227723,0.06377602139738953,0.22186787376594239,0.07312054130005953
0.12140041145678691,0.12528589911751745,0.23414162849626077,0.062060674049899456,0.09883545606190342,0.09195887640614601,0.09122792007007045,0.07300518688132603,0.10208394746008952
0.11634328372652518,0.11972744004999829,0.07991573546900589,0.09536210551207336,0.11944474369159382,0.08563557010715073,0.12339911256868263,0.14715952980447908,0.11301247907049106
0.11534487472565506,0.08218040500816966,0.10039924876666258,0.09677157900223839,0.1402823376282756,0.121753224650889,0.13839814285908056,0.07259494139875372,0.1322752459602754
0.10642096754800223,0.1821858665896592,0.21879186189735475,0.032379073045042596,0.08906309375734116,0.08089590366850719,0.08871208607950454,0.09469273439861793,0.10685841301597036
0.09397991994512316,0.16037831028233954,0.12109836363571981,0.0688491005268224,0.12305076026168325,0.11739151162337953,0.1267432974428734,0.0744881974404263,0.11402053884163255
0.16472878819429973,0.07077863422153963,0.07891542051781386,0.08055922407778184,0.0962695530572234,0.14426598997412202,0.08851380020667614,0.15153169658620183,0.12443689316434159
0.09634437512101908,0.13926385524488363,0.05694620344708121,0.11143044723712271,0.09604993008956131,0.10017487549680883,0.11475526908584384,0.17811201216497916,0.10692303211270023
0.07995571261471852,0.1472853039692034,0.08772321434317475,0.2179517410118836,0.08788731054697936,0.09726512726804494,0.10187586367434591,0.0952221229468899,0.08483360362475968
0.09133596768038366,0.08191941605302198,0.07754795570846938,0.09603768135931763,0.09455645966320038,0.09953273176546672,0.10321383968147542,0.2623579943443768,0.09349795374428803
0.08278073193325658,0.13536154914951315,0.08250897925116753,0.11760904821166103,0.09625922186966913,0.10456221191680852,0.14609142450408,0.08326089615905162,0.15156593700479248
0.12467740027025216,0.19465718840323046,0.26596139723297213,0.05231471134201083,0.06845268508402519,0.0534051645367151,0.06822964639539596,0.11882926795364213,0.05347253878175607
0.14172731318509812,0.09481346841536265,0.2909846771562968,0.10543187903685507,0.08940655598563042,0.07784158788627284,0.07871489667336065,0.029154442065101774,0.09192517959602171
0.1263028621360706,0.13531630029587563,0.07577501745897795,0.057815290089210714,0.14385030468580237,0.11939719276918685,0.13786885624326484,0.11129639033913875,0.09237778598247233
0.137343831302755,0.13203672664659014,0.10579353434441276,0.047400612226004994,0.13743194629624453,0.1085253183723331,0.14195857246831084,0.0941239516739119,0.09538550666943678
0.07756009157531597,0.0873401218272453,0.061456908107054724,0.028840672150366186,0.10110073311200483,0.08073255956850386,0.08064308576920673,0.18533662609144178,0.2969892017988606
0.20425160124805766,0.06740601584144874,0.16480502908063618,0.08032301004289978,0.08086813211352036,0.18534191794313695,0.07204437257190814,0.06633744777988315,0.07862247337850896
0.11036806470302778,0.041169241606337344,0.02921217616127289,0.16708325201383634,0.0919077919829192,0.0664705000909836,0.06490864429523881,0.3554887964012747,0.07339153274510939
0.09651916837757897,0.08679644344030461,0.07871251439332021,0.08341988688802755,0.10301562207343536,0.10038596747162887,0.10891295778813452,0.24452026203693963,0.09771717753063021
0.08163208222556943,0.1200020238662756,0.24542001375781322,0.045700227145651855,0.09694440704391345,0.08213338697496797,0.09016103662855866,0.10885089259097026,0.12915592976627957
0.1109071131592458,0.07272919845026583,0.06031676341084308,0.080344445578127,0.09370235768681386,0.09172477470954772,0.10687185465786064,0.3007477860661358,0.08265570628116027
0.14001048175297354,0.07584036167392426,0.15730260657681674,0.13488567864935347,0.10757733903840477,0.07883972530267072,0.11105960665250307,0.12509922011225327,0.06938498024110014
0.11641924445816625,0.059049136541126736,0.05998412349044537,0.11028345839378124,0.1417381601604829,0.1773091903093544,0.11302170708060048,0.09022453946511631,0.13197044010092626
0.09314152260377852,0.10762860220837699,0.16021390042041536,0.04821883524207369,0.06819557012322695,0.07128839497414136,0.12265191979097013,0.19196206709036037,0.13669918754665664
0.09767347638843726,0.12055686772011388,0.05329272562258313,0.12705389019251703,0.12241904960541687,0.11822918446215032,0.13265749272773575,0.10314241704996319,0.12497489623108247
0.10783125223763755,0.12547983106747035,0.06340565648620261,0.08308249881158103,0.13118612232546056,0.11197760131951491,0.12359026847104432,0.13684810023986882,0.11659866904121985
0.0693921736993736,0.04921706641526948,0.19144444725429888,0.014481352284264901,0.07788075425377149,0.08167071587748546,0.08433307885586501,0.3296664801619505,0.1019139311977208
0.12289553034066536,0.11674678482710661,0.06634514764021868,0.05005655675213632,0.1162160605027678,0.07373090375094858,0.11986755250699443,0.24021182127831453,0.09392964240084772
0.13446264815663478,0.12948304597573182,0.10222113749959044,0.06075726047611226,0.1303986038618027,0.12886559113338833,0.11167048200011535,0.07348268320663177,0.1286585476899925
0.15463926403350145,0.08441804296972799,0.2167178247852947,0.10129033235457603,0.13110334920444056,0.08397892128657353,0.09202723655178131,0.045152334718571545,0.09067269409553287
0.11696281415256134,0.07646953967221061,0.2729849308179619,0.14155267553650652,0.10422831216942491,0.07933200356715332,0.08386366368012226,0.018457187627559546,0.10614887277649969
0.10117569114141219,0.11909738901735763,0.2623234334950116,0.041847908693490386,0.1025064377802305,0.10095094935626153,0.07859396491902813,0.04746316202498054,0.14604106357222746
0.11936948424409721,0.14342231686687254,0.08291555126851294,0.06751274894464149,0.1426652287239949,0.09897075282327787,0.12949504408433635,0.12129541400532978,0.09435345903893688
0.17391809478817175,0.06596870260994629,0.04126154725849426,0.0570590767494449,0.15360589348573542,0.17559596674179048,0.11453941342137812,0.07837302778211075,0.13967827716292805
0.12278472876272455,0.09167947054905039,0.09009862768886572,0.04387524001999272,0.15181004500349993,0.1451602140325987,0.12687785071179233,0.08135812591884321,0.14635569731263243
0.12970359107940552,0.06254663288076875,0.14111911329497437,0.18482099078437284,0.11122916264343885,0.09720680361836447,0.0965509195077184,0.045588274713568765,0.1312345114773881
0.09761295284092948,0.08616854258376756,0.0447180877782472,0.10194834129078097,0.10089149186633324,0.08798744626150691,0.10837810138429961,0.27065978502677607,0.10163525096735886
0.12875894132401985,0.05070921506816775,0.08411682473511366,0.3014620715841663,0.1064997339958933,0.07636224394769328,0.09716294111247471,0.08195620670203707,0.07297182153043406
0.11332925939584876,0.06202549592709067,0.21326211137628323,0.2375529297006609,0.10680521023172758,0.08719089433330973,0.0724075405730063,0.019489349547928966,0.08793720891414385
0.09059436682653137,0.08931299789069669,0.1413527214601075,0.09837677148287428,0.1022532012946618,0.0870070866126225,0.12156705261727115,0.17938271703620146,0.09015308477903339
0.1822615984380038,0.1247362287682849,0.17023018301525358,0.06489638401950254,0.07345905854305455,0.08012795850559186,0.08943610530981655,0.07763346919286872,0.13721901420762353
0.11744526108018842,0.11988690815622383,0.20989410568024028,0.040430982711339776,0.10729928406588705,0.09526640328308883,0.13508321757766595,0.07384430477177234,0.10084953267359342
0.12778798302131444,0.07213229850462739,0.1550534952273952,0.11444273988134028,0.1222496189720151,0.12969438826399898,0.1005327342530087,0.08703943569002415,0.09106730618627583
0.15791719457726225,0.03549786624749723,0.15240969404454005,0.19317694528125443,0.09032317674989793,0.06085368867728389,0.05897006029168974,0.1820852113778789,0.06876616275269559
0.11798940702066037,0.10523294355436401,0.06438551609949938,0.05062103847205011,0.1570268526037191,0.17638329786844623,0.12785954569353214,0.0646591655371567,0.13584223315057187
0.13967168413012165,0.10561739669373625,0.0960586378864829,0.11760380294320504,0.1049649507858162,0.10750717575053303,0.11115483665414838,0.08764081096548236,0.1297807041904742
0.09512942990435896,0.1250902097415961,0.07320383837010053,0.09420273518268923,0.09792789020207741,0.10511303477857496,0.11008312369475874,0.1470737007015821,0.15217603742426197
0.14266305240564822,0.07205948328410235,0.09039901978717561,0.11530109988866229,0.1293946698226465,0.09757581534986266,0.12371036865497653,0.12111133940923069,0.10778515139769519
0.12428511585656034,0.10513557299937798,0.17279268258833494,0.11496992519279904,0.11220684471683266,0.11834446223493067,0.09130853796568524,0.05560379724098883,0.10535306120449033
0.11801132605241403,0.1624550733581013,0.06000328795614216,0.15982278134357555,0.09058465866087091,0.09091583685469969,0.09481303352629487,0.11066153675020336,0.11273246549769812
0.13435738871213654,0.08625838932751696,0.15405479052476637,0.07920493305241247,0.0730560774677572,0.07222643568498262,0.058769706412778955,0.27415110193695935,0.06792117688068953
0.09068613486611558,0.07223749131232257,0.13511234260927749,0.059960783180265126,0.0982395024144777,0.09858346555322511,0.12721785371393624,0.1896639465749482,0.12829847977543196
0.10119730829357937,0.06869237222174669,0.11888181582039019,0.14306124152551727,0.12483353103513299,0.1046539291675506,0.11669414657218108,0.08237573360459358,0.13960992175930828
0.11240550690861117,0.06540271609683972,0.14894709869449183,0.10109354925374996,0.12463263618614377,0.12322565359463493,0.10985196119257201,0.06408515340893876,0.15035572466401792
0.10752496032205437,0.1089843989097737,0.067151117819092,0.10232687625197241,0.12080962440983029,0.1168196723342858,0.12791779139040027,0.13548558162238813,0.11297997694020308
0.09828479439717079,0.07691903146589263,0.2614783345775775,0.05720703031247574,0.11050440503498492,0.09212451495955072,0.093601914916449,0.0949143657270312,0.11496560860886747
0.15492469469055428,0.1738342009677006,0.08822767097861495,0.06920327750434756,0.1363622952995742,0.09290514501846925,0.12773350619678026,0.07611828696557775,0.08069092237838112
0.06671339584835477,0.09059933714635993,0.02685812213562702,0.025279218905759692,0.0989019370636674,0.07202690034144803,0.08893411458689321,0.292589186170956,0.2380977878009339
0.10521053159079274,0.11208716712687962,0.2696351809845811,0.04968698873991275,0.059418237626222226,0.04264849218009858,0.09967508954436517,0.17486450664819164,0.08677380555895615
0.08551107920732666,0.08363699407411816,0.19064852820090458,0.12390407344647388,0.10116435577510152,0.08648423838023954,0.07792852629945772,0.08906032966418086,0.16166187495219705
0.1089459818508227,0.1374503903265815,0.08524588931046999,0.15973929085433525,0.11418167875992595,0.09833258986385812,0.09347000272628624,0.1292692567894602,0.07336491951826012
0.11910939215111142,0.14917092271241436,0.07681848549152777,0.061310904943705696,0.13045297503674555,0.14582627870659573,0.12933415607754348,0.0657556317973466,0.12222125308300946
0.10392574898232267,0.11264520596212235,0.057571705007272246,0.08791320318213951,0.1322941677439056,0.12110057823312631,0.13999627754905244,0.10529978498855397,0.13925332835150492
0.12507863070634473,0.08536943374909162,0.06643758340662125,0.059192427431025325,0.1588245107671805,0.17643824103758096,0.10750970258205528,0.08555202533053523,0.13559744498956514
0.07777434938476877,0.0647608890196655,0.10041324088365045,0.04960104545507062,0.0777134080626681,0.08186866529760677,0.11555692434842442,0.18400144258599763,0.24831003496214776
0.08495164414951244,0.14315889678367696,0.04903583780128859,0.14483312716382923,0.11695340033241548,0.10560914246520547,0.12192560387395934,0.11892096912531679,0.11461137830479572
0.13008325978095883,0.20321242237788564,0.0587393438632661,0.09186909433334907,0.09352911186862094,0.14665867958532364,0.09997961112743446,0.06602773030971927,0.10990074675344215
0.11607385573423361,0.06765278547902982,0.21346725480265524,0.04839560865426313,0.09320190419161063,0.053484054355055176,0.08297319763726944,0.2500518029202594,0.07469953622562357
0.09075547671571377,0.09340923883124598,0.05862028988423624,0.0797393508865974,0.13730135984172895,0.14974191475847895,0.15801165053253616,0.10337564424003487,0.12904507430942766
0.1538548894157364,0.08544625866971878,0.10421394168186594,0.09868712499809588,0.11885352065709558,0.12101395443325487,0.11119257602953576,0.07833144191593322,0.1284062921987636
0.10399726613940458,0.06526491777617587,0.04763116277459889,0.08915502004914994,0.11916577415585766,0.11249825095455174,0.09397351357019268,0.2470900278715162,0.12122406670855244
0.10345977076078432,0.06589605766088304,0.18183355721094333,0.023924105046285254,0.07341670814525214,0.11786007881622346,0.09047987596414493,0.1007054808896734,0.24242436550581012
0.11848614805913206,0.038256007972451885,0.17802361196873076,0.11157487318042579,0.0922506190736488,0.07310531663275482,0.09046048883307155,0.20135564510558623,0.09648728917419817
0.12339137303406565,0.14506684828224084,0.12501906364759796,0.07106862294364837,0.09679114982305152,0.08214063254215193,0.1242374810521835,0.16112043624686403,0.07116439242819618
0.1296952648784335,0.11900845268303688,0.10242357481573365,0.055257428441361243,0.08581380620670538,0.10402904920256839,0.10004620145146109,0.12091214156950518,0.18281408075119474
0.08257914078808419,0.051864629645887374,0.03955228769371183,0.2767015372542122,0.09422376873525097,0.0719928308389299,0.10707175052760438,0.08916507867937414,0.18684897583694507
0.10543191446930054,0.09058968424226492,0.1536105399050222,0.0705695287699699,0.10306376401231036,0.10342280197321763,0.1337487749044081,0.09905659060053633,0.14050640112296997
0.12649493197221046,0.15514549837746464,0.10598776894393187,0.08892866915858028,0.11950200178373376,0.1082079473410492,0.126496079800584,0.07794924530734593,0.09128785731509974
0.088074555362932,0.10448631528156067,0.25503305938799214,0.0556970924275608,0.08360134412524178,0.0769695784875627,0.10976151032060603,0.14512966939450356,0.08124687521204038
0.1369396262057839,0.05979015633218907,0.07366585395609805,0.04481051069966412,0.14921123443759213,0.1543320530057897,0.11901612325807798,0.07661741317064753,0.18561702893415755
0.09434093570781384,0.08159202203374726,0.18636078992733918,0.10982324563324197,0.0769649292573185,0.07598068912953856,0.10288228834534452,0.19859946402514517,0.07345563594051104
0.13058585159941455,0.08588186066929342,0.2585179531972426,0.10507793129029575,0.09789630353780876,0.09877930707062217,0.08814285656682426,0.04922168625570286,0.08589624981279563
0.09041128384981605,0.10584014806830755,0.08827575291315874,0.2698740969888141,0.09612888912022577,0.07451482897544669,0.08847169727586102,0.08517747171032918,0.10130583109804085
0.07539642240371713,0.05381845187523362,0.21476262660249193,0.21343400649574895,0.07165717019029806,0.04452354585023658,0.07604843884271574,0.18737074165623882,0.0629885960833192
0.08592700708968885,0.061192139819993295,0.1337220462197064,0.2594117007339259,0.11375769447586315,0.09600056758809468,0.10457955512504985,0.05084731795136041,0.09456197099631748
0.11630531099022241,0.0878623264200258,0.13386116270110474,0.09769795644666211,0.08936079704641087,0.07439616433610025,0.0809284574128362,0.2160696885319926,0.10351813611464493
0.0827205323669421,0.07684421023388298,0.1327193886614101,0.06231886068276845,0.09398180783655898,0.11711185786811452,0.15962261293927535,0.11340007029158962,0.1612806591194579
0.10018169309991952,0.10697555398391723,0.09375403350651834,0.041158122612480745,0.1025433471671426,0.08737381723866992,0.079004447244114,0.07962880235127985,0.30938018279595786
0.12879011832120493,0.05685976661442508,0.1431694736370471,0.07268434121033034,0.11176760259084306,0.16119574426773678,0.09865513587723342,0.11820627885798658,0.10867153862319277
0.1004088361818418,0.09641010937873436,0.14121371254726772,0.14851362819465475,0.07726495909309951,0.07673831874709176,0.09656656646710975,0.1646531747461191,0.0982306946440812
0.1359239919250028,0.0790458318085233,0.17463296700399114,0.12761358984426113,0.05564915527651499,0.04463693744746746,0.04496385720996301,0.26136291236824355,0.07617075711603268
0.09726548112981981,0.08319404168137984,0.04653077458292256,0.11660633554151002,0.1218871744603955,0.09562215188458356,0.10702905770744812,0.23085524803948135,0.1010097349724592
0.11396482744650693,0.09641474667280074,0.17544120892149584,0.1269161496732052,0.09786272276768314,0.1109036022124033,0.10362339583725826,0.038148390013400944,0.13672495645524566
0.16716051446054844,0.11402583723486799,0.14401281519907094,0.06818971123709859,0.07983312057352329,0.0786984427260607,0.1152457060827181,0.129104312182122,0.10372954030398991
0.09461998897126622,0.0968384388086142,0.1466192480546737,0.2155702874008827,0.08399819456672325,0.07083351820859592,0.09884816530403635,0.10283981596429359,0.08983234272091407
0.14279128812749076,0.03539131767575387,0.08029769911621062,0.23171755704730132,0.06863899826245624,0.06216031810787853,0.07536005051736257,0.20658871900053224,0.09705405214501377
0.09613746181053634,0.06696346198365655,0.10307769830155088,0.08134244280801299,0.11444744092105281,0.08693334946596304,0.12666218242068375,0.19829770454868104,0.12613825773986256
0.12161664411057906,0.045379356746004774,0.08512033402397741,0.1104841905740152,0.08763072201491355,0.0684486844173839,0.09895582000375723,0.28708473733657464,0.09527951077279422
0.08707579079730217,0.13523843822091125,0.07350869236767037,0.08815457982202084,0.12882147998533935,0.1116207955132435,0.12890208103842052,0.12708713267959582,0.11959100957549618
0.17592673398266923,0.10879922734830405,0.06552282880616357,0.16466166244377803,0.10895646433348166,0.09543818997257845,0.11044690775986299,0.0837964021605943,0.08645158319256778
0.11071521185788057,0.10021967659245241,0.09312751421351757,0.0676265589499467,0.12039708799398992,0.10500018204674112,0.12058024599524665,0.1521659057025677,0.13016761664765733
0.1056765668207446,0.10216727291501722,0.12874560021448592,0.04947593402166455,0.08903157599721122,0.09934180414537026,0.09437224358534886,0.24439908855576595,0.08678991374439143
0.09121603365114546,0.06471378935649193,0.05273036648696402,0.07153682217646078,0.085346843322953,0.09315388893150796,0.08710018346366792,0.35200267296281695,0.1021993996479919
0.1029181007764008,0.07557747493416757,0.29384101320012157,0.11978102965215488,0.0891123695084108,0.0720550630773213,0.09182699674165813,0.05189985929809158,0.10298809281167332
0.15421954563406082,0.13600135166323382,0.07762997624826916,0.0667854528311857,0.12013242444408694,0.10372087902032219,0.10102253489618591,0.02184036865985084,0.21864746660280457
0.0907055913775634,0.10054054074196811,0.1068613107453782,0.2138573163896478,0.07930267992452338,0.0828312584911135,0.09142774061814275,0.11998867214524843,0.11448488956641449
0.0940023738779981,0.22487311478743677,0.12910240852270238,0.0651837967548544,0.09644006032767201,0.10196612094289474,0.1433323665805544,0.04910500632656226,0.09599475187932498
0.09066473473131013,0.06864897598534418,0.26052417850274234,0.054568506877281285,0.08707263405393258,0.0999805718281167,0.08004650927978807,0.17043212204213662,0.08806176669934802
0.08144420148516744,0.07819579323187181,0.18723604606806785,0.05877968224234548,0.09238727555361158,0.07495634517425931,0.09207056414420023,0.20599894539658026,0.12893114670389608
0.1455893495336936,0.11683748008519763,0.11930456459674955,0.11094317797863314,0.05421648236146285,0.09731141831816408,0.05617524010861347,0.20981951093495566,0.08980277608252997
0.086184384929695,0.14867720591402386,0.22332462863287325,0.13655702709347498,0.0921898617246849,0.07106931118884385,0.11095413457533691,0.07472654461648946,0.05631690132457784
0.11586515200649328,0.09906330396174784,0.0610298112852704,0.09702173962346532,0.13786808655362232,0.12770731775588298,0.12643584197710175,0.09381271005780889,0.14119603677860726
0.10247032874045207,0.04490931833409894,0.21724423589715589,0.02844342998164283,0.06323008027637418,0.04188593504602987,0.10537980442360802,0.14019559355676817,0.25624127374387
0.1150917010647126,0.08630151316351826,0.10974498844427265,0.07431828226442304,0.12281654559682648,0.11154453532347737,0.11142001485201136,0.10631721647587926,0.16244520281487898
0.09102178443703692,0.06209211066324425,0.13393878871415996,0.06286019777377368,0.10647926074219183,0.12021159470390352,0.1322977167863712,0.13968802126340052,0.1514105249159182
0.10621384063945567,0.08877947536189863,0.18343965254668457,0.10382927836410344,0.13550217150779145,0.10756416391944963,0.11412361881565886,0.06176164169471466,0.0987861571502431
0.12459405814018949,0.08494179271311457,0.15200124005419838,0.0797731141240668,0.09307266755050404,0.14022062834775836,0.11668387801834383,0.03474198697890422,0.1739706340729202
0.10617272323774973,0.09857091246635712,0.24142643568182084,0.06969383271163694,0.1060435156652642,0.08040784774605719,0.07436977961375431,0.15637402613318285,0.06694092674417677
0.10744137024845905,0.13407372030775563,0.10925191957849334,0.044977631340165615,0.0970849003572457,0.08047130305943741,0.10199426162920233,0.24344771448403013,0.08125717899521079
0.09547877595774158,0.04540436474103298,0.05743472238314254,0.01898746847291059,0.07706689814915257,0.0962878339056939,0.08140519815583319,0.2545650366480711,0.2733697015864216
0.10855425580506843,0.05252962534798148,0.2082702681924821,0.10902506083673673,0.12107427845292207,0.13354191106333843,0.10590827751651899,0.04817679169749844,0.11291953108745328
0.1053888407539183,0.06509929757115629,0.15421852644960962,0.13028125935847767,0.10404105674198794,0.1006066299400189,0.11364521992511538,0.069721434277675,0.15699773498204098
0.16629409892393376,0.07479126206648674,0.17462521759949137,0.12439958616821604,0.08258805029769849,0.06426345043307614,0.08665461466392303,0.13298363435964577,0.09340008548752864
0.08157419998720448,0.14632615755325717,0.08842213955795815,0.08483394199284888,0.09558444174055108,0.10115929421170976,0.12386518418153437,0.15701313340468503,0.12122150737025107
0.1044921622127023,0.11830174428350575,0.04839345423570272,0.10339431406326012,0.08571289934322875,0.07962812962591485,0.09192005321117101,0.2931884935913346,0.07496874943317992
0.0972596670325706,0.08718880857438081,0.08304037678611288,0.21727213192737072,0.10424934699355236,0.10236176817969539,0.12598651869529653,0.07212296143021753,0.1105184203808031
0.10098819701824764,0.09771394297166208,0.09142522869573871,0.12487298485084357,0.12186797896793777,0.11843178005433795,0.12840102654846783,0.0974414026521449,0.11885745824061944
0.08093672252167829,0.0874891218813989,0.11201480737513471,0.0624493750833911,0.11575269819250593,0.12177456812703091,0.13779978960395747,0.14022393658037904,0.14155898063452363
0.1352221402442214,0.08793462922786177,0.048680939431115594,0.0921275404433614,0.1206470973870118,0.08939818690975758,0.12904705731698077,0.1947988958179102,0.10214351322177943
0.10311939292261857,0.08437472946572923,0.06918071873664933,0.10186240591817874,0.1176020243572027,0.1510435154758366,0.1337594873001909,0.13986285503537751,0.09919487078821644
0.08220645873524886,0.12258762810357775,0.06980495368949449,0.053791475609878424,0.11651337839025018,0.0762142258304643,0.0863101896945173,0.13812924370752286,0.2544424462390459
0.09627853978039813,0.09256886409254861,0.12387578272111055,0.062049850422091046,0.11966655167497768,0.1013481570130983,0.12139165284155025,0.18173514488645978,0.10108545656776573
0.12397923876632659,0.06513669599813819,0.11258251227128514,0.05235308775822309,0.17891856021928518,0.20738923416780572,0.11980047560014496,0.02303334422352539,0.11680685099526582
0.12293880644838633,0.0756398248285655,0.17172356362722566,0.10263381132829406,0.12785986095799343,0.10912896855358949,0.11033769653856211,0.08886204744936317,0.09087542026802027
0.11369035177369839,0.02614308429554647,0.06001615068350824,0.21259929518649556,0.09744134049108803,0.05566921014951146,0.06849739340246865,0.30438939361475376,0.06155378040292938
0.12081336771284129,0.06910557353545681,0.13477805831433268,0.08734280467163295,0.1340512989828118,0.10675840100591544,0.11374346805439695,0.10200479580126513,0.131402231921347
0.12670581559457494,0.12650301254332103,0.10542397360029405,0.08195240502939903,0.10405372570902854,0.12905585060480335,0.09990405831703804,0.11704393523165146,0.10935722336988947
0.09049582163663279,0.04872076412151269,0.26484204859903554,0.0547604756989972,0.09216999920619395,0.09964113721693017,0.07968443697806242,0.1850887329049887,0.08459658363764651
0.10177478487817476,0.1469031274699583,0.10970466515985501,0.07891649604368552,0.11307989822566943,0.10613322414103832,0.11989903158937236,0.13863544079688808,0.08495333169535825
0.13476166825664002,0.06424939417069088,0.1346723591322441,0.06572833216988615,0.12391911695277393,0.09619328211654887,0.12328973332318827,0.1321341663009183,0.12505194757710944
0.09880069001559015,0.07649035389861371,0.13382799692684802,0.16489488780318645,0.07595990411722364,0.07681657464856528,0.10070336345719688,0.17259781739817404,0.09990841173460187
0.08671661332843428,0.13711903635151967,0.18573919007306802,0.04036072364949957,0.08237099811451283,0.07007571805692477,0.14092313306302595,0.1612168552338446,0.09547773212917034
0.11604787841432396,0.13244177099475132,0.12432764098554493,0.10287365022430488,0.08858709156492196,0.08492101039260201,0.10126006418969569,0.11426359247241676,0.13527730076143848
0.10089382576819939,0.05365255793170598,0.15353667181058597,0.10477507459368134,0.0741801464631295,0.09852322514318108,0.08448579251408639,0.16578841739889985,0.1641642883765306
0.07053532317580065,0.14923628794426327,0.2955456917110879,0.03941386596360278,0.0742198538658851,0.05279878711520072,0.05188052546973345,0.21572319696887762,0.050646467785548564
0.12895856826222513,0.12203007741053828,0.13540317970183297,0.046623493056545263,0.09150960490325237,0.07828474757399183,0.10862542687248726,0.20518862454249231,0.08337627767663465
0.12119939828631064,0.10704155600143783,0.07085657646545637,0.06548245169841745,0.14107002770233626,0.11542747793773778,0.12343123860240346,0.09347455192223598,0.16201672138366427
0.10526339351751274,0.0664506358008431,0.04220755884618391,0.05597794592199647,0.09906364162618302,0.07317421184038657,0.11041044287072228,0.3319517660618577,0.11550040351431423
0.11467196304086273,0.05895228576837546,0.10117072285408218,0.2241041528030253,0.10843236790154147,0.09053008051208085,0.07204575403369333,0.13373863101864444,0.09635404206769423
0.08467101146853155,0.086729055853065,0.3643451921917489,0.07285701876300855,0.08083709392311332,0.07470851347858452,0.08886827382076727,0.07811510210947369,0.06886873839170729
0.09565069063434622,0.15748889690178183,0.11571656117326663,0.04106198687008289,0.10531436638993193,0.08921211119858163,0.12009387691448896,0.12923283314084583,0.1462286767766741
0.12519680204877628,0.10301129619877274,0.1915356383709251,0.07460211701826583,0.10375568264559143,0.0858430852060204,0.1001045313932946,0.12494737256179538,0.09100347455655827
0.13779818952488657,0.06760465810107145,0.12419113827621829,0.16123561437738745,0.13118978991084504,0.10158953443481446,0.1187607973946223,0.03825509411513178,0.11937518386502266
0.16489767728901555,0.15023174904513711,0.1606791508493602,0.062181492552673794,0.09872724329737377,0.1256647105053377,0.06864721968896015,0.04077878878381477,0.12819196798832688
0.10922652062267539,0.0928178860250573,0.24509902980998063,0.1069128172674154,0.0864706112033551,0.09366056600951918,0.09164954434255485,0.09633363186293774,0.07782939285650446
0.09588771962302389,0.10009313591688601,0.1107603894799833,0.06816797113175162,0.11160284948771697,0.1150085952635621,0.1267845943916528,0.15403199452879454,0.11766275017662876
