0.12663751596595016,0.08722967210872647,0.062069374158030606,0.2023526630033421,0.16805784845823687,0.09511322445904417,0.030963278648967963,0.10698623896168703,0.12059018423601459
0.10601159886785301,0.09430976841982885,0.05487544690724131,0.10758789407235315,0.1435987772041629,0.18051129941525387,0.04377041694010939,0.10568488203303071,0.16364991614016686
0.10856652510764188,0.06750041092658327,0.2955627409293817,0.05933156349497438,0.13934121655236215,0.06797556762870262,0.10825501052263888,0.11755687725216818,0.03591008758554693
0.0978742655463697,0.068745556927809,0.03904982495429991,0.10886277445645309,0.12188365802874886,0.12530085731840693,0.07564309559694499,0.07621765372983445,0.28642231344113306
0.09917724785507386,0.07589261508808494,0.0395061833342,0.1903232218249872,0.0810372726627796,0.09903181415322077,0.03585966684792319,0.018371708777981867,0.36080026945574856
0.07464668294849601,0.14846920178698855,0.014142025631505383,0.06594965348268551,0.08538219227858851,0.29812661046230576,0.019935506178635206,0.2507442052720557,0.04260392195873919
0.06891948809776867,0.08482323625026705,0.10925664585437768,0.08359480025776737,0.07117692253429468,0.060389209290252134,0.03314080749510296,0.1619163042929124,0.32678258592725706
0.14645545953383113,0.16937852510479848,0.1042613095478393,0.12247960792023593,0.10502116830095391,0.10821670209737311,0.009285788833494844,0.09764106576198946,0.13726037289948384
0.03459538068568658,0.08009302425562319,0.18127501581559866,0.03669182696967074,0.08801378765721475,0.10835863310917249,0.02067412315576452,0.06819986296254528,0.3820983453887237
0.18799688214251956,0.08126012977692539,0.04401463149624133,0.10416523267945978,0.14697733460192772,0.1996287232431766,0.06700608907119227,0.09622484096024114,0.07272613602831611
0.23297156074473566,0.15486868201639725,0.07499371109635766,0.13287552119828697,0.1931220270067282,0.05525389517824075,0.021218572417573824,0.07169096605480078,0.06300506428687892
0.10729525990413456,0.13228001168919157,0.10417432369456457,0.10383198400977822,0.1190807240638599,0.2220657974112145,0.021529553000461582,0.10542151756619389,0.08432082866060116
0.09649663568973799,0.05383617595666826,0.35729219777151355,0.09256803729015158,0.12629242874204516,0.07689527372856254,0.027508065450338196,0.09323881737686084,0.0758723679941219
0.10150967883898515,0.19814461095952574,0.0852096927016092,0.08058150355599147,0.13605280753684,0.11430778951940283,0.18748486450086532,0.055052464230047775,0.0416565881567325
0.28655354315632464,0.13895847660264377,0.10994190871623721,0.04344895185399398,0.1286573451993902,0.09137985194458816,0.030116061739478856,0.11213889758192348,0.05880496320541978
0.12165233655265477,0.14618528475477668,0.07641801117416554,0.09857799900846244,0.13680830113057865,0.07186366517503494,0.205534601845334,0.07647818683902678,0.06648161351996623
0.11080693896371856,0.0929622431818003,0.007277354053374092,0.15177119492486543,0.11285579773087674,0.12187170098806466,0.04842383111506182,0.27856474995821245,0.075466189084026
0.10714346606086023,0.06372483144824977,0.12424933458348013,0.07746601252898433,0.1269391607707273,0.1119534169414705,0.2172988102579688,0.13636754294172557,0.034857424466533476
0.09780591582339553,0.052659217841883155,0.19574129209926902,0.08209645938994438,0.13365743187963627,0.08469794968915717,0.0294288417483756,0.2097575478462562,0.11415534368208279
0.08595193277549579,0.08143719374810805,0.04864484737893845,0.16553629608010756,0.17094369424552616,0.1319530547438669,0.07131696394484806,0.10185224656036033,0.1423637705227486
0.2072824527727559,0.07696275760604766,0.08117477621278006,0.09203503297482256,0.09221980949362855,0.14592305128111507,0.010250467432585779,0.2332876571967093,0.06086399502955517
0.15069191023749937,0.11097293842067789,0.14527786073400803,0.057534225053783604,0.1702072005562416,0.12470410563423366,0.08663733375487946,0.06618425639725921,0.0877901692114172
0.17516947975100175,0.06901113650904057,0.028059752166918434,0.1288255528770289,0.17369752380711345,0.09985599958962703,0.07801009333972776,0.05116163221279571,0.19620882974674636
0.10665461978009001,0.15531298565979268,0.02462459869875008,0.08315933046328415,0.10745948875051002,0.15160044160493205,0.12204704464512717,0.19597365409143785,0.05316783630607599
0.09813340735449393,0.11108127442026018,0.07748271581430467,0.1524072927880068,0.11657893481683194,0.06722808914634949,0.2534098287926668,0.0763444329902181,0.047334023876868116
0.09873608953527306,0.09691794714879935,0.09052926366488127,0.11525287009787788,0.13912715804896378,0.10212751886966194,0.1542459395090547,0.08071395629064348,0.1223492568348445
0.13051762974444645,0.10833519063073531,0.1561489811381995,0.09096534822567622,0.14538114945752648,0.07425103694131524,0.07581936954665325,0.17803609569986334,0.04054519861558422
0.05905033815493795,0.058719032786665036,0.12166592402621827,0.14766732673444857,0.08520909737895427,0.11738024211521847,0.0003909715339550775,0.05708259892109115,0.35283446834851123
0.042444117557641214,0.22384969873015068,0.04068629043298419,0.11527574835600278,0.09486758669694807,0.12255218763810194,0.23723076461979864,0.04568556198770255,0.07740804398066993
0.043828886753745216,0.08189059381098364,0.28249670151340267,0.05314353325034341,0.07235607192979328,0.08130019129260475,0.1341204406171211,0.032516020202299566,0.21834756062970626
0.1454304848381929,0.15164846469363916,0.0925663190216172,0.13575356248705872,0.10579005026298106,0.13515992113512412,0.061828748978262356,0.053455505373005675,0.11836694321011886
0.07420415722345111,0.08784936329644444,0.4326174997407799,0.05246835669573857,0.09185336727065004,0.0542237752291311,0.06733803179974916,0.10043165040844647,0.039013798335609216
0.1012400071749856,0.07254444250375829,0.1354114591547718,0.12323671331094167,0.12038050647353211,0.12623276655147167,0.17713377947173037,0.1007993467754517,0.043020978583356774
0.1355652241455282,0.1142964115759047,0.020167535578382426,0.11211092575952976,0.1053042148571074,0.17668951040139083,0.1340663188153612,0.1104766925765921,0.09132316629020341
0.15358225452809496,0.14979571988347434,0.04479830906271445,0.060392557572154254,0.13184357066272104,0.12858746136924593,0.06515373814749643,0.16804329411515015,0.09780309465894843
0.0960429202451995,0.0650232506109837,0.09349193010157725,0.12825193885335337,0.10429189165278478,0.09436262861212835,0.2609079069449849,0.06791120613866114,0.08971632684032704
0.061591593882125074,0.07235938560243678,0.1706319186279823,0.07822558966201365,0.12777917966615457,0.08841730512020374,0.02294522483576326,0.11319233940896833,0.26485746319435227
0.11729254614486673,0.09566531782833444,0.024245911025235375,0.06630576426277178,0.09384146190632055,0.10295782705741896,0.1902064592741969,0.27861178704447537,0.0308729254563799
0.11630608272468777,0.06321011610694673,0.01008581856252341,0.20602812100343124,0.1377218209431013,0.06491216948670041,0.020331413353965128,0.05980096543216648,0.3216034923864776
0.11978173277248576,0.1762972215266987,0.1476317320917284,0.08251246413936604,0.11253852640215935,0.11715197585070698,0.0841769650928194,0.083004820603925,0.07690456152011042
0.09194100063123078,0.11928740940907943,0.04013520658828012,0.10790792511145535,0.14494670370088875,0.19650483875752353,0.04973338279434114,0.16159755730124462,0.08794597570595625
0.1248146750073621,0.17582426716120647,0.008014839493472687,0.059334345997109315,0.18218951041675405,0.10286122591042433,0.03245994253965679,0.20215198870608955,0.11234920476792472
0.08219796203525132,0.06165795820732856,0.3010815647221445,0.0516622968759339,0.09428418146828964,0.06349633562304698,0.18244255500609463,0.025482224592930643,0.13769492146897985
0.10158413369815794,0.08024253295190366,0.2233614244013773,0.07462915291076862,0.11581822669320226,0.06699998208874706,0.1433093104785631,0.16665854218518922,0.02739669459209069
0.18515606025481937,0.0766421296823654,0.3141442372573849,0.05841007507730258,0.10350987246847383,0.17226868793603567,0.005346260196485458,0.020833790908416184,0.06368888621871671
0.07800788336855123,0.11114285912879296,0.06402900159706347,0.06095307844052722,0.10875141921140508,0.13374511978273948,0.13555073130112308,0.059716678262582056,0.24810322890721548
0.05438792712318671,0.17968199863048961,0.044324136520327066,0.13130786810593179,0.06384818847571971,0.05821238465743308,0.4158657496199709,0.0224159404920401,0.029955806374900935
0.07608756695707684,0.17164861544556573,0.0492329677687075,0.07884457156445775,0.1143814438582275,0.09092519307290918,0.23277749664507943,0.08345256390523893,0.10264958078273716
0.09424888962080726,0.0597613243118874,0.16975035537798266,0.021146801846743394,0.1696984510628922,0.0873339682214425,0.16868426104510237,0.039219754214385026,0.19015619429875721
0.08769000964102831,0.11218248663657453,0.05005975916827598,0.17299033740789485,0.10474152835808931,0.12105716222809937,0.014674647969907584,0.21750774521872115,0.1190963233714089
0.07077094170986005,0.0913322059128026,0.03840656527766278,0.10711393639186502,0.10751732625220163,0.0841308381231466,0.1661390420675172,0.292910082565277,0.041679061699667175
0.15292259526577953,0.1020507093741745,0.02178527570911512,0.1857180993919715,0.10303508988863493,0.12574009040064113,0.02686776603497135,0.211003652881657,0.07087672105305486
0.052046972777375966,0.04876190790354823,0.04092848271643641,0.050041679901173676,0.16329264417843395,0.07803319505375608,0.07055805417884627,0.19820910785577264,0.2981279554346567
0.11187678378950323,0.1663614395472997,0.11834538711769711,0.16106994076374317,0.10698932389899805,0.18979289918055783,0.06711599365332903,0.050269321457367906,0.028178910591503976
