0.09700749694825189,0.12328069389492043,0.06682720672215972,0.11913513594446934,0.13309391922692385,0.30761969936958794,0.08038978891829272,0.03552943362065572,0.03711662535473845
0.11107695283055151,0.057931673572066605,0.11633894908794022,0.10020948435343026,0.10423319571742533,0.34331249521546775,0.04472410614940253,0.07739349848597485,0.04477964458774102
0.20305557800410032,0.16114963165895888,0.052819569953132674,0.0891157524658261,0.15158548826200913,0.027066810550998948,0.04024337823075307,0.1301368075392226,0.14482698333499833
0.0844823120945258,0.043673360271630435,0.030259726553158145,0.18120018506282606,0.09933906174468332,0.29274959260570177,0.040218253406168386,0.03623663468481386,0.19184087357649235
0.01710510893848986,0.016675968313708506,0.04592754202299983,0.2551885865155768,0.11201506228599838,0.062213988749078936,0.3149022915000655,0.04301752940596643,0.13295392226811578
0.026926825441839178,0.2695278715378297,0.04662052666224111,0.09711681220119206,0.11776046360449559,0.05120135061887823,0.22290004701590202,0.0662226456748894,0.10172345724273278
0.08908276988056252,0.058586131180355876,0.21041962071669054,0.15078257213825003,0.13544092806175517,0.11294129734666293,0.10747281996999886,0.09901818647902856,0.03625567422669546
0.11486187409362712,0.04143413150153445,0.022265768341393346,0.12486927887929315,0.12971627420001852,0.08875004018295694,0.16125094525673067,0.05232140188834505,0.2645302856561008
0.05011547061589374,0.03539130712194566,0.03141198099373241,0.17523226105298428,0.11357176559193723,0.3587629205013267,0.08054247667619517,0.038909835947126756,0.11606198149885809
0.061487383066973184,0.0152336624848389,0.17901808192475918,0.03986378396402753,0.08550056769617138,0.2804038623296425,0.08315276596249427,0.2245854070021557,0.030754485568937326
0.19412742267882713,0.12120232271742433,0.00895658727420704,0.08576472183895811,0.1177110843280389,0.03947515354468565,0.0840438652093654,0.04186063804885596,0.30685820435963745
0.08552339153809918,0.3122176136237878,0.07700692213732628,0.10889123220555032,0.1338939886992643,0.04204809528564569,0.026493449475831377,0.10596555828901283,0.1079597487454822
0.034755962646299564,0.11127839221293805,0.02336290963100808,0.19767244582382415,0.10334916360115742,0.026549092726200457,0.19687034441176018,0.02577912446066356,0.28038256448614846
0.1361039092785679,0.03225248212211693,0.038968863892832335,0.16233653580708482,0.14657376610030545,0.206760678361263,0.1454608488441431,0.08940149442756311,0.04214142116612343
0.15740107985087434,0.039219002554976366,0.03963018167760634,0.10323859142279156,0.12014571518768567,0.2632416961835293,0.026494405217976583,0.14074473713289193,0.1098845907716679
0.08316257810965756,0.13255679986456806,0.1477322837512061,0.16064517820501578,0.13558378743313163,0.05187313632722296,0.09760479028543685,0.0346323257027577,0.15620912032100334
0.10780518113580655,0.016662921813691996,0.10920374763886044,0.05096177811632128,0.12066294993749589,0.14732368302027157,0.2243241160083487,0.17291815448296985,0.050137467846233665
0.08845271837247125,0.3733341367200161,0.026594713692981872,0.0727353291315253,0.11455363937911885,0.07061360062113403,0.0582058541137972,0.02386818203102531,0.17164182593793018
0.12408990437543088,0.09975158822519654,0.050047327794788106,0.2545333368000986,0.15609109524451034,0.06780760168560336,0.019621992306948704,0.055154493970587186,0.17290265959683637
0.06916516003816847,0.046009859715242234,0.08154430688398707,0.12574190807802235,0.1379441996930242,0.19037416567757948,0.11716621988621745,0.08258105422482809,0.14947312580293057
0.15523906504493676,0.14101154127104842,0.0284562190164736,0.1485350137812186,0.10764314738776071,0.2228810843445523,0.03727706770892935,0.022180048637243644,0.13677681280783668
0.09927584690097703,0.020490868781912492,0.031627535217234194,0.18291123198394685,0.09207831727292266,0.4367686920844278,0.01512032486350888,0.05621474432994695,0.06551243856512315
0.13453247321424264,0.16308694005094124,0.03969748560741141,0.20901447502475148,0.16653048530906855,0.030339000167915034,0.03710739991751535,0.1441940227644238,0.07549771794373038
0.15163962103835735,0.07071803805295608,0.033533320993375214,0.0681461657100283,0.12683642766083106,0.29427450142771855,0.06425907327592943,0.1417039405439487,0.048888911296855464
0.27656535639668967,0.015026763961288473,0.08204498581537631,0.05408016294422755,0.09957354053119427,0.2646847404514677,0.0593527248136253,0.08113435381740228,0.06753737126872837
0.14314570433117066,0.04480405541617699,0.11787249447010677,0.06765417032808399,0.11243961736228926,0.29555585516587596,0.03413169054137952,0.08938905840724624,0.09500735397767057
0.09093215967899622,0.0438573577933147,0.015401831212975793,0.1639122436652147,0.10695617966483312,0.43740446821778683,0.07717281182073628,0.013045077627299386,0.051317870318842974
0.0959723051148752,0.035802047483917465,0.1474724377013142,0.12915132438805402,0.13277299942666904,0.1782258246013638,0.16052122711730782,0.06962267554093143,0.05045915862556702
0.02758920589941626,0.07394968838524811,0.08400894990090067,0.27191802493561806,0.11906732640147656,0.0730870290601447,0.22827180151594492,0.0428641299122764,0.07924384398897422
0.1514315014341512,0.010668447653205673,0.038959667221321576,0.08350886078880004,0.09926341270594581,0.417014143527998,0.02565232984205426,0.02901781817572821,0.14448381865079515
0.04511340170553716,0.12378988140631458,0.03769126594961327,0.24514885002054046,0.10849988153840533,0.01781651507654927,0.18926689603301416,0.13823253581938466,0.09444077245064107
0.1096755050047497,0.040473377378257895,0.17470564716315176,0.036569384586481894,0.0940453795281629,0.019747031876378236,0.044469952394760905,0.30303458323809623,0.17727913882996038
0.16854689447843132,0.036506179110912834,0.06526568394105475,0.0647757061422777,0.09408889676766906,0.42623509977905405,0.021409138312855045,0.07090757682947262,0.05226482463827256
0.10316712476468298,0.09944866517581315,0.08540797719932225,0.11078194296982559,0.15231000140947423,0.1255748100644146,0.13345937817203227,0.06918233029838398,0.12066776994605093
0.03704853396612164,0.09019836155963179,0.10366747094723971,0.0886527558440815,0.09521060698885102,0.4754319529006637,0.03030682619786516,0.053666892719270415,0.025816598876274976
0.11306885385242078,0.032334417354666946,0.08791026788300886,0.16873304010626441,0.11837618001774675,0.2500224886979123,0.08177490670275361,0.06518501334334924,0.0825948320418771
0.02857163007864501,0.030148143877806306,0.05067455517896944,0.13953724429893702,0.10526033381730104,0.4929729912270613,0.10064490122876912,0.028136648507163714,0.024053551785346888
0.2148164903392772,0.1012103363497369,0.028538258315623035,0.04261171103764127,0.08820170981563213,0.2900062782572532,0.01534726921410542,0.17982604602386185,0.03944190064686898
0.08105516974161996,0.007844953518957696,0.028305462325975028,0.1662419706604049,0.10096209384818261,0.3548220927355649,0.057842407798136784,0.18122452675097492,0.02170132262018319
0.0619576024664239,0.2565055415737207,0.018265627468977433,0.07945925418827605,0.09791883522426514,0.02008695904835928,0.03271804235655101,0.02701981238079935,0.4060683252926271
0.05030449159981795,0.0325601383696529,0.10947702809021799,0.10908494124048503,0.1240942426155031,0.11268044732745985,0.025708593858591842,0.11489305420784972,0.32119706269042153
0.06205392153527339,0.2792934807148698,0.026843461187477036,0.10785086864555317,0.13069491050653562,0.06980684096772151,0.14684230452711963,0.09587817156395011,0.08073604035149966
0.054195311673776135,0.01691412411720139,0.014116276006671315,0.07441593889935297,0.10974906131682294,0.08318323181987336,0.07687655989289145,0.19552441809626112,0.3750250781771493
0.052588945561165466,0.04661952558513418,0.06312068688966384,0.15984489890724032,0.11322597853451392,0.42593658656614863,0.014831462351755384,0.025153817611914764,0.09867809799246352
0.08033869357436074,0.037535450394078684,0.05398308080765415,0.19898508390585135,0.10517326630221711,0.4375849242939142,0.020895091580663938,0.05491437029736557,0.010590038843894242
0.03700956811858638,0.054970543792543645,0.2144757842180828,0.17008699270969138,0.11156948717030352,0.2585858773355316,0.01596299957043186,0.12581615127429022,0.011522595810538489
0.04967926840749889,0.1703257945867779,0.03674066827104404,0.05308154618701288,0.08758106288924879,0.056565912493699515,0.04166636069071743,0.08744767833901844,0.4169117081349821
0.0974836452374146,0.05469945328164654,0.050251282040089586,0.13204397785172592,0.10541253098376657,0.4635966798904036,0.025221881002251367,0.011154301863653434,0.06013624784904834
0.0814509625729144,0.06826430433510815,0.09755264127944863,0.18213936691273747,0.14137451167064455,0.18484334793751442,0.08352215680631424,0.13900926231470603,0.021843446170612093
0.16981852984725146,0.0847796751293622,0.05431707071552916,0.13726897568653537,0.12508801994465618,0.3230890783169313,0.05647880258876061,0.01754476003462609,0.03161508773634757
0.13470628048963407,0.03771987986958366,0.057231071102625784,0.12464542986555367,0.10664161986221772,0.27182466644071707,0.19702373861719732,0.047435135969185804,0.02277217778328482
0.2358441002176108,0.03461050449855931,0.047436606036608854,0.057278025531046516,0.0995166181424847,0.29761010910212354,0.05113582139875181,0.16527974278162183,0.011288472291192564
0.10241598317046735,0.05978041345722893,0.11281269931671008,0.193100871136802,0.1472619376510312,0.11915718439351541,0.03258971260830457,0.11940639878156965,0.11347479948437082
0.11294819271920069,0.04290600347419766,0.03518654388090384,0.08977071359815857,0.1477027612055011,0.0636812374651587,0.13120381468884654,0.20412455746628855,0.1724761755017444
0.09810522126728986,0.047472794409231404,0.05608337631094792,0.22542392557250143,0.1463297969493255,0.15585076346286741,0.12747067603654508,0.07795941462127258,0.06530403137001874
0.08694973343098412,0.2210008728692269,0.06274559997202833,0.07664694893989975,0.1447381872234245,0.035285158568454926,0.12684071816326808,0.1348475731990098,0.11094520763370354
0.054999243360144036,0.12238214147023456,0.01337021575108495,0.04676206372254691,0.0890830924594113,0.011306846100483279,0.1067867868047901,0.1149606457636746,0.44034896456763023
0.18904426221013113,0.01651924565361963,0.22460361950189178,0.0451636254263807,0.07115733042388724,0.08369191548584294,0.05599153412478631,0.2638494374600881,0.04997902971337226
0.06882045343933522,0.1664959722536369,0.07164491844110926,0.17923991172714046,0.1506395570629796,0.03561569853532704,0.08737278298174982,0.07233656453487297,0.16783414102384875
0.13522112064644323,0.02892681566213247,0.03781287770960337,0.11747297015449003,0.13464257740731797,0.3814413683415818,0.07167084875099988,0.039778985380367976,0.053032435947063285
0.09557313565304515,0.08436069808618003,0.04725565891237051,0.12073909536887835,0.1304546047258389,0.027222368681038823,0.08085916381061753,0.06168578134477764,0.3518494934172531
0.11340801602161782,0.22886046744385627,0.039647262093377884,0.15242632082573407,0.1425780949681267,0.07546812939042565,0.08463612827574007,0.09436527222805309,0.06861030875306844
0.055640004436685354,0.051804956223341886,0.15083263689270757,0.0988541994365905,0.1309666354520772,0.04800564369460028,0.20790150791386744,0.12032639420944295,0.13566802174068682
0.10582794058499577,0.02241351757618436,0.009356557884344347,0.05932905166762994,0.0926042780420994,0.4043742875124872,0.16107536954799764,0.046647402196564214,0.09837159498769704
0.11893005961589316,0.05798494271498957,0.17837251598454096,0.09634814451347218,0.13444966723734977,0.24335218625580768,0.06617376011854731,0.04090910469902619,0.06347961886037318
0.07064808642245607,0.02644689012122164,0.08558711915488126,0.04089307884568393,0.10894534468923156,0.1326822631380342,0.19878671022584235,0.1820475453330781,0.15396296206957097
0.1763000717340243,0.1344748794799664,0.02582834142266298,0.06636340334336845,0.13233581639632486,0.11825259510889248,0.04990908773689843,0.24027577635132957,0.05626002842653253
0.07191524339165155,0.5049416918509843,0.02401300941580158,0.044990134955495205,0.0943169494273111,0.07499494253517042,0.03865905658261154,0.028038381075925736,0.11813059076504855
0.1615489709203332,0.21001574544622156,0.03429613138127503,0.09168449867951427,0.13828252570617908,0.12615330940320887,0.04713728525409731,0.0902203070194489,0.1006612261897218
0.0521635117171661,0.2685745847045813,0.027431099592527913,0.056380662747738314,0.09453317379524369,0.053688845148600034,0.1880808753819444,0.041693481577774916,0.2174537653344234
0.09043943357337518,0.02376195039886837,0.05626086399697214,0.09186510726926451,0.10492201325111318,0.3536679118383946,0.02347701528017343,0.1525866294909034,0.1030190749009352
0.08163618914949348,0.06919499974569872,0.06413514651493561,0.2067499597115269,0.1508484805684343,0.04233572959702761,0.19805954524669236,0.058631606426610285,0.12840834303958065
0.0791632745819443,0.0659515233572157,0.08101689678169173,0.2918596769125608,0.11816654608891192,0.2400012926830537,0.015924539790577088,0.04274480962479046,0.06517144017925423
0.10510738415408684,0.0711664525277088,0.0680719710458852,0.10506982648880685,0.13222089618738853,0.33203285966096724,0.10713093497559427,0.06374251013322878,0.015457164826333433
0.04369545762284075,0.09024960443199483,0.04839824506871256,0.07807682909046464,0.1142396420775574,0.027371121798196982,0.3787995270169082,0.10675358639743492,0.11241598649588976
0.13614571442247575,0.035394798704681464,0.05480863871581328,0.12027193976196554,0.1121218778079879,0.37210184614445274,0.05714986970448525,0.0519303512129989,0.06007496352513917
0.07222217459570454,0.02931885217745241,0.05077612791540631,0.11640292539565833,0.13112689124109292,0.37282299835173344,0.02757829464382873,0.1713397580900661,0.028411977589057304
0.07886333388777962,0.0489277028383595,0.040330624682558096,0.13771584444152016,0.11701996865832975,0.4330314271676477,0.03623306887689148,0.012832221928394302,0.09504580751851936
0.17062849534463997,0.18116856510015836,0.052734721889738385,0.13926103557081937,0.167955461733866,0.13185347363806482,0.07782221524986456,0.037260252570154966,0.041315778902693466
0.25981681012899865,0.05082466417522686,0.1146232165171042,0.10502721249301401,0.11203508666105337,0.20819588388334045,0.010340739836251665,0.10953465698264049,0.02960172932237023
0.10620140698954779,0.3625668871808541,0.039352325442449175,0.1523697737059676,0.13294972388866824,0.07055637852029335,0.054970800582652656,0.02577419024047474,0.055258513449092266
0.012362127330154779,0.0035187308640938987,0.10350742844529337,0.2894496006006601,0.11386563381667271,0.1537337642853214,0.05161917646061312,0.1614472019325929,0.11049633626459782
0.14791484502435387,0.06578383632436412,0.02786172503785783,0.08172699185497953,0.11656723730011588,0.3936560798091085,0.01781432456155806,0.05513579314197988,0.09353916694568225
0.08874130681020093,0.22834075777997564,0.06297149819672564,0.09913146610642827,0.14801943978423848,0.12575293993224526,0.10087759086189263,0.08681186349492359,0.05935313703336962
0.08384282277742476,0.0337918825482238,0.08595723685243707,0.09117314547997081,0.13887239239212568,0.11237112633083463,0.21781485779183954,0.19519867502166144,0.040977860805482276
0.13336649249639546,0.14726096106098185,0.09339356171482287,0.07146334705484698,0.14783399827993748,0.03166669881615799,0.06989578352824101,0.16207794750032825,0.14304120954828806
0.16926307056506254,0.031053983740736518,0.03428875459381899,0.18031847673092014,0.1036713574909368,0.3607907932947995,0.07239208124760825,0.01686157842344911,0.03135990391266829
0.1347240689063344,0.21437831949182393,0.08692529573627024,0.24779626451221826,0.15884583434710722,0.0525164449578334,0.04634221399045432,0.03015687767399733,0.028314680383961014
0.07965945148336959,0.175525482782916,0.09040161498506816,0.18171306795505834,0.13993559332833755,0.1594981354566958,0.06043046064715648,0.09912404542002155,0.013712147941376493
0.1330910643142852,0.08117824767823795,0.08034455504409564,0.2170166854505485,0.11053504242560326,0.10128680516688056,0.03721362670172054,0.02851324851305224,0.21082072470557608
0.05817159476005168,0.06910365387897362,0.0775869692077908,0.11528035247104358,0.13941798401136316,0.03374053440589827,0.09327555137440798,0.1240368872857766,0.28938647260469424
0.08045076839431543,0.07163688908036508,0.024489263560847536,0.08586205070575514,0.08023107325183926,0.49236224763182196,0.024492612970068023,0.03265336431103534,0.1078217300939522
0.08626034077711271,0.20681311317211656,0.04859585812730085,0.19535580833418711,0.1480314326952966,0.02960659381994971,0.038012236976960705,0.13335682701321086,0.11396778908386496
0.18342282560366885,0.12418177150160647,0.020186684137200876,0.17018474087978544,0.11813013871775228,0.13581618651985702,0.03206016131477035,0.058748910038562176,0.1572685812867966
0.15256319310854538,0.06731089006878967,0.048983857503018924,0.10467243854804492,0.10066043149733438,0.3968566102546087,0.028894495877816073,0.03554918751833688,0.06450889562350516
0.14065056570393406,0.06487903385975079,0.024026724072235495,0.08717804227638382,0.10369141395162339,0.4707527327109993,0.029798318163325285,0.06292756973665264,0.016095599525095275
0.12598116912917998,0.0823413717720959,0.017150087487462454,0.06439850468195263,0.10487889462941484,0.34243569486356384,0.09540376192822647,0.11846842240823698,0.048942093099866864
0.05981433258732327,0.01768906867775831,0.03073623221624636,0.059907329457176965,0.09062332098169247,0.40703725002365926,0.0582629104523067,0.25483639139007225,0.021093164213764348
0.020005527101816634,0.021272900522873273,0.3085794266621528,0.08773303119046656,0.0782240013799645,0.057001990693411185,0.01862091282504017,0.3169841880887799,0.09157802153549503
0.04145822589203305,0.08755726391986074,0.010020403064955588,0.10177155951401949,0.09234895841138746,0.06031846579256158,0.05082433241078981,0.014845968372446913,0.5408548226219455
0.14204753445894613,0.03431568026417417,0.04394415476994245,0.0579504736680422,0.10489518845035674,0.38468491449173503,0.08335465688192678,0.03502705958386145,0.11378033743101508
0.09501984298547601,0.032304288888804954,0.043033934494496245,0.09715958438605761,0.11909931667343891,0.40694381674877284,0.06147339396147596,0.05472470001066404,0.09024112185081351
0.047487253299456,0.025669995974717096,0.10722264057080082,0.10338489387402626,0.11236205607786987,0.1291110701675128,0.17984352035882037,0.2738951846469437,0.02102338502985318
0.11221315273599615,0.02805851707525205,0.04536799264925482,0.07424631743489624,0.10141732692854159,0.33933294821866355,0.026924166523093346,0.24319844967083207,0.029241128763470195
0.096080317676374,0.07314191086591955,0.31503908008778814,0.04097216664394183,0.09371127218916069,0.01836018878191499,0.039271579888721514,0.21420120343565696,0.10922228043052234
0.08827617843745401,0.06022963841517955,0.01738118158907181,0.17782515714758976,0.12299627937063924,0.30019004673948047,0.06950385862446297,0.061251030882082926,0.1023466287940392
0.1694371643796102,0.10841084134599947,0.044767743673342415,0.07561675329711062,0.14139128252276767,0.13165632815463382,0.07620401405314225,0.15711376506896357,0.09540210750442984
0.10799875925520004,0.06670093028082727,0.039706574164144796,0.3038645244305966,0.12602013089289058,0.17981450645891914,0.05040379392748795,0.04931355497479834,0.07617722561513526
0.159789056507204,0.05120551339687663,0.017008656829698057,0.053819939568699814,0.08748472036455396,0.4829696418985096,0.02813729103657876,0.07651078087927697,0.043074399518602285
0.06452991784153021,0.04741432314506041,0.10440419695296592,0.14611963626562488,0.11966161759534368,0.4201773269378879,0.04366582397252946,0.02340937015552473,0.03061778713353285
0.08908276988056252,0.058586131180355876,0.21041962071669054,0.15078257213825003,0.13544092806175517,0.11294129734666293,0.10747281996999886,0.09901818647902856,0.03625567422669546
0.07640240323042925,0.28649065455606876,0.018959837489496933,0.019829783142652758,0.08292876601813928,0.03131626687030468,0.007824016560383862,0.45843402510900805,0.0178142470235165
0.2285079947712166,0.1932625380865224,0.014865219609958902,0.11171161318875876,0.10942683156094923,0.24537232147929436,0.01825058637768185,0.014781724554280028,0.06382117037133785
0.18543099535426602,0.03971169762825066,0.014867172188575103,0.14368789072830362,0.13838900154410338,0.16966056777127325,0.10286654629697882,0.1267184140987528,0.07866771438949631
0.03915068168178714,0.1418558836116873,0.038939469362155324,0.10480006271392787,0.11140175294153976,0.12080668193763332,0.10559267527719125,0.01497000897729116,0.3224827834967869
0.14776719957238174,0.059784940297666345,0.022634107680157597,0.11917606278923291,0.12245940421341327,0.3698104576719101,0.0332429252795417,0.0562812047435135,0.06884369775218285
0.14894755957818642,0.03359261352926638,0.13235824675703953,0.13662951374257837,0.14289821617241152,0.06483702400725198,0.06514887233655796,0.06411320294600036,0.21147475093070756
0.06520257013660262,0.01719909677823613,0.025886891954987116,0.18304377855416334,0.12872559276395665,0.30456246456496516,0.10188266279145834,0.10057463892150287,0.07292230353412775
0.13386416893912456,0.1354230429869895,0.060494066206236354,0.11030758847282218,0.135447719200624,0.04907420479595021,0.07735823338220828,0.228731881313983,0.06929909470206182
0.06673106457103181,0.024179955588481895,0.10215112531407605,0.11517552971135969,0.08980574258103362,0.5250678202842559,0.010347075191096448,0.04010563012381992,0.026436056634844593
0.14812352758797911,0.037294814902609226,0.0657448552371025,0.09535543865052887,0.087206137416023,0.10897348903877359,0.04486784985051916,0.39777675549303204,0.014657131823432477
0.07196427069800794,0.12661565920336346,0.09163857616649644,0.08004871445386474,0.11088860548669006,0.09108934507041995,0.1406088692471056,0.007269818900074418,0.2798761407739774
0.086221121723193,0.14636573790476784,0.024614508076012235,0.14321807778992013,0.13835457512008442,0.17033903199949374,0.08389455615533799,0.06306474744936691,0.14392764378182377
0.08039341274255483,0.048240283380927416,0.04855859228507389,0.16791543014687974,0.13127165055777076,0.1099138522797762,0.29241376923469464,0.04072836604061474,0.08056464333170778
0.14718809841364,0.03873847149709029,0.052703335405038465,0.0927321204384814,0.09658981420446759,0.4807410170036153,0.015040062716572258,0.05498699940471399,0.021280080916380496
0.05275125413570964,0.04939135924935273,0.025241753800740247,0.16859248023833062,0.13058554040362583,0.24772708322846446,0.11854197689854488,0.08688101180225488,0.12028754024297666
0.03424062461154905,0.010218055010509307,0.47829794228790967,0.03254637017029476,0.08679152423998839,0.05921844166158671,0.08962312856565209,0.16341015460520256,0.04565375884730739
0.03891959766122593,0.14723847600728376,0.04170168580859331,0.10733928863112314,0.097062343131729,0.04503234454208649,0.1877938413788237,0.009452330626147367,0.3254600922129874
0.10283747651642712,0.15282948277422578,0.12724392077441785,0.09603911393833207,0.13830498719150963,0.049312165548056064,0.03718550683823906,0.11131767689450502,0.18492966952428724
0.12504921943199063,0.05465049739515055,0.08708242315267922,0.26173324036261336,0.13363132626741384,0.08328140746224395,0.0869607630296987,0.15273755376595505,0.014873569132254634
0.08207119802455662,0.041001633991040516,0.023425349364203926,0.0988418496835599,0.11291863276627156,0.3035780700154663,0.05280123926927522,0.20161626660148946,0.08374576028413655
0.07323127357300425,0.1321477631642355,0.03853958132194029,0.18475905519298563,0.14627510129654264,0.04125840207774786,0.08220565592180569,0.13252352625404648,0.1690596411976917
0.0443593927559805,0.03814574426543302,0.0402451579167508,0.03747809640049817,0.09948811738674712,0.07406457164152269,0.11022359840926894,0.2990044267219516,0.2569908945018471
0.024060752530471175,0.06539096820695335,0.3126553215596062,0.056239256623963646,0.08012485605694676,0.005362034652347847,0.012153918820366863,0.41299119513974664,0.03102169640959758
0.021849796220249424,0.15943704306462,0.12995472406566974,0.10221476514435147,0.11382886938031901,0.12109906375821233,0.27544766870332765,0.023524585512802978,0.05264348415044736
0.056024130750143175,0.014126143051952809,0.045373820381181824,0.056947386170316645,0.0865635360091505,0.07082799366224268,0.04076211934249778,0.45315924035895866,0.17621563027355588
0.17116019407979408,0.14402041830425752,0.026399307099248977,0.14734890683920737,0.14440058659914448,0.044606713531818665,0.06170923060582482,0.02605634320344972,0.23429829973725438
0.08039724734474729,0.04947490865274142,0.0355836344535569,0.13086465935629396,0.14504492558667992,0.0517850414022751,0.05582315280029545,0.2353477572569654,0.21567867314644454
0.09079961717584746,0.2904814457814893,0.04767228453758615,0.16985559854608664,0.12828122099014536,0.04431981675463148,0.12133551525625386,0.05475244550480321,0.052502055453156594
0.08942791346275299,0.024762718731295513,0.0753471963481631,0.09098282550113673,0.12389437210379962,0.39295296751507114,0.052802458960809685,0.104750171338302,0.04507937603866927
0.07921905292097375,0.013767393718454889,0.03764371469391072,0.1866361046066337,0.10961494814814544,0.3245775977214393,0.11040160448170226,0.09221315026694227,0.04592643344179772
0.031042403881073512,0.02241144692433834,0.2023717728810834,0.18605755401775448,0.15494428318433753,0.042142588464530874,0.16112477517345078,0.15029999047764828,0.04960518499578279
0.20166668689728495,0.14426808561790722,0.053812255759603245,0.1084584086055828,0.11850742505793484,0.16138833325869587,0.15466869622529675,0.02095219862809919,0.03627790994959518
0.08866115071380698,0.02201120036919918,0.027759802713883175,0.11337347404902982,0.11004007520186919,0.49424228336414133,0.024306806706573283,0.06593609405832974,0.05366911282316735
0.11161220263281675,0.22390364008662797,0.08072083347897556,0.06270081783290933,0.1308509164249135,0.0219406556037,0.07633103926780943,0.06422222258484986,0.2277176720873976
0.23885793957838386,0.06563148668577423,0.02305673015283748,0.08280380923839174,0.1309595152817964,0.19136531209122565,0.037057177230600875,0.14595645619760778,0.08431157354338192
0.18305036318882975,0.10789634753318168,0.018152274095195337,0.05998612158972671,0.13592795803818758,0.2184289812097909,0.0238894476532604,0.16662161934140896,0.08604688735041864
0.1035854045529231,0.07051308776752119,0.02858787966682025,0.06032070057859321,0.10958761747962514,0.5023573209548851,0.029000212788248002,0.05943204561678633,0.0366157305945977
0.051155851948686104,0.3010153413742249,0.018522576883022928,0.05830745858538807,0.09720610115974791,0.039722133988311224,0.08869488175569702,0.03027481313798334,0.31510084116693854
0.05658825251814309,0.09099193443504966,0.06255974894128959,0.12263835806980856,0.16401192219617322,0.12503069938883904,0.09582113208594085,0.1882264067025483,0.09413154566220766
0.1085318556445737,0.058623076533189176,0.054257058454535594,0.12756194869039997,0.12000443819982683,0.21148376877097785,0.04438159050715742,0.03745460658405432,0.23770165661528517
0.09853463759767749,0.0496523658053477,0.18124658947465222,0.08091865289863774,0.14816600577955139,0.24117109299687012,0.06359590979771772,0.07534907912653825,0.061365666523007366
0.07023778903975685,0.05141384201589905,0.022982588757919257,0.13740086321845305,0.12249842200239136,0.3574398924366693,0.1243733549914295,0.06179128634424355,0.05186196119323807
0.09043943357337518,0.02376195039886837,0.05626086399697214,0.09186510726926451,0.10492201325111318,0.3536679118383946,0.02347701528017343,0.1525866294909034,0.1030190749009352
0.14871773999055107,0.09261964070282312,0.08403737869431666,0.1328972544401943,0.0958468852722999,0.3164158537032205,0.019634827147837795,0.10087817945088044,0.008952240597876217
0.07737591133604615,0.08475544215394458,0.16666625691292955,0.08399528547402162,0.1095045799589814,0.05407528258075348,0.046013914881862156,0.326997196362983,0.05061613033847801
0.09171767029285054,0.07307689633079863,0.09196000159704369,0.13072237269894418,0.13084711436283933,0.3127706764324325,0.10832100507552535,0.04274331746073273,0.01784094574883309
0.11934146788573431,0.03989331842847162,0.058219965498993255,0.08158237106117613,0.10878360093761735,0.43411224152705324,0.09772907679007935,0.04071201432820257,0.019625943542672244
0.04962270665038535,0.0714140124416357,0.36487524464932425,0.10887200918276341,0.11279912071499282,0.029551000529041468,0.06698415082057736,0.1264371493223924,0.06944460568888723
0.17266351433312344,0.11442151089618584,0.09491129273551065,0.08423246213441123,0.14606069082765957,0.1944492161410448,0.03179538987888895,0.10568426410013726,0.055781658953038195
0.0988569277568479,0.2367917026438835,0.038114844596042786,0.15486739670159322,0.13167387234263608,0.1448219441889187,0.03570819515109072,0.014230876574937013,0.1449342400440501
0.1064089324280168,0.07211900887830895,0.017300686717479526,0.05176788518154612,0.09798673118149276,0.09388384080613539,0.13776741899259914,0.34253593769340324,0.08022955812101813
0.17269772111268067,0.019029923205715192,0.08784693642618228,0.06132675834508331,0.09950899497150706,0.3685074060145159,0.015693992464347717,0.12523778873760227,0.050150478722365555
0.08448616735779423,0.01944295950038047,0.1085444538311837,0.05438250584654009,0.09132631027744205,0.2806108631165177,0.015410660913750382,0.3294429976291284,0.016353081527262957
0.08085646898993999,0.03400171531889989,0.18886742615923505,0.10139364931494432,0.10279268993151623,0.2806449171273088,0.01421286834603374,0.184400703054847,0.012829561757274904
0.14905845468711446,0.06960500642084412,0.023047574511016546,0.11121580350594834,0.13142851829579125,0.057590120009874256,0.2557427253235144,0.07150355458362177,0.1308082426622749
0.07991262459831974,0.1458853752682318,0.010288569822735821,0.049154693340436866,0.10086741533354414,0.018561093424102382,0.06746542006142675,0.02828682541125394,0.49957798273994863
0.10849605660630308,0.015367631855450127,0.06532980870197243,0.08058981321378572,0.12422979686561751,0.17960228629715794,0.2693950411272992,0.1151964859085689,0.04179307942384497
0.08578385207526378,0.125260613266876,0.05509246560044765,0.28521430990624436,0.1456338042508001,0.04730851118941629,0.04431844582379487,0.050310187191802296,0.1610778106953546
0.19938953412383587,0.023261287430076272,0.011969916569792948,0.13044160064192653,0.11720405893804592,0.32079053533057794,0.03239034073526883,0.0922284097983106,0.0723243164321651
0.06535576387085588,0.04639569880631561,0.02596053622340867,0.05904552684634754,0.1086336722075885,0.434622281105357,0.07839392322315832,0.14727505843889654,0.034317539278071914
0.09942486570153623,0.2089726156116569,0.025549021472953893,0.1434756982596765,0.13734845482013006,0.026076906416073038,0.0851218648944288,0.12474540057305623,0.1492851722504884
0.019688514081913664,0.08513181804242344,0.08634459234082097,0.17016564632906314,0.11693675936817348,0.021930884344257637,0.05046133981142865,0.32762882431218104,0.12171162136973794
0.026606925368066952,0.10703357349379611,0.21318011642251897,0.12118925621347643,0.10195543830279652,0.011963255536536576,0.11772453894834078,0.19749821217922237,0.1028486835352453
0.13003876500309908,0.06677579366723616,0.05909108063775662,0.13519988468249158,0.1138830544402903,0.3692850636882859,0.0814061182559904,0.026615320648954017,0.017704918975896
0.2408431163347784,0.06610506212582316,0.025962522673045312,0.10260720517952399,0.13162887934792847,0.22609378375040654,0.07798143787725702,0.09918581036482493,0.029592182346412158
0.09194968886705679,0.2627901243354199,0.0428965749322936,0.08813575175690007,0.1223348740360668,0.14353288435682662,0.09190841243606573,0.03938798913979199,0.11706370013957845
0.07292597056481204,0.22805355393311944,0.03383213508112113,0.07713294314249726,0.10162124133831517,0.1821470338917881,0.04772881150664853,0.14250185253956602,0.11405645800213238
0.20663465040926177,0.0627830964172043,0.014397557828376059,0.12569411332120378,0.13159745847735085,0.15837712140994548,0.06246352947873024,0.13417544806123147,0.10387702459669602
0.012452853039744296,0.0033182646690188534,0.407996659776881,0.029138419143199566,0.07089873823475275,0.006739875812754672,0.04653347390702148,0.3985822229226965,0.024339492493930887
0.05939889849358171,0.03334172104615046,0.09557173694128795,0.21934806732733306,0.12713333208451696,0.21952044021745834,0.057783579432675924,0.16613306834543803,0.021769156111557508
0.0977490701839312,0.021633126111202997,0.05078682263362233,0.1304942729537071,0.12105172680806738,0.3127280693832402,0.1475749230307164,0.07170671299120948,0.046275275904302894
0.05832901937453228,0.11667795400451898,0.08225498479543335,0.1579229231976663,0.13018878707086226,0.05129772007560616,0.075596508459698,0.04383329854488081,0.28389880447680194
0.031086005861393217,0.057545541667614664,0.03689974223301864,0.0897507463792628,0.12483127537661846,0.08585107898033052,0.08953169613794844,0.13192576321673075,0.35257815014708244
0.12406993515534799,0.036918747188865515,0.08037295471637944,0.15824554221339224,0.11008735655841333,0.3386911365255309,0.08275822598933179,0.026653547949471057,0.04220255370326765
0.04937069816902854,0.2095915250057855,0.06360887937698168,0.21068831273399857,0.15530656307924318,0.06897917115036627,0.1166084191715437,0.06189736170089832,0.06394906961215423
0.0511111501577745,0.041880576651935265,0.11649944124616075,0.09101216344578429,0.10605385610384634,0.04823312666565004,0.4471443279145498,0.052300868304476826,0.04576448950982207
0.15204677423944488,0.026932601469964512,0.043251830785337814,0.06464782468312152,0.11348604987723467,0.4024824949337944,0.03581750275524431,0.10782579604303844,0.053509125212819454
0.09730425362536825,0.1862056159799068,0.01889902290185777,0.06278000261973447,0.12901478870637778,0.062184315227481406,0.23112266345803312,0.04809337892973444,0.16439595855150593
0.03473526159704367,0.02647468695333767,0.037589357631871025,0.10680829173888272,0.09648396190756849,0.49726223143307124,0.06960463555951889,0.08552131210838367,0.04552026107032253
0.139458227417911,0.008841429092766598,0.02394425530196624,0.04014673074088169,0.09648283800475892,0.22029223926053323,0.11228817740919145,0.27803724289003845,0.08050885988195237
0.04505111957489057,0.15110873400073407,0.032232600859104225,0.12583066895107492,0.1038667705652071,0.032235046471403545,0.10103487550680997,0.011930325126155846,0.3967098589446197
0.12509075201218922,0.026846381235769528,0.02882940203209562,0.09976450094324385,0.10242773495799896,0.48002533638953,0.0664057477584002,0.052522411655573954,0.01808773301519866
0.09977615879312658,0.13751323774511465,0.026948963634483764,0.06815754093783133,0.1281645291171448,0.05653886566433958,0.13447881048300986,0.01146287207050239,0.33695902155444707
0.0628581136694773,0.0771264926250161,0.011942663088629216,0.10621729579192984,0.10729207335890767,0.438881688303243,0.037035070712634226,0.08282259150438621,0.07582401094577641
0.1486099175826462,0.03436645844315133,0.06935207061998344,0.08789540030213187,0.12104163689592289,0.38849270730558905,0.08683909271126444,0.03576456808264143,0.02763814805666938
0.07041906634838561,0.037772740481081604,0.021548862974535055,0.11613944395670162,0.11677431709778713,0.22357408533792889,0.20525663560365337,0.08671467067769333,0.12180017752223343
0.1514315014341512,0.010668447653205673,0.038959667221321576,0.08350886078880004,0.09926341270594581,0.417014143527998,0.02565232984205426,0.02901781817572821,0.14448381865079515
0.024617721887110172,0.15668270609445348,0.012578110688628937,0.06883638359114601,0.10363732911934935,0.030386001262956607,0.10400605059743391,0.37197927977559314,0.1272764169833285
0.14595243029881375,0.029981992865507342,0.025377197937935175,0.16752696005387957,0.12341786928488298,0.28294598969070645,0.11559601025551425,0.07192508965501286,0.0372764599577478
0.07306916330331299,0.11355301641069439,0.095011820426328,0.07359963582310239,0.12308681664480108,0.22710715132841588,0.027562402824398907,0.21969328826050294,0.0473167049784435
0.048840993025210354,0.15518619993627722,0.055019705120976294,0.14999206439754756,0.12108263369959828,0.04475334443896125,0.08816820051814293,0.14127165245849352,0.19568520640479256
0.08078859089965088,0.1618186564471027,0.025654478724350657,0.19389993104882478,0.15327567100503822,0.17819443479959096,0.10389705365479592,0.03733521125892317,0.06513597216172269
0.09770929860939008,0.08977291306024997,0.032624919166871706,0.1681436102506506,0.11382078189318685,0.3737814530901428,0.030650289556548152,0.0723236043927606,0.021173129980199212
0.17620545163972237,0.01941547688820526,0.40696431885591605,0.05254525241425987,0.10547965388707907,0.03991653843993322,0.012218850669857678,0.1730056031325071,0.014248854072519414
0.20417290364313845,0.05454127055691243,0.04074902900472497,0.08063823553421384,0.11924817779451395,0.16058974409320484,0.15121353015893169,0.08879548456253743,0.10005162465182238
0.18211360096592358,0.18280358903130842,0.04555162933574489,0.07705264462022653,0.1372717371972206,0.04757737637565024,0.08049558457084632,0.05954485024314835,0.18758898765993104
0.12844158566661085,0.09634006890601488,0.06424392587113767,0.2214574674555788,0.13468024746223495,0.05490369516132949,0.16711821836780172,0.023922587680667986,0.10889220342862373
0.11557324263694535,0.06728096131579461,0.034177432119707835,0.11643587447803354,0.11295909765137695,0.4432604411631993,0.04256472480773449,0.044090408222441535,0.0236578176047664
0.029680125912851813,0.1368133388720916,0.06440583246228099,0.11944274588240149,0.11560049451413874,0.07418904647011697,0.40856665155016586,0.02166093051703184,0.029640833818920617
0.037828838164056224,0.07681601694939365,0.1334448117843658,0.10799708459334444,0.12448959052768417,0.07667767116349349,0.2799927777632232,0.12583076233691115,0.03692244671752794
0.17036374798840245,0.03142003059917888,0.03930029658921592,0.08405697488485737,0.09345386011308739,0.31487595643982513,0.018177895121265324,0.193257399123694,0.05509383914047359
0.08065869053823557,0.05075308804916428,0.11017811611959787,0.0867291907557194,0.09860762676037398,0.4666080501177606,0.008706905042068842,0.01874406326684298,0.07901426935023648
0.05197630573875236,0.17516188166546545,0.05537535254008455,0.08291046686984822,0.138190423855129,0.11377253121028279,0.05425838015524815,0.0338701893242161,0.29448446864097344
0.10671440914723988,0.036962988803218425,0.03953485612883916,0.1265461756655604,0.12278687905747787,0.3110509093577941,0.18289172468918857,0.03027048942737171,0.043241567723309914
0.21295481950046322,0.08684975264942418,0.012198928077174253,0.06351823768027347,0.1256874631636791,0.05574274215805847,0.09757347315397208,0.11238254367234062,0.23309203994461478
0.09917779475641257,0.061541021095994575,0.051357402437766105,0.08096189480588277,0.13343916360615402,0.09214914365134928,0.13996731601449083,0.13651830211277965,0.2048879615191702
0.04700709622328986,0.007641300979188505,0.35910598650228637,0.05134755484540466,0.08890589524430707,0.024730427831555,0.11510552015000149,0.30354594914156624,0.002610269082400739
0.011486100041465214,0.022942840087263754,0.13546154359335746,0.07302054818494831,0.0808594025189966,0.03351157586113496,0.3537615054516358,0.07137415842204556,0.21758232583915235
0.1142327700522008,0.02608778403069302,0.1395517156354725,0.0910904641781612,0.10969089226941774,0.18238982580131,0.01824143010889277,0.3066561467534862,0.012058971170365819
0.12263394702164827,0.09156414732569507,0.11948616061801413,0.1611660042714111,0.13064143171584627,0.22709558968623145,0.043032134450580774,0.07979307372873708,0.02458751118183572
