0.2252731729900773,0.2017381163144593,0.1254584096661231,0.004817755255097539,0.022128137714168567,0.07031814464878255,0.12039972984996351,0.1662314941739832,0.06363503938734501
0.07273963344904195,0.0063521472246893425,0.12327305726567998,0.052466669950708256,0.014157210365874015,0.12949573998034458,0.0902279890978645,0.06718093630676156,0.44410661635903576
0.27417676904947025,0.021118447811303464,0.09327842965879451,0.013814174380721,0.004790505351644693,0.19215985047423145,0.36042942346124135,0.02390000784700522,0.016332391965588205
0.13299623998539437,0.004812184985274667,0.08584725312779833,0.0035816171709170132,0.007055973451551414,0.08420835205817952,0.10119993205086503,0.1385725838009305,0.4417258633690892
0.15646808865451903,0.14231156856865418,0.14899983944674416,0.05444875552876397,0.028998682228534692,0.12600239371192204,0.14083141145510278,0.16952583382390154,0.032413426581857634
0.049249909464305026,0.04551218736915666,0.08651740854532108,0.13060295513261297,0.01894393308089876,0.05773286735292519,0.08564306072392275,0.21534705346805993,0.3104506248627976
0.18266234284782132,0.004509331146316142,0.13155133871321642,0.03964672450722648,0.07812182422255616,0.20843318375580747,0.30603878835848525,0.021589158177041115,0.02744730827152964
0.22648844684690253,0.0024695502388843195,0.1465870451323614,0.0054274802720822345,0.024076463415193927,0.22384643484320474,0.14050739013544247,0.09010567298744492,0.14049151612848346
0.03143895451393935,0.03923507225771979,0.16445435323923627,0.12237496544855864,0.24105145849065757,0.08366517659130378,0.23499265174375705,0.02230240402527788,0.06048496368954962
0.30446692415812565,0.06081571244421837,0.09767851804620198,0.045316392939807576,0.17296566573982505,0.1086905184088554,0.04268484575093667,0.1044403851917638,0.0629410373202655
0.15164936109675317,0.002254173091327958,0.22118499154291274,0.010248877591062936,0.03669885143452861,0.0967750830194652,0.14995335435079196,0.16900196528353914,0.16223334258961827
0.10257788286069307,0.057114914957878515,0.13289524620857818,0.33606071321254527,0.11360160698151046,0.09076840555225303,0.05703665166772825,0.03273983903956531,0.07720473951924783
0.020782790428553303,0.2216737473957002,0.11510404615405112,0.030769134475071774,0.17397486240107427,0.23871778568912216,0.056080566710746925,0.09192971947744065,0.05096734726823965
0.31456894907282373,0.07161184874300407,0.12239463079701397,0.045178228897085865,0.02492827200380646,0.1655849585037563,0.1247191892788491,0.036737594148724274,0.09427632855493627
0.04614868277815385,0.4998753208905314,0.07642785999052285,0.12583866478751995,0.043462495396488034,0.06831463342869143,0.05694249351755424,0.08015726557724581,0.0028325836332924337
0.08603904114196288,0.0294528576971702,0.1701161730639907,0.0034546476793366407,0.056096518566044855,0.051704006949292954,0.18882099684658837,0.3567160425324775,0.05759971552313581
0.04609718009240261,0.012247652954897456,0.1266930407226149,0.23323587824034128,0.20190614039597862,0.029346529694301512,0.25485055740725565,0.029473497365315935,0.06614952312689203
0.1060168867174525,0.05468173411228875,0.17442330551348703,0.025834644605839355,0.1014723729099992,0.19722253634750642,0.18584346419777206,0.09613266280622677,0.0583723927894279
0.08429277891338792,0.16115174324040124,0.1434809286691684,0.018719951850603097,0.020305953707213515,0.0702171532327578,0.04207162974168759,0.3388623907515778,0.1208974698932026
0.04721746817051512,0.06681510348853813,0.10250948976703822,0.06144139514277037,0.22178577154788792,0.2308588264096966,0.04585578392397577,0.054669744391588004,0.16884641715798987
0.03155732971250964,0.030189323828952536,0.05094641641837234,0.0013924422601559168,0.0027433353559195785,0.10551302785524702,0.0319656070851651,0.35491390989932703,0.39077860758435085
0.3752033098070331,0.09656955367509464,0.1311609376991911,0.014590202398139787,0.03078366319401567,0.033912059251202394,0.2305524072928032,0.0335245903613415,0.05370327632117879
0.20802791310655952,0.03415544685525057,0.07106702593005164,0.43847720167029064,0.034994607199546834,0.06489017006780691,0.08639729923717972,0.05591175864683819,0.006078577286475922
0.09075978733022372,0.1234925610462897,0.11917275408991064,0.2835740900139076,0.15459316231179523,0.07072561932582026,0.05258554204433901,0.0865550195727766,0.018541464264937278
0.06102023806232209,0.05585433644007643,0.1147080624108695,0.178011698114059,0.0037723623592939314,0.12619242032271863,0.09082948811986317,0.25137813678405313,0.11823325738674423
0.25015962003959497,0.11330317084743831,0.10563188612343773,0.025772144667832567,0.010466180184327533,0.055730343828187666,0.1315912813469116,0.1570480422939848,0.15029733066828485
0.034550049648536606,0.2913759881173689,0.116946972107698,0.05667249373850533,0.011257218139774532,0.18058884741303163,0.15043986314384272,0.10345982074386313,0.054708746947379046
0.041135109532436195,0.14898302712965528,0.11833964297379458,0.15428096749325168,0.04681267407150947,0.164149713784473,0.08831114558106008,0.1845148856882619,0.0534728337455578
0.19846323121127996,0.008171398856367982,0.11556074616984524,0.03265425766947522,0.006422987132233916,0.16007932851011505,0.3625285724352159,0.02552853370290328,0.09059094431256347
0.10889745937145094,0.2238542976078199,0.15218272176656203,0.08433599903426124,0.08791479892990652,0.16508870652388904,0.0709480508201118,0.07062523947253517,0.03615272647346331
0.19746446965434003,0.020069087610649957,0.17606669227214886,0.011389589537654106,0.09604621160155263,0.051248335198935145,0.14065182295880632,0.10772766566747172,0.19933612549844126
0.4557648993715908,0.05221269908967733,0.12401678504183831,0.02009623185357804,0.1165490034227139,0.055990985757564636,0.0707199286930948,0.049474061991450914,0.055175404778491234
0.18073480775555895,0.056500351683922645,0.10177918677138285,0.12569693747545704,0.0874196071559205,0.060744423264464255,0.2337214800321359,0.14976125510561078,0.003641950755547069
0.018927610453002505,0.2875476724068096,0.07499382954783769,0.12278539827474495,0.2152884169102225,0.08376064521957376,0.09432379211554841,0.036797577465674684,0.0655750576065859
0.458453125101891,0.030622725659015554,0.10499050237141838,0.026273720536418105,0.12133585365676058,0.11799534100909374,0.051817114852951617,0.06350765559943887,0.025003961213012137
0.22015466838998396,0.18578769769960257,0.12082772071189357,0.06443020221962324,0.05565771026363889,0.10560492380230342,0.060417777364524916,0.1776678530830437,0.00945144646538577
0.13597809497065597,0.06076996699257028,0.13114285482195914,0.05357156869561037,0.012025827954399304,0.18666168520400225,0.3009224277466464,0.025218675708094065,0.09370889790606228
0.14036537154654402,0.016102672206228838,0.1743119687931517,0.19471176490877126,0.05445182478624897,0.13790725791529979,0.1923511266784823,0.014454404475432968,0.07534360868984019
0.05706249790354084,0.5671909865412196,0.06319723412354598,0.11197366003241854,0.00885534600269409,0.0736802329576191,0.08227520223671772,0.031601845890214045,0.004162994312029974
0.3551053617182834,0.042364031571595843,0.10996949165885588,0.00734737453911435,0.1705993551467757,0.11194345098674652,0.03672127533111828,0.11072399641670981,0.05522566263080019
0.42987051496166157,0.006836518527315978,0.09297382628368335,0.017591435196452242,0.02697264455960903,0.21341528439512258,0.17384103800533746,0.0166074388828956,0.021891299187922226
0.053784049078501074,0.05765266720959037,0.11173093212553165,0.040763024408450164,0.10126894566601212,0.2018944961169755,0.07302526949144868,0.028980929954180192,0.33089968594931024
0.041166716570804215,0.0018833135821760385,0.15221691407340662,0.0016402197995438702,0.05292641872087476,0.2290230007247577,0.26683107868367745,0.011848123911401234,0.24246421393335812
0.1263122744870554,0.3613190015082759,0.09913367598477037,0.012534333889830912,0.054046649513304325,0.05705943780356582,0.17109219882544294,0.07286956730707722,0.04563286068067703
0.14277185409521417,0.234102542221979,0.15890087382589993,0.17985904458295354,0.023436739966837008,0.0681541777833679,0.15255236158629326,0.033283671142131606,0.006938734795323591
0.2640887936759988,0.03302025431930116,0.12958585968377312,0.03126727300798265,0.09777318778179023,0.16787808477832702,0.14427863781424374,0.018487108425828777,0.11362080051275454
0.2866569471755775,0.11910420632697694,0.13398025470470576,0.020038406963426472,0.1604122860478109,0.1412815720443984,0.05062196882975214,0.06456096529305833,0.02334339261429355
0.33002126970531515,0.15245998906848016,0.09475077456145808,0.033791985848319266,0.03952468696002018,0.052906448463967554,0.1379534513068314,0.04099389358721709,0.11759750049839117
0.313061480419988,0.13360902514138226,0.15654046835987442,0.04013024367286659,0.05491065569094148,0.12476534381640021,0.06648592269192487,0.07879640787573441,0.03170045233088777
0.030475555448185143,0.5379643862742228,0.0906428658054869,0.10473076283336101,0.015690893165179794,0.06916903025330241,0.0749107778176431,0.04134316199511709,0.035072566407501726
0.0192897441156082,0.05647933075305763,0.10830301441640781,0.04963979687622618,0.08592428388873163,0.31545421559793174,0.049571977156278875,0.10770921125815784,0.2076284259376001
0.09797876615642259,0.048535238242294776,0.15962881873243667,0.12435082090363873,0.04729181240217694,0.12227236784461648,0.0393104422074895,0.2743015955760711,0.08633013793485327
0.047557569065094486,0.1275726128785287,0.07370643864986713,0.06991335181150869,0.022140221435120653,0.04973060869857802,0.07883743038155476,0.24527407832623796,0.2852676887535095
0.2943832005406011,0.02991486853230094,0.23600976929316256,0.07063481646252233,0.015154395268582269,0.09310585598983312,0.16351425991833948,0.02645257086308435,0.07083026313157383
0.20178904779461618,0.11830257895913687,0.1444541155746947,0.022400060277568454,0.020086115932077653,0.13583591131754238,0.06634203820758845,0.22812927845004746,0.06266085348672792
0.020261557398002877,0.013124069672664386,0.1777567420774746,0.049740290059323615,0.033077235125019894,0.16084439284346727,0.0894067587488437,0.11189003520628332,0.3438989188689203
0.1868352499782678,0.15024608304055653,0.0949076374363494,0.0765874144042997,0.2536374318613621,0.13016309721598643,0.04299155182593228,0.027129701224243925,0.03750183301300188
0.29575013760910074,0.017859511321497542,0.1595412165199381,0.005680176291427093,0.030955159306937916,0.05144061037183769,0.41577266074400687,0.011730897367338068,0.011269630467915931
0.08521488458908917,0.24549500108653213,0.13599105475500153,0.07845931065464291,0.03490851603437701,0.06064598718131667,0.23060778599460263,0.025498143780887234,0.10317931592355073
0.2831640323869263,0.059453090154060965,0.13179581238168103,0.06654824920683981,0.059283840385512244,0.07857275922633263,0.03794724280347326,0.18605201057599022,0.09718296287918353
0.06805295668501739,0.005871979528438445,0.07963192075838896,0.03677863172413379,0.012185164753849459,0.04774894716681189,0.041073360526539544,0.12702186270401675,0.5816351761528038
0.08063237653917137,0.08094478114874572,0.11366932973299232,0.019131033296346932,0.5022221509799211,0.0985635830857628,0.044480058730432544,0.051426234796939994,0.008930451689687332
0.3700642476747913,0.023143247729221883,0.13080930486101858,0.07156779426297559,0.04285731950087097,0.09710220324258016,0.09569722505258714,0.02457489749884872,0.14418376017710569
0.025536353695272702,0.05824891989205313,0.11222088483949999,0.16240399433629837,0.065254266597996,0.16722026726855196,0.18149194640227365,0.08633740500074259,0.14128596196731158
0.21362417216620164,0.0038304227932790466,0.09017354792174621,0.006019311756500753,0.011107290639718286,0.2571085601863749,0.30173818670531943,0.004699165920670462,0.11169934191018933
0.32367893197222464,0.00604410805656536,0.09162254315662523,0.010871474569471108,0.014936656091922044,0.10418121353073546,0.09986478352007244,0.011584103667314327,0.3372161854350693
0.1301379645477124,0.05063071363123258,0.13128372753728543,0.030781443067497024,0.39276502502694915,0.09902404828325088,0.05476180163636968,0.040923728714356636,0.06969154755534623
0.3288488523850323,0.10827191374259804,0.09705792957616922,0.1151751072666045,0.04873906684037116,0.04258820711655292,0.08146361509499245,0.11990861319200967,0.05794669478566982
0.15563265699548448,0.002940983987552095,0.12234017626585912,0.061639581022233464,0.029273963642875392,0.24678315073149304,0.13641112212925458,0.0578464084780548,0.18713195674719296
0.41824356091376735,0.0434968835511702,0.12344230053453169,0.13680474292762443,0.041592524140853605,0.0794392383127994,0.032118441927450135,0.03673326418327596,0.08812904350852728
0.011896283352457017,0.005169145631452279,0.0574230364696931,0.03569927162053008,0.0010586615069482091,0.03991563510515072,0.06332377143061622,0.24777714894637493,0.5377370459367775
0.1422160585843261,0.12449343539366786,0.11276158276259425,0.015744741918449934,0.35588288999710205,0.08147475630624952,0.08264891958089678,0.0559505486029355,0.02882706685377806
0.35565606963410973,0.22325877214002343,0.14798649732667354,0.024229533977413537,0.07505740820022641,0.050188838882404656,0.07025504813626136,0.04697237843543952,0.006395453267447777
0.2192747541225072,0.05092248367548451,0.10055590078389663,0.027794931083609836,0.07706169968324157,0.20404395511538678,0.036918019512969295,0.09830966891000358,0.18511858711290052
0.052554365788074424,0.08228592575096814,0.0807222711856957,0.08385376015402674,0.011286806174042555,0.016074836449367833,0.4013915546190185,0.10877566430197762,0.16305481557682858
0.051455155661565506,0.14153632955769535,0.10952940324464026,0.09210874262568537,0.010241397632679417,0.13023311007444305,0.06037475744639562,0.21495220055940442,0.18956890319749095
0.40846282642671644,0.016522968110837432,0.11033333259339816,0.017399365522477582,0.03451197353346185,0.10326029796759743,0.21657320046612094,0.04099106264314023,0.05194497273624993
0.05158532932009924,0.14382865373965717,0.10476298434489045,0.009629331696228262,0.45866215578021224,0.05481789220151467,0.07993095049867249,0.04477942017760413,0.052003282241121294
0.028409770460395316,0.021343714052873358,0.14184699874461124,0.09399181988952054,0.05698247843100723,0.1233184680993341,0.13864166997207072,0.3594602747774684,0.036004805572719074
0.016610112569505148,0.18342325366220305,0.19236669341483628,0.03096309304534688,0.008780217841082993,0.07669453519612053,0.10563847036888711,0.2214670963793587,0.16405652752265928
0.34482618812291516,0.10749401678301751,0.16301401912256486,0.07787490469941566,0.028638754413758672,0.11439683617310652,0.05461769234127514,0.08155034104827276,0.02758724729567369
0.010484453065566992,0.5346384308620996,0.08869750820219759,0.040712494405291705,0.12007548500336536,0.04259447227385093,0.1287633335989958,0.027727288507088468,0.006306534081543497
0.20384259251425152,0.07661746682243309,0.1060518579719903,0.0370045909868373,0.2543626747502537,0.06234698341123326,0.04251507127777856,0.06716623748502669,0.1500925247801956
0.030343529776539927,0.1684918569461907,0.15565116083080333,0.12000519567451735,0.0033734241775602667,0.14336759875928606,0.3293172488550069,0.036646712652910966,0.012803272327184414
0.06081642550855315,0.19524863361528477,0.16057941204701223,0.053404240090846856,0.19286586548670379,0.18789185579565867,0.06832687156986983,0.059560235934109806,0.021306459951960913
0.15118791315158622,0.040701831915277466,0.11878380563036223,0.009804254108801926,0.010197483906596867,0.24638144448676255,0.26852916706761704,0.07196752228600808,0.08244657744698758
0.03539240467306138,0.39384882337089594,0.10122955367735642,0.19037175094470002,0.02765400096467251,0.09057188586174932,0.09061529375532384,0.053787364407283926,0.016528922344956645
0.022913540549576113,0.0356173524969443,0.06062458628714181,0.3117186555766854,0.0023795901228182456,0.07910990288389595,0.08073406837589438,0.11047502573743873,0.29642727796960494
0.0699599974100254,0.021022577556210287,0.11691773245759472,0.39415554551269083,0.05097119990828628,0.11244811944458873,0.09497611780728316,0.06539147695784302,0.07415723294547755
0.19398036836916924,0.007590260402591841,0.21892449734192077,0.01513630259331832,0.031019792241133996,0.10513158347639558,0.3753462522250281,0.02191557238702872,0.030955370963413484
0.25861264702224457,0.11733772667240967,0.06937172245394892,0.00896981639540194,0.01027014248595249,0.013808603012021692,0.39538814037201053,0.04780500623348194,0.0784361953525282
0.40423863729514525,0.06639756966501904,0.07305433611841738,0.04313156813164006,0.05258895224717411,0.038492952382613986,0.06898052183206067,0.1265970710331584,0.12651839129477108
0.026637099929800973,0.03665932057804631,0.11486881248861841,0.028886458469511562,0.013566862734612035,0.07889152559483721,0.1239811355797672,0.4321443669890179,0.14436441763578833
0.43155336044908266,0.029343443505137873,0.09899016890025447,0.12314118661563977,0.09662817982296297,0.04637240156907627,0.048254404639803385,0.09402965416169762,0.03168720033634504
0.22425674103535118,0.010691650520841528,0.1674900755689179,0.0781669481412859,0.03979416874511137,0.19460184948482315,0.22193448546362227,0.029151717471438424,0.033912363568608356
0.18038794148483941,0.23342543647438874,0.09427007836586643,0.07636519808268115,0.13931985096734736,0.08052936047395913,0.05861923013425622,0.06827538516770988,0.06880751884895168
0.44185731851463367,0.0030707323892095665,0.12264795050127968,0.05558364009978656,0.03694844915532083,0.09660815607289934,0.11146136949639172,0.08436125509177352,0.047461128678705174
0.08852695635409798,0.05121533919339302,0.16146504271244286,0.37295549319594395,0.03427591648291947,0.07017249995836894,0.1156264398768833,0.04966428946923277,0.05609802275671769
0.13696029662865336,0.012966088949532315,0.16107614456326724,0.03409037329594421,0.006872562125664887,0.24699752230301208,0.21814381814100037,0.010769508637444117,0.1721236853554814
0.01311903025714579,0.028715852424925303,0.14265393001343252,0.0098214447537255,0.003332086305708427,0.10750984984790889,0.08767652856931842,0.1442278784287138,0.4629433993991214
0.2790602164269991,0.08130224502949607,0.14862274101346465,0.014728465380625042,0.22878996287020062,0.04152849046663316,0.0647036304476987,0.07160073549706637,0.06966351286781625
0.22419898179008388,0.06533984953183584,0.10964140660549264,0.10732059078556748,0.1783789924953584,0.08805046914924179,0.15932218164370793,0.015945046766382642,0.05180248123232933
0.18120708677176264,0.021792650504421893,0.11284814267345078,0.008511257413075736,0.01952023653409412,0.09351308706842011,0.15701432086740744,0.07630079261890343,0.3292924255484639
0.1644335686989636,0.026537461313264454,0.09233830058359734,0.022069444748402587,0.5119486433257551,0.11145510261511665,0.028699201172368457,0.029701155983643885,0.012817121558887904
0.06047118199060788,0.029002037620775706,0.113825169109366,0.14533614862382818,0.08970441202804204,0.1478259435523306,0.04731914994940253,0.15216373629432126,0.21435222083132574
0.44989220642341593,0.06345378571001316,0.11880522332820502,0.03409293984801072,0.029108896423849243,0.11585756931734871,0.14007941064662824,0.01686195282221197,0.03184801548031705
0.46268327289312383,0.11915960361905004,0.07921157544893571,0.07585267385894832,0.04167826091894767,0.06013240858207328,0.1382464950778713,0.01641317651152428,0.006622533089525675
0.07708514488254964,0.05831581375248953,0.18798293526860244,0.10369435869395384,0.06514730425763032,0.20649516846131155,0.13537354455860504,0.1154659236695812,0.05043980645527646
0.0073074565834217306,0.37729766798554554,0.06025186283222811,0.3608147603645378,0.004561698222043077,0.043064609025367774,0.08696527013667103,0.03622699607998698,0.023509678770197922
0.21642363249814936,0.03976491087060029,0.13009217696086425,0.03294023750545761,0.30640447353204986,0.09516215658835218,0.1092214062511747,0.03532312133875047,0.03466788445460124
0.08335578929630916,0.1373358095693724,0.12114300106225247,0.43203618994047227,0.016833351076262385,0.0559814712414597,0.1187415364780896,0.03396588508187914,0.000606966253902926
0.14852093561464141,0.0914454753711638,0.1350516270049548,0.07415789103540336,0.013172252336847297,0.19742197854422086,0.1457303113703835,0.14004769358613942,0.05445183513624549
0.25680542930970873,0.28433973279912217,0.20555944456123446,0.03281212455663172,0.011604486715971772,0.05434495420932084,0.03650378649661544,0.04049636243192279,0.0775336789194721
0.27639254511900835,0.08021051056930824,0.11806624000143151,0.04363901174047905,0.06751556809553293,0.1092509934557065,0.18074326782361552,0.10331229478997972,0.02086956840493824
0.052541719950233205,0.02753983705713395,0.1654250269612648,0.08275754556724971,0.10671270706194354,0.1995698800893674,0.09563453957955387,0.21269514239639406,0.05712360133685953
0.20109369567432375,0.06884089331305909,0.18600860418366047,0.012221665426394664,0.11223553605689145,0.028166865380487655,0.194768794873455,0.16558324598392143,0.03108069910780653
0.008185369609795658,0.49211586470833657,0.06388944864575558,0.007604152120894488,0.2309564928502137,0.033029302535295665,0.09849393810240085,0.0461506042119467,0.019574827215360833
0.058709989129786117,0.09735099106237344,0.17083539606914214,0.11707354180523522,0.12053987542412965,0.2265055161358782,0.15694359190068907,0.026398436129529638,0.02564266234323645
0.2662313276541879,0.07624276778758243,0.09350302529248718,0.08387511020201766,0.18311402054712386,0.0775206394043314,0.03630521677320441,0.1284689539484738,0.05473893839059129
0.02640364180054385,0.11728811614139949,0.07860266982068091,0.5325947480238649,0.02649628606688496,0.07247953109343677,0.07314245372262945,0.018137061239386396,0.05485549209117336
0.08877980776007366,0.03892713203135557,0.1281932018289153,0.08763863911500391,0.362008486494004,0.08741825611996852,0.04677893094678701,0.11723334808895551,0.04302219761493653
0.03212174569019441,0.2916158670571471,0.10624880740656413,0.22073220809784708,0.11493873396815653,0.054740396052410656,0.14783909923848199,0.014456673902363826,0.017306468586834226
0.25131675888255617,0.012833240466773513,0.1528005055450318,0.03413012438645829,0.11707052980729075,0.14136426496625795,0.23954108690485257,0.02845011981843948,0.02249336922233945
0.016727404395899956,0.46134625021460324,0.09248623845978828,0.03219976715688264,0.030724000297739747,0.23261650204734874,0.08022057729014927,0.048675082501149734,0.005004177636438459
0.10974707421054501,0.08477795794946609,0.1357304701194114,0.0671496734597838,0.3344114772643841,0.08372327421759367,0.08472383474734935,0.042010711218026076,0.05772552681344046
0.03167760391715174,0.019541664480375243,0.1545578148396671,0.13607478125026892,0.02903303402112439,0.11232969657464952,0.12515040314879042,0.21283245611527243,0.17880254565270026
0.020837609156265677,0.052417903380441104,0.16082683272574858,0.07334434241078978,0.02345727273900156,0.2149417952282684,0.15477780958504464,0.2935385711688702,0.005857863605570053
0.23989379789094378,0.10070998667104636,0.12807093461436725,0.028195073247068204,0.26779918725107166,0.06836101980286807,0.01889112376853624,0.11494112997886737,0.03313774677523102
0.12231839884575162,0.2184529037751389,0.15666047784274073,0.004946314626769656,0.15778442629697798,0.06001738274803117,0.11495979921453288,0.11397798460514817,0.050882312044908916
0.3976057312935417,0.04551259499147529,0.14294712621522912,0.004939805793068978,0.04673986355552695,0.10635074580630945,0.1284254776222803,0.05976454642917752,0.0677141082933906
0.07019987309338419,0.09760324554860189,0.160428266032095,0.05249729748102944,0.16019944922087326,0.07983095606830998,0.22973843011414485,0.14001959089605176,0.009482891545509594
0.07385857452441258,0.0624911341122567,0.09257106433105168,0.36892280378242037,0.10926720110932975,0.12971299211988427,0.07214070404025709,0.06941697922396488,0.021618546756422788
0.08247960206727789,0.10725921384314996,0.15334772496399854,0.2887821697992554,0.053043352511555,0.08788228702830281,0.13856959175668962,0.04295913943900659,0.04567691859076415
0.08797098434064199,0.009332840126264506,0.11102436603795263,0.06347450149317019,0.03697740954800413,0.13425970112010524,0.16737062788357568,0.05567430974735434,0.3339152597029312
0.3896300707335932,0.006223892530938183,0.1108617339410059,0.003757881396347373,0.023293905678818602,0.16350434161181715,0.14071458220628344,0.054088391969234616,0.10792519993196158
0.04947503259484599,0.09466322420270956,0.16138525683969618,0.23555085882032556,0.09383302651622832,0.154721113061747,0.16987829618630113,0.024422396393822515,0.016070795384323818
0.3041619875794002,0.05659176593721386,0.11531021245920646,0.05999851378071297,0.3169159185588864,0.049616516553688816,0.05919819611100289,0.02881059292812696,0.009396296091761418
0.032531456465703795,0.4808976127500208,0.08216079556294204,0.14463169795365347,0.02691209737782306,0.09765584643397558,0.09266533833607839,0.024837214897086842,0.017707940222715993
0.3216707176142537,0.054618369717942115,0.10323114357575393,0.024529707783754,0.06451849638552822,0.1499152792946324,0.16344610652257577,0.024959215085521125,0.09311096402003884
0.4847639983628443,0.007411882927194244,0.0903353152882766,0.021512926985623734,0.007967219735475312,0.054427763614066586,0.21144205304273608,0.011239826035970858,0.11089901400781231
0.18490544231874925,0.060823523465459294,0.1202196344475584,0.4513942991835975,0.02066322300646734,0.048640895350491674,0.056185386470229,0.04230122671010339,0.014866369047344221
0.17764891636512528,0.19617086923302907,0.12033393389367875,0.02874912454184117,0.07868134878726903,0.05922620341060495,0.18140076911291725,0.1305002602092559,0.02728857444627857
0.2915723776887566,0.006707892392918135,0.212035066558514,0.002023643687738067,0.059066163666685136,0.05919623426847163,0.10310933640228992,0.08074529124318656,0.18554399409143996
0.12402048099018477,0.13907777491503223,0.13070350246927728,0.10645834374361975,0.019656539098608216,0.24480036410214165,0.04920874520838795,0.14985673145246844,0.036217518020279726
0.06250827542279475,0.0324525477846628,0.10303735567019419,0.03132605886378016,0.022782864151997668,0.06059360520025769,0.05232271673625144,0.18418902616603774,0.45078755000402354
0.22196663245369472,0.12434446974790016,0.13849183165892512,0.05423670510452241,0.12263120609240448,0.18089176359305256,0.03858861921575303,0.0706233355232231,0.04822543661052444
0.05577350817637771,0.3144473699784362,0.11026270034723114,0.25412717754101743,0.02888297330877923,0.0924348303164681,0.05017327425274911,0.07850262155512121,0.015395544523819929
0.13020133673476442,0.05865208308206118,0.1296027336780085,0.02596551467934652,0.020809926341336358,0.19092450069111835,0.3316357489331135,0.019508441950550133,0.0926997139097011
0.01229185496813441,0.028559955208921576,0.08223708723695043,0.01036496666374914,0.4647845108223345,0.07500669852376086,0.15943342702992883,0.026169428926841615,0.1411520706193786
0.016395234216621955,0.01889489140330304,0.18740651746208226,0.030102751862170294,0.11514715763601534,0.21612412841906592,0.15399285841645513,0.24833698638896828,0.013599474195317882
0.07198789200354441,0.15080449613043378,0.11916651473976177,0.01224773371872448,0.02194413577164958,0.15638752544472043,0.08392346820278673,0.32754784843841644,0.055990385549962336
0.2689559412485342,0.09220504820051101,0.1715147526031587,0.017815262247505525,0.07225392698412673,0.1495149791564482,0.052855184141110435,0.11865995166805177,0.05622495375055331
0.09564943098241034,0.26146158245792145,0.11371550008301862,0.20088198083471065,0.01730162761247885,0.050595664428218834,0.057058269223050684,0.05397744861145565,0.1493584957667349
0.24505703684479696,0.019255277976804888,0.15169396874903615,0.01535147749247394,0.05541239582292634,0.08762388882858867,0.3024305187494853,0.05899707406727162,0.06417836146861612
0.2680312771694251,0.06979820271769722,0.10867496658243166,0.09255819347084883,0.021303930036451497,0.06609945201538765,0.05543337552717406,0.18112431113374927,0.13697629134683464
0.07694784311471842,0.051879537561922005,0.18627771088226142,0.035969807691113305,0.10263568934647109,0.20068507879847866,0.1063166151468206,0.13432778505049184,0.10495993240772261
0.06534786949659037,0.14909055246164896,0.11528431290419446,0.2898374077282577,0.05303650267334995,0.13863308217743944,0.08156086781813565,0.05222251760233165,0.05498688713805177
0.04083741777190276,0.024049990922069293,0.15189294969049857,0.06797033316453639,0.10858328603460111,0.14564385591809567,0.09297051351257647,0.1443129687868901,0.22373868419882958
0.16681580480112343,0.04916376022042515,0.09876832608898005,0.21901747416010475,0.08167312350711305,0.1082020146863026,0.04006370123052421,0.0985803606382528,0.13771543466717398
0.16046715911938456,0.12837703846366685,0.107333745308112,0.03386373468485348,0.06534889311499195,0.31097044345907193,0.07697983361224438,0.06676708870275572,0.04989206353491921
0.19912938964094654,0.26416663249787375,0.11723233669756151,0.01743895739245034,0.042705179691209856,0.0766644931222114,0.07217730007243986,0.12307211134108864,0.08741359954421814
0.0451820601298476,0.061067039269161044,0.10325040145588611,0.10054041156298821,0.027263340199172367,0.09887829163626283,0.0452792217305723,0.2380630741942955,0.280476159821814
0.19681075348792865,0.03207895577922132,0.13949692539682879,0.07252596700274859,0.19577601912503842,0.16192522934291817,0.09818421177974472,0.08431839602419784,0.018883542061373552
0.16496267777392143,0.07290929073525114,0.13208280267700165,0.10727793377157546,0.05390555068062768,0.17290010345184656,0.08259350542823223,0.17636768147756274,0.03700045400398104
0.029968967455761806,0.11957984504675416,0.1158098552134932,0.12459604080784199,0.014743145664348353,0.05892479414351259,0.09773465516158746,0.3563991168186375,0.0822435796880628
0.07339985814468826,0.032970637734785896,0.14954493863465937,0.022110521797012325,0.046886110049830294,0.10883072731272218,0.109132779837178,0.44500756001085034,0.012116866478273208
0.23538936056184986,0.11207984207876061,0.14719553236910085,0.036364979360561815,0.0972762402417991,0.10920126381519395,0.046942640156335765,0.16965965530352037,0.045890486112877694
0.17015871651199244,0.08843924547481695,0.17181360946864377,0.003824711386838662,0.03408080399730548,0.11299034650106865,0.20527960882990107,0.15009248459037097,0.06332047323906209
0.15727796153916265,0.12409555639219255,0.11419426443135539,0.03003588304033351,0.34515688324384647,0.06497747744889205,0.06531734861535501,0.06392020147877786,0.03502442381008439
0.021216336834537653,0.019021803013665763,0.26230093519067843,0.020435712219870058,0.008428677675427048,0.1357202796207754,0.10801814111552932,0.36468520378685504,0.06017291054266136
0.16920760697910867,0.007552912354486241,0.14170450735466766,0.008469043681153865,0.04430013798518543,0.2210258168382889,0.12919975466295608,0.054711753148955246,0.22382846699519798
0.11129595718218081,0.06227850420646075,0.13276598218820126,0.12349869422304234,0.2067385191300984,0.22184521937712823,0.036987170762661316,0.05828681231526905,0.04630314061495793
0.2544353276979348,0.15026234267213187,0.17968689124142467,0.01710508321859817,0.022326080063516565,0.07078781351952006,0.11057413211275403,0.17806923899428717,0.016753090479832707
0.36454091406060535,0.02089447455252919,0.10630499376904128,0.011568570567158806,0.0640224860272323,0.1045899684433403,0.21461305035614084,0.01859775422003378,0.0948677880039181
0.1516006245184035,0.01690165739801826,0.1598650348522956,0.048637309890228186,0.17577279964743678,0.17352454745516357,0.142270017630874,0.10482827316307251,0.026599735444507597
0.027321929775165513,0.09951367035542617,0.1269002134208603,0.06217737153283273,0.011072660912634499,0.11130964896484478,0.09804301171080136,0.4389829922223041,0.024678501105130618
0.4216567882249429,0.047594210070307265,0.13098197608455298,0.02495981387327549,0.03074979901268296,0.0684707983518177,0.07405631433967727,0.16369292234940616,0.03783737769333731
0.20688482997442492,0.1192831074759965,0.05722844829611523,0.2872876975003794,0.15620422779691043,0.020998397289174315,0.08831905785757084,0.05363923485935084,0.01015499895007759
0.10801218448133187,0.2073272931048853,0.08691522590980595,0.09889002836349459,0.12221170229348861,0.05854037110429785,0.04295213503961415,0.24869089208590556,0.026460167617176077
0.06559019270189707,0.29736141229895596,0.10826389409253441,0.25793302971507576,0.005132724042814917,0.08737467499350181,0.07516054922891408,0.10040240110148592,0.0027811218248201246
0.1413368738320088,0.02348676384199151,0.1748412796648622,0.17954255752917317,0.02997573492685841,0.24978054414824022,0.12041227367737882,0.03526630606042286,0.04535766631906396
0.08482388814495927,0.011072682705557708,0.11623750165054751,0.03467308208208096,0.020435051785381738,0.22530599267047643,0.1311344968296795,0.07368502200415694,0.30263228212716003
0.07642005913138951,0.25406629626455673,0.17310523474620487,0.025845848554686076,0.05934423645324302,0.11763965448809029,0.11309007830823962,0.1103646116216991,0.07012398043189082
0.08906650499438169,0.03848923007031951,0.2199631060783224,0.0583226292572403,0.014422704300621233,0.20236882718064178,0.09991066714968207,0.24485914162688535,0.03259718934190565
0.16325235816189748,0.02407382145467013,0.06908896294171683,0.020557060859131466,0.0037991464552326053,0.04164901837664644,0.1415317223012152,0.22317581720385973,0.31287209224563006
0.03878469882345624,0.00792663304210999,0.10171267037654526,0.018722173213193877,0.014409673471254845,0.2392954945707089,0.3780762939512472,0.0284023328677994,0.1726700296836842
0.06981986827753299,0.15430285559448856,0.11402703964295365,0.029219495045868755,0.02115009754788488,0.0948720549899919,0.06442019426429191,0.26702991920799735,0.18515847542898997
0.08035125994360894,0.08117241166951607,0.1402237732427134,0.24705310278856552,0.03559593935428087,0.2611909873529141,0.11946222187538014,0.03087992862493315,0.004070375148087845
0.05369948501413715,0.07149279535396778,0.16057994695185776,0.15991724009388628,0.057377278001541326,0.20746341669555535,0.07216636762077504,0.0957471402319297,0.12155633003634962
0.09112673284607901,0.024015565196529965,0.20240394746237875,0.07611140820282458,0.09214551456218105,0.18964796643982576,0.23297115341173655,0.04439792833953212,0.0471797835389122
0.07474268915359328,0.3075886297574394,0.09614620171752601,0.030494747791988377,0.08095904906391034,0.05128112037094346,0.2857351068082374,0.05561375492760879,0.017438700408752974
0.36168534138167163,0.0511159658408078,0.142020907086362,0.04860476920590731,0.01609641847589578,0.16627276875212438,0.14215679846306054,0.04907680784348522,0.022970222950685265
0.02474063354997637,0.04286269550933778,0.12146884100539183,0.029405819153373775,0.05368208006552267,0.31925653354115463,0.04238359129878196,0.25633683061036844,0.10986297526609257
0.03849506098665825,0.12574246791103558,0.1269528292774544,0.1469820546683092,0.3282424580155782,0.10248595525341044,0.0448419778893295,0.04269888649185161,0.04355830950637285
0.17118452824722083,0.0011756861234994336,0.1873500577144799,0.004629971622940058,0.02370901814129947,0.11209592668857415,0.1273780797080719,0.05963266600403628,0.31284406574987794
0.07826591342834649,0.058226418793898393,0.09702288415845994,0.030244703543916323,0.39398205956209725,0.1276447361949764,0.06127931393967467,0.03050749545161377,0.12282647492701677
0.18991936027811032,0.06153705829823581,0.1602343474697425,0.008919681492911053,0.020934956415602838,0.18196085252348845,0.13740844556628753,0.0970782861672423,0.14200701178837913
0.08083029695827089,0.017087946384759772,0.14158406051902817,0.004046878474999695,0.053646692068212674,0.2633463623122039,0.08649775610462622,0.10144292559987723,0.2515170815780214
0.3060722902043763,0.0730759858779082,0.09380412926442223,0.02502037535176482,0.2916654528010982,0.04103798590432258,0.05198889077941988,0.07005209775196693,0.04728279206472089
0.03760446819563607,0.07215893306767143,0.14558700254431847,0.17743760750810603,0.0246048426251114,0.10142974964468017,0.0845956830664142,0.3168453080943634,0.03973640525369879
0.3128614430689071,0.08957358622166535,0.10291463635305366,0.1292501214346411,0.018974906034455678,0.1202863058968231,0.049103847268088786,0.14514543125067728,0.03188972247168791
0.20519077421748674,0.04360354279802541,0.11127157571080472,0.05997296128476717,0.050227952654997084,0.05711596913758818,0.18989491382238885,0.02379781696403228,0.2589244934099096
0.20636235096923605,0.03485994203383951,0.10375020209433643,0.030007105927585098,0.4119055583497994,0.05547416901438057,0.05644632448596554,0.0630153412667227,0.038179005858134794
0.09176304780435142,0.04280203496238628,0.19441988086004722,0.12445166307470347,0.12731591567820963,0.11842565182835217,0.16556173323417242,0.06294095981104463,0.07231911274673265
0.16591179256557434,0.04388226488730124,0.1853821378973329,0.04261752173378342,0.0671578520707329,0.2067120830644911,0.1261480981380921,0.0692505271936389,0.09293772244905311
0.08480443097796363,0.0028087680570963295,0.14167103747475057,0.055642768602303334,0.007426236867031738,0.09688270040584968,0.16814909636969125,0.09824258686395075,0.3443723743813627
0.018294829506414,0.3628765470141084,0.13353555636215408,0.048113939971375586,0.10206625683655345,0.05839000947484232,0.24135090498144138,0.025155977517985456,0.010215978335125421
0.08109554638891843,0.05447860509755509,0.16153156758781037,0.04933871105417753,0.014131008689889446,0.18284134473329275,0.263583864722512,0.1880372429788789,0.004962108746965553
0.3897474604396205,0.016306061310864397,0.13995984262996444,0.07839863843184931,0.03483278894632569,0.1409623850728158,0.10850020515593868,0.021682444751017976,0.06961017326160315
0.24578903589743809,0.03675682923223441,0.14589826083395493,0.02447018943237403,0.32247976640404535,0.06281372920705743,0.04797181610896739,0.08923199272417087,0.024588380159757697
0.15312165113409437,0.024777209338079597,0.1380975520221925,0.03269585606503838,0.1535188587444054,0.18126256159305595,0.06552006613402821,0.08554416839609609,0.16546207657300954
0.019106078996383065,0.05191716988438427,0.22387763470519192,0.04028520186589319,0.08431923839845312,0.34719316327052363,0.10190431615824687,0.09246134502730018,0.03893585169362372
0.09424535134211975,0.18374015464581359,0.12333690537422319,0.20534437448437962,0.03825347252693179,0.09899122234288327,0.05700221335592606,0.13132567800842418,0.0677606279192986
0.15432005600096776,0.03146362301338957,0.18634911303471957,0.009251615548206743,0.12135681614155469,0.1068095723072422,0.2837308048928581,0.014358345561403836,0.09236005349965755
0.012717238066974001,0.05564160405897176,0.10535221723356224,0.19288424901875567,0.13447551591252305,0.34601154090145897,0.09694516089843325,0.02349973791721757,0.03247273599210357
0.3009316247397947,0.23782284541162713,0.12542104050586245,0.05775996070301104,0.13071617969119104,0.051032115913423416,0.026649301817129937,0.053883569889788825,0.01578336132817144
0.09557836968226373,0.014729390883253722,0.19779167393849392,0.05947839732505916,0.021696115865082372,0.3698563185512056,0.1516829843699239,0.030923759770752596,0.0582629896139649
0.045331077418951086,0.008346789337389214,0.10534156846356084,0.029999054007518313,0.009703403688106979,0.16561572314127374,0.08331191408320761,0.05789949774233507,0.49445097211765715
0.0539326224715392,0.23310090828434626,0.08104160918732989,0.08223619324738769,0.020191441373156236,0.03762150495232053,0.044437468775496425,0.1364458059463229,0.3109924457621009
0.11718358221118809,0.0004959038566554125,0.15833212252434314,0.015232750752851236,0.02274130646026963,0.13830042830315303,0.17129480031898747,0.05157970653173077,0.32483939904082115
