0.05331670334321039,0.04843105569617865,0.08624959112592533,0.03481003849613895,0.06293648227905171,0.34289808645728304,0.01656143909269071,0.07656442534115122,0.27823217816837004
0.17198371738824145,0.09939506671909892,0.09956057933678947,0.03290775151286434,0.048986799091420875,0.2940813231755105,0.012798906584989953,0.185842983734826,0.05444287245625858
0.08960758031803893,0.0569113242119049,0.10654740094269897,0.3441493669606783,0.011354262966051772,0.02256828960340509,0.22478061850936729,0.028664524901009947,0.11541663158684472
0.0745396357447533,0.10133645573770299,0.11730444713471817,0.22119942271954404,0.07779923683457209,0.01303161958719406,0.08199730724382609,0.03033395409134963,0.2824579209063396
0.18294472857285946,0.1889714968175208,0.12662201157339606,0.0569612569025803,0.06681691893355,0.12534761295141583,0.09200489948294854,0.08924873252991034,0.07108234223581872
0.07421092309267902,0.19233760482279041,0.15301301177408108,0.15441199754499108,0.047558012983445,0.056564488072750004,0.12296637230168182,0.12009299943311309,0.07884458997446846
0.10548624453838747,0.026506488201362272,0.0886792281418613,0.38819109541407376,0.056236172224564535,0.012365113305482768,0.16484022662022138,0.02606770003716216,0.13162773151688437
0.028673867576013562,0.4574782736956097,0.06862547736867101,0.01708661870971839,0.0627504102475192,0.04725060840122197,0.016054921985273963,0.034209292611094295,0.2678705294048779
0.13681394921825296,0.12626640488505736,0.11295993589999698,0.1698322939032517,0.020551159942542942,0.28665960010073904,0.04565631096642589,0.030188297288683302,0.07107204779504989
0.12451172555046423,0.17455889875934683,0.08176041248016046,0.04940276489841838,0.18878690059332134,0.005098758520095111,0.017799649528316388,0.15030345550115018,0.207777434168727
0.09269689038606305,0.060665280087009825,0.11445981269084403,0.14245120048172658,0.023206053300824574,0.22186859507556336,0.007790507076664029,0.060206036148260644,0.27665562475304384
0.048227493388893324,0.057592153435501704,0.1198770748836922,0.43316950084333977,0.1527931144585351,0.05701284106245195,0.06376820172946862,0.016937370989996512,0.0506222492081209
0.26243882589957795,0.05679838868496481,0.11266992804708463,0.07161324651534774,0.041108418680847754,0.11905422060562575,0.051931534001784734,0.12234681128841231,0.16203862627635437
0.1304943658169931,0.13942566643809687,0.10962783766729096,0.11206540178305623,0.015923695948916707,0.04939854819374936,0.1358400232849622,0.04693184236841513,0.2602926184985194
0.09064831747635847,0.2758849123903008,0.10680288758140316,0.0533682938514757,0.19838507391481533,0.13282572112312152,0.052423910084645774,0.05952802735893511,0.030132856218944123
0.058070098682144196,0.22186054214829065,0.19953740069482115,0.07388585473117794,0.05806111887920956,0.1362520827595922,0.041656944486895574,0.08417352101316906,0.12650243660469973
0.3109897408544943,0.0929527496871354,0.12705849565413824,0.09731240894837889,0.06134085330599818,0.1872325811894963,0.016415824064951803,0.0551668308126269,0.051530515482779905
0.05990836403462421,0.13994356593524795,0.11571387504758428,0.1719093999514126,0.10792751969837004,0.23924846782612133,0.028326823634261866,0.04977174494085131,0.0872502389315264
0.0932557996246585,0.18384675315977797,0.15005374791020487,0.14062159818281475,0.051966894359203854,0.12393671381640524,0.050892254166679106,0.07849997153227635,0.1269262672479793
0.09926668785897341,0.14735635315516635,0.11841685301564664,0.019699431018733175,0.2502728243650905,0.03125657079709177,0.025445628481427535,0.10900581438368044,0.19927983692419018
0.08521901952678974,0.1631819773022062,0.10520829654052642,0.023443095139487533,0.059509228040649786,0.03537848033571799,0.01288839160271369,0.32842048539684315,0.18675102611506544
0.19530520271002413,0.08476786463429532,0.1262962520919669,0.05414448300913138,0.06324276467616595,0.02084966339228514,0.36865924825120394,0.025833590362764742,0.06090093087216236
0.04609624528970332,0.24609042875266254,0.11024422214851413,0.34058992330888227,0.1396998605865909,0.02509286474967985,0.01752969930575639,0.03606002306447348,0.03859673279373715
0.01390181155451352,0.17042218840434173,0.07907353766984343,0.2525495563604038,0.050526896400957526,0.2601067451581635,0.007696289879121531,0.026221644420481888,0.13950133015217295
0.11416336418623146,0.07252887649221941,0.17345735754321479,0.1275705175100873,0.05965178752996858,0.11552860636850688,0.053535744503766775,0.08256065188854346,0.2010030939774613
0.1822316822241603,0.181905958890448,0.12085844750265595,0.027255473530017355,0.05269947347827706,0.09785830746150219,0.03753562665094947,0.07491161650672411,0.22474341375526552
0.02523672389792252,0.15989940624664503,0.10792702190126717,0.08865886368373628,0.02018952562589904,0.4677630302568701,0.04656646367124131,0.04168016103652106,0.04207880367989747
0.04026613514270027,0.14287609999820441,0.10852333328015971,0.19755400211187304,0.0809401670650592,0.19774454603340907,0.02669163710737772,0.028329665282550015,0.1770744139786665
0.10385753041954653,0.047639015071883416,0.14996942494123042,0.08355855306194394,0.03658890518327625,0.14494510773566757,0.3733261909373106,0.043752211740975884,0.016363060908165368
0.05794060289154284,0.06034690908453642,0.06305900440494931,0.3346240863011359,0.14405720423355597,0.26201544588701303,0.018163988693933878,0.019038418488563216,0.04075434001476942
0.05468767658945478,0.08446395508386166,0.10660173641490008,0.09793503591832857,0.1454379094501095,0.09408116783162555,0.08266833037541514,0.029356393122511065,0.30476779521379366
0.14251174021055577,0.11117968583065584,0.10991614261504246,0.054932432253579,0.10741361073442961,0.21981286864754646,0.05342929934921111,0.015239706874753822,0.18556451348422595
0.10659000363577714,0.17788107300880104,0.11022732497703741,0.059926755086354554,0.02305238398306929,0.12455278275918556,0.04717974298900791,0.15704687832787204,0.19354305523289503
0.2589079042448792,0.1534477019171206,0.10367232154847315,0.08735281212050822,0.05372949540686955,0.022540389030655097,0.06416807266755697,0.051440061846626556,0.20474124121731066
0.01681968618273491,0.04259239508770161,0.07658762186420566,0.28257698197497494,0.01972451915988417,0.09263964761600561,0.08151811876938586,0.008715444976903375,0.37882558436820396
0.07681953788352212,0.06902279350149514,0.10120667387222616,0.20258580674137994,0.12203835191578012,0.05855779068254711,0.02217029672534151,0.06984788497417807,0.27775086370352964
0.09817758793046198,0.14019140212547168,0.10165939338406815,0.020697953347599586,0.06603377505824909,0.2347876200085813,0.25098687475612647,0.010200111457386049,0.07726528193205567
0.2069982531847819,0.033492731616010275,0.12061460475211701,0.24700237490871127,0.05207298399689436,0.06743729339053031,0.06772064155795854,0.022654215606841294,0.18200690098615493
0.09077124579594394,0.16812288962414187,0.07308467885234189,0.2983179650597864,0.01701868719296051,0.02474908808561005,0.029267752419215354,0.12576649340640325,0.1729011995635968
0.21788841646654175,0.07808226109231214,0.09248601522235396,0.045893830615499516,0.06891445735810031,0.2313423798582063,0.006313447567730795,0.021044780577834248,0.2380344112414209
0.11099789602926317,0.07681529850780122,0.13999508544881362,0.07577363206635099,0.06927349625651061,0.1269458607364624,0.10902933595778674,0.0986187364314477,0.19255065856556353
0.057444940949663015,0.1317840683621005,0.08422830309624146,0.08310970885879694,0.0955137422961263,0.3039953648297227,0.05527744915626217,0.025167309298197642,0.16347911315288924
0.10649174529059623,0.09359000569475479,0.14683537826562712,0.25158179269752556,0.05395178223422398,0.021298266579978187,0.15446434157331002,0.07736620753314549,0.09442048013083859
0.0820885009708269,0.29847784793125215,0.11609338088362835,0.03256967955157486,0.11397723868322081,0.12031732330921956,0.05263113891272289,0.09436440576752146,0.0894804839900331
0.11733730872189008,0.0839323894219658,0.11529370335372462,0.2903242337003232,0.03545721886458067,0.1869360635952496,0.1108941106138042,0.031490866117910146,0.028334105610551538
0.05389182465540445,0.036894944065817524,0.09918194763689923,0.22184170094331776,0.06249478013119858,0.38752324625087814,0.0763281480254898,0.029324509910549624,0.03251889838044483
0.3409142868794337,0.05442857326264764,0.07077795547003135,0.2824295568930228,0.05748471728590195,0.03790675193244345,0.04913609511802978,0.04763978585008901,0.05928227730840039
0.31602193401170553,0.050678648782057224,0.09934408120257987,0.07935184431775964,0.10189732865023782,0.036883277448511116,0.059688887383820555,0.061065404599168954,0.1950685936041593
0.04468233298113373,0.08305010134522024,0.10015138560975623,0.036918893247142905,0.061756310441430345,0.4794398548863015,0.025765450757333067,0.067481089442866,0.10075458128881598
0.042024427963298146,0.3339764028428322,0.11033798698619329,0.1868725908497032,0.04442739353414904,0.11870933704801889,0.023931047757842393,0.06142739856734201,0.07829341445062087
0.026704786684006842,0.41644995259262463,0.1004306200295843,0.04098599542262677,0.13907529361081913,0.0367667137838159,0.03015839372115618,0.05330450243890186,0.15612374171646437
0.17982161221975212,0.07314520747930393,0.11187939303640887,0.2834981165431878,0.0632201109432133,0.11508833623702382,0.02796067242343021,0.0820647604606947,0.06332179065698522
0.013861052258043042,0.127570509597914,0.11425852123519281,0.18238061528607127,0.07197426253007712,0.025022440966535896,0.12078135313913956,0.109862540185853,0.23428870480117328
0.3831227697008732,0.058917801549050346,0.17141155750320336,0.03217785255183673,0.0883829235857726,0.08656418220572365,0.11294945623343926,0.03858525079005829,0.027888205880042538
0.11204244749550013,0.13202504259520578,0.105032514576675,0.22074758469966138,0.01317435864674025,0.07340614768578958,0.01469641964214903,0.06154141047636021,0.2673340741819186
0.1588841374836357,0.11329877079746853,0.11627522071219239,0.1248767979401989,0.3301794748902807,0.02329169761990219,0.020469646371376608,0.05262287691393149,0.060101377271013466
0.12434535382174798,0.1356201853144526,0.09706655827613404,0.08729979790840418,0.0970058066115878,0.043092993904691845,0.05472787089771913,0.05246560613142374,0.30837582713383865
0.08778191441287315,0.05001850000962927,0.15146495962143142,0.06589046801885805,0.05668163150947945,0.16365021093938867,0.26097613001634645,0.1064627377491073,0.05707344772288631
0.14409828894982812,0.23291910041124497,0.11711327404248777,0.13745917769176294,0.04024603294147977,0.17818252852272956,0.09083258914065663,0.022060957251025182,0.03708805104878503
0.08143541574214692,0.06640518366685327,0.09754736404725932,0.2345527193240179,0.1369108934905885,0.06712925285188473,0.009890424491357625,0.07054193940697961,0.23558680697891213
0.16616474249041754,0.2844779095651861,0.08075774702472586,0.028079796157063002,0.11454577541363446,0.02317940343642516,0.08138844637361932,0.10458989024383618,0.11681628929509241
0.018686952412649206,0.2544906461685215,0.15790174121299572,0.06057471470762402,0.2019879759956741,0.015757783872685487,0.0851774035088318,0.11525649074711468,0.09016629137390351
0.08598967289064256,0.20856708341033534,0.1331876203233601,0.11330747172914184,0.03344243574128658,0.14761813785975117,0.06368782138976763,0.11114646672014065,0.10305328993557415
0.08148836578961184,0.12643167210009518,0.1360474278054067,0.11737647749724366,0.102838868536214,0.12940538552432346,0.11940619261914932,0.04332529730539758,0.14368031282255825
0.11931840707927366,0.06141611393564622,0.15130871447749145,0.014611702220374294,0.02170517772731503,0.11615652343045708,0.4088730066962875,0.048172601274004044,0.05843775315915073
0.2030667438838191,0.04069108052661229,0.09212610789673753,0.22955922093260686,0.06744724992532249,0.19112995806558483,0.01614821545486787,0.03369770896621916,0.12613371434822984
0.1206407595435421,0.12165294467152098,0.1236092338464082,0.038810983219335245,0.18199137273197266,0.04392373389942241,0.023033410160037335,0.08627383128731729,0.26006373064044375
0.10879103203222544,0.008581406026993275,0.0787777242967151,0.3395562811826303,0.22602391738400787,0.04377972672007243,0.03674219752379047,0.08352546410938987,0.07422225072417521
0.17899116722545227,0.09707852643424715,0.16216925308050595,0.10509893848163565,0.018163352696357535,0.0551046319756495,0.19796690356575164,0.052122165057661506,0.13330506148273885
0.3452104851142406,0.07355309150029973,0.10882969200956806,0.1261538105479861,0.0436023873781509,0.20545270965867515,0.03738400269552531,0.024105009969279365,0.03570881112627477
0.0594704631652364,0.2247386282708431,0.11110398080893073,0.12201693799013318,0.03452795530786417,0.09645007818866509,0.04151389367354288,0.026465192971074043,0.2837128696237105
0.075010658901081,0.030876574824802324,0.12289209643758366,0.24566636164468444,0.29572402288071314,0.060010641474000405,0.03690456460793717,0.04838759306533816,0.08452748616385967
0.0701987859964429,0.09529367231175806,0.11062125704372272,0.337526746888652,0.054017807353122664,0.016517220945984557,0.11281878966855552,0.13928798186792202,0.06371773792383968
0.1929887729650853,0.11092760019778358,0.07501899858460333,0.017514972608667453,0.14581028741486746,0.31739047262257075,0.009698919743917414,0.030043603452654843,0.10060637240984989
0.06206976782892146,0.11162731711638973,0.10995764257767988,0.3257382123591662,0.043789133943560904,0.11271189764225231,0.08124484358085014,0.009511085774258778,0.14335009917692063
0.09239516852126202,0.08598753741927657,0.08094045548118196,0.16309332080625397,0.31153983145211783,0.02692843041738968,0.019191330302172474,0.06004718119390203,0.1598767444064435
0.22930308681206069,0.07908305574503334,0.09766585989951822,0.0656984784005616,0.0134475373954568,0.036171915691810635,0.30323995828865097,0.059577991467697045,0.11581211629921079
0.01386402756648708,0.11599654193337187,0.0840643157463621,0.16139062906592583,0.2760278253042868,0.013206020096110029,0.03147804076471287,0.1860157406178096,0.1179568589049339
0.0474318122527626,0.08984412746028995,0.14398406288211837,0.22388109553677557,0.07012264829704272,0.029339522797317413,0.12057936314092221,0.217115850569692,0.05770151706307922
0.11393577311734145,0.0727803886109448,0.12084713253010926,0.04568815654707892,0.10074149246380208,0.026757832753207107,0.03978103624894164,0.3162547946316597,0.1632133930969151
0.043795154221789805,0.10593943588082605,0.08529723172559082,0.49165658556656694,0.12570584050393593,0.015831641030493445,0.03112912432213225,0.06524387034517573,0.03540111640348897
0.02571519144100765,0.09830450640996191,0.09542389826420815,0.35176865114411204,0.021937289556097583,0.34260607152792427,0.017381877067186607,0.021153902423452903,0.0257086121660489
0.06062326083341451,0.14918716336884133,0.10201158876778464,0.07949321795384934,0.2948144729753585,0.05732130527550172,0.013887021614119482,0.04870119267079039,0.19396077654034002
0.08993861569337602,0.05346060937773887,0.08076407234039328,0.03131984430601754,0.02056066876673653,0.3984372083190186,0.2095689146985523,0.034900849365990715,0.08104921713217618
0.03138151616188204,0.10052752132985748,0.09182399962032528,0.2377437079946635,0.1306202644323093,0.1348994525317453,0.037820621910674285,0.03707265428106953,0.19811026173747334
0.1975684543142595,0.17841807348623018,0.12666261152688182,0.09446378121846206,0.058595653191217234,0.12466440428442882,0.1432817117189005,0.04158980699433923,0.03475550326528065
0.08193169865510676,0.19711351130274113,0.0948793688957339,0.08325085798276004,0.08153308893492651,0.3011153773046583,0.0207296765908771,0.018276879981459295,0.12116954035173692
0.39413779302965013,0.158385101342562,0.11498403657527834,0.10544895115845287,0.02558808971461857,0.05324190683313285,0.04513584002994992,0.0650478456073965,0.03803043570895883
0.0804216995084392,0.06778349743238364,0.12586178728063005,0.23064694924784987,0.08442473092171526,0.1606620053083261,0.07105033501342138,0.01297405979556226,0.16617493549167237
0.20699717561127187,0.09446906599367105,0.07273110064153405,0.021758921347006282,0.024760345701180467,0.19677545275251176,0.14316458989272707,0.010763654091569866,0.22857969396852754
0.164599352172159,0.2344121250522763,0.09856344446610733,0.06494647694077334,0.012417769095430251,0.19778773132933047,0.15691274052262022,0.023867233364563548,0.046493127056739636
0.08950040087262266,0.050108646100674274,0.09419484412748103,0.07077462221826679,0.2558886560613306,0.10251135317279403,0.022947137480936224,0.1096441008973672,0.2044302390685273
0.04261790681000776,0.11953604023885289,0.13237776869664147,0.11247813550416476,0.15379937028180635,0.056028825300686,0.08454902765369214,0.200409283899628,0.09820364161452061
0.061419721666920744,0.1229540732356939,0.1348162533274806,0.03167647139378408,0.2243874442667161,0.05566235802974162,0.029070186120034664,0.08721667101303349,0.2527968209465948
0.16751349775116897,0.03621576659935912,0.1279687981799683,0.14442654147541478,0.07957063728046546,0.20947382657881142,0.19277880445051945,0.02502929312499035,0.017022834559302206
0.03638097092592803,0.07578315421509413,0.09757152330523637,0.046292656099685935,0.22050332614374976,0.019343759593508647,0.054391766568713806,0.05285979954162737,0.396873043606456
0.11375749798720663,0.14315571222508988,0.09619156498448889,0.09106572644041076,0.01832571687359579,0.3026202503728771,0.048395720629760615,0.07498660413369639,0.11150120635287396
0.4931817898567692,0.05244206866173288,0.07960705507397171,0.01770690167114879,0.0053687263491724035,0.051748339430981644,0.07147658403489267,0.2127968143648443,0.015671720556486468
0.15201941373988473,0.1136478684903286,0.12351889984668463,0.04728849269599444,0.043319100242776576,0.009101455399939451,0.24987595024273665,0.17593748681631607,0.08529133252533881
0.06920539229142468,0.18274151907555802,0.19303680681457447,0.08275303839471622,0.15067604315592892,0.04321125300740977,0.04131184493710241,0.17094718237051162,0.06611691995277376
0.13291064701208455,0.06425229276265261,0.1138464022864215,0.04384384650918686,0.08073050461179863,0.040807186074762226,0.03188510008267712,0.138774274103844,0.3529497465565725
0.16573885078590167,0.062447830056308884,0.11171583292292318,0.1939825552435452,0.14339949572418823,0.14738895510510422,0.1099443529254351,0.046166019676551734,0.0192161075600418
0.33055606593400017,0.15288588160220604,0.10071537106750071,0.06292456387001487,0.03978371462574346,0.09485716960104591,0.04027293667473485,0.04851352217402599,0.129490774450728
0.1942562887275755,0.04410476963699365,0.13398886010284386,0.23130801690469924,0.14561777101348858,0.02848408907773038,0.027759478888422645,0.034679406163988305,0.15980131948425788
0.17194129073551104,0.04752498545111263,0.11139097410253962,0.14557673757391265,0.10088898200650986,0.029772711931455653,0.02414495387013983,0.09531298811939859,0.27344637620942014
0.03416108160680569,0.04531457002002589,0.07420980267589426,0.4443093185046303,0.04401468503569265,0.1429645118248384,0.07270233289488497,0.006744319389384987,0.13557937804784287
0.1602181631537045,0.1843240130803552,0.12473614286083762,0.3532004041218584,0.011959511851668552,0.06835271711829038,0.030813961540355806,0.04069457415325543,0.025700512119674213
0.11862737457893836,0.16539809183271592,0.10047190414651656,0.1368652849054648,0.017135754477004814,0.3209546421663437,0.04930046152139017,0.03008741732081294,0.06115906905081279
0.14640978517322603,0.15292024182310693,0.11385696029860454,0.3332378254187644,0.011497081043900596,0.03521623452599413,0.09956105012436234,0.017171995745040337,0.09012882584700081
0.01538245645678236,0.0403027030212997,0.0680862803860182,0.030555937626244863,0.19314519549410317,0.43498647514599753,0.035716108421835494,0.015353126225633631,0.16647171722208506
0.07182337706539492,0.19959436050352966,0.11087346015289941,0.046872793179034034,0.1179511939230581,0.0023183298834808463,0.046124306316928466,0.08451911747813845,0.3199230614975361
0.0650151572265982,0.19983054910183898,0.10748895215265446,0.2146163200599378,0.01601600060289245,0.16006852832320922,0.0074783275319725605,0.02890379498445402,0.20058237001644227
0.36087321739510303,0.19638572851672784,0.0874666067691096,0.12101550399221354,0.025089135810331398,0.04080312940494888,0.008653087882996412,0.03380852493064466,0.12590506529792467
0.0832407412652449,0.18240488160970836,0.13363251954323896,0.0791455811020264,0.04755625353709391,0.0228947347435603,0.026017737338093556,0.060285664302288426,0.3648218865587453
0.025002894322424533,0.313669239995876,0.13712680356418605,0.05696402996224453,0.1385326298767111,0.1351653705200908,0.029788074142542347,0.07907972211250305,0.08467123550342166
0.09969532534702408,0.19018299254809587,0.11069337088167848,0.023060138045131667,0.07426393616358455,0.04158389632933351,0.036489611568086854,0.17679705465027587,0.24723367446678912
0.2847051715424225,0.1447203566995562,0.10307846918589429,0.019446945158526567,0.08151968542723086,0.04304071873223988,0.059549883557295936,0.022351651909368452,0.24158711778746542
0.0938947556661409,0.32415563333766245,0.09603245399166398,0.06642341543882953,0.10393105128920317,0.06735095827501586,0.030785496345042507,0.05402994319633922,0.16339629246010232
0.13704627887591084,0.08887823613680317,0.15479326033370427,0.09692783138144045,0.11588726239196712,0.14229425499606785,0.0199418858851421,0.10729059940909762,0.13694039058986665
0.10519047394067743,0.271284671888616,0.11467166689718251,0.25046005285550993,0.09032640646265473,0.07244098520315956,0.008748115019589142,0.021327751167205287,0.06554987656540524
0.15425337217150695,0.026521028008013318,0.13726063679352787,0.26905134376017575,0.12320774447065293,0.03886181269824051,0.02266157836550303,0.06162463374815382,0.16655784998422576
0.15704064988840352,0.2143575115110369,0.09179063417182987,0.23586636904452804,0.03886085048134927,0.022895127985520156,0.04194156972522798,0.04388334581897322,0.15336394137313106
0.1488758670069709,0.06580464730480269,0.1270208571176875,0.07741384497376065,0.03224020880763336,0.045128653824268956,0.17719555189937278,0.2863442427774896,0.03997612628801355
0.030866882547915017,0.24940615779241004,0.12830247190652,0.18137231651309194,0.1521403841073714,0.159897967898146,0.026865984541647302,0.004675513325265332,0.06647232136763292
0.16929430912490753,0.030550630374297588,0.09624036126671927,0.062005238118414296,0.20123606413636483,0.048125586578197516,0.02969887020798791,0.09098571554222352,0.2718632246508876
0.17416068279946884,0.07479787943099726,0.08250912074000673,0.12190822384969895,0.016489750072126944,0.2451320435716461,0.03305904025354996,0.026905213250575172,0.22503804603193003
0.03347065289608697,0.11695006475281063,0.10738528932656999,0.05579859869947632,0.2704181557664447,0.2046680485884861,0.06880347351066753,0.01530995578242571,0.12719576067703212
0.03233574970657183,0.31707974535279404,0.08622884263875585,0.028549290611956917,0.17736330066901365,0.025979829458987632,0.010518867109724016,0.028242518033640696,0.2937018564185554
0.1961732413352274,0.09399232920950866,0.09573962310961832,0.08347196775077313,0.10243654366706896,0.008053260081999108,0.023153259335790405,0.3547161292249128,0.042263646285101215
0.044694474861123434,0.10408528799939482,0.1304490607935238,0.034629332819407506,0.07448908989194765,0.03310081766695586,0.08317971925483357,0.11699672837965573,0.37837548833315765
0.031351556271291554,0.3030734172283817,0.10713209473851766,0.012199286892769244,0.04749081679426126,0.18696319437923323,0.0729406919054647,0.05870364562004241,0.1801452961700382
0.12766074490474275,0.10837486778891958,0.10464979432298536,0.3232792702176963,0.02461642739131333,0.023652437382664666,0.041169197583816916,0.030567428680604972,0.21602983172725607
0.17175075925318653,0.17404445209237887,0.09554911065722033,0.18711436486477215,0.13577258062715433,0.02466508459022713,0.059078358567374534,0.08199157566166737,0.07003371368601868
0.1753323643690687,0.04489259573483406,0.111609012122127,0.14026761228326912,0.04696338275624525,0.06475430776004738,0.0347706302009415,0.02433119037704058,0.3570789043964264
0.09493050618280162,0.11255243311173624,0.10701102741116157,0.10832161671796033,0.19238640137692334,0.1538529688843018,0.019132441104851794,0.14463156007028746,0.06718104513997586
0.36025728567469856,0.12421066847776747,0.13651307460292136,0.06847067350577225,0.031391324172779345,0.030535089742466066,0.10098938348260628,0.05120690132065156,0.09642559902033715
0.3067944945409333,0.1003971707397064,0.0831481405202449,0.05192062226359412,0.12479558903867598,0.02081057228020734,0.07820915386306244,0.2216124058308919,0.012311850922683562
0.08821667095105966,0.04954029510956461,0.12336182901348802,0.2792611558054823,0.10827342921944384,0.10931501825658424,0.08705185763936885,0.030669005612305,0.12431073839270339
0.013075902044620141,0.08659682624557004,0.09914872583554302,0.1120329120779121,0.031608814326025,0.2323625819546058,0.19785236731121483,0.03769532992383664,0.18962654028067236
0.0726405797683632,0.09730340447428225,0.1588181282805241,0.016993699639015633,0.038771532898536264,0.20972397064419632,0.25930836559961495,0.10319407411190462,0.04324624458356268
0.04431077456598443,0.04004869982738513,0.07309962769853667,0.4145758301640779,0.030950587514987814,0.041783079390627774,0.03160599871970645,0.02739512153247807,0.2962302805862157
0.049635381599084615,0.047157425021580185,0.15541427234533736,0.05699826789814489,0.02299834116671531,0.003965313643032316,0.16917738884217778,0.11409159666620276,0.3805620128177248
0.061073564158590776,0.04970014098976042,0.09963274322784473,0.02905922352667503,0.10578252975710854,0.269308697257367,0.027990252751913247,0.1359022675708018,0.22155058075993836
0.03386639917529793,0.16340605548765333,0.08189149510155551,0.3549457660418189,0.06135521179850001,0.07721486865869752,0.025295919654061774,0.027354361851505055,0.17466992223090996
0.08925081441080751,0.1427264539442707,0.07961252373442802,0.279812773581163,0.06097504524564722,0.07674740380794719,0.051589669014920514,0.04576899215631993,0.1735163241044959
0.02793053744903845,0.31193486043528407,0.0928218613230995,0.05538025207378911,0.06061954113088453,0.10828050297442497,0.014353104788199478,0.022072264867422156,0.3066070749578578
0.14859200725549868,0.30114546948609194,0.06880961210889432,0.17485729551440463,0.01604886538960135,0.08914623160908504,0.01933054593635088,0.08010861296812254,0.10196135973195057
0.16691427006029316,0.030373951128193813,0.07127404296027616,0.3115880940422488,0.0283169205840158,0.28377477302955234,0.04613318081226336,0.04020059653622938,0.021424170846927326
0.09607046996559725,0.039084942207056515,0.09574378700531394,0.16187059900219106,0.25353329417861464,0.11428165749790853,0.02096356028678395,0.02354957021926612,0.19490211963726797
0.06632742416017179,0.2926231249456321,0.0767666376761467,0.17557189202594647,0.0308481271860339,0.27980097374464274,0.01037370159103467,0.02570482464320094,0.04198329402719069
0.035225933151635636,0.042089801760055716,0.09791951447799041,0.09756244605830561,0.09721450974424832,0.29351093114009225,0.039763283245044086,0.12383251767349217,0.1728810627491358
0.4180336187866895,0.06838898076717652,0.09962430211095717,0.14900919739270205,0.03596530433039959,0.01701928358399425,0.03712261237240733,0.10892148241652144,0.06591521823915208
0.07488871242549938,0.18253993022854798,0.09515355375165353,0.3674400660661486,0.01830437810105527,0.025492155347018357,0.02172041067340978,0.07476118989756575,0.1396996035091013
0.38996115836347256,0.2006743532143244,0.07803903810647661,0.08234776021235325,0.0336954242574781,0.02422680822270477,0.03710148154091051,0.1109885130319246,0.042965463050355264
0.18609139452874857,0.035262995737123444,0.09274329907080585,0.0853608585403524,0.12226763459815815,0.23542115480669548,0.016223659529549034,0.01312393700197302,0.21350506618659412
0.02446844144516609,0.1640428477679654,0.1966996639694205,0.1579759061492775,0.1103505931800594,0.17128239145252236,0.032752823355177534,0.04839209157924442,0.09403524110116686
0.19215096035937254,0.049597366510099085,0.12423059458304066,0.2646419034164502,0.03499418598027808,0.07878707119932381,0.010810023134344473,0.024784574121186714,0.22000332069590445
0.09984757244928107,0.25293497174718266,0.1077900535146034,0.07349629293970217,0.03763276006545609,0.014465071797030707,0.09521472837660182,0.01623873109208372,0.3023798180180583
0.25090894589970264,0.03447342260351746,0.08318636087563822,0.17487164080530415,0.050176123974499,0.0642701357914306,0.015742366953770164,0.014242853084014863,0.31212815001212285
0.17268673287751354,0.1454507173095497,0.09980809757890856,0.039116630587282895,0.15401081344602527,0.07154974386415276,0.016850754101657886,0.07573277387464676,0.2247937363602627
0.2861510775863966,0.05900313742048798,0.0936444899013898,0.10473586726524485,0.05814257070484743,0.20497864230197047,0.01151618974823434,0.08042657260051493,0.10140145247091364
0.030755241852621188,0.11556051190760608,0.1321083731077297,0.032993867993089634,0.3032957139191,0.06613056342471124,0.003987804562333453,0.2364660774376585,0.07870184579515033
0.3364961222158866,0.04327054429180275,0.10882663542667063,0.06344042408428048,0.14895684656066052,0.020918988504184496,0.0430028789784668,0.10499759299754884,0.1300899669404989
0.05921244145014967,0.1580492198369463,0.07423330045936218,0.14161715749854065,0.015820321304524407,0.18316563448484935,0.013664335663040683,0.030488154298749858,0.3237494350038368
0.13294277391191292,0.11500126168995535,0.12143053711501517,0.032661343413596146,0.06190104498586426,0.10809860396881353,0.13098301476077578,0.11429722706371435,0.18268419309035253
0.10705285530979602,0.0935393243583309,0.11024745033084243,0.17452089067326174,0.08413940666699538,0.33144856528714445,0.027430932074189448,0.046154506519357506,0.02546606878008216
0.06899669990080043,0.15715741794165808,0.10219835271224044,0.06662283948875242,0.11835086202825623,0.1233548200043091,0.009054274133915975,0.24370919434204638,0.11055553944802095
0.06178002413854672,0.04191692527058271,0.10551556877105922,0.03894694389761257,0.09238113073086429,0.11537623658710894,0.19914742879057776,0.23017605154432633,0.11475969026932153
0.0518023993439588,0.22369580748027418,0.08514004923908758,0.16069859416718904,0.08389677186637995,0.10142522424653201,0.014440646493902193,0.11899097018235354,0.15990953698032256
0.07464245880132407,0.08288128931782783,0.12565635671045897,0.25144337685888934,0.08787276454248456,0.13486825928073878,0.021562196561390305,0.08892208020042369,0.13215121772646232
0.08722703765359259,0.08723809770160455,0.1516386458076233,0.12518456078957044,0.14256937274744494,0.16113958997468267,0.03397850174714724,0.1162301665990886,0.09479402697924572
0.04574078218941996,0.332669934720563,0.08959432126558886,0.10385221417945305,0.1290516762812937,0.15077962543926982,0.009837958829577628,0.0073918209522148065,0.13108166614261918
0.07589351079370266,0.2946981654949138,0.12623013938382968,0.09723918222003476,0.011528754134990611,0.15493953294796406,0.06494522619088694,0.1014962318064881,0.07302925702718926
0.14682406846550164,0.18536199036743542,0.1125871346900511,0.06619767001351116,0.015490209785981895,0.11857260305217415,0.15413537816339584,0.07162918931704183,0.1292017561449069
0.023441869019808034,0.31828075382372334,0.1017817234631807,0.1402342844470724,0.02158029819231645,0.22123950396391068,0.11187415218653891,0.055017636133547675,0.00654977876990185
0.09079573840082049,0.25019338277332054,0.12409190276826054,0.12603608327481575,0.02263809198553542,0.05310007016493242,0.02997779706827458,0.061106544068101155,0.24206038949593914
0.16924916059935305,0.05311698907911252,0.10124763434456167,0.10742660236346525,0.15267812235883643,0.013332043434637857,0.06554123700364273,0.17695632532252492,0.16045188549386558
0.2613530501434531,0.4018654164236712,0.09398256928766545,0.04501159820331658,0.006213019810682369,0.014244492247784589,0.06683613969691266,0.03432675462646007,0.07616695956005395
0.05785724432190679,0.09529472118415727,0.09350858862465639,0.035124440323864,0.09280904423557763,0.28691777813399716,0.03745739759116279,0.0675557769236771,0.23347500866100093
0.11130433295530452,0.1810747325663612,0.08525833136584438,0.15796409941087933,0.027191881845341475,0.2808653750969346,0.012942621964821857,0.12310660616369168,0.020292018630820956
0.1658441152227786,0.19558510002277288,0.06672949608590571,0.19989304123700033,0.10832055403040426,0.21129527168661558,0.025037719796277568,0.010540698852360739,0.016754003065884367
0.05849833222055736,0.08620183435821492,0.12050864803997043,0.05950578778398243,0.10877539225610544,0.12442039770112202,0.09336683863212973,0.04355274767345329,0.30517002133446436
0.14784238265216137,0.2545320396115251,0.10147051979827511,0.05986031270300233,0.06607092701630046,0.2082787943576192,0.0336342661295008,0.05473724547774719,0.07357351225386848
0.10625806635841083,0.11176164257515864,0.16046293757049526,0.1214521975851484,0.12163768289266715,0.08712151955584473,0.067058001902756,0.10189092197816403,0.12235702958135496
0.2551962482299019,0.038469006253104676,0.09967081060303407,0.06602289030372827,0.052061863981511636,0.12740936931237504,0.08418431152266893,0.12929205754985718,0.1476934422438184
0.13316925207496302,0.09925220550314395,0.09070583209320697,0.12099078651610289,0.03329403890631948,0.061878087648511916,0.3097208836457477,0.0398115401789809,0.11117737343302321
0.028823982360787797,0.08004451734399191,0.12105161458364067,0.23239621959418633,0.12794566570345814,0.07296127905288968,0.027085959406000903,0.21274274288628284,0.09694801906876178
0.11006297902279875,0.10044497937431096,0.07935811163524492,0.3417062199748467,0.04191954252729067,0.21847119291020703,0.053919309970390315,0.01751401712359237,0.0366036474613182
0.020598827668745708,0.18175736752713378,0.11403472664573294,0.09411164815340596,0.13428613174623763,0.2822031453197576,0.04999890083359596,0.022107561929875678,0.10090169017551472
0.07796752002034237,0.14602909083699186,0.09574430062894262,0.18788930008144233,0.03003706435157975,0.08096041723595838,0.06814718064588017,0.30305463809741817,0.010170488101444304
0.12397857450270379,0.16318428381866293,0.15202749973838967,0.1682941058931174,0.1324437835803961,0.030198048382072396,0.08404794403093697,0.023637113728295873,0.12218864632542481
0.07653195494448696,0.056064224784808554,0.13441344213818487,0.21733798418627817,0.10233490176078862,0.04062957375908951,0.1798624251480803,0.14669972398910533,0.04612576928917766
0.14570022715545503,0.24399329104235876,0.12612494168679822,0.03997598566202673,0.04810033202684716,0.10407412162335321,0.056326967445049024,0.03575162776323026,0.19995250559488167
0.06051994314041226,0.259751657000846,0.11492213945443797,0.09406691029151347,0.22992144540687595,0.002448574148909484,0.07492678601468945,0.05174371710439022,0.11169882743792527
0.09075210734200517,0.17120489772431138,0.12652101202739272,0.04113340603378803,0.038678338150832645,0.23505367853562611,0.026863211211316018,0.11904531241460041,0.15074803656012745
0.03124567000383068,0.14196618934930527,0.10864035496023085,0.06021451263131473,0.3263902796421769,0.13280402418012124,0.026109593784343976,0.04246160690084671,0.1301677685478297
0.13334126153841455,0.19358708534829364,0.12666281532061388,0.1859847582725844,0.033296997719953626,0.01712195321577996,0.019614497719505106,0.06362497768271548,0.2267656531821393
0.15587916215738673,0.046395414711094575,0.13557555055069087,0.039409517177697376,0.2170901077024907,0.19699953566684514,0.015718751105659286,0.0954170356214627,0.09751492530667265
0.2010385450979498,0.06990869261205361,0.08146756282456373,0.015700207200850618,0.2531277297623062,0.013391672676227371,0.026034827362617263,0.09956884456639248,0.2397619178970389
0.01913064793404538,0.08302859140870618,0.09603031225659893,0.0464825041109836,0.21433384151438953,0.19337353177586683,0.04311387463873414,0.20940985785979882,0.09509683850087663
0.11213001112957398,0.19146540925948008,0.10669658267692284,0.22184879524489368,0.22838549819947448,0.08762160018193284,0.021464211795312892,0.017585594714466354,0.012802296797942857
0.10723906399457493,0.09160755024186155,0.07622147501496196,0.08969621598302151,0.16667834253089164,0.2717715546902785,0.09792663372489623,0.02765594283269429,0.07120322098681925
0.17072677997326388,0.05709287727179832,0.12138921867048942,0.1581836095539175,0.24944250877387728,0.028036784888862094,0.015237149147099399,0.041243684063975,0.15864738765671713
0.2789974741084708,0.10425947133721142,0.1009529047501906,0.17936157598383884,0.0975650396623432,0.10647855596686111,0.00393378978923252,0.018703934338916064,0.1097472540629355
0.15568371452115728,0.21449481240417959,0.09544033027446645,0.06688067697622778,0.0524138127967241,0.25723343834031964,0.11580557457566969,0.015298927302293331,0.026748712808962124
0.2119112506637357,0.05299391913926523,0.11504374193581879,0.05080098900907354,0.10022346238207598,0.19786553770802984,0.0269831527319107,0.0559412591553252,0.18823668727476497
0.13627778713020272,0.13575496619028718,0.19553425796441526,0.030303504907784804,0.09014621990181522,0.07634450686035217,0.08404692953036026,0.03972820771927654,0.21186361979550575
0.20726222114156403,0.07068198965905552,0.10536423971221424,0.33960914341266907,0.037438575418928095,0.03666589788485236,0.02116544157226183,0.12380148319566986,0.05801100800278495
0.05611512082764852,0.10809589664106833,0.11934908229522927,0.03710275069505259,0.01253727984085552,0.4770066972181078,0.03975947140058884,0.015492844070593948,0.13454085701085514
0.03135466625572394,0.13223169257515877,0.07914692545606876,0.07634503339703491,0.18470009739610083,0.035344236983502246,0.004068272842773147,0.05900376742216775,0.39780530767146965
0.030717228746417927,0.1470761061020095,0.1137191565865137,0.20329319666644122,0.0628633991401246,0.08292725146586073,0.03823009165757676,0.06226720284845392,0.25890636678660167
0.05340617480981604,0.02246167802305869,0.11566672600519216,0.09765589880361085,0.06704753675787999,0.09025454569426393,0.07797631553538555,0.022762845580960114,0.4527682787898328
0.1187246023646789,0.08592196524011497,0.09801849807149306,0.3267188345632443,0.011148170958427213,0.08021664196433405,0.01632998599183168,0.032830782781103685,0.23009051806477213
0.3252226480669061,0.05520197851382263,0.09890109260706363,0.1750893217637269,0.03618492713130684,0.003874600226107984,0.26546273058384107,0.016712741116581973,0.023349959990642807
0.02131654212690438,0.12716028125115644,0.11937084464921183,0.3063944228872074,0.1121209316480661,0.0670248144321247,0.05960477681692184,0.03382574431004637,0.15318164187836106
0.10148028072948945,0.25109775968118336,0.10999637446833788,0.2184832194899812,0.12457188991430596,0.04005590485458905,0.015018134112354113,0.02196729300660723,0.11732914374315177
0.04131323726416749,0.07181336696835657,0.09059499605853756,0.043016226837627285,0.021137284518351968,0.5299447802107519,0.11364868331001264,0.02521376475420718,0.06331766007798749
0.07911771624249535,0.07513239455761515,0.12595144817380563,0.2978184617650403,0.08175951299900942,0.03410345434703467,0.050326611201787684,0.11681983006371556,0.13897057064949628
0.17654661063653024,0.19093279605299732,0.09807720286371807,0.053399787681106196,0.05060215143435522,0.14790081802730076,0.025085470892809936,0.015391506819963712,0.24206365559121854
0.07397972538603519,0.08075570858967444,0.10584241901579954,0.11366125259887383,0.04275498880739594,0.03163376737993252,0.12100009110264831,0.05515084267921878,0.37522120444042145
0.00795316065167963,0.14809013503765864,0.0932449403128196,0.07886221083423879,0.09824718898017819,0.24161079813346653,0.023165639004363175,0.09750360108728055,0.21132232595831493
