0.0463453291282846,0.13315026466165444,0.037476702958764076,0.022887467737969226,0.06340708282467092,0.09826087793713502,0.05257721286745657,0.04835746593765328,0.49753759594641184
0.04591158892062711,0.1996227807222383,0.08549554929682313,0.10311789106054682,0.16926163100604277,0.16016687749513933,0.08683548364849826,0.037556370273474735,0.11203182757660946
0.025672142798420797,0.08162641449910436,0.225182213267445,0.07102512209502176,0.08899703248252748,0.13480593691050682,0.06852022284480937,0.17111106201726,0.1330598530849044
0.028263981309160982,0.3054166477337825,0.07029796629066111,0.009779512566915869,0.16141732995631977,0.08146140499617771,0.07518953597070074,0.15741827232990038,0.11075534884638095
0.12274784346955907,0.2624348584850255,0.05547106374783315,0.06412139015182321,0.24925751311053315,0.1358408699677787,0.031328041127577366,0.019150750274613267,0.059647669665256565
0.07803439737780711,0.10873549081464423,0.08534346266764953,0.11167279842354945,0.2475428072413194,0.13788368023156805,0.04852962283253898,0.07813086547190386,0.10412687493901938
0.06704877628937046,0.20813482522973595,0.057417454479462136,0.047149361340797,0.3365946630180869,0.10781492129535704,0.01467416028257417,0.07719837186626986,0.08396746619834657
0.0781906503332295,0.0753339045727776,0.15445286680857875,0.07773905116699899,0.06218357494465001,0.0899302865208036,0.04801345937686724,0.046120716459784876,0.3680354898163094
0.023930307961672156,0.09242528237037344,0.0299395556519446,0.028297992950125212,0.28967271563372604,0.10846284052011528,0.04156470887786369,0.22558241682394176,0.16012417921023786
0.1300256830518156,0.2516553310354415,0.044651363183528026,0.1450939033210286,0.14661060228093795,0.10534577261026364,0.04873860822887372,0.0906401306001427,0.03723860568796817
0.06377731216303,0.08647855462180165,0.08697933924631136,0.010464266634992453,0.3147264331163753,0.11943533883808437,0.08069171944117319,0.1645812636068084,0.07286577233142326
0.027142119119551503,0.14590019897531933,0.04391857652598118,0.02740636017306855,0.1211553189165618,0.11041940733717874,0.03221323644068452,0.033622073323938274,0.45822270918771607
0.02763301729891003,0.21234653548123783,0.05451164795398398,0.08353277239507546,0.07584847401672407,0.10854301089989332,0.05529861861686152,0.03964329424993845,0.34264262908737536
0.034876757883928154,0.36910645521808344,0.02779706021504963,0.03909417781004932,0.3526211430770044,0.10117914667986694,0.03213362267203713,0.011365607680143669,0.031826028763837444
0.060224723390284694,0.33739450549409433,0.08004093623604902,0.027434022296915894,0.17450889494708524,0.086525607320316,0.05190289333642015,0.06484649391443177,0.11712192306440287
0.19040435129284114,0.0180433058194291,0.09974725156950733,0.013927875354007857,0.04900211686745093,0.06735296653295092,0.06814661846516522,0.4445215510737743,0.048853963024873215
0.1110804484153955,0.11105071006769589,0.07110283364900466,0.08028516185802524,0.08373643949708542,0.12230211252268991,0.3440089834967348,0.04648787154304577,0.029945438950322877
0.04681299479653522,0.217386255418858,0.11025971780423333,0.056609512529054905,0.20919092666447411,0.14023043882306438,0.1089648017730729,0.03913765369901524,0.07140769849169193
0.04397288407344078,0.0748978897276381,0.02270775095655553,0.12310217932374094,0.10818835240355722,0.11055423793278163,0.04595311926500797,0.055120996532062455,0.4155025897852154
0.10366371240133754,0.13882046084064234,0.23081883341303253,0.18358013352137229,0.02633543599775608,0.09846429828359034,0.019671420738794573,0.07428302504064545,0.12436267976282889
0.057448350264193225,0.17137293816745525,0.0792343331888557,0.18358778999664174,0.26487838405993935,0.1197367163689325,0.05261602056098178,0.035703858874873186,0.03542160851812722
0.04003797714227112,0.17294372105671527,0.06585077098201138,0.04864123302598561,0.33542168726377336,0.091541210062651,0.03189726303248486,0.01293645370386177,0.2007296837302457
0.06919897041496677,0.17929354436932013,0.12524139233232529,0.18780787593772022,0.07737903173274366,0.06882601736198367,0.015845605809428908,0.08931354345358429,0.18709401858792707
0.030021432286629703,0.11130261402443946,0.051299523880717096,0.05040024951403299,0.11058259492153337,0.11074819016720534,0.06948314314606857,0.1649187996742361,0.30124345238513733
0.06094875798654409,0.1415333778866775,0.140744689345125,0.02324776615096688,0.22116371394690637,0.10584130643039424,0.051367263001883,0.19185392864715234,0.0632991966043507
0.05110885518324219,0.22592694062787655,0.03820159272625023,0.03769683037361413,0.2306871403658314,0.1070235879955236,0.05428029369011075,0.04639678025433399,0.20867797878321723
0.13508400491674769,0.16890516778485265,0.03986836668516188,0.03444045917474762,0.21697397170723562,0.10863866707456549,0.07577300534836841,0.08999840439919789,0.13031795290912276
0.09682393550195693,0.21170260616093764,0.04289870983318561,0.05012229905389687,0.26706705813371595,0.12049695173103699,0.03349590488746204,0.06218338365236629,0.11520915104544172
0.06992045132964166,0.09310275319189328,0.1472760818150021,0.0366212412882878,0.1631914305223733,0.17540239313861197,0.05741188579986655,0.15627613888503397,0.10079762402928923
0.08085597488112564,0.112057705618406,0.10476824427374004,0.14698141943648865,0.04765016507329526,0.13243974361579353,0.07003258186712137,0.25077738396395777,0.05443678127007176
0.08815931098074332,0.4511784227126454,0.08517242010424171,0.03669504437547359,0.06594109920016551,0.076966883932944,0.09054734025781312,0.022284467376240773,0.08305501105973262
0.06230527028149615,0.10695246328419515,0.07420474357909414,0.11001679694432649,0.3226263735906402,0.09256925423773904,0.16889825424901891,0.02424966087344681,0.03817718296004321
0.05902025503155509,0.17981065166528845,0.05124650828692664,0.016140075888674003,0.2752001664026969,0.06040928961156412,0.02569618740017561,0.2615212733981312,0.07095559231498785
0.01802735748830832,0.2555493741623392,0.052236067479441685,0.012081719867217205,0.30945828261582714,0.07848275146671736,0.025355705567188875,0.19940508732332649,0.049403654029633697
0.039916780772229425,0.10815878843076498,0.20788315170802693,0.04645025310705631,0.23591142422507103,0.10917631052705386,0.034149266969724694,0.1955863991420673,0.02276762511800545
0.031576518574459096,0.13581961017195043,0.09864801326222923,0.08644421142648051,0.1330676914625025,0.17830727579336994,0.07245217706390628,0.08470142698542132,0.17898307525968069
0.05176440498706828,0.06409584741361424,0.09007859310120385,0.06627373571998652,0.2036901135349927,0.1354136616430424,0.070747129791742,0.1881678568147612,0.12976865699358867
0.1110629986044176,0.1891480155967762,0.11441172977658742,0.06722572224808497,0.1457290658638222,0.11345030141554265,0.13063124865382128,0.03611586864970241,0.09222504919124537
0.0525538737837564,0.1185933238174995,0.03860546945843518,0.014663900788584434,0.11373830864034919,0.10476199709873257,0.03118967554235907,0.04004242399105735,0.4858510268792264
0.11100771096467425,0.22528405468931348,0.04991127248922426,0.08211939959302578,0.08561915411060983,0.16622069162387,0.10391415977660001,0.0986618439913808,0.07726171276130159
0.054289145925962144,0.1082268882529287,0.10075443340170927,0.033012961991910776,0.3292215434596661,0.14996336735708493,0.058962782431478976,0.03134500466677285,0.1342238725124863
0.018719401267003773,0.22883096695628144,0.026818776090936344,0.06006137457457589,0.19159089886404143,0.07178620525567841,0.02159257888430824,0.019024307113559236,0.3615754909936153
0.047055639867843536,0.1269879159634678,0.06806860737951105,0.10138500614855644,0.06906279086620987,0.10687968297280588,0.07904657891502474,0.020001337580776084,0.38151244030580456
0.05473969293729822,0.12826464454546063,0.14515412999264632,0.128697887099496,0.0732030953443915,0.09976923803808457,0.08772267822868711,0.16889436879228303,0.11355426502165265
0.10832967236398842,0.13661982811140685,0.1437497172261556,0.10329667915520009,0.12003055924513939,0.11161935322669321,0.14344753427222998,0.08839381291062687,0.04451284348855958
0.061037270097972295,0.2243640077999889,0.015302520087138565,0.14507257041903943,0.11553131469476506,0.0748686681959405,0.03262959421598933,0.013855293237113665,0.3173387612520523
0.075953033039935,0.20927611178802885,0.02261498897891855,0.03025154523352555,0.3793814042001862,0.07024178100359914,0.01825530251870232,0.16405869740799897,0.02996713582910541
0.02008739984992501,0.28903388586419054,0.04429600415471746,0.11078538771969963,0.24315387706224914,0.09465249246587688,0.09466443780688479,0.09234757749725653,0.010978937579199986
0.07751384209283445,0.18770696250818544,0.06733791981042246,0.05176801865870138,0.26562631338117654,0.1047941893388702,0.018570147389485838,0.14965726802009868,0.07702533880022507
0.04621455233952764,0.39349432092845826,0.12915034054243535,0.031805051562682,0.1340388202445584,0.10278875939069675,0.05388762040404504,0.020449008167445635,0.08817152642015087
0.05059896351160468,0.2321438574790181,0.039315971115596156,0.05220310791646574,0.28084169468220516,0.10941790202321432,0.03475490550899638,0.05325865698482099,0.1474649407780785
0.017530257557855058,0.2057598146564532,0.05475096515977399,0.04587510898425238,0.036202395127954055,0.07083290247764086,0.038271799582104776,0.05077881366458514,0.4799979427893805
0.04414363407101435,0.3441878304108958,0.06795247488237076,0.06519245446583438,0.271413595122643,0.08694424602296498,0.0643104977435637,0.028995901533471535,0.026859365747241595
0.061393431495256084,0.12451098138636146,0.05349787500773328,0.045966653017866434,0.40615647647198294,0.1038860672876511,0.13573634161441664,0.017795628879303,0.05105654483942909
0.11788499025571982,0.06529765022621542,0.1699687992212593,0.1377834493955629,0.08044668870885356,0.09928006238154312,0.07450346099121223,0.1215250991961616,0.13330979962347203
0.14615686051424537,0.2661790635068086,0.043027641367330664,0.10766227537625611,0.24688652775832262,0.10612733432479342,0.029190920082604887,0.028094603124358176,0.0266747739452801
0.049910145625105894,0.34401843021998074,0.041694067115656985,0.051206369855353505,0.18161229799543177,0.15206353696919653,0.09464438823959777,0.022359427496138135,0.062491336483538606
0.11363785786743341,0.1652045482914625,0.039427907568535175,0.06629995372800529,0.27943066380748816,0.15244314306571316,0.04547282684128923,0.027801135166190608,0.11028196366388253
0.0979674690973344,0.06875413888041688,0.0991122806754074,0.048128750354138904,0.16953239042853765,0.08247266725485784,0.03915780710718081,0.17763648818204547,0.21723800802008064
0.11818153076943239,0.08566492481095246,0.13080702624477536,0.18199402595445938,0.12239390773182546,0.09130070041257454,0.09853277791250076,0.057649201883123,0.11347590428035674
0.06379610093116787,0.24527122716410413,0.05615785298643028,0.07631016014472068,0.28057951213506366,0.1332242361888564,0.08658240910374819,0.036247471171646485,0.021831030174262314
0.1327555183823986,0.08767628095114571,0.14540405441668625,0.03675536184347203,0.1556509811936417,0.11974480084755207,0.14522097007024962,0.039064498398183725,0.13772753389667022
0.019576635807533025,0.2161795108840314,0.041126704605418056,0.043838126159010664,0.352567904077832,0.1266623384795913,0.018964194499259898,0.11166397531119028,0.0694206101761334
0.27446078373081473,0.09364294281723977,0.060739053555183775,0.03848540846825479,0.15875813858705254,0.14092667292086672,0.11212806994241524,0.09779898216454601,0.02305994781362644
0.1319003530421585,0.0962419496605666,0.124842567977756,0.24539895807311576,0.04970085468253325,0.09614235995412417,0.09075006751987928,0.13716823180050722,0.027854657289359264
0.02103670952226606,0.12020129894655435,0.06672284757397583,0.07048944247577271,0.3730054041856136,0.06978326845144188,0.02556601374051158,0.06106429722673808,0.19213071787712588
0.18124529595461655,0.09484757673604917,0.14788793299531497,0.02826219029682665,0.09906502671361302,0.09765441406140019,0.12396201402070868,0.07181653702387603,0.15525901219759472
0.018386280923185536,0.4636254079103787,0.028876261909650678,0.01737676510291846,0.13409636292197158,0.10426230506304453,0.04758014730282963,0.05940541742762193,0.12639105143839882
0.10119406068168091,0.050613536499902724,0.10282990498013629,0.3343366157467497,0.1511226612215023,0.122595723382432,0.08936734376728478,0.013768216855006255,0.03417193686530506
0.14223782300322943,0.02070710815200616,0.24797591833894753,0.03485118573699175,0.22397094093570888,0.06014452955307975,0.05680863375271817,0.1897341296976748,0.02356973082964348
0.12568287933263253,0.13367631022943335,0.09491692131921338,0.06574421210385457,0.32829217275521994,0.10092845855158454,0.06517812501043731,0.05872964279366072,0.026851277903963622
0.04757020312470195,0.0800409336388515,0.03743209407784417,0.03570694958392692,0.20923662916399643,0.09704484641555249,0.06716713849725213,0.1800188783112596,0.24578232718661477
0.10762478986845879,0.12159112268490685,0.16838985603324322,0.18693322526173728,0.08662350175820575,0.0920899152485329,0.07063395564626658,0.04616212493751596,0.11995150856113275
0.041555069293177406,0.024196352894738777,0.06274344243763542,0.058102445940191594,0.1410172361575799,0.0932840895520699,0.08923114174470943,0.06340472641497094,0.4264654955649265
0.08805749383088245,0.15040651756134085,0.20251405001461928,0.1550004673472932,0.09227702650673408,0.13789274203183435,0.08445476716958454,0.02630323400573006,0.06309370153198124
0.16164777763756968,0.10848892365282375,0.035261278452424334,0.11075360813331737,0.3871171852339499,0.1141800732524915,0.013558961056482676,0.04411335833934207,0.024878834241598705
0.06185199459698415,0.18459802925248237,0.057805524553458505,0.1662372620357453,0.216084757796001,0.14673577047476952,0.054052045873338395,0.03499283090839253,0.07764178450882829
0.0828046382194615,0.1779145558286054,0.06925497347369276,0.10857970207383415,0.12805175708709132,0.09965323211188798,0.046390534860702055,0.17477248979854432,0.11257811654618051
0.06662640296926732,0.16129207500269402,0.11260806748540968,0.1429992817728073,0.10737893123200283,0.09752503386096471,0.09307834188348953,0.07275888994190614,0.14573297585145847
0.16317823815192034,0.18232820485932064,0.07107893605912023,0.030080188139358047,0.12842523684245724,0.09254882758808143,0.056436429502104125,0.15165216341997445,0.12427177543766348
0.13565754249085446,0.3147456620069324,0.04890420488890299,0.026705223661142762,0.12069544052892406,0.14368887485007384,0.05884736361310974,0.034632785358813194,0.11612290260124657
0.10076417881403478,0.18691215202502365,0.07957570138199405,0.009560859602716548,0.3170874108086524,0.11890093182255136,0.03750681092435124,0.04026263752711673,0.10942931709355924
0.029744729217299582,0.07853448827424286,0.09174231191367332,0.14244793049503096,0.10104608446918299,0.08020988030948302,0.0811290654160762,0.04397218086628416,0.35117332903872683
0.0807363040394833,0.05342441486099267,0.15694218722291495,0.0557985114560634,0.15695508905585728,0.10230994445697762,0.074860676759601,0.20065860743913788,0.1183142647089719
0.05120930854337161,0.3059028952919611,0.13858870658199293,0.03426650354134936,0.13270322696805678,0.1500107455286161,0.09564596494365525,0.06094069802804003,0.03073195057295673
0.0720406983912056,0.24138506615402996,0.04717421149670296,0.3043443822501182,0.057801227122070004,0.12691499595851974,0.06204526025734728,0.02052849222726377,0.06776566614274261
0.27962479443475363,0.13343635746765192,0.15856550028059369,0.032550963157758704,0.0908238937188751,0.15147668320727456,0.05337065624242191,0.04786033769693254,0.0522908137937379
0.04209630367653818,0.22119299024172745,0.050989690721354675,0.09682510756429825,0.3014156932863864,0.11322235205207297,0.07409334503443203,0.04212453840049265,0.058039979022697384
0.04448351438771483,0.13346407319528397,0.058664271501144706,0.06100950149330563,0.33582221761109493,0.07812977530468,0.06635409076538451,0.022423568847556752,0.19964898689383462
0.04499814875691358,0.10122864310923534,0.04379077636589219,0.053514902691901296,0.15733825237489493,0.08708205670815915,0.0447488267909181,0.018477429028449916,0.44882096417363543
0.08249770540604451,0.19430394934730644,0.12546179738362098,0.030687826996854642,0.27998774126581405,0.11309984022506597,0.09813221847901836,0.0148767780370746,0.06095214285920045
0.040367353574604185,0.17596512001895723,0.06309088860484538,0.031472400949708525,0.1150641586827893,0.10942184403152729,0.11372315537872647,0.03155712030512687,0.3193379584537148
