0.11268501264266541,0.4743364935498538,0.058241163552125996,0.09044803757991482,0.0263250614015115,0.06633446990036188,0.0968743820354616,0.07190502655282618,0.0028503527852788246
0.14062747893457772,0.12115234659376693,0.054145597289594394,0.028273162848296247,0.21054025570930768,0.05686426171267331,0.25940295802479413,0.10804491802032479,0.020949020866664794
0.06349729881839684,0.06326783796416148,0.04990577598995316,0.37055875643004815,0.0418872349875947,0.14343790590430144,0.05581644920896708,0.12197088260142515,0.08965785809515192
0.037534399335413415,0.057585830997285314,0.3468102350317121,0.06147264265834503,0.01711892793714835,0.17291288542470373,0.16369080228450764,0.10153576944821018,0.041338506882674216
0.03911683815160202,0.06187983320561896,0.3870123801636491,0.07768378459983669,0.14781873739125662,0.2126622760273186,0.046289361076317925,0.01186720917026722,0.015669580214132967
0.18505282609879528,0.05088768266759114,0.052877729448759486,0.12697438841565725,0.15423360602102537,0.09601925484884093,0.11549767261952293,0.12308413529541602,0.09537270458439161
0.19511383392038684,0.02688535417575184,0.06947546564886459,0.4497185640628493,0.06892356505291197,0.09781828565485517,0.02390198608532959,0.02689644242866615,0.04126650297038447
0.025313242962855826,0.6514284426023121,0.017379283432229883,0.08212244977749696,0.03640001338104373,0.02868487680769007,0.046737248297194396,0.09621560148633734,0.015718841252839632
0.06379774197248451,0.10695332494898309,0.05151795431723,0.05097094470408659,0.02092755216429595,0.2447489723480575,0.06909145018090443,0.07949013083497632,0.31250192852898157
0.11960219279782554,0.011283283595028074,0.07163837848421703,0.18052417549028563,0.08626052493982635,0.06997136982295536,0.03523260323788835,0.23538620503340968,0.190101266598564
0.1291488352054119,0.02728294974569012,0.29184612814565286,0.14789639800178642,0.020529659301685873,0.23922468425080137,0.08414582364252976,0.03366694157161499,0.02625858013482667
0.08671566761765769,0.0408357249506941,0.2909926377252681,0.08503616286809647,0.05104339468069352,0.05387621061212993,0.18535365368770407,0.18805346620056482,0.018093081657191232
0.03567393264015897,0.12140072194353436,0.11591254262853612,0.0891592150744262,0.2014886406689672,0.047405236495634,0.19148903059264755,0.1962673228910956,0.0012033570650000548
0.40687871907331213,0.05946211314820063,0.13028261175792166,0.05348685743274939,0.026050333055272535,0.023802534667709815,0.08797848255800304,0.20266684500173807,0.009391503305092678
0.04693821337656905,0.15996851535997655,0.09495100794301238,0.021110104881772018,0.2620795317294758,0.08808773795347148,0.1423049418802769,0.13531309995068933,0.04924684692475643
0.32777714231695204,0.08272622455218541,0.08255944626024568,0.03601310547388801,0.03683919431100982,0.05115824615600084,0.08677134108623742,0.21524200695834406,0.08091329288513666
0.12424034913802666,0.16947565257710848,0.11859598290278983,0.08022809786570562,0.0394345141821923,0.10520495582708085,0.09147004649826275,0.11663172289075656,0.15471867811807694
0.11207316694930612,0.026480634436492095,0.12210133613889812,0.1514243092682153,0.06802608520443933,0.31572394644842355,0.07664707723146948,0.03850593955886581,0.08901750476389018
0.08807879368256517,0.07447450976810309,0.09082294583925683,0.030197478633987168,0.05111106259686041,0.08816524547055292,0.05887913019206912,0.03800274173356442,0.4802680920830409
0.13931631628037874,0.04116176685507369,0.05329681709093836,0.2620699266816919,0.043009898149487046,0.13272917644167195,0.154218248916839,0.09606179486085675,0.07813605472306252
0.1271485797660847,0.037878871191262604,0.30189245222031447,0.019245124553990963,0.08495572612782638,0.17163901875670853,0.19354101258670833,0.04411975803992737,0.01957945675717669
0.012422981998528567,0.027234086678296895,0.09092177896688447,0.27650773898632774,0.11931160111795362,0.1243099591428098,0.08262943221523293,0.2139289055799015,0.05273351531406445
0.054159929234381336,0.04067237178845836,0.3287694745221868,0.04251576870713919,0.06721793016492535,0.05776984371876026,0.2618296786020621,0.07857651331351535,0.06848848994857125
0.03269483754993061,0.0365728152324227,0.04987839711060521,0.16130215853696953,0.13345420538567546,0.159916960129989,0.01400526085422841,0.38264246951788955,0.02953289568228967
0.04888965270288193,0.5921009293825742,0.03291913109972009,0.1161497282157133,0.06187551400073549,0.03300917245460653,0.019157502512809493,0.07765687104119008,0.01824149858976892
0.3486988487114367,0.032701067733190925,0.09349967037528845,0.12899501179361736,0.031990484805696,0.11385344094876139,0.038578629925542195,0.09738722066364514,0.11429562504282191
0.12780579074671236,0.03275646012794239,0.05096454278901207,0.26671250718477807,0.20953458279083814,0.16047137101963452,0.07359554685200166,0.043625653549367545,0.03453354493971322
0.39809993422910855,0.018912296391610895,0.11944212091156935,0.02084493841411675,0.08966928045641614,0.04491661359815382,0.017626478311537862,0.2771982310788746,0.013290106608611948
0.03918926687931952,0.6995736609399946,0.07226389965036777,0.007376348606628458,0.04212480649974892,0.019857918800533267,0.040125543952802864,0.043842509870657444,0.03564604479994725
0.06664153119034193,0.06278142690652305,0.053087451850438595,0.09776975457772324,0.049663902068475485,0.21373931195486784,0.18314362097887882,0.12022083800721754,0.15295216246553345
0.4442186777569804,0.025078673806759485,0.15635020515027884,0.026525425287632184,0.05716178056739397,0.08986765358435407,0.16828070425833772,0.02293110746032992,0.009585772127933425
0.08785899151252836,0.14871615384149364,0.06589381624189682,0.27382234692198654,0.028744894627725958,0.04951645536814762,0.042355079517350736,0.28613613183746195,0.016956130131408394
0.13601411179405556,0.04938809671829746,0.17343450959220372,0.03724400185134461,0.1683880880864261,0.08552242753654014,0.09612369209786742,0.1425562640819321,0.11132880824133286
0.05748468619108984,0.030819486666019292,0.11467095680754795,0.07649698889814043,0.014453549104537495,0.0724080408546907,0.05067252020504789,0.07354934273793627,0.5094444285349901
0.1730257949090125,0.01401460847227621,0.0624637356798541,0.3981327218774011,0.028592550211834277,0.133566811697064,0.09801522999943342,0.0707161770873717,0.021472370065752602
0.017641329510979974,0.03410390938762122,0.10308298858128499,0.1360721031582054,0.055886134564210654,0.31632973729547437,0.07058154341758752,0.1590595399890645,0.10724271409557139
0.09528775495414588,0.04118644994797959,0.02415101734949307,0.4251120487713292,0.04022836640180649,0.023162756908309563,0.04568032654963055,0.28753221790964534,0.0176590612076603
0.29381067702515545,0.1335326768173901,0.10564154269616637,0.10224923341815921,0.08181852618296338,0.06544221132929247,0.08347388721300773,0.08018244066446902,0.05384880465339634
0.5139159535601999,0.03857602068692464,0.1274713688478812,0.009217629113349064,0.03873441855701049,0.06120336903983775,0.04616069546349344,0.15506451949695899,0.009656025234344614
0.20770762409117685,0.02122676063849566,0.08212933535038287,0.2103787423192037,0.05465562620419049,0.11208265051297561,0.03671802215780327,0.05236625051782715,0.22273498820794443
0.19771594720670962,0.12125517048919345,0.01858169495147545,0.11772738824089381,0.1692127379978011,0.012957399333856147,0.26278201599846523,0.05635431054832394,0.043413335233281315
0.1790477645131442,0.016634131028333315,0.1982884827215133,0.03743900905245027,0.028104173523389935,0.2770190506895158,0.13276422708310917,0.10829319790722014,0.02240996348132383
0.31491042165456024,0.05438636912464726,0.07456824540749314,0.05694162838848262,0.17953428088029,0.025542597147002005,0.04972791690266427,0.19279765545967656,0.05159088503518383
0.050638505383801664,0.21649792836293189,0.046248913466687414,0.10927447213645088,0.06043017546583936,0.023432511484951294,0.046830001322163105,0.4262762941392039,0.020371198237970376
0.21515034700639032,0.014229529458765322,0.08956460684130323,0.12935169375292455,0.03696388316224403,0.3103293946156085,0.017121998887522943,0.09573099997262062,0.09155754630262052
0.07314073975286456,0.01343654335041874,0.07283082607651088,0.08397090619436781,0.10407001674113618,0.23334132964736107,0.17188535652327372,0.04223928283254754,0.20508499888151954
0.0159627535618717,0.08843886481749368,0.11687105244314093,0.11062821868472948,0.2893013646739982,0.01406871605653084,0.04703702747421326,0.3062564896765217,0.011435512611500144
0.06362320980420001,0.047822602332742825,0.11163107976263109,0.19789157620290587,0.14073896456557874,0.06448964269502004,0.09235361054219145,0.16735543242414253,0.11409388167058743
0.04319198027316904,0.1679168258991489,0.0377124430186506,0.2492421560541621,0.057833280444756156,0.01946504013545902,0.06634483300514203,0.3096690222596469,0.048624418909865276
0.02804443662966626,0.12435440067914039,0.052802371662067284,0.1780092326393952,0.05265494517036059,0.033885420589817535,0.06269276549025284,0.4650271724678809,0.002529254671419148
0.5003392654848872,0.02413784921881507,0.1896428984916727,0.014027529497987487,0.030261134879740692,0.09066464568068444,0.034873415334059604,0.09884114939201612,0.017212112020136634
0.09972561807931364,0.11077640507784642,0.07262377840528662,0.07827435185966285,0.414833299618413,0.015705621461374702,0.05987638053591759,0.14541726099094499,0.0027672839712400755
0.20084048348785624,0.021289485188641617,0.23755321396616166,0.14922730003634785,0.017985897035266877,0.08953305369834967,0.07442204773900606,0.14518406280137852,0.06396445604699148
0.14798462583523156,0.03294088379752245,0.06019380911410169,0.26159233705056645,0.013617518393756333,0.08066386059301785,0.02311700384777231,0.3635721378678541,0.01631782350017728
0.07741053455036258,0.007718105477476575,0.14497772357547664,0.26499285854371696,0.019639908651787857,0.35023289541598907,0.007934105497429428,0.08215266150658967,0.04494120678117126
0.17831902880968462,0.061332749010468625,0.1357632294589021,0.019778586816681265,0.06796880283670706,0.11495175150783928,0.10349628970132867,0.25746804416579333,0.06092151769259507
0.5048148327029511,0.02346189186755938,0.0337081005557621,0.00877038870075296,0.05020371609455693,0.17162988603093352,0.0754408556293224,0.10091128005989458,0.03105904835826714
0.045109684798079495,0.020197571016150936,0.05414173198882318,0.03441456201743884,0.10181518141372747,0.3276913148541168,0.18066655984824834,0.2240562485943068,0.011907145469108212
0.12854696916662578,0.013217496580279686,0.29962581407653094,0.004987033513581616,0.010529295862554315,0.051139387860339884,0.2104134495539962,0.24827338085405168,0.03326717253203978
0.029610518704278676,0.015105867598949404,0.015817737551928782,0.3352734870262388,0.07568272616912049,0.27280068627929943,0.015515593403733971,0.17056667436223774,0.06962670890421264
0.12781011169432346,0.28154003426143337,0.022018201311949277,0.04347235863181598,0.14176505183462496,0.09572872092279296,0.05234002086026599,0.22333614388944634,0.01198935659334773
0.04556461813725906,0.021910027583435066,0.04459327331251491,0.27509118931502746,0.0897306732360228,0.09362377328657427,0.027846457150839218,0.2963478286964973,0.10529215928182996
0.47329967533307976,0.0331117767169182,0.1597777117073156,0.049565798160252646,0.03720751024746141,0.11358601351415931,0.030405835108488617,0.0898962638341545,0.013149415378169825
0.18594734132748947,0.10471349797020964,0.17872043658688594,0.027346720763504178,0.19105180629832832,0.16600551477135017,0.04378825070422959,0.01270920258498437,0.08971722899301833
0.06145914732183533,0.004773735907253359,0.1537298390447479,0.05786250348331013,0.056389032600223966,0.03913378816505043,0.041860276638965875,0.5172550709366301,0.06753660590198289
0.12268896117739854,0.12696733597199486,0.22183433451262802,0.111171430186201,0.1499676373261767,0.06845965890496498,0.028316971900008772,0.1157834510274071,0.05481021899322001
0.07915541792102532,0.04199187826448405,0.0985207786963946,0.36307293778794936,0.07741388170887212,0.07918782725624447,0.036904826461538705,0.16685921800633538,0.05689323389715604
0.07277283718924055,0.034947350897760195,0.08058704464012963,0.39477893076930903,0.0929837753117087,0.12180084025274625,0.020506141307968323,0.16747484238786337,0.014148237243273909
0.4264461149334933,0.03673826642637249,0.11325820580847289,0.002291025466914303,0.021823622452861093,0.05386506767646685,0.019343395730238338,0.2850923000471335,0.041142001458047216
0.09198014034145241,0.014308655280981375,0.20157319244625596,0.020208402686942305,0.07547097824532475,0.1531846252078605,0.167684291707791,0.21340090219205488,0.06218881189133673
0.025305902245661566,0.05896473569661851,0.03803325945998637,0.06615417754203347,0.4349119325393825,0.15930807740623984,0.13456948266306365,0.07565780213529662,0.007094630311717423
0.48548587996384546,0.044699221430633006,0.25261914701025123,0.02805431062688561,0.037636243516953764,0.04725848768415236,0.03306312406185504,0.06452609728674931,0.006657488418674292
0.11775705567937067,0.02096505604178576,0.03794611375455332,0.22079605469001992,0.031172726769401606,0.04349379718438881,0.10832647731678259,0.3692212483971135,0.0503214701665839
0.03938080793526724,0.03038907953292887,0.20214946573269055,0.31295238734535963,0.1363892026564494,0.07391948913634096,0.028829940982083996,0.15229304594440007,0.02369658073447928
0.11982595389573673,0.07437011020323135,0.04298981830689435,0.29514399498460686,0.030719256967111513,0.042690815518772275,0.1324463534884254,0.16727125347607696,0.0945424431591446
0.015432805291351671,0.17568724245051234,0.0811414436812193,0.09806606046869348,0.2791991240253208,0.08450108694804905,0.1946930719044314,0.055679648743607174,0.01559951648681473
0.061786731134946565,0.03611977306037057,0.07812654854957775,0.40185112895939307,0.05183046991854338,0.03796008246237447,0.02849040674825758,0.1317902426539508,0.17204461651258585
0.0793576945616758,0.025850630988086196,0.07120004108857776,0.13751561132817378,0.19921765853168025,0.08497235448915863,0.03381602923775308,0.2480476668519596,0.12002231292293501
0.10810903270118633,0.07818437885964052,0.056957446839823705,0.2756998667225002,0.08543391694202822,0.06757964304250265,0.09317576348003818,0.10077010700697027,0.13408984440530997
0.33549639895549693,0.025520439638510372,0.03653773106197491,0.15540893958892646,0.06428625400834097,0.04180413014541531,0.11753365662740684,0.04986836488117857,0.17354408509274957
0.41325948504320126,0.09200132243720018,0.10420625793809753,0.010007211217475083,0.05471698350965107,0.0813340503134564,0.06037832376939809,0.1361510333625905,0.04794533240892982
0.22347801876469434,0.017039735645503346,0.13652618675109748,0.2590936109910313,0.14441723938928788,0.028106690620504294,0.07307574314432545,0.054185548811352145,0.06407722588220383
0.10962464352309886,0.019842423954810298,0.04560644686170579,0.17100930493922803,0.019468313015360682,0.0814915454444987,0.25807110920733606,0.25819466245953954,0.03669155059442212
0.16103381140460174,0.021376934994307806,0.13219902387613516,0.01751344634729035,0.18881049805234673,0.06220415577948371,0.15084026493152441,0.15896212952805414,0.107059735086256
0.1225477353977412,0.37443063131852644,0.03451267823344733,0.04059259491650152,0.0611138834293787,0.10939367929899506,0.05488565439275924,0.10062828697412018,0.10189485603853037
0.08696371561254812,0.030413025107342773,0.02475243385956274,0.29563257840489277,0.08022906294961328,0.08855671486343952,0.12116329206858865,0.04270606611743851,0.2295831110165737
0.05015493212762769,0.5480829822895411,0.06621270259542941,0.15045964618262028,0.04584501895863167,0.020918761652687762,0.02707027868066061,0.07386144387980093,0.01739423363300054
0.057777234850272176,0.07900092803056537,0.23349250645624633,0.08874305447796597,0.019215953344680545,0.21241206056141881,0.06520015810580278,0.14272113949176626,0.10143696468128176
0.055178434784386755,0.0631701609749093,0.14105754631352355,0.21371855522642277,0.07001949870716984,0.0736056411420246,0.15720125640834093,0.17799518381004575,0.04805372263317651
0.21321461976980718,0.029931116689724757,0.19321032837730287,0.13545245382019752,0.025484379284404852,0.031150903696342505,0.192965530967088,0.11715269632414578,0.06143797107098652
0.0568743061417221,0.010893241898943062,0.03988311082243421,0.29203861554181604,0.10737106598359845,0.11180442844289414,0.02108260034252191,0.296506855241567,0.0635457755845031
0.04088137483990031,0.010411457482244568,0.11815353065175697,0.11940108864170383,0.04069378743436258,0.34113185821825937,0.025450166926345424,0.22931005718491093,0.07456667862051607
0.1921329036306715,0.07489186135518038,0.0688404234748667,0.07286378415387947,0.08532930789945974,0.06916283811501482,0.09407258139936965,0.03615164118452256,0.30655465878703514
0.17692396026160473,0.03171908715984164,0.066812398249076,0.34945507906380596,0.09470281076496745,0.08847100869825147,0.10422844156439981,0.03203414419022289,0.055653070047830044
0.13638809867226162,0.026236703186628702,0.1348658891890195,0.12719620674270327,0.036194978039440856,0.17246372922345043,0.04165430382050774,0.04934577727848982,0.275654313847498
0.05660431782690032,0.1355047222756269,0.2557454737328431,0.14846003061493784,0.13011622572374013,0.061750355195285496,0.10260710059949645,0.07317230421786801,0.03603946981330183
0.06491054097067904,0.2710026982079176,0.08309115687612904,0.17887462569697898,0.2494503250318659,0.08359106160110856,0.042862180070720235,0.012665076009460647,0.013552335535140065
0.026744674132243018,0.09495086890846542,0.049939526312451604,0.13541394004770754,0.22683233114862802,0.07491457720365027,0.0624520916075463,0.1333716523355619,0.19538033830374593
0.07584185699678447,0.029547513407497488,0.1507452097006535,0.2955076095648354,0.06888263229317264,0.1654751397798204,0.10942612924897115,0.05491980686708378,0.049654102141181135
0.15074747950221376,0.028518791708122146,0.37187298726723844,0.051364172090433,0.013979562453351238,0.25603506462511133,0.0724152885289776,0.013008431207612752,0.04205822261693961
0.02611454181424123,0.02802246460855769,0.039919924273313485,0.24322022050004607,0.021404600067992805,0.15624144244576396,0.01964734172733198,0.35543127523577406,0.10999818932697865
0.10599520452912022,0.05882175575993153,0.1703348497638939,0.047838785948229816,0.2948327527966343,0.08633543351719292,0.1386739531131359,0.08974692390005067,0.0074203406718106905
0.053354760734337335,0.030277513026494812,0.40156981325082136,0.16802424014818293,0.019951701779832794,0.12187442561151686,0.04092190256985654,0.12626724715327795,0.03775839572567957
0.10967434556823054,0.030971868186848942,0.38520590261726095,0.07173378924135976,0.04512697528356383,0.06344586860088157,0.12939682800232802,0.1538992689354608,0.010545153564065636
0.09073465185090164,0.07134969580043057,0.09228976296268276,0.19457759285667472,0.04656701040115141,0.0784213609231539,0.11395604328815812,0.2571485839941823,0.05495529792266454
0.27148551178049046,0.031239260719725725,0.2802340359246453,0.03334524579492939,0.1346016950065093,0.1002766670114195,0.08394158386396916,0.030493178740463877,0.03438282115784743
0.14774758553065878,0.027249366819403154,0.08630944727470814,0.025013704663734298,0.09354296808457556,0.059649596851062525,0.05170228982440452,0.472513033137629,0.03627200781382412
0.1668284798782463,0.0683360571382318,0.12685466976271212,0.18259781840801292,0.008823393310689332,0.10992164299872047,0.19582096816229944,0.07371432419146508,0.06710264614962254
0.017945166884140416,0.030593866763117594,0.01770478844127884,0.3958082144111943,0.16810611938358969,0.20205713906013645,0.05873491604789355,0.07585264886550853,0.033197140143140576
0.5337040125302752,0.01565338765450416,0.19941263128471864,0.03722147969881782,0.013424608318443243,0.07204979361521642,0.04420716904911384,0.06956107680090111,0.014765841048009619
0.11038685045228848,0.0287866111495932,0.22326508493816002,0.08507179813646215,0.1891998053734597,0.16362729959641842,0.030661626061814388,0.1542976653475037,0.01470325894430001
0.02609776406652062,0.15932665449883035,0.03688416527602729,0.28249799204441606,0.041039697806368326,0.03593366102132542,0.07690972436538002,0.18081627955425109,0.16049406136688085
0.11195760942979298,0.027660515631198646,0.12416414525184616,0.41647867237548875,0.029265817421318924,0.0779228796494288,0.06676863560426281,0.1283970690747808,0.017384655561882036
0.12453092568651493,0.10341013461666733,0.14669153393650525,0.17912740451418083,0.018561260612775316,0.10347265501338991,0.21533990898325694,0.022895115975811106,0.0859710606608984
0.06775568159341257,0.06882078493233512,0.10471073593838998,0.26430152063673057,0.09052162462812097,0.17849347612263214,0.09715307037868996,0.07354910312801609,0.0546940026416726
0.17443227994447297,0.043262554406044706,0.08047382125189571,0.08656812808127749,0.20043164757474016,0.15840513551009125,0.11031213312719278,0.11546396823558065,0.030650331868704278
0.06836726757082438,0.09633595235969712,0.04329383944722078,0.07991704472346367,0.2768369801103611,0.14026176826348227,0.249099024030112,0.032773406181391386,0.01311471731344714
0.20781131422291702,0.0703838143944866,0.07681209581352681,0.1486281693747767,0.20249093764981432,0.05105619231115355,0.06898610610212826,0.16409202471884557,0.009739345412351165
0.11823833502658605,0.08532966150836892,0.050098941694047334,0.09341303480197416,0.25340646498437575,0.02718728667163155,0.048505874021676026,0.2394813302915315,0.08433907099980859
0.4247605859403951,0.03413427377093692,0.06455986952732568,0.18136051726057456,0.048472465489119466,0.03353340769827419,0.009470700746157358,0.16262347646297873,0.04108470310423804
0.02770651307675859,0.018931975758684005,0.1043227873965669,0.23050072956716514,0.14365503106134334,0.19816167262917575,0.12228006558760636,0.14559528631548288,0.008845938607217003
0.08131142897968058,0.59114464599301,0.03431113628642465,0.0695942082967876,0.07481899057529932,0.03790619129833119,0.034489368927553964,0.0680672392857843,0.008356790357128477
0.17072454523377956,0.0780697379083325,0.0649033604748267,0.02170069699198252,0.2410870353064428,0.038512540701083044,0.18242220917976648,0.17165652720427146,0.030923346999515
0.19846770740106248,0.029786084068464513,0.2801278616814775,0.042586520247344994,0.13016121363235716,0.14159979781442522,0.0209772361129023,0.10541836672055882,0.05087521232140696
0.16098351041515657,0.029787358399707326,0.0658281782409131,0.02271611402053375,0.020773750066888755,0.4056029791775144,0.04237751511019813,0.11483433779109724,0.1370962567779907
0.06495213340745366,0.15338038145396185,0.19180977878391955,0.08678814610210854,0.17021851889395043,0.19768145943486745,0.09220444042549779,0.032694974222481785,0.01027016727575903
0.2565334248306094,0.06750486786774902,0.09187564370450381,0.044489585770734495,0.054533297750997245,0.04660730999086893,0.20690565187509738,0.1491556294617311,0.08239458874770857
0.09814661028013694,0.045095131112629555,0.04568677677853814,0.3282316516630271,0.11571321566477817,0.055436648275128196,0.02135164702936986,0.23553704081712912,0.05480127837926294
0.2510970113503077,0.007860472257822628,0.1661506063116079,0.1010249871350302,0.11281126898685849,0.20830504347242185,0.09736238324481794,0.04154173708782202,0.013846490153311292
0.03493992308742217,0.030741604829669467,0.02461753772119607,0.3198644387403771,0.22700240909796102,0.05883036426807042,0.15887854947655022,0.125194350939183,0.019930821839570463
0.28850147699674195,0.033301434798328984,0.04109998524023128,0.16006699009865377,0.08400428305734209,0.11346065211177736,0.07563726602823502,0.15029251927170054,0.05363539239698917
0.05122058161844087,0.07216986176775238,0.13617549109404156,0.089505683000535,0.2710403086790058,0.034570555644910385,0.20791059804240955,0.10365691209636603,0.03375000805653852
0.03761948162376733,0.02819739395813356,0.06047352688719914,0.3834391600918779,0.09956822278791648,0.1627884658054845,0.016134881042548604,0.02862973528444759,0.18314913251862483
0.023404592828251133,0.030250624112258772,0.05775289408265266,0.37439752448575164,0.05839318730724486,0.10508231284619703,0.0966544958384638,0.11966847978831847,0.13439588871086156
0.0932582528747656,0.014312900934124373,0.08619205417851812,0.19160113916622923,0.09267017553156427,0.08109723466843376,0.28855020996985364,0.08606295690826699,0.06625507576824391
0.029360238687006518,0.06341492269366689,0.2929942811322478,0.08997525870638018,0.23212662172411805,0.02119346002666692,0.059295614814180254,0.16184331492050122,0.04979628729523227
0.03874282765544614,0.051813145207146576,0.10895375157389518,0.05728554966185495,0.07805144562880821,0.1823491152967458,0.2941574268163984,0.17570925192224637,0.012937486237458343
0.12026491546964997,0.3578312458552533,0.031917689432151154,0.1703720589865354,0.10243213448582456,0.00819491116146213,0.09804388520083686,0.0631095167705246,0.04783364263776204
0.11149906622218901,0.04981091899384957,0.15395180572712344,0.29928048015513015,0.1091563626396856,0.03527462054741839,0.03474013939771742,0.022436761487835185,0.1838498448290512
0.18066073100751265,0.0286140232839192,0.05026414053361935,0.14948671700612579,0.0903560370951768,0.3332100728266141,0.04228036045082911,0.05716120183597193,0.06796671596023113
0.07453563194155792,0.08687991178084055,0.14460838265968468,0.1549929154069574,0.13025346381201383,0.05070554957729853,0.03343287400530167,0.2663464573012792,0.05824481351506625
0.04627719810091174,0.44182296442776553,0.09732973653762406,0.0586222768993949,0.09500194387752064,0.0927515240027837,0.05812055669487287,0.0645252715658108,0.04554852789331557
0.0288171569183341,0.015816700632785067,0.042383734805019564,0.13572270855015164,0.032017060672451546,0.08562113636465464,0.049680557146259186,0.2299582346183958,0.3799827102919484
0.1627149243594901,0.15066846130956993,0.08099735768531544,0.10807620905249667,0.10510493395997851,0.08184204273043662,0.04335723484382951,0.2272426611689374,0.03999617488994588
0.2000144179465567,0.024252558731570034,0.04573625538023315,0.19377469741362918,0.15493845592969915,0.08466634493376622,0.11643605093969693,0.14482950988517249,0.03535170883967625
0.031016870622218407,0.06154904752068333,0.0929741686200774,0.38262563141592354,0.06077577515472655,0.1024891708689099,0.07504036762226722,0.10108241556038333,0.09244655261481034
0.039159354851654865,0.020799402145995585,0.11467126283311857,0.5395106908097148,0.044964743766101496,0.17293507500507097,0.0226494909894141,0.024323269294439603,0.02098671030449001
0.03861950728827945,0.025482185179943728,0.06746833423057728,0.14997119221390012,0.2247210889052292,0.2922665131471235,0.03195762342037845,0.04919409692144348,0.12031945869312476
0.10535337642239236,0.05174138651321705,0.0844643092963021,0.013513186699526834,0.15297150801263878,0.049359480405523674,0.12388508088593392,0.38686172813219843,0.03184994363226678
0.05882954000149585,0.04541813354089497,0.014603138953325082,0.40067321994937544,0.03246085230904605,0.2226834123725319,0.02599170026528765,0.03827831775332722,0.1610616848547158
0.0958876466760618,0.023017548602710356,0.06954035349979364,0.2497381817177214,0.023513141869026186,0.14623213274107558,0.08241400045688353,0.17583480561721287,0.13382218881951471
0.09296088666607939,0.05271286976486649,0.06706853407200279,0.2728539853726692,0.036931430076735904,0.07587390787832508,0.17319150339723977,0.19271654532741556,0.035690337444665855
0.07850963776462093,0.090713429015003,0.060751675024866746,0.044142912151626613,0.06735031383714214,0.3339188511776219,0.09881192995886741,0.032300306514567674,0.19350094455568365
0.07032068696085797,0.0309196889684793,0.0347667773016913,0.09171656278417223,0.06024635530712627,0.4182894610244432,0.02537451953409961,0.033268863731059646,0.23509708438807042
0.09499594521721018,0.035022713277802285,0.04806128312047556,0.29387204751395324,0.05282102299575699,0.10013627412514832,0.04149723061648591,0.04598707456032591,0.28760640857284164
0.11275558223422533,0.13402660665153135,0.11701816208861893,0.07680909915058148,0.08893021158768799,0.05380358212276052,0.012639240468658858,0.21820888024912644,0.18580863544680923
0.2021751844680756,0.04214516774312444,0.21334603804462393,0.1136205791830251,0.053471631347340835,0.09245711694409005,0.08979461885695998,0.1548012530808869,0.038188410331873146
0.1655129642324846,0.00919111991126556,0.0862708135848937,0.5021046286942319,0.04397087534794405,0.031487908193584636,0.06893958639280652,0.048234185402505875,0.04428791824028306
0.667263555776065,0.03752316856065121,0.14894189112524694,0.03197968547201258,0.017190629641518868,0.03292914093197477,0.0320796219999606,0.011629593159597162,0.0204627133329729
0.12446755611997917,0.026633911531877486,0.04718295112551923,0.10971852659996646,0.14409628963696328,0.2590410690045493,0.020929234242681033,0.19510258793624377,0.07282787380222033
0.08529253661613244,0.036510215019944676,0.08268709935127484,0.06432777590265275,0.05692646655210467,0.016594978848926745,0.4391659178666583,0.18112896767154743,0.037366042170758125
0.1435696346647598,0.07582682204432416,0.0839075201210006,0.267912296592898,0.08070536512942912,0.21446714487931917,0.06205988053766584,0.03857980270065544,0.0329715333299478
0.03149908539392706,0.17471688721932285,0.13089808067449574,0.02035706940271926,0.032558720867210685,0.05695426130099107,0.21878873984379218,0.27179511432401443,0.06243204097352676
0.07507628784193716,0.058600057078731616,0.029690662875952487,0.14814733122777846,0.03222261240942171,0.14614422487609338,0.2259336019708084,0.2249073945125679,0.05927782720670887
0.06614771827135386,0.12447302105776897,0.042277062773175285,0.03569535567035176,0.5405628106806427,0.015173044469081473,0.09617288599816705,0.07293745612408564,0.006560644955373133
0.0827714317102906,0.006461805252051273,0.04258130157827323,0.18127530267070727,0.018132748397368188,0.18497803475763117,0.024639733414120985,0.42448996213692985,0.03466968008262749
0.15202831863697286,0.05411903010900208,0.17578916147639956,0.18574759844335065,0.020118846095693685,0.05633552241969245,0.14727946303518977,0.017899443283705914,0.19068261649999307
0.0711651102022157,0.033959356068662155,0.13452916181748203,0.035627651040732684,0.21801932024388967,0.2013885203972409,0.20312651289443273,0.02200960111243599,0.08017476622290808
0.013614600803130391,0.01960357490806043,0.04579040805739687,0.34442783359801515,0.015167890544236083,0.3865083053494218,0.03132403790993597,0.10534689360585096,0.03821645522395234
0.2314463141243792,0.022577053784861672,0.09924511497070759,0.052282694945163154,0.12557111921897857,0.23615907189760887,0.051667174955916086,0.15537297471455616,0.02567848138782886
0.25645235044977116,0.030802795427624114,0.09594794126590488,0.06980396822022765,0.03080522892376039,0.2642064967234591,0.04157379096699221,0.1037809566850469,0.10662647133721359
0.01756463013034991,0.033843103586468005,0.043947711952997216,0.13032580848826467,0.25087781605855713,0.04280135125670329,0.17230038043694698,0.23784099322053395,0.07049820486917889
0.566614029707326,0.019902096746491762,0.12733642281258736,0.042652622052971025,0.018516170533597345,0.04959915427629413,0.01891510762499985,0.11190028464006663,0.04456411160566585
0.17501000285156362,0.04974384718604055,0.09838719204076175,0.05679168299303026,0.07773275601443566,0.09723999702508797,0.1958810451032161,0.21916451988243976,0.030048956903424264
0.07402238665548323,0.11288833102890783,0.06796604359304297,0.12351144042161284,0.40802450025862486,0.030398706514829635,0.06332042757535795,0.034124816254933514,0.08574334769720719
0.1802384582568053,0.011925807072308005,0.10202978698385118,0.07631313780845021,0.013096020346686681,0.14376185578954262,0.06236312135018882,0.4020510230265805,0.008220789365586581
0.10361001351900019,0.015102971017156684,0.10969001244675451,0.0849452808334105,0.07934782214137075,0.22742532240094812,0.06308278145825964,0.16921098473015872,0.14758481145294092
0.18298173450275787,0.06245791771745166,0.0976344447525065,0.12246129333608491,0.18535379170972832,0.05760271357832592,0.1267879718253851,0.05167702338494599,0.11304310919281373
0.12217892683495717,0.04917979042954751,0.055171443915572195,0.05886293439694762,0.11723351835876487,0.1772737441070528,0.09604679910475229,0.07328465745764438,0.25076818539476115
0.09583770895072119,0.07440516785967301,0.11018543969033945,0.07065981489551788,0.12614803285745646,0.07209134627652845,0.06178167863764305,0.3578114783114425,0.03107933252067809
0.40707413835735934,0.03362808814430783,0.22398815120743135,0.01422824289388395,0.01181205061388059,0.19713370764934332,0.01560445114007102,0.0825962909776837,0.013934879016038888
0.023525785602987764,0.038628935703006635,0.056186443930834766,0.3397883386800011,0.07385434049974658,0.12097932086572037,0.04306034619811263,0.2254819188824162,0.07849456963717398
0.03309252314762967,0.07134136756167522,0.0435485563798532,0.20821139629718713,0.11830937030134314,0.022713167977622087,0.02732947465972087,0.46186901390483265,0.013585129770136109
0.015592039761930562,0.02361961770106748,0.2086049571170339,0.3885386296593702,0.0355965555541024,0.04494568478290469,0.045254819166924594,0.16218619083167854,0.07566150542498765
0.45755201590484446,0.04661564515413862,0.16205545050297762,0.0073055187202459015,0.054704950099334265,0.06579651984038475,0.08225086926783949,0.024942724803997934,0.09877630570623697
0.02034184495578492,0.019703618598709303,0.03066857681387981,0.17497523200292356,0.44257698119176564,0.04985633129909795,0.06426967430153503,0.17552085042455215,0.022086890411751547
0.2631228455413527,0.03518296291634182,0.12799263291400498,0.09835465545984019,0.06779755308438966,0.06524258144131528,0.08759460998456216,0.2309461890116946,0.023765969646498616
0.020706328075412134,0.03133885365872023,0.055958856403781225,0.12980269916783882,0.05012181990036969,0.11826619679083268,0.04244817970391124,0.05806765339323455,0.4932894129058994
0.10465938700369724,0.0544955750230642,0.1266182579852317,0.06478910493023887,0.01842893862045891,0.06330660119374736,0.035044707130170355,0.30877353927153256,0.2238838888418587
0.04552005262011417,0.011322831515305368,0.09418346540250838,0.08942113908304693,0.04457019903896841,0.3248396227671544,0.06109592818763998,0.26334289036168707,0.06570387102357529
0.0453994875055945,0.042282434099223686,0.05859749174972654,0.05058333221810627,0.5118251019571017,0.019155700368344537,0.0673507814901458,0.19407869806474057,0.010726972547016324
0.04271289188280326,0.12407493979530297,0.0778884070979662,0.15857489295715965,0.11938789816137681,0.17759552080163923,0.16179746221496152,0.12426895455460184,0.01369903253418852
0.6545045898370655,0.04348194070725072,0.11018641021223995,0.011157745896266382,0.06616113822427726,0.042253326512455336,0.05104101115154263,0.012559494561591463,0.008654342897310924
0.0987564909542511,0.5418979984002203,0.019198011284398447,0.10051813159358523,0.09135100986001882,0.0423946407138508,0.013057074062382261,0.06565497814957866,0.0271716649817144
0.2759806226780026,0.07242766173921648,0.10832907960477405,0.09356607356967167,0.18576826160908425,0.05996809629123407,0.08350850088491285,0.09112331468722479,0.029328388935879232
0.17223451504118956,0.06189682019524489,0.08937446131209194,0.3113066881176494,0.10073001918515746,0.0383041419808518,0.060293706927184755,0.09291747935774035,0.07294216788288985
