0.08510323547512345,0.14649948232461538,0.13006354044015422,0.08880299038657125,0.12562781190005315,0.12863629576652144,0.11538393606610331,0.07987723151754866,0.10000547612330914
0.12432190146178547,0.1214916134848714,0.12601789487815737,0.09458856655986599,0.12168131745338014,0.117649631762363,0.116608580961362,0.07076445889075715,0.10687603454745757
0.11691094883941189,0.14225851012484048,0.09504958439904017,0.11011083979398385,0.08902778363214409,0.10631856136155399,0.11144069748361161,0.08961351594537631,0.13926955842003763
0.1351697853546091,0.1248616701231573,0.13251480807045912,0.10721506799220304,0.11078715915924608,0.03943525483596725,0.1152717902208028,0.1238270172674552,0.11091744697610005
0.08526002861619386,0.15848014603137853,0.11287849372204845,0.12067605274452069,0.1050439432453303,0.06869170005233378,0.09543334559054177,0.12997835235100616,0.12355793764664642
0.0881493061279399,0.0879920324134273,0.10920767393107482,0.11046046075639489,0.09031327889035373,0.13284716848389003,0.12356704740281166,0.1244742205581864,0.13298881143592137
0.12207563866407162,0.15004561708308184,0.11100426025616195,0.10151138158480981,0.10497147368476391,0.06013135287104802,0.11954540175584284,0.08996610731864718,0.14074876678157286
0.11332339853660851,0.18312853160023868,0.09016278625985547,0.10137092694301592,0.10377670257731707,0.07506000033437409,0.11585000124547333,0.08856706748757359,0.12876058501554344
0.07218882343205509,0.06836796370152108,0.0819956817597528,0.0846831431412277,0.09621242226141187,0.27916557056972513,0.09061305124379111,0.09360249221775951,0.13317085167275575
0.11519949590230912,0.05706949015045187,0.11444636356213221,0.10813552815205872,0.04941323731025533,0.33654198973987665,0.07914448533523849,0.053942635521525506,0.0861067743261522
0.09609315825821767,0.13601695946022493,0.10161194064976863,0.1005651394960325,0.078152788253747,0.12012737784565486,0.11813685876814044,0.13722830496827665,0.11206747229993731
0.13229862623286323,0.12080918852383167,0.10494243233237488,0.11103129090139989,0.11121689677240365,0.03693656138542777,0.11845652216035037,0.12849313075848373,0.13581535093286481
0.14944440387365898,0.11520345816086337,0.1049684720987431,0.09463306211118733,0.08774191774507713,0.1699133409110107,0.09789669887345444,0.08653914130387812,0.09365950492212675
0.11245146768141352,0.15677805103432466,0.1308399455159067,0.09436932102176455,0.09489109776044319,0.1378969567102499,0.10419563452356652,0.06393197676493564,0.10464554898739535
0.11819612072651042,0.12132536544110646,0.12276674977363057,0.09818664729477677,0.12840261143144524,0.09724161128943835,0.11889143767266469,0.07842754282572534,0.11656191354470218
0.09813843742385181,0.07751946714281187,0.13448311463240378,0.10536099374203932,0.11184480281711229,0.12218325388013418,0.12029554904342853,0.10402076073446558,0.12615362058375265
0.19540677797211567,0.135729228258219,0.09110401206569563,0.10055406603104579,0.0765055639388043,0.022360745477215227,0.10600583375379673,0.1508662471696762,0.12146752533343141
0.16506039458757113,0.10856841618069081,0.0846826263930787,0.0936130675260158,0.10998462965550526,0.09911920725067365,0.13323476348059815,0.07437594830653604,0.13136094661933043
0.11009256892537922,0.17039727643287347,0.11619727814337283,0.10693702618508415,0.09681204457579932,0.09855196427718023,0.1176879938801968,0.07470302654634939,0.10862082103376451
0.13716447426588085,0.12209532968211996,0.136764995354324,0.12090929648645608,0.08592656140070458,0.07401878570939897,0.10674449848818224,0.12530237609078707,0.09107368252214626
0.08923101497908814,0.21006223066409835,0.12219645240833577,0.10245405728446128,0.10277399505033959,0.04852012442343606,0.1150446499463169,0.08437811284664636,0.1253393623972775
0.08774352982822364,0.08292054359246501,0.11366134144209812,0.13041282725072573,0.1348448098889087,0.03639558911640173,0.10506510475116075,0.2059318548450417,0.10302439928497463
0.10573164883608206,0.09829110978618856,0.12392525326610855,0.0979846038108033,0.1408506658071507,0.08210037057891283,0.11796300254848972,0.11534336425942193,0.11780998110684239
0.12321447744187013,0.12832720800489614,0.11132399413226185,0.1026472141887733,0.12343160123292363,0.08367342429206194,0.11122532951788917,0.1025752510038734,0.1135815001854505
0.08195310687986472,0.19346883908066373,0.10484914511123088,0.10093714009833611,0.07029979542872426,0.07603501092099435,0.09670298806872057,0.15189638673686687,0.12385758767459847
0.08528376598791577,0.19697893062706692,0.11331643649430188,0.10367165410430018,0.09148329783134772,0.09501967329723282,0.11147926012518121,0.06990582944844449,0.132861152084209
0.09386989309865328,0.13118550156070433,0.1215445077753,0.12020619897978935,0.15409426459290476,0.021484513368389465,0.14308936515216908,0.08974284922879909,0.12478290624329069
0.10442020067722842,0.0922181653880108,0.08399197489966376,0.11338685200228965,0.09462881266274126,0.041904945399023126,0.1301535354139245,0.18876696530343925,0.15052854825367926
0.11256093773851421,0.11721648219512604,0.1242985730389537,0.09855395112292763,0.13227364455749602,0.09592624002679355,0.11925879526542334,0.08309412457492305,0.11681725147984247
0.1623756256408764,0.1485371627443449,0.11353393317597345,0.10467868958380666,0.0652488381994257,0.05528914683981006,0.10135321188660469,0.1357099170505346,0.1132734748786235
0.09144606378057966,0.11792018040112386,0.08826926386423961,0.12351392514973551,0.14003794191243196,0.063537939459388,0.10490537237653319,0.13910352272426443,0.13126579033170374
0.08325503456271748,0.14720602746688258,0.10687490747821514,0.07971262637124059,0.10431006482980242,0.1446913261867208,0.09755588430741052,0.12268967510031943,0.11370445369669109
0.10614775411080801,0.08344770972985967,0.10301001651716844,0.08606298278286012,0.11183123887377074,0.08591948898142732,0.09094677171813799,0.20408274810898017,0.12855128917698752
0.1225720569147035,0.16058937107620072,0.11820228456178054,0.10151915759940644,0.11981109446098875,0.062440187721908964,0.11515004105454786,0.07284432577256796,0.12687148083789523
0.12111875344452154,0.148634692343624,0.10727157654085516,0.10936992250151056,0.11656214282871759,0.06206384379584517,0.1203498949869481,0.0985709533157662,0.11605822024221173
0.12122825356402804,0.113905158971827,0.0746595533148015,0.0977268626677781,0.11071125280549128,0.13310406078568604,0.09889948169081457,0.12578121588892663,0.12398416031064696
0.11402512199837582,0.13306865151093844,0.1138936373006998,0.09883626137607883,0.1368315420312179,0.10691861617525444,0.10661078286621684,0.07454647583796538,0.1152689109032526
0.13713788576606328,0.12143994026783798,0.12060262273247167,0.09240536135310391,0.12860747498818173,0.1116560183195746,0.11440805030073305,0.0642162531960439,0.10952639307598987
0.09803136961485948,0.09063960086602602,0.1150635646271892,0.0994636873740063,0.0902554127235992,0.1008983945299489,0.10963024842885609,0.15506295604057604,0.14095476579493874
0.15614142332986827,0.12251425905267581,0.10126526174640627,0.09354655026247176,0.0953276319062255,0.04703282189465224,0.12390652703973849,0.15857308827726754,0.10169243649069416
0.1586463692373273,0.11053583930713433,0.0965455220368131,0.09458865504938374,0.10182979130171016,0.10681493359496992,0.10177431535052972,0.12071348721284358,0.10855108690928815
0.11118562545699695,0.1371222830369833,0.13781686639688104,0.10222346112842262,0.13627763329927645,0.056305565648119275,0.11559510812077807,0.09185054859973589,0.11162290831280636
0.17405869408678357,0.10811809968040918,0.10252976058830844,0.09554692738813625,0.10628729066935473,0.033389075860659555,0.10910124575392095,0.14774358039413252,0.1232253255782948
0.15216489452183848,0.13928457097131622,0.10662154669229222,0.09356252898614414,0.1106358450415701,0.06813720420896056,0.12128927443190689,0.09051586440007404,0.11778827074589733
0.10111529732587586,0.1088272694624728,0.13531671963604167,0.08742101363449217,0.12574717692691006,0.1624952610534266,0.10712355293506008,0.08190193107790326,0.09005177794781756
0.10103738129393929,0.14886298047073063,0.1255851233763571,0.09837497839723719,0.13144724834856292,0.07233452688980475,0.12094566592294202,0.08906054369375706,0.11235155160666903
0.1466505960410246,0.15686450805434823,0.08515625815985921,0.09189590879176689,0.0784803132160492,0.16751237807967942,0.09233425036083413,0.09704488811615035,0.08406089918028797
0.09913074510158627,0.16410488854491,0.09793031957577303,0.09947132500616651,0.17273122658506881,0.04074561606568338,0.1164227743146427,0.08661236829344195,0.12285073651272733
0.12496321943404036,0.06302479588855753,0.09356172103650952,0.09124088146651714,0.05885569419095588,0.26976835369805485,0.08374843820843932,0.12474812248998303,0.09008877358694235
0.15904833816457375,0.08379184624873472,0.10218098267547922,0.14886510300031722,0.09433489994937322,0.05793775515229845,0.11259303258607052,0.13460105655349133,0.1066469856696615
0.16891843439410795,0.14519559256197148,0.09717554372066976,0.1037437783975793,0.11435187324238145,0.0706307923831561,0.09809189807410586,0.10829170805874293,0.09360037916728518
0.1111338025353004,0.24604607118806446,0.12488558174794757,0.09722741269107056,0.08023816875973362,0.0708199023437784,0.09792622774063288,0.05674399625460664,0.1149788367388655
0.07120184454301949,0.06465569332750415,0.1128860127384241,0.11828645536761138,0.1600144113788298,0.11707801251830117,0.10193311806115668,0.1565040429805473,0.09744040908460594
0.1778074626774501,0.12342685829824733,0.08186230720182591,0.09796686351709827,0.14380482435259465,0.055583073362952595,0.11617899605543447,0.08527224489961367,0.11809736963478305
0.09210731987831826,0.1035613344290659,0.11911371770980038,0.11041720562933131,0.10668133503583159,0.14373484949090945,0.14705185405629542,0.077124702894405,0.10020768087604275
0.08988792948292133,0.09416371117071559,0.10014766099759458,0.08244800810053105,0.08246790795082941,0.2870606031146179,0.08543223620489315,0.08436081529540866,0.09403112768248845
0.18382654490996253,0.09534740899279671,0.12126878969277305,0.10118858544098452,0.08504304503142657,0.07213129189499423,0.11335147072627033,0.1080984196771682,0.11974444363362387
0.12326942946476226,0.2013905665584641,0.11450267092544282,0.10533299727360339,0.10113397112287137,0.046459275060894346,0.11389714284822816,0.08542204818372952,0.10859189856200412
0.11014083853780109,0.10018944796677554,0.10097823709176713,0.09735537583189458,0.09860069754140839,0.05042861602564647,0.1160884344152915,0.19425601237792534,0.13196234021148998
0.1456086901907431,0.10399037286432644,0.08177371432579511,0.092516855936421,0.13099338149053893,0.07951955966621234,0.12465953998144928,0.10541642056412968,0.13552146498038423
0.11742906568156725,0.08582598194491464,0.12998479685675438,0.11704971285132819,0.13482749289890616,0.04843535475147484,0.12537888902473568,0.12423130321399738,0.11683740277632156
0.10932745677880644,0.11843514500176051,0.11225292931832619,0.09719653317321149,0.1580769866476289,0.08875912251050233,0.11976959252351067,0.07490912131844171,0.12127311272781181
0.15306541465616127,0.12065913714053063,0.1176921449769725,0.09577690993533239,0.11722523322268319,0.06242176155132093,0.12899711471282357,0.08961671680681231,0.11454556699736311
0.15666277563300246,0.1379029961867556,0.11240749833315024,0.0909424568189768,0.08976761577861046,0.09400466270017344,0.10451579041295132,0.07642575938806588,0.13737044474831384
0.08858292573859301,0.050829944675922945,0.12086687407725566,0.09995521729036322,0.08258974358308327,0.22538988119316924,0.07889651173596335,0.15631046019948444,0.09657844150616486
0.11913059642267922,0.09063488457470786,0.10600847018889292,0.12669582506429733,0.06807678178968139,0.04427065752637823,0.11832127672275138,0.18324305915509512,0.1436184485555165
0.16872440840707856,0.11822186271680575,0.07412046936561545,0.10562082752942803,0.07717280051546982,0.03564432391388229,0.10502974384106671,0.19107481393607087,0.12439074977458246
0.10642585111120817,0.08593198267802253,0.09992755373819164,0.09605860796376241,0.10478500525176387,0.16786773013318926,0.1101437184367446,0.13354349641672544,0.09531605427039197
0.11256093773851421,0.11721648219512604,0.1242985730389537,0.09855395112292763,0.13227364455749602,0.09592624002679355,0.11925879526542334,0.08309412457492305,0.11681725147984247
0.10116385591373094,0.15110943725404047,0.10775381318214083,0.09205093856682887,0.12697853047361193,0.08275406601982362,0.11713433072957724,0.09521626138538723,0.1258387664748589
0.13032836135638814,0.10373625772916488,0.12087436903862227,0.12134256584820981,0.11021118201437065,0.047359018965090906,0.12811036072045348,0.12007396483329054,0.1179639194944093
0.10092811751838425,0.11633607750122366,0.11116403937345731,0.08419801212277334,0.10755469429245094,0.18282322793561842,0.10636409207178661,0.0729757399958333,0.1176559991884722
0.10232413378049345,0.10349603067995565,0.08984013260851624,0.10654457425651116,0.21231175102161917,0.06192456801211623,0.12523219177604686,0.0940244854188116,0.10430213244592972
0.1351552511259401,0.11527154038777447,0.1122803376925004,0.10635942060118686,0.10854041298467577,0.0656813485178168,0.1327334508827851,0.09396986611166097,0.13000837169565949
0.1425198307846199,0.12376500457768029,0.08418052110992202,0.11159487154137704,0.12740893169143117,0.02791620285713592,0.10978415983902619,0.1729841250678744,0.0998463525309331
0.08816615931458975,0.1113436825259288,0.11680195725323765,0.0932836366826977,0.16259215716362238,0.13088997784974962,0.11375334184306901,0.07266346342175564,0.11050562394534952
0.21786097641968658,0.10210743783803132,0.10315917113344443,0.10339490631926462,0.08217160169607399,0.07581972040723273,0.12178610741571623,0.06300126840623321,0.13069881036431688
0.14213541925572692,0.10714072592036594,0.14401705710532364,0.0975267977715455,0.07919770440921374,0.09492580282211573,0.1238402102449096,0.10331627139021958,0.10790001108057927
0.08803625055896273,0.15491161889547583,0.11455818489425736,0.09926858915097003,0.11435763286903594,0.10820552727468445,0.11759165295195746,0.1045366176320211,0.09853392577263514
0.09975501719726755,0.12878943333433115,0.10772692193007775,0.11560679825877794,0.0863088288397293,0.051233744698237764,0.11069595530514126,0.17922440216060798,0.12065889827582936
0.11217174904339443,0.211956879819558,0.13240035656357976,0.10425466581529957,0.09148683687389207,0.07321294584230427,0.10666623937001833,0.07905053625317938,0.08879979041877416
0.11121583561834221,0.14527449313226773,0.12972178184046448,0.09310682324969526,0.10553625512202543,0.12260605064369083,0.11530022639555021,0.07110512453705743,0.10613340946090642
0.11102141776385506,0.12131242844343147,0.12681246061519316,0.11050855888756794,0.11057636070156245,0.046846268097417015,0.11298843929891855,0.1468947209007544,0.11303934529130007
0.1418542828852679,0.10987867665221503,0.14378606054284407,0.10366695219401019,0.12060521659859247,0.08779066244666578,0.10426826227336224,0.06801883218843549,0.12013105421860677
0.10889961761698343,0.10440427510121451,0.08173822674722486,0.10772667619939258,0.1762403657197388,0.09450859942828897,0.10980190438675186,0.10761566102225013,0.1090646737781548
0.09507798666830546,0.1623332268628289,0.10727711008893166,0.11567098771473804,0.06559925781575086,0.03665817704019705,0.09925658353032718,0.2245180233308003,0.09360864694812066
0.16047908628776822,0.0571175471075507,0.08501855919390745,0.08859460086332811,0.0625357311403684,0.23877497330087802,0.08415928085281112,0.12935624677661328,0.0939639744767747
0.15309872988602136,0.19248885027441429,0.10131357499272753,0.10207530121239829,0.10973674635463704,0.05574444281807548,0.09897811397456428,0.06350070257843136,0.12306353790873036
0.12670856122085036,0.10760851238956241,0.09375557487961578,0.09719157660859727,0.1462578181771874,0.08255980887753335,0.10445314876081241,0.124469640183886,0.11699535890195507
0.08321792234097836,0.07487260931571431,0.08867497149442698,0.08185827508832738,0.05928945309049671,0.3040166057567019,0.08988471727952668,0.13056306523622388,0.0876223803976038
0.1161048955017721,0.10720910538988178,0.15248654575269277,0.10445093009920703,0.12077835229465728,0.04742460368501639,0.11208916436432405,0.09476801118521987,0.14468839172722872
0.10901942176813872,0.07573841095612012,0.09701566429086365,0.1336724078325723,0.09650520162684846,0.05222877941906803,0.11943572814903271,0.18149195547823585,0.13489243047912014
0.10783826971360351,0.06614037029323933,0.07540127278003118,0.11494551888351479,0.1429940169564874,0.07912182931340879,0.09178114172880303,0.2019813807556532,0.11979619957525876
0.14304444008755535,0.07654438980498159,0.10773793978293515,0.11025893276525296,0.12292874946482078,0.055868610431255315,0.15243267294040916,0.10322479876179735,0.12795946596099236
0.15142822938217623,0.07700506687279741,0.12330331153625516,0.1008184865737896,0.13300232966004263,0.082731373977647,0.1125001371671726,0.10079045033020005,0.11842061449991938
0.0736211937939547,0.11751601423382402,0.1344186981644432,0.10860450412833754,0.06974354542516893,0.06416796601758526,0.0923702810226087,0.22708312802070038,0.11247466919337727
0.09856495986011073,0.10037153286724709,0.12216776243277683,0.11298651043390995,0.09465635333520002,0.10619581751737257,0.11784018409158266,0.128796909700904,0.1184199697608961
0.13895904066615453,0.10483730257565323,0.10650528049504744,0.09926349889762097,0.1463354285302649,0.08526163817839345,0.08853306605328415,0.11169562489287761,0.11860911971070366
0.12127915571180022,0.1520228686694072,0.1316397072208232,0.10872272846468295,0.13160965293701188,0.06230082713174279,0.11018789058730298,0.06592446129128053,0.11631270798594824
0.11086667565551071,0.07780635924954994,0.1117263207728685,0.13246881705867664,0.1191750268326749,0.05040377335576093,0.15050146803836426,0.0976083605715032,0.14944319846509088
0.12334526207827708,0.15690419294783195,0.11405556667620598,0.10657387144115045,0.08810682618508762,0.05276766161894018,0.12122439757899088,0.09119142011751613,0.14583080135599977
0.11198721103255489,0.10207924416098434,0.10114682752958419,0.14065224638108428,0.11341016744530162,0.05286965739925283,0.11418930751088842,0.12019221255677333,0.14347312598357606
0.10810771416175065,0.12775679914836313,0.13533514802827448,0.09575941524243821,0.11886284637382433,0.12003861186810394,0.11186651019778361,0.07155692366030901,0.11071603131915268
0.13807914921463388,0.11225531732204232,0.12191993029854627,0.09883567354830027,0.11670413439560272,0.07803854685931064,0.12458639217214625,0.09275535566830155,0.11682550052111616
0.15625872416470252,0.10953294955104437,0.11764569905190214,0.09545858908933118,0.09888546667716651,0.10137382476125,0.11050431329131033,0.10593652185726184,0.10440391155603118
0.12732503855673574,0.13228246941111274,0.1310643824884339,0.10383718966196463,0.1361726752698851,0.05872820411778373,0.114881260635317,0.08559544995604536,0.11011332990272167
0.16660488961506498,0.06658576599801813,0.10147267095199236,0.1031755579821355,0.05724996700860569,0.1953123176194577,0.09198155528646008,0.13155591355037752,0.08606136198788805
0.1251473215450557,0.10949107382277472,0.11002778172828422,0.10394550026187498,0.0871778647619429,0.09908717480782771,0.09079404653568897,0.12856981533191178,0.1457594212046391
0.07964051635276571,0.06993299456723885,0.12048797374396551,0.14732853537347643,0.0631328243283447,0.20319807712538793,0.08769697633693108,0.12780239468317536,0.10077970748871441
0.08024837289597764,0.07133874267467355,0.11990283080066017,0.0856540553543255,0.08146473592744043,0.21958282835661921,0.09148919887382335,0.14340197046630648,0.1069172646501737
0.10739705052092763,0.11180736524747037,0.11469308280531255,0.0967497149756743,0.13294910320857065,0.0662468961219452,0.12787757464000019,0.11617050892018738,0.12610870355991166
0.09715457147025254,0.11908003262364447,0.11710620302043147,0.09864687654566451,0.12935615948363952,0.10870275715162596,0.13100341512749505,0.0799702854294838,0.1189796991477627
0.08560552363095182,0.08947948259904627,0.12481477102052803,0.1446976650460188,0.09970379527784967,0.08258376328966911,0.11746406707203007,0.14022151872914032,0.1154294133347659
0.11847694257164186,0.13016010220748683,0.12062809361856264,0.10712285027990169,0.11889155387074928,0.050089305490976455,0.13139396224442104,0.11222457468112662,0.11101261503513361
0.08642684446167216,0.14014722112411152,0.14538657037701244,0.10886286333971866,0.11040883991795163,0.0761357474727758,0.11874482262524712,0.10420925445361962,0.10967783622789105
0.10538329282976942,0.14963104960153642,0.13228461746592085,0.09552380162541313,0.1127151166225047,0.060633116710758356,0.12268512657264602,0.1120004177195504,0.10914346085190067
0.09801580783983747,0.14518265597671376,0.13746875186319255,0.13063845531581783,0.11428164273697837,0.027407704814410933,0.12872132888869062,0.10287506389632156,0.115408588668037
0.09348493684819514,0.1612515601738074,0.09826426115873349,0.10989953373945395,0.12674243178067243,0.09920933149522652,0.10294750286724413,0.08605597403301768,0.12214446790364926
0.11300977200526263,0.12216459506403245,0.13001234159164757,0.08059034234070526,0.16803863348520146,0.08338918016362644,0.13455357407509105,0.07587682589957474,0.09236473537485847
0.10589820791743333,0.09553529621555544,0.12896545603675894,0.13534230364282443,0.10011611990465141,0.03969754888546118,0.13418594455108615,0.11536247090808578,0.14489665193814327
0.13751686720493236,0.07335225166013933,0.12287850674230034,0.101489317397358,0.08337365869113124,0.18491885818307197,0.10160591284680343,0.07550604487471248,0.11935858239955092
0.0974800387367692,0.10650209519607391,0.07884910453073708,0.08634809873828035,0.08859701265855378,0.248619366183918,0.11585527275985152,0.07825578083720548,0.09949323035861062
0.10440874100217386,0.09603578269898456,0.1457397134600613,0.12284789423306312,0.09334826749921811,0.08010280659815414,0.11337807118572836,0.11483509422354536,0.12930362909907112
0.20492641317812946,0.04995768490867216,0.08062914586265242,0.10010562105829497,0.16741471799102173,0.06995255357890519,0.09428627310526423,0.12064760800754881,0.11207998230951098
0.08204598870453979,0.18127714792715874,0.11295052246932084,0.1290862509026898,0.118487335907928,0.03752254675320727,0.09137840586231362,0.12125366603643896,0.12599813543640295
0.13559276761794306,0.0985139694740378,0.12766528062176316,0.10181073102269785,0.09316199881218168,0.0638517255191134,0.11581056169349069,0.14570779079800725,0.11788517444076503
0.1051441765678306,0.1330349205871597,0.08826715473180413,0.1130100163139392,0.15576671893356522,0.059133086222012216,0.11688548038368524,0.13415364611665662,0.09460480014334703
0.15318701362207443,0.13090905074832215,0.11255468223497417,0.11705327064006117,0.07232112903983406,0.07290112079553003,0.10964653648764922,0.1049548714925901,0.12647232493896465
0.16431989619771273,0.16053749619061108,0.14051399409994642,0.0832940703615757,0.061417164648995194,0.08918383055844585,0.09525439243121873,0.11451518490514707,0.09096397060634719
0.12139229098595257,0.11118588132137198,0.14552667477989478,0.08681594430327412,0.11477083810274663,0.13527125287117606,0.10801899733869809,0.0689565710487111,0.10806154924817456
0.1363137406255495,0.15444591136062938,0.13565422975967753,0.10448349977988336,0.12430730002940461,0.07416799975053347,0.09410393212844644,0.08041211613431394,0.09611127043156177
0.09589525474062226,0.07504338038815048,0.19166908142899478,0.09769675121562094,0.06310889119292838,0.19996471932811796,0.08529628759639674,0.10292639791488752,0.08839923619428093
0.09863207143039654,0.07913773612819448,0.10686676212949055,0.09459900974644349,0.13577281366805588,0.12103002985273141,0.1487567432240546,0.10221306331548863,0.11299177050514438
0.11145238800639155,0.15979259649203112,0.07650446150580148,0.09320286848836123,0.1611625376481521,0.06999881797528787,0.10168081620373247,0.08743834094865034,0.1387671727315918
0.10594053453025731,0.12185438737399157,0.1348405973447063,0.0977540563896529,0.13344786310839518,0.08186694226224185,0.11903513690221161,0.09378903973924464,0.11147144234929866
0.08635845127366891,0.10445133125396994,0.11819838917798313,0.09949670256841119,0.08654880299899674,0.27455786870570564,0.08594101487408319,0.07176086644678552,0.07268657270039575
0.09218788180374977,0.08952168355395428,0.09777129489869348,0.10303287059050437,0.07388525462756451,0.21552903080450694,0.10777539626134518,0.12014608076247545,0.10015050669720604
0.14249034345438996,0.08638732766990086,0.11338866066736177,0.1047915833040914,0.11338428502317123,0.055889795701269396,0.10969415244759444,0.17026465758723744,0.1037091941449834
0.11514155408378174,0.0987603446644965,0.09789367781238152,0.10290246895196525,0.061700638383861105,0.22261454290179508,0.08761392216407264,0.13109898684998733,0.08227386418765889
0.16323698868735356,0.08672182748225665,0.10312320080299812,0.10738069205616929,0.12518643389165887,0.05657586848386257,0.11613065531588673,0.12256356215077015,0.11908077112904408
0.09884942318607941,0.08434314995846741,0.1103865728125073,0.11241639590725439,0.15314908781578787,0.05137253794033597,0.13935006279901807,0.1429812044112779,0.10715156516927167
0.12673463804596133,0.13267305922951633,0.08310190762193857,0.10897803894999479,0.09777324125840192,0.10920535457054814,0.11917365566988657,0.10637801662703954,0.11598208802671285
0.10906389489396325,0.19054026311885264,0.10733937110353808,0.09652693600795133,0.11464141699089912,0.09456620850712716,0.10921812569031629,0.07385747741422848,0.1042463062731236
0.11516674674701893,0.11540385449846298,0.11220852182488185,0.09855637016809908,0.10736804667024229,0.03868687284061797,0.0922760903870155,0.22272942713187874,0.09760406973178272
0.2178473348371507,0.10964898994429484,0.08459473330123195,0.10730848270358802,0.12035379376904971,0.03436440429397801,0.11834265588775972,0.08370346163084874,0.12383614363209831
0.10490095430363766,0.08744455405083136,0.13500405302258456,0.09739182210408047,0.13510016946693112,0.10185626899889448,0.11431110523930547,0.1289437040632835,0.09504736875045151
0.10135023826457012,0.14262888140599964,0.13439021798713172,0.09992010983694832,0.09649517376535581,0.0666736685730945,0.11786185143687888,0.1147658213847148,0.1259140373453062
0.13596068206833886,0.10423934910183648,0.11334531445250125,0.10311082437576306,0.07870226679837973,0.11500061601344162,0.12431335207432688,0.09991652499782876,0.12541107011758332
0.1515004986073696,0.1323391294194429,0.12256011750782464,0.097222792360747,0.08897738323485416,0.12326693575039598,0.1026000864680262,0.07484142353805674,0.10669163311328277
0.10453879634871505,0.10553224612743682,0.12119350577021722,0.09165700869970998,0.1655902190902807,0.12501747596903076,0.10751536575977254,0.07110147589843567,0.10785390633640114
0.10980643351800344,0.08981638538043245,0.11914239648149254,0.11912070807671886,0.1195047008000611,0.07086587186846101,0.11370937929912817,0.14320550150857753,0.11482862306712498
0.1157215363233617,0.196752510405006,0.0789639956237415,0.12748288169969926,0.0951856360692228,0.020573226867658924,0.12144761995333808,0.12944206385648951,0.11443052920148217
0.09677646143701679,0.14566475136700474,0.11569297888242124,0.10161796222033243,0.12337453660327864,0.08146271793257033,0.13065661011420884,0.08264099774363592,0.12211298369953116
0.12831429166367567,0.13310363479810863,0.10215348761655839,0.10570237832550163,0.13035998804810553,0.057118712198068,0.13243413098396947,0.09135606979998796,0.11945730656602475
0.12024119356729884,0.16756645056754524,0.10140793790679509,0.09821720229700086,0.10614256117686066,0.08374580168977137,0.1094310298080033,0.09416223919824314,0.1190855837884814
0.11848378261728716,0.05567123706492938,0.10150576398138154,0.10817963660458706,0.07377752741521397,0.16095969135754354,0.11897431309273815,0.15484856178079678,0.10759948608552246
0.13357766361324683,0.07112313133824365,0.09052584228530414,0.08481941499464467,0.19190774267094204,0.04368666651640988,0.11259915994533153,0.1508607585728171,0.1208996200630601
0.10162853113049856,0.1316288167324665,0.13036406749261475,0.1066807030108527,0.11209031554881921,0.06054370242587198,0.12172100744299429,0.10361433681883807,0.13172851939704397
0.11432320525394861,0.12653036951916163,0.09873156688321948,0.1350202154129019,0.10590732520294187,0.09826190492725577,0.09768701302942118,0.11012520515557998,0.11341319461556963
0.1078943233955363,0.14232102468494146,0.09985919675406017,0.10115996601774725,0.11438448029384296,0.11587846609519976,0.10710081150019927,0.09683394393278384,0.114567787325689
0.11717876614394779,0.21454198109308523,0.09155103983734038,0.10239460869249462,0.07591019822661814,0.05612183210555921,0.10937244556380478,0.12672770647220588,0.10620142186494406
0.13127355049178205,0.08512710900236277,0.15067305961621466,0.1181667222541576,0.10923399533044986,0.08484400120166823,0.11539176940990248,0.10267135796538505,0.10261843472807734
0.10965075128888994,0.1436401757219126,0.0957466169619588,0.10353790035080752,0.16058434275959954,0.04671177582683785,0.10515648460219253,0.10129507897209229,0.13367687351570884
0.08427648501619574,0.1010193796609787,0.1006690815315151,0.0948260012258122,0.11416632939095132,0.25712847217889573,0.08439337379836764,0.06447132531665738,0.09904955188062607
