0.14679926643245725,0.11165924392564659,0.0908300341167902,0.07830775656751365,0.10836069152448106,0.11348728710925489,0.16041410795711927,0.08020339469897354,0.10993821766776346
0.07545672270816992,0.09855064847148332,0.17968579531865214,0.08661492198990677,0.11938701245103082,0.12564223820725626,0.12421060004021438,0.0898418276631819,0.10061023315010455
0.11480850790264648,0.11266622813104361,0.10133964589981581,0.12010017605330074,0.11294025097235694,0.10791707233426288,0.08654065149688121,0.127157788270745,0.11652967893894735
0.1873476872601305,0.11169856734621397,0.05003006949416588,0.08154150849809226,0.14118489256911193,0.09667071700359105,0.12458058326410787,0.07586085817797358,0.1310851163866129
0.1722537510331398,0.11600116270135309,0.0743818764989273,0.09359634813788831,0.1163813589931665,0.11430553592564052,0.09540282165733338,0.10639826539206675,0.11127887966048433
0.12509334947222947,0.12478476078285505,0.07623104572381133,0.07171882587640922,0.10284988145707079,0.1158908126274365,0.1811564397933383,0.1116031146240864,0.09067176964276297
0.12929766827144037,0.11285685964145174,0.09525692177862644,0.09183947480407673,0.10532134332550634,0.10628179844034236,0.1266840688267188,0.11883733887100496,0.11362452604083213
0.09549770218626356,0.08557351127721613,0.1442577316326585,0.06478979272018537,0.09680648682179359,0.12262393403166676,0.08238657742216753,0.198394935496255,0.10966932841179351
0.130827461301927,0.10022348585629082,0.105039435640228,0.1577142162808424,0.10034875019443917,0.11992105418978767,0.09302597601600164,0.09334593864296303,0.09955368187752024
0.12929922969923305,0.12486755620367603,0.12574241587791882,0.07429987596391859,0.12466829419351622,0.09587548395759848,0.15772944380835385,0.06631458559229325,0.10120311470349168
0.15386066841737814,0.10718635787392082,0.06170257681328456,0.1735460834045112,0.1261826200966532,0.11164330814594918,0.09146244975406977,0.07741396007396463,0.09700197542026852
0.07219993823641963,0.07899968242797727,0.15244946214856844,0.16826369024638912,0.09606978262794731,0.08110414149721636,0.1887411019753258,0.06538501994661249,0.09678718089354361
0.14735115343972713,0.08155519425932305,0.21588023749463056,0.1219696294773663,0.09817722281855529,0.09134439447971703,0.07392101821236648,0.04541406021326578,0.12438708960504839
0.13386815810791733,0.10667299492249248,0.08557960542448313,0.07073562751780861,0.12143823789814084,0.11675436019172154,0.11289071899396282,0.14493715168035018,0.10712314526312298
0.08824823827693844,0.13064809155113188,0.09674052999698811,0.1054379798558998,0.14498229162811171,0.11797500151369716,0.11245535787352423,0.09555041011613623,0.10796209918757249
0.16626993142708676,0.1456323457274242,0.07219787101930004,0.08349531429540331,0.1001434201822109,0.08977818630121305,0.09944641223667096,0.13951093411956617,0.10352558469112472
0.07496180225896844,0.11469658744360099,0.18669348640552844,0.1163080882621514,0.10047273078349732,0.10350605072984513,0.09885317751944882,0.10205079876428182,0.10245727783267762
0.11415123780456372,0.11336349639264454,0.10514225874365042,0.11602970675272124,0.13368119664244318,0.10055903663157799,0.11294427193849288,0.08872057942175053,0.11540821567215546
0.11604257423631163,0.09023560310058583,0.07902591959110433,0.1660870514615915,0.10985441031709697,0.09508380165803614,0.09115766488276537,0.10073929665258319,0.151773678099925
0.10561626548984789,0.10594545449687542,0.10083816331473079,0.09580094721976302,0.12788405387924148,0.10805899766084455,0.1380805536665093,0.1117425303054251,0.1060330339667624
0.1432204727909657,0.13467066111932094,0.07217475425405946,0.0748749567752277,0.10928628285901315,0.09891512131086207,0.1196721116881186,0.15999326311745846,0.08719237608497403
0.13799526084060185,0.12299757356364467,0.06936442341574889,0.08569479222658881,0.1202831418590684,0.122478807049388,0.13133817508895784,0.10601573109576341,0.10383209486023816
0.12092383904355464,0.1256046571119017,0.06528365858154911,0.0653120004579635,0.13303403284090126,0.1102556096497735,0.19441999235629626,0.0874588988199982,0.09770731113806186
0.12957639346934,0.10936921643633431,0.14782781401298697,0.091185284445384,0.10635952455926645,0.09385308668266411,0.15911463682718383,0.06323778571060641,0.09947625785623397
0.11146860257633638,0.09826580521841176,0.17147154543662638,0.08883691026712996,0.1265754711399347,0.09920635176183072,0.07394787102338413,0.11195938849788185,0.11826805407846398
0.09731395675751854,0.13026362549065326,0.12443734308163908,0.07900072636218843,0.09935894902184715,0.10336670878431793,0.11396891450174644,0.15208744172529706,0.10020233427479208
0.1423966443033159,0.12083432956634682,0.08986619217368907,0.06832592071005011,0.13367192103418898,0.1017231350150664,0.09893395759966449,0.12505343723162646,0.1191944623660518
0.09085421955456785,0.13400146719615602,0.061651044364219025,0.08557353868196592,0.1219654214333944,0.10048178271721497,0.11925538191338601,0.20378202838893544,0.08243511575016044
0.0701445290470329,0.09825399257091165,0.15586473925601282,0.055401196752427745,0.08493153013303999,0.07584797083054579,0.17386965760398596,0.19438855371526267,0.09129783009078052
0.12002689741737899,0.11388701062458632,0.15823239679501055,0.09507797668641642,0.12643949273556712,0.10206108734393422,0.08939701278832379,0.10037138750948976,0.09450673809929282
0.11046526498245983,0.09833014509011766,0.08887657135781242,0.12676096840633466,0.1418871421691805,0.12247304594340176,0.11339591556972405,0.07387202435515425,0.12393892212581488
0.07911285720762289,0.10349951698426375,0.07489407073408541,0.14966704337798467,0.1231400293285169,0.11816942694913536,0.09804892560383048,0.15529479053821413,0.09817333927634635
0.16614583159626273,0.13004098256984983,0.0440081016806603,0.04807692703765171,0.14786406124498266,0.12449264722853874,0.15456611521330124,0.07514907801091078,0.109656255417842
0.11321294017935253,0.10106720273253267,0.1195934693986982,0.08869392480618825,0.10769203947255745,0.11126787034332782,0.14902539605998977,0.09620581518262376,0.11324134182472945
0.1696075783287613,0.09891976803578184,0.14376329407893376,0.062234417066651566,0.12645741242003825,0.11048842602204484,0.08785915480937796,0.07993148136778655,0.12073846787062387
0.13352004826501032,0.11742726476459021,0.12300028190240347,0.05673858239585492,0.15113068781562722,0.10879517187718142,0.10464371591435383,0.09755854631983187,0.10718570074514679
0.09899718514130207,0.09726365041815892,0.13358261031066196,0.13630315953823594,0.1097523115485191,0.10894377192103087,0.09953717040021752,0.11404313445931197,0.10157700626256168
0.15706027660727861,0.09109894607570397,0.1253123683807584,0.2026818188725336,0.10319322014542637,0.10408701998561298,0.05253625465626033,0.0696287386453313,0.0944013566310944
0.1293379529498427,0.08714820719437388,0.09447837086390141,0.08772880109973946,0.09295537181438362,0.09908002632394199,0.15437410665178317,0.113194823774321,0.14170233932771284
0.11775809017519163,0.11721489934178353,0.11567517089051049,0.07517841254962565,0.13782427203576816,0.13797134128971775,0.10783839359687686,0.08349532397782783,0.10704409614269805
0.1381858889749587,0.09281333960200466,0.11371824231035406,0.12774327756553405,0.1114972352066224,0.11100298277990393,0.1218538214009498,0.08228103192119078,0.10090418023848154
0.14085733847564738,0.12208077120838967,0.0981091068559583,0.12485918287723467,0.11753002035221295,0.10075429988621325,0.10455526976634512,0.08278078676171279,0.10847322381628595
0.09322554064260989,0.10060050096408023,0.12191188696414236,0.12600759803916825,0.11863313576443835,0.12434436172814385,0.10460735215838761,0.1160040294154655,0.09466559432356404
0.1325414848709501,0.09147913801680559,0.06175827962723002,0.1483278456592786,0.11140685951984307,0.12787617554118147,0.10798887884116258,0.11554348742203469,0.10307785050151386
0.14090043669489882,0.11364855942361875,0.0546348497922255,0.08771341505487533,0.11276651670983691,0.11566176253421723,0.13857975895766486,0.12865736400250102,0.10743733683016155
0.13427146387991315,0.11133259559311581,0.09567651659747049,0.13557821967656405,0.11771078052533505,0.11127869821136487,0.09498141309486058,0.0897204605197273,0.10944985190164869
0.10748946469569397,0.1210419557077,0.09223393461366274,0.12665506471668395,0.1453732209249778,0.10614942953263795,0.09577870918398608,0.08830449066304952,0.11697372996160797
0.08363881963665619,0.1113011602372495,0.10655898960820431,0.10393313682192247,0.11616855137489912,0.10609410038837604,0.12541228854526523,0.14662789129497622,0.100265062092451
0.10258833639922355,0.09385738745109069,0.14965190661556801,0.08140315930916824,0.09357611111335544,0.09849551632372266,0.09264980510611052,0.19076571125217404,0.09701206642958689
0.13687485877274674,0.10089090951552106,0.10878956216820627,0.11697475316104544,0.10670719365312699,0.11057401778638583,0.09577221427149102,0.11798948544477715,0.10542700522669946
0.12466632480538292,0.11551488335700281,0.06887028535410347,0.08335235638647676,0.1383993671437995,0.1260278191708781,0.13729645664899068,0.09509208732948575,0.11078041980388002
0.10389681345438416,0.08297040701458812,0.1100531552075275,0.11178020017962069,0.08382764083289534,0.08943055164809126,0.17987434750425668,0.130586904322418,0.10757997983621821
0.13047164064716818,0.0983201072653721,0.08326188872338786,0.09955316548108793,0.0980482303665991,0.11631543928515743,0.14512637732831632,0.11281472817177836,0.11608842273113273
0.11168823340173124,0.12338479595226563,0.13254669499712765,0.0861647216114933,0.13317538254895597,0.11300801103100121,0.11197666312235806,0.08248240143990092,0.105573095895166
0.12443032490346602,0.09486758062880002,0.07535898325957956,0.08853849417032132,0.11109961823394758,0.10594271780814069,0.12797142287613664,0.15834006443133494,0.11345079368827317
0.14757259749554533,0.11003539193165073,0.08906037869563965,0.07886741448404845,0.10950494071976095,0.1111494991824548,0.14104360548765013,0.09782744063952152,0.1149387313637285
0.12737448930195716,0.09247541984657044,0.13345860952126318,0.08257766254669034,0.12434847809481524,0.10044824845362006,0.09570000015474937,0.12591756724150924,0.117699524838825
0.13690432166784525,0.10698993510688955,0.062179863612594054,0.10262891394386237,0.12890296252741046,0.11813707451136135,0.11877192543462693,0.11208181908104332,0.11340318411436677
0.11806448955401737,0.1217133139901224,0.15247389367627692,0.10387056937559364,0.11796680128075958,0.1023353707222296,0.09406491533287235,0.08960967074237798,0.09990097532575011
0.12586248771449746,0.11350346407202554,0.12259888797154617,0.07298271765426988,0.14209341162349032,0.12369229029879601,0.09133152357736664,0.10473154582238893,0.10320367126561902
0.09084004275778158,0.1120263371776992,0.06296586449347434,0.15116223628884762,0.12225385195372522,0.11226030251764703,0.13910882498279206,0.1250636101846985,0.08431892964333439
0.17892794367278017,0.0992454020955071,0.06219885440838987,0.06503916387354565,0.11897033150714735,0.09487978047173566,0.15040257731588366,0.12555567860974448,0.10478026804526608
0.1085835966491066,0.09323720229781297,0.13882572772428947,0.11618192062970951,0.0780769992408007,0.09965240263136514,0.06281676881201807,0.19665241246731877,0.10597296954757873
0.11885704894191218,0.11615403382437713,0.082014032031777,0.1141051745566471,0.13289087356894802,0.12040210582667453,0.09535294699721608,0.10152587931361355,0.11869790493883436
0.09331792040777487,0.11912554472709806,0.05892807774535971,0.12918085552128852,0.14230341961313708,0.11104191641916239,0.13827124566675456,0.11070663358276189,0.09712438631666305
0.11050145612207447,0.0936384504276565,0.10057971879901602,0.16645065677128215,0.14904902206575535,0.10363032542209638,0.06422657946466936,0.07854930209723496,0.13337448883021477
0.12286736662438195,0.09763634914415076,0.11235987316743423,0.08990236912751409,0.12266050978061209,0.11547419972577466,0.12051760510132742,0.0943498141885632,0.12423191314024158
0.10767097880101874,0.10750665717569752,0.12425544837061686,0.07140591217572509,0.12116752101102103,0.11735485910663813,0.12732465451836072,0.12432670931580074,0.09898725952512122
0.106099294186775,0.09156594017944332,0.20734323771555152,0.05913467432811379,0.08911476171881716,0.10956214005137715,0.17232612273687284,0.07858850094043979,0.0862653281426094
0.11160582890588362,0.1110410616814369,0.12880301541908837,0.10697909450734215,0.10783571172903123,0.13069593233081195,0.10480187708929893,0.0907567991745783,0.10748067916252861
0.1316509228302182,0.11806584356005545,0.14466686236317217,0.07336353960006323,0.13193683361131778,0.10888189342525584,0.08611597772305796,0.09809255503156988,0.10722557185528946
0.13401185843764143,0.11091590868496821,0.11069486859996125,0.1082791023780077,0.10188911878011453,0.1256407145880959,0.10010405312855773,0.12046902658044105,0.08799534882221212
0.16036809149238773,0.09578224349356697,0.07381701149127454,0.055788221209263765,0.0971734791585193,0.10049316970526041,0.1937971579651991,0.1219885019838902,0.10079212350063808
0.2113410146672258,0.11116973636016891,0.06935537174591487,0.08513871010232155,0.12940590852584619,0.11731682902701364,0.10413773038969747,0.07309750379574122,0.09903719538607035
0.13216721573956397,0.11385641181234753,0.07417420520138485,0.06333582941563438,0.12311764592470757,0.11847488739692531,0.108214253216172,0.16461744261344743,0.10204210867981701
0.12363041378517829,0.12300195303811172,0.09789770332219894,0.0958344285937559,0.13852569348764718,0.14412430310281032,0.0745730785947048,0.0922329695019088,0.110179456573684
0.11126668648043662,0.10163221552038326,0.06962105227402636,0.1814816943526064,0.12458559517223587,0.09835390367000955,0.13016515913968693,0.06923358805574664,0.11366010533486841
0.1378719196857737,0.1106543836294054,0.09793142832167623,0.08387512844054627,0.10395845943222083,0.11448297349310738,0.11728342375448668,0.1379192331504231,0.09602305009236033
0.14896649240100465,0.10456419243755603,0.10282001872080238,0.0737071438726969,0.12773414089848137,0.1331639037249777,0.08574847851301504,0.11118987785262001,0.11210575157884596
0.0949775139152723,0.1326553743512209,0.08358358849723847,0.04524076052892791,0.13342918567032072,0.09447223538721816,0.1493201279515922,0.18259340377346422,0.0837278099247452
0.09156909437107137,0.08914614198832953,0.2147734021049874,0.12235594952682279,0.0940141891521411,0.08940014818706961,0.11361792959566201,0.07013578536988004,0.11498735970403613
0.12058050099230942,0.1030623657349826,0.06933373595312875,0.15823089184696124,0.12907227035869476,0.12924526890574636,0.08812077846199846,0.09410756364458268,0.10824662410159569
0.1679050523898404,0.11458554224572988,0.0997322911783302,0.05426472548441053,0.09797159091339348,0.09597611956623638,0.13615106992975973,0.1225208582799973,0.11089275001230213
0.16390703090882422,0.11673214652142012,0.07405775152920928,0.0941817606562315,0.1141747585428574,0.11270752606001387,0.11137381140966902,0.11504790260830661,0.09781731176346799
0.09003664034332408,0.09682857187930193,0.22264792202858094,0.04673527829247783,0.10652392410863226,0.11457970291669152,0.12936473131852746,0.10373437797968488,0.08954885113277926
0.08913774959711751,0.0963659090113253,0.18503773430354972,0.09403914633812005,0.12055817974912415,0.09277630176127394,0.11981274395158581,0.09837512065686703,0.10389711463103653
0.16981720076704954,0.12709834821591487,0.0832165444495116,0.06411568812360725,0.10148935290965788,0.10647314709014168,0.06642153076063499,0.1949041034755902,0.08646408420789205
0.13532204510588383,0.12000667532909202,0.14046981690535984,0.05331528442250571,0.12137065284701297,0.12052384314244997,0.11174903417370313,0.09623760024309308,0.10100504783089943
0.12469828226793056,0.10402320560958327,0.09646710629965888,0.0811650068795207,0.10989399816162966,0.1292197715979113,0.13026543217964318,0.13047581223859386,0.09379138476552856
0.15896414239288126,0.1029141813005953,0.06827669163448233,0.08573750470664777,0.11308975312665452,0.12500296774520273,0.1303930989297253,0.09485230703896087,0.12076935312484989
0.11252245895211499,0.09994960409982895,0.1661307130892756,0.03985143131358923,0.10732763039697019,0.11414603606706908,0.14547539194401723,0.11944203550439154,0.09515469863274324
0.1110829494626543,0.10957018611026785,0.11570121567468317,0.05985703404306674,0.11279518772804357,0.09863959853082543,0.1621883932204287,0.1088796113810823,0.12128582384894797
