0.1748933842842549,0.08627198370473325,0.13203337988962707,0.06634933552977547,0.10768975821995651,0.11186467017715311,0.12670229592235963,0.07208033199052837,0.12211486028161163
0.08393435443285537,0.07623866878450745,0.0530642009525362,0.1281100624273864,0.11803112402872151,0.11685837188917685,0.09540443637695645,0.1936680022454489,0.13469077886241088
0.087800236966321,0.04949455556252544,0.08105421130521573,0.19371009819597237,0.14122195470740104,0.1370794746472456,0.14297332368285087,0.10217431757703073,0.06449182735543728
0.02510024369433726,0.03987959403411149,0.11352693661383147,0.14978861522294964,0.10538916132383709,0.11049061493809047,0.10555633072737793,0.15901456572738343,0.19125393771808116
0.09744635598595079,0.0649371325308502,0.0802304877925002,0.1166386746571448,0.14543820103519642,0.14138903096307598,0.13700969867772422,0.11639343831318556,0.10051698004437183
0.11654991645009753,0.05720750313940757,0.08669647684536075,0.0892756888962744,0.12232132260781531,0.15473598956344511,0.1278220675102055,0.1300970945862783,0.11529394040111561
0.09441452233470586,0.056256524161224584,0.07994673919524851,0.09311400398850571,0.1175615436737586,0.11832959253851964,0.1536775627990202,0.11565850474266026,0.17104100656635665
0.11007001558573741,0.059405187369356884,0.08136008855147844,0.1157732445266329,0.13753834291163694,0.14019131890442282,0.1405751799060812,0.11988796515511564,0.09519865708953779
0.13383915100364566,0.05132295695785224,0.05312898269840971,0.08993884610043917,0.1271827032686895,0.1325339383585423,0.201101134690172,0.10660628520173863,0.10434600172051078
0.12948524152192897,0.03217414578144103,0.09458634700614621,0.13858324382962042,0.0905047562475062,0.1088037109031903,0.08737626407106959,0.05945460296475414,0.2590316876743432
0.10497212591750349,0.058010456299435464,0.067117187558951,0.08509539877050933,0.13503985938502877,0.1375654657404517,0.09678120572271891,0.19142459569534162,0.12399370491005964
0.10616704949132456,0.1121947820810336,0.0824245979228072,0.10727062964267164,0.12906254748658116,0.13983185427097525,0.13057427946075173,0.11965852283638716,0.07281573680746779
0.05846071429285402,0.04125119763137359,0.07640391534861644,0.10442308883695141,0.10005767565986858,0.10698580476433606,0.17717361273110246,0.07419247079057432,0.2610515199443231
0.3121797065514147,0.043021060833843834,0.0829639087799135,0.08813489565356043,0.11646314553212529,0.13079546640757497,0.07878552755287031,0.07813882030826319,0.0695174683804338
0.12774307243489866,0.06465742153817729,0.07216964800980892,0.14212508784094513,0.1301482234314658,0.13252530201320115,0.17499348339194154,0.09481551634905931,0.06082224499050224
0.09042905901185543,0.0669492516778634,0.08768212361593919,0.10607288137508018,0.13906170978740928,0.14890411864268968,0.11684687517130059,0.12335921899322333,0.12069476172463899
0.04099230798296604,0.10431668694491758,0.27774656236691925,0.09163570707756004,0.11299084992467516,0.1098148147084479,0.10155437816456303,0.13387375939477786,0.02707493343517324
0.2166169462907818,0.049386178580373426,0.08649775120622649,0.09209422011865931,0.11828615843525302,0.12018038594737922,0.1439452502332096,0.09794082031738112,0.07505228887073606
0.0795029978022256,0.046146790759120516,0.10835583365294003,0.14761055475771487,0.1274135410272447,0.13705873189603646,0.15512637607359395,0.08876954201849528,0.11001563201262861
0.08146421953281656,0.05797212108824157,0.08011221817065324,0.1065753880786842,0.11387753034103147,0.12480018489727433,0.11629502503385314,0.2428334035766481,0.07606990928079739
0.09698760379743239,0.09141199797703196,0.09424864660101202,0.1259532200812622,0.12858042205662096,0.12714585815977916,0.09920911401751742,0.17689310008527925,0.059570037224064676
0.09510451325053344,0.054444168565089344,0.12143017926989885,0.13013520236213852,0.1391086275261512,0.13661878506251515,0.11959873828527222,0.11448689163569174,0.08907289404270961
0.11007001558573741,0.059405187369356884,0.08136008855147844,0.1157732445266329,0.13753834291163694,0.14019131890442282,0.1405751799060812,0.11988796515511564,0.09519865708953779
0.050762860906240014,0.08983278708020426,0.04955477789911952,0.0816192594214454,0.12510206498834686,0.1101370993964888,0.15438533531085408,0.20940510793390824,0.1292007070633928
0.08889843803840532,0.07888938358233445,0.1262463584082996,0.1101003030553069,0.13823191143598576,0.14276508781078368,0.09953643174562443,0.13572660902714284,0.07960547689611701
0.10141667300645134,0.05513188760597701,0.08260413346469687,0.11534195376502238,0.12865887952798263,0.1305930559000775,0.16238722596044688,0.09164117248894306,0.13222501828040223
0.06906321249272464,0.09947452985930055,0.09637862245904948,0.102769431839065,0.1291066319841179,0.1249681975213549,0.12708965557018892,0.15104126899148898,0.10010844928270968
0.09398065737447807,0.1369140705748673,0.18126095317640945,0.07685505604381876,0.10756690644632978,0.10281134067864557,0.10854871925198228,0.12293177586015723,0.0691305205933116
0.10174448678229026,0.044191458648251025,0.12605689402115391,0.09652231708649255,0.1347948911616923,0.12041826537997626,0.06226321340247725,0.1282051916056757,0.18580328191199083
0.05793852933893406,0.05693295006794752,0.10480775384423553,0.10329324351041876,0.12434314652652073,0.1211997833651165,0.12588691280249412,0.1714490999811706,0.13414858056316217
0.10623935399875067,0.06030984492032884,0.08769194408354708,0.1188042070207231,0.14113258889908684,0.14644585507757202,0.1266257614896117,0.11867413546405824,0.0940763090463216
0.09554821786965963,0.050775323861844114,0.07839637687734298,0.148789679214566,0.14983964679589848,0.1325283827468338,0.129520209301927,0.1505359377694598,0.06406622556246816
0.11522382253040057,0.24883141334303183,0.1457047026232253,0.07958493425578728,0.11432033682879145,0.11137120171044612,0.043236770689185224,0.09052790089245318,0.05119891712667903
0.13005448651428062,0.05927768724975772,0.07422959179466149,0.0874054733578169,0.11830860215752288,0.1250838713109327,0.1673331715441325,0.1401534538707103,0.09815366220018491
0.09563741948662748,0.058437715391770124,0.09745062906257301,0.12162501349839554,0.13781507457533107,0.14066821106776406,0.13425503914906636,0.1297704149498026,0.08434048281866978
0.1483102629290894,0.05229285033905182,0.09237863254555266,0.12429169879555334,0.12092392930929141,0.12897756766846444,0.1493773260438185,0.12074856709421607,0.0626991652749624
0.15518927650209183,0.05780108872554357,0.09379085221862327,0.1148296960285684,0.13572986200997675,0.13741238728914693,0.10765263489727794,0.09578110327433949,0.10181309905443185
0.12145856400043324,0.09693302074336489,0.07589182071110194,0.10534462716256475,0.13810865140137987,0.14575230635127337,0.10118017964539984,0.10605545022625167,0.10927537975823053
0.09258430688622893,0.051938126154746196,0.08436191582116064,0.10433671915797531,0.13168237944001876,0.13362680235969868,0.13230658343453075,0.11940149980973518,0.14976166693590545
0.13385004468828982,0.06052655979179903,0.08442536486264739,0.11972694575538638,0.12952053558700152,0.1446175273686743,0.15493287232338182,0.0984285199965691,0.07397162962625063
0.04041383828825155,0.037497034770263525,0.09636028120555133,0.1438308705540777,0.11588083238738385,0.12274186107920156,0.15323421648346672,0.10195552547309376,0.1880855397587101
0.18499970008022215,0.07170326481828587,0.13094447795209355,0.10846847646492064,0.12059421250180956,0.12242643353062717,0.10842476194631201,0.0939927960702931,0.058445876635435934
0.21613463975960615,0.06087761940235423,0.08790762175862626,0.1011076874646798,0.11453013072061254,0.13203868112906295,0.08824587047836004,0.07982489232179162,0.1193328569649064
0.06811873571002393,0.1612280445207653,0.11052815466661858,0.09343521869053688,0.12190202158987425,0.12220740358764982,0.1459960352678512,0.10860420026560713,0.06798018570107288
0.21209262965934927,0.050402150020899615,0.07640149537977137,0.1088082353570703,0.10922074587596386,0.10681451008005809,0.11402072021158806,0.07731039695716875,0.14492911645813064
0.05268747563897792,0.03203775236632516,0.07096052522412633,0.18207828896414915,0.13698452115984247,0.11979382696638774,0.15814376859761306,0.07041269177194995,0.1769011493106282
0.12903176322750123,0.06042202943497002,0.08016480433916318,0.14608802049117084,0.12759193495175314,0.13057657816014104,0.12005287250686109,0.1240553712000348,0.08201662568840473
0.17504264029629615,0.06925054370910487,0.11478467860960283,0.0851322041807858,0.10876828768417895,0.11959480495013768,0.1565115378904388,0.08389226640350801,0.08702303627594694
0.09458824558197758,0.06122686088230139,0.0969839293682961,0.12695999471575334,0.13775509153358792,0.1376633397001998,0.1335059093550909,0.1160884772493735,0.09522815161341942
0.04249895781308566,0.06222364450842759,0.07364201528164664,0.3009975771113554,0.13785449934047586,0.13673744745218278,0.08713214265434764,0.1064593796797182,0.05245433615876033
0.09166869687925054,0.07299069593811082,0.09355557164274625,0.12807301019654416,0.1542800456931275,0.13736513379829282,0.11731750467487534,0.1232391533404232,0.0815101878366294
0.13804633872933672,0.06647410776311065,0.054990085190599114,0.20973560575776684,0.1233554650112278,0.12228784865585852,0.14107965143318557,0.09580130000896049,0.04822959744995422
0.06664149488521436,0.28664458340012255,0.09325760826084567,0.11735832384539269,0.12496376671836844,0.0945036042268444,0.09623567679579044,0.060141450115793894,0.06025349175162761
0.03703169312399629,0.10649892212550564,0.13342646039216907,0.10205222750526083,0.09987460357202316,0.10289915314887325,0.18691918076650102,0.10765390089156772,0.12364385847410309
0.06244237329863086,0.12737000514192187,0.19109745127856936,0.08881494558128704,0.12109828450857223,0.13229468237292233,0.06061090570667773,0.13105289238765916,0.08521845972375948
0.07325824147313455,0.08970715670986497,0.06555137123929076,0.1319353116948405,0.12188527290497413,0.12208327194775842,0.14405389905430685,0.10274173665064767,0.14878373832518216
0.05735507112745326,0.46373193580842376,0.08607601608730135,0.08173231771872484,0.08577770071892177,0.09046195100758432,0.041185359045159804,0.05860404021169811,0.035075608274732724
0.062039826625284046,0.08957999576137114,0.09344389320033164,0.14295112044807576,0.13601473235538192,0.13133364526299496,0.08445680880016078,0.19226819472817216,0.06791178281822757
0.07231874005283019,0.04892344350326533,0.08162900900983648,0.11196566738320178,0.1381321220911624,0.13355291172886083,0.14741113336961906,0.17414918066542465,0.09191779219579925
0.09941460141529374,0.05558185915492247,0.07623044318445214,0.11335299578430878,0.13233549203715092,0.13518562621499375,0.12869349974676947,0.12561312291961238,0.1335923595424963
0.09610830306308397,0.07844548330995958,0.08180093150893429,0.08670932604712478,0.10442856233391436,0.0997879836715841,0.16938006000721337,0.09691211334340276,0.18642723671478278
0.085075929460727,0.05494675652238205,0.1326672138784487,0.11792785063970179,0.13767640065279824,0.1339144625597237,0.1509641787868319,0.12147918695533737,0.06534802054404924
0.12587490433836604,0.05454416227522944,0.06994493465904113,0.15933612891902252,0.13978669844306832,0.1339165952399467,0.15285643585587183,0.08745414293672699,0.07628599733272705
0.055967698315125596,0.05750175950065911,0.0703952112576689,0.15413595290942936,0.12564467766575044,0.12757845386793434,0.13322062433953316,0.07807729584072494,0.1974783263031742
0.16231869132127044,0.05613431998473862,0.059470919931239076,0.09201875155575477,0.12233718929013508,0.11391019795773281,0.15561621034281536,0.1395073376938151,0.09868638192249868
0.08190463914829471,0.05306167634724044,0.05378284740551256,0.1171784993450365,0.1057015873967128,0.11277973201113857,0.13216595255735306,0.13535107842894764,0.2080739873597637
0.07361181333086593,0.04577614348271028,0.1271479409245445,0.12745668977031185,0.14079660593253718,0.14258194510916833,0.1013556506761491,0.08955084149659898,0.15172236927711377
0.1843212974451782,0.07226132077699872,0.18455915157693004,0.06346094747151433,0.11763020008836546,0.12036428766399197,0.11524569342025502,0.08073195205890854,0.0614251494978578
0.1007893040188277,0.05097275611503358,0.09902286986887467,0.11159133197492116,0.14840832824800465,0.15275643357485125,0.09521875613411045,0.1222969181053649,0.11894330196001168
0.06131760468147668,0.1302933676299123,0.06071179892926105,0.09025413136911203,0.11709131511401401,0.11540541223268565,0.1487291708645697,0.19342679726779863,0.0827704019111699
0.13626135945878945,0.08711845057943635,0.10446307154614347,0.11325383319765803,0.13229466511226784,0.1272097450785788,0.08392641402701284,0.11055495350743383,0.10491750749267949
0.19019212346011005,0.05641816212295181,0.07625195227824383,0.07836888318862885,0.10575529554868646,0.11485849039307343,0.1369705135900162,0.10823716547368374,0.13294741394460574
0.09686182134103838,0.03581386925721825,0.10145145438452424,0.15653450748101394,0.13586667020429954,0.1234686590759174,0.10195095828953339,0.11011741542602405,0.13793464454043078
0.16123884954088322,0.12724870657197027,0.1536588697488047,0.10583737800353439,0.11357872928527284,0.09505737931637039,0.08439022049272327,0.12212511307503164,0.0368647539654093
0.10706044186467388,0.09740717518072593,0.06630288474068304,0.12565487905955056,0.1372967768533945,0.13791496376645282,0.08415652126571375,0.17725606218287837,0.0669502950859271
0.18535652371835068,0.06695178495740453,0.12752011370962366,0.07953657929688696,0.11681517867156226,0.12170770157244169,0.09035576421931679,0.08635590826778201,0.12540044558663144
0.17175744063465448,0.04927374912539411,0.09031761738662962,0.09771094470252321,0.12273893291986197,0.1348317152694948,0.14233018740513695,0.10416331300041896,0.08687609955588603
0.07423111837046431,0.08991760874524467,0.1075321923898682,0.10909467052702553,0.1465755742899262,0.13468671528189377,0.10179801368937107,0.09851290219566615,0.13765120451054016
0.061484440986833123,0.0620996069026416,0.059114650034790384,0.15380219961007502,0.11560739057534447,0.11976839236425874,0.11821521184320298,0.23814695736465594,0.07176115031819762
0.037611533488412806,0.0599245981092795,0.05651025981393445,0.08321658976132505,0.15517655948789122,0.12771651208429446,0.19327368648844825,0.15836926648314187,0.12820099428327245
0.127702411415006,0.027510424176310916,0.07679528024423794,0.10872358413104943,0.09517155127818418,0.09282446325851383,0.19670172975824574,0.13876093752351268,0.13580961821493928
0.08796368770409276,0.10420666138981294,0.08160275486717881,0.11518518916158765,0.1380912313526087,0.14870021134713926,0.11098303234916751,0.11980963220776548,0.09345759962064691
0.17683860154739292,0.06710089645743735,0.06885644053647963,0.09842993782126441,0.12716787159759674,0.13127471050993586,0.13752990904440363,0.09381126777503819,0.09899036471045136
0.09798691777919773,0.06032766545056532,0.09352682583301436,0.09867516717670911,0.12972879564424586,0.13461770740635182,0.14501387453057604,0.11420801215054625,0.1259150340287936
0.0954746173267123,0.06196207193728365,0.08195583115164562,0.12548244825423524,0.1342252448523746,0.13755319091837184,0.14030197675929681,0.15063384782113953,0.07241077097894033
0.07810729151001235,0.06618180320592218,0.1014986201336502,0.09948638289053209,0.11631697080375343,0.11808293477904086,0.1552790986672609,0.08956502528440846,0.1754818727254195
0.14365421605981513,0.06620019206496436,0.13439504713621528,0.09549434385110618,0.1237048722460528,0.12414957204084877,0.14696180894775104,0.09730057508071066,0.06813937257253584
0.07856040284989492,0.04716504172743382,0.09389017722202604,0.16383978280064407,0.13637924024610013,0.12394310588744399,0.13784192606516227,0.1115508071217941,0.1068295160795006
0.0954746173267123,0.06196207193728365,0.08195583115164562,0.12548244825423524,0.1342252448523746,0.13755319091837184,0.14030197675929681,0.15063384782113953,0.07241077097894033
0.1141220651479764,0.05008554371705894,0.09429135091912849,0.10814653129115448,0.13986429779574608,0.14777563606761376,0.0722620566100098,0.16617169581429794,0.1072808226370141
0.08526161668831117,0.05981872038750341,0.08112974583697163,0.09831065641812974,0.1587999111512648,0.1394349868093132,0.1189477011515142,0.20670019930430694,0.05159646225268492
0.07789334698128109,0.03607496023964824,0.09084090548687902,0.06804844204069749,0.10882307438514882,0.10876020875267739,0.15914157056077574,0.10988646350194857,0.24053102805094354
0.18854413043115512,0.05445470803444447,0.05254375497918978,0.12313806876468593,0.12077839625431196,0.12139664499739877,0.07501624317715157,0.1060340123135558,0.1580940410481065
0.1076534128664285,0.06481440863426013,0.08339168937388479,0.11424649890727527,0.14207555845003292,0.15090060131472724,0.12285991835350069,0.1161669707334861,0.09789094136640442
0.13599338937931188,0.0995855126016631,0.09632086090186263,0.08175233110658876,0.11350644837566366,0.13223568667446103,0.08164218573436878,0.19729081035627263,0.061672774869807545
0.10183278353147429,0.0833397354391852,0.08543569108244393,0.10372475594772129,0.13591316017407593,0.1409367734092442,0.10520806697080042,0.09735010887908713,0.1462589245659676
0.22493765737490756,0.04739085632745172,0.08422908086376013,0.08473900097015695,0.11614679280950525,0.12671107567110101,0.10429321756836846,0.13250590782004115,0.07904641059470775
0.05727392816554661,0.18588928381410594,0.08776783988349297,0.10070015173050224,0.12194186244845799,0.13379804609090126,0.10057534004790104,0.1663310315885672,0.045722516230524736
0.05789706538714539,0.04207368582525844,0.1016735076861514,0.11239295521025623,0.1197408286118492,0.11647861130524335,0.15416000264731874,0.17118440585880126,0.12439893746797599
0.09518932387368599,0.063809709225447,0.08501409145458372,0.11146238528164026,0.12988268621106927,0.13826063662020324,0.13780307878505804,0.1306330517903916,0.10794503675792093
0.19252037497925523,0.061149863478269756,0.0792293340296628,0.11636766419052136,0.11699382014412814,0.12005227731429342,0.15038191405367432,0.09253565980856503,0.07076909200163
0.05855990304712307,0.06123771302937108,0.08813463528887162,0.18001478884527924,0.12786953315274793,0.13502340070891025,0.14674235217453166,0.11252219519669711,0.08989547855646801
0.13856795365943472,0.05742853642592383,0.09102148325848136,0.0909839296127834,0.12706641742084826,0.12897196152322402,0.16178475635662162,0.09921880275910248,0.10495615898358028
0.08411787452050212,0.060455170951861835,0.09528119366993011,0.09011252154553569,0.1222572667305097,0.1268234847027991,0.14319444018586855,0.12052773429620785,0.15723031339678506
0.08619618527898999,0.09257855552264539,0.07253876807332968,0.13570645904299647,0.12728351219342396,0.1347145102703695,0.14660315005301136,0.11747473039426888,0.0869041291709648
0.11307522598297137,0.05115789800528365,0.07343381029395928,0.09555585806611185,0.13694485207559254,0.1333146854451716,0.14421096991264337,0.10963894805460074,0.1426677521636657
0.06480157895169382,0.08224537432408963,0.1761212074553975,0.12976096713419696,0.1432763640024605,0.14188095029733763,0.1190671453127905,0.09478359166520904,0.04806282085682435
0.10496924621022834,0.08376540920278368,0.07754349376902078,0.11353930395728841,0.13716778464860235,0.14062451304177584,0.1379150706885578,0.11448046789589979,0.08999471058584303
0.15466228684631175,0.06911669725312476,0.07292025013877097,0.13618661690540232,0.12472252209006528,0.13277886898560523,0.1473340279837867,0.09146493789282188,0.07081379190411106
0.14336864336546518,0.07173694072600226,0.07184031474863783,0.09226938367108221,0.14115331914526663,0.13087326944142694,0.12055571907461493,0.10341253254520177,0.12478987728230219
0.07557209096236601,0.06498800074496155,0.07572206405008806,0.12886811259732492,0.12717454787366125,0.13216027218659981,0.12604601556624495,0.10820744797028133,0.1612614480484721
0.15668692395051673,0.07233514045947041,0.06974705702335847,0.09557265898886654,0.12082998957214934,0.12477134406601918,0.10291783254124724,0.14114223805623308,0.11599681534213906
0.11335029771264621,0.05380967215894564,0.09490004125025314,0.11271608759682676,0.13439385500095638,0.13710732159503844,0.14636715909050046,0.11742176012293763,0.08993380547189533
0.08005990303448295,0.14778234042099855,0.10412239098547339,0.09485624681481579,0.10807137254583819,0.11803590222216048,0.14688249497266886,0.09498099144023946,0.10520835756332236
0.07708257537979664,0.05330515564070052,0.09301892167814808,0.13485409080552838,0.1247130715489842,0.12931402965586,0.16735282074745014,0.09222846690458132,0.12813086763895065
0.047102598900909974,0.06343788983367281,0.07152276356355679,0.08711754169036923,0.10139169122266234,0.11325289168810297,0.21984712351497385,0.16032256216117338,0.1360049374245787
0.10605925871936535,0.06378185815754778,0.09896739580611676,0.1582576989572743,0.12848057961352333,0.13265638599046495,0.12428653432795667,0.12627383514764842,0.061236453280102444
0.05379376931316399,0.09529947700483833,0.09178252066747584,0.12413351625080389,0.12170349548148503,0.13384387367324757,0.08062865563206996,0.10161681944376282,0.19719787253315246
0.10211632287088107,0.07755286904628816,0.0917219168223334,0.12080187162706808,0.1369226226937494,0.14055241863688278,0.1265860849245933,0.10958498299302638,0.0941609103851775
0.16101575739206128,0.04918044037947103,0.09793198343357912,0.1254847093600032,0.1356270168440446,0.13347922391477962,0.06690374252018087,0.11267744593433543,0.11769968022154485
0.104645577368079,0.049904029849605014,0.05099623320527722,0.17694660260496678,0.12097508921412137,0.11697544278856009,0.12814226123534592,0.1188188941190602,0.1325958696149844
0.14246376879988853,0.057035485543932146,0.08883950732514713,0.12250290218814454,0.14032850112980552,0.1311602750359825,0.11130790471874281,0.0814628507681749,0.12489880449018187
0.07948758648851793,0.17978108641537785,0.08771702142454556,0.11046370702991797,0.12287641559963569,0.12533023047704486,0.11086055359957307,0.11334258670388313,0.07014081226150395
0.14357765543853815,0.05802930547883833,0.09782954481052426,0.10589405857226836,0.14495138635075713,0.13524328057113233,0.10598061728838937,0.08004486546613793,0.12844928602341418
0.12753926121465012,0.05142758595048372,0.07919767665588957,0.11744816506838472,0.12210310319054225,0.13002392787768544,0.1383813465666899,0.11553635916605405,0.11834257430962018
0.12615486056568817,0.06831085341587306,0.09617461784158106,0.1162736908472604,0.13923822384162843,0.15275158025855748,0.10619717840887845,0.11884655297694076,0.07605244184359226
0.10393251864458884,0.07619673479805136,0.12273343207243588,0.10667286199545702,0.14925137428107624,0.13401124164424225,0.07614945184357137,0.17078818740884136,0.060264197311735705
0.0371786410647136,0.24153448911829614,0.09359500316326468,0.0951934394188193,0.09562499386100982,0.09795206573054926,0.14065676087802592,0.15016530153716437,0.048099305228156974
0.14577120336077462,0.07451003433979152,0.08454590691228726,0.0935507298157298,0.12461068880505283,0.13167252993885556,0.1478108011993148,0.09765747358882604,0.09987063203936764
0.1298038074480381,0.08842376739657337,0.08959244554728098,0.10200705355948574,0.11277802838907869,0.1247735967188054,0.17165516057354593,0.12038415092948344,0.06058198943770827
0.11845693027777425,0.05283152043102161,0.08515429446912699,0.10713099126163143,0.12779142412840241,0.13426990016811444,0.16862999106532697,0.12830714856780756,0.07742779963079442
0.08922427055895206,0.05777541961521571,0.20545521633251618,0.15156050560015136,0.12450707859351541,0.11468398814871145,0.12524075659556932,0.0822515285698201,0.0493012359855484
0.21762658189683204,0.11349299907802309,0.08580602894925922,0.07433546240363048,0.1240728722907749,0.11871550049872424,0.04469555003064407,0.1513462542928177,0.06990875055929417
0.08338827239823214,0.04047830194387669,0.08949968728218195,0.12334111869863927,0.16307672530931222,0.13062081269129774,0.15736232506462478,0.14110396053420562,0.07112879607762954
0.12095966534207943,0.06174025998952131,0.07288985371955681,0.11493109590714685,0.13167635215423185,0.13430212292342233,0.1545407757765336,0.11092493934889425,0.09803493483861354
0.06987266673332328,0.06154844096092942,0.09150287774365962,0.0904662757793781,0.1256637670831961,0.1321142492928697,0.1304659386502863,0.19364083436510426,0.10472494939125332
0.2007781234256887,0.11278071999758797,0.09849797236495968,0.08039718835903671,0.12090864206705158,0.12092259112598103,0.08682673748273018,0.12466535709421188,0.0542226680827523
0.08823835150359138,0.07318307064834756,0.1016010323988872,0.10981686330193262,0.13451351390822877,0.13734889833196384,0.15477431101849567,0.12372621158768476,0.07679774730086818
0.059958008880818835,0.14220831210909393,0.15478839385340418,0.13742053209548996,0.1511330335996051,0.14463959657343928,0.05689543882942618,0.11438986159954785,0.0385668224591747
0.06290916639725358,0.1133417234573257,0.07280441166031218,0.10926623906417023,0.126284400702412,0.13564809432877176,0.14526712478283121,0.1480826596127708,0.08639617999415256
0.048301549031616174,0.22152522060703086,0.14664341422082275,0.08216518055654769,0.11861515311663719,0.13031666676478063,0.11837561249743155,0.08364806035888146,0.05040914284625164
0.11215513307631846,0.08744288415524126,0.14131735677076565,0.09356608937577189,0.12812486965892886,0.1390983460311196,0.08377141017658533,0.12809645679515522,0.08642745396011371
0.25438212916668385,0.061936464873903856,0.06478765559153722,0.1356465893307906,0.12321471664982657,0.10995831098559376,0.11740760182211733,0.0815217736686164,0.05114475791093046
0.0842625881356598,0.08243707455139651,0.05812760108494617,0.17176822994185584,0.12578324326169485,0.11337135494754004,0.1533359648440226,0.1545138184743543,0.056400124758529825
0.09006837887184871,0.04798300534031303,0.07443933754969427,0.221750503999094,0.12025314091478911,0.13011489418466501,0.13299132929761243,0.09097226390606099,0.0914271459359224
0.06534395749477877,0.07064704401330844,0.10306251598575088,0.10230871149040223,0.14512871083916876,0.13908204935546978,0.1272524111126231,0.153553383622589,0.09362121608590912
0.06793402378563458,0.057376846801952895,0.09754800383361241,0.11116777154534041,0.14738902530498973,0.138811608211465,0.16145355744137288,0.10956707612858874,0.10875208694704351
0.22016765976027133,0.05445772622945464,0.1023832853764679,0.0992642836678412,0.1305707834774915,0.1383234589861697,0.07167640920306877,0.11509955496399904,0.068056838335236
0.1323170196638104,0.07649427044722198,0.0832383914616374,0.08716583979792103,0.12253165809467681,0.13343179070647296,0.08601528834375806,0.09827667863531386,0.1805290628491875
0.0663858375266136,0.04414834559493933,0.08007344649489148,0.2628188691859546,0.12300197440717629,0.12321757295420456,0.12451224758616757,0.09601225417465171,0.07982945207540086
0.04317086765580128,0.10084454564514293,0.10935590986934153,0.09625423600001744,0.15753484107334115,0.14066235785558698,0.0820471686458807,0.1078080407073918,0.16232203254749622
0.07376176458482415,0.07030391756444763,0.09181876866640609,0.1393504007140103,0.13692972832343484,0.13333446895848644,0.13865063612499573,0.11260984174215778,0.10324047332123693
0.11007001558573741,0.059405187369356884,0.08136008855147844,0.1157732445266329,0.13753834291163694,0.14019131890442282,0.1405751799060812,0.11988796515511564,0.09519865708953779
0.08490896670356318,0.08633011795213598,0.08351288572373257,0.10000758177727909,0.13144973923019454,0.1460798311823678,0.1282473755164388,0.14688146256912973,0.09258203934515839
0.11554395398712024,0.07656120602615757,0.0697713082762499,0.12519701510002637,0.14025704194597283,0.13406942300606026,0.13772265839768413,0.10266033647353201,0.09821705678719668
0.05958248252318558,0.04870712296423347,0.09018588804697626,0.13712618398413043,0.11964367163354561,0.1249224735361563,0.1219823404548036,0.11247156922446017,0.1853782676325085
0.06918195014950071,0.06625651808033306,0.07625055844615211,0.11205643426991206,0.15478201088539711,0.14439230898997749,0.16368335996964584,0.12381792547104625,0.08957893373803542
0.07411605186066524,0.05887420675532077,0.07011676514340946,0.17392703981503907,0.14539676809423366,0.13754659409594916,0.11525946421599192,0.15924999278988802,0.06551311722950265
0.10391579708575786,0.07753909932189006,0.06708938977299013,0.17429109456204875,0.12329111550534982,0.12448215647403338,0.16415010283261142,0.09777121815708097,0.06747002628823773
0.09962302943639163,0.06051327834477585,0.0822902558689216,0.12214424537194808,0.14247957921651347,0.15516641233158665,0.1266826280367447,0.11612524213482057,0.09497532925829748
0.15047049110081723,0.08355253847101578,0.11728463721416792,0.12821710477471596,0.13346782155467318,0.1383133961879747,0.08107025204425956,0.09067608640082336,0.07694767225155232
0.14281219526481426,0.06525937810930156,0.08222118498726198,0.15182022538725834,0.14037243283337306,0.13505249301193897,0.10350354839933344,0.09770690184200008,0.08125164016471838
0.08149247419101523,0.06899913141785909,0.11894119331091928,0.13244893015009854,0.14669179088253792,0.15706656592186763,0.09851555083755552,0.11523032947656664,0.08061403381158021
0.11727337260268193,0.0582486665043536,0.1151689725318275,0.08367290945557339,0.12721619870100673,0.12336965452028226,0.1446082985659584,0.08173982111722945,0.14870210600108683
0.1634197466887628,0.06790132733810901,0.09448670781602482,0.08798629517729022,0.11584427347668703,0.12776675624026326,0.1426705558771649,0.10635222544249212,0.09357211194320585
0.05975482701587272,0.17942334588184428,0.1181104552102632,0.10948322276319772,0.13345351937352057,0.1299809067969471,0.1130115982500891,0.08034345564861027,0.07643866905965505
0.09838379344345317,0.06590929090258622,0.06702066128665173,0.12040318518832464,0.1307499272450338,0.13518560087831547,0.13730603857438342,0.14759409682880764,0.09744740565244393
0.07813312274888055,0.052870340733394104,0.08275624990522303,0.10624505928095507,0.13667958898081917,0.14749901217866138,0.15805743060323263,0.12658410830128866,0.11117508726754544
0.08944432540922193,0.0583259580040148,0.07591641417654593,0.14283213728060842,0.1450895214073251,0.13964729299524342,0.15080482907940443,0.11233318011933115,0.08560634152830487
0.07861706006142385,0.23132343755456852,0.10686160859595484,0.07444334296029713,0.1073877330375585,0.11583493730426085,0.09525799504880612,0.14211069318456385,0.048163192252566246
0.08402656979571164,0.05850595497437903,0.17067568415275103,0.10607724981195539,0.13967463147924145,0.13642157366267893,0.10944875890495014,0.1165860024474077,0.07858357477092472
0.11330852104487216,0.05571215620222086,0.06124263780175626,0.14261803563485634,0.10234513172862449,0.11451819400889805,0.13625449299615125,0.04856602839307189,0.2254348021895487
0.09768966585270229,0.09723770152208845,0.07534188397971514,0.09945242968997015,0.12869938069571044,0.12266088593827884,0.18795992289085026,0.1276369870511115,0.06332114237957286
0.2741848415512937,0.033899322156908246,0.059885713908007315,0.06765065558783202,0.08654015549814742,0.09543173014305546,0.1257553899738176,0.18859051607773716,0.06806167510320096
0.06290916639725358,0.1133417234573257,0.07280441166031218,0.10926623906417023,0.126284400702412,0.13564809432877176,0.14526712478283121,0.1480826596127708,0.08639617999415256
0.129574208226542,0.05803488455998367,0.09502372835338742,0.07998213504323352,0.12681606862336028,0.1396453030605528,0.10228333860543426,0.10223111818142123,0.16640921534608472
0.08586738380966465,0.10979077154297552,0.12486460518715599,0.09675576948239757,0.11594163680925784,0.11411561340799799,0.17175076119210972,0.09049014750244355,0.09042331106599714
0.0949855556314091,0.09469037710835894,0.07927350211992845,0.11847720429306717,0.13678734466577322,0.13918618027502425,0.13520744380963248,0.11464066221265364,0.08675172988415274
0.08946809218212154,0.05842680145279872,0.08184923604142179,0.21042510552159646,0.13960361048244738,0.1361934455734903,0.1247140286311366,0.09784201108207054,0.061477669032916675
0.12374536161391642,0.059701432611603655,0.06866823400458612,0.10054743894527766,0.12702511616963966,0.12869152496776137,0.13516879963507472,0.11906684978824046,0.1373852422638999
0.11617396925194068,0.06562005007495135,0.07247471863805079,0.10677604786384502,0.13141231571854817,0.12019204182519634,0.15049644634372558,0.13657681908557062,0.10027759119817138
0.09561316252018459,0.0939472807210225,0.08701279576502574,0.10769437075656456,0.13131713330110212,0.13328361640553235,0.15616678114625981,0.10313297223312146,0.0918318871511869
0.10746311823711728,0.06008164303050389,0.08174525491680128,0.12580764703464342,0.14137793368295024,0.14413237374114982,0.12739115864843148,0.11865117066044899,0.09334970004795361
0.12411861965525679,0.04851118182841718,0.21074612176173055,0.07710932705340752,0.11749482345390251,0.1249582323661339,0.09599456725475698,0.09664757944267181,0.10441954718372276
0.08043978554021174,0.057113333689528645,0.1380914759341869,0.10531540920873722,0.1338816288912158,0.14300241752719947,0.12582213316091245,0.10761223684198705,0.10872157920602077
0.1479829310586163,0.05615570827545067,0.06740552397238582,0.07178923935012159,0.11025215873238299,0.13111357389087258,0.17518690057050146,0.10114148271917278,0.1389724814304958
0.12960131191988264,0.06913997037835615,0.0739794949560275,0.11167589409518941,0.13489647572368388,0.1378509606981952,0.1328621112563033,0.11956642525623433,0.09042735571612753
0.08411787452050212,0.060455170951861835,0.09528119366993011,0.09011252154553569,0.1222572667305097,0.1268234847027991,0.14319444018586855,0.12052773429620785,0.15723031339678506
0.09449094389923075,0.09062888234623294,0.11492434494483457,0.11161097143863659,0.12770313811843523,0.12487872181936298,0.14550076297918618,0.10901195581498946,0.08125027863909133
0.09518577693182695,0.1013267775375466,0.07700326018439167,0.09671177667189122,0.13147129690351142,0.13340450356262804,0.14173514821887054,0.14253729710955296,0.08062416287978057
0.07209396652156101,0.05093481431308806,0.12468197279488968,0.1133954998189712,0.14854860590095845,0.13224381896035556,0.11623203339933891,0.18975155166708593,0.05211773662375117
0.08882314062400047,0.05486181390867123,0.07910870513658182,0.08362763169950312,0.1281507248715922,0.1273670190974253,0.1304188457301231,0.18939663198137635,0.11824548695072655
0.09983464011682401,0.06052403345997734,0.09119212559195873,0.1239597047658157,0.1375961844525205,0.1395578863849369,0.10878508711959911,0.11535832694769312,0.12319201116067464
0.08613932826280446,0.16920672207207596,0.10112234491114087,0.12023197509829946,0.12045328021852965,0.1187424548361059,0.13886187914569229,0.08427968744358906,0.06096232801176233
0.11447870029275138,0.06804782588206326,0.1028265290697054,0.09911930869742229,0.11981186561990498,0.12066439613222217,0.17085829255577903,0.11427140590672036,0.08992167584343112
0.18133273282721016,0.05156165976936913,0.12043364680336732,0.1082300249704247,0.12807771454276326,0.13135483414611224,0.09087430276359164,0.11135312436389823,0.07678195981326334
0.07239710024954497,0.05251830796849655,0.07320914090673693,0.08933599949174986,0.13659538855388315,0.13706927628076773,0.10708098467094392,0.26404474713181675,0.06774905474606017
0.08111169102660702,0.0607162636463758,0.07856802036870186,0.14340865115318838,0.17012415505837264,0.144827155422492,0.13145676025460581,0.12031788536365902,0.06946941770599749
0.053947386231675026,0.05261361686463074,0.09330068825040783,0.11581850535750492,0.1277164586849022,0.12446251402043984,0.13294697883196094,0.15295003178143116,0.14624381997704747
0.11007001558573741,0.059405187369356884,0.08136008855147844,0.1157732445266329,0.13753834291163694,0.14019131890442282,0.1405751799060812,0.11988796515511564,0.09519865708953779
0.10601238478663921,0.0622120258195391,0.07320804550594474,0.11948218456820299,0.1303052898892013,0.13095250092973246,0.13594874284078473,0.11358116893384074,0.12829765672611468
0.043220621031129024,0.1715348725428171,0.05411377478789057,0.1243210109974745,0.11946607382011148,0.10487581429380037,0.18018691103163662,0.10751140396989874,0.0947695175252416
0.18501257952522487,0.08396565510699605,0.08331519303742145,0.08855477676448666,0.12551413961117625,0.13374582262489917,0.1451506255552992,0.09501037853326882,0.059730829241227495
0.09326618227461352,0.06059475351085947,0.11162394486235028,0.08430414156533654,0.14512263344519025,0.140820454069526,0.15703868296966814,0.11513648626439156,0.0920927210380643
0.05559886339208938,0.03676251180603795,0.08090341758012047,0.09029412192779158,0.10334307204499323,0.11820719265657097,0.16011440083710113,0.11695904447548573,0.23781737527980953
0.061971672287109314,0.27810836374181114,0.1081494335136965,0.08060337542706425,0.14054557978600832,0.12692889720287828,0.07017358539207828,0.06707237086124379,0.0664467217881101
0.10728622384271756,0.05936618307794488,0.10251856568346134,0.12059219058348185,0.13244974498930043,0.13598907560232934,0.1511147008413733,0.12341471453213933,0.06726860084725196
0.043623932504723385,0.054744144803408556,0.0690698275558387,0.08351123913684273,0.11114836755126674,0.11334580074818923,0.19314399338788701,0.08108407852575535,0.25032861578608817
0.12421036511519472,0.041495159100824484,0.12287110229897241,0.09315389118779055,0.11212752866929425,0.12388336810148216,0.17082581664876006,0.11376921408437181,0.09766355479330951
0.22501906793306958,0.06002679416450176,0.15191870117350306,0.05854119539400018,0.08480081374379662,0.09279901622683402,0.1580979243793773,0.05833593948256627,0.1104605475023512
0.172659602479072,0.06424336088336209,0.16306895425630485,0.11334863397362895,0.11759298862584383,0.10668714206646661,0.10214006872717868,0.06528535219271954,0.09497389679542338
0.15193152226050236,0.05752464751989833,0.06846426724236641,0.11676941765399941,0.1431494275332,0.13783256436958072,0.15394975454086052,0.09554037708557384,0.07483802179401845
0.07784768636685135,0.042805999626121694,0.0716529838886415,0.2704807521698485,0.11433396336921388,0.11787500269123315,0.1136575503436618,0.1397689744514951,0.05157708709293297
0.1372617068687955,0.05617047088886712,0.09111851828686612,0.11584620774614111,0.14200180176629643,0.1465865603543308,0.09785554620872329,0.1240568652605416,0.08910232261943811
0.15318084178489735,0.08925977495715409,0.07871744627197923,0.11070400512677576,0.1281369097109604,0.13379982327430176,0.12732763707020558,0.0854482189646093,0.09342534283911651
0.10112554627404186,0.08106244812520165,0.0854369726903852,0.11440399363040897,0.13635591762450772,0.13965655747917602,0.13248956730706374,0.1186948401791943,0.09077415669002054
0.065955640383571,0.10202774896555862,0.07541454338461562,0.14098688066328632,0.1406724597098512,0.1283450150675117,0.12589249078205011,0.10653417790583071,0.11417104313772465
0.10749252443383439,0.046327857076800726,0.12330751984664884,0.1741127218849838,0.12084319578160314,0.11668850267385418,0.10488000043011851,0.09641232267626139,0.10993535519589503
0.11007001558573741,0.059405187369356884,0.08136008855147844,0.1157732445266329,0.13753834291163694,0.14019131890442282,0.1405751799060812,0.11988796515511564,0.09519865708953779
0.0374332261025567,0.3366869498792268,0.11443186732411048,0.0627109553063366,0.08308190148719857,0.0834266569979446,0.13384967360556713,0.11320615530006761,0.03517261399699149
0.1861761001745604,0.0508692869690179,0.08561328920443456,0.1039561812537858,0.13891918839024245,0.13041981870914032,0.11211739742887576,0.10922164258838309,0.08270709528155977
0.08133900104031956,0.1196611244628966,0.10629043417611339,0.10284342238533588,0.1164291618486274,0.11865135066134573,0.13801787214864705,0.10941630181935769,0.10735133145735665
