0.11585440993794188,0.1501643363439609,0.07890972481665491,0.10127236055528875,0.1161874377122889,0.0981687871662938,0.1128899894697812,0.14346187224787368,0.08309108174991604
0.12726821311210923,0.12116198337148647,0.0670009070252178,0.11816021072525602,0.12590974608480535,0.12530670275543246,0.12117830531740766,0.11829503808513848,0.07571889352314652
0.11632430034071994,0.13229395796658472,0.06171210037040006,0.10912964357168602,0.11110088695176817,0.15066269675449406,0.10341750527749345,0.13087462428408328,0.0844842844827703
0.11304221830666535,0.10387067197947947,0.1713595055336028,0.106631121542061,0.13732766290335,0.12385817988160708,0.11765961791069747,0.05778017146729172,0.068470850475245
0.11166273453588982,0.11174130431558378,0.06266460576646425,0.10576763988472528,0.10797012446431646,0.11248902512489438,0.10232717114026794,0.23173914020247435,0.05363825456538387
0.08712634172312828,0.16086864031340756,0.0351968578227363,0.08342174152118641,0.07715524052729016,0.09754180798085305,0.11003653970205995,0.07212230408641786,0.27653052632292047
0.12726821311210923,0.12116198337148647,0.0670009070252178,0.11816021072525602,0.12590974608480535,0.12530670275543246,0.12117830531740766,0.11829503808513848,0.07571889352314652
0.118964892485798,0.17182794048525696,0.08546494956029256,0.11907157958428438,0.12104747514543862,0.07588975127334512,0.09859285045649047,0.14620931399751017,0.06293124701158376
0.13146365373607108,0.10511737130818667,0.12691592207896008,0.11097868768107061,0.1534287855666725,0.10332881052001952,0.11921385130536598,0.07345680722403118,0.07609611057962244
0.11331979610435557,0.17698226123602076,0.04649991383163046,0.10448447154211743,0.10152631246200405,0.1049285230846455,0.09502838347937508,0.07194221046940642,0.1852881277904448
0.09384126775944812,0.0701970276204857,0.3870849405765661,0.08764146335541727,0.10431275178872922,0.0831735496381949,0.0677847949926559,0.043246979036163556,0.06271722523233915
0.12726821311210923,0.12116198337148647,0.0670009070252178,0.11816021072525602,0.12590974608480535,0.12530670275543246,0.12117830531740766,0.11829503808513848,0.07571889352314652
0.12726821311210923,0.12116198337148647,0.0670009070252178,0.11816021072525602,0.12590974608480535,0.12530670275543246,0.12117830531740766,0.11829503808513848,0.07571889352314652
0.08378356279512317,0.16915338591955095,0.03687312480830605,0.07678285344976615,0.07200970854580636,0.05324629326187949,0.077850148886324,0.02744289530154015,0.4028580270317037
0.13105800761967015,0.11721575158031174,0.06149714683497739,0.12458869834088644,0.128073264503933,0.12099124224151218,0.12236267915225395,0.1213881263437952,0.07282508338265993
0.0788185516780849,0.09981072080907653,0.0433075659478277,0.07032608702204951,0.06858209202308242,0.09600749859164726,0.08867153629776076,0.22093939998127224,0.23353654764919865
0.10640644600112893,0.09937177010729542,0.06263197833625249,0.10414515132562258,0.10181390280836478,0.15528155424988027,0.09756609142758314,0.2101372107701797,0.0626458949736927
0.11208751184117412,0.08379412904301882,0.058826387777367116,0.10164890060177616,0.10367035052273312,0.13394573322843126,0.09723923257706892,0.2269538835367074,0.08183387087172307
0.13227651216018046,0.08926346850833582,0.06928768706361381,0.11800046304785868,0.13052528180498704,0.13537500797139027,0.12586425094502085,0.12233492140401557,0.0770724070945976
0.11634866666423577,0.07229351796985482,0.07267393892570555,0.10552279865618859,0.10888852798889402,0.14558915500900627,0.13123834897656184,0.16145234177544734,0.08599270403410585
0.12066861361446707,0.09606581318984701,0.06508790678708236,0.11382254657435316,0.11784346294854058,0.15339901806746029,0.12208017798407957,0.12622003386709002,0.08481242696707993
0.1319912175426525,0.09849788949469122,0.07096784452742551,0.12051414280846358,0.13107057894505525,0.09991465404193332,0.13581934165949205,0.13742558097605462,0.07379875000423192
0.12338405733058083,0.0980514598054028,0.060407580490676016,0.12164196841125502,0.11669372325947813,0.18626664447771377,0.12785385694943519,0.09137195017872896,0.07432875909672927
0.11895007805221754,0.1429142790997909,0.2471980532685225,0.12118511502258254,0.11921833313814419,0.05539107652782705,0.083559540806611,0.04823579899816253,0.06334772508614173
0.1214058775782863,0.0754812443349483,0.0675239079206784,0.11372207414275487,0.11862990469645245,0.15490126471597204,0.13941680338428405,0.11854452547551331,0.09037439775111027
0.12477834738128886,0.11160342409827799,0.08683232089765447,0.11866486975809389,0.11466207224280234,0.14076316583706672,0.13017221769979248,0.09830861980287821,0.07421496228214508
0.12726821311210923,0.12116198337148647,0.0670009070252178,0.11816021072525602,0.12590974608480535,0.12530670275543246,0.12117830531740766,0.11829503808513848,0.07571889352314652
0.0906298665418344,0.13748346884025842,0.03833254276180519,0.08461215434318953,0.08254745852835985,0.1460372167982035,0.09860217693089894,0.09466746097258226,0.22708765428286792
0.11849120888658533,0.1493335230002768,0.04978737255725624,0.10940993554819183,0.11340788771626509,0.11204627069746649,0.1099191744113303,0.12767697255034394,0.10992765463228404
0.1204533673283595,0.08645412268959835,0.06603510012805543,0.11229160081876721,0.11674863459441638,0.15557726022350235,0.11078419721977933,0.13598106934430948,0.09567464765321197
0.12351900849399074,0.09663740878828936,0.06616716370618331,0.11491286054483289,0.12062771240071345,0.14504865290772642,0.11443612823000321,0.1303922395960908,0.08825882533216978
0.10354132217463437,0.14333039292430158,0.05887263595135522,0.10293157985896378,0.10623908496392971,0.0916301561253247,0.1403570351240405,0.06816139668972164,0.1849363961877285
0.12934705451857156,0.11396730400025319,0.06078167015037115,0.12095214670855399,0.12475139127895225,0.13290940773659662,0.1210180711348517,0.11926385190920856,0.077009102562641
0.12081865705457046,0.1302499757079139,0.06674510705510577,0.11448195847614968,0.11705485776613163,0.11947539488147829,0.10744707718657363,0.16483284818674693,0.05889412368532973
0.12453309616574408,0.10505155062785598,0.07382020504277301,0.11286095415783386,0.12887421743736258,0.10889829924307393,0.12546106564666695,0.15237141870169865,0.06812919297699092
0.11594486485338913,0.08770103135473083,0.0632929700927125,0.10747918565469616,0.11136158928717803,0.14707459566711736,0.129140710836734,0.12562843232384757,0.11237661992959447
0.12032221084022478,0.10152332162950443,0.062408219431588335,0.11100876341891526,0.11260765828519435,0.11462936013357776,0.11728448359146249,0.19184844712902807,0.06836753554050447
0.13198808868305478,0.11503681365829395,0.07060932879920641,0.12833756393056975,0.12496944690170612,0.14203351639535608,0.12642011476123563,0.10434276897469852,0.0562623578958788
0.12726821311210923,0.12116198337148647,0.0670009070252178,0.11816021072525602,0.12590974608480535,0.12530670275543246,0.12117830531740766,0.11829503808513848,0.07571889352314652
0.13132294350686,0.09661348810782576,0.07465271801125915,0.11946201704793206,0.13695716367157662,0.11938536523206152,0.12650619721465559,0.1195376747852604,0.07556243242256891
0.09753567460326103,0.11298278187618822,0.044538553512887,0.09088522676846213,0.10393436161346016,0.12633030508270052,0.11644952221078142,0.24506209556952627,0.06228147876273322
0.1204417174168498,0.10287104016872872,0.052658705883856176,0.11652969182569221,0.134875718085638,0.15915784470634417,0.11731016719462006,0.10366843015421184,0.09248668456405902
0.11560639551944495,0.09677258204673517,0.0626329079584641,0.10471624997351665,0.10756952228336425,0.11868574696994515,0.12592040854284223,0.07540678946391952,0.19268939724176795
0.07726854991351695,0.1821640343216603,0.3120860139257506,0.07257447392590437,0.07503547445103781,0.11553462631379936,0.05943247774272214,0.06139995128456869,0.04450439812103979
0.11464530459072382,0.07428424941900542,0.04503179103005479,0.10371542681570071,0.13577090213297374,0.1979620859202742,0.14573793481216543,0.12291273953050767,0.059939565748594305
0.1214377727335499,0.13012056805311648,0.05913620222176232,0.1117427147461506,0.10968835325887925,0.06746324745214899,0.1191237523276338,0.11618806442023862,0.16509932478651998
0.1529841907905359,0.04891700424314993,0.056331931350445626,0.13995258555903772,0.13911430188707066,0.12123850597249801,0.129704448402431,0.12377568286700569,0.08798134892782548
0.13989828921955547,0.07401491140174313,0.15539945479786274,0.139198826164979,0.11784440070539694,0.06482405806418663,0.12865781844769195,0.11014712222600732,0.07001511897257685
0.12128652117927467,0.1503141101040575,0.08567896333471164,0.11001969329298111,0.12294368311304608,0.12565905494937293,0.11170756607153763,0.10503245959788009,0.06735794835713828
0.13237924946109492,0.12761562755978048,0.06124250688713209,0.1293074961972297,0.12970767089861399,0.12657475814313968,0.13582097235023624,0.10564508256278098,0.05170663593999192
0.1155437950431296,0.10360483011696325,0.065037118187611,0.10018694927834759,0.09845349962426697,0.07801027168258907,0.1003259345822327,0.04301387833451423,0.2958237231503456
0.12497337741248153,0.14091717163640854,0.05416491363827162,0.11585509375830848,0.13979414946525848,0.12933558576346468,0.10637893735801597,0.11475303444403168,0.07382773652375903
0.1293335663679471,0.10096357213858433,0.06032350410863161,0.11724598388131476,0.13692927950797062,0.12853583665531285,0.1296290636024896,0.1270451626326913,0.0699940311050578
0.12020052436848346,0.17373413906137095,0.10715526380257533,0.1161513199167649,0.10529796798468218,0.130237053053217,0.07870099531458447,0.10515080815336963,0.0633719283449521
0.12726821311210923,0.12116198337148647,0.0670009070252178,0.11816021072525602,0.12590974608480535,0.12530670275543246,0.12117830531740766,0.11829503808513848,0.07571889352314652
0.1250552025401982,0.14038285528206298,0.05445768152716429,0.1159315043139027,0.1394185844600592,0.12924198540660584,0.10676785502690604,0.11486940504525493,0.0738749263978458
0.12726821311210923,0.12116198337148647,0.0670009070252178,0.11816021072525602,0.12590974608480535,0.12530670275543246,0.12117830531740766,0.11829503808513848,0.07571889352314652
0.12446782724258891,0.12504195814695493,0.08214128492245854,0.11569165212990662,0.12486957968609531,0.12576213532750732,0.11913416592913499,0.11032142269038266,0.07256997392497075
0.10501478439070382,0.1349658245241839,0.05527586970792308,0.09543874497534253,0.09989433230058221,0.13195720279704662,0.10974780097607956,0.14217591608723187,0.12552952424090644
0.126948810826681,0.11812973207690058,0.12338247059736346,0.12231961132997178,0.10900528669330467,0.08454285545770218,0.08635596852721376,0.1326998172901401,0.09661544720072245
0.10243049100671947,0.07953823499888149,0.05645031123103181,0.09390123680916192,0.12244280483743741,0.13941975374422047,0.10822644637412715,0.22329499481074797,0.07429572618767223
0.13788373789115557,0.11145623329222493,0.17611123359252578,0.13303607374420068,0.12059536501519262,0.07119083238429043,0.09279220530630655,0.0753067872887815,0.08162753148532195
0.12277349515990343,0.13344590293444591,0.06823788518179519,0.11608926614672481,0.12512339227969368,0.12866589179672505,0.12202673197029501,0.09824145663725636,0.08539597789316056
0.12841743904705274,0.14776666332485056,0.10174151999702091,0.12138450060469304,0.12232868543933074,0.08140589013613625,0.09994878478386082,0.12629180014845284,0.07071471651860196
0.10341462700811262,0.08191591417358036,0.15436206131079624,0.13739806136480404,0.08068078368074845,0.13714917471245566,0.15347931656205102,0.08897478596397594,0.06262527522347572
0.10528623203752226,0.1363355556099588,0.2204626622809844,0.099013059686767,0.0951228965867353,0.08141572312619112,0.10658129914496306,0.09217252913020861,0.06361004239666944
0.08778648845134597,0.12112845577230642,0.19991551882688896,0.09181857983264068,0.08503974882237113,0.1629065401223758,0.10121644481465837,0.09962366219444115,0.05056456116297148
0.08206289452464494,0.16452042207443074,0.29798826211061585,0.07842312709323879,0.08797541088010626,0.13345692489187724,0.06476073358625083,0.0435314387668771,0.04728078607195824
0.12664670032130915,0.16290483115501167,0.06347364736216096,0.11864140703469823,0.12110601551298039,0.09307611761495928,0.09275265059841,0.1508142382308308,0.07058439216963953
0.10463676107503365,0.09650183743980163,0.05960295313466015,0.0995368574079097,0.1000583156868899,0.15731822415800725,0.10548939874885922,0.181382720388513,0.09547293196032547
0.102984041684223,0.11571867093840854,0.050423518253485254,0.09809523062038313,0.09412609927331743,0.12376711362374575,0.12459988496055387,0.06321186210134491,0.22707357854453813
0.11690547277619913,0.07600084967067178,0.06558407856101685,0.11052006036637181,0.11347498456039407,0.1668058635818641,0.1164898804019157,0.13643060952979083,0.09778820055177577
0.1032344944653012,0.11543453699201639,0.05702981802434146,0.09394227668989752,0.09310386038988754,0.13371411632202512,0.12269381255995916,0.19476252583153766,0.0860845587250339
0.12697816428833866,0.131704212541018,0.06130093706697257,0.12395420319885164,0.11472812968738033,0.12258847584839538,0.0972706994193604,0.11245254822801275,0.1090226297216703
0.12726821311210923,0.12116198337148647,0.0670009070252178,0.11816021072525602,0.12590974608480535,0.12530670275543246,0.12117830531740766,0.11829503808513848,0.07571889352314652
0.13015757108946682,0.11941223658676019,0.0737408585569031,0.11630726159267833,0.13046965535148786,0.1014885639147411,0.12793421023198495,0.13087438508043936,0.06961525759553831
0.11937318614082419,0.16731270984490518,0.12789722436590933,0.11750980213673061,0.10499221974327637,0.09476103232718043,0.09993115722617796,0.09960054870467284,0.06862211951032304
0.12726821311210923,0.12116198337148647,0.0670009070252178,0.11816021072525602,0.12590974608480535,0.12530670275543246,0.12117830531740766,0.11829503808513848,0.07571889352314652
0.12339698217774597,0.11657152166530715,0.049187349866226165,0.1204295438695114,0.14457598519995743,0.13188375135495625,0.12300507317875446,0.09808002571153063,0.09286976697601057
0.12726821311210923,0.12116198337148647,0.0670009070252178,0.11816021072525602,0.12590974608480535,0.12530670275543246,0.12117830531740766,0.11829503808513848,0.07571889352314652
0.12726821311210923,0.12116198337148647,0.0670009070252178,0.11816021072525602,0.12590974608480535,0.12530670275543246,0.12117830531740766,0.11829503808513848,0.07571889352314652
0.13174506214589707,0.10370304781594415,0.057109258421355134,0.11711273867845758,0.1319547952412908,0.1403001414933223,0.10756492451820865,0.1267604818730253,0.08374954981249894
0.12943788817198468,0.10224050615196416,0.0693092619978978,0.11888116207278847,0.1280978434211548,0.10457627071573179,0.13013977635066354,0.14617108098361306,0.0711462101342017
0.12750136438948914,0.12966668838059311,0.0648874456429411,0.11977854651765218,0.12615015975238664,0.120318494672582,0.11785181107895404,0.11825074774881032,0.07559474181659138
0.13142977722086213,0.08326718813610352,0.07214414318409133,0.12137301435769599,0.1784678974744801,0.1357046686865917,0.13070393337164124,0.06936614213517829,0.07754323543335559
0.12726821311210923,0.12116198337148647,0.0670009070252178,0.11816021072525602,0.12590974608480535,0.12530670275543246,0.12117830531740766,0.11829503808513848,0.07571889352314652
0.11613923191827098,0.1750917582577202,0.19599484187094196,0.12348268597862015,0.09508240510480988,0.08616996658163885,0.08235295190073795,0.06531281334599852,0.060373345041261524
0.07675584557348794,0.10371154076638417,0.04366859951762019,0.0699220654494223,0.06696068459478911,0.0999227763363358,0.09865136667356988,0.0676730009204727,0.3727341201679179
0.12789320180305522,0.09555791331609031,0.06961051085269433,0.11792981979846817,0.12212329244916405,0.11538540041138136,0.12309041945158306,0.15184222057687194,0.0765672213406916
0.06989691642120287,0.0994044629274392,0.05081864544569257,0.06260106413830008,0.07002742486784884,0.10778988530287625,0.09259734291515682,0.06298049866194169,0.38388375931954166
0.12372623463098349,0.18546122620707628,0.11999181411892752,0.1282314459278351,0.1030219203876681,0.0939997207803539,0.07698969208824506,0.09377544477447723,0.07480250108443336
0.11796360400964016,0.1831536840505755,0.05548430583132341,0.11502276096021347,0.12083207698787829,0.15101734938341135,0.08443172935292603,0.09783498122906298,0.07425950819496892
0.097669384340885,0.23388114515716427,0.13495503389694144,0.0987485609770351,0.0978540585536475,0.07654537034119933,0.07318316417506084,0.11537432752875587,0.07178895502931061
0.07541430302852319,0.1636593968734322,0.3936553419996212,0.08400629746591774,0.07782304800924533,0.04083308247455049,0.0844570239814945,0.03604681393238024,0.04410469223483506
0.11611287571927283,0.10851261710441418,0.0934718721399763,0.11110291879684515,0.11903632477367311,0.1261918322198977,0.09568150252212317,0.16251583535396694,0.06737422136983069
0.12647527169693007,0.06593268733963838,0.1607620511863454,0.13545559421779682,0.11434735025130187,0.09860592210921071,0.14474011739852022,0.08025955302973196,0.07342145277052457
0.12726821311210923,0.12116198337148647,0.0670009070252178,0.11816021072525602,0.12590974608480535,0.12530670275543246,0.12117830531740766,0.11829503808513848,0.07571889352314652
0.08996296774574604,0.20142487780591867,0.3234875249494739,0.10986989673959772,0.08935451083191466,0.03333898706334101,0.06619654070077419,0.03894204869578798,0.047422645467445824
0.12605695507583406,0.13519364500538333,0.06523048055331329,0.11911946611923536,0.12491334758236267,0.11293964924939875,0.11995302790118885,0.12659949551590963,0.0699939329973741
0.12869636212274013,0.15277415870798597,0.04959481001545108,0.11854358051589149,0.1244753117346075,0.07670974440987664,0.12309791689162686,0.09455906469464831,0.13154905090717206
0.12749348744852548,0.08363178561925011,0.06504326187604588,0.11384994088756367,0.18121929275733561,0.1492782925235164,0.12681889293772844,0.08186150128173807,0.07080354466829634
0.11477705463579946,0.11174104851157567,0.06263554156768324,0.10725576433204087,0.10792382960844503,0.11538844586781778,0.09003571494636937,0.23657687154429638,0.05366572898597217
0.12726821311210923,0.12116198337148647,0.0670009070252178,0.11816021072525602,0.12590974608480535,0.12530670275543246,0.12117830531740766,0.11829503808513848,0.07571889352314652
0.09534773924553691,0.08618640390201183,0.05129302802252642,0.08469713342946554,0.08730127900180025,0.123615288255484,0.09457942110863844,0.2939236610224885,0.08305604601204797
0.12245345304529061,0.1384340636103259,0.06451940792879766,0.109846188027867,0.11407631105041897,0.09610340359994192,0.11229229263767726,0.054086746607188076,0.18818813349249255
0.10730004199072041,0.13182800086113317,0.1145805210313885,0.10751132618825543,0.09127877854295728,0.14148386008105787,0.1118702661654541,0.1296229167682879,0.06452428837074535
0.12571298626576913,0.06837176213555711,0.05429260471592445,0.1113725482466124,0.11534318923547521,0.07405725272830536,0.12976151112392628,0.0541942375496115,0.26689390799881857
0.1437130806092237,0.09524675220562707,0.05730832272970077,0.12955686693480406,0.13704568365066377,0.155020949766315,0.10432500974724744,0.09058515017203532,0.08719818418438284
0.12726821311210923,0.12116198337148647,0.0670009070252178,0.11816021072525602,0.12590974608480535,0.12530670275543246,0.12117830531740766,0.11829503808513848,0.07571889352314652
0.12726821311210923,0.12116198337148647,0.0670009070252178,0.11816021072525602,0.12590974608480535,0.12530670275543246,0.12117830531740766,0.11829503808513848,0.07571889352314652
0.11923945176797753,0.13378993738126568,0.06631672737270206,0.1187547515335377,0.12345607633271312,0.13274226513284143,0.131979097237924,0.10628260751724639,0.06743908572379202
0.13198706828698328,0.12301218202043136,0.06254390638052658,0.1270967488938902,0.1292912846911524,0.1309291270301146,0.13546513900084803,0.1052276946801431,0.05444684901591048
0.1197979227194943,0.1814291074154711,0.04540017775869229,0.11203869712228781,0.11918478268129729,0.08275410218152875,0.11299253615241008,0.09839272933463201,0.12800994463418633
0.10650244933465791,0.11522083061066458,0.19659685966058174,0.12026437822754828,0.13572899633550542,0.10277813058469733,0.08949712332026188,0.05739039650557324,0.07602083542050954
0.12176035377037879,0.11673120033237194,0.09690220427354686,0.11768873753098641,0.1124198584197253,0.13902480611202664,0.11211106096071928,0.11290226282418929,0.07045951577605544
0.1198128233646149,0.14654249140732675,0.06178442990692514,0.11415929655341779,0.11600944756185601,0.11775949616883268,0.10440864671316226,0.1132637114617671,0.10625965686209739
0.116361290183385,0.12766990569324263,0.048547917598574776,0.11540917518227616,0.1177219787324138,0.13458640090775795,0.10510834762965575,0.07523249978757768,0.15936248428511626
0.10689344043471656,0.17795683734077095,0.044045509003050314,0.09793652921552969,0.10064653851088268,0.10891033373006585,0.10395266655016035,0.11546725312273894,0.1441908920920847
0.12726821311210923,0.12116198337148647,0.0670009070252178,0.11816021072525602,0.12590974608480535,0.12530670275543246,0.12117830531740766,0.11829503808513848,0.07571889352314652
0.12701125732789528,0.13554669543452538,0.09819997182091922,0.1155004840169368,0.1299129871378913,0.058813098825032877,0.13232205203573694,0.13750168774615112,0.06519176565491115
0.1375944533843917,0.13216671421733492,0.1000166282112227,0.13248069642317736,0.14108325069985073,0.07952826976901754,0.09382471046467976,0.11350418582740689,0.06980109100291844
0.12415019410491529,0.11919762262236999,0.10201881831619397,0.11653061137313703,0.12436928791711728,0.10847906050607285,0.12034915613113921,0.11296639457365358,0.07193885445540084
0.11930399418906128,0.10354329108306493,0.07287954574730897,0.10822788241683791,0.11226403407047965,0.10683087300177596,0.11720274081249166,0.18895447989828715,0.07079315878069252
0.09871479687976221,0.10883549272809183,0.05662351951363174,0.09074215025406628,0.09403541333357512,0.12957796315191675,0.10787646398465857,0.22063700848090936,0.09295719167338816
0.11733478204953364,0.1351308853843854,0.15901492440808812,0.1153245382917306,0.15807869810084488,0.057062363433453035,0.11300093211935895,0.05973126659543616,0.08532160961716923
0.12651946537125164,0.14387599012253652,0.07947239436614933,0.11486685021008526,0.14760734487597515,0.08683308364604563,0.1328737279059251,0.0851955501598456,0.08275559334218573
0.12726821311210923,0.12116198337148647,0.0670009070252178,0.11816021072525602,0.12590974608480535,0.12530670275543246,0.12117830531740766,0.11829503808513848,0.07571889352314652
0.12715699119828816,0.1268052220682304,0.0629874976801288,0.11690089603266603,0.12725828386094848,0.1365240696983638,0.10377896196328033,0.11731567912619932,0.08127239837189465
0.1263820935743886,0.11159727769736723,0.0693571222047686,0.1274006645602628,0.11602927828845,0.1433560254597814,0.13192153878482327,0.09906527691261051,0.07489072251754762
0.1126707411505098,0.08603786602036735,0.04693858734702012,0.10943826023517124,0.12697958741005538,0.20287222027681873,0.09793119717704486,0.1066430637164897,0.11048847666652284
0.12781853536908325,0.13814202549451268,0.06593281148208607,0.11565784025961308,0.11726868000804459,0.09634690926656002,0.10389442805878997,0.10819201828666392,0.1267467517746464
0.13533430916222183,0.09244323701718031,0.07196433631565106,0.12703381373756387,0.13020640738506878,0.1623368695719903,0.11731747104890472,0.0855316347005145,0.07783192106090453
0.13667916830599625,0.10843568744367421,0.09215506823419335,0.12468389203056392,0.12667393020105452,0.10330229828718308,0.10376541227427054,0.12902764901298477,0.07527689421007937
0.10219190212983066,0.09211863900709794,0.05901481241713407,0.09480709794814879,0.09380648818922038,0.1270708213720155,0.11135441179246991,0.07527744680080373,0.24435838034327897
0.10565713326468373,0.13721736492868833,0.054222388931621145,0.09886845662623146,0.09884239875089311,0.12826248417631467,0.0877316464653042,0.22738878308676205,0.06180934376950129
0.12038745295898044,0.15971926672245915,0.08288745779843273,0.11622252052409253,0.13238429305044652,0.09955286072868853,0.12307814337984924,0.10259822506056598,0.06316977977648491
0.1344921141180995,0.08157300341115795,0.13226373278647166,0.12387188924430892,0.13327168064478337,0.10392210974898149,0.11111968984947351,0.1013750688822308,0.07811071131449272
0.10360987022234318,0.1258822299931765,0.06300760285231295,0.09528719490837016,0.0938965670014172,0.111102827097238,0.0977279783922234,0.07962038022131002,0.2298653493116086
0.12725265403060185,0.12763443772395502,0.1345829059434548,0.12204995405604442,0.11266306737940603,0.09867444373187569,0.10558438621527459,0.09658380798996473,0.07497434292942287
0.12369408854572679,0.09737762497092874,0.06618453910785332,0.11506262588142895,0.12085626365447273,0.14435718445007295,0.11467315355841028,0.13000149762808355,0.08779302220302271
0.1301788805561282,0.128379254638778,0.05997240334929931,0.12109058847158209,0.1351256400179999,0.10862598113621087,0.12996216138152947,0.11060983401916617,0.07605525642930604
0.10192790673115891,0.21461217431126964,0.09013681961224086,0.11276687040808327,0.09599376466478672,0.11929972921660405,0.08971495252933398,0.1021887510649967,0.07335903146152584
0.13111887752537507,0.18782931098118769,0.05909998984905431,0.12603186568415858,0.12073361942573156,0.10685790303277541,0.09189772729974648,0.07873378042851359,0.0976969257734573
0.11974016863554386,0.12066841888829005,0.1434173535309037,0.12662313555615276,0.14787998377674746,0.08185845175529095,0.10678818195566024,0.09515102730683005,0.05787327859458092
0.1356363597641912,0.12433235304099076,0.06529173724097437,0.13143913655758702,0.13195940589331687,0.12633601469142472,0.13446134982688157,0.09820226087293621,0.05234138211169732
0.11358298315277997,0.03846068665439915,0.16009723488111385,0.1412854691434254,0.14688412987961932,0.12713426016198134,0.1362204773711384,0.03510458553170823,0.10123017322383436
0.10075310334897708,0.21182474491527223,0.04465960580386994,0.09698376100099237,0.08900382566399455,0.05758452214264879,0.08861408209860644,0.09501401524437625,0.2155623397812624
0.1327908093478626,0.1469516183478701,0.07950582621110769,0.1182760734461809,0.14110833425618732,0.09181145356923427,0.1153020505965594,0.09730175775948839,0.07695207646550929
0.07826411701962162,0.09275995978414527,0.36986353976355596,0.06736234496192382,0.05629357095221978,0.07308595931515059,0.07015284795601928,0.1258047372507901,0.06641292299657338
0.09651958835356937,0.09923213140891118,0.1881015538104747,0.10395984781097008,0.0979714233472652,0.15022521046349674,0.13536272768018165,0.0546699539931391,0.07395756313199202
0.12930824524805382,0.1169485154225751,0.06570554595524426,0.1246294576927276,0.14584627342379408,0.11112985583884248,0.1272280328455807,0.10437423302054682,0.07482984055263521
0.11967586111159871,0.09670000496293489,0.06588947850859872,0.1120228928021361,0.11617783726740145,0.14630242741935395,0.10136402706959198,0.1757983303676807,0.06606914049070346
0.1366864536479697,0.16201775646567618,0.05868941468758756,0.13163842539808004,0.12844271779144356,0.07851683489871943,0.10349658113893705,0.09694102267300768,0.10357079329857881
0.12599207066987042,0.10058941288130263,0.06694859798311452,0.11687327235640714,0.12345201380857712,0.1340280321704293,0.11556097675090116,0.1439762102439488,0.07257941313544887
0.08378641631427419,0.15597121633329966,0.3243022535991342,0.10271467861472465,0.07446951729190272,0.08431135271010405,0.07159746370673796,0.055041761640034305,0.04780533978978824
0.12726821311210923,0.12116198337148647,0.0670009070252178,0.11816021072525602,0.12590974608480535,0.12530670275543246,0.12117830531740766,0.11829503808513848,0.07571889352314652
0.12726821311210923,0.12116198337148647,0.0670009070252178,0.11816021072525602,0.12590974608480535,0.12530670275543246,0.12117830531740766,0.11829503808513848,0.07571889352314652
0.1357933416718581,0.12444719222596023,0.06528763663806496,0.1317305599761938,0.13205277963963305,0.12630882685108724,0.13471570719558879,0.09775243211928862,0.051911523682325184
0.12726821311210923,0.12116198337148647,0.0670009070252178,0.11816021072525602,0.12590974608480535,0.12530670275543246,0.12117830531740766,0.11829503808513848,0.07571889352314652
0.09714194102427716,0.20959864689622965,0.16126060504108009,0.10141576203768365,0.09088837188069672,0.1173438718775635,0.08006373802576627,0.08783226631475882,0.0544547969019441
0.12726821311210923,0.12116198337148647,0.0670009070252178,0.11816021072525602,0.12590974608480535,0.12530670275543246,0.12117830531740766,0.11829503808513848,0.07571889352314652
0.10526103889044848,0.11039249821328112,0.05680357075745301,0.09846363427748471,0.09912566683091344,0.1512216295359981,0.09670851483285732,0.19936768405978889,0.08265576260177498
0.13311046979029303,0.04799521710412524,0.07787746166469957,0.1149288052126538,0.13762786057802942,0.06912292327877886,0.16981279952961326,0.18534684994876524,0.06417761289304158
0.07355009411285442,0.07423119744218308,0.4427154194923615,0.07089446954451722,0.04932934037973635,0.07783911195965224,0.06702201075200981,0.09615950199141399,0.04825885432527143
0.11673433444819326,0.12334304566717463,0.23914861891002473,0.14291573839405747,0.1285302156051732,0.047379965969156536,0.09152529539531824,0.0297584811498757,0.0806643044610262
0.09455852880423059,0.12628052974817114,0.05054901728262586,0.08673998735602235,0.08503640779122061,0.09150616629804442,0.1025652908378281,0.05373479472756346,0.3090292771542935
0.10734892245446385,0.10568826531387666,0.056972404227609665,0.09987839906356381,0.10324091088437985,0.13177683241522317,0.10746067484844307,0.2216788827148405,0.06595470807759955
0.1354577488899002,0.09617660177512527,0.10940454556302213,0.1371867672583171,0.1318002206982168,0.08482428550673937,0.12198619070531418,0.08634163842007174,0.09682200118329327
0.12927116932443797,0.12518684589998802,0.08326392131917883,0.12252773522009312,0.14960603605475323,0.09764941390596753,0.13161877478530723,0.0818703607653161,0.07900574272495796
0.12685013661227554,0.12249961896723487,0.0769018386855215,0.1184320326693043,0.12977518452055503,0.11498052360121287,0.1206470081054698,0.11709780034102417,0.07281585649740187
0.12300422406989786,0.13289315598357251,0.06815626582090535,0.11620163841681008,0.12518851943327883,0.12853062723678613,0.12201670126807344,0.09909402256327182,0.08491484520740389
0.12741680901908653,0.1170067811329774,0.09330314974398547,0.11925151024750814,0.12237615836864306,0.10681645604933294,0.12244664284447339,0.11631723386283711,0.07506525873115595
0.12491854498138255,0.11198235253702589,0.08596399856546155,0.1186614421467066,0.11511586507407494,0.14020243805740892,0.12987392589629188,0.09901227256255703,0.07426916017909062
0.09556656953821696,0.10414808097052404,0.05661980112472726,0.09390811333028053,0.08906053953034905,0.17390358112974982,0.08768727127687405,0.21984598852396342,0.07926005457531488
0.1275798936989205,0.04914012795166103,0.088323856662885,0.13352326164795178,0.16804253301114858,0.10530193205601136,0.1630988438823833,0.0731143907798885,0.0918751603091499
0.12726821311210923,0.12116198337148647,0.0670009070252178,0.11816021072525602,0.12590974608480535,0.12530670275543246,0.12117830531740766,0.11829503808513848,0.07571889352314652
0.06365989372196325,0.14505161686563564,0.03359521725685175,0.058394368370207526,0.05172953977215502,0.08493225949012678,0.07290035084774327,0.05530435171668776,0.43443240195862903
0.12559872899407146,0.15318310323544032,0.09888191336850533,0.12121548842852532,0.11373894295357873,0.1137900646227773,0.10222160513895474,0.09821879142090052,0.07315136183724628
0.1259409193291877,0.14487159492786786,0.07212254293693783,0.11354924816708173,0.12709269005383378,0.10498014333585108,0.12444114071019236,0.11402607126786402,0.07297564927118373
0.12568817812960742,0.10380047790116963,0.06444531647742176,0.11504953834123077,0.1187138271515299,0.13202177808498552,0.10664253570178668,0.15543955078229002,0.07819879742997819
0.13653277627721913,0.11276653177496798,0.06337797531450337,0.13154971071484725,0.13321748099407968,0.1338865019770065,0.1118713803270041,0.09920378521575861,0.0775938574046134
0.13462947310635529,0.10116011418404419,0.07083006991118725,0.1251822536834485,0.13303141024067008,0.14657811679816737,0.11846269655439068,0.08680781589318141,0.08331804962855531
0.12074727384498429,0.13260240373982615,0.11592412319638795,0.12485525961629707,0.11503761779024817,0.10436589084855297,0.13079597874651908,0.08648333586143614,0.0691881163557481
0.12200343236700062,0.13267143885223062,0.07280361367077354,0.11664783481207742,0.122288302761058,0.13398191532528528,0.11791262734733254,0.09765944957480054,0.08403138528944143
0.12726821311210923,0.12116198337148647,0.0670009070252178,0.11816021072525602,0.12590974608480535,0.12530670275543246,0.12117830531740766,0.11829503808513848,0.07571889352314652
0.13644793301352873,0.1240092885634352,0.0670840718112635,0.12708560625696555,0.154021909805276,0.1227741151889327,0.12924141865294084,0.06601310113902019,0.07332255556863727
0.10947339966987213,0.12204115372606689,0.20018689542978443,0.12380141000947838,0.08983105513275134,0.10362795680505422,0.122025327682451,0.06638183459036351,0.0626309669541782
0.12766468682452306,0.1478389412439849,0.09915680755120766,0.13351344821222716,0.1320551800968518,0.10777127912686373,0.09847082515946426,0.07624619118942046,0.07728264059545703
0.11973732685384796,0.134767354676166,0.07560769666455917,0.1175962828908496,0.12034878614662986,0.137231368755896,0.11693350943732979,0.10808379281340974,0.06969388176131194
0.11523288970915914,0.08615698570839984,0.10304855837987664,0.1064787381579748,0.09771848801594342,0.14761757454303617,0.11888992331266936,0.1552927946129607,0.06956404755997994
0.12726821311210923,0.12116198337148647,0.0670009070252178,0.11816021072525602,0.12590974608480535,0.12530670275543246,0.12117830531740766,0.11829503808513848,0.07571889352314652
0.12557790434056734,0.15646794175587236,0.08729047232029802,0.11831790195905152,0.1120516857052573,0.1215541128485705,0.09542515045163291,0.11080061933887275,0.07251421127987732
0.10670613439858452,0.13014586960504104,0.05239597151291594,0.09831350072975449,0.10494922341503417,0.13716986709714798,0.09192210076466246,0.2048984881447183,0.07349884433214103
0.12046350645487437,0.10291012782584809,0.052689433944854834,0.1165385192761968,0.13485688420787925,0.15906980719234234,0.11732542186012757,0.10370738560470134,0.09243891363317536
0.10366207119391448,0.09197246889555911,0.15630030039292986,0.09634629432176837,0.08446759481314026,0.08253222778670843,0.09241157804125409,0.22905520896000398,0.06325225559472147
0.13510224489137523,0.17614206119111328,0.09910234369727726,0.12209269060063498,0.11606130788858741,0.07340183845805819,0.09160273878619536,0.10953266244440052,0.07696211204235782
0.12436778786918697,0.16943116748417955,0.06287890677032375,0.11698216534560367,0.12172777725095003,0.09849422167030057,0.10384309134968446,0.10544769412601723,0.09682718813375372
0.08759766426988068,0.13976468725310773,0.3155602594930133,0.08037875338925392,0.07013471721223741,0.058950958443344637,0.05211677433712344,0.1195938063198313,0.07590237928220758
0.12618006305334487,0.13140676825562866,0.09059637373018548,0.11351318259017723,0.1254644209382774,0.11075825116654305,0.11938021347961421,0.11500592747928456,0.06769479930694465
0.12164041098154883,0.07600366964932954,0.0839140346725098,0.12468382890088602,0.1575633117136712,0.14910809724353663,0.11927025249328499,0.06651201544309758,0.10130437890213535
0.12853065073887196,0.10754048886044432,0.07547119744459364,0.11855775159131828,0.12518203817447685,0.13234522310205366,0.11814984844422449,0.11760366818321216,0.07661913346080455
0.12736812903143122,0.09149634294811082,0.06883940504562792,0.11976876150232323,0.12553773254223144,0.14961141190037036,0.1333784890414434,0.09262671645578661,0.09137301153267498
0.13726032947800393,0.11709202450711109,0.08257663971264156,0.14024930020426493,0.12316451251596926,0.14429383676094482,0.11468694949946644,0.07257637747307151,0.06810002984852644
0.11315768579193153,0.17471951770937943,0.17726495436550396,0.10586009753270875,0.10744759183367152,0.06459914094264087,0.0962904567662296,0.10453954304558573,0.056121012012348474
0.12726821311210923,0.12116198337148647,0.0670009070252178,0.11816021072525602,0.12590974608480535,0.12530670275543246,0.12117830531740766,0.11829503808513848,0.07571889352314652
0.08801563989845672,0.14431655115711162,0.3260404098743434,0.0927323332395192,0.09008378078511646,0.09811793230357622,0.06367994341360618,0.04002030190972034,0.0569931074185499
0.13126925105296655,0.0898714524646085,0.07236195600441254,0.12073157401332361,0.13975895456659942,0.15249345360216415,0.12421092617216206,0.08866572460126239,0.0806367075225008
0.10490122804430428,0.16823405059780258,0.06259353413563408,0.10834124183813164,0.09866145330836855,0.11924081631079665,0.07943483815344082,0.20702628670646328,0.05156655090505813
0.1262520766974736,0.15921807344777483,0.05110883689019171,0.12036316553468619,0.1204775225343628,0.11986696600153098,0.10310132651349187,0.08668706980947273,0.11292496257101532
0.11509806830929374,0.15368860391409306,0.06582825984675916,0.11524420795445638,0.1242936322484693,0.12338794120219104,0.13215942077815668,0.08999583677053369,0.08030402897604692
0.11774763527222419,0.14947419833430556,0.04908064909824091,0.10972374744328599,0.11137145244375075,0.12031287060446216,0.10228579710985869,0.12464255992371487,0.11536108977015702
