0.022228407705427253,0.0333659978028112,0.19041442959094393,0.02657037573866757,0.1465014082649244,0.3246113122981224,0.03620256834135977,0.18244013123731187,0.03766536902043163
0.007581134239762174,0.0468275827739858,0.30471390619206556,0.3613836962117287,0.0667883845673579,0.023153677410982676,0.014873059033585533,0.1348399701682955,0.039838589402236196
0.06546125861802955,0.08035589919829011,0.18956724770087108,0.05362399409911762,0.0817092116768714,0.014556875512841244,0.47116923505534675,0.021471187216549534,0.022085090922082714
0.02060301483981294,0.041179930836852084,0.4924752900833682,0.22803749596411085,0.08219619722663232,0.013884955184230675,0.07820069958707512,0.025335030099063908,0.018087386178853943
0.037533426136880245,0.015702149014804167,0.691434529209548,0.03195885617509547,0.03688476574554924,0.06682989037390986,0.05847119443803198,0.011737106482114875,0.049448082424066266
0.03194324970233561,0.07089681567620781,0.2757382025780342,0.20202631455660378,0.04848332109068709,0.04524212687257261,0.18863308285362843,0.03343317227888703,0.10360371439104342
0.16884708913625598,0.04751538694472141,0.27275726379688026,0.22336745391681578,0.013583591507820724,0.027070057444688548,0.11396809446216162,0.03133891942184191,0.10155214336881375
0.04139098247054084,0.021113563993232515,0.5540579928785481,0.12094407913909389,0.006348241910270999,0.013994841737180061,0.19242874195365386,0.020080359517752718,0.02964119639972704
0.04742753476336525,0.4278848429818436,0.0563671272417832,0.03485687898214374,0.010710634677229642,0.10727771928279384,0.06677592354893748,0.17584739250330836,0.07285194601859483
0.047502092333085916,0.036355986136413526,0.2142090900902822,0.0343935219703329,0.05228551786451563,0.10703189413826857,0.40312699869368723,0.031918119114297594,0.07317677965911647
0.06252663592304102,0.05285535848784579,0.377014161088195,0.07337626933620206,0.01615077055812823,0.03564295256562645,0.3277188341880441,0.024235119920424878,0.030479897932492478
0.007378974740877513,0.016239152032999384,0.18003531218689064,0.16479187811611168,0.1869109688715552,0.29376582383665606,0.018831897113039647,0.10438641030137273,0.027659582800497195
0.00782131925483623,0.07540719076563106,0.15006458430903455,0.20891539644045995,0.08715596435303957,0.04902998328086627,0.11515999533296828,0.1948178840120509,0.11162768225111325
0.028751977599193373,0.05846714627697577,0.19354636035637238,0.07988006434937633,0.08815926784860768,0.06206801749609723,0.03352464863407335,0.36107613430743823,0.09452638313186561
0.03714026328675497,0.08271818044561176,0.3909208477130184,0.011241222809969913,0.004176407466540234,0.2352897834632803,0.11291419972377266,0.031549686775758826,0.0940494083152929
0.036098822298011556,0.22238630518721378,0.3585870587131543,0.03378952055802172,0.0469379888099819,0.2013167021212436,0.05105741868462795,0.03883224618940715,0.010993937438338153
0.0699615484469694,0.15812615361654916,0.28191204516593743,0.14937665840804062,0.044994081178028396,0.06771122723310968,0.10233023287689924,0.07397097332627865,0.05161707974818755
0.034415513744621394,0.0620259381765125,0.5350804375418308,0.06021833831746132,0.06512110154840739,0.04720009873264247,0.03232556658747388,0.06174242204075994,0.1018705833102904
0.17152631311546432,0.1073506009967205,0.1335045888368077,0.11072842113231318,0.02163279374061099,0.15289692778577746,0.10033860233682658,0.06333219291902338,0.1386895591364558
0.0196336775099329,0.04544876682218,0.6027364421158518,0.1581670384917728,0.010396321313802326,0.03530559354262927,0.06855685658302313,0.03855065784017407,0.02120464578063375
0.051819043140971965,0.024405219547005922,0.4392626319653075,0.041547936514044655,0.02543675463547422,0.041083588615551274,0.2818917783193861,0.028633717646327383,0.06591932961593104
0.023303489070824468,0.059862600872753385,0.26454387903902526,0.04852327833352876,0.293486904246435,0.07267431385708299,0.048979463020228646,0.12708229994026451,0.06154377161985699
0.020732696714385768,0.12412096328491773,0.11534888945015559,0.1804385716515302,0.14172933323331663,0.06032046800219837,0.0729919356206556,0.214964983633149,0.06935215840969099
0.27962877341304226,0.0647903943368938,0.1163328695400569,0.10846420480329887,0.014936610600927292,0.08240118025885064,0.20574505006123886,0.07224582096497431,0.055455096020717125
0.02172778286657433,0.01913694699009155,0.5650216002333353,0.18830345237068466,0.009777230097270218,0.07933273181370329,0.06345533686728538,0.026066752405430632,0.027178166355624683
0.012877683597118323,0.030111216553917335,0.4873879062210255,0.18014491898067175,0.010944403011698594,0.07651696477594609,0.15702071376674745,0.012292862775342564,0.03270333031753242
0.039044990748332696,0.039168582625511116,0.06499986099663367,0.19113017030104562,0.16171198647318832,0.03420415529838338,0.05880019965166319,0.3316158019522287,0.07932425195301335
0.11442998343226742,0.032563295780612,0.31093629997861305,0.0417711338023298,0.0193110519634958,0.18920730414819298,0.16702779623708833,0.02501488896868903,0.0997382456887116
0.0181479114789185,0.016552119711890755,0.36100512644945787,0.10319642397699293,0.1888428993761214,0.03491986693120894,0.04036028419383153,0.1699487156289897,0.06702665225258839
0.15166199898580113,0.1029764968762006,0.1665686221025402,0.10343093127008084,0.021908772698766416,0.08275236828627806,0.004516755345924482,0.24698544579676907,0.11919860863763916
0.016691302331080033,0.06657461904888916,0.47775810788280665,0.044483581002059076,0.021517170658576733,0.032222526325648086,0.17381070588159772,0.036422465016501454,0.13051952185284105
0.06917247674562439,0.05550871834793467,0.04344557999002522,0.06701384642718498,0.19625116923264366,0.030765826980391958,0.09712408665784633,0.30661537663671895,0.13410291898162977
0.031301702007394565,0.11906326359707704,0.1235905783309682,0.17118966165200755,0.16069330813977142,0.017941498469597306,0.29724655774862946,0.02982303450136317,0.04915039555319123
0.030649344697135206,0.04633823034076648,0.3965841297472461,0.07785019938463981,0.06170769152734199,0.22937422894907358,0.11200565133685092,0.03152926096056104,0.013961263056384864
0.1964888864623302,0.11939115424400919,0.11422256505616868,0.1479143064607611,0.025598864659682596,0.016575404769021876,0.24724668511273676,0.023732512747437914,0.10882962048785165
0.018666920511659187,0.020807745377418686,0.0577730148270851,0.03124124757691472,0.26261518893033853,0.18353550501229585,0.05384921367982994,0.1209333342085807,0.25057782987587734
0.1292940988236796,0.012631367340742612,0.372198542410948,0.2021495580247513,0.060815988451926706,0.014594881449660558,0.12541258533557026,0.04416827497018012,0.03873470319254079
0.1204840019969825,0.1413935598572175,0.2881812756151079,0.20698291413430459,0.012297214774102054,0.05499590953332095,0.07146692844138247,0.02874697470255506,0.07545122094502693
0.08279682640453748,0.011067764999106737,0.5182281916827237,0.028576147715220847,0.014000519904016401,0.05745699479133821,0.0402436120520643,0.019509432044745725,0.22812051040624656
0.03312874711865122,0.025438490312653064,0.5526257084863286,0.08074323595804354,0.026703118246499152,0.0340082400822345,0.20870657246634897,0.030565626045382918,0.00808026128385793
0.042055540367377776,0.08256877500038633,0.0932933756513465,0.2867895785925872,0.01999334862588428,0.11710410737186328,0.1590251838755248,0.17456679769491623,0.024603292820113646
0.039169463856945134,0.04892391092384687,0.2819277366273831,0.2660809719775222,0.034207750485753134,0.02171808892410694,0.14700168537819813,0.1337569498548742,0.027213441971370374
0.12455657152565479,0.023025221146202313,0.21689930556651274,0.14399976026876715,0.08716397559067701,0.004301097469170964,0.20265375741944505,0.1548298032872998,0.04257050772627022
0.1677638945434683,0.10864505793887651,0.1499221373454194,0.0813281123631926,0.01935150816899521,0.09602036521199504,0.2515152797104621,0.03251774621962173,0.092935898497969
0.0340751372290226,0.046890199967800174,0.1656509914585338,0.1994170151872232,0.05172594576148464,0.03808208863184234,0.2954101707478709,0.11059151081842687,0.05815694019779555
0.09081372464908065,0.024931679530010593,0.6462633515313637,0.012418645650734418,0.003386880242545735,0.022555936363552954,0.07872002867131582,0.02473953884181948,0.09617021451957664
0.07011542152312666,0.012277871440988583,0.292749670574719,0.030182557856669012,0.0346397209816697,0.021316199500299626,0.42722131929312046,0.017504372860957688,0.09399286596844923
0.4228541862271055,0.043440994111523905,0.28869287889383144,0.04388293453882013,0.005863588670502881,0.008037326525566376,0.033460064555479944,0.04322074450310406,0.11054728197406576
0.11122399274018042,0.05299086026942581,0.12691624157464312,0.21948407144461146,0.013238864545581474,0.12142221648147677,0.050925958466992736,0.08089731966880143,0.2229004748082867
0.08782490010408822,0.028904347869752448,0.19050236344962182,0.13413140575282562,0.15082230064346944,0.0730017694242341,0.2557357837365029,0.04538547258177019,0.03369165643773515
0.05651324543130761,0.11325289134726346,0.24907167018500856,0.2106319564489585,0.02440463510667452,0.2170277985374036,0.0521210559641612,0.04314532618601787,0.03383142079320461
0.05004623084990917,0.1986656229218159,0.11089498602064503,0.14752940470961615,0.1435102524438816,0.18990179389411002,0.015082449336234247,0.09161660783357724,0.052752651990210675
0.03059255172593589,0.0180163785553528,0.12590911082588974,0.2601908055545707,0.2052950138502437,0.12099622756910418,0.12664641601675022,0.06747116778836172,0.044882328113791004
0.045104499081274625,0.02450882472001696,0.07629311256019305,0.05400497215756659,0.1443900093382472,0.06296097432457438,0.03551992916192677,0.3146767290038317,0.24254094965236864
0.02742958868147301,0.021056291620176,0.15385478653723036,0.22556568339524505,0.25063561414086316,0.09585406372633644,0.1060564264346527,0.09946759667001927,0.020079948794004016
0.06321628935203631,0.013814484822292533,0.43957125379851997,0.20779582151439388,0.044452678684884284,0.09995649209442399,0.08149043990579713,0.030375549995771804,0.019326989831880147
0.01030557471861878,0.043327267069828944,0.12332755854707537,0.036326838691871734,0.28497358648146043,0.10738332100092189,0.09534073770551876,0.14382577037729347,0.15518934540741067
0.03443400100604419,0.033535871509377306,0.6422644224259777,0.06451595655291305,0.003733927303249285,0.03498066460074348,0.04637145324088952,0.015627708693765643,0.1245359946670398
0.027647085157984957,0.09050250607110667,0.19377020366026923,0.39274526414907046,0.018382777556143877,0.06672478105321607,0.03757385484992868,0.14501556108830224,0.027637966413977807
0.11477891149839498,0.014470184406724767,0.2675259421520028,0.0570400626748328,0.0025856613750939606,0.01792599269130732,0.3854760420236583,0.042151939122078375,0.09804526405590663
0.029198239497836388,0.02682178438990288,0.1487071036697711,0.20810249627218325,0.18265603838616626,0.1644580839321385,0.041242506736132764,0.10591505779851561,0.09289868931735333
0.048251884915146294,0.08856258153529818,0.27963769740105193,0.3445879755363242,0.017998001431873245,0.08575176376295295,0.04802933950087401,0.038519334272934934,0.04866142164354433
0.02623298503234404,0.036588139685915205,0.09177676390505723,0.08092485497589502,0.1178042816608418,0.12409925705432222,0.018293440102171647,0.45202048511799503,0.05225979246545769
0.08922149586365247,0.024432727812506994,0.6620797976677908,0.010060739859434927,0.01127700299901764,0.038914779634061765,0.08433310102224349,0.01447860148875618,0.0652017536525357
0.08139370082910231,0.023685266985993297,0.3274965011511353,0.13954890205622686,0.034212448777582775,0.10648642073802982,0.1842678087062031,0.05328953158318681,0.049619419172539585
0.04628398193484994,0.012943046853315902,0.5533820577811004,0.0636489487742563,0.006192638969198266,0.024270579424884402,0.2285719489224137,0.009300641073164027,0.05540615626681699
0.06586085293481185,0.054338670869541084,0.2079676958050248,0.09624962122163683,0.059293267271674034,0.3708487889769572,0.07107443480842522,0.04696766866564676,0.027398999446282296
0.016308365466050672,0.027497433625081016,0.2132825538129538,0.29463492693989163,0.14846435745819778,0.13652854779833434,0.05624853395188045,0.07523686342944019,0.0317984175181702
0.11078811350082474,0.11554868570412696,0.08092276287058325,0.3390830293641525,0.005897812070841734,0.08339406899733076,0.14972008075291057,0.06860301010750008,0.04604243663172946
0.07004578788660913,0.2839691881903218,0.050993583502116,0.11599702010890289,0.0443273074710445,0.1868368525837608,0.021482128348797005,0.0869354670429831,0.13941266486546477
0.07083058315921137,0.022106882882541746,0.596110206872805,0.04945847502332348,0.008435304570667742,0.0097223783236452,0.15961992057724875,0.011121071242463252,0.07259517734809341
0.14772778899359226,0.10805621392270999,0.29286862233195515,0.16734977129367892,0.05314955918588151,0.044716296349845364,0.05459513608661342,0.042975603701748306,0.08856100813397516
0.1243006195755294,0.06410324396199354,0.16807992778697464,0.07732720830851236,0.026072663401183024,0.2540516580910548,0.14645800452250776,0.014436879507435054,0.12516979484480953
0.10743321607449056,0.029636333743651936,0.22116845448721312,0.04802595683971481,0.016859071542609246,0.1057679714664382,0.019032282165618423,0.08393001631547226,0.3681466973647915
0.16002561139312385,0.016433263699648183,0.21742986673628026,0.3263147905703759,0.029965236176846422,0.09105021012146647,0.07069780633980953,0.02995016153109766,0.05813305343135175
0.05052607929312619,0.021431338246478693,0.3632611432675486,0.12283037765053635,0.007035967066829932,0.03664603043341258,0.1892297020508972,0.04608496194977762,0.16295440004139272
0.0574087731353341,0.07102870409529576,0.22292901142743085,0.11765931798564165,0.09952899674912652,0.07607229883655771,0.056088785569135595,0.24918985911038072,0.050094253091097087
0.025971191807116045,0.08064014944948507,0.5008600690694921,0.23327401948770876,0.019069131477935975,0.008243323400055482,0.0815867932083624,0.030510104042058242,0.01984521805778591
0.008948169747097117,0.030882786623767294,0.15370514316403006,0.32077172493022293,0.20664068476709196,0.10545158842339115,0.09316019413468618,0.07134340080983693,0.009096307399876404
0.04044142433408537,0.04327262339477911,0.4092144967475571,0.07306257875121674,0.062136520372607314,0.12138513821344084,0.20469075371252418,0.019737345587018125,0.026059118886771305
0.04633952931011482,0.4023552856979205,0.059466202461262184,0.034473091719471945,0.010844535210612094,0.11239066526183843,0.06701749678606066,0.19628395939533838,0.07082923415738092
0.021448712863571622,0.04179941642681432,0.5574228095575061,0.07938758559779012,0.021295724166151553,0.056518714588969864,0.047470335477862564,0.05099910472626205,0.1236575965950718
0.04206366385721563,0.15361347877425788,0.1909739061780802,0.13264831946855093,0.245662468750765,0.06660842719601782,0.10657125126875482,0.028609967961274838,0.03324851654508288
0.09331282612584223,0.2687715258238664,0.13406588621616666,0.0504238860483717,0.02961157925842187,0.20756006737503507,0.031615629710151395,0.12740016701433635,0.0572384324278083
0.005954745606197274,0.02552725777259841,0.5177413794407366,0.16976898254462183,0.10339862812459151,0.012503146920012009,0.11113124045572026,0.022597059803901847,0.031377559331620244
0.08723932303585713,0.047913046603517966,0.5826772838465563,0.11376538552774267,0.0272631752623182,0.020079360936647386,0.06143717047202127,0.023960675919455166,0.03566457839588399
0.46920946941973396,0.04257512806834032,0.033444322265303174,0.07654589026270589,0.05294866511143891,0.04668556104333247,0.13073885287691922,0.05168845325354465,0.09616365769868145
0.0585518515489366,0.012125715107936795,0.47966754696298136,0.13960465260479324,0.010351997727532529,0.06631706810455067,0.1507331488008394,0.04401580787502521,0.038632211267404216
0.01774204609905474,0.05258465165436913,0.616762413569942,0.06927973314621165,0.010021344705585408,0.0364766343265665,0.05929951281043799,0.05104907701900919,0.08678458666882327
0.10160879265723466,0.03853790563923105,0.3063910963674847,0.17086014464435018,0.0036723580205812434,0.055426194028696966,0.23917445495079215,0.028191872554257615,0.056137181137371504
0.02783023998878693,0.03591925055735563,0.5358381704618692,0.10306524606922517,0.028088231221070237,0.015856315148386254,0.11872507977603979,0.07222473963699809,0.06245272714026864
0.08344383949385593,0.03047765560784149,0.3067158133706296,0.04804804293304834,0.030921895201806923,0.03360481457223744,0.34625786985346424,0.09447680077857636,0.026053268188539785
0.051435557184088355,0.030922601999129124,0.6612126805884643,0.07609987670300777,0.020070381745884353,0.08672816210593083,0.01806907925253611,0.015907331637010833,0.03955432878394822
0.4896571441003033,0.036542250291318246,0.195181801316665,0.06190850260343143,0.06464215454738863,0.07311413961639664,0.018806271501610034,0.027906237159360334,0.03224149886352635
0.04718622082876218,0.02854753144583271,0.10827773019971576,0.37920265427446614,0.029342586959466482,0.01516373126040501,0.289196950378332,0.0823982244403861,0.020684370212633696
0.029641417065601857,0.057250810882594906,0.24343205959442585,0.24364122818258727,0.03564536215830181,0.037774801447089196,0.26414142197581963,0.06984506553027914,0.01862783316330036
0.037075263719188276,0.05477432587868408,0.060035140733546905,0.07648258055886864,0.22503310507665544,0.12413105157441184,0.014138257446359083,0.3448198226947463,0.06351045231753939
0.008536594489185553,0.007081628144396176,0.07635222392710701,0.151152416673459,0.5266774613575488,0.050103830868387295,0.11705489275369137,0.022786685139344853,0.040254266646879915
0.07832613023568029,0.19597336096444104,0.0907072892680615,0.06945422380252425,0.05621340452936405,0.09634219317325293,0.15924163072444034,0.1813034735007566,0.07243829380147898
0.015960243761850557,0.05785194474353154,0.3286425066747672,0.1241441350071929,0.00259065560007399,0.07503649075205564,0.3223141767400692,0.02698395684271696,0.04647588987774198
0.030363937575732632,0.1781051954279477,0.2409422952856437,0.11976896584677703,0.04306638333357805,0.07621146817492598,0.04447049583851406,0.12004230511694353,0.1470289533999373
0.08380797974340715,0.06444606651416383,0.1994758058292497,0.07566359906932114,0.1545162571416646,0.19453566613527404,0.08531652632371306,0.08796126228901739,0.05427683695418917
0.04129194263968795,0.05355492894032618,0.5872436081645445,0.0711942904525694,0.018034999624016376,0.10560647841697816,0.019014553463084078,0.04408466034853581,0.05997453795025757
0.05933703455124245,0.23488815971222163,0.2850490842491293,0.20583688260980534,0.05946705426167143,0.023462873308808713,0.06655011434384835,0.04260465962779328,0.022804137335479573
0.010911875518476256,0.0875712365138875,0.27105106899764864,0.18456217224784668,0.12102075834271002,0.06956973125800765,0.11782190562501343,0.11595568344806738,0.021535568048342498
0.0451211832991217,0.028256885553958635,0.5408226619805251,0.009297931394298827,0.001474597074933047,0.03950276465060437,0.07972479153825034,0.0020253691997053577,0.2537738153086026
0.018006097491996487,0.08267617045664898,0.389983718797432,0.17521414354778972,0.07444444381712183,0.03031920533950701,0.1327785653604738,0.07079951658553706,0.02577813860349315
0.035998817410831524,0.19606526777227448,0.14510661118108917,0.19722945226160526,0.11393306058493148,0.08531360293090062,0.048686059207154436,0.09352694326303501,0.08414018538817804
0.009477126744615408,0.07281795129667352,0.4562953212567808,0.012388380546961527,0.029235555239797872,0.04551203888253058,0.025273446443343627,0.034852578661917454,0.3141476009273792
0.011359667373773185,0.07832246421988663,0.6277974852248137,0.06109468674580679,0.08800413316425376,0.04780581115886487,0.018553863110356943,0.02516962920499256,0.04189225979725162
0.0737556859665411,0.034266801223941185,0.6043016377585501,0.05437659739940812,0.004262874734425899,0.057640038231983715,0.04237378415784874,0.07327837752782283,0.0557442029994783
0.01831050663419105,0.012421077161919265,0.11104799685564049,0.5472637016796887,0.07545586279140815,0.054179095499691805,0.025286363441632275,0.11718593062009001,0.03884946531573823
0.11858651009529918,0.014523911766236927,0.5877456516503856,0.017273846995018886,0.0024089796548284644,0.0425339448250566,0.05483483912910069,0.007527328419369548,0.15456498746470407
0.10142796435851725,0.15766676543312677,0.14716722608937405,0.16459519542507176,0.04980023622325661,0.090803188256754,0.20271604243566058,0.030440656920059744,0.05538272485817925
0.14755351702045294,0.04341446573747735,0.5813737616098326,0.01935603397120783,0.0014940986690014388,0.04926105954675144,0.07540469275213406,0.024902518012524587,0.05723985268061771
0.0067730531613935455,0.006092516770656038,0.3851137562411108,0.2881626814113443,0.026946053185255735,0.012990026579048089,0.24416112565992773,0.018545518984241734,0.01121526800702212
0.056914323883499575,0.03727231572387964,0.5243605798992325,0.07659597581406913,0.06225784162249215,0.06760961889745555,0.09590803882394187,0.04477079288150118,0.0343105124539285
0.4924795613428025,0.01650271509710909,0.04121494285149648,0.11053462634641074,0.03518411766818514,0.033074125704379426,0.1440386160359268,0.03410123375297483,0.09287006120071499
0.017286200658088627,0.017279916156342723,0.2571380056648291,0.18579376623739252,0.3415585509896368,0.05436357451129984,0.05615753354916462,0.04410096365068763,0.026321488582558186
0.040795518893563316,0.0604442273428761,0.3071013541246674,0.17294293795207968,0.009656532446106132,0.05881505002462306,0.11834441721232514,0.1986399254326768,0.03326003657108242
0.057296818399612426,0.0414212360594542,0.06617189941592168,0.029184193637676284,0.0886272313500945,0.11669128546131068,0.05059164907858029,0.4859501723206916,0.06406551427665834
0.1022789819432804,0.016788243959570927,0.16045488769567143,0.018596365559015716,0.16131133170070414,0.3200500867483727,0.03793246829762157,0.14275915557083604,0.03982847852492716
0.04395826365266242,0.05002009584763432,0.18059089838556486,0.2792394381435021,0.09121340889672112,0.03157796477119183,0.2571455343765454,0.02345666182893452,0.04279773409724347
0.04891527258104881,0.017163768299525425,0.5987789871941726,0.029204836790481702,0.018504708737251376,0.036544280976072534,0.12008529599546514,0.01711849461072391,0.11368435481525851
0.029088698754147324,0.009746151718539252,0.10973693251146403,0.08685404592002181,0.18440546945872036,0.23325052337651378,0.13984523847670652,0.05887217198348322,0.14820076780040367
0.3502294302030369,0.019892031936857905,0.24457603158347352,0.04288695531504327,0.0016210887852058018,0.06890245684070659,0.034237603605145765,0.018982351109992992,0.21867205062053732
0.12531947993475487,0.0800882359270046,0.34767070906885705,0.13407530476364501,0.042675070166484134,0.03310937036482028,0.07035727193204967,0.030192796292063506,0.13651176155032094
0.0996042273246001,0.004263413147564873,0.609800995238731,0.08582845364850095,0.061570763220470115,0.037028278807050355,0.02523250297391857,0.00844463390395961,0.06822673173520447
0.07528692099566232,0.02486665191502359,0.22915249299504814,0.15683276527407647,0.06692626614433984,0.03606022504233841,0.3144025983134551,0.0475302774693411,0.04894180185071506
0.09421701387836645,0.012693665848373161,0.5003401530620865,0.08688255178556521,0.029062432274441403,0.0190280988129663,0.20785151336700894,0.025440830291698652,0.02448374067949337
0.030046456883128198,0.04155433258053234,0.4049928802797495,0.2824109715847258,0.02462205770793871,0.14145346550883575,0.04056197267114701,0.022807537392728575,0.011550325391214202
0.05087196291538737,0.2025414686641954,0.22784478062621774,0.07289503610561121,0.05331818308215466,0.21888747311938986,0.03087810640137821,0.05036250813788229,0.09240048094778325
0.015647044748805617,0.04190153939403757,0.5759699443823555,0.037312681769499985,0.02631268735375152,0.021418405181420838,0.028336990563648856,0.07230243660703185,0.18079826999944829
0.04520226906041727,0.015160135714614414,0.5383409090475377,0.09164335692116599,0.0238413984630664,0.024771887048807752,0.16801903705569224,0.02044392948800522,0.07257707720069301
0.1907403792566329,0.03441693836478522,0.3506147033166796,0.030246346307451114,0.008853973085681826,0.11278263181427566,0.11513756596401231,0.06758959394536324,0.0896178679451181
0.14000800712580627,0.06425259006244437,0.1860950887257277,0.38182258601922053,0.02570760237350264,0.01936863465755769,0.03886253601147028,0.0499973070388651,0.09388564798540543
0.027612818114235927,0.09044692762397566,0.1937788572164647,0.3929730931439766,0.01836873127777509,0.06666658410393601,0.03754092405493993,0.14499076581761408,0.027621298647082005
0.009713901960349658,0.0841030499868586,0.5228406363884829,0.13257774897516966,0.05823209022724016,0.035940479497992124,0.08494436223616685,0.03839430409000932,0.03325342663773071
0.048754442700026185,0.029822464637908174,0.12563259962772713,0.058944873829107215,0.31058105088582405,0.13342878842516975,0.06369146585316958,0.1250231565296401,0.10412115751142777
0.02439354925363522,0.034138926707533365,0.2512429396729181,0.19063561798323927,0.0770303551308154,0.023071986687264286,0.3261440132662768,0.058281319495624935,0.015061291802692585
0.07744986040536456,0.2092645806517014,0.24294574509074116,0.05021242115142874,0.043917098036535956,0.19608022437903064,0.03725823563708793,0.08071370114787306,0.06215813350023661
0.026820585770743754,0.039040264687889556,0.12461673848185102,0.12801081552594193,0.049208480530794484,0.045418458680378,0.006633317304589516,0.10508486073345243,0.47516647828435926
0.011412020286710942,0.03417309238279146,0.488181239580594,0.08210956684692336,0.02131617739159886,0.08410693245671562,0.1281971854704719,0.08431159387742314,0.06619219170677072
0.0895894747244053,0.24995218188386248,0.15054445236268285,0.24927326689482912,0.030710423870131204,0.07236031649825735,0.033916259063539574,0.06887272819630594,0.054780896505986255
0.0723061681934305,0.0164176641566466,0.34912364841110693,0.2932075184128939,0.013962175840961303,0.07443727459562997,0.1285378779908858,0.022558091515352072,0.029449580883092918
0.014490450871746927,0.016682941382562842,0.42241969086151604,0.23899806776382157,0.011550210297072936,0.062402326974750906,0.10598460057488414,0.02778734354037013,0.09968436773327456
0.09857486103789946,0.01293094913211259,0.03187506250303645,0.11027859917983457,0.1643820702117242,0.13333246007788427,0.320602653458806,0.05918238409967431,0.06884096029902818
0.015930010597312007,0.02231508156279144,0.09773137216608645,0.016513535688249245,0.03143308929209249,0.3906153586991222,0.09340277148195458,0.27828178012726773,0.05377700038512386
0.05621382104842925,0.016721522860156806,0.42542511556317636,0.026733115663233508,0.023599664660181357,0.08550086491372051,0.3359306144624982,0.013091491913731731,0.016783788914872328
0.2896411353518327,0.027863635910484175,0.3557877026458336,0.08340525119818275,0.020281704565280567,0.03859848715000516,0.07902067652585397,0.05044930729519864,0.05495209935732848
0.03881187055590882,0.15487134462592617,0.3194100320661956,0.054803513715500796,0.14369380759004588,0.1277651509835723,0.04968518486380812,0.03346091301141036,0.07749818258763191
0.03135656965074619,0.010351620546136954,0.5605287233165107,0.06222412221278257,0.01297786179652808,0.011614024238877986,0.18307960139659415,0.01597122243398393,0.1118962544078394
0.06800705161989144,0.03993043452085704,0.6105650902121892,0.019253392356894532,0.0014858727905533717,0.03320385972481126,0.10364345566545118,0.020571955972390726,0.1033388871369612
0.029864749788497374,0.06065979068720281,0.1447952258151973,0.1360743860896146,0.0902129257400824,0.46104178847112715,0.009274054265697211,0.03862052474787886,0.029456554394702256
0.36963867285763835,0.02619878520803159,0.27572548213638043,0.07181866435807745,0.019273767604335933,0.04717556732495009,0.12770855711606163,0.023958017437290927,0.03850248595723351
0.08320664654867717,0.1423896942336208,0.004693993536989855,0.19453039702185596,0.012964161435576901,0.3145499269778522,0.07507651215757465,0.14310170401979935,0.02948696406805314
0.055148100628898446,0.15315925148660584,0.22766445228623486,0.42945465230682717,0.010748418039943678,0.038572780110790406,0.03691300222628107,0.03145147724415682,0.016887865670261838
0.029256438002432095,0.060446010631437265,0.14523702724230178,0.06365542561653136,0.08462222630308165,0.2895343615745583,0.08349080426712574,0.14789184696234317,0.0958658594001886
0.007706530571130491,0.2425006436924614,0.07444258984432424,0.2593802428398541,0.0661648039237264,0.016082323407703904,0.054223027621106756,0.18566623988521033,0.09383359821448238
0.08459276721185571,0.04706483974368466,0.12864947089946405,0.1396282747039244,0.17345580389336748,0.17038118512350361,0.08834657970576194,0.10855063053635783,0.059330448182080296
0.048238852905660067,0.05309606228542824,0.11756625620095851,0.062447652391560464,0.05899133665662556,0.19627986877788528,0.016031992697686803,0.026415152403782022,0.42093282568041307
0.02459942375595026,0.20922412238302082,0.15924575053621357,0.10910171140727933,0.07356135464272279,0.1601232666117822,0.050590799779642516,0.18241276880279553,0.031140802080592955
0.07809645229672174,0.07113704343649678,0.25402745743892474,0.10333956949011287,0.036537318773835044,0.21684652016468542,0.13763731800467094,0.0420604143926151,0.06031790600193738
0.033057415803347735,0.12699002016512548,0.1473382185892321,0.10431032336659429,0.06677119843188603,0.33433286426881437,0.09215408800061943,0.0754148388969703,0.019631032477410253
0.009452263288900404,0.029891612986413418,0.22681346263999172,0.5212747792277282,0.06132934523726657,0.04704261218455297,0.06001616964248005,0.02653071559812202,0.017649039194544486
0.04947090564570211,0.4671256606932808,0.0653175936973207,0.14190795388439287,0.010373760744705625,0.08591887961404938,0.01226198154568249,0.10354659025823283,0.0640766739166333
0.01747092944087322,0.1212206277668409,0.18469330050291974,0.05318104605303009,0.13274810365192338,0.21557151272518074,0.0919540630158406,0.09756456788227276,0.08559584896111862
0.06465217590237614,0.032601395832423656,0.43288756172911835,0.08961672030784906,0.03292386836390343,0.09799665218864267,0.19585350578523555,0.032894899068506886,0.020573220821944252
0.10732609476473454,0.1618695350889945,0.2875010763732232,0.10456505363737145,0.007823711837137847,0.05622092983530843,0.16050039300492439,0.049202205960474234,0.06499099949783152
0.02781511451331919,0.14457148382060703,0.24112882031099248,0.1442049635321432,0.014569828222737322,0.04247914958210144,0.29277030505599,0.0536917036080751,0.038768631354034265
0.03702976649846928,0.08854125167460085,0.20743471825225304,0.4116471367157391,0.0095982270487236,0.05801178917050439,0.1494087210075913,0.01185614453474605,0.026472245097372282
0.03057278068012877,0.07097179867538886,0.6216864560139105,0.02088648324883176,0.005431896618608459,0.04158688847726616,0.12506693732575605,0.016313633911339807,0.06748312504876963
0.5027516541380973,0.04848294616407364,0.11079677823387056,0.068222221094361,0.038478547246034174,0.025378940755065905,0.0982500709615478,0.025735523887607543,0.08190331751934195
0.06524265925273758,0.06683577476695111,0.15246710285978413,0.052598368700206184,0.13211544004544948,0.07050263462529506,0.038537831153818584,0.06416281213970947,0.3575373764560485
0.0076779859232469876,0.019929760847241795,0.5021237889850118,0.051432043863721806,0.06674940530700921,0.017474996301163153,0.22549637159574776,0.06337241173268052,0.045743235444176966
0.1173482157967672,0.03470678494731116,0.2676583621175384,0.1102231525508817,0.051274981163353744,0.024142803256990097,0.33968290392508854,0.031651886688869445,0.023310909553199755
0.10990158226372969,0.16222619816040082,0.21576163721033959,0.2189494999695961,0.040412629261557406,0.07041175422127556,0.047544403155210684,0.05887091191024105,0.07592138384764917
0.0520608899967244,0.010509391783950004,0.27806637792076805,0.11786736508311298,0.05733200253792712,0.029956347189665434,0.3469745792960095,0.0745887188941486,0.03264432729769386
0.04814535203451207,0.005720022955418516,0.4800603641976675,0.021204310771214336,0.010151964506340325,0.04401249293479422,0.14350612279092914,0.039962696939747806,0.20723667286937605
0.06578843844016831,0.023451411356893746,0.6466524609086233,0.0482387046728191,0.015448407077993788,0.02384963326822495,0.03592334075303235,0.009079678350363307,0.13156792517188118
0.152614148801497,0.022838136406973315,0.07967234800951917,0.09513465297095275,0.005630370797065011,0.008003795926933161,0.022748526090033142,0.03889118889874827,0.5744668320982781
0.017791575561880966,0.32023702998688425,0.12172742116108058,0.12186374481057592,0.028522318946345892,0.20411584451673528,0.024000561221143236,0.10581438008662307,0.05592712370873085
0.009709542269090763,0.054346142437509536,0.43964826261665935,0.07505215002680404,0.13354075981077793,0.09361477445193996,0.09970413505503968,0.07473132726536293,0.019652906066815686
0.0846075575033644,0.030750909710202955,0.2542326098546099,0.12447030291159457,0.03329509453656911,0.03844308276551768,0.052857159204986376,0.015638387079370836,0.3657048964337842
0.043519355570752406,0.010680495719560696,0.23790319306844268,0.16111893527085377,0.06932718606846525,0.052909895148778786,0.25557709157315983,0.04483300917812239,0.12413083840186402
0.018860139241469724,0.004552777061795074,0.349944360955808,0.07906404976739513,0.11258538590787365,0.18166216061572546,0.14409077197528886,0.0782760045159364,0.03096434995870775
0.09059044419047313,0.05842265988779769,0.4283690285838753,0.21856578625306322,0.028320266693947344,0.024533885431052005,0.09313296397468046,0.032210263323097975,0.02585470166201287
0.09997473230775474,0.05171867335220518,0.19467853977764796,0.052608189030193465,0.042382075427682686,0.04528842807310412,0.008298351498601078,0.08857358604002248,0.4164774244927882
0.051152412743301345,0.06272783436859357,0.09390165001532734,0.1761860640269707,0.18934196411063034,0.04126218675444442,0.09193087301313384,0.16435137258122828,0.12914564238637016
0.18647618323686074,0.11657218940698129,0.11231205535042373,0.09437311411564159,0.1205368783704416,0.07222198595378293,0.10420568891949665,0.07023427367690865,0.12306763096946283
0.35272840903103037,0.10771409616427695,0.27442766278310216,0.03079494006443818,0.03428811004003097,0.07949336510720544,0.07021658513804946,0.019339400416438297,0.030997431255428174
0.035593890748270775,0.1386404579037727,0.030567835363825045,0.05182052882189838,0.1495548658646968,0.3208754944891826,0.05801252865745496,0.11834327859132639,0.09659111955957235
0.03312874711865122,0.025438490312653064,0.5526257084863286,0.08074323595804354,0.026703118246499152,0.0340082400822345,0.20870657246634897,0.030565626045382918,0.00808026128385793
0.012617528954648863,0.011435314300422087,0.32051154483448335,0.4783044258294207,0.06958516111265357,0.038474994537614805,0.05019058660851491,0.009911951776135552,0.008968492046106197
0.04861563932852512,0.02119643133877122,0.6328642105907588,0.024571371304674586,0.030591941740306463,0.007006153354840758,0.1465870344097812,0.030103741386257644,0.05846347654608416
0.06512265447886065,0.03528730944304025,0.2903140164260893,0.0662076296756951,0.011195090834442208,0.21060159044913995,0.08512894687755851,0.17226930976256363,0.06387345205261037
0.07966402668402955,0.04893910713028656,0.3198178605251725,0.038670936993876186,0.016052811312391526,0.02423150197268519,0.40220652629957626,0.022462198497528698,0.04795503058445333
0.008407643422710621,0.016776964658672202,0.4720618174197801,0.17189652476856768,0.2188096792391611,0.024143987134898445,0.03347572460827623,0.032743952762904045,0.02168370598502954
0.021525509763232697,0.02788567658113943,0.17450666294912728,0.3809271714043687,0.12817087274825717,0.037847510178838396,0.10291739402091675,0.1136466065646723,0.012572595789447187
0.018694772349574413,0.1294902101339945,0.2692988313732256,0.22827255676604308,0.030631851659412724,0.04687552880760796,0.1311265483619114,0.054543658170031005,0.09106604237819932
0.03406598709830983,0.01556382656896819,0.48390286240898556,0.17258670653335081,0.025604743175080796,0.08408605852814875,0.13795381931773368,0.03582189367212856,0.010414102697293877
0.05202376403193711,0.025934735410150612,0.23007472471997928,0.3663244149949299,0.12864587930496907,0.06630774198006012,0.051127371641699566,0.052586185068576353,0.02697518284769797
0.04308339388530222,0.06416578928318577,0.14634039611124264,0.3776838202654799,0.03460060567398578,0.039657940318571595,0.03154959832333152,0.1407802368258489,0.12213821931305165
0.016380489819404,0.09096418226016789,0.5573226835543694,0.09117434889402083,0.07746125760688169,0.03906981464112106,0.03946623915855126,0.03659896828386894,0.051562015781614866
0.02532586981472555,0.10419773112717912,0.1797494521659763,0.39022793195448674,0.03962088479383181,0.09723594347152655,0.06342732972116381,0.0636321385019001,0.03658271844921007
0.060076209704181954,0.060451303584804085,0.1566286281578235,0.033757639684576325,0.01644002770651415,0.075761895552942,0.31232386916358135,0.05770614806445792,0.2268542783811188
0.047671898976963036,0.24956180574300413,0.20244100181367766,0.18033118277563664,0.09105783015954894,0.022944264237688233,0.07931954493895645,0.027578307269423424,0.09909416408510147
0.009477126744615408,0.07281795129667352,0.4562953212567808,0.012388380546961527,0.029235555239797872,0.04551203888253058,0.025273446443343627,0.034852578661917454,0.3141476009273792
0.17496008309590125,0.023715847866762563,0.338839344996887,0.10122187503374643,0.0485963464908479,0.02697283074043862,0.02009904234018999,0.07999928416924496,0.18559534526598118
0.11699850722353282,0.036662492706027415,0.18590338088325598,0.0790772606854173,0.07614273596951425,0.061456175490317545,0.07380292662702238,0.20629620732261847,0.16366031309229387
0.25994942982036434,0.016973617394289254,0.2855869769496699,0.035403846086901856,0.003023039774128011,0.025965804528893837,0.015211536142641249,0.014765180231035069,0.3431205690720765
0.0500009060941902,0.023934563723270113,0.33933454797977386,0.30731725315655384,0.06822592192650014,0.03047237076259905,0.07055278769739139,0.03126871360198455,0.07889293505773683
0.055249589003982545,0.03403229399421117,0.1679303038063268,0.11893813055103514,0.010463877847042344,0.0029072284796063715,0.4843974225791097,0.04433022567706534,0.08175092806162053
0.07508177960446792,0.01781107808003855,0.563936849174213,0.025595344147392826,0.02562350188745287,0.05871780252059786,0.0762728529340786,0.012243409430907343,0.14471738222085087
0.042305287259213314,0.32629315492582395,0.057604443746296426,0.1390647470059924,0.0688382912578201,0.027337127852768938,0.16338877886651781,0.11078182559362126,0.06438634349194579
0.19361068049327132,0.04315578878164065,0.2394521704586924,0.18057007206808193,0.01190989147880743,0.02717057547941797,0.23660679244499702,0.02079490396002905,0.046729124835062225
0.1617745025037606,0.05367482755017005,0.11559813407530524,0.08277151190964138,0.02163638759887392,0.3788518526991001,0.0638958534756885,0.053681903916087605,0.06811502627137246
0.11358989485336722,0.011969720942786874,0.5739121895048308,0.021864479443243434,0.000647356167500402,0.06814613759817832,0.06767494964526188,0.005390423623557551,0.13680484822127356
0.0377400878489455,0.03683630162911861,0.05766713231384047,0.11639141010220157,0.11425949607849395,0.49273134191937906,0.016398397164310147,0.08248409765532182,0.04549173528838881
0.02474892215853437,0.30780513263750425,0.1678466195828867,0.09569080363348041,0.06492810348400758,0.11729567649175732,0.040256267432482624,0.1423698521607724,0.03905862241857439
