0.08038070720762787,0.017923210740258242,0.08278504361128809,0.02348593594184695,0.03687583671228167,0.5823345779906536,0.05653297053922759,0.04979553451914733,0.06988618273766864
0.27983032665620217,0.02156950018637926,0.04934724509025082,0.04779441259726117,0.258704998952215,0.1432018664449737,0.02238113025055623,0.1487183544186199,0.028452165403541608
0.2980971397883008,0.06129250054161219,0.07646897378507084,0.07436337410433021,0.222679920836008,0.08295150687449004,0.03699007951444334,0.061897575852132625,0.08525892870361186
0.03123801759615447,0.0512391732886588,0.10281256777476534,0.3868077389211566,0.20656116688697787,0.02083401097359468,0.10772611620371013,0.0485504352091957,0.04423077314578631
0.2701609229512734,0.02241969196384942,0.15483985943482925,0.044564811326565805,0.13612405636739863,0.10424575701850652,0.13860151888953587,0.09168343121454132,0.037359950833499765
0.13723380283213368,0.16163960069896913,0.02437030123547342,0.08676546260998741,0.024342150711765834,0.3699007683072792,0.04438890211193767,0.09499761318303208,0.05636139830942164
0.20495687568349394,0.022814088455928885,0.30125845950167474,0.036842729006521684,0.013065725996551912,0.16964646467599298,0.047193542610820004,0.058594530047587634,0.14562758402142828
0.6104902909019846,0.09943264876459967,0.03367001314859854,0.039546501508962974,0.07494623999454997,0.018057454993335994,0.015404671739034878,0.048121921241893906,0.060330257707039536
0.0651625209079577,0.03923031086983985,0.09494501134182959,0.07983694578523111,0.11054980553807851,0.15700038068675162,0.0832150364533129,0.1005916769222852,0.26946831149471356
0.04577934549124089,0.04166310821409077,0.03135197758811031,0.6667968724993649,0.03603259644961223,0.054939173821303706,0.011261858319854384,0.10009359180317089,0.012081475813251788
0.14671194134711496,0.07039599639443417,0.07693057820450742,0.3435128544598889,0.14406242435647235,0.038982136995466425,0.04390419527484093,0.08274055748213703,0.052759315485137896
0.04485370015528373,0.18635968447408668,0.07909638284956484,0.29102328126302507,0.1191778863316582,0.05232317166852729,0.030773234594155666,0.11175209261649506,0.08464056604720349
0.11770602648826996,0.2684883709059339,0.037543862846008996,0.2683844880675736,0.05880038725780501,0.057032667273648974,0.0519143635723458,0.10048621549107122,0.03964361809734251
0.5344280477069522,0.03838934667988697,0.07956385357180255,0.01969946426509535,0.08380670400037148,0.05144469111821437,0.05246586258333604,0.08596529954600747,0.054236730528333534
0.09564330172175217,0.033184343128815415,0.04513344349104678,0.23670497213163566,0.07329881981952797,0.02015855126940609,0.020277370341290447,0.4669040902101662,0.008695107886359297
0.48435301762237065,0.02557467830187356,0.035692329355566245,0.05000578893525126,0.05695574884567391,0.08748130347653012,0.035194558829748535,0.17328356806926626,0.05145900656371948
0.3308521760969347,0.1427025335689329,0.0764908017330238,0.07720388844282239,0.09810472625773319,0.2004566327761871,0.031260347533166845,0.019174147031887082,0.0237547465593121
0.1078201263129911,0.027619726833033986,0.06573679405739215,0.531938195119296,0.13801009421335467,0.04038962904592346,0.021760874353299,0.03682468407662804,0.029899875988081682
0.29293069906581715,0.13538954713430643,0.20651560348858986,0.0670992190401285,0.015823389242843985,0.11916957993370979,0.04906560033720483,0.06107937973988451,0.05292698201751502
0.11431477931043077,0.03349891934947643,0.5291425588895393,0.1360677975401391,0.035376796389799604,0.03984489275743925,0.028351624327748643,0.031182016917498834,0.05222061451792818
0.15510089981632005,0.06671406404022119,0.2420715133366628,0.0947114424182301,0.1561850525570474,0.08140416517710101,0.08021705907309322,0.09591094410322638,0.027684859478097762
0.24340357693258782,0.06101864685974964,0.17766604924295767,0.15446611994510834,0.06512341393699608,0.0992286315588848,0.06056491160338484,0.10330690953204864,0.035221740388282165
0.1273312180919353,0.20505748121824086,0.13000861867478783,0.10219577662821884,0.05890732171120955,0.06456992911790456,0.06645805761378921,0.07622072866467336,0.16925086827924055
0.14399062125283582,0.04629857031343291,0.0577278265970648,0.0752058717674945,0.12767613526850372,0.06360022206922984,0.08293531747341762,0.05325218308382492,0.3493132521741959
0.13296904689194178,0.10235894734887613,0.11565359490289388,0.1724056799373197,0.2456169037827908,0.0625139881754253,0.04716772665699235,0.05805158418890969,0.06326252811485032
0.061286557525589334,0.11541523740089199,0.06676709991593034,0.43326963106048993,0.09198152715305564,0.13549610566979473,0.03542980940167967,0.03249809282909268,0.027855939043475757
0.0542935222381846,0.30016285151667316,0.11463287095141701,0.23978497669778107,0.09832859021301654,0.042590880344135586,0.03322937814033098,0.04573270451922251,0.07124422537923857
0.04545792650510461,0.05425123322426426,0.2423442180784335,0.09968088411356064,0.2919305804379057,0.015300988468467938,0.11679511131008145,0.020757596009051246,0.11348146185313061
0.07362806036030106,0.019325247973567997,0.01486384714828006,0.5608896417367976,0.16093730771934853,0.042323869238716984,0.015841725981309507,0.10422221290214119,0.007968086939537046
0.3472287224859474,0.054682203767851205,0.12401032672119754,0.04247866647511061,0.03966022722283982,0.09790939760527224,0.04878018767679687,0.03941266739485931,0.2058376006501251
0.10762440685035406,0.03784256395956502,0.07493991219374822,0.09984577081639773,0.1121217352141642,0.02022350199099417,0.02063904603623443,0.4966465887193971,0.03011647421914505
0.06478723847093026,0.03750405422284247,0.1245514997436495,0.12598245592717866,0.4095593339635135,0.008551346554442675,0.06697499119155499,0.09186622517402136,0.07022285475186657
0.07288851042012283,0.08492251096931491,0.21253162753778168,0.20491479819664649,0.17561604620993232,0.04257558872922304,0.08121847195927923,0.05874869314007738,0.06658375283762209
0.07444954583241191,0.10361898397384912,0.08656304559333394,0.4359756476727505,0.07113616052066259,0.03830990875735992,0.019946181903757233,0.12742574531557094,0.04257478043030383
0.03067075512763189,0.04906983942134538,0.04703866831836745,0.4992765504429911,0.08019993350315648,0.02302318259063203,0.1418649836156576,0.09185124214037992,0.03700484483983816
0.36646144811866965,0.0222872171909342,0.13615556281893937,0.05457124423753546,0.052066054437749004,0.040431629213671404,0.03183673681555737,0.26541753445425376,0.030772572712689832
0.061832837807143576,0.2420281928944608,0.05671038978579715,0.21538836982514065,0.05052692272657509,0.07613830003964146,0.07669350786274202,0.10661448739052655,0.11406699166797281
0.1716268366623066,0.18096025111842193,0.051582651063258156,0.13375223894369861,0.055765087038938926,0.06560855301078312,0.06782132319008953,0.16074032547612296,0.11214273349638015
0.07293534206323118,0.08535694958615708,0.038123727481167546,0.25663881828060636,0.14788874038683344,0.09767809225657059,0.1309230815297098,0.09607852931767424,0.07437671909804976
0.061588629328139154,0.15426012024132546,0.06216744044591906,0.5585241429307847,0.051327989203056874,0.02681579603902642,0.014732129225887217,0.029587282599377016,0.04099646998648428
0.09813218193100685,0.0849888497926947,0.17770999519227407,0.1522001024909425,0.10173211689047827,0.09529313456844944,0.0626874221483055,0.14285068771638462,0.08440550926946407
0.04023204784831436,0.05092664725168509,0.05632732394467891,0.049067613355924106,0.5432293720855351,0.024508134141058662,0.11791698723739223,0.034978227900954194,0.08281364623445722
0.021226576072903996,0.07586625010659352,0.23690327840380707,0.10839623319000713,0.04573018610040288,0.19512531408940995,0.14690404995848574,0.055059684257436646,0.11478842782095307
0.14536940707304546,0.2694898699627826,0.037943558911318134,0.2732916497814814,0.039914262168307006,0.09392370509886121,0.024916078046418155,0.08341554247958094,0.03173592647820509
0.07609210491152307,0.08384563075715575,0.04490792752413069,0.4067170059888574,0.07775001677099415,0.12347564554571322,0.041625143098221004,0.055987045637120654,0.08959947976628407
0.24526056872410984,0.07290346666766216,0.09354785458822495,0.0906182077480641,0.07061918398088778,0.10174878761002383,0.0570481010813332,0.20043203896365125,0.06782179063604293
0.09633549544659357,0.17908961264949527,0.09886119417025678,0.11344990450369902,0.23921690811677424,0.05203763625720562,0.12230176273232467,0.026844705456068384,0.0718627806675824
0.41229824197492054,0.12040950998647482,0.06266509416693568,0.047885080831708206,0.10621825149188423,0.04368555584001588,0.1120922797563522,0.028606570160336343,0.06613941579137209
0.03325961457316662,0.06705690817980324,0.03595712412083213,0.5906601294470358,0.06052766387689185,0.04803843209330824,0.035990371262841596,0.07206774865547642,0.05644200779064416
0.1025427562261535,0.03383342701304348,0.05616530926379179,0.4909518340643743,0.06094239639049914,0.06302424371015532,0.04421473789695915,0.11599329926339984,0.03233199617162345
0.03767732853737682,0.1441995600578945,0.04928466249124138,0.3574459868060964,0.08562903372713872,0.0753716507664386,0.06737066188369377,0.07936229039529986,0.10365882533481992
0.5292854157199007,0.019195141777868484,0.04237766883780534,0.121820147324963,0.10709641271092936,0.05506629363811333,0.037805152704703,0.04450460289024321,0.04284916439547346
0.12186879840084319,0.01922085068589063,0.3010194453453856,0.08274487067682763,0.11921850837288668,0.05085977395128566,0.07964793435924392,0.035801647846951494,0.18961817036068515
0.5184988521702726,0.030882368427907522,0.0374413310895876,0.09549228736214298,0.06914037158208122,0.04852317608916703,0.02695317843563716,0.13138638980075976,0.04168204504244419
0.4760570219903763,0.08686045550842891,0.052122922716187174,0.10278218798632777,0.060258858805117686,0.0692804493291911,0.02691488346950627,0.08672241516216339,0.03900080503270134
0.028918789513730125,0.16253285257751282,0.09521073538790682,0.2212627879903035,0.36363252326730405,0.013435655366956395,0.034093738822596406,0.0342745849115867,0.04663833216210327
0.1446643278830721,0.09662259496111929,0.05619766365072928,0.14700098235862358,0.02937687768174387,0.09445243500631272,0.026970382155966404,0.3712274242918406,0.03348731201059216
0.15504894398497573,0.019160643019809975,0.15561197997598075,0.01838997825574686,0.07188743246965466,0.026309988338380275,0.026257850942497097,0.08289209586954929,0.4444410871434053
0.14209808370697255,0.12066453875074136,0.05934506941018625,0.057939332110826434,0.10059339976293635,0.06694070689654019,0.08398169700186799,0.07400510688446536,0.2944320654754634
0.015132856588669879,0.07964174004287934,0.14317698823897526,0.1955658267624777,0.2907421951817096,0.018511495235611634,0.015083940606342057,0.051576880112631035,0.19056807723070335
0.2002794124613835,0.09185813383953356,0.11384632686894726,0.10575424174533771,0.24061461726128508,0.07105420250066528,0.024812438410635077,0.128724363647323,0.02305626326488955
0.25633721805573195,0.030713409696592583,0.13199316473232406,0.09307073478863398,0.20323517796893728,0.026359375191302534,0.13518908620040507,0.04405711797734247,0.07904471538873016
0.06582006289059726,0.057012513578702705,0.36701961113961895,0.12330169686244884,0.031197530517832663,0.11370728804728958,0.07040903895522889,0.09627704524690377,0.07525521276137732
0.2130892493925006,0.08142719757084434,0.26809724164491366,0.038829641454133194,0.07933572665264116,0.07710957367705572,0.07746681853343489,0.06934721763891064,0.09529733343556583
0.11756983134620802,0.10884628063417034,0.0725312547155781,0.3377018139528742,0.16041183217781776,0.07178130042095006,0.051146532462725804,0.030288164093268805,0.04972299019640686
0.045601528850248825,0.04351520517539054,0.07408699001635909,0.0437516720051806,0.037479230885259715,0.1691287406992564,0.07972197331539149,0.04578636099866488,0.46092829805424845
0.10619955841928408,0.05362024612516192,0.04387157146478898,0.11346509873367072,0.05371269367697132,0.07932225895996677,0.43070420974438856,0.05738567994606412,0.0617186829297035
0.07217372678827678,0.04486494231898619,0.22272983034971985,0.21513426846043804,0.15073281769461466,0.00941873334415804,0.11359115654859747,0.06112536821808604,0.11022915627712289
0.062436638251417965,0.05941353893302095,0.37061757942927986,0.1295162361510598,0.048328926567445585,0.13096302169602017,0.031462095332503624,0.0345139912628237,0.13274797237642827
0.050859513819104855,0.02917966176325883,0.12288619066155955,0.2800672471733952,0.2541958287793421,0.105643124156111,0.07372233987467572,0.04850651678214465,0.03493957699040801
0.017498788468425615,0.11667749774299763,0.07807168060321391,0.11653391558625016,0.0395180890775777,0.47792649741093346,0.04561972864702831,0.024965127230917733,0.0831886752326555
0.2610862127732258,0.01909552016783171,0.1754663249757238,0.051982079125280446,0.04389172039444178,0.2403896634822442,0.024696019033601954,0.030366258186142983,0.15302620186150742
0.15871656930752162,0.05893070813174595,0.044836099610564485,0.05055726394891425,0.02857458559817069,0.2705993902642478,0.06407754189352419,0.12024165124041974,0.20346619000489122
0.12458467660720303,0.06975716703017201,0.12822014272264223,0.15287138354997468,0.050348807473320205,0.20177479792083472,0.10444287205489222,0.07430662046022854,0.09369353218073229
0.17697552363336908,0.17533598363544936,0.1156220445026977,0.0754309647253555,0.06001209316979928,0.16179385383489778,0.04843962675964092,0.08447565475082246,0.10191425498796787
0.1623972435389758,0.036717882138612025,0.24743759003152666,0.09063008904464642,0.054555170273818544,0.13267166384109538,0.07232540617768542,0.16387704541164463,0.039387909541995086
0.058151271307158636,0.06488638895024175,0.0894543969811273,0.3616869524829713,0.18810160594048284,0.031434070313271036,0.14838955199050477,0.028481120731067133,0.029414641303175254
0.037560668012453585,0.052456578023105487,0.1968304961269736,0.18257995464300172,0.026572488490790285,0.04449185746567669,0.02216817074233095,0.17084254917708078,0.26649723731858693
0.04315375622351272,0.0640039873974844,0.026066029896252632,0.6811599324963932,0.024561601119848092,0.03580213218286887,0.019136958136668863,0.07022022596277887,0.03589537658419246
0.07310450654120278,0.06698740504083317,0.08786785288935454,0.5278529327579299,0.07431519514646966,0.04835872972018244,0.02953677507860772,0.06108286471558807,0.03089373810983175
0.07464567077593222,0.0341893179821705,0.09544417596796377,0.07244755609624787,0.37148023695244065,0.0369078870748589,0.08722976092770622,0.17242472318608526,0.0552306710365946
0.27460393940629785,0.09646096188133191,0.09127565987550128,0.04848313694748315,0.11618444928170424,0.06392848174733341,0.08034844616889496,0.09235216052659125,0.13636276416486195
0.15908379546637555,0.07861803936556645,0.06607135948171378,0.09152503014291276,0.04117543494135568,0.046745758695339513,0.04693561028158836,0.2960600853653217,0.17378488625982622
0.5814639757435521,0.03333935267051561,0.033199391503227954,0.06735856904323816,0.060803551467998866,0.05818473545015199,0.0407979139258706,0.10725846600085877,0.017594044194585736
0.17290242233600805,0.03987013609478774,0.39814374952217535,0.02836011672358002,0.08761681134148812,0.04389054788464585,0.021513335189089326,0.06973360647976179,0.1379692744284636
0.26539103938589753,0.12568782494461,0.052801343721995166,0.2581363945107384,0.04105165500000346,0.11303195604640637,0.08125173884425073,0.02641748521558775,0.03623056233051058
0.14147139200316983,0.025042549712791035,0.43718668913539926,0.11565290659532697,0.01768750605783601,0.09243996309639517,0.05060613731694837,0.054268070877803026,0.0656447852043303
0.6007373534751509,0.04551763332659218,0.03547006850932901,0.04466568061283235,0.010121469677884765,0.043186719286519674,0.028572452587364336,0.16913691032733738,0.02259171219698944
0.08821484055141138,0.07423228861517239,0.2701340015281532,0.24251865923735927,0.08059555935772349,0.07995318439397318,0.03522603176231801,0.073198014721422,0.05592741983246705
0.08605447274301176,0.014878510554738595,0.6486680460279982,0.012263749291390008,0.024063042278109997,0.027697885674096537,0.013259172145198906,0.1120001478082302,0.061114973477225776
0.1435636791583189,0.05806552579821434,0.072121085432433,0.14922243467974447,0.040028669795747936,0.05902136309339067,0.09821224531688298,0.04952218398874536,0.3302428127365224
0.5443868136180453,0.044522642190262425,0.09311708263103217,0.07620803619680762,0.021725436629365005,0.060326114735324426,0.05011526716741518,0.048536374814515164,0.061062232017232716
0.0372193676250728,0.02567457639880237,0.18473290902908543,0.18447636262841072,0.48238057908869286,0.006964315617976531,0.03416490553675635,0.03032494912225042,0.014062034952952463
0.19621525893739544,0.02560204859631708,0.10794828907050776,0.1175159232906939,0.1645603049737114,0.08116087540547877,0.07771551244473611,0.0981685603540799,0.1311132269270796
0.035248863471658155,0.04733729210245693,0.25776075900873724,0.04433002465059429,0.10321441037857178,0.04268442945236722,0.05113808550275439,0.27708144184690636,0.14120469358595364
0.588048801414112,0.03678729879067345,0.029789111251438433,0.05707711450757746,0.07057296101156521,0.05021870873155526,0.04057109459042388,0.10067025905733255,0.026264650645321786
0.021753489701339165,0.13792408599808584,0.04737588959702354,0.579042585094446,0.06526740426904797,0.028773941530496814,0.015485311748537683,0.05637309113686606,0.048004200924157046
0.5335085521241546,0.029511490469669874,0.0528174726101712,0.04613468856310299,0.07410461757457744,0.07074877534749442,0.018236889582201616,0.15876232255841186,0.01617519117021598
0.08032610812596769,0.15228955327492452,0.2016903568666529,0.14584268335503978,0.06735707192783104,0.06392365730677171,0.024457162312013014,0.05087864275802212,0.21323476407277733
0.042814119214424184,0.06496885807088645,0.06141597380473568,0.376873061185953,0.14741689585214385,0.050591652071044026,0.16504769950030584,0.057040160414352954,0.033831579886154116
0.12367396052742674,0.05712999652480851,0.10732034898634939,0.08285386632222079,0.059846584579288604,0.18243396365306386,0.14291169844868434,0.12066271757594904,0.12316686338220878
0.14143930440858354,0.048788691397481175,0.08078566471286648,0.23613826505874538,0.09621128223006219,0.17778477275699708,0.04319558149667616,0.08817506091138676,0.08748137702720123
0.20152656024411245,0.05494277150995395,0.07375468765818403,0.13014037658008634,0.06427053266300642,0.10259476356761259,0.07643679957679213,0.11053930189115473,0.18579420630909738
0.017132914513636046,0.034095184477813796,0.16493154909053967,0.022567252139587157,0.024810428157948854,0.45554170235221036,0.026500334904602223,0.04212083201418724,0.21229980234947465
0.09666850452500188,0.043668674263375895,0.09154565517467618,0.3463681543056362,0.07219977196642476,0.07395682320251495,0.11375000502467629,0.07141029735224085,0.09043211418545304
0.18141284611778907,0.048062866706565004,0.21551462928963142,0.2238769993149261,0.044144530048593034,0.10815792352187827,0.0658295707058442,0.06387945191267104,0.04912118238210189
0.15007835773305353,0.035761229192835524,0.2518762928718318,0.19373189176399522,0.03647583154654578,0.05968663878901163,0.051779960289973496,0.17619956173719772,0.04441023607555531
0.5529414023838316,0.03190632937024074,0.06265608673705962,0.055124455740535476,0.07244074494662688,0.06830599186426532,0.044039744698551764,0.09046706972793483,0.02211817453095372
0.028562785213757404,0.055287464114008124,0.14755307092435646,0.06581043814307212,0.04604788953822935,0.29086953795327614,0.032222564923219905,0.05579216637139328,0.2778540828186873
0.16817332098008295,0.09108088839969891,0.1045874846067772,0.1182601171649576,0.2775724867433419,0.04729820240742375,0.08317382464181515,0.07769967835511109,0.03215399670079137
0.23465793871711793,0.1417785974652895,0.14531184491596397,0.02848648119412733,0.09393852658243113,0.03302211518650951,0.018154325059144227,0.09132237237190283,0.21332779850751357
0.04633013770268515,0.053232027742647126,0.05077192869058792,0.5826503476909047,0.11910014340045061,0.023334108985297804,0.008961249601914236,0.09438064956986188,0.021239406615650495
