0.660367336876902,0.044256981847647814,0.03696118848942461,0.04454753707164586,0.00712945234897525,0.021390247486313574,0.12049682455719075,0.03984338353833572,0.025007047783564464
0.05207661836983605,0.01412642713877033,0.02406931674980058,0.009934294345057128,0.45154942396811276,0.07368376059787367,0.024793642479822135,0.026057037268791727,0.32370947908193565
0.022039072762493967,0.056916612391818056,0.7003627063642353,0.006583747490513443,0.022738595652497137,0.03509533552788379,0.10614981938236301,0.04142635466703534,0.008687755761159896
0.054749330804863106,0.0564751930301299,0.022895819361256994,0.1478099127648718,0.18519613033639923,0.12601923321963437,0.17044058521672692,0.05184912589991913,0.1845646693661986
0.10600607070320885,0.37123087197096954,0.03626725942627812,0.053309804488645605,0.03115545559766399,0.08762222804873383,0.09619109845017242,0.028464399868801078,0.1897528114455267
0.02692147498846109,0.0173501554188974,0.05870492280310315,0.1575618916660417,0.04225878289614463,0.5508956931481435,0.022422579449041607,0.03102628403578465,0.09285821559438233
0.05581999227820489,0.07662611853911427,0.05762047718904334,0.06564671523965226,0.09612626600616937,0.05794302888596026,0.10930397964442602,0.14473715039597382,0.3361762718214558
0.15353947433614495,0.04802707068687937,0.03292441893894885,0.11243046488617654,0.19840547980740839,0.04263867650143328,0.14752099906004557,0.03981806544734689,0.22469535033561625
0.12257015941163907,0.07339670035705671,0.03533655748199892,0.01648544501270264,0.22738160247157335,0.0377784985461251,0.02870926811653271,0.08630143022823307,0.3720403383741384
0.08685307688161718,0.03798603998451781,0.038079728899049224,0.23667843456684867,0.11704578285131774,0.11657854887461185,0.06014463105300364,0.06195616091205284,0.24467759597698105
0.6400745363883807,0.09204463731011374,0.02613940688570474,0.02710628590866304,0.029558362270165145,0.019049379568577447,0.05651699712223266,0.027114434429518053,0.08239596011664438
0.017077978173539215,0.1092771008410709,0.04379420456702157,0.31552230035490153,0.10714861444407053,0.07293778479316905,0.03345684717827369,0.16313598621810935,0.13764918342984409
0.0699076133507046,0.0629708429147705,0.054944990090895984,0.4197823075825939,0.11124012370130243,0.050629044683496084,0.03778064544129038,0.06919373692742585,0.12355069530752032
0.20013250391143833,0.18989391839632172,0.045117035620421776,0.028502454118234894,0.08108362644856403,0.12016956158869994,0.17586227947027763,0.07628313785919592,0.08295548258684589
0.09710969696460087,0.2605826454997286,0.030853267084716435,0.09967987069025352,0.3811043228817686,0.020148685578156553,0.003522507429803212,0.05764644561755917,0.049352558253413
0.04088032673004917,0.18194776429877987,0.15445241167294638,0.06850732143129477,0.04873837228738496,0.0636348719200029,0.2101709307807541,0.13764369062186652,0.0940243102569213
0.04268822585444804,0.04847412903599044,0.030813332423146832,0.03599922637241607,0.6478360185378912,0.06682327781849416,0.018344941721201116,0.042641238455175555,0.06637960978123651
0.08581345931767692,0.03559470479068793,0.025726176827805827,0.03586835450581607,0.6807526045941977,0.02916232429723691,0.01257778404966635,0.038521014310841574,0.055983577306070655
0.10293424668507911,0.0815084480457376,0.08043642488321523,0.015615420574209053,0.13937666791306377,0.019685526223784694,0.0795278662057088,0.22166304586013827,0.2592523536090635
0.06541630198824597,0.021897551000860178,0.05139877499334458,0.11411820622173822,0.29470194327301735,0.023805768894916257,0.03846458903005199,0.14326289079782448,0.24693397380000096
0.142430021543403,0.025909482730773686,0.03791070022164275,0.036652740134660695,0.1874367346696105,0.11843163864737898,0.06506869398835563,0.06318213340433186,0.3229778546598429
0.2435605888513398,0.038154111564907944,0.04703233737010016,0.02705429946465665,0.07740338204236197,0.018839033738750035,0.05970136410795341,0.06785716198593705,0.4203977208739929
0.19029990103806407,0.031668790116715965,0.038509293819987384,0.18102741005703318,0.10761901789974467,0.051554894000106904,0.03246869036496902,0.0840184559608657,0.2828335467425132
0.5140854393873969,0.06268653018002987,0.05477979137551098,0.023437679447099857,0.12958173319905938,0.04500329519087438,0.02890795626014149,0.054964933532853755,0.0865526414270333
0.23490078961749064,0.07450292838984904,0.039120438596359504,0.04122412116835595,0.09823182047402657,0.08871697804529129,0.067736915172274,0.02955460774224865,0.32601140079410434
0.017434064648468847,0.19619987342290257,0.06388201204147483,0.015105509263671804,0.06642218451723503,0.2470972467319985,0.1289652588051282,0.21493795512752698,0.0499558954415932
0.1701620016470078,0.06771579568917109,0.18237434782533676,0.1666698294800432,0.10820269124388714,0.0453335520322907,0.07685478073263391,0.08516997163516404,0.09751702971446541
0.062001827153529705,0.05416288882776308,0.06730190814821552,0.06679314844952543,0.03598062323107933,0.5812778384692147,0.015365604722670656,0.04056196748678418,0.07655419351121746
0.052555093079133613,0.16834948709532574,0.03319968107768672,0.08688790397673489,0.11127534427259607,0.11293496644458134,0.1534630728289628,0.057198899422184,0.22413555180279476
0.09433709183101491,0.05600621724891982,0.06865531866889855,0.10507744775358324,0.11255469434696334,0.15010628645204235,0.06261190748444685,0.028446393337422646,0.32220464287670825
0.2004880510131266,0.10106965238617627,0.0454561323199969,0.051644295594848184,0.18418374849773153,0.017750187388265316,0.100854613549392,0.06236906352626833,0.23618425572419488
0.02764429411272577,0.07240402222884618,0.6949854492897255,0.011179479420710894,0.05286231294983646,0.02386238391101674,0.062421095299686834,0.02528417115714801,0.029356791630303507
0.06391594342586185,0.08156624541478576,0.01970880056328707,0.18408490983181722,0.19856358536944932,0.06719742725735817,0.0989010895115678,0.05126234615547178,0.23479965247040102
0.042285739552755025,0.059614825251557785,0.02025353312918998,0.1277179877797335,0.15086869704095,0.13529502077280753,0.09627851365274209,0.045447299736248205,0.3222383830840159
0.018438634159282243,0.11723177454233313,0.04182645785059838,0.03097547524801918,0.06184757105925128,0.5353348412387887,0.05531160387199996,0.021735693210725496,0.11729794881900162
0.07762992945707821,0.1152194690376503,0.04535715835415983,0.04676743393426297,0.08971307342858964,0.07232954498075854,0.44066706336428857,0.021518222956398148,0.09079810448681376
0.08466043781631917,0.08646867139700616,0.031186647746160794,0.15440381377456316,0.13570672981258544,0.09271962209036778,0.09305297596583739,0.027207388645011682,0.2945937127521483
0.0447818139332035,0.03668364661415673,0.025300887046979404,0.025900575860763674,0.6355621357878491,0.03930487955502738,0.03502148769881092,0.05506872035025192,0.10237585315295723
0.03008962167775712,0.21040588941249064,0.01666259761308214,0.17856195647529272,0.08939968784425685,0.2539848187881399,0.04193705354904029,0.05847674466977584,0.12048162997016454
0.03880729204393415,0.12679579518710105,0.06336612459588638,0.0396937610417303,0.13465575405316918,0.03808927484294514,0.1343835395251844,0.07042118334977239,0.35378727536027704
0.032134941800519595,0.12133707504750663,0.053697820984414384,0.04171103323925612,0.13249737598242262,0.14531544377842787,0.12454085299597138,0.10998044632831923,0.23878500984316212
0.20529345079263242,0.02244882250404337,0.042940483749017454,0.008904225944084958,0.040748264406186285,0.5294856348632312,0.02152985392246674,0.029569581681888658,0.0990796821364489
0.07757793461431041,0.1521828376319075,0.05105038071427905,0.045120079949725035,0.08005566576867912,0.09914609524535635,0.24016047022734222,0.1104424644939851,0.14426407135441507
0.022231414161051313,0.07834162628283388,0.6914758619617603,0.010296021427881037,0.036143374677925756,0.037821326755349084,0.08522838352635337,0.020866139928713116,0.017595851278132242
0.034731737751216046,0.24565501112928503,0.04773657798997357,0.05280908812423434,0.02041933494391898,0.1933155304408297,0.041802468996896915,0.3193272142068056,0.04420303641683996
0.0202821652142323,0.11495129508159102,0.02887917951517696,0.08001051633340195,0.14019613448506144,0.3970540570582823,0.05250832829472685,0.047918823138330936,0.1181995008791963
0.03623452143307064,0.29558571036360015,0.09544193764232244,0.018137799742514657,0.015104759341540085,0.24442324788912603,0.18967023215126644,0.04189641837779282,0.06350537305876681
0.01631933119991486,0.22064430876623276,0.04438508754159201,0.015306316264525626,0.18446827072871066,0.15078976787487494,0.12444409997536958,0.18219270999189938,0.06145010765688016
0.050093398865807326,0.07308891766986082,0.08179680289228917,0.19708519590937812,0.01617495903954466,0.29174617138210657,0.10970185329563585,0.10435193159378263,0.07596076935159486
0.08133607577455924,0.038404303770232524,0.21229557932780385,0.2767950808667176,0.12142104359937465,0.0428475060225,0.05892844292914647,0.02596209977614779,0.14200986793351786
0.12202835688797768,0.08443691109282654,0.045426137319135355,0.19053733014891425,0.1684506610541825,0.13875700126826226,0.0634044123359009,0.13113224707131188,0.05582694282148859
0.11286051660272407,0.14248407669385613,0.03004195810917155,0.05690587379944134,0.43007425814035,0.047045475477492875,0.010914509752414736,0.06792920377177487,0.10174412765277445
0.08573099372764399,0.04378804831570441,0.11928946862442592,0.008306731423542211,0.1758080550863211,0.12483558544469449,0.0607683397482929,0.33300771047132893,0.04846506715804607
0.02392369305422981,0.34542222490783175,0.046592840464271784,0.0769071428210223,0.05068025960800831,0.29680116504191534,0.08750607224874139,0.03136628611782435,0.040800315736155
