0.07844224306125756,0.052845997414773714,0.013723438413750545,0.04527773713453188,0.18674056316042786,0.48436969173174244,0.013463558104504733,0.09372762772100618,0.03140914325800518
0.08289812309651623,0.05925064337051406,0.04164961073191852,0.08369567815250889,0.5131638914578353,0.05909615371274745,0.07284165325500945,0.043834190632809494,0.043570055590140565
0.04754326242702844,0.053179403078954905,0.03727886033479408,0.03084761453523714,0.23517588221738786,0.09841295715818661,0.34860342785480974,0.08996916940742831,0.05898942298617301
0.06422641996267692,0.0614424980703781,0.03984847614256012,0.0633287023274668,0.03264165049619755,0.05671853355626111,0.5804715704901359,0.020113165597137758,0.0812089833571857
0.26105187682879644,0.07504969129286228,0.03046910661040599,0.05591671423743958,0.016633265414435768,0.030345507837673157,0.07100102700393095,0.030741140251164104,0.42879167052329187
0.08660327555709811,0.11097995189516528,0.10303105257827339,0.13831035094808494,0.059093920402124,0.08240350168252612,0.03045440111515213,0.22558979365566614,0.16353375216590985
0.060717592502668914,0.28211150633332965,0.0378504825198876,0.04740369426714406,0.08103151521459047,0.22387379891204937,0.005569297290248774,0.21656195544586074,0.04488015751422045
0.045915454258205944,0.06934099629143402,0.06031528669481249,0.21490691036570572,0.15806845047753462,0.08331645812920448,0.22950388536423794,0.07999380446581399,0.05863875395305073
0.11899306122652702,0.09729719854817791,0.03416766162236818,0.3339424544532596,0.053154523704360496,0.03867658344067656,0.19629799547270996,0.07725558398045693,0.050214937551463334
0.051782794182264974,0.05642195661395281,0.03665436727644921,0.039617638913697656,0.11582779156979113,0.5722620399260775,0.030486283739672198,0.03987984525904231,0.05706728251905226
0.17247906719743486,0.021366853846589724,0.015088473851555895,0.47226967759393873,0.1368994721638261,0.09590622782374607,0.024277558238434385,0.024672844301209144,0.03703982498326527
0.19262320290541782,0.04893131879098689,0.033517832615315914,0.43257654460073397,0.0810119327572079,0.0413455587189124,0.06808375476123285,0.060277206203057314,0.04163264864713504
0.026946682550565173,0.23575439471818757,0.11792135681449144,0.014881325880046668,0.05335046987822468,0.021052234320248248,0.015059673155072867,0.17366291578044,0.34137094690272335
0.2597880243363946,0.07113621269969422,0.17234244010894761,0.06742904640638643,0.06454582013436459,0.09357042033726386,0.10498333902403462,0.04113108543306154,0.12507361151985252
0.06464424473454665,0.2247350706427167,0.03657730088189492,0.07847341778564731,0.17902824427570915,0.09664629835399242,0.08171128936847115,0.1531377471899204,0.08504638676710126
0.06731986144738246,0.07876130656452299,0.04979385637484435,0.46620442454265754,0.051227278763852836,0.11976881193632526,0.09443036112772951,0.028453696512960435,0.04404040272972462
0.007511051267304232,0.1506289702757279,0.0711463696940746,0.006701710748017999,0.05366859284885459,0.5547892729993045,0.013691611751333673,0.09675727589072873,0.04510514452465387
0.4602196916227192,0.059807801711597414,0.1867971003991001,0.030057461448579435,0.059069294542555086,0.03737576792481856,0.021156232168749668,0.045393627492161116,0.10012302268971944
0.3634840858278264,0.24798850818671794,0.0392989198325825,0.10723205310285672,0.016273402527751085,0.0891289024756763,0.007798748010761798,0.04689321765996516,0.08190216237586197
0.4477399729890366,0.06035760822709801,0.02399279423372716,0.06409740783763766,0.15030611586451562,0.08498551017229843,0.04638640716197295,0.088599280457402,0.03353490305631153
0.6256635435501842,0.018327261786993215,0.10318436326646324,0.05164267177384258,0.08835199119035875,0.028328144351262977,0.04472117928236022,0.023220905995952983,0.01655993880258194
0.11518571054707548,0.04987580946924499,0.03382574333432084,0.05482154031740807,0.07540659570539042,0.1249315635767036,0.35444251343406535,0.03764091424803376,0.1538696093677576
0.03681002897639599,0.06003807512991477,0.052606242707637196,0.16407428739114835,0.4257971949061347,0.0207812402676428,0.12923375795817163,0.019242254315862458,0.09141691834709208
0.0670208092020837,0.03187237716522911,0.01566864860319149,0.14131110875045128,0.44002750819712566,0.03865572605960788,0.16002163784684278,0.026833925956804987,0.07858825821866311
0.0756436860590678,0.02477676757254736,0.029005627848528198,0.12626089137283825,0.07800229068315266,0.044386020697098634,0.4291841240672167,0.10437646896431078,0.0883641227352397
0.27899237722014014,0.030165868483020525,0.24490504853894504,0.06460747354097994,0.030840869745526116,0.030154538633218014,0.10721272946446829,0.05483108115180416,0.1582900132218977
0.09767501945841216,0.06484722816683261,0.031360698884455855,0.039116868338523195,0.025056648999721255,0.06251621618609654,0.5707311883131067,0.014786344947346005,0.09390978670550576
0.061208745056672675,0.1337205091804601,0.08451403501757464,0.41140984065251734,0.05189816918693369,0.04634441634455324,0.05713445432773956,0.11806304614293062,0.03570678409061808
0.06437102156932119,0.20097367059294538,0.01800394963475942,0.25783814658806464,0.15921345362714354,0.0703715796325272,0.013468823238297014,0.19800019465904353,0.017759160457898063
0.1774682962554168,0.13373651724109872,0.05971502336131873,0.19094237515164106,0.02317302783813671,0.10001472165571774,0.1000850461672554,0.16466656689256673,0.05019842543684805
0.060940306436400186,0.34919700843546697,0.06543234517250351,0.2277672960904531,0.014002454215858167,0.0808281505256807,0.03277313007859558,0.13626653418073978,0.03279277486430199
0.29926847919047506,0.11159563897259335,0.07682862662858984,0.1878359827596011,0.16427605696604572,0.041831558963437813,0.03033901484102231,0.025298348481842207,0.0627262931963926
0.46486877353001815,0.046549100547872035,0.06504763461583841,0.02609528871604704,0.1371120265112326,0.030241689000972915,0.021566946903393,0.12664181590877785,0.08187672426584801
0.20615911322266522,0.0750449301168909,0.08767330204904383,0.26935115509729796,0.01838849663790081,0.05135198925780308,0.015426108617893895,0.24719969992648014,0.029405205074024294
0.1769864766264083,0.37675469574468795,0.0807823871392946,0.030888523252579236,0.11068287281488005,0.07835059945904309,0.03159855683767962,0.05757933707574065,0.0563765510496865
0.32309678777063844,0.07487889007726474,0.07524025932007396,0.05307953614090106,0.016526609087269675,0.012204279487703357,0.0716152345794578,0.06359815268594969,0.30976025085074116
0.03723746293711048,0.26274895404840415,0.030722613443021768,0.2365334716151336,0.07853529317278274,0.11731211303712558,0.026622515680511452,0.07039769723260415,0.13988987883330609
0.21597701704625685,0.10411850435273372,0.15642598097195834,0.0797548316393784,0.08454255171565166,0.01130933186579688,0.038725673070872775,0.21738557129547,0.09176053804188128
0.04869991643819682,0.18946681361381001,0.09422448013087946,0.08165054780179305,0.06576924422562568,0.13801398135014417,0.3072570862468902,0.038739662005034724,0.03617826818762585
0.5485354480706105,0.047897083823015336,0.06999373896135343,0.062188728619584736,0.03965822267479763,0.025237398578174735,0.028314007304906377,0.06302362059187884,0.1151517513756783
0.5714244617755501,0.030934968073658402,0.1172644573463854,0.02235458301647482,0.05558663924616187,0.05114154035382479,0.09016141864880467,0.041630898434392626,0.01950103310474745
0.1099514392814555,0.029378412170678558,0.5594613983066519,0.08797214327286412,0.02969374759614,0.019331318316798136,0.03427689883065884,0.016351006424005606,0.1135836358007473
0.1550154873513698,0.04661375069685273,0.05045987192554072,0.06225389788369495,0.1031227917413224,0.06660273058550718,0.3958030397230153,0.04152426295149523,0.0786041671412017
0.13454512180952008,0.027331431100325206,0.02556414337733566,0.15590138191824318,0.029637821043335486,0.04298744136969135,0.5275027691266024,0.01443543083673427,0.0420944594182124
0.32806159894911047,0.16959217942414676,0.02646586914512064,0.08595377130683485,0.1276349224449514,0.06294822068907475,0.04592870034743526,0.11653219118820729,0.03688254650511855
0.23998319337702834,0.08112117022101667,0.11542968688468348,0.07524664481001099,0.05768749993765324,0.017620136104223156,0.016957586178270655,0.2326642390865792,0.16328984340053426
0.3370065245332127,0.02902003010242588,0.10909128329701033,0.046400916107286694,0.16374746195060916,0.055166542551327,0.0947716294600743,0.02515672941288541,0.13963888258516857
0.1795253842948095,0.2855942780217477,0.14716193782516634,0.1554089134452826,0.04428557157831676,0.023410738942585056,0.012409254403011877,0.11771172072752652,0.03449220076155358
0.37125137198541175,0.09938249684879967,0.17956512876742406,0.03225893925191491,0.0389729312241948,0.021942562325156872,0.04959065010962355,0.15185714828428187,0.05517877120319248
0.3132926334944027,0.11807022107289267,0.09223797404705987,0.0746306509891451,0.007946750190624137,0.04387131712209413,0.015260825589892122,0.10675331726323105,0.2279363102306582
0.1599387713129985,0.1046724935692079,0.029776215614462902,0.22321061804550624,0.07213227111454985,0.2359311175578829,0.07922666775334529,0.052846233861761294,0.042265611170285024
0.05708766180170057,0.05862716132869206,0.03208991770296914,0.531931044974666,0.0722360783052231,0.06928380365119531,0.08242262562280246,0.026291233592210334,0.07003047302054101
0.033527093354660344,0.06378918880821928,0.11527377028437191,0.018428114048191353,0.03372908476031313,0.039343528764828904,0.01792528435218669,0.0733759297373071,0.6046080058899213
0.1393717410393591,0.037157207465635854,0.046187016896829435,0.02790734281780026,0.038181812923710624,0.22277360882072808,0.4377408229730791,0.03123727632194381,0.01944317074091381
0.6018719642090887,0.07068904324474948,0.034732860598503834,0.03032673574200499,0.12649485238389188,0.01987060179424131,0.013569100881719037,0.02908235752335542,0.07336248362244534
0.0452966651644623,0.04657525183267373,0.014774245859592722,0.05065317459704177,0.09652569310685317,0.5780879721572169,0.012129354286166452,0.10690318702109496,0.04905445597489816
0.46536054835972646,0.022001026900935094,0.22695853026841437,0.033901990150413924,0.0051691909939124885,0.01611594675887842,0.05423543285701624,0.03144996853904527,0.14480736517165774
0.22120653408468258,0.00770779187006989,0.014286713536194205,0.13488545773656044,0.038470858788467975,0.011528181224340387,0.4876051564038979,0.0266233099661079,0.05768599638967864
0.035302187157998564,0.08455693133254531,0.038287858577364005,0.40485382837338907,0.21997014707074328,0.05769194695900959,0.02088329891105963,0.0802883471058233,0.05816545451206734
0.5808721066603063,0.04821331394877934,0.1255567136539019,0.10121262123552201,0.01847333085809443,0.007335653053072626,0.05335863525432293,0.015608677530780322,0.049368947805220144
0.08971700414243629,0.0491077300039536,0.09252906501854957,0.09066125039614353,0.08043934665983488,0.3571834879356712,0.05300590784005038,0.07717375842978978,0.11018244957357082
0.06805535992715908,0.028028987156489837,0.014040889892418978,0.07384546025824874,0.04935805649106135,0.16233177623235664,0.5735601645419056,0.018676719390536504,0.012102586109823127
0.011042709284763122,0.1193040754159178,0.03998502330335382,0.08390649590230399,0.07058986669276124,0.5627098896443369,0.04543602831812205,0.03540771977589425,0.0316181916625469
0.23009353910081498,0.15319400021111784,0.04815364833237442,0.04047460483936032,0.06872909126872413,0.17166686826366653,0.04290807787774208,0.1777173877519809,0.06706278235421875
0.020259278433121513,0.07496416832052766,0.013201522154421242,0.012455441481660471,0.07485030673191788,0.5996567491416074,0.020817285680757292,0.1271736616263316,0.05662158642965504
0.13133529914320438,0.022890985182070597,0.030268354093985452,0.029678627171500188,0.030735243775423114,0.411157088017621,0.16965586043152045,0.10010542325273386,0.07417311893194084
0.1272588687598187,0.05359265194518185,0.07816002067698397,0.13944779954570133,0.051840613859531426,0.13637336667062464,0.027252391164506274,0.21379111827584132,0.1722831691018105
0.5795978150709945,0.02949760181733464,0.19250489087769626,0.042047397018762256,0.027951372612641728,0.005476408004140339,0.009007317693595819,0.032903564046445476,0.08101363285838892
0.2193287831489477,0.07927078642948578,0.09227534542600234,0.04021261247913603,0.029314838988062825,0.02559042278776255,0.019998066361607388,0.06046330338601467,0.4335458409929807
0.16587273424659074,0.06220296913468502,0.020603071751026752,0.539273386959648,0.06524354681981208,0.051869498560143314,0.01641337401621965,0.046546227271380025,0.03197519124049444
0.3755499714701604,0.05497571252785532,0.12801459913848193,0.11861609737643797,0.00959596009798966,0.04412827784854731,0.0223584052429459,0.047057984751394194,0.19970299154618734
0.11988123636272513,0.08911765829649983,0.14190502090013063,0.02423191666235149,0.01109618200028354,0.00829261522364542,0.0706233428975239,0.03680929300427429,0.4980427346525658
0.0665661983898434,0.050381658777992076,0.02634539003869825,0.0174938646579015,0.06828236538124678,0.041386568231387595,0.5519235908846855,0.09300153871052835,0.08461882492771651
0.2674364555877226,0.0812258232035007,0.15137839388412466,0.04314594478083023,0.09457558781816916,0.02705174455570326,0.10074083544799302,0.0830810165248561,0.15136419819710017
0.009923134294103787,0.07829179682294417,0.03147353150692965,0.060065108516560606,0.08740060392174222,0.5927104888872718,0.05340185281692964,0.05515938972733577,0.03157409350618236
0.11052087677281426,0.0973791440821629,0.10987180816933083,0.06420011776242084,0.09331689001815195,0.19258908522790072,0.01955002113846903,0.17134234964014664,0.1412297071886028
0.08217806654542376,0.11171798893397163,0.06824272553409792,0.13597331001578944,0.007587799421364089,0.019589127520595592,0.0328904580476305,0.4579909190954738,0.08382960488565326
0.19069514378036515,0.026442379855855135,0.00755458627382492,0.1419057171398879,0.3840170047985505,0.022533877125683718,0.03961759398311026,0.04036335374247727,0.1468703433002452
0.33324176926517757,0.12054770945537296,0.17040732635731567,0.03400427777823372,0.018454711427150286,0.028289451120293227,0.20074446704628798,0.05502220347343126,0.039288084076737374
0.07010416198775009,0.33453835597965137,0.014740061232934781,0.03289435912066438,0.10404390439746551,0.25545515205341174,0.09478973622770044,0.04056813965895412,0.05286612934146748
0.04351465584503655,0.3053327271474448,0.03732346535911582,0.056695317765281326,0.03464908951444028,0.16302907271232636,0.05984929720721895,0.10346935776880246,0.19613701668033345
0.24364312865452206,0.10293389994877906,0.0411389519937898,0.1137077893477002,0.14455295310246416,0.21221322442369303,0.04353784205298791,0.07778026951122236,0.020491940964841467
0.27850073923849966,0.01970901032546825,0.016755605923029684,0.02655648467375314,0.21555304946059775,0.042334878607182,0.3649198837750593,0.02163173228970945,0.014038615706700883
0.1344263735711654,0.06508570326440576,0.007463441684098372,0.05327931764134517,0.05330769922969477,0.16601903465267762,0.4369653892363175,0.05578336903182373,0.027669671688471675
0.5711997014709959,0.029275925558109855,0.1813755835104697,0.047740787546206996,0.05960869223252463,0.00644487331657666,0.033327617632375135,0.027646890793572174,0.043379927939169116
0.21872842201480155,0.11323798680934709,0.24225199952878274,0.031007837003227668,0.025097480362535302,0.038810181904330915,0.05136931297144844,0.1560561467999643,0.12344063260556197
0.13106106017727548,0.0445601532038141,0.02907772233504254,0.06636951394860513,0.5561773525526138,0.0325498032556955,0.08309460612823494,0.017524951293699773,0.03958483710501875
0.12124354306414249,0.06942691428953297,0.018392855767609875,0.4203417879455242,0.14431101177757025,0.10073099547815595,0.005602815414292026,0.07483087500400565,0.04511920125916661
0.12693861028504086,0.04499208603924281,0.12473952447729697,0.28222455293888765,0.07078001629491411,0.06006501743321343,0.24679020978923952,0.014136137467173349,0.02933384527499132
0.1849356066271017,0.0748173567149582,0.03718464296699194,0.022493736567076057,0.03566374197598892,0.16775753910819283,0.37602370292253623,0.05688288634878047,0.04424078676837359
0.2669132204790003,0.05140550203190017,0.0423753107427128,0.40256373997607514,0.11587869934896709,0.023560162973883664,0.025307015057292798,0.05518668530585432,0.016809664084313645
0.11716732168719207,0.059133954430598344,0.04648554262489022,0.47825265866899386,0.08530978449855159,0.039584360926969604,0.0641841538494603,0.07543805324464382,0.03444417006870022
0.48510044742747777,0.0263705352777918,0.08086557499915199,0.1512400617883569,0.012788657365868886,0.043021506038499635,0.14248298420800462,0.00706934333241657,0.051060889562431884
0.1412613884996163,0.1729736613893275,0.03447994915279947,0.11899008590281662,0.10898305842551757,0.27786554514783884,0.020810857351886192,0.09590227552419024,0.028733178606007232
0.10342258317086687,0.11078036007382253,0.028847137578847038,0.018275193299198998,0.3276359449400294,0.2719228396621944,0.0035689739391844793,0.1186145542341653,0.016932413101690916
0.08971720698284451,0.08972587474308008,0.09582209643530841,0.3941313776022168,0.03381992596406454,0.1555802247112615,0.023028028011195346,0.07437505549799948,0.04380021005202939
0.2898278550602082,0.08418025572354744,0.16880977376547687,0.057286009487872,0.10514889988807512,0.04622331703689548,0.020748531510539965,0.029687282047046418,0.1980880754803385
0.13316695671440115,0.1411659647116811,0.023966440881308046,0.07080361336531353,0.3001635944675061,0.1670337514416599,0.05799422992527084,0.049509479973296334,0.05619596851956301
0.05733002275742849,0.1343976337717436,0.038226377064034124,0.1265333709083147,0.16231306097551532,0.3466831327368977,0.041948949983797314,0.06223807415217699,0.03032937765009175
0.43079932590281683,0.041584193723967204,0.027988210028693995,0.07921686069124241,0.050781385681115475,0.025841406041983705,0.2537037778672682,0.013815888991273765,0.07626895107163828
0.05229867271288379,0.023400179734989864,0.05080491043708979,0.020512500209498134,0.05483551695227642,0.10582051751556572,0.6150905956066781,0.04496158928991644,0.03227551754110185
0.16758821174921748,0.034513297219489654,0.022978655295270097,0.13489005580332522,0.453968704628347,0.041146959339518556,0.08106956802139666,0.027422140888065993,0.0364224070553693
0.26951303328181797,0.07458481592339063,0.23119877421668533,0.023354007933454785,0.08195261759076106,0.02193454445005974,0.008571800573816448,0.15059954137345144,0.13829086465656257
0.4162382200267871,0.06889974801624245,0.08762559263413343,0.08030938292927202,0.0435232952833474,0.07021458219689791,0.09425133136349513,0.08919107371411598,0.04974677383570858
0.20126559602165117,0.23595149515833413,0.07100026972979645,0.06540045117103088,0.017654686063575818,0.01438184676403089,0.09201378185989029,0.05971020178573461,0.24262167144595573
0.5383461502029063,0.01763091665712087,0.07352118162146849,0.1413352107576587,0.022188118051947328,0.04608588263198101,0.11844568241582513,0.01702742301524052,0.025419434645851613
0.08109717345121673,0.08416478649297404,0.08703512918496299,0.04954256890628803,0.0738045262236256,0.05334120245354465,0.21149020043869474,0.24740876820803473,0.11211564464065837
0.0877838740189562,0.16232241903381514,0.09380350366383972,0.2812303594625858,0.04950368671926949,0.0922190669793342,0.036451136828469,0.10980645248852623,0.08687950080520422
0.06655356582808229,0.06888738284496193,0.02770431722259697,0.12164223971863782,0.4233666129012235,0.052821503742389586,0.1192411561462537,0.0488447547983645,0.07093846679748972
0.20459419351886576,0.026567496463040453,0.007930606275980183,0.18716428334887816,0.02717426526818106,0.038796124949884464,0.4198582782727196,0.007274119167649748,0.0806406327348005
0.26321953056626696,0.05114159040076102,0.02979867426024615,0.02621561103776868,0.33346864720140895,0.05479085761637897,0.19269102863784424,0.03510474797149333,0.013569312307831831
0.05186171075053939,0.11208216809435372,0.03356425613863078,0.3350448422199242,0.024337891760255175,0.23633526420377002,0.03271217434298002,0.09706079460574575,0.07700089788380089
0.11650676610863979,0.07169450765111741,0.019730520115482802,0.44889748300222454,0.10328140902360718,0.07533546142753851,0.031755124673015875,0.11414633779141965,0.0186523902069542
0.18750953515928828,0.09458463089963616,0.11975917053280226,0.19594931119502398,0.039960295501183046,0.1071848290681248,0.09764918725639114,0.06429462275656668,0.09310841763098364
0.2703884496792239,0.02470039770984427,0.29726186294676565,0.018349069745734997,0.2658054020483221,0.015014512885809211,0.01295287258343506,0.05114821386012288,0.044379218540742005
0.25338897299582563,0.032341757361384574,0.054765226468072116,0.06147592872668881,0.18095122080105894,0.07451834714554013,0.21868665526945819,0.07147379263725777,0.05239809859471382
