0.2316111404847153,0.47521456501623677,0.03808176639907603,0.009265243090010446,0.10886998740670724,0.05398462758169118,0.0027743143170223875,0.04317381742097615,0.037024538283564494
0.3876392798571744,0.0280941083557506,0.027954855705395364,0.014659011783233644,0.10067531252834161,0.04773775155913887,0.031032546450118086,0.2795767084437079,0.0826304253171396
0.05210106006662521,0.0452860563392288,0.08103013642697582,0.2089735925485706,0.01885972977027725,0.03486761840730782,0.2886432804707737,0.1809654838342937,0.08927304213594713
0.23566680933964498,0.042240823250414956,0.24361362567755296,0.10633315629877009,0.09457992876613074,0.0792443335672245,0.02253972017984672,0.02064863574834025,0.15513296717207478
0.107495249204188,0.08482733784870285,0.3550569735245524,0.024939224172532342,0.09420361713357189,0.11241426291116093,0.02873207215871701,0.08334678992296336,0.10898447312361115
0.09896378611919238,0.043286151744850156,0.07542255980602257,0.053636547007677164,0.027617720822522188,0.38082175830297954,0.02399799528771401,0.1689461746730163,0.1273073062360258
0.051871851946162784,0.13146458799160024,0.1483894192100241,0.0710569290614894,0.05047978638354705,0.3049539273580972,0.0827947345872272,0.04176441884303131,0.11722434461882077
0.3088331925741284,0.07919786414768042,0.2278918099805771,0.023973220202958095,0.03915725498458255,0.1477800142291313,0.0338213417961884,0.02680760577884389,0.11253769630590986
0.06596495806593024,0.03289819281714159,0.10497459173231564,0.2038971724329157,0.0678236545920156,0.287843962872653,0.045886564601410273,0.09537432800580996,0.09533657487980805
0.06336330334773706,0.16344159056042704,0.08367240417015838,0.020086517707668432,0.03551519716967525,0.18957897490591433,0.009089662092276208,0.18934569932688552,0.24590665071925777
0.07426063212662111,0.10574427337905477,0.05944047793916692,0.13354192369041354,0.02757397027517151,0.29674838853982505,0.12763481282508662,0.06724321612687673,0.10781230509778376
0.019634133532942567,0.034579952655573946,0.29803375761311185,0.026621416045926976,0.021181967672941795,0.09320921459367755,0.07878935844350674,0.37058242172648326,0.05736777771583529
0.07402063291888959,0.025225345705585756,0.5688243218226253,0.06150874203705151,0.07608218254907335,0.020735241826004527,0.032615202839653475,0.05919984433605246,0.08178848596506398
0.042361798607473966,0.15973818730265088,0.1118267702127121,0.039794384492900126,0.030815288447277055,0.27445486386431434,0.23277626125104303,0.01646927350312696,0.09176317231850138
0.05794505497392458,0.020262662115276484,0.13123673655256504,0.04709528810586949,0.4952701932059364,0.0930495825339035,0.04211947735503161,0.013110498622181539,0.09991050653531146
0.06226887711026704,0.20171042932229463,0.08370135156289364,0.1320660401454479,0.05597168798345464,0.3076363645966061,0.08576393071968402,0.017489848144450256,0.05339147041490177
0.026883442604661283,0.057350074889757734,0.10679673203097066,0.08156358496993955,0.08103143709618517,0.03904096488990607,0.09278027167505049,0.4108182963178513,0.10373519552567778
0.08344937684436261,0.03701761353966971,0.11759677538912484,0.05123837769121376,0.1424540493321577,0.08313061313941002,0.20430394924170656,0.22660010228167807,0.05420914254067676
0.1447437277193779,0.16152018509790425,0.172271436185659,0.06123231102267967,0.028684349177991907,0.07060578026878755,0.1858067988649806,0.12237649630395571,0.052758915358663366
0.04167861928331857,0.015169793193699559,0.06467838794514634,0.08937398466252999,0.018469195444081137,0.021284905507188576,0.05988330428716517,0.6317676050057047,0.05769420467116604
0.12063792948365587,0.34061588118982583,0.16281992835040895,0.01673018145148928,0.023550683460430277,0.25016460150190817,0.005724833784035904,0.019430936749481018,0.060325024028764725
0.006782350486760677,0.12534408839523362,0.2215743830836693,0.15872059217488563,0.05902085974872329,0.18263067971255945,0.00033213410540960486,0.20259939388366166,0.04299551840909669
0.5359387043940121,0.03146004383046145,0.053258285123378664,0.10803695256967082,0.07723416194682807,0.04487833776564215,0.02627394569832481,0.05382610774699739,0.06909346092468453
0.10690475340899853,0.13897233625412203,0.11732663904628744,0.042438370046576745,0.041663986426767295,0.14034235068554055,0.2097707848757537,0.07636520578390671,0.126215573472047
0.09468757693269854,0.13542622090529993,0.10493150134559992,0.03661160786998893,0.05193977905558728,0.18422989148929855,0.16495690999544782,0.11948210169437029,0.10773441071170875
0.2100536283057047,0.07791900639775594,0.06156079134748026,0.0176815375251837,0.042258954288943995,0.16213794889314573,0.12675414855031863,0.0898220613950107,0.21181192329645637
0.0925565029484104,0.09810553395700611,0.1475066154286241,0.014235351392364445,0.036799262552543316,0.19330451227180875,0.05117975781437445,0.011487450764956967,0.3548250128699115
0.014098451351398443,0.042934660691865946,0.030331766125976056,0.12876065743160323,0.01200296076742302,0.024808326047459497,0.2919120514668529,0.4045587862855288,0.050592339831892215
0.0411076872390998,0.017355174807350573,0.03481261098143638,0.08013018781707923,0.15109616477433974,0.41544204404912904,0.1422762599295729,0.015087239219022932,0.10269263118296929
0.22903653092039788,0.06402156199234442,0.33251580373536876,0.030883433263483185,0.0892323739813216,0.02201287084512728,0.015351386077715875,0.07243879611025177,0.1445072430739892
0.06392093977657566,0.6050612600591084,0.07114247820179583,0.03284373970432452,0.01749293412562814,0.12382682920557199,0.006773075591081829,0.03803173413981064,0.04090700919610293
0.2906399345827087,0.030425065838447524,0.10296876340812279,0.010162190626802424,0.0314749811311199,0.14713960888073885,0.056480362015150186,0.1336717491401044,0.1970373443768052
0.09917716000157968,0.0726176255267796,0.02123350268644104,0.09064500000134068,0.07618825126824054,0.037582955609432284,0.10668878698285907,0.2825259987603608,0.21334071916296626
0.1907960594423224,0.08427817431233231,0.13834823533376908,0.047302511717573416,0.08270065667080713,0.06933757494918098,0.2925088500790858,0.035430720563189744,0.059297216931739206
0.021058062938702212,0.02989166144057216,0.2685944530189446,0.008920360953885825,0.05301364310546992,0.15543505301313312,0.3503233982154397,0.0776463739607626,0.03511699335308998
0.11486307246408635,0.023898005005007255,0.0950622344086899,0.3310027682711005,0.05281557649045119,0.09566829639961331,0.010481587155639743,0.07474780538691346,0.2014606544184984
0.12622385726603993,0.022987896999331514,0.033824534788824454,0.10618947903687664,0.10818148799019285,0.247784544523274,0.1926861334379454,0.0886350296587341,0.07348703629878112
0.29814306274029173,0.062419621799920805,0.18927144839163476,0.04028988756649395,0.05454073782518291,0.04971293894187032,0.01121433797424974,0.05524729010762854,0.2391606746527272
0.03130939417968883,0.05318385135004832,0.11420892780893016,0.025347769034610418,0.039220173096733445,0.037209746123536475,0.16935456634323695,0.40652123469085183,0.12364433737236352
0.30065538689834054,0.026089181574983984,0.11788922025074182,0.020033813665572026,0.0250108385763686,0.1546474275365909,0.05878277247802258,0.20403512889443043,0.09285623012494924
0.41041190889088197,0.017101974959428185,0.04419027217262586,0.07491651080296695,0.03859569422947328,0.21599417022816544,0.04989250612937007,0.04605586836712794,0.1028410942199603
0.08411813256757984,0.07725335297847971,0.13898601252832105,0.046992090560911755,0.10629856502998886,0.10587743372086102,0.23410074417095592,0.0628196117308396,0.14355405671206228
0.13654913331835503,0.02633826953485782,0.11455307727425527,0.07262274076415394,0.03262978124951674,0.043265893895476616,0.09657885304815927,0.3918480137836206,0.08561423713160471
0.01658291767529549,0.031003439469727848,0.44809644839155927,0.0104412598441834,0.04532276934597255,0.13186026473001758,0.20535127225839567,0.04509849616070279,0.06624313212414527
0.029721399167483894,0.0360700623384492,0.047895663937410536,0.11219160620653025,0.04327925186535303,0.5663506393600467,0.10768442160384051,0.013990652495498542,0.04281630302538722
0.11572140095520116,0.5241082713141262,0.0707748588538435,0.03578001688806858,0.03508016442689096,0.10189605561338821,0.00901090198257886,0.025985110802518103,0.08164321916338442
0.0585355151767498,0.012556367503283724,0.06299202640562192,0.033988961063278755,0.016702442154134512,0.021232650819715312,0.07992738004404669,0.640537484747708,0.07352717208546111
0.0583045539801848,0.5076935433029638,0.1546920345724314,0.011107666031030625,0.029226688873852047,0.10813084394647066,0.06863119027536517,0.020663798120728796,0.04154968089697267
0.3514146710248358,0.017624163703139146,0.08597673708523719,0.034859012112316685,0.042253523205363186,0.0173617607021892,0.001478440792945847,0.4139205636398881,0.03511112773408485
0.023065801961279612,0.0946216608509702,0.01709730690784786,0.21047449270142518,0.07384804222807188,0.03662187941543885,0.2800599260240415,0.14575492789961164,0.11845596201131325
0.17333928117035277,0.010834564528612626,0.05967191532109838,0.017499650361212805,0.028586193844454075,0.029585238602056547,0.09793771727895016,0.5344531606592696,0.04809227823399296
0.06712516284714447,0.038140618486748816,0.17733796008509695,0.06964466566162007,0.3095074555013794,0.07559837618140104,0.08129206495560856,0.07044831863008007,0.11090537765092057
0.15611223644812325,0.010950119310699192,0.08574929852218294,0.3072223985061386,0.043051344353743415,0.04654388999427276,0.06313775316926053,0.13397389723713538,0.15325906245844398
0.2041882511040111,0.029484973646003682,0.05502539233995459,0.02939154222639119,0.12586928428483238,0.05995219773850602,0.24771908241276588,0.1832654261029147,0.0651038501446204
0.12724691709133865,0.06441128373877739,0.12251450338777103,0.04693844874392203,0.08026374065698029,0.08234303253538211,0.17623488336838192,0.16438449201272,0.1356626984647266
0.21625381741972197,0.06272723329377482,0.13175947864844037,0.024279459328166247,0.02379896153320314,0.24672323098945734,0.04321647610647173,0.17167687264759854,0.07956447003316591
0.17563672725727955,0.049946724607532356,0.09642317436848291,0.03263966025865934,0.24493832249805433,0.13208920046458397,0.01751114185338761,0.10571638617233098,0.14509866251968903
0.1271417955718486,0.04110472483111108,0.15500299873253398,0.04266966039212655,0.08829089345322329,0.045349179858468515,0.08078303994550685,0.08752500850717354,0.3321326987080075
0.15799571780826732,0.025238960579845576,0.2622569560502046,0.29136663297719606,0.05898389112597233,0.05902825194046644,0.03958322032558643,0.02082467841076726,0.08472169078169402
0.20641948217715958,0.08518194876688713,0.12364638029672893,0.027865573157851143,0.14269839673077098,0.14500049245810254,0.10387610719304001,0.034309979464218494,0.1310016397552412
0.38914267466447416,0.0103157833582823,0.035591053788403076,0.010036747424562278,0.24350904110130314,0.01884989106813711,0.005407139103897189,0.2510717235716196,0.03607594591932122
0.05412756624724393,0.5721745549027718,0.0643903903848883,0.02962564800728927,0.03860386727662612,0.1557750893801331,0.01810883672405574,0.01519578364025441,0.05199826343673727
0.044117698712724134,0.5134367038788596,0.09647654055703081,0.012804261998090696,0.015447759747151143,0.1824380266637435,0.0012710409937864281,0.019263029371022623,0.11474493807759105
0.39316354080598964,0.03832603901722137,0.07683025035375854,0.040278749906264254,0.053978776681549684,0.12589871338874842,0.11915608203375343,0.030843780125924744,0.12152406768678997
0.2340061161479546,0.0353516135752125,0.10724080609008248,0.024435479038650287,0.03633950491891067,0.024163743752787185,0.14000889312776169,0.3352031526927961,0.06325069065584439
0.04318432433680747,0.013676098186250369,0.06686696782547001,0.45412431996411845,0.04688307212018281,0.08403653450352579,0.1368617548870241,0.02847465496288186,0.12589227321373916
0.05797121003812109,0.038621913874575135,0.05222680355340357,0.14861530838468817,0.05421469156698667,0.022355410345341668,0.28229250832866865,0.20651530175678876,0.13718685215142626
0.0625753147255826,0.026666423818060826,0.44027485140466166,0.018366241528825624,0.08428975014827832,0.28571154562204865,0.01172408390733054,0.016159174450496618,0.054232614394715106
0.0683824994451093,0.05829560330157282,0.09832823027294252,0.04163980648440274,0.11157970897584536,0.3685361816603561,0.1534325967430766,0.010777085826427621,0.0890282872902668
0.15485401314503147,0.04432859201789094,0.04534445123964408,0.10943739225010829,0.045046777465217076,0.18465975036392734,0.06404749929772856,0.2890441448049395,0.06323737941551272
0.07798668045480153,0.05933772301700401,0.27007628798340216,0.11374078486054649,0.11747144966784179,0.04894214451991225,0.1463161840576751,0.06058161314186683,0.10554713229694983
0.17176205630566854,0.03611433063541659,0.2484010122855116,0.11598656278213149,0.08578466574106507,0.05143684477903371,0.06906191704621134,0.1365676792540085,0.0848849311709532
0.11599999796912018,0.06912725482698373,0.263357488389455,0.059210268183391875,0.10137856497085929,0.023837443741228984,0.2894201146346365,0.03535974866236604,0.04230911862195838
0.028921550270763877,0.08007848857771101,0.07668152730338101,0.12464051626705146,0.27090701013757196,0.05548252659260855,0.12898126641978713,0.06455134697255797,0.16975576745856705
0.07364010582512596,0.04366431433864917,0.1728313476356138,0.034207697417396675,0.02075462970742054,0.06510881705665013,0.34058852010240254,0.16944924251132232,0.07975532540541894
0.2581141237405356,0.08072367927047203,0.09201281056259714,0.01839333060118435,0.0815838775087467,0.0668835547576783,0.11048278174381732,0.12727165005453278,0.1645341917604358
0.03511657495193887,0.03948449148066414,0.30029759849439763,0.0102815371932135,0.03114582523370707,0.29847637955764234,0.22425661227905805,0.013410672990638431,0.04753030781873996
0.13815677196937245,0.06829748954842646,0.2034954226412327,0.03543327137809533,0.07611973297214003,0.2413087912202312,0.018734678960023596,0.043300152736955644,0.17515368857352273
0.07496658375184903,0.040695834478923325,0.06379989330909581,0.0603835096981807,0.03905658080329636,0.0532505694302944,0.12178295234465125,0.4820968408715134,0.06396723531219574
0.01358279210496599,0.09587991277112708,0.09984895583139447,0.05071703766091321,0.05420316516286255,0.296783921183091,0.29174376175986855,0.05141269868957126,0.04582775483620597
0.15460747918246043,0.051002564143593006,0.19621342861095473,0.01796865819431007,0.06043658199767796,0.34250262860890784,0.07043673084597928,0.031864075596749815,0.0749678528193669
0.0669024219546826,0.0978956599308231,0.2828913129238064,0.028348764056661428,0.04091742304774335,0.2830356245212045,0.020292908677692196,0.04631256846067446,0.13340331642671202
0.17787869591278216,0.17990104123065634,0.07866597671681265,0.028015740269063432,0.04877899230413765,0.11874875608627355,0.17937369295668923,0.04989947093065319,0.13873763359293179
0.02254428198635004,0.10484295876754689,0.09858395306154609,0.17345867667092982,0.08927349187948903,0.10482445000662409,0.18235229771016417,0.11988171719827588,0.10423817271907403
0.03240968065814718,0.07136956885556363,0.04802692603897313,0.5770568408486585,0.08806772260144563,0.007751068176556658,0.018484841435998902,0.036214423080025475,0.12061892830463096
0.0970621020939136,0.018778596285220838,0.05375947351741983,0.07496810464002272,0.026775549754407973,0.025422964499427977,0.043321349762641376,0.5703468778756653,0.08956498157128041
0.3105679261291155,0.04534909875579915,0.07334941109577824,0.014039166351959191,0.092541432478021,0.045486081036291814,0.02217481404856469,0.2387613779597539,0.15773069214471647
0.013588073099383086,0.05469021698389797,0.26675807065174867,0.008069953509221852,0.07072697510273768,0.16434999691634464,0.3545730420335748,0.019096260342641627,0.048147411360449664
0.1909622328851673,0.03729331812249879,0.10937115556328512,0.045103867273104226,0.06510524896243382,0.052805073772318835,0.17443632843774926,0.23032510939429984,0.09459766558914277
0.1880123294873264,0.026985480913096997,0.06656329253474087,0.03828476418113864,0.06963862993153073,0.2130151754462104,0.04637713121678242,0.11240040444572852,0.23872279184344494
0.058838695652321894,0.04593627573771966,0.08449221769527383,0.24260661049272111,0.023536570585110633,0.02123780782255506,0.16009994573772332,0.15370347302056134,0.2095484032560132
0.15829812523566786,0.07624357801060531,0.044462441067612025,0.15577833093866314,0.0426770014686309,0.12550826681574664,0.0966610588367075,0.1440107711412625,0.15636042648510415
0.10061508762894777,0.023408296525931387,0.22516371921526832,0.009118965300521104,0.07471546305921843,0.2742444775054596,0.0030753367504954654,0.24122147723777154,0.048437176776386405
0.0890380844517915,0.02637361052211951,0.04387507872157414,0.14123854108553932,0.041225978574096524,0.09366646626883145,0.2545685676272962,0.11426881786285571,0.19574485488589569
0.20449917900731865,0.04140582917753286,0.05866433138172037,0.033275050619990594,0.16474365469615135,0.09201474280012616,0.2619032427706489,0.07075913744804102,0.07273483209847016
0.15662763645813024,0.05289882609534786,0.17613773702521093,0.19762960184986386,0.07835186560176448,0.09186052866475347,0.04065220622173033,0.10530626272521183,0.10053533535798698
0.07683711885383138,0.12884147754178538,0.07663244001693714,0.035270354612824774,0.09507207592603846,0.09677316122230943,0.21171414012778425,0.19196593726394587,0.08689329443454329
0.05722478628157912,0.10512488939241989,0.047177020598594833,0.0378383210682878,0.11546672185121554,0.03743109154802704,0.36377210818297895,0.1343595742229838,0.10160548685391314
0.201439733223948,0.07060312557771524,0.03530183264446655,0.08656121708075311,0.05195719260070828,0.08427815002267369,0.3634536204095193,0.02442750805853877,0.08197762038167718
0.04581694829538382,0.15244134077077234,0.18798212062018826,0.06647729496516706,0.07087424683157158,0.22007965636031743,0.06394964432648133,0.054376209744839366,0.13800253808527885
0.1608875477333315,0.040112281695219916,0.17159699561022532,0.03970328022223315,0.035475008222575634,0.07422347006521111,0.16833964165913098,0.2390749651069257,0.0705868096851467
0.07415798905382111,0.024025952904028803,0.11911522575537913,0.08544862527282938,0.04426669429929762,0.06091827705361278,0.398370122010951,0.12667756860571663,0.06701954504436348
0.0618010541814585,0.23981000496992533,0.18846258884072956,0.08003849893749453,0.14563500367699045,0.0816673777687012,0.09118881568342467,0.02728644823304863,0.08411020770822714
0.1169251495138362,0.3811005671664331,0.26342139079615995,0.09727628405977785,0.04420595850842499,0.023198401639933364,0.0012639562915164654,0.021640888967769098,0.05096740305614909
0.46940102843929626,0.06033277620709795,0.07602675462142801,0.021558717554921437,0.05057223337594826,0.06635527714773339,0.027951491187028003,0.16782318221547066,0.059978539251076046
0.22963727384878937,0.1138082736922873,0.12438288407830285,0.03172412647407113,0.07070503752874763,0.12102740359519255,0.02854311715372318,0.08284426315104033,0.1973276204778456
0.013607985249032192,0.02697513333797173,0.018208247822628146,0.21692842402247678,0.029907675073376796,0.5899270932584467,0.020778333405335678,0.020503371228299542,0.06316373660243232
0.24316232041588673,0.14318407233290767,0.15868646117109955,0.04262135733253264,0.06641586363301216,0.06954819083278836,0.024482038736806128,0.17746644382813517,0.07443325171683157
0.1277940913076944,0.0689444521800558,0.1073064543292314,0.00979577521869847,0.12856942652660636,0.033057956961524304,0.2605298042029582,0.15493562592973795,0.10906641334349314
0.14233577824530172,0.05214593318921109,0.10101311492342958,0.08613564422520037,0.017190379818733906,0.3847044617539976,0.04382885949683201,0.10039199623263012,0.07225383211466374
0.2538930799038686,0.13242646041160114,0.15330209055897345,0.008676409216410082,0.14659229298781554,0.08158769476961474,0.02786494981862715,0.11430095729200845,0.08135606504108077
0.0355167105106558,0.02893778276057511,0.4522977635312559,0.022752640150414293,0.039244675655417456,0.05189084655598734,0.24914313821825906,0.025356321868814508,0.0948601207486206
0.06132351732074432,0.0322712890858195,0.09662814127642942,0.056343782263297754,0.03074110039278222,0.03675736133563994,0.020673718314361246,0.6020335277694989,0.06322756224142657
0.1154736386722476,0.060469879193989495,0.2987724060514636,0.05080185852232083,0.044647569763487986,0.23722344747115123,0.011178274873920452,0.08280454464767166,0.09862838080374708
0.018645935591786827,0.2150483748388102,0.1490687221497362,0.02481686685948595,0.20897545574076734,0.15228310733920478,0.025687336823116563,0.0907198934634067,0.11475430719368544
0.04703570607665374,0.07924663428826721,0.038136592402570196,0.25729424833851205,0.14223346666156367,0.07657158345956304,0.13432735876504878,0.02970514896213028,0.19544926104569105
0.1671975039494508,0.16880232182771604,0.24099316171552512,0.024907375337111116,0.07399663872246347,0.1087975795345578,0.11574255646007431,0.039787839262975765,0.0597750231901256
0.31249213391563163,0.03349050354079313,0.0708646407338872,0.038643387483447145,0.06602642288188448,0.1242603344391789,0.01982936298878307,0.2689958235656799,0.06539739045071453
0.16606697931303477,0.07847855908417355,0.07663261269066428,0.03402200591656033,0.09659141149817502,0.0876924449415704,0.09425100422591448,0.06486424765022193,0.3014007346796852
0.0485624904805338,0.027169298349801876,0.08068349680305335,0.03475861095466659,0.023115370157426138,0.021847887453536583,0.12881756230962882,0.5807262012067564,0.05431908228459634
0.2495864520149308,0.02785990810539544,0.1332200817416027,0.05543781904864468,0.09487662390947323,0.035147104824341385,0.26185779686563526,0.07927459698977912,0.06273961650019741
0.1245198834324857,0.07881779181879896,0.13968406773457775,0.058930510816807384,0.07568370024643432,0.05913893070064811,0.27419228773780707,0.1130291246520498,0.07600370286039089
0.11730915991185897,0.04382258978612293,0.06489172359758238,0.021740480874215946,0.0939865305257808,0.016475725827662446,0.009165621115519136,0.5925248106464055,0.04008335771485195
0.08219859593545052,0.022380297833494295,0.28928138251104096,0.057236579766623774,0.08994803507916567,0.050324563288368325,0.20430459846675597,0.14015489046353105,0.06417105665556937
0.07910437674077558,0.0990985437705385,0.21149855492917435,0.021765186366304035,0.15444837046342097,0.06361062556903863,0.2347429538443262,0.08575336246053489,0.049978025855886836
0.2378804457996976,0.08029350165615602,0.08845713838243054,0.06433622583796245,0.04973920177379409,0.06351443859960244,0.11970500419584314,0.05724994168338812,0.2388241020711256
0.022151979054324884,0.07458670996999432,0.14926671123584104,0.11264207907545515,0.10838260531519266,0.030745851336225514,0.05866202930994979,0.21755035655673624,0.22601167814628043
0.017728970080945237,0.059184971098958754,0.06758776995773058,0.08876461540604912,0.02417774665925355,0.023805631561005274,0.03483536291422606,0.6331418729094666,0.050773059412364784
0.2439095634320799,0.025656604082254997,0.29287485966233057,0.03221171793424907,0.05368987031270434,0.1322713628519038,0.11043511858783028,0.052536286189785,0.05641461694686211
0.18833637988708826,0.12150749268118216,0.059124784521465405,0.043161818880851376,0.08922364455893823,0.1135997409010311,0.024456586353883286,0.17052778701050672,0.19006176520505344
0.18699516227939317,0.05725372883485982,0.10107245971727102,0.016953257469911942,0.11663175312706042,0.045366227612041454,0.030373384354863878,0.36443704305710906,0.08091698354748927
0.16886195318398634,0.06646324843505962,0.13433335725299542,0.032168004372001284,0.04318870798450409,0.2933588156637466,0.05156929120134912,0.0915593522393489,0.11849726966700862
0.12498369367694506,0.07993665994434257,0.20789916318079707,0.03531163875458126,0.06257729245009493,0.16036548867369468,0.21639642327690853,0.03213891696522103,0.08039072307741495
0.2217309381159777,0.08693421383221737,0.09740534307892534,0.06303866205752058,0.05561867482554666,0.1518143995864417,0.15859777044967457,0.04382000843743621,0.12103998961625984
0.26608113564313257,0.05362173093877598,0.13968644299724742,0.032163078531528,0.11401553110035682,0.17754979783292502,0.04629401996412508,0.07378222647639256,0.09680603651551656
0.413574874309008,0.07315877726314432,0.013789583859978432,0.09814337097530064,0.1371802270992496,0.14289777153632474,0.01440956329410542,0.04151306701063642,0.06533276465225239
0.0742266679411545,0.15136726553782595,0.12124623465754826,0.0612299256857697,0.03447015561237788,0.40937454281721974,0.0219751035293851,0.05620640018808412,0.06990370403063471
0.17376186076618694,0.04961234599223042,0.1140999216524743,0.05705835604041709,0.09299986988682891,0.030534729152633982,0.030331597990041953,0.23106455334625253,0.22053676517293389
0.22174978829241684,0.0299723764152907,0.3204716246188328,0.02212082621779096,0.06827590329208964,0.08892566761260323,0.00834832594642506,0.19200531484467906,0.04813017275987169
0.1558758698082543,0.3105385862878948,0.1373814183948339,0.02851481041385502,0.06441133592307079,0.07916554117172402,0.059731013355041995,0.10846078328023445,0.05592064136509075
0.05930024361484822,0.04856635180854365,0.114249559879451,0.07669270439657376,0.051917172226234994,0.31326534508985615,0.23976186006314812,0.031730446221530616,0.06451631669981352
0.06792022448034897,0.06507223438185629,0.2053818679695768,0.2851764807489099,0.038254289580456236,0.12083400748304714,0.08914555932590655,0.04839159443725342,0.0798237415926447
0.4333036241196959,0.05828991478712031,0.07846974118209811,0.034588937603125945,0.12353298179380058,0.08217847373399156,0.05047322341808295,0.07849330104239582,0.06066980231968878
0.04574945286929031,0.05577414377637827,0.09664739116390732,0.08506609539524464,0.04467468535124053,0.09564074348492757,0.04433271077535029,0.3848486860184976,0.1472660911651634
0.11913432312994858,0.024663007064357787,0.435088905337186,0.030156851824614157,0.06006868278944074,0.17711338771079702,0.012261671179284872,0.016423383773587832,0.12508978719078295
0.22810406242773876,0.040204228746213724,0.2007206516595402,0.02398590154449988,0.11197152255219844,0.07280925724566391,0.057151814822259506,0.12404903990637743,0.14100352109550815
0.31186954896771135,0.09298714999144958,0.08260326191964919,0.037041634695798915,0.13662576376573418,0.03136169601650935,0.14959572057250048,0.10686605767227376,0.051049166398373126
0.057788755838014814,0.03990931270212327,0.2428904768291499,0.024576065458114204,0.06186037035176125,0.25622115184514943,0.2355900845930551,0.017729756552416247,0.0634340258302158
0.4215920792945344,0.03239098981569038,0.1177645413408026,0.05978370190197845,0.06744058105900419,0.06707809868468179,0.021593417599695408,0.12493368571103114,0.08742290459258169
0.21350894078796082,0.03375638591736598,0.17596860370120856,0.04694606647603813,0.05586348925855117,0.09716070884590511,0.19824026885809332,0.02623939712735125,0.15231613902752564
0.39773453147782384,0.014336620941204697,0.09171356048975461,0.013777069641921763,0.048097532791938936,0.11692018627391347,0.06373681368169286,0.20329376082840608,0.050389923873343755
0.034060348315002806,0.04746822581291377,0.05206386717009304,0.09902963781507401,0.06069475335060204,0.022886547836773536,0.3493591080011404,0.18022996340183925,0.15420754829656116
0.052882415617188594,0.09597680410788267,0.10428991187580754,0.20612114804161175,0.05515876301289569,0.2360574826019676,0.04882530960041189,0.06820231085489274,0.13248585428734153
0.025690366909432976,0.06250070365288111,0.1775607016653388,0.02173147811220963,0.09472739787722874,0.2018758513168616,0.2602000611167215,0.019693318677219036,0.13602012067210664
0.053637689840420145,0.1493834734483017,0.09882458451631686,0.08977316886176112,0.308793341536774,0.07217897672641434,0.020833547729007012,0.06295551228106276,0.14361970505994212
0.1531955374090572,0.021416012580153854,0.1522648557447213,0.3194489435359393,0.03326599410516672,0.0569001818614917,0.009714295723906542,0.14809660207507774,0.10569757696448562
0.34262751261360275,0.02483041267584879,0.07720581254787952,0.027003992392479043,0.03991694342826122,0.07495800852747574,0.216188593601504,0.13134255003318926,0.06592617417975956
0.14972783198238124,0.010856361858202865,0.02848774601091546,0.08177426808738968,0.3320547642072588,0.034046406126708444,0.12807990996111437,0.1870880258484808,0.04788468591754833
0.05784015750920326,0.07581846918738484,0.09917858555727864,0.03596452699292956,0.11127954934715602,0.04957966166775248,0.030408803703851437,0.3699705173400896,0.16995972869435408
0.05747877802056247,0.02171670078035789,0.030590412910512937,0.09292264976930546,0.08732076688331371,0.42416608867458944,0.09709306342143685,0.12993891250480574,0.05877262703511541
0.022099973201572337,0.038030135217615335,0.09916295416229644,0.20718766339286418,0.012283589485402695,0.07407344228616138,0.44780069809219736,0.05294683027244529,0.0464147138894449
0.0314808249978786,0.17265960263223187,0.2617135824826377,0.006984828705454052,0.0635843112384548,0.053870596437161154,0.013697692270533609,0.29627939736804193,0.09972916386760623
0.06966807101275602,0.02749170288239018,0.17384253079239362,0.03312143806551101,0.09271346705087581,0.08851414443081022,0.2832643551211616,0.17447429585445404,0.056909994789647554
0.14331957035408474,0.09167627258264088,0.09627645678414708,0.0503443282685429,0.09468968108278908,0.1192105672059481,0.02013384558033639,0.31444174780784356,0.06990753033366731
