0.119065947011479,0.08530708618831363,0.034156383257673194,0.41857756030196364,0.0353091302517714,0.060845398078088926,0.031136164281685013,0.12136531969893717,0.094237010930088
0.12109267534986724,0.06539182394191097,0.0900684661428952,0.0829439305935429,0.26738892746871024,0.08537902933921253,0.009830304015678039,0.20150052249115913,0.07640432065702378
0.13953081061229913,0.04274360227465745,0.07776183553694739,0.06092410692406455,0.09667033326031782,0.11345303145036471,0.237656345585759,0.1047095801619888,0.12655035419360114
0.12302485568343417,0.09361956020857752,0.1519321186260242,0.13943328786027687,0.04914946786559438,0.14052928909916215,0.12599182600011852,0.04902033034596209,0.12729926431085006
0.06911047598060567,0.1234472484671048,0.08352028238592131,0.06520511485386517,0.10954481489283123,0.15982023254336136,0.004098894508538234,0.21319416983445608,0.17205876653331617
0.32629767939764487,0.02928405826114352,0.05968281327265688,0.13329106231096763,0.06545811748101825,0.07587180383844049,0.015110211961481471,0.11842742707086018,0.17657682640578667
0.11217074932610543,0.10463679936944446,0.13631138425604436,0.11481009052794229,0.017701968400510398,0.10337301946107412,0.024815181688328886,0.2582697742435564,0.12791103272699358
0.10749436702030614,0.00764030192533989,0.3586547819129331,0.025697936889974366,0.1196423683693722,0.06182494699880153,0.14520209463366232,0.05770050184129672,0.11614270040831376
0.0270893406339149,0.046651803299465035,0.14890346418018116,0.1272246693261229,0.2108531346438254,0.07048383642209068,0.21814677570380994,0.06983167910174436,0.08081529668884563
0.0947876763278518,0.24757290525951617,0.12081479596705193,0.09951748846964499,0.015528946817851922,0.09601660070759648,0.020309234258636222,0.2197729717338807,0.08567938045796979
0.10913219646298267,0.07201764550253884,0.03402678518911065,0.07764771016778342,0.3418082443569331,0.06165640220334817,0.1912933867549564,0.048693717731982084,0.06372391163036463
0.16079401432139748,0.03588648520774492,0.09117829575111623,0.14957583759549886,0.06441735786534339,0.08191269296706609,0.08237936458087065,0.17484471258912296,0.1590112391218394
0.08677010336775604,0.01742892146408899,0.13526256810182222,0.01717975904579481,0.048988633332201666,0.038532282909990646,0.49696298238813513,0.023839238575814586,0.135035510814396
0.2278699608161756,0.11535278368542023,0.05601631409512553,0.049517952020438384,0.18301072830971085,0.06751342676253272,0.029807821250626487,0.07494059418007876,0.19597041887989142
0.046485931129409096,0.27277236666759963,0.1930994289376552,0.045670105510510685,0.04836824703471626,0.1190617802104258,0.07248261650676825,0.12453088138572865,0.07752864261718641
0.23779578533151477,0.03808520149731518,0.059714604141559935,0.04160117840816042,0.1745566234326106,0.11893447467854307,0.07646218313661336,0.10463070675911461,0.14821924261456798
0.23126079252700915,0.1154969268537791,0.035153907320807566,0.03355988737416606,0.07710416528494296,0.1339035949436502,0.11815112012453861,0.0758611301051696,0.1795084754659367
0.2553497615339404,0.2061673829080689,0.02228926652020269,0.03606734013921985,0.04389710206063829,0.12956736520337003,0.014841760726170312,0.1325671989289371,0.15925282197945245
0.19202801236359723,0.025298277589629593,0.025995793324244787,0.07674999237259351,0.11739992571186086,0.10573453859616487,0.0421046221905986,0.25434989260374014,0.1603389452475705
0.09341728159626576,0.022833917379923463,0.14982240671061553,0.020261251208136783,0.053096960479510596,0.08799655761382448,0.4380889092297087,0.042947481927794656,0.09153523385421991
0.2969496859947621,0.03223952100681588,0.10149067433833674,0.12872709623370546,0.04314043333030737,0.08058644068472372,0.023796098113409367,0.14063885178876337,0.15243119850917597
0.05134544738695355,0.06001786117495486,0.020016441707647294,0.1847543407415089,0.30889956126506557,0.1410845493142864,0.024511132108717592,0.055453417305755176,0.15391724899511064
0.13952678588413864,0.05212857679494781,0.1361905907337737,0.03932562782824528,0.05106357688925786,0.046815486162867896,0.3028587048722992,0.1130872014654113,0.11900344936905831
0.022581388215750734,0.33852999179662513,0.20013715214494399,0.03457219791145332,0.05617869905512037,0.03895154019983505,0.09992713397014867,0.16116722040385323,0.047954676302269426
0.08264352924053185,0.02419776777039494,0.14315701024106928,0.029176704052999047,0.07604638695283299,0.06421097915192138,0.40117560878827224,0.049148117496944414,0.13024389630503388
0.08203052651454089,0.04988461370058208,0.08121876188629891,0.06270408901826845,0.19561427250474925,0.023451624703581146,0.09789319166345695,0.11529771943779854,0.29190520057072383
0.15129492343186135,0.14972235724048752,0.1088154464010584,0.18501066800134572,0.022714396482353263,0.07659028547258186,0.061820170551235294,0.1498206069596055,0.094211145459471
0.40091577891541136,0.14658471291879763,0.008791219548840613,0.011143233816607022,0.12605995931442446,0.10120830688946518,0.042707119879479984,0.05976364308067622,0.10282602563629752
0.05302472205516714,0.33368324970061797,0.15347338407346747,0.028201395413533868,0.0297870115394008,0.09173103290389954,0.03472267489663854,0.1739035440898935,0.10147298532738108
0.058298132120075584,0.2876717244957016,0.03112115868611275,0.02894902529506097,0.07582842931848811,0.15941630553608863,0.03416880031733709,0.1975839646754216,0.12696245955571364
0.24791430986333815,0.05392297438825392,0.05251909802328756,0.04913245839006694,0.09495732459378571,0.11119225820929297,0.058827790831847866,0.11271673026551554,0.2188170554346113
0.05407723881433497,0.008718571441647303,0.19462884766602132,0.007917601914312138,0.05363401023520636,0.04639822706517773,0.4398610068338522,0.03183365558973194,0.1629308404397161
0.08171192840038141,0.028652962469204377,0.3498865755173903,0.04686737816675451,0.07827644569768952,0.047934703198351726,0.06069337196895438,0.14093989272310817,0.16503674185816566
0.2944768594559122,0.051189883745444774,0.06580187529920317,0.023630223376904333,0.21411012561571105,0.04388079665392519,0.041259900314813885,0.11501641116769919,0.15063392437038622
0.038898182242864135,0.20643508515889872,0.21098946937332322,0.04077827258452544,0.1805210660135106,0.0860151882463478,0.08097340593959579,0.08680659127517705,0.0685827391657573
0.07972749494671662,0.20809926766173895,0.18703842552611138,0.023987031846201434,0.14107227940933734,0.08973515227330398,0.00988833739741968,0.14970880742949338,0.11074320350967713
0.22221388741097722,0.12457088482640687,0.14765434593690244,0.031566248711882364,0.04822429153826232,0.08829189269205746,0.016381694073822787,0.13129287852752888,0.18980387628215967
0.15707821626748528,0.06355480385155816,0.12042060191299571,0.17435722796527875,0.12189723359136062,0.11062610380084169,0.04811069153149986,0.09555376995614177,0.10840135112283812
0.0860063266856882,0.02844647424842736,0.08167505838428797,0.011963530507263611,0.03125222882793514,0.09423435576824768,0.47304304999847707,0.031567347327147006,0.1618116282525259
0.2023889851462106,0.08454198194425366,0.08196403028561346,0.023938017154111164,0.055413399408108265,0.09842122438773354,0.09658012120101063,0.16192934157315064,0.1948228988998081
0.19795505693630588,0.02795286277962647,0.1656151282838604,0.02752270745888559,0.10648829510868767,0.08779579517465064,0.09500048050989716,0.11404940920851521,0.17762026453957094
0.0853820885277578,0.08063265740012789,0.056923940133787064,0.11796125378420928,0.06003578494709184,0.09203971115315575,0.07676682899624346,0.25327308004841304,0.17698465500921387
0.13301658917851517,0.11736331818212266,0.17731841385480585,0.1157244454673157,0.062117979114898546,0.07137731927303882,0.02194495167700784,0.12898871855361127,0.1721482646986842
0.02640347230180066,0.12392916834870245,0.3363136838737964,0.0707563640083854,0.05513475869966608,0.0555272075505197,0.1718479269085732,0.0915435683706373,0.06854384993791866
0.04943504454683584,0.05868940560295202,0.07551513156161237,0.1309721404778731,0.11813895388222999,0.1480976705622102,0.26156046703790076,0.06229648383958695,0.09529470248879866
0.11724151097657297,0.06664121511450105,0.0624306291929155,0.12484645147273699,0.08320478531153119,0.19969594281414116,0.08533543392939237,0.14121626361139947,0.11938776757680931
0.023329674464165524,0.41875761972367137,0.049373810915745685,0.01532897887712171,0.05089056123305593,0.13201081228397668,0.028377706290601035,0.14629224518909725,0.1356385910225648
0.34352989651896104,0.39299264724199484,0.0018900455615546922,0.00039923293601833165,0.1348839927377928,0.047714247773610136,0.0005387287551057255,0.04631961831964602,0.031731590155316396
0.4571359948892448,0.08080985990997383,0.024806058006605358,0.01734824849663457,0.19545619251358562,0.03499456114391548,0.026528140601941058,0.0888648715965471,0.0740560728415522
0.4971646719767137,0.13727506516773835,0.004897655847260885,0.005498120071457612,0.2017026415017655,0.03503829499526783,0.0016997705527799438,0.07503287843780233,0.04169090144921389
0.17340846847433888,0.06907853935327479,0.06963247332811866,0.005893598108698726,0.06694379551378428,0.15435374951063408,0.23684702114430123,0.05923552364006548,0.16460683092678388
0.06759594145347449,0.0975590629033497,0.097588686156854,0.21163912805495155,0.03416150046524956,0.17020915846128956,0.07659354920879939,0.11282110391628812,0.13183186937974364
0.10737668282940604,0.25480853265357634,0.11456074223343864,0.03947853790774028,0.10433137951779292,0.0745469747082197,0.05069582171015354,0.14557566247737344,0.10862566596229917
0.04854074427680124,0.08681005676624866,0.10264080425607862,0.06389979588291819,0.0823422065375925,0.07579363063112578,0.33825430164680076,0.0910431058037623,0.11067535419867197
0.1494224803770238,0.09158836810437625,0.1531551762346791,0.08917006712960712,0.014077029262312525,0.12385727651047435,0.05052203062315827,0.24401847802835683,0.08418909373001171
0.17594865687514227,0.009395868279013899,0.3579454487734153,0.012588959304118364,0.05846775968570708,0.09005259963641632,0.08312339829985284,0.04815423344485751,0.16432307570147653
0.09261289261889923,0.01692492331736788,0.1287813391656294,0.030211045921639697,0.062048574746240544,0.1097120607137903,0.3270852487215405,0.10712246675252923,0.12550144804236327
0.10561449483394698,0.3594893123457716,0.05615651615059996,0.05661840614333603,0.051571182611073706,0.08958750829987061,0.03435180985231052,0.13995847855207036,0.10665229121102011
0.0666617921112419,0.14209453858012078,0.05977080227129628,0.16215901131660193,0.039706109513557436,0.08919874790732067,0.16215027245933233,0.09094327147711255,0.18731545436341604
0.07153533521985378,0.04808892406607121,0.06444741974109429,0.049040552904459106,0.2661510202348168,0.022395906740286287,0.04584900672333758,0.07354047232985071,0.35895136204023026
0.07871865031305512,0.06661258993843383,0.048950393940082444,0.4929159727888152,0.03793822386183892,0.046395342592714224,0.04930230345998516,0.10003422151477585,0.07913230159029927
0.0946715291725339,0.03758247511034614,0.032369651535951456,0.07924522998364468,0.2937034650169526,0.26738413397709015,0.08936649495929061,0.05114231143823187,0.054534708805958704
0.0773001430435747,0.21284873983573527,0.15141731914346399,0.0858925503312531,0.018142027061920436,0.068875629419934,0.07802920151303822,0.20120902415605915,0.10628536549502116
0.4696559217259133,0.07679366523256169,0.03864898295920849,0.056070693986929515,0.13385442009891832,0.042006487429960264,0.02829435204760726,0.07275540358555484,0.08192007293334633
0.0643315308866143,0.07850975579953602,0.04258250271161123,0.4155458818809117,0.060295450666850846,0.036362385577304306,0.033748306399402885,0.14131042596606455,0.12731376011170425
0.08568028395319449,0.13284810223608243,0.10663128417309382,0.13591196062190156,0.070381096445992,0.10904772939817897,0.11909127194650693,0.10138103169679423,0.13902723952825566
0.10779720881903397,0.02604956353736021,0.4577351558941725,0.01547212553942736,0.08803343805604247,0.050809461321289946,0.0446589810291213,0.08058046330278863,0.12886360250076348
0.019562755560319004,0.08086017328925345,0.23030151804525523,0.1507762724284867,0.03916369974780612,0.06387382453893327,0.33080711566373805,0.023349713985396304,0.06130492674081187
0.3437823994571337,0.0450654774550589,0.09712438194042665,0.03126614729506886,0.06453655638763141,0.066684225305846,0.03806599689006273,0.17809951611997385,0.1353752991487979
0.16106247664449724,0.06010461828264157,0.15781537180175562,0.10212994485595343,0.14363866221498608,0.0678368178255573,0.015468513114296737,0.11508200804215508,0.17686158721815706
0.3522371228174497,0.019555719412435304,0.09522661567558609,0.058388804885596585,0.06238088775901485,0.13663472815692054,0.0476447015522381,0.10341786544329357,0.12451355429746534
0.12330906718203005,0.021304210134255475,0.07875743392852297,0.002029145438539491,0.10629824995278873,0.04126612673489941,0.4912085053619995,0.01937763508794053,0.11644962617902373
0.11783988192895327,0.1171075997707783,0.10396255914045165,0.07871630984955319,0.025174367453525814,0.07198917706244916,0.062232549305417995,0.30063483095815097,0.12234272453071975
0.150162786316725,0.06118631789254712,0.07698777323282154,0.07898792595456483,0.14127132463826622,0.0858780691706237,0.1192954390674766,0.123391386620468,0.16283897710650694
0.1068985015371517,0.06417016771059857,0.1742265912662341,0.013952861522574708,0.13997579390356177,0.12479965443478276,0.2666716142408761,0.036688370636665434,0.07261644474755478
0.06948512654227058,0.19617808645533427,0.13820741993304322,0.05560762697175405,0.026633076487068363,0.11180059945718872,0.11602318637804816,0.1788665650020862,0.1071983127732065
0.20030148595002017,0.08947336204248506,0.05688450858509267,0.11309122504915227,0.07145822144040666,0.14176461462449005,0.03843284522646644,0.18321547281378803,0.10537826426809867
0.125186467882424,0.04946710289901215,0.07254923845888962,0.02417610634278748,0.08580820500760357,0.12972985676847318,0.06845142607980521,0.0655402089344595,0.3790913876265452
0.024743344655114675,0.580109781192034,0.021871394898886093,0.005697009808134126,0.018520028707236458,0.15045890950759144,0.008133527856047467,0.0898497916109275,0.1006162117640282
0.06115272077046696,0.06302281263840408,0.07705136017111514,0.06758387802857586,0.07672556812319069,0.09078371501475156,0.3259114874355307,0.11549781374849873,0.1222706440694663
0.062049059604018526,0.06343222918810827,0.04240307879128258,0.03917492904712028,0.16036335308072402,0.06264496211991936,0.11294391365912661,0.05979184179819441,0.39719663271150596
0.31865366083367486,0.025698423029768786,0.09418667903535721,0.13600477600680325,0.07136161986027428,0.057003618588209674,0.013763937577984863,0.10606682164903276,0.17726046341889426
0.2920469031288501,0.12914868703824897,0.057406071965614223,0.043055911377561505,0.06061329676887927,0.0755919808146276,0.042066878665664366,0.14619073902668264,0.1538795312138713
0.10469433183353982,0.04363016701732376,0.09682514582333397,0.05738615070941635,0.047908615351120565,0.2075146593077658,0.09092172619791446,0.16881171418880883,0.18230748957077636
0.03481007958061089,0.10980770406117002,0.10557672421704027,0.08418160745684998,0.039413223790617416,0.11583458053256042,0.3308690915381099,0.08739903340925222,0.09210795541378887
0.3200404417583275,0.07510953067042124,0.13251905307195122,0.04826643735216087,0.06072497262421658,0.09926473209071608,0.06748150775788334,0.04262097318327595,0.15397235149104715
0.01960077397628715,0.1682103406117964,0.16380420793937064,0.0868014108967205,0.04164529120324483,0.042268690707290064,0.330978044766368,0.04956980133989599,0.09712143855902648
0.5881250742423685,0.08738995061921291,0.012702283163227154,0.013747309320208132,0.045410326579157216,0.08102801054567335,0.008462918148182908,0.08581281980906007,0.07732130757290984
0.0873794199093229,0.06143026959757181,0.025690631555016576,0.017000349837062372,0.1928470415911497,0.27639225508003534,0.047093271971014455,0.0689381506275679,0.22322860983125892
0.04229646135278318,0.12922471620109685,0.1239110095094279,0.035198057021315225,0.05865976318772805,0.2169064295082205,0.04745419469262858,0.1868613551063363,0.15948801342046334
0.1553276112605361,0.13336666443619935,0.06619778707303618,0.0652149118412521,0.04599489650319061,0.18950499802713905,0.21495278179246577,0.059178538266513946,0.07026181079966684
0.06275672674623008,0.08748130917025036,0.037425099293958146,0.4581344020989921,0.032534051970526466,0.03405845517860765,0.04511230747210004,0.10795057835944293,0.13454706970989233
0.07072056237890655,0.03181825368188516,0.1014259659814943,0.1103560373950377,0.06916162085186063,0.16882227914733552,0.26250525291451465,0.08839582561978143,0.09679420202918403
0.024978397583964293,0.10836587303969712,0.12464158868241045,0.1371087898001352,0.2073231865657884,0.09941812565546183,0.14825282567171563,0.04013048383703293,0.10978072916379411
0.10586856270101246,0.3572533950170313,0.03387748524157147,0.14105384962074322,0.06239584565138052,0.09370074829220083,0.04107734166930368,0.057261425846365656,0.10751134596039086
0.2309278800734064,0.020207892902579336,0.24854829126468894,0.0106702123482322,0.17470195009860112,0.06495358453181885,0.12525540625535347,0.05122579675142761,0.07350898577389205
0.5182231214079871,0.02856478674544165,0.05157405314981939,0.031925975036349745,0.06884033786257539,0.05905325703916511,0.01983176136776471,0.07221442976747623,0.14977227762342074
0.05937870413215656,0.3144707092320304,0.07396286750412008,0.04285885976704173,0.07320312074181533,0.14363561261576385,0.04603940918802458,0.08940474087026833,0.1570459759487792
0.2245204920451901,0.02063657214821051,0.20143472969609855,0.013157512971170751,0.09943600311797895,0.07921298932788019,0.12053660130843023,0.08284836482839138,0.15821673455664934
0.027717056783790054,0.0968603753165312,0.09055407630442906,0.035667856689173126,0.023201010561253777,0.17494079269987783,0.3797335650777689,0.07667538171636373,0.09464988485081233
0.056006943707653765,0.24631032840912484,0.06537162376663228,0.17839557890749883,0.07943549648427368,0.047795231117840814,0.16715938985517617,0.07852041725466709,0.08100499049713257
0.2045112246775318,0.030759589830209405,0.04511576847473527,0.018936692273120632,0.27057685700156214,0.11840297097511325,0.14394057693084086,0.05854093589661902,0.10921538394026753
0.13258927602714327,0.05254031067725617,0.10957495047316428,0.17139627924911946,0.04111170652957639,0.11293156838784894,0.08889145030513901,0.1161005376335315,0.17486392071722104
0.09139096993876211,0.024986454657244236,0.06757107704885645,0.029589415201238645,0.13148639948467292,0.11038265125548284,0.21345092132272062,0.08030599534692885,0.2508361157440933
0.472627570782278,0.04466200512838555,0.017216882918476492,0.008951147573087728,0.09273001578308508,0.04555335296705312,0.020033616458483863,0.1900727130390344,0.10815269535011578
0.10102269474796009,0.013136224553364377,0.28054271840044204,0.015472088894414667,0.05128670564342654,0.09365173646698503,0.25074081025819056,0.0364468518583721,0.1577001691768446
0.08569399159501788,0.1062942731602566,0.05379620621115478,0.22953393213479711,0.041468738775693396,0.07594967183533034,0.04978636532707583,0.23075261903184777,0.12672420192882625
0.01779979421280982,0.31755868155754025,0.2107174579860355,0.15376331478695926,0.006778708488956889,0.0325433916269695,0.06804516678975239,0.14350649493617773,0.049286989614798736
0.0764611595438343,0.2008782930796779,0.07535674651120645,0.1290763626064493,0.040871106983681744,0.1300481363724778,0.07110954045174078,0.1338236732913972,0.14237498115953437
0.08297068539856821,0.14162057982944515,0.11580194555504998,0.12731882500514816,0.05927105851753284,0.09746314888373286,0.1417021705793107,0.09207204023226863,0.14177954599894352
0.09898912858576688,0.04549368454961889,0.07498056373518534,0.11240727077968989,0.1198600868780913,0.05248375984106185,0.13841899764265728,0.16384796134818258,0.19351854663974596
0.42740250216025705,0.04148149164376471,0.06939578329631686,0.01989978285287961,0.07992806634182122,0.07120196786747472,0.027117302804729567,0.13932486911196507,0.12424823392079115
0.0812753902478184,0.057035128508707796,0.16863696500456568,0.054707822799661826,0.14141473365218632,0.1380877216611105,0.11664510674658797,0.12567930876502187,0.11651782261433959
0.039754485944330314,0.04525784460275311,0.19403349912888102,0.12029782275271624,0.3001510083667742,0.07393270128913691,0.08409255044696999,0.06466042530608224,0.07781966216235599
0.14304635665942778,0.028831794885673345,0.22565844535055923,0.04025498119580547,0.05687729738025118,0.10790157895738205,0.15340037576360946,0.0535388080721691,0.19049036173512232
0.12897474509956267,0.10193597735108649,0.14907550166890574,0.09521987758442783,0.01934922418673071,0.10101147903872176,0.07482664568703841,0.2307392571508018,0.09886729223272465
0.11871823462895213,0.10077851096970192,0.08283905163459171,0.124069896433647,0.054707280210695854,0.13188229715368865,0.05069696504120568,0.18770164797953026,0.1486061159479868
0.13219776749356502,0.31860375002801855,0.01166420965647628,0.04347803770979718,0.02269181897419113,0.13444695912986268,0.013842485341845684,0.2339397002092657,0.08913527145697782
0.07401421726538217,0.022550113381435647,0.12046903822285955,0.029293093019388938,0.13563867750270406,0.07736719542154327,0.0903477005759744,0.05521917439548255,0.3951007902152295
0.07026489516961079,0.13208718965830132,0.07230285015856493,0.20038718610663556,0.055281910414780255,0.0735112867114349,0.07668441966468045,0.1631727920534842,0.1563074700625076
0.2513373294314062,0.37247390267587827,0.04721505209920759,0.031943734308434446,0.06653161872227838,0.05934779517085239,0.017455889657095398,0.07687744709760692,0.07681723083724042
0.21519519521320882,0.03169427307221922,0.05842900404811933,0.13498767447568052,0.12042573170303782,0.040705694665087395,0.1498514905558599,0.08064034148807625,0.1680705947787108
0.05084211196615215,0.01958582685148097,0.4315019624073721,0.01779271366609217,0.1858111412136212,0.048779367018472956,0.04121774695281696,0.07399510356553428,0.13047402635845728
0.04011594837192831,0.042545008210479185,0.03131754295267685,0.02868681440386557,0.2857617256001617,0.1767302175491459,0.027076527911431742,0.14612047490800825,0.22164574009230245
0.06272040548755038,0.058391100702221636,0.23066742788391217,0.14649840034779874,0.04573586515864511,0.049883128058799,0.03511014944859568,0.27285723713203575,0.09813628578044152
0.028800701094543038,0.14664905105597992,0.05435944151457842,0.13271879286514435,0.05138767515743318,0.060649145301503844,0.3500263756752271,0.0634063807706592,0.11200243656493099
0.4916843213507068,0.052965405569889275,0.023613664616602165,0.004925829282510882,0.25273666106607434,0.045395525499440974,0.021050573998938397,0.04436240623107682,0.06326561238476043
0.07576040743978307,0.02797120343957678,0.1898196651386792,0.009527133891630103,0.27995087943682445,0.04264424185382364,0.16539525922556644,0.04976414819973272,0.15916706137438352
0.5627734036328832,0.11451060387552942,0.009583031905838849,0.003368714711341904,0.12694881145722736,0.03920694053980903,0.009019330402607864,0.07375467452406043,0.060834488950701926
0.19468408855159333,0.017576769100587687,0.11119350473001162,0.01468622331554049,0.08797414572360106,0.09347659406902849,0.29949732428031,0.0505735030287211,0.13033784720060612
0.4409233497741066,0.029103824259700553,0.08554141524695567,0.01932523519363732,0.06237150487752699,0.048658034475650445,0.10640939428177985,0.10895415100542903,0.09871309088521359
0.5318317426896052,0.0650936082851886,0.03246041699544554,0.01638790567545802,0.08475215346255914,0.05074014474444547,0.020140065392425962,0.057448676202039806,0.1411452865528322
0.5120465236732651,0.19219554296567506,0.005548891747121334,0.0032984154335243244,0.14136410382782752,0.06116814168182797,0.0030819530850163166,0.033165813751495514,0.04813061383424692
0.2910735630047983,0.045803875351832335,0.0829741111223079,0.0284350734635529,0.07179814490058675,0.12309989402843168,0.06985117995478869,0.13466929139800457,0.15229486677569684
0.10141969161120985,0.035015359311404745,0.03561140882691505,0.030100579507047937,0.26005250065344415,0.044496050338782005,0.063493391662168,0.05041486963984474,0.3793961484491835
0.1400576687384751,0.042495397440319375,0.20919259367658563,0.03301874353094704,0.11210435335038578,0.06504790890269496,0.14912717973191783,0.09582878937941731,0.15312736524925694
0.1768997820381194,0.02679059979302369,0.2914763875530148,0.02889319319327351,0.04559162285597973,0.1199595826406979,0.09415398283966707,0.06797667488429644,0.14825817420192752
0.11118335680980031,0.13941021882602145,0.09432792663401361,0.06358838151890649,0.032338004894865144,0.06338114078931516,0.05761544770308705,0.31740458422760326,0.12075093859638762
0.13441283974148385,0.02166215037734272,0.2671664192895589,0.015985255864502577,0.061512788986417516,0.07175872301831929,0.17862322936319963,0.08498541489514995,0.16389317846402554
0.06235787588899198,0.07434030172561196,0.014218883201731036,0.028478693491740845,0.019401474543254388,0.689008859878363,0.0183978909068151,0.030745676273822325,0.06305034408966927
0.23062754577334552,0.01475795793310714,0.07626243956270544,0.019428393344038206,0.11399617352050423,0.07795925405267912,0.23781432551399076,0.04697457257382589,0.18217933772580375
0.10461183026772859,0.38026117941358745,0.05261162406569169,0.03569783874887656,0.04487244393073377,0.14715288269573293,0.019876858654680737,0.09238862550168363,0.12252671672128464
0.05347889897183746,0.10750672804247392,0.17432279606498638,0.06261542429400957,0.05741125883218525,0.13778944852203218,0.16423514786304322,0.16215789713439963,0.08048240027503238
0.029519463389894075,0.05295400450840556,0.09978446587627937,0.25955450439490046,0.04765449427986538,0.10498963008247146,0.2213047860256903,0.04270883343324266,0.1415298180092508
0.21107177660911505,0.07484302818879485,0.038254167195025134,0.054335946052671634,0.07616081908284962,0.14014755503587578,0.0655085423165704,0.12403703718113317,0.21564112833796434
0.007728820485844776,0.013575732055154022,0.2336187347350226,0.0393096702208821,0.36124923338111836,0.059210413343906344,0.23788505105294036,0.014387820518969642,0.03303452420616174
0.14316337289162437,0.1007728212084948,0.10037008717803465,0.13348338481032,0.032680257721685375,0.08038491156762864,0.02889778618155205,0.2911048395425135,0.08914253889814659
0.1911300896533853,0.11512113869547934,0.17972399587837795,0.09103650627039657,0.039223088001074026,0.12010677997215158,0.08494085304420534,0.07003821692832353,0.10867933155660632
0.22794732816738636,0.027456660445595787,0.1686146254305806,0.03444902760175641,0.07526407063290409,0.059165301801091384,0.107244795638398,0.12612080770422615,0.17373738257806115
0.04218164018159224,0.0929187980200674,0.06218295498987337,0.27353639057622986,0.04177755084445698,0.07445881101352662,0.17194805508249156,0.12343177434769413,0.11756402494406781
0.03950901919255046,0.0626123056126983,0.12041060670323354,0.19772176360071816,0.09245861049544102,0.09309674861169803,0.2406764843948639,0.0633140262818825,0.0902004351069141
0.15473813990273422,0.0353322630221298,0.038952184691251696,0.024756150597799856,0.03172788200051312,0.5466793328835459,0.039748471420321,0.05399317865126981,0.07407239683043464
0.07692084537276529,0.10607761395283792,0.08633866055326293,0.09066373542515892,0.09930342399692504,0.1213833298418689,0.1378917269533494,0.16596303812073168,0.11545762578309994
0.08416727371963335,0.08183266945307673,0.079113892846236,0.20617832851676535,0.03916935420150698,0.07626934017022845,0.14487944866608535,0.15242496910507894,0.1359647233213889
0.15757454241265936,0.20925619470413612,0.07025703418872997,0.09688218785216422,0.046185146787321885,0.06184761812785572,0.1831338799950852,0.08692703537803526,0.08793636055401231
0.3739386081888219,0.035858274187615724,0.03773836645082423,0.00913724834076801,0.305526535373353,0.04977862164503727,0.0613273337937257,0.048362869149684,0.07833214287017011
0.12826831082036294,0.016052814614279428,0.22872954246081692,0.01741882298814277,0.05218000454393789,0.07431535927660043,0.34160563703720515,0.04394368793895296,0.0974858203197015
0.1356344141188394,0.028233652359149652,0.1486551716375236,0.20798119413473617,0.11696942223758033,0.0663919899405846,0.0771963876702143,0.0756586698908289,0.14327909801054298
0.05932716843209903,0.04084099823657427,0.17156647547366308,0.15308700543947873,0.0731015485660962,0.14044651237083458,0.10708094472810341,0.1013165930782478,0.15323275367490288
0.023415990096230608,0.0768887304987811,0.17928901642382544,0.10092597570915174,0.09847788327257627,0.07980676137008141,0.3082411797727851,0.047913474815944435,0.08504098804062397
0.0571631780904218,0.11289997924787394,0.10658981672107344,0.10480059017026104,0.035763165149061665,0.1079679187544114,0.17698657443200383,0.14517741889708558,0.15265135853780734
0.14987551720374512,0.08545510640442033,0.09260449184466156,0.07629114615181179,0.06145676715695573,0.0996310564631991,0.015313764873864419,0.29412669472267416,0.12524545517866778
0.3902168069046603,0.02300821109300366,0.2717462450848563,0.0015664928192118711,0.08935428965392965,0.08014151921153688,0.052115085817296423,0.031795454770126526,0.06005589464537841
0.053460382310672926,0.03269891376995863,0.10704267634100674,0.38321756432760384,0.09933720223316476,0.09762797758775736,0.041640630761719116,0.06767131980621797,0.1173033328618988
0.2177462570801739,0.2641947727230331,0.13286638549657123,0.006034688753095184,0.13627824022265775,0.039922211997852126,0.10285408284747456,0.058766295701484776,0.04133706517765739
0.2460380832628962,0.07085724015500812,0.13252580378451514,0.021496752226972435,0.11521069964309605,0.07744956594972141,0.027891912466535038,0.16731169623714937,0.14121824627410628
0.09756741128129114,0.07922152014918311,0.13980644708506942,0.1530388323122423,0.06321045156911763,0.0994667709874607,0.10052380063255335,0.08820206022881806,0.1789627057542643
0.05965815225532495,0.04185292660450812,0.2949358179356549,0.0544402435267485,0.043305124945360964,0.14542815944949808,0.08500039901175727,0.1453059588782846,0.13007321739286265
0.018123746581294026,0.08952970002138655,0.24286548460865007,0.015978057162633178,0.42456392166714885,0.03701728029812218,0.06782650819885887,0.05178754123359323,0.05230776022831304
0.09168721147607684,0.060421561378105754,0.16102998105777946,0.06753419524253373,0.05003910080417486,0.06647971427788839,0.020678552497826814,0.30635580560007036,0.17577387766554387
0.038577647232073235,0.053902395895479016,0.022411501868811842,0.011148516622201864,0.23107482452727848,0.47286534735774177,0.031008105356277484,0.06880109820679703,0.07021056293333922
0.5311864561759193,0.07775104702587292,0.015117240030217345,0.05639775005015032,0.08129957724977178,0.08014156730560755,0.021005583117453836,0.03655254581988184,0.10054823322512507
0.09934441311922465,0.0702086349332462,0.10248566768967332,0.1226831305205684,0.045702645015572176,0.1768102357974437,0.055836556758915405,0.20200223496284983,0.12492648120250631
0.19743815249865634,0.15488371712366475,0.012608577171475692,0.03396319028162904,0.06702262959183065,0.19153633124012068,0.013306484364727839,0.0994036181682369,0.22983729955965812
0.014695651031575574,0.03381753778020805,0.10366086186839318,0.026600125018921516,0.47843344159550355,0.09950555048732279,0.17479328489894896,0.030327842670524758,0.03816570464860162
0.08960886012149331,0.07062520599783245,0.18699913134311144,0.19556176890783314,0.027704700740898425,0.10299385166269003,0.0317499476970914,0.1244000601818858,0.17035647334716408
0.1411710915396783,0.0540442643715525,0.20158359824168484,0.05974914932357719,0.04877635702446553,0.07074235530242558,0.14643030234980356,0.14194607507090548,0.13555680677590695
0.01912560715913599,0.06571576472513362,0.2117483946198363,0.03546464126278512,0.4471794531185227,0.04024688657554986,0.0594178308513608,0.057456584350944175,0.06364483733673153
0.02200446565594731,0.15169125930077645,0.22161855219946983,0.03684869320873866,0.197582218459461,0.031639028365142076,0.17401523745912365,0.08379420055343934,0.08080634479790161
0.11215547616285727,0.13476053177210578,0.13636706664504128,0.07664429852512995,0.01576914941409109,0.09087519203981394,0.17917216141817113,0.1677073900712213,0.08654873395156824
0.07070779875130252,0.33776162095514306,0.129551087289576,0.060180295480221725,0.03343916772956382,0.10187450320276877,0.06680785995642026,0.08085388184126148,0.11882378479374228
0.09377367917289302,0.14912644994024712,0.10666793464876716,0.15608165253208625,0.06849725913530896,0.06065212152348665,0.032884470176532336,0.20299052683583016,0.12932590603484834
0.2502740180057697,0.10614088984050596,0.08787238844999161,0.17563964349719038,0.0380661502755875,0.08025836926283156,0.02049598724586875,0.14235676410683737,0.09889578931541716
0.09033487151348753,0.0674546864251002,0.03644144629223905,0.46021394418539097,0.035759377915928536,0.0510290248247954,0.023226373496309224,0.09695766263089715,0.138582612715852
0.13746188357811226,0.23699649623796884,0.03253492060089561,0.020645975720751646,0.04026302158192677,0.1573955603538864,0.008801736608924882,0.15568784251869872,0.21021256279883482
0.03374372840933553,0.05738513174758921,0.12665733090531403,0.07991466054384677,0.11557530862758623,0.14032900842247828,0.31054571004104287,0.055323610018885395,0.08052551128392164
0.07625502060031447,0.0721798658239931,0.03516159336875857,0.3763892167223591,0.03087831827734534,0.09773988821060063,0.10670471629408486,0.08998704800873364,0.11470433269381024
0.06106996650996086,0.07043590336383326,0.2311120998660213,0.08062698026912822,0.05123577088096295,0.2574729350829333,0.08230784001796942,0.0687138262960162,0.09702467771317452
0.05836767301874516,0.12633625853215352,0.09336197488934965,0.07259419146630557,0.04358436796621107,0.12934193563240695,0.26871106680770146,0.10000967765274511,0.10769285403438149
0.18707726517559772,0.03675017539146053,0.19572887525579766,0.012471226932181402,0.171820718403722,0.0788979005968503,0.09439866624307963,0.11308435661453188,0.10977081538677885
0.11495208356442578,0.031200846657104615,0.04786765091168624,0.03220199131716429,0.050418529708905584,0.09294394290860626,0.42319388630078963,0.06244727496782065,0.14477379366349682
0.1754301143982772,0.03940929348955007,0.1089260144192099,0.027430982133287426,0.322146245964336,0.04687173623126053,0.12702853147039592,0.04601774764855998,0.10673933424512304
0.20469389561380216,0.007653202654666794,0.1325726239154176,0.0027964404338520297,0.11213566159189663,0.0296336593181408,0.3961979733576528,0.031500576461781005,0.08281596665279023
0.16649594418668595,0.04689246350264236,0.097207487022457,0.13804933125659383,0.08284913401209333,0.061285734674865124,0.04605661778025694,0.1923176101532945,0.16884567741111103
0.15162303507850575,0.09131544971884285,0.07726385441681492,0.098422522091912,0.04603714046427443,0.13126877347516644,0.05489922360954028,0.23784998985433395,0.11132001129060935
0.024967812106866997,0.08014003541075404,0.15334813592972332,0.07607353484265784,0.038213706494485626,0.08893760770754992,0.37361026866962077,0.08403794294610632,0.08067095589223519
0.07945703423445198,0.040749671334064964,0.024816625461052063,0.04432062443496304,0.35166779051084934,0.0270989631140395,0.0502603237820747,0.06743003374084469,0.31419893338765964
0.4127259315607376,0.13044478062822,0.036866169781378445,0.0342519433766492,0.11832020610973,0.06486535473943696,0.02052461493135901,0.07882260818576474,0.10317839068672398
0.13512091333999626,0.017743957421078104,0.17416070377228218,0.019551806072472283,0.047003510253987246,0.026256521289043742,0.35445051611005457,0.05177439193979685,0.1739376798012889
0.049404782873919244,0.014950847797751216,0.4521796901149953,0.010140876223897017,0.09367292930289957,0.07832058939582381,0.06454603318516787,0.035919359540476876,0.20086489156506912
0.07055298328595776,0.1338948661103002,0.08471755833427663,0.09447183250577466,0.1500123939011868,0.10922281856059479,0.024271338638375845,0.20613387443328202,0.12672233423025134
0.04048301192267814,0.0722465469897333,0.2322323723437553,0.05746778676447587,0.017521927774331255,0.10496239547885351,0.29127774945179113,0.07778361438198884,0.10602459489239265
0.05726015177224671,0.12224300670492465,0.05313017764932818,0.331087082608756,0.05361590088300056,0.04670987773454757,0.09206150739365082,0.10857386551395513,0.1353184297395903
0.020483122684185347,0.045283991615578466,0.10188267384359014,0.09125164270734225,0.1467808986084554,0.12899123027787265,0.34155186538732624,0.04602675212505195,0.07774782275059754
0.20484770106900382,0.05460380488804839,0.04939982791874208,0.03494014278643462,0.21015500607307805,0.13148712255209336,0.038397307001524626,0.1773039891977289,0.09886509851334617
0.08873210565725215,0.05232322521823607,0.32963733414202023,0.06609885131301206,0.23310986002202538,0.01956370260323062,0.02054204084374037,0.10445611533174774,0.08553676486873528
0.10168782166660938,0.036325181970572176,0.2537373802878424,0.04431870470992435,0.10191482308786348,0.12357370599530097,0.12600376371115526,0.07793822680481065,0.13450039176592135
0.28650141263912876,0.036026468790513876,0.13267200411163016,0.07329259258989697,0.04615088450335548,0.1057085342214915,0.04621871666287569,0.1398478057230964,0.1335815807580112
0.040240824428391365,0.05914396012678232,0.0428268729178134,0.033620624215578813,0.2775423737921528,0.15223183966784537,0.016562090776838463,0.12475684992009528,0.2530745641545021
0.39750575795416115,0.032528152447816004,0.1035126635000253,0.014133296825897798,0.08056503811320377,0.07134433071673042,0.021729746527159834,0.15020083921998115,0.12848017469502448
0.09152104837748126,0.09557371087635773,0.05385303816337897,0.26604566449940104,0.03384392762921521,0.10647020066678818,0.04646283202895964,0.17460408181223666,0.13162549594618136
