0.08731678424790816,0.0980565535379344,0.13546851720822475,0.060238762628815924,0.29766506510533774,0.1961551905862867,0.032739718352112236,0.04167418049053626,0.05068522784284383
0.21404884826584025,0.12285457294923564,0.12369153207472532,0.02123539823678808,0.005209361753613254,0.06637048530949541,0.02088639793993508,0.12483070555648175,0.3008726979138852
0.05646635932184868,0.019881704287652773,0.1159767281722613,0.026482807331083102,0.04416946508514056,0.5446840647937434,0.05608785145145242,0.036583533412411905,0.09966748614440592
0.11550650434043652,0.15973451032848143,0.09506898805525592,0.2678089014947066,0.05482606442112189,0.12219225948062902,0.06572437311742767,0.08151380630858968,0.03762459245335129
0.0691464329714888,0.08926622566298775,0.110835950412925,0.022185896394655086,0.04760646437070884,0.03925523200778626,0.03520313789058473,0.515386010315639,0.07111464997322457
0.04470739587354528,0.055764955975272014,0.27236148527545484,0.034171634233495195,0.17885042155820727,0.03580024682299888,0.2696902495550224,0.04242576718487651,0.06622784352112752
0.06059536940412613,0.06021398153866455,0.15602902726905868,0.05552247905823651,0.16404261375341989,0.17974760914670515,0.1512789392899705,0.09207153317853778,0.08049844736128087
0.11869034340355798,0.08797770696877161,0.11885371918193743,0.4778427333095821,0.013120794205107538,0.09158689572165664,0.048892604002145096,0.03146577746185821,0.011569425745383341
0.021538787984585545,0.0851762388327652,0.320686773228364,0.03827064566698194,0.24969877829464668,0.018371624177722895,0.15208412046339018,0.043981420393320154,0.07019161095822346
0.14079710241762297,0.11444203940440341,0.29498256377603055,0.017322275931490983,0.06982898839465343,0.11787306406972371,0.018309873041391273,0.21426487515762735,0.012179217807056391
0.05538153278731831,0.047055938791142816,0.04748784080381054,0.16396022783105968,0.09220056681857199,0.27611764390776444,0.10814618850390918,0.041970721436694454,0.16767933911972854
0.184970707355716,0.10466505710016405,0.133189880374454,0.0423691978096092,0.32726560258375786,0.043738047019343446,0.07842700305312136,0.05767952348915486,0.027694981214679153
0.03452563466170613,0.02365318697571299,0.07090778882749028,0.07395279091666983,0.12565805898148225,0.29188422970238,0.19058820862487533,0.04810212405668713,0.14072797725299604
0.11234650234877415,0.02789216152832187,0.0720262453241644,0.031189477980607058,0.010383146610605956,0.2417948929736429,0.09017811196104442,0.03537072109608153,0.3788187401767577
0.11539793633490507,0.035838429873962206,0.05216828653201664,0.011056866219530509,0.006217073185574041,0.18577772290984607,0.04748247575337806,0.074425897112115,0.47163531207867226
0.06871716344031796,0.02194698239836913,0.08384226995583303,0.045255327686182685,0.3604847326029241,0.11635769089598695,0.04254413514212748,0.09250541790862743,0.16834627996963128
0.05777472888029611,0.10128918586201797,0.05405001815707903,0.032151033718067414,0.01936908702793229,0.5049553493168392,0.047422255822227984,0.12332781651500276,0.05966052470053727
0.04350642327745514,0.5463480576496337,0.13307036396823757,0.05544781509909625,0.042717293074440915,0.045993890834442004,0.0600226495063217,0.04332232145516322,0.029571185135209455
0.0647914239529846,0.05341695397408857,0.08166412518840173,0.04756565500195675,0.027250119073727302,0.1115991904829835,0.1890904824997898,0.03188962818523172,0.3927324216408361
0.03039505383656094,0.040966296133810705,0.1499653370734192,0.08422257347382008,0.2597598930823967,0.018934127846997734,0.2982582410788016,0.032301982027918404,0.08519649544627454
0.030690734143603543,0.04854491580278094,0.13839676707480042,0.13837782717989466,0.31701616235445096,0.17355502839005507,0.03107869192252295,0.039401146585256876,0.0829387265466347
0.11063084435202275,0.2134852270466773,0.13035124385686955,0.10303091191227848,0.07703370164308694,0.09360639317700198,0.06805090381477936,0.158715735911063,0.04509503828622067
0.29379616974440004,0.03215645997435531,0.11816148603317905,0.012738892776715291,0.2978982528991246,0.20545558922234342,0.0052019808434770765,0.02657136537222349,0.008019803134181738
0.13806557512053483,0.05137184081016518,0.13112590242947633,0.050537897647719564,0.5433409236781713,0.034359258810955626,0.01581224013171172,0.027782090506654655,0.007604270864610758
0.023870680626003105,0.05236743012879547,0.18166516621714046,0.032495337552035895,0.3990031208485189,0.03253364981835589,0.08934584122988537,0.05954103387910198,0.12917773970016302
0.0900984363521682,0.08516189975783293,0.09724555553061699,0.021532474602008994,0.09391335537128975,0.08069682104458713,0.0569270947981631,0.0742666765072952,0.4001576860360377
0.5586922127075518,0.10679446610746217,0.1325206471897612,0.025127065389817353,0.027478038646998094,0.08988720165710697,0.010506315889722664,0.022076708912033238,0.026917343499546508
0.03791132977636931,0.05017609808165885,0.15746691506479518,0.08647107574284645,0.12004824676624437,0.09724751073664835,0.30540306954147306,0.041210289535675994,0.10406546475428836
0.19648072931595084,0.0946636912236259,0.12256680888140571,0.01597203276154987,0.39035601665511277,0.033499595172824116,0.10319607214859734,0.03650748055119848,0.006757573289734875
0.032593287853287314,0.07001225805436204,0.14847661703914192,0.04973507018666268,0.28084254388781005,0.09016247826341346,0.07314260825797671,0.07219501266143238,0.18284012379591352
0.2590286686424719,0.11137605967836366,0.2618377609356459,0.01819452708103186,0.04709807544934804,0.17950500614794326,0.019439602028011132,0.08972527819113224,0.013795021846051978
0.28718743895194637,0.16084469836353746,0.12971088285716056,0.06617591018137754,0.05904793885057182,0.022590458626069714,0.03388327993451218,0.18201725414556055,0.05854213808926382
0.26097336701504176,0.11391982489555208,0.11108061066094621,0.164051643922384,0.06954845971055938,0.015216062991606716,0.039003872373864816,0.09032510866702681,0.13588104976301826
0.09502588539638275,0.058530053813790894,0.09808457459205445,0.095727098359205,0.4822956441105018,0.11297793555404427,0.02506003717313209,0.02342952818034962,0.008869242820539065
0.09148464411537721,0.010557064653079632,0.09215495544519398,0.10092374779241137,0.2592400062144408,0.25237303807808026,0.07568341812408612,0.010772822116618242,0.10681030346071237
0.022995173567331027,0.03740282891224709,0.3689659049626223,0.03078222412428125,0.18350106718583833,0.029996990398057522,0.25155231580046455,0.03419977643712201,0.0406037186120359
0.07080669910182763,0.4047995066501782,0.046247062842451114,0.18644901034050132,0.02277387451030363,0.11606442417057265,0.09468936395182703,0.03976647861310583,0.01840357981923239
0.15028068032450267,0.10118928157024903,0.13817399216470422,0.03883733083194673,0.021631334689450953,0.1204851752027093,0.01767718924259221,0.22546425034914896,0.18626076562469587
0.046731902940958275,0.12168418064831776,0.3398005089339162,0.10229478814424453,0.2235028379140511,0.028634215774886857,0.0480005197747061,0.06826502546536962,0.0210860204035495
0.08056960824805594,0.3973814472927248,0.07818390601307125,0.039571350238671255,0.03037903146364007,0.2856055404199755,0.02143233327984506,0.049923634030319276,0.01695314901369695
0.21353785502372133,0.07637530446050517,0.027706105556569768,0.1379951673383855,0.3966036541302287,0.03272859284244614,0.04563165496040267,0.05109604643290394,0.018325619254836882
0.08035093271914129,0.04430106707417308,0.18711156503615367,0.02079707958772065,0.022871426711750877,0.054976380495659054,0.02206788031989737,0.10574632155003533,0.4617773465054686
0.05089869113423068,0.03367208696502894,0.04730436754586024,0.09888037219193484,0.02784269999981917,0.1340796665980563,0.030590273217876704,0.17345767294305184,0.40327416940414135
0.20483678140272196,0.1501492524545397,0.10000224235146944,0.04884509031477972,0.04511536326921926,0.023189794286153854,0.014986520216995149,0.3525276434582482,0.06034731224587281
0.27125385380137246,0.09973277026163235,0.2555433057239474,0.10167257395900721,0.08137435590058319,0.009989830468712683,0.045281906868770476,0.12105096008556498,0.014100442930409176
0.09788560036299183,0.028298397131879028,0.07684443930594187,0.0662989250022231,0.5763469444190323,0.02810212433997228,0.05115530955906778,0.010216985796469931,0.06485127408242174
0.05779647833183946,0.10555310053621253,0.26683997960697253,0.014574250304389065,0.01572739939657809,0.04866778432794754,0.030080186019017418,0.43578748990074034,0.024973331576302975
0.1441400988079852,0.031648147871033615,0.3069148697405494,0.07323645755090741,0.07104374978713693,0.07211057705463493,0.02445499058692709,0.24047844307336438,0.03597266552746106
0.11430752735692096,0.023759126200262427,0.2759541588707512,0.05324627090606879,0.24726108030085173,0.1855707978812371,0.05968413675169559,0.02483139986743189,0.015385501864780248
0.060587545813735655,0.5666223665158158,0.10263476441780865,0.05432667794798551,0.005975400876040256,0.05270472410988502,0.07733019030016619,0.032940398999203466,0.04687793101935955
0.0866654971196147,0.24991331487236826,0.057525134689648975,0.4410706873970614,0.026268511674714144,0.05935879627022634,0.053285005747645046,0.018919607297995134,0.0069934449307259275
0.0616759968406263,0.06555518264953276,0.03720461461516928,0.1251533052753043,0.07274945518135802,0.05272452368682871,0.0558429082578731,0.4930705612144896,0.036023452278817834
0.06991798030473778,0.03292469834277694,0.10615849115842459,0.014754135220707794,0.013943686991142942,0.20169650383440532,0.03103578993721767,0.09899946887849674,0.4305692453320902
0.027789584844082855,0.048373287525082076,0.21561960492035084,0.04312545262595995,0.33577480086441547,0.09698269209956899,0.09824385705841414,0.060784474795697645,0.07330624526642802
0.18863115533767502,0.1728949520301806,0.18454209901889776,0.07153676378739972,0.022477228333936297,0.24256004526194483,0.028699567915457008,0.07750291343342958,0.011155274881079211
0.07824283420998222,0.0627297896952666,0.1267721485415724,0.13925506305363292,0.42318958089397896,0.025561876273609657,0.048898126618423556,0.04975069368629309,0.04559988702724057
0.07549989190321345,0.5130516806202902,0.019639089420198385,0.0801913027253759,0.013649514985219541,0.09704593743305552,0.09375267414435114,0.0712779913520886,0.03589191741620723
0.03010689514883916,0.06731325147735745,0.298526178214646,0.025438530983906363,0.3387089608486203,0.05080115225114759,0.08453068080422638,0.04568406315400781,0.058890287117248856
0.04206868268133335,0.045737539990804786,0.02870990693227979,0.1190689165242285,0.04635205915915164,0.5372491276451391,0.05061661106371489,0.018390701389971228,0.11180645461337674
0.04620143044574209,0.018949605682791252,0.12800197998663868,0.024099696470812323,0.03321624368097488,0.6066920061723803,0.06228741846365715,0.052964905254018986,0.027586713842984292
0.09173121046149185,0.04292630712225174,0.05904464409803208,0.03125751273683026,0.0883006849728758,0.11554868238330078,0.041463482063924764,0.0629022645027041,0.4668252116585887
0.16917912243389455,0.07553792531211419,0.244026812367076,0.09585145393963283,0.12027238491997283,0.08084785264566086,0.025762352186628243,0.08823352052589693,0.10028857566912358
0.042934792625696154,0.025274594622281685,0.04876048186653469,0.12364359172954652,0.011643546935896214,0.1790976214450336,0.024282057406287052,0.3042827040083718,0.24008060936035233
0.061300705744621625,0.021073771575396767,0.34367197628004204,0.04825950980252249,0.03327840330517519,0.27746385957161795,0.04594531102875648,0.03577288071957621,0.13323358197229118
0.06509276376400468,0.042122209480905476,0.22406292951902573,0.1168861359993038,0.1365978483546866,0.08052708060040621,0.1107877143627748,0.04278277605247329,0.18114054186641937
0.12062609028556742,0.2388685629782449,0.11155500458831069,0.045344334124434844,0.1941197871656087,0.024125880986251163,0.04670726346135934,0.2001826441586082,0.018470432251614707
0.021028528089631307,0.4700988853865498,0.09796493379254771,0.04883221594026538,0.11055084906560754,0.0462883988112312,0.09380927548055155,0.101158113522808,0.01026879991080739
0.06643850196627787,0.11786177126819912,0.10079171807639409,0.0643321001468961,0.014190044967180349,0.3758613233656554,0.08389220694510913,0.07430642811045972,0.10232590515382813
0.0766273501110643,0.08996113056535819,0.2747195108990103,0.13114644333414668,0.06815383666550345,0.07487407064163325,0.0437206040940873,0.16758250538908362,0.07321454830011286
0.15722335233341916,0.1493423357805396,0.35577055378704614,0.007987764490480819,0.18204742215132752,0.02077930756896456,0.043034882922115415,0.06638862118441215,0.017425759781694607
0.07702573874683821,0.07975023434812936,0.10524873240141974,0.11411978478049249,0.049520441933557084,0.054427169628207726,0.030296457682843458,0.3841133893192488,0.10549805115926315
0.08141641330748828,0.050639211984225004,0.15512485834825837,0.029816517197753033,0.04130830535162568,0.11290631736705968,0.12904419056752695,0.032048033615920464,0.3676961522601426
0.05106709099759891,0.061146471456667593,0.07219012908094234,0.15258263266060132,0.20281460272023133,0.06290164652318775,0.18836607238480418,0.031089892390592965,0.17784146178537344
0.11699022566355528,0.4196860896448207,0.13759425719187793,0.06398460870462984,0.01375801739657242,0.1696427894414695,0.03997051727102079,0.03105496921636,0.007318525469693604
0.07223194773543498,0.041041599732238344,0.10860653088477663,0.006628268673000049,0.1548155708278667,0.045122389363614984,0.028385659095198166,0.08768969706953463,0.4554783366183355
0.10398779931361747,0.08238138681884191,0.08272419788504179,0.0669109971936912,0.5539235848547376,0.015425008825009195,0.05220475291997398,0.03148776032823967,0.010954511860847206
0.12617327009931464,0.045433464299090454,0.022783042406163592,0.19578319287911827,0.004644601543463299,0.14965989951463207,0.011319468169495582,0.4279574783050976,0.01624558278362452
0.04726388024289425,0.03223461497260239,0.04883867184152787,0.07131318082573788,0.2655889384403116,0.1135043439608057,0.04745698624488575,0.2278005259070451,0.14599885756418937
0.048649438786128874,0.017229841157047603,0.051361145923330215,0.07152313769909908,0.15481045313280603,0.20358781947114654,0.05266408981799536,0.3298561891413354,0.07031788487111085
0.09915784980402063,0.17061283815748232,0.08599649059877938,0.05202799790380513,0.29294911417037445,0.0761226212864056,0.07895487118053961,0.12009614753738836,0.024082069361204533
0.070925037615698,0.1787194171783463,0.273913791126308,0.005794053851680493,0.2744999120506713,0.014036423343391516,0.06400364202373797,0.10473036230851734,0.013377360501649083
0.01703508173708743,0.09546553186661766,0.31260572070596054,0.01987306441634529,0.14732636049837927,0.012683884914595185,0.2759922552741371,0.05658509888146531,0.062433001705412265
0.0862109196538724,0.1692552114159028,0.2518433503773334,0.030475471452268244,0.19437684621433657,0.019513770875475026,0.028515700335777855,0.17564850815676458,0.04416022151826903
0.026840040494136057,0.05507296139730795,0.1790071554051408,0.14890065144211082,0.23227930002868247,0.07469497763688139,0.14316041882252292,0.04264151167609973,0.09740298309711788
0.3257267157846762,0.12290683356904138,0.08197620394474162,0.18259512144205936,0.02877865062218114,0.027380178428851026,0.03210797292616503,0.09965168232149062,0.09887664096079353
0.09008012308669826,0.08372890760918406,0.18717214787203287,0.017166996477469335,0.011428922788294174,0.06523078645698445,0.01873035744797948,0.5083055040596319,0.018156254201725425
0.05726208894328468,0.03558788377515739,0.057166874762030924,0.029934683361284405,0.06189030300930765,0.1132825618407568,0.04050684687511783,0.16776199723117066,0.4366067602018897
0.08786574001856118,0.15481087434654786,0.05567760906326056,0.07453356154840553,0.008021639095797712,0.038297600708397814,0.027373103858753304,0.5416312394689387,0.01178863189133734
0.4856805986590819,0.06369167306870933,0.040728147013489695,0.03744146691126259,0.08511163401808493,0.1730712186524661,0.03248333162253815,0.03902819446887646,0.04276373558549082
0.15299176806312664,0.11555456027349398,0.3033311068436175,0.08967972184695823,0.03711705178226713,0.13459411164346036,0.029741268693856054,0.09126070206692587,0.04572970878629414
0.028400499634708757,0.09375893489830826,0.1756827370650833,0.01424484116060113,0.07982929610141952,0.020275373918270334,0.4771050045850302,0.035814826552359645,0.07488848608421893
0.061786902948138954,0.09818957012480366,0.21359290515618864,0.08053496470307953,0.036203070274789584,0.05301962015506428,0.015464742440910539,0.3993502342636878,0.04185798993333693
0.23754103409902103,0.15066103659877583,0.09070817796394785,0.10953634272330698,0.030027325896421698,0.04346648911394724,0.020114061390484283,0.21645825774986424,0.10148727446423089
0.1187056451901511,0.11791446861123563,0.2986720050888109,0.05402315004908903,0.062239957365333755,0.13006547322252413,0.019471445302361074,0.16337077938768665,0.03553707578280771
0.21467442412723944,0.12068932785377467,0.13706604678675463,0.11023890109864648,0.12315351451751043,0.056858532844605646,0.02539238212201626,0.16886983439448977,0.04305703625496269
0.04182533410208194,0.018288972312059473,0.041470101565150796,0.0325434436365283,0.05647322662545359,0.5250010820392571,0.10095438529664129,0.03544171226600095,0.1480017421568266
0.08928874814233312,0.07016148041992049,0.1449915978812182,0.020301430880363066,0.016044376188349745,0.025912756170582613,0.010784110878452437,0.5884863081089103,0.03402919132987005
0.12493619193860506,0.045418214477036166,0.07807336631703228,0.04916610290411818,0.009657492037845827,0.06952553553295267,0.014565074809427231,0.5447840609679121,0.06387396101507047
0.1923479672716236,0.11360718812383704,0.18246671829431707,0.053047529117912794,0.04777396139876979,0.035042964564513425,0.02586913833419553,0.307489428464755,0.042355104430075785
0.256063249300373,0.0672404519596067,0.25625295085911054,0.054973094770433224,0.015912912468702262,0.025131894887877742,0.03255351071473834,0.23057935522102838,0.061292579818129855
0.06308048452414246,0.11194652687803548,0.05998973423300541,0.08228795811825185,0.029954325721917845,0.531675134728954,0.035852243154990304,0.028036145800418993,0.05717744684028362
0.16704567900763348,0.07601600285138849,0.28483314617993283,0.024842864558414977,0.014324026458960444,0.06780067094915483,0.021637466293762245,0.32116194305708007,0.022338200643672562
0.1850611124025129,0.11501526663006706,0.17345580108963624,0.148205732673562,0.031531350207346834,0.03253112471114333,0.024113053576409693,0.14327405457063772,0.14681250413868416
0.1824270007255373,0.058685625166516764,0.16804924994340278,0.03160511305369589,0.08239498747383932,0.4012478742859753,0.025811698390576277,0.01645078254487918,0.03332766841557713
0.13817280615996827,0.20349788833759383,0.0479546572072462,0.14421766293216376,0.02492128943108139,0.02639809611619517,0.05014939179890195,0.29546498203997995,0.06922322597686947
0.07376131718574305,0.06226761932095256,0.267620834806441,0.09052285224802958,0.3614476095530092,0.016496456353800107,0.057511715287203634,0.029552633558613862,0.040818961686206925
0.09078842341323806,0.03835300237445371,0.22528619536183478,0.08002255768068658,0.18916947764935121,0.1114991266563483,0.12101179165881369,0.0545529329757769,0.08931649222949678
0.01922548604404616,0.06721411260941527,0.20424349111670992,0.026686590385400583,0.3831347822030504,0.05842987965796229,0.11936119951231967,0.05378725702206453,0.06791720144903103
0.2636533768382428,0.0549171867003691,0.40328745386952547,0.06595676766560514,0.008739636311885178,0.006719993048096805,0.021834453161504074,0.06496396783504088,0.10992716456973045
0.17722486985429278,0.09808067709970326,0.08864024744035827,0.15374138111749983,0.1906975800401202,0.052723841040115384,0.034228450608420634,0.09137065270160162,0.11329230009788792
0.08407363145639413,0.08514845462142955,0.2813200604613098,0.08586806678123309,0.0650392959596723,0.14237036186489535,0.053263019888761066,0.1838140882158441,0.01910302075046065
0.06968443402634789,0.046876581705572046,0.11395204663453251,0.06657763955419603,0.11515390034106195,0.31701526771829064,0.1038523185979005,0.041504922801136546,0.12538288862096186
0.04748892384364228,0.039646977386774356,0.17425544781050917,0.01385955812768259,0.07276256173960306,0.11744208395725457,0.04521566017168791,0.12014029400938053,0.36918849295346545
0.11775978506406866,0.0406139855736362,0.4753485561109745,0.04925999521656186,0.02388553360558116,0.20304435675857324,0.02787553634675613,0.029516191307208253,0.03269606001664005
0.09932037550736057,0.08058147885899249,0.16220290046374639,0.0349700405295491,0.2572056846974447,0.11594399805312479,0.04533513369473132,0.08601392038710202,0.11842646780794848
0.11678654136885862,0.04215057125586317,0.41755655272408426,0.08497723684397945,0.13153336904377388,0.10917484068013517,0.03640980145564602,0.05419512477959642,0.007215961848063095
0.4153531614738846,0.10335355719626228,0.17183907534800566,0.03903562564069614,0.010171171123391116,0.050356174661040115,0.015494850141412927,0.17558790560757528,0.018808478807731878
0.06700314603342171,0.04530963518445246,0.23326074064800664,0.08413907532782927,0.15330384483457085,0.04261069583025182,0.23389305645546768,0.04191463950149501,0.09856516618450455
0.03093104316338324,0.036700885394221706,0.20857433016889404,0.06359046546328079,0.11419887863454052,0.023360216378701292,0.37261085334766625,0.022410101163284218,0.12762322628602804
0.044700980098548004,0.07646913896888305,0.42739041647602366,0.08777798341838505,0.11937318100110006,0.14322722975870433,0.04114215949970683,0.05267796189160425,0.007240948887044823
0.03874427007375199,0.07094555989145136,0.051504478615928516,0.12313197684058015,0.08216353247131505,0.4944110884212655,0.05409631141109628,0.019588592816322793,0.06541418945828835
0.017930937842678556,0.05980184965504696,0.09595042964879034,0.030417285940455938,0.5097984505464378,0.09319889622893596,0.042282475246736284,0.0551209399310598,0.09549873495985832
0.16165297442690918,0.08736446535137037,0.10137838271761163,0.015248257264135262,0.007679868485326746,0.06794156018943982,0.015531385715334295,0.4835060015507917,0.05969710429908103
0.27658934389662987,0.14688687179811924,0.05440524978408107,0.3540472485464235,0.005687836232977484,0.08330105718141063,0.027849159139187615,0.030772545339568632,0.020460688081601775
0.12020239438718254,0.030259001218911192,0.061746513643912405,0.08884348001852344,0.0243414470451559,0.12384630384094253,0.14232776687762752,0.041820073024669925,0.36661301994307455
0.045267829692696555,0.019793130457162227,0.011681564593345932,0.20391684993975157,0.023787772916837136,0.094486414898881,0.07269786273715735,0.3162677464446953,0.21210082831947283
0.2758314574810232,0.08367853645248557,0.10101985770650183,0.02213989842680834,0.01622865077446493,0.27932332925137027,0.02481587116735362,0.16460338445548625,0.032359014284506056
0.06088462700427691,0.07579554786267353,0.13323645268023798,0.16576317350723244,0.4441270881268837,0.012551440369790057,0.03529904602100437,0.04189728282984712,0.030445341598053954
0.09625582522031347,0.0139745898639679,0.34481181507197767,0.047709697740588454,0.010986111972975528,0.06368817711600526,0.10200352545738872,0.037182544186106975,0.28338771337067603
0.3808234388557638,0.08543780428055554,0.17183133553930896,0.14158075985397164,0.023744755231788522,0.02853917595556116,0.03148347840381074,0.07794130331232953,0.05861794856691016
0.17348306893458001,0.11211976004483078,0.03654720061100917,0.0712377425733111,0.06169117460048642,0.30615152066690127,0.026184695422187116,0.06743078740299648,0.14515404974369767
0.09426772020026268,0.05533911485348491,0.06309614618182285,0.05928494770301677,0.07223766975700611,0.17277474871544565,0.02344052687793498,0.44088418236597754,0.018674943345048493
0.055067965798160944,0.44962920831829245,0.020841852186426518,0.06967164179489231,0.008200056576006353,0.17748394251725294,0.142014877737287,0.05401562189063979,0.023074833181041702
0.02813747742372011,0.0565597947978293,0.3056895776393512,0.06796817838560625,0.17903640040243554,0.024424906318017126,0.21666896518892234,0.036832553567696345,0.08468214627642175
0.04818116513789037,0.06298497588195255,0.37466588046483035,0.05809724571835471,0.03480044207261954,0.18703923774933465,0.07116222132676106,0.14880145329399497,0.014267378354261765
0.03477412192203084,0.057423378472901326,0.23753452401235475,0.0446293528878371,0.32069785685662167,0.04336090847326566,0.11386757693434958,0.05249465177806365,0.09521762866257542
0.1300914656553672,0.04641633633063646,0.07842850722783634,0.04991204130089897,0.5293275858947216,0.05933129727206391,0.051736935710666794,0.031232884991265003,0.02352294561654356
0.10790703627749809,0.11488282716169711,0.061599375624988996,0.03826567120081181,0.016520622372956466,0.3131277871124296,0.05248219539511989,0.05180787179518015,0.24340661305931796
0.04992737164400598,0.027265680112242074,0.04182518438281976,0.21657398406611753,0.01619794989914076,0.056259263044165696,0.03414054981890232,0.3873734640829085,0.1704365529496974
