0.267098328630959,0.10702529633148976,0.11453908320799705,0.0743396913254824,0.09892687947288469,0.08445532853874478,0.030712150599755825,0.15248291183347637,0.07042033005921004
0.08431627958542037,0.15990584947760755,0.08050815506260518,0.1675264306451084,0.1081566516310763,0.14293363678460178,0.089315808407604,0.07194574598692813,0.09539144241904829
0.10036491076240922,0.1359716284309779,0.026201134025764322,0.13558464336259815,0.07299135548845669,0.13332420676796325,0.24972760487572923,0.05125756592995797,0.09457695035614326
0.04649902178262774,0.1024434057215105,0.10895768658630715,0.1137794999885781,0.09378591983314054,0.07276227761842971,0.21494328586881498,0.08693574036328167,0.15989316223730962
0.23019078112757788,0.09524417602504519,0.06463800882664593,0.12172625913828156,0.1060173121372213,0.08917643944129654,0.0400976159614872,0.13615677563291892,0.11675263170952542
0.1073574845924737,0.15073910367699053,0.05176837574227374,0.17110034144591993,0.10356966082552622,0.15047456919292118,0.11663318258968843,0.058995737790082846,0.08936154414412333
0.0903932633417609,0.11028706545189498,0.05956455988111777,0.12961848159294168,0.1393326124558318,0.10487362842368515,0.04080170488345205,0.18177141039785816,0.14335727357145756
0.13102954727727054,0.10258152343961495,0.11725248210106955,0.10471206996020566,0.13037582916863097,0.08493814465155451,0.03742539972852844,0.18817143399780356,0.10351356967532181
0.05929888344927197,0.13295977208171283,0.15815404048155846,0.13842083630872148,0.10367568790849656,0.12431296901392082,0.11405045566555905,0.08022696605148556,0.08890038903927333
0.15552137574401523,0.1103104648403813,0.16402700494752265,0.08630177900513618,0.11815510213196878,0.08005602919520315,0.03875435307793599,0.175093417094496,0.07178047396334064
0.3365735436378359,0.09328368708045905,0.058256580533395746,0.0832393132068066,0.08860964126969466,0.09109061963778642,0.04891101227971419,0.10644790699981188,0.09358769535449546
0.09786246329795584,0.11044925560570917,0.16052145538035467,0.09802954871913201,0.12591660772692942,0.08017867098087006,0.05902397156932618,0.1714322017869263,0.09658582493279637
0.16503313395660416,0.10243912660699528,0.10518210648609382,0.08905729164884042,0.10128015218039567,0.09346514605354235,0.14424148082416155,0.10367231455754573,0.09562924768582098
0.21077786212293326,0.09794907835932555,0.049067292111421544,0.11106871487910723,0.11770267518765347,0.10775278216956896,0.06012301959090486,0.13388274405861875,0.11167583152046644
0.09865830802053316,0.10095290243899842,0.20413576760769414,0.10102088546253525,0.10643863767273455,0.0761024200930669,0.0826449208157885,0.13273991444076141,0.09730624344788773
0.05797890557843357,0.09382495277906039,0.09179355932400173,0.12894543748320775,0.08001028934236669,0.09806640904860724,0.29104051877858456,0.05199909843726763,0.10634082922847053
0.21743476494798594,0.10899730919232604,0.07092344866081386,0.11390588610120032,0.12218964515609025,0.10328423610133279,0.023091180431870154,0.165684629587451,0.07448889982092964
0.035145169468117556,0.09417416542229028,0.1576585061209039,0.10179599089993707,0.07238874504271829,0.07018382027555048,0.2904346234379556,0.060693851275373356,0.11752512805715361
0.3194241841197776,0.10320564999831706,0.06741093405083114,0.07536529746698707,0.0831532505800279,0.10062303194509177,0.08607669776875353,0.09874501905028782,0.06599593501992614
0.1079216977028597,0.1399030762903535,0.07087830792974767,0.11419086520321255,0.08056932794982356,0.11195690138137504,0.2393640799691704,0.06325166544055766,0.07196407813289994
0.07799920424100619,0.09271928419441539,0.005049032445613901,0.24849013270558148,0.12329141776856557,0.13096295834210367,0.01777566922408243,0.12298641125253257,0.18072588982609875
0.11573604964862672,0.10764171355810496,0.15121606289913617,0.09115181073433631,0.1270584827107014,0.0822528360514952,0.05769527373927542,0.17456174816105133,0.09268602249727254
0.12291626289249298,0.14466979054691564,0.09198021825192,0.11315390368063737,0.09086352734323073,0.10510176965594475,0.18055559306749827,0.07783834559268325,0.072920588968677
0.13865066026689646,0.08622488269600599,0.05169753703085569,0.11991157634005556,0.07158340624717661,0.13556403796599106,0.28559508884579254,0.03659455384774885,0.07417825675947716
0.20007139266621435,0.11662827326285703,0.12078430983358733,0.08942793678653448,0.09998536606806468,0.08848489932151755,0.08639008816153886,0.12199251742871901,0.07623521647096669
0.04341779751509167,0.1029689564213282,0.004220848923218042,0.21777109667178227,0.09878061139262324,0.10823322942255902,0.08591321020201,0.05875041522995517,0.2799438342214324
0.06945368756796695,0.11548732829422477,0.23931666843229893,0.1029769790427671,0.12197610603682633,0.06983630629787264,0.05404013982747607,0.1530068429658222,0.073905941534745
0.0688171522961975,0.12955897607794473,0.23069770266967948,0.10193712869803262,0.11537704396283806,0.07619332709675321,0.08598168314151496,0.12072671220671115,0.07071027385032828
0.07330893107500125,0.1015932412520668,0.020245402809542155,0.18254280744145676,0.12042661594362104,0.11164283497309423,0.07849250222091309,0.10777003814985064,0.20397762613445414
0.06649647543439872,0.10295817374135408,0.2620080903298511,0.08842561362959139,0.12262568634803277,0.06424190086798443,0.034934104622799264,0.18842462749153244,0.06988532753445585
0.12798011271165408,0.11816129946052799,0.04335446914281991,0.13836106341853813,0.11774633448618176,0.11471599862355575,0.05335230789803543,0.13836510001221258,0.14796331424647438
0.06642796306598579,0.10201354447448031,0.02060850964022604,0.14606570695572216,0.08316822496924847,0.11398177145171089,0.24570856026599933,0.05143007198445101,0.170595647192176
0.08797444314014223,0.1262494080785164,0.18575081046475217,0.10809956453132462,0.10295356950208202,0.10181274493367753,0.09634570610233152,0.10362742041134881,0.08718633283582468
0.12835293154430263,0.12160293659271292,0.1950881136534378,0.08280083394676262,0.09893245581049419,0.0857855998348791,0.0939413411424664,0.11786236292789541,0.0756334245470489
0.06609807842833884,0.10121331402690568,0.011058442409730454,0.20791371217977295,0.13463422425220978,0.12586699482661767,0.01791885337963647,0.1571256443393446,0.17817073615744353
0.0967972897126708,0.10456111699831944,0.22058092375118532,0.08166958457576376,0.11907748470111879,0.07020570394120962,0.0520608107224566,0.17552519601713087,0.07952188958014485
0.15600636001870063,0.10849467867888964,0.16395963274260436,0.08037842140883351,0.1069368562625676,0.08031217621025823,0.08594782754430297,0.13712494595806288,0.08083910117578003
0.042712564009063286,0.09966138087591185,0.24716112850110492,0.10733744740409627,0.10149335404450599,0.055895898625818376,0.007509386759575615,0.19866482951633155,0.13956401026359216
0.04666792814391051,0.11715414735350842,0.213975270313271,0.1283906914450998,0.10071468194464768,0.1143034383097478,0.1092557265820346,0.0818023059919785,0.08773580991580171
0.2802262057027818,0.10464776432534166,0.10000594597746626,0.0794442578244565,0.10059750829754684,0.08798256484685697,0.032201442591658386,0.14969663308536763,0.065197677348524
0.05454819218373281,0.10865025825587937,0.020694786180324044,0.15472687247091532,0.09141666390042953,0.1050261786569829,0.18189206461654708,0.06737235643118271,0.2156726273040062
0.2544988050501015,0.10026742496388939,0.06589645852772065,0.08660012058667187,0.10948507484528869,0.10035557596109766,0.05144314386986614,0.14279309171121082,0.0886603044841534
0.055210333480483396,0.10227181666351935,0.1494251702360098,0.11606145231046099,0.14766145799534974,0.07610995238920656,0.018084678249855587,0.23752560757567598,0.09764953109943865
0.1030080515389108,0.11729225461138389,0.13436373690992606,0.14409005156629753,0.11042040558336257,0.10583509659168822,0.07899667120599704,0.09723166549623959,0.10876206649619423
0.11107583684705989,0.11683789237060471,0.22464333911596188,0.08432694092652339,0.11045549671272419,0.07330375872273455,0.0623833987358034,0.14804810503433596,0.06892523153425206
0.20626706454139074,0.10172938296463908,0.08745320428832222,0.09193562993068179,0.1200921993954267,0.0921436173863343,0.03195012826428511,0.17723098875604024,0.09119778447287978
