0.12174889702822145,0.11010947899598018,0.14415100042595225,0.0589119944864862,0.16897355328682973,0.06469338358359432,0.1585384512852459,0.07080855597005693,0.10206468493763295
0.2864860126993139,0.07701363999990858,0.10350168518623204,0.11973342228350507,0.1212471334048572,0.019363795415454917,0.18085183892418924,0.03262938654646264,0.05917308554007639
0.12937295182574735,0.08871892461095982,0.20933131122677598,0.033571752278573785,0.15326781790922242,0.06500641280488849,0.11167572843431901,0.07270648135457237,0.13634861955494082
0.07130695307225177,0.06356929568727412,0.08311026901120824,0.00837996381963183,0.07372622747509326,0.3804218195089055,0.09456547978252637,0.07862086836278596,0.14629912328032293
0.23542454230506685,0.14696331365178858,0.13601177681242108,0.12455793393812747,0.09998204944969352,0.0769261707867991,0.10552564393813647,0.020381318899516988,0.05422725021844991
0.19327488983152719,0.15416970524865883,0.06869612399745219,0.08796521898072145,0.08847095371493892,0.18080623294692588,0.09587570034951658,0.03676539748127648,0.0939757774489825
0.13478894777943026,0.0678794726799546,0.07590378773022523,0.03927687929827207,0.07667078872081852,0.3996545991789793,0.08371617511135594,0.02208192359696654,0.10002742590399756
0.2427527875988524,0.1366784020088234,0.12903107503037814,0.09840150677428199,0.11590730276420737,0.04338957368356278,0.1799318714595539,0.01040022013032295,0.0435072605500172
0.13891675643740098,0.06716713354471783,0.14407857864137633,0.07591862040965229,0.13201052852489287,0.026401370404619037,0.1237590911934461,0.019334835411645847,0.2724130854322487
0.049171584667833945,0.053819560028390945,0.15004062794257192,0.014958219310630816,0.09368911772662714,0.344359702373837,0.10359504297715222,0.08215484972182606,0.10821129525112988
0.2031413229696586,0.08424700752281372,0.12670772995810678,0.1404186914447481,0.17265504153581493,0.020850720188049673,0.1490274177498458,0.02721261530117366,0.07573945332978871
0.09085054200171616,0.15602223351126365,0.08496936484751365,0.05934137132387631,0.09728053882959918,0.16521683216825933,0.08335897431274458,0.16027759588333138,0.10268254712169579
0.1476042699327638,0.22470955233440817,0.0878751811503911,0.14699929059982342,0.08964837996152814,0.10320359854201257,0.10312225579173784,0.031910483385615876,0.06492698830171911
0.11884347136856661,0.08326863513722842,0.11430108082311106,0.0600266474031159,0.09009713916677559,0.022532803109871796,0.10072194355877902,0.33691149994531616,0.07329677948723558
0.11067012579126041,0.06722781747955804,0.11184538440998139,0.09473269216053337,0.10733672618537697,0.022173380655732294,0.11161111496175957,0.2996335917058823,0.07476916664991572
0.15194070756125122,0.06470631530784991,0.12987548334128926,0.0324567234384662,0.11696540115142774,0.2011864668540455,0.1308989914012076,0.08116270272849777,0.09080720821596482
0.151609501725075,0.09231536158367515,0.10382922865327025,0.09772658547383219,0.11224689678738366,0.05966106581023118,0.08726250598204015,0.23511159343815433,0.06023726054633812
0.1472950883699712,0.19139878287788345,0.09540527758536992,0.0756269678593527,0.09905171281033964,0.12670810645848216,0.07872417276221792,0.10963495694314286,0.0761549343332401
0.10705168743688326,0.09179075471996055,0.11534714531827008,0.18619618095346513,0.10831965699581654,0.07596915062957989,0.09476808396167723,0.02237050570362299,0.19818683428072437
0.23264284049555592,0.06028078435928722,0.1385406235681351,0.1961428265018974,0.11526958440173041,0.052750893428327374,0.1249327636040708,0.00886661890378978,0.07057306473720609
0.16142189055214606,0.1712576299253854,0.11556648601498053,0.1554076101309748,0.12107369151031792,0.05464044530045137,0.1313010560155644,0.028052435380107762,0.061278755170071704
0.11058627496890322,0.06486351387287521,0.10809596068090623,0.030353422743037744,0.09197612400777748,0.015103937665750475,0.098536927857305,0.3917059859112175,0.08877785229222723
0.19476940631704984,0.16898841237432963,0.08707819599272497,0.0678072781586976,0.09388970216960528,0.08164297824859046,0.1492379141427864,0.07505546951244348,0.0815306430837723
0.058572071452819924,0.17747610995657717,0.06257763621988745,0.19457100450648115,0.0676015282924359,0.157732419093825,0.05633103985465319,0.18882395682641892,0.036314233796901206
0.16243933879902014,0.1077856181900156,0.09176029757319724,0.14076281552195036,0.1486473484743441,0.09340513475187188,0.15733365113401895,0.044915488723887766,0.052950306831694015
0.23852627307286492,0.05044115200915648,0.15614125024304742,0.18282065929924307,0.12247757556017856,0.03521301301582359,0.11607791034724875,0.005130912079812249,0.09317125437262487
0.15290575067336745,0.16087116034479934,0.0899143702288114,0.18769295094354144,0.09087731784455301,0.010716757780001631,0.10034799998360532,0.054662698524734814,0.15201099367658558
0.1207529836113379,0.0904206696997591,0.12492819486095826,0.05315310384439589,0.11996838328188181,0.15900671178252557,0.1690022625666776,0.005903792722432968,0.15686389763003092
0.11086360643744099,0.08212112415420403,0.13620027072175686,0.20464558953678638,0.13115108237166118,0.02935386932745916,0.1275673930398679,0.09108937922534903,0.08700768518547451
0.15453911988179406,0.0963822671700263,0.12720900178153816,0.06273465455000385,0.10237520704338336,0.2517656250213516,0.08827649107149764,0.016207413853930066,0.100510219626475
0.14995136813989388,0.06673447748235058,0.10643422158186018,0.03614007721991363,0.1646394132580508,0.07113263104730488,0.12999108158222883,0.20053130127590837,0.0744454284124889
0.04176814292392422,0.2501650987192616,0.07493801407913521,0.17479897812930179,0.09355579785620062,0.061633683021236674,0.09402735659954127,0.09366745943271078,0.11544546923868787
0.15414858454645547,0.09514615878607961,0.10249366536837867,0.05893656809249249,0.12469030756822315,0.2500081934852461,0.08983891820170488,0.007201454247853147,0.11753614970356652
0.20959978001087456,0.1038238238209705,0.10118570333661958,0.08235193867699876,0.13202600585729096,0.06526925550232339,0.134501621023553,0.09807940964905136,0.0731624621223179
0.2569364649041803,0.11266558638950487,0.0904356460407655,0.044575206936595425,0.12763905181066468,0.138813232725339,0.11130586658042113,0.017825282218139036,0.09980366239439005
0.10619206611543143,0.24338909198125255,0.1038305272287382,0.1305484602831632,0.08353549971936396,0.09116374390252875,0.11424131208232628,0.042075207380864565,0.08502409130633114
0.11784398666165764,0.1483440012865931,0.08548700803153425,0.19670035469702632,0.08515743665431297,0.11655617888892493,0.08446755948373935,0.06394861184358512,0.10149486245262625
0.1283586076878159,0.19662865299003443,0.0880450428015007,0.07697157336820938,0.14762898276489886,0.177123278268115,0.11428965142386151,0.013124084393591163,0.057830126301972956
0.13416115130459713,0.09154597262395636,0.13139653560128225,0.05553425776349954,0.07950687461339927,0.3285094048994091,0.08785852578198027,0.01841886944279175,0.07306840796908436
0.12203555604654887,0.09507136254336118,0.08480261947165407,0.3188865378905082,0.08131974514558506,0.09440769921022592,0.10108494740998879,0.012009748398076692,0.09038178388405131
0.11166346512417297,0.12672550855443696,0.1173303681725726,0.06022156387066021,0.09353790625926117,0.10409674045995998,0.08610226498410645,0.21695002761309914,0.08337215496173052
0.15795866707478842,0.11460486346116712,0.10852773641206281,0.21330607102666188,0.12522461568240395,0.05564105539869657,0.13867829374420193,0.011068941103175599,0.07498975609684166
0.11561916202411571,0.14887331990385505,0.15751767613144638,0.061218318052665366,0.10324011534568663,0.152677556270441,0.12474068333655645,0.08640769693137917,0.04970547200385425
0.08665683737827974,0.06396853701220563,0.10884569130383463,0.3394510537682538,0.09558004138796596,0.08201269143293041,0.1055439709153561,0.061371264040357955,0.05656991276081582
0.10707157880523797,0.09641653428607809,0.10425828853257084,0.17340138745803146,0.09109212413349622,0.1655817112284765,0.1470739152051013,0.005674178758365595,0.10943028159264205
0.055037967307440816,0.09674976865939577,0.13224754320144558,0.21543603067257242,0.14943866534833009,0.06523719900737036,0.11842237284853419,0.07824421487535994,0.08918623807955088
0.21089310829173868,0.1780911777852584,0.1791491556086118,0.041036394523494224,0.1257424484491464,0.050596181839333794,0.11202713537617111,0.02503250080394914,0.07743189732229645
0.1736678983754797,0.09687564934954351,0.110053521254263,0.16877316383627003,0.11206866232960615,0.019769354057485238,0.1166625651341241,0.08466326409094875,0.1174659215722796
0.08413149242019313,0.05801846488219944,0.10325498172793855,0.22982202240807018,0.09931781578461003,0.052558968341188804,0.11129722858497461,0.02721664119336514,0.23438238465746006
0.12046476978740502,0.04127702082534627,0.1417598899203649,0.19244357097755496,0.16321041943052814,0.07857458251218967,0.1232493975463332,0.06140486207154324,0.07761548692873461
0.07187117977883845,0.09795174051898464,0.09650721592483567,0.09270442985988571,0.10144922399245715,0.31777071314043964,0.11015637534549305,0.017831879748802373,0.09375724169026323
0.17892234535869164,0.2311660349701774,0.11228693198037819,0.1298913325064807,0.09954197415248457,0.0851857369468536,0.09774753539061569,0.01751031670259947,0.04774779199171877
0.06876895631386394,0.12380928655045469,0.12506879042495028,0.08067956853651483,0.07777564547691805,0.2535725589947831,0.06700928139531874,0.0742257644248797,0.12909014788231674
0.19759018871752795,0.07309876786406656,0.12803946821854986,0.07544278130842315,0.11934110402643294,0.15984980676250854,0.09862319309833352,0.11658644303255701,0.031428246971600425
0.12092489643228099,0.19334154993746241,0.11870572006025387,0.051303353856659406,0.14133860611811536,0.12890473451887982,0.08346949998920417,0.06449832560293484,0.09751331348420916
0.18122679402925748,0.1737626852865941,0.08938965526929592,0.24398882556294454,0.11164267258357687,0.032435454876418975,0.08894913777089476,0.0075268156312606966,0.07107795898975665
0.20299118919962797,0.08661704189608078,0.12530134018185057,0.04848514268607715,0.12301718793461724,0.08469115323462018,0.16273046799962898,0.03343686432492854,0.13272961254256857
0.11036562195880707,0.11270716238377552,0.16534841648253548,0.08185104646443438,0.14897072301597322,0.025029832317914513,0.15913691668297988,0.0681938336196904,0.1283964470738895
0.12365311160598158,0.06445137879834074,0.1444150888288411,0.29377860417730917,0.11999578987910664,0.04126655166283452,0.1612473681445389,0.008199409405947695,0.042992697497099656
0.18347322310854683,0.14346044146033923,0.10344096223517892,0.2469749363145024,0.10169061906173786,0.0512238908955937,0.08563460875559671,0.023788417823670003,0.06031290034483436
0.10780962609347161,0.050693764503711825,0.1223468490173132,0.0813674130874738,0.11778471855469637,0.011282044917283717,0.09784467636944362,0.3195167083596248,0.09135419909698096
0.054685661705921464,0.06983873426461658,0.11022446033497707,0.27666484076807807,0.11590288407946579,0.09287967117699462,0.10530583925171777,0.08989120185967757,0.08460670655855103
0.12922639423060517,0.03746930464960061,0.07873046328010906,0.159879942356488,0.10607156172809928,0.2410896876874845,0.10787341009610425,0.004752983251177557,0.13490625272033155
0.058899042371026146,0.11096743677687936,0.11216808842318204,0.08192722030738121,0.09338160555569669,0.22372473988041408,0.1282361687925473,0.05259870371976547,0.1380969941731077
0.30189318740182375,0.15429642447940234,0.11955826824826665,0.027649337585613304,0.09924109287821388,0.01046946739825084,0.1671816762479309,0.0162358751180456,0.1034746706424527
0.058300317584566726,0.061594949340486704,0.12358431721263226,0.06958997109824401,0.1710856034168143,0.1266246715315694,0.18768117677258703,0.029069793338711625,0.1724691997043879
0.11365421270225401,0.194459709623082,0.07908156250709979,0.06420630101745645,0.18702680100652977,0.2097124958315932,0.08163452465213679,0.03567690420062478,0.03454748845922328
0.1750141931199324,0.07986721278461333,0.09438085380052702,0.05612157753562485,0.08274113343062382,0.0797978401341451,0.0769604867155204,0.20202077936105875,0.1530959231179543
0.10073300364437754,0.12129626784182905,0.11346070553072651,0.1768485920593167,0.08949500068112264,0.08500857473445438,0.11376852212750627,0.12397318982665284,0.07541614355401409
0.13767515873173297,0.07436984972841541,0.12190503166271467,0.28897699454545506,0.10748900597888782,0.0717692508551468,0.09445620973657619,0.04703959409778119,0.05631890466328992
0.041125451130425164,0.11379507254386516,0.08943630052909012,0.01619185275702362,0.07488212401611873,0.31088541436978795,0.0817611964553114,0.16458485246541926,0.10733773573295868
0.16001237084902367,0.12629622035490096,0.10408907650701082,0.08396277626459388,0.1332612454334742,0.011316442525767202,0.09748558384927802,0.12115413096656975,0.1624221532493815
0.16121608069423207,0.13030289155685104,0.09312019335450317,0.2581179201406914,0.09008861803755662,0.10838197931702909,0.08417591841686432,0.01302495783143947,0.061571440650832844
0.08392902650138485,0.10764333484272508,0.05915682000041663,0.03327099429713408,0.08352364674175673,0.3958898422290134,0.0999215934511486,0.02059087648902457,0.1160738654473961
0.1741500247880581,0.08782192109636304,0.11049895238996131,0.0131191439630739,0.12506142880488771,0.12465260870258134,0.156757453091613,0.06589454041935226,0.14204392674410934
0.10237598794722669,0.06910111080085914,0.18775198243317717,0.06993409069936403,0.1597405689176154,0.019055686341283656,0.10905447563481852,0.19833055589538942,0.08465554133026588
0.1305966964880324,0.08297098604896198,0.09362189281239303,0.10525347367771636,0.08616519214216006,0.2214701247447477,0.1081288680145897,0.03818610252335522,0.1336066635480436
0.24777242850844683,0.15220409467391768,0.13915830401377888,0.08485980542468302,0.14266778672275182,0.02531584733742991,0.10601010376938513,0.020869562777620806,0.08114206677198588
0.09799992277570367,0.14905673098911695,0.07951399766168017,0.2829754553257948,0.07107894195809715,0.1653419107411439,0.07309917406931044,0.029218767526497397,0.051715098952655525
0.2179898535133574,0.09381818121033743,0.09928765644246139,0.1393790736901579,0.10843026196404022,0.1683344248948472,0.07746468091481275,0.025322182098737527,0.06997368527124821
0.08486791600227228,0.11498801594988167,0.10925563080171952,0.2172475103336257,0.1312790073121933,0.057814005560425465,0.104348318163149,0.1025120790169275,0.07768751685980556
0.26910433948328655,0.1375488989418323,0.12513605691188898,0.0740328833694068,0.12222913769570902,0.051937277107430097,0.13477200979892576,0.010876717069649143,0.07436267962187139
0.09670690167130935,0.06091151072646716,0.0847641235677417,0.27905285520131196,0.11896512533711591,0.15664613758176502,0.10834758362088893,0.017734022244683952,0.07687174004871601
0.1509894716406348,0.08573038379081466,0.09867936499888448,0.18515451009082176,0.1087469179080661,0.1190861791412529,0.11931848178530453,0.008303824819237804,0.12399086582498291
0.1029463317387503,0.2657159897756228,0.12243788475977731,0.028975447794362688,0.09925645893937762,0.06992944696171227,0.07959946338867,0.13891870865321967,0.09222026798850745
0.08506495916362367,0.1149051978300376,0.13947224132202318,0.07221664445146896,0.1268010242043064,0.04669969798318679,0.19549832650888835,0.02432667182070791,0.19501523671575707
0.12679447549713208,0.044083855474637355,0.07359304313851141,0.10334008158789558,0.09674013723448417,0.36090672592253875,0.09733569686363752,0.03633723205005051,0.06086875223111257
0.08934304458328186,0.05169060540955773,0.0817241601198569,0.02989044667948049,0.09090170480231811,0.2791990249744738,0.09019334650128859,0.019079061529580353,0.2679786054001621
0.15165599538680274,0.09319309081718834,0.11618306382046156,0.21103368891236687,0.11078215311382807,0.060538014566731524,0.1477534073115259,0.029843767131963277,0.07901681893913175
0.06484462055150926,0.10068284295637601,0.18821451686225688,0.05085857074708792,0.15780109337224513,0.15455885845159353,0.11150672344845462,0.016423631100488358,0.15510914250998828
0.24423307589507495,0.17745163867867342,0.07795229453750813,0.11899238771144609,0.08808458862113384,0.12404639989264139,0.07990679465867433,0.009800603352485148,0.07953221665236278
0.08330236256650476,0.11152510576274997,0.1366649273138584,0.05210524686969592,0.132538556020144,0.04120485138642063,0.11247111283934515,0.1863099195502668,0.1438779176910143
0.11496262251559962,0.05522095639399652,0.17179382134696877,0.11487508623644865,0.1217836609875037,0.1302427123128089,0.12698811512563563,0.05646075015607477,0.1076722749249634
0.11206845011707366,0.15519721030258268,0.09296263188596737,0.1198476821003439,0.1369049241274957,0.06711501242678862,0.11053924324043607,0.09106758877005088,0.11429725702926113
0.12563649788392842,0.07195130725631478,0.12738014935872607,0.08276034345724585,0.12276546686361756,0.17778743006451947,0.11730982058874946,0.05383399633052022,0.12057498819637828
0.0859206013671986,0.08681874195945653,0.11032265874535536,0.13897870626237754,0.13479583004446793,0.16102206782592085,0.14555672450888066,0.054160373326487654,0.08242429595985483
0.08055465158049298,0.10604777564392671,0.15324807474007793,0.030423861543992032,0.16464433638303255,0.01422349162930694,0.16254029904449627,0.23946703638104075,0.04885047305363379
0.1661516292850003,0.0779777806905748,0.11407396254578406,0.17089285017688124,0.1581616453994948,0.03276722443747127,0.15183807459408216,0.04515683018905026,0.08298000268166121
0.14071350500518445,0.0780588756960154,0.11902942147391277,0.17236617207684202,0.127135702035668,0.07540095540949401,0.10222219506360675,0.10597260594630604,0.07910056729297048
0.10360992554225978,0.16240804033713355,0.1321152517185836,0.27660109663002574,0.11026277082799463,0.028046182065828512,0.09712696681918216,0.022187012971060346,0.06764275308793168
0.05471472114120618,0.04866656290362084,0.15521990537677324,0.04998580537092792,0.12647431151349683,0.18970554266561357,0.11952533110582857,0.11509237838661485,0.140615441535918
0.16166946929053272,0.19588239098635674,0.09039682180825769,0.12462238526752262,0.1317653763669613,0.06688037717859473,0.11119764282109111,0.036673467102704464,0.08091206917797866
0.21366003515943857,0.21162984424206022,0.11554335494717936,0.050048758266170064,0.12989492745969813,0.09056427291581225,0.10073700630471694,0.015233531427876456,0.07268826927704804
0.16884979881977066,0.0804918200893402,0.10972803988646866,0.07369966095273804,0.15521529393097044,0.08579584591782946,0.17936060503389117,0.04705609418495977,0.09980284118403154
0.121751892587483,0.09553798525888603,0.12733828996762578,0.13582242438183068,0.1665412314815324,0.14960482075818285,0.14332484939991832,0.01751561315683793,0.04256289300770296
0.25331876692766786,0.06201594795912637,0.09347722009000618,0.09965433749912782,0.10637057100609704,0.18143189249956027,0.09473325023845909,0.007427842858194738,0.10157017092176068
0.06964140817116532,0.07336458371298088,0.14693845914046907,0.08410525465225316,0.2033062732111506,0.00811118952048562,0.13679176456499442,0.1331859971761149,0.14455506985038602
0.13711445368449984,0.1197496063099593,0.16332040761034264,0.09272095251784673,0.12516993113006505,0.05707608145353598,0.13360172871105838,0.08266600595965641,0.08858083262303569
0.09426963508320219,0.17843420478789093,0.13064724064562278,0.07880409369284012,0.1618601930441668,0.07302357663811401,0.10755632538401488,0.03880318429070051,0.13660154643344782
0.19526263906330624,0.17562496172934092,0.0861403283986984,0.12074504298943249,0.08711151701950522,0.10166721206250325,0.14135769147210694,0.04678124170367625,0.045309365561430205
0.07794812919302872,0.10148616996865749,0.11699057649091966,0.10103537301114439,0.11171371389893632,0.18972437308661938,0.12256798218449393,0.06768690567637757,0.11084677648982257
0.11169607483799958,0.05774291756405411,0.10947781529553953,0.019317157533613676,0.0802385052086002,0.19951560483301253,0.16578366485466267,0.01482684684208891,0.2414014130304288
0.05539087214470939,0.1303496582493922,0.10494490249853215,0.13714492180508867,0.1060234824462381,0.21778614199059135,0.13756542739924102,0.05101673586551756,0.05977785760068955
0.16490258454059617,0.06642360963567133,0.12211446152709866,0.16517664380354646,0.09462405981837456,0.11459811582622764,0.09264057285939749,0.05805130542905566,0.1214686465600321
0.1482895631548289,0.05414810513359144,0.14083616432573612,0.05453274661639149,0.12967761426764135,0.21539976241993855,0.10328594451579313,0.027364984456109975,0.12646511510996897
0.03687908210073498,0.07754211984975078,0.10843994085953616,0.022083173006062762,0.11473883836850766,0.4273449155333162,0.07865859877437466,0.06770057057614336,0.06661276093157342
0.18653789093458903,0.20589337785789075,0.07467647799704004,0.06610313689993547,0.07764700996404555,0.008247642022719074,0.06503881538479035,0.17008088728035795,0.14577476165863193
0.1716119054217268,0.122906407685198,0.11005938483282651,0.024501424092100363,0.11392726627635606,0.1562842234487032,0.11462928359161113,0.025647778047594744,0.16043232660388315
0.06381801546582717,0.07717840293411225,0.16088442042433768,0.059323402679765214,0.09344897457732383,0.1984423610322302,0.13253134788507245,0.089018452586269,0.12535462241506232
0.11434023738657857,0.09943061899340479,0.07312083024060968,0.0778622649849582,0.10311817397996977,0.026945656258580142,0.09130761595899228,0.29098623534504076,0.12288836685186584
0.050375881805640926,0.22023235394576127,0.09215812280577727,0.06886393986869187,0.09172466231562582,0.08306960556117506,0.06450231363269766,0.22931941637809117,0.09975370368653884
0.1481576814915638,0.10842340679028617,0.08327901132275822,0.11472441163383108,0.07366729390143466,0.28490423496523926,0.07066603009600818,0.022501747285765723,0.09367618251311294
0.1695468396323053,0.17663969907479826,0.14825156095814002,0.11568373285821314,0.1065996206842215,0.08342604169629421,0.10269647732011185,0.023725134817783242,0.07343089295813245
0.16797287148847775,0.06278637959861795,0.10456857310721206,0.06650147536968587,0.0965099686492769,0.2797249157130907,0.10371617570271334,0.02477381878679351,0.09344582158413195
0.09824766897057251,0.1949838517766027,0.09427785131075983,0.20603043611893201,0.15096439589162866,0.015617462761547149,0.17210171628124935,0.0061494169648319595,0.061627199923875775
0.1317744239469201,0.06529763112972002,0.09011785525357137,0.19928359265416726,0.07773915532206964,0.24845770871319284,0.07893879802896701,0.005071846456501672,0.10331898849489007
0.1591708561564729,0.09726927788067484,0.1452866296278422,0.057883545189309576,0.13536483123551382,0.021614190714874585,0.14402219470133618,0.0828377913732203,0.15655068312075548
0.06265270031364051,0.12200744057457676,0.09802798562073452,0.10484701002992364,0.08104149207023702,0.1013145935131451,0.11708928374609533,0.16172983755847412,0.15128965657317298
0.14827972370395381,0.06229162336614952,0.11169200285352088,0.11062140807756991,0.1469991147870239,0.14642721916808313,0.140540613104248,0.05316682090088893,0.07998147403856191
0.23297436541049055,0.1523496185722918,0.09039251898992497,0.1521844977400515,0.10846599880818159,0.032188925029880085,0.10323719383093838,0.01586294143981387,0.11234394017842725
0.17937126468066256,0.0727024237474731,0.08061248138708316,0.04048164738744925,0.0935716298456407,0.36665148770769523,0.09646009947004595,0.013642205388020148,0.05650676038592991
0.24757302915984555,0.1333027605750766,0.08871236162599701,0.029504829130789178,0.08449280054371876,0.0945336981798564,0.1660225113142933,0.06640603840476081,0.08945197106566243
0.16236959551797817,0.19467705099591362,0.09272546869858266,0.09329120093614711,0.11040358745238375,0.037587603236212304,0.11238724281798035,0.15461004059735683,0.04194820974744521
0.04200721057790285,0.12306251553827767,0.09915932017783487,0.013471484566359318,0.08659932341712456,0.09865712277712337,0.06125083821980267,0.31375914261884225,0.1620330421067325
0.0999982776633883,0.1632294141782874,0.11744324659454564,0.1187736534366456,0.15778222747138232,0.038704452559445594,0.11548646445598594,0.11837825405233666,0.07020400958798255
0.19655321371159507,0.12513708636210033,0.11812616892980572,0.0386253125161612,0.13702696713210796,0.18309986302292702,0.10811550283014977,0.016529930682536467,0.07678595481261649
0.06722677073553003,0.0829913207355874,0.11183641810830348,0.15221640644789683,0.10673799429510415,0.22556945212899118,0.11485100838404132,0.04215681637735563,0.09641381278718993
0.09926199362394729,0.06709739460030993,0.14090732224129626,0.10098039943112708,0.09784440814191923,0.15999929660921539,0.07687076645074009,0.10288551526549376,0.15415290363595097
0.16198543578742017,0.10808420638543814,0.13900247858460604,0.11045572988317144,0.14113281815699086,0.12763562172223086,0.10877223215321796,0.057906131671231036,0.045025345655693556
0.21908933571044895,0.08468771251361341,0.09913423929551864,0.0969303452078865,0.14930610328519875,0.054942132282815505,0.1278305666565421,0.1067189457045002,0.061360619343475996
0.08476029339171993,0.10667747183309119,0.2327683980326514,0.12909336732720275,0.16876540179263366,0.03209005895023204,0.12862158129043325,0.05286942760289165,0.0643539997791441
0.16114587887651474,0.12961617311794463,0.10837556662115382,0.19390986994535822,0.12218140777273513,0.06654889390223062,0.11675315724642372,0.024049889790350946,0.07741916272728812
0.16784766798173037,0.09321218996437014,0.10845347219772676,0.23320158716892325,0.10955158760166804,0.04004928101027483,0.08518302378547744,0.09233155187523644,0.07016963841459277
0.17065828556582385,0.06386592083271496,0.07640719197207259,0.19339492620659549,0.08486495083475164,0.27115136932944356,0.08341192024008859,0.010476708569251515,0.04576872644925784
0.13580892086783955,0.11187000913116728,0.12182278298639619,0.15439886155662125,0.13444661420215104,0.04861554422511139,0.1255449638295034,0.0757691985857044,0.09172310461550552
0.1287780029101829,0.19146486265752438,0.0929590851457358,0.13581706761358245,0.07089719140689497,0.06547242376994646,0.10806608865041918,0.07988395014487747,0.12666132770083643
0.1375933758890857,0.216790567261247,0.07489789247241278,0.019961843670531717,0.08670375710505585,0.15937830870444114,0.07227034762603671,0.11088443791766404,0.12151946935352494
0.19871755221966517,0.10157108242005809,0.08108678392098503,0.1402269082218403,0.13198019407161235,0.0242056848678604,0.10273153903195831,0.1605787170045806,0.05890153824143981
0.07988445177762404,0.055412031563129925,0.09454280279892176,0.028195214783965472,0.0825158241317659,0.2144169300570257,0.10271074444268295,0.06812256076370672,0.27419943968117755
0.1991264871085471,0.12326905949060747,0.07346613838505357,0.038268268543552475,0.07026232842271628,0.19345533302751297,0.14322739261051115,0.059330359467172376,0.09959463294432658
0.12677507372058974,0.10548420298822773,0.10253490309453576,0.11244357650833196,0.09341413261332036,0.12512776322569594,0.09144382205765635,0.04847565830400389,0.19430086748763822
0.10197845857767847,0.12827285861514673,0.08603167647309569,0.17315859312328039,0.10817851147547274,0.13853793150748564,0.12927637863534538,0.00525847968612658,0.12930711190636837
0.11708644434042621,0.09083505231486617,0.1276348276130642,0.1243649582907284,0.15751775636517784,0.10662511485053743,0.13719124339017894,0.06072509063424494,0.07801951220077585
0.18284587391372153,0.07722287012258337,0.10831240610433497,0.11642738271775259,0.140481078990403,0.12288737349073497,0.14490775778900641,0.020353886528983508,0.08656137034247968
0.12803993938435934,0.07501365712389291,0.08885916536935319,0.011892689138269996,0.08396116566690742,0.35277046649479216,0.07710709688635192,0.01578812091791761,0.1665676990181554
0.08720299581608333,0.12582937984644557,0.11724985514001822,0.03769893404719841,0.0970890769456656,0.3058948746510905,0.07388472848799472,0.05825298263541475,0.09689717243008901
0.05439705597255754,0.08749407764738444,0.14241532597920434,0.0065783753225602615,0.12491220573259827,0.024802932088550084,0.08450778106649189,0.261900679889072,0.21299156630158114
0.07205441844448869,0.15180008468486683,0.1094067548346412,0.04219974851068875,0.1346558517199834,0.20083975598026627,0.15280657466639028,0.07366531297583873,0.06257149818283585
0.1399543248337428,0.0786313298084295,0.14131284617606749,0.09195282293289915,0.13244355970132424,0.04134451001833879,0.24060980873656587,0.06368800715434629,0.07006279063828598
0.16233791352170984,0.17067195075082608,0.1148826741442099,0.058786126788210095,0.1383898441116206,0.21313350838299194,0.07634249469082192,0.018077490470871652,0.047377997138737894
0.1454009855731167,0.05561440917185384,0.12675635434020685,0.1392622820719758,0.17294131755742229,0.01971919057737893,0.1435312900661119,0.10905063167825095,0.08772353896368273
0.20815990386854985,0.24941162222871163,0.09802956262108,0.15954212904569112,0.08827720926614163,0.036395200329355136,0.08054812616531787,0.03268491397976541,0.04695133249538741
0.059582287220706305,0.17889178184722887,0.09996298515301631,0.11102149015653134,0.12453919966902187,0.01843828785072778,0.11223300328115193,0.20695418491852124,0.0883767799030943
0.10646721859387547,0.25133773316012925,0.10019920234552483,0.09926249587295548,0.0983507074712986,0.019102095130075897,0.18555729220827902,0.04016288110085996,0.09956037411700147
0.12476273318289861,0.07431036170246806,0.12558763426121866,0.08511402927045729,0.2025542889413412,0.11795831002789704,0.10716849746345454,0.06484677122769537,0.09769737392256926
0.1551917509897053,0.14117445404675455,0.08953609683528829,0.016139152545002543,0.09368858140379392,0.2419634984288779,0.16526978786918756,0.02040865457016924,0.07662802331122072
0.06015111931986255,0.14694124461952623,0.08064873163623387,0.037653506076588995,0.07606338782180298,0.21915661522876453,0.09828113604609294,0.17755169961581618,0.10355255963531174
0.10812463350623479,0.18250773392919653,0.08700745671023384,0.14223056485519578,0.09526066017832686,0.025869474225406166,0.09126230918267937,0.18270162150624217,0.08503554590648445
0.1273307732847958,0.057871797604559634,0.1142082848030967,0.13671590601906644,0.15712249163329656,0.03480704039318649,0.14525689234407288,0.15739779449102761,0.06928901942689793
0.2566152347223271,0.16112462277632963,0.08705744459260424,0.07953990052838954,0.13477231896352102,0.035116554361989384,0.09284351453171534,0.07689759303050483,0.07603281649261895
0.1594688278981399,0.156862683542528,0.07995417180293517,0.054135150761474175,0.05766285388630508,0.18650470080368567,0.11748176698387179,0.07773885099175894,0.11019099332930127
0.04709644312306607,0.04756847446900788,0.07749797640403909,0.0867947315766428,0.08832343933154004,0.4841762128866918,0.0887783722887916,0.02346082309078922,0.05630352682943144
0.09008317153206195,0.10015248687233469,0.10639066863450031,0.06792039234443964,0.1538223366545663,0.07847124042970532,0.11965641806554998,0.18501546460464602,0.09848782086219582
0.11291795943507116,0.05368580219296851,0.13866796014000815,0.07994022001630378,0.14100728865892906,0.09787206642220475,0.133887299376993,0.019148656969404394,0.22287274678811717
0.1683150213214287,0.05782337730063911,0.1239044015425796,0.16576326776940017,0.19475451507111366,0.04400355991438848,0.14420082091503073,0.019128986062957345,0.08210605010246216
0.07411905193917885,0.08090947003393874,0.10626154808094786,0.06369655645592244,0.1654148502596923,0.06454193353137724,0.20251440481201635,0.06617281837825571,0.17636936650867044
0.21212094836474435,0.08083420418061038,0.12438534510135801,0.06502477919958696,0.1348228431633787,0.06755181637455333,0.14436531483976092,0.07049201393477024,0.1004027348412372
0.07548930558656343,0.2479522239368157,0.1257517448239446,0.022071081837138337,0.17990656015234105,0.05337047192670452,0.15134613453619697,0.07624913814609663,0.06786333905419865
0.05546695353037898,0.054390740666556414,0.20228105437638536,0.054436706013333315,0.13430925496399296,0.15339422764254892,0.17862416266354866,0.07911420599558965,0.08798269414766575
0.11370796581072684,0.09186869856868862,0.12533397307131744,0.10731777979449242,0.12518407278691893,0.04918676360049762,0.14354834335303346,0.11365826441482053,0.1301941385995042
0.20443185984483034,0.12328416488074345,0.08027502897776474,0.11308323374918768,0.12414331522364896,0.0373725632393821,0.08568835883164544,0.09129751306230255,0.14042396219049472
0.10067733597171015,0.08034955008701987,0.17453625596797032,0.09717782800031616,0.14137536344448914,0.013736471288429907,0.13606738821865286,0.09146661116663712,0.1646131958547745
0.07548880604528736,0.11426187436322122,0.09822795482916152,0.11639889540968533,0.17348644529472912,0.18749866466582008,0.09720142830706384,0.05843503459377125,0.07900089649126031
0.10747394884183342,0.08502137820883905,0.11855102754240643,0.21667810628560924,0.16004546121784421,0.04768593881722388,0.09549768959723669,0.09973473699197356,0.0693117124970334
0.058358769571796004,0.1763026105911596,0.11635611297284194,0.04749859695377536,0.10314282999618644,0.04563415950240631,0.11352511761767627,0.1740872686384949,0.1650945341556632
0.24119215896772617,0.09346968400772583,0.08900115953003702,0.07108269643952374,0.10800397922367543,0.17365021647179954,0.10004393803473137,0.03379748801315121,0.08975867931162974
0.14626728113114026,0.19056414579981854,0.07769294619200928,0.0672875676800015,0.10425101530715854,0.19621265702567395,0.11086910915233493,0.03607274739092499,0.07078253032093793
0.055958359012776425,0.1403401301246327,0.10528737215975699,0.0780801234542796,0.1896449450471621,0.06176113428047073,0.10323317370775965,0.09782298850776557,0.16787177370539627
0.22120699779034436,0.07753086720950912,0.134975715535712,0.06305620079014093,0.15348018534749053,0.06170265389731034,0.11977027332727236,0.09127979894301379,0.0769973071592066
0.21615943343368213,0.0811603580575854,0.116609147238899,0.08082561006714667,0.132045816757153,0.04318450720143116,0.15915377583133883,0.032356001024249924,0.1385053503885139
0.06094947389202987,0.22150700753558064,0.08916635041764526,0.023045615513299967,0.09331265754123841,0.10176880834444553,0.08611108806977374,0.15200815368233994,0.17213084500364664
0.10146028056386742,0.12696030202703434,0.11511390625225475,0.07150277198475126,0.09434409723453031,0.2926087107493231,0.11960433790277043,0.035472913693907704,0.04293267959156056
0.253891188287651,0.19678523867756428,0.1031533741829801,0.14094889119987883,0.08268990229249851,0.08500258385706731,0.08031568798708053,0.018863389558363492,0.038349743956916045
0.08998520978934042,0.053210140290887,0.12337556478152727,0.09056903785147852,0.10393080507077342,0.20287407170568908,0.10658504666605002,0.05053140717574869,0.1789387166685056
0.07123273395091158,0.18398765107854695,0.0981397702910974,0.0961090067510828,0.11634124512229264,0.03687727189129425,0.13814504850622664,0.14741436283711543,0.11175290957143229
0.10400032593505959,0.21768898626200936,0.07790667911953976,0.0592148964427722,0.12733204728351455,0.017854160516425587,0.10911736928328004,0.1578565501631936,0.12902898499420531
0.26071471800695045,0.11590938610231262,0.11722000832588575,0.04364849883779345,0.13204555756318612,0.0474026808080851,0.13351280439969337,0.06288923512125058,0.08665711083484268
0.11446072357931127,0.1271580954045812,0.17595166659810105,0.1659578150359454,0.1040330246364752,0.03177377445439806,0.12172672114014349,0.09509572765022205,0.06384245150082228
0.149857085443585,0.06930365589187196,0.1306687348694119,0.04329637900447433,0.11661720455975706,0.09334887736356536,0.10583157184848276,0.18771293857801807,0.1033635524408335
0.2609633898860763,0.0911535057307703,0.08490865507651617,0.11250979855220045,0.12209923606179184,0.01797344686999838,0.11751520922225918,0.06709554373586356,0.12578121486452384
0.12002135887353689,0.06424608282143027,0.09496502323979994,0.14951516757581262,0.10994486788623288,0.2821924974296279,0.10432644799532005,0.03606525365944125,0.03872330051879828
0.10446578560795787,0.23400211314517963,0.08539048371883377,0.1693606496621167,0.09852472347478719,0.1213661036077799,0.08168652287717931,0.06303193422023161,0.042171683685934026
0.08085669945475576,0.1794026130150113,0.06564990105696422,0.11075290129319489,0.07167219638932672,0.3351958219706563,0.08297927142612184,0.019815690690133222,0.05367490470383577
0.14128236393495544,0.08171399452540201,0.10490379630698542,0.06254360635814799,0.16459089189027717,0.14492541944029427,0.11738090146357615,0.04842157321934248,0.13423745286101904
0.19601940426853393,0.09203113876375096,0.09277518822592586,0.13730543281832688,0.1299499333535712,0.06400621849440148,0.11665396779337034,0.011244346857526037,0.16001436942459332
0.2433842370885677,0.14130278628357865,0.0939274803235828,0.1612779426890212,0.07260672107280268,0.16241745990411344,0.07470029430451813,0.006150702831321168,0.044232375502494196
0.1142311231213064,0.10092322729605308,0.09277020607543267,0.049395068292331944,0.08500054663220731,0.22084546343984576,0.0890378263777837,0.1662067824845231,0.08158975628051603
0.21335027297907452,0.08176300743870289,0.1287828085070945,0.13964155762758454,0.12266761196367487,0.03408420560146007,0.11478142609832609,0.08463131973958736,0.08029779004449504
0.08038882842988394,0.22309647908921293,0.09667406453547717,0.04617479947627301,0.11588671505332242,0.15499580879692443,0.12285486670540062,0.05097287742547346,0.108955560488032
0.10212224102946621,0.07348903316377296,0.157845881651993,0.0706715146579907,0.1045109204059637,0.265514876715553,0.11456609180128267,0.0406100252272374,0.07066941534674041
0.15539668561562914,0.07710023693271617,0.09396216624527244,0.061460049907802315,0.14076138647447647,0.23112269176632094,0.10823688716877407,0.006668890462946757,0.12529100542606164
0.13716242847788432,0.16223286865467487,0.12908164096212837,0.14487095179859252,0.11410619529250987,0.08225480348342883,0.15533955438076716,0.018159284879650853,0.056792272070363255
0.1533080017133387,0.08182268342257656,0.1392869828111817,0.18427790083818,0.16463493196064813,0.030292768338410523,0.12226453995929816,0.012698296701366121,0.1114138942550001
0.11352875782758835,0.04522988070932978,0.09494382525856199,0.42365031231327954,0.11103476444813061,0.026496289619144204,0.10581900325778254,0.012496819095509176,0.06680034747067372
0.20875043481770408,0.16551163826946044,0.09536887822655189,0.12066597920666154,0.1354938023811882,0.077266582467587,0.09470950382240163,0.037128076637942854,0.06510510417050232
0.17006171822248714,0.19690708925219944,0.12649598881605215,0.04160105890121332,0.2002716959305256,0.07294145078405496,0.10729543603113849,0.0044102995935771695,0.08001526246875172
0.16359923580601834,0.17396697491510008,0.0871220293612565,0.04376511681992781,0.11667142733557907,0.11224637574559526,0.14000033821167315,0.0698013435179459,0.09282715828690397
0.1470835168077992,0.1825616640672286,0.0855504800963609,0.19949114107354618,0.12495270028437992,0.021454783056688017,0.09191500529407497,0.0821275544535953,0.06486315486632695
0.08347811335482665,0.0643643308148791,0.11835856714485644,0.3006600623735351,0.120547065725284,0.04412929421868345,0.1338732669599498,0.055955110599881404,0.07863418880810408
0.17096178112404015,0.06482672304898882,0.11400568810476878,0.1572712136152957,0.08995632224028138,0.1422087112885151,0.09740361969389193,0.05296691224055789,0.11039902864366034
0.0739256539471163,0.11311471346116564,0.10355986632556469,0.17431453884193884,0.09280113828940989,0.06540594712684311,0.08196584608872365,0.14211013618907228,0.15280215973016562
0.15751694527319668,0.05563439517713612,0.08224710898498039,0.034529134637434615,0.08450893424472898,0.3856313203639096,0.07585440965482777,0.005412478541694074,0.11866527312209176
