0.11310581973240073,0.04098765336244955,0.13191061826842493,0.1669375940228591,0.06316087330122355,0.10732884923486014,0.17775525312914772,0.19077575826031987,0.008037580688314373
0.14874886977666077,0.05055053127699288,0.10895996400179807,0.09118803162160301,0.2328677145654957,0.1421853880338352,0.03271763789927801,0.16143727705612423,0.03134458576821212
0.14756828202604913,0.07947669797355415,0.045888733093351695,0.0986308210141033,0.14363320825965187,0.11834045085492913,0.10760552088353555,0.15333085855104323,0.10552542734378194
0.1558123379467851,0.08493961057280795,0.032820703417321934,0.03656793045951139,0.31504644827723055,0.14958092852720759,0.028334070424586463,0.11975783138800335,0.07714013898654559
0.16937084952427217,0.04370645311925294,0.056344190045361925,0.1257672910896157,0.2142115665708848,0.12550031887233068,0.022078227340668045,0.15465362128582874,0.08836748215178503
0.08164851797931849,0.05511061930357212,0.1031578213782657,0.019673185770419464,0.06397926465366764,0.14396083857507372,0.20682887486356813,0.1231716690248363,0.20246920845127847
0.14267577159088107,0.0739236856168119,0.03361418594245208,0.1370256782001076,0.11105960148194732,0.14211331437022293,0.16885939910314426,0.1280048837691015,0.06272347992533138
0.1338549241010531,0.08402381962927818,0.057200646856982194,0.03669074843138672,0.23433823010217258,0.12402482432287378,0.009422621681237274,0.13847810680544126,0.18196607806957496
0.1815815902267436,0.0431471804220075,0.0708044600457335,0.08952888022900692,0.17587019881457733,0.1478890719133362,0.009356279083570137,0.112211765612877,0.16961057365214782
0.10623077448844048,0.05329050904874233,0.04376505744877265,0.06155355156006052,0.09760379086678078,0.17327387259569474,0.05951563842550717,0.2706334998139161,0.13413330575208515
0.09648818242085505,0.04168256972419967,0.041862675095691186,0.01857986427421034,0.0712246289744569,0.12209420752791002,0.297634597206944,0.12937619986920854,0.18105707490652442
0.10931534938135211,0.015876416571610957,0.11630007599009738,0.06656326521146953,0.08516425119135033,0.16747452772536664,0.2937700348753325,0.11853535215566807,0.027000726897752497
0.15425714039184277,0.07492489435944762,0.04982840691860869,0.08705960105624681,0.09473149801996412,0.22993522472730143,0.04931407450506409,0.144751937082128,0.11519722293939645
0.08771779392190009,0.04371400376346274,0.06043762835062825,0.0321538560586492,0.06870611658150844,0.12858755033499356,0.34834190077891813,0.09599805777624738,0.13434309243369222
0.08315515362764186,0.025531301563508482,0.03479315402505103,0.33960937583258266,0.09926662292485879,0.10774315056409194,0.009811000674033428,0.1206631410285351,0.17942709975969673
0.1187490805834626,0.07831803918734322,0.04718162871670231,0.05063766384766596,0.061557510435490605,0.123581370983137,0.3414188793384991,0.058835684613444066,0.11972014229425502
0.0736998417433572,0.22542871570456824,0.08760794785483705,0.015262720243556979,0.042023950379315805,0.08692906151415353,0.4142437310192557,0.04873821030844414,0.006065821232511301
0.07813699635710132,0.03365076793476615,0.06799756763085905,0.06586782463073537,0.12215910901545297,0.13926471883322664,0.40896050556368135,0.041140307573822886,0.04282220246035428
0.1558478983562172,0.05890565858453839,0.16184053778922494,0.06586605122600316,0.15362212311586027,0.18095084609392334,0.028483609336157133,0.14432459312086546,0.05015868237721005
0.16339362447594336,0.041228005464718144,0.05899933274820268,0.08027646836786685,0.13401478357405763,0.11041822225429339,0.09476183552055013,0.20196304016255728,0.11494468743181063
0.08663937501664205,0.25092139303658195,0.1835159097197351,0.03212868185328304,0.11745917533170315,0.10927032998649329,0.1246459816882734,0.0764087427431198,0.019010410624168195
0.07602490750617147,0.10053908387743711,0.07932905413911191,0.03521857174123469,0.05284844865643512,0.12955598879497862,0.4288938555132969,0.06952780378573957,0.02806228598559458
0.11877191542845673,0.06494974245468582,0.09778531081911439,0.14714420385170365,0.18494187476876112,0.1733021749382733,0.018218952154899,0.16080445536984195,0.034081370214263995
0.07662636107992717,0.1363851008219902,0.020133272320275345,0.21302172883084927,0.09861414528126723,0.12537026889799577,0.17407334364424654,0.11160403785058244,0.04417174127286592
0.16203022183472301,0.1303267895296402,0.0473993645872578,0.08570174474554022,0.0727722793228351,0.12554695969700833,0.2029560280077416,0.12039719082160387,0.05286942145364992
0.13954741718920508,0.0438534609057106,0.07038241367666365,0.15948331730127221,0.08678167867644265,0.11817636526155023,0.2667394708682529,0.08924939858375984,0.02578647753714279
0.09966656631116703,0.2264803196091507,0.031895388875954674,0.11263396698369509,0.08752455118786444,0.14487590221006486,0.18809001403884731,0.06077656245930734,0.04805672832394864
0.06344960135279192,0.07780138441200322,0.4485001006249549,0.05006576846180014,0.06073961757501889,0.09421231371915671,0.11506263457299516,0.07303769293037404,0.017130886350905008
0.12604214059891788,0.08174370734757051,0.042034876478650236,0.06508350263940223,0.05886481701014476,0.12174635360819498,0.37717580222048547,0.09382850672183161,0.03348029337480236
0.11556494617064532,0.10430448467722302,0.05710928643510436,0.11093689194609864,0.06629022701047507,0.1198080078165124,0.348614955454966,0.06332918426287139,0.014042016226103784
0.12610222792489506,0.08005165602638006,0.061637014104639266,0.07758358617749776,0.11408349303901825,0.15277539933191517,0.1677290616017486,0.1622639524842169,0.05777360930968891
0.16530127636065728,0.04264311048316636,0.09662941190336338,0.07186438781425507,0.198952235329059,0.16948391676925503,0.021852890313593828,0.18233498499860068,0.05093778602804933
0.07052899299563815,0.34491191079524525,0.287060992813475,0.01861028614815766,0.10154046876389732,0.08001501029565425,0.014344730388291404,0.073500207251803,0.009487400547838013
0.06712874098223079,0.03174778298574877,0.11376307798797836,0.07364124073146606,0.06209161819984881,0.11710221987680867,0.4130843214905333,0.10517660733112573,0.01626439041425959
0.14769154848745128,0.3193565338609447,0.0299555649450898,0.10392483251462492,0.04931464854335052,0.11802306088600278,0.15448820097617572,0.06160813880084522,0.015637470985515014
0.13145056751363302,0.26843492590414764,0.02053676718072295,0.04614264915601409,0.06782271858975773,0.10937281727728772,0.17000531045120545,0.12669223831489315,0.059542005612338265
0.09882206619162992,0.02396491934718108,0.053459945560679324,0.06915034777785038,0.0843167666342428,0.13741907920103716,0.28323996449323313,0.15148119976081356,0.09814571103333274
0.11203396364045165,0.09395359551044956,0.041691453924598304,0.061264689896282164,0.07500266633466873,0.13043879937228545,0.24794707456064155,0.14522233335373222,0.09244542340689044
0.1363777241803417,0.07769453797556179,0.13939546944719552,0.07040041954340827,0.11486537273548274,0.18334953855803993,0.027177703531567798,0.13532798003873656,0.11541125398966577
0.09872992335107493,0.02400585743799724,0.09506912654235371,0.028687265634139415,0.05229364523354645,0.1323291513193171,0.3716332763471761,0.11171479361732171,0.08553696051707332
0.12371924085799352,0.04302841914764394,0.07824964528144342,0.12884170960116362,0.16825818275072665,0.1562054821071371,0.09933899964743727,0.1455824209675949,0.05677589963885966
0.08260792952082156,0.046633691804797504,0.056289075511422225,0.03089899038864291,0.040789691869606175,0.11814889001229523,0.5408703305905879,0.06836253207714746,0.015398868224679056
0.10727365606776564,0.21373600619736008,0.05896546720938417,0.014437922779750723,0.07434876715566531,0.1195653917774044,0.20673285788573603,0.17476624271429872,0.030173688212634803
0.09742944300701296,0.06487333616260965,0.051169420224283314,0.08093994891320465,0.05121693315878121,0.0738806034174652,0.4524254549623588,0.03813939875637212,0.08992546139791209
0.1073965365907636,0.17933435620500635,0.13324559703805264,0.06215838246572384,0.09705662700582825,0.17335184545706925,0.054376897094475164,0.09595577122145531,0.09712398692162566
0.1502170469686024,0.1702138363048533,0.044135875257504946,0.06676122602740855,0.0891569490595971,0.19634470244301636,0.09585624816745082,0.14199499047981287,0.04531912529175373
0.11501214274440248,0.05003944720588038,0.07420388088695938,0.07826912305924245,0.130509881296015,0.14574893795267405,0.007523584085524879,0.22120788202025465,0.1774851207490468
0.08117976031724011,0.17762848398202072,0.042978034404634886,0.0320663944243594,0.08196221069659636,0.17779485608289278,0.14850168187083623,0.06360082430939983,0.1942877539120198
0.11202056037110752,0.15362186511744316,0.029607615184711,0.026302285287189323,0.07228743764097191,0.12778785739553067,0.2709589436423137,0.13712413629387799,0.07028929906685465
0.11701587106212515,0.06211755886075221,0.10146433762562838,0.10289578485867747,0.1053484585771698,0.20490785315728274,0.0902035386614105,0.14996682144849427,0.0660797757484594
0.09693100275884818,0.04464633578974923,0.030493975275063367,0.051857602799685876,0.03259593935979262,0.11590401842391578,0.5264169963893518,0.061855965968865695,0.039298163234727436
0.11289787255612715,0.0648948248581409,0.04007561944709495,0.0307027872063533,0.09745668885442436,0.1270108205662697,0.049687685007099504,0.21687060686543513,0.26040309463905503
0.07546715665604142,0.5783719574031244,0.07524528123025438,0.031153721827596303,0.05916097976697258,0.078460544281083,0.030181603453657533,0.06412601690248461,0.007832738478785828
0.10314870307969119,0.26239441221251497,0.03847914921018974,0.04301409584541379,0.05080938682360131,0.10236243904584086,0.34569990927851996,0.04349747151067646,0.010594432993551783
0.07568775036530319,0.37562206455026065,0.199782851853704,0.008128212921736334,0.07859591652003652,0.11018817143719407,0.07143848792259028,0.07238539274278609,0.008171151686388876
0.09912028123347745,0.09515049178034303,0.07452892527112936,0.05742438540593778,0.05956531174239116,0.09655808176259069,0.42536199071034825,0.0857182638799137,0.00657226821386852
0.0424438724693696,0.3481282360220594,0.18054581313040272,0.08765649882150034,0.026436289720805962,0.07056223460523883,0.20692546899281092,0.029655833127956634,0.007645753109855606
0.07263188355397537,0.4028046277156676,0.016107866846925993,0.031288413363820204,0.1600959199209637,0.13308136458918432,0.07109002154318701,0.061468931166891644,0.051430971299384204
0.09063985073837925,0.0611962647936228,0.029455281833479622,0.0441329564871765,0.05483655058636914,0.15261165635888604,0.41138796159118,0.09440199703784467,0.0613374805730619
0.10740623714957365,0.06397042472220123,0.034998605054984123,0.09393531945512301,0.1929680382847221,0.1360888183348129,0.06120402823990973,0.23341961616436113,0.07600891259431207
0.07780846686852766,0.04981776578693689,0.10331119738747074,0.10918013503472006,0.062402805442333086,0.12562262492633106,0.36872257702599986,0.08180295523420521,0.021331472293475342
0.06631343057900992,0.06991236288153259,0.04890555405175776,0.05143459643074102,0.03777256593338531,0.07263837081343275,0.4181078657013653,0.035994114378028005,0.1989211392307474
0.08467603307815309,0.0128154016068767,0.021937981784683338,0.11065334117687747,0.14758803489899844,0.0825717558582418,0.10632326994171694,0.03473373582338967,0.39870044583106257
0.15425803643713512,0.06092181557833226,0.07372607962552963,0.04045867807034202,0.19371341652068688,0.15602984267380668,0.023065350560112014,0.2145717048970829,0.08325507563697244
0.08652463057553506,0.06769239437172965,0.04401767177330367,0.30503385262026644,0.1013211076782171,0.11443528377871486,0.15169205936769142,0.0963783601285026,0.03290463970603916
0.19144825269084897,0.030532961575153686,0.05101386652416529,0.03894667082103279,0.25730810644069446,0.1404886145510579,0.029238503628560925,0.19668511245358986,0.06433791131489616
0.11146166246284384,0.0291146913066114,0.22177890068126996,0.02404481627263115,0.06316931222423833,0.12738180443176075,0.23507844771361416,0.14348092853380093,0.044489436373229434
0.07719574666773762,0.31679902157604534,0.17709231273685813,0.08305675530960553,0.06420750902922402,0.10364642294941745,0.034422512797635314,0.1238925163540147,0.01968720257946187
0.11492601973448797,0.05193536378438262,0.0828000452185406,0.2963885398657841,0.1878726642538051,0.08605086537224406,0.010448203505167813,0.1079251149655034,0.06165318330008429
0.07843363238566213,0.07292600984714598,0.037637020345374216,0.06275770371498784,0.08181327285920491,0.07972326852943161,0.40514728614387224,0.12527251486249377,0.05628929131182734
0.09151626420875462,0.21376812664248593,0.34321330382516857,0.02500102181832071,0.09207550081057292,0.09141567360585444,0.047311701777887766,0.07931352719314781,0.016384880117807286
0.05903886633781639,0.06938317954649315,0.03701188330976179,0.1407214480511161,0.1458442640724712,0.08480595737727624,0.344697103453598,0.06936218610317715,0.049135111748290015
0.1504936320677778,0.11318641889622787,0.07335433915726101,0.10189403826018761,0.1527562058652892,0.15232358249390077,0.027643276081474683,0.15790070325464775,0.07044780392323335
0.07521739952926233,0.23918749187264707,0.287747238788471,0.06675866001970791,0.09320258747401194,0.10954922288576956,0.037381286846388036,0.0766246232625367,0.014331489321205473
0.06043612322611877,0.18281281735190688,0.020292076272157258,0.08149240749961953,0.06548773782512517,0.07501400373611361,0.4127726079249457,0.08289665419715797,0.018795571966855173
0.12257634515825773,0.049202689534375156,0.062072604292034095,0.011098213631307974,0.17928085969061572,0.16948875465675192,0.18321746907333036,0.19845199817316414,0.024611065790162895
0.16535423660526363,0.038088316385120946,0.07565797044968152,0.07299759466358148,0.2147912311253017,0.1686372251740933,0.02755833535835418,0.16294713466779168,0.07396795557081155
0.07765959352391326,0.08545283013937775,0.056360347219813485,0.02600255112227352,0.0889969179365266,0.1212591115781197,0.38911936178797896,0.09223787240397274,0.06291141428802399
0.09691771982455401,0.040198326478584144,0.08297781757596406,0.11276022668919401,0.09282678117892351,0.14320513813990302,0.13243769132292688,0.1848606173031926,0.11381568148675769
0.137253868088091,0.06494367806272709,0.040624689675053866,0.04411015550512731,0.16799124642102362,0.11917811908934,0.19088041692277244,0.15381903623800947,0.08119878999785515
0.14501213801911442,0.030335677706069458,0.04594764530965514,0.034997626635661264,0.2722626326565045,0.14531793042647545,0.01131207464809436,0.17744170363430423,0.13737257096412112
0.08091324345402857,0.07646389334226972,0.018656009387297886,0.04586346254907803,0.06320016937047938,0.13830057567753515,0.4403942278069137,0.08900128654843209,0.047207131863965544
0.11388653962680984,0.09042352427304691,0.07818538026508494,0.034253149891246,0.08137209779913306,0.1221768955951937,0.17144249677010806,0.13323141748633693,0.17502849829304054
0.16562314387212887,0.04024527116592594,0.09735271502064274,0.12324981502444284,0.16747582505984407,0.14446860852342677,0.01869909531963632,0.17361874964610247,0.06926677636785
0.14188496450722635,0.06496467205976966,0.023896891600696912,0.03812689132411585,0.07622165629262379,0.14280981295340647,0.12354344186304828,0.19091010068652894,0.19764156871258368
0.14877365551825564,0.032161528648673526,0.06106030086979517,0.06195416478647725,0.17311215004819255,0.11799513765080057,0.03529090162869453,0.16053189964921946,0.20912026119989133
0.1121715742889422,0.08565830100030952,0.22155610062009568,0.04379607610254283,0.12564916246638672,0.174286968804187,0.024960995125315587,0.1225208144159805,0.0894000071762399
0.12160626731467117,0.030557533519903823,0.05471503668906075,0.13338616554382368,0.08266031256771957,0.09854322297291133,0.3325638265797009,0.11163242412237977,0.03433521068982906
0.14188496450722635,0.06496467205976966,0.023896891600696912,0.03812689132411585,0.07622165629262379,0.14280981295340647,0.12354344186304828,0.19091010068652894,0.19764156871258368
0.14972798334607376,0.054629128973374984,0.1089798320700353,0.05002704379567377,0.2223674466293877,0.12726341601249622,0.04130719537046485,0.1484521454928722,0.09724580830962122
0.0981252160507311,0.06659661596140237,0.05890105574660728,0.061662835069708787,0.07870487085599472,0.18198651037498478,0.3445098087652348,0.08294598177683105,0.02656710539850511
0.08139487322868082,0.0682703689981387,0.09454816982685023,0.1936235339017315,0.08161337892595816,0.09054043870887846,0.26779728032190525,0.07807223730500397,0.044139718782852944
0.11824659576898644,0.01577606266533875,0.09262849364913095,0.0689247784017642,0.142883695829241,0.1447090385922438,0.039334508512206455,0.1798086547277329,0.19768817185335563
0.0916062700370792,0.10978101657548008,0.05972010557958297,0.021710884432509667,0.10950273280317092,0.12438284406164919,0.17623835592071102,0.13016969999092057,0.17688809059889646
0.06802231693029222,0.2601356003159041,0.15776673757239235,0.036563379979685694,0.08658639843065001,0.10069815392603354,0.2180865552109289,0.06018298764570205,0.01195786998841121
0.08040889215904422,0.03292328059804708,0.04631923915869116,0.03759155721962148,0.0886101136525238,0.19022909145820077,0.41374932076677046,0.055782908293232125,0.05438559669386892
0.19061227965673164,0.1251611339995272,0.13222592079851828,0.023015388814659667,0.14655311407771707,0.12919913616049578,0.08200400328953984,0.1270827660630446,0.04414625713976586
0.0888426832735142,0.07592447541489479,0.052188342970153935,0.11661992161771516,0.06361645512971177,0.10807497812266287,0.35872808646230886,0.06352625920434309,0.0724787978046953
0.12466006231004922,0.045368945581484015,0.1601229724334506,0.05783781784874753,0.25229869557158113,0.10946453396720053,0.06768320513012879,0.12148059805890143,0.06108316909845681
0.12717505325748477,0.03396676448413689,0.06965036566921252,0.2329900951576868,0.09041763281871673,0.1513599753305984,0.0627622575645469,0.10012354188479204,0.13155431383282504
0.11392395823757971,0.08184554402934831,0.07371002044097767,0.09444224528553612,0.11297707338687696,0.13991291940134434,0.23833537752027065,0.10100296028073526,0.043849901417330917
0.16315261832471595,0.04971935471824892,0.10061726672871109,0.0424892817192745,0.1838214621095234,0.14403578234738104,0.052321316720170964,0.19443255945313212,0.06941035787884199
0.151584151419357,0.07702617279932651,0.09027236504078368,0.08990820337548222,0.2092066634608963,0.14388741784975342,0.029439181692881955,0.14837010046345758,0.060305743898061426
0.1416910127424563,0.033979816579817274,0.10152631334419086,0.07748400237950041,0.13074125274645923,0.1422545424509141,0.07614691556209661,0.1607805367222757,0.1353956074722896
0.0699113420118677,0.08978723506107045,0.06359341918957538,0.09723717672922556,0.03992146633869328,0.10506319141318103,0.3943328754100275,0.05012841147688788,0.09002488236947127
0.13879152766449923,0.06406940811759207,0.05702922538504692,0.09607615816078978,0.10488103128233704,0.10085388859021456,0.05325498367763657,0.13210342324045618,0.25294035388142755
0.07374467293748506,0.14506131244201084,0.42198988584061103,0.03115068949259848,0.09062457523550772,0.11336028676793368,0.007058430478676387,0.08657372305097828,0.030436423754198517
0.08532158376459309,0.13167374213187388,0.024496606147683956,0.03921498449731751,0.059387875502268934,0.10996813120447169,0.31468984707500824,0.06924032509033352,0.1660069045864493
0.06352235577034966,0.2917986900322887,0.06423438723046847,0.10791510106393626,0.05593718951962968,0.11675446129537259,0.22916679522986427,0.05687007424469103,0.013800945613399293
0.06515910216591,0.14801558024885006,0.023466549638000073,0.1319772704659323,0.048251122134416125,0.06003375171907238,0.41760143495067553,0.08147449395100968,0.024020694726133874
0.11530338141937145,0.034556605822080665,0.09929261022442899,0.05338560919302268,0.155877698606493,0.1631870325195631,0.038796548032219456,0.1791012236674179,0.16049929051540276
0.15713242031491073,0.06288075114380773,0.10280787683891769,0.08694326737335845,0.14428865967474844,0.1571715038040772,0.11067745223263332,0.13769225144795408,0.04040581716959233
0.11482183070789871,0.09323760620226536,0.042744731155298234,0.12026070859010866,0.08192919317216531,0.13377129588006487,0.1894017873126633,0.1491589195029266,0.0746739274766089
0.17314387363618797,0.11648001081044275,0.03683599400228513,0.0428235509662409,0.10529276329451094,0.13785549102551656,0.16609658068404987,0.14467954503691524,0.0767921905438506
0.1224900144470933,0.04751484193886155,0.07758366752221964,0.08544535289684137,0.17606264420100282,0.17101411085440876,0.02683139587822307,0.17094125908844926,0.1221167131729002
0.12570507124022953,0.1206368070566739,0.05771114860123078,0.09504569540980799,0.14240524665862467,0.16183468089682332,0.10891449976009793,0.126864360536081,0.060882489840430924
0.09107001333032692,0.15467628888793958,0.09050195336125755,0.06521702656020756,0.07440720963130233,0.11111416519772048,0.3154697523945869,0.07803856980489025,0.019505020831768485
0.10544775978331812,0.240960735280926,0.27621318461672556,0.02201122324567816,0.058894036575683956,0.11178751515496449,0.07623830290469631,0.08396836714983173,0.024478875288175786
0.11746532020011047,0.1592794419521034,0.08039204367164428,0.12587498142982004,0.15481946042697045,0.15692786816776116,0.0429779994622011,0.11712668091900547,0.045136203770383694
0.09016137863129198,0.03116452139435069,0.04544813043204443,0.3334276336341131,0.10694356570047377,0.07037383268235065,0.16187347169869482,0.08948205067150583,0.07112541515517466
0.0962721127676117,0.09650285907253936,0.04800047225981588,0.13472436143215114,0.1519614441110374,0.20739428380950656,0.04210711332314193,0.1284539360302571,0.09458341719393903
0.18549525971569528,0.0746247586594539,0.08605565746250583,0.054402443932698934,0.1914200726534286,0.14214399676158282,0.012841797035816593,0.20016276395104174,0.05285324982777628
0.09085899572194915,0.30206280528148965,0.25028534374353456,0.02884753085725009,0.08931368951760459,0.10852740191687771,0.0454428102993736,0.06436524543800078,0.02029617722391984
0.10964095670969602,0.2075203400997383,0.06520955813382234,0.13441467857272602,0.09764059192952863,0.10016796467709209,0.10788252720747421,0.07896489197636808,0.09855849069355431
0.11456989539186492,0.05806548387189859,0.06946446855656062,0.09686884120603613,0.17315251348084948,0.14984267461526204,0.012441017277840985,0.16698465322375922,0.15861045237592805
0.12196272209653392,0.18733035033010545,0.1039475549241176,0.09828837088293337,0.07376861893221687,0.09706469333572483,0.20282995517704064,0.08293786287658232,0.03186987144474488
0.0651691103303947,0.35299467402383083,0.2769980869238442,0.02841148728320886,0.07411454764132899,0.10104623490604632,0.02097564135786718,0.06493637689896274,0.015353840634516126
0.10740885770565327,0.25305973041282936,0.3206189630035292,0.03916710494500694,0.09319191471200006,0.0847401987103625,0.026501160205034294,0.06713647216038045,0.008175598145203848
0.14692819937090804,0.07463159074540036,0.020658809986051817,0.1171748576959896,0.10477417859784133,0.10443175869869248,0.26589413421724717,0.12002545823916344,0.0454810124487058
0.10994811138407727,0.1316971777798778,0.043855329162628444,0.04686990294959096,0.04896663298959867,0.14971181645591214,0.2882386869004797,0.10670406818087248,0.07400827419696247
0.11942667987579746,0.12998321864522747,0.033236725811644434,0.04109073549709046,0.13702873795652834,0.1449256967138517,0.13957089138244727,0.1000814523950246,0.1546558617223883
0.08577874055779215,0.14642231466550876,0.39272066885493034,0.014984447633650625,0.1127968205874849,0.104881149528177,0.02676038413664657,0.09106309569615795,0.02459237833965179
0.06221423890896027,0.2881842862376918,0.15166819610063206,0.021176182818107094,0.05792807187871563,0.09687330716674487,0.1645210133139389,0.11862522158337445,0.03880948199183479
0.10336188684225016,0.03270454633615151,0.05242054720414687,0.21928645786222659,0.14617242714633957,0.1770325121119638,0.005607913170279962,0.11575454508741005,0.14765916423923153
0.12056320904501246,0.12129357504359813,0.07058229241700266,0.06390712534445192,0.17140974314670943,0.13293185521217402,0.04603377706554961,0.19495234578942022,0.07832607693608153
0.1340155677435745,0.056543342184788264,0.11842189628900719,0.20339784486147408,0.1921492142459802,0.11364821841025567,0.03292127477122544,0.11219059997972669,0.03671204151396796
0.0700423000819179,0.11291119356036566,0.15020214453659428,0.019332054663401037,0.07311073424975884,0.14240465235256192,0.3089514788505834,0.11096452038942352,0.01208092131539342
0.16867725685738508,0.10579819240821738,0.051868271882196636,0.03196068774312624,0.12622035001638196,0.10526761944322938,0.2522371342129391,0.10546926264180075,0.052501224794723404
0.08962755944456224,0.3922097130421604,0.06556230374650064,0.09244805648988737,0.074833581143572,0.14329045232766507,0.06907834979987659,0.06487388554794828,0.00807609845782749
0.11916489388796751,0.05379150049447227,0.03237010349867007,0.00582268769932415,0.08596864986844528,0.08989588451597423,0.371836815339088,0.11748544863742055,0.12366401605863793
0.09019839994462737,0.27783892295334417,0.33516767253100155,0.017096095103305547,0.08233053374813622,0.07655914148439931,0.03876744451003552,0.07496137789692647,0.0070804118282238
0.07431881903760697,0.18989954454142885,0.36156072745911366,0.11178402834031859,0.06477323650170107,0.09703834478575708,0.02549259157475044,0.062286258074225574,0.012846449685097775
0.0832657887980436,0.07783478079327445,0.03667826248764399,0.3184600890715374,0.051435351471985025,0.0916305006373604,0.2520112152838844,0.05296138659300914,0.0357226248632615
0.0720290128624528,0.13487587671734216,0.13052994589710196,0.12222787389602481,0.06931671639131831,0.16013055723086841,0.1191213269540455,0.11407840335483692,0.07769028669600919
0.189747049949482,0.09814182311760318,0.028516245569243096,0.06722526746706854,0.20926021245620408,0.1552386997582602,0.03433599131407605,0.15211087082755362,0.06542383954050913
0.11877285717042362,0.08579694296598189,0.15950126902190156,0.048136887895385054,0.08396021394454427,0.1339771646667801,0.1748910483534668,0.1356035777513416,0.05936003823017518
0.15371061049679374,0.0467758509991017,0.06430048808357665,0.08083249760440121,0.22054441337208272,0.12893041891979198,0.015395864550222056,0.1528166158773041,0.13669324009672582
0.11165147602329988,0.08907437327944596,0.04013493066501011,0.14093532669262615,0.08278075033154687,0.10053593515446983,0.22551611152693232,0.09242708957968715,0.11694400674698167
0.08800106364598993,0.21423829717671794,0.05471451387852514,0.05480157996952927,0.10953649783945439,0.10549025130403156,0.2782323982526721,0.07301685281004598,0.021968545123033683
0.16201097915444151,0.06464770605115723,0.08639265606514263,0.04507544584159384,0.22362905302797823,0.17330302662607697,0.02580104127541964,0.17472323548784316,0.04441685647034682
0.10411133966542334,0.06068359307047228,0.13425269828961925,0.03629120426609678,0.05573949794881414,0.12082427461901295,0.3776914605689938,0.09504524227769469,0.015360689293872831
0.14517162344258913,0.04484775690278367,0.1202803699385556,0.07580043036725402,0.1353760024924298,0.1464747457923402,0.03228649052397294,0.2122414580143035,0.08752112252577117
0.09260190449118245,0.03682822892234778,0.05515474824841051,0.3637197203841313,0.09851174326234065,0.12766228582677297,0.03141758265697895,0.1418385841914934,0.05226520201634197
0.12828266241567596,0.03733028008248162,0.08162809690744222,0.08383868370378855,0.11885803472791273,0.14298022791839296,0.05559483107758082,0.11071261322028596,0.2407745699464392
0.12174465869387252,0.07267791741783342,0.07007522467202275,0.06085780801177378,0.1991682634135079,0.12677372654890431,0.006216376874776276,0.2010579477987432,0.14142807656856587
0.08253977792027949,0.08852028375486949,0.11880926265428556,0.1388373277355142,0.09053590528383744,0.14294480938139423,0.16659189674038813,0.08036501970844251,0.09085571682098899
0.13070382712039494,0.025086181729040157,0.09381099453477405,0.16707152147042634,0.22344165625872972,0.11099173237888955,0.03211407803054379,0.10266350895088916,0.1141164995263124
0.16528389129675544,0.10330244067890014,0.05198457010899857,0.1030523057162856,0.10229795917662622,0.13305155340637467,0.09174991091756139,0.14310260104781178,0.10617476765068623
0.11704957656153997,0.07202853958742957,0.04212631856765406,0.11527824506723416,0.11743074567027349,0.1883523744442492,0.09468798144188349,0.1369574033816551,0.1160888152780809
0.15244233198081805,0.09710328492666286,0.0547312724271995,0.167384678214055,0.13069019965365464,0.12149418603810509,0.03346938966619712,0.1728171332791637,0.06986752381414409
0.073203774035784,0.07268749787294639,0.031705946954888334,0.10353743775178507,0.06904590947319326,0.2007763285837676,0.30960984836814565,0.09723551798056351,0.04219773897892628
0.13300541356761375,0.056672923684010536,0.06824664006066587,0.08345225334954227,0.15557543056526185,0.15259058063846745,0.02690589126876157,0.21520698027298124,0.1083438865926954
0.14380672482420212,0.18983928490515037,0.06528720437435669,0.09962126621384386,0.15321989559941404,0.13177364362471836,0.07308829377970251,0.12498409327148141,0.018379593407130596
0.07158819724974887,0.13671523912658737,0.026836348132634913,0.24058044907198214,0.07299941416437174,0.1645179913068033,0.1461235589242506,0.12549639556211376,0.015142406461507274
0.11016367898705892,0.10962237261478337,0.09415683761860334,0.07832804962479306,0.07311114698576186,0.1798201478155154,0.258406734402677,0.06995684708413157,0.026434184866675387
0.07346512513257532,0.4531529580790354,0.18627434536830734,0.024692534442008068,0.10680191473754412,0.08009971965932249,0.011642892311982093,0.055215532588693696,0.00865497768053144
0.14361447045810893,0.07023622843263715,0.08966907445755733,0.05242303622582864,0.20292677181838306,0.14021945812834238,0.007806009066116369,0.18611589382911187,0.10698905758391415
0.140941694176876,0.03001332330926076,0.06302241888840814,0.09272949839180704,0.0929910280564064,0.17410645586303408,0.10474282605128567,0.20575143524699246,0.09570132001592939
0.05992867699402743,0.022019544357786424,0.05365245822672252,0.022162679281230297,0.07435348317408916,0.1284509865813623,0.26440337636434236,0.061543628004913586,0.3134851670155259
0.05971123426966746,0.42136280886439365,0.23972387569764217,0.021906596873916707,0.0803838250353213,0.06743253456344106,0.013313217353579702,0.07087621595666128,0.02528969138537671
0.1428814309213026,0.042697437916191384,0.15329599934362656,0.029504288183124016,0.11631665416501298,0.1398959252276427,0.09478353990367554,0.12728006943361,0.1533446549058142
0.09586160965449987,0.058485661403221756,0.042959244375776307,0.32131455766349054,0.1458802985950652,0.12181633869856595,0.02143602824550898,0.17197954993331319,0.020266711430558113
0.07623408959845533,0.029429207146274564,0.03338874822660742,0.17262545889199685,0.022845084536232203,0.11255349141536819,0.3164489898258486,0.05730531400929308,0.17916961634992382
0.16057559613942807,0.06393946643725766,0.05207573467971215,0.10697959745248642,0.14887015473810575,0.18132665413325244,0.01840389559390551,0.16968368391187913,0.09814521691397295
0.11916489388796751,0.05379150049447227,0.03237010349867007,0.00582268769932415,0.08596864986844528,0.08989588451597423,0.371836815339088,0.11748544863742055,0.12366401605863793
0.08028264255296162,0.11704739084231226,0.019551365051234847,0.01245316220974968,0.06230535096950753,0.06290407856768761,0.40186206150751796,0.1677364061663459,0.07585754213268253
0.08008922395053458,0.2890589304212642,0.2717173213123988,0.0245038758118222,0.10331970699393563,0.09925626835822761,0.022506471505946746,0.0904636892125628,0.019084512433307468
0.09808617393614642,0.15398356418965595,0.11810522261465621,0.04022951433144759,0.09574836148648846,0.09729426293646215,0.24415378433316773,0.10762357385387283,0.04477554231810262
0.09590692473583144,0.0317276483538911,0.043664511182533526,0.222511554131099,0.059779407660815465,0.06735687608912382,0.2739824846427527,0.1128054620919847,0.09226513111196825
0.14600437378262368,0.02633264868671907,0.06526980584116314,0.07130672488717431,0.20991317252309402,0.11247478149458134,0.034002535134749844,0.17496604455458042,0.15972991309531415
0.11962877869560977,0.054600565789652056,0.10865781598221731,0.008775512015999158,0.0808856791860939,0.11866498662575574,0.3065393790835676,0.08693263200827907,0.11531465061282531
0.1202847665378764,0.05803650801496923,0.1132495947794595,0.03392729518376803,0.06472209246634435,0.08548246813726745,0.3466394381764597,0.0818790918418455,0.09577874486200977
0.07339480721778023,0.052239605066136674,0.03265337197754565,0.14616447768126903,0.07173094453880263,0.09775222733127259,0.14031340070309165,0.11831288860057472,0.2674382768835269
0.08173775836371645,0.2168513608879754,0.2119463068664189,0.0514492944860848,0.09788211604116664,0.09096731403483531,0.09300491130545803,0.08132282858021798,0.0748381094341264
0.11017854649296473,0.3111205941855416,0.12016103939584542,0.02726323779906342,0.06658373518057009,0.12424556895035228,0.140943482632627,0.08272576312778519,0.016778032235250186
0.10726803375315286,0.03887684271193572,0.057502689361644176,0.04389514505866245,0.04102722235915396,0.11238995597287675,0.43818508023375813,0.0534328853223813,0.10742214522643463
0.1276746727392741,0.03883059301220097,0.05623864999230269,0.07817107499229471,0.19136702129515046,0.09952339859454107,0.012737842949967102,0.12374546800141627,0.27171127842285264
0.1416910127424563,0.033979816579817274,0.10152631334419086,0.07748400237950041,0.13074125274645923,0.1422545424509141,0.07614691556209661,0.1607805367222757,0.1353956074722896
0.08615263741266266,0.1064590502080247,0.04792842605648889,0.063489212749608,0.04840579528752057,0.1079695494590945,0.41072690721180605,0.1120039389563719,0.01686448265842276
0.11890659948394529,0.06619086842463834,0.04619856758406724,0.0827544214789912,0.05029008303086389,0.10036252364113434,0.4514979927382803,0.06612768231559099,0.017671261302488406
0.1291387844035965,0.06706540425843567,0.1293347344172843,0.08497074027382638,0.14433963534423658,0.13911590451063482,0.0838062090995305,0.17385642637663976,0.048372161315815516
0.15411451265425838,0.04619914896372453,0.04503125432922677,0.09219447630609572,0.26644796929949605,0.15448489437080148,0.007229050271419006,0.1641254479267401,0.07017324587823805
0.1835711853016825,0.012628755224106121,0.07341207311127874,0.06566140043691808,0.15392426945080456,0.13451986535887098,0.025332375127678653,0.2379175570385652,0.11303251895009514
0.07957628848890129,0.23394302564645184,0.31419995125411976,0.02100202624809565,0.08974113013465373,0.08300290128870567,0.0932172514519672,0.06939390855805772,0.015923516929047293
0.11915185632807994,0.045254644365032244,0.06656612004692265,0.09380745405017883,0.21379366392468283,0.15256145236702148,0.028778136723425524,0.17185055737629895,0.10823611481835754
0.17489448788081244,0.0981844785487835,0.02754107909121693,0.11873016689786565,0.06665128671312671,0.11256771135124059,0.23841854406699614,0.09467433668902347,0.06833790876093465
0.10066655487609717,0.20368493200597135,0.093832151171938,0.13927313503711417,0.11197246578595964,0.11831114493483717,0.09261457701148251,0.10666339817568303,0.032981641000916995
0.1299159444126232,0.236817894650959,0.08975760459556453,0.017756633077386827,0.10490742482881306,0.14846459667761527,0.07245692309587047,0.177874273307556,0.02204870535361167
0.13737764093449648,0.04251796085195394,0.11783321016947838,0.12278834806766337,0.2061755632580297,0.14687741614222916,0.03837287090943012,0.0988935425749845,0.08916344709173434
0.11351707769106828,0.11859787741350893,0.037326864554806674,0.09111957917467338,0.07290356175022909,0.08600348774500018,0.3057790217411798,0.14867946348034708,0.026073066449186583
0.11419276001404555,0.03821871801725511,0.029866928590426542,0.04761549325194264,0.05242308053842187,0.08378322330413457,0.394531509962541,0.0787239485245529,0.1606443377966798
0.11199503768886178,0.027552589257529764,0.07482286925880773,0.23199377199331309,0.05816080372481463,0.12307380351758619,0.26111977924941865,0.07725353660654165,0.0340278087031265
0.1220811365832154,0.11999467463453907,0.05505315418089857,0.024862448648138778,0.07356235937232299,0.17052092102976435,0.3312308869641135,0.07210653959325211,0.030587878993755157
0.11865851999205716,0.07701338709294477,0.09564810880420786,0.1887471292214932,0.17499878098841215,0.11659249804070086,0.05848154316804673,0.1478784570435274,0.0219815756486099
0.12956448582316635,0.0371534588408544,0.0483046140368521,0.13573680967849686,0.147349233202869,0.13295138425292863,0.017494547905878188,0.15223069688338656,0.1992147693755679
0.07527767151360139,0.31429023833006114,0.15071125367932928,0.019599419360788028,0.061401299790281444,0.10600824941980037,0.1976072408154802,0.06169095041826197,0.013413676672396188
0.1361436743701976,0.03334257747984266,0.1293988672293593,0.22623071441310752,0.11904876959086953,0.10874477124413913,0.08016496863341127,0.12998887830864106,0.03693677873043177
0.0918549465130869,0.04843577552676535,0.02716390960962564,0.3190942154072057,0.06454092789924039,0.07409413312577007,0.22546932879650183,0.06527229981072191,0.08407446331108226
0.1459782515235826,0.03741743258063137,0.0835906036257975,0.14526321094984262,0.20124170798572058,0.162895058792242,0.031192160253352905,0.13803706684919062,0.05438450743963976
0.07669354088762827,0.2666085598185575,0.24773654975594903,0.053000289148090456,0.06298117450326719,0.08298623210061896,0.0849940444610578,0.08092571801022001,0.04407389131461082
0.08029832870857641,0.3371923679285129,0.25289916479865543,0.04360320159199271,0.08486399087112749,0.07942615297603146,0.018178327847414234,0.09078210944210285,0.012756355835586514
0.10663409929102381,0.01650576411560209,0.13260924979913527,0.047646813844930525,0.053824590966221365,0.14961246818485355,0.26455698116852405,0.09469532662918845,0.13391470600052083
0.10797865769029626,0.025766240766692747,0.07359919392228438,0.1422143237190104,0.10230161414756556,0.1380629484063628,0.17575050904416054,0.11349165795393505,0.12083485434969228
0.07420535727687762,0.06492150508406526,0.04809067009377421,0.18393036667969584,0.06597210736931432,0.16551268102717862,0.19904406334104155,0.12989884271563915,0.06842440641241344
0.10219897973738439,0.029603845234696103,0.038996599725093534,0.03702081074755786,0.0953189724398444,0.10455227383833339,0.39059699560258543,0.09297051690454901,0.10874100576995588
0.10551271567203761,0.046758034696982385,0.05740283261637188,0.11039332453788227,0.0820548664828807,0.11009501565467512,0.297087866043128,0.08343711636434864,0.10725822793169341
0.22925125317505846,0.029532325098714462,0.03421440118511209,0.07589156134922177,0.16760875457435578,0.15415955554126812,0.03463081639241181,0.1343830478451986,0.14032828483865892
0.17380682655939583,0.11819162650290982,0.06682004412050775,0.08279091627944633,0.13119617729841523,0.15122930323025538,0.06580286285579678,0.143854612883883,0.06630763026938984
0.09329884318681447,0.029463762614427152,0.026435861752356266,0.041405297759799085,0.049149722818285106,0.10405328295347564,0.4270513326082634,0.08259365711331845,0.14654823919326043
0.08302133548986346,0.2869325108044875,0.2948079214874719,0.022672338292384197,0.07803554686088865,0.11793393897386491,0.0169144364795332,0.06602436271329419,0.03365760889821198
0.08999959816904397,0.034192840895900765,0.07888872027156019,0.13487727023574766,0.11740232219826637,0.17758485082586373,0.17880505264774935,0.11938905658664713,0.06886028816922075
