0.34692545492145793,0.10982191293225292,0.06902364046908605,0.1053628508535282,0.08463329093319956,0.035468891814566327,0.10011347495950018,0.028065744252204122,0.12058473886420486
0.0956850412998846,0.10010616873853112,0.09121325384735417,0.22685157865437922,0.0671716034467096,0.04082046130148014,0.1715048950335416,0.06506750564563628,0.14157949203248318
0.3539496685430555,0.10987185561546349,0.09592054842207542,0.06607790814008935,0.07909466931135704,0.04736236518397512,0.07856588409368691,0.04171263597655839,0.12744446471373885
0.033672540114376946,0.10281390289733845,0.1634816220879737,0.26208682274963896,0.07353368985812946,0.09030928797705155,0.1876297172351464,0.026070545818246346,0.060401871262098145
0.009805669457006526,0.1087389782387661,0.12368817137581495,0.1025582510411139,0.0380971645533737,0.11431675532696595,0.17945801461213637,0.21259836267349463,0.110738632721328
0.26149880850366064,0.10285560904945394,0.1137030442927539,0.06319096350852858,0.08399402116539911,0.06998753207740709,0.0750476505914578,0.05965467622490172,0.1700676945864372
0.0020413445448784415,0.04343924149935221,0.05469520346066913,0.22842368311328395,0.23339336101898792,0.2578267138356671,0.05602833930655832,0.06496694258664276,0.059185170633960164
0.3184434712622545,0.11066163386187698,0.1042289819802753,0.10652394482058551,0.043221259606653295,0.07022871491192138,0.12167365632563638,0.045907895636885715,0.07911044159391087
0.27040496592985797,0.10742645081888137,0.08709403753231208,0.052967956334733855,0.22743023172662682,0.045903568861299676,0.08672172786496052,0.06047247748386101,0.061578583447466674
0.2848714959251146,0.10052841879308487,0.0711520089426545,0.06312235893837545,0.07739370332805937,0.1403623314105903,0.10449317314746476,0.10715987881229776,0.05091663070235841
0.08501688391764504,0.10581037833330943,0.12558320264938425,0.18000168576619258,0.08627886398169586,0.040299296723748844,0.09368018418129515,0.06220960062285239,0.2211199038238765
0.017896754983404876,0.1310225574417454,0.135454213045072,0.3327187105728108,0.06413053854983668,0.013162498204301118,0.11100606048008464,0.08808358961272582,0.10652507711001868
0.48879432562382846,0.08729558102919349,0.07237937582068767,0.042333833098877394,0.02370989368883891,0.08341497667058101,0.1111520448243931,0.02547470478127839,0.06544526446232157
0.0995149142964392,0.14560642921828892,0.08644430268434238,0.04750903084877061,0.18096789024104012,0.06929516883012915,0.08543346075800518,0.05127544404690736,0.23395335907607714
0.19268203886785554,0.13271210176698653,0.11327576007179756,0.055332711905919575,0.1146865529306456,0.08268372817153258,0.16434519881546417,0.043528675460845816,0.1007532320089527
0.09880248901913373,0.12402720313066862,0.1379831559411818,0.1030952030996418,0.10692058198193417,0.08411385966559187,0.09539169637676752,0.14236029899462957,0.10730551179045088
0.0012292139335906191,0.053661083636268016,0.21101902339701964,0.07170099983439215,0.24746001313769148,0.012890918910111904,0.08795006235045809,0.1447569923749891,0.169331692425479
0.4185443020400495,0.0912719048452289,0.1415722589140632,0.0646229912097464,0.032701601598346355,0.02890723981018317,0.10473650956525775,0.049040736687059217,0.06860245533006555
0.08528806162018006,0.11645640085839132,0.1062941096945879,0.13221797662007867,0.0733918194878279,0.08461864347365106,0.15309256378858052,0.11481368283303443,0.13382674162366817
0.36530020362418725,0.10623164787356892,0.0543766678350184,0.06787895247074012,0.021973798501666104,0.05413018928448482,0.06262355721977843,0.20029538916273004,0.06718959402782591
0.008766932114038357,0.1129396152163064,0.058667351212636755,0.2896840746543108,0.1829273368534695,0.13038727043497922,0.058945679539169175,0.07182288058581228,0.08585885938927755
0.302329554098047,0.08948074980788617,0.057715833282082185,0.027611079148968497,0.22229351003395323,0.09433329809744849,0.10547748865531402,0.013240264211256306,0.08751822266504407
0.07249852956922194,0.1408423617304945,0.15368267075463735,0.05758437683809776,0.03596786654494114,0.05325800300428277,0.1531152245053493,0.14899957079574946,0.18405139625722577
0.040948551115036626,0.12539647538036366,0.08954475654220484,0.161128226718672,0.07289097653461746,0.07502716887528849,0.27283235930808236,0.03294065670140515,0.1292908288243294
0.014579411697471867,0.12803876861745808,0.06390578427144421,0.08325362476010821,0.10665984009042949,0.2993779081041248,0.08983744843817443,0.162547573957143,0.05179964006364592
0.537594340861043,0.0851567570556333,0.07630119568254014,0.015004852254172293,0.10284296671912137,0.027271600750159344,0.059632129498444576,0.003621993247030643,0.0925741639318553
0.10959925410958053,0.12652278847134077,0.06950599549764225,0.01819028899959099,0.1364831390219604,0.03746154216984162,0.1392266464948889,0.3049091224762173,0.058101222758937233
0.005592149849148054,0.064908315664568,0.08317395291068631,0.16006548016198144,0.04156470781210357,0.020063305280591876,0.18580948423457877,0.28529858332403984,0.1535240207623022
0.006768824526969485,0.12658685710008477,0.0880149292733347,0.03550734751478863,0.0677091818703127,0.4800113461087212,0.12911733397282535,0.0038365105469648185,0.062447669085998365
0.4584363597593297,0.11869219799510851,0.05896398010944696,0.02402457583083943,0.06837719616773129,0.054553766478700215,0.0926069107387404,0.01557818425160277,0.1087668286685007
0.028999870648361185,0.1020767211309986,0.11457326612069374,0.2070131729852467,0.10746169585567716,0.19791076149918038,0.0709196758279069,0.03377945442625866,0.13726538150567671
0.03154874953962086,0.10858916073543486,0.09897241811500306,0.042265652403149175,0.09768943937019403,0.1360840862073999,0.09390996240484561,0.14425072525028582,0.24668980597406662
0.17208758760860454,0.15699800663447702,0.10033076353809574,0.1127557517652037,0.04007934932395394,0.0850281497900222,0.19733310039760932,0.012693729240402287,0.12269356170163126
0.3148202989200631,0.11649269674541542,0.12400562103218021,0.06956209255391528,0.048004085771455485,0.07495792334354362,0.07067187872177166,0.07658627580210912,0.10489912710954614
0.19949922219332153,0.1351722821062359,0.08526994607728344,0.06850900711037707,0.10108678176071244,0.14611614231132172,0.1759244423017251,0.004217324656278891,0.08420485148274387
0.025698620589775886,0.11705695446251285,0.12798978748314893,0.21379671012844623,0.1391808418669198,0.04170973945759459,0.1586961810218315,0.09516442973889679,0.0807067352508734
0.08679827111721572,0.1533666971738349,0.20031518906932463,0.03893915734601249,0.09773970184873422,0.0519022739967137,0.15894047222367216,0.046569201480059,0.16542903574443324
0.1290978089327837,0.11729005236581631,0.08137162684522724,0.022154743697967907,0.022138824168125765,0.07097697886776311,0.11097926626026226,0.37071596844297416,0.07527473041907957
0.12649913309876484,0.1022976350922254,0.11199897117529366,0.15327231577542713,0.09153702530199438,0.03248614373188195,0.10556497427096162,0.16209209825167206,0.1142517033017789
0.005432342565711592,0.11479265954959277,0.11851535707684539,0.08251138171504857,0.1366181485555993,0.10293642755551029,0.16823036895062374,0.09525558859139827,0.1757077254396701
0.2709259986440557,0.13132878807480908,0.13653226298987334,0.15025744598045085,0.03882068042001941,0.04920304020084445,0.08619366443266759,0.06540077923770275,0.07133734001957695
0.0682088254852406,0.16033522530070357,0.10692658282141909,0.09667829475433944,0.11601866644910024,0.19972730311722856,0.12281696516143104,0.03244644392549665,0.09684169298504082
0.11165481079068405,0.10813461636553079,0.07992659679357361,0.04562514315238708,0.17107941668347282,0.2541956790727625,0.07094532990090326,0.005687645296831672,0.15275076194385426
0.05657054306450998,0.11001795591721915,0.15715188360372814,0.05008645655537436,0.11737912974192351,0.1565264699139625,0.19497238696510874,0.051159977047064896,0.10613519719110874
0.3588441809027149,0.12616671613125993,0.06308606832042211,0.042740058697218836,0.044075801673197156,0.14503307983523292,0.1052225260826229,0.056977272906223037,0.05785429545110827
0.015663183946114937,0.09770034818446567,0.16362529796617978,0.11764557289868927,0.032149231238768235,0.12539860764158073,0.2698506652590437,0.07851853871615244,0.09944855414900527
0.531321442451627,0.09342219816704472,0.06477660539700926,0.049585694406088565,0.03516159358753021,0.06731841157550815,0.0728395052566513,0.012931977760481439,0.07264257139805937
0.06142820373037374,0.13601048777895594,0.11973775389845893,0.12180307127776531,0.08585953849806176,0.17595462737675974,0.22195520823578732,0.01697706325410898,0.06027404594972826
0.006661328009149173,0.07438154939720126,0.1530886683488644,0.3692051955132183,0.06604383865110718,0.06447641088657742,0.05292981715311993,0.09782773934433335,0.11538545269642904
0.015438945802475007,0.13584976182606434,0.15390749281799798,0.16681466875620155,0.06778474032527336,0.1053589357282347,0.17827908333124257,0.060157867082841265,0.11640850432966922
0.24598139013126738,0.15903882289642018,0.09966249164072065,0.06782563368460208,0.08014359034729435,0.051716385390533325,0.0987081096861207,0.04698932856800605,0.14993424765503527
0.1705244787161431,0.1615302294866773,0.09184358615137901,0.029004183693097613,0.08938796822085421,0.09114483650909914,0.12539434582229328,0.047106637523564025,0.19406373387689232
0.10165621656219832,0.11659558211275378,0.14640795073148702,0.19655587919337833,0.13875021904683105,0.05044444843191611,0.08067449148494253,0.09329799143108886,0.07561722100540395
0.048797028847884893,0.11596854660695137,0.08744912451929233,0.143589743538222,0.12064375495885156,0.05099710331090467,0.16347380174949208,0.11269896135566883,0.15638193511273227
0.10634802109267154,0.130026363757386,0.14725628038241703,0.03197236741184322,0.14971590363639806,0.09892119280266937,0.09254816136248196,0.07345889702900162,0.16975281252513116
0.10027194152565684,0.13907936273720448,0.11008777561364975,0.12637954657273767,0.05732043760403654,0.14819530146959772,0.15808436098136652,0.013656204528850859,0.14692506896689964
0.15635584215255263,0.1339159736426905,0.08551839386967104,0.05364631780830117,0.17835013391797258,0.02423993079882542,0.08597955465384705,0.14692155538427357,0.13507229777186594
0.000397100355886593,0.08779315250932972,0.0663650117450985,0.3444005583761591,0.1053838653187462,0.12927913560938195,0.13510201473406225,0.011623037396249836,0.11965612395508585
0.24608879629748492,0.10272989493291697,0.22514418328012895,0.09768460556606456,0.050755435598065494,0.03974541086255528,0.18436921600994075,0.012608389170269409,0.040874068282573665
0.3543596574813584,0.10922053782607218,0.11674721744952869,0.048437953780719745,0.07222209644450671,0.07554083467116406,0.09309054853477132,0.02716333846566119,0.10321781534621771
0.06490405968657197,0.13783411261207634,0.15980229448697728,0.09539042802673987,0.09847103310844985,0.032603490629098446,0.13435820838353363,0.05534453583568938,0.2212918372308633
0.4584363597593297,0.11869219799510851,0.05896398010944696,0.02402457583083943,0.06837719616773129,0.054553766478700215,0.0926069107387404,0.01557818425160277,0.1087668286685007
0.013831275312193282,0.12673857783218093,0.12377258430424944,0.12045897718123495,0.10470151673830062,0.138617066083781,0.168951060400936,0.029119903202775934,0.17380903894434793
0.0016989443356768986,0.08553590325729697,0.20045526182529969,0.08708177921899816,0.1942437592142184,0.0870976950442635,0.1971748145091958,0.008170572457770213,0.13854127013728038
0.2030837988758717,0.10118084851146004,0.06757765589456376,0.16673422397895946,0.07072571866624573,0.10223341090291978,0.11025390100297228,0.054199448102602105,0.12401099406440519
0.0015028691669424353,0.06244610956924183,0.083800391322653,0.38679142330676086,0.08973104891966659,0.03171536670668668,0.046807077445682334,0.1866538245833608,0.11055188897900552
0.24404604155385937,0.13572612888822044,0.06631206553171189,0.05450290895305757,0.06880545908361145,0.07275038254541998,0.1082767671534857,0.11125334548474346,0.13832690080589016
0.1737473158855826,0.1385146344072843,0.113518763403865,0.02436557039875838,0.0997711095570989,0.1190473349546326,0.16978965676493865,0.01679045796251218,0.1444551566653274
0.00733749765534385,0.08752379325396564,0.07132493419687627,0.1385820194041892,0.12393875497692801,0.1442972553502851,0.08129831483891166,0.16208533285672144,0.1836120974667789
0.10399922880411687,0.10054970294913716,0.09117063451562506,0.18926622329167067,0.03971566740586294,0.08204104565192895,0.07943534613407373,0.133249252490095,0.18057289875748964
0.036477487053657776,0.13204274990834916,0.09969543278506961,0.2811557611247071,0.07497280846924843,0.029595558075173865,0.11345532264848142,0.02592813326186243,0.20667674667345023
0.02342978057144802,0.09480904790653777,0.18920894536509192,0.06737956598750959,0.09895962214754139,0.11878144848931944,0.28399209983138146,0.01870812712539471,0.10473136257577564
0.013022925784145156,0.09514147438627363,0.08329409586627115,0.3489176983057259,0.0436699627730911,0.12812215928471798,0.14340464912297365,0.056379033833068005,0.08804800064373342
0.007288121269356722,0.12080699799807953,0.14346310229512207,0.22725595893297787,0.12315790207857336,0.07109079919522826,0.10503684492641434,0.09691821764283907,0.1049820556614088
0.11304011175755702,0.0992494570496582,0.07767640901680405,0.05801689330466475,0.08152651043493014,0.032662300849313965,0.06465459681449723,0.3683873120865839,0.1047864086859908
0.014811290524741389,0.12682529442206417,0.1477283089925284,0.10129160690856619,0.07509622539219228,0.16979286038882177,0.16283694756252745,0.05017611143499595,0.15144135437356246
0.11024203148760221,0.11034322784263051,0.25455481610049324,0.1152156770288208,0.1961494265150768,0.03175869996238242,0.09480347110767291,0.018214886472383753,0.06871776348293739
0.006982110084830395,0.08523194056903864,0.09255635406021784,0.5026111523116402,0.05200534244682723,0.040991338690610356,0.07273945170067175,0.06763912409223226,0.07924318604393131
0.3821581077849699,0.12298583379429893,0.07254961711973627,0.02276021534827385,0.03811870186958804,0.17051385315597326,0.08019337197600358,0.013489206987807124,0.09723109196334906
0.4214927397183561,0.10915783138604122,0.10222925681077026,0.05973433440319775,0.02983863511050565,0.07011696309542957,0.1105832951295986,0.03852908637030974,0.05831785797579105
0.383424563090396,0.12221746596816215,0.09191333635491293,0.0718196085199289,0.04437192010992022,0.030944327192471862,0.14628640143200178,0.03168988167776836,0.07733249565443792
0.3719288503682763,0.09798862973638832,0.0982624163666863,0.042132365692044434,0.053420132947083206,0.01871282851227764,0.18797684125915912,0.045749661613114216,0.08382827350497052
0.1526155945768328,0.14093789148038063,0.15488117676376553,0.03965969448492747,0.08843218761121317,0.077060671311125,0.13808811327892878,0.061480363349122075,0.14684430714370458
0.14743659646212118,0.14017927150313916,0.1802563899492571,0.17177896440878723,0.07728254308135449,0.05195902195258173,0.11706320825674388,0.04804905881490249,0.0659949455711127
0.02477126491052682,0.14821074566801562,0.10493054688123331,0.05202082889409173,0.13185205891081297,0.05774557843815009,0.19501125775826803,0.10099689473311509,0.1844608238057863
0.01218652455893115,0.10451988787243732,0.10116147133105584,0.10918951363454915,0.07548291712940768,0.07190197184392512,0.09591040597887941,0.3155380851569347,0.11410922249387966
0.0015225732057282625,0.09917426916114451,0.13079776686301284,0.2303461666717531,0.04774270753832346,0.2569552497338385,0.07521561305462887,0.015211180470796651,0.1430344733007738
0.023077689099961413,0.1387847590168326,0.07727668227270627,0.04512865239927729,0.168044023289338,0.22394635865365822,0.15096615150816364,0.06659500218202259,0.10618068157803999
0.34035854151315265,0.1188806167055103,0.11315266851915222,0.05457008371572445,0.058016094089973526,0.0718859988410953,0.11799443433164421,0.03002948920258813,0.09511207308115932
0.22486698993787613,0.11483611460835776,0.09610429864124785,0.1109542357324169,0.05080566158735244,0.12806189708238522,0.16274712790483656,0.026421815417133915,0.08520185908839324
0.39365960471493405,0.11864738095867028,0.09727844204987006,0.03053220419147563,0.03035445343444328,0.07036173867280139,0.08780008274178212,0.03844120996521807,0.13292488327080523
0.3857195738320478,0.11493527424625706,0.03329184598284629,0.05912205702211005,0.020133046442247008,0.04924147679749508,0.11280189195699748,0.14495133878302036,0.0798034949369789
0.01729493150230973,0.1374042031330333,0.09061953364068985,0.2598772041452344,0.05387285198586018,0.20338025280360017,0.10929819208575332,0.024753237428390872,0.10349959327512813
0.0014732614831110599,0.12666880912303607,0.13972876225229638,0.1506946600675838,0.09614927938387467,0.12505713480299907,0.07862550503905254,0.06803272435002906,0.21356986349801743
0.05800414572475802,0.15550538549137974,0.1472090227496007,0.059771295658920726,0.08975952509771414,0.10821099896137848,0.1692092522081299,0.04865141559320993,0.16367895851490838
0.011096429065407995,0.12164154248863425,0.1069212139140283,0.17613965084586872,0.08642099659568413,0.22605433959220386,0.12953133005247536,0.009362570910174835,0.13283192653552256
0.01166016663079414,0.11822186381709542,0.1628048211015994,0.04523424075217134,0.13689621173173508,0.04910778553955301,0.11238044181850648,0.27668056403799074,0.08701390457055437
0.2363985481404419,0.12551672735353583,0.10729364741934753,0.16429162116443963,0.04750489934810101,0.051329054844851014,0.09175067157816813,0.08523650211333371,0.0906783280377812
0.16005569737452102,0.12212863168619424,0.17261580543415445,0.03749018697897254,0.0323269371267876,0.11216503864896625,0.10832885419863221,0.15027330063725214,0.10461554791451955
0.027835117801297563,0.10235954865454483,0.10004046080683919,0.2910403286339159,0.15234397604540814,0.06807972619716669,0.05861688891834373,0.039906993994146246,0.15977695894833774
0.14351968398669082,0.13188786850168652,0.10864670617700649,0.1278031277467852,0.08593786268906993,0.055009759525544766,0.11936409342965475,0.09504981546085174,0.1327810824827099
0.0037161947835535197,0.11019584748396916,0.17903248967317742,0.23944446633352712,0.19696250742289104,0.04868008199967629,0.0686105557001556,0.031464248819738305,0.12189360778331161
0.04912914935037086,0.1393632333147031,0.09885682631821024,0.3034029790908162,0.03302703280712158,0.08155512418815547,0.10839444650765195,0.05676971714529968,0.12950149127767088
0.4267279675341101,0.11065140131861706,0.07215497198330295,0.03854826324671255,0.032605845796204645,0.03073816185643788,0.11464755227940211,0.11404601506150941,0.05987982092370319
0.03612562413717524,0.06645788491680148,0.07798506618437819,0.03948324814509486,0.2355566625904649,0.06618174036620239,0.13032529586357836,0.27006828003286426,0.07781619776344034
0.0636529284216954,0.14910352709022168,0.12832076224457004,0.16388317137765548,0.0894288518445353,0.07721384371954455,0.2310956739082178,0.0049214644680941255,0.09237977692546562
0.1238145264625063,0.13186763213404482,0.12835873365131664,0.1798855299127854,0.12549171573776627,0.06382419929457522,0.10236337928151029,0.07691607665389748,0.0674782068715976
0.018234427316991812,0.128230401451589,0.11384704765797393,0.24563625044286228,0.13303798428805022,0.06785446680560725,0.08275255295386455,0.08490767527395972,0.12549919380910118
0.01664668758335742,0.0733061435044009,0.08944202241510668,0.018155225789239858,0.17311953070405472,0.49090127939294853,0.1039776690354569,0.013770586599788701,0.02068085497564635
0.002457756479458726,0.11332208171377778,0.11125241269066401,0.03225926111166751,0.30584820617349234,0.28473136785811737,0.07628346996863043,0.013872755640703624,0.05997268836348831
0.15955771286615691,0.12223406121370561,0.10877417541874827,0.06848827009654389,0.18803939393779323,0.015493103385438127,0.08649966528246493,0.1300291702001498,0.12088444759899929
0.20050267857627777,0.14542254793889894,0.1114458992266667,0.0925239400001678,0.05809732663125972,0.1472626158310129,0.06422738372149037,0.02457997472226971,0.15593763335195607
0.16144361974143492,0.09654506881703706,0.10882134676091966,0.0316338810618488,0.20520067060964156,0.06294771603859207,0.2265153305080587,0.03411793814182602,0.0727744283206413
0.31394644560209023,0.1330997043983174,0.09672937454958148,0.07037999726945221,0.04259089305180322,0.09460357613742747,0.11294627405051783,0.024037616812428886,0.11166611812838118
0.2095423370590586,0.10235745798155878,0.07221283109752653,0.06684317563981317,0.08944174604913596,0.010219243020869394,0.11338276153349584,0.12320272420575022,0.2127977234127915
0.06839994348828576,0.1330135976247945,0.1363875056724531,0.14039634910336107,0.03385737867175281,0.08871006733222452,0.07339803646277332,0.1954430538161196,0.1303940678282353
0.1238145264625063,0.13186763213404482,0.12835873365131664,0.1798855299127854,0.12549171573776627,0.06382419929457522,0.10236337928151029,0.07691607665389748,0.0674782068715976
0.4236881968878641,0.10304972317144878,0.04887598901867363,0.038564582559230516,0.043584535323624364,0.0367741330743265,0.1144820014528408,0.04051314253529261,0.15046769597669868
0.01885399002326813,0.07879412805760573,0.06976972046137526,0.061834703121735106,0.2327999120952444,0.037938387052590665,0.0970776180561271,0.13754638277408013,0.26538515835797344
0.09289255695197503,0.09683191661397321,0.08667660832385754,0.1033366306255976,0.19628660379745758,0.13650442369252325,0.10398984138074076,0.07522329515589388,0.10825812345798107
0.02203217827431266,0.10256730600508512,0.21199296757933542,0.15863264884344933,0.14981420874061357,0.09040571780449591,0.10083226673275895,0.05121336090717885,0.11250934511277016
0.007868762607005912,0.1179187496306945,0.09123904307487568,0.2114055608058599,0.1133256863749592,0.2261054899180108,0.043416794946812214,0.07390562503425434,0.1148142876075275
0.04152735886662252,0.14034717840045494,0.09899470314874774,0.07675630287783612,0.11874000841718653,0.06865394835293527,0.06428089969544248,0.16599096040383113,0.22470863983694334
0.08625335981069203,0.15785876987673314,0.08593931763664832,0.1748782346951591,0.050125249809977734,0.10560751421347292,0.16234793417187723,0.05817462659595327,0.11881499318948623
0.2906291951434116,0.12106792887231065,0.0790645571855305,0.09379091048231901,0.04782942793333914,0.145789458488256,0.05494183140285335,0.056861227852704234,0.11002546263927547
0.3172741023498546,0.13479205779798217,0.07285392547021642,0.08867614467654257,0.0667934796853313,0.09410633576500065,0.07794842176473653,0.01760570099909543,0.12994983149124031
0.006758425797354577,0.0902974593758744,0.07560096327584952,0.17399469689932515,0.07471394048347561,0.2795463330118859,0.06119980386877982,0.030658263506342636,0.20723011378111234
0.16876628111750058,0.1077116427957835,0.18324428025255587,0.03718294259077114,0.07047645331551138,0.05058931129039088,0.19192683650980222,0.08550153212180878,0.10460072000587571
0.11658223882160029,0.10119217908687457,0.1246018106227531,0.06378382550132637,0.08897635894807533,0.01865954889335982,0.1002170492721841,0.26768988622621104,0.11829710262761539
0.0887261855660077,0.11596763867488251,0.20766917662446793,0.1383083279432991,0.0705173858638849,0.06818248516177279,0.1274309329340668,0.10582423729696384,0.07737362993465446
0.04475598942974774,0.1069821770729756,0.09734172790790656,0.19087995420896733,0.2298265557342217,0.030617230011282543,0.0958311820618419,0.05850073325129723,0.1452644503217594
0.03900190801553885,0.10497698989089428,0.21813036553085927,0.07598432699208865,0.0514049822387723,0.05932895773851991,0.1347127706528205,0.11726860633384449,0.1991910926066617
0.15705630107176452,0.12701377111772125,0.16276690910980354,0.022044559602731776,0.151059084168662,0.04209035688216334,0.13307490096061528,0.052226139324283584,0.1526679777622546
0.12344308391606501,0.11475850351822846,0.0909499328084165,0.032681273127335174,0.09938674100753227,0.35769976876477977,0.10951882188029337,0.011098341758949809,0.06046353321839978
0.2393157627185795,0.16003797464144262,0.09101020703545865,0.055237837592472576,0.0505586437361272,0.04529775732827735,0.1624116342408185,0.031103940148551303,0.16502624255827222
0.006920870411467557,0.11530003354410918,0.10471557868310029,0.12295874701655225,0.2330296721371131,0.16728109663013788,0.17252607953330298,0.018639982887024533,0.058627939157192194
0.0809066588746833,0.16152902094347996,0.1826057836958144,0.1094865770266966,0.03699203658475369,0.07096331527682447,0.09146770379374349,0.14628521607512232,0.11976368772888178
