0.04976428688660741,0.11001180576169522,0.05264837776294392,0.25041042026367394,0.06732166456252187,0.07799286386015193,0.08276600744042857,0.27578267452391775,0.03330189893805936
0.15263104859003876,0.30275872391639774,0.02989645654645436,0.1743757374750581,0.006634631475983875,0.10851156893795068,0.06721006444348958,0.12457224641242796,0.03340952220219894
0.2302468918993319,0.15636970799600403,0.033075398300680216,0.03762602414014787,0.04306749792893907,0.17840049258200588,0.26823308978712695,0.02402535460260462,0.028955542763159387
0.08624368656147031,0.24064507465798676,0.07334675341740778,0.10080827007237843,0.07460270218124275,0.12895724339224326,0.06549040159886338,0.0733412406769903,0.15656462744141697
0.0682929874008489,0.19995426989269396,0.16989658965636853,0.057493074955099956,0.03185840563904257,0.23194488421771609,0.1195211062025231,0.013253736128420046,0.10778494590728684
0.0897305472044614,0.14661558492812332,0.09995727449075502,0.12213739492535984,0.19430619385775935,0.13356081979331896,0.08400433087731146,0.02912936049658296,0.10055849342632771
0.14425889478811327,0.12799751104304743,0.04002132132396564,0.12227650090711556,0.08250173888810493,0.16899490368342227,0.10967195218902587,0.1296922187223359,0.07458495845486919
0.060555853384593156,0.12028666871905276,0.21000962408602253,0.01844909976378556,0.1887820841779413,0.13440915948472884,0.15105738397884907,0.015123168389257804,0.10132695801576903
0.12951128988663316,0.10606695811383897,0.1299986972687577,0.0814808850169995,0.3073374168709688,0.10657504129486257,0.07917080471712938,0.0054403658354543775,0.054418540995355584
0.25646580021824544,0.13898324355737493,0.026144608051865203,0.09899301889958251,0.04256365779246585,0.09376231335415149,0.05717059952113002,0.2653473237202128,0.020569434884971798
0.06786324421332286,0.11977930298078543,0.07373270320169993,0.0511649901116852,0.3752373119602223,0.09104959243902823,0.1528775964008856,0.017495313547639738,0.05079994514473072
0.19661483814073935,0.07744063249176977,0.06976423072403129,0.06829722622775691,0.08563497059804864,0.10398271084503012,0.05396904404912276,0.2581122028096247,0.0861841441138765
0.07579903528504006,0.10240435449478345,0.2398130907034857,0.02221053034786319,0.04866864907549675,0.16505349792251914,0.11475838421009839,0.026484957730533065,0.2048075002301802
0.06803940616918672,0.11409193681901515,0.06443573100319586,0.0241542902116211,0.12735759586632844,0.11818847559901058,0.09403646101867491,0.21320472084654554,0.1764913824664217
0.2580389287929144,0.18323994013420844,0.07777565002800162,0.027795634159965377,0.03683495198159,0.18334774846971316,0.09941545672139439,0.06668006364238159,0.06687162606983092
0.20231455080792363,0.18668695775320734,0.07139278206608156,0.030560723760127015,0.03149424787624024,0.18132295147163954,0.19248921634600055,0.04859837014283541,0.05514019977594467
0.128293106330198,0.17095839209645766,0.06920469479509718,0.21185724813051277,0.025821634763153144,0.15492663049569813,0.11346499310892065,0.05393557613768208,0.07153772414228046
0.1221341518011149,0.1853721957517562,0.12971496792965428,0.07839409126781337,0.03172864530598132,0.11936581155680905,0.1471421406738936,0.06819323437304359,0.1179547613399336
0.06650982038619906,0.085861775849996,0.05057606767712312,0.1404268698111922,0.21149463527241175,0.10883463691343431,0.1255759957938445,0.05465906096080878,0.15606113733499016
0.3775898523647476,0.058949887043108974,0.038094832569179456,0.012626604598139907,0.1611302595395889,0.09848081974434841,0.23027573991551273,0.005301229063713615,0.017550775161660398
0.2402200663417254,0.1374214414673934,0.15105706896710874,0.012725529108040458,0.07274600405977705,0.16380284114987367,0.08936799424453255,0.07981915646106556,0.05283989820048324
0.16655706793602917,0.24831253326501868,0.09687708427733537,0.09786671582284141,0.028971367056741876,0.17968605426326079,0.12511396148138207,0.01113079189629232,0.04548442400109834
0.21116303544436085,0.09875378524348644,0.014947623381176826,0.37122693762848374,0.010815412958941789,0.10416470237302695,0.04040356781066974,0.138780043517124,0.009744891642729724
0.27132174872771087,0.09168056890931801,0.053319551186672004,0.07535540007109731,0.2098842488952178,0.1674241480614639,0.07260404871149057,0.026982313337782348,0.03142797209924713
0.03484251049192827,0.16954055655976555,0.0399090510487278,0.07148543343638057,0.33595793871166973,0.1316496692021897,0.14320229557386246,0.018164815694408764,0.05524772928106725
0.008985866407503007,0.04860087041272463,0.0881703596625713,0.07067097211791472,0.024936985884873242,0.07525025673820655,0.057059357673063756,0.3743634448529538,0.25196188625018906
0.07766365140753406,0.09602662160081542,0.025972039871062436,0.11780473220652925,0.005355354330705439,0.08034425938440226,0.06932884710074916,0.507298064954285,0.020206429143917102
0.03197384770140969,0.15447837370940445,0.023894798926837685,0.025781629591841795,0.0636159917798689,0.09520296167050964,0.10099880988257808,0.018517331171410027,0.4855362555661397
0.15051266303284636,0.3208659543152841,0.09191508880204563,0.11523570295413761,0.023271560230121797,0.16682347183404825,0.0836320680061925,0.029863816672036442,0.017879674153287315
0.09765335575921273,0.21832949649495328,0.22035102771151094,0.03530560884460179,0.015685653687576382,0.19626525043952392,0.08009584816277789,0.02588942170002076,0.11042433719982225
0.08551522674892074,0.12179856117144912,0.0668163286324578,0.05354505740395745,0.08637073072435404,0.114551702648732,0.08690950572788049,0.0931193225012602,0.2913735644409881
0.053949985137928924,0.09268128323513292,0.040956201206309883,0.04113718898416986,0.30661106730421234,0.11567042946422312,0.21574744417139402,0.011693846277129346,0.12155255421949969
0.08111110338663104,0.10305972585269178,0.29571177732797854,0.03854924751041588,0.14644225872137212,0.10278727701542029,0.0703998677799277,0.04361814575287993,0.11832059665268264
0.2505220699568325,0.10698288354778872,0.06504394907100308,0.0466169974744702,0.05253337941015033,0.09902386766029529,0.13130483464495282,0.09045850807917745,0.1575135101553294
0.1734208226053634,0.17708951085124847,0.09509753294639099,0.02316978600835411,0.04522876048882002,0.16183528289020246,0.2595593863714522,0.03463586622103292,0.02996305161713539
0.10056238596533766,0.15842095150255406,0.054842058041322556,0.2087549892879933,0.03980822227622803,0.0984716023958611,0.11208441756701147,0.1710233241067216,0.05603204885697016
0.1186108666492282,0.11938674951389676,0.27131959483483664,0.021723524815990436,0.09974551849660425,0.1126319661857303,0.20300273257340773,0.0105527057643681,0.04302634116593762
0.12170203133561025,0.14988362284091464,0.2204673946251421,0.03609106878848778,0.15828353801420816,0.11481813678876995,0.08759531367730466,0.03720868117785343,0.07395021275170897
0.05122529718959129,0.15066356358308913,0.0994723453902413,0.14275678915969228,0.1047059346914211,0.12781247596038872,0.1463023815485009,0.08560305721007759,0.09145815526699769
0.09046025656209082,0.2103389629645985,0.09587622039989026,0.0617312468716426,0.02313975566560092,0.15631302322812035,0.12745549370775164,0.20454439597920424,0.030140644621100665
0.02633539770255087,0.15795448725704128,0.14170478279344415,0.029289402733723397,0.21781701366300707,0.12908851015939873,0.1423509769206772,0.029271926213693567,0.12618750255646383
0.05733224449463794,0.11709820581233266,0.07429596985644356,0.46337469247566226,0.01606933178134526,0.09875502435667345,0.09335664910884776,0.05674651474871984,0.022971367365337253
0.21274330096357166,0.1275000181400222,0.11891107325282292,0.04785531178589599,0.0937295270812385,0.14600981212256045,0.12589441950918998,0.08229642282775844,0.04506011431693991
0.14690161773553018,0.11992269317567095,0.08613188206966908,0.07400643267540129,0.16356494184883721,0.14242346157254707,0.14318798975671848,0.08184079771808452,0.042020183447541194
0.164222492134525,0.17506724616639968,0.09227778846488847,0.08639722161867873,0.16701147810949088,0.11538369243123063,0.13897440275599868,0.02014691534324887,0.04051876297553907
0.08227890306599044,0.07570885040292698,0.1428673601002016,0.06601167082014094,0.035861174926895785,0.07208483253236879,0.06624557900264715,0.3611373291588115,0.09780429999001683
0.04049433780445624,0.15956779157280898,0.04891024326323537,0.05807985425814375,0.06553284868371678,0.20477301989036767,0.13891146960693362,0.04531898410438629,0.23841145081595136
0.0699637542126546,0.1206273170868936,0.26141986825202274,0.13104654320720996,0.04267096432960801,0.1836981368131083,0.08925293145345531,0.0366481735566447,0.06467231108840288
0.22229096830188766,0.12264811080552995,0.1018239754170061,0.12271196458108964,0.0455572081207826,0.1438093233251593,0.0748876759942049,0.02680736227946286,0.13946341117487693
0.255135662760221,0.11761902991873703,0.05345487789277551,0.15188436159137145,0.03447184741422782,0.09876608370425766,0.06684491979321074,0.16014195745245685,0.06168125947274198
0.01239658700571454,0.1402577134851306,0.09632314700914128,0.13496736482210936,0.16011288228642653,0.16369797983716702,0.14148663391659502,0.005242664808976873,0.14551502682873874
0.1497627484492885,0.14644835997389308,0.15244752643029802,0.09945405502024152,0.05734702285562986,0.1437018747593816,0.08374427465728441,0.10403365839057359,0.0630604794634094
0.2059122618389002,0.11736204132851909,0.1258749701499944,0.11444771395709467,0.007224342886654874,0.20957851673005176,0.07184816940113205,0.07977007122881918,0.06798191247883369
0.027434918349283226,0.10166304592325853,0.1094438183475094,0.13142120809464594,0.16619135075876815,0.15665788628252755,0.16533961210412118,0.02365076616761921,0.11819739397226679
0.1783061412691861,0.11413782249360693,0.027295768076769044,0.11679736202263248,0.04728008371053841,0.12363629761432866,0.07320955732071843,0.28891791882214896,0.030419048670071013
0.10832762706750661,0.08659810582730616,0.15575516658849356,0.022769425482062816,0.24205646292056815,0.18498184652027608,0.09203895718348536,0.012523187440488524,0.09494922096981272
0.34621850741303944,0.07496937963526767,0.03154077948948234,0.047375850369245305,0.026748425260041463,0.17373670236714508,0.25204488993758795,0.015223641202671277,0.032141824325519465
0.24858994965478307,0.17575797127315462,0.12006712183221986,0.12161145975168086,0.04339186957184351,0.09444641711904857,0.08278129661173501,0.06320078020048096,0.050153133985053645
0.04299118643010791,0.10287293139923659,0.0906780982330871,0.05276802454079659,0.024149435209928582,0.20335560612124856,0.1113784807614902,0.3020345944155121,0.0697716428885924
0.1010953748763554,0.14018432629321642,0.1191567719035637,0.05034223408916969,0.18917059098120345,0.12285313021725985,0.1642313376886234,0.006529118086995185,0.10643711586361293
0.081927059872136,0.0727366385675239,0.01472335333629692,0.5375463901204985,0.014880715789846455,0.10988628079275083,0.04834243285302043,0.05213464362386388,0.06782248504406294
0.11464263675304659,0.12234003201193959,0.08899132176474427,0.035139590395099556,0.21161462631850878,0.1357910024426258,0.10619243189834349,0.1256769019176787,0.05961145649801324
0.180586033707837,0.20462518648851846,0.06282074724741599,0.04133668997665521,0.09472649786496375,0.17425564114950887,0.19783813738229572,0.0035970945639423103,0.040213971618862726
0.1467933526326523,0.16690107134516488,0.08622191224650005,0.0680824841089382,0.10562621472777711,0.18382142135851898,0.13031602473525195,0.036157962634392894,0.07607955621080364
0.025628289569034582,0.12956560691586314,0.030605618886539763,0.3572785027646425,0.05419415597459887,0.07523187663550497,0.05216649996632796,0.2018944909161253,0.07343495837136295
0.12066599851603947,0.26570174245054573,0.07007883178569914,0.13078285059108724,0.09517598579957558,0.1557952175409397,0.08243284237818373,0.009129622470869623,0.07023690846705981
0.04756473562816375,0.14154424504313604,0.40400840360370815,0.030460393072257202,0.06921735780169375,0.13767285948542932,0.07476563620315924,0.02770008553163483,0.0670662836308177
0.10444568433308332,0.20810590404285537,0.1636843928800273,0.07759983425221516,0.010943047812556492,0.08781310770196783,0.30880909398473927,0.012767795968674792,0.02583113902388041
0.35989462900822966,0.12208962905912994,0.12228169491465202,0.02632304878087617,0.021828604690139336,0.10285571311133918,0.05903941206095797,0.15725045528522716,0.028436813089448582
0.15294414158456862,0.12997527712255266,0.13527972617910644,0.024394207478227816,0.14048770210600034,0.15770101005603487,0.08513666014414438,0.04924140273490418,0.12483987259446068
0.1596614560575512,0.18052484498115073,0.06297288122879748,0.12726054487463476,0.08832006880346223,0.129001849765252,0.08647945446827898,0.10043465622973469,0.06534424359113794
0.07288127710328605,0.11721235098590188,0.08763439073594427,0.03777182204742744,0.13497625485915696,0.11159340193395484,0.15810435434054207,0.007644875617369832,0.27218127237641654
0.06581328727111013,0.14498648904145228,0.10777756465220202,0.27338475787745115,0.004843264588954865,0.08173585439314134,0.05691485909414765,0.24820073468223,0.016343188399310652
0.07359120215829829,0.11218983636646,0.03153835417379525,0.44292641957019346,0.013254068794135043,0.12036053227120998,0.059388063530237796,0.1177121391547794,0.029039383980890694
0.11264953086052987,0.14592225656590121,0.1294040983677352,0.07286690364225926,0.05982394657069413,0.2586050566146961,0.13489665909541834,0.024176629444173623,0.06165491883859228
0.07637278359948695,0.18311354799889992,0.06360003585083461,0.14064503584616994,0.028693717414668616,0.09937163552688154,0.10234474621374186,0.28783889327417983,0.01801960427513671
0.14637416653652094,0.17126211824108487,0.12275590917081831,0.18741573182781668,0.03738601221869198,0.09879834379922027,0.08722006687479493,0.10833170702125554,0.04045594430979646
0.0971913804967668,0.16693292024075657,0.06731431659155207,0.019110203391185958,0.041198381038747095,0.1984976378167117,0.23017538368031368,0.04896134037019146,0.1306184363737746
0.08738006004620213,0.16949058634743688,0.09398271266089882,0.12014534084909273,0.02737776944305573,0.13536303430768015,0.12049489040566365,0.12247007312808889,0.12329553281188105
0.05758435746810466,0.16120005840923732,0.03903713335094279,0.19630142899069988,0.2373067426967559,0.12246102515221376,0.13865079240187098,0.02568775925725017,0.02177070227292453
0.020422645018624935,0.09175656827551558,0.03243856343893057,0.03399445149391177,0.1322169785284741,0.09900310465490607,0.07748261280356979,0.03490006747819523,0.4777850083078719
0.09998026964828617,0.13058211591588548,0.1112161957109505,0.09308074498831516,0.047192082005892304,0.1960985240828347,0.07437451570849464,0.021237772752554635,0.22623777918678648
0.4784426508033565,0.1587744556217009,0.06094958497940712,0.03839314506044161,0.03308942373931404,0.09693778746124852,0.06880904029306098,0.038638405959131004,0.025965506082339204
0.07884486541772867,0.11443965360108155,0.06360258781199954,0.052924456140775074,0.18383622871375627,0.20086321052575284,0.24745616453786737,0.00852612420258953,0.04950670904844923
0.07231892988639349,0.21647600341312054,0.04707345504506586,0.07041493616206729,0.02142181677394715,0.1905793992120811,0.30600228504399074,0.03110048793781253,0.04461268652552131
0.09685420768866682,0.14452996907714385,0.15328700687207855,0.07066324886248583,0.08502971986711756,0.18189605441264098,0.09008555868021222,0.1025243264526798,0.07512990808697441
0.06484923312750798,0.19529547518607548,0.02080145823603922,0.22650331760121142,0.05963793879990759,0.13838389395004655,0.1295927007858554,0.03674009705788522,0.12819588525547107
0.38797408234270353,0.19847042751964658,0.0519016465269374,0.11163087719916383,0.02794206088764037,0.10972593706895666,0.06225116998242213,0.030248506370340694,0.019855292102188768
0.08539032717107677,0.10156769692780236,0.05880325355361188,0.042760733854256106,0.0713944976074628,0.17024576211315245,0.35104586923586273,0.023865492871942572,0.09492636666483224
0.03329016812928926,0.10832345443336472,0.12247204365768143,0.10385584583410205,0.022850827938639198,0.14222486090694528,0.29051292091148606,0.00914179584677416,0.16732808234171792
0.17477114414671746,0.14199057379360147,0.14128171260976438,0.04582819357412215,0.026898398718107414,0.19177701542900896,0.18262955425157057,0.024160141240643623,0.07066326623646406
0.03571087490418531,0.046815216963403274,0.01791873559374005,0.5270110157367384,0.017745689926848027,0.08248480827662896,0.07077174656010353,0.1125835122622118,0.08895839977614073
0.07367585395837599,0.16238605175201518,0.08675522921173973,0.057010344255374344,0.12900063277297003,0.1772729640409716,0.23570062301763128,0.023888887189428276,0.05430941380149359
0.025663708400750936,0.08037959465730725,0.07336595936677125,0.08248938133734073,0.34880388068306667,0.09519326249186927,0.23564570778970562,0.03845731342003849,0.020001191853149816
0.06457853189808167,0.1308841997418029,0.08809355716813456,0.03719699328068541,0.2399215218135732,0.10281936128521175,0.10040688107429012,0.1224582613224019,0.11364069241581846
0.15727482945878712,0.1273305632530352,0.13207272478302867,0.02246670617139268,0.18161575897592705,0.10946950879915769,0.14660081375171086,0.029867732146743348,0.09330136266021727
0.2509074268413288,0.07030752947694585,0.14977419124722935,0.04086284180503405,0.046438731425254676,0.12232152728837292,0.12083186995389962,0.03119193407719094,0.16736394788474382
0.11793458680492878,0.16444948313301452,0.2382312364593381,0.07231943400404509,0.10240668339216535,0.12435496705231579,0.12039486095186547,0.02001430305617309,0.039894445146153874
0.12254528075353831,0.09463332358097358,0.3103248827416017,0.05118625075595998,0.04690634680658082,0.16019603928060114,0.10433922743267977,0.0355026471594263,0.07436600148863842
0.03930085892174522,0.11346054851283564,0.04631424580950481,0.12205786771915648,0.07795465023977237,0.18354355292555932,0.36298021731125524,0.006583985504933392,0.047804073055237505
0.1521299509310775,0.11846469100098232,0.07308918979389112,0.08524545410524322,0.240700755657534,0.15809728624483088,0.09443384054214889,0.048332510595434926,0.029506321128857028
0.19270857704585176,0.17270024469554965,0.12748577757392687,0.0723005226581287,0.16473357928611213,0.09111174443466273,0.09066229600513474,0.026269817016176634,0.06202744128445686
0.10497627200738109,0.1894181478114504,0.1323005309041757,0.10948778225276935,0.022234191685095453,0.13988304966808687,0.07743244066028583,0.14792024575557985,0.07634733925517546
0.08094325838372544,0.17313691714862392,0.05051227387617536,0.07242020985581381,0.28442969468714,0.1306255840321813,0.10357647164288064,0.024418725258662635,0.07993686511479685
0.24742066978051983,0.10303540864326398,0.05801140112950473,0.018709152946018416,0.10006121063052857,0.1628422106230055,0.25014827868632245,0.021929921613624084,0.037841745947212534
0.06634713383949654,0.08722395681510592,0.27525204727400115,0.047060288386087334,0.26634829636495055,0.09579565507306065,0.07437444182689944,0.00821737697848073,0.0793808034419178
0.08264636663866015,0.10850846354177514,0.06647301109157734,0.425903526340893,0.035616861087795444,0.09903668790344244,0.07108963527132642,0.05012009260343578,0.06060535552109422
0.02624567456570881,0.18508016362065707,0.08508570553142196,0.43322542014359006,0.006530328567023351,0.10044956303799697,0.07622596377271547,0.06798167979969601,0.019175500961190323
0.07092789839476946,0.1290414650654664,0.18564108696657308,0.09017507850584343,0.024342420564802528,0.23779949911861942,0.17072649272727466,0.01826852200909978,0.07307753664755125
0.12613419026465045,0.1257834356503357,0.026554087142977325,0.14075140918029014,0.1001411761702275,0.1283866845438665,0.11986941174907695,0.053899084382834105,0.17848052091574132
0.08731997147606646,0.15306975138607262,0.10317563500026834,0.11937008402793503,0.08744121687377822,0.15195517791696264,0.13338800157215097,0.10867011663235777,0.055610045114407945
0.22010180878578342,0.14989945132991045,0.1078828691045477,0.09446301541215361,0.07455540843046062,0.14285146793957845,0.09156122935827847,0.043630640755189874,0.07505410888409737
0.06592060375974607,0.11188664164908102,0.09493004175741299,0.061498671885895174,0.14465326868586967,0.12127797577383286,0.08340066459882496,0.24371614820141985,0.0727159836879174
0.1550363770195795,0.14845801662088765,0.17383343749191768,0.0428695257823713,0.08535215519230736,0.17060273131038328,0.10957686428128686,0.02278164698175636,0.09148924531951001
0.11993850156211576,0.08389879958781044,0.2646699098751127,0.11382491226977311,0.11971533972230793,0.09936360751784423,0.07742357749287175,0.00953098107318503,0.11163437089897903
0.1159822134691393,0.08353983152206208,0.04542296354911066,0.0889255342961453,0.032466300171303024,0.07532207401129072,0.07239497361480157,0.47442057852288927,0.01152553084325796
0.07737507533071274,0.14827997415476146,0.07279508761657169,0.20301641893981062,0.05838745479925014,0.2036149610621456,0.1116435527884473,0.01601446824023196,0.10887300706806852
0.2228561563745657,0.13143295913812753,0.024622016288576246,0.16614528609252746,0.07921856950721204,0.12897919094085789,0.06695678897143541,0.16219122160585828,0.017597811080839475
0.029415708901865827,0.05724201690051578,0.03237436853754494,0.029584100909091887,0.19590951867563663,0.11463243910731964,0.295464469992821,0.01277969518362733,0.23259768179157694
0.0434655334178796,0.07664282487201511,0.0328596626858763,0.26833228106234913,0.17666122424115657,0.07325406097183906,0.0635269748707673,0.18612220641592503,0.07913523146219188
0.0551679753303932,0.16212322876212595,0.12666784219749708,0.048092395984168784,0.30764751227355275,0.09577916143486943,0.11361852762223378,0.021877247806243238,0.06902610858891582
0.21293807131595133,0.11670301846468241,0.0686147549910802,0.29663357561403547,0.03837252905718852,0.11465164294423082,0.0656607321264678,0.0095606987018843,0.07686497678447914
0.09551332401847001,0.155795477936569,0.19352231554046387,0.04778956779768758,0.14397413135646195,0.1664145643726915,0.11509739304780923,0.036778039520410734,0.0451151864094361
0.12960256431980505,0.10857497111324697,0.05706246155187181,0.06862751857008996,0.12726128018148938,0.22401095899299714,0.1604714672074196,0.03477073632982801,0.08961804173325205
0.11017602063686549,0.14950656880264346,0.20187750313952238,0.06916768471288615,0.08223919309536569,0.17406464296047883,0.11168513908337364,0.05407128270992532,0.04721196485893902
0.028540975631255305,0.09057862035218249,0.04725019507906702,0.31150591316942416,0.07541675681910326,0.07081438841374084,0.06905308232878972,0.26731764117341755,0.03952242703301965
0.059459296385837544,0.10317614103035529,0.1698919921799654,0.09662224058356521,0.1160671439216213,0.10587001205324158,0.10607324245615608,0.0305348821538433,0.2123050492354143
0.09059524253234692,0.18953709722525655,0.13722058509137425,0.07596083753287325,0.055149556598640515,0.18989416930400196,0.1349937092342585,0.04862031013184123,0.07802849234940681
0.0929668696579884,0.1358319317175485,0.1104039973219133,0.039827470219022644,0.09821984715459235,0.14396890554696729,0.09503823581099968,0.17174896109897742,0.11199378147199046
0.18354960923874056,0.19136336235310192,0.11489793297981575,0.08320561040377374,0.08262436115762073,0.11801148910841032,0.10964544376725553,0.04349817780047441,0.07320401319080704
0.24429965619264463,0.16327665072304307,0.06588180494897532,0.04663171506305109,0.15776832532124,0.12862913606112977,0.10493027223493366,0.006271476499187637,0.08231096295579488
0.08247177437744897,0.07974637544822989,0.06194495189771163,0.09846470240118795,0.17616570448804783,0.13997440155415425,0.12306314570584671,0.033671000983706005,0.20449794314366673
0.441127787320955,0.16798209278811238,0.09322504049533802,0.04246587514048933,0.03728213923199023,0.11033074188288187,0.07103106138295605,0.010029127198037557,0.026526134559239665
0.08752039563819686,0.1577571448831084,0.2132315417655534,0.0622898464991567,0.0233763598907806,0.12669770136647548,0.13266617372718478,0.07353780431035106,0.12292303191919275
0.10002508560257796,0.14518013332731947,0.047565764928035,0.061890767583256595,0.06889080029680668,0.10847142701206476,0.12371368957075653,0.30445044416494654,0.03981188751423639
0.08024739454349561,0.12241634131605843,0.33713953650188194,0.04930740902394807,0.04829565158450416,0.15318540700232822,0.07726689785134262,0.05060661071823778,0.08153475145820316
0.046999613514589283,0.10839262752308626,0.39803229782826915,0.018208173828273003,0.06693449696843401,0.11910070107980525,0.06150002227838289,0.025933295977422582,0.15489877100173746
0.0442806935538029,0.08968780897126959,0.04207850712536834,0.16612321075954528,0.03819354525091039,0.06575831404317752,0.0478846991097556,0.4794229502380169,0.026570270948153563
0.052046966707062194,0.11068788621888953,0.2430144283635948,0.017757014163632633,0.12969598263585227,0.10448757568964007,0.15001704998961718,0.027823978038668026,0.1644691181930432
0.2031771087783331,0.17163882176543396,0.0568425883891974,0.06198514901959687,0.022696585776834827,0.3044213094487556,0.09064943730958182,0.03355040302514984,0.05503859648711663
0.2384659421084354,0.07343199716964849,0.017456610408946308,0.037722282128881394,0.08852695042166263,0.13269102726325485,0.333373586141533,0.012406519818959127,0.06592508453867872
0.06403582536841544,0.27615335527602697,0.09461868896826241,0.17909213313461056,0.061175256137613876,0.13071167925031502,0.07442169587940473,0.0489253088432052,0.07086605714214574
0.10468649616479042,0.17921668200829557,0.08833174608708731,0.06450660913140514,0.03804215140034146,0.3054449503161063,0.14741975243012778,0.02074687598921993,0.051604736472626006
0.07171864028146398,0.14033357427121415,0.08735455670904196,0.3531760091712486,0.011081124893763025,0.07691471478994832,0.14905002402591608,0.006320832283773346,0.10405052357363043
0.03301711550099581,0.07263885578528105,0.042442244636413475,0.07426822663753341,0.057235340050424244,0.10314714587335028,0.13322241493371917,0.017082192100151227,0.46694646448213134
0.04304628350848381,0.12835180378939173,0.059845028812558536,0.056472277371037605,0.39028183603086203,0.10232569972829371,0.16164974339596924,0.01539560023740854,0.042631727125994744
0.10803850969027416,0.14309002589442693,0.042432342426837744,0.09196504094196183,0.03823606920910857,0.12575527738265815,0.05545137651519481,0.3790903574686622,0.01594100047087563
0.14427234057628407,0.10990276795869654,0.09168190139252837,0.07751555751150922,0.020067151971650935,0.12473515869457168,0.054999869663713195,0.33549669367483204,0.041328558556214
0.09988731545390213,0.12390584257603755,0.23169481151225702,0.06440152798107615,0.1273441606412226,0.1531613721025131,0.06553075036289605,0.07732242633892089,0.05675179303117455
0.08791981784532103,0.13675995006411737,0.1443408756695079,0.2149668012713872,0.07198097976193156,0.10530878424495306,0.09000431811587456,0.05544292584800884,0.09327554717889852
0.06521232369137515,0.24498137673932183,0.10227541007682618,0.037641640102008135,0.04321113787059236,0.13443935010973954,0.08771188924354924,0.2563426071020665,0.028184265064521017
0.3466764514986191,0.13918427998627583,0.09354793474806684,0.05663700619972326,0.09403553155011583,0.15409742491962908,0.08095891603971166,0.014226277689483058,0.02063617736837524
0.0593844048952741,0.07139148473507145,0.018538788951065806,0.4451635302956223,0.015031568708891977,0.06587699028103748,0.04101993651992236,0.2701144430695748,0.013478852543539718
0.3364946923208934,0.16474037047126153,0.03268269157315717,0.02408818483040441,0.03388443402269989,0.13596772054605896,0.21888890985074172,0.017171781194401346,0.03608121519038162
0.09402245501165783,0.19791657428722373,0.09795818505989103,0.21649672330306666,0.03063429199308194,0.19608356386069983,0.06928643366239408,0.029623882602930602,0.06797789021905429
0.11515347103335455,0.1292901083868556,0.06141604659819941,0.054435142290391515,0.1994817514826717,0.16037818964435463,0.09844991021008072,0.016986259480914367,0.1644091208731775
0.3311552518503837,0.11568847436042418,0.10345290078139853,0.02332090633010119,0.039207385259988986,0.14433821463277413,0.1575526663413279,0.05878315828362718,0.026501042159974206
0.26677143118846064,0.0902693416864072,0.13454884459055375,0.07121754600191908,0.026544575210168092,0.09973567474305818,0.10807837556697746,0.13864637689747142,0.0641878341149842
0.08251444574478417,0.0723054117360736,0.06574654891638272,0.1570357573718184,0.08855479289346345,0.17054396835288546,0.23811452068609995,0.0557421939392247,0.06944236035926761
0.02944931403492865,0.11738468132634916,0.05473458962598907,0.0707771585705027,0.1757447780791527,0.20988970753244404,0.14529874876751916,0.07849689510958432,0.11822412695353018
0.02369471426424344,0.11422098690928813,0.08472925992500442,0.1272264545644937,0.029737290422291507,0.11991577159741469,0.10064297942198203,0.2441039109673142,0.1557286319279679
0.1834795347070486,0.08468937673911651,0.0930027438261426,0.08840020648552394,0.04687631699579947,0.11397424746803257,0.06720592712019362,0.28279149254617564,0.03958015411196705
0.08275430248942184,0.11262663397362034,0.3312691453990574,0.027754939936360187,0.034080778587516965,0.10609441498707965,0.16488561524279272,0.011782187686841994,0.12875198169730895
0.1292400601985678,0.08685538446963122,0.0739379193155285,0.017270252381521883,0.3887147661797776,0.12054515236700207,0.1129248155558777,0.036813200763030476,0.03369844876906273
0.03894706142955509,0.1339921302588453,0.12567700564048326,0.1174491485370774,0.1554167812877006,0.206175599087259,0.12477092653813975,0.023237338639442284,0.07433400858149723
0.23849258024193498,0.09204205403349149,0.15516948798479235,0.056169224488785065,0.12837282258621766,0.12755027524495957,0.08528050683853951,0.036632030797520594,0.08029101778375877
0.12956237954126823,0.1323367351069572,0.06432904560252573,0.09872458658507612,0.08585370661358778,0.0894362278637953,0.11602390500030114,0.22023659370306628,0.06349681998342212
0.0323858541192131,0.11303581516082713,0.16570358516068592,0.07318629256604815,0.09121563228188755,0.15315470750817392,0.1455770897527716,0.16078447293422285,0.06495655051616983
0.09368531537132845,0.21030737938065133,0.12234569248007487,0.1177848104858928,0.12550306726037536,0.11039447874239022,0.1359238768584633,0.007228358512905851,0.07682702090791782
0.17768832679409385,0.23461392250337587,0.16965162224401628,0.09536339892472079,0.021448777671369296,0.15952661455746786,0.06874206816084664,0.029063084336508945,0.04390218480760047
0.14679530651848474,0.1298121274040407,0.058660620772612714,0.04292738603743823,0.05795969645171308,0.23657362011144914,0.22372429453178003,0.0161001322126498,0.08744681595983154
0.119255794134843,0.10258037291436699,0.15813801672875813,0.07899106188341294,0.040315142856456404,0.1342329055696247,0.14870320893822306,0.04295031779108233,0.1748331791832325
0.12194455881458588,0.14620943034095826,0.09538582932202545,0.18640760942735143,0.011330976258244424,0.1902260814351258,0.15778317767196245,0.0711516694846835,0.019560667245062783
0.035603708192613964,0.13712445759587974,0.2905803211050382,0.06783597575122353,0.07966867590389759,0.14088161299121346,0.14282094354450237,0.035202580840906474,0.07028172407472474
0.15558984960214042,0.1543629055328581,0.1164727833973827,0.04303557705004587,0.06162117162760981,0.21141423946063184,0.1623441701330587,0.023000532888307817,0.07215877030796473
0.09120427216399735,0.16134894288446233,0.07192985032125275,0.07050683741611789,0.056849539070368195,0.17675361183503688,0.10324227876254306,0.22248706877080382,0.045677598775417695
0.07460487179069954,0.1281279336946066,0.05760208777310242,0.21777911817666717,0.014171506434098076,0.1228683106363578,0.06761123544632179,0.2940379439689314,0.02319699207921526
0.0935353228934039,0.1756567993931769,0.09771733343679662,0.03527935287979984,0.11999461590458131,0.19839838102242738,0.1301032892082891,0.06651849105020026,0.08279641421132476
0.03206271206875242,0.08835784236849438,0.08217933564721523,0.3259335314260651,0.24834051842431315,0.08082585977760483,0.08324815910950627,0.010980042851958126,0.04807199832609061
0.22620000088606637,0.16374739142929995,0.0323554652243726,0.18038967214052257,0.02332790798777758,0.1362132652461798,0.05771723874515333,0.1525860810559674,0.027462977284660493
0.042423480434796684,0.1895851272059477,0.12994886350985188,0.05680266130402619,0.11777465560698143,0.12272032848741372,0.07097318600201184,0.1059998997509115,0.16377179769805908
0.05833037447261505,0.16235416812550305,0.025948106103992674,0.47043209154731863,0.011589483981384865,0.07628402086709497,0.07445957637290308,0.09311875439866679,0.02748342413052086
0.08619791232726275,0.18488241448022613,0.13455310234971776,0.09356967551460871,0.13997911441945685,0.17080164859088195,0.07928461864350857,0.048285132063429305,0.0624463816109081
0.11654230365040573,0.06764477247827475,0.054380405952194344,0.4983688840357761,0.015488914351549967,0.08314067836681766,0.058596430396286286,0.07612119808859874,0.029716412680096397
0.11317863794647971,0.12658549669181773,0.10647855411601771,0.04813963438919244,0.03970689492419043,0.17358251978245032,0.13274642720296695,0.08809953654170398,0.1714822984051807
0.12238253914609404,0.16252946418679956,0.09128223239282168,0.04936340450333687,0.18678089768348938,0.18608278444345638,0.15172863485971969,0.009643046834361476,0.04020699594992088
0.07898421313761907,0.12637911203156374,0.049731913213406705,0.3528229712472142,0.01956270292099149,0.08108980490223792,0.05674824143163085,0.2193937485400755,0.015287292575260555
0.16687461719216087,0.1004247818025421,0.07338895821837747,0.04545526235734165,0.017516408333789077,0.16943439560367976,0.3662989816935316,0.03131283289613685,0.029293761902440586
0.15422038511170702,0.19437503109924062,0.13268653993528115,0.06878887413223918,0.02221991764321056,0.18921872610245127,0.15021195109428973,0.04467442518800043,0.04360414969357995
0.022750350784767625,0.14653543894563595,0.3386414225655782,0.030601627496892086,0.051815422891218856,0.1288824565360995,0.1098304057703081,0.12148417343585353,0.049458701573646104
0.11472603099833904,0.11857086534329471,0.03143797735577889,0.043266339066187966,0.06184369131315972,0.16507142642058686,0.2488068269064266,0.11951846287189849,0.09675837972432771
0.12893992759939932,0.13852496436019687,0.1350815574005975,0.05077764121841216,0.25269493941079263,0.08620740288672642,0.14690084631611505,0.00843980522853825,0.052432915579221806
0.12909040720737172,0.10705176161748708,0.043993612568034864,0.019192922721869392,0.22634962842203687,0.1223122512133044,0.2333834474652358,0.0034015315022202027,0.11522443728243964
0.0402011407006421,0.25358492471459965,0.04329093149443621,0.16481967010917176,0.020706034056971006,0.22582497354042386,0.10185603377591242,0.030100360089580863,0.11961593151826218
0.1545751134885126,0.22114800205774968,0.1048575545277199,0.11674722324961291,0.07332144722487509,0.12032558629398105,0.09330938511535787,0.09315532358444978,0.02256036445774104
0.22644063245447107,0.18746856149657162,0.04837564004113256,0.03163747571971533,0.044297893168658176,0.17191285348849447,0.22265399483893256,0.019729178182790883,0.047483770609233346
0.11847874912527005,0.2115577273581499,0.10898812190502095,0.099024221857048,0.09122776663119421,0.12195035073744831,0.13093882437601848,0.051659416089064554,0.06617482192078554
0.03477893336950017,0.1738977536271579,0.2660383270069755,0.07823297000074116,0.028234677779065884,0.20209028936912865,0.08007102211736501,0.0209622058565027,0.11569382087356302
0.07694202712858342,0.12243741145799297,0.20090628260772414,0.0541695328215901,0.09129797598569384,0.15453997754966212,0.13700358159677295,0.04771848172232651,0.114984729129654
0.06225095695140914,0.11824470341855157,0.408755400773946,0.028053204180547475,0.07590214800523871,0.11655014055437764,0.07528459819556542,0.01757462251284456,0.09738422540751951
0.05936595653540905,0.17648105109815274,0.15640677891580898,0.06801934007478154,0.04152181948177492,0.1610960653061772,0.25117341221961675,0.024788482281706426,0.061147094086572394
0.02760568411409744,0.15955455131811738,0.04982502344103765,0.045883858885628605,0.12261182688119376,0.14229695564026634,0.10963930067434167,0.09047619481696463,0.25210660422835257
0.02482975971600095,0.13096003391400607,0.05216218280482643,0.5859973854716398,0.01762812036328367,0.06437128366641716,0.051193598514309935,0.03917230684393801,0.03368532870557792
0.10772433055058717,0.19250862587923603,0.10390485304641227,0.031882253081196736,0.0718855947586391,0.1623857824879714,0.15784504806800462,0.06105521339522114,0.1108082987327315
0.0693797153714792,0.16924579415865562,0.1392339101843532,0.06648672900498265,0.09077012907410066,0.1767256697246338,0.14413979685451753,0.03188555583644394,0.11213269979083336
0.12184321880859206,0.08036150050632573,0.27547416909593786,0.1004461956865453,0.19496133832773396,0.11688146057026817,0.07335179170564875,0.014033476203348638,0.02264684909559947
0.06224875491586377,0.08113935709326656,0.2792679622984202,0.025370934887368527,0.09289619526200406,0.12222687458542043,0.10894993614695501,0.17877651968019628,0.049123465130505105
0.13985533441107187,0.1476185625608322,0.06570263984533888,0.2999078356573583,0.03658626638678535,0.1714332835056113,0.08827710225228143,0.029193974080368293,0.02142500130035228
0.04539858340298878,0.11717802389247732,0.16545799535280556,0.05833303339370214,0.08561045455945183,0.15299251966324837,0.18921818927338874,0.0050798754693593025,0.18073132499257794
0.13309221798755053,0.1300833866764225,0.21093632360494463,0.04026520431284322,0.16532545317669847,0.11949019199806533,0.08736475505081182,0.03192887266692093,0.08151359452574254
0.04272490507553192,0.17878325067617262,0.028736720774328747,0.44683705939727253,0.018829747145953236,0.10714985187689242,0.05807246634739955,0.047911084282818206,0.07095491442363071
