0.012125206993315471,0.05441422632823053,0.23612160735403784,0.1329012713659439,0.22948010401017194,0.025237386950221253,0.022614612230333047,0.0779056730782597,0.20919991168948637
0.07613821954642583,0.16654892770341015,0.05164346839927462,0.155710866776405,0.05001104628841524,0.04063729694200673,0.3062308706412546,0.10131976548704595,0.05175953821576196
0.023580760980931023,0.08103738512593302,0.06484948728389305,0.030983994514583297,0.16378809678460785,0.07253938174218963,0.13263722419296822,0.0436638517522158,0.3869198176226782
0.027904850221066608,0.0856719515427604,0.07799257201233244,0.23116513084644166,0.05168977837489482,0.04172791802073247,0.10378344086005858,0.04047013958767217,0.33959421853404087
0.5332746458595062,0.03604987673647273,0.032029191947645655,0.08829833255343578,0.08954728855199819,0.09280658088401396,0.010858043921626563,0.055274114327534485,0.06186192521776645
0.5968300683425599,0.1390917302971351,0.014680011556291906,0.11675341041535821,0.02029679010254832,0.052731678323366095,0.006810097681771613,0.022968716992280064,0.029837496288688894
0.05384717280036372,0.30518340621186196,0.19823965521089726,0.15423835429785065,0.05811577376767612,0.05072687343357565,0.019672903546522087,0.042978909587604065,0.11699695114364843
0.032838360579433484,0.05997408745996701,0.14554737264705156,0.014772845878743274,0.01063744184338606,0.04345416763730773,0.11046471719721014,0.5510051075054528,0.03130589925144798
0.02669356083166449,0.25067711975056334,0.05987823704075284,0.04901669525865634,0.0931317408502103,0.10272633618192199,0.290217722711307,0.06718904871414794,0.06046953866077571
0.028626732745747813,0.04442051962917495,0.09943092450051523,0.06353653472350428,0.42125914187246166,0.08129049244366458,0.02758062212105943,0.05608580613266012,0.17776922583121194
0.48856777266681145,0.02023653966969541,0.019853864102395525,0.16553234208905657,0.03160126649868813,0.07679477081047413,0.09065914228398404,0.050415641160776466,0.056338660718118216
0.1009376435718501,0.12592647695765968,0.06664032192675685,0.1562353403141393,0.07171133020184729,0.21715601729233744,0.050854035163619415,0.11481352549605021,0.09572530907573977
0.1529602973997284,0.14698494251830208,0.024037632886603575,0.05691359961175572,0.03596661376625467,0.17495213084654146,0.24938690287628465,0.057236395362551706,0.10156148473197775
0.40251472263148386,0.03153825664497221,0.06335472736604149,0.1196128276693283,0.025869524256237213,0.265581005915514,0.03585062487572278,0.029866400911520718,0.025811909729179256
0.05725721921744461,0.1473465719084872,0.09336855121454811,0.16370294922579284,0.06602469806307949,0.23082350933909904,0.0692969095579222,0.021987717644653102,0.1501918738289734
0.025539423052505925,0.4629818976490377,0.09494093490234935,0.15205738908745428,0.07415968171546257,0.08694328735014184,0.04601747176042381,0.011755026821723198,0.0456048876609012
0.5713341578806742,0.04089956318817857,0.022423310789938908,0.06907923956368313,0.05386583346022183,0.09454476871828099,0.04740986695334104,0.03858905300600834,0.061854206439672904
0.04492688102052076,0.09690456897558601,0.03484588562508035,0.06744162904163024,0.08190325652624501,0.1805047525549183,0.1707245293675843,0.04199273623451152,0.2807557606539235
0.12430664371915084,0.09243474012778953,0.11647169548523252,0.027867846059256723,0.1200332167579032,0.0963327352302789,0.10501094957215344,0.05850906071701865,0.2590331123312163
0.04537373261254538,0.1701249530444998,0.1418788520041033,0.11448812326909885,0.11213513484915227,0.038378238370451345,0.05174632743105987,0.03313574377972592,0.29273889463936337
0.057240425431681896,0.06098182990345188,0.0277797681128957,0.02378803342859641,0.4840333620989621,0.11289857692313611,0.037694049842423964,0.028156136560602684,0.1674278176982492
0.10937485959528219,0.11355357269231864,0.0528722170827798,0.20609331065156453,0.18649726389611687,0.05848465114236497,0.15314256602367843,0.04696279410101908,0.07301876481487546
0.05268578782989827,0.07454886218252695,0.07335389248765005,0.03405033980528179,0.05302178086973181,0.1269811482016212,0.45462232299374133,0.013626751064406263,0.11710911456514232
0.041866526587905926,0.03187479909229519,0.15008594317092952,0.10562108469205937,0.0381542824224105,0.03211039781992458,0.14320592023414555,0.10646590565162067,0.3506151403287087
0.10180354778472116,0.1303757408379783,0.07218266070487377,0.1573199619419813,0.11895995423822618,0.19746265516469566,0.015573535886552544,0.06575870448219918,0.1405632389587719
0.024378635664053544,0.13851372225269806,0.13366836836468612,0.0949929180642635,0.0285933401874733,0.17830666952932028,0.10414654654618773,0.03858054587193799,0.25881925351937946
0.04193427950630655,0.09246526398448467,0.10115175862833108,0.18010469932184248,0.06160375683734872,0.2124410167403122,0.06720446368516282,0.05314941052318875,0.18994535077302274
0.109489599823882,0.04355660515077372,0.028350115455649815,0.16456603453169905,0.11617183731470515,0.38054745774775395,0.03537442172708897,0.033023819284594406,0.08892010896385295
0.09292272717890367,0.05508970959055167,0.051242556400753585,0.050168288117770764,0.049757152333957416,0.009931997750677378,0.07219247991353551,0.4861776399300251,0.13251744878382488
0.032233529370086084,0.09275151831934024,0.07058503476568351,0.37262830073417064,0.022764274113920967,0.2273913466329389,0.0782616721895168,0.03123128224238558,0.07215304163195733
0.036774026671589334,0.07271720294970055,0.05479980706386437,0.27935168153529943,0.2296853199064727,0.1044167844655451,0.049098608039047864,0.04565904002348039,0.12749752934500028
0.027235251040231997,0.1182936255071113,0.05219799512650463,0.19856402008752694,0.1434622372458898,0.114657067584653,0.12725175141671677,0.04966414195518626,0.1686739100361793
0.6217550755651188,0.053813766506452365,0.02894745183107421,0.034890443596038594,0.09744905469825872,0.041128687894018336,0.07178174656589113,0.03455935943981787,0.015674413903330003
0.6010969949330863,0.0717601766353833,0.019513912473114445,0.1438871341211699,0.018795139108036943,0.023718515389122688,0.051088728933195215,0.040606108470427726,0.029533289936463526
0.06584920205489202,0.04644719302824002,0.026568210608596692,0.14449093978302005,0.41831216141955285,0.044438602731665326,0.05758637446910217,0.08872552783114669,0.1075817880737841
0.2151966188380036,0.13267655156052038,0.04609560758055925,0.0423652924105672,0.02597299868871465,0.19864827712560704,0.2127644294899863,0.09117514644020396,0.035105077865837615
0.05473472760531356,0.29280856485489715,0.015087252709334094,0.30734752977144286,0.08329162088974511,0.0363487232887832,0.039343799143292814,0.04511724083866969,0.1259205408985216
0.06626394431613575,0.09638751164320651,0.0487602699108747,0.33712204038275106,0.07066034591244844,0.2884372059118596,0.04730695730803166,0.010320939004172417,0.03474078561051989
0.0845862255863285,0.24737301652450905,0.07582025002178842,0.20549974732529577,0.029455241553553325,0.1564486618364959,0.0323124251444471,0.025495540053163946,0.14300889195441802
0.5456334475642771,0.08816967442448527,0.01977714396372511,0.0479275347201449,0.023637345108916435,0.17461375431694848,0.008668255569143947,0.04537241491151534,0.04620042942084355
0.020941859910019747,0.31994026506349166,0.05401672389389526,0.08420822952465269,0.030692733515858897,0.09529053660497244,0.2749135574140475,0.03764695181763055,0.08234914225543134
0.10069945501163312,0.22560585326809535,0.06834756155233838,0.11263224408916324,0.06964921806571332,0.12565625603669373,0.09916059025226635,0.11252019215949373,0.08572862956460277
0.1277270344343181,0.27894298782180904,0.08313324242981927,0.09886331893600882,0.06794231157248613,0.13152533198889346,0.027503411170528496,0.14914160535415413,0.03522075629198263
0.5043060189924219,0.04585794052881601,0.021897066077525954,0.18001162296110332,0.038740979524756934,0.04107404226363034,0.01563558510431373,0.08099619058154105,0.07148055396589086
0.03757912359886322,0.06568992561797993,0.10028286362071363,0.011554391195313101,0.12412875353946558,0.01971984094772458,0.02473719867380142,0.49409000667028363,0.12221789613585492
0.14230749893062744,0.049398692988665116,0.2020907754939365,0.0461414206096982,0.10320822586244927,0.09389731781224975,0.024864342554406,0.16620593961947028,0.17188578612849748
