0.058068380304090096,0.07396060324446076,0.14087157811142811,0.1884150784874692,0.2170736574901091,0.11246211537090504,0.046102605153256905,0.15315709017672718,0.00988889166155363
0.12894490966755587,0.025913466444191402,0.07329618889619033,0.29034419066927686,0.05163993633817021,0.030589831439238938,0.032794351804890515,0.059922893403580126,0.3065542313369057
0.032818034876925264,0.1764358828081896,0.21873965168129225,0.037935338883788035,0.1380871805358951,0.011074081417368603,0.10447132559796644,0.2385955689232012,0.04184293527537356
0.33373341315861477,0.03175222676904998,0.1588064249059157,0.01673811555452316,0.008719905453798997,0.03862436853635439,0.05348300839896578,0.04443512504192382,0.31370741218085346
0.03517813260644166,0.02674260779258114,0.07262083777457423,0.5393105363554676,0.036290966006240814,0.11845241742625877,0.13165668537471842,0.01515574054416669,0.024592076119550763
0.09571119161216642,0.12235171242292568,0.31468847841263986,0.04455132406231042,0.02912737201599877,0.030450711700468674,0.1384751686106449,0.09087247581418649,0.13377156534865883
0.27756739254207713,0.15087440861768472,0.025336325269434763,0.011542555926840848,0.13090491391960385,0.052267353132272744,0.06933800525426276,0.2664166304514075,0.015752414886415666
0.027155471787988095,0.3832091552817786,0.012519720789989565,0.03819219814536568,0.1617174950215359,0.08183117453493094,0.08067784175942558,0.16264942065071067,0.05204752202827497
0.3391183303696117,0.011515823925467752,0.17498423062734747,0.020972537954170662,0.06988273940744878,0.015390351997025474,0.27446288034288285,0.04207923163466402,0.05159387374138124
0.05237788219357339,0.49340255259141985,0.11162005514941326,0.023357005318916296,0.03131523013575489,0.11571063810501803,0.0730946235841882,0.048005237744871955,0.051116775176844244
0.05008598985125896,0.027375635226866007,0.24249178162199977,0.05987474709507365,0.18735689607167041,0.030566625743101244,0.26470979946291656,0.06400766655271098,0.07353085837440243
0.1567112183326083,0.09416678228609081,0.0993275411489865,0.11323730521480056,0.040575561643702907,0.20546748376678795,0.16479780597188418,0.0790081273592436,0.04670817427589514
0.05365270173328554,0.09518697858193521,0.2533121748268814,0.1423616363666408,0.02757923391970707,0.1640579382387791,0.11903432276710767,0.12584947023499485,0.018965543330668425
0.09069352427763272,0.04222864657377381,0.2050128910008704,0.2772815224469706,0.018523146194235673,0.12505929456003265,0.16186314954892694,0.04314330736266711,0.036194518034890086
0.1638865898723807,0.041026175842653896,0.2157657518706331,0.009582639575919432,0.01627991590286353,0.13784072378934695,0.09450641168366035,0.12475955637688096,0.1963522350856611
0.09202760646040498,0.2865405988899932,0.05828935394719511,0.023602929266760813,0.014151999498369733,0.30219998425010736,0.07148947060183343,0.10201123360469733,0.0496868234806381
0.291622902319025,0.08741991351271332,0.040560839308510184,0.02859042341733331,0.06007541168013945,0.19408889934933712,0.17144691998482775,0.06778033530663503,0.05841435512147881
0.050629948123309086,0.026022407746005113,0.2590543193040709,0.32181430348470336,0.06500677181969616,0.08607217569636004,0.04569346181325937,0.04835854271393092,0.09734806929866498
0.07130024991315599,0.21704629410261136,0.14123580800555235,0.07669656056869632,0.060994984358155056,0.0328764221999222,0.09056669087420817,0.17259960795899873,0.1366833820186998
0.2029945916024357,0.028955135796721987,0.06843250612658142,0.038823304882948266,0.14256538098665125,0.04610647556132827,0.16347407967832991,0.13656073681347508,0.1720877885515282
0.05257383056797602,0.055391066355607886,0.22522974546193433,0.005048174710183689,0.2656169455779983,0.038441267532226785,0.23086366247339085,0.11699090949259716,0.009844397828084987
0.0968010686882677,0.02311967788481714,0.20865678664381018,0.23991673182295226,0.046309007819510084,0.21768176563530162,0.0656337407880759,0.052083752162589765,0.049797468554675366
0.029258424648627285,0.03407717713714539,0.09117386467309459,0.029791734384604637,0.033819081671375935,0.046546981409145864,0.12400622832346303,0.091062688857046,0.5202638188954972
0.05206690547607782,0.0919759191451303,0.19139960662396385,0.08404561878142329,0.062058682763392825,0.09346198288802231,0.187265952592659,0.1392896942877572,0.09843563744157341
0.04240938541161455,0.02838266945016125,0.35382738761393595,0.06428952226110292,0.08921460685126369,0.05377450892855504,0.19854548123852397,0.11111640338386664,0.05844003486097593
0.08923232603071178,0.17383220494065788,0.03623863475534527,0.06824196195024569,0.20653120671250877,0.1263047534680943,0.06109235925611967,0.22594976437750694,0.01257678850880984
0.0785273367694141,0.04809302697915405,0.24784727025214948,0.08392085234296943,0.1523920256820583,0.05032905365112463,0.1579942993091733,0.10093726956742988,0.0799588654465267
0.18999368903201322,0.07518363669883192,0.08574494122790514,0.08046927970308189,0.04346070306771699,0.045671436721380465,0.21786927757535923,0.09198520073580585,0.1696218352379053
0.05804548683232352,0.21951497288841235,0.08563357964434731,0.05379652432416939,0.18532855058073805,0.04910257641348406,0.20256902943433144,0.08623233387306745,0.05977694600912636
0.25794853886309127,0.021197287843485152,0.06825243114776136,0.1581342812576737,0.312094467877837,0.013517240533277236,0.08702661664161537,0.02134836428249724,0.06048077155276161
0.11166878948182457,0.05837195655677064,0.1171112252285388,0.16376859290722892,0.13641458762602543,0.06633431184909272,0.2278186243524362,0.02811031575214307,0.09040159624593962
0.062286249378472734,0.07405466134058498,0.18998851894377147,0.04231179224965725,0.10296865593896626,0.039680393734090935,0.23003752055085494,0.0824261061260109,0.17624610173759056
0.03920311540783179,0.11676189690307022,0.21539778255820385,0.06669314689060478,0.015251601755608864,0.05024083642664867,0.08369214846585009,0.39098179370804104,0.021777677884140683
0.07582780954332366,0.031813782921146845,0.33344080598994214,0.028427263383349676,0.33573420052997155,0.02119814302855653,0.08544985279636326,0.051539402659925786,0.036568739147420454
0.21557748638497023,0.06508822493037189,0.0509124070351939,0.05755459766838539,0.02965395887600246,0.04055612814882053,0.16364091463872918,0.10943689368517469,0.2675793886323517
0.05038899404175052,0.04602019317871775,0.0730782026009158,0.09651625852507019,0.1752820975593583,0.06578552248821674,0.29594269162703646,0.12780526888721092,0.06918077109172321
0.16681703799198064,0.03417099787617187,0.19378350786146056,0.1872875398977989,0.013669193860096957,0.021642424363004134,0.02389752504959768,0.14897421443585926,0.20975755866403012
0.08264169045685688,0.4096446432662253,0.0644252946998451,0.012381181953603848,0.047946748582883,0.01867012259239074,0.11024293902564503,0.24442052514470894,0.009626854277841138
