0.0958072471793312,0.048829408680110355,0.06993821148021562,0.022248788241160583,0.09261831819888561,0.08945093331014538,0.3404652713639968,0.1134206734726149,0.1272211480735396
0.17059122594652654,0.08351826763109578,0.11372811565607088,0.13949904542118244,0.05348601866931337,0.10460332054739152,0.0308367806274444,0.2578456845907235,0.04589154091025165
0.15939346246482686,0.02706448291412621,0.027416924991746656,0.011879829708763176,0.037951680396228586,0.2853794038258234,0.0339148003645189,0.39677007952919685,0.02022933580476925
0.2965093500356726,0.07518568765943526,0.05650232220624501,0.036382965429907245,0.04153487248774585,0.08603917761530372,0.03765975149011868,0.16218621293707605,0.2079996601384956
0.2853911553480211,0.03725050236732561,0.0744290135250576,0.24223767543521357,0.0382871448403111,0.05045298287980147,0.06973351707270042,0.10389055660168967,0.09832745192987935
0.08509499926795554,0.0806018631153353,0.04608096941604565,0.0147510022514113,0.09109733437917959,0.0913067178244672,0.4723069161914169,0.07967664307421161,0.03908355447997682
0.10485068289797268,0.036460407632666315,0.06035326154933757,0.04576659237339234,0.1354696621644506,0.0685200605486636,0.39235309094829773,0.017927221911999792,0.1382990199732193
0.0845692510254696,0.048419939469407314,0.06665612111885152,0.026334800195266888,0.2756679509519922,0.1270068758039269,0.2554144549983284,0.04396331489732547,0.07196729153943192
0.05352257001391775,0.018594553182808234,0.031085418309739692,0.06385468924299116,0.28935423200895666,0.10386711922449059,0.07913978154963228,0.04671632049106105,0.3138653159764026
0.08726579081828532,0.040418628077493544,0.05561453263277097,0.015820067163218238,0.10174773971954443,0.08717392715899823,0.021558920615863786,0.49353283590705194,0.0968675579067735
0.13343385840174035,0.04214824320319946,0.08861474883804299,0.1111735462745485,0.07452511926313665,0.11470512795715138,0.25662130203450145,0.028272641820646344,0.15050541220703284
0.05401489345991004,0.07743599366907068,0.062441180125972884,0.05188704328492183,0.1801650539054304,0.09861016918109877,0.34255369823200477,0.07442362133796655,0.05846834680362404
0.19144826044661004,0.024091331216603257,0.03459868215787707,0.03007890418440062,0.04752367062487054,0.413021692561722,0.10254913070591865,0.024656577299582327,0.13203175080241558
0.09474873015507312,0.0771706575299428,0.0631124807241656,0.12211073898852863,0.12118907802378753,0.08491478488467473,0.19732483550553984,0.04416297036050585,0.19526572382778196
0.05879151062844703,0.024789615425674136,0.03678358964686513,0.026250950177841275,0.17250238574512242,0.4086642249930283,0.028280329183728695,0.0698854819986801,0.17405191220061292
0.15860517200079896,0.0863754329216024,0.05463597095309608,0.02500578250596458,0.039273841996942,0.1178473523948285,0.4051772641885245,0.021258247103188518,0.09182093593505437
0.07672349658068858,0.3929112390214189,0.09682944652805654,0.023740759784913825,0.04526984863523137,0.17213178303873766,0.15748075957118254,0.01065293146413044,0.024259735375640263
0.06030683982792303,0.07141399429618499,0.06004383895267188,0.02711933334426944,0.05169062740308073,0.09673453505512038,0.484081115720209,0.045181797856640234,0.10342791754390028
0.10638254394124824,0.034251106865359204,0.04511641202907627,0.028495831448024155,0.1329035935630675,0.15107767347709425,0.024558629468130085,0.2570298835942146,0.22018432561378573
0.2732947812527946,0.08470830374393257,0.07288817283910301,0.07284005817364575,0.16086808816601642,0.03978164576588736,0.12885531337108605,0.07438641405865815,0.0923772226288761
0.03679004442472612,0.18569915048362207,0.48285470146531173,0.08101460220936972,0.0666590458120874,0.043418050929265484,0.041346667434617686,0.025502836469837198,0.03671490077116256
0.13429371155794034,0.044167459112713116,0.042221362472678214,0.04500193760195977,0.14768400172916638,0.16544887828943103,0.2611405552252806,0.06478250811049217,0.09525958590033838
0.269505914298383,0.04779545590696583,0.06685165486845294,0.16336433677979526,0.12117960452597103,0.019771736814451206,0.013835644630279824,0.03157783227853992,0.26611781989716105
0.08055780597373423,0.035331666568925925,0.051513654955457344,0.13846794130022724,0.07743742802642947,0.16007871682876243,0.25256495038229526,0.16145372282426973,0.04259411313989845
0.07259660094974785,0.06587861546578362,0.05638256603502239,0.016382919596008613,0.0653163251879183,0.09805352309572064,0.4969033873826621,0.08576747412416018,0.04271858816297628
0.12078499934054936,0.024995681578021966,0.06611930241779458,0.29935278033661117,0.11670691029187763,0.06248332956581734,0.15706291277346707,0.013958437050041432,0.1385356466458195
0.05936679263706788,0.06137699776213714,0.041450163812048045,0.042173778896747456,0.0858083341687192,0.2597401501150192,0.3670712052465457,0.014317301813701652,0.0686952755480137
0.05005664274859908,0.06035584810681265,0.7289651547647075,0.025014624506492,0.04175527978820054,0.019931874484245965,0.0246990707565334,0.013788196421922356,0.035433308422486515
0.18332104197849344,0.06265420968682474,0.06476878650250575,0.04606879424642665,0.1522709675043401,0.056735429905259184,0.30773186646120754,0.058719503510936015,0.06772940020400649
0.08696380043050923,0.06652978991580268,0.09863595731168229,0.029931883818807764,0.07749048197407493,0.14213925193450483,0.3953495689711062,0.05792862051950906,0.04503064512400303
0.15397169831847365,0.1286855088183185,0.06228234593475849,0.02227549075999484,0.15710144927639522,0.0972705563233986,0.1991180636438429,0.032751360784426385,0.14654352614039143
0.17519820742830663,0.023599268651420143,0.10503654915452422,0.1389401486743169,0.10271031271012189,0.08859933770039018,0.05654048025285713,0.14578583422943908,0.16358986119862381
0.05100258306477428,0.23109671295724885,0.5567204326142874,0.012521218348408497,0.055336136618242326,0.03563092474049582,0.01661080520320379,0.008016806630869044,0.033064379822470034
0.10605799775764073,0.07164315642461694,0.05492710029470697,0.03421176810298784,0.10955656866524748,0.04088864685585025,0.5275305648338959,0.01576313743078524,0.03942105963426854
0.05740720029694504,0.09182200106224586,0.06169644102963747,0.07292457691678163,0.2014480293274499,0.1674993313678715,0.13824253756717783,0.10683320544710673,0.10212667698478402
0.09017441040814733,0.05746840161654013,0.05486556219106905,0.046525938922789854,0.04023102525716676,0.18066025381882678,0.45155426004590066,0.015232393785228724,0.06328775395433071
0.1924840297540935,0.07950757971489214,0.10707262187050352,0.17147263657508205,0.15290029152525897,0.05000387230709761,0.11460596029154028,0.027879881425127633,0.10407312653640428
0.11239064316998504,0.052073561855605945,0.051973268218513474,0.043880129014557234,0.11133865983237996,0.3083919577056851,0.06368512360457933,0.05723125633157076,0.19903540026712316
0.16082979313861334,0.07694229536095114,0.10373594505131856,0.059220409299405204,0.1712715256848666,0.04942904222115147,0.06317760562850755,0.19390809705427262,0.12148528656091355
0.06166239432777363,0.08465959826313435,0.04772800453409184,0.038368336590878065,0.07042231645732377,0.09491809569145974,0.3991844112486816,0.08467343008347157,0.11838341280318533
0.09024254068754615,0.05054286148046325,0.0692274762391819,0.4660358912745946,0.09780362507748046,0.029748365087787703,0.10918646678722893,0.043852618110998574,0.043360155254718515
0.0562811193491195,0.03674052665045897,0.05791842346341344,0.04402285233857519,0.05276448828890822,0.14762583272198168,0.4538762277579207,0.07626668033775467,0.07450384909186757
0.08474138879364417,0.05616631138239606,0.04193048350024752,0.017113494929493052,0.03788622289114817,0.29822389604849076,0.20168727251535978,0.16832144298736096,0.0939294869518595
0.09604568111323693,0.052600742682810904,0.04926198968060285,0.014389737358818966,0.017700472654787292,0.10117358071881227,0.37180763958486013,0.19842218291468325,0.09859797329138735
0.08788398680209104,0.06847597005346949,0.09336952115353359,0.03450978200803004,0.19523006612043592,0.185351505677681,0.1345865745821926,0.12664812761227617,0.07394446599029009
0.10581879820045158,0.061736756001710726,0.08209120960477088,0.04280699799253276,0.07705257847729871,0.08066905853612966,0.4377971208818443,0.07062952200719459,0.04139795829806675
0.21550297516360548,0.050686243251594376,0.0877283650593667,0.036438189078987625,0.17889217642525448,0.10610104433495153,0.03053003085527098,0.2435134441197743,0.05060753171119461
0.09656680108961939,0.11559205008122132,0.06616785148449715,0.04018127945271475,0.06105449618645298,0.2880302658009702,0.24839964525597513,0.049916132351650995,0.03409147829689802
0.14781103333826415,0.025337239207108442,0.08358173086324694,0.06289519659649341,0.04156860391737236,0.05601066619746556,0.5091497513027957,0.032910224218169616,0.04073555435908382
0.05443739854904334,0.02996669809557446,0.05125114079756907,0.09474004651065492,0.040854036203933054,0.2797953101452973,0.05876812198213288,0.06736944860628137,0.32281779910951364
0.055945603441830166,0.04313845561426083,0.0739036902586024,0.030073666743107644,0.04582385526129803,0.3373090827854209,0.29633257586934525,0.08044929611193359,0.03702377391420127
0.14338751325937762,0.06935214393272894,0.045705771030283594,0.2750472271111184,0.1124629121002077,0.06869424278197386,0.022385085778547083,0.16834300336051178,0.09462210064525116
0.1489748909477622,0.5229171634358448,0.10673860193865475,0.011735159158328049,0.019272819656871994,0.07483993023463696,0.06873004147984375,0.021855565297938893,0.024935827850118705
0.03254929333903692,0.04823946289988459,0.07192223785476091,0.0319287677494187,0.024245329651904225,0.10621873636672428,0.5676187631486459,0.039013593004743975,0.07826381598488048
0.15046981223038502,0.4651916502755877,0.17529464287225194,0.011622348683512793,0.05855654047023947,0.020715167897712817,0.05445202194218977,0.02396745192604906,0.03973036370207151
0.0818742372994361,0.07177946610649161,0.07892745097595912,0.08792914826839776,0.07864107470838534,0.2100101367884447,0.29605500836916027,0.052582685047749135,0.04220079243597593
0.11787748703567269,0.5695763790615861,0.1938811175960207,0.013403812864544415,0.016967333002213283,0.03307780249782826,0.021967194290544667,0.010622933917220995,0.022625939734368907
0.06450182885456718,0.3336810300874949,0.1743491136319384,0.11057388928692656,0.07214164163464178,0.05239073369154184,0.08967482009235699,0.04732942845800931,0.05535751426252301
0.1621148198722644,0.023753804738661493,0.03715964518897643,0.1134490063988649,0.06866104935675287,0.07699234914717573,0.4526824016629673,0.04496211850944847,0.020224805124888376
0.07620296153180355,0.031041418980051777,0.04113993570959233,0.03173077982010604,0.390515758802985,0.017253435277792713,0.18144922663051374,0.012243462529631646,0.21842302071752326
0.14554867894614454,0.08465907149056212,0.06298075955738762,0.054480517674054395,0.11523389036491564,0.11925880315326838,0.2960785151617012,0.09316847465546481,0.02859128899650132
0.08687043715185028,0.06019708370879353,0.050730912459003887,0.02116226887231108,0.1141305443485555,0.18834091499184477,0.3557463710907567,0.04411150422454369,0.07870996315234056
0.11424445039038728,0.10238273539153964,0.09081988576438904,0.13890280246260225,0.21605535263266948,0.030482179617103488,0.06964115745585613,0.15725212846948325,0.08021930781596955
0.21422138326510387,0.048665144231923994,0.07491794080365284,0.08548703337405351,0.26491173216715974,0.019789220696077282,0.044678483285093724,0.03913480372415017,0.20819425845278483
0.26229644090478793,0.14060195275883292,0.06688301679588622,0.09622892998182773,0.13179824425958933,0.0323535155082684,0.06707038604723603,0.11487888956659491,0.08788862417697647
0.09395815936900205,0.1006424617504771,0.051719483677274435,0.08698137024966462,0.13662705789064175,0.07724834213438228,0.19719603720358458,0.10203117561571695,0.15359591210925627
0.15363759046962333,0.07426354073993535,0.05834791331800531,0.07375069363099947,0.11208250806620466,0.2277562608393642,0.06313928743482866,0.08101300384008682,0.15600920166095214
0.06451836885465422,0.48626280959556295,0.24434167436039256,0.033945404234150746,0.06419734756590494,0.02175184887477533,0.04300846489798652,0.01085762719661674,0.031116454419956103
0.1872186371742991,0.03687058103730422,0.048112414651300915,0.47229212286688654,0.07705031490541685,0.021625013394613913,0.04985050259803001,0.014460463119920955,0.09251995025222746
0.13352325046193272,0.032229418714612025,0.04045471031838508,0.021248636231563534,0.03094625640315087,0.18254795042301633,0.4661226821452836,0.02456488903035676,0.06836220627169916
0.04443566584539657,0.15859463063866713,0.60266179213388,0.03260830179891069,0.03048075502944402,0.020716992710188925,0.0440016019429079,0.01891534645880823,0.04758491344179642
0.18889283556240563,0.11094083547023237,0.05089083016669427,0.34530447488864136,0.0459655774249225,0.12627788630477702,0.03934326085907136,0.03306035624577265,0.059323943077482816
0.11808836575911137,0.03855449793527047,0.04725908942130619,0.4871131591012106,0.11333291845290473,0.02504006920087278,0.021814649493258592,0.024740820662083673,0.12405642997398152
0.03390656033367107,0.1351751395838278,0.6525049492090256,0.017799920447939387,0.05271365877095089,0.02507780708147843,0.016323696324780607,0.0076072557245591,0.05889101252376705
0.05565614456435545,0.06298994656759493,0.04880655131684256,0.05208456920420112,0.07015952767767053,0.09911849185640176,0.3499004051200596,0.18063140149678694,0.0806529621960871
0.06615623249296955,0.06868607742888623,0.05706240046503486,0.030503448295256936,0.03999281647559432,0.15061553523811988,0.1265887461856011,0.33637920462659365,0.12401553879194342
0.08942901192672653,0.035364352353837385,0.07055124771092908,0.19324988799505727,0.29076570246038463,0.015498104208178286,0.020377504093480627,0.046683418844200984,0.2380807704072052
0.09953670837135553,0.11339579251337817,0.06247217850946077,0.06933026225896172,0.08295703235279185,0.23247916568026492,0.23882108679300815,0.02636006096986605,0.07464771255091288
0.24602463889083467,0.07001595237424658,0.09689918381270735,0.15038344527153616,0.16052018736849752,0.013874360835940548,0.0972073144087529,0.03609649815423579,0.1289784188832485
0.11912033185814504,0.019609633674854226,0.023686669236901593,0.2130592332346033,0.08230044891103062,0.23248926245097024,0.05880732585203874,0.12945338140088591,0.12147371338057039
0.20137605522132032,0.02843601117787899,0.04670865565662228,0.47045475713527085,0.03365927726074659,0.04890016190237168,0.027851932616909315,0.027711500972231212,0.11490164805664878
0.08597600800353879,0.0887654064600023,0.03642177484223596,0.025518742574810824,0.035263536842608446,0.11506572765530586,0.5360282671707145,0.026463548896977607,0.05049698755380553
0.1177055318013393,0.09470926352629601,0.07493082134556323,0.1160674927327487,0.12179386298279392,0.06527170273227761,0.2125290110186915,0.12708193793169534,0.06991037592859432
0.0414271807505503,0.05308155574555829,0.05724954538099275,0.09562203538031584,0.5240656835599192,0.02674770584317333,0.034693708082438955,0.07343163656710044,0.09368094868995087
0.04750650934412124,0.03965852401219521,0.06642267065546148,0.05373478606390856,0.14630751736896397,0.10415646005228689,0.4361037200134336,0.016958738216532283,0.0891510742730967
0.19729114229869124,0.04564285229203657,0.06331420407688611,0.3224644504965007,0.06824044360767033,0.04296582963748515,0.044047010394291354,0.08396818490320697,0.13206588229323166
0.0941113473896532,0.1324007032939211,0.5191553345146774,0.014188597644697749,0.09352394346014747,0.04027092806700155,0.02496746367809959,0.04465550297597379,0.03672617897582802
0.10881663490690217,0.05583261290114954,0.050403475213061565,0.07933901346570292,0.07121254322315983,0.16813635478819125,0.33653343859249024,0.0750116757171945,0.054714251192148115
0.04750650934412124,0.03965852401219521,0.06642267065546148,0.05373478606390856,0.14630751736896397,0.10415646005228689,0.4361037200134336,0.016958738216532283,0.0891510742730967
0.2593108701662979,0.025748450015196673,0.03405899065284884,0.3680785541772334,0.07620949908369747,0.03536964402102797,0.014755631934134048,0.04903907707049234,0.13742928287907127
0.10925406715933061,0.038214005160664276,0.0433638487097791,0.007006390807341192,0.03395329029904894,0.14967747932769063,0.5370478583172299,0.017316413877853244,0.06416664634106216
0.1093318435189976,0.02628663533901805,0.04796565656291734,0.47037545836372957,0.09005513218237253,0.09193584292671404,0.09239249940350479,0.05594473961475246,0.015712192087993664
0.20192972439502874,0.030442734502444186,0.04690562361270919,0.2501550377292992,0.09256886266248147,0.057374922600843474,0.07380423094642584,0.13779343785056966,0.10902542570019823
0.12738274598977042,0.03868694507076005,0.06592894581820219,0.044296859151979485,0.14243782584903641,0.19151348488677436,0.22721625104891055,0.038893110443197355,0.12364383174136921
0.1266782768553362,0.15579237604486387,0.16631502287730432,0.05489841575065144,0.02518028661516668,0.07061020307030154,0.17367090482369363,0.13487789639600534,0.09197661756667702
0.043627439276226594,0.07169144774900682,0.04281349611883998,0.04096995465397963,0.02990947428936135,0.15325165920441083,0.5681385217022135,0.014885778583162701,0.03471222842279858
0.1160485073340863,0.026315030818111294,0.06291444486477903,0.060235556926520877,0.06475358875730179,0.3012376128425528,0.1130533897196875,0.0510000661141535,0.20444180262280687
0.08245181543387888,0.19942992823265207,0.06586773919437697,0.05841140682293642,0.06389755438073787,0.1251784210822613,0.34266442556966564,0.02274460596110116,0.039354103322389644
0.16610294983469776,0.05008938900701961,0.07383483260766963,0.3714786969188382,0.05077630145549339,0.09326896535876389,0.06790916176816593,0.06255768602408103,0.06398201702527063
0.09807700934250634,0.06301571545812142,0.07193254976619114,0.08067972429839707,0.25068385236440044,0.12266658423442063,0.08945740953244785,0.0803435700042703,0.14314358499924476
0.23301523411716085,0.027204476503653995,0.04544847474476088,0.2928298997994461,0.09510546745033348,0.061832225798301575,0.15007551678749043,0.006292079397388909,0.08819662540146367
0.17493938564944567,0.01900450237494032,0.057927519962126355,0.5248173837400222,0.08481527400627266,0.03262137873135323,0.0375605445519408,0.021273403394994877,0.04704060758890394
0.189202046167911,0.03459636783537478,0.04481302090109257,0.24452177104929393,0.14468081915121722,0.09327292863002185,0.0126754141945684,0.033792793244276524,0.20244483882624373
0.16970567096345968,0.07216469470847407,0.07990254231758305,0.0631766492332597,0.22012977692160798,0.049905525558548845,0.14202293426160964,0.08454641920184412,0.11844578683361286
0.03566262687287521,0.056698824781607184,0.053699869781382525,0.04889645876262377,0.10532817984706695,0.11462377729153383,0.4898612929422174,0.01908837935349013,0.07614059036720296
0.17772511726195206,0.04279722800547566,0.05970000185219635,0.2162186419437476,0.09599151033058397,0.034093034775893476,0.3090148428359803,0.024314040539010182,0.04014558245516038
0.04418193147184509,0.1879936878128277,0.5607267815046932,0.006088748307190073,0.1056437154713653,0.03361388839247155,0.025317245480612843,0.016312633065350083,0.020121368493644057
0.11903201807664772,0.04990713043974162,0.04688011055892934,0.02174934394966362,0.06191323058619189,0.062119383043580355,0.5587996283609632,0.02555862216424207,0.05404053282004024
0.024623091729493767,0.07825747355524043,0.06113688166170436,0.018147027335072254,0.06918979556183157,0.09046218226846121,0.4919922380013125,0.06919749266223446,0.09699381722464946
0.04046352902488375,0.018196877739959996,0.039701349901168026,0.05200118848301776,0.011191191115070616,0.3140295165516582,0.487233045091547,0.012849001200210444,0.024334300892484163
0.2043944308780171,0.04332532859260809,0.026698045927606728,0.04107258245037548,0.038065042244100865,0.1301673375674661,0.023576463367433256,0.31272145998378126,0.17997930898861114
0.27544991181750605,0.05829000553506556,0.04482077104080665,0.3404145862575451,0.14213127216242838,0.07767029671021002,0.012595196357531764,0.01640304505846499,0.03222491506044143
0.06918564149247407,0.04645554934385804,0.06778855533389301,0.12444452543585195,0.04628510290129804,0.1829106072737816,0.3127289355522047,0.04150778058315827,0.10869330208348021
0.18317953520550279,0.11794577724624002,0.06293923327294366,0.07463174125368928,0.058190267319140704,0.13808439605687667,0.242988900038121,0.016809546194697402,0.10523060341278852
0.2788584247668206,0.08956626663544072,0.044970568081421435,0.18871606747348632,0.17331383184002072,0.046085162617314934,0.04962130776337433,0.0463992550569755,0.08246911576514539
0.08568221851406484,0.09071167029835035,0.0708270767853814,0.15858578198356824,0.21774960951000985,0.08802930920619802,0.08623353876424748,0.08661610888262168,0.11556468605555814
0.06430929794338186,0.1002354165386995,0.12410703508382077,0.14822221590029352,0.10852931225224205,0.05298598875014893,0.22545229872397288,0.06296867179187075,0.11318976301556967
0.08461713592737106,0.34659732209402144,0.24083836578232423,0.0513748543144296,0.09582520578439996,0.02721556792900622,0.05080583472785258,0.0215680339159674,0.0811576795246275
0.08155205211879776,0.035014399625760084,0.10138763281552797,0.07274246068935979,0.2583022044246429,0.3335671147184722,0.02840885172317892,0.05875110689708355,0.030274176987176753
0.3280006621031927,0.039389298087833445,0.12236979028064159,0.05822694486486099,0.13605182662908463,0.09008786784374863,0.015398428525709962,0.04130084872667734,0.1691743329382507
0.046720393904043284,0.03836180760362292,0.07160220959779426,0.02731136567050183,0.09289328229616356,0.12201788871942443,0.03292413849820288,0.23794110741111255,0.33022780629913434
0.10430284540885774,0.03380456896131847,0.04609239678770691,0.24948474006500274,0.12918452163190539,0.06700695950891822,0.06256918938378185,0.11024959323872634,0.19730518501378227
0.10541414899451718,0.5253273608861136,0.10137579181075362,0.053716909756647925,0.0750488105416799,0.02028609179766105,0.045395215594353576,0.036647226127189514,0.03678844449108366
0.09302652260951867,0.08797513490955013,0.08831291088680167,0.11083538327116453,0.10284055724218306,0.059131270853732966,0.3384775130585387,0.04609808057534768,0.0733026265931626
0.06650629172575256,0.03487073560716721,0.05380211638340152,0.03479423713925014,0.12910641335237946,0.10870889702554719,0.05154307075480213,0.46391138696287,0.05675685104882964
0.03643646321428542,0.09228374485268181,0.059931384515491425,0.03229367386967499,0.06354378317801611,0.21088610752702644,0.35343772744966007,0.034972439393198336,0.11621467599996542
0.03443521479554194,0.18425130371102208,0.469053630889533,0.011162389743540453,0.10645731166021145,0.011759248799670184,0.024270098939916936,0.020487355301716317,0.13812344615884756
0.03707531521380117,0.29137072698187777,0.1588820549540195,0.05726148664005268,0.15839052042518798,0.057100662142831084,0.06558145557492083,0.018260998081814302,0.15607677998549466
0.1380578926181365,0.07671622417790609,0.059069920289651044,0.0758428960371832,0.11780114814496494,0.1317673136659978,0.23508961050488356,0.08485035844447274,0.08080463611680418
0.121991509969402,0.12415814810607535,0.049204033524516445,0.05540021318374725,0.14163196864294714,0.07092280682862469,0.3610574420269679,0.03592860490972877,0.03970527280799042
0.07825002458834764,0.04596167893165657,0.03870252274753833,0.14993176576703546,0.07732162812345923,0.031127769396688765,0.4803912387554561,0.023997954729250804,0.07431541696056715
0.041393927710180835,0.08103164259524764,0.6819718579254853,0.01516221395480235,0.04263895626285632,0.05097277189444033,0.030830446323074436,0.02261004650519353,0.03338813682871919
0.16003484510558363,0.4654483656642871,0.13007124889629265,0.027604278181802073,0.06601431652572821,0.0193413936469824,0.05636452502509968,0.03887347845662603,0.03624754849759813
0.08084263011942025,0.028937367341819523,0.05567217057198633,0.02490577518834149,0.17086523902809322,0.024921294252765264,0.3921942757204225,0.08013172487957804,0.14152952289757345
0.07345762780364841,0.04856800394157155,0.06354480790439666,0.0948868446432195,0.4336872587739053,0.1836252719586646,0.03909771566431879,0.028971233690638754,0.03416123561963644
0.1816066086546976,0.12685609887848362,0.048810553984585316,0.1985935240055141,0.04000643703112968,0.08466727734925612,0.09823888485970796,0.17392118776432217,0.047299427472303444
0.14403437715716613,0.16684540225650715,0.12772333642061565,0.22869275678555356,0.12035989132287406,0.043247069482822385,0.07587924098974914,0.019375577635437263,0.07384234794927463
0.08518310474483565,0.062376057275067544,0.05915248476615501,0.017725440878034442,0.17192709362925196,0.18100968014471971,0.33923723870146594,0.020275498559608363,0.0631134013008614
0.08334888403733547,0.3373517585818357,0.18540171135496308,0.06136517805157995,0.0733961934987173,0.11943319415866581,0.0646196709304303,0.022037254210119993,0.053046155176352215
0.05089077533183739,0.059778939871061164,0.04879901555319694,0.08024301663085089,0.01895874123228319,0.15045617290937754,0.333110543584644,0.07045834564058599,0.18730444924616285
0.03853798463764413,0.20277796265718487,0.5545700314482777,0.026567533113019463,0.05282118267762751,0.038441347153990474,0.030253769864125257,0.005330217889112418,0.05069997055901826
0.11410473807078403,0.14864430582324314,0.38865338416510115,0.02052010190410179,0.10221294536779744,0.03136558547547474,0.08393132011979436,0.02974311268404094,0.08082450638966249
0.1386017872951961,0.02932961024431349,0.04653531289332802,0.03827748305432443,0.039278226248479216,0.15235434917422921,0.40370668361344114,0.10422065201163082,0.047695895465057626
0.26820452565065894,0.11757832905476777,0.09506288873093605,0.15519220016960752,0.09894639405346949,0.03670403011952041,0.14692091548054587,0.02104566725332473,0.06034504948716927
0.05229841536862893,0.07791054351667659,0.05435224068893137,0.02281642940047572,0.4528255720748952,0.03703141615008646,0.0865066882119711,0.15643909498241226,0.05981959960592239
0.05811981005601503,0.08488291224444387,0.15585056315014897,0.016009071332318024,0.21495657389650705,0.15096913836368472,0.17432694511557975,0.04747587802017939,0.09740910782112315
0.06576979590967497,0.03774418352373927,0.05294008314492635,0.03434196570691817,0.2697486813718297,0.22386147986152105,0.03028900729492957,0.15637246061954616,0.1289323425669147
0.0863970230298811,0.07208058412228179,0.12535973608222958,0.04965099270093468,0.16006543035671336,0.09701329746314398,0.2436664657029303,0.1128364092096374,0.05293006133224779
0.04460127899044609,0.031153837510602477,0.0373266576421937,0.06019458012435994,0.03440933056640554,0.0638112887715561,0.5420780050944366,0.0516871548418311,0.13473786645816851
0.10910669817812234,0.09771848560533637,0.06972181303043899,0.08169917893241221,0.17279701205045953,0.07671368005863391,0.025394484104777626,0.083715892405486,0.283132755634333
0.035001533683993065,0.03801725968144514,0.047166090500831315,0.009539200393413046,0.06237028331060394,0.25073219204470243,0.49731147146366733,0.03766140253714212,0.02220056638420163
0.245646676730241,0.023683813471422566,0.042606241973099916,0.017334918752779007,0.04288326117768665,0.12629315277442477,0.028009517627263506,0.32428679466137766,0.149255622831705
0.15236551639844073,0.06706704493546647,0.060498446010291244,0.38995857129684525,0.1264694440370138,0.0823600337325217,0.024830491518186105,0.025762026316927544,0.07068842575430712
0.15481375346395157,0.07968219457409555,0.06310149579231607,0.06716377769024312,0.05477989918821611,0.046233397249066416,0.38033588902938004,0.07399857915741788,0.07989101385531322
0.15264197153473477,0.028224596532140604,0.06505066551754227,0.06643722752539415,0.19516207540231204,0.09575294913626363,0.0518415281381169,0.12563183369446926,0.21925715251902647
0.07626192073026745,0.07277281065243772,0.042498928642735884,0.13151708284163272,0.07559234802124816,0.11009916375388562,0.3283054301590623,0.042719898360068065,0.12023241683866205
0.28006719968217486,0.04375743268027366,0.05145854139294647,0.16423309584455262,0.1676225117910897,0.09421747293638526,0.027478919982479904,0.03665797795487427,0.13450684773522323
0.08310537510228609,0.04272678547917416,0.03284690496415774,0.061337383988909165,0.05260752204161148,0.3027166460710509,0.2706795600930151,0.13321565645267006,0.020764165807125354
0.08734830099590296,0.06340038182856031,0.06193003732819367,0.022418293286878766,0.1350971555447422,0.10563176107305476,0.3874583940546423,0.03263767329782507,0.10407800259019995
0.30928506134040606,0.04068588702704056,0.05493082888463969,0.12183680284714578,0.2600907979017853,0.08960466225300706,0.027037224276563642,0.03937873044231272,0.057150005027099195
0.06161669204966377,0.07504909698693737,0.052672051614435805,0.0885854740306355,0.0733189160668528,0.10906761097606439,0.48567070091361564,0.013749076112761651,0.04027038124903306
0.05755822830965696,0.03927976395161509,0.03989393674264562,0.03815359699996271,0.22085540364423464,0.15464781122552118,0.1596599398463202,0.2097502853828733,0.08020103389717022
0.07434240477105485,0.023292479205274316,0.058201311590975496,0.011546530418322216,0.15175189006327394,0.215936017085807,0.06998844809020657,0.3069570679916694,0.08798385078341614
0.09225022156021952,0.08799577257799472,0.07559783582084863,0.02997936699968633,0.12131091544482098,0.09413785294709776,0.3066256419950893,0.052759063402522004,0.13934332925172077
0.04937610752074789,0.07807905459835715,0.1186871323752156,0.0813807832390095,0.13993341462544448,0.05729407060303487,0.4180485367644852,0.024443137533470938,0.03275776274023429
0.07043307057934478,0.17985021658230693,0.1874204091984423,0.060358892565069745,0.07275516475711091,0.15599297667549636,0.046360397128152465,0.09386920370938827,0.13295966880468826
0.09836040810445974,0.05156821080006287,0.06426590976353021,0.026866727797777563,0.3569652822536163,0.04004007639774799,0.017471627694693598,0.24805181825521516,0.09640993893289657
0.1365240472348944,0.058152499299282345,0.05487938754867635,0.21969328002209407,0.0666521008526311,0.020834236579318224,0.173088954392244,0.035922086377315345,0.2342534076935443
0.10723022501135619,0.07716349973091102,0.0861357497780355,0.09178732139745371,0.269102122115399,0.07421056101100369,0.14807202216301185,0.10566010861781812,0.040638390175010926
0.018911749925568933,0.19467385847270235,0.6452634371960171,0.013857595557807726,0.03323079283896193,0.025250125379528435,0.014520649750879591,0.031270542090663885,0.02302124878787005
0.3099700997089217,0.047629888591802914,0.040050645319613616,0.10968511691493556,0.0839359156879433,0.12071498520631341,0.10763351899425296,0.04226302278091724,0.13811680679529934
0.1332778287866996,0.04608295898599843,0.0469579100774428,0.03233416912703288,0.14938420623037574,0.2342579531948017,0.06468349917590581,0.10669493236783174,0.18632654205391122
0.038391284270741795,0.04269728690187905,0.04388008368314145,0.012298772431621365,0.10682721536894248,0.1443693509364643,0.2840958262540724,0.2552439440921057,0.07219623606103137
0.19755188803604895,0.0326002932792017,0.0686988624627597,0.03362339377089516,0.05651786155546127,0.17175773493700372,0.13100317262475078,0.16592616730959564,0.1423206260242831
0.05089077533183739,0.059778939871061164,0.04879901555319694,0.08024301663085089,0.01895874123228319,0.15045617290937754,0.333110543584644,0.07045834564058599,0.18730444924616285
0.05842146871518969,0.1036495445013789,0.08591205331867684,0.16080075257136384,0.05833872002446649,0.04901745669453856,0.30458616027880253,0.04278314868019753,0.13649069521538562
0.06508904988156776,0.23797182349762,0.5162086720800162,0.021668584864235122,0.04202549050613295,0.00941148365282803,0.012920588962051975,0.0467006923960191,0.04800361415952881
0.046773578152341865,0.02738443092967473,0.05461584680476928,0.07527809235622546,0.05244588639992625,0.18443483905464367,0.38107743947246847,0.01885826427970791,0.1591316225502423
0.0760561352253617,0.043495025621287486,0.05620269535909341,0.014193130314864107,0.06535063842656107,0.13533063343460924,0.3328534604426503,0.1741164601486378,0.10240182102693489
0.0983369963446266,0.0160381529140589,0.03466557800901642,0.028923596564155597,0.05672442517154782,0.1794793414187931,0.07860900913556264,0.12106630628104731,0.3861565941611917
0.10083535843893805,0.06811238421751936,0.06486137277393811,0.06164389927750389,0.09548145906396673,0.13525207161345718,0.2992186534402648,0.0831818585883316,0.09141294258608024
0.07231513550885112,0.030966467724164514,0.07939897251749702,0.09266644972327027,0.05544923213184672,0.1298517640849556,0.48905730580990675,0.023528517386668554,0.02676615511283949
0.1069314803219939,0.09485859996675806,0.08292486484836392,0.2882770470598146,0.08637299258675772,0.11677460832238407,0.05414325137908665,0.04830540238639505,0.12141175312844606
0.03756683085098963,0.10168527192862524,0.6691709685021934,0.023821309294226062,0.06211936958581473,0.021463791179513667,0.048115310399115284,0.005311981657810512,0.030745166601711588
0.07149040454477014,0.33310209916846834,0.0514425676453382,0.03296488888716797,0.05352263857121608,0.30323137677903605,0.08715733957238536,0.03281501305623283,0.03427367177538498
0.06435755994173045,0.07666443159510189,0.047503396021897265,0.020280635713106218,0.1304975653958319,0.1582912544720214,0.2396408659598285,0.18472322632586377,0.07804106457461864
0.04270010724811655,0.051278447574461206,0.05733516319477356,0.03828259567794706,0.35302654002026873,0.01413256352132358,0.07655865891271207,0.048484464911074054,0.3182014589393232
0.16970567096345968,0.07216469470847407,0.07990254231758305,0.0631766492332597,0.22012977692160798,0.049905525558548845,0.14202293426160964,0.08454641920184412,0.11844578683361286
0.03090542035548145,0.04537115929888901,0.044557763071863855,0.021075414070080428,0.05424058376897393,0.12244467831353023,0.5886244360851148,0.0412064177292113,0.05157412730685504
0.06073460324111216,0.07501171322966378,0.06765570376709933,0.035289228331429716,0.10771117121618645,0.1747513000853215,0.3823269130024937,0.06758851634828694,0.02893085077840646
0.39755962936245,0.042685242101625505,0.036595506537241224,0.23523724328999007,0.029207655932150536,0.0474248128009593,0.031519165639020644,0.10443930888303647,0.07533143545352626
0.11162351353626632,0.01624825210540871,0.04188311500237494,0.017976804480367443,0.04839617829517771,0.35495685747734834,0.07908583337679785,0.16866184810147455,0.1611675976247841
0.10480774514109281,0.03311090947283275,0.06928783046533389,0.06367542391880023,0.09635675388640576,0.13291523037559197,0.026863223441779983,0.17559470729311397,0.29738817600504863
0.022416726226898998,0.12008294118162094,0.5452791956033979,0.03904927319638004,0.08841994973489063,0.019704651042322167,0.04725236579092507,0.01683720279230839,0.1009576944312558
0.2212757549957968,0.023575478959937512,0.05511200536658528,0.43836680572691483,0.044396674974558605,0.026250974105481856,0.01859828509795308,0.010509673301107076,0.16191434747166497
0.1440065824973606,0.06950990098464065,0.061477995554070124,0.04408191224636578,0.1138503518446335,0.2022870571005826,0.1937846357205486,0.07714514221881191,0.09385642183298633
0.1728256540011138,0.0222240813893498,0.09960863339428729,0.276029707159613,0.07921898900889332,0.06504245071283221,0.17951141207897126,0.012103513497234172,0.09343555875770519
0.08577470468270494,0.02672348862077455,0.03506734609695328,0.03393386765342219,0.0339284646344192,0.15602655987612873,0.06274181566576569,0.5468618244687176,0.01894192830111377
0.1338700469169506,0.06685161226204629,0.09393266752628648,0.13769578144411246,0.31210327089850226,0.03678439537046387,0.04877214365335116,0.11710293023683388,0.05288715169145294
0.04283337908540702,0.04277150943656361,0.046976630690154654,0.021701101082014704,0.06810416383104605,0.16205694556967234,0.5493383342515766,0.02622763670829091,0.03999029934527402
0.2192869239151639,0.09017073713502351,0.05487746263941429,0.11620214378171168,0.09043557672867857,0.09724363681164201,0.1734890116338251,0.06007344040264273,0.09822106695189815
0.12696506505296276,0.02636415636475144,0.05727688127454859,0.02093536411073521,0.20443212225987598,0.05087928227461386,0.3050005175455125,0.09715297573830228,0.11099363537869732
0.19262580121216852,0.027800892024316626,0.039459988523209644,0.01525106600548358,0.03350436563059771,0.1967191916889627,0.4129653745433801,0.030716307140204336,0.050957013231676875
0.12642783865126947,0.05257119687367972,0.06851548368011802,0.10829778365969865,0.44583456654351145,0.022846356657918777,0.01275773011842606,0.10201476635103701,0.06073427746434085
0.08158139751662719,0.01523607505929607,0.029917030535149703,0.014171926563688231,0.09731459595792602,0.5105170174220932,0.08572904557287303,0.09197451625976472,0.07355839511258179
0.06192517475105824,0.5432952706767845,0.09292214807369437,0.01756322623269802,0.08963300473056396,0.02556899148430296,0.05029480968282494,0.07636500788054934,0.04243236648752358
0.026512213988432648,0.02578161680267971,0.0824621368760993,0.07657266295132316,0.4098846399662283,0.09876655684532216,0.07816412354280068,0.11925471291042473,0.08260133611668936
0.08187647066504698,0.03471421517749771,0.04108031222084595,0.06326941899771654,0.052760875891764404,0.20702518920277233,0.44166389572336845,0.030337213030823245,0.04727240909016448
0.05407109819996553,0.09223736923634018,0.05243750686191443,0.287044452077771,0.056039881303509224,0.06987310253433031,0.1206832533598019,0.1548146097448604,0.11279872668150699
0.1029286308006972,0.1400268874996562,0.5320502751915978,0.02027233422756227,0.07362524868426201,0.033658218062522706,0.010448564220048508,0.02969207715485969,0.05729776415879362
0.12688768538200834,0.1361987815532044,0.5006475164295712,0.012215631769127377,0.024493327175060847,0.07736021209442447,0.05834594322682956,0.02561648579065667,0.03823441657911722
0.09062214095007078,0.12966144856494438,0.07856742383869118,0.048967526479454494,0.11301621470475127,0.06003732556128421,0.24198347886425395,0.059747255047765964,0.17739718598878373
0.12878448085514596,0.0590635736510552,0.04989380956724778,0.19692932171917255,0.06242015967087591,0.09087962162797403,0.33377324710164474,0.022973499033460378,0.05528228677342343
0.07404794945526218,0.038414392132128,0.06706221429707068,0.10465885802660303,0.04161298332878865,0.326797081170731,0.06557710906995685,0.07864057391362442,0.20318883860583523
0.1352854739799597,0.033521500074847194,0.05712731324835444,0.015543444246879605,0.05800522506090874,0.11506559549127389,0.4300740388440792,0.04587479037518267,0.10950261867851452
0.2791854468898781,0.037740187573064694,0.048447685076815995,0.03296880456261552,0.046689506027990935,0.11783948831420638,0.34615326196899693,0.06381870623673923,0.02715691334969214
0.05450893266662681,0.026650380723175094,0.04393574487944877,0.04409903521652129,0.10907891381829449,0.03865764072856908,0.5169998756320262,0.08041990287081448,0.08564957346452372
0.06029602305948254,0.02831157063970668,0.03003031520013962,0.05248075770665448,0.24584029228035678,0.02545240513247989,0.40562518124822294,0.04098277116369184,0.11098068356926521
0.1384117017330925,0.02921484436722113,0.03840644246138757,0.086849194633169,0.05848187832263709,0.17065948059523253,0.4100942484159195,0.03596245630070662,0.031919753170634085
0.04943798853422025,0.10128694506012376,0.6600695481026219,0.013064101125849036,0.05674313686297761,0.03311924626697159,0.016202781304254888,0.030310121588332434,0.039766131154648554
0.11915291267770793,0.052130452983775555,0.0996721042168985,0.033667457250766586,0.17232925860220824,0.3408671852475809,0.08648013307122453,0.025182476358266804,0.07051801959157089
