0.12752151116497387,0.1367622535995284,0.12406503097205697,0.11798302416079842,0.1299187743031369,0.04312727639096781,0.10478268036387717,0.07937069555159994,0.1364687534930605
0.11202794141068569,0.09998507180452942,0.08957713273220752,0.10623545704011195,0.09434883375620429,0.15837235229858984,0.1270004952169211,0.12319032670783252,0.08926238903291761
0.11588532374575751,0.14249480901907044,0.1010519320638179,0.1341627082286014,0.13410079266595792,0.0408222072738553,0.1071370657029419,0.08448458759590192,0.13986057370409566
0.10769925683298344,0.07270014577714365,0.06488012639549678,0.08270762524413834,0.0997386799898511,0.2159644591663511,0.11270360520006135,0.1632628057018631,0.08034329569211118
0.11263475862779293,0.11182242141303755,0.09534052580234914,0.11856629550454756,0.09769263682484763,0.12366854509719216,0.1293035795761245,0.11455018296290194,0.09642105419120657
0.112973314598597,0.13629257431211253,0.10973439819268205,0.13682185622959642,0.10663739788397375,0.06702487489937135,0.12439751742164169,0.09323346879073768,0.11288459767128757
0.10281787208531722,0.05946822779818117,0.057958478473200646,0.06890162395835163,0.10012395460620833,0.24854807512063656,0.10197993352256052,0.1864817936968861,0.0737200407386578
0.11604643521610465,0.14259121207099404,0.11594299767473831,0.134775883660984,0.11520689752639664,0.05131230578559081,0.11595786825392461,0.08471710862361859,0.12344929118764836
0.10906007532784541,0.07955014989409626,0.07219771159359128,0.08718854121531848,0.09433920422788446,0.2132831317053031,0.11760664275031395,0.1468368396005531,0.07993770368509394
0.08087016686907009,0.03295246436968861,0.05230015874297525,0.04035230821396476,0.10122518296548504,0.3474806815122727,0.07345648987277689,0.22012294043179073,0.05123960702197609
0.11119645434144737,0.11728427761652142,0.08371199771347883,0.13212062068020447,0.1114293844445653,0.09155889665769988,0.12659322089557665,0.11785797246785133,0.10824717518265474
0.11240915695208376,0.14187496447060052,0.09962067801368679,0.1414424244632333,0.1230865846865256,0.04824994904155477,0.11521610194976378,0.08946995364445619,0.12863018677809535
0.12138318848603209,0.1403030815996051,0.10875352529425437,0.125597714766664,0.13579746273166032,0.04012981772541341,0.10445997279144259,0.08174620332593828,0.14182903327898982
0.11240610651888532,0.10457266513937567,0.08957286448403845,0.1121395571365613,0.09708054871119635,0.14168733060733069,0.12806114642305563,0.1214743587076942,0.09300542227186244
0.08746610878505474,0.038079702040311234,0.051424889427844615,0.045814759268085654,0.10251438659087586,0.30309943717009485,0.0792216843455109,0.23208696297373646,0.06029206939848564
0.11685885278979062,0.14019320124570725,0.13082792610923655,0.13004450996534725,0.10543778557576511,0.05947906060839613,0.11912151924004288,0.08303456420577328,0.11500258025994087
0.11274046857483945,0.11838955651337224,0.11258389578780743,0.1196276646901404,0.09329437579255373,0.11440313730256242,0.12979051613219225,0.10290475821242784,0.0962656269941042
0.11470940583983957,0.13911126331609522,0.12157025048086641,0.1336320251706074,0.10518120519697911,0.06294834114756387,0.12205224121692014,0.08719254471187178,0.1136027229192565
0.11978660950281599,0.14043585409974949,0.10385453479500906,0.1271140420895246,0.13919333400540404,0.03891526377449164,0.10360733741466531,0.08250921015182397,0.144583814166516
0.11216187449299224,0.10423859788253566,0.0816737981026376,0.11630951148698555,0.1037545037260183,0.12971551847283722,0.12694100651732307,0.1278004493002325,0.09740474001843775
0.11204514156161512,0.10255010527634832,0.09599105211626874,0.10695948587296561,0.0922775029546752,0.15550583579915767,0.12776027703084236,0.11787990325094154,0.0890306961371855
0.0946740063947867,0.04720313869450261,0.05214137001230539,0.05439024055373857,0.09224300016477449,0.30733342652974455,0.08968684617347893,0.2018128895303939,0.0605150819462749
0.11167122458786642,0.14157698481551792,0.0915717885571737,0.1396607390197033,0.1384677014873683,0.03981365149037045,0.10696077462788177,0.08768379274047755,0.14259334267364052
0.11801932120205687,0.1375491157277244,0.14527793944547043,0.12455668368643953,0.10028657700980882,0.06447002202393759,0.11910861701110174,0.08033213735585601,0.11039958653760462
0.06629238263083276,0.011716654636935421,0.14615203257738565,0.02489316638127721,0.13229725651527027,0.290054833520655,0.08119671279490655,0.14202838287063813,0.10536857807209905
0.1088350797601726,0.07712336529986219,0.06767929625377797,0.08700447864742188,0.099115274304506,0.20632646539052182,0.11574726797817618,0.15610798059181605,0.08206079177374537
0.11160007363086116,0.09945741123805656,0.09643710916302839,0.10305160904388788,0.0904907339415371,0.1670356506244637,0.1268081058409673,0.11856280496146125,0.08655650155573663
0.11114182352457723,0.09197031339178326,0.08363404612421123,0.09838204189438958,0.09336221093127513,0.1817510639492994,0.12409186811332536,0.1305816066830999,0.08508502538803896
0.1143109737314375,0.136880078814562,0.12348825885624841,0.1320828373822259,0.10181267053261149,0.06892854241750686,0.12406552629604961,0.0883823147311083,0.11004879723824997
0.10765520198306254,0.07468880506560432,0.06967472799416148,0.08174774063553704,0.092768884054514,0.23123587664233855,0.11448901451761845,0.15123820725669987,0.07650154185046376
0.12174044781953419,0.1405848698654291,0.1119471269999633,0.12561661511820624,0.13265383054955077,0.04128441365742642,0.1055104422096359,0.08141614255513122,0.13924611122512282
0.11800970072779797,0.14290882394796459,0.11411784884672886,0.13207915659655264,0.12242082680383658,0.04598378187795938,0.11126753479643825,0.08291966991918905,0.1302926564835327
0.07137703665545246,0.02539964791799729,0.07221696772056861,0.03487226146342603,0.1261511858718609,0.3463847521857564,0.06860050457543128,0.19448601920093986,0.060511624408567166
0.11272362659723438,0.1389296677998365,0.1058012472070158,0.1396002915966096,0.11206281023990765,0.05917145325828312,0.12156863574082115,0.09199686001746987,0.11814540754282192
0.10440745066459102,0.06438333201211323,0.0615069866558637,0.07230356570221615,0.09453263814363105,0.25392200971958595,0.10654983576086112,0.17001626562561714,0.07237791571552073
0.11160953277698833,0.09523071484463962,0.08503912201484394,0.10205152020013138,0.09445216217161949,0.17059749693984108,0.1253672000787991,0.12840036970737018,0.0872518812657669
0.08282939958538292,0.03436798760754627,0.051890847565449226,0.04180141436849855,0.10184998163667754,0.33043156284861896,0.07493259546243343,0.22736230976340902,0.05453390116198403
0.10675495597544743,0.07009852462507726,0.06409952548424153,0.07913268124905891,0.09745019671459783,0.2295813678082276,0.11098443142690073,0.16449602178035866,0.07740229493609008
0.09574287981744384,0.047937984050845366,0.05277760225805314,0.05586636810258361,0.09653453292886584,0.290065450025834,0.0905180989977361,0.2064726018780844,0.06408448194055372
0.1196339134978363,0.13480491579342,0.09213926740779244,0.12040024733213599,0.15889507826814767,0.03390300439887567,0.09643209008726704,0.08330007310735965,0.1604914101071653
0.12380733255639387,0.1318760903150826,0.09483351541147889,0.11455569359640187,0.16091655119729276,0.03395034494217946,0.0958522515283159,0.08275876157813387,0.16144945887472073
0.11132787953804617,0.13701738212670633,0.09746025739629542,0.1423232914919226,0.11563885370778341,0.05891974929847773,0.12155510818600516,0.0959578857681444,0.11979959248661885
0.13510976008945652,0.09442213423665295,0.07177672475479516,0.07683380077593129,0.2208488796633746,0.028253203687849046,0.08945545394652986,0.09171678950159366,0.191583253343817
0.11181435882739127,0.09694438324284434,0.08575976642746595,0.10397967147719255,0.09502493687333187,0.16488418720711318,0.1259647400785686,0.1272471734919677,0.08838078237412465
0.1122704740430139,0.10805903450650693,0.1041388454954119,0.11079045206337229,0.09147234075972104,0.14231506851402123,0.1289266692428259,0.11118233663663883,0.090844778738488
0.11279030580657752,0.11921606266746425,0.10928791910993023,0.12160124936497359,0.0949647883801481,0.11066223680179706,0.12981186310121454,0.1039892582054369,0.09767631656245786
0.11271126303184525,0.12840761558509195,0.10697278192878336,0.131762496136943,0.10147521621939275,0.0848910841571026,0.12817831037742636,0.0998475378829519,0.10575369468046279
0.11139364708011341,0.09378750838263916,0.0847924755411854,0.10026180441157752,0.09371066969716986,0.17606065036449614,0.12483353278561578,0.1290326865776278,0.08612702515957489
0.11406988880238712,0.13740689498008035,0.11973727985138354,0.13366642946382373,0.10360409866942603,0.06705249039163914,0.12378526151081719,0.08919085208422506,0.11148680424621782
0.10169208866473291,0.05770985136261101,0.05726750483251702,0.06624664206976522,0.09709866796847429,0.2628868242440477,0.10048703974071545,0.18609562044587835,0.07051576067125809
0.1080733918147146,0.07641821496929235,0.07134660216496203,0.08324151134310888,0.09240457506083061,0.22745039755101112,0.1156585790984473,0.14828765507840513,0.07711907291922797
0.09179889731994269,0.042849333216577655,0.05125833002235657,0.05058974893070825,0.09775474152500015,0.3006775912858933,0.08478044157682928,0.2190967061771043,0.06119420994558775
0.12362512069248986,0.13944624480479775,0.13364320649639308,0.12265321010168961,0.11673532902016048,0.049136689606015915,0.11012760745806587,0.07897127947178151,0.12566131234860586
0.11316323775205349,0.13952399251897088,0.10834474349109562,0.13875958909860675,0.11142491521892695,0.058759191826404655,0.12125516996636852,0.0907257630986698,0.11804339702890342
0.09908078684965695,0.05254147598003602,0.05484802683790362,0.06132344083711095,0.09946063393149031,0.26815585480799753,0.09533124099152811,0.2000501153983334,0.06920842436594304
0.12525631356316055,0.12651244598738895,0.09007431541556214,0.10814507414228584,0.17197761436843173,0.03224238714711077,0.09302634282033702,0.08352895367028657,0.1692365528854364
0.1191706531768189,0.14203764282691103,0.10911901741360415,0.129663587254327,0.13085583627844305,0.04191691739290646,0.10713969056993956,0.08247964270569873,0.13761701238135118
0.10906811978653543,0.08142144632387538,0.0770912572440381,0.08728049747944984,0.09103899777634651,0.21700750461369914,0.11876595877330422,0.13966098635872806,0.07866523164402328
0.12518300716805683,0.12084234554878154,0.08429441324733696,0.1022688132341776,0.1842519040960233,0.030544075879424076,0.09019473014401652,0.08469395720774586,0.17772675347443734
0.11296522260700596,0.12370833442360878,0.12438215395169853,0.12144860821520387,0.09224040914782339,0.1027601702920848,0.12906051964414192,0.09565108015157935,0.09778350156685335
0.12917664813429386,0.10568014360090701,0.07598130128895052,0.08684463087677431,0.20801448391152774,0.028571435188400583,0.08765647945997407,0.08816486833542868,0.18991000920374326
0.1128307253353888,0.12933807787721516,0.10936005263536257,0.1316687235710955,0.10097858810722926,0.08365280356148697,0.1279949371156425,0.09835034659953741,0.10582574519704195
0.11253028137488325,0.12019360182102083,0.09764789418082369,0.1273307251946845,0.10130064310125786,0.1006815491430344,0.1292175196168688,0.1088680082335954,0.10222977733383128
0.08986529860168768,0.04121430391078326,0.05024651479219655,0.048422207476223646,0.09394236557693714,0.3200776409553456,0.08282828578721944,0.2164354437029766,0.056967939196630124
0.10476832541481572,0.06613525843160108,0.06365957515498304,0.0731705076141267,0.09205201674733872,0.25722697537405065,0.10804618482728962,0.16332030069557932,0.07162085574021518
0.11391988555680765,0.13490139841330762,0.12299471419084373,0.13112362093572558,0.10001766499467533,0.07380189569611591,0.12548101460704045,0.08994670016029273,0.10781310544519097
0.11160211724602986,0.1314354664080427,0.09696698926038587,0.1388865799447301,0.11004259116608406,0.07131303210885698,0.12551079542725604,0.1012261819266621,0.11301624651195237
0.11259900775981795,0.12034293519410529,0.09921125340153795,0.12678326150558333,0.10045569390866133,0.10149623145309179,0.12934655816686533,0.10803954216833754,0.1017255164419995
0.12540016375216548,0.13839989302013034,0.11969372304171243,0.12074025668616528,0.13075874357614517,0.04241017846977799,0.10507796347516442,0.08003111856692473,0.13748795941181424
0.11263319845426444,0.1291966839527159,0.10600666691945863,0.13287715941458914,0.1025206848096512,0.08243704889621493,0.12783990364350295,0.09969620632551118,0.10679244758409163
0.10547339146822475,0.0670798389904537,0.06311993202406922,0.0751169516145876,0.09485815779152308,0.24566200787542916,0.10876420274930158,0.1658944386899969,0.07403107879641406
0.11575145768064933,0.14301170787700015,0.11150823706809813,0.13574256420861974,0.11914190468609824,0.04865621610942211,0.1143580787441359,0.08502254438639929,0.1268072892395771
0.11275463236180734,0.12095075437692719,0.10445414491840872,0.12524841343416285,0.09804255710060346,0.10328049132296145,0.12960247949292225,0.10528467295272652,0.10038185403948024
0.0938913443635445,0.044658291743458145,0.052516615620245656,0.053293044686799386,0.10351232039447518,0.27565430378923145,0.08680766833176605,0.22263479125933058,0.0670316198111489
0.11162485264339106,0.12804059724678746,0.09473757788723423,0.13700172923621912,0.10891115225371627,0.0775783638360706,0.12662824594881758,0.10473330211346837,0.11074417883429533
0.10602362903226087,0.06918170741301148,0.06524246970886871,0.07660137320800076,0.09326566782417145,0.24498226303028628,0.1104622801475234,0.16020478094036925,0.0740358286955078
0.11092578163526244,0.08882442845440962,0.0776292207889542,0.09713929486228391,0.09621829070016562,0.18340904865639485,0.12252971965823604,0.137778234162562,0.08554598108173132
0.08212957103040842,0.033750289702700144,0.05260165325084696,0.04126400524025373,0.10387325191437691,0.32861090067962184,0.07427289369993818,0.22839511922536335,0.0551023152564905
0.11688230725158459,0.1413076516209848,0.12595919761693444,0.13157224565413064,0.10887203873990992,0.056068249382609375,0.11784352403533853,0.08337028472353718,0.11812450097497056
0.09602129733276993,0.04706171060018233,0.05357571998068541,0.056520581909048274,0.10701633838625137,0.2578316635063876,0.08934623912379484,0.22108892137110137,0.07153752778977888
0.11165939371154911,0.09406411712395672,0.07906853172899958,0.10368422866020732,0.09881882726081975,0.1638476232607782,0.12454300090119097,0.1346644084696708,0.0896498688828276
0.1084646098275631,0.07543112286984155,0.06625249329656034,0.08575151908091028,0.10024475612499166,0.20748042913780607,0.11452813791148608,0.15979820167687456,0.08204873007396642
0.08636775606756734,0.0370426798935195,0.05171833637055633,0.04476141249694948,0.10378832746816175,0.30420556546944444,0.07801375784565737,0.2340233908000168,0.06007877358812693
0.11162907743126828,0.09463978100923304,0.08276010472162192,0.10236491412051292,0.09579441814238432,0.16920061860320254,0.12506241229050144,0.13067550916087933,0.08787316452039624
0.11263451792896646,0.12110555414788764,0.10070260471143531,0.12696650780652408,0.10007477035508328,0.10045692047404757,0.12936923465571873,0.1069063794960458,0.1017835104242912
0.11196382699872853,0.14194665231487838,0.09322530122367147,0.14005079856537275,0.13559487902919382,0.0410061857744573,0.10836926622462321,0.08778441066795234,0.1400586792011221
0.09550954359308672,0.04780572601546751,0.05262471469922337,0.055529232700390896,0.09534376034180055,0.2945862691013172,0.09037635286175337,0.20509415118672128,0.0631302495002392
0.12730531342274135,0.12432138315414372,0.09034027950289147,0.10516824566168341,0.17402650247990178,0.0321972286874637,0.09289522041708004,0.08367834720476262,0.1700674794693319
0.1119852605723542,0.09861310246889189,0.0792935238296703,0.1100576690090413,0.10215853677191189,0.14557269785315685,0.12567344215484993,0.13272231618555266,0.09392345115457097
0.11120621305040895,0.09183490583047253,0.08225137704504776,0.09883688204634504,0.09429891462084185,0.17997792353716968,0.1240028846337801,0.1319547931602513,0.08563610607568271
0.12684830494940547,0.12481416777961778,0.09028831780776965,0.10581744399796605,0.17357796826961894,0.03220398500948798,0.09291264302736783,0.08363825321953251,0.1698989159392338
0.11006431614032262,0.09307378847368114,0.09983995419837806,0.09459266613028876,0.08614098339563432,0.1932505323312662,0.12402318313702554,0.11803774612146017,0.08097683007194317
0.11472714573198606,0.14272308740617012,0.09976643629583037,0.13629430920661545,0.13275127614415513,0.0415671777940406,0.10834283592072615,0.08541522300716588,0.13841250849331024
0.11281044814293738,0.12777160757615233,0.10870388156526445,0.13048855597589648,0.10021701615153712,0.08731187354276004,0.12846611610350775,0.0995826132091368,0.10464788773280764
0.10934666034512651,0.08125069351019634,0.07427613952179352,0.08840041792992333,0.09349276316935584,0.2109161177274387,0.11865498293801068,0.14347141171324038,0.08019081314491476
0.11281407590983515,0.1206528123186229,0.11622258906506933,0.12084627033689326,0.09317171478378332,0.10921221900295823,0.1296454244101123,0.10032003379771672,0.09711486037500887
0.09015635921033029,0.04129539502674697,0.050584853068150665,0.04870891578694764,0.09582465838576566,0.3129298219265066,0.08295063785229502,0.21913387303346532,0.05841548570979183
0.10197834099474923,0.05942134013890279,0.05890067431658419,0.06672836622414739,0.09251165797973315,0.27389456349876334,0.10217826950047959,0.17612437218986385,0.06826241515677652
0.11615681006029775,0.13673666672444654,0.14021949797600008,0.12639599678159807,0.09849028006424099,0.06893950195093031,0.12194524903612043,0.08290015276008077,0.10821584464628493
0.12214136802830226,0.13644921569236615,0.0995381473881853,0.12063160588283763,0.15021824554767607,0.03604553504174833,0.09922460465013921,0.08234181257446564,0.15340946519427934
0.08852361868838705,0.039204475289806286,0.05110197253324308,0.04689534606168084,0.1005317482118338,0.30471035506015626,0.0805317473828052,0.22854738127666896,0.05995335549541847
0.10822894890757985,0.07798880225576622,0.07435262031308816,0.08391312551282255,0.09071656962390905,0.22776171232494266,0.11666493735725449,0.14358557356396953,0.0767877101406675
0.11067003322410703,0.0882468394311351,0.07962646407588804,0.09526812802834454,0.09392468841216951,0.1905630279891677,0.12238233341879834,0.1355606160010927,0.08375786941929714
0.08541964585818584,0.0365167608294543,0.05101884588401573,0.04394709465156824,0.09996713121458396,0.3210056557107067,0.07736148435250459,0.228431727453954,0.056331654045026554
0.06874397723859847,0.023101485044219702,0.08563004888410858,0.03364683978556979,0.14134125453636648,0.29605703634331604,0.06768937282140418,0.20182882554994683,0.08196115979646999
0.11148348796295972,0.09528258894023305,0.08745328300223876,0.10107841231566456,0.09288916365711745,0.17379747363088935,0.12543095665815057,0.12632528987574848,0.08625934395699815
0.1256137753648036,0.13793125445197915,0.11703694520191694,0.12014999845722306,0.13368630497731865,0.0413321338424842,0.10410824333736794,0.08027206666519665,0.13986927770170973
0.09362644152021847,0.044556080854215786,0.052217845385494344,0.05291080797046036,0.10142257689157141,0.28286245637680424,0.0867196592067392,0.22035482603027454,0.06532930576422177
0.11023097508957137,0.08502806929367973,0.07582194526880003,0.0928357282715655,0.09503273331312524,0.19651162141208042,0.12070289454177392,0.1408343740588584,0.0830016587505454
0.09387234687121244,0.04527578030575768,0.051980517237822044,0.05323393215060601,0.0979439473159996,0.29258966407734127,0.08755328868612923,0.21431795141349705,0.06323257194163472
0.10281787208531722,0.05946822779818117,0.057958478473200646,0.06890162395835163,0.10012395460620833,0.24854807512063656,0.10197993352256052,0.1864817936968861,0.0737200407386578
0.11104926059849014,0.09654927012801105,0.07264011452455976,0.11351206986650648,0.11178637237192363,0.12970247051931444,0.12280175435506537,0.14179326576289178,0.10016542187323736
0.11287415662550608,0.1279860297713619,0.11015146651377301,0.13013550032221965,0.09970417685410571,0.0873934849967451,0.12845888170808975,0.09889413595509328,0.1044021672531054
0.11254327387037331,0.10807799533682359,0.09219364405948945,0.11536756782699446,0.09744682347330864,0.13270242844466798,0.1287608437496149,0.11819469773094421,0.09471272550778341
0.1159334646939738,0.1383360998846643,0.13313390543937179,0.12925013876976846,0.1015327146497637,0.06519855624447456,0.12155196473752361,0.08405606877562795,0.1110070868048318
0.09313267803616376,0.04419471214487548,0.05184894449706214,0.05225327020870535,0.09939835110826457,0.2907792911679073,0.08632462701837358,0.21856207713006456,0.06350604868858319
0.11152248946081134,0.12647088483538996,0.09277754468626798,0.13652862433585858,0.10928315384299477,0.07958688000393975,0.12677532898193355,0.10669499677901528,0.11036009707378869
0.11136094913658605,0.09624727124141831,0.09191758712448063,0.10062825288563304,0.09095520792422625,0.17508866791389607,0.12575952186073355,0.12259743507037084,0.08544510684265537
0.11281925952413219,0.14044455403928244,0.10475674195281277,0.14025908409089513,0.11522902071741341,0.05497443379649678,0.1194864477499233,0.09061971809759382,0.12141074003145023
0.10862987817404075,0.08260841703804055,0.08409659430169662,0.08632859392986976,0.0873370862380879,0.22287377080644463,0.11920862499122109,0.13204379850215983,0.0768732360184388
0.10690065491526218,0.07484326160365873,0.07475127914209583,0.07966641189137375,0.08795620616507512,0.24475559267330557,0.11445137907232156,0.14322313373786652,0.0734520807990408
0.11259899219164819,0.1260658981934911,0.10374873660968609,0.13084290647377686,0.10155380344850688,0.0891338223053109,0.12863548502418534,0.10260498778295123,0.10481536797044332
0.11342308877584321,0.14128637000535443,0.10699972058430995,0.13932003335644388,0.1154590572840532,0.05368128084973937,0.11857922550672918,0.08907870583867201,0.12217251779885463
0.08732465872373955,0.037553204709142994,0.05249967598451368,0.04564739461659049,0.1085996018825492,0.28519976287451176,0.07863728583724723,0.23988332131191545,0.0646550940597896
0.09482394831807005,0.04710785508912907,0.05222272754234406,0.05456871717996851,0.0939268730553004,0.30152875402812657,0.08959940227554357,0.20458985758289014,0.06163186492862759
0.10913764836323103,0.07884862240333283,0.06969392293257647,0.08790625641882299,0.09726981849529588,0.20699901355701664,0.11699832819720461,0.1515486178870449,0.08159777174547463
0.1117262390527405,0.1076465564702823,0.11462555129469292,0.10740854126865153,0.08777050571083796,0.1481255136934541,0.1283844344434716,0.10600225022648112,0.08831040783938786
0.11179543964634509,0.09544077472630863,0.07942923462338625,0.10541036423944318,0.09950024602880973,0.15891565693052137,0.12498328401703489,0.13380695798014744,0.09071804180800348
0.12085838491197483,0.13673961654763025,0.09739580511061985,0.12183707883819687,0.15144296801132054,0.0356317987088246,0.09891762125121657,0.08269551615608702,0.15448121046412944
0.1127797317816752,0.11903981041036804,0.10636021661698987,0.12245342995664148,0.09609760781108512,0.10973470024217968,0.1297969041521966,0.10540247092830024,0.09833512810056373
0.0873104787335325,0.038113746211768836,0.05101214274079377,0.04568646940989415,0.10029019993763207,0.3107278855547024,0.07924206855182993,0.22904254725287299,0.058574461606973306
0.11528861398858115,0.1349672162316435,0.08636289821797916,0.12412707255387538,0.16279232945347347,0.03280234926468771,0.09516200326955492,0.08447908642865824,0.16401843059154628
0.12330283715591578,0.13492850557642805,0.09902738869569415,0.11820737651764938,0.1530042421538588,0.03552475766514939,0.09824875142908436,0.08228942644950242,0.15546671435671772
0.11196546250729857,0.1411755639872775,0.09878162235367272,0.1421994556726162,0.12185261966587901,0.04978304440235601,0.11643019716305732,0.09070800131476509,0.12710403293307745
0.11107401743140294,0.09099452965376707,0.07178477513240043,0.10540074894092734,0.10734174009338633,0.1514264120307868,0.12182356812236965,0.14574841163812183,0.09440579695683764
0.11416975483798746,0.13227073725468455,0.13446359707914193,0.1257614607400546,0.09493347197963198,0.08137672154154997,0.12601301314709903,0.08768896925724384,0.1033222741626066
0.12321205919190496,0.13481174521384795,0.09861096523061104,0.11812876351585722,0.15352811989304269,0.03539738915773406,0.09808673452565292,0.08233916158318123,0.15588506168816785
0.1289027744737439,0.09441065577955728,0.0688506561683372,0.07711575688343224,0.22736936596545557,0.02708077682717297,0.08583778837020738,0.09188798021690409,0.19854424531518933
0.11924231240407555,0.14214450121712927,0.11029572706658712,0.12971766659167397,0.12957933382769538,0.04244492196745031,0.10763037428978613,0.08239175863719675,0.1365534039984056
0.10038855241615174,0.05547920524262767,0.05619965014633579,0.06361584864359505,0.09583200567851051,0.27286916388425464,0.09837009379624863,0.18892989886749115,0.06831558132478485
0.09334669713155176,0.0453602707500488,0.05142229060242043,0.052600490823984734,0.09288850646852247,0.3102652857920704,0.08762170317432201,0.20686355484662258,0.059631200410456685
0.09920829247313064,0.05213365180144186,0.054956295341637325,0.061794326902537756,0.10406641952028685,0.2542288047849844,0.09473347426952511,0.2064032346718625,0.07247550023459354
0.11359097427669847,0.12982898220888434,0.12941643109727857,0.12539459848667708,0.0943935995113238,0.08736123394475999,0.12743478332058317,0.09077321473252381,0.10180618242127082
0.08473958494131023,0.035880854809444536,0.051367898532738425,0.043347847484473984,0.10120727675720627,0.32074922131480915,0.076636166938932,0.22964292328935912,0.05642822593172625
0.1217593746203756,0.14111081286111074,0.12541415399233072,0.12596477916962867,0.11969277891744767,0.047232630910498195,0.11017651256949475,0.0803091830550911,0.12833977390402254
0.1148851353045484,0.13551867185781308,0.13375243616713983,0.12797934940085495,0.0979131395974448,0.07294524922756543,0.12415115590727117,0.08594238907257279,0.10691247346478955
0.11278943656519892,0.1387473464685723,0.10643484691091226,0.13929057328455494,0.11141315347899983,0.059883135531372034,0.12186128730097834,0.09200961309204347,0.11757060736736795
0.08662635246967261,0.03733729199256633,0.05148618709582281,0.04501098892696118,0.10268039814179125,0.30641912173669483,0.07834991505230153,0.23254036934227243,0.05954937524191712
0.11221530255885694,0.1357029788248171,0.10316954981120591,0.13915325537853132,0.10978493390293668,0.06543178636809562,0.12403286405854087,0.09571388179728803,0.1147954472997275
0.12259688478225202,0.1390641779666347,0.10807969803088942,0.12328457946803402,0.13885916527948017,0.03921806148252089,0.10305925477615903,0.08153702984288788,0.14430114837114186
0.11206950098655442,0.09897774163123617,0.08130553633033263,0.10918630044711804,0.10020351613192058,0.14886098384205781,0.12610841317191956,0.13056130637236005,0.09272670108650065
0.0847986781710129,0.03527814947164861,0.05380871636491008,0.04333673115291369,0.11344930293115228,0.2825591973123045,0.0760342025199149,0.2448694796064751,0.06586554246966801
0.10778232443262885,0.07435918689575101,0.06813955127297748,0.08227141882334654,0.09467568443887231,0.22651708493940118,0.11420995032654406,0.15442426375215945,0.07762053511831908
0.10547339146822475,0.0670798389904537,0.06311993202406922,0.0751169516145876,0.09485815779152308,0.24566200787542916,0.10876420274930158,0.1658944386899969,0.07403107879641406
0.08047851600816454,0.03237659193501191,0.05460116241517813,0.04008999369602014,0.10901296069358853,0.3239299505075131,0.07286769907431308,0.22982339131171772,0.056819734358492746
0.113042117303274,0.12529748370724078,0.11941436427890025,0.12442988763406669,0.09457816452130464,0.0974384770845712,0.12905287435313606,0.09680261326934368,0.09994401784816272
0.07994872184593067,0.03195179446098598,0.05538450556517546,0.03974015409922168,0.11093010176625484,0.32173392768699177,0.07245394089580558,0.23022182882547063,0.057635024854163476
0.09592742652974962,0.04897480509822421,0.05296816276986508,0.05617859758679988,0.09216154227710709,0.3027674038557957,0.09163693759675313,0.19771180141083747,0.06167332287486774
0.11890294377914579,0.14249890354781009,0.11207880199494512,0.13050971960026822,0.12674877875940535,0.043711808544756425,0.1089502481560356,0.08247203739235008,0.1341267582252834
0.11635860223249424,0.14225131153651716,0.11917843702621711,0.13378350536430753,0.11301938512473698,0.0528375014225086,0.11664973179710787,0.08428812227493844,0.12163340322117193
0.11269187747626497,0.13253953507223856,0.10760489670079636,0.13506619988617918,0.10426220564693651,0.07505308666823701,0.126529698331409,0.09680163577848612,0.10945086443945229
0.10889510244733104,0.07738649151575333,0.06786733952842629,0.08724358776409304,0.09904834933393569,0.20583321432196403,0.1159221986186816,0.15566344643065835,0.08214027003915657
0.1131533648894601,0.12717667609568628,0.12035333449290835,0.12587287422379026,0.09535419568374548,0.09273113466924465,0.12864589380902447,0.09547223877057164,0.10124028736556874
0.0817878320222896,0.03346485190002531,0.05293201667564251,0.04101083871299198,0.10471496322008157,0.32828895422953525,0.07397291490975662,0.22855422563367886,0.05527340269599834
0.11101182652736906,0.09119954362709883,0.08335104252697362,0.09749092177437291,0.09306454992712217,0.18453203716639754,0.12376462311402707,0.1310424393049784,0.08454301603166038
0.11177016016487103,0.10496952974563283,0.07886443911644286,0.11961158334715304,0.10799352774853975,0.120079535778088,0.12610783011157986,0.12984714766020808,0.10075624632748459
0.11476787426114422,0.14292910742440837,0.10118595337833414,0.136670598746119,0.13046236641260892,0.04260325116088582,0.1094535704067604,0.08551072272049061,0.1364165554892485
0.11209216085567442,0.09995195412790892,0.08760165445532624,0.10707030967498228,0.09561068506733715,0.15595663019519998,0.1269218845973251,0.12472359745761424,0.09007112356863173
0.11450063638453217,0.14306555902874465,0.1043438394938106,0.1378477401285081,0.12446971373323627,0.045881413002315095,0.11267157425935825,0.08619777705802774,0.13102174691146717
0.10418805696019207,0.06454566690670042,0.06240280702972028,0.07171298952709038,0.09231732498741413,0.2607221106261732,0.10672097559076399,0.16644013138436628,0.07094993698757934
0.10784058839092864,0.07432753270661946,0.06772535198466939,0.08253587884791885,0.09535521840710466,0.2245957269491957,0.11415773656252548,0.1553931845751008,0.07806878157593707
0.11512381370258895,0.1429877982461634,0.10228680254031201,0.13619825305245017,0.12982403971564097,0.04282134530687368,0.10956557661768936,0.0852290410670891,0.1359633297511923
0.12469935632490044,0.1283137120722712,0.09143323168568374,0.1102821491639373,0.16855303737029956,0.03271488051113897,0.09382016995305309,0.08326589332046035,0.1669175695982553
0.11291717860602467,0.1425384864886129,0.09936674217108375,0.14032528818570353,0.12643582152506452,0.04552427870765798,0.11282805706283507,0.08800162381527214,0.13206252343774544
0.10660517674090593,0.07914561087317618,0.09033047290251343,0.08085504111429592,0.08292798202474652,0.24381537332902395,0.11638469472529385,0.1274963894056598,0.07243925888438442
0.08963309700529255,0.03995881207587897,0.051786702712487365,0.04805157672383099,0.10424322085472691,0.28888067827578184,0.08143281209931431,0.23237359229147936,0.0636395079612077
0.1140415031543069,0.13487780794349216,0.12479743836809642,0.13050429419746568,0.09945618838553676,0.07410888827102853,0.12540373154083348,0.08935967678706153,0.10745047135217851
0.11200302461207734,0.1007202029513904,0.09219757625189112,0.10610287429909,0.09324525205725653,0.1585752732325126,0.12725103593483153,0.12103866782350288,0.08886609283744763
0.11190860733767732,0.09673656339012345,0.08036031942843373,0.10664183900480763,0.09950294538939246,0.155750611459596,0.1254532706084743,0.1323628946690266,0.09128294871246856
0.09664998534393547,0.04949037346013263,0.053318904114656694,0.057231497304455974,0.09501247228518883,0.2912354238466272,0.09220979990527411,0.2008283776068841,0.06402316613284509
0.10724908790402377,0.07133832110865057,0.0643574405208817,0.08097542386600093,0.0989246369898289,0.22189565540247425,0.11179536267109025,0.16438533819539,0.07907873334165957
0.1118910879209008,0.105742108596152,0.1067999918116226,0.10733337348230672,0.0894124845469912,0.15139914338834723,0.12831504481926737,0.11054653958510098,0.08856022584931104
0.1162963204640307,0.14297596762969156,0.10507644855075045,0.13440353834771046,0.12912845070042656,0.042912577298522304,0.10924780127204735,0.08428819318173054,0.13567070255508998
0.1226541245038844,0.13242328891261348,0.09367802466253627,0.11576328678089294,0.1612090865565738,0.03376101822976731,0.09571816397867668,0.08291973905840705,0.16187326731664806
0.0772608142058981,0.030029767126647275,0.05857694093340623,0.03809765864801272,0.11516659157751585,0.33106592374121907,0.0708040711785299,0.2219411524336973,0.05705708015507355
0.11250164955480714,0.11791749612443377,0.0950563997150729,0.1259720348284782,0.10153542655553427,0.10488208907128505,0.12918721812556308,0.1114847551070373,0.10146293091778834
0.10643237307300359,0.06868380379277045,0.06274529813749642,0.07840469245237015,0.09942023706540305,0.22726742880028317,0.10976512250070836,0.16918846945353125,0.07809257472443352
0.06983153665892199,0.024136512281790156,0.07978786340669451,0.034222413138715095,0.13565460761168033,0.3146107224169111,0.0679429765201254,0.20040520231608636,0.07340816564907504
0.11419918188111568,0.1398610643853991,0.11561019256425668,0.13603135737499836,0.10842871210524326,0.0600147245698501,0.121317364224185,0.08832969129164714,0.11620771160330468
0.11174958381343587,0.10042353081850368,0.09635332851017207,0.10424781835156104,0.0910159715577299,0.16344538738656925,0.12712752783227912,0.11832680231460424,0.08731004941514482
0.11407598702071087,0.1316083694042887,0.13506282843008255,0.12512132848286614,0.0943180901183513,0.08309357566709615,0.12625229274439206,0.08785390145259168,0.1026136266796206
0.11258003407607793,0.13075635788070747,0.10583693214111219,0.13432245369770826,0.10377031662052998,0.07851610859456132,0.12720944376381874,0.09869189639623029,0.10831645682925377
0.08414659649810802,0.03581649590306487,0.04998084990614767,0.04291012409341614,0.09516187830733243,0.3440613971702939,0.07650104917701979,0.2198294459601082,0.051592162984509034
0.11280153558648005,0.12064483137901406,0.10715629789560648,0.12388986060016906,0.09662791076953424,0.10559875046307977,0.1297101229970237,0.10423500178642191,0.09933568852267079
0.1118502229484442,0.10252452905898857,0.09975741379280502,0.10567258435333858,0.09058118532708526,0.1584456665893181,0.12768434702461687,0.11554682065837425,0.08793723024702915
0.10866464811262538,0.07778514476847087,0.07070954156742733,0.08557264256724402,0.09454862644346225,0.21752866841377363,0.11649364909536669,0.1494746884868866,0.07922239054474321
0.09982644985747526,0.05603272409917248,0.057378660079805056,0.06261094723760544,0.08962580280374649,0.29303092827139104,0.09890179341697598,0.1782263293927138,0.06436636484111434
0.10765520198306254,0.07468880506560432,0.06967472799416148,0.08174774063553704,0.092768884054514,0.23123587664233855,0.11448901451761845,0.15123820725669987,0.07650154185046376
0.11357087752833302,0.1408315186777035,0.10896179857827319,0.13864716608805092,0.11332772699501421,0.05563294434123961,0.11959380670441526,0.08915381988751665,0.12028034119945367
0.10905127915470465,0.07823287184654122,0.06878993548858686,0.08772190441161909,0.09820608775267763,0.2059970509916904,0.11653583370416677,0.15351079244602509,0.08195424420398822
0.10706122925482353,0.07000183123670554,0.06256626879571521,0.0814499794476979,0.10397056565495737,0.21043277243479008,0.110310269006209,0.17207669318029695,0.08213039098880436
0.1127534184011841,0.12558968520985578,0.10666850553106616,0.12917976635720366,0.09976656169936375,0.09196399792893671,0.1289381306470507,0.10171014309676137,0.10342979112857786
0.11260593470726647,0.1295537953407119,0.10574865693853201,0.13330505048437202,0.10291456688388034,0.08142041919148842,0.12768717098841306,0.09955239340400777,0.10721201206132798
0.0915573691610974,0.04244806606013568,0.05133873453571217,0.05028829341729003,0.09892116608012518,0.29794392099961864,0.08431995813703186,0.2214453984461303,0.06173709316285871
0.07092464794092414,0.024958467938872433,0.07366437737336336,0.03458319524502184,0.12622506786047574,0.3499975611814072,0.06856068941618083,0.19067438496614028,0.060411608077614254
0.11407674152130469,0.14056476603348447,0.11302884943102848,0.13708923974487608,0.11074490382608275,0.05754913076344825,0.12031355936297923,0.08835646505012844,0.11827634426666751
0.11737003705185663,0.14267733165284519,0.10631444731755324,0.1325329747547159,0.13026472250147983,0.04226372353972511,0.1081883658106058,0.08352176889750677,0.13686662847371153
0.1125647104602649,0.12705447110144966,0.10381210953036037,0.13178431554819506,0.10218480373499729,0.08663371042602393,0.12836448856636953,0.10194804000639705,0.10565335062594221
0.07744936065292853,0.03017669664391302,0.05812973497935958,0.03820056138491302,0.11420343681871024,0.33275697095817386,0.07092608780206493,0.22168752271115114,0.056469628048785615
0.11224995563517744,0.11998741733353567,0.0933473498076654,0.12923605703406277,0.10409192005102275,0.09729703943736312,0.12867375577703474,0.11107114039472772,0.10404536452941039
0.11231770322044647,0.10298312065486481,0.0851548508333836,0.11235222363071314,0.09943047586933935,0.1409808741520089,0.1273845024177604,0.12549410405151507,0.09390214516996809
0.10737040848280138,0.07203558375044257,0.0652033779095117,0.08117973729505323,0.09763020075596922,0.2239417395083284,0.11240041228693483,0.16173120075677985,0.07850733925417884
0.10429432717936958,0.06489814744754452,0.0627547953742311,0.07197510273046936,0.09207968637665355,0.2605368354936432,0.10701854808823331,0.16546343637570118,0.07097912093415405
0.11326030021927934,0.1339533736466886,0.11473511205731268,0.13338695076195814,0.10215625020884485,0.07428895368617332,0.12613861075186952,0.09337078708578694,0.10870966158208663
0.1064666382047287,0.06967523512352901,0.0644485757035459,0.07805420411455162,0.09575560200654354,0.23590081204134986,0.11075927249997959,0.16294194750295346,0.07599771280281829
0.12132268275457396,0.14003530668008488,0.10734226663608493,0.12534191350401894,0.1374757635962726,0.03955950112070793,0.10385656285903112,0.08186328408983451,0.14320271875939106
0.11611989995953105,0.1431826850129092,0.10734373383136168,0.13507660415944803,0.1254927701589245,0.04474544719649947,0.1110574542511506,0.08450056132097551,0.13248084410919989
0.11053485438282161,0.09001413523643097,0.08610714920576766,0.09487051417275144,0.09057645114157498,0.19348578895174315,0.12321040282112705,0.12880146490103214,0.08239923918675097
0.11287211577212991,0.12882776195199758,0.11013567471690748,0.13091245162534362,0.10027403570587884,0.08525812018946984,0.12819879252062463,0.09838179749546194,0.10513925002218616
0.10907524725481488,0.07914425359835629,0.07101346171635568,0.08736423653592973,0.0955141770814969,0.21111535793660355,0.11730038527818432,0.14893763004815916,0.08053525055009952
0.10726579910661053,0.07151107760720972,0.06462893557337422,0.08094079706318945,0.09838083927839188,0.22307094959579601,0.1119644443806019,0.16346045868659798,0.07877669870822833
0.11280153558648005,0.12064483137901406,0.10715629789560648,0.12388986060016906,0.09662791076953424,0.10559875046307977,0.1297101229970237,0.10423500178642191,0.09933568852267079
