0.11572585405907886,0.12473400092216454,0.07514931917085411,0.09223421844309032,0.14685591251628435,0.14137335779220314,0.07792069047926857,0.1308162848211062,0.09519036179594997
0.11595084171777605,0.1289049205894454,0.07123601961385274,0.02966407658905725,0.1442584862534063,0.15562380277458643,0.08779707473572285,0.14470933405071695,0.12185544367543603
0.11085675412628943,0.13572486880937626,0.07997512286066899,0.07346824307164655,0.15022766025867806,0.13945172123554178,0.06598907523523752,0.12198836913865634,0.1223181852639051
0.06360222380823088,0.07668448156659473,0.2413122398148332,0.18120759707895773,0.03271833557471407,0.0446608905014139,0.17681016777196823,0.12039975038471666,0.06260431349857062
0.1294107410526553,0.09589537569501427,0.0771770544514322,0.15903954764550846,0.09171318210224445,0.1004810833678748,0.16456555353757685,0.13237679217346557,0.04934066997422821
0.12267505343093162,0.09655859875308814,0.07444470121443425,0.19936490558307607,0.10124446837317291,0.10397063538629765,0.12832953854820026,0.12557588716751647,0.047836211543282714
0.11914424292300153,0.09419703284589176,0.07402011519804258,0.2287022871430093,0.09926674693214514,0.09995749312814506,0.1199048404397215,0.11936970482773195,0.04543753656231122
0.1303971875061655,0.0988848120412571,0.07574603648108384,0.13949804137532895,0.09822230740035566,0.10726436971881544,0.15976255575661735,0.1378697049635891,0.05235498475678697
0.11916754814953727,0.10231208396444236,0.07272743375578646,0.18858383817611798,0.1167877188072346,0.11505645457363078,0.10404790606279778,0.12597542865441022,0.055341587856042596
0.11777109174496074,0.1195238021486465,0.07396720857097888,0.10624899354195017,0.14232928649718543,0.1386173921013009,0.08455823368573552,0.13302661448365252,0.08395737722558934
0.10904438318908227,0.14233212390189276,0.08235484376855717,0.05247756132600103,0.14846980439375293,0.13852175666618405,0.06298701206042712,0.11991820680048854,0.14389430789361415
0.12883643930893282,0.09215074103380265,0.08025524971273051,0.17418254870019043,0.08214509242716407,0.09172766624388178,0.177592103253435,0.12590610631987167,0.04720405299999109
0.12006697894543887,0.0931768081049527,0.07478911612685207,0.2284846854796241,0.09577551820039294,0.09762336737404305,0.12644803290978712,0.11928633716904995,0.044349155689859227
0.12199821722022697,0.12041208996298408,0.06977603925178195,0.03446063783861141,0.13807423026607077,0.1536706336666957,0.10849501840599661,0.1538833332611733,0.09922980012645916
0.1258852944588561,0.08522587626733645,0.09127406385311794,0.197987627325144,0.06516681606531803,0.07576792836469813,0.20153512228375778,0.11108852780011284,0.046068743581658744
0.11913711351038347,0.10787901684642542,0.07281643978259307,0.15985822677166622,0.12668873005212536,0.12405598227130739,0.09676591154509406,0.12944402197450192,0.0633545572459031
0.11004393210843426,0.14065849957496715,0.0804996431114674,0.050939037048300585,0.14913418735043885,0.14125004153486903,0.06520381785417899,0.12274756351552436,0.13952327790181931
0.11580797883671394,0.07944255037481919,0.09247500241630317,0.28070350894917767,0.061178218652434745,0.06789493538201569,0.16887761065433712,0.09746492322095407,0.0361552715132444
0.13046527063192118,0.10935478745963985,0.0719559484230433,0.07083940172674676,0.12050782108670664,0.1330541078369004,0.1411940508415616,0.15365151168354743,0.06897710030993283
0.12771794984409138,0.08940760445622407,0.08329035109726628,0.18714127119373528,0.07568285993423711,0.0855488668461205,0.18505544609704097,0.12020814639840184,0.045947504132882504
0.10406380035957756,0.11885709818735483,0.07847780632529298,0.18070588620107453,0.13956609887565966,0.1202960601171467,0.06058180288320461,0.1067877797497123,0.0906636673009769
0.11015568383604528,0.11098128060388297,0.07365666464115617,0.18690939928622263,0.13371221516768697,0.122103261159364,0.07387557097547649,0.11622639889084181,0.07237952543932374
0.1330408515718512,0.10541318126373452,0.07036607862608446,0.04468959818001134,0.10840288414910222,0.12821331062243282,0.17675345138424195,0.16100639551770593,0.07211424868483546
0.12233575469102458,0.11351814481734718,0.07293519252701842,0.1110793565040038,0.13364118676433379,0.13478594598965468,0.1007582325507631,0.13879931013298388,0.07214687602287052
0.10318384219604647,0.09371283460246177,0.07046375753068661,0.29691404411374867,0.11070545879850674,0.09901625251811974,0.07419619349206204,0.10095826319326144,0.05084935355510656
0.10522910802129781,0.14346547259470335,0.09080536087437634,0.07944023341148852,0.14522034299311642,0.12561482910478483,0.0558672225208832,0.10889669775093404,0.1454607327284155
0.13427400040117288,0.10210330287950577,0.07408022678391775,0.08437075488565708,0.10104247270598123,0.11534735929633516,0.17764204301065437,0.15055483790402455,0.060585002132751094
0.12888604620802857,0.08622604167052315,0.09323915612519855,0.16495445932505945,0.06354186946987052,0.0759683234243262,0.22122039599975496,0.11414574471299967,0.05181796306423886
0.08568198663392346,0.0784559457099945,0.21426190243083978,0.1077793693242864,0.0368845439170595,0.046482574483765964,0.23829444374029332,0.11398944743832001,0.07816978632151697
0.09716380598837533,0.10323320684192679,0.07392066591933306,0.2730651266193962,0.12450925790006523,0.10444358383970131,0.057982472564927924,0.09547128784814969,0.0702105924781244
0.10776094511927713,0.11920984852169658,0.0768797148117828,0.16215292289062244,0.14130101414519217,0.1255996622459898,0.06565119584190016,0.11329912441037625,0.08814557201316268
0.10229660884919178,0.15057931268299807,0.10106394382457363,0.06178936500664505,0.13722042959691486,0.11638397836374853,0.051797134865747774,0.10496251297890478,0.17390671383127554
0.11045040159683722,0.12837982073878745,0.07869922377544582,0.10972785113888528,0.1479443082516617,0.1345855906183829,0.06655149351241878,0.11936376088608897,0.104297549481492
0.11910365104497378,0.08742522676864883,0.0784865242766206,0.2550480048908936,0.08159344823662391,0.08550829557417426,0.14181558182842022,0.11152817175628497,0.039491095623359895
0.13571574181090973,0.0994811587024853,0.07244137947793362,0.048600366093081375,0.09096787721689072,0.11127052810902416,0.215468454916845,0.15659559341132367,0.0694589002615064
0.11876352243863837,0.07925360205714109,0.10493715221564852,0.23571429676345254,0.05470199600328173,0.06397294383665207,0.2021046051424449,0.0977766913758981,0.042775190166842704
0.12767419024790178,0.09642224596785459,0.07622179449740012,0.16953533378364008,0.09525200074780778,0.10229970174236273,0.15271580093516593,0.1311141638705933,0.048764768207273705
0.09677753615368488,0.15683710428950212,0.11086971342596708,0.028215963638890756,0.11850006012779513,0.10349226258306693,0.04849560876364604,0.10531154721972434,0.23150020379772274
0.1087661529908381,0.08725421836148674,0.07252631618231381,0.3082175434048902,0.09318344522131318,0.08888898458560064,0.09837256346273919,0.10289523273052564,0.039895543060292506
0.11143729569677453,0.07498881111613914,0.1170811600836588,0.2689607033033509,0.04861902136479072,0.0564511312431956,0.193898679933402,0.08986978320313227,0.03869341405555599
0.11642240123699159,0.12006955350669131,0.0743755594335222,0.11186505217595426,0.14304468971592257,0.13750376315040094,0.08112400566456666,0.1303478137854587,0.08524716133049169
0.1028353951898915,0.14292690892671198,0.09557295651435475,0.09437812546137804,0.14208201660901884,0.1188535211834336,0.0529143895508351,0.104044680610842,0.14639200595353416
0.0954754631029587,0.15578727259421624,0.1232383333566724,0.03950444394469432,0.11634793372267181,0.0967467775294945,0.04616115659782218,0.10268614940700406,0.22405246974446577
0.09852754808372009,0.15490167299336352,0.11378327375138125,0.04691425245144045,0.12528122476561304,0.10483562898749643,0.04828111746028072,0.10294864763254084,0.20452663387416373
0.0763766087529683,0.0688702631584823,0.20526641703410373,0.2770219415073602,0.033608541843405546,0.04052982167950602,0.16832041560041544,0.0964594489004077,0.03354654152335076
0.12290546201452975,0.09753976696890077,0.07421325726575181,0.19352867110772107,0.10333178822635476,0.10594938237841668,0.1268008564725985,0.12682996997834148,0.048900845587385174
0.13426097083727473,0.10356650383336889,0.07292479682895496,0.0699969333795288,0.10421789990296389,0.1199687191817781,0.1766764772443323,0.1544339692451194,0.06395372954667897
0.12630862176398205,0.095370176729847,0.07628893619426928,0.1828257151565934,0.09417605753873522,0.10036112441517604,0.14907283194488952,0.1282370946979133,0.04735944155859408
0.0904672469546257,0.07210209474796479,0.19608503787844986,0.20654791068338554,0.03689811311503458,0.044395652676823986,0.2082510931174533,0.09628980121709818,0.04896304960916398
0.12871175512199737,0.08459120932013202,0.10255579502231776,0.1393307177445,0.05654485245286973,0.06987848215929288,0.24779092216956142,0.11036302149375406,0.06023324451557475
0.1273761698376421,0.08441610503931306,0.0986512830851098,0.16858560602577422,0.059362506191646715,0.07161039281012975,0.2276020262567077,0.10966283443684673,0.05273307631682994
0.1233263701976313,0.10935935234035969,0.07293984420091436,0.1291537992192062,0.12670903229430588,0.12833642550589436,0.10782434603235984,0.13744233065353142,0.06490849955579696
0.10995287347216655,0.10453758352786785,0.07224302537513222,0.2180679559978412,0.12528787458397053,0.11516766116692678,0.07821339284828875,0.11407215340812282,0.06245747961968326
0.11004791923875834,0.13113143441812306,0.07980652590864067,0.10049322875439592,0.14886216320937165,0.13510233147618098,0.0651735300258211,0.11879034552426182,0.11059252144444649
0.11499475991848607,0.10837426467583998,0.07280511348877321,0.17731112072514085,0.129259232168134,0.12266347769011576,0.08579737248214342,0.12313766146278021,0.06565699738858655
0.12586748124988092,0.10919812669042252,0.07292100115028952,0.1141379333050353,0.12465690880266733,0.1292211940149732,0.11721777596227301,0.14197949649551714,0.06480008232894106
0.13606905400794947,0.09908254238511262,0.07343176175334433,0.0549647113888704,0.08979647060400303,0.1091937301186749,0.21553580800930738,0.15441109083432095,0.06751483089841688
0.10795170859449386,0.0826384068552284,0.07506477258549986,0.3320767659368136,0.08228651686134941,0.08007364155152634,0.10698491920902392,0.0977940707370875,0.035129197668977125
0.12044125334446709,0.12091768086085064,0.07310964779305913,0.07787672247918119,0.14279440515740052,0.144553205798578,0.09181424832181351,0.14072561260954053,0.08776722363510935
0.11664591113008259,0.1261091934660881,0.07470226674739334,0.07701223172616171,0.14758435762880537,0.14475655265126855,0.08007974911309636,0.1341880421058018,0.09892169543130225
0.09964873686326543,0.14772443109688557,0.10818065568083135,0.08513913573487242,0.13391442912695403,0.10858537500860795,0.04896751019132837,0.10004201392866502,0.16779771236858984
0.12089196957408295,0.12168812648169759,0.06977593204459588,0.03253559204400189,0.1392262758036972,0.15475135809245036,0.10501939021837865,0.15290578410534683,0.10320557163574855
0.09928047459120788,0.15451907361244524,0.09210357262632503,0.019293496458734783,0.1249723254748637,0.11853711883597538,0.05392939265543506,0.11059114359911636,0.22677340214589659
0.11349829274928173,0.1230519579841261,0.0758147382547774,0.11505324995620293,0.14552991749064872,0.13623193381383883,0.07376697797358323,0.1250631826215384,0.09198974915600262
0.11108556160430592,0.10090190883905485,0.07175090523539197,0.23121701408251308,0.11912711625240091,0.11103849412419815,0.0841363213089455,0.11420545744766512,0.05653722110552454
0.1070098230669665,0.12394805779630229,0.07917028812941727,0.14663980041904146,0.14405740147080312,0.12670536623808756,0.06275088467832915,0.1120948972814736,0.09762348091957908
0.11130838591671266,0.0755524624353955,0.10328776153204909,0.2986038139870475,0.053355831652176895,0.060030138163022356,0.17330142347972985,0.09013467333938925,0.034425509494476904
0.12453200264948443,0.09926032944412772,0.07418599660782906,0.1762375385889878,0.10567669979963834,0.10923300360784495,0.12944788561023687,0.13054443948419894,0.0508821042076518
0.12532733928459194,0.11624677121291456,0.07173153294926198,0.06516358500832453,0.13496457162742057,0.1439351453495252,0.1121707093606598,0.14994325913805814,0.08051708606924331
0.1291548056671998,0.10536180103207315,0.07348917485269289,0.11441826002182198,0.11447749163545423,0.12221970880186393,0.13721808132216914,0.1440283935056554,0.059632283161069555
0.10691678149535011,0.11166923068341311,0.07445799991722096,0.19808241007933278,0.1344378807919505,0.11968935494381971,0.06792674746650647,0.11109149578373882,0.07572809883866752
0.13254167284621007,0.10248846559633944,0.07431967667616883,0.10274419937187373,0.10433531753640574,0.11586244620856175,0.16281288272330044,0.146769762802298,0.058125576238842014
0.113134923873906,0.08496290224845542,0.07649910392493747,0.2973611093532741,0.08228501907761308,0.08284052590941637,0.12187661152033791,0.10419593739616852,0.03684386669589119
0.13184908082377605,0.09288358428007877,0.08115912742239867,0.14546881505544892,0.07999901884201482,0.0920212723456279,0.19564523194642972,0.12991219481541424,0.05106167446881099
0.11018037282483316,0.11293736146361566,0.07416456926648071,0.17789991050748022,0.1359210611309796,0.1239050812118514,0.0727230939656995,0.1166953927537619,0.07557315687529788
0.11535970644325423,0.08278052817693712,0.08164677401188687,0.2892793854600248,0.07294628591316883,0.0767711843855819,0.14277351240514416,0.1026655961103919,0.03577702709361009
0.1362236473288593,0.09233906512554142,0.0817137034081414,0.06886013671296927,0.07006437143449266,0.08840843105577512,0.2553139386186896,0.13672470665589817,0.07035199965963311
0.09546961443804151,0.15634597919065693,0.12057798410337363,0.034482678096708984,0.1157172274876529,0.09764309443291384,0.046570692518748125,0.10353965198926685,0.2296530777426372
0.12119491655527019,0.10176209124711354,0.07307769112991026,0.18145743799884148,0.1141469781484154,0.11427761802546486,0.11155825842685335,0.12835217102558547,0.05417283744254555
0.11540155876773057,0.09148431065339364,0.07356147135759723,0.25928198557248283,0.09660255440690584,0.09546476918772602,0.11220501402715725,0.11299286702951329,0.043005468997493385
0.11287565323916438,0.07568772417253988,0.1182196449218,0.25458118733639296,0.04867066545326107,0.05698301847452891,0.20083604453295026,0.09124423521377019,0.040901826655592326
0.12239711952791625,0.08378991982401791,0.08971949737533384,0.2305447076255832,0.06583585162325865,0.07459979443900801,0.18431896449001406,0.1071949376464777,0.04159920744839035
0.11233952265756554,0.10365729725679178,0.0721371185158369,0.2123658343898667,0.12307648149770496,0.11521770159999438,0.08417440696284399,0.1171649130199381,0.05986672409945761
0.10749554867646259,0.0820305584398177,0.07533623270073979,0.3366101327139048,0.08118133924799503,0.07899407858203406,0.10694271644851068,0.09680764789148448,0.03460174529905091
0.11534407162756953,0.12131377108296336,0.07486220332140336,0.11222620958945423,0.1442256654347646,0.13734272193110186,0.0782128154589695,0.12851201573216317,0.08796052582161042
0.12496958978035584,0.10546951559274263,0.07323993726047627,0.1413821779119729,0.11848327301628087,0.12167486047670496,0.11891304783811928,0.13696342394251623,0.058904174180831
0.10129245144425726,0.10373265207671152,0.0729467785316917,0.25584950842913173,0.1254792022758147,0.10847973669223532,0.06353893523871644,0.10137071988246298,0.0673100154289783
0.12939758160727977,0.08484622548767214,0.1043439399971166,0.11709863283567666,0.05485381505102168,0.06885408300953157,0.2623982095174093,0.11124996638760269,0.06695754610668969
0.1279603232981373,0.0905589197115406,0.08168956406279822,0.18410952110144727,0.0787536894651135,0.08827993099233782,0.1800604072580211,0.12246207683458954,0.04612556727601456
0.10481391404918643,0.11436005173331831,0.07609581422084821,0.19569527305156628,0.13655054528282382,0.11916162911896022,0.06343357530054122,0.10791814287181452,0.08197105437094106
0.11246006060890801,0.0795804838842235,0.15139636641386292,0.10772331021607734,0.04231812138484601,0.052534218762059715,0.27285832883064454,0.1026875678159457,0.07844154208343225
0.11144988829803903,0.12603607520618293,0.07744896373609558,0.11383274556178508,0.14708125760004534,0.13506486932172995,0.06896188621380467,0.12123743443955902,0.0988868796227584
0.10289614449834593,0.15106071353174436,0.09886407491437592,0.05582582310248465,0.13790158040655034,0.11867131841820307,0.05268841875024837,0.10644551941943081,0.17564640695861655
0.11073228969800147,0.1342446166213571,0.07993093145606593,0.08180613414449804,0.1499973166034033,0.13821241592572353,0.06582956367816066,0.12111921619358072,0.11812751567920932
0.11072287980369626,0.11164779741475499,0.0737435002850456,0.18129116691157546,0.13445022479620247,0.12322387927479976,0.07449476301694295,0.11731341249348382,0.07311237600349862
0.11327654452399873,0.13367885842424612,0.07698444418429357,0.061165140527839466,0.15022978835075199,0.14510702083693122,0.07179267819904268,0.12910341866021405,0.11866210629268209
0.1074955803335861,0.14185211657509822,0.08587840123335154,0.07105830918007681,0.14793830063078256,0.13228275792320018,0.05948003788977394,0.11421269224946672,0.13980180398466402
0.11122891432835091,0.13418071170179938,0.07939901872208578,0.07819067390690862,0.1501670136938961,0.13945587378239885,0.06681254364636395,0.12249857885675162,0.11806667136144489
0.11204982968119666,0.1193887031700851,0.07544388695088612,0.13982324794997214,0.14236980943677302,0.13131217826562935,0.07263942204393393,0.12130891861821974,0.08566400388330386
0.1119372914895888,0.11660045319893901,0.07476422719934182,0.1529510127787659,0.13976200133607944,0.12888275273071034,0.07383176350966049,0.12052702255801973,0.08074347519889451
0.1263243668341781,0.11466881676090131,0.07182716082780631,0.06939443997569883,0.1323826454659648,0.1415406854966998,0.11654705881090516,0.15023744841420614,0.07707737741363958
0.09248775858705437,0.15494828509863415,0.1340917644240566,0.037924811444633666,0.10891642548602969,0.0892901165015878,0.04417067134329553,0.1024755456064544,0.23569462150825374
0.0976448882898739,0.15468108185975507,0.11768773962220136,0.049215663341372694,0.1232872141786691,0.10195851045393202,0.0473868290036436,0.1020919456853963,0.20604612756515595
0.13534343986091693,0.09993809331437213,0.07499547430838793,0.08203176575292147,0.09408918434460255,0.10967576756027596,0.19395817400528106,0.1493899912206256,0.060578109632616416
0.09820652567073367,0.15317837710478602,0.08805784216388378,0.014962450144891013,0.12245138289697471,0.12018396002084107,0.05504593757798724,0.11196833495713314,0.23594518946276935
0.13122205754969438,0.09415548304738368,0.07938159116697797,0.1492331687154628,0.08453357644815483,0.09552616897691729,0.1841215863620627,0.13159576148474603,0.05023060624860028
0.10954237412790306,0.08272734685134765,0.07610944026768403,0.32395042074769004,0.08056465369969583,0.07961536831365372,0.11343125994793728,0.09904764340325493,0.03501149264083351
0.12051207549572347,0.10557988014799408,0.07283642824732915,0.16499867883380318,0.12195303301369094,0.12086313729797282,0.10354298015460862,0.13013479897357727,0.05957898783530056
0.12656599362544368,0.08714816807319031,0.07026853854625122,0.012342469130942654,0.059392759983782774,0.08291159194283214,0.30243222894931604,0.1433111702449459,0.11562707950329536
0.1132362065072977,0.12555961906810928,0.07643546457869262,0.10496136469320883,0.14721888309551337,0.13779667562560569,0.07239826420794739,0.12513909169024798,0.09725443053337719
0.10642628495405526,0.08834969208393406,0.07134968291582298,0.31219426260138367,0.09792158646383282,0.0912021439020881,0.0890188304648953,0.10148986772897045,0.04204764888501733
0.12479298614772705,0.11668201164268455,0.07191007760402472,0.06779045126389995,0.13593752469150885,0.14390438541097963,0.10939814286952565,0.148733526448484,0.08085089392116553
0.11468859936072578,0.0816072409283204,0.08321428740255053,0.295087294488738,0.0702421186592175,0.07436033853535219,0.14516927200916913,0.1005849312850265,0.035045917330899984
0.11877519471391051,0.12462453886613496,0.0734340123667179,0.0661282409067712,0.14597636195908056,0.14755409630377284,0.08676954409176778,0.13979338479375433,0.0969446259980899
0.10846488278509818,0.14055981651203014,0.08394096442889572,0.0694817190277106,0.14887888294283197,0.13488024941570792,0.061240059024010814,0.11658716166053079,0.13596626420318395
0.10666789289791583,0.07415849899303113,0.15144056707909262,0.21363214531964694,0.04191428435990522,0.0501390425832286,0.22138938248710546,0.09165504454526774,0.04900314173480641
0.11842820891230092,0.11877906704091318,0.07374903710683749,0.10606611951850282,0.14144281513380413,0.1385131095735223,0.08654647991536513,0.1340683051611908,0.08240685763756331
0.1302631321272122,0.10972229985171901,0.07186655211470994,0.06954710167273523,0.12132580986391471,0.13390297474327564,0.13989916122608992,0.15380822804227076,0.06966474035807259
0.1096296321128087,0.07638710459304315,0.15399162924866297,0.16813866306035394,0.04212484963261979,0.051237527757998724,0.24275638690564824,0.09606696174091721,0.059667244947947284
0.12282462944084356,0.11686646663605908,0.07269553726483145,0.08617618783464116,0.13763470555498272,0.14105674533956528,0.1006524465450352,0.14292567721289748,0.0791676041711441
0.11840447854889406,0.12606844370445167,0.07126060799120029,0.03644469586331914,0.14404149997640842,0.15453231207484355,0.09243353504894036,0.14676507262717103,0.11004935416477145
0.10539257077792641,0.1393939228160247,0.08853640726810996,0.09532198406919579,0.1462068133102879,0.12599867730652575,0.05662185799099725,0.10884646827945506,0.1336812981814772
0.11120790747626864,0.13086866811960798,0.07882064986491284,0.09396787552434538,0.14927575787577702,0.1374293683081098,0.06724621479145958,0.12154228499563481,0.10964127304388384
0.09480495994243114,0.07138139447128505,0.17880453386800033,0.23140350705104817,0.03796741803754404,0.045105999468377185,0.20469271289363214,0.09156697956356452,0.04427249470411748
0.13455329874094968,0.09979106259948166,0.07043373474147753,0.036884709978343956,0.09234487166331985,0.11480186001193239,0.21671828408376337,0.16039683723357184,0.07407534094715978
0.11475028471133682,0.13002060716535868,0.07589601689791614,0.06995109785490804,0.1494935119635108,0.14502177672709998,0.07510470258295256,0.13121392634081272,0.1085480757561043
0.12579558694701007,0.09381854204002081,0.07703924994192436,0.1920190119669646,0.09071992323860704,0.0970280476130842,0.15193090321927138,0.1256754575091533,0.04597327752396433
0.10176907315406292,0.0756947517431623,0.07938592961316777,0.3863309691485182,0.0703051622000479,0.06796691161402744,0.10324487521107185,0.08596818636601662,0.029334140949924935
0.13570718637724463,0.09112579361102291,0.08458942362374634,0.07581800236848373,0.06710674893241479,0.08478372328183507,0.25869743903346293,0.13207353643892103,0.07009814633286861
0.1185767105427054,0.08978391714528411,0.0759979800858032,0.25034387131110597,0.08873505980649815,0.09095262657603109,0.13031910101552768,0.114127134029408,0.04116359948763633
0.10830261932692324,0.14003880272189415,0.08414845155724275,0.07336458780007475,0.14884866609403583,0.13415070097633636,0.060943980257313346,0.11594436332999776,0.1342578279361819
0.1282700697039999,0.11174357294380356,0.06905030774661906,0.036105582659748205,0.12374957079461461,0.14373249975881422,0.1433345206597191,0.16105584710409562,0.08295802862858574
0.1365114908941377,0.09559769372294862,0.07790760098769596,0.07497544498896506,0.08009757555286569,0.09775934198423845,0.22898624954143407,0.14400809488239424,0.06415650744532024
0.1194249862853866,0.08059340778130546,0.0968446043313357,0.2455635156767765,0.05926821253124892,0.06794517265033348,0.18945343323664351,0.10035612157745477,0.040550545929515014
0.1268625483777947,0.11111214304267215,0.07258756469746837,0.09422121499411544,0.1270652159512471,0.1337540271922722,0.11954151703215599,0.14617064132855437,0.06868512738371962
0.11788227435810254,0.09088079027598145,0.07494142900881223,0.24969789883559945,0.09240760169167427,0.09352855111175414,0.12376922736333203,0.11475042397000605,0.04214180338473788
0.10688701141498735,0.07675192850224748,0.08364549414682913,0.35316195068056655,0.06607589648556952,0.06749983304616562,0.12561465247809164,0.09009909098349668,0.03026414226204606
0.1279423513557041,0.11347707591034921,0.07085931762356514,0.05384920617068365,0.12868053910987134,0.1425096347790988,0.1286990644860655,0.15552624505880436,0.07845656550585782
0.09974265832336619,0.15587850892863572,0.10171460789635138,0.029987651137892517,0.12655831770596124,0.11273403072079063,0.05126112047174929,0.1071270162420902,0.21499608857316285
