0.12662880159418935,0.11554627806716822,0.09350602040466356,0.12402985865167689,0.10685618870503676,0.1130294847736857,0.11141161609738442,0.13756288415670817,0.07142886754948695
0.11838778059600295,0.11735589161512217,0.09687360797034361,0.11721002410887811,0.10133008381044606,0.12759496561749595,0.11920009390581787,0.13724369716514442,0.06480385521074879
0.11880485390929611,0.11385107287884355,0.11151959412156275,0.11283259367206931,0.10797929966952076,0.12395523193525627,0.12196429663992847,0.13043470724929163,0.05865834992423114
0.1099103631919464,0.12357453652678875,0.14016682564375912,0.09907494410552233,0.08638526515142693,0.13118806153354054,0.11152307419715157,0.08732277126867215,0.11085415838119221
0.11965616224978519,0.11662904286987776,0.0971429533265802,0.11822638283075233,0.1026134409821136,0.12521378900650418,0.11830884682112693,0.13835296801388658,0.06385641389937324
0.1189800447858727,0.11439599862729243,0.10824976064547309,0.11395041524403289,0.10709877788970494,0.12433108058192176,0.1214350751569268,0.1322096489547119,0.05934919811406352
0.12488678341397379,0.11588952304602947,0.09395772786574902,0.12291786639709927,0.10538067329824835,0.11624014942567407,0.1129485850358195,0.13906708163684464,0.06871160988056195
0.08216491862579035,0.0966425198658386,0.17269428856710564,0.07064927659389213,0.056537321707932096,0.11199201879559446,0.06183960485274048,0.03542833077771348,0.3120517202133927
0.11578788874053321,0.11438881468175621,0.13911772929020708,0.10386985554953515,0.10308961026685688,0.12378565338443671,0.12251373678727946,0.11100798945788387,0.06643872184151145
0.12123134529869765,0.11763456113464814,0.09113914299151403,0.12171487334221588,0.10013944088117054,0.12295286274145067,0.11446079845610695,0.14161582437820447,0.06911115077599173
0.11494156382787633,0.11549326582551518,0.14962695629732814,0.10127014637441527,0.09854388722727943,0.12335689960988884,0.12029791748758172,0.10353732484221033,0.07293203850790471
0.1254602567269829,0.11657419970058192,0.09056018035926283,0.12454967891215651,0.10332924865453919,0.11501041835800256,0.1108314551902958,0.13937855742310373,0.07430600467507463
0.10907014344965948,0.12091095044833906,0.16593214833400205,0.09451061618158936,0.07876285612206568,0.12596715224446706,0.10544709839208687,0.07949000778550579,0.11990902704228468
0.13001086509089976,0.11487226172447373,0.09040422141802645,0.12679046414300374,0.10844725304871117,0.10554380373964196,0.1070946541661529,0.13247671789243978,0.08435975877665051
0.116581231626038,0.11559839074102136,0.11516548443734805,0.10987061637785474,0.1048362207992987,0.1272609929223252,0.12344130726186496,0.12414425386973153,0.06310150196451747
0.12127966449483511,0.11451161756834366,0.1028495208507509,0.11738874569522066,0.10755682010990397,0.12144661950363382,0.11864752352265269,0.1363232856728015,0.05999620258185775
0.11255767472252694,0.12280802955765817,0.12237827295507171,0.10382662142833993,0.09495255460888756,0.13317346259960525,0.11883873312019182,0.10192464799542782,0.08954000301229083
0.12432737733808145,0.11565893240077359,0.07558611036901862,0.12812265365422051,0.09538076792492976,0.10508163982076126,0.0980614560826059,0.13037461124742988,0.127406451162179
0.12357592301593491,0.10892049524633725,0.07209956525492611,0.12597558414847246,0.09694843277295324,0.0925435159067481,0.09068470295076235,0.11422717571344243,0.17502460499042324
0.11713006139238724,0.11140275025865516,0.14479569811901252,0.10373483241589533,0.10691867406979999,0.12021706529127614,0.12219573245554467,0.11291625806455942,0.060688927932869445
0.126568930717577,0.11648709982442192,0.08925251596669638,0.12561949051024182,0.10343952741731154,0.11259504671749677,0.10921494773597969,0.13817028764144298,0.07865215346883193
0.1179434974089874,0.11078652678604926,0.13771519266111226,0.10572928147057024,0.10986719955864781,0.12007731144875727,0.12255002561644296,0.11769744729079894,0.05763351775863388
0.1266877137287177,0.11566316659033986,0.09294989396142689,0.12427490465272624,0.1064699467597649,0.11288767514630826,0.11110955256774602,0.13761508631323557,0.07234206027973461
0.09135275895351254,0.1184546136204605,0.12560124334539233,0.0866686841702319,0.06482562421297801,0.12984040595862992,0.08402507175617697,0.05658795110380236,0.24264364687881543
0.11441624712309122,0.1171791548952925,0.1409941244465957,0.10239222474469596,0.09829272035551621,0.12594300655581978,0.12084406590460071,0.10468985343072801,0.07524860254365989
0.1259379700798311,0.11598690717763077,0.09247994453905511,0.1240650201437052,0.10529673759097853,0.11427279322403101,0.1114604076968625,0.13852500217571864,0.07197521737218708
0.1217842561817813,0.11576597772089321,0.09744536822958659,0.119682210476083,0.10481715210456947,0.12142400648535512,0.11672348616086942,0.13890657026959927,0.06345097237126252
0.12026136600407868,0.10225477629761583,0.06853944285831422,0.1215172740769573,0.09755569088374262,0.08442028466065558,0.0840900989834419,0.10113174614019071,0.22022932009500318
0.12313443764363859,0.117399522912064,0.08988941885796146,0.12347063531815355,0.10076383651060393,0.11937364388320125,0.1122608136563702,0.14141882053362928,0.07228887068437766
0.12594557424471062,0.11300980192440187,0.07590040607163495,0.1280741515578437,0.09776285656357252,0.09870813009370777,0.09597014435854173,0.1234978592529659,0.14113107593262098
0.12727921161047198,0.11196088543799347,0.07706608878224919,0.12815221937498034,0.09975001211327532,0.09611016536060146,0.09574394375118805,0.12084123396064665,0.14309623960859355
0.1131164913494803,0.11759349983007185,0.1687970152368158,0.0967474278950707,0.08759996918142447,0.12258678112202198,0.11305979435060591,0.0899186450777779,0.09058037595673103
0.11581223558470816,0.11309798411210044,0.16569588367083601,0.09899915844412756,0.09763280286116692,0.11918984279245565,0.1182565883721312,0.10019508739446932,0.07112041676800467
0.10615100827134973,0.12580538340340983,0.12934247945145708,0.09798249916827323,0.08162897442287459,0.13440907995077192,0.10488326921546876,0.07871662938533223,0.14108067673106267
0.11934200404268765,0.11198014477431734,0.11924523252102696,0.11105936429333856,0.11114081276160857,0.1214097540019905,0.12206107303868526,0.1275484685550942,0.056213146011250985
0.022717164242350124,0.11466310845730367,0.006366804693093111,0.14093507845726946,0.2202361882882923,0.11438583403733471,0.048826277652246314,0.0027881504683797964,0.3290813937037305
0.11923753185655855,0.11255482150725298,0.11654908676187876,0.11172186540770868,0.11023762313063827,0.12215195308112926,0.12203063593975423,0.12863403669509416,0.05688244561998507
0.12313564285777108,0.11589772189648877,0.09557264574736869,0.12126291349711742,0.10485541806648362,0.11927149235935945,0.114973010496863,0.1394703171332222,0.06556083794532579
0.10624052312876532,0.12330490635956465,0.1492554663724203,0.09519972560928769,0.07782231023259208,0.1300245106900748,0.10308167115465248,0.0763527106944784,0.13871817575816428
0.12805585276209222,0.11616440686277059,0.085544564591691,0.12757711775183492,0.1024852046557531,0.10774813012547017,0.10540398195085354,0.13469566779439615,0.09232507350513823
0.11647849750440668,0.11521093376510862,0.1190101707428044,0.10881326221787911,0.1051293069935959,0.12661999843948976,0.12360042136351217,0.1220427618204854,0.06309464715271804
0.12216855661405075,0.11437194191444582,0.10222904878368899,0.11818544065319155,0.1082474739895946,0.12005846370099192,0.11779276878068107,0.13671396585835208,0.06023233970500325
0.12497712409162758,0.11114850415488842,0.07404660964325928,0.12726372541289036,0.09737465329626938,0.09563560005715056,0.09342893728267761,0.1190571010720413,0.1570677449891955
0.11384239505011771,0.11695481920884261,0.16131220542027566,0.09849111850276177,0.09201415734484279,0.1229914139326464,0.11625777747041854,0.09500444864704849,0.08313166442304602
0.09953354043514762,0.12245349825283647,0.1373119346385507,0.09192414191910558,0.07115491196995204,0.1311096783498867,0.09361704556226551,0.06599567702579724,0.1868995718464581
0.11314106412542975,0.12129103845896853,0.12585348344734817,0.10384540571131064,0.09620657521716151,0.1314540586466967,0.11998494931875674,0.10390778382177594,0.08431564125255202
0.1156046499143371,0.11541416473222134,0.13147630614885958,0.10523122113195853,0.10310821891246917,0.12567312934500285,0.12308286149929633,0.11348152200414112,0.06692792631171395
0.11128364795001117,0.12372023903215383,0.12950067725110473,0.10161713749232006,0.09109504461382327,0.1327827732013966,0.11550961580165132,0.09436087334836347,0.1001299913091755
0.12048523801695617,0.11245177429195397,0.11314699846530323,0.11353990924679606,0.11127367924054395,0.12076626528993828,0.12080692311971652,0.1311952571807735,0.05633395514801831
0.11487389626327645,0.0971235236522917,0.06386645061468915,0.11642408881546822,0.09713407308245975,0.08059266413428345,0.07869394977717835,0.09230186260030264,0.25898949106005026
0.11393629043636022,0.11737813594352002,0.15164667049649025,0.10018614838765076,0.09471828719207785,0.1246287997626691,0.11837779549629412,0.09882068941912248,0.08030718286581513
0.11719898179953729,0.11528283371060384,0.1120210663743827,0.11130978395154374,0.10540327649736288,0.12676020209714275,0.1229980810546074,0.12731340470618632,0.061712369808633184
0.12430010975282633,0.11663181113115284,0.09167246601115071,0.1234730562798468,0.10307861031968894,0.117284623737351,0.11231694331223689,0.14017043528433112,0.0710719441714154
0.12727516979858283,0.11333271961659334,0.10140018451311139,0.1213399818410358,0.11409641393670045,0.11148887414671625,0.11356066838058006,0.13436589958086817,0.06314008818581172
0.11586261019796706,0.11657270171976702,0.1165669604532995,0.10876606201774079,0.10346688630731708,0.1283847930298763,0.12353238552642694,0.12103291364182396,0.06581468710578137
0.08828769525693873,0.10175984389063532,0.178197063206156,0.06876855275763323,0.050311511148254794,0.11305599440087512,0.06452785478035074,0.041844252910186626,0.29324723164896943
0.11294361079800591,0.11795953483816464,0.16657760117852055,0.09701174252962258,0.08777411246897604,0.12317087869142392,0.11327174573705656,0.0901251585955954,0.09116561516263443
0.1285698130730898,0.11460067357186215,0.08124742823255122,0.12868409736888287,0.10131349476954489,0.10157686768757422,0.10060388816380966,0.1282263638804343,0.1151773732522509
0.12584387835673075,0.10984003040158762,0.07466047647605162,0.12707479552431364,0.09886911959236971,0.09294333794124708,0.0927178609158232,0.1159598189848506,0.16209068180702577
0.08349113641264182,0.11519484239910639,0.10075630243558265,0.0837812251388973,0.06335263991263133,0.1306799207532409,0.0776386820343579,0.050027042562992764,0.29507820835054893
0.12821527536033706,0.11470593727520717,0.09511191247251426,0.12420859890743145,0.1100689436675681,0.11008309635672198,0.11086877955715231,0.13527838430361605,0.07145907209945161
0.1094923069671359,0.12319249516374926,0.145237846065424,0.09805059052811166,0.08454996121529791,0.13024093410451418,0.11002814356315334,0.0850865144244251,0.1141212079681887
0.1171104238475431,0.1148147381449145,0.11555815934671226,0.11028068604300732,0.10597345528370501,0.1261585589540611,0.12329455055019078,0.1254161866548764,0.061393241174989475
0.11548017588913102,0.11484374381157601,0.14171553095904713,0.10312665757926594,0.10174727342780693,0.12386353648055722,0.12200417403035828,0.10878659578802946,0.068432312034228
0.11629308624047646,0.11413384560727587,0.13082587395431527,0.10597180945813585,0.10517825407489122,0.12447650029287609,0.12335917069632897,0.1162486857587766,0.06351277391692368
0.12355237216679915,0.11471077893197697,0.09952123523119559,0.12001875699437503,0.10807519281007048,0.11812922812030872,0.11598572666466993,0.13767429107755913,0.06233241800304501
0.04787471495701747,0.10360766051687144,0.0851843938326081,0.10356781896068402,0.10607236696777238,0.1297154388058626,0.0624377457938789,0.020495482254103702,0.3410443779112014
0.05969356910249259,0.10543131315070171,0.07921037562706174,0.08638071239037864,0.07207344987670218,0.1311119635343387,0.06500944806619148,0.03135260708667866,0.36973656116545434
0.1284775578537275,0.11590105682247631,0.08551131211361168,0.12775448316640559,0.10297542644800695,0.10667835646774004,0.10499813878664588,0.13373870769851523,0.09396496064287087
0.12136939212127407,0.11739088862549973,0.09189691836431313,0.1215179188716327,0.10075553514356937,0.12266891978205835,0.1147363158002005,0.1413079235072587,0.0683561877841934
0.10429524024812081,0.1268967728062448,0.11676876227974209,0.09833414399309671,0.08110556153633959,0.13686702467976436,0.10208167722662491,0.07568435763605752,0.15796645959400926
0.08468729145675824,0.11336991614646874,0.12538867292290098,0.08041392044493643,0.059194200056383685,0.126731549467117,0.07618623002589206,0.049664115369445816,0.28436410411009705
0.1171301997788743,0.11580576498075783,0.1094560121424238,0.1119582088836845,0.10464984350437945,0.12744924752646322,0.12276098129981412,0.1284003079780543,0.0623894339055486
0.1256963247581474,0.11745278319554402,0.08421090418267758,0.1269627697084695,0.09918579375590558,0.11251700917749369,0.10632872865586246,0.13855338072564496,0.08909230584025475
0.11166778798186577,0.12140968043027027,0.1453061624276951,0.09955867474632635,0.08947320596443499,0.1287487465425833,0.1147460209278632,0.09211714940197258,0.09697257157698853
0.12348159044160738,0.11757240740697511,0.08874677670620269,0.12412491560209842,0.10023753510155768,0.1186037297995527,0.11131236281219492,0.14145225040927104,0.07446843172054013
0.12115673028118429,0.11457757877639956,0.10276917497194066,0.11733390893134744,0.10736589727294217,0.12166832391566867,0.11872754559220929,0.13633002808353767,0.06007081217477032
0.12891939030180546,0.11518943039672348,0.08336218109666053,0.12845094185809938,0.10246037033183301,0.103483158205337,0.10259485017239384,0.1305298252320691,0.10500985240507825
0.12449022992956726,0.11566091414232604,0.09518790662514799,0.12221584570008437,0.10591913273595692,0.11691124134323877,0.11376943851399095,0.13893539575835742,0.06690989525133025
0.13065490714152642,0.11099570836911486,0.08138203296414202,0.1286233310718065,0.10568827145729387,0.09298659076082628,0.09725573886912868,0.11825395437214019,0.13415946499402115
0.11163738559079601,0.09230313811936737,0.060938637941769756,0.1122349385910622,0.09973218472885519,0.07645437722358377,0.07470242335391077,0.08370134495494042,0.28829556949571455
0.11672604125219722,0.11531578375352501,0.11566319534685006,0.10988733508568471,0.10521362572718762,0.12687022588763155,0.12343140718465777,0.12433594399735877,0.06255644176490727
0.12366764183887058,0.11812953353675038,0.08571203009046308,0.1253805502620908,0.0983301381659664,0.11760823309986322,0.10912982077977074,0.1415920108709334,0.08045004135529156
0.12297183360213104,0.11345964770212734,0.10480955749940614,0.11776672752689261,0.1108044342422303,0.1182816221972484,0.11768924701106848,0.1354610843826105,0.058755845836285125
0.11767777291471077,0.11197911734383746,0.13051097838746176,0.10712861822454411,0.10900271390638279,0.12197202637534867,0.12308698181350024,0.12012115129352652,0.058520639740687726
0.11322924821126061,0.119866787083791,0.13752043099441888,0.10199042562609528,0.09510440949412365,0.12860424667777515,0.11914384301079435,0.10064585430751656,0.08389475459422453
0.09040272154765366,0.11738131277532637,0.12863001588419623,0.08523074389737924,0.06325824730119718,0.1288078035490177,0.08248250734108828,0.05530817778401187,0.24849846992012947
0.12262010929655283,0.10916816263836603,0.07119170787686653,0.12574659560800305,0.09599831448624947,0.09343948638937394,0.09040957951279643,0.11489369187500992,0.17653235231678174
0.12903277756393003,0.1154813268708537,0.08920188707833893,0.1267886793942473,0.10620243797738384,0.10733037971761028,0.10719404540739778,0.13415973413415322,0.08460873185608497
0.1231186630515781,0.11328867374256975,0.10530943112962034,0.11767909597315507,0.11129733644794164,0.11795112825839431,0.11766050897919837,0.13520766715865917,0.05848749525888323
0.11322307043282147,0.12054546074079653,0.1310606826373019,0.1030538079560906,0.09592345389330709,0.13008479748156657,0.1197858537838135,0.10267172547048183,0.08365114760382057
0.12438658558717948,0.1125109138410284,0.10702134834315613,0.11779992031182036,0.11408457750522094,0.11555458231690525,0.11689927099486881,0.1340416917351256,0.05770110936469497
0.12195193556511845,0.11215557067933683,0.11151794240275792,0.1149446688394661,0.11291420180922122,0.11868689699075137,0.11944162723601649,0.1324252377732964,0.055961918704035274
0.11713663925558165,0.1116085290376861,0.14207033283741013,0.10428516673594833,0.1072013009353245,0.12070535961352315,0.12246933244248102,0.11404778216953342,0.060475556972511675
0.11928466544593734,0.11575329772269116,0.10141762187582816,0.11641214171699299,0.10450970544529632,0.12514647837933146,0.11987309763592602,0.13590295256534554,0.06170003921265103
0.06115411417399922,0.10306339879204651,0.10548218183207958,0.08350238783810278,0.07075884469413651,0.1272802712051313,0.06393139854713477,0.030790693142265662,0.35403670977510365
0.11644698175834127,0.11571719628774185,0.1157295816645267,0.10959145471195758,0.10464255113872932,0.12740027480150815,0.12349538637919011,0.12346401513039852,0.06351255812760653
0.1122997740922894,0.12101130497028055,0.14132861556922055,0.1006384948805436,0.09186074208985562,0.12897083631144957,0.11668436964797628,0.09557742907649429,0.09162843336189015
0.08829652124372545,0.11117941048719802,0.15459209837750504,0.07709811790595131,0.05518848154024313,0.12195084403306178,0.07443127750902905,0.049621380944429534,0.26764186795885664
0.1319400704242726,0.11353539477517498,0.08842874893239198,0.12814457656001862,0.11007552183147196,0.0994849880173259,0.10383910613360962,0.12660135512872142,0.09795023819701289
0.12235734856675051,0.11066278796274394,0.11754944082817338,0.11335371302641717,0.11613739770213237,0.11680993233963315,0.11945189122932326,0.12979408019513097,0.05388340814969522
0.12097222846278592,0.1156169267000972,0.0990113199813361,0.11854403947145209,0.10498299121192411,0.122607209758944,0.11787559476495446,0.13806676746562252,0.062322922182883635
0.12549181614982605,0.11625885384847867,0.09186752341226034,0.1240628931481114,0.10436540962221252,0.11507187400396542,0.11149894177103171,0.13910191818739873,0.07228076985671507
0.10608152903953806,0.12521938296462912,0.13402710686105168,0.09730057346145604,0.08067837789395775,0.13336267961638373,0.10445815907516252,0.07805509482847703,0.14081709625934402
0.11646850726062029,0.11368522314170042,0.13212802997360742,0.10584208253290706,0.10566580418422387,0.12387737869834857,0.12329713550924176,0.11626154982995011,0.06277428886940058
0.052652142715465554,0.10300647757731778,0.09500594744307393,0.09560646203932409,0.09013523630693066,0.12980522628030366,0.06318685586326485,0.024322791440874816,0.3462788603334446
0.12638386111919123,0.1166985372089447,0.08842057089372075,0.12583417480993284,0.10263443670707363,0.11276424878583856,0.10884161450342628,0.13840561135564444,0.0800169446162275
0.11855853832147223,0.11111949711397943,0.12903295759735953,0.10807913122618397,0.11111904955232325,0.12072311355160792,0.12262035596560765,0.12235226886413719,0.0563950878073288
0.11707129190396064,0.11351922785411532,0.1250177641025346,0.10791883028891107,0.10710687133677384,0.12420928065116175,0.12348153676112321,0.12104711734023904,0.06062807976118043
0.12857638315064895,0.11513270271660186,0.08228579083906669,0.1285552247056255,0.10158206753987821,0.10315632789922446,0.1018260887474839,0.1300611387258238,0.1088242756756466
0.1174107701923266,0.11475446665917878,0.11369735280477107,0.11105037495864721,0.10617089002173141,0.12599879904495181,0.12303614727884982,0.12700245494920767,0.060878744090335724
0.12030398371201091,0.1134206556300064,0.10914841651262237,0.11464242397758743,0.10938549475669157,0.12188323789703709,0.12053371247178862,0.13293458858374677,0.057747486458508746
0.1126381188639971,0.12326597721952486,0.11776107704377936,0.10465412117351537,0.09546090673411094,0.134259749937412,0.11911778487382456,0.10363594873117188,0.08920631542266404
0.04125906939980032,0.10848128419991006,0.03618021648392502,0.1150265725213168,0.11288316650685937,0.13755585264596618,0.06282277722109199,0.019570034535068382,0.3662210264860619
0.09219648542684696,0.11486705293309407,0.1538911824671292,0.08165042334245914,0.05892083149757704,0.1242895740390368,0.0801738669554448,0.054390188269852265,0.23962039506855967
0.1218459968393848,0.11546914742441909,0.09847606278840404,0.11933977243416556,0.10554557046208136,0.12118001153737117,0.11701485608443173,0.1384390047488991,0.0626895776808431
0.12517636961291667,0.11614866462875013,0.09266066894720286,0.12358309952549155,0.10466752035653026,0.11569920516818012,0.1121318473243808,0.1392029087377218,0.07072971569882579
0.10190336366884996,0.0836696868987483,0.05092317223043766,0.10525222925791872,0.11132013635585943,0.07206911723897531,0.06834567326370866,0.06760010420180075,0.3389165168837012
0.11988307736657988,0.11267298552148215,0.11372326463424276,0.11297070115316399,0.11048894406109795,0.12165145447100516,0.12134125328018797,0.130522872245207,0.05674544726703302
0.12110037635066002,0.11405619834880065,0.10493907830056957,0.1165518175014592,0.108470567162214,0.12136867739110964,0.11922554230446934,0.13528457393918922,0.05900316870152839
0.1294459101931905,0.11530624170915177,0.08875233396452643,0.12711873690837225,0.10639791467209599,0.10619572904961043,0.10654560090999425,0.13320566864964578,0.08703186394341274
0.11611521936238989,0.11467741965667293,0.12873958463266857,0.10626194267194904,0.10468912514395713,0.12524974533471436,0.12344006286453464,0.11653700118429762,0.06428989914881582
0.0707846940299718,0.10353060945825306,0.12564655462688587,0.07475895529871233,0.0591167220377359,0.12266479499357845,0.06476517279379487,0.036765381276856864,0.34196711548421077
0.10637871020287136,0.08451273416263412,0.054710633229506776,0.10686122015142613,0.11042532240245521,0.0705062706117396,0.06930748343054399,0.06881843730805091,0.3284791885007719
0.11405492785529876,0.11788456207225288,0.1416069174556852,0.10198766117489438,0.0970233981266288,0.12643282451288249,0.12017967011501184,0.1029006537902268,0.07792938489711887
0.12170837265476087,0.11158449506805583,0.11449686016204193,0.11388785000463049,0.11381361414572111,0.11848374097922282,0.11987721694475058,0.13105120507308338,0.055096644967733026
0.10837145156139971,0.12410424367216173,0.14140946587320233,0.09783780120023716,0.08313592852183865,0.13149152788104992,0.10817200546381382,0.08265159345994606,0.12282598236635069
0.10807631115208281,0.12570137275144574,0.1294178803372663,0.09928841328075642,0.0847341257027779,0.1343108660603671,0.1085330683998899,0.08356893866260401,0.12636902365280991
0.11746298708905055,0.11578443592206057,0.10760667025132215,0.11282094438061278,0.10464562362824326,0.12721544663202788,0.12234561201760173,0.13008202517381218,0.06203625490526891
0.10106882950013944,0.12361935640906711,0.1342435965809567,0.09362213063720659,0.07370161089470538,0.13226790845674982,0.09621626586274257,0.06862946248634753,0.17663083917208486
0.11558305177892775,0.11589176197260061,0.12704197157666597,0.10612739616419764,0.10318663424692524,0.12664969960170167,0.12333198017063958,0.11527205585492346,0.06691544863341813
0.11634278152022277,0.1148912235490972,0.12323783257853382,0.10768850692490238,0.10515698956193224,0.1259709071625277,0.12362710618330497,0.11970496989408669,0.06337968262539224
0.12214333364831116,0.11394355500051974,0.10391090281719946,0.11757729923405418,0.10921659374972674,0.11981361116016005,0.1181828356313675,0.135935037772671,0.059276830985990125
0.1160541958634184,0.11395064798394176,0.13783939750777385,0.1043345951920794,0.10408042007730485,0.12352931897826806,0.1227674869959231,0.1124911507518218,0.06495278664946867
0.11867743527605368,0.09765757451163097,0.06709508074846081,0.11823979047782784,0.09957317018331906,0.07924370250093947,0.0802471637231394,0.09255325962971735,0.24671282294891142
0.1055404379476627,0.11950083379145975,0.1760787269460656,0.0898985680344045,0.06952707056626255,0.12417959207435869,0.09607111336841238,0.06975298877957357,0.14945066849180025
0.11245789941706881,0.11516491814564178,0.20916385239543314,0.08795666660759537,0.06916841743208234,0.1163785036217427,0.09667493296999104,0.07257501675893661,0.12045979265150819
0.12639084849942547,0.1170603693374213,0.08321446199076173,0.12757870969892968,0.09933891856115103,0.11016934449542565,0.10488328842719336,0.13670000459362527,0.09466405439606651
0.04709999127950055,0.10764661049506573,0.0430196750497031,0.1060407530663467,0.09674591794717978,0.13803124045245024,0.06405167198939955,0.023499092692889873,0.3738650470274645
0.12865440202935416,0.11530840817658124,0.09156292514841578,0.12576552114355286,0.10761363714414567,0.1088171486965085,0.10887801557888772,0.13506914555438776,0.07833079652816623
0.09757520018054738,0.121912970513961,0.1323195900099227,0.09108887977511741,0.06992721282504251,0.13134461125641964,0.09137503986931221,0.06366897566719669,0.20078751990248053
0.12410918423417704,0.1165160185486654,0.09232420026316214,0.12310847038352868,0.10339042860183194,0.11765339113125328,0.11279060990062051,0.14012197447277955,0.06998572246398142
0.04793946882011258,0.10712304164702786,0.050152081906955304,0.10427976008707847,0.0947849790361903,0.13684855906870658,0.06407526167676081,0.02388027174166833,0.37091657601549977
0.1131990454306001,0.11914728662893788,0.14587394440212234,0.10059895721948552,0.09360013141905905,0.126851029804809,0.11794289178971562,0.0978422148693805,0.08494449843588986
0.1148682400774988,0.11882550360316381,0.11436477076083255,0.1080929732511212,0.10099048275446548,0.13096430071704745,0.12298237110527994,0.11761178081677011,0.07129957691382072
0.041364434443105745,0.10742765847552353,0.04829724757741407,0.11442281698523159,0.11602509475754014,0.13453136138677482,0.062418613299331786,0.01872258984228707,0.35679018323279116
0.12720667495846683,0.11664429884252675,0.08538958318185724,0.1272684729580488,0.10142848251453622,0.10968840994831529,0.1060153323225655,0.13634313500830428,0.09001561026537909
0.11464992574572852,0.11848123037441972,0.12149926757080139,0.1062954362136352,0.10063034181136198,0.12974722515461418,0.12276387153388939,0.11340154307954246,0.07253115851600718
0.09693117470042971,0.12396670161738521,0.10826840537715145,0.09405698811537933,0.07399045321080451,0.13564757467838215,0.09198684037396493,0.06412843630241492,0.2110234256240878
0.11711640539887562,0.11407380113316007,0.12045824743106148,0.10904709033003296,0.10674907628868986,0.12509077743617072,0.12346526581152421,0.12318356238158608,0.06081577378889896
0.11008239987353023,0.12321595350649128,0.14217202871106005,0.09890508294825551,0.08637853983597137,0.1306359318517633,0.11166908804503212,0.08747242171527497,0.10946855351262112
0.11662903572400252,0.10088228040002643,0.06539998052700365,0.11934328962302032,0.09570943873204302,0.08451580197163326,0.08181500155169603,0.09915866465770672,0.23654650681286804
0.12232229932818812,0.11470976656279108,0.10077328606358299,0.11880599056599021,0.10752298414205048,0.12003261710844625,0.11730565230529932,0.13737817485827652,0.061149229065374976
0.12588002460804895,0.1154415753943151,0.09471060809814343,0.12316939388984001,0.10700835155745118,0.11443244735859448,0.11250733151229962,0.13800429463538805,0.06884597294591914
0.11529048727757248,0.11645899244158393,0.12744835350511938,0.10575650876108905,0.10233239916965235,0.12714098149954953,0.12312777601312282,0.1138859353106474,0.0685585660216631
0.12189121128693338,0.11427355693611453,0.10294897915991447,0.11775441684462067,0.1083458391669317,0.1204017204288984,0.1181799802215273,0.13637052845706515,0.05983376749799449
0.1150728396485004,0.11418944672889858,0.1946781570716379,0.0932291275915252,0.0833679012457658,0.11655518862873189,0.1085456753005285,0.08547088388965984,0.08889077989475187
0.11973375915314122,0.11399080391180277,0.10796510275814976,0.11461117967696277,0.10806471983169562,0.12308722415465052,0.12082069069110342,0.13308902427956013,0.058637495542933814
0.11427798811117335,0.11738267469082182,0.14212833707113393,0.102079079394422,0.09766210650025249,0.12595113885754253,0.1204765536033231,0.10367295316452918,0.07636916860680167
0.10818594656381463,0.12201186990863043,0.158598477971658,0.0951047619978636,0.07899296827821743,0.12776875701799262,0.10523025703685174,0.07902656043451069,0.12508040079046084
0.11742910265334687,0.11528576702659273,0.11051503094212582,0.11194766692495241,0.10542484076810325,0.12665309866906244,0.12273345000209583,0.12857162791902346,0.061439415094697226
0.12528717025765043,0.11711064136042719,0.07939603794722981,0.12807469528017956,0.09670667797957455,0.10914809897257481,0.10206247402165299,0.13535644607824612,0.10685775810246452
0.08161535813499506,0.09980207436037153,0.1667103728346432,0.06965465697350696,0.05371810756565048,0.11431491108416518,0.06301518832765214,0.03809616578794618,0.31307316493106924
0.10895611080213681,0.12269407932597294,0.15127871090542327,0.09678259297891582,0.08219478722893397,0.12912098943039527,0.10804788283661453,0.0824219080995235,0.11850293839208381
0.03486620133705849,0.10961910157647252,0.029351298014886496,0.1248290054482158,0.1391848982271621,0.1333577094671093,0.06023300102212533,0.014491867169778782,0.3540669177371912
0.11890437068145154,0.11594241904664587,0.10153200098389818,0.11605550854547238,0.10414166969401399,0.12580494555223873,0.12019006818180637,0.13545416732288856,0.06197484999158437
0.12678431809965507,0.114541636184722,0.0972885739787866,0.12264896313240214,0.11012881173593903,0.11271574582649994,0.11277940926379587,0.1363328583937962,0.06677968338440322
0.10965797081053218,0.12277056596950897,0.14801255345762174,0.09775326983382289,0.08431976949107789,0.12954719681922713,0.10999594765054987,0.08501234784286245,0.11293037812479682
0.11967626028724354,0.11022798425257198,0.1280566799980928,0.10901855103299206,0.11361333377253553,0.11903010319412581,0.12179121362742888,0.12414498190338825,0.05444089193162118
0.12114661754615474,0.11604446465377051,0.09717074921300266,0.11934533468170849,0.10402275602530481,0.12256909324196165,0.11713460295189593,0.13897201649915814,0.06359436518704299
0.12371361951838165,0.11244400297698892,0.10797740391563947,0.11710485978452012,0.11369501383328899,0.11648974289407728,0.11758087980570242,0.1338581652829792,0.05713631198842192
0.11186838752737784,0.1187177745366244,0.1718454396894378,0.09540732360461439,0.08326897592781922,0.12323281702536122,0.10971277434422204,0.085164998387929,0.10078150895661413
0.11321591833311155,0.12119739016216706,0.12537790143133024,0.1040014116933163,0.0964516246862069,0.13145223156645347,0.120170263058837,0.10444462863098757,0.08368863043758995
0.11361753379109579,0.12132625283915066,0.11715313212922468,0.10591086812973434,0.09794337486701549,0.13280915954212127,0.12124233864886247,0.10945134853894724,0.08054599151384802
0.06402307365893296,0.10655327049797357,0.07544953777333598,0.08267173719282599,0.06718955296858463,0.13078238064269068,0.06618794312955711,0.034732209489368907,0.3724102946467302
0.1136100807305513,0.1206382066106038,0.12308421464714181,0.10481789948057806,0.09769792956292563,0.13135114982784188,0.12107960884835117,0.10729762512617218,0.08042328516583429
0.12099456512777639,0.11554888717795865,0.09923988423974787,0.11847677010484371,0.10514309318190852,0.12253335302937025,0.11792715270347331,0.13796425411235866,0.06217204032256272
0.11358630469775627,0.12045370580149724,0.1251617265405337,0.10442263742402724,0.0974991376098644,0.13089081098843877,0.12093195146025566,0.10645011473487682,0.08060361074274991
0.12896397214062358,0.11474034653349241,0.09389049261012634,0.12503643920358967,0.1099777271219346,0.10852932605923171,0.1097614678924272,0.1344180673115768,0.07468216112699767
0.12016498540905635,0.11558564499131214,0.10036622316761458,0.11746834631602132,0.10491887173579917,0.1237869371494304,0.11890915405565584,0.1370790840673113,0.061720753107798954
0.12860264961398815,0.11541250243717023,0.08313832048843212,0.12840402929217093,0.10192857523068477,0.10415580325681378,0.10270516969000364,0.1311829970812302,0.10446995290950613
0.12879018894025632,0.11460404143998502,0.08170321670799058,0.1286807482031023,0.10174436884437,0.1015863206407749,0.10089151357051356,0.12831865705049658,0.1136809446025107
0.12302666290418755,0.11018331135965832,0.07176817364569879,0.12628628064851607,0.09592948082897129,0.09492059025145498,0.09147145501487647,0.11706660688212989,0.1693474384645067
0.13000570703826875,0.11481595194465977,0.09093999204834592,0.12659975440462864,0.1088753409548567,0.10573296936153702,0.10741202882696887,0.13258562508891716,0.0830326303318172
0.12739351998287593,0.11583277111673851,0.09118682009336448,0.12530331506904913,0.10582593726840499,0.11131631388688368,0.10967612074457674,0.1369731179861623,0.07649208385194421
0.10992353996443179,0.12180977330275028,0.15497754238350783,0.09687255685666118,0.08332808234350357,0.12790185912731442,0.10942784346412798,0.08425896437240377,0.11149983818529918
0.12275851043584592,0.11379758284491526,0.10374571442131116,0.11801218778054283,0.1098881595028387,0.11881895714002888,0.11765392477504767,0.13597746079062434,0.05934750230884526
0.1285504062283868,0.11405392200848397,0.0973937616051117,0.12349781604919437,0.11247686790490032,0.10945440238463879,0.11143994604288442,0.13426759271756014,0.0688652850588395
0.12210856880204297,0.1138915114925727,0.10415773349765085,0.11746976337668354,0.10931606625533709,0.11982802018091454,0.11826075291959297,0.13581970718528769,0.059147876289917654
0.09213397966115916,0.12133130012903841,0.10117463143820897,0.09114158153816691,0.07054730870945543,0.13462013478963475,0.08659913699292193,0.05856455726502883,0.24388736947638556
0.12597609910570842,0.11241395683504789,0.10595965646865467,0.11901260108224243,0.11567229662780365,0.11308169567260114,0.11545388576452736,0.13359153347522515,0.05883827496818935
0.11080016843312475,0.12111025009155803,0.1559912247365388,0.09730799839616157,0.08504163521686546,0.1271610754415933,0.11109352699277315,0.08655402463436825,0.10494009605701671
0.10773261569302224,0.11808509770180993,0.18835292154481387,0.08908451382437077,0.06900662036519149,0.12152239764650163,0.09622308630412972,0.07058075930253205,0.13941198761762832
0.11886290322866729,0.11299113118783931,0.11576881738773548,0.11166826261762015,0.10934137802226247,0.12295854145948731,0.12226609380090762,0.12854140704234798,0.05760146525313248
0.1152484196740007,0.11742291080123997,0.119346650288083,0.10743702984614978,0.10218104955429737,0.12901835484794213,0.12333181944486556,0.11719911366227471,0.06881465188114676
0.11680553239127116,0.11162132125838352,0.1504513561925418,0.10242120847220786,0.10502136669245109,0.11981484087250006,0.12151758793558147,0.10969381399617191,0.06265297218889118
0.11373278518426348,0.12004112670186178,0.12604615552877269,0.1044187816174277,0.0978517926134227,0.1304254195256636,0.1211585067597128,0.10690500788828905,0.0794204241805862
0.08085589288002624,0.11356467536191732,0.09780135337669525,0.08210337940668215,0.06222673664294468,0.13007642497925576,0.07533320865993023,0.04777449434198843,0.31026383435055993
0.08510541156744962,0.11400922620823907,0.12307757210973895,0.08125882652930944,0.05997973435455897,0.12737485712649252,0.07699436274166917,0.05027400691374715,0.28192600244879507
0.035681992861073715,0.10824653621653424,0.03969656098608951,0.12519253586850912,0.15201666591684768,0.12721414983269727,0.05869883979479391,0.012322006989087461,0.34093071153436716
0.11504579317923987,0.11695103144291859,0.12779625433094813,0.10544254664532467,0.10160087310445431,0.12754829620967822,0.12290392399268242,0.1126687644980003,0.0700425165967536
0.1293596736609459,0.114789109899446,0.09292003231826339,0.12558722030973637,0.10966326284859583,0.10759221081050452,0.10899289552670793,0.13386697499117162,0.07722861963462853
0.12749545789996664,0.11538838246456264,0.09310586983621759,0.12462315563315529,0.10750696387291538,0.11135244668843843,0.11055897080983806,0.13660553346192952,0.07336321933297639
0.08186403900944474,0.11297544560220474,0.11119583282744595,0.0806279012744416,0.06022038452168774,0.12815483427704724,0.07505123091779901,0.048033007051775795,0.30187732451815324
0.10191191458665554,0.12075342891302177,0.15876609603974967,0.09021520384421451,0.06912747612393268,0.12734063348801966,0.0939582594893665,0.06694172650322923,0.17098526101181036
0.11326621712469721,0.11935537181103134,0.1422056346763893,0.10125105692956005,0.09446817390598346,0.12752996221798185,0.11861850364172155,0.0993034796677088,0.08400160002492645
0.11095568742574101,0.120656340441796,0.15916978707217005,0.09690864832535144,0.08462270714764421,0.1263941850707869,0.11080027497926005,0.08619713591140354,0.10429523362584686
0.12484967729373253,0.11763897480287207,0.08606778547423533,0.12590159269447682,0.09955759265168819,0.11523860291835646,0.10844742597556163,0.14026007838382218,0.08203826980525482
0.04916986444038279,0.10666502189706943,0.056018218800639,0.1020466904332867,0.09201879245105733,0.13596010571377837,0.06414614995587446,0.024551982400557223,0.36942317390735474
0.10605199611728465,0.12791415266474318,0.11159033138456147,0.10015592398097094,0.08426900631285102,0.1384236012436542,0.10492929281413832,0.07987663715609115,0.1467890583257051
0.1260739851662692,0.11663296066634472,0.08937679369186768,0.1253221663350156,0.10303380788368503,0.11361975293400002,0.10967580773701202,0.13880732768109508,0.07745739790471072
