0.1442726383296385,0.02597211761308732,0.09896504701908677,0.0986699696251252,0.10759345075735656,0.07797797186516554,0.1514485652182007,0.13374403750676708,0.1613562020655724
0.16703120532551097,0.054087962451076534,0.05775332059308006,0.05290871412679315,0.1407019678181588,0.026436812205365676,0.10470738755486497,0.24924471513380833,0.14712791479134146
0.0820315181846141,0.1587894621807047,0.13291497514475728,0.12424420769701561,0.1009811565582811,0.14271550920894405,0.09550314682607426,0.07932299550191471,0.08349702869769421
0.08064704105212823,0.13129240520567842,0.1335957741259673,0.12344138858042653,0.10065562176562164,0.13806525301686787,0.09161024210150638,0.09376584223601864,0.10692643191578495
0.11986733405145374,0.05986720731384921,0.12841339521957887,0.11821204074326679,0.10535130593870097,0.12458710326928013,0.1350351086704771,0.09096707613635287,0.11769942865704026
0.2587830094903191,5.771143692164837e-05,0.004588999627109374,0.009657837274215337,0.08658517280060839,0.004441579913002213,0.14281834334906082,0.21389588493946513,0.2791714611692981
0.17821211613863627,0.05613155815449424,0.05848216921741977,0.053706762374689666,0.14769403735078607,0.02794969189854675,0.11291189752960556,0.2310629070000806,0.13384886033574112
0.08230484766349642,0.1591133709841618,0.13092822831897166,0.1232814551906632,0.10181638180813905,0.1390525050677623,0.09458422468082332,0.08244753381132919,0.08647145247465308
0.15256532874741532,0.08777767599574267,0.07360579594852104,0.07237808246721085,0.1422262110198723,0.041280581303813894,0.10980932459513394,0.1946340018955485,0.12572299802674147
0.0818966344049139,0.15782784976195294,0.13413176028734014,0.12478980402699562,0.10047488361165595,0.1448641356392217,0.09603112015264122,0.07776161380848783,0.08222219830679071
0.13892939348158473,0.11061792493718271,0.08305178350580578,0.08422288307594082,0.1382186876166294,0.05292702394858976,0.1087452008682211,0.16695527334738913,0.1163318292186566
0.27658351328137304,2.8567077139632372e-05,0.0034351125524798316,0.008632427520517778,0.0963962100244052,0.0031331835488683027,0.13172349524935015,0.21720634893745483,0.2628611418084112
0.08145032494859801,0.15154513002506456,0.1315847686044103,0.12322754377045603,0.10130392401761444,0.13888095529524,0.09320512611016595,0.08594369962234427,0.09285852760610637
0.17940438767008757,0.005895988636375176,0.0470822078697718,0.05773148138301525,0.09550102253480929,0.03608989395282885,0.17921803891696028,0.16817892738559717,0.23089805165055463
0.09287900066027781,0.09583644555754073,0.14001932254506944,0.1262559827471518,0.1017881494737271,0.14087701585756893,0.10684143706299072,0.09073283805821812,0.10476980803745532
0.12151134369524248,0.13639063579393795,0.09400398260701574,0.09709072023006211,0.13026730776348264,0.07000381910077082,0.10514713839331952,0.13888906807919743,0.10669598433697132
0.1073516890265515,0.07224897317655023,0.1351395197987061,0.12303591744737626,0.1044499928778656,0.1308686062547901,0.12142497136313475,0.09404633240352556,0.11143399765149986
0.10687960632123705,0.06812752811448165,0.1336408110153532,0.12230536050694742,0.10524347760089374,0.1250500528454126,0.11930051517131134,0.10182237847904196,0.117630269945321
0.08234004437538499,0.1572376514677243,0.12945142274916452,0.1224384256395949,0.10235427333972007,0.13607716408017922,0.0935218994646609,0.08594807998372679,0.09063103889984431
0.08521418330940116,0.16445802099905094,0.12464350170507948,0.1204025854030481,0.10522394419357971,0.12832162631226154,0.09448225798926184,0.08841663116098182,0.08883724892733537
0.12693489978819975,0.044406317595559575,0.11935890209948297,0.11276737807388881,0.1075171364028013,0.10430966171761169,0.13772407230473885,0.1119553924604876,0.13502623955722934
0.09018694130829423,0.16053576696968844,0.11606906582577685,0.11542185894946307,0.11014686721182054,0.11244246524159111,0.09403290575896443,0.1021557725511738,0.0990083561832275
0.08830029330455015,0.12345676982256744,0.14314769803500205,0.128050470674583,0.0987603285200882,0.15668813351588115,0.10658815288741419,0.07213875530765912,0.08286939793225469
0.17580158834765616,0.006249784368048083,0.04991069731880434,0.060549396437691506,0.09720277940139112,0.03624015759128393,0.1758033980639356,0.17445774112362952,0.22378445734755983
0.08068113241702976,0.1411419207700795,0.13220988247633805,0.12307763865034078,0.10092901417570971,0.13797271764341112,0.09173967538835347,0.09082620145028014,0.10142181702845748
0.2119702486723863,0.011670396623024422,0.025270740849270123,0.018738589411564713,0.13482684302424716,0.009526047380319114,0.09823707110161643,0.32089321769093854,0.168866845246633
0.09375809255766432,0.09537244534107168,0.1402351041546859,0.12634752682386918,0.10178035661184925,0.1416381541103924,0.108106200497106,0.08936468575320404,0.10339743415015729
0.09179839114208482,0.14974198631200866,0.110041245697815,0.11104364943369492,0.11234723003270247,0.10198444365271553,0.09139930601539631,0.1170390909820842,0.11460465673149811
0.08419993933575097,0.13994354710809123,0.14169744632809003,0.12774277408704204,0.09821477478901142,0.15683200965399086,0.10213385959546657,0.07064765193108802,0.07858799717146887
0.15715727377863173,0.07958204235176947,0.0700397093127227,0.06789662517215589,0.14295990649257198,0.037523413078772695,0.10965300788539245,0.2057302576113006,0.12945776431668254
0.1175835802123981,0.04816067994974371,0.12333962854267537,0.11587248824335095,0.10798495106513444,0.10436368863081606,0.1268930750391253,0.12071595069555276,0.13508595762120332
0.20599644241435408,0.0007297245250484349,0.01657888016966109,0.02898820870844369,0.0895168658483027,0.011780190500679901,0.16839372232298425,0.21435836547944587,0.26365760003108
0.11782720978077053,0.14682589836763046,0.09809872402458493,0.10145734377865573,0.12839386096872432,0.07695328745609657,0.1059074908583773,0.12609047471736373,0.09844571004779652
0.18283490617990672,0.04328485057803286,0.0513430556953075,0.045333855782120486,0.1442299912255434,0.022581646499585828,0.10860751866492241,0.25798745043514415,0.1437967249394367
0.08907282410339183,0.10677571967808769,0.1407702694741386,0.12677224115752075,0.10067843039002598,0.1448454449096028,0.10345720406734953,0.08717707633223244,0.1004507898876504
0.09168744386665746,0.15142328649277173,0.11086476836177521,0.11166699423144943,0.1121086121475033,0.10333971517699701,0.09184929259173985,0.11485819970471615,0.11220168742638992
0.09713526918949973,0.1593174279724863,0.11005884020639901,0.11159207356801974,0.1152487634891497,0.10075717845989522,0.0968005038258548,0.10954325217587209,0.09954669111282348
0.11433620370540666,0.14128539703085705,0.09709183204881422,0.10036490418004397,0.12624099725700913,0.07592290060403245,0.10184279830144233,0.13442844936418666,0.10848651750820754
