0.07663710344385255,0.08517773223456775,0.01224371364198533,0.5436897207304585,0.027443632211033863,0.036135051404475975,0.030039898221533023,0.1738800873957945,0.014753060716298477
0.23796735267640376,0.13696863295481668,0.0872944815275879,0.20134820731400474,0.04868325753393484,0.09394646100566355,0.012340594446084043,0.14854622959753214,0.03290478294397233
0.29112677065977904,0.06076698258568641,0.24188148084841923,0.021801513520706445,0.18717209463242682,0.05634476157451241,0.06019794883588012,0.004391474805113172,0.07631697253747631
0.20229424494248371,0.16474301257814966,0.10253263920158513,0.08650844371031112,0.24016325799465874,0.0856000329613857,0.05176681730516008,0.02065241624695861,0.045739135059307344
0.01794066888549014,0.17240295345982715,0.24519062600007724,0.014273640878574329,0.03924544851210616,0.17951231276950733,0.015832558340221643,0.14704288277635685,0.16855890837783918
0.1894953699103843,0.07687190541816034,0.08368767254820438,0.10594221963301247,0.11527178722972524,0.12369674367495925,0.023458986564651518,0.0937509424402219,0.18782437258068066
0.1547425534824685,0.10582544962440153,0.05621250681337984,0.06323664257138582,0.06747686560239145,0.14494759875540886,0.07752171891207967,0.2531339532953109,0.07690271094317343
0.2786030461572244,0.023810488556491188,0.3908063893085491,0.006932647207036562,0.09720281656485275,0.049920384011503345,0.02325132720272206,0.009458832697326855,0.12001406829429367
0.03448576268545433,0.07062016558454247,0.09381882036323573,0.06857215104375922,0.48034705275967005,0.12068308195398736,0.0830926228164363,0.0379949869111924,0.010385355881722173
0.10365544978017154,0.19117472481276984,0.06800681698051006,0.03208204275916823,0.026143383142522302,0.12034847908198638,0.023517665506887917,0.41915329759302494,0.015918140342958863
0.07147844531404889,0.04957051344452273,0.08297557443053567,0.021826853989959927,0.5131813808463943,0.10212439637592374,0.09553914352209014,0.04978917088109739,0.013514521195427086
0.12914567574815702,0.03353799251500152,0.05123992257123102,0.07312705432198303,0.08425141362724238,0.12287711693044019,0.0376835677143309,0.32888317367077835,0.1392540829008355
0.276220902933157,0.015813047892893523,0.06837084384897424,0.017112152680246524,0.1702467739166732,0.05707650626007271,0.20041478067585197,0.007005269162672104,0.18773972262945884
0.3193037363585421,0.05840768316017456,0.05514862515599236,0.04258475326017688,0.1760423746794251,0.14325658651445503,0.05214935363393327,0.04416063436433728,0.10894625287296351
0.042236153528205665,0.19565535253769384,0.13439693488799717,0.041803012513981365,0.07451001949804108,0.21769773424717329,0.08110672448540462,0.19787895532228028,0.014715112979222763
0.4578585144843783,0.056701265481856535,0.037293875386564763,0.0442777381549849,0.1037708989715689,0.10454019392714975,0.07833618862123376,0.04041054149671055,0.07681078347555255
0.37782967254672656,0.09703266564181152,0.1026691779023322,0.0312894765207574,0.09913209682687318,0.14386531103484002,0.06367707729201409,0.008964864090502308,0.07553965814414265
0.1553338504020392,0.11577786799415446,0.04346986598060972,0.04746906597368548,0.02921914261840865,0.08713608548409697,0.01568561950941712,0.18984935870324474,0.31605914333434365
0.07537747424395054,0.02691562027476827,0.038166927600987055,0.14252556692580254,0.19083853536815376,0.08304734258931175,0.024821786712432337,0.2998793391403773,0.11842740714421647
0.28811022455321034,0.03234714506006333,0.1831751557852047,0.008532830493602681,0.1414321015962008,0.08115001745885086,0.22423978965229954,0.010993349713357683,0.030019385687210017
0.25952383228095094,0.03918686698150772,0.06818264501804043,0.12933414034378443,0.18888059822726402,0.10751024380082809,0.04168080773454725,0.06229933988791889,0.10340152572515822
0.26479032155120236,0.16279911337055172,0.04301872615614837,0.01637921875467944,0.026406762832586677,0.16007006387543307,0.1250356831369542,0.0789921333387044,0.12250797698373973
0.42890849352826704,0.11641387342693842,0.10208948768374987,0.022899755993969012,0.11700870064115594,0.08992247946594549,0.07737699770590523,0.020059369624691625,0.02532084192937739
0.1916050740021438,0.20215296410752237,0.25381378051017917,0.12856074472973403,0.09151092066332632,0.025025405594763708,0.018750860097852803,0.07514042951662224,0.013439820777855513
0.2670845263107627,0.05097749449801572,0.06338373308553337,0.07358879591521615,0.16205536499654605,0.07896494038651312,0.1689910426280022,0.00771937569439813,0.12723472648501263
0.05329092201480226,0.09992703408121235,0.08394735268087979,0.1712324400268991,0.24229707757376165,0.014917465351851351,0.22935177622340674,0.0028986190366322925,0.10213731301055438
0.08486568312362074,0.05293462238581864,0.046471513609858406,0.1129532299079203,0.030446978409494844,0.11140106246900704,0.023203197464677194,0.5079081999184588,0.029815512711144104
0.08900278781863309,0.2657065032363147,0.015647888220932528,0.012001035887935834,0.063793266731364,0.09237981655864635,0.11558037045201301,0.008982237194574388,0.3369060938995861
0.06830762647466604,0.27918906534434007,0.044334198822060134,0.05125333790722345,0.020819073081642877,0.07073472787491099,0.028236463435183556,0.4266426054006954,0.010482901659277476
0.07788989849289453,0.29233169001222703,0.06335616055428665,0.03261348485719948,0.017405216491166414,0.18837766053140534,0.06673319086844708,0.17130356450334916,0.08998913368902421
0.14827893776011972,0.06026720936024065,0.08154395911022817,0.024891215102513384,0.10914058531051735,0.09408821660737804,0.04137131256892714,0.11220497774735096,0.3282135864327246
0.03072477935041391,0.013296764533359822,0.050323838035352696,0.01713568685164708,0.20514044074727478,0.09691843032009595,0.37297795056028443,0.010761529660031535,0.20272057994153972
0.06100038731982441,0.05497480049596908,0.3240485009431093,0.03864340327752357,0.06247671101308125,0.06536185649766328,0.024067246949534323,0.20990195356288532,0.15952513994040954
0.27890826502456667,0.03469241910320551,0.08978008171375558,0.06826535211011257,0.1565227871830526,0.09155424883729657,0.06497445617432115,0.0353449484524074,0.1799574414012819
0.032224173455320616,0.26591629965667246,0.05834868764101427,0.04057393897147881,0.18588807576695118,0.1622570058904189,0.16829367950870266,0.0782179040995921,0.008280235009848966
0.1830238298341298,0.2824341909363478,0.0645031449778559,0.027489451098267143,0.04713162788642369,0.13336395824254454,0.054472920997566156,0.17578375028609203,0.03179712574077297
0.4213481390317552,0.07673198174559862,0.15808919694443155,0.023328697620001,0.0557492750164288,0.1051346606799677,0.03018025188935207,0.0178911318154782,0.11154666525698692
0.10271628612198824,0.10207859251254299,0.17128230682619142,0.13432826151808622,0.20678988445012855,0.13219407960819488,0.02286988418801569,0.024973192903261998,0.10276751187159006
0.0959950540809667,0.014207574423091262,0.02812725976005224,0.06822178609981726,0.08586969835566849,0.035380389249498434,0.29264522294228373,0.07748231971394841,0.3020706953746734
0.37415768782192743,0.09988636391630819,0.08068715607588318,0.044745214138803065,0.07989903887185479,0.1092420594816328,0.03334841594207801,0.08873674198328403,0.08929732176822854
0.22862949534342727,0.03135841804629096,0.12170542742969352,0.017920554243567113,0.24418982774864192,0.1091560551282942,0.04216640866855171,0.0669326465848095,0.13794116680672378
0.1570835693296527,0.0667551980850079,0.06527787165872245,0.36040184166776806,0.06823618608758815,0.10116642547018313,0.05292640724621578,0.09092286247729081,0.03722963797757103
0.21975117726682136,0.20205708845038498,0.08181691820278228,0.029414716387056176,0.12684370456712904,0.07150030303825873,0.05677348333593607,0.16001682383034174,0.05182578492128966
0.027863700356119615,0.14212079064931013,0.1661837461025074,0.07861741949224194,0.09328460967427162,0.10756481717228583,0.2952787483075809,0.08454609767210607,0.0045400705735764305
0.13171024664871236,0.11722276920708567,0.14795393690143147,0.023901336343232608,0.2266050259348252,0.10717849306008949,0.16644210258880512,0.05096851598035027,0.028017573335467883
0.10546496304914872,0.18405957084573088,0.0983388898719994,0.09821947485933953,0.09766776116719116,0.1554296276880921,0.01421162940706931,0.2046932315295326,0.04191485158189623
0.09410857837347915,0.22295658315364072,0.14650807777220087,0.03551609286836024,0.04715143174011929,0.19281000200334608,0.03357862438817699,0.06821578001134465,0.1591548296893321
0.4413419407410409,0.18647025726913055,0.03686894585288596,0.02657931653312075,0.15955686294930077,0.05669510844634306,0.01472267855820335,0.057695922939208825,0.020068966710765714
0.23153057051120515,0.0752990405512174,0.10300245058112077,0.14064624314335758,0.17695862958408273,0.07467541153540024,0.07272498198251122,0.05620230172496832,0.06896037038613667
0.352352981540956,0.0553309061270962,0.17119774046966638,0.041042516371783334,0.22238042735349647,0.04275951348679605,0.017585269271483253,0.05187204924051427,0.04547859613820818
0.030896570035811154,0.05207293941523666,0.06216515114931157,0.01266737997082139,0.1260064827353677,0.10400760974536305,0.22767800390769635,0.00411459826541291,0.38039126477497925
0.05570889589598588,0.2669699933701375,0.1360919716130958,0.10098467385849162,0.06656159728508561,0.1346970275854621,0.06620750110892176,0.12566022982786954,0.04711810945495018
0.04420737780338443,0.15563995520173954,0.19723982236134607,0.06088000884099503,0.05311706231590374,0.11561168749618649,0.012376842255851167,0.34352457947683424,0.01740266424775934
0.014647166523306944,0.07955218098672712,0.06633176921907728,0.10231264801948174,0.1478349533239607,0.21727051971073363,0.3022653065539365,0.03166528734547964,0.0381201683172964
0.18879126171594726,0.12657040447360443,0.038302919751746094,0.07770411770839038,0.02350147731774332,0.15064027461785326,0.05690577335496172,0.3150299674313495,0.022553803628404024
0.2065658099056469,0.05502646654122393,0.24441287360893107,0.01026143309287666,0.08371693056965218,0.0820699026149001,0.1092705286798279,0.03576576979877008,0.1729102851881711
0.14064898257562133,0.033549157407593046,0.04343073905147965,0.02270996499545246,0.10112597022408532,0.07302595329731222,0.43920481035906606,0.08013235160849086,0.06617207048089901
0.07854824392635598,0.3623608512207807,0.06153524246103745,0.13572000946562904,0.05771783738389256,0.05398142168721237,0.01784171508171058,0.21125655821725564,0.02103812055612563
0.05038990775093716,0.07565255335583794,0.0806748202815612,0.06820290077834916,0.06847525172969386,0.34404935109267903,0.06806072017752755,0.17964296568391327,0.06485152914950089
0.2904423405895244,0.10060655504749184,0.22073884044960437,0.05268903636401535,0.14789344545527963,0.025566034830326174,0.03254785844941525,0.08241460221062426,0.04710128660371873
0.080475618618841,0.0782603763329489,0.020020822749890133,0.6098863294589411,0.07841824645102659,0.04280049946378375,0.03421109239717632,0.03759267426207952,0.01833434026531269
0.026697966546160246,0.05104687255652527,0.024309414032374948,0.14659919685123537,0.24238543153306769,0.3276057295192362,0.10699204102724885,0.059215956876722035,0.015147391057429368
0.07179254243035611,0.06566063900198368,0.09003014893495971,0.049745870220152026,0.0713700667204598,0.17493029581032124,0.19979104076772422,0.20086337628922268,0.07581601982482063
0.21600301248088064,0.06831265343600691,0.025874715494194733,0.14421975634253703,0.17625432122051998,0.1374067909729945,0.04315269424459712,0.048582938670622446,0.14019311713764662
0.07213217526677872,0.028617224097309126,0.027913018557435526,0.5345088985641401,0.05872615633213902,0.05068728980626915,0.05481189661865123,0.1543866282783052,0.018216712478971903
0.12192290306715614,0.14299604611815017,0.06400319198131145,0.19535306859326332,0.08736210099682133,0.24071157263962992,0.05324472106967664,0.037214982446124034,0.05719141308786694
0.3034577106069456,0.04505843259401294,0.3392661729251583,0.018291503181445522,0.02320210890252415,0.07071217092129899,0.07161936587380813,0.0574328929024547,0.07095964209235157
0.05771611316583961,0.09192190617498423,0.33680408388782207,0.03401769986385147,0.08344267558438462,0.19419260845255984,0.1938417639908924,0.0041753873672750715,0.003887761512390684
0.24383006185112419,0.1440891647036867,0.0724510687092733,0.1267044918754654,0.09810480438079655,0.055869442213813736,0.1819322019948946,0.04360567789901402,0.033413086371931515
0.3257519812966498,0.15975989575449503,0.06289703520890182,0.024479257277397592,0.05163053770790527,0.09867634020582357,0.037190259273265774,0.04740154312796798,0.19221315014759313
0.5184013609985809,0.03195410346998199,0.04072287301566934,0.06140766911588482,0.052803244462086896,0.06325905932410743,0.02374586601592231,0.12974159723695267,0.07796422636081361
0.01994649266775741,0.019131479698699338,0.06380305956977479,0.019518691525530266,0.13200023906256497,0.039203017853114704,0.47018472670708283,0.0025738756438164166,0.23363841727165924
0.14280768310594305,0.04463336616337823,0.05544135918563368,0.1328031551672233,0.04110981597701661,0.10000252473462212,0.05277144109391499,0.42328366067876194,0.007146993893506109
0.16072272848246508,0.11501815647798047,0.04412570485465145,0.18649450677452242,0.1127206656891505,0.09439175657294614,0.08670707933965686,0.15660772882527918,0.04321167298334791
0.3789686534631585,0.04773041953024742,0.10707810887366903,0.01639305141491358,0.12999368625846233,0.18412502870313094,0.09938105551506517,0.014266330552066128,0.022063665689286846
0.11865089776571203,0.22528623390257074,0.07628429689827707,0.07873723475878808,0.09212130484419197,0.051612331257482234,0.035203694518098676,0.3117886067212827,0.010315399333596499
0.16376460418876335,0.27622589796251135,0.03157146353857178,0.26609820471964496,0.05053295240334432,0.09960505606826435,0.026966567315016957,0.06818719401787683,0.017048059786006226
0.32578513482472254,0.048941398287706495,0.07575454964471894,0.0041700212866478716,0.18795978565773264,0.14385708019495713,0.052033026746522736,0.022963646821693124,0.13853535653529847
0.05307321189068071,0.47905732947770235,0.05315779502264179,0.03555203410848649,0.02512802656266377,0.11379783588343052,0.020522145150527558,0.09369324341880107,0.1260183784850656
0.03518110415031317,0.08104929357685325,0.06390489369990056,0.09068849386942184,0.30719742782672127,0.11527855929162219,0.16883496979966772,0.11688546396686765,0.020979793818632436
0.1017265847439292,0.10738476545663948,0.04729076304896087,0.03274525940240622,0.07771430156422739,0.06598750442283861,0.1775943933908709,0.01807998295141291,0.37147644501871446
0.21369490012773285,0.06044763346986776,0.054519443060665224,0.06612170346063873,0.10882152404081952,0.11490287218108604,0.02837637309498581,0.10958053575425288,0.2435350148099512
0.5050409683488285,0.1180780685503341,0.04641023810022359,0.07335884894975209,0.09513688520222563,0.027805103977687887,0.022418106513767383,0.07302238697085743,0.03872939338632344
0.2557975696888251,0.040904290964910855,0.07477336954507098,0.03116748918423368,0.09140948812764578,0.2206463020021229,0.1731508480906181,0.07298417267076317,0.03916646972580938
0.11778337027432362,0.07547371978661925,0.20561408584483956,0.05026447492743627,0.11022756848423372,0.16668746820702798,0.23130404291926668,0.03308417603283751,0.00956109352341536
0.3609315056792779,0.061761381462384086,0.12521017237942053,0.043210916009071725,0.2061474746051802,0.07948920650477742,0.05279039365325483,0.00548281735807539,0.06497613234855791
0.008152036279769482,0.03720732331911127,0.2862408769305496,0.027224203160696153,0.19306956685094412,0.12272542210003985,0.2743984894140432,0.03035154939752098,0.02063053254732534
0.5339629606963956,0.1044706466736562,0.02779152777084537,0.09960850340341111,0.025984218542724164,0.04651799091725714,0.023822187140804932,0.10431965835501884,0.03352230649988663
0.2794276729409811,0.1157754944956938,0.03785102592254363,0.06111207926332646,0.07742722379926355,0.09991401442491103,0.061021079493478625,0.0044293214703238605,0.26304208818947794
0.0629202255770654,0.09536351496771674,0.07474635081970259,0.042813969737030784,0.07099660290274566,0.29735883127247587,0.1599985811566057,0.0394348325558276,0.15636709101082966
0.025271249442857257,0.088893778615942,0.4123849396839159,0.012619951286595552,0.16366371531375887,0.15827474987701892,0.08417213029143066,0.025594893125197013,0.029124592363283932
0.03922130488408271,0.0354819328031922,0.023934480241723916,0.5037081217457483,0.08900526793198799,0.07058167298645522,0.04465081229490867,0.17452116655686736,0.01889524055503368
0.141384184906005,0.09521306279836823,0.07885201576563827,0.15877977344335256,0.11220362311976861,0.13695106219094136,0.23626885704231673,0.0284067378780079,0.011940682855601311
0.020482538812123027,0.09880473524636753,0.09724175769201017,0.07448270236482141,0.21856195567767323,0.13850608207987677,0.2900507124956312,0.038091406914501455,0.02377810871699526
0.2744789091417242,0.19440076873174736,0.06616178531761775,0.037118308290983205,0.0837026995582852,0.1675914121230971,0.04055053193104708,0.10587489461960635,0.030120690285891788
0.26043752665813685,0.08377868073821286,0.21430993322700456,0.05805931586020305,0.035583050556790626,0.1729261290766029,0.07008058489499346,0.025638771880893547,0.07918600710716212
0.44594983856966214,0.08381508444399892,0.12280982720805082,0.02542889291883416,0.1361304584273846,0.039063424819353716,0.018406884181944447,0.020878633606463925,0.10751695582430727
0.020272596251129222,0.11344655397880536,0.16184454806946816,0.07211483801418335,0.15192931009148458,0.23967744614329486,0.08602830561583641,0.09741419417399182,0.05727220766180622
0.051212174244981284,0.06157582990740646,0.31020058161854447,0.022943734963423917,0.10279152675480091,0.10350004615591923,0.08294971924684202,0.03973984260775796,0.22508654450032375
0.023294346524521153,0.07353674252720883,0.021604442044541993,0.05238602195693798,0.03810476015447937,0.42771187645821396,0.2898062224129092,0.04112495858999933,0.03243062933118826
0.030573268260942404,0.12349974219478327,0.06608617560306468,0.3922668343099811,0.05793579709074442,0.09910141676841988,0.13429609980703755,0.0705562433249847,0.02568442264004209
0.3970513245190257,0.11727564725787755,0.04584041213950318,0.04150214016603659,0.10596359648596505,0.1107720803248506,0.0637654312816996,0.03281636462322271,0.08501300320181908
0.05311507792808442,0.08526697690044632,0.0986321780515705,0.2245869904716523,0.0569803367017521,0.14161321016910464,0.020496756039234603,0.16922766469064066,0.15008080904751442
0.06683128841747643,0.04122054589405414,0.10559036171212151,0.03200112474822559,0.1488872079124063,0.12923297301745887,0.14530499964692875,0.027111905066193643,0.30381959358513466
0.26228311633704243,0.03587198421559324,0.08299160817012115,0.021206832210407974,0.2281891853854889,0.10397941285515022,0.10965122814639666,0.038018650390549066,0.11780798228925034
0.21021172758597909,0.025762696227748755,0.3138047853725366,0.01707908048064177,0.13182899598402956,0.05241333910532534,0.10552667228589163,0.012374855576730735,0.13099784738111656
0.10944867648819138,0.056073512369031075,0.06056677996015462,0.27100952731662703,0.057076600755497586,0.12301995988004936,0.027576368218642164,0.2546603518561748,0.04056822315563202
0.12120818493317136,0.11969100947077645,0.3562883012524702,0.06104295830995384,0.05514959067765049,0.0918211011446568,0.022092646739067804,0.1633146769090205,0.009391530563232638
0.4235961411083493,0.05941251248736782,0.16612328521310663,0.05227894849490034,0.09146405500448268,0.09746697011909174,0.07259224393575046,0.010309426346138765,0.026756417290812268
0.11115785682101587,0.116818473964795,0.054784687535564786,0.09353146313595911,0.10460915540136147,0.2050632951574726,0.02498389999449893,0.17035801803037484,0.11869314995895737
0.3315658627075808,0.030506833838461842,0.08062881993382416,0.046366905231860545,0.20662275407359113,0.060842987146649985,0.06995602046677872,0.05768826735306742,0.11582154924818551
0.5043556400182987,0.07368272250440291,0.055386324089821824,0.0225674089144597,0.05346472635915608,0.08404323319944135,0.046757996648425816,0.07478594859855342,0.08495599966744012
0.17404340898248585,0.06978903569675159,0.070383753194584,0.0406058316232655,0.23803182050817676,0.2054304771893185,0.02077212567082382,0.10707064122700587,0.07387290590758812
0.06968213671222663,0.24343071436041283,0.0541456507639386,0.18745755338381706,0.21726319101486516,0.05443804665942189,0.16140172064708716,0.0012555914319250258,0.010925395026305658
0.2289625929747113,0.028416112721670255,0.32329076425972664,0.0123448610149478,0.1703061812702591,0.051150292036866156,0.019452267567456133,0.005306163815081169,0.16077076433928142
0.3204414936380693,0.12509923353859317,0.09217894914637688,0.052393111443996665,0.03594174896649454,0.053608689718553204,0.0946509521562135,0.19311370635855205,0.03257211503315077
0.15383898829517592,0.06962362265492024,0.09069451329493054,0.14433750180361285,0.03622180057148929,0.21274979555831694,0.04048580865409276,0.15144730338980086,0.10060066577766062
0.18583813695791784,0.159260685228615,0.020646803244070724,0.05377816824414927,0.0235333995436996,0.07242156714463403,0.21104103295100443,0.26299328645614634,0.010486920229762609
0.016761132981232066,0.024944589925692262,0.03804035342208837,0.013674849312352716,0.15895300516565783,0.2397714282253398,0.042210131667843105,0.020221279319609254,0.4454232299801846
0.07868555779234494,0.07764661734153176,0.02613954910033214,0.3383414240730273,0.1063190534229111,0.06061188024426265,0.03746611341009639,0.25591563990635563,0.01887416470913784
0.09494593481422854,0.21144111574341165,0.07931998786396773,0.038227207980473986,0.04460145734999835,0.1749394344331298,0.10385537669991328,0.20045173606296016,0.05221774905191653
0.30086236102750025,0.07338374614092848,0.027459002449342875,0.15240082493531948,0.03665020262782074,0.05110367452159358,0.2243713866382575,0.027074329472293563,0.10669447218694367
0.27958327608659217,0.07394148449338953,0.14451435301333948,0.05408278979015132,0.10120518520997374,0.0828721790007939,0.12611795522764088,0.05043767662330682,0.08724510055481223
0.09508482666122565,0.09840586667974917,0.04328297853214196,0.07491761533625381,0.26348531357054367,0.14576841682313071,0.0664937124309022,0.07089473841280268,0.14166653155325024
0.08138256338693851,0.09807424545542946,0.22635128299982563,0.2092917970966065,0.06092868995999701,0.12369699297787594,0.08099819808641222,0.09115829952181427,0.028117930515100448
0.009249580500790836,0.12812465882664972,0.033804280705540965,0.3654462782248717,0.1182947223531244,0.14101670273655867,0.09382069390709054,0.07512059579440646,0.03512248695096675
0.18033314937383838,0.01525859643891734,0.037663911574008585,0.09588372500437946,0.2987911899077471,0.06628199013181756,0.056345531461922976,0.02215685807184566,0.22728504803552296
0.2631330968977936,0.049571412032648234,0.2523320667373197,0.007919284031658291,0.16407360072942126,0.13698067650371917,0.02848252457667096,0.00972312436611592,0.08778421412465294
0.5099716244620468,0.04226118058023113,0.03303841938503159,0.038230580351087624,0.1481059286619497,0.06378447120571723,0.04258383415600916,0.053357407556806645,0.06866655364112008
0.32785258380725274,0.02501933359081664,0.051740752817686385,0.03159201777163678,0.16944006276166954,0.05275106418553608,0.10647722155511948,0.049157957124629635,0.18596900638565275
0.2597674789252495,0.03127903239780593,0.030926102522353158,0.025916826721262113,0.04299969981988052,0.0799793590953647,0.25954310442187994,0.061657181850607534,0.20793121424559677
0.24153139366444845,0.03952745376543139,0.07053129564359321,0.03871598139646861,0.05149616806650309,0.11979165282929967,0.14554327091148064,0.032535144929931877,0.260327638792843
0.6069037200364182,0.05042010280432263,0.06285355698852874,0.023517987319502057,0.1212951940555816,0.05615366881735422,0.031922073553588594,0.017237650305612362,0.029696046119091574
0.2780333038669422,0.09051621917200114,0.04457805053276939,0.025228588906182,0.09527924134215472,0.10099004089060615,0.049792595177891995,0.14793348651170626,0.16764847359974622
0.23980044948655743,0.04511461045604117,0.04420966267948356,0.013214910439508731,0.30398848738278045,0.1377060576194822,0.03882280138994467,0.05700735956085471,0.12013566098534707
0.1832880931087912,0.09714039720106399,0.36220359989035983,0.026828528405544644,0.06710430122759783,0.04923968538827294,0.026284712623845047,0.05390558713811683,0.13400509501640775
0.09772528311957603,0.07762252143367164,0.19842314093213434,0.057659447182448025,0.08515871492808495,0.056134157761142646,0.03315145656435561,0.009387210927132768,0.384738067151454
0.1203872416273099,0.09596423275578181,0.02347465004350613,0.10924657532453107,0.07824845039092798,0.06062818323521616,0.025358581827586667,0.44571911942421966,0.04097296537092054
0.10688014885215903,0.05613497817227436,0.2705621248611012,0.060568051890618,0.12249243843377909,0.09185437589617661,0.028076348338279527,0.21506150012074302,0.0483700334348692
0.19707762620679367,0.10988059003293345,0.2184766075313452,0.03314489994739839,0.0627786469115945,0.2700763682346468,0.04016344415776718,0.010246784645309691,0.058155032332211
0.38106847188723214,0.012616974424759042,0.043112497686015515,0.04822224995880966,0.0618660634364351,0.08899952046177156,0.24659286101418623,0.044914611817948,0.07260674931284272
0.03761904203464833,0.314495791448953,0.15555413289026931,0.088425381272553,0.07062695397511709,0.12546954417715359,0.04843503553112335,0.06886109746428547,0.09051302120589678
0.2519308086867534,0.11423147317326467,0.23493952386134062,0.028716746672051957,0.06962410810881346,0.15836312678002754,0.10640255789894815,0.017614603652231248,0.018177051166569064
0.06714976208059463,0.03920115009354041,0.10547553791961646,0.39249789697896115,0.08257461118199329,0.20164480839660126,0.06754085909771766,0.019207582123456874,0.024707792127518214
0.09609115358061349,0.14572254996682815,0.053864278902212466,0.0713403232515321,0.054707438393732356,0.13813159919788812,0.04048509111424181,0.05981939263758649,0.33983817295536506
0.007711627378119258,0.1046075974839961,0.121797845058753,0.08687999268064384,0.3198666417009392,0.21709159375296264,0.13475384115837882,0.0020895255996118056,0.0052013351865953196
0.16776256792205643,0.24231564902947658,0.06858769582465239,0.12659331929173925,0.014847124315384734,0.028740431664981414,0.03404806915341387,0.3071934635978247,0.009911679200470586
0.11944875166543983,0.043985303243010844,0.23810315422011988,0.048947912253777835,0.2681603880155341,0.19534800853716064,0.017970147963352574,0.04193229517365599,0.026104038927948426
0.06684068221822843,0.07704523374497352,0.1224336932022762,0.20497717640239924,0.08216538547854338,0.10472136949528549,0.21796252819480832,0.009604107485423266,0.11424982377806214
0.02395308336031506,0.0970046037073047,0.08442910074378851,0.4402995900134672,0.09084021337977083,0.12487170586433664,0.05128932112147603,0.07219172993173022,0.015120651877810837
0.02528273349962092,0.14906036866942754,0.19409524358248764,0.2718947236270418,0.11429168348644943,0.058097877455322446,0.054828087995352416,0.10649901679512992,0.025950264889167834
0.3911471293643856,0.08073070950079303,0.16076848202148364,0.010994373153265699,0.10924698111969872,0.1396038632749547,0.03516019131133641,0.02902551494048426,0.04332275531359792
0.03439957800963565,0.10160979624607314,0.035603704252172415,0.4504586357218099,0.15307397595824832,0.09664432053321752,0.07286813354627034,0.040258196186114405,0.0150836595464583
0.34062799022745943,0.1102461226884494,0.07963818736008664,0.04892617714920481,0.10655123885352369,0.11215581595849715,0.10901496734436823,0.047856701860995415,0.04498279855741527
0.12357616545394849,0.1421581359180469,0.07885331877350628,0.27788330095752284,0.012253526067363291,0.12087718011456945,0.1512357574257218,0.07435838622594768,0.01880422906337331
0.3524615704186627,0.03031622184443382,0.031290283813078544,0.007403205865285166,0.16698270858993614,0.06459098036330611,0.11630305180233425,0.03966629173688616,0.1909856855660771
0.25536343100404363,0.06440687184594733,0.05128639408574361,0.009969113127997526,0.08272181401701317,0.10563517363229084,0.3755066348533395,0.019014743867404923,0.03609582356621944
0.34451181657977603,0.056027857840612615,0.06373691155358734,0.03775351834616787,0.055482521904083516,0.0918956121694766,0.07121128006652996,0.14248835957680986,0.13689212196295636
0.30469711473931177,0.06499048646934408,0.10231615160829283,0.19944785120424124,0.06461289081311487,0.15526022330287997,0.07999675275386366,0.014662889962569712,0.014015639146381846
0.01157314473859508,0.20967475889071183,0.08051960087291878,0.16139602170770098,0.09527953040607483,0.23107202366393786,0.16366364763770777,0.021172762578249227,0.02564850950410366
0.021759657205557694,0.15004851725379498,0.1026346033847469,0.09324151929356006,0.08886050422405416,0.17297600938275748,0.047693953145592556,0.24953779009010094,0.07324744601983531
0.06796681053135085,0.24617554163002664,0.1079531466442436,0.1400167100052408,0.015450980964844069,0.06246737940431132,0.030884463826070258,0.25465165783313287,0.07443330916077968
0.25080555499905494,0.02379880066220319,0.4417612295150311,0.003716197005759883,0.09399477588781262,0.05881372787349428,0.0662965206816652,0.005105495992509836,0.055707697382468856
0.02130193603197524,0.042566811818999566,0.1552067578270657,0.14633933191910267,0.25460265038580965,0.16788298391366227,0.08571907839195904,0.09763159047096735,0.028748859240458623
0.04192939868422299,0.07633352723560767,0.06515811650472007,0.06435800501226667,0.31494769419163937,0.08011963224521533,0.2691281344926863,0.07364204001006477,0.014383451623576815
0.2910302264272798,0.06444988229166504,0.13490018826430092,0.07917781553036994,0.15085646814447687,0.08683043016568737,0.02904467595529686,0.029968421800749212,0.13374189142017404
0.01536102831386202,0.1064352558138048,0.13245836379823603,0.08979306909439959,0.2796001376733709,0.12627984900712474,0.08306256781597875,0.08189528941395023,0.08511443906927296
0.042015629619061495,0.10473056649814523,0.0876666974343535,0.13895159155108458,0.20294721131906146,0.24779506798929618,0.08994626404703915,0.017893201980160905,0.06805376956179755
0.006411896490945011,0.08230325773600987,0.16142077700495303,0.09727454694095856,0.30011295764333523,0.15288188675164724,0.06727964461890956,0.05010233444787863,0.08221269836536287
0.2735090257441872,0.06650467270463022,0.1392413457007268,0.03969419615862559,0.0500607378350165,0.05487268822035227,0.039609886106175635,0.21894368451923088,0.11756376301105505
0.2782011050989377,0.13248114951639428,0.051611813380531744,0.013449131733318498,0.059765295205301015,0.1421615274030452,0.1458185803617453,0.1022954209909922,0.07421597630973403
0.1772830850995234,0.04126436763848355,0.04071809476136744,0.07506109951396363,0.10722880727864263,0.15889966804873243,0.05263847013325887,0.0392313598372305,0.30767504768879755
0.2696026864573076,0.1030162192743956,0.05703609722720745,0.19214206203910564,0.07002658820727692,0.1453674876305578,0.06221739757856557,0.09249210829356601,0.008099353292017398
0.3258098411688755,0.09318242762330216,0.07013082572252638,0.026525428383222388,0.06447198901938019,0.07901705971731542,0.040945139510741246,0.04185962213248928,0.2580576667221473
0.022983584188805545,0.13604257189271587,0.036043954733100424,0.019318498931735237,0.28281765216260224,0.2623154482659944,0.17934938400907793,0.010978326453366416,0.05015057936260205
0.05533475004927841,0.061944712505164444,0.3929533426747169,0.061640509467690396,0.10603131878223804,0.13683362111147737,0.041545424575790156,0.07586719451723761,0.0678491263164067
0.27939589022013683,0.061204463474679255,0.27574712155247605,0.022616180947565512,0.1992267394886366,0.07313213394036056,0.03934076220187153,0.015364148604734331,0.03397255956953935
0.04892800937743593,0.06965892850612604,0.19866715429683623,0.09986438538643226,0.2801279497724433,0.13680750912041773,0.040090998548824704,0.0856158502292273,0.04023921476225653
0.008328011327789537,0.11827091201325719,0.043929759551023705,0.10192651738820886,0.48140938883700785,0.06807119050646389,0.06998149242907596,0.06677892316414408,0.041303804783028975
0.3139033688012771,0.12305315935559835,0.036901365530624876,0.06693189812631317,0.01512181593958529,0.06056804976553246,0.06027061395105151,0.3159145055538389,0.007335222976178457
0.14733702180316233,0.24004794564161944,0.09719977870510815,0.0931221470309307,0.08919335752904863,0.14682649358717398,0.03902444801069452,0.11202420130256252,0.03522460638969976
0.30092160971876036,0.07479465609605293,0.015615372527820096,0.32089984599437427,0.05625778688653068,0.06541003625673207,0.05633826729738307,0.10356340209110715,0.006199023131239345
0.3709609700242286,0.13664532865979998,0.07245415910867112,0.08325744769020348,0.07788272564020127,0.08577923029698531,0.03543742446284542,0.08660769187128507,0.05097502224577972
0.06458182825434604,0.03345744145850733,0.02381243411228429,0.3953825820752843,0.0692617918172599,0.1468350527776742,0.06339164495958581,0.17818621488288153,0.02509100966217656
0.07576856541094944,0.14280675048051217,0.04480743685758121,0.034720281501699445,0.047061983485886506,0.09159742445037254,0.05820676024544929,0.303868012849081,0.2011627847184685
0.044457105713014526,0.11412257372779872,0.30499866073520593,0.05508898486445831,0.2164132247662717,0.10267151814815169,0.13266652909526735,0.013928270493978387,0.01565313245585337
0.04027741300133758,0.04159299602619118,0.08419847849468028,0.47170312727361635,0.02808099982427123,0.1072944246852307,0.030488610160072777,0.1476700210144297,0.048693929520170216
0.04881390702443628,0.11384263097716625,0.058148537594156946,0.08718232461612359,0.06416986017274956,0.3797632964836681,0.1831585904969426,0.059139895923230636,0.005780956711526178
0.15815357026192012,0.06526137854230878,0.2461614691625141,0.018769573024017872,0.17390552837838794,0.17364059396833534,0.08593012589607978,0.0674230369049551,0.010754723861480941
0.06143359659512539,0.05342007126518373,0.33324895814322747,0.02413686454666492,0.15183398871148937,0.0648077728693272,0.024375384581533335,0.2562914887125083,0.030451874574940353
0.27107764608660734,0.027446432124770048,0.1966582869464415,0.010921289129236483,0.24666650045276883,0.10548118357077592,0.09033257670680898,0.009713762047577401,0.04170232293501349
0.20691383773975883,0.038477819176095086,0.09311124208501464,0.024121312354633957,0.40329966385910726,0.03580440160148632,0.14387860065541727,0.021158388750692106,0.03323473377779451
0.1315069910490072,0.011944269358028345,0.03756647006708484,0.010081378693745665,0.09967799419923322,0.07005948658948845,0.44725642572170604,0.007176833655195072,0.18473015066651122
0.1280032503755149,0.05246919510960019,0.17072536993688814,0.030808746837788194,0.2307090316288906,0.08304463728548171,0.030122902349350403,0.07739525420926657,0.19672161226721926
0.31362158761307524,0.10036299925392722,0.043671090244873235,0.19394464657499624,0.052620476526244186,0.06907256192967408,0.02204424566768694,0.19945640988292657,0.005205982306596393
0.016136201869665728,0.05152690230681125,0.14965545008199196,0.09946013794811419,0.1305359157617216,0.24362945955396045,0.272292813969399,0.02894076824630119,0.007822350262034662
0.21309394928576955,0.1457353624973203,0.02508227246008141,0.024253160606315074,0.35124831307469856,0.04876901985307477,0.029594227513322677,0.012716978328435635,0.149506716380982
0.2491195064420404,0.04951927626767455,0.13784629604739643,0.033343069607354975,0.15239476752334688,0.1845391436343701,0.10089564368122915,0.0158712161653125,0.07647108063127507
0.1426161746364906,0.05830985867496837,0.14965575615113869,0.01819063077537201,0.1160809330677357,0.06946722294428799,0.13633545587050222,0.015324064644089476,0.29401990323541505
0.2473585428965779,0.05067332450145342,0.47448497168547893,0.024544974257407686,0.03173088143877966,0.06418917036972814,0.01779238672045988,0.012975078485948822,0.0762506696441655
0.12620801140441226,0.41018088371741207,0.0455850489310961,0.03743808998790415,0.0646314447065758,0.1537507342991057,0.03746037153455698,0.1000463900980479,0.02469902532088923
0.04237507310234001,0.0597343948609731,0.04303376612026849,0.04741429549139999,0.03260352654134905,0.15367112053542809,0.14784272358462117,0.22636690612784452,0.24695819363577556
0.04908783883828447,0.06526021680489663,0.041772398058431366,0.386367164105262,0.07638050865403477,0.0676704348586936,0.040064502184285936,0.23482989317057876,0.03856704332553249
0.021656863839652915,0.0572878045052242,0.09144296786045049,0.11706020529381277,0.34434518968307554,0.18814023871370192,0.09486038065632109,0.03966266850407931,0.04554368094368181
0.22195759460903638,0.06206477616792542,0.14036813268918866,0.06833605952384927,0.08224707041266892,0.13941003711539615,0.0465421999787849,0.08405356007257248,0.15502056943057782
0.33021861067946257,0.047848079874077354,0.2145961088431263,0.022821561337059964,0.2165460542522982,0.051013722370040794,0.04549126632208328,0.057719096008304965,0.01374550031354668
0.24268356122826332,0.04765987904319952,0.42909850705208247,0.014785196212182323,0.1331809767853633,0.07498864148734166,0.017304083798912878,0.005794091031277457,0.03450506336137699
0.33236459209499164,0.04398267639694214,0.25088847016003923,0.02656357762978191,0.20198218562930803,0.05710179481432296,0.025961466484539824,0.01759509879649127,0.043560137993582965
0.045754871543137454,0.02967982833988154,0.061870363994616824,0.03547248127329675,0.2102901900500773,0.18117509771156706,0.11578704945976788,0.11675730539863176,0.20321281222902332
0.245342566898019,0.07451953574947323,0.2093836985099445,0.058796618913800586,0.16631826053882184,0.05321336132143193,0.10502866167782283,0.013428053648356262,0.07396924274232974
0.1296608937632968,0.04898634277326706,0.026922759451746825,0.38921043734344135,0.012052002075199792,0.20434989375407542,0.04228337771335177,0.08999637869814033,0.05653791442748076
