0.03192711766398673,0.38397615272263913,0.09263280954897879,0.008279351430991596,0.06723163204897085,0.27131177937714496,0.05562986899956739,0.02118369746782567,0.06782759073989486
0.10779739520906391,0.059782059188917845,0.06136504955923919,0.08525325455885872,0.11000997349418733,0.038498021668429715,0.17460601045944626,0.13928105806903981,0.22340717779281719
0.3401002737849361,0.09274204017800965,0.021167753052548487,0.007590544173291949,0.04578761417325768,0.005461334147998101,0.1200025793698717,0.033535299567563084,0.3336125615525232
0.11201337944334251,0.06849338903302389,0.014678312720159797,0.007388185806620386,0.5678744527536871,0.037871927879081425,0.014116416685677464,0.14651738825798186,0.031046547420425508
0.020640502900657155,0.04290222497256432,0.03137142852066311,0.02202385824357636,0.11720398919504942,0.19985567017141345,0.14382979469394722,0.06392313420817271,0.3582493970939562
0.08568458235286648,0.6112823877916741,0.03838178885642516,0.017552066936163537,0.023917835214668576,0.014035404956965541,0.06630672093984431,0.03680765606499915,0.10603155688639317
0.02382094811969512,0.06327607873095371,0.02292735806249889,0.01475705463326569,0.19088562123926908,0.021025467434167572,0.17649397917941015,0.18132932811251368,0.3054841644882261
0.3432163494630241,0.16117521449385833,0.04453473113182014,0.09789047604869776,0.09730077199634952,0.030045768371639563,0.030874609869496483,0.10357522241537565,0.0913868562097385
0.1679050708523657,0.12901775719212066,0.10211529880903632,0.11578144229168803,0.060390080029612735,0.02433156117186604,0.2847392558849906,0.08103163092299097,0.03468790284532891
0.015911630325718313,0.21130819968704076,0.11372699916308858,0.12902077400185805,0.03781716749663424,0.3252921353981542,0.055682842374704326,0.07831826282266538,0.03292198873013607
0.10423756018050369,0.10266607624867001,0.1440284409680466,0.05540436405742528,0.15038486714491117,0.09682484258046926,0.12709176806039843,0.14210302807713424,0.0772590526824413
0.1476578921911392,0.1510670444672487,0.008744250790306109,0.052530800076462277,0.09993350504792685,0.01116087430858525,0.01632764578265428,0.18916376047777694,0.32341422685790033
0.024051975150691393,0.0324007104440091,0.21119978911868123,0.20230987350654198,0.059366019418099915,0.3210335260440543,0.007778648285677724,0.12904021135197338,0.012819246680270971
0.23272372724060275,0.06448772695551523,0.0721977255547202,0.09275289238882267,0.10050372791304933,0.03726949462061201,0.040843896414940774,0.22479691227373774,0.13442389663799917
0.09477434848356155,0.2614214513593987,0.08955645853997578,0.04074104082381445,0.0988909956810969,0.061110509132982126,0.22101905517638584,0.06373635219834108,0.06874978860444352
0.5071747414396562,0.07564366427524896,0.02522435133623362,0.10893772154885839,0.07943542460185828,0.01119168150134045,0.0486180181254672,0.12221242144509827,0.021561975726238664
0.11197193769333318,0.07368842259132574,0.030625106049954,0.0751131646213224,0.042707171186634564,0.0077951615429878605,0.02067268548166096,0.08674680668427376,0.5506795441485076
0.16042848377973423,0.04302259309847171,0.02485576386046336,0.030118862066011165,0.4731891172151748,0.04027050911473291,0.07256485985354816,0.14411935552969543,0.01143045548216807
0.10744527997345481,0.41569693083252085,0.11945642366346416,0.04133721205491766,0.029651613911659106,0.07918781742312246,0.07932647077833789,0.05024769006761973,0.07765056129490339
0.0919496983645335,0.037522842491300216,0.014192296942283092,0.0047750017300451425,0.0882636572400754,0.05119744804008048,0.022127451643347007,0.6801447369133465,0.009826866634988773
0.03175635030458009,0.027569643979159796,0.19491462664289638,0.1660636304209202,0.027527416985503362,0.29772855828489725,0.04504385151246601,0.13343840060461185,0.07595752126496504
0.07830412547529199,0.37293950838955786,0.29562233149642464,0.04557420838940892,0.038800197664520135,0.054517264115481086,0.046337018469612995,0.05044174818497273,0.017463597814729632
0.04532295621115786,0.178854782579461,0.1673740136260242,0.46869249670076335,0.02378055458313159,0.032482405753697784,0.011319950790783883,0.05836481773143743,0.013808022023542981
0.041769361831095565,0.08327268778921577,0.12557261003461537,0.07489925149373172,0.05096599618289274,0.0276336718370556,0.06222288462289055,0.046487001743311114,0.48717653446519155
0.11536179157486955,0.02205281181063881,0.11278982723710083,0.0038747897321968297,0.568171657386419,0.085994476273958,0.027197534797980146,0.051017302959677886,0.013539808227158917
0.02085392486252162,0.41056587102903186,0.09563128036261596,0.02287079048218546,0.022285907756980305,0.28302670939305313,0.05716425037103143,0.027453674020121933,0.06014759172245826
0.04143718837915092,0.0692246890769393,0.21707115706262958,0.4665522976929511,0.030616952648056067,0.03331095619351601,0.018847291623135146,0.07378012908043798,0.04915933824318397
0.1936125360028329,0.25919165136667627,0.026815058948686545,0.15824055604408013,0.0748338878029402,0.02580692382662195,0.02388096678923538,0.11711847250914932,0.12049994670977726
0.19161777103273123,0.12675718159380875,0.07832924534201426,0.047487529438429675,0.08681257263409238,0.010028879454748361,0.03732770639027567,0.16866462515913347,0.2529744889547662
0.2778791049408646,0.17716686540215135,0.14896673663149707,0.028584544653875877,0.04829278002785161,0.04398072579746328,0.040412269888880664,0.1322653308766669,0.10245164178074866
0.19613810473092963,0.045637498925849514,0.14179299548483018,0.0619067862008533,0.05556512644499167,0.054326502027979263,0.3356115090942609,0.08761595367879767,0.021405523411507827
0.05155900997279655,0.5232368651517264,0.0814218988437595,0.01757076068772639,0.04011336280065326,0.056670036201023254,0.12240914868410319,0.027860626615328052,0.0791582910428833
0.09273264267774932,0.10749004858505555,0.18043109417296777,0.0860362892186362,0.09751158216353599,0.024108772076727524,0.11821627360603347,0.15126959551846164,0.14220370198083254
0.036341521007594337,0.18203085936071142,0.21439588820704988,0.13528866184154628,0.04025190089688294,0.13169280796210966,0.14902230022146812,0.052435879524339035,0.05854018097829822
0.10517434520149384,0.07813364872929918,0.08230039627961884,0.04358957084297882,0.19596723997689658,0.041806746329122985,0.2844414794055167,0.039363277568041345,0.12922329566703172
0.03644415148463221,0.5312575392487338,0.019306514531146558,0.05957224903197642,0.01300099688228055,0.1400540475496762,0.11826450767107344,0.016673728233727977,0.06542626536675297
0.20590751064560875,0.0842743681108878,0.12911252343394017,0.11918489860345655,0.08976122691881656,0.03512136224870832,0.089982271380464,0.03336261892879491,0.213293219729323
0.05914316612364642,0.07160114518430277,0.15839512630848776,0.10189681753863437,0.04812081112588932,0.08688006192134344,0.05293572518702189,0.04905775607203703,0.3719693905386369
0.24148132228670605,0.028015877776081916,0.10958966852056273,0.05692176803648758,0.053410404307411785,0.08408212047606849,0.1302481515501564,0.10561626138994894,0.19063442565657615
0.1330298886194037,0.142511161126564,0.13438469308401335,0.185105121278245,0.04919799044598997,0.07039833118805054,0.18158851776168952,0.054332919945936885,0.04945137655010693
0.22200133916397916,0.1847270658986371,0.044614851862137934,0.014059695224981012,0.04852579370639037,0.04463265031613648,0.058003437827895486,0.16312124150346588,0.22031392449637655
0.05035900041190039,0.02788402249158974,0.018264844180894278,0.04098346782494552,0.03454267530257205,0.04017442188630289,0.03568207313564794,0.6911157345163245,0.060993760249822816
0.09263715637677221,0.029467617345008742,0.02326581398779987,0.10517995786636751,0.2100648526912614,0.020571531153391807,0.0853232715591095,0.14768676664490574,0.28580303237538324
0.10667158693151918,0.05426515488469385,0.13895593197957543,0.42099683897392887,0.024150044835271268,0.07596226964629423,0.05865875955316171,0.048801664227904,0.07153774896765147
0.04853559998228688,0.21435233694786962,0.07235972483653205,0.05689010605169082,0.05647293538772407,0.12582566094228168,0.10837620593070707,0.18494831929759437,0.13223911062331342
0.2100721215426801,0.16438801872742578,0.028943935353518496,0.06240469301514797,0.14832440508457936,0.1448525918734999,0.047435151236862406,0.1478594842736989,0.045719598892587136
0.09041089842513612,0.41964039461132147,0.10298584736090251,0.020436541072951068,0.029997632585153238,0.037347978323544445,0.15383173000506242,0.08636515822112013,0.058983819394808644
0.09305797993952118,0.148668942668079,0.04048267928364933,0.02842388615603995,0.05870899788286116,0.05578431975790884,0.05131937322713689,0.138114201044886,0.38543962003991766
0.19407096538054422,0.2015756919700109,0.023396298286182445,0.024459532187362795,0.06853874987690806,0.026418559493172556,0.07276756308340988,0.10405260285868782,0.2847200368637213
0.08438098727425447,0.15519924798244877,0.1700875973382896,0.03909948814900538,0.09618745517349912,0.03212966559175198,0.1321832296707752,0.18920856823286147,0.10152376058711399
0.23389968743359316,0.06520997190052902,0.14105330797431653,0.08358097150465747,0.050849891980393226,0.03778211080492725,0.32820836952157006,0.03854151663336678,0.020874172246646436
0.030527237586935086,0.03563768881901281,0.058369789102488856,0.06380790901042087,0.04982826654577669,0.056190375692807694,0.013358971318319014,0.6136157986066189,0.07866396331762011
0.15614982484655512,0.12927407129924784,0.04623057406171832,0.1190910468228787,0.08541220062074768,0.021908724341938562,0.032960144924422306,0.07525283336603945,0.33372057971645197
0.018881274525990425,0.4207426876298726,0.15035504651135786,0.022018136258725795,0.030182027443613507,0.2130370925836227,0.09662074280550315,0.03496148857266254,0.013201503668651499
0.039896882403743776,0.2775865118596735,0.15763601189858958,0.0022437811724518746,0.03177956027476516,0.39513197624276497,0.05244899517276621,0.02319676921968244,0.020079511755562603
0.17872850398517945,0.11099557266463918,0.08341512997346097,0.28005598055586683,0.08199384276968352,0.06568658527233229,0.0365023635862402,0.10638590880188419,0.05623611239071332
0.15003333374904118,0.08480486452490964,0.08370558091321594,0.028663454857960406,0.04760533942770127,0.14068799019555286,0.4042335147644736,0.027842916486277635,0.03242300508086739
0.06392503014126816,0.09464752572497226,0.06955234397654421,0.08072732411582731,0.10911839374124548,0.0813012431153868,0.13099679976580472,0.050281259262558865,0.31945008015639215
0.13846196783144313,0.11345395543074453,0.0650228416012533,0.45145734733986415,0.025411493874513625,0.03446013253258296,0.019520837440648336,0.03979604712970402,0.11241537681924614
0.048303148318277346,0.19140685894778778,0.13427963328510145,0.019874935045549436,0.06832817812377208,0.1687794181680854,0.046883934588966336,0.05554089734589875,0.26660299617656147
0.04922048335271576,0.08961464454085878,0.25639828515336466,0.29468177929595585,0.03356867976537645,0.016339325410089343,0.13953282080318394,0.07435513175193277,0.046288849926522484
0.02826146300243701,0.4137323878690602,0.13611715441485212,0.035951572293869145,0.039898882441155324,0.12474095418474546,0.09289638959641118,0.07485242035097657,0.0535487758464929
0.013839699285718538,0.5290965969845159,0.07134727802169795,0.016384515354855907,0.02388447070518482,0.18830920924393094,0.029433314491358994,0.023368939546635898,0.10433597636610092
0.04134547704231479,0.22121496867618506,0.03807716150341475,0.04631193274331923,0.04798065447150724,0.21225485860038437,0.1662509115744668,0.07678234801332008,0.1497816873750877
0.05325411267204657,0.4249198971595474,0.0768938773427628,0.17096444440251726,0.03860098092621606,0.02653684280228566,0.09965078263371625,0.07039393701706936,0.038785125043838554
0.0609125264372398,0.15517587273952727,0.1300963002714286,0.06392486747874855,0.037450358268595434,0.09477906692125702,0.06363697376062093,0.0425411462586012,0.35148288786398135
0.08244198101187951,0.2030340309515322,0.07675521572527381,0.36404638680665063,0.04623578558487831,0.060288318102350406,0.052259435632685806,0.09513759577017838,0.01980125041457098
0.1250438932585498,0.21665275762527023,0.09720251303690229,0.06780110252169777,0.07923575974201866,0.05408791516236305,0.07010985095294286,0.1521323766532138,0.13773383104704165
0.10691895343900544,0.027505590065735237,0.021118583671291154,0.05642211115392321,0.14502545840534725,0.0032554940741781977,0.05635914491278424,0.2328738156702318,0.3505208486075035
0.03784211572401353,0.4703135181053965,0.10674428436184484,0.020141261538248943,0.014076499193114355,0.21943585818174938,0.030099968993397314,0.03264236832043447,0.06870412558180071
0.05837517995826571,0.1214022363152687,0.2669978774596932,0.1674234907666925,0.03123826070353192,0.049180761158577606,0.2015638546954904,0.056395809894853426,0.047422529047626526
0.16629534387590159,0.08718982848900332,0.07266593668541609,0.11372193565107704,0.0638167651708339,0.16586993484891524,0.07028876531754458,0.024510511379648048,0.2356409785816602
0.049877004509554256,0.08131004914960496,0.17092172275271902,0.3389387668146182,0.03636910058427672,0.1773431378864565,0.006450679258858807,0.10755655192105677,0.031232987122854744
0.16416687581461334,0.08641473716508413,0.2015222267231764,0.08084571357329544,0.06239324884431339,0.09820664253129104,0.20294712170096094,0.03160581235591175,0.07189762129135359
0.21079953591339037,0.05332965076622078,0.08374836955462495,0.133095043916948,0.06838028017728254,0.16475410842602523,0.014307431643906876,0.06928267511273685,0.20230290448886443
0.2137495366312335,0.11160935123237002,0.13032304452930957,0.061049852663219,0.20547093986195608,0.021295072079012444,0.037660724855898726,0.08979023125655038,0.1290512468904503
0.022578379087504416,0.299333515907065,0.044184323979790656,0.10666267820980456,0.049012877005488835,0.05230544139675414,0.014272170888994051,0.08723552627091631,0.32441508725368207
0.12730048953263176,0.05363586825297134,0.19725879602392402,0.3829022486360642,0.029902020472926474,0.052223265784645236,0.06175127337248557,0.08851114420890609,0.006514893715445262
0.09553150458058694,0.10969482947023697,0.04617160100187282,0.49537831219447986,0.02939363356365579,0.04557915260926081,0.055865858881025694,0.050069788694056094,0.0723153190048251
0.25708586035494885,0.049504431627594075,0.1327989556937478,0.07823284158659631,0.24349822222408524,0.02282493226099525,0.03692333690513549,0.12105292113518225,0.058078498211714756
0.11924485590099192,0.07780963696758963,0.21980854139217657,0.41825386806961395,0.03151792372241013,0.0167733831386227,0.020737755650339154,0.07816120907581638,0.017692826082439467
0.08317340088112567,0.05194266229554564,0.1827325141012557,0.03683535009229255,0.03992758330750731,0.05594088113987411,0.043753143363346146,0.07196885298394798,0.4337256118351049
0.17382633645566278,0.07991472072006489,0.10210355756436092,0.13820794513111095,0.07100435359689065,0.04421226572649815,0.08457585899169595,0.17842050711791038,0.1277344546958053
0.14430402426713265,0.10014886192338757,0.04801770770117272,0.18205328859587167,0.05701956145685055,0.01863081092428634,0.039323247253955966,0.20373840715833189,0.2067640907190107
0.29308958076962677,0.05449348523411864,0.02931253012017317,0.030600709088757557,0.0347473094877504,0.02239083486504619,0.21663137641024624,0.08984244989015006,0.22889172413413092
0.10657581389057591,0.2108065602211834,0.04851190090959694,0.04883966939391889,0.04420140084059243,0.021449788632560127,0.03182609626211464,0.05786248605596355,0.42992628379349407
0.23840142516253993,0.05703224104452265,0.08412617662006688,0.11008639629147776,0.07875144988976647,0.10230992669188055,0.08441507417783999,0.14416546684254114,0.10071184327936468
0.11971602359625781,0.03928075029130991,0.03900234815951011,0.010530575601414698,0.07265749250892174,0.04933119336839915,0.08712164929970662,0.5752361394765244,0.007123827697955627
0.1105165324093581,0.14994292713624482,0.0722484142733974,0.39271115897297476,0.06372698461471636,0.05538523716746189,0.04944514923122755,0.06841096290585004,0.037612633288769126
0.04671431794055283,0.5199661901008822,0.12101122927139742,0.08062519582396516,0.024143301477054385,0.11993616777431369,0.027106588763464213,0.04415578737900926,0.01634122146936096
0.08425471113518129,0.0728296128697426,0.15871994013330581,0.22859266276063392,0.08503480517606195,0.04669626453394299,0.010842585925458512,0.24689449481515102,0.06613492265052208
0.05414119794054537,0.01443678314215679,0.01732492597086337,0.044579267868654994,0.06092114910498545,0.038194643943632534,0.033927480194199326,0.7006297202171625,0.03584483161779966
0.2597352476424697,0.04369435775810999,0.015227648578626527,0.4839584490054076,0.03885563454530905,0.026123795185019713,0.021907071864772504,0.0683189359859634,0.042178859434321536
0.0800926183580677,0.026425263477050726,0.39137859678157483,0.11658686116807858,0.16018543963228468,0.03484411822199223,0.05896581174016748,0.10424096429339107,0.027280326327392846
0.019634305982308597,0.06401172112575466,0.17421097441899644,0.47931843431178706,0.04480522658366685,0.08391703317410644,0.018629918464651396,0.10595418995894605,0.009518195979782554
0.024797193250470178,0.23118647341451584,0.25266624109720925,0.013097506314327026,0.0319603323660771,0.35250297811154013,0.023842650072734436,0.015365119461124748,0.054581505912001255
0.08306509169366033,0.11153849297344032,0.12280024437092314,0.12643860209056854,0.046509115938310114,0.05518255082834069,0.22608451474355343,0.03446891680125785,0.19391247055994554
0.06368907145572747,0.12881772491456744,0.49432545615777396,0.036704063939787084,0.0235439833086375,0.06377683387374598,0.07557181399906836,0.08974653450299559,0.023824517847696614
0.05879764458058243,0.05920605684242116,0.016272524075499062,0.37810230367711856,0.06261334665299208,0.07421131769329063,0.01618368950411408,0.29957519545398326,0.035037921519998814
0.0615184014354751,0.11740652454288047,0.08809055758345062,0.19836960098058298,0.04440612894841716,0.1460680818150819,0.06204924150843627,0.1705733688871348,0.1115180942985407
0.06686549990030759,0.08156080920539366,0.08191450307346923,0.2474311374450208,0.042868568276797726,0.011288240127765243,0.03753345316943571,0.060389203832231925,0.3701485849695781
0.05327460667117717,0.042834458107450825,0.1431307651484569,0.2605115999942324,0.05280440849278173,0.12057320156402125,0.10953939742460304,0.10050844904462362,0.11682311355265307
0.1449136199214521,0.09570756012404975,0.11852398262120784,0.04155779112962625,0.05917811764041081,0.26106881082585676,0.14305554367735485,0.11055722563881232,0.025437348421229366
0.1753547929430126,0.1694885335353057,0.0068929190687161265,0.21543241647648495,0.08853495016302869,0.014624212350805124,0.027788458003712668,0.19230699838286403,0.10957671907607015
0.08747448724601757,0.11820803953402126,0.19634096230335582,0.043156241970196046,0.078078965736381,0.1384633935543739,0.0429148665861195,0.12871088887112922,0.16665215419840576
0.04405235718445127,0.0935556841761827,0.335897469343678,0.03657590410039529,0.024818387360688348,0.19636813717269894,0.17890173670912643,0.046733489225155855,0.04309683472762326
0.02900869905962759,0.14734352563939201,0.4558846978948449,0.04134916771993467,0.02709835857213401,0.18027039605666842,0.0693029245971427,0.038232877876869194,0.011509352583386494
0.2498197998933537,0.17955047232420907,0.03668941457123417,0.02629742859096081,0.13134832511012048,0.025795381006902558,0.10786040437459954,0.14318160179301442,0.09945717233560525
0.06238571592673556,0.19499882373938185,0.07994692314844716,0.19038130117017937,0.04383899760092913,0.20322409250264561,0.11631120925495873,0.07595467899470305,0.032958257662019534
0.062365501625650355,0.046924596528856784,0.6333488852014124,0.08625469441053789,0.04659207022417903,0.024323713899016275,0.02752263856104754,0.03277656944623785,0.03989133010306188
0.041177886698816786,0.0358723366349921,0.13161916839687002,0.20291639560346364,0.061276191158076865,0.039912378262518276,0.04586565495724584,0.18699889398815928,0.2543610942998572
0.0772124909751923,0.040233984463069104,0.07804024825011897,0.016181212119694813,0.04703055123539096,0.07512084714209165,0.019978798301758468,0.5490894339817576,0.09711243353092615
0.36000284367687385,0.07240378423067717,0.053684811456683405,0.08944691038115672,0.19470616974226565,0.03592007731706996,0.05820173404880328,0.1022383803736918,0.03339528877277817
0.14204919773751282,0.19112378620246695,0.062235877865645224,0.17506914799004694,0.06322609890502999,0.04606012199868023,0.04008079298256709,0.16277592954264833,0.11737904677540249
0.18785743514278522,0.3756464067943807,0.1446150740505142,0.02188893006239497,0.023930033313806814,0.13318231063161676,0.03643442008946782,0.05314220175444179,0.02330318816059176
0.4605935103868286,0.0460755273667356,0.06871337901102653,0.0326824504829873,0.16638566861352252,0.012947621196621364,0.038760838713156956,0.0710584893345589,0.10278251489456218
0.04362652220720786,0.45077738870580597,0.19064863992390899,0.02083631157408702,0.0301070263323477,0.08804704708930598,0.03708341900071397,0.06958941437336112,0.06928423079326135
0.561221907357357,0.04791804342598546,0.0439023811789779,0.015082614639368346,0.061650921569366225,0.050735234388869545,0.059953388490542936,0.09180235053797721,0.06773315841155537
0.06030168786330157,0.034673620516270945,0.03272961380250344,0.05558699754546743,0.30150813043385805,0.003804811406311812,0.07542006896136268,0.12879629999549558,0.3071787694754285
0.10787677513554239,0.1623490346026476,0.13167242613292435,0.15696993542857648,0.038262125146852975,0.06566031609160138,0.0033937944759863015,0.28965416876989025,0.04416142421597829
0.46300912854685167,0.04387215135450817,0.06981171824092582,0.0933539004049087,0.09441475278130722,0.017033695164248453,0.0886207398085475,0.08396273010856224,0.04592118359014021
0.023704854046479446,0.5943244027355167,0.12978425692379444,0.025219133042414344,0.027936186766899504,0.04494583152721407,0.034850806057535745,0.02873169295474208,0.09050283594540366
0.09126263962422376,0.034584390688100104,0.020074853660340987,0.0745468102470959,0.04289410824413418,0.04061861163167611,0.030446303736661805,0.6458429433171992,0.019729338850567962
0.05903581288814908,0.0923482487065856,0.015439984802122428,0.025497907815854856,0.08624147802168536,0.011337261748028392,0.09908309926282562,0.07108151884603155,0.5399346879087171
0.1328242555516512,0.4384822342309804,0.03370112127722848,0.09827985971631215,0.03956143344031755,0.03472446427287121,0.0862517521800872,0.05960752069148293,0.07656735863906887
0.40846410508260905,0.1707502026236739,0.0472042916996249,0.02264356734672024,0.06604207118273428,0.01939512521203775,0.05924768220968624,0.056207630090977484,0.15004532455193612
0.08765116052185778,0.07170831290284416,0.04029910091013109,0.18576247610143373,0.07886752180324516,0.03559672166487839,0.07916187547815667,0.10698706570738216,0.31396576491007083
0.0820116810877768,0.13180938739155953,0.06318836617776287,0.2689239964205989,0.08581669933014142,0.08376515446002963,0.031156491618473187,0.08077358977611095,0.17255463373754673
0.18731383392295808,0.08723338074468556,0.015089347064550493,0.038806208939463745,0.03890718130563898,0.008479528857798653,0.04640512399790026,0.13619007790274687,0.4415753172642572
0.1086029948260962,0.16423740987090737,0.14180742036743793,0.28464120987943503,0.02360155505433409,0.035320505293637734,0.12069531060214089,0.0860665981827093,0.03502699592330143
0.06770636792640966,0.06016094717454479,0.10821214030568875,0.14915344207262052,0.06651305179976001,0.1365506547789032,0.03283046976529061,0.16847141680289082,0.2104015093738916
0.06076736726767749,0.030255543032171334,0.1622816019825569,0.13423755882201419,0.033020445539689386,0.10969693219008851,0.34596755994893624,0.034161324966998884,0.08961166624986706
0.11528782973513102,0.10790699879324354,0.18492459671212977,0.16109152151963016,0.05566518243873914,0.1308657458704165,0.018426068924747466,0.15070011130374003,0.07513194470222238
0.19478999255417526,0.06690921244173738,0.06453943792202155,0.028941132794618532,0.13677312931594673,0.03437958244071302,0.08982173057191555,0.2370045696854435,0.14684121227342856
0.2967899613178881,0.11808090335790282,0.01729665091041614,0.0472190686475464,0.09231348553479578,0.00590785727618446,0.05589214554854279,0.13768601109019518,0.22881391631652834
0.08080579757364767,0.11062474500129192,0.12278609505229598,0.06372371159485264,0.06370018487748606,0.21289055568946616,0.061291759343094054,0.060359925295276305,0.22381722557258912
0.105601202398098,0.03487628515239438,0.18086042991011317,0.014025772135456306,0.06154234030546162,0.06599335339895103,0.4901549338627464,0.018410930999901237,0.028534751836877693
0.10645065676405774,0.1599942547938307,0.026108161337900563,0.08319586809165892,0.028249853980352766,0.014699454220256999,0.027426145141132702,0.055075543887778966,0.4988000617830306
0.2879389101380497,0.3403253423710131,0.028858606330865438,0.1183032235904559,0.0347324008406914,0.013766719929167517,0.03036268060891385,0.07588422466619599,0.06982789152464713
0.07448183365122274,0.07954233845589527,0.2651426409891315,0.2294239227602688,0.0323962012445713,0.10659418814443394,0.09763156720081001,0.07845966380285964,0.036327643750806805
0.17340247085151697,0.05144865099175538,0.10869672911167659,0.06403769291189056,0.1738278963450827,0.07486815097268451,0.12236171353386233,0.08567517076927918,0.14568152451225178
0.02966377659840137,0.37591201342896324,0.0912980192455914,0.01045653538695796,0.023925851857246567,0.336139427185099,0.031127264269786025,0.019640959301101466,0.08183615272685311
0.4283098662274492,0.15649909802960768,0.11631917026052606,0.03244393007136347,0.0476453742969872,0.020514548770247196,0.06796299385622107,0.09939348677957992,0.03091153170801809
0.021971880098761002,0.3603228731913713,0.04585584565032234,0.23482421681523472,0.026934438851206638,0.21907305319401452,0.019960320862411264,0.03594990035637272,0.035107470980305436
0.20624953700867174,0.10757456738946601,0.12839696261454292,0.13152305613507156,0.05317530511841132,0.18265339113073162,0.05863583594386237,0.09751479720517797,0.03427654745406453
0.030588266280696174,0.17041488584215445,0.28508938643684517,0.18311743557947843,0.04635993976065351,0.03739273627552997,0.09829743243281253,0.0939877373987248,0.054752179993104964
0.4337578554811882,0.2244792782178551,0.05033307139600826,0.034660975911329585,0.0987951459180504,0.011092706495029298,0.025816484026805586,0.07498481603307583,0.04607966652065759
0.19304569713125255,0.14285203333448482,0.04471369729700106,0.16922133397085326,0.055056677827062916,0.01948837518697283,0.07269519874202245,0.2059723762214569,0.09695461028889324
0.3075120510317551,0.13843679804804276,0.1032391565014804,0.048573520973417085,0.07080151079965212,0.05106131969812249,0.021915142772023933,0.07912512979205272,0.17933537038345335
0.08782942170910289,0.15104094819949623,0.18790490858283837,0.19424625214792005,0.06980338309157395,0.016702154712460962,0.038836326801053846,0.18346355173936643,0.07017305301618722
0.09304180551703749,0.14018321350023066,0.287715966533688,0.0648720122828479,0.0701755021566531,0.17738625462712743,0.056746377159367346,0.05084557924994215,0.059033288973105946
0.022832037158851917,0.4267702850353003,0.1720894219731901,0.03812818301103386,0.01934365132025974,0.10498822514031535,0.07577197223058801,0.043821812433318695,0.09625441169714215
0.5029546560132888,0.03633579793903482,0.1946844547178369,0.07980578167480448,0.061166280440510125,0.01865945415169257,0.01600223499722829,0.06494144894766574,0.025449891117938134
0.13013384836078454,0.03641846758871135,0.15553066337148844,0.05470863966762254,0.08937940390183456,0.09753318798023287,0.043091836753574204,0.21454144936705385,0.17866250300869768
0.05365563329150924,0.062042149798769736,0.5489902184646529,0.04287826654559149,0.06432174203264149,0.10921333552618501,0.0449702808889951,0.03342468095643596,0.040503692495219124
0.15278090342852144,0.049037550096903575,0.10773614859138068,0.19301376691441022,0.17281939977302943,0.04249525022836722,0.03256566086714064,0.21745971749622114,0.03209160260402555
0.5293109533562198,0.08391718744304184,0.04397330303193254,0.017613839232291106,0.08252379932831122,0.017758112851245542,0.026330683460183368,0.10637033739475725,0.0922017839020174
0.07741205930198414,0.012810968413118485,0.01783148665240122,0.006632355906125646,0.03668741167097419,0.09250014319940629,0.07423016392431854,0.6134100368876739,0.06848537404399745
0.0668758936262137,0.07442133520729455,0.17291536791078485,0.5044401317540242,0.01941168858594389,0.023195274173980703,0.07312652273069949,0.03739751059158123,0.02821627541947733
0.06450709254864562,0.48856048593629353,0.15546184284146727,0.0435292563350515,0.01601982316016976,0.05740146065617711,0.11248406110789726,0.03519111511977988,0.026844862294518004
0.16858048362532238,0.11928178597866117,0.12594117278896075,0.2877054968947563,0.029365319112557558,0.04272627652183151,0.029439207718605143,0.1338524145206075,0.06310784283869775
0.15161571682436562,0.03959716738279123,0.14911093139173393,0.2847320415505201,0.07016996417557027,0.03457360503956626,0.004364934693930086,0.13387515399433178,0.13196048494719062
0.1379767925575652,0.46619364549563835,0.04734026961813915,0.05501812012667732,0.013148518391151045,0.13156903214068383,0.08860192464902673,0.024223346296344456,0.03592835072477388
0.12026452026461537,0.21862828974802473,0.11901621152943768,0.06724663604214816,0.12542777125107843,0.02780886521505024,0.03437394956357334,0.04010585493693453,0.24712790144913752
0.07781765453567889,0.15397789145604315,0.2241844912022342,0.08948793590742803,0.039001709423693465,0.14521100821283625,0.038226991280818766,0.08789240337839625,0.144199914602871
0.06694127491887009,0.02973276173465712,0.04261648421847931,0.020391609124045706,0.05278912959818957,0.0368496697592198,0.03507455531469022,0.5780319863841147,0.1375725289477335
0.020076944482377308,0.012379980252848663,0.04776994754232308,0.017670099514172154,0.044510132084729224,0.5425795512606117,0.07059486890884885,0.04311926427961804,0.20129921167447093
0.13955264959638664,0.17971946080011447,0.029327883269835337,0.22118598908846954,0.0649233653923395,0.03132082375943096,0.026792213591835565,0.2846571332645162,0.022520481237071704
0.506188768869656,0.08218639226672585,0.025599503604290173,0.05070224998656911,0.10459885523435127,0.009762059219611763,0.030399470329743678,0.1368763223064766,0.05368637818257551
0.0722993778715217,0.03263713246161618,0.12083500786106671,0.023568893830012743,0.35194933207503354,0.22721206101475785,0.014303590555176958,0.07266750135491125,0.08452710297590314
0.1417033129701731,0.28406160514907614,0.016304786611592646,0.015812181748757276,0.060330276715089386,0.10410959754062839,0.054478332859648086,0.10116522189213466,0.22203468451290034
0.29140995076738385,0.1114008583150039,0.01985986042894582,0.03076548787805594,0.04206835167227884,0.03505585460562292,0.02823441586663657,0.04268694346350408,0.3985182770025681
0.22016402983300906,0.03748552154666452,0.08261180277629049,0.2579501708155146,0.0945846157202322,0.04514996287425691,0.06083497651803598,0.17291327285565128,0.028305647060345024
0.050817519822277966,0.18633872653114725,0.16490781897490334,0.14702072423584686,0.027397963219701397,0.018581798138577663,0.025234055713637293,0.027334977609345102,0.3523664157545631
0.370033130531858,0.1399587245287717,0.03408117004334644,0.026558302275505586,0.0506469975864026,0.01765947270618343,0.05425658624269567,0.08695222048799389,0.21985339559724273
0.2218997691276848,0.23640590991265986,0.054321521594429795,0.09719158558232215,0.1362726135374524,0.011932565178973653,0.08428765036372077,0.11295071531734109,0.04473766938541559
0.12024547691647758,0.03556945706212933,0.16842853752382178,0.09277870407549653,0.05085187738354607,0.04269946697937074,0.09080878683412792,0.3407922277788982,0.05782546544613177
0.4572911869506267,0.05147547296180511,0.08343839428871158,0.1725287002615448,0.04474052237545512,0.018170083177325245,0.02287759415079175,0.1283788837781989,0.021099162055540816
0.19344258062081587,0.03841761532857832,0.10431081178145939,0.17162769419793059,0.18554897083516286,0.08239471761572005,0.04273304477116158,0.07741295777601113,0.1041116070731602
0.06652439625861158,0.09089276460941419,0.03240670947667232,0.258361141541163,0.07847124102313607,0.06264214485193677,0.30555993495346695,0.03965284334260575,0.06548882394299325
0.23107964415947016,0.008327292655376135,0.053840456983264284,0.11679128308532698,0.14512696060939353,0.016516678232443058,0.15871441206518203,0.07772368997064856,0.1918795822388953
0.04971060539575529,0.05457503998795063,0.2808237564195533,0.019679106525702875,0.07192577359087253,0.18540901215115255,0.23273349923309428,0.04810673471822424,0.05703647197769426
0.13580786110450518,0.01739429572485799,0.11196729008083339,0.02498898930615684,0.3588881743036707,0.1252285374181921,0.05109962618579745,0.0703719112599732,0.1042533146160131
0.022468154407104382,0.3359568125659731,0.029567275546128476,0.014387600824256956,0.0321879022284959,0.01980197596003729,0.049431083641357065,0.022561791832869212,0.47363740299377755
0.02860136757104414,0.1421947182409753,0.003874500615085739,0.0033113150923000934,0.29321270795659815,0.2088817756180735,0.10894100354954316,0.11356367616729579,0.09741893518908414
0.11648239278382401,0.058462176078343,0.061697160974970244,0.054531850662034524,0.14138647347372937,0.005372494278657283,0.04666903707308236,0.11458041446647345,0.40081800020888575
0.06254205293610067,0.05287697790120061,0.15142593218915293,0.19856345205702244,0.060410363123052396,0.1419402915959736,0.13090601661249637,0.13277234303423793,0.06856257055076305
0.08364276737990871,0.21273936035731733,0.09681158430646893,0.05635100213934404,0.08138069627546328,0.17531401208108258,0.07010569441042856,0.08382061550894808,0.13983426754103848
0.08738006789467,0.5408322089083876,0.032149551997291206,0.04748239059790386,0.019783469618922234,0.021121079627218788,0.10246800888714043,0.03307372662767311,0.11570949584079276
0.2797721683172445,0.06692561931708609,0.14550863370947448,0.09924394729832726,0.04357954040572593,0.10512132087065103,0.07490342247892351,0.08581932684946793,0.09912602075309927
0.052833641616999466,0.3883413998041094,0.15467186084941115,0.006883374465814413,0.04399855935278349,0.18425541444407503,0.0606059075888958,0.03724385748487775,0.07116598439303348
0.09825766553877036,0.04251113703946774,0.03707383884766276,0.33282701567691336,0.06448329506298271,0.06168057070695188,0.028734686764265955,0.20337152346565732,0.1310602668973279
0.023436207790614266,0.06026126186446457,0.03506263179780599,0.12298819164184037,0.0404012795223932,0.06378663238504617,0.022599557816659732,0.6218702014182189,0.009594035762956797
0.05839351914231683,0.4385892232063083,0.02595456363258045,0.12718682827521852,0.042887634417481425,0.029165889200782353,0.15688481140437807,0.05379769804626008,0.06713983267467392
0.24614737093827052,0.018956488350449874,0.2069958113979193,0.09092078496193952,0.15777965005323494,0.03723439948128467,0.08692736600541845,0.06488694455181372,0.09015118425966896
0.07857564606218041,0.04523934434380001,0.07225873208178964,0.034261718907510424,0.05877774544189628,0.10075876099611421,0.05700448570561895,0.04665754803015342,0.5064660184309366
0.08511983467527957,0.0985035714680771,0.07053896276106802,0.01875805465144313,0.08376562331764677,0.1672965892301913,0.12470408081493546,0.06444383224547445,0.2868694508358842
0.039219177896970346,0.08801327920014583,0.18666735601444784,0.42490736781600785,0.029611536392701223,0.08474687000355324,0.06059404778703024,0.047769861146771,0.03847050374237233
0.04668098215661065,0.13135913647797073,0.0818621175888883,0.08280162623078542,0.13503618712225784,0.20915066928658002,0.061513447994642034,0.12294109484705845,0.12865473829520663
0.03694983673077056,0.10366608164779183,0.1772547009517719,0.3703998845013771,0.031313562990307846,0.12550597903549704,0.005654523450809817,0.1299232721462539,0.019332158545420048
0.1128490174630145,0.13071198740206147,0.014792912704562192,0.09165437368073777,0.05766386446525904,0.005548667336567841,0.07920903298093317,0.05920760875459924,0.4483625352122648
0.07029210014361903,0.2363444451016509,0.10941013011780783,0.03574866586010194,0.04446685825149042,0.2526969614623902,0.07464953319306517,0.09776788432839373,0.0786234215414809
0.030284029625254356,0.04321902995075314,0.11495725760996388,0.32952101418007435,0.05723200415590895,0.22896815313411464,0.023845016002140357,0.12035913904697292,0.051614356294817594
0.06932749508615864,0.2543722376926802,0.17518482104294333,0.27626425541085414,0.0445516894482336,0.033090194250020084,0.01937358350881727,0.05397440447792013,0.07386131908237263
0.15862441178444467,0.11294057966741218,0.12887853061825463,0.07097948113440994,0.05798358162004413,0.05472829937788771,0.25196668304538467,0.041546389054054854,0.12235204369810715
0.02728768239706639,0.06454818381379908,0.2325609218750753,0.24974518461504217,0.026712136965071704,0.22933412615106227,0.0073767383250157165,0.12209762002816493,0.040337405829702314
0.05824160329425848,0.03674156336385774,0.13065725162376238,0.020964788630772595,0.15669724837900179,0.04368640037277938,0.04746918062962565,0.34560238549436556,0.15993957821157634
0.04696138156579299,0.08968679941327512,0.16589011898765044,0.205500580627168,0.033292010914971144,0.06517303223206823,0.2788736390234144,0.06272622773459698,0.05189620950106275
0.12835351933968425,0.18812543801797874,0.10959130525321359,0.05047070544153326,0.04353826199239652,0.04427973176656045,0.3037630296204597,0.049810266227241266,0.08206774234093217
0.18012690167669976,0.013667525087711985,0.06049412433487086,0.1789075840193267,0.2287944315833456,0.005969907813413801,0.15542682606753877,0.16760939095856117,0.009003308458531444
0.043334518764818,0.025182544751697067,0.008363690806002104,0.005352609082956113,0.37412603487973506,0.20478260110277505,0.18764126639674153,0.03553791909971263,0.11567881511556244
0.05187603372924713,0.019972342954350117,0.10109863247232648,0.07507058734268711,0.04799579455333477,0.22795237708478489,0.2547218177602068,0.022422577252063914,0.19888983685099879
0.04815496749760151,0.0774707219316234,0.5142943169501927,0.029189760358840883,0.03876648644104915,0.03391951007942514,0.15209805477222993,0.0712870998902919,0.03481908207874528
0.06710604162428481,0.05375635382957691,0.18260811570874205,0.36107402264500704,0.031094032064816802,0.053022163047147984,0.038817519718531625,0.0877628618639477,0.12475888949794513
0.07107626150733597,0.03949001954841977,0.10666102396219197,0.015095304536251705,0.4778754552453183,0.01865884553439966,0.08458339414984162,0.08280231620656396,0.1037573793096771
0.3979827786982155,0.17431076592411646,0.08232801455492139,0.06828041889793587,0.05736154329064611,0.0236131169318068,0.042704352593727825,0.09837581641348697,0.055043192695142955
0.24588330437597497,0.24104677867838878,0.04509937119224552,0.01664410133721744,0.07287161078758912,0.02973013657790216,0.11467567878801464,0.0542640517832664,0.17978496647940098
0.03128913578165549,0.5726290614482374,0.062090023921763604,0.014975050027008574,0.040054311260331994,0.09554587163504862,0.09154682618968811,0.024489475096133823,0.06738024464013236
0.10328104563712215,0.049065671704671084,0.3744009628273956,0.15783478881863458,0.055231635924493476,0.045489442524355196,0.15632943171190578,0.04628009600408522,0.012086924847337019
0.06339403818903899,0.014803310254551958,0.00935167041734592,0.0961339104883981,0.07299740203975003,0.1396051791317621,0.013068397849036557,0.5754780233579592,0.015168068272157243
