0.01440686043865366,0.5930483868904894,0.015929943803960622,0.18005511810738337,0.031191346844574214,0.09407839873403805,0.03744771567280611,0.01992669953352023,0.013915529974574306
0.021647084358673335,0.011006684333129213,0.05866080360020639,0.17001998248223407,0.4235943673293983,0.10464005467334155,0.02328299760005251,0.1500109833520561,0.037137042270908464
0.021891413957614497,0.01818439432590939,0.25041803382943273,0.10485603464366929,0.03609595253692602,0.1341651699368324,0.08158522667826716,0.1963783413716463,0.15642543271970213
0.0358798235835113,0.03337229156913999,0.5918727219708741,0.027450243892317,0.031924348602882215,0.06651640571108432,0.05859220871846712,0.1247561897923784,0.029635766159345402
0.05686370412965872,0.03648476341867087,0.43769691531967836,0.0361513926119422,0.21292609092698836,0.05956095434231149,0.02400376672159638,0.05089270349409162,0.08541970903506196
0.05428985612012046,0.017894117954408383,0.06223681692778274,0.1461032564359587,0.06979382060631664,0.10032147817801589,0.013178892043421674,0.484069714582999,0.052112047150976504
0.08954831840602208,0.07708358808448536,0.07751263454948241,0.4568653337087624,0.016515577717585894,0.07949751228685766,0.011278382762050135,0.031893723398420955,0.15980492908633306
0.021001031919199536,0.6020886928053223,0.016506374058678257,0.0885853135907137,0.12033946809818946,0.033957083035187526,0.05381201309806408,0.047280052469326365,0.016429970925318806
0.05613341180121967,0.05583040637258885,0.024632611493119957,0.08907081316106769,0.024027634657474813,0.19478266377775103,0.01703915169520887,0.06217048071291673,0.47631282632865246
0.08074411020551174,0.04152513256688161,0.04990498217606854,0.073872714909678,0.10503291875005492,0.1339983414283942,0.028553307556027845,0.3831305090675234,0.1032379833398598
0.12763282882433524,0.015411259548323722,0.1389647201014568,0.4233595630077558,0.02424620512723753,0.08353036308953776,0.035928632897892915,0.05389191483194392,0.0970345125715164
0.1034506659994913,0.05412563470531836,0.33132809282296366,0.05721053928067291,0.023663681862460918,0.09570378844865339,0.21063352483707956,0.059912374076213325,0.06397169796714652
0.00801981982255021,0.17764234240578525,0.0279496760122986,0.44909960430304324,0.173304375310973,0.016500321933509476,0.019915372155754455,0.06018274458851539,0.06738574346757026
0.04537308950859187,0.09301866536547891,0.16918916519901403,0.11062629506628067,0.17313144804835315,0.10128036476172098,0.03678311296399155,0.16964137926020698,0.10095647982636186
0.02691787301492124,0.14193978203193605,0.15198015682295837,0.02496885267605924,0.07826758387330228,0.04947199991140582,0.34683932390443295,0.12461046075084649,0.05500396701413753
0.47968959333000544,0.01845622837898753,0.09688407721245373,0.15327310418392145,0.027429734376969838,0.05656414326005005,0.06707899278166797,0.07939651364848231,0.021227612827461762
0.02598923171379013,0.08984034599894423,0.049420952932333694,0.3740466020977374,0.0330317398612082,0.044892285311894355,0.020015694082554297,0.058139481729986044,0.3046236662715518
0.04673650375816266,0.025940723284772826,0.062299394996480795,0.044826494347481725,0.25513134884056266,0.2301546841878458,0.05563479384873781,0.12962383491387416,0.14965222182208165
0.023359540760442835,0.06640126793946864,0.017969056444058926,0.11052543397221275,0.030118140747334154,0.09411220569969292,0.0022135346104055933,0.07901259705080327,0.5762882227755811
0.009583424101307062,0.052337984922447796,0.07669693024344945,0.4666152446780844,0.023553140977453663,0.04911200671690682,0.010968340517858687,0.09723988497648822,0.21389304286600397
0.18696574979662675,0.02389551003959613,0.49435183513082587,0.10025352349536372,0.04832594827606207,0.0290871320772966,0.0186625161539573,0.05429109507365454,0.044166689956616954
0.06628149952867951,0.05490314130642907,0.021820673564241815,0.13105310664343967,0.16278579070797758,0.12538359469355856,0.03283110107786555,0.27826018084264165,0.12668091163516662
0.09984460950114483,0.08880415942843019,0.21179570777537138,0.2255850344839487,0.0689509011503772,0.07908558376371054,0.049207140349204315,0.0944650277308896,0.0822618358169232
0.038835782389308605,0.031031483031951055,0.03849292097583656,0.17480837605154065,0.012592073987277715,0.029617591629739936,0.05366486080892369,0.5868654628261741,0.034091448299247616
0.05177204112302195,0.5107752303630734,0.01519283628931356,0.04352131910304192,0.1378111163445302,0.03822208753554193,0.060790501367650886,0.0581431918352611,0.08377167603856517
0.016015750820630222,0.06134066631652232,0.04355066193001985,0.6105208795615356,0.05019157829572577,0.06689909233540864,0.010529382943582867,0.08595748503590782,0.054994502760666954
0.010880083697351989,0.006545939038496339,0.11402891369264455,0.16709814245647558,0.22129004764183446,0.11701722727585928,0.0036657702954360377,0.3167228989881235,0.042750976913778264
0.5552316387991524,0.0426339357497146,0.11914195496561848,0.03980928047004909,0.01327460219605311,0.04899385368603045,0.040223020251036475,0.10781554524250549,0.032876168639839866
0.1169274023141243,0.49827775084342196,0.02744512688126091,0.028555369175905815,0.13271301129241772,0.017234070856166895,0.010172657462384578,0.04319733996841319,0.12547727120590468
0.010675762538490148,0.014972794015941045,0.023430736044400016,0.4281817493202498,0.09090851832817577,0.2040199901886788,0.01925450551057482,0.14986426406698972,0.05869167998649983
0.47211504210138194,0.011722706219729448,0.038623801760446635,0.03497732137297251,0.027727203121163686,0.35156131903367366,0.012590664561021314,0.04323238682717379,0.0074495550024371235
0.11620062022032256,0.152741365271207,0.041171920687119584,0.06544023470135248,0.2537676432885759,0.10539435905822668,0.025936640111053885,0.13651430908343357,0.10283290757870839
0.02940802564707147,0.032924258113051545,0.07422488430616402,0.19581908297405123,0.20082418991454862,0.06563592677497505,0.012132406359722112,0.316719011412837,0.07231221449757891
0.12398476561550686,0.06350168672553382,0.04137094849365818,0.09251747885969519,0.04757422260296918,0.0656177897719951,0.025734982057762618,0.027560928185571338,0.5121371976873077
0.009875038349521343,0.02288377277586522,0.049672070578097666,0.5795688806579137,0.04231937504850902,0.040781642599718476,0.002607021693032042,0.03087702256752699,0.22141517572981548
0.017054761999311666,0.02379769163369486,0.07040284568485085,0.11655079622602589,0.1218073140827876,0.09187192847108401,0.11087958379562239,0.3751659625992175,0.07246911550740527
0.01714562339020255,0.09942928604545369,0.02380415565649353,0.5384851138546622,0.03302507320568397,0.045215779725603374,0.007074182871990939,0.07531328752061943,0.16050749772929035
0.30444363228399746,0.16932983189506554,0.05010595996686865,0.1622939352518932,0.0814053374915083,0.056482773713447974,0.09361725530443084,0.05903765981544417,0.023283614277343836
0.5515137102893491,0.045099627994250324,0.12179172664202957,0.02171647749761237,0.01333706035705146,0.05203166219937747,0.06856712526608245,0.08778394003651598,0.03815866971773118
0.0450685497683553,0.04650949097742787,0.20471165532809132,0.5175170632694219,0.005249186942152041,0.08160365694455891,0.014519522909732957,0.051549763898530415,0.03327110996172925
0.2817190888710297,0.15242590522243868,0.040868124753511384,0.09336920249173698,0.12425936451065363,0.08984703443610746,0.07847721160414896,0.04469294819588665,0.09434111991448652
0.1678983895377956,0.03409391051647686,0.21377204987302892,0.057756989782152136,0.009269355334606722,0.09050000460696533,0.1947508222823382,0.2176142592660355,0.014344218800600833
0.1284386476460009,0.026065676323614482,0.03308848596563709,0.07504319811388606,0.14938746706229025,0.1377862633246559,0.07971924076668695,0.34833967125789256,0.022131349539335876
0.1294193996588661,0.1603350047354456,0.060061320617852264,0.09567327912194838,0.19532600424202307,0.10052803145053435,0.017283113817330945,0.12185272962409287,0.11952111673190642
0.04203495395456961,0.017332317294816487,0.037748433917452105,0.15460900507583952,0.16935017508255382,0.2566589737872729,0.053603823566442256,0.21032697193094674,0.05833534539010655
0.00557283103073405,0.020178340218511264,0.06882154711083492,0.15553804739353488,0.19496767751183894,0.45068133067214905,0.007011730406727324,0.049841153171393954,0.04738734248427561
0.07725562788096088,0.09677273580911878,0.04394764136308282,0.0737946239842613,0.42798293351751965,0.06907398160611915,0.037663444792859796,0.1307169713727713,0.04279203967330636
0.0454951695230594,0.012357401327091766,0.02935431776927272,0.1257712682953814,0.1699703702492291,0.21293753771487375,0.012242267727996145,0.3593125274193523,0.0325591399737435
0.008038031446476857,0.17519912123046558,0.025255975292020238,0.4507963872491418,0.029076902878888877,0.03831072614988541,0.014620332728317226,0.16934155039175236,0.08936097263305175
0.017520146356496506,0.19153944505629675,0.042931906918729834,0.2391967507288514,0.12979692599195913,0.08813834534456626,0.0603218655808015,0.07200629683000043,0.15854831719229814
0.44646191014467423,0.037750286532630524,0.10921447402252137,0.007861931775960377,0.11120411052545937,0.1408976925657146,0.05826439835718265,0.06255295656328624,0.02579223951257059
0.03999447139046918,0.18252220507781367,0.03339770946424114,0.10620707144115948,0.42649444485365,0.0293278929798398,0.039996581586485905,0.12427062123223444,0.017789001974106298
0.01231505039654159,0.036688260614638424,0.04800865680513509,0.26877059066369874,0.20459378714088539,0.11207897374655008,0.0551894710624752,0.07830668940682683,0.18404852016324869
0.04817962687844912,0.11022325145496488,0.04948822081324237,0.023951394994826066,0.11689787382750098,0.08382920736530863,0.09374729658934057,0.4505038602862459,0.023179267790121513
0.062291962466026196,0.016310409280681556,0.04663254650623569,0.23759026730534927,0.07091434840533524,0.42401805433164075,0.00836412545685641,0.11520785126795281,0.018670434979922077
0.40998891322318026,0.04368062503622459,0.03594636059107792,0.02529469291007952,0.08070847580959344,0.18505137342965805,0.10651600423228443,0.0646068441434437,0.048206710624458055
0.5703117474203134,0.028686120501958384,0.03431808271882616,0.0885972768877732,0.01746787406538546,0.05736835966138636,0.04763234018471599,0.08930464451084952,0.06631355404879151
0.022742715577508326,0.023039937066554772,0.052618416672182956,0.2206818986387159,0.04606586762747574,0.21162955158195082,0.0649215754754224,0.315975196081436,0.042324841278753134
0.15905084988269072,0.041338152620851894,0.1418052948746932,0.010562117131389855,0.020221082417830317,0.10716143161837545,0.3857446855604256,0.10877985833275294,0.025336527560989988
0.01664183406097429,0.03856398358999089,0.07579566004573811,0.5981189024441803,0.16585395217239185,0.02701359240275925,0.002166781534578335,0.06518974868921354,0.010655545060173419
0.041623337642890265,0.3092096754904903,0.03241198181363571,0.09200285631517825,0.17226586514074083,0.03769201732929589,0.028903374333202097,0.17079970543195713,0.11509118650260956
0.05083472640284967,0.03498891278861919,0.26199215108023627,0.25723302409621085,0.03729625949875775,0.13887118744149113,0.011398958178660585,0.1284163223471968,0.07896845816597782
0.5540282257512775,0.022024688142436234,0.07010569377710503,0.015024292526728177,0.08104170676332244,0.1549670141340305,0.036665864926599685,0.032741320033109034,0.03340119394539138
0.16008902895284102,0.042337907914393465,0.17908185599696722,0.10939099368857574,0.08710979520803071,0.1344282148219,0.05039983085990151,0.16870895912475317,0.06845341343263718
0.03363917606758878,0.037976799095745355,0.19909722090900547,0.11122959135337196,0.1058284340833593,0.10184415027743926,0.10094210210405082,0.21128845642859936,0.09815406968083974
0.13475196462548902,0.1281015619803114,0.04417130426825123,0.023459551810495263,0.37436304657709446,0.08406456753390677,0.09742169872353451,0.04551931632924375,0.0681469881516736
0.02875172322704105,0.04728142308247138,0.08164089002314663,0.47572264559898086,0.009879825675295443,0.022552293025906955,0.09010179969496801,0.09514796892794702,0.14892143074424266
0.003942580009944145,0.033717031955683444,0.05953678576324848,0.5357440077303005,0.025843186505480856,0.06001713069840146,0.0017554569187622285,0.09212043758370747,0.18732338283447147
0.35078758916253916,0.017588571425437207,0.07053562743729452,0.13223221372654395,0.01341205012051721,0.16928813903863207,0.11736121073151484,0.09088627312053094,0.037908325236990184
0.057085039046953535,0.021423862375416755,0.090052901477918,0.28033062535439107,0.0863077667093618,0.20679372835235185,0.10738965137679653,0.09397589655484412,0.05664052875196638
0.018777680135877068,0.061221825372495826,0.012546515899175893,0.021552882268202334,0.5107941811364246,0.11939852430668661,0.1044430245534525,0.1256876420699588,0.02557772425772634
0.2868483985422709,0.08084279857199567,0.18668185060698614,0.06711439253282346,0.028856249611010007,0.12595608771146485,0.10677402915694463,0.06885435552756136,0.04807183773894303
0.0021215846544675146,0.014247071504190518,0.09382905348021268,0.45895080131667726,0.018370495696636464,0.015367495665176326,0.001437327482660733,0.3523971251446946,0.04327904505528395
0.03334349120925768,0.04404893599151432,0.0761399974333401,0.04534946922156324,0.17582082281060982,0.13137711101869295,0.009974157796630238,0.31936815710856403,0.1645778574098276
0.04036755007442016,0.009595661857554677,0.050170170977491324,0.15886881017117482,0.009464687220163607,0.1585235479259337,0.09490131300159964,0.47624105929105465,0.0018671994806074798
0.1177406113377016,0.133375584837216,0.016725827667487408,0.17088013474505023,0.2784350694667283,0.09581247898245411,0.10171795135894705,0.03743265138080656,0.04787969022360874
0.09696039391674793,0.09619188072413698,0.054814779572469524,0.19417521780468217,0.06368524894965731,0.11267224814896142,0.03290192564560717,0.05755790229382452,0.29104040294391303
0.007319677546794412,0.014576397765688164,0.3052804679276023,0.3821316638734253,0.02425604390550509,0.02388535683718566,0.011600069479234877,0.12307430160319893,0.10787602106136536
0.025372805984755015,0.06972600781952519,0.038187967933608874,0.4964257286593194,0.015941975730714958,0.0342366328712296,0.008111881145044691,0.08775490629730609,0.2242420935584962
0.4782360445395805,0.01632296666071949,0.055225061541377685,0.21725450932961501,0.02467548800086018,0.07019349911560545,0.02062101528769407,0.10156491599478247,0.015906499529765052
0.30259689189457384,0.06390223825591938,0.05888719747714378,0.02519477343526083,0.01232794019110557,0.20498352461817884,0.07494317321025908,0.22779584738232964,0.02936841353522909
0.05886628342701222,0.012692948656629099,0.045951420015288374,0.28838294041414286,0.02497893422231112,0.1399734655197096,0.02925647623335655,0.3744804100190457,0.02541712149250461
0.015801474065355915,0.1074421529822475,0.045384998311777745,0.4867582754932364,0.009884828592045099,0.042143170173684776,0.008077037356210242,0.0640886411623222,0.2204194218631201
0.12489335410051046,0.017771626377999037,0.08232497932039173,0.12028538285507713,0.09632143378845354,0.19351240723530597,0.12107061242640009,0.22207595832767235,0.021744245568189786
0.06702280796715386,0.42924904335935327,0.022825710055223904,0.31471377457557237,0.021362877861133386,0.016428469212785037,0.00799336673246307,0.05146445567471888,0.06893949456159618
0.003754437586454326,0.013363537330174416,0.25307950053652356,0.410898739282138,0.062166804887588266,0.015617790682384404,0.002930026695020417,0.17377765038317003,0.06441151261654658
0.05050962815468582,0.6631453922003193,0.02395434010061917,0.012464494298674347,0.06081075732650465,0.0839134307157375,0.06084274523627373,0.017788300178033487,0.02657091178915179
0.11051584515334982,0.05415989060067894,0.5953551129331983,0.06263277877170688,0.02206670989873456,0.034725966007134394,0.020062171931876913,0.049244239381708875,0.051237285321611405
0.022698957299849276,0.12490915433278016,0.040802538502040187,0.06551664207520827,0.36844705716884385,0.04250832254085989,0.09509887505920252,0.1807424479467331,0.05927600507448272
0.0131483837234442,0.0672538207322181,0.06813464147154172,0.6689779131226478,0.014412357559589223,0.029521196237041383,0.0431815259738062,0.05592065563418914,0.0394495055455222
0.024686621413662162,0.01155752383101642,0.032000131040822756,0.14722215497460467,0.06350770332412967,0.1681842617501446,0.02181735126452986,0.466470387098274,0.06455386530281598
0.028095254924265334,0.019190960211907693,0.06387717661636239,0.07137423793003676,0.24057665448805268,0.23788105812030183,0.026851306871703135,0.040583456192054446,0.2715698946453157
0.052429907973562236,0.06563011870106195,0.056151322825504585,0.2226044552923726,0.037450819047369056,0.0396200195733224,0.008846792037584046,0.041725788374542556,0.47554077617468055
0.01091589905083456,0.07544708224856929,0.061027311124533946,0.47652767874424423,0.224037972079157,0.03383656779415578,0.010373967878697033,0.0845884164535164,0.023245104626291813
0.014557012165463559,0.03221403380377569,0.03230355704203087,0.04042716808998386,0.10700952359878312,0.39509481251794004,0.10298472728620511,0.19289352190858766,0.08251564358723011
0.01726717835088513,0.08868477958078465,0.13426703636658713,0.04036357253909258,0.3473274745236174,0.11316792682329761,0.10718028467700409,0.11720740457941838,0.03453434255931311
0.024102101019816385,0.20805978063306887,0.05870903858217641,0.10985749958893648,0.2591222124401426,0.04735555852465908,0.11796498552892976,0.12352129021182584,0.051307533470444595
0.006958768005254755,0.17271087099641969,0.0284823728955458,0.00804635198044201,0.4421390313589817,0.14619574728742007,0.05008332404998978,0.1069277275901895,0.03845580583575673
0.017186622057558217,0.02010095550167317,0.09605777784651781,0.5299821255329714,0.020919194589873222,0.06709867275914655,0.04007587959937111,0.08046811453006779,0.1281106575828207
0.07177088148957689,0.08251303971788118,0.13775272151014964,0.11287494484891684,0.0801450288661059,0.15912554722562697,0.013259715905716903,0.11978063700387977,0.22277748343214596
0.007012808211755248,0.03574931186959447,0.04998237585267276,0.43581754648772275,0.04550132896598918,0.011452318752599897,0.0028241293517577127,0.29973951102672275,0.11192066948118524
0.055738595839210654,0.04325406361903303,0.16868794836083814,0.06777552534070126,0.36261352931218377,0.10305547687501541,0.02650920563730073,0.11292520200749744,0.05944045300821952
0.07104658316508317,0.11408681191890109,0.30360707375501533,0.029201549358307224,0.055907561940704974,0.19334634773725423,0.0625116561807,0.03847619028284185,0.13181622566119217
0.13136511821787936,0.017527224339469412,0.28125725117310024,0.3020036556278718,0.026491268741163653,0.0231861010340018,0.03198045566610107,0.10779710429433366,0.07839182090607909
0.05344770105445009,0.03697771988732385,0.050312101810524805,0.18340947810931918,0.030662076279521288,0.1038750931906665,0.11667424999014901,0.3586284522374102,0.06601312744063514
0.07043193685393347,0.028539371390488063,0.2314529052690936,0.25871208968019893,0.011420605663664698,0.05875200127927064,0.20502246684301997,0.07699305426801545,0.05867556875231509
0.09156370875293866,0.044747663747300215,0.10501474620379299,0.40742149869864774,0.11730546399206203,0.017540336517000012,0.14917125031680664,0.040355991247361014,0.026879340524090748
0.2894415501739733,0.024922207493171058,0.08550176298055562,0.10635317963699224,0.03582471371762251,0.04532183465659362,0.30263949981105226,0.08375972608335809,0.026235525446681313
0.0013847207175684152,0.008376665027969158,0.034592715165620354,0.41276971812738456,0.03857340700458484,0.020814024099048863,0.0008718369048700457,0.40942848284990135,0.07318843010305241
0.4948319952953591,0.01960749284741443,0.12023039488917044,0.02737270325716293,0.017122439598663833,0.21892836951002767,0.03671941637187932,0.03810973031788121,0.027077457912441105
0.10224969177111758,0.06705816207045127,0.07196597537229116,0.16974656585718564,0.19639657717260461,0.11549215847102305,0.03580785370537625,0.19327975264539396,0.048003262934556416
0.04854309984094322,0.21321162217971903,0.06810716914421171,0.36914680783297227,0.15082420759460666,0.030231407230261773,0.013795338276213475,0.029192809733292746,0.0769475381677791
0.010137499731191246,0.008337786869093259,0.2056047743483357,0.3925331006328387,0.030124524595259567,0.017638527903541795,0.0022798098576511066,0.2885262971084938,0.04481767895359478
0.272678712456725,0.0703538970792214,0.08162012173055823,0.06971801123967174,0.018317501395583875,0.03819284481569585,0.1933337536335266,0.21956744972291728,0.03621770792610004
0.0494028310590486,0.020911459126789527,0.041048740504257275,0.03119481109087693,0.6142556078672475,0.09710063696362921,0.04245510581322424,0.08560043099673942,0.018030376578187197
0.051416540249065244,0.03259963624190076,0.038394810038089276,0.13241729790869586,0.252226928999869,0.18338333248348396,0.0646647328434183,0.0811188324695306,0.163777888765947
0.045052162455016316,0.07512348619655707,0.04728692684849933,0.02881458972909018,0.2055982172141327,0.05861757123213227,0.30351285032687086,0.1270120031250763,0.10898219287262496
0.07303958505465695,0.08849653160669972,0.10427586654650071,0.08491689633614115,0.15939015062532022,0.08413144361418211,0.03701632721130913,0.22653913331638295,0.14219406568880708
0.05804603807617611,0.028256062685368833,0.08182433239669307,0.06472860862054296,0.2443813843589592,0.20635914853405643,0.010243602665064187,0.20941531577594696,0.09674550688719215
0.09341806140872426,0.07604453239961233,0.09860933951723404,0.4704636393087582,0.03337073917095479,0.02358378478395563,0.015930987377917403,0.10648447557054963,0.08209444046229385
0.006809990622439084,0.07682728525202849,0.04491291397788224,0.46253607839036176,0.026519280472249263,0.04817900959799521,0.01141269898010429,0.042995565924123395,0.27980717678281636
0.012996664275256411,0.5201112628942953,0.004699954301307331,0.23038056323201758,0.05851269559517605,0.033498964848270134,0.0808603067970896,0.01699515731760658,0.041944430738981
0.12706362942916716,0.16534705415643944,0.07046551822683081,0.040416614205082836,0.18017832548935342,0.07323656909889908,0.11716842074868454,0.16807466849364994,0.05804920015189279
0.12636041679657717,0.012240138994298521,0.38067729530639444,0.05268041175158331,0.18688683231634592,0.13374717739829892,0.022483720671153996,0.04965146979564367,0.035272536969703984
0.08894047989605326,0.07424930596254199,0.052269750109687006,0.03372243574340879,0.2336523767204868,0.25688650556403575,0.05898510614797039,0.04583159524666108,0.15546244460915484
0.030451416346925952,0.06141517893511944,0.1431507549537334,0.030623431022881092,0.0802335606586822,0.08411317715711165,0.32881759856056175,0.20586300224086,0.03533188012412448
0.05488683819962689,0.024329323875468895,0.0759756645484183,0.04231377946992271,0.02030801475479628,0.0420792909286715,0.035760978335624194,0.679381311039667,0.024964798847804223
0.02339524628119143,0.09027308703691579,0.05607788916314069,0.37708248038980335,0.16346033009683844,0.08105723928181359,0.014046792753302442,0.055987482178529176,0.138619452818465
0.1549901986045433,0.007122585567848744,0.15558516727982272,0.5160418978352622,0.011889516432718726,0.01904351582827127,0.043642050179759306,0.05228357172714323,0.03940149654463045
0.009398789760975265,0.023205906720772194,0.11330450752565786,0.5086120874252519,0.05780448442773467,0.02699622975780852,0.023043112704336427,0.02079503902847024,0.216839842648993
0.17585599920729814,0.07096406024376106,0.042773056668199055,0.06436569631957569,0.11306232806109011,0.18842929684027984,0.18170181505532634,0.14596415547384256,0.016883592130627196
0.09829376291932172,0.0708997020332725,0.04443212002099493,0.11046180005451206,0.3089579399775811,0.05147670790472821,0.14373537665804384,0.12459382518957814,0.04714876524196745
0.03914472855934328,0.02726168251897554,0.016414712623763598,0.08825324351493587,0.017526666432629824,0.29518790991251126,0.07418192785017892,0.4350081826875152,0.0070209459001465595
0.004903133434467085,0.050420481885442923,0.14768495657785896,0.3967422819210604,0.002669811901521701,0.022771455871089124,0.005646944241668189,0.2679532998173974,0.1012076343494942
0.021620651808337277,0.0076998221023533405,0.26752611385841435,0.44652530388958195,0.016253195563607867,0.00699617700560736,0.0065250772434863455,0.20556667703425346,0.021286981494357964
0.02869786033466738,0.036620279781599145,0.042738839804744466,0.03338595224624207,0.57917172440616,0.07533237967232785,0.03314687010990585,0.1276715369448925,0.04323455669946077
0.09390458929448049,0.029692899793194852,0.054903159639218914,0.04611281145477835,0.06545618719115413,0.11423839969160261,0.41683635408446906,0.1411679339027263,0.03768766494837527
0.010514414819172068,0.2873874952566197,0.02859225242886819,0.3310772993608122,0.029593218809755965,0.03306897743032811,0.008033338134670847,0.12210033606367625,0.1496326676960966
0.0831902842374675,0.06755147007758873,0.041517447906876025,0.14956258855268326,0.3193226709030988,0.12407254020676273,0.03906857208841488,0.0882533294030332,0.08746109662407485
0.04131338687222751,0.026461022100154052,0.07993803321459739,0.522794200182224,0.016989306588824166,0.03421027385470173,0.035293569476841834,0.10159208358787107,0.14140812412255818
0.05070595881530383,0.08575332769864329,0.06838409940150002,0.13017212487413765,0.11616097453243406,0.09789242154662703,0.047541522022569505,0.1569972283553159,0.2463923427534687
0.0663553337474818,0.42743251189396547,0.02177740957369476,0.0507549678062657,0.04100688658503428,0.28668259716880534,0.022392734145700883,0.07479506795258865,0.008802491126462994
0.040162427020507985,0.11064857736050226,0.03539755286367202,0.3668329940168438,0.12267577433255306,0.1440389551197883,0.004051347575412152,0.07095445556900243,0.10523791614171801
0.04399139462522267,0.16948922796355903,0.035506037029868744,0.031162813242063343,0.3116661325967706,0.09219088496970372,0.0434313851772554,0.20950191380732872,0.06306021058822774
0.01350651507514971,0.010932247716213822,0.12313287583970671,0.214745178987895,0.2156083075251364,0.2097457664651429,0.04612477934820558,0.0715884215884965,0.09461590745405339
0.037078236571509444,0.0444115028467122,0.046052588026163875,0.42619308225638336,0.055123973708087304,0.127958577998365,0.05366441264922636,0.10952179376172688,0.09999583218182555
0.04462205839839221,0.0621123278613494,0.04792882167769671,0.23595045749325871,0.21174613855784474,0.2838040634043964,0.03609156463037296,0.03546584921493689,0.04227871876175202
0.11850391631632413,0.07228424081861064,0.06745167144009849,0.18671390636400945,0.16028994464015053,0.17835735221244567,0.03549359835812161,0.04958163351026223,0.13132373633997738
0.008572327304240172,0.13790502058578302,0.029221353680986172,0.3049329561969876,0.038207379904697275,0.15271068036230404,0.035617712292324986,0.2719741477378191,0.020858421934857627
0.008596305386791106,0.042315428837706504,0.07470068654064045,0.2142146348183771,0.08789765281098387,0.14086235294767288,0.09864538469740632,0.3015638425737009,0.031203711386720873
0.01908612711004658,0.0562162055699919,0.05469943878380015,0.5330308313789923,0.02102427780503639,0.044440921587513754,0.04711804810703565,0.05094314414450692,0.17344100551307629
0.05436376126187995,0.20421867255431514,0.042988910505930004,0.07298262841974236,0.0523925367194174,0.25429094797116863,0.20965537202187126,0.08185131133733427,0.027255859208340966
0.047264641211352876,0.059091573428392025,0.027121651439768784,0.2123419513578563,0.02146365529314939,0.11866481216241115,0.013422451490995899,0.10554895619197442,0.39508030742409916
0.02789240566783509,0.05974956167896134,0.07188918240277062,0.1509094644564004,0.0874418763567799,0.17655643241670993,0.024155600159949078,0.08123529241440434,0.3201701844461893
0.0540686844119272,0.041928719375157,0.032253195117359794,0.215161898996057,0.02904731819178315,0.07848585602887403,0.014545196431501905,0.030569560080280556,0.5039395713670594
0.09581476922590727,0.05689532886971863,0.07283229700409223,0.05063600735977639,0.06689311815468274,0.03293642985395968,0.035250333993981885,0.4964402276715094,0.0923014878663716
0.04769956471840245,0.021147575356441756,0.2732741828366167,0.2290550223839792,0.07339630164679672,0.20629658163853928,0.011258106827769744,0.06249779890615815,0.07537486568529599
0.03460542777828888,0.024210285484859196,0.04091093175784443,0.47520810386488527,0.019219479875328956,0.0827433174198415,0.005501842803838985,0.0778773447462826,0.23972326626883025
0.6120637865784496,0.017656127913531824,0.10098526322101521,0.060650407051545424,0.015182365230595974,0.023085080275716496,0.12875479452408017,0.02391261253493689,0.017709562670128354
0.025148176167770542,0.017359897509104463,0.05522425069708171,0.5266983404084715,0.1374576155408519,0.044272463299810744,0.0659821583278128,0.10731619219180107,0.02054090585729521
0.09613553432111661,0.07512226624578609,0.08358992537179004,0.19978787060038602,0.06456059950602483,0.1834728655525374,0.0831384490563913,0.07689536330687852,0.1372971260390892
0.0218746882033595,0.004171172137616634,0.3401810945129508,0.2915338128504935,0.012785087322233499,0.004078558576933127,0.00601722060443929,0.2893844227640627,0.029973943027911013
0.08410010865922864,0.11531773444057132,0.07931113651287916,0.26683310421531165,0.049971442484136576,0.07373678564765347,0.20007414314149938,0.10733266453018264,0.023322880368537136
0.06296490130405742,0.15927640606845414,0.20371116670251196,0.06992531728912242,0.138867269094144,0.06411000105347703,0.04674439791639277,0.18327061451747506,0.07112992605436524
0.014903099905373652,0.14363903447628087,0.025871855370829876,0.37207645429336506,0.36501368304433357,0.013339545038372015,0.008871982065162327,0.03666967449911397,0.019614671307168662
0.011616831014049348,0.05051564810425097,0.0955982432277165,0.4472232945622617,0.1414371393902718,0.12162391680973957,0.0021897987625615206,0.07356758424872945,0.056227543880419145
0.030348159629110378,0.09116605151434311,0.07148876644263209,0.18650879909061094,0.07449647940381655,0.085190214390239,0.01930365139471818,0.14789882450526248,0.2935990536292672
0.0023904222514173437,0.040971847011984926,0.02755492904927356,0.6529168854378579,0.01467828116487481,0.08993812764357369,0.004772077585439943,0.0988829501194697,0.06789447973610814
0.014374025567572633,0.04180021161431135,0.029548243870372425,0.4706721701934615,0.029422130677265543,0.13037971288393502,0.005520034075048873,0.05574459058676156,0.22253888053127105
0.3802496313293171,0.006178198358447799,0.1244789846447406,0.014869858226121446,0.07124933224068204,0.06692158618610829,0.04924583445933758,0.2759139994904452,0.010892575064799978
0.10831522439899277,0.017584076177144414,0.07042573991324408,0.11376951282828605,0.12050782670274007,0.22171708575390744,0.008671360822647703,0.08958528677493027,0.24942388662810724
0.026770592765163723,0.11075871851742634,0.06921607671280541,0.07493705731093064,0.14026290784596243,0.2115654771423444,0.025925789749706676,0.1980760715440362,0.14248730841162416
0.5689103785654334,0.01921436664143324,0.09081037108710084,0.03340139706731394,0.024239550105316615,0.11062138906805019,0.03421313886402688,0.08496704485317548,0.033622363748149316
0.08592282743315906,0.04065788157954951,0.18017117782783676,0.4149468758749611,0.041710617227332526,0.08156101905602628,0.024363695973912056,0.09676889415277655,0.0338970108744461
0.023941913691370026,0.07039547341703979,0.029619318656691884,0.03345719547023788,0.6329533424832915,0.07756051669199236,0.03579644905579276,0.05120843933779581,0.045067351195788106
0.15647925806767807,0.050861722774562475,0.08982133217557657,0.4006139460893324,0.09640046095833378,0.04680265279574538,0.009472691137611379,0.025341547376117185,0.12420638862504287
0.05884750530072893,0.1097464808363907,0.03868644851782612,0.23734394464128283,0.04845409742555149,0.3804924177515889,0.03898172085890683,0.05313362611577618,0.03431375855194814
0.03770683283102799,0.03511109703494961,0.054342111715812554,0.18857321129906426,0.07029931775874612,0.13763039821114675,0.0772823332965278,0.16695062621393733,0.23210407163878757
0.06782043803891472,0.033146355904970164,0.02989017190572689,0.13675665447183052,0.06387308071258394,0.5072190681428004,0.06542079585651779,0.06277543003735184,0.03309800492930372
0.021046567853044512,0.1468859859919951,0.040209134733069175,0.21091162130805916,0.07514668337372045,0.03767436106373249,0.01627062665233297,0.2715430590753542,0.18031195994869195
0.4962673838359051,0.06821772073925784,0.17504368387018635,0.022764733551513622,0.013208320411076863,0.08122366621026957,0.027633228321406047,0.052075516630030905,0.06356574643035375
0.01483389361015717,0.06483573807945982,0.08886783731534016,0.5930684805013886,0.05379447912769966,0.0480220052485617,0.010489016770783224,0.06455597927891682,0.06153257006769284
0.0709820694574823,0.04817733842339472,0.04109212098823906,0.039943128732474464,0.4926498410283264,0.02699125064654204,0.02470188893224502,0.19573640994918082,0.0597259518421153
0.03152005361816922,0.03144535001496766,0.0809906675239751,0.2608694795807201,0.17610876441097714,0.25612650995697656,0.037337987217913614,0.07171599786508048,0.05388518981122017
0.4936706640576974,0.13102208807969218,0.1229612114728958,0.014758856727456955,0.024880457842451284,0.0472097004291363,0.026853648125453766,0.060167160603682046,0.07847621266153422
0.05119824278214722,0.03288038271523585,0.015614629870265342,0.059427550272423225,0.48303678481956425,0.12023984126711183,0.045277722554225346,0.16424970094974825,0.028075144769278693
0.08795932948853735,0.09749572352078274,0.03971253585345177,0.013782542806559156,0.12419054773193035,0.13830524121284313,0.14532401361211564,0.32560366026815185,0.027626405505628043
0.02450666886358723,0.039752411353512686,0.03587876701811476,0.11523027084142468,0.02795913785511049,0.12457438464861302,0.009194019863830855,0.04279936061687357,0.5801049789389326
0.05911474096943942,0.03982175981176145,0.09836113297253656,0.5242027900066027,0.0893874514678389,0.055104501769155455,0.02998418688020414,0.06285146317037871,0.041171972952082664
0.023219031953023658,0.04924792051833369,0.05571925228312596,0.6092313739254792,0.006143187371902792,0.034550610932751434,0.004313129083188963,0.09881331171763934,0.11876218221455499
0.05419151998889158,0.07898641156813857,0.014125221233927987,0.019318587359781602,0.5319167207149712,0.04950859428099672,0.024273656378478756,0.19102537431328256,0.03665391416153102
0.06699934909568606,0.048025957643940596,0.043345156740863165,0.041154567602754696,0.3352840496455925,0.0832153949130403,0.03825622486628593,0.29218280181721273,0.05153649767462398
0.4977309826107173,0.04812180786018006,0.04564815397424343,0.018799028105854487,0.06435883661491364,0.14269981399197956,0.10278873041087518,0.06375798845120094,0.016094657980035336
0.0159444948169544,0.4627876881340986,0.03522651229961688,0.1913485552248224,0.10382701840171064,0.030067548360264623,0.016466705600040706,0.0482010102804886,0.09613046688200315
0.08463928942074662,0.03249485924559947,0.06678799167310223,0.0901104864605096,0.3436997013181382,0.20656120986845936,0.022212338001387402,0.06558604129130752,0.08790808272074953
0.012281936145830077,0.07141763558629967,0.02647805523049787,0.1852089797907568,0.31615747650206105,0.1270351018302729,0.04270252945801004,0.13711121844926033,0.08160706700701124
