0.13259507931782663,0.11194049133458456,0.12149794536949748,0.11198897099154198,0.09683504543402288,0.12295032741064975,0.10892414418669565,0.09966734632091283,0.09360064963426827
0.0638621739125456,0.06507825850804985,0.10472512721547618,0.11194295649580109,0.20152879761467055,0.10055688740313899,0.12377921763138185,0.12827769511000328,0.10024888610893253
0.16065476078806315,0.18544374573734299,0.08049842392871097,0.10176822721978175,0.11047917004291652,0.06396459625830628,0.09211020801922942,0.11865717567020202,0.08642369233544689
0.08240986104695819,0.09130294570816581,0.08385096311282342,0.16584866974364007,0.13961469655739536,0.08775270404595288,0.11691031594663681,0.11239703633465031,0.11991280750377716
0.04096468610979186,0.10017455078539424,0.11106398967923349,0.1414699414117932,0.0667772596098158,0.10335184926365333,0.12417041843227654,0.10600253990867313,0.20602476479936835
0.08455605901438053,0.10639435107406343,0.0861216226167887,0.10238062244512385,0.07270764489663063,0.1354864099483741,0.11803939450772445,0.12453590723175838,0.169777988265156
0.07626600266678817,0.28011422123827284,0.08591527382325521,0.08838434188280964,0.13199160256852502,0.06590191490639348,0.08510602009480454,0.10338877848479766,0.08293184433435348
0.15775160916471434,0.16259789224504326,0.10300389101713105,0.08792112785587347,0.061274826877536735,0.12855281095606352,0.10057379802753726,0.10074381200219529,0.09758023185390503
0.04095631623228586,0.04696029560049208,0.12941739037251268,0.10856000512382495,0.11383877511807076,0.14426053376543432,0.1338846904873368,0.1367591575362741,0.1453628357637684
0.040769024741069394,0.13989488611170545,0.07585642454250668,0.13353980773072727,0.22703820518468953,0.11329492560485199,0.10178323440584212,0.09174951758431714,0.07607397409429043
0.10772374011240804,0.06438116706588226,0.11685456625097938,0.09973873402019484,0.1755339535707623,0.0823061812378129,0.11141391967142363,0.11799866685775424,0.12404907121278246
0.0559253911949548,0.048297370117331796,0.0803046900361603,0.1373673434393127,0.2744554357083129,0.07895009581899215,0.10378065877772143,0.09926939712825662,0.12164961777895726
0.02580923826148185,0.12422569227784867,0.08165473952195469,0.14936462333961392,0.0832974119000048,0.11695551583312354,0.12978481937912625,0.11900923264452638,0.1698987268423199
0.10792484270855017,0.07613689671180363,0.09886683619509944,0.14413597755462196,0.19572783379203992,0.07956010970946686,0.1049814427853597,0.10049742141733502,0.09216863912572332
0.09357452424915498,0.06480137328068185,0.07562061727200342,0.1271033039799028,0.22805482581082304,0.09322287352611158,0.10778917267204759,0.1132307660369456,0.09660254317232908
0.03699348619653525,0.12739434792207815,0.11973511599483137,0.12223927403365882,0.10071153756541422,0.14170068675471081,0.12376161222547803,0.1102032061321574,0.11726073317513581
0.04270333170196242,0.33375862696759256,0.06625614455607792,0.10048560245550071,0.12249958568924246,0.09255110680928318,0.07823974953449608,0.08850083319271584,0.07500501909312883
0.16456219028846295,0.2790889123384143,0.12726579726554965,0.0995768744506844,0.05381206603482886,0.06600242966593357,0.07136781057673729,0.07667705720559392,0.06164686217379494
0.08865676669276586,0.10050852058122084,0.05666966792843714,0.11790256144904439,0.2817160814969401,0.07077726825163548,0.09414210631273097,0.0996145839057423,0.09001244338148283
0.11045543010313559,0.059738947304407826,0.08903205782131891,0.0856312751130573,0.21854134977020098,0.0825817359333121,0.11682784024744591,0.11954766423076109,0.11764369947636037
0.09532546598353331,0.05990759511530258,0.10242121728478555,0.13709603261469816,0.2461585462981355,0.07961182475843984,0.09440811570007164,0.09157453864628086,0.09349666359875262
0.22184410365253812,0.09558273513219384,0.06479489365243916,0.14733679263047314,0.1307510018576402,0.06839659563441292,0.09692445527175346,0.1005463090806482,0.07382311308790097
0.06048298233649605,0.0429473016370342,0.11364226938547901,0.12311667386123304,0.1910859111429906,0.10419091558911585,0.13746051750591953,0.11355415951404524,0.1135192690276865
0.03384354348650266,0.08892465359657027,0.10317147359179528,0.12156614214126993,0.1148994399493331,0.13235865917779752,0.15224068951315434,0.12475284748667907,0.12824255105689789
0.03916780007707061,0.04777660016566903,0.08301985572910621,0.14468695032668275,0.27495838160549385,0.08521906889338125,0.11450472639092908,0.0987910980225654,0.11187551878910183
0.3410516873286835,0.03725371466285468,0.16537746307218507,0.07960386165680161,0.03514563202356779,0.13267698625145777,0.05219386164805584,0.08790447789581886,0.06879231546057492
0.14843070446395135,0.14462759496610458,0.13326829238756854,0.10621774827780771,0.06643940037017905,0.0793588997862784,0.11280523093244639,0.1094254623024341,0.09942666651322991
0.06515565508239289,0.13745134691613933,0.08684227806676355,0.13182334918156371,0.23450414071997316,0.06536177666292713,0.09987226102542483,0.09174070858637014,0.08724848375844522
0.03232352867875501,0.29144222470145204,0.10088139569322108,0.11369107500051125,0.12695117155277613,0.07916477806471504,0.0885635748567939,0.07955481692751332,0.08742743452426216
0.10367355191262322,0.08317068864474525,0.11273199473237172,0.13208630041441324,0.05405828336527347,0.10757387520873153,0.1295532912167725,0.11702801072615532,0.16012400377891375
0.018787082054735043,0.2651431220605167,0.11995780598900141,0.1242862523313184,0.07986586087170508,0.07712804255932995,0.10019732684847543,0.08091223353455054,0.1337222737503674
0.07983404684762756,0.25487835054006247,0.09505976480090701,0.0921161419817888,0.0981339120487557,0.08024093824284263,0.10894291090248305,0.11105779491389346,0.07973613972163925
0.07155666684198765,0.055337681971125395,0.09415139501635672,0.130667010766252,0.16574624071504537,0.09469454131033163,0.14458290278481137,0.13111602344722173,0.11214753714686816
0.05916753215398357,0.05325986712600689,0.12918664552476875,0.12237644725770543,0.07826295873005142,0.13925407499863,0.12427498793779579,0.1266294302019004,0.16758805606915775
0.07339715219248526,0.28560272745195037,0.061371569199225644,0.10648815000048469,0.16800417777778168,0.0648915972023464,0.08199726538691121,0.0979279314248188,0.06031942936399589
0.3160453744131809,0.032423224960186084,0.1615732803981426,0.12915106305963123,0.025137380649212615,0.10615743189696679,0.08475864939453455,0.06321980482192248,0.0815337904062227
0.21512409223099185,0.08690066920531758,0.09454953721514366,0.12262875781416775,0.04385994611054631,0.08857957524420562,0.12265873089773287,0.11459565142826318,0.11110303985363114
0.05087103792203964,0.052271151043762586,0.1491231142732868,0.1383412919718495,0.055051234756887286,0.09899066512934886,0.11701472640475975,0.13459380756258577,0.2037429709354798
0.03752574768529268,0.09868384515687385,0.1146840327617521,0.14393864098304396,0.10141617296374962,0.10098512342498646,0.13328316664031065,0.12669017528380455,0.14279309510018617
0.03327560310235072,0.16578988469606673,0.15029139355082607,0.16908522256457834,0.06388803699362533,0.09059658999956476,0.10844663662947886,0.08716183963005386,0.13146479283345525
0.3141771210576691,0.03550557627959871,0.07059907028804184,0.07394067556352475,0.09731244587393954,0.17297239497795625,0.07941359255840601,0.07969247803024751,0.07638664537061629
0.24805852353426014,0.05176980630385328,0.17243910943113924,0.11004597512086606,0.03781073496899786,0.12681286113069337,0.08530179802351039,0.0830378665106249,0.08472332497605477
0.04202079389013253,0.07091681928698558,0.08911738046547939,0.14346727035732917,0.25975535245463816,0.07296526514202688,0.10784191694809699,0.10586942747488183,0.10804577398042962
0.05865652622212505,0.06522491372238944,0.15116200962127113,0.09677636232098759,0.09563896708229168,0.1650817822643535,0.12635903274581128,0.11739297507341939,0.12370743094735087
0.08873516527324138,0.05955467734635748,0.09848401778631966,0.14388534040905868,0.13836828496394318,0.10056988547723011,0.12998540105469494,0.12176869693761151,0.11864853075154295
0.008320293534514247,0.10588861826718483,0.13556782642262585,0.1747342188842399,0.10910843630320625,0.09609662008458032,0.12101704056640729,0.09709192183994031,0.15217502409730094
0.28146504837787345,0.09585483293161091,0.08981493891965558,0.06806209607024646,0.059317320000310175,0.14860993624134053,0.0618602628585056,0.09435795530020685,0.10065760930025047
0.27353474148684387,0.01587859249760783,0.16761460542579906,0.07627248522644085,0.034837256842875745,0.13880469806980208,0.07135087194791276,0.1087021209482237,0.11300462755449421
0.107186781870926,0.08232667278411292,0.14389758363950364,0.10833334693764722,0.056102505311401346,0.1375053626724765,0.12723074555090572,0.11556106687660284,0.12185593435642379
0.05206952613817458,0.09279257971454043,0.13884337573300007,0.17064661024087532,0.07046446844137572,0.09936500464638888,0.1303267428448049,0.11809876124212167,0.12739293099871846
0.05429338468433026,0.050301090683165905,0.09648138140689384,0.10276465601613695,0.25585396476402095,0.10077388963335109,0.11766070388925354,0.10765007270456417,0.1142208562182833
0.1273470503883681,0.048234938859396614,0.1264197161150219,0.10308747828081928,0.11579944677979104,0.1049328597199402,0.13362312363526094,0.13628802783769903,0.10426735838370287
0.1394814997252143,0.048581263632781535,0.10321951225897334,0.12050568359879586,0.052197926696361106,0.13512661121363287,0.11617129926727952,0.11219295655226502,0.17252324705469646
0.10061228528255735,0.1952887546739015,0.0834851900084977,0.10575730020388933,0.07181154492995415,0.13109256595097876,0.10268289715447025,0.10064200512252952,0.10862745667322138
0.45789175048362285,0.029488958067155634,0.06918080736465138,0.08639406543360739,0.03885417918367176,0.11879749571550098,0.0672656250464768,0.07812566782022494,0.05400145088508829
0.041903570688259006,0.2505094151980621,0.08866476248777833,0.09840993987068396,0.12165286340691832,0.09629821840094592,0.10192764990138477,0.10232821411269331,0.09830536593327434
0.16198614547584556,0.02123942134727433,0.19918662891845176,0.12091342511029897,0.08127472633448139,0.09174250166151375,0.10402381890464169,0.11287044586718405,0.10676288638030855
0.17249222107582485,0.06717016145633152,0.0945208555836311,0.15897663449601088,0.07653983429909988,0.12082581479607464,0.1104009949260088,0.09589054535869516,0.10318293800832319
0.050225090141680896,0.058934244829796006,0.10775881746843131,0.09630846431485894,0.17842967972067333,0.18366802377562141,0.11853370853844418,0.10029926849579933,0.1058427027146946
0.25117368343286883,0.07329226525312534,0.1180510390054843,0.12909991887688063,0.04902282853822018,0.10728736099061814,0.09887525295334931,0.08751728209050169,0.08568036885895162
0.13540238511376426,0.04393757335604596,0.0775334787829511,0.10822910222641284,0.2784387015578889,0.06352453348618885,0.09866602080732077,0.10214734844439892,0.09212085622502841
0.10681689238266538,0.05242286522653935,0.10219244049376665,0.09251166734661402,0.14125851758779714,0.18585475124204623,0.11415811066045171,0.10024837223865311,0.10453638282146639
0.06509098353527448,0.23379409288779765,0.06388375012901058,0.09608418183336093,0.13244083898139655,0.11311830470553245,0.09908753849997987,0.11045273171640153,0.08604757771124605
0.2404551240270197,0.03574360127655202,0.12193572208421284,0.11932236827493514,0.11606908736541394,0.08080971363932375,0.10094895869567688,0.09776732816194583,0.08694809647491997
0.08445810081637685,0.14516084977935886,0.08168517446864361,0.14056920219266753,0.11696187340554236,0.08287588605600298,0.11562032075142319,0.12467311551295855,0.10799547701702616
0.02772978344657753,0.21106841504458887,0.09105963662180537,0.13382928082310963,0.12320689049346124,0.08715721203342476,0.10726339406274184,0.10334788786686834,0.11533749960742246
0.04633140261328412,0.20667101784585992,0.11422476600965481,0.13655716222713024,0.07078635685299578,0.10431043162234906,0.09323650848120664,0.09523599804490845,0.13264635630261093
0.19668934479504183,0.053345087765137265,0.25275006393700994,0.10465563405830908,0.03795845782455795,0.08143857164651952,0.0818831882700173,0.08577861724717652,0.1055010344562306
0.06126046001921542,0.052648036814965236,0.1374930548760013,0.14977457787172987,0.13314207109671142,0.10227361697609243,0.11830254600221918,0.1067407277182875,0.1383649086247777
0.13157269223029294,0.08090953282521778,0.09779236612446364,0.11452130433925396,0.1714395667354428,0.10356420729825445,0.10053953608027437,0.09528005788582605,0.10438073648097403
0.037709404832764325,0.07536191514867113,0.15723532760916892,0.1521346505982543,0.04954778878387232,0.1135602076767422,0.14575688681542212,0.11760415772794501,0.15108966080715963
0.09370644346831886,0.03448580594950873,0.17153327073830346,0.13496861233510274,0.07089291767347289,0.14505882375364468,0.12339137030672014,0.09860083414656846,0.12736192162836005
0.14265541151002878,0.04708812000658682,0.12211813405348008,0.1123042849740793,0.11787523949921945,0.10868621721564843,0.11466312150730318,0.12085141167524087,0.11375805955841316
0.07121721950224902,0.06303756198103451,0.1191418581600857,0.16527607381564915,0.09686590658932885,0.10022162975714881,0.1202073479470361,0.11065287871335537,0.15337952353411252
0.08633397020610568,0.09570425086491217,0.08265500671587311,0.13840379318358378,0.16048685137823948,0.13043757379563956,0.10937474615942938,0.0991316808054068,0.09747212689081015
0.24225863565044556,0.036930092544439484,0.12854216311711217,0.1431089974464889,0.06151642666110049,0.08169437666911038,0.10862228419911572,0.10260526214493167,0.09472176156725569
0.026604334573491945,0.13738851547081604,0.11090632241232497,0.1524939967314121,0.08535399820151766,0.10751072282571378,0.11915936724655814,0.09194907496026143,0.16863366757790388
0.04180947959695808,0.13292959014042804,0.07192151401994369,0.11113346995230249,0.21932451013991253,0.11499989617316636,0.11732718868547552,0.10764181656387008,0.08291253472794319
0.18374205240209449,0.0447777872903913,0.19768436244807433,0.10568098588770226,0.04479730131219783,0.13131119750305678,0.09257699671484926,0.0901985084625988,0.10923080797903499
0.11279134793561836,0.11121036066536273,0.06525861444490173,0.10736134266256049,0.2393987088932238,0.08608601525709186,0.09229181240208828,0.10000071753315455,0.08560108020599817
0.034183168586186245,0.18536369095235747,0.09233014982832256,0.10186367991787149,0.15178735953574304,0.11518663753274931,0.1116033903476929,0.10472435650182148,0.1029575667972555
0.08564198500721493,0.10804611174853324,0.10251928836512214,0.09093180906898125,0.21289927989071164,0.07932916170010125,0.10950516568434004,0.10642032523042662,0.1047068733045688
0.0427075776796055,0.0972704416163801,0.09575892164581644,0.10572449107116134,0.2338573107977334,0.10144040659752607,0.1124940991457281,0.10291668240655577,0.10783006903949333
0.042058133211059834,0.09343855213526576,0.08172061400972451,0.11353011277857643,0.24569198676758477,0.08204212247928559,0.1186542229831871,0.12624717191277093,0.09661708372254507
0.13913739968263752,0.04607996394626574,0.17919961068005763,0.1266083915453469,0.0513662523641468,0.11314273980235379,0.11769776697043229,0.1010083111115996,0.12575956389715975
0.21943507095459833,0.09403507102633514,0.16975386094113695,0.09793239090018968,0.02850439359526051,0.09621916332079083,0.07353810239793727,0.08946083509126256,0.13112111177248878
0.10561317498863322,0.10769330636508666,0.09042576572323191,0.12219551456390433,0.15918006183396782,0.08353853386923192,0.10601552145329685,0.12144352385435477,0.10389459734829253
0.049763468231959686,0.11232438217218843,0.06369379096665513,0.08560803297258186,0.22960080268534347,0.13433599161889745,0.10772697302156116,0.11190692819650906,0.10503963013430379
0.37302824544426755,0.03404219551908489,0.08083203548585736,0.10574255251691507,0.04061305073314534,0.11052159908565629,0.090234348951363,0.07979277311674224,0.08519319914696821
0.1508961683965765,0.13558237122583056,0.09215082590956926,0.11146985370474995,0.09292145806224872,0.10595279556424157,0.10778916348422073,0.11167109412966936,0.0915662695228933
0.07211499610376014,0.08073602642130696,0.11012275794642366,0.17504776440284756,0.18827022606468122,0.06773541890125291,0.09904123516100677,0.08974863223723382,0.11718294276148698
0.028377506197604114,0.20660348481156143,0.09552012303534241,0.1671528940847424,0.11619747697029274,0.0781001711882374,0.11147012777387783,0.10782891547434041,0.0887493004640013
0.05061212683527419,0.04238606028689551,0.15826767766342362,0.11562098120723398,0.10413638856119332,0.17940571706348094,0.12520060468623848,0.09910790707839146,0.1252625366178685
0.16274196101816332,0.08482542120050797,0.07242723811086045,0.11814296690914132,0.250423074606331,0.06889058571309782,0.08588766739278453,0.08400813390599353,0.07265295114312008
0.07383477076671387,0.09800777886266628,0.062025137205763615,0.08716331155671071,0.38250349328695865,0.06963747260361688,0.07196729380146043,0.07877858653550651,0.07608215538060305
0.031049053230922326,0.1345482869767579,0.16147367295950707,0.13773094160130797,0.068122578171689,0.08827645800573101,0.11612009754793705,0.11058973805440854,0.15208917345173908
0.16652486199244107,0.08849121412527715,0.059414959641262775,0.0953844470129967,0.18395482127577475,0.15870205121602612,0.08441480634653957,0.08606929640478543,0.07704354198489649
0.09929396536810342,0.14000490134328145,0.06570425217733612,0.06127132253653783,0.17641469465727347,0.19351583229548616,0.08095149328417252,0.0925254425223816,0.09031809581542737
0.06849080320939027,0.07435567158322942,0.09267045786977902,0.11030501037995571,0.23623981171115915,0.09531203423089234,0.11532125504260436,0.10357388726942762,0.1037310687035621
0.12375064431196403,0.09596169186722893,0.12904201418059674,0.13695684947609277,0.07642489168126783,0.12429573893942884,0.11343264955634709,0.10328307331299662,0.09685244667407711
0.08243252437351785,0.08526191634195081,0.13904823400334845,0.11920202754960367,0.07443268338734042,0.11777585227865965,0.12849239293659825,0.11311476259709485,0.14023960653188602
0.05282121177571746,0.07980662108532553,0.10376659652047014,0.10842807582729512,0.19723660126787168,0.09179796507630517,0.12929291191747144,0.13121688510569504,0.10563313142384845
0.13076099103038116,0.04342836565125192,0.15881316379130014,0.08768204059657714,0.09250510357722712,0.17184315984647314,0.1045818583206,0.10670006087022817,0.10368525631596122
0.31256948114522726,0.09172116777035168,0.09483298206482745,0.06455618702045368,0.05062024439425226,0.14369750888048052,0.060194243442548846,0.0955053497626492,0.08630283551920896
0.034414122578345474,0.07801529338885406,0.12820946872409722,0.13936544961822123,0.15495601546493293,0.09293522070580838,0.13288030252905206,0.11058554133483627,0.12863858565585237
0.213149458452255,0.04338060702060325,0.11603760076534629,0.11767841088313295,0.07222756791821083,0.11496991994164758,0.11091019666307661,0.1107684817856636,0.10087775657006387
0.0664803666762498,0.10570396969390172,0.080486227131553,0.10268613027431145,0.17904801710189874,0.09916487958612857,0.11314374568871188,0.13944713411648932,0.11383952973075556
0.04265234195085013,0.09339012573742972,0.12668558022545892,0.16111340715038855,0.11698145082067202,0.09901609165304857,0.13135645656110875,0.10697402062306847,0.12183052527797494
0.025191898966292117,0.26635651547865574,0.06996395492638774,0.10040218982039935,0.16195196605427353,0.07092558828062571,0.09710028771351797,0.1234960489160833,0.08461154984376458
0.04495985606516629,0.14335350046351014,0.11452857400805906,0.16311823162773886,0.08336652941268241,0.10036197180059614,0.1275122459902515,0.1043653620917374,0.11843372854025813
0.05612540288759236,0.06368358770722075,0.1446034475267429,0.10374059138060139,0.2214528144272392,0.08293032893519657,0.10678306199759037,0.09644753878271063,0.12423322635510577
0.05356541621208428,0.1521839359527961,0.08917776927336667,0.1191100630458572,0.10141572228865409,0.12828123569842265,0.1357704892864081,0.12229486902379401,0.09820049921861691
0.03083023805348333,0.11603446723771067,0.12475366580032116,0.15106706951360518,0.09715648030641573,0.10815121387352548,0.1252215835816123,0.10415312705389645,0.14263215457942968
0.26588376566340294,0.04615379572599213,0.11253726240880384,0.09802596022583311,0.044484711110289614,0.13351765358134302,0.08556454390623458,0.08602884669168177,0.127803460686419
0.0805448739700181,0.1057403640464026,0.08322182679494551,0.10992771729957689,0.2786373922622971,0.08683754152287197,0.09152255489519323,0.09173710309048326,0.07183062611821141
0.11112973414286849,0.12012829836493417,0.0821330293748126,0.12945494238591193,0.151054083407225,0.07626108433558686,0.1084686533876773,0.11584561423882696,0.1055245603621568
