0.1848786113499239,0.11600381207291832,0.09403836375440443,0.08327891655709203,0.10719864439166353,0.13459507568452292,0.07554213408440101,0.09380797436587142,0.11065646773920242
0.10299826117278647,0.14071227140156037,0.09955011416870463,0.10484601421576718,0.1233924502619657,0.13104822344572692,0.0870650294927614,0.11312987310444904,0.09725776273627841
0.1604991314214474,0.12540610068495214,0.10573385784086946,0.1079971386595356,0.09734089245901724,0.1265488461161234,0.10706514738161475,0.0830627212939137,0.08634616414252638
0.09174171309832853,0.08165930571371972,0.12401438642214545,0.10920872231211128,0.11732603999436703,0.10284116640963333,0.1728640076368545,0.10712804168143268,0.09321661673140748
0.13799216612980725,0.0966333552309732,0.09035405681249557,0.13129518901650358,0.09817479051494683,0.0746784494762472,0.09614074314050214,0.10166605162748954,0.1730651980510348
0.13006837026257165,0.11869152607490263,0.11890417976032495,0.08408094841865783,0.10126577070452858,0.13234986618234476,0.12394855938550432,0.09539499452755078,0.09529578468361438
0.10364764821434518,0.06047579817773322,0.11388244765898392,0.12229750738719751,0.09003181380250252,0.0977045995330103,0.16715164544616856,0.13096861142408878,0.11383992835597005
0.09631751228810526,0.07292412880487688,0.11027020718947067,0.09871605553147682,0.10340522111301277,0.09044440128829122,0.14583002945369056,0.12925356191034665,0.15283888242072927
0.10092451994729397,0.07247450197576637,0.09192393869108856,0.08395875322918063,0.10984461992274135,0.11331007308944747,0.09976044164618596,0.18639033048316267,0.14141282101513303
0.17506257872934747,0.08087785414624217,0.10206128983455416,0.10981793149770097,0.09382429829331389,0.14019626525644302,0.10403980920683388,0.13469370293683985,0.05942627009872453
0.1382633484522832,0.04534546669351298,0.11571801419258387,0.08809288504832946,0.1098416184576928,0.13652762075912248,0.1871311815688066,0.08938142492847952,0.08969843989918913
0.10488563498992125,0.085322730789315,0.12232058959704899,0.09808000968174284,0.11074940253340225,0.07217657034845465,0.13232688992372088,0.15421990702383478,0.11991826511255936
0.10765508828528503,0.08355768520344627,0.09718996494415684,0.08763763322833945,0.12082848938567968,0.13193023625657993,0.08112660701454529,0.16145088069734118,0.1286234149846263
0.08143197546681426,0.0907997799774178,0.09347049833974237,0.0836719242769769,0.11300936640419151,0.18528295718170731,0.08251838988267238,0.11881698630057846,0.1509981221698989
0.21552533288647582,0.049280745135803807,0.10860886095407322,0.08433313802044305,0.09420037073840033,0.15932989647648862,0.1610763327290595,0.07193988454880995,0.0557054385104457
0.08683294572697908,0.12168020814433789,0.13177691907984326,0.1519681885072058,0.14539248935276472,0.10703678917477694,0.09367898758342978,0.1080280725550905,0.05360539987557202
0.1429536992070541,0.06440668881824492,0.10838543360827223,0.10860745441367559,0.10385155040769821,0.1267524967102148,0.1347081882903012,0.09676692968266938,0.11356755886186955
0.10153238897705225,0.17646933821943003,0.09440942428829496,0.11129819857803545,0.11360663728853111,0.1162281594010201,0.08299207393120527,0.11018861803711022,0.09327516127932063
0.09062022364246274,0.18487547357728626,0.10487963009287112,0.08819062490911134,0.0911373441442851,0.09326767560483847,0.09218704739891632,0.1209415346493254,0.13390044598090325
0.1403195857033717,0.15187469323430244,0.11928372295989126,0.10253636670073392,0.11864808616008683,0.13152388036399973,0.09439335899738728,0.08424619711661246,0.057174108763614395
0.2046357795747001,0.06106001435976274,0.09081064594547633,0.06456025027537972,0.09765426120359928,0.11612612965101,0.12172038693432048,0.0994758214186981,0.1439567106370533
0.06270906326772484,0.14543016788405042,0.15735716166646752,0.09327795049315772,0.12568254393646122,0.0989230597537875,0.09886370843066827,0.13306506881332944,0.0846912757543531
0.08556665891966508,0.13992328932362905,0.14020137974778943,0.13643628659222826,0.11495150749671905,0.07797180452842457,0.11073132394265228,0.10768000216471717,0.08653774728417514
0.11350938918224691,0.11861724252064139,0.13060396617458547,0.13318701302866406,0.13013867897772313,0.13335597050939094,0.08467825472857593,0.0993136317896947,0.056595853088477414
0.094466248131306,0.09055484003020842,0.09826812564687644,0.12815530434680067,0.11803030656984614,0.11827925275409083,0.1155477804183737,0.10503606339256251,0.1316620787099353
0.1425696230234069,0.12275358345313374,0.14448893898660295,0.06918218456116475,0.11052885388695889,0.07137952003029867,0.1148311608032231,0.09347364606761593,0.13079248918759512
0.07938103113594443,0.07789411570813924,0.11477190740353366,0.0663196229138235,0.11057205886738519,0.12496923487450173,0.10787492979063122,0.18652392712940224,0.13169317217663887
0.1915523450300671,0.09596193639958628,0.10715891447833785,0.1405993281930977,0.09583572061269736,0.08398247114379909,0.1022174851937382,0.11077994802205209,0.07191185092662422
0.06560843534219765,0.13560639936355315,0.10834698902801816,0.12938020439970063,0.12892084019230812,0.13538985974070536,0.09096598757747787,0.1378293973995395,0.06795188695649956
0.08525712218127669,0.11974851876474928,0.13816962461391347,0.1062641705800235,0.12237499675045811,0.0775000063867113,0.10993917255554016,0.11881300311570873,0.12193338505161865
0.08736242641177909,0.08035922233780485,0.10872689054240998,0.10610893528313965,0.10486803221657426,0.09733533459264194,0.1394014368159843,0.1497756288125903,0.12606209298707557
0.13673958246568416,0.07849089972206834,0.0953140676933089,0.1002030760106627,0.13806089223039433,0.16341013530122522,0.08224611179919612,0.11841973860631137,0.08711549617114889
0.07859041712833553,0.08722613887942227,0.11735314603362511,0.12233743965861683,0.11891692837930884,0.1046392312706023,0.15073868018540415,0.123505742300321,0.09669227616436404
0.1006578910005918,0.04001515590470117,0.11172863832600155,0.08149823744259842,0.0821712506852016,0.0837837501487599,0.2480790854897741,0.08535829172656968,0.16670769927580184
0.16187722670354615,0.04495544485304787,0.09431473626399622,0.0840402685347363,0.09851142260937758,0.1397074843814123,0.17400210170587527,0.09926816742544169,0.1033231475225667
0.10005038756525696,0.12890313427556369,0.1085575013105425,0.10943924982504243,0.12479928822791579,0.13162443403324672,0.08704546288889335,0.1146695470445951,0.09491099482894338
0.08157606816453315,0.08399746942487918,0.10329897911641235,0.11025157455629736,0.10283243589331727,0.09539526365456934,0.11606978314810208,0.13620623291966935,0.17037219312221993
0.16022740795902388,0.11583897708904796,0.09751855386563456,0.09837702769093892,0.10444587361929575,0.08658159868309229,0.08788264900445077,0.11622883181805495,0.13289908027046085
0.22665501764853024,0.041549683847861556,0.08968010591595355,0.06453383153879501,0.09938688536342777,0.14451547020484323,0.12655219638381976,0.12239647561733656,0.08473033347943236
0.10410403190738544,0.06031821601266813,0.11675809819491019,0.09405905965549943,0.10850545392838834,0.12094980777507187,0.20513097531602964,0.08581086408493481,0.10436349312511217
0.06974431797448764,0.08356820251145754,0.16391962445015476,0.10077037498569415,0.12127731379288675,0.1151993424557685,0.16770569228239673,0.12279207975478425,0.05502305179236978
0.07804450338757747,0.08589964557414027,0.11271666200051345,0.09426292813718935,0.12231777232207093,0.11574867133032873,0.17075335555438773,0.1005422217764587,0.11971423991733339
0.1315249708610724,0.09937338736080452,0.12429938246603593,0.10551138625037325,0.10574498483533241,0.13738990168162366,0.13031206965885422,0.08859316310462235,0.07725075378128121
0.10324588347758024,0.05662988358853079,0.10846468686397281,0.07958538431998495,0.09005059924892006,0.1235918958830697,0.16995139563881678,0.08675168224099539,0.18172858873812925
0.052480408572242336,0.12326864022415958,0.12431083753760175,0.08450238844541828,0.105417283115275,0.07301829160979413,0.13304452390919533,0.1253828816047914,0.17857474498152218
0.08595295783785739,0.06599497095995818,0.13031446809568548,0.08880239522183665,0.10690467317372654,0.15188297330051723,0.18293577553311713,0.07052261601025174,0.11668916986704969
0.14450953654527562,0.07489434803559337,0.1116923402806239,0.11899237521358663,0.10582505975440258,0.08127128352054468,0.11979244110015826,0.10422431086869906,0.13879830468111595
0.07908750262898952,0.20176099107074064,0.15155070590103095,0.10305443906901819,0.10934071333540714,0.11645532402276565,0.10001518483573406,0.06419749356462036,0.07453764557169353
0.15537766052554103,0.09498147873481982,0.09491793384581525,0.0772737671957214,0.1261293583407105,0.1429211193217784,0.08411376804240094,0.12413136326507494,0.10015355072813774
0.108839638388256,0.053501768478460145,0.09993480267594033,0.11456038323335893,0.09342048238301504,0.10481142358356393,0.18710299873514316,0.06994873238003373,0.16787977014222868
0.09226559771086745,0.05803225559159322,0.10064169673652697,0.0803660480931407,0.13147227325539868,0.12088800176207905,0.1186037905106996,0.11951594489851831,0.178214391441176
0.10069006707944778,0.12658651316767813,0.11872210551830492,0.10093661731059794,0.11358245647629261,0.07994024579445543,0.09867381793690468,0.11959280709890863,0.14127536961740986
0.16959362865390784,0.06978317954897442,0.08075712390762606,0.08831798925577812,0.15507362345774267,0.18326726069219582,0.06819646731579301,0.08574894892492564,0.09926177824305644
0.07751708102271936,0.10570477779817526,0.10570410216281471,0.0815177370161592,0.08836905087238338,0.062457748466662195,0.09526202145887312,0.16184678504848396,0.2216206961537288
0.057702858237777356,0.15017927569583325,0.1134501211816376,0.1552200755346915,0.09750524278103051,0.07231197311908577,0.09135944668528752,0.14003550000866147,0.12223550675599504
0.09461108838785175,0.11905475128375193,0.14420609077552546,0.10579997163848222,0.11953878221660795,0.12237280659150711,0.13288920139230587,0.10124392317590723,0.06028338453806046
0.14440547493136036,0.03728113673877341,0.09131535005372393,0.08799630384715229,0.11829316015359499,0.14261222655077485,0.15511533098994204,0.12609308704788955,0.09688792968678862
0.09430804073497141,0.15921638201053584,0.12190526202451006,0.11748025595591316,0.10109955158218852,0.20762078814788984,0.0997745535689029,0.07852483094862422,0.020070335026464062
0.11801209573304272,0.11069887547343453,0.11583134327765221,0.09538255184490979,0.13136706812314403,0.11423924508188847,0.09446172930250311,0.12941833690845528,0.09058875425496989
0.17530786176820423,0.08665095404184102,0.09523107243077034,0.09103001295582729,0.11280418562490489,0.14375414230664343,0.11389882225663993,0.0777973032614594,0.10352564535370945
0.16723750840229887,0.06737936257121242,0.09371973513748831,0.1005434552945748,0.13276358627872273,0.15184376024168844,0.08632558604948924,0.11092811645342553,0.08925888957109966
0.14437798067785576,0.11062769793035084,0.10266342769641039,0.11289294719962305,0.10918945780379403,0.11629454202375482,0.09575104267671752,0.07679827912022173,0.1314046248712718
0.06269637798148715,0.17162823711614783,0.11155237121985169,0.07600812490630375,0.11332203965417449,0.09390767536023299,0.08139229160415098,0.1945108467413945,0.09498203541625662
0.08666645855012949,0.08984450798657867,0.1362997811031428,0.10195468373427756,0.11667537713467994,0.09373127910505864,0.1395325628880643,0.10636440514635404,0.12893094435171468
0.18036531316894092,0.05803664214988193,0.08871605701133783,0.07751582706993065,0.12856142331669565,0.16697409861647916,0.11242177354309464,0.08510574946266501,0.10230311566097423
0.12979220382140388,0.07149758139024916,0.10456956255761081,0.09509865977060404,0.10423400210026089,0.11618056916645951,0.14315497671410018,0.08681580871671453,0.14865663576259702
0.0845030420768186,0.11144449495614801,0.10022128163165828,0.08319138978829864,0.0976464559410048,0.0814825921323745,0.10843378850837086,0.12640721197382732,0.2066697429914989
0.130981276745581,0.0712783360851367,0.10578299633398557,0.09358848047897245,0.13585944807006,0.16730791470759224,0.1051040521130742,0.09821272396768987,0.09188477149790801
0.12641658732825486,0.050344586438568234,0.11302559575444575,0.09864665918739497,0.09808265201682413,0.11815634456203661,0.17910416806615426,0.08528421937682978,0.1309391872694914
0.1385307102929293,0.15258438914424158,0.10899987807740745,0.10005749085017879,0.13308890030249446,0.11668711815478246,0.07675988546353156,0.09190114815404214,0.08139047956039229
0.07710603036999066,0.08790357860269422,0.1124671071015816,0.09095522768712981,0.09444309575115435,0.08208301649657078,0.14345161073745052,0.11309396390847953,0.1984963693449486
0.08742654215068535,0.1206675418278877,0.11516472555114883,0.13911854414204353,0.14154266170443888,0.1267963344594739,0.1169011090550653,0.07044081634410176,0.08194172476515475
0.07320882414856984,0.22225441814294397,0.10674350442684999,0.11783357914693449,0.10441386600508384,0.10358486827870923,0.0747788980347077,0.13527581651575352,0.06190622530044737
0.10145045596927471,0.1672888657593369,0.12187869545004881,0.12813004596219743,0.1205030038521084,0.1132181404128726,0.06499568613309546,0.10662096042271331,0.07591414603835246
0.10363860338502252,0.05673313100180435,0.11553488195881673,0.1372580694520246,0.09755762943698199,0.09616996579089841,0.1614380268322555,0.1282375019417573,0.10343219020043865
0.1820473715022378,0.042340396915135504,0.10653691031356892,0.06448133082859488,0.09653819616451077,0.13974770201131012,0.19214301670111844,0.08548743326871337,0.09067764229481023
0.09716438301916841,0.07640995682445674,0.09583352397295598,0.08321312292396582,0.12470151355328278,0.1718372871441061,0.09237139293023482,0.14082462903566298,0.11764419059616642
0.11093158864011077,0.06410531767312234,0.11880511797831463,0.10533371568726481,0.11562730764116287,0.09715347951882271,0.1476683661801831,0.14209482826158132,0.09828027841943736
0.07624010950993748,0.11768736933645947,0.11323609653669457,0.10458732038550063,0.1396755220913897,0.12729867896500854,0.09109262688452131,0.14072672753750382,0.08945554875298449
0.10242340987964955,0.04576188371917878,0.09472214313958727,0.06308861058096825,0.0941776321448356,0.13370042757863065,0.2158790780371811,0.07913099464268487,0.17111582027728392
0.09473435992774093,0.09025543435315436,0.09857640193905597,0.0899095108493287,0.11307788634240024,0.1045989795846372,0.10483153697874474,0.16443165403763585,0.1395842359873021
0.07712868092087542,0.2657076881943155,0.09521225737647922,0.10950447036567997,0.12254945556636676,0.08461470243944458,0.06869318773100135,0.08005860547627146,0.09653095192956566
0.07237083477282683,0.1791078905068562,0.11864783768569004,0.13299392200904886,0.1019917214052078,0.05986688812462945,0.09515741075998378,0.10609502695718842,0.13376846777856857
0.16452769670541342,0.05362892110434647,0.08672597928346505,0.08283753107311644,0.1124725194776992,0.16250620353495218,0.07775965479471168,0.16479005106290542,0.0947514429633901
0.0919367219619639,0.05974786418997156,0.10407534588440319,0.07603684925609504,0.10779644207710794,0.15349457000220146,0.11905106179535237,0.1644662429003896,0.12339490193251486
0.118902714101228,0.10245739991318836,0.11020373832510184,0.10857207279609286,0.09799977517727909,0.09554332270960401,0.1080656539451504,0.10186083523708565,0.15639448779526977
0.12056610723578666,0.1146198394792594,0.12060428245617894,0.14114483145771525,0.10583724138897255,0.13309954878785665,0.10669368309914183,0.10894520459766856,0.04848926149742017
0.15080410127900096,0.06598397282725622,0.11758188700934442,0.07586457412535379,0.09848029023622536,0.15765994963253047,0.15875009781943114,0.07883910720088359,0.09603601986997401
0.09112123702698956,0.0901114795866187,0.1303399679837587,0.09316148622919677,0.1287183836477102,0.11458650006176463,0.10435275149140026,0.12079634713235692,0.12681184684020422
0.07600116376409045,0.04629096157346633,0.1076935758798372,0.07690942618584151,0.09571975564303392,0.12019301713627016,0.19991151326373494,0.13263397027300833,0.1446466162807171
0.11884025521013297,0.056906160876576,0.11139662438295338,0.07548340071232325,0.10032624848497729,0.13510699811722907,0.10724632712589123,0.16933092886050974,0.12536305622940702
0.1715400156561286,0.06170658869836821,0.11219591949476564,0.07897614029469407,0.09048582405634546,0.17540252140776383,0.14289988101079776,0.07838829179277473,0.08840481758836168
0.057119361850745655,0.1032753440231825,0.12460194051008343,0.07523723483105828,0.1098442344628467,0.09198350891779594,0.12728797452986468,0.18340821333805332,0.12724218753636943
0.1328669209023737,0.11303242306109186,0.137291413641824,0.08789343112090693,0.12927126886361376,0.09297001649585929,0.0887956870482408,0.1050400422541094,0.11283879661198017
0.0806124922091112,0.06649282304660946,0.12297207219595789,0.09368760753063247,0.11512245155576743,0.11553869471917116,0.1778204844710128,0.10880664289207365,0.11894673137966401
0.12982664539508812,0.07545573939175432,0.11408919738179035,0.10534599062366508,0.10576070786603005,0.14384577542937366,0.15319505268813718,0.06656834778529779,0.1059125434388634
0.12728650193027832,0.08725990519540187,0.10837349809541406,0.09714759189213625,0.12285178164001043,0.1234226593781969,0.10001359915248854,0.1258504109393651,0.10779405177670849
0.10213955698923871,0.08725200581253718,0.10448325191947554,0.10972970077247945,0.12742439179199858,0.12095743458672019,0.09265195084619215,0.163167460855438,0.09219424642592018
0.10823249513988886,0.1042973131883038,0.10914153440693168,0.10186558995861911,0.13305091433855337,0.17360048673721806,0.08056125732114547,0.14128468472362732,0.04796572418571235
0.05746066065781482,0.0752662446572427,0.13432383437813838,0.12227301020518912,0.12401101725411358,0.09545937810561018,0.17195552735221464,0.11896496770257341,0.1002853596871031
0.09329633340155467,0.09258341919550254,0.10809782638374567,0.08364283352557635,0.10652896193305388,0.120855738204061,0.11208473546063212,0.16291041159503966,0.11999974030083416
0.07186930387043822,0.10451205020437876,0.11917170984195652,0.09485948947604017,0.12384394085270088,0.10037510458693451,0.12177683075414336,0.12227465193176972,0.14131691848163783
0.09876441761270636,0.09894590963083316,0.10296860974148923,0.11382033864612096,0.10404628044090364,0.09474295509938273,0.09946606953058701,0.1413973130590697,0.14584810623890726
0.07396650811197371,0.06636398928439295,0.10978291778923094,0.08498279800820312,0.11275982263621465,0.08235473732260597,0.14971946768981345,0.13789650476815155,0.1821732543894136
0.07117724853746459,0.08275456964586103,0.10785549628109357,0.13150362377924643,0.1344263939677802,0.10601065856892668,0.11751131177908729,0.1289173315851845,0.11984336585535571
0.19013084143821576,0.08643378328713418,0.10195424038893779,0.10346653209677947,0.10914262644087129,0.12675583094760984,0.09151917615436313,0.09322196886796026,0.09737500037812834
0.11280719904692181,0.1533512248793444,0.09688565991304794,0.1252164067033557,0.11882547806415773,0.1410981110636689,0.07749046016551342,0.11640119130971179,0.057924268854278184
0.1151169466244677,0.08540774072345732,0.10887925639754997,0.08955487295565073,0.1203202125836329,0.14610856461859767,0.11792640474101675,0.10426440854438028,0.11242159281124668
0.08929760358683643,0.22666840977377778,0.09620368106339183,0.11031213877743946,0.1259950193811373,0.12334258610359022,0.07307417002398786,0.06389855704851587,0.09120783424132321
0.0886726449037409,0.0940230351579283,0.10873643338710128,0.10851534957719501,0.12910752599623956,0.1326881550321294,0.12208419960685422,0.11161792490270062,0.10455473143611067
0.08783460490809936,0.059453560058027904,0.10179453200937764,0.0934955690549679,0.10598218969644962,0.11761743060578574,0.14881789484303284,0.10021348398035702,0.184790734843902
0.09911915263626336,0.12422674993827332,0.11631488294057368,0.12505280654905715,0.13731102847628787,0.11130702517624551,0.09653242915246041,0.07726252804710411,0.1128733970837346
0.14168398048358843,0.05517388644238739,0.10537686888898116,0.1229552560875012,0.09413295903914402,0.10532808925973507,0.16827048050167734,0.09941015989414448,0.10766831940284088
0.10016123325745939,0.12594360691973455,0.10605300352462908,0.08541755556217208,0.12120800318874403,0.07563728140390663,0.09619156729711086,0.10385084461035793,0.1855369042358855
0.17933912499185553,0.06768016176743526,0.10043320744056883,0.11934076605090656,0.10524685792911424,0.1307770385155228,0.17448022056909884,0.053222984289004606,0.06947963844649337
0.11554175816015445,0.07920595213056214,0.11171481287842133,0.11011116000040129,0.10838764590904132,0.09209432686168907,0.1368543928563186,0.12690088301142294,0.11918906819198878
0.14247274441705274,0.1451142492367642,0.10328954664200779,0.13243567308184367,0.12123190382955233,0.12003459422506368,0.07153556796313955,0.0806625477958378,0.08322317280873824
0.12183793201340658,0.07910878886554727,0.13169621724981337,0.12807307990498765,0.10548189755176235,0.10442282394225877,0.15677626044245416,0.08977807370601981,0.0828249263237501
0.06753426532293823,0.06691508468249048,0.10717334759034498,0.12605060387800673,0.12497323871825285,0.08810000607645196,0.13097774707929344,0.13125207012146536,0.15702363653075596
0.06778918105948789,0.07366647520991954,0.12600864636019216,0.10506520962829279,0.10923779249131194,0.11043242197552139,0.17141126792970182,0.1383544736598503,0.09803453168572229
0.09857562321853026,0.1550625160244626,0.12173251691461186,0.10749912452257561,0.15519868117597155,0.08609428005696913,0.09062933824999064,0.1011766992135069,0.08403122062338146
0.10985529634202722,0.07098811794173893,0.11228312223367416,0.12342691448708054,0.1214248714123692,0.09228510509838127,0.10567651453806022,0.11128142297403117,0.15277863497263727
0.06717085248648712,0.08189860041472162,0.12119047683334501,0.0989672979486872,0.12944617279148132,0.1058418116688511,0.16482470633959978,0.11025376965626106,0.12040631186056576
0.11719063037880906,0.054896442047768994,0.09993495040251066,0.1309561986341553,0.10990402630605756,0.13193191288312708,0.19243465224103973,0.06910976795612099,0.09364141915041065
0.07516165736558021,0.19526334889486097,0.1328262036955368,0.09687736285874686,0.11335382274853208,0.0904810184080077,0.09496749127304853,0.11124197793418861,0.08982711682149835
0.11294196271518692,0.05738527389106157,0.11507409685394972,0.1043023033209917,0.11349033539777542,0.11545096769169728,0.20964892720776626,0.09051390297841681,0.08119222994315432
0.0694690491796406,0.2429471674938709,0.09931133717276193,0.0863004817377185,0.10138903725108218,0.07492205705344313,0.08057824766125467,0.09877402477330725,0.14630859767692092
0.09664131489885451,0.04946888439861006,0.10643071911921702,0.09101729467335917,0.08222586493606864,0.08207290895984722,0.15754106733155135,0.13445579783377268,0.20014614784871945
0.10249910798924484,0.0721714322345633,0.10651064660511537,0.10312865866199461,0.08798513465785324,0.0874202749806716,0.17747849501176305,0.12148254079932001,0.14132370905947392
0.09719911728817866,0.04573781795703764,0.10751747742996964,0.08795211819438009,0.09428526861491417,0.11013406119010911,0.20288925878787403,0.08607956237156163,0.16820531816597492
0.07005495677129887,0.10974108350609169,0.13722310755352707,0.1124567607678274,0.1312970402396831,0.07662102856850962,0.1387864213713425,0.12460614087934181,0.099213460342378
0.09597428120171925,0.11582251988369381,0.11063500255242066,0.12007704560226716,0.11426763501941166,0.11062679060818308,0.09101062274955812,0.12837866963906958,0.11320743274367666
0.12040897274751212,0.11016398545816863,0.11836388130312725,0.12125402184978601,0.12712211914256014,0.08869439193970115,0.1037285102355869,0.09864427435834998,0.11161984296520777
0.13407293702802933,0.06397537975560151,0.10098195382368609,0.11383817780758078,0.09781002257323163,0.1359680345498917,0.14979485719809515,0.06131415351311278,0.14224448375077106
0.1075494423532712,0.04609623332283244,0.10328892676253415,0.09605225541310992,0.10836183191556935,0.11298879525430983,0.1646182629805508,0.10622164876214579,0.1548226032356766
0.04492287444261589,0.10914483305682836,0.13663080881794998,0.11579670579070774,0.12017086503778025,0.10147310439914413,0.129376787045985,0.12766077858735447,0.11482324282163424
0.1180812164358959,0.11070445657288885,0.11582138573792178,0.0953897154306547,0.13136202242511216,0.11425432649428026,0.09444182853670983,0.12936306783901957,0.09058198052751698
0.07867847558749949,0.05302470086366224,0.09775016987016234,0.09554777838469093,0.1199113071910296,0.14436057751411793,0.12661377974265345,0.19019912488361,0.09391408596257389
0.12594111191130689,0.13199612697184485,0.11341322152612206,0.10163612894324796,0.13041810558304692,0.12054731503632031,0.09706130035770022,0.09574018680241476,0.08324650286799601
0.07102755275337391,0.08559069786280565,0.12204822638921205,0.0935912258248544,0.11214810680850319,0.11822282577966453,0.1278139957450405,0.1853611883333938,0.08419618050315203
0.1610000132367845,0.12497913278752788,0.09746546629990527,0.10960209787719315,0.13277537573243983,0.09144072453055481,0.07987252343179657,0.10395583394665431,0.09890883215714374
0.0905672133243312,0.09428303902083644,0.10535381551647038,0.13842188421088034,0.13259148129279033,0.08503455586677373,0.10331755080260145,0.10822838227677047,0.1422020776885456
0.09104268517504717,0.07458328808993829,0.11100928882090351,0.11127662393929642,0.1225861337922861,0.1460816345291833,0.11775601661125006,0.13557837809128134,0.09008595095081386
0.07232395347967281,0.14302333175055135,0.12261290954284217,0.09827136014659905,0.10888298852476781,0.09200432631955822,0.1267992583130451,0.11083597598641298,0.12524589593655047
0.10092991810812617,0.05222900021965662,0.11205168452175045,0.1054257190582119,0.10617573882733163,0.13237187482539417,0.2129458865387647,0.0933906158206453,0.08447956208011909
0.0770589836438692,0.10275057099247491,0.11817949339398219,0.10871335854893834,0.10950813134526938,0.07359567353738548,0.12693578878833853,0.13812239188326977,0.1451356078664722
0.11692078556909219,0.06818558551169188,0.13339188705764982,0.1078109125853246,0.09597527894342217,0.10658170588550377,0.2415428826893993,0.074118391314162,0.055472570443754345
0.139266480280365,0.11363628129075722,0.10581089851237781,0.11481654604086851,0.12128712622073612,0.10422077337740042,0.08684251823546947,0.12361537254309792,0.0905040034989275
0.12361636031336398,0.06876719959402876,0.09110754431675044,0.11028633323590538,0.1023346944659164,0.15339330122424788,0.16153140799291457,0.0810400283780119,0.10792313047886065
0.18670436064269427,0.13341873577554855,0.10435770938642541,0.12508346946324547,0.1058918603091601,0.1310759668974816,0.0955383069146626,0.050265148290111035,0.06766444232067086
0.11221942232941945,0.09395568694446477,0.09321166856107728,0.06756627385529039,0.1373973536417642,0.15235923701102597,0.08529988773566073,0.08728422010761289,0.17070624981368435
0.11805672148217074,0.07831891762074096,0.13925919280034801,0.09234437979206526,0.1032035184102784,0.12675956950376813,0.13219979919071492,0.1407802183735163,0.06907768282639719
0.10631538197495864,0.07541827321894852,0.1019446071317658,0.11668073035618198,0.09812428400998695,0.12869248219458082,0.15474606272329472,0.09015639053758957,0.12792178785269304
0.11764923211545893,0.07694431973564561,0.11006601415696167,0.05542725915659066,0.12491160029343834,0.15170211330932298,0.09454499126851028,0.16663435832569365,0.10212011163837785
0.17920185403441483,0.04643962376843024,0.11894066065868059,0.09217758471952348,0.10332604398710288,0.12420944870814753,0.19250090592679373,0.08570813798402378,0.057495740212882895
0.10792265888331452,0.06301390262911905,0.09271415031338491,0.09709277738594806,0.10690861503779879,0.12343448546589712,0.10804478158065563,0.14794068702175978,0.15292794168212218
0.1274561168450866,0.06374421271545491,0.12726036479262723,0.11824279371705092,0.12148329270295284,0.08095012560172517,0.16545140796984953,0.0895424057741252,0.10586927988112753
0.1293107326279519,0.11140049640369314,0.10086459413438259,0.09323926876329658,0.1051212089703568,0.1897327077532561,0.0705416736461522,0.12754451578591938,0.07224480191499126
0.18178355305554095,0.06929601520404914,0.09075529150724874,0.09945838657812672,0.11960007979279154,0.1512387433645582,0.08933052109966984,0.08355832939647813,0.11497908000153671
0.1015684552006157,0.14581819701624116,0.1116940497698421,0.1444527899189451,0.1123511104472203,0.10143369383506094,0.09820651233119664,0.07726806764027973,0.10720712384059837
0.09883719390583819,0.10138342550478768,0.11909224609263182,0.11356050237265504,0.1251794517491519,0.1059974787369593,0.09945814655514623,0.14738224134508804,0.08910931373774178
0.08564994432790753,0.08459503786525846,0.11962946066188429,0.0962992768123793,0.11844943587281205,0.15071981502078824,0.10516815612369597,0.17297013424859786,0.06651873906667628
0.07697334129549947,0.15370975504341391,0.10707577750826125,0.08875676107254599,0.09461441871941323,0.07125144138009029,0.09014868223448617,0.13634490686695414,0.18112491587933546
0.10747739198924185,0.09826724635903096,0.1145005332467991,0.10064895539666337,0.12409050185001462,0.1429388218267386,0.09631102989997682,0.12745434989241636,0.08831116953911837
0.07995530345963234,0.11130783780079072,0.11491577474812587,0.12749023339835172,0.12161944072390295,0.07330409030761112,0.12863190058688065,0.107842032677883,0.1349333862968216
0.12741363075179396,0.07076660775512782,0.08121001908331067,0.11285708267016414,0.11931672586972845,0.21817890404612925,0.07521873821150143,0.12495613181503062,0.07008215979721362
0.13784818275387958,0.08793329895765363,0.10268236099055823,0.12453032379987879,0.1265630008844859,0.11163821831321641,0.09580509606104415,0.11985379995356597,0.09314571828571734
0.10604633387416079,0.07675461419481236,0.12379249626987605,0.11128961293014762,0.11198351912088063,0.10398741072461036,0.13954108429128467,0.13596088137154236,0.09064404722268525
0.125973093735992,0.05837359766738042,0.09183677554153864,0.11189174017481392,0.10669446091635755,0.1493875545541928,0.1441483856553648,0.08824992161939355,0.12344447013496636
0.06744260810068324,0.08210944093184404,0.11603854029638881,0.09372163368665565,0.10065840979003123,0.11779456321545556,0.129929486122726,0.19529006005513058,0.09701525780108484
0.06143636558287779,0.0789224556506566,0.10589420151497665,0.0930517636325305,0.09801560684319217,0.06821624804242472,0.16371913497608975,0.11369480912279584,0.21704941463445596
0.1279862796213206,0.06726618102630515,0.10593204260430117,0.12165389978683085,0.11645444599353809,0.10060521356449592,0.11754044222959993,0.13106934014433055,0.1114921550292779
0.2097459467263042,0.0910403733211465,0.1048887464328307,0.10250070303340242,0.09572289397846363,0.14708855722512557,0.1035894751464556,0.053663557479129764,0.09175974665714166
0.13742464125611892,0.062336204219124496,0.11997838651378967,0.10165845437185743,0.1264575600277911,0.0821630562663751,0.11622740750512987,0.1339238317699077,0.11983045806990583
0.08222477187118202,0.13127945499077798,0.11522959564338031,0.07704892743574256,0.13009602687323116,0.11573092722222333,0.08889310773412255,0.14362942111839785,0.11586776711094227
0.09105863771039956,0.046955510329020865,0.11062862920942394,0.1193815723717111,0.10304863040012913,0.13689011719515612,0.20224782926503324,0.11375429169928808,0.07603478181983787
0.06619966455062569,0.09861633202938741,0.1217703425931053,0.11516520727506274,0.11867840660850859,0.09285063170353242,0.14663653491492665,0.13768674818499513,0.10239613213985603
0.12185126199375267,0.051117964326421024,0.12484750246538301,0.0907004469019722,0.1130609711898533,0.07657098588595967,0.19721830060542336,0.08517315545115446,0.13945941118008026
0.09708277275318011,0.07853589350028915,0.12851524539181133,0.1095549159844605,0.0987371522796817,0.12118639179798242,0.16563302045801898,0.1158136605796428,0.08494094725493308
0.1428367174650947,0.05296932401535966,0.08992761427919505,0.09987165196252741,0.09001642395142784,0.13828773869137911,0.13604353089065999,0.08442295833004597,0.16562404041431045
0.19051037276320373,0.08623064574395804,0.10704897224751815,0.12534174254143746,0.09903173049254795,0.12910803945460061,0.09608231722458864,0.09130858949944075,0.07533759003270467
0.12700010873681225,0.09860460606208497,0.12232761032595517,0.08991859605412521,0.12068241200628187,0.09558493481606566,0.09725086168487755,0.11575220197911444,0.13287866833468293
0.07506264736825591,0.13959554238417743,0.10848364959633268,0.1218975986824184,0.12916488017248898,0.10632827347740496,0.09436708203911298,0.09806603006015398,0.1270342962196547
0.1448539622312752,0.08562564280772834,0.1275789611693395,0.10760127653875383,0.1075918286721503,0.1057895490626804,0.16099593754742705,0.08503727547016977,0.07492556650047551
0.0901909289915644,0.0911329714878018,0.13149308895131706,0.10725417958405126,0.10342825372676445,0.10026236377592031,0.1540897538592949,0.11942810779408802,0.10272035182919781
0.08917530101098593,0.07146819152668192,0.09962872796610552,0.09613527188242771,0.10805219983242977,0.1556639333588018,0.09344313372505512,0.1843160744307616,0.10211716626675064
0.08156811270171216,0.053997547420830315,0.11216997770666111,0.10633667258853528,0.1069535830412953,0.09788433118972269,0.21805169774359182,0.10359479429016198,0.11944328331748927
0.08955979742550202,0.1987726145871883,0.140541545817387,0.10658452229628053,0.11625465462495792,0.061227229413174024,0.0808347248482618,0.06312807593904589,0.1430968350482025
0.17582081286614218,0.08514702561158448,0.0793504883680332,0.10779599735871957,0.13216892173606354,0.17149272002737762,0.0660892028802865,0.10150123466391418,0.08063359648787878
0.12497547424776391,0.06714695597294044,0.10981110933621445,0.09923644270956744,0.1210628825529164,0.09648945927933578,0.1160209455828588,0.14224466608499453,0.12301206423340827
0.10445987335966282,0.04111495096782019,0.08944494420440914,0.08711520310072256,0.10089975003169703,0.13054640502207018,0.19987325692787353,0.09961207073791949,0.1469335456478251
0.08148423431008597,0.23613668158804568,0.11042209221306747,0.11973314525106186,0.11374864474698691,0.1170491368747129,0.0772675939597678,0.08571601775575947,0.05844245330051199
0.10410403190738544,0.06031821601266813,0.11675809819491019,0.09405905965549943,0.10850545392838834,0.12094980777507187,0.20513097531602964,0.08581086408493481,0.10436349312511217
0.099104654049759,0.08594875550243097,0.1187133419123178,0.11513281320056074,0.12468949691095192,0.10147710764548819,0.16020059106809614,0.09662345641619795,0.09810978329419735
0.0793688465969383,0.1718510341379618,0.14781113917795471,0.1471984378832835,0.11737496589929637,0.10688781666138118,0.1090231737105151,0.06639332718137116,0.05409125875129781
0.06377605558408446,0.14923335625156095,0.13403394301872004,0.0859302595803485,0.1319505375965111,0.09172556406938692,0.09273687064081233,0.15831437157586703,0.09229904168270862
0.1373960418833415,0.04732642466585967,0.09203806318476838,0.08684320671784702,0.10426771472568917,0.17675436319905913,0.18134608885187706,0.08201691395005128,0.09201118282150679
0.08264011942898312,0.10143116973633483,0.10165175358247307,0.10914137207701935,0.13019179499748632,0.1623897259967938,0.0885291055858582,0.15179665321418231,0.07222830538086887
0.10004013797158025,0.1426833612259474,0.12681935937675315,0.0873094186948825,0.13004024642046905,0.1359830788253373,0.09131676619152047,0.08968229034647697,0.09612534094703296
0.06559665355567072,0.1377046176262514,0.11076525118770875,0.0735734652972513,0.10797726515486705,0.1184855712795984,0.09151603768038748,0.1545548732564036,0.13982626496186126
0.0701127644258393,0.0627915160879677,0.10769911096011715,0.0956778892615605,0.10628678747043967,0.08481653501445163,0.18138408195198497,0.1151123753148539,0.17611893951278512
0.09109842932583001,0.08453847224890405,0.12623566478067386,0.11527333309192324,0.11659470909832297,0.09807043532895292,0.1195516213516739,0.15590519789656057,0.09273213687715848
0.09282517133948019,0.08229582496416714,0.10171448295686118,0.09703858092309664,0.10781375148927064,0.09932724966812484,0.09887733244336704,0.18057848681293262,0.13952911940269977
0.10911210504689421,0.09659482718435687,0.1115396284747745,0.10255896517544678,0.14557894562687676,0.09496422274936195,0.11196140108076652,0.1034983560911147,0.12419154857040766
0.0919370843758996,0.08009487276768291,0.1146646133674365,0.110703430765291,0.1211505709747116,0.10549462847150559,0.14687568571226162,0.11959254109391342,0.10948657247129778
0.10271322474931428,0.04533286821342348,0.08935011608447725,0.0738837047335134,0.10127151804579958,0.18565179838018567,0.15404573997718435,0.07359905971695534,0.1741519700991467
0.1339066241559034,0.056375827500057936,0.08574357462558357,0.0730826183363694,0.1200776113351142,0.1520952562867738,0.090811406948007,0.17243797837126248,0.11546910244092812
0.08929760358683643,0.22666840977377778,0.09620368106339183,0.11031213877743946,0.1259950193811373,0.12334258610359022,0.07307417002398786,0.06389855704851587,0.09120783424132321
0.10223872873024624,0.11720026357913023,0.10975461483242682,0.09969511673133973,0.11540506361006626,0.161960255435051,0.09301063607632538,0.08664199196586504,0.11409332903954932
0.16128260538610847,0.07105239231984023,0.12247985971254925,0.09488662096742555,0.10709848024101265,0.12095509239591135,0.09133520929491494,0.1404808871783511,0.09042885250388645
0.11026491821501833,0.08852839100519283,0.13760071199835613,0.11654941375574117,0.11782069618421631,0.1416150672357354,0.14866456246529758,0.09163446252117351,0.04732177661926867
0.08796079569302402,0.06580651763965338,0.13824362835431736,0.11913993387846877,0.13243843480986142,0.10517093242875607,0.14944980476470823,0.1198268955817069,0.08196305684950377
0.15501810258160506,0.05666622093643042,0.12958939272042952,0.09331224419397921,0.10172132809404322,0.10331295624709212,0.13839438346016886,0.09948457507364965,0.12250079669260193
0.113490698624101,0.07658636969721497,0.09723550135635013,0.13807487200375199,0.1038330023861815,0.12217809906114434,0.14294300323187192,0.09103025875296795,0.11462819488641622
0.11926725620431278,0.06942554832404442,0.10013478064498516,0.07569462327056346,0.10765104642871097,0.11858525063867349,0.08411315462919171,0.12305880733004611,0.202069532529472
0.23478658260415278,0.06492942824154253,0.11727308769606233,0.08583157816345983,0.09860237779917717,0.13680504620035014,0.11563957250799324,0.08582154225612683,0.060310784531135114
0.23405003845407565,0.09824645596186128,0.08928099055387474,0.10923808793394867,0.09939829087530044,0.15176432477803561,0.06593184385995114,0.09827528121225482,0.05381468637069766
0.18031790399517342,0.05850307801661222,0.10007129797480589,0.08909622749408334,0.10134501145727048,0.15887807801511725,0.1587274368091183,0.06615927497242437,0.08690169126539467
0.134118252750009,0.10140340689766288,0.1026843952723051,0.09294391756851599,0.1311190832221747,0.17801342636837367,0.07632424003317127,0.09888955818362762,0.08450371970415989
0.14134348190138704,0.1667202159458776,0.09119925622768339,0.1297640809066792,0.09718267960263705,0.06693107310516537,0.07269903025770845,0.09392793886632667,0.14023224318653527
0.1271517926729022,0.07317151998044007,0.10848639142860977,0.1214347801585085,0.1090551738294394,0.14342803444062924,0.15914427979848503,0.08177535193099128,0.07635267575999448
0.08294198823023015,0.15026146517999825,0.12144091184784345,0.1243228844417386,0.1393460557202945,0.10118124330729951,0.0821010975606594,0.09439378145554067,0.1040105722563955
0.07994711033731013,0.09066815371264753,0.11288726327929936,0.11919449196415778,0.13088483243987672,0.07885765802682931,0.11603747894428808,0.1317872296211671,0.139735781674424
