0.1217032276588083,0.12709448596702275,0.11139473669578381,0.11872594956693701,0.1255578670734121,0.04620643789760595,0.11894863404166217,0.09537245522797705,0.13499620587079084
0.12356515759370201,0.2057043260880235,0.12551314380979828,0.1875193297630007,0.0877913926197706,0.05739742259102445,0.08612866847686713,0.0483249033884767,0.07805565566933666
0.10684310946752984,0.13538593192473936,0.11032382684741095,0.1655033040951939,0.10175213825450259,0.08315404211900645,0.10439449730064454,0.09614032194391113,0.09650282804706123
0.11062266597240729,0.10331733934615739,0.09403379451603085,0.0937387854058004,0.10876324308910439,0.11894134896774401,0.12169498697463028,0.12310315788088881,0.12578467784723657
0.10047576979236887,0.10525438750836602,0.09228403091345055,0.08846123900979415,0.12357612229043265,0.15472218967267287,0.11419447259950682,0.08483764997809602,0.13619413823531198
0.1238994594679762,0.19628114631988683,0.13237011636036625,0.10432382408126088,0.09188414151663364,0.12376354805659916,0.09816069919742032,0.05399238040033579,0.0753246845995209
0.10205845821437087,0.1055869993273565,0.1472849128498645,0.10680486308473658,0.13012633558019016,0.10305523973700782,0.13799337007702803,0.06243695839656813,0.10465286273287738
0.09393969247162048,0.10914832977091825,0.10668600635867148,0.18098635388102946,0.13932711221945712,0.09878115138503374,0.10234588277662192,0.07703286979527398,0.09175260134137364
0.12202982462839973,0.1489085621027314,0.1056016626559434,0.0843835640579343,0.08775999007238118,0.05382863843274155,0.1295496467439444,0.07271550440066013,0.19522260690526383
0.10764020107760341,0.09088892885625575,0.10762069547731656,0.07848460078137912,0.11079102669340175,0.13547345820198725,0.10391947740622763,0.18518631594674206,0.07999529555908641
0.10621043510573513,0.1388504666385896,0.10405543601951127,0.11695195709505964,0.11127002234755357,0.143997558755095,0.12198209280501221,0.0684522958202145,0.08822973541322914
0.11599958221657099,0.1471835089585101,0.1258789612345024,0.15470153856331795,0.07117163724394686,0.11630415080714224,0.10062843842245173,0.05185311985561081,0.11627906269794686
0.12043582288281329,0.09966236486225567,0.10386297115737565,0.0908272594171453,0.08375893880301466,0.13484280150620265,0.11279579071462935,0.11236306749438396,0.14145098316217947
0.12517079518787197,0.12535742951116421,0.1051329366890356,0.09416843670564172,0.09402517103538295,0.07622469480993067,0.12311855553771744,0.1260116119672742,0.13079036855598122
0.0992269433011147,0.10775087076965917,0.11313380128053575,0.22338758455584176,0.12524969925279317,0.06362564011240111,0.08859520215077883,0.044141956483614686,0.13488830209326083
0.10686293846411521,0.11366348256321056,0.11182543454285628,0.09950644035053595,0.1048604797694714,0.1157796666574482,0.13850429107983234,0.10389376315852222,0.10510350341400788
0.09595499284731646,0.09466307832108116,0.13385305207950565,0.09665939208215117,0.12773250731203187,0.10728422883229828,0.10130809083538624,0.16202684239531115,0.08051781529491815
0.07525331930970851,0.09680320965244638,0.07690530150374363,0.06513168290603367,0.08046763146758257,0.11966756173896693,0.0883554541312113,0.32768275819045084,0.06973308109985622
0.087963364415312,0.11104800175825265,0.09696534315838316,0.08466770202727973,0.10750641336681636,0.0930769391330879,0.13529472987153288,0.16836981711590923,0.11510768915342601
0.1000012326621615,0.1037256981811064,0.097549356099058,0.09826786188650043,0.09026483693349568,0.14005275156145236,0.12090946169600876,0.14086010210871888,0.10836869887149812
0.10670564305059316,0.11799505672456197,0.1266385603074637,0.13180317476131212,0.07371782944290271,0.10130008078379826,0.12890303268101602,0.1323998925858591,0.08053672966249298
0.11180684176008425,0.11114410910905943,0.09310888280866982,0.0981244523518086,0.08907979840248394,0.13712149583185657,0.11737995017832709,0.11759713201631568,0.1246373375413945
0.1381341938694086,0.11838480543012846,0.10278816180750955,0.11253024841974195,0.14357955453876756,0.0452907108921221,0.14021499135001256,0.07618675091866844,0.12289058277364089
0.12006149255606256,0.09658037572473989,0.10127842699677807,0.15526387716586676,0.10309695155632008,0.13592485403956275,0.12942638887550595,0.04147398967447219,0.11689364341069168
0.08397448194010988,0.10821946246892566,0.08808834258275333,0.0877523474693593,0.16016208310116217,0.07244858708428585,0.1266972151115996,0.15284305875532686,0.11981442148647736
0.16289692302787592,0.10112760651771224,0.13166819656688722,0.058444774659814624,0.12578666633023616,0.14781162683832608,0.12207277893996775,0.08518191906839323,0.06500950805078691
0.10022519486418495,0.10405843456494124,0.10279455688022365,0.12001935514793993,0.10481129471420492,0.16130978383514863,0.09858393751638002,0.06674401158921059,0.14145343088776607
0.128853312610229,0.11571068063432703,0.1235274773543723,0.09531606127608967,0.10251808745524656,0.12905707229358065,0.1182881972432654,0.0885190546324438,0.09821005650044558
0.12610557148065063,0.1399286382912657,0.0972805873507311,0.17490772251149575,0.12313336465400378,0.061240446985153275,0.12105927780382576,0.04433293150002094,0.112011459422853
0.10637345815711229,0.10398150177566695,0.09914917480443787,0.14710234086521526,0.09457599447869164,0.10484176498635121,0.12385695763788018,0.11137531737503614,0.10874348991960843
0.0778119135945086,0.13988008499555568,0.12047392359845048,0.1292190875659943,0.0846351646284082,0.07528562776884494,0.09425132968452098,0.13866252192700956,0.13978034623670732
0.11780641240578082,0.13430151841406526,0.09652280780556048,0.10461671175070193,0.08716712225120361,0.15988444807646054,0.13709731881290416,0.10144212472753933,0.061161535755783925
0.14459919571139687,0.15948687777567724,0.12889598745552455,0.09835620611793087,0.10031889722667492,0.1284051037427055,0.11495887234732383,0.06968270741684505,0.05529615220592113
0.1125140870963534,0.09660466352775421,0.1003717517050216,0.10690168213437103,0.09695419088640307,0.10132281726423549,0.12046128991025196,0.131719901435,0.13314961604060918
0.12046345218883614,0.12004769735177619,0.11278000212480772,0.08390451800590308,0.12008795165787907,0.1144250469967093,0.13461866120520424,0.10916593080536795,0.08450673966351635
0.10183536225459335,0.10454988624307036,0.10641870103233876,0.07630975834035089,0.09709626148213997,0.13277415187044475,0.12379926227736622,0.13400224939147645,0.1232143671082192
0.18462879615414307,0.11998743298726405,0.12152849353664906,0.12313687541796486,0.11344296689941785,0.10093849669728783,0.12105231778932313,0.04532335832225969,0.06996126219569043
0.12920666891695246,0.11032934556879813,0.09509212896599561,0.1174578579282964,0.1154555751161244,0.13169463253447958,0.11572038858386448,0.06054062493781851,0.12450277744767041
0.10364087779100471,0.09963621661411459,0.10333992176319867,0.14369371366719633,0.08790335432038136,0.1158997443766493,0.11644891819899468,0.0979318698621252,0.13150538340633525
0.10305866400860397,0.10325352669106042,0.09851305580515009,0.10708278439538711,0.07852338432553202,0.17996746825447005,0.11857207815955377,0.10068299152892142,0.1103460468313212
0.10159032498333505,0.11902305001229853,0.0940058362061884,0.14100828370906457,0.11739395136793036,0.09751634277550185,0.14497832012637377,0.05277315471089158,0.13171073610841585
0.08912818879155938,0.1107249922779416,0.09117892262576721,0.11143594847481657,0.07952229284021718,0.1587243614055391,0.1528141475338658,0.15942990741157828,0.04704123863871493
0.10382188900350137,0.12384701300342447,0.09467323137114862,0.10385883350277543,0.1252293927702767,0.08411980392038121,0.1173940769823008,0.10177356367583901,0.14528219577035248
0.12199875949465394,0.09865848948247496,0.1075520103883157,0.13467578095130736,0.11739171869548846,0.07605441370301312,0.13000055404359093,0.06844712926763764,0.14522114397351785
0.13269314240687322,0.11230577973412152,0.08151687772942519,0.189149402342958,0.11869514843864243,0.1197653127750618,0.09977796785547673,0.042278271747729856,0.10381809696971127
0.1181066075143105,0.09634803632543705,0.12354379752195145,0.11582771310085742,0.1065959517869789,0.10683382997709338,0.12398479772297617,0.10101296888981164,0.1077462971605835
0.11275128458384688,0.12328675286648531,0.09465819158510329,0.08288555137512027,0.09393140751337564,0.15941607623986975,0.10886566633689092,0.12219227539739828,0.10201279410190962
0.09983146468047523,0.0955196058982359,0.09683186429141515,0.08428205220926803,0.09041596950382408,0.11510216144311054,0.11099386806328142,0.19021063878166586,0.11681237512872389
0.11064206902082707,0.08906011766655843,0.13190656195609227,0.1475760611985721,0.08914551024484328,0.10762144285163067,0.12411964904360732,0.0828801102035467,0.11704847781432216
0.10858944408007981,0.11275598421210142,0.09568814984773817,0.0779399736009721,0.07534017407365311,0.11645022956930574,0.10240289856418029,0.22643522258971993,0.08439792346224935
0.1057906544606414,0.10366833200042919,0.09894476504142961,0.19879265273321747,0.11036255353381123,0.13581688440082504,0.10772679169575979,0.03502039003411241,0.10387697609977381
0.1175311950323803,0.14906498016044853,0.10740628253288319,0.11468060457643349,0.09168713027310015,0.07659873380184196,0.11419304213161709,0.1371190791221528,0.09171895236914257
0.09252102862560431,0.10988961083016342,0.13499736475816435,0.11660912070346348,0.09470906511043357,0.15082507188298636,0.11114065812038315,0.10888498963839575,0.08042309033040566
0.10682180871893486,0.20238202211990963,0.12921886951237269,0.11065144449240565,0.0957931331958455,0.07085761183011446,0.1049468432610678,0.059771854854518996,0.11955641201483037
0.08684988891722283,0.11247480052031866,0.08990931892737375,0.10953024222316221,0.10306562739919102,0.11303776365795726,0.14236088785096376,0.08835249657158112,0.15441897393222945
0.09359585212611969,0.11530655248426241,0.09401639100008156,0.09797288414192455,0.10661737091316269,0.12281835790227706,0.12373536134239155,0.1319328966324225,0.114004333457358
0.1040811104527603,0.12338530033060739,0.1526191774447335,0.1708312354063779,0.08663993109018782,0.06870887725784813,0.11653338227790917,0.06689294738434794,0.1103080383552279
0.1290200598105028,0.1261651315813525,0.13269652370999116,0.09266363050600417,0.12297389017169658,0.06580297656153071,0.1399530974832598,0.11687647148783986,0.07384821868782249
0.12157505786290342,0.10768969165658611,0.09836522004618181,0.1157005064244454,0.1374678851808236,0.10554224217345032,0.11146107253294979,0.11868350354054236,0.08351482058211714
0.11137722121533411,0.09969697462389089,0.13172282615924355,0.0702789369409093,0.11989594654596052,0.043355575075387516,0.113680912990616,0.1860423216583256,0.12394928479033251
0.09882074159077751,0.11834569477916561,0.13286565936668313,0.07605103643255377,0.09179880987634102,0.12374093907012684,0.10773661445076575,0.14115277302403656,0.10948773140954987
0.1264646487177958,0.14950824935058651,0.08975465235205286,0.10121359650270915,0.0872528781839173,0.16831982077034469,0.1048233736815926,0.060051593984146244,0.11261118645685485
0.10846489863609117,0.0945866003876729,0.10700117572222606,0.06318974488465573,0.09668761972110058,0.13131750553864038,0.11202232563812729,0.15501629763401834,0.13171383183746757
0.08848144811687146,0.09262149288489423,0.10152711291529166,0.0799281720330932,0.10055872576326567,0.1168706064496108,0.09931975575906671,0.2275400443617094,0.09315264171619687
0.09391939683488282,0.10353450199380503,0.094456352244337,0.15346189128881202,0.11345532053135565,0.11375650297705707,0.11873104247704706,0.08987628425601778,0.1188087073966856
0.10679335916465926,0.11351767317876653,0.09722894259198094,0.10231275682560896,0.08803288270858849,0.11274823880984679,0.10400940108907601,0.18768575247285904,0.087670993158614
0.09644627907122862,0.09269818912510282,0.09878171927490305,0.10879924152302546,0.09221271937050529,0.1312182204317819,0.10663675401360696,0.14401109931670059,0.1291957778731453
0.08849022578880256,0.12644208992034586,0.10857582740101303,0.07649995064999057,0.11074770402431673,0.12429230901823525,0.12651044148255078,0.13163753564234137,0.10680391607240386
0.0891998090056782,0.08134943644979047,0.0916271102713594,0.06561805606011258,0.07698851764432683,0.1065812455418504,0.0878350825207051,0.3057015067695296,0.09509923573664741
0.11499510116413657,0.1542639017510303,0.09698582936787743,0.0990247091365926,0.09869634516462633,0.08963722339781453,0.10652918266203436,0.09436221657026832,0.1455054907856196
0.0905157796122812,0.0852245700256742,0.10292608640442176,0.11331276826585022,0.09649454062077524,0.09410330531077356,0.09825880622830753,0.20968012746733025,0.109484016064586
0.1158109460826076,0.1640274140326163,0.09665977018616063,0.09345381939988057,0.10674961957317614,0.1317468419971399,0.11466173668704378,0.10824247807895195,0.06864737396242312
0.09975553762315754,0.1233149700988095,0.10703985605798998,0.07762667906780236,0.09783953815161202,0.16888918595064092,0.11883595371951804,0.08229736409994225,0.12440091523052733
0.09325372294574998,0.09006986747138464,0.10748748606641889,0.07939143432661379,0.07684801362884351,0.11234260505441546,0.10088385391135674,0.25434701068800397,0.08537600590721311
0.11215160124662493,0.09889893956289131,0.08594283346009685,0.20746702267901773,0.10369143030924934,0.10589372177416619,0.10446125565025115,0.046318479041329935,0.13517471627637254
0.07642644702970147,0.07952244910726651,0.09031461749048575,0.07158122496085499,0.09702401796083072,0.09399805477421885,0.09205962032045222,0.3029257367507081,0.09614783160548139
0.14831060563607615,0.1069998150433805,0.11076855230737316,0.13170686237223775,0.10146706478902799,0.11099056305367062,0.10354800595883058,0.1151402228952929,0.0710683079441103
0.13107016887553466,0.15663215637159267,0.12871266215481877,0.16412225025287483,0.09237046009720395,0.09322884787561843,0.10456967050734071,0.04262540534695044,0.08666837851806546
0.10750762877964803,0.09937369270598828,0.12810011180985195,0.08203584404443472,0.08360688027898185,0.12820263097455528,0.09094928652979202,0.18075109271852585,0.09947283215822204
0.13517109862801602,0.10714229268370999,0.10064496096623321,0.11850888809368319,0.12353627724764671,0.09851668195030061,0.1286056498334407,0.07693153570607114,0.11094261489089847
0.12410780712864562,0.10781750451626569,0.10988634771930966,0.13022819383242926,0.12409783492593258,0.07218612805236595,0.12595679832099696,0.12097403614344544,0.08474534936060873
0.09626973111765656,0.1187826899508889,0.10651477905086378,0.09725291589984415,0.10045636599353425,0.11131656593096628,0.11308732710989612,0.13585878160910844,0.1204608433372415
0.11903407711504495,0.09518822981072243,0.09491793825247506,0.1982738102609778,0.10998112297463815,0.09892395483036544,0.10783318767692822,0.05915478413248552,0.11669289494636244
0.13094533675818087,0.09837740772686544,0.10365969215855712,0.16784151059802369,0.08788191967553623,0.09064050787855216,0.10453828334560278,0.10215960733219108,0.11395573452649055
0.08497353627515374,0.16589156294332805,0.07610821346679787,0.05401125656737731,0.11536947493530834,0.09581304008766184,0.0915916412877762,0.23112882639790458,0.08511244803869217
0.09799991523570034,0.0947347896538293,0.09596910802999116,0.10082441292558258,0.13552113766173593,0.12899453403335032,0.10670583761718481,0.10412961789033275,0.13512064695229273
0.1075304235616628,0.17292591501259783,0.11402974303716636,0.1302999842265995,0.08919580503400265,0.12398855105846063,0.1004547900824665,0.06562546411601448,0.09594932387102939
0.145233658859283,0.13598313982978458,0.08939925915342943,0.10011558863324015,0.11704139128834667,0.10546608467020697,0.11293234641233474,0.07702863409673875,0.11679989705663578
0.08708782964246142,0.09474979955518996,0.09982187258596346,0.11805692873542295,0.1236310495771639,0.08786121687976774,0.09749303761292248,0.1597124768545707,0.13158578855653733
0.12027824311521407,0.10349744135866502,0.11352434222677406,0.1371743095744078,0.11000588018894036,0.07478563277082402,0.15190738715930985,0.05708894758797667,0.13173781601788817
0.1341479852340031,0.21602680325971627,0.10203356191391882,0.13183941396732488,0.08352142621690094,0.11770341326427997,0.09888535703576695,0.0563130066131389,0.05952903249495023
0.10764151845283064,0.1335110185040055,0.10396030324473186,0.19391928058678057,0.12148976597687693,0.07880066672558343,0.09851810913820043,0.07200725824925126,0.09015207912173935
0.10777992992319614,0.10853230221580346,0.09750372728215954,0.08865145976240181,0.11756831396318335,0.10604065376050627,0.12942705459317713,0.11616566676763783,0.1283308917319345
0.10851766015158948,0.10641610705091181,0.09889193519850085,0.15401421192761555,0.08016157684350016,0.15211996953941453,0.1112528490086891,0.08107896854206569,0.10754672173771283
0.1474363955130399,0.17944421378976014,0.1271722660426525,0.09677080753675253,0.09497040198142277,0.1017967036651789,0.10343906216176568,0.08805604197786711,0.060914107331560614
0.09360994548096756,0.11606519182106595,0.11671363072826872,0.2371941918688155,0.10132942180008515,0.1014073201420553,0.093139437072198,0.0428580070449646,0.09768285404157918
0.13110498675790164,0.10211860333994054,0.09943242731131219,0.08468713134529564,0.11588450310888103,0.09617292979290419,0.12640996038109578,0.1548102745531188,0.0893791834095501
0.11024393076596355,0.09672840091612843,0.10464709770603632,0.14731696303570466,0.1012348292003059,0.12375689170506278,0.11010299257781038,0.09554039369299343,0.11042850039999452
0.08715236686737789,0.1342359093857065,0.09994615468349537,0.1018350347336144,0.11898965264815854,0.14341299785122866,0.1351173838071119,0.05200020477259377,0.12731029525071294
0.12501555369723508,0.11897786603975503,0.10578538836682698,0.08847276100677019,0.14335781704140038,0.04198228765666436,0.1057611058516243,0.11281683282696836,0.15783038751275538
0.10291703584577322,0.11795740053282117,0.09781469861201057,0.10245893299152568,0.155369594907209,0.04952021658140709,0.09214874188701305,0.1642419722474496,0.11757140639479063
0.1014064072431496,0.1540448736556165,0.10925700027047891,0.15129149135992737,0.11622498217761335,0.047992606520599036,0.10783665255460358,0.0574973356245958,0.15444865059341584
0.13407730078158117,0.10704133843624108,0.10357286338999248,0.09626637573280594,0.13519828989071095,0.11889367725383061,0.14610394697402812,0.040339054492612554,0.11850715304819703
0.13742991397692872,0.11196262417027258,0.09794814708374582,0.08516709362170143,0.07548329506636009,0.08731848800523057,0.10986730532049832,0.1753844553443116,0.11943867741095093
0.08518178239070594,0.09188961219885738,0.08619687555576788,0.09401363674009389,0.11693530311735899,0.12115140147317878,0.09842360501099756,0.19820981921030714,0.1079979643027325
0.10618042494633122,0.10042402152462848,0.09317418610410522,0.09581832014342025,0.1157031635956297,0.1208671231303287,0.11750321298781995,0.12704203210755405,0.12328751546018242
0.13992626561237734,0.10974247410251399,0.10272719811350221,0.08696186538245083,0.09682206753818678,0.09579721135220798,0.11834682753734978,0.12509388503987803,0.12458220532153308
0.11217148061972942,0.11997276547612196,0.11910642910050977,0.10656891484357796,0.1144938894492913,0.09613395677611263,0.1127095137800914,0.07468598924997787,0.1441570607045877
0.09263446876791442,0.11058306314881439,0.09877475573963136,0.08225954961436421,0.1178659627744411,0.1141096997732921,0.10457559449640393,0.18146471074067527,0.09773219494446324
0.11751615884152171,0.11928865549655825,0.09987033793410478,0.13905372266195865,0.12270708572009392,0.09071448831000765,0.1318114928934275,0.05747049007423608,0.12156756806809155
0.08367204100724662,0.10741782459875553,0.09709885033359404,0.06734244527369142,0.08451904312956036,0.16028042181023203,0.1339389932304749,0.13540692549731187,0.13032345511913326
0.1205389052569356,0.11253351313909017,0.09463271942293942,0.09703675551461892,0.15718633818718677,0.08038426506279005,0.11503911102686855,0.057764078280695415,0.16488431410887508
0.10859170570126801,0.10955402029729522,0.11668770064105283,0.1319408377892681,0.13780867963284807,0.08912985000829114,0.11885655245807965,0.09885433792047166,0.08857631555142538
0.09779675040888719,0.18180932407515668,0.0948166398648332,0.08915122007619576,0.11928856693622425,0.08128077399959466,0.11898118577300747,0.12386343888810307,0.09301209997799763
0.09563289702232632,0.11633370292446821,0.14126405783369442,0.08814780620599816,0.09970802204623674,0.10665366910154468,0.1096440119110484,0.14678520684450205,0.09583062611018095
0.1705050098170667,0.14020521526204957,0.09673639107703576,0.10661574250995172,0.11779862440734871,0.09616437806256563,0.09372934602528837,0.06119983000989356,0.11704546282880002
