0.1879567569299434,0.07172977746930641,0.10690133476652401,0.08135735461178528,0.03509159126785686,0.2186709998541658,0.09029832751256872,0.09500015996246587,0.11299369762538373
0.12106155418728264,0.0993326655836339,0.11657146601006711,0.1390656927652473,0.14930335873405945,0.09177927062531065,0.10041157663439682,0.08626525586726604,0.09620915959273607
0.10355703411287659,0.13115858850109505,0.12190679536619527,0.10399944578558852,0.10498960950138204,0.08070104309074407,0.13277380548128823,0.11590674740308372,0.10500693075774648
0.08676301098410376,0.13592825337248546,0.088282940783748,0.1888536599882239,0.07353951534595839,0.07327256026900579,0.11674103869442227,0.1072589937656329,0.12936002679641947
0.047456081457490994,0.0715146787186709,0.10267548867217265,0.07401223055308909,0.3808667934775092,0.044217967195271456,0.12820668316201,0.05793512387037508,0.09311495289341058
0.28922881005032824,0.09812987354855311,0.12019564558759245,0.08184357832767652,0.03873172235058836,0.0749601016212726,0.09716324451723628,0.08218862662887776,0.11755839736787464
0.02608213070329447,0.08579792512279756,0.11860707171005357,0.048233445670427914,0.4304355678100012,0.03219439631003149,0.08702886533127442,0.0787973312657796,0.09282326607633962
0.16761356938898583,0.12526147747419805,0.10677864307753314,0.08897205092667393,0.04327528134133188,0.18297587915162564,0.11922199209183194,0.07632618677355434,0.08957491977426522
0.2713825234093448,0.08689218921325183,0.11626690562715729,0.0872999038731842,0.04832490953370432,0.06771646408182092,0.09719239735715758,0.08184806473430838,0.14307664217007063
0.08209554538034054,0.10894050864222142,0.11845494381746273,0.10682176147564677,0.04711981034923821,0.1746041223628749,0.09923096573296893,0.0860805716453789,0.17665177059386764
0.1112138995464776,0.09611142116030559,0.1446981445761538,0.1362734460279819,0.0949703229281661,0.0640137345801899,0.08478171429968455,0.13514937681996947,0.132787940061071
0.20271996084267588,0.07162449897111063,0.13673779517432108,0.1893702501384437,0.044544488770022955,0.05963812466378138,0.09347341670739866,0.08687612235629572,0.11501534237594996
0.09173643727145753,0.10774486627160007,0.12328342775384411,0.11228872657352501,0.06030117024590468,0.14448989613043797,0.11422301915902361,0.12075319446612796,0.12517926212807892
0.24316740095459263,0.07739448194365807,0.09324127508485415,0.1128083774617485,0.06903227369178166,0.04650408610773351,0.1276107936277421,0.09511012701199668,0.13513118411589264
0.21040120137724747,0.10285766631821604,0.12371937432610898,0.10298146165739763,0.037558669235361615,0.12354138033041266,0.10242977919474461,0.08929804133432728,0.1072124262261837
0.15469341256415392,0.10867930300785238,0.09825387313459792,0.11074944603939685,0.06582862787950831,0.19096680094422414,0.1003767333821169,0.09207620106687746,0.07837560198127218
0.06580040394704394,0.07766619059758356,0.09081607274167809,0.07951396478511484,0.34227635884459356,0.03863209208314536,0.09007108774170336,0.10289884851854704,0.11232498074059016
0.13358851984733236,0.12825910069528831,0.10160718290608517,0.12527682397139364,0.06146644610219027,0.0713720421748732,0.0901550535393621,0.21175316562330695,0.076521665140168
0.10467727031292966,0.1281806930665702,0.11372031105213275,0.13906206394372753,0.048012305890991876,0.11713327841369263,0.11554353398798373,0.14303262422790938,0.0906379191040622
0.19837265955254338,0.09573048471016778,0.0620404559853856,0.12449878284227145,0.06735413339443995,0.15777102065318274,0.09187724770336868,0.09907445306969509,0.10328076208894536
0.1469566704049703,0.11821385826575036,0.11557008253135508,0.11209984331722238,0.06926930639137852,0.09415229121267286,0.13158612591003452,0.12200645817931259,0.09014536378730341
0.14198917521223664,0.10898305680499838,0.0965255072067752,0.1134129273559447,0.062220751073070214,0.128421088069149,0.12250124666963887,0.10091204068642662,0.1250342069217603
0.03332541009644926,0.09763070538982693,0.08475509123474867,0.11903595309227288,0.15993621722403925,0.0906688747727963,0.1443588417633132,0.11661748915077046,0.15367141727578307
0.09094767458284769,0.10074050818494995,0.13345639517666563,0.1023866523216657,0.055304477951260506,0.14417695693080756,0.11352508523187381,0.09291181626377581,0.16655043335615335
0.16036781922387044,0.09648786857832414,0.09898564907137752,0.14411036136026725,0.04366801288492244,0.09539444356208221,0.13252571084606637,0.1200092287261959,0.10845090574689369
0.3186495709491368,0.08586112709239357,0.11459860390598352,0.07707196264488446,0.04027581868958789,0.06651884332403507,0.0900622500510548,0.07987909721221931,0.1270827261307046
0.22161120483335847,0.11206344113771209,0.1417873755700396,0.07138336374049666,0.03175240007303142,0.11924755982766362,0.1168012322096333,0.08125163543320234,0.10410178717486256
0.12358271029268657,0.08807789778640511,0.14669758649980247,0.10727653926157647,0.06403422048117385,0.08345756386131177,0.14209092901904782,0.10581109084985478,0.13897146194814122
0.030400746440844017,0.1239283388881041,0.10757052956790077,0.10915966590481609,0.03385936892662871,0.18118994956493184,0.16922136311480127,0.10449002092948036,0.14018001666249288
0.2326055472786972,0.09489276320664997,0.15410735206080517,0.09353377658741839,0.03690053180223101,0.08498171589486314,0.09839739576620522,0.08863837554730976,0.11594254185582009
0.05699937549043049,0.11115351193919572,0.11021352363509022,0.13392120290652026,0.08872593907135469,0.16658684579140612,0.09296148767810597,0.1048772523872476,0.13456086110064888
0.1007924367755453,0.1837625010827306,0.09777125772067276,0.09906645704333898,0.09666288775857068,0.11106583374749229,0.10228288126425365,0.081722954576053,0.1268727900313428
0.05414918598180759,0.0959249129437894,0.08564974395570328,0.12828105208405277,0.1876812365892163,0.145917728319367,0.08816252647638706,0.12032021928563941,0.09391339436403724
0.1752032530458014,0.07159613085577433,0.0817198093466391,0.105965907631278,0.04424190436463347,0.23706127994140422,0.09318067199014402,0.07622431332925747,0.11480672949506798
0.050729780823688925,0.11569793720541476,0.1675801035804603,0.10085027839989784,0.05229634708688335,0.19344794845828028,0.0922282764454339,0.12201086144221766,0.10515846655772292
0.05414120789271895,0.10625955752507947,0.12203106950323701,0.13413937844440807,0.07977088091893576,0.09234212334341425,0.11886759836705248,0.1683240660310217,0.12412411797413224
0.16293711755672,0.10863870990385542,0.12099411616535383,0.11416047896488281,0.05017229488505822,0.09207012852477216,0.10786853651480317,0.13053669809922194,0.11262191938533239
0.13140934916626196,0.09895662228849156,0.10817018374339497,0.11108836899285988,0.07739741843279539,0.07408750487276422,0.12492993007496038,0.15034039233138616,0.1236202300970855
0.113579452056579,0.086671025782877,0.13651331321677904,0.13152795054294433,0.07898124761403945,0.08874557054994786,0.11893829484067524,0.11203768231957419,0.1330054630765838
0.0572735967811408,0.08196175750774949,0.16228509560478613,0.07010172145126821,0.2572946319148474,0.040177689783704694,0.1365648688746162,0.1085601317543905,0.08578050632749652
0.12353483220073898,0.11427615910735665,0.1430803565026843,0.14703171458290545,0.07552873686163178,0.05872041176440118,0.1147971238319488,0.12348877431366816,0.09954189083466465
0.16172812155985092,0.08450850300721509,0.12365253535130412,0.11868955025134238,0.035045868638013164,0.1156853232648245,0.0941347215048481,0.10481713368933293,0.16173824273326876
0.21751693402347227,0.07764564368356508,0.13183297776390543,0.09309267676552402,0.06900226051565898,0.12898933018136013,0.08816693658306039,0.07082459238278951,0.12292864810066428
0.26572710968288143,0.0967056828709772,0.08533206790390381,0.08260959834076359,0.049717240782178714,0.11724677313797978,0.09590696638918167,0.11409249177292853,0.09266206911920526
0.35679557686375984,0.08860388237369304,0.08689605111215881,0.07491505184706498,0.04004677158539974,0.03412498020249827,0.10380337304751908,0.08452703196720139,0.13028728100070494
0.1166280053971543,0.09289242166136051,0.12992975854026512,0.12973811951999972,0.12825220249563377,0.07056555564114457,0.10900099282055481,0.08818915440695574,0.1348037895169314
0.13960951736396168,0.10447791753569892,0.12737131580753733,0.09077273722033317,0.04093199383693486,0.19334290543437524,0.10978941358537668,0.07698307980515148,0.11672111941063068
0.1073401986793057,0.09759884212135395,0.12128742034164049,0.07146422054167319,0.03726355314001694,0.1679626879716032,0.13105905033806467,0.10947239749282706,0.15655162937351477
0.17868571507493747,0.08200320699532034,0.09737992049048172,0.0852338950014732,0.12201119906329261,0.07556661951882003,0.17024294850994973,0.11117251765027576,0.07770397769544922
0.11325335398157231,0.1036239104915407,0.11492784156613674,0.12418510412097354,0.1428997138554671,0.050075547255401955,0.12202324260133096,0.1046394387715777,0.124371847355999
0.05098921140877993,0.08002027144058872,0.10530827426616447,0.12329943452416259,0.0644165440685897,0.27793116917137345,0.09011192931126687,0.07245578795664434,0.13546737785242988
0.0913327574668235,0.11648484295205712,0.1380810513310062,0.10928562502538682,0.039440279116847894,0.20418972186047404,0.11341226131991711,0.08450454820946962,0.10326891271801762
0.06652055809424798,0.1114435129122417,0.11461832853428146,0.0920343891455385,0.08109905671664448,0.12023093342801495,0.1846925142133359,0.10015369532293984,0.12920701163275514
0.12417865867980234,0.11078736782224476,0.12300956121452371,0.11210030657675817,0.05839129472844228,0.0930063284111085,0.12331577925465272,0.13564496242690682,0.11956574088556073
0.10361608971737997,0.09435875712170855,0.10541983147702037,0.13165621402562855,0.06752092044452096,0.13826791224472232,0.10452167529943379,0.09654872800877067,0.1580898716608148
0.12036234177312306,0.14842005316620244,0.11746832351393915,0.10157077860648374,0.08470985571816138,0.08096507909662415,0.14045007701113352,0.11518661503267967,0.09086687608165282
0.22933871414376292,0.11828837896479266,0.100469910931223,0.09322693285572298,0.05141387873146475,0.06733186539472918,0.1212178442681433,0.09478670621305106,0.12392576849711028
0.02577489270893275,0.07599209047110561,0.1922440584689731,0.06346665664411479,0.33177002207869627,0.033973851353857755,0.1160501976859552,0.055732477981981866,0.10499575260638273
0.23487603479213257,0.06635444715684448,0.13195490533500362,0.07310229955146992,0.10471964693218579,0.04750043277696666,0.09283143221144098,0.13630960117243288,0.11235120007152315
0.10708934642258357,0.1253173972476618,0.1732213233143365,0.12682112118248942,0.048234680099869615,0.08427782550895328,0.11918387255950681,0.09167329947653295,0.12418113418806605
0.185294728524128,0.0768245383567768,0.11206482800764145,0.08495182783734571,0.08743980398069828,0.07233352531562966,0.12901388629190244,0.11484296278927854,0.13723389889659915
0.2326055472786972,0.09489276320664997,0.15410735206080517,0.09353377658741839,0.03690053180223101,0.08498171589486314,0.09839739576620522,0.08863837554730976,0.11594254185582009
0.07480676147982811,0.07702602152472543,0.17315974527288133,0.11702459699525973,0.18487393021254228,0.053403174160758425,0.13722045623366008,0.07135586102908979,0.11112945309125481
0.07305910272644199,0.07633723786164577,0.12189773665048453,0.08990304219848251,0.2622491395269465,0.05769334532416378,0.09136295933248949,0.10799180726961337,0.11950562910973205
0.18659626702082033,0.10923003439543215,0.1545326242690046,0.12226812830941318,0.04322457795347037,0.04357339547116451,0.10717568684381627,0.1362865610110741,0.09711272472580457
0.11348055349494168,0.1125922373503991,0.13951904078874508,0.11283529171863792,0.11884231082157626,0.05949330476218171,0.1107870733889314,0.11450082377230138,0.11794936390228548
0.12299284979120038,0.12019144904339203,0.14318337261374312,0.09462054813417116,0.04052745965575515,0.1321685240007687,0.11159285247941116,0.1250972930985391,0.10962565118301913
0.20928249860076717,0.07798663252294967,0.12230817521584125,0.14147081441178036,0.07725701729772734,0.06113603013913272,0.08510732352054463,0.09665065464346763,0.12880085364778926
0.056530280582243526,0.14469171508248033,0.11861087376671574,0.0931109954021399,0.1374794904351521,0.08368199616546818,0.11697492624462665,0.09990979706522,0.14900992525595366
0.28543192195807404,0.1151830858112632,0.11666731986332346,0.08556619008208532,0.026978263332048644,0.08748884298464954,0.08444224263650518,0.10193813072996782,0.09630400260208284
0.09179901885510726,0.10055828068823035,0.13819047002897497,0.09444064872337636,0.19218711024473042,0.05105061667153101,0.10269629828813226,0.11039861797485102,0.11867893852506627
0.09533145479696525,0.07732347108558507,0.1436084750925348,0.10396910093688098,0.2330675469303621,0.041074653236965165,0.11859106763233852,0.0684623103774404,0.11857191991092768
0.08660789047508273,0.14548618598848795,0.13620473316230985,0.11256578307634289,0.08868255585857641,0.08086196949407781,0.12948294534931798,0.09223882797761096,0.1278691086181934
0.08229078134702203,0.10531418214481181,0.1484679937584035,0.10217813592058367,0.12493596477899815,0.07556861216286559,0.12069549255472133,0.09527841858781995,0.145270418744774
0.07247648875164424,0.09205214842778553,0.1105827113976101,0.1955715857387034,0.035757095299869056,0.11099841289600502,0.11964918599872432,0.1346876933524481,0.12822467813721022
0.1299742709285219,0.09728384996343875,0.1279676753278898,0.11729378173677507,0.031206385558514353,0.1392962486510336,0.10563094606418978,0.10202212377035887,0.14932471799927785
0.0731611285798091,0.08493631771169757,0.12818362130723449,0.07788630776852992,0.21410016300513068,0.06795516702997458,0.150782995586104,0.07887739655115987,0.12411690246035971
0.12237970964797575,0.0850578057672069,0.11565537283681933,0.07500389440157294,0.12669562218490146,0.08123196625639688,0.1012688350844169,0.13698472586691815,0.1557220679537916
0.2687840218217507,0.08930540982806534,0.11634325595373397,0.08904104682761155,0.05427322354545543,0.07655837284052563,0.11507401071486774,0.07077873166449349,0.11984192680349615
0.17645615211096566,0.11399863624862656,0.12464666968132598,0.08136579362513428,0.03565777605122059,0.18064313371716836,0.10124025390179377,0.07364775110216339,0.11234383356160138
0.10167349713378819,0.10624120229115004,0.12025455953550761,0.1539175977452748,0.06719122110424808,0.06170833362018104,0.11148986047839327,0.12896790006531886,0.14855582802613815
0.0808927217113621,0.164540896783656,0.1397238096919877,0.12886088510158367,0.05682635264896551,0.11584639551949955,0.1054693031094341,0.12370760042352835,0.08413203500998306
0.19339122809238177,0.11877500383485833,0.10957742392065989,0.11746356888934427,0.02252136031343167,0.09995367583031833,0.10798053032701405,0.10751053477621857,0.12282667401577314
0.20687918386151835,0.07205304811138287,0.12708385990694468,0.0844043769625122,0.08599319197861009,0.08874938833574127,0.12340755920088935,0.10846202640283266,0.10296736523956855
0.08655767804471565,0.10130738758166806,0.12814023980597478,0.10160730971392622,0.06504917471549934,0.08141581215353015,0.1130112907542868,0.2011933534311452,0.12171775379925397
0.08226965389056938,0.16144985059960404,0.09657711942788971,0.15140112149811405,0.07486092809859103,0.10577600510677682,0.11256390978541982,0.10033927895454424,0.11476213263849096
0.03981700187427371,0.0863066638601026,0.10768255580966918,0.07223028251644165,0.30174464109356314,0.04600068488529805,0.11590188917955646,0.0990541163812773,0.13126216439981808
0.13229646700376457,0.12410535923545403,0.13434305939332747,0.10177889161983693,0.036804308033324906,0.0820805587000047,0.11940965309500556,0.13164001743646067,0.1375416854828211
0.14033751157981944,0.12368532137938427,0.1523659165449972,0.10184930116431708,0.0358777969236946,0.07314809167349062,0.11051062043027245,0.14974028502347045,0.11248515528055382
0.07299937994002947,0.11368862787997928,0.13909012400663837,0.17047374915076938,0.046430364862865635,0.11968582482151328,0.1266653840611898,0.08470611969663082,0.12626042558038394
0.05394019786707266,0.11723049601804292,0.08232857175496316,0.09560914839866387,0.01949063987401359,0.3510066183633047,0.08276222443939532,0.09708214538926652,0.10054995789527728
0.24907726394642674,0.10387318041605113,0.1342020614026909,0.07686932770079806,0.03629675511126721,0.08172382632900504,0.11438865745736913,0.08288851862408,0.12068040901231182
0.13620294100472663,0.08641117570821615,0.14151985736615572,0.12059709454285622,0.0746440447620695,0.1346324757438066,0.09026316704236455,0.11485761717198438,0.1008716266578203
0.04060314582619729,0.0994376379563612,0.1708469288576039,0.07947331445265055,0.29085867587521164,0.05012897716607014,0.0877995412911664,0.06885765734463999,0.11199412123009878
0.11243834624432192,0.10624010154944807,0.12113306718591711,0.10203803762973251,0.09093819408314417,0.09757631374019758,0.11604104659914154,0.11193557287760675,0.14165932009049031
0.07624999482058961,0.12099378035741992,0.11088651735529075,0.08810216376166258,0.06735309553372233,0.10062907949728365,0.17405568121073298,0.11454991940890276,0.14717976805439542
0.01838659478533428,0.16187827235162575,0.09444129124329963,0.10403196559373246,0.16166879227837302,0.16134709842900946,0.11029626142655737,0.06236964145135194,0.12558008244071614
0.04807501644139575,0.09817161557708655,0.09957242299408836,0.09740829631361429,0.0568814664779928,0.23126350735761195,0.09874665450797604,0.14974678323996235,0.12013423709027204
0.05292460667660199,0.0923674971603634,0.08569285748602334,0.10681332616872545,0.055534332499201304,0.3184360126425783,0.10641091104335626,0.07450537304588153,0.1073150832772684
0.1598630681477013,0.0764146033126155,0.14413776682561358,0.11175969501002293,0.022952430596368475,0.12956955069091222,0.08492356195256077,0.11143555686305384,0.15894376660115142
0.1303236337972414,0.11318640656672503,0.1392823498182355,0.1407916625139243,0.023471336931025617,0.16649089659783184,0.10079869358098892,0.11032709625004189,0.07532792394398544
0.08536934210691864,0.11051154778173726,0.13327951731488605,0.150501309950589,0.08059748514889375,0.0574655640352165,0.11568097325016043,0.15637579084027153,0.11021846957132686
0.07791882423568441,0.11956380921978853,0.11008269949676974,0.176947817622122,0.02580070679555208,0.09718161997510648,0.09649322145467647,0.13738584290272032,0.15862545829757999
0.2305139682208135,0.13730592556058213,0.11877908103430439,0.0837064817283052,0.03961229634402794,0.12015541367306254,0.10867994450424763,0.07858330958554184,0.08266357934911475
0.138931702057025,0.10591565146678456,0.10118523198347318,0.09936316133628299,0.0661423888466787,0.11168345877449228,0.09755935036784331,0.1189272583597852,0.16029179680763472
0.16098947721766846,0.09141657985944425,0.1307607478769662,0.12675989357868692,0.0323134409232182,0.11310070198809315,0.11839678324892573,0.08457915730537381,0.14168321800162317
0.14764780537155034,0.08939241545745796,0.1277278879072962,0.1070904597836174,0.06330972009501513,0.16797665185761076,0.0836904264665702,0.08411574013304109,0.12904889292784086
0.06396310526802182,0.061788245367263926,0.14655982556660288,0.06504399759023723,0.2242806872976738,0.045940379820731674,0.13858116841656054,0.14382356866319793,0.11001902200971027
0.04222219538962324,0.12031655083550001,0.12157439155359033,0.09953737736553546,0.02276938209576297,0.1872672366840248,0.0828593417714319,0.1891768183139442,0.13427670599058714
0.04189761967224359,0.09465204751575458,0.17098773639805434,0.095788202521998,0.16575590156407718,0.09230827394770413,0.10159133724051007,0.13912178884436482,0.09789709229529314
0.07724853233484812,0.07649168433957146,0.11542570575268367,0.12674233606914517,0.03748340144062213,0.25589205895841355,0.0956710590500026,0.1014023096605854,0.11364291239412795
0.13694758924621206,0.10610634001659715,0.10099668634073465,0.1056800385266156,0.1103702799065076,0.059939054385991765,0.15525048810814698,0.12437299124074981,0.10033653222844441
0.1471442801706271,0.1127422681609991,0.13663230477908897,0.1256690638629808,0.047730907400955196,0.10568849267690433,0.11622010667867644,0.10716297910332152,0.10100959716644649
0.17460040273378807,0.14126647117170987,0.10727708605652168,0.10189057618589774,0.04781636067177713,0.10280435021935184,0.10061778246579008,0.11022335018348912,0.11350362031167448
0.13644679026131157,0.10460196010209298,0.09578643172045731,0.13150584310072852,0.10353085774825377,0.06913800992586712,0.12273671583226416,0.11672284779752644,0.1195305435114981
0.08424415627770702,0.10625661019800464,0.1063831674379158,0.12418304145704469,0.11581193958461689,0.09504318719202542,0.11924574328518572,0.13467163696733744,0.11416051760016223
0.14764780537155034,0.08939241545745796,0.1277278879072962,0.1070904597836174,0.06330972009501513,0.16797665185761076,0.0836904264665702,0.08411574013304109,0.12904889292784086
0.3212244912766409,0.09337602444878107,0.10535608533007518,0.07327581863991789,0.02885017941174586,0.06765834775879408,0.10105668893507554,0.09065210716130782,0.11855025703766169
0.1527189117580957,0.11634433117193425,0.14008437504293456,0.1599220648111451,0.04778779829689939,0.08882144967230467,0.12017857590432594,0.08788449987754181,0.08625799346481855
0.07833954518615532,0.103615525637007,0.12240058300175431,0.1237062495483674,0.07606258287911098,0.07811508983306925,0.11405150533998387,0.17024283541043703,0.13346608316411482
0.0958044608099276,0.08180167698390974,0.09621585689071528,0.09152005231064096,0.21508807496866175,0.042645464211402785,0.20216140733246277,0.09206264210458397,0.08270036438769512
0.041936090657538894,0.09044840074508882,0.14944495940652772,0.0625264903572335,0.2532525881779475,0.03937025521231979,0.13273377280131488,0.12850225687151182,0.10178518577051708
0.050889245109383835,0.08414540123799989,0.14941993940152812,0.16608168526814224,0.1066352201961089,0.09410178147928155,0.10959041494995835,0.08865126974509689,0.15048504261250029
0.043961618506966345,0.134259427516678,0.12125711243130965,0.12186693818324502,0.06707824167330304,0.080025830778273,0.16281710756069132,0.1556091391360936,0.11312458421343997
0.14956233235297997,0.10277320562061526,0.12417325003412905,0.0818787052498924,0.03947955860965404,0.2644139142476834,0.09573307079193631,0.07741293162096809,0.06457303147214151
0.11386099692206002,0.10018587870729388,0.10552629011023494,0.08210838672507119,0.015850962236432484,0.27710055329110633,0.09690127364883132,0.10886901317760289,0.09959664518136692
0.0670202538489071,0.12504127550121677,0.09008237282127733,0.10572339258684987,0.0447642889155623,0.07895021972211891,0.11823215037100449,0.21412709865944568,0.15605894757361752
0.06177317311991994,0.08147127838834377,0.10612805907492799,0.10400962339800858,0.11942436124058642,0.30981234543027164,0.0693216060039643,0.04622022687250029,0.10183932647147702
0.07736077532008968,0.10901978820208053,0.10405936251044949,0.08592524281325163,0.05680959559115625,0.22070066594833881,0.11082036706112817,0.09140463397136496,0.14389956858214048
0.11700748718003949,0.10421662878678804,0.10451781960960026,0.08588977897278612,0.16068641799851993,0.1797582912305681,0.07242653626899948,0.08662955464556117,0.08886748530713735
0.13513335615066316,0.11814635809927261,0.11869057872263285,0.10598525713846192,0.08581707025749985,0.07295577241872324,0.14439350943810267,0.11096216776164901,0.10791593001299467
0.13007805543917972,0.11104122373354308,0.11074203992644714,0.10715604580432059,0.07468173712656827,0.06694986571586196,0.1056466837941273,0.17935538194707698,0.11434896651287489
0.0600318167984592,0.15589951383079437,0.12118943513485425,0.09942325984053162,0.20661626116992746,0.07265688984525702,0.09884341828219027,0.09308573245798514,0.09225367264000066
0.19083373381563584,0.08533262014003323,0.12273918802032195,0.2007439092971298,0.04083982776226552,0.07118369684848591,0.08743199827456401,0.1149346259397342,0.08596039990182958
0.09085970915895929,0.14356049716498928,0.1266058039715654,0.08437975847727248,0.024818014149578353,0.21720775745651458,0.11319657069168315,0.09388138555080845,0.10549050337862904
0.06212144323747768,0.10428181143613686,0.09687478477593305,0.09989074542791049,0.2772904625261357,0.037985065062737806,0.11177115579525616,0.12330497703693138,0.0864795547014809
0.11530304873745839,0.09943943423830588,0.09569817357202115,0.12171658210419856,0.04471741883272684,0.20393147664302516,0.13132932747742268,0.08044313487539252,0.10742140351944889
