0.09703259968480227,0.06362232068824292,0.09544263148547827,0.19509013062950484,0.15681110808172935,0.08051383584207296,0.07762836005547029,0.09295521072314744,0.14090380280955173
0.050415218721140916,0.10273996153912797,0.0865942303464804,0.06875842062777915,0.3204346288677297,0.1568907657654742,0.10127219325543158,0.07522876618920239,0.037665814687633685
0.08194978621723227,0.10157759544464207,0.10189778363409104,0.13712569258272864,0.18447380474918407,0.07237338712458216,0.1122780836974963,0.09025442864016774,0.11806943790987579
0.12614980344489632,0.14803784078243756,0.14715331915444343,0.041532487743072916,0.039899700193218784,0.10393510940408417,0.17670225883379118,0.14104961039515643,0.07553987004889923
0.14532962719269796,0.07694967100290188,0.12981229966165617,0.03267940643270773,0.2193282176160155,0.09445148978013305,0.13092044370504738,0.10856679301559319,0.06196205159324711
0.066569501441499,0.09130660526335793,0.14563296232240508,0.03283718751511159,0.21632654066373025,0.08398145729839525,0.1194253440373555,0.14327786754415198,0.10064253391399347
0.079704363549345,0.09501710599804532,0.10929747264570815,0.23106913627344852,0.07338343555984556,0.07948101375232287,0.1057919807685233,0.10991061723344735,0.11634487421931387
0.2747602076877273,0.1371880683046667,0.13119386902534963,0.0485707019274813,0.041273520896060074,0.08442149638016495,0.10586207791943691,0.1280724293628369,0.04865762849627633
0.05956376647637742,0.05243017630948082,0.09714531348652689,0.0358678158533597,0.35391040023727965,0.08103479198203291,0.06860478574913373,0.12210653407454229,0.12933641583126662
0.24828631262336961,0.12425827242793507,0.11991762384493561,0.06053395150836568,0.06524116077475876,0.06533984560375437,0.1275134320753681,0.13055292306488409,0.058356478076628665
0.24209628525909702,0.0763192022699999,0.1458310926989916,0.050555741383472554,0.09782080921959717,0.09105235692476082,0.10237931702496128,0.13546739092514687,0.058477804293972833
0.049058200614486756,0.05774200959856982,0.06659497029443671,0.10120218368473738,0.4234100981132232,0.05834873220037226,0.08621267633970613,0.06273215069449184,0.09469897845997582
0.10721685729086168,0.1478050714138872,0.12841725437188203,0.16024376493276038,0.03533552372962686,0.09849039228155232,0.12869987034207386,0.10915598509256479,0.08463528054479087
0.12861344707696956,0.09425661790147505,0.13308745949237302,0.06921894310634723,0.08196382677704636,0.08997048444823197,0.2015937187986806,0.12909994410564749,0.07219555829322873
0.0910882325751089,0.08018807549090035,0.1277364972243369,0.07254565142236294,0.26915704832580517,0.07608669731139493,0.09624294188285577,0.10465421355160383,0.08230064221563128
0.08739580658091146,0.047217848276018694,0.09192028045389934,0.10160343136118,0.277190271901471,0.07373786548499876,0.18281509000688648,0.08177875013148835,0.05634065580314587
0.09633373083701839,0.10202929115686914,0.11778206549896002,0.20519647579321898,0.0233513272379821,0.10362524129824502,0.12455395283036863,0.12017814201339301,0.10694977333394469
0.17243079753360016,0.0878307885187609,0.121975701270026,0.08405312250893165,0.07483774264985803,0.0623954453256916,0.1898385062440772,0.11238815047423688,0.09424974547481756
0.0808092354346801,0.07887581724969005,0.08563745904989323,0.1733450517906799,0.1872111514707124,0.09009783857039406,0.18006094272775383,0.07646200167176455,0.04750050203443184
0.09937163467980763,0.15805142491297544,0.10276511025669334,0.28539952282423303,0.016866018292179017,0.0642718131924856,0.10866822636864922,0.09243637484715926,0.07216987462581752
0.1989401007613495,0.11845105295085882,0.1272237531009106,0.05466953458139495,0.07447828061027965,0.09012541608489621,0.12118950578648562,0.13272695303257,0.08219540309125463
0.3023861282893743,0.0705510746376647,0.1001289800758814,0.039987488729911445,0.12188946434116714,0.06634845232999975,0.10242536829145898,0.1237548098856925,0.07252823341884991
0.11182391023319821,0.22562213655812427,0.12004044899303075,0.10868898128711663,0.01359412465657816,0.10891426991804427,0.10776235736783597,0.10654654311252566,0.09700722787354604
0.1292983272056895,0.07175441260812969,0.11387695605677191,0.06233247603782243,0.1726138466496707,0.10391575436367838,0.08354995688495032,0.1144252497664312,0.1482330204268559
0.1425198910938551,0.12785426073250186,0.10065493979202783,0.16230777359324824,0.016046556366757527,0.2082358489904855,0.0777397114817713,0.10159813142683051,0.06304288652252206
0.028262555727945785,0.12217228071534415,0.0737018346767804,0.11596690617229195,0.38261009951637437,0.07252514244204351,0.059780982041257646,0.07842199230262212,0.06655820640534002
0.1454904212953976,0.09076424132945861,0.13450439707131862,0.09820382906058615,0.048189287695848855,0.09310412967505366,0.15444735405688273,0.11651411670523248,0.11878222311022131
0.1036107100495804,0.1403270200222431,0.12483458050457487,0.18819012214663078,0.01696364938341288,0.0788069299403037,0.13335305234531294,0.11146243801367162,0.10245149759426973
0.17137888842309024,0.08316009779605078,0.11683674814194622,0.22725670044786597,0.022594445740201346,0.08889680420927344,0.11275624290091857,0.10555095026789323,0.07156912207276013
0.2405475480942576,0.10682889225213722,0.12301044247182903,0.08242908234940163,0.020569663343047714,0.07820767949538719,0.138355493870852,0.15010800784080328,0.05994319028228432
0.1286793709758047,0.0864803704678976,0.11549187741940449,0.20844407958709463,0.037223126157503596,0.08923171797453673,0.1349666974384218,0.11630357900521104,0.08317918097412542
0.1401042590607798,0.09214508050166315,0.11254350649153223,0.27952290246790495,0.0386972360999513,0.07703518848714187,0.09317949848137992,0.10141459233477619,0.06535773607487065
0.2239177319632014,0.09639651572193016,0.1392671907976899,0.06283494965555393,0.044600769502039915,0.09766156957437572,0.10920571301541944,0.15111472825783742,0.07500083151195219
0.204311787554558,0.10862181086579488,0.12062489646118095,0.052552506452555735,0.1360418565652786,0.08647464456597592,0.13004205081732098,0.10804502269843103,0.05328542401890393
0.10423789260990106,0.09163913511050255,0.12086142355566691,0.02788788781690668,0.06345520682505364,0.11641771185234401,0.09809632008817461,0.12037989872986447,0.25702452341158616
0.22924324969790155,0.08555895450302371,0.1238223642305016,0.04976352789480699,0.04423592465868185,0.08286722989786864,0.09114410292419593,0.15842959857065003,0.13493504762236966
0.1649636599908667,0.07995456387795143,0.11543721475310187,0.22655742464831122,0.021975611340554316,0.10497696370373426,0.1089076909237317,0.10410840609768819,0.07311846466406031
0.12958392503453997,0.10367436321987607,0.13968930855551362,0.1608603173182376,0.04542533161394449,0.07868314777654384,0.11612456053955118,0.1328287745716716,0.09313027137012159
0.15539187254571435,0.08794700601579179,0.1209488105486805,0.0386513416410505,0.11354771350229258,0.07701647395100408,0.14378666104581656,0.11725687201263292,0.14545324873701673
0.22007181602775558,0.07812448568176876,0.1252132204497437,0.040658199491904516,0.11345310464770282,0.07037177544407396,0.09898746807838384,0.14054851574871666,0.11257141442995022
0.09239861522054836,0.05440031860582526,0.11472857180355601,0.05504065549495801,0.11533041917378424,0.11059529321247823,0.10834591703482911,0.10027883271500242,0.24888137673901825
0.044874368801083274,0.10509574966340242,0.08620525117831856,0.11593335965029612,0.31805943834090794,0.07073044828356022,0.1358270867784712,0.07233047965626122,0.05094381764769898
0.06649412266709889,0.07924775390887197,0.11282624184134489,0.1614237831113469,0.07614883051981555,0.10154903569733897,0.18749887526176343,0.09931327834649574,0.11549807864592376
0.2184593581221713,0.061274503591704464,0.1163544259559875,0.03250519175304119,0.22070830636923888,0.07619512340419529,0.09754128648746609,0.11261424150528539,0.06434756281091002
0.12113205857382692,0.0649640852790966,0.10081179266870498,0.09295654272516311,0.16312210485538195,0.12246531755108427,0.17205083243578842,0.11919033207244482,0.04330693383850894
0.10554132145451585,0.09341760418210521,0.11845039141842935,0.1378330256243906,0.032598141651320904,0.09187886264100113,0.18350688818337288,0.13483311960479435,0.1019406452400698
