0.09855435438235267,0.1211313569110225,0.12841083369668127,0.12705414172834456,0.08870671614967078,0.09943866238187164,0.1599333204134583,0.057552019621191636,0.11921859471540668
0.09051668938283076,0.10768214497292351,0.13655471227028684,0.12322292876920053,0.1307855834019509,0.09770058409092115,0.12398419433079566,0.07047569342658641,0.11907746935450425
0.1390538493684056,0.10272402968975218,0.09598456452190944,0.09093456282461647,0.09025193617977402,0.09161160922899642,0.09248302700601979,0.19627259397721483,0.10068382720331122
0.12180758913330625,0.11445064074582693,0.11888327172857388,0.11826752983954338,0.10376121419040867,0.09124821298796519,0.11124290332200228,0.11603885303814275,0.10429978501423075
0.0943600323527626,0.13212907348829864,0.12181896657399777,0.12856129507811753,0.11598408875416377,0.10639607770775757,0.13038145377887836,0.053937688084887865,0.1164313241811359
0.0995347299176894,0.11447366641582578,0.11141161761676299,0.12307522011780266,0.11106933329953944,0.08800450634327732,0.11065938275322762,0.12478291553083846,0.1169886280050364
0.14657604939626015,0.10746407906193496,0.12263448675204897,0.1040459197367354,0.11375691642197318,0.09616302518875819,0.12963215892511518,0.0529719669081507,0.1267553976090233
0.08933696878210541,0.10389108346428551,0.11269550141944751,0.11507345356134045,0.1117422041513668,0.09185980247148649,0.11465013829798372,0.1500581446205049,0.11069270323147928
0.19112818168805823,0.0880155558879419,0.10156063072987946,0.09662476623296906,0.08765466014052203,0.0808425547165268,0.09693973448510534,0.16170728155682315,0.09552663456217399
0.11892665407394314,0.11528284345956685,0.11167647543916093,0.09338860467272035,0.11708544883512366,0.0952708323808424,0.09943112536237163,0.12263401716077736,0.12630399861549368
0.1294962057310621,0.10517876338494479,0.12483267820242287,0.09881954599601707,0.12385542749092848,0.1081004153907157,0.11673349642346764,0.06654420722635744,0.12643926015408385
0.10605349208721078,0.12178435039814195,0.13121926278356147,0.11908230890052786,0.08538706439057471,0.1064229395449412,0.13873268972210892,0.07694187084731545,0.11437602132561764
0.12556228984197018,0.09357907573305889,0.10064575315289463,0.08721362884840879,0.0999708442006993,0.09846705786931352,0.11099392118847036,0.1334260991889342,0.15014132997625007
0.09237015734863828,0.1183571016202164,0.1076858126078657,0.12239552627858581,0.08323295551022131,0.09787762977826815,0.11191280807513783,0.1629732538945979,0.10319475488646872
0.09553051962322696,0.10359119628025293,0.0983799435965453,0.10482233721072381,0.1157661434317447,0.11073712893854482,0.1117897030444629,0.14653066449979218,0.11285236337470643
0.1146328627656847,0.10702423772210722,0.10963705963174754,0.11828406222272808,0.10956572696797806,0.09375590399729677,0.11510827476704638,0.1179901172995836,0.11400175462582769
0.08908477772746759,0.12060586532536503,0.10621309895581804,0.10138621652811443,0.1141539264761464,0.12295073420010215,0.10801182789499847,0.12335514915334123,0.11423840373864665
0.14812300554796087,0.08802669177413784,0.10424269764858311,0.11142637432719116,0.10250703141413146,0.09214078812999049,0.09562575267735669,0.16011734782622097,0.09779031065442752
0.12733702985989398,0.11778621022204694,0.09630078523070512,0.10239456468110548,0.10503354430261906,0.0886399185987544,0.095026985860108,0.16809990211423,0.09938105913053692
0.14654916807678334,0.12557534046381494,0.10978671386790162,0.10050795607366796,0.09399152417814642,0.13659163032349084,0.10830152182272879,0.06685008088625521,0.111846064307211
0.1299874169815901,0.11078219367053832,0.1104357714726537,0.12248467812694214,0.08866407135029626,0.1163994380698652,0.11939454955176505,0.08508598304344622,0.11676589773290301
0.08588007842574369,0.11280558570343263,0.11696754906771879,0.10207441837920549,0.10784094586404308,0.13334391027113737,0.13139947325858012,0.09537007327848057,0.11431796575165824
0.1500416249260977,0.11387109247590592,0.10858180320852873,0.10704874568689506,0.11377669658984961,0.09069291602694014,0.10945040930094913,0.0843469947173582,0.1221897170674755
0.10327374122606899,0.11715756814885976,0.11719862332600967,0.10254520138759265,0.12291253246008825,0.1408872828105471,0.10990960660256383,0.07221597888562221,0.11389946515264748
0.12445852452505006,0.11369432729932107,0.11683406609946097,0.10774290756058075,0.09780253550353725,0.1368834152762479,0.11217923891919557,0.08340451869673675,0.10700046611986964
0.1693173823588012,0.09997442309441902,0.1146323361771976,0.1154104142180367,0.1112629326258784,0.08222973642601705,0.12289274439804086,0.0688114442483196,0.11546858645328956
0.11120195311764274,0.12642420092277828,0.12482187704096293,0.13990121670166591,0.0797839846070542,0.10648332813529755,0.13842828903208046,0.05535286888321037,0.11760228155930745
0.16072924175799783,0.10242872260964825,0.11322272118212101,0.10478289578689391,0.10857158167454861,0.09412210636964824,0.11260753578920395,0.0909736010038807,0.11256159382605746
0.11407496331532065,0.10122727936013111,0.11218235683623644,0.11177260244424059,0.1199707963606375,0.10000631500016256,0.10673895732801526,0.10848342973093489,0.12554329962432095
0.15639884314573205,0.10491839840411617,0.1246930059400942,0.11345495044152971,0.11316332557841852,0.09320945892904552,0.11061995874824238,0.061332549809410046,0.12220950900341143
0.11681188678718513,0.11603202928843682,0.12243270709901105,0.11392772455478267,0.1181725847933225,0.10773960215545976,0.11520468105682129,0.07428711213955876,0.11539167212542202
0.07502752123783245,0.1073955525751561,0.125705306003817,0.09943777503608286,0.11337401379794441,0.08886346981854121,0.09857002446069663,0.1851105880644561,0.1065157490054733
0.11053610986765357,0.12748540466842362,0.10947192579522531,0.09718623507122942,0.12713503980284016,0.11882934459618144,0.10161889437428749,0.09470427341883018,0.11303277240532877
0.1312608454099425,0.1180038702563397,0.12023179586724418,0.10449722259767896,0.12129349125625206,0.09867513847146386,0.11711098270137071,0.05740061042438183,0.1315260430153262
0.13614176241378692,0.10570986819959179,0.1089134165994099,0.12132984244351373,0.10796037649059577,0.10867205895691956,0.11196830596186026,0.06655411015829908,0.132750258776023
0.10381357660306446,0.1033224260001737,0.11123644079985788,0.11202861903960083,0.11034941698213081,0.10968157459073014,0.11417688784399142,0.1145669846951816,0.12082407344526915
0.1292699619836787,0.09960605511637693,0.09864229792091785,0.09669007642988721,0.09885972318513524,0.11700458817710462,0.09552612647265113,0.16503379260619921,0.09936737810804912
0.1241377199460092,0.1267405736442511,0.1142137843428657,0.09507416818481428,0.11856368686961073,0.0953497112460927,0.11976027256090094,0.09033408463910354,0.11582599856635183
