0.0974515193541372,0.07546145521355387,0.09197020721942122,0.10725823092934773,0.11462405110442166,0.1761306415432201,0.15646580229053805,0.1168299362136469,0.06380815613171327
0.12002808091256335,0.09323887723343592,0.11283483048901151,0.146926490172736,0.1315850360294655,0.10943734438817304,0.08897923425391464,0.1237447987716241,0.07322530774907597
0.09881395204216929,0.1802572188797084,0.1013981791210115,0.09727707467132797,0.10727930031782762,0.16529689486590562,0.08271435279842264,0.09981736990620171,0.06714565739742535
0.10897609959611033,0.0852144820663049,0.11335948726053648,0.14436688321832578,0.14500406457591794,0.12483617229696527,0.12471116660318309,0.09341782391649396,0.060113820466162156
0.10854404745472328,0.08627303530806435,0.11781249526736819,0.1253751758544996,0.12367420459239507,0.1384006559705765,0.09001509994682383,0.1309759386864559,0.0789293469190933
0.10298350276709052,0.06599592573309634,0.19587929986280128,0.10723740610375089,0.11873181307519316,0.10543663900649942,0.11859040432647953,0.12149537138437246,0.06364963774071637
0.0977529813114561,0.09384960506448221,0.09116356404740844,0.09771508178049298,0.10834886675142773,0.14449676174924903,0.07623452986918701,0.08330367933754444,0.20713493008875203
0.10492420268339908,0.08369750111555278,0.12619790073657977,0.09803306496580454,0.1107209782108533,0.16305369955060167,0.13546398967289944,0.10401734810626083,0.07389131495804857
0.09801529068705772,0.08498253472079813,0.08768728928609375,0.08961717339080189,0.1345608099500546,0.20177403853398537,0.10537586316756177,0.08304338755424034,0.11494361270940649
0.1099106024755485,0.0843223938884124,0.09754481257245079,0.09770749058708265,0.12234159714055926,0.14854021240347634,0.05806805117567548,0.09620544943946414,0.18535939031733042
0.11553231969980665,0.08903284773013975,0.08913989741009366,0.12107314799455483,0.13390423368880147,0.11653479331702861,0.1340960237541786,0.112631390608654,0.08805534579674246
0.0981082993149522,0.07472679229501088,0.1071240194500979,0.10594941109645999,0.11081132018881922,0.14646813523302274,0.1761950044641818,0.11422448948993384,0.06639252846752139
0.10513243574184984,0.13538693294232942,0.09762226121427424,0.12595801461513845,0.11447923384303971,0.11332392426954468,0.040385815232113015,0.13524826811072485,0.1324631140309859
0.09063292480699842,0.11061411263007863,0.14666318082216598,0.09867668964730351,0.10707686251409049,0.09225845861033588,0.10584082314883521,0.09072497252008034,0.1575119753001116
0.11250692099921078,0.09787119962794472,0.07267378783571386,0.09116842073167865,0.15263114278459924,0.18453744783830883,0.09605114057087223,0.08993237590048098,0.10262756371119075
0.10419324272523507,0.06357412589362366,0.11177028947298773,0.11451359366423138,0.1294103018736922,0.09257983812795308,0.05988177545382876,0.099732241118679,0.22434459166976914
0.09951753267985615,0.1110527360653077,0.0987744319839361,0.093795219936414,0.11919029425171444,0.13692825770563388,0.06953677861185954,0.10153643549828811,0.16966831326698997
0.1022330367115516,0.11620732973970989,0.09756652291441271,0.09775519767016481,0.12826191636491913,0.18595152093587328,0.09577621521577823,0.10208331084952195,0.07416494959806842
0.11374921445331591,0.16946853401920228,0.060118064233138646,0.08933029706771699,0.09728542438971473,0.12342709317910039,0.07843102925343327,0.1252803162364882,0.1429100271678897
0.10961321531357132,0.08499982080703515,0.15687131799189566,0.11164534489065896,0.12125127932122416,0.1432492476398384,0.07360548433398546,0.11746985393099886,0.081294435770792
0.11129756959482763,0.14590968017964198,0.11146437861692206,0.10758716875651664,0.13819007911478526,0.13202200199117065,0.09520565654565338,0.09246932381021201,0.06585414139027039
0.10947481745534987,0.08976327262149388,0.08387588317882749,0.09962945578967652,0.09259221298233526,0.18051797212651408,0.09091153428377362,0.1296787257941831,0.12355612576784615
0.1144656107071208,0.11350992304246221,0.14250863483853557,0.12021885642031821,0.11070070548043359,0.1132558406147085,0.08448151079622272,0.1174401131619146,0.0834188049382838
0.10270669633523181,0.1285866111909604,0.1280843936763876,0.09248709568628459,0.12560677730524256,0.09528111137625177,0.11998259566635422,0.10875857994096061,0.09850613882232646
0.09684141751278852,0.09314109056934533,0.1497072893005864,0.11887929108872568,0.113108257316533,0.1440825409793511,0.09902113041892711,0.11426495433866131,0.07095402847508146
0.11153631817701605,0.07936678367098084,0.1773755090696658,0.152649933671962,0.11904618205652566,0.08372197051615227,0.07890365825190361,0.09818084331025674,0.09921880127553695
0.09975099795758592,0.08367310045710426,0.1906716046273056,0.108611999362083,0.11735838085696693,0.11735190981039946,0.08073803325769605,0.1267349767562346,0.07510899691462412
0.09973000139191042,0.08233787282355311,0.0722868674015475,0.10130838474030372,0.10133138592474884,0.10806147255664635,0.12061371564122109,0.09564623662990362,0.2186840628901654
0.09488733189389391,0.06717799638460466,0.18857934897992537,0.14225550378462246,0.14849529452399812,0.11728455943718998,0.07894449325834063,0.1055185991725212,0.05685687256490359
0.10397713125422019,0.13765533822168297,0.06674721019207858,0.0846448916501028,0.07961120487948337,0.10905532302411376,0.0658973544940998,0.10091973866059721,0.25149180762362133
0.09478245440056587,0.07419978591839106,0.19518921958132637,0.16977441661978102,0.11856918404949819,0.12193961817166148,0.04971566878219785,0.11714640196747976,0.058683250509098395
0.11477591779842632,0.1205573765769846,0.12439122919366752,0.12300471602950652,0.12107055620810071,0.14627138258248382,0.07120996034416056,0.11897087585809979,0.05974798540857018
0.10360254945620377,0.08164737414172803,0.06740850793450685,0.13292754163797718,0.1467511507863849,0.11930816164063236,0.17592646868017758,0.1047536699186834,0.06767457580370592
0.10779979335654645,0.07336335153818231,0.18291681216830638,0.10699193514192669,0.13196354714645828,0.10769406739794336,0.1329769395367196,0.08379825844914969,0.07249529526476724
0.11104182823381757,0.09910998003663922,0.0990203337819065,0.12355704326461343,0.13783725839178343,0.1115021620802024,0.1299574289763961,0.09388005297969666,0.09409391225494472
0.09847323163015233,0.10144955713828317,0.10846271588942558,0.11078470912447395,0.10606016655744814,0.2074488368848683,0.078327445243457,0.11477998724224676,0.07421335028964482
0.11099072047665899,0.0637968043040656,0.10374754136127495,0.10078944195627015,0.13517168427407875,0.18679045031294209,0.08465349868785166,0.11745505087418977,0.09660480775266807
0.08679912583024878,0.09997247186715118,0.10651310148889774,0.09078355381255487,0.10703835876637668,0.17487799832704798,0.17068763299191228,0.10315120062035404,0.0601765562954563
0.1049937056646138,0.15734134169579672,0.08926499015740241,0.12302974096225833,0.1029263048022289,0.17870428295360893,0.06125091727185017,0.11562915176363502,0.0668595647286057
0.10917545272780967,0.09621700562749556,0.06837825876211101,0.14228242942750177,0.13759447831468852,0.13416562441679847,0.1128648838637956,0.12113452652162199,0.07818734033817738
0.11237657001970335,0.09541578415874924,0.10317559997919618,0.15387752906236565,0.13158749842758266,0.1307048564294896,0.09198538245220572,0.11142201027212577,0.06945476919858186
0.11319541235378287,0.11166673193860117,0.09011793254395024,0.1199822419004067,0.14069214632682822,0.1553475047422441,0.12005230227696972,0.09598426051638707,0.052961467400829805
0.10746458753028344,0.12188516727722654,0.09962264728709908,0.09772465076674665,0.12225173110147482,0.12772618034699137,0.1438200729423755,0.10589077855597408,0.07361418419182854
0.11716429392936822,0.09259869803961752,0.10452121607862584,0.11286948063660944,0.09894978758577296,0.18407407253635663,0.05466091254937427,0.12820110514482727,0.1069604334994478
0.09038514002407677,0.1655802349101174,0.10972686465446357,0.07871014294629375,0.10093151401474382,0.11682616492529581,0.14498071337317558,0.12699206151345416,0.0658671636383792
0.10576938574078171,0.13412255027785722,0.0825883029408872,0.10813129189177383,0.11078977181174428,0.12676492665197883,0.10670594766710366,0.1332807462958285,0.09184707672204466
0.09905987008149562,0.09607394141646487,0.07716924157874774,0.11693517101257499,0.1154996279455096,0.11747697098783971,0.10177169174499452,0.07645750501766135,0.19955598021471155
0.10849635686250486,0.09143052602197833,0.0996819985810226,0.08776714843534406,0.0813533580577545,0.07713640867897546,0.08757909604281698,0.1004492524753232,0.26610585484428
0.08915948731359162,0.07560529250557851,0.09100901012955866,0.09950230497329732,0.10822484732860155,0.10321600170639163,0.051862175175176016,0.12291913776099771,0.258501743106807
0.11748787143850958,0.17208566358079436,0.07695044437041215,0.09710332105711898,0.1017839041897189,0.18087111892046973,0.062166767002567264,0.11748632802596844,0.07406458141444065
0.10956044386352597,0.09450994793303219,0.1202690994325231,0.1296414646477647,0.11899148814331016,0.14640196820319126,0.0809704959347717,0.12203953187402812,0.07761555996785284
0.10144322860209098,0.08574199888091226,0.09322950801236378,0.09911455025450715,0.096460188276222,0.16248820967221075,0.07684974301484422,0.12183052279559743,0.16284205049125147
0.1215288066154153,0.13581000417224845,0.08843728330249312,0.10367884701142482,0.09139564863115192,0.12692348279417115,0.09792624624377204,0.12873012081574262,0.10556956041358057
0.09722126470083259,0.07767239229231375,0.08845694749530379,0.11442361418154301,0.10480528099976956,0.21364065071487226,0.13370099720461806,0.11428543735341462,0.0557934150573324
0.118281347753739,0.1451685189538556,0.14437197631989754,0.12584536308024452,0.12073999547628055,0.11609438165235121,0.06324387139120026,0.09654786969056632,0.06970667568186502
0.10797565863642922,0.1494512563439827,0.12047288051347411,0.1129104481967839,0.1179568625818931,0.09175841939426353,0.10400103130868747,0.10523348229654628,0.09023996072793973
0.0967431521654506,0.1735589177511462,0.0788351452950186,0.08738359624060339,0.12476651034166937,0.12953726408760063,0.07870669053678309,0.09740579977010577,0.13306292381162232
0.11820242188065465,0.1921569127238182,0.13910549554969057,0.08931900846043833,0.10986056224164918,0.09596123865040733,0.06665469090903768,0.0817393021973692,0.10700036738693487
0.10323689593780257,0.07097859768674054,0.13433449520544988,0.11217490821067255,0.12099156502635743,0.1630752431388434,0.08003312442892528,0.11955413466324667,0.09562103570196169
0.10132137880778157,0.10319053025959135,0.0973494398009046,0.1115784795948284,0.11077293591971848,0.16259888148220888,0.07145516792150285,0.1171082112059767,0.12462497500748711
0.10838601672808003,0.07260227293500811,0.1235326389545293,0.10435358868418221,0.10479899546643286,0.18057837690659514,0.08059191351448704,0.1311254047941796,0.09403079201650562
0.10172651253958333,0.10027007034753559,0.1387693604164596,0.11169588778053906,0.12533662495846548,0.1466329598349004,0.12513132329650473,0.08977826687510022,0.06065899395091163
0.09521023898163562,0.15468667782484227,0.08231269475619772,0.08035046118666477,0.09847329878461179,0.19244606639618592,0.13678563875111455,0.09668822386418485,0.0630466994545625
0.09587228660255291,0.1492844875145529,0.10357781798405487,0.0975435774375702,0.11504406853865923,0.1318705437622464,0.10428751686061173,0.10986079508518287,0.09265890621456883
0.09733869852335512,0.1259931959812181,0.08461844942785535,0.09004657993916876,0.09407688991343131,0.08759686388395839,0.12625788229966378,0.11025042787904969,0.1838210121522995
0.09987340110773162,0.1094168515034995,0.07806894329050369,0.10729005025547173,0.1353449501695663,0.15257499770839808,0.15046940886073915,0.09430511560670012,0.07265628149738983
0.09886205996366586,0.06849686223852071,0.058107012857455155,0.08574533637912145,0.10356714735617491,0.16298460007098556,0.033496051594172724,0.12198082718938093,0.26676010235052267
0.10646967181288296,0.11553170553564979,0.099995577145649,0.10906128902956087,0.1238581607729869,0.12335060753209111,0.10696830559489479,0.12609458627049672,0.08867009630578782
0.10835957719884537,0.16250841785306294,0.0930771619554321,0.11761779548687161,0.12189076590323517,0.09411631034709485,0.08069222230724042,0.08589758472443952,0.13584016422377806
0.11367763266449811,0.07080029861072605,0.15577022809419938,0.11658163277474727,0.12172065996808377,0.09512703816446551,0.09087382623556182,0.1474973634688921,0.08795132001882595
0.11491904557599115,0.10562975157680365,0.2071383694402488,0.10176211608606746,0.11958842521867526,0.10803805424271119,0.06379904734542903,0.09407229519588899,0.08505289531818445
0.12141541399378852,0.16456050750554221,0.08802772362102274,0.11628488764213947,0.11287261793066604,0.15009369998694774,0.046225528222331336,0.11721166846255732,0.08330795263500457
0.09454303445241301,0.07788389384234339,0.07450178232482367,0.09732419551226833,0.10890956232564446,0.2099877183616028,0.10215496459070428,0.10422450690615544,0.13047034168404473
0.08391213387636341,0.06745512304764185,0.06263095450918542,0.06992726124069813,0.06648065202076579,0.10919450972018481,0.19268631328425004,0.07710275707529914,0.27061029522561136
0.10421514547540252,0.1265619147857017,0.07579536046162143,0.12126891466306944,0.10286130176407886,0.13408507939757042,0.12734450657729382,0.09284863594908854,0.1150191409261732
0.09854866221541116,0.13815125277574253,0.10576162689658775,0.11737103197145198,0.12389209486652615,0.1590665748632069,0.06943114255567609,0.10061513002233058,0.08716248383306689
0.10275546632558881,0.0744382446639623,0.13087328886777638,0.13206417945492535,0.11988247895148711,0.11569517363456155,0.12461514177258899,0.13082033474131058,0.06885569158779892
0.1094145914144478,0.09427735590183602,0.1404354661057199,0.11730117137716844,0.1411799222292199,0.1456457928058256,0.07949666932580407,0.10951021704123813,0.06273881379874002
0.11501519093482417,0.11239028668874457,0.175679922949591,0.14904557241140595,0.12730914217726172,0.09592381867042671,0.06824947155846343,0.08267794924971211,0.07370864535957027
0.10878960048576243,0.06547063290097722,0.12109563765100935,0.14740809502007649,0.12463504367240656,0.20702752165627106,0.05562745042265586,0.0882803362251036,0.08166568196573738
0.09206176449285082,0.10357093026180275,0.07956270548641427,0.08224136270727898,0.13629684855720928,0.18835643707479077,0.11868696366619562,0.07501401819984538,0.12420896955361217
0.10872605525557015,0.08579222642774349,0.10051347470333828,0.10132867805644963,0.1352540020021927,0.11418535049129347,0.10708328158353975,0.10856109097219284,0.13855584050767966
0.10690539325414343,0.11356405419791038,0.15309996478010932,0.12559987332825417,0.09622311639769837,0.1138576684657107,0.07861909337694628,0.11347836681190455,0.0986524693873229
0.10180930561209173,0.15001488367286245,0.07783775561786069,0.08183616103812313,0.10834370227748318,0.07405234171565268,0.06290677996502668,0.054705095738628806,0.2884939743622707
0.10204385122110717,0.08534638072826643,0.06856458632115296,0.13539723445778398,0.14454547969267278,0.10136329418631988,0.1746615203307933,0.11463691166632112,0.07344074139558242
0.10355524535369569,0.06966391510780072,0.11204121942511058,0.11278051943735384,0.10570050725593015,0.1055931894025679,0.20714387692193983,0.11598148215634892,0.06754004493925227
0.10213362797854934,0.15006261302281435,0.11013598494574495,0.096613202770449,0.1236083572356768,0.08706690243882187,0.13410237585476129,0.09166817907491794,0.10460875667826443
0.09438667112588849,0.1478603725028238,0.10756663007554117,0.11520258846356508,0.12083403664061763,0.13912764684768467,0.06762949106681218,0.1184327851906757,0.08895977808639129
0.09932563072931615,0.07536237709140714,0.10499322788997756,0.10006121908899107,0.13192031650734848,0.19043366534695935,0.08912008268972295,0.09189143524359521,0.11689204541268207
0.0885652316110596,0.12187133930310873,0.07142369323661467,0.08287530410503764,0.10437206146259304,0.1954697649977328,0.06502366152525961,0.09124790495253536,0.17915103880605862
0.09117688017849573,0.17695303689720046,0.0608777866472865,0.08282005769525504,0.1087835179514746,0.1937665760333811,0.10881587438532613,0.08203344266630534,0.09477282754527512
0.1092327861550495,0.08753637110905711,0.18237886069957787,0.12553072526362813,0.12492307331334175,0.08461878202125865,0.1310650583932416,0.08547868849704703,0.06923565454779841
0.10870881238165264,0.11388790607644984,0.09511743778116895,0.18203946343925084,0.12807951228837816,0.11076350446464274,0.0794558627422403,0.10058367953232246,0.08136382129389401
0.10229694409607652,0.13909499744921872,0.11010421722868063,0.11483748211083829,0.11272051799673428,0.16136755220088972,0.07141988822072341,0.13899116856215987,0.049167232134678635
0.10163171238852481,0.09957298136812104,0.13790157471460274,0.10923421787249521,0.10658444295698483,0.08963448856815841,0.12098512966817136,0.11517288177565872,0.11928257068728297
0.09967058649808329,0.07490685933503576,0.09994178195977972,0.11277342127264454,0.12436519942388709,0.13089102900941074,0.17031700196272223,0.11707859387393006,0.07005552666450665
0.1121491118276332,0.12895258228485762,0.08542854048096162,0.102922457947295,0.0971988457063574,0.101850711177148,0.10250108504673298,0.10991508187639398,0.15908158365262012
0.11663653250367916,0.08921730010200458,0.10943661173811381,0.11621781853327251,0.12370672080798073,0.1246188259531783,0.10465136718953509,0.1431695022056598,0.072345320966576
0.10586567830613147,0.15143392626312402,0.07322027496534476,0.09237358753727204,0.12454773700213999,0.2079625725785139,0.05371952160965319,0.10980737118053811,0.08106933055728258
0.09149465042141391,0.07450139794718298,0.18362582828140825,0.1497872014811345,0.11535960971027463,0.10204736067185342,0.13440412477911715,0.09600386508469418,0.052775961622920975
0.09510307462847352,0.08973757967343443,0.07898234787571329,0.10359671418486616,0.10419192423525615,0.1750421858219657,0.10872072957070467,0.11210300038433886,0.13252244362524723
0.11324944258959267,0.16376717142368216,0.1134218961829266,0.10845027273280732,0.12549415821706847,0.10249584709333544,0.08676260644911599,0.11331542137593244,0.07304318393553895
0.12291248544343258,0.09949492060004629,0.11278761173260136,0.11910419550221533,0.09960816903455065,0.12451719768969795,0.0705679762052502,0.13671062119388233,0.11429682259832326
0.11160848249428479,0.08283252592263453,0.11027575429733244,0.11299776802989521,0.11081708253599491,0.1356888086664372,0.1228275520283586,0.12133803245768533,0.09161399356737694
0.11650115320106735,0.09435336706894615,0.0967603321198014,0.11121545019408634,0.14876528737352426,0.12686733079279502,0.09560371950552915,0.12309964111878408,0.08683371862546634
0.09163706937549994,0.18430529923573793,0.08855326160755472,0.09996468546293504,0.11765037425982432,0.17402797565849268,0.041471033554733756,0.13023118068140752,0.07215912016381416
0.08356851376948327,0.05978165534825811,0.07811417930814829,0.07278641036412549,0.13426903482202468,0.13677934395595376,0.30307359379217086,0.0725131935970424,0.059114075042793035
0.10164414402667866,0.11016837291849195,0.1143432152954912,0.09876055280607315,0.13641267574899643,0.11433493909188736,0.10496521823171569,0.11380701142543083,0.10556387045523478
0.11000111592424178,0.07613902702329074,0.076127845565922,0.11449303533893475,0.11353010416411147,0.16082058404587002,0.15664069011152892,0.10983440245989713,0.08241319536620322
0.104833994468755,0.07353129761786953,0.1022384381485958,0.13500936623742568,0.12188945827042424,0.1500853007298059,0.10663900837543117,0.13512587030703296,0.07064726584465975
0.11135930312603842,0.07464508145691152,0.09884253148051325,0.0981553108622979,0.08860080784235579,0.20529673851040373,0.04647441241411691,0.08160085753463044,0.19502495677273202
0.10421457796944668,0.09283089501270679,0.08759221905792273,0.11772809167835778,0.12807164850125646,0.1470187519852241,0.1758060878756891,0.08321004112467394,0.06352768679472248
0.09629861338260555,0.18549452869414287,0.07659214288829401,0.08652065292604909,0.10885876586684556,0.0817712860312297,0.08648233759307657,0.08357510241030545,0.19440657020745114
0.10554626792095134,0.0922775749033644,0.11926866322035166,0.10631615694586555,0.0992604657936409,0.15358924360860576,0.06141314683094204,0.14038924150111007,0.12193923927516837
0.11112411931593362,0.13174517455666057,0.14772017496930911,0.11352030746630286,0.13202497195038723,0.17156279782794057,0.03634057965571574,0.06317709731348145,0.09278477694426886
0.11296219816764731,0.10382695618628336,0.11366439835926685,0.11077661794569944,0.13033467172041632,0.12609153870204126,0.09831956344346786,0.11883359412727258,0.08519046134790494
0.09536154276143795,0.06593327500208168,0.06044208429401452,0.11235911318693449,0.10206786249830957,0.1505584783419971,0.26222431671466123,0.09482345512308377,0.05622987207747976
0.10811170308840802,0.12252663665660418,0.08430246158238584,0.11165021988966871,0.11435899445662541,0.21873998832492572,0.06751331295686848,0.11285763088190799,0.059939052162605505
0.10062389426210354,0.09889591690114852,0.15750182354140763,0.12955135649437288,0.1091954985024608,0.12508272107923732,0.07673799569567631,0.12030092818677501,0.082109865336818
0.10591412573276854,0.10223747271735913,0.09195073373409328,0.09949800412256436,0.11971248341771434,0.1642739122421812,0.08416942890520178,0.1371540018214129,0.09508983730670445
0.1162748310027759,0.1172007063957759,0.08034338143310277,0.10476130653517972,0.11186282203749708,0.1458362736798543,0.11762478484339263,0.11168471038642551,0.0944111836859961
0.09737748357110144,0.0932536147559266,0.08461726096525012,0.10083293955540516,0.13290620144653606,0.13512704573391154,0.1970722518443271,0.082316546874169,0.07649665525337285
0.09899082984777151,0.08341377938112966,0.07758337908006512,0.14954526256493653,0.11341730654203215,0.12916912407702028,0.12845796760492123,0.12676640854749774,0.09265594235462578
0.12416722652850397,0.10342799920622313,0.12067673019465364,0.12965225422662868,0.14073883836069126,0.0935923801243201,0.07351709578546752,0.12891529192070225,0.08531218365280946
0.0749398120031059,0.04754459528506644,0.15717583749504033,0.09499080304466434,0.11999135145733793,0.09360538780980521,0.30123202230419016,0.05807931865788405,0.05244087194290562
0.10013612636770712,0.09330463034918983,0.07588810681183032,0.08734451747319781,0.09959360348603387,0.18412129080567874,0.07276279974336426,0.07014146577796776,0.21670745918503032
0.10574331773569291,0.07676714190230992,0.10015549220186686,0.12735300665530014,0.1190142609724777,0.12130396265869485,0.16917457560408086,0.11816689776589907,0.062321344503677774
0.11390603932139713,0.1346151306112223,0.13977669984481575,0.11336906689383647,0.12380286807608143,0.09543415488478461,0.08996083793131808,0.09380400219239508,0.09533120024414926
0.1091315235741734,0.12813893490049585,0.08940819523937778,0.10918262384878653,0.12416069904214255,0.13398531302970126,0.12438960037983456,0.11206332071279729,0.06953978927269068
0.09059684588219817,0.06434661208406069,0.12949436972808445,0.10055788118935094,0.10376271273457431,0.13185178568086928,0.1912074512355195,0.1048657357813297,0.083316605684013
0.11173849248363704,0.09892256767427998,0.10840453838292781,0.12574124528301786,0.14010747749038657,0.11755056890753234,0.10497098116892296,0.12183158750988175,0.07073254109941374
0.10802718620726644,0.09514045045692292,0.07885926205647359,0.1383424989779829,0.1263676976341748,0.11647074132169312,0.13819380758734554,0.1264532837006876,0.07214507205745307
0.11241360056345946,0.07154147654704962,0.18687587767667357,0.12130791535599054,0.14457240674480012,0.10894722987355392,0.07291928444317178,0.08346995345753642,0.09795225533776454
0.1070036495550236,0.1021044756194317,0.07246188038343614,0.10579948582552963,0.14661036580179665,0.21608521472723932,0.08577193567874371,0.09421538310215512,0.06994760930664405
0.11012120267856812,0.09870588810145826,0.13154415794261418,0.0909001239231606,0.11719554320902388,0.1730699377560926,0.09456626216567388,0.06399430136132893,0.11990258286207944
0.10519165086778581,0.17420181343828411,0.09535001662148705,0.21095147096173286,0.11471222983461647,0.08323476896565672,0.05580375687959946,0.09945771667397134,0.0610965757568662
0.10323197477191907,0.0709577146321852,0.13435048176643086,0.11217431565818499,0.12099443590295633,0.16308564991912047,0.08002679937046049,0.11954589999211397,0.09563272798662859
0.1104266428368047,0.09957635808688091,0.13415672437201087,0.12954650125788467,0.12444415886790146,0.10403750849903215,0.09022508295970809,0.1257747732075053,0.08181224991227189
0.10220173899653744,0.12468082832017117,0.08083400841020777,0.09424354410832021,0.10441818900775175,0.24683037230424007,0.047046053279336954,0.09930460217260174,0.10044066340083287
0.10188739269509438,0.07844384717688035,0.07101722913178866,0.137457517848462,0.1309962974031658,0.10306673893149025,0.1967667667860229,0.12153023176098375,0.0588339782661119
0.0985160457748156,0.08360503237822735,0.06578779506103676,0.10131025763329447,0.09407206064797906,0.16377915919145217,0.05755922129489838,0.11691198047175393,0.2184584475465424
0.12317214763366391,0.10938745460673178,0.12705951016646624,0.11504312645570618,0.11046973966573322,0.10604140224402782,0.06610236223831668,0.12466857340786115,0.11805568358149295
0.1052116727822704,0.08406329261181873,0.1450696022795152,0.09444415444250957,0.11519525767319518,0.13541568445717414,0.1430235741679752,0.10061583135414631,0.07696093023139523
0.10578820029073116,0.10240081854331544,0.11343974064860378,0.1335956718820411,0.12126713142985028,0.12116478911721895,0.14575902469542124,0.0968724364679354,0.05971218692488261
0.11213836183127268,0.09999460356769936,0.1458523502518803,0.1260601505199222,0.12747353529924554,0.12435012430474734,0.08444422287486797,0.10563688114898577,0.07404977020137886
0.1100665756397734,0.20350769376959787,0.12393483174576099,0.08391244794923867,0.11973684269943846,0.0906237384583448,0.10488992270821025,0.10600839425890907,0.05731955277072646
0.11617293815619721,0.159533172543614,0.0839842045796757,0.09450950474900148,0.11552599412110297,0.08951626314719095,0.05360784909087981,0.08667120374987768,0.20047886986246022
0.11382421591074636,0.11767074295119197,0.09642645705078978,0.13931638974424196,0.12278271768568882,0.106027687533081,0.10486618290224321,0.12436743407060802,0.07471817215140879
0.09188554421698886,0.12365533850823136,0.12984841512474313,0.09216008625519136,0.10521607664263917,0.10227592843751514,0.05832996160869366,0.12695078805024282,0.16967786115575442
0.10424674258915405,0.06474123395828692,0.10396766738203427,0.10321309498005314,0.10977241733265077,0.1696158336288003,0.08911484953230703,0.1352473617752745,0.12008079882143907
0.09540068328062783,0.22454072324732058,0.09269688533379095,0.08415905687561154,0.08154249992030821,0.18817564826926889,0.05869378211448162,0.10993829594862321,0.06485242500996714
0.13014552928201692,0.09622265290736258,0.12005545480425979,0.11086066617142036,0.15170371184805245,0.12287234282962183,0.07144113692548204,0.09892082565976001,0.09777767957202395
0.0998717091915033,0.0807081514674752,0.1564389095114606,0.10252682728776308,0.09994803645623318,0.18333893448698402,0.10146767778598287,0.1090639815945743,0.06663577221802341
0.10482175025045398,0.11400827014899874,0.1422356808668901,0.1288473661096289,0.1105923528478514,0.1020993439386104,0.09949711189827255,0.11987020779081314,0.07802791614848076
0.09786458571164669,0.06304810055012285,0.06852785050270578,0.10552014799553905,0.12567599936120052,0.16541956874346558,0.21190331879997837,0.10307179288344152,0.058968635451899676
0.09159671278741234,0.19734022025751793,0.06576573141279214,0.07675454514705589,0.10920573320200211,0.07963368147081883,0.05988349030421614,0.09927392587068584,0.2205459595474988
0.11979518834496745,0.11066870786766791,0.11320775964728706,0.15007037821871394,0.13199012323921652,0.10790771533427246,0.10091657175976008,0.09388407843067548,0.07155947715743914
0.11215903220443374,0.11427106743877274,0.08152854509549977,0.1009581363337665,0.0862269828669746,0.14697262739285955,0.06021901401783916,0.1376490904644059,0.16001550418544805
0.0978929383775965,0.14483742789159806,0.11990939006742235,0.10979622616014413,0.14789859811992614,0.12923946328470226,0.12325241007929866,0.07765612082716968,0.049517425192142285
0.10330368556975279,0.10628076520626567,0.13737659512319342,0.11519676573230009,0.12309810500672098,0.14593437047389474,0.09982250836351014,0.10537128785484258,0.0636159166695196
0.10503265848009354,0.11192156931976793,0.07540373181246614,0.10613274563473145,0.12188356557279,0.1772267232830503,0.10555451864158949,0.10039858537491786,0.09644590188059336
0.1051519054257528,0.13227425553292707,0.12873077959323836,0.10782492874360794,0.10844298377861224,0.09237977091630327,0.12640513621721547,0.1201553847964811,0.07863485499586165
0.11588551775025213,0.12716114271857412,0.11550861365088778,0.10662475161723635,0.1300083940782953,0.08575163977184637,0.09970884472587876,0.0880388489444189,0.1313122467426103
0.10395962815223402,0.15311442009195242,0.08773846388901878,0.09446972393798314,0.13940491025425836,0.16149785938995156,0.11254953661341537,0.08446002251292943,0.06280543515825696
0.10484110208455337,0.09192840574731552,0.14361824581629695,0.11189273092957257,0.11325044199761002,0.12447920695648247,0.091940101066581,0.12534693006042155,0.09270283534116656
0.0914652062272997,0.09144385342141648,0.07416373081198717,0.08522624704028182,0.10468510933006331,0.12781864432770787,0.11300475197961139,0.10522650670092872,0.2069659501607035
0.08539161690702957,0.10995457720770563,0.08966253905484274,0.08376054972732795,0.10021124257531001,0.1794631538015983,0.19346844894740703,0.09025235044692681,0.06783552133185196
0.12071814586425043,0.12564064720796866,0.06326776210888398,0.12295234994992883,0.12217008601853563,0.14460100734271455,0.09476791342506574,0.09523992336471276,0.11064216471793946
0.09372466813863271,0.08456888165987508,0.11112346050074075,0.10128246093763697,0.13689043671644616,0.11540056208829598,0.2015758608561764,0.09301367870845711,0.06241999039373891
0.11623715570122656,0.10453704044356604,0.15449886050865905,0.15138420357623977,0.13048132602954757,0.09498294997410482,0.10270083296262589,0.08375264993008201,0.061424980873948244
0.10428868151085031,0.08452704468524207,0.11742702103674287,0.12937417103959337,0.1326539998527367,0.14736370603321675,0.09664559138080585,0.11566856305928418,0.07205122140152788
0.1135146178746566,0.12373233289128933,0.14357253232469722,0.11024087693341227,0.09440150470717573,0.11573455396864729,0.06348326063887041,0.11439034440425622,0.12092997625699482
0.12849786854287892,0.13379675686807777,0.11701769760493418,0.11202593849545565,0.10441961701139658,0.11931695924809317,0.06018108834702102,0.07792800978270324,0.14681606409943945
0.11741272826238643,0.09610407034165773,0.09282015534034471,0.1185293743376895,0.1328316704792353,0.14465521543431417,0.07202324727867472,0.1339244507296475,0.09169908779604995
0.08720650142630419,0.0660340362370584,0.15110107111695245,0.11501491791157248,0.12557162645279465,0.15650537024607225,0.12591385928725732,0.1167260493311469,0.055926567990841336
0.12162236345270545,0.15350606168332548,0.08774807505504818,0.13002076922173356,0.1361576658433849,0.1371091340601121,0.06863132246962106,0.09071116858809052,0.07449343962597879
0.12069238224745993,0.11151979154356673,0.09606811604649379,0.1277801919821064,0.11647793546788915,0.11877239789748321,0.09045335925336655,0.13925754994203327,0.07897827561960098
0.09587331398089412,0.10785239781336352,0.07409010331133371,0.09741559352581668,0.12401686542805312,0.20753477319509306,0.08739714241027048,0.10894588983338654,0.09687392050178874
0.10982381917230973,0.09623914026159669,0.15256038046118944,0.10517475458729526,0.10615991189416028,0.09214859018810795,0.11833576296216175,0.08566641428808193,0.13389122618509688
0.11222658355318316,0.13383152434174617,0.11743593886929216,0.10962725576713465,0.1290753990746786,0.10842638875960314,0.08108876440532482,0.11180628627810141,0.0964818589509359
0.1364461787146814,0.08320190893736025,0.06439898982706246,0.09695218456077437,0.11681539684674531,0.08801195397214333,0.08991975462624834,0.0962183455563058,0.22803528695867872
0.11112822115203731,0.07420732275885893,0.16916560994097496,0.11177542235596012,0.12990882911301324,0.0948669689789468,0.10343293546285981,0.11855524633687993,0.08695944390046895
0.09689360066900791,0.06774792373758616,0.12807778708592887,0.10190909577686631,0.12146996447094,0.18576530594215368,0.10904048598657863,0.10766138318841062,0.08143445314252784
0.09573175286136144,0.10842958847606499,0.09826513341166722,0.09957665342742979,0.12485907635156564,0.14879740208400694,0.15999480862616658,0.06058664849526024,0.10375893626647704
0.08877839418370519,0.08105222261067326,0.10315883115124731,0.08960019039449078,0.12868956319662975,0.11899815269459357,0.2468003050604541,0.07477354253860806,0.06814879816959794
0.12451978636296403,0.10639168612220029,0.12291226052469177,0.10787892414588546,0.14543504055868836,0.12491131729468825,0.08595706174702178,0.0986720868972824,0.08332183634657771
0.1276620211683015,0.12443533255002208,0.08451171828207682,0.10210826799317792,0.10492576402281024,0.1398900100356281,0.08813916645334645,0.11269648770409439,0.11563123179054235
0.10456071680572947,0.08831090790663927,0.10114952797129499,0.12578347221908998,0.12142736497539265,0.1227220097508146,0.14068566567583835,0.11503984200355899,0.0803204926916417
0.1378734394497407,0.07902588221324491,0.17966903494255257,0.10198847614210009,0.14983349488512843,0.0762998926951547,0.08854695359735615,0.10737638235057327,0.0793864437241492
0.11399894799762551,0.11316522309320316,0.10283281790844823,0.10161579836212546,0.14157300875119413,0.16111105887821278,0.07374368166405194,0.11992743933462618,0.07203202401051252
0.11726514996080994,0.1863105080612921,0.07610061887333645,0.08736062203572335,0.09381238071361549,0.18846539248671268,0.0540912275533009,0.12299342613445753,0.07360067418075149
0.12052805795971518,0.1847742267315073,0.11562099692160127,0.10083731645677961,0.10563222908136655,0.12657790580530717,0.05705895879447384,0.10685633639058649,0.08211397185866255
0.10917545272780967,0.09621700562749556,0.06837825876211101,0.14228242942750177,0.13759447831468852,0.13416562441679847,0.1128648838637956,0.12113452652162199,0.07818734033817738
0.10376643269530966,0.09410816338885679,0.1332043752639984,0.12633730243518732,0.11775265092933607,0.10505829294357026,0.15418452521160989,0.10181111361036903,0.06377714352176264
0.10629231065165545,0.07284014452919015,0.18643527423619058,0.14122894587973023,0.12070305248884683,0.08774074061635517,0.11902164246090534,0.10445538470798199,0.06128250442914415
0.09229078344350268,0.12628978732519366,0.15278869449200966,0.11376667416450019,0.09774967405204367,0.09597790200123428,0.053834415188356216,0.11948178548683547,0.14782028384632415
0.1338935568470875,0.09922960672643782,0.1109322829673991,0.15689256830965814,0.13581379488855616,0.12516773088980626,0.06712205022382521,0.10151023024012511,0.0694381789071046
0.10781287800882873,0.10281641131593287,0.14088002829581917,0.11803456502726646,0.12640523684292224,0.11261225584713576,0.08575449447736481,0.1216446906933261,0.08403943949140384
0.1048597420564565,0.08922012673898132,0.14142928401889923,0.11873025383037616,0.11329597504092215,0.16862704340955523,0.07096742249796811,0.10985789758034754,0.0830122548264938
0.10922514127565443,0.1170554486650948,0.12449730459590098,0.11839046253968667,0.11261211159338252,0.08970245170274797,0.14651152779711119,0.12022941735231114,0.06177613447811031
0.10456787052448586,0.08278310695854459,0.07049041505702396,0.1412428230477195,0.1474455220003238,0.0965425902479707,0.18245931350760705,0.11202161692618029,0.062446741730144285
0.10196192735748195,0.07856506571548227,0.09346451607822288,0.1329429331376575,0.11637625530953638,0.09704165737282246,0.22105291761999943,0.10393594681966,0.05465878058913717
0.12080396608088483,0.09814419018557537,0.09122933974460895,0.12442084070037097,0.11680225167497327,0.13986810428443872,0.08498905509889569,0.10109861108320235,0.1226436411470498
0.10917563561203676,0.08716368430181137,0.1922080784221,0.122110221911137,0.09881700713369297,0.1318002852365017,0.07970763303462568,0.1135323748846115,0.06548507946348292
0.10228608193897266,0.09176713625107491,0.10610846862714962,0.091857520607741,0.12768553456482964,0.15107402801035466,0.146264962494694,0.10871030314303883,0.07424596436214469
0.10309918344504888,0.16439187727865887,0.08793454145582959,0.08809808196277241,0.13808300301205223,0.18003081369441543,0.06820300742880035,0.04757107987796436,0.1225884118444579
0.11025317712463038,0.1375660700965695,0.10373463601224404,0.14133703651048987,0.12192884123798453,0.11051746500950925,0.07659210402248538,0.1258137178832758,0.07225695210281124
0.11000111592424178,0.07613902702329074,0.076127845565922,0.11449303533893475,0.11353010416411147,0.16082058404587002,0.15664069011152892,0.10983440245989713,0.08241319536620322
0.11394622840929793,0.08023242382166376,0.08701053122662715,0.1310286088578149,0.1364576354249468,0.14651859212758298,0.11744858824972666,0.07497642857462064,0.11238096330771913
0.10742830856051583,0.09874884136894913,0.11785092214177569,0.1203962200780297,0.10475946431085081,0.09318732331133582,0.08614109180445094,0.10675246077889554,0.16473536764519658
0.11662335233136678,0.13029601298043245,0.06451854586489247,0.10770173664097327,0.11848974381069055,0.08175185723068364,0.06438580601556788,0.11022831277428909,0.20600463235110378
0.10550953162783555,0.159410152374888,0.10975447211538597,0.10512006842523725,0.11637490790984961,0.10872400598167338,0.1002825268072192,0.1248161534628288,0.07000818129508224
0.1104272243042877,0.08459199490219589,0.17286520028721195,0.10914811692307634,0.12576055198803213,0.09469179999349746,0.0984137645250166,0.12896775316926765,0.07513359390741446
0.11533829804775912,0.10800711206162628,0.08284969085753018,0.12135922624513514,0.13633747233212615,0.1630510941523253,0.06215642661360443,0.13736199729082577,0.07353868239906769
0.1089847985831044,0.0758546225775075,0.13429085471719027,0.11938902566583225,0.12657296258397402,0.09538662867958321,0.08144480967466416,0.1284712679867558,0.12960502953138844
0.1088241436886659,0.11991008821684968,0.0911169394379649,0.09571111813718214,0.11072129779766336,0.14573766865184967,0.08283734373405861,0.10756152652043367,0.13757987381533204
0.11396861343307285,0.059275177702120256,0.06997746758681234,0.10272686923522865,0.0858623793224259,0.1765701618715899,0.07357444575902099,0.11759204173775556,0.20045284335197358
0.12239650797929497,0.10928843955842203,0.09236401314694585,0.10610331517065208,0.11236273396518155,0.11997347815847333,0.13132370328843326,0.0986572009742966,0.1075306077583003
0.11073760962521896,0.06258495710371945,0.15290779541347635,0.11293120939799173,0.11911977678267298,0.08928809675175219,0.10459107663955963,0.12548046622461956,0.12235901206098919
0.09807109621519272,0.16829154196412688,0.1401999315373593,0.0837998772553969,0.11571020527020358,0.1486759615299292,0.05475137087690687,0.11674856125281557,0.07375145409806905
0.09714807791358894,0.12949076259267267,0.08273894420743834,0.11457964898122693,0.128579650666003,0.144122561819666,0.10123130966112358,0.10188824579862722,0.10022079835965332
0.10436374264560229,0.16250521691148406,0.09013226054412743,0.1000575709743756,0.11777492133340232,0.16987001216875422,0.07858837256310013,0.09584792811076737,0.08085997474838662
