0.16552325077132193,0.042871690221723574,0.07117807700698407,0.09540300029850422,0.14736112393643538,0.17020741536376519,0.1006927942726893,0.08063541685183596,0.1261272312767403
0.08169641059797562,0.030297529078049546,0.07266452608856182,0.163250913182876,0.14375131682212175,0.10200768888312974,0.12247291103375672,0.14407246675706606,0.13978623755646277
0.1036639762390188,0.03722618381835589,0.11922580247338499,0.12337269276719164,0.1802029450134706,0.07929896968713702,0.13760082714357277,0.07731480376217843,0.14209379909568984
0.12218326683075718,0.06861981468130417,0.05236289537311181,0.09545650358824498,0.07409355873648375,0.2729742636776798,0.09789828575274467,0.11541540398354155,0.10099600737613194
0.05352093153899475,0.019861252901424088,0.024546343083157774,0.10221760159331461,0.47254751481617435,0.055361092236655474,0.077772480650088,0.11969881762198653,0.07447396555820458
0.1827576434312813,0.03446106973475316,0.041653733707144466,0.08700021335661857,0.06916570563858822,0.19578229115093934,0.1385040166032559,0.11829375245995315,0.13238157391746588
0.15499598015949795,0.055323451481360496,0.13937501227798557,0.14153160718201188,0.04946076515917013,0.07324962990522794,0.12045178619893922,0.13187878786786789,0.13373297976793894
0.14280056339536,0.04932343982756854,0.09818603454423341,0.13238801651810067,0.07776884495266957,0.16056500085816436,0.09959828727942031,0.15043775693654135,0.08893205568794177
0.11146680066912247,0.025725874391595877,0.06491413090233161,0.09298339647835879,0.1254870947079411,0.23860273000376794,0.13901398401055365,0.10410612083555647,0.09769986800077209
0.09237211212863743,0.17141262540091204,0.05617909827123333,0.10770418425819406,0.023927363921115514,0.21967810963541493,0.1006069810532319,0.1359099638684221,0.09220956146283872
0.11278317038304642,0.022249625128333922,0.22155916708073597,0.1134230255022004,0.03912914039454648,0.21076994324542833,0.07119861753105618,0.0967470779017734,0.11214023283287892
0.1558262943305637,0.06801811829951872,0.10641895832743764,0.12459632362065269,0.03647555269316015,0.11274048032429886,0.13001810152801593,0.14818458672278031,0.11772158415357198
0.155914313199255,0.02913576426167212,0.12342941626611313,0.10962989136371785,0.06150817217542936,0.12360024027762335,0.12059983183322039,0.11971708780728411,0.15646528281568464
0.12643399339483116,0.12057410654607996,0.0941543262297671,0.1406450406672867,0.1105152795192056,0.08080154386843118,0.10072426349331047,0.13298074244836097,0.0931707038327269
0.11922816216567671,0.032710279769921136,0.05753135146350042,0.11382516821469657,0.21455619342251145,0.13684724996295075,0.07848319173707231,0.11913792170756587,0.12768048155610473
0.13151934675251695,0.042600186861324496,0.08132234882814549,0.1143021715302714,0.09288159149849441,0.2472449318126996,0.0965224930916439,0.12665870215008604,0.06694822747481766
0.07122476802598039,0.5538392358133738,0.02977651314396391,0.07445827930439917,0.021049093130628763,0.03958451704076687,0.03360445214732641,0.10361218150230707,0.07285095989125366
0.0923947459315741,0.019943427706661056,0.10161981998074095,0.11201782907571341,0.020553219611418826,0.2706209645358257,0.17894553673431313,0.076548068696051,0.12735638772770186
0.0810148154259414,0.02991753996614857,0.045768756204098905,0.12199469277975113,0.3125071038061458,0.12882423284064332,0.10447417620390347,0.0997141989001689,0.07578448387319851
0.08439568318651974,0.07113541757256991,0.05138145813801482,0.09791803372352263,0.04639692327087457,0.3766015735615298,0.07407393133862927,0.1261221038594695,0.07197487534886986
0.07712243220235108,0.17866831033088237,0.2508417400792304,0.08298554411205268,0.03980688872344353,0.10916298131543854,0.054277859509278714,0.08106569953127796,0.12606854419604482
0.11059424214593509,0.03667754181793068,0.19552113976981142,0.14001615468290116,0.04301896554186946,0.12821184490554974,0.1159884582794095,0.11079725974397654,0.11917439311261639
0.10541283805750579,0.03890205355769156,0.04638770846172489,0.10605788118257164,0.13661786135582452,0.254837107320194,0.11354349357646655,0.11188480975240277,0.08635624673561833
0.11215093631419233,0.03765442996745735,0.08870138143462214,0.1436156848213812,0.04000377979743353,0.2828874047534956,0.09985875300128129,0.10087921812778626,0.09424841178235027
0.14761769336270433,0.032213139749592015,0.060763142176974344,0.16440322775008598,0.03873226792634793,0.09939353276454306,0.2222400230999979,0.1074448471449272,0.1271921260248272
0.09620381734590855,0.028016084838572583,0.0773875138343711,0.07690653456428775,0.4470566688865689,0.06488481578261142,0.06493667199231354,0.08049419408714027,0.06411369866822582
0.13812650696513426,0.13589938061220908,0.09120926870843998,0.10987170899288871,0.048767695316679675,0.08351813912293153,0.10375382034790413,0.10220574893863166,0.18664773099518106
0.06100313335119315,0.17290045280963914,0.3606757486049263,0.08310980652041508,0.028675639558406508,0.037962546003849636,0.05504911361891981,0.08052322555213728,0.12010033398051319
0.10032055992887433,0.03364919264386098,0.08315857852422902,0.11633104619812072,0.15349367609716771,0.10931073978820571,0.12894928065915903,0.12021790530059058,0.15456902085979182
0.16075649538431214,0.08539910364112362,0.1439802115987189,0.16599186661825302,0.05748769735057904,0.04564658055287268,0.13488913378329714,0.11986506766029602,0.0859838434105475
0.11193473079998546,0.04393644272775188,0.06965074175742252,0.1317263088263085,0.11278054985305647,0.23158126812055121,0.10479715076444633,0.10501810138978429,0.08857470576069336
0.0744220840584545,0.015813620097930952,0.04255326248718489,0.0773417493217117,0.502844191077391,0.02640154912284799,0.07285366255012955,0.09359355668049457,0.09417632460385472
0.08640909626605386,0.040650687422121294,0.17049784952699068,0.13830015845636812,0.09012020090673596,0.12847086916199538,0.13357194795270352,0.09094539126524294,0.1210337990417882
0.12249273188213912,0.055460784919383686,0.11067190358762448,0.11356423202530481,0.10006672069889959,0.06518036953432126,0.1554823454380683,0.14219018354701762,0.13489072836724106
0.11258381022250774,0.06977582293618051,0.08824380132259542,0.12443027024142113,0.12845897467353815,0.1251187771791746,0.10404420039696151,0.13096249378905137,0.1163818492385696
0.14589366763254935,0.03763024556343691,0.06323556294396204,0.10261579691668495,0.07753250990209401,0.18081451839278548,0.1565170527688788,0.1342360619008811,0.10152458397872725
0.10016905843808638,0.11716091561752073,0.06323291158399653,0.11758322971954933,0.19858164530718936,0.07104717847989557,0.0774877800386451,0.13754916147194798,0.11718811934316904
0.09614558395737655,0.0648528970847731,0.14598710243591043,0.11198721817110004,0.04815106594193668,0.18685903633995563,0.09600927860057895,0.1341965085252032,0.11581130894316538
0.13462595447688178,0.0729374130363893,0.0776530381653517,0.12648311959937056,0.07694579830645258,0.16695733954789216,0.09401671405589494,0.1501196241417229,0.10026099867004405
0.1310124233562275,0.09251305198328086,0.10111111957575557,0.10857389640442196,0.06354831117338944,0.10143025978796605,0.17787558710925747,0.12488427000111435,0.0990510806085869
0.09924474488399572,0.01262145561884552,0.08286075844279008,0.1172961783909386,0.07427654103580905,0.22873372941448541,0.1080109273459582,0.09678895544758599,0.18016670941959145
0.1528122490397393,0.04699044170665032,0.08285508972010014,0.11171172263429148,0.21545895020639536,0.09805686198130424,0.08556015249317546,0.09442687261886039,0.11212765959948319
0.07692321824148979,0.4413121140725389,0.06000361288511453,0.06215914077418098,0.025719443514665766,0.08274266368466338,0.03221212996855812,0.08867696960845754,0.130250707250331
0.16844179482917024,0.0709605567654326,0.12945154409204196,0.1145068087698764,0.0798635165002815,0.09667108162725176,0.10401855515419871,0.11426814592697214,0.12181799633477468
0.0913645135274373,0.07604667945319138,0.19520132190769482,0.1090219729569732,0.015163308844790238,0.07098451057553434,0.23843849971196976,0.08587209990054205,0.11790709312186698
0.14332776327100602,0.07206528126082594,0.06554856321709229,0.09746739419710915,0.06760211882093987,0.16662797272022134,0.17048371879194976,0.14240846531351978,0.07446872240733587
0.08449674126262796,0.024803658019288927,0.033793177173705814,0.0928149349789128,0.30347109122954957,0.09817533285593816,0.13540695227768687,0.13909096610451047,0.08794714609777932
0.1178830626428274,0.06540841035814708,0.04012271620439912,0.10881452834091776,0.12688915746358279,0.17618109828618847,0.1384659610069253,0.10809572864861834,0.1181393370483937
0.10164817221834632,0.025359438471792783,0.07045193950015359,0.12911743750318297,0.08383366101931607,0.17655243345085156,0.19163452633744657,0.15845405153974926,0.06294833995916095
0.17653522740803196,0.054785232120109696,0.16264148549421711,0.12182713964221077,0.06357384523919409,0.12351965142244849,0.10460915084901001,0.10991681122149403,0.08259145660328383
0.14365938422173755,0.05252788971355706,0.06949166973258415,0.11463593507312321,0.08249483419469573,0.1340888022092277,0.13934224369778625,0.1507727727655159,0.11298646839177238
0.09867544335536677,0.07411410877748202,0.12031392720026933,0.1175621242031644,0.0426881982274113,0.23360826292789724,0.10034814726820152,0.0892443957515119,0.1234453922886954
0.10337835497665032,0.2533434061547373,0.08420945897659578,0.08943136813030188,0.07510903641145196,0.05639745007942575,0.11375597619111515,0.12855407722748902,0.09582087185223277
0.06591683145416853,0.06205717255254806,0.0753065940851531,0.1805228653930917,0.05991677367356543,0.06927245113987668,0.15799866590454215,0.11704933141539625,0.21195931438165802
0.0691500796121796,0.42955230070207845,0.07967749183782408,0.07750553989630539,0.027249393835442778,0.04724643015510282,0.05597451584134664,0.1061164600756181,0.10752778804410208
0.10843842798356769,0.03724663660748635,0.05566909446459498,0.1367410095683698,0.035506191927170395,0.13441432731390793,0.20993829924539295,0.15155634508868335,0.13048966780082646
0.05416208976872738,0.4103668930783882,0.18466472681491722,0.05448574413291901,0.022806856091887928,0.03332247093646318,0.05436784422947344,0.0637104011045633,0.12211297384266033
0.07797050557954248,0.19795563067009972,0.35632671027396307,0.06852863557882073,0.03327736361086916,0.040101412473496474,0.05469775353779902,0.07888425857878191,0.09225772969662742
0.08893385329265463,0.049089520462670046,0.06321047099465989,0.1488536258797191,0.2713509071853075,0.041932264615949615,0.12464931232873465,0.1170493768282756,0.09493066841202902
0.1215568361058243,0.07698827132167226,0.09915498639257612,0.1168043071155979,0.1730329202863983,0.09146973488314408,0.10058078330500292,0.14371930612999595,0.07669285445978809
0.14994888747734422,0.060103227973268836,0.09498944995224985,0.10027639566075353,0.02362492943186273,0.21881387070576466,0.12272693511563809,0.12455348704110207,0.10496281664201595
0.17642810793576844,0.06675422435929547,0.0851391449230026,0.13133447060878004,0.04733286009788764,0.1556256687821951,0.11094382004762889,0.11782251764869721,0.10861918559674455
0.13983102707756095,0.051807257494255965,0.1410504244387092,0.11778667175245927,0.12874608688572786,0.12600791653165352,0.09638431839205942,0.06160195126152604,0.13678434616604765
0.14230760018631008,0.014481723700641864,0.06235397320280387,0.10022305088050691,0.19711455898342115,0.08939632395690611,0.07501942378227965,0.08180476050283265,0.2372985848042977
0.07058369119840599,0.27949183583364995,0.15388051706381742,0.10362302692022635,0.020560504965197776,0.050892809329163846,0.07046523935911875,0.11447944060426539,0.13602293472615448
0.19141504027535186,0.028170151830644818,0.07865061937667432,0.10221412460121299,0.046797139415130466,0.2428480860697664,0.07942195320606177,0.11999929683024609,0.11048358839491124
0.1262986288534431,0.09516413673554691,0.1094418130599743,0.12659876233468806,0.02735737822342292,0.12602957512437415,0.16929577660768816,0.12929000114353223,0.09052392791733016
0.10887147395851747,0.05118380967800134,0.2571947423565271,0.12455494332647714,0.049613849844186896,0.10922809044350142,0.07579647483715678,0.06544416795562764,0.1581124476000042
0.12702419613577834,0.056342062544650795,0.05331722228620176,0.15589461856343606,0.0429249521487464,0.23523026537096625,0.14805556685345192,0.10753742923405644,0.07367368686271214
0.1173387182636718,0.0464730702268521,0.12016107802764255,0.1078186686403858,0.04348333035039922,0.20611848388191892,0.10772261870213302,0.10227375726311534,0.14861027464388119
0.08586207267205566,0.04137000885748308,0.17518840387729173,0.11117735892194162,0.07657472515161369,0.22699473168693385,0.059646253202885365,0.09446561620135675,0.1287208294284383
0.09907121966320209,0.02470592001246466,0.07235218150387578,0.11032410771447683,0.04799093839782207,0.36829286649845877,0.10256675367314246,0.09217114180233375,0.08252487073422367
0.10659336040740412,0.03472070612512916,0.04275163049175936,0.11000860166123089,0.04825478852688409,0.2621789051153912,0.1767281038486248,0.0951421448783918,0.12362175894518461
0.11042634936345182,0.03750129042951392,0.09300544441762737,0.1302790578889257,0.09369034542529431,0.23085495424489658,0.08266904267067259,0.1462725826188439,0.07530093294077378
0.12428244354057283,0.04676601886243925,0.04735125367112919,0.1310464677648652,0.1264829557451391,0.170327276375181,0.1451010746904145,0.11444413762700667,0.09419837172325225
0.15099856549812926,0.030042847718332596,0.06406547657319765,0.15887845664477876,0.09048231586871369,0.08501433273130705,0.07194158493435969,0.07667822415859409,0.27189819587258707
0.06172850549094164,0.020200719718639615,0.029074163272583414,0.0854334001203944,0.5188724672708895,0.026486821016941674,0.07636986153900478,0.10093513523392968,0.0808989263366753
0.09519152893938822,0.1756024341421513,0.0939314214614317,0.10753587420904244,0.047177305771930016,0.11106766891907187,0.13786294187043213,0.15136208970686693,0.0802687349796854
0.08732765075494724,0.23268534813307196,0.2444324548681277,0.08186939682261517,0.01799411890934783,0.0674719111197263,0.06499863505886377,0.1085334285557259,0.09468705577757408
0.11918288747669296,0.09730896318855849,0.06166690329147027,0.1787202035224498,0.0830645787964559,0.1235006831156183,0.09047383298560845,0.11948197157826897,0.12659997604487674
0.08421982409890778,0.03672484020397093,0.05626331949576935,0.10223256359834892,0.3917972617140915,0.10259154497513885,0.06660955476143615,0.09359546295737291,0.06596562819496363
0.09744534876035625,0.05335597659886126,0.09946330813572253,0.10173626853232463,0.20945507477206318,0.08881308600645893,0.1116357512347456,0.10490028911453846,0.1331948968449292
0.13037310078645614,0.09458094744986063,0.08911980339964158,0.09853808525172436,0.0461295350498368,0.06686130477296608,0.18788098756648594,0.13730553410808258,0.14921070161494582
0.10316993394866096,0.015609080273069236,0.05086465044678259,0.10255117255732094,0.3373116905492996,0.029186093217078143,0.10530498298450562,0.09032106988572293,0.16568132613756004
0.13382629668896387,0.09825103956622928,0.0359516699505974,0.11246362366474223,0.06646144434228078,0.19355118367385385,0.09565308687692868,0.128466750158836,0.1353749050775678
0.10770174095533758,0.027115836266808437,0.07955822201615313,0.1638573929647382,0.13968807296333347,0.12221882534509382,0.0986433349806408,0.12281682048658599,0.13839975402130858
0.14080389957592673,0.07894936364544132,0.16376183296298288,0.18206186213623696,0.027387115645990875,0.0747861915016377,0.08941561538291683,0.1301899676255703,0.11264415152329636
0.12367219326179603,0.07458622196984427,0.16635921417002628,0.1325795205729867,0.06976825553951359,0.0803632239036084,0.10292829710662792,0.12858230493985354,0.12116076853574335
0.13382629668896387,0.09825103956622928,0.0359516699505974,0.11246362366474223,0.06646144434228078,0.19355118367385385,0.09565308687692868,0.128466750158836,0.1353749050775678
0.08775111421944735,0.05091129366546315,0.04575882955617234,0.08365488880536263,0.3028919921201452,0.1722504156008202,0.05846723249467375,0.11891416605529415,0.07940006748262117
0.11720448681494804,0.11996368497756932,0.05822984260791031,0.13355438244159668,0.05556487650247621,0.22360037897703214,0.08220383788795717,0.13407949413628217,0.0755990156542279
0.12209493937956395,0.07395873283613293,0.10172095524293377,0.09762135688233943,0.07753182027566287,0.18200359011788625,0.12667308408844694,0.11248481183131481,0.10591070934571907
0.09664813943572546,0.08654617609443287,0.056220899116639377,0.11287106456054341,0.08428282318059334,0.24248947454425926,0.08154934369762286,0.12954374897965967,0.10984833039052377
0.10615614903781095,0.024549044360119118,0.04382262665078931,0.1166089776030871,0.10716428284591895,0.22035486083173614,0.13714222055594827,0.15341776282460193,0.0907840752899882
0.04513681728508867,0.28596560818507216,0.27275997637242083,0.09273536694654518,0.013412913087595754,0.03374845874604794,0.05871550186055177,0.0626755745651117,0.13484978295156605
0.12587655083265734,0.06567524669201816,0.06442376694516048,0.1286282241320819,0.029920335418742408,0.3249063629770941,0.06446315666034329,0.09918276057145535,0.09692359577044714
0.09838177029245661,0.014568957667777554,0.11863438117453913,0.09115136024093669,0.21499510219074716,0.06223027652893096,0.06804421629630875,0.05994577368408524,0.27204816192421793
0.11603713742615074,0.10569280265717391,0.09891671783865885,0.10279557943692212,0.05032323874822143,0.22802101928578897,0.06026066697963788,0.12504222554322772,0.11291061208421836
0.1479012076803784,0.05199449302772685,0.06098271892413495,0.1037445456359946,0.3135945685213219,0.053261323797060285,0.07431584927833387,0.10567947128758626,0.08852582184746294
0.11533577478110768,0.051467498270096355,0.10685390506840418,0.12872297681263042,0.036240531355236576,0.20413282912995667,0.1581885196369603,0.1192705667119658,0.07978739823364202
0.08982432041673725,0.040653679189852535,0.05228660714368469,0.11429759969394454,0.3634732024490071,0.052923268451852475,0.10630170275432578,0.11582517762210143,0.06441444227849426
0.1002033276352084,0.04432305929898552,0.042880123213926695,0.11500754727126787,0.2022167563667904,0.07681216274429982,0.17989559752442033,0.12544311168044228,0.1132183142646586
0.08447842312734738,0.05534637930894645,0.0575613655454997,0.11001193033449518,0.28195659887105323,0.07173474505085559,0.1299392132325516,0.09206213261184781,0.11690921191740311
0.11749122306913473,0.041534790237292694,0.05128651729816216,0.0954740085407031,0.14523613719053796,0.19883369059432013,0.13976709833642775,0.13084328699430822,0.07953324773911319
0.11921998325162549,0.354347062915849,0.041886517051888,0.09820671740488003,0.03938949520130007,0.04472604784897613,0.059476715390275124,0.12082797503324201,0.1219194859019641
0.12951339793954195,0.09213671410122677,0.12280316978439121,0.13011100558750088,0.11407038030879785,0.08229745818967348,0.11751981118676263,0.127542791713395,0.0840052711887103
0.11940182990910307,0.12039112398341294,0.13196892463841173,0.14933797804915344,0.10655677663483727,0.05090920326992454,0.09288057705115364,0.10979659327805313,0.11875699318595029
0.1803549438413891,0.016188574131755788,0.07391504460450156,0.11735490507773012,0.08231611999604312,0.13444841843338973,0.16121773884047644,0.14020327375527716,0.09400098131943695
0.12045512947556995,0.061722862657147125,0.07020122887458523,0.1265870705121461,0.08987662665404655,0.10557965225622297,0.17137387872631424,0.15811818790578416,0.09608536293818377
0.09721169056500416,0.021996400983739256,0.11581400881100097,0.14218793974617544,0.1900282105985384,0.10483968703159446,0.0997045760185241,0.08086662560549358,0.14735086063992964
0.10887518577975336,0.05374022256516908,0.1294731573683926,0.14069293172458222,0.13719720977566832,0.05929573409126012,0.13501926885335544,0.13944261865335184,0.09626367118846707
0.0949071864414927,0.05305798910513946,0.106326256975732,0.11719751997539067,0.07924696872287694,0.20579417995853175,0.09490732051063538,0.16235400881718717,0.08620856949301392
0.1371592279478453,0.04412086479019852,0.15029619586060403,0.11109195100940435,0.022025205032125964,0.11066270667954302,0.19415941667697845,0.12586719034080956,0.10461724166249081
0.08982122174554213,0.050895456956274544,0.31860750969123447,0.092105499079013,0.02120257259082463,0.12674791523331458,0.07793386490454735,0.11011214512013823,0.11257381467911108
0.108479798637455,0.0379739080706215,0.07320329904254556,0.14678781469246593,0.050593219402459165,0.22428868853760173,0.13650471920133486,0.11763494982738121,0.10453360258813509
0.11663774408669329,0.06688722047490615,0.08443783606311384,0.12950302405218828,0.1012843533572657,0.13445967464916733,0.1473884466912451,0.1274648216445224,0.09193687898089792
0.11464997654924003,0.4922047328888861,0.053030974298428825,0.07048339043113909,0.013039880364352115,0.03581449141418768,0.06356877601198863,0.09000352446242477,0.06720425357935275
0.06489633686828865,0.04846732583275539,0.42042067656937165,0.0826902270861109,0.02922301934132435,0.1231805181730664,0.0505575543295832,0.09362015018992353,0.08694419160957599
0.11681652755143486,0.03512967624441729,0.05364840185941528,0.13566053921442348,0.213927137991219,0.10292759501313159,0.1315754151418445,0.13191902720703888,0.07839567977707519
0.11918221891620086,0.3103282413694294,0.04449414715425868,0.09724253323712902,0.04817645976896425,0.1238933503229232,0.056543326541283655,0.13058046205884452,0.06955926063096642
0.13277440863195758,0.055054839236105636,0.08476503407619802,0.11745315516774883,0.03487692067604878,0.19373169690037348,0.18210645525762045,0.13336186646426532,0.06587562358968178
0.10072758292928548,0.034546699786009376,0.04153250108637827,0.12945103902229058,0.17177453624962888,0.2893657684052671,0.08781617639572296,0.07261628014181477,0.07216941598360255
0.15572291624144174,0.3113437873383071,0.09960063758068438,0.10309644053216858,0.03312845007207462,0.04679922686257639,0.07143185424953251,0.10257483689322609,0.07630185022998859
0.10371997962100565,0.03713336060760692,0.04613931393089555,0.12439001557187941,0.05669579013439333,0.25969469163879794,0.16825135553052686,0.0880886029524655,0.1158868900124288
0.11250486848064573,0.0412985807332814,0.1276756212649231,0.1022740527379107,0.1052664889080544,0.22851216368180313,0.07258279850442552,0.10716979351436558,0.10271563217459045
0.08801395893560147,0.08410451886204488,0.05330836158998936,0.09478114126577819,0.35750762709112244,0.06998547123197953,0.0790139110243719,0.08629078566902314,0.08699422433008908
0.0825060165902295,0.02144798056449417,0.14843664639671034,0.15329242779531776,0.04608856150738374,0.144659895764635,0.10787770034594164,0.07496301247430381,0.22072775856098403
0.13486038992733884,0.11094705508604195,0.081096263746445,0.12274645227752286,0.07581872173305032,0.12656487177019213,0.09806858876652262,0.1570481364880619,0.09284952020482441
0.09310733243557702,0.025590921708418812,0.03530230616426484,0.10045465209809945,0.19966118278409428,0.24238608128509698,0.10785527168453411,0.14240028852271555,0.05324196331719893
0.17004215470637685,0.05600577052388942,0.10510799384080159,0.14448247889097057,0.06428638423569154,0.05297279235344895,0.1748191846040079,0.10298688317178162,0.12929635767303163
0.1325328232682108,0.24794905303137785,0.04237421342237646,0.12576515050062073,0.06266295405654602,0.09857975974909765,0.07784099576398497,0.1219308309150852,0.09036421929270033
0.13728248852825173,0.06348300514102052,0.19153118404321798,0.11319429742815297,0.03807473062117441,0.1280717998110309,0.10800638165776745,0.13231426796528292,0.0880418448041011
0.05697606646821305,0.4530360549075507,0.020185699707174733,0.07557948116713413,0.0206582623291441,0.15639637429138145,0.04179751338857756,0.09206639767302575,0.08330415006779855
0.11496357351423007,0.0647589525768663,0.052858415114325326,0.09530570871349574,0.04499609194612433,0.31700375968720135,0.08541414610173596,0.12444225544587899,0.10025709690014195
0.0727320176018798,0.034304108458299495,0.0640916485986611,0.10268773020142917,0.048939943055098224,0.2971272527485462,0.20282693748799951,0.11238124403376748,0.06490911781431902
0.08041694189422814,0.05271089525613381,0.052838410412083925,0.10631392839740306,0.32346625798933554,0.06975172900303367,0.08242643707439433,0.12296480718700582,0.10911059278638169
0.09998997676653576,0.15301892805723058,0.20994606614328506,0.10632830808432155,0.03227087435085105,0.10845095921383607,0.06277129750664925,0.13361034631376564,0.09361324356352507
0.10338982201863123,0.04315332469891556,0.12855074467177946,0.12509972715068052,0.07577051130380034,0.11858830265048337,0.14647434860974493,0.17703797382265465,0.08193524507330989
0.08471217123366952,0.04623412487119851,0.3069368236732885,0.10979085058718378,0.026428667305699486,0.1147331750229094,0.08954432557830518,0.14252483508375954,0.0790950266439862
0.12949262134095207,0.1175049473891418,0.07311085447843214,0.11995312955901893,0.08867989466489345,0.11695962195180419,0.0955657265018508,0.13802746515894174,0.12070573895496493
0.051439339767976565,0.022522448536114865,0.08010440150542944,0.09560327791653045,0.053921573226376494,0.32595184474590555,0.17421675891535418,0.09041343134948908,0.10582692403682341
0.14215363293057318,0.044226015088698924,0.12056082450224981,0.15459585845674034,0.14426115933334696,0.0981705008217927,0.09258956514446232,0.09451387502185782,0.10892856870027785
0.12760744970002483,0.04261917027247855,0.10290143982440991,0.12360158819037785,0.061432751169143186,0.14836440610054902,0.08512582667645495,0.12119932513367095,0.1871480429328907
0.050173876962935654,0.4104374118562351,0.18620279503965667,0.06551350830181764,0.012138464093799374,0.04754606511649126,0.02824913965793165,0.08779442071924047,0.11194431825189216
0.16134220174941097,0.019870512486202835,0.059822098084019136,0.09368721478571403,0.3361997244907109,0.03668398104418374,0.0609995551285314,0.08406366402270006,0.1473310482085269
0.1095222352934535,0.03698254529061934,0.0805857439156837,0.1363250242684026,0.15086170608744984,0.07149103756402467,0.17230321312073368,0.12736548530878816,0.1145630091508445
0.1382489334830969,0.03564193641596854,0.09512510851223954,0.11581160387244242,0.1233071581530023,0.16825911264372628,0.1184858863417455,0.13706534516291688,0.06805491541486165
0.13735305838974451,0.07657961853224189,0.07711503767836271,0.12874269999772647,0.08805522099292946,0.17724941971656105,0.09031579284606828,0.13564401772471765,0.08894513412164796
0.0980773941586892,0.08462680002622312,0.08187031237922747,0.13280296998834917,0.0963691611508553,0.14593979066548562,0.12140726980991727,0.11485546850172028,0.12405083331953275
0.2269784907927125,0.03803048968285052,0.0856228144581666,0.14790931785117817,0.05623241785547411,0.09846723359794145,0.10993287996675301,0.10328692134610834,0.1335394344488153
0.1120792653938341,0.10124169200376598,0.06825800722776218,0.1276030261524749,0.11045686030612044,0.11381692383489644,0.10095425543969937,0.14866930821804655,0.11692066142340006
0.16804751119880054,0.05102735857667146,0.04706780310924429,0.10660835023155309,0.14332179032577919,0.10194709482190255,0.12686639481654763,0.1363028931576141,0.11881080376188713
0.1159343657497584,0.08480456572831081,0.0318461593222557,0.15139856859255355,0.09160954728292303,0.18808531901182543,0.070461684668501,0.15428977098849753,0.11157001865537453
0.1402563247120526,0.06302494115724767,0.07940925585162406,0.12608278575752283,0.07824427146183764,0.12902564543679065,0.13971525306370797,0.15860785915193965,0.08563366340727684
0.12222071084575918,0.030027817682626093,0.09162714870076032,0.1324527725057426,0.2397798007331812,0.06360194734211541,0.07592106447916247,0.11461471872008631,0.12975401899056635
0.11125125420854147,0.05065693504166471,0.08079454282468747,0.12823641737557492,0.12354916359747746,0.1681740312304499,0.1094623790836567,0.14500037552349498,0.08287490111445243
0.10513138212072388,0.05067552003206658,0.04140982700166858,0.1212869257725312,0.14096797064966357,0.2293234373794549,0.07840936312349071,0.12680858688153043,0.1059869870388702
0.07412451444076486,0.01114362015296246,0.11968129137691287,0.10991595331447983,0.06432551386411305,0.22969671512745451,0.0950339812484909,0.07009081793431308,0.22598759254050846
0.1396996923660734,0.034333926337117925,0.07940575022088184,0.14155166569658695,0.05695183546921031,0.16887073124992558,0.11067065009974442,0.11535895766505695,0.1531567908954026
0.12046453876266135,0.047260150431596704,0.1241844430174492,0.13600766540130005,0.1521910080764062,0.07480336497627532,0.09857753639936347,0.1088177138396788,0.13769357909526891
0.08247262570738068,0.04052665100889372,0.21867832583738941,0.09216407629455936,0.051665618229537136,0.20860502856425467,0.09252943622101167,0.1064098653319945,0.10694837280497883
0.1140265643984205,0.035874687958677286,0.09538822598430786,0.1079732502623061,0.15824216129820104,0.0927625921415177,0.12841998203113997,0.12446868547865804,0.14284385044677148
0.08173507712389101,0.0322436013473943,0.047531250696131795,0.11412718763356106,0.1500371719531071,0.2832998373166507,0.057131567388821636,0.10816361378385882,0.12573069275658344
0.11967555604774836,0.04120114188957446,0.055763113850025636,0.13352993444143854,0.11336410790119777,0.23118664024876664,0.09757772459113838,0.11588150152905867,0.09182027950105158
0.14777581929034186,0.01935738113854592,0.05200726282580584,0.16338798907416796,0.10470077199018957,0.17970534144364672,0.08443814491855524,0.08980554136883723,0.15882174794990966
0.07153479450701827,0.025390487515590084,0.04553599006381894,0.10026492091713886,0.40242211905784525,0.07295459214886578,0.08310897268866056,0.09896138465851201,0.09982673844255031
0.1003917503608287,0.03953008880091574,0.06244721436793863,0.11536242461053255,0.29781264346684955,0.08219125406466699,0.08319501279715143,0.12385555542442887,0.09521405610668754
0.08303447217078465,0.04242309803732297,0.04105120214286532,0.10732802645316293,0.18746950481216898,0.25336545392981863,0.08422465572865673,0.12803568375785945,0.07306790296736039
0.13758527526890785,0.09372679498732701,0.141513884587852,0.10768645621108804,0.06451468819296731,0.11956662774365356,0.1123755545161239,0.14581007510117386,0.07722064339090644
0.11957457668750605,0.030169411413816776,0.049002735431641194,0.09990644923341753,0.2672077466042965,0.11897714177097429,0.1194043631022169,0.11349895879485568,0.08225861696127502
0.11564501830735596,0.06617790042896295,0.06796937508424776,0.12101109511809001,0.15793884099915886,0.14237067984411683,0.09479009086330659,0.132114394546779,0.10198260480798198
0.10977458519621108,0.027611865441586253,0.0986623896271489,0.11507733150138748,0.09518356370784535,0.19958369913423593,0.1260794469370957,0.09354895827670966,0.13447816017777967
0.09444556632431488,0.017988783052539505,0.06367479843462144,0.12247040478881759,0.014437902020074873,0.3333572407932584,0.11236391554154213,0.08732010198588848,0.15394128705894272
0.12374699691458017,0.10850316558436322,0.0824878630213773,0.1323414719125651,0.1528929967992682,0.055950769490474554,0.11002601451328521,0.1395897399773338,0.09446098178675243
0.12949262134095207,0.1175049473891418,0.07311085447843214,0.11995312955901893,0.08867989466489345,0.11695962195180419,0.0955657265018508,0.13802746515894174,0.12070573895496493
0.18827347804330485,0.015698096771781835,0.07645006658367624,0.1586743879035212,0.1639255795026014,0.06658427747285973,0.06892818862054104,0.10208061661051109,0.1593853084912026
0.09713492919156547,0.018709276445668454,0.11516346063433425,0.09602389886046563,0.06787715616756786,0.2197771677952903,0.09683844267007242,0.07122909817172497,0.2172465700633106
0.1559175595479156,0.041357884960834944,0.06505054942084448,0.17979060877608663,0.050873612276702194,0.08809600507069465,0.14977907907284446,0.1427505636677241,0.126384137206353
0.13916158501401993,0.018967314837902937,0.07641477277424169,0.1910643691645787,0.03283784937340809,0.21311338110081837,0.07769817473660724,0.08701831855869024,0.16372423443973275
0.12217211740797074,0.12724512655791279,0.05710964408218633,0.1252392059685805,0.06592915213225542,0.10646540799712005,0.14010865228712774,0.116121214832716,0.13960947873413046
0.16004410041373987,0.03994016102082772,0.09275503675908726,0.19127764523937504,0.0324186683256888,0.15144884535842837,0.08462225146869279,0.08821438720872044,0.1592789042054397
0.19210179842671915,0.03559900626990219,0.09884064261176993,0.11873237016981548,0.08012868538106131,0.11346321102710043,0.13874623971964054,0.12432451257270993,0.09806353382128102
0.15694988832161272,0.05224833289814629,0.0611697565639164,0.14037145626231018,0.08600142788885261,0.11803739465341241,0.1319175832024689,0.14514986856339285,0.1081542916458877
0.06016940301885606,0.15966279207982934,0.4081491966575934,0.06172546390197816,0.017422844425759476,0.06465269456359596,0.03797203465642706,0.08122562985323363,0.10901994084272693
0.07151294427560916,0.26849274831651465,0.2919954618340575,0.06225660635454392,0.01922490933359441,0.05591340384067206,0.045994094999359116,0.07227385947580778,0.11233597156984147
0.10384463487547375,0.12812233572393208,0.08406325176763253,0.10756937230264829,0.06726530867969607,0.16335732574188125,0.10635310964787527,0.12908091779644973,0.11034374346441095
0.11338062157760022,0.048032101250191896,0.06189063724824695,0.19351543142424862,0.11249707017493565,0.12356308627064734,0.10220169221870164,0.13142754738156456,0.11349181245386308
0.11749122306913473,0.041534790237292694,0.05128651729816216,0.0954740085407031,0.14523613719053796,0.19883369059432013,0.13976709833642775,0.13084328699430822,0.07953324773911319
0.11303012676624741,0.044130809678372886,0.11068198877376774,0.11389372124685437,0.17233726592572773,0.08391750893224208,0.11805628048928524,0.08068298542113185,0.16326931276637077
0.09349461080036119,0.21598799199378518,0.05491392498473582,0.10164893050083523,0.21013584017438344,0.06338213300049884,0.06121858858778081,0.11737744511892288,0.08184053483869663
0.09875497291466277,0.0979132512063159,0.057288706790892846,0.08462414397719907,0.08610697863677445,0.30598735177913405,0.05644329577984227,0.1153785727949772,0.09750272612020154
0.11149557068792045,0.038966562320427126,0.0488985949891575,0.09248069279564868,0.3079000406374152,0.10145562641930939,0.08394513972067508,0.0935152982424974,0.12134247418694917
0.11232795291199844,0.037474895568278016,0.05882860441359617,0.12442921386717741,0.12978135252374545,0.24966865636269717,0.08651155694423925,0.10235525628413773,0.09862251112413035
0.13424739178118225,0.032716676837080814,0.11048547504718305,0.10699936401665806,0.1323833547890004,0.11442775348231225,0.09098338663470196,0.09622143485291919,0.18153516255896204
0.0944314963397666,0.05092638918504855,0.041358177901137265,0.12612679683553701,0.36914660920250314,0.06891180269836371,0.0819119574725261,0.10774606959251788,0.059440700772599726
0.1770920959607619,0.12043712595814693,0.05527245367041806,0.11678072293465096,0.053133721077415284,0.09873640065477418,0.11380408305390104,0.16348062937949645,0.10126276731043528
0.14190719936683602,0.023339262199100697,0.10833788625209628,0.11355262019859642,0.10901715938889157,0.11033195175329563,0.11445424982680896,0.0775096024225863,0.20155006859178812
0.078092696293545,0.23715693282309433,0.12543061951787146,0.09547079245641761,0.19270993264891234,0.0198929204150461,0.05234660299797909,0.09376765657022873,0.10513184627690537
0.14964794582968508,0.05153157085098745,0.052212435452458676,0.11652731836239927,0.16090581788996058,0.073706507460143,0.18952707409157352,0.11332534410594154,0.09261598595685094
0.12063602545940529,0.02982972872753455,0.05703512258636845,0.11298258783825399,0.0498515551369543,0.21038342623977746,0.139284141394378,0.08867344024283484,0.19132397237449314
0.12643584333696364,0.14139122256030423,0.12740705233511332,0.11924405541319928,0.027788576278267713,0.15246776758045064,0.06153552485440426,0.16422187070725333,0.07950808693404354
0.17148141238374848,0.10054614177291536,0.05255938038566437,0.1498799000902706,0.05980414846616148,0.11392428557061922,0.13232045618862476,0.11757010546830617,0.10191416967368953
0.1544277913012068,0.022156985329319163,0.028093654072786342,0.07254987389748671,0.31172860636257194,0.10505557822072098,0.1236804609137802,0.0867616260523864,0.09554542384974145
0.10116396469470783,0.03174400850493019,0.0439161874093529,0.1260025780198163,0.12750280862662064,0.28726734096208156,0.07792954989600191,0.09928013515186623,0.10519342673462245
0.13432096899845652,0.04460571526464058,0.05722209747908233,0.1002801556362372,0.15318784248248526,0.18786466462455564,0.11569658051143285,0.11859431090423396,0.08822766409887565
0.04382711246473142,0.3142394722074483,0.2814176720185144,0.06557383891825826,0.011346427982758986,0.06533991708667429,0.03685517710510829,0.07143440036870315,0.10996598184780287
0.0722574859528145,0.0344616034078584,0.06500533553024468,0.10606732517709418,0.32799954371541556,0.09472013219866611,0.09600237449102,0.11368767787911326,0.08979852164777323
0.12037780197148597,0.03691168035749602,0.09494373321881093,0.12699315271121323,0.07036296739106582,0.2277863038593476,0.10130404862601088,0.1272947865092567,0.09402552535531294
0.23682925325290904,0.02001051310410675,0.057838050591944364,0.13469175361478714,0.1580202321541135,0.08580215199460879,0.08746585080658137,0.11145397653955835,0.10788821794139068
0.07337781143450683,0.23857044351239043,0.2904729161511559,0.07344466280552918,0.021786287454070945,0.07115794711451776,0.04182283416751357,0.11431155039543213,0.0750555469648833
0.09545705386230335,0.044921052744907354,0.10972653461585276,0.10895507310594636,0.06318195283564342,0.21537632177279428,0.14507256859716328,0.13973205936988717,0.07757738309550204
0.13532774563189978,0.11635086280320213,0.07536972348417033,0.1319604983750831,0.07584254614084016,0.11941220188336993,0.09020993864001932,0.15009156959488437,0.10543491344653096
0.15888620033865125,0.03343948726797513,0.06082502355869953,0.12005365848874971,0.11076738162725337,0.11570596755434348,0.12646333337590884,0.1542516551555201,0.11960729263289854
0.19279302342181734,0.03291553179781673,0.06309553293860164,0.13056159350134253,0.04168656850592988,0.18631953519760147,0.13858435672996647,0.10413798598643546,0.1099058719204885
0.10110451246629122,0.12837775886939265,0.0555241055325102,0.10234813898136197,0.13220028124381974,0.10739941734883969,0.11097643804138428,0.14612401109567927,0.11594533642072095
0.110006837269409,0.0416100504772404,0.06155539200474908,0.11212788735293311,0.2521360121175525,0.10921746287914663,0.0877380636704032,0.11748225787533317,0.10812603635323288
0.11459423327438406,0.06395938725417165,0.038407955833984576,0.10251261357982296,0.1658292881179223,0.2556669609929258,0.06013659082683226,0.10687635831312997,0.09201661180682645
0.1201546064151892,0.01861301467443296,0.04683299693330609,0.14492000747177233,0.06303413278003159,0.30971913354019437,0.12015096696305576,0.08417613826641542,0.09239900295560223
0.09997416784048785,0.13877518679724568,0.09959425076021361,0.13422695658806064,0.08821838325942706,0.08690428875952678,0.1173083140875036,0.1311704120996867,0.1038280398078481
0.06861716368930325,0.05069021801540924,0.3449820396742072,0.08400076256822246,0.024535284549893833,0.13479809947335056,0.08378800899844353,0.08810224079545521,0.12048618223571465
0.1524096886340439,0.07506960932446963,0.045875894665176824,0.11248146830473056,0.07205854890323893,0.20685127912974008,0.1392093858947747,0.11083069700053765,0.0852134281432878
0.062173995741282496,0.3594924195824607,0.1741845684846396,0.05692238799210301,0.01482384193724251,0.07964754745064122,0.039396070062014184,0.06369819846086078,0.14966097028875575
