0.0815505976188922,0.07561180249529825,0.07017937406274581,0.14934327079322737,0.01463366127322137,0.1757152673777275,0.20926450156356516,0.12912191736281822,0.09457960745250406
0.1576717288810907,0.012676349790293797,0.11162782586058528,0.14838707903373632,0.09736146515354277,0.12090196596685125,0.0833947641927374,0.1942348279568087,0.07374399316435383
0.1609577188414251,0.026171204733916348,0.028119900426601552,0.08394891916101192,0.18824446039879816,0.10470432269439935,0.07206888051219022,0.04947408188662272,0.28631051134503466
0.14219239089629632,0.031617811725777344,0.05471841796229959,0.09885085648721127,0.177188387617211,0.22122262823607083,0.05983874133586355,0.09722029429805079,0.11715047144121928
0.2749798272568554,0.020087016026797175,0.04178581122240335,0.312307717479214,0.045557290316184905,0.06566092869445338,0.09396546923285552,0.0489291860441211,0.0967267537271153
0.06630421474527061,0.1592597133447481,0.09223504194714575,0.07856693758027063,0.016660863643343224,0.20177915039666006,0.29942085344504593,0.05799272199960861,0.027780502897907098
0.11186553172672409,0.11835557900952433,0.02681271804008704,0.08125809048394755,0.055891169073593296,0.1302400407134456,0.3528201779843821,0.04371987072843689,0.0790368222398591
0.1403701831430835,0.037143435543914714,0.051613164226072934,0.10058696526343158,0.2445307168900205,0.09718950925146676,0.16467305912130067,0.11650964807647697,0.04738331848423227
0.04782395304247661,0.020383375873304615,0.024337400444000113,0.22174095722538065,0.07457273498798844,0.07906373625907488,0.1260298695445862,0.1704986769034583,0.23554929571973024
0.05835105976141083,0.024334803087233556,0.034849055514202094,0.2206306146255527,0.01751786954572594,0.0753550825988813,0.03761656364767101,0.19030694204122742,0.3410380091780952
0.2309632159810532,0.08498619900943344,0.04209123923730785,0.09239233678192378,0.044789435104438696,0.07554307935221279,0.15704675834790605,0.06966252635043763,0.20252520983528652
0.07547998111843596,0.10463085207406148,0.08467314781978548,0.10223140001291554,0.12124397375890199,0.17016017570603115,0.25015945692403513,0.06326892926356147,0.02815208332227177
0.09831181932533167,0.026108831357188136,0.023462319010438715,0.0970502000007067,0.12990974751318077,0.07501293613317789,0.2122204644854492,0.08499844089956032,0.2529252412749666
0.06722343597275228,0.022681648524634734,0.030047436031614087,0.09264797216839815,0.28555295705495637,0.10251257533740614,0.2444730814466113,0.08097419560892434,0.07388669785470255
0.10154314277124422,0.0215462147697755,0.024001580852575744,0.0673796599946428,0.3293271973914921,0.10400550636260847,0.012549719802818335,0.2433804401732933,0.09626653788154958
0.06744883280570554,0.10034359116953824,0.05518887404514349,0.04115080785038604,0.005357280344076108,0.16255886379236054,0.45970660342040653,0.05365723849561369,0.05458790807676978
0.040719408991416295,0.3061192323577415,0.16166474394970126,0.07405359722019507,0.012661239524828755,0.12245823533988638,0.21994360607072094,0.04604938278482331,0.01633055376068645
0.15576272746792677,0.10044800553388167,0.03942642697665339,0.031856419123553574,0.0039438134859854646,0.1841719963810086,0.3608228478072015,0.08077100889783097,0.04279675432595804
0.16336339956423754,0.036327138210118265,0.02179312499891431,0.09200633186422817,0.017929657857962855,0.09415835042832177,0.009924743433911188,0.42549934086158975,0.13899791278071613
0.10301685999149535,0.04917207875321841,0.02720155240606698,0.08842366456538868,0.2400019481745663,0.11206180524936073,0.1569269870123753,0.11306864673703321,0.110126457110495
0.05635678669117459,0.12058653443437761,0.23888018356498866,0.13701934581299743,0.007410352047548055,0.11973995194879196,0.12550218435584073,0.11289504371555277,0.08160961742872824
0.05565142946888887,0.1310056775602351,0.03938477545826906,0.07027908660714369,0.03114166155742733,0.09889906148485912,0.42592871347220024,0.04467709366208653,0.10303250072889009
0.1545215973591583,0.02650266698731807,0.05838427456942776,0.25984351184348586,0.09250561990980855,0.048693252429909024,0.12669638352117898,0.06499616308590597,0.16785653029380754
0.05643270460467468,0.019513975599726435,0.03895404528352648,0.18124179259672532,0.054913924630009346,0.12733010124919383,0.2731793104198218,0.22696624351583913,0.021467902100483077
0.11017716044917751,0.04802927926683204,0.08208023227058124,0.08575573090141243,0.03366015871335407,0.20148258945962758,0.25390514990280916,0.12975066904543905,0.05515902999076697
0.05667479907658693,0.053593612970251225,0.0643576028590503,0.22587767071251177,0.08473946125009442,0.09765739685282238,0.10664272211122271,0.20536659354578193,0.10509014062167832
0.12286909712705067,0.0996028172456086,0.06443474791539865,0.06691506957951313,0.061902319489586945,0.2527791807318412,0.2118558092908742,0.05559505127036757,0.06404590734975919
0.06640821376183303,0.2548582773182492,0.4984269974184113,0.039501261885363036,0.018507784967277393,0.049041432118744864,0.014898245283921455,0.03206427145282569,0.02629351579337395
0.13412042308833813,0.06743917297298438,0.03984988989367886,0.04081043498988542,0.2259344151620001,0.06774176049452472,0.252116450310777,0.12526306973966683,0.046724383348144556
0.17360869893842842,0.1107544791865561,0.19724274298056566,0.038586079151756596,0.09926434490782288,0.1751883333764895,0.14112870631354962,0.030384464054797163,0.033842151090034106
0.08211420150702499,0.03494984159791397,0.05745522268078912,0.04347172905068688,0.03256096283594674,0.11895068032977014,0.2620438820089442,0.2759124984468043,0.09254098154211954
0.13577166663126425,0.03340722309051974,0.05867943340599289,0.09248309082235877,0.18363298042321988,0.13886952300691072,0.06904048985386096,0.07009403371528983,0.21802155905058293
0.04418814545443383,0.203018996209854,0.5104068395457376,0.020766960906345413,0.04585881393520755,0.06995024440464678,0.06804568895195924,0.021750643825675584,0.016013666766139995
0.18547741847951307,0.10008731369390629,0.037079041091805674,0.20565191268172392,0.020148518417643986,0.08732065533293693,0.21580829541880872,0.09822705141029468,0.0501997934733667
0.06325808381822712,0.030943183871611237,0.07237493534945957,0.12281377205729078,0.039734826637289465,0.1760830527335656,0.1279422419075154,0.26920046187167773,0.097649441753363
0.07416116295138178,0.03799446998787504,0.07869322824730911,0.14909580067961015,0.024877303585325455,0.1292604867781791,0.30615251460323434,0.031520154350486725,0.1682448788165983
0.13062887495993125,0.06831004900960498,0.0845834339749854,0.3349601277801905,0.10366231586456383,0.12002741651483846,0.013020604851519547,0.049380509260912274,0.09542666778345373
0.13293063593299964,0.03452568028344234,0.03705844059971077,0.10535418299322752,0.22160865989946102,0.15660387767494297,0.16533052576303883,0.09858771416778554,0.048000282685391395
0.10995356541380191,0.0232384376121669,0.04314645587259721,0.05421562896143737,0.13426024505496215,0.06029590719406594,0.011806648400751693,0.3005190410707517,0.2625640704194651
0.12578414612845198,0.09340857550463429,0.07424100335908305,0.08131494066340815,0.0203514529380654,0.1337542132362829,0.310277993172255,0.0857931347669136,0.07507454023090568
0.16613682585502043,0.037325981811936776,0.06824625197413335,0.3781931343824127,0.006643211152313512,0.07044066015917481,0.10679265694924567,0.07504489495547474,0.09117638276028805
0.047927984109090604,0.05802356928042803,0.09257644372935474,0.04431419366546383,0.01411478667550056,0.15245158169528214,0.5291252661633951,0.028312505583170056,0.033153669098315096
0.09251800366325898,0.025205531533989144,0.07823137294906528,0.1049528062610063,0.08957901763095805,0.19229171708225054,0.295210867357882,0.07255967227002587,0.049451011251563926
0.19191720941604665,0.1013060355196574,0.03896825619470331,0.034422962421880136,0.006265802652691069,0.08489922012204355,0.2980283091626548,0.2162208600435174,0.027971344466805558
0.04330749714842319,0.0779833444042977,0.058730567516816955,0.12063023548081075,0.027152142025141907,0.23425060802835895,0.2522461909644898,0.13553302981115992,0.050166384620500826
0.11401343092948442,0.039588395505764325,0.04880556720934215,0.114581370867136,0.1582177455133883,0.13456788357140312,0.2838875956078366,0.05037124218101185,0.05596676861463321
0.13722725199172023,0.04221872295289955,0.0547502766021282,0.11713532560239621,0.3522479532951366,0.11358538196673329,0.06305081661992272,0.07542290650532239,0.04436136446374079
0.048398789802371944,0.1889987238016794,0.03770673577086205,0.08786718018918786,0.03639547719417413,0.1311752499866422,0.21971346205776243,0.1902701648027215,0.05947421639459844
0.0640686332056904,0.05116985577962091,0.03394458216067118,0.09830181352979434,0.02102542512529575,0.05218436577437404,0.33154478402110027,0.3008676569919495,0.046892883411503584
0.07034010896750692,0.02872673586936621,0.03453177685414138,0.11520618798231184,0.07951869071476125,0.15896738863561344,0.07237171286655401,0.062057075258657245,0.37828032285108765
0.06362972115267464,0.044874482769455444,0.03722632737063594,0.08511339491933818,0.002310582727621574,0.2630735209358896,0.1920351668141509,0.2558150867304425,0.055921716579791225
0.2105828858994788,0.050700637420748006,0.03405183620896744,0.24376423423530982,0.09640681518612759,0.05907984481360259,0.04657855511507453,0.15634104269272125,0.10249414842797004
0.0905824905275292,0.3578532267750214,0.12159127511620726,0.07920371982471304,0.005859738559192782,0.04441158329321532,0.20534998174183247,0.014564088380246221,0.08058389578204228
0.0688419039345609,0.05427603858326985,0.09840181282521815,0.08520813868000433,0.016267918898412347,0.14675877179227667,0.4153461128091532,0.09986348201098871,0.015035820466115823
0.05494049315515628,0.42279331715120033,0.20762531076195467,0.05165541984824165,0.011641532192127565,0.11375762284122669,0.0920074718624726,0.03128450973545436,0.014294322452165954
0.047922432294374484,0.05855914128528794,0.06720957518085605,0.12901169700776172,0.2497419326435768,0.1508852973433711,0.14678597667935833,0.05661415329390529,0.09326979427150818
0.05714632708577452,0.4876183114048745,0.1766492113454908,0.023337271909996887,0.02033393155406416,0.09482233380468952,0.025724288761857016,0.08879023558072889,0.025578088552523828
0.11957323647716007,0.16537204057699978,0.10737216040152926,0.050157065144651757,0.08327071089597698,0.1730265219758246,0.02618761115261996,0.14007001452827597,0.13497063884696153
0.03872612161477421,0.04120260181597377,0.0320858716423837,0.05788356127574415,0.10290998940884888,0.05033942283469783,0.49394896719512954,0.15799861623187622,0.024904847980571774
0.08620068410952898,0.017593595079330587,0.02879323274989583,0.13698763220159368,0.21688988194506756,0.07094434315220906,0.07045940878696964,0.16591420990644745,0.20621701206895715
0.16499982957243334,0.043715272670911715,0.0629255296183352,0.07601507510692922,0.04253781592694458,0.1157945717679907,0.33814058739821934,0.11877606315555127,0.03709525478268459
0.07065733768399145,0.06001088147400282,0.04820607271564312,0.11474288581873944,0.02130992927835179,0.12219374092447798,0.32190456387098554,0.1760194461403565,0.06495514209345128
0.18632367250220372,0.01069942995852497,0.06172589198637788,0.08953685343450458,0.4437818146163363,0.0527552236634229,0.02203570912168608,0.030561523497041193,0.1025798812199024
0.16740691405972438,0.015797219296560947,0.0417895144402882,0.1700798567780104,0.28123725233856334,0.053251470327872495,0.010304450745187538,0.21766201787048878,0.04247130414330394
0.05027644656712472,0.06843572676248219,0.056910075580196035,0.1258684201359339,0.06898353132550267,0.23536848184786244,0.03684179991123928,0.27947960792331705,0.0778359099463417
0.10073294637241065,0.037840298649199876,0.06089572312394372,0.23424399663497478,0.19695645928852937,0.061476744478506574,0.014135544560131552,0.21047803348108338,0.0832402534112202
0.13624795940891163,0.09643318058378897,0.04328507900623063,0.15314974781889193,0.17314938226380386,0.15052747287532123,0.09417672226112161,0.05727391789820318,0.09575653788372689
0.09805913815582629,0.41117795388553163,0.18662422744866244,0.01622602987607601,0.014024633049702877,0.09643296166430093,0.11503504056781473,0.028083211404472157,0.034336803947612946
0.14513841885861622,0.06270648167472409,0.03311204858453387,0.14760658534093643,0.0689757345613186,0.0671840450898981,0.08769938001543842,0.31161446997398445,0.07596283590054975
0.07540570119703847,0.018541754444242695,0.01982086025779428,0.10295085295823479,0.016035602892788103,0.10096413719417575,0.5491535125079231,0.015497887243326647,0.10162969130447613
0.06061747957734546,0.1879549475935949,0.42755728722508995,0.09592724430715477,0.01104032953529945,0.052745557129456354,0.06873223060016881,0.036131036150060074,0.05929388788183029
0.11041917560006294,0.10832697254492137,0.042557145428813344,0.12553981620639107,0.19554796051003057,0.1808151323675974,0.06778824489002311,0.03534886228077166,0.13365669017138865
0.04051870170350869,0.047173734447265636,0.02857478541860276,0.09025428345621782,0.37220874796346287,0.12473999039930177,0.01760625437728659,0.15208964618127388,0.12683385605307998
0.066272909586551,0.15679922279864245,0.539422015534062,0.038053666774380636,0.016317974907986355,0.05275151319905641,0.07858361882654463,0.024071413846398163,0.0277276645263784
0.14631270626731585,0.15284860682669063,0.055064655702717756,0.04269116855557049,0.010410370474900845,0.09046968930735794,0.30780380265693946,0.1467826352920039,0.04761636491650309
0.07444911256556032,0.042854863059322436,0.03529000255295053,0.06107036216339018,0.00556537188183709,0.1439115481392448,0.123622118451629,0.22868128129728627,0.28455533988877935
0.17894564090305512,0.01789559877775244,0.07284032412619852,0.08590756967451642,0.2424852311679193,0.0877863434359279,0.06188972053178191,0.08281902427507498,0.16943054710777336
0.052952955246095855,0.08511226472791779,0.05437136356710052,0.06069933944375397,0.22144567437588658,0.06202535685051369,0.30793798957316526,0.09293464643059819,0.06252040978496816
0.12131719812578513,0.060110338824756644,0.05139065475677187,0.19061209560438486,0.16598163692951476,0.05792805018649224,0.1141769628207862,0.10750627095420939,0.13097679179729896
0.0428760989204661,0.01040291450636009,0.03118731327974082,0.4200476288411877,0.009902886695518547,0.03755965193658813,0.11024343307814317,0.17329905027668477,0.16448102246531063
0.08905194051207217,0.011762450529161647,0.04610437662871409,0.25206773121621245,0.015064716535902913,0.07794568047838914,0.07375024023744703,0.10720647109836501,0.3270463927637356
0.017733667453924743,0.11545535384546222,0.030849858177087495,0.19625575711347662,0.020252077364410755,0.056519443021097904,0.48249292212532247,0.029773682789842337,0.050667238109375366
0.25647349568006844,0.03956653978146849,0.048196984539003784,0.09667556822238445,0.09557515482731105,0.04588365056312139,0.16625405609262786,0.19416262495723058,0.05721192533678404
0.21100724154761488,0.026878960999731808,0.05193466689600488,0.06266467809743331,0.21858980460151214,0.06783869989113749,0.07072264571912165,0.14611157083555537,0.1442517314118884
0.05295565155756674,0.04112882869988937,0.03668299456152562,0.17255842673285712,0.13474387788920092,0.21136187114925123,0.22279651819736235,0.07091672529378368,0.05685510591856289
0.18268272751225714,0.03944844653390133,0.031756464387404974,0.09985539946682497,0.1780449209171117,0.10072706119670849,0.0549467089054548,0.253503874408813,0.0590343966715236
0.058753815627575035,0.2186729973764784,0.44467583411968764,0.061345001674955525,0.025673049768614408,0.05973895444050043,0.04804276169959271,0.055415147701455815,0.027682437591140113
0.06675586846260181,0.022470112780966986,0.04568891808174091,0.07354621193953044,0.013639535488302691,0.1277336369480144,0.39433118289945845,0.11782008971799111,0.1380144436813932
0.05295565155756674,0.04112882869988937,0.03668299456152562,0.17255842673285712,0.13474387788920092,0.21136187114925123,0.22279651819736235,0.07091672529378368,0.05685510591856289
0.25147707121885077,0.022796207833062906,0.047680938786875904,0.15581659029579809,0.057255609454136804,0.14168747789908231,0.05912544512839371,0.17723944304479103,0.0869212163390084
0.07576224355925461,0.0569747039162992,0.04410741790023171,0.1275561582561429,0.016905086018732845,0.11057515494899783,0.36865846820348996,0.09881971630806408,0.1006410508887869
0.17925944041225364,0.04268440128672522,0.07082240532081044,0.21544838663305058,0.027390611145828202,0.0983027102249382,0.18168032956982613,0.12249364173357576,0.06191807367299181
0.07178287792496152,0.015122649814084973,0.03235812380596869,0.2422925363706717,0.18312421917749167,0.09316652848507347,0.059759174548445204,0.12873783023516194,0.1736560596381407
0.11341989123800117,0.13151420672270095,0.06573563352254612,0.04931817681966479,0.06408700579699585,0.24885765129463136,0.1859734078551835,0.06100942433242018,0.08008460241785613
0.02749348668687862,0.10411740738499592,0.19796911620339094,0.07481663867857113,0.030265173242798607,0.08847412320151188,0.38538210973564957,0.058985665960037736,0.03249627890616554
0.03181382289707082,0.04185362309896771,0.05509814799001419,0.14432748075023316,0.049022928626447686,0.17809097958042078,0.19761615976136826,0.2745477458848047,0.02762911141067266
0.134192664273362,0.025739162385901706,0.03256688940161007,0.12477906896215896,0.06888074520693961,0.11355218695124643,0.2189564865229515,0.08283364372023642,0.19849915257559336
0.0823536953355329,0.10539058663326578,0.06711809295305433,0.08363178810653345,0.06237396875392712,0.10541651796575546,0.3872345876501688,0.05976559308007499,0.04671516952168727
0.04877241295745335,0.04236622598562142,0.05109615755674999,0.09765427139358901,0.2373372879003349,0.1141244368184109,0.15546042227067416,0.0642621453954132,0.18892663972175303
0.36484135313382854,0.022815915644373772,0.032130742923516566,0.10486985890876512,0.07333855508757046,0.07526792488510796,0.09368027517234229,0.14284445003081483,0.09021092421368043
0.07171245211026521,0.032009626485671384,0.031418292620034045,0.18066659260177173,0.19374586923750725,0.06666305657418452,0.07828448855591325,0.30937990358419215,0.03611971823046047
0.13517992377269067,0.023215970066830276,0.03313195702543585,0.30967303190238443,0.12929868257395907,0.05828054672143799,0.059085451973083264,0.07092788189124553,0.18120655407293296
0.054834546778901455,0.0638073092129491,0.024480695082701693,0.11360844179240874,0.20486778720292761,0.08151337346899593,0.07380100123324267,0.06367438298584761,0.31941246224202524
0.1653212022053918,0.06434756974569106,0.04231430800760718,0.2109599694310295,0.10573119540252895,0.10959711529537332,0.09292142553900906,0.12602339784671834,0.08278381652665077
0.16081576588209334,0.06839323640738981,0.08994941500918953,0.11550513266017559,0.11521675309925374,0.14459654738204478,0.11185502156759634,0.045600370767039634,0.1480677572252172
0.1429522219902706,0.09020758753123798,0.028225693138824576,0.06409188746361782,0.042559534417867084,0.1150916404394464,0.16602243515661344,0.1866984501343528,0.16415054972776935
0.03555245864771516,0.31587276563803424,0.4384273547395943,0.01911199461694776,0.01812814816440975,0.06296416974769231,0.07517253309959165,0.016222868227629254,0.018547707118385416
0.24471581498797082,0.07668256744684344,0.08373884255225013,0.043557881847402634,0.04859973506877255,0.10103478789908811,0.266721310520415,0.05954704337832534,0.07540201629893196
0.05970756091158175,0.07146472980502575,0.07500209894583433,0.1066676502639312,0.05855197731902673,0.046576759097372966,0.4652072982880823,0.0843998748375312,0.03242205053161379
0.03354879222723906,0.051278456696642126,0.024592505826661476,0.13508660871375502,0.009898276995326022,0.21544788766303635,0.4166385002788762,0.08795159375101443,0.025557377847449297
0.1287731637623245,0.024779227853558433,0.02054483076679255,0.056298157022505436,0.29327498441723804,0.11225730371662868,0.01696087181883849,0.07026736612835616,0.2768440945137578
0.24518238217040378,0.038482283377582645,0.05919230990042903,0.10440268679756638,0.035202417694755544,0.11486829879892908,0.05626425181915362,0.19620507305170765,0.1502002963894723
0.24829040710969544,0.08498303025709626,0.05974990211350234,0.15073893256228424,0.024515033536412295,0.11333313936802458,0.1367176846804507,0.0773844604943627,0.10428740987817148
0.27404305996407596,0.09316243724509798,0.03281005162232853,0.07911310359217609,0.008380709984722507,0.07625130812716252,0.384048655547157,0.017714416712815758,0.034476257204463755
0.11742555436093198,0.02432605192429609,0.04155263165595436,0.21886990256274297,0.1250590781913337,0.07460002735257695,0.10094274320947183,0.09448627466483177,0.20273773607786047
0.11203794740540955,0.053753508452273925,0.033716940034258104,0.11034992219228128,0.2335372585666434,0.12440910135705173,0.09407286161964805,0.13251878847516047,0.10560367189727358
0.04762293512382864,0.055254186359619616,0.06186664376192571,0.07163393200889398,0.015970106216723203,0.15396160110067145,0.36808616170261765,0.12217674311862581,0.10342769060709396
0.03782195375512271,0.30806231471321666,0.27689650435015256,0.020746373416750757,0.01884326976019947,0.21266571363020792,0.06903768999852922,0.026432339245227993,0.02949384113059279
0.07935935804433095,0.06778913191895065,0.1304372685179759,0.10353352210252371,0.16374283439768325,0.19633220643287816,0.03432209632520453,0.18933273898798567,0.035150843272467175
0.2585222900245368,0.036030499574315096,0.06238910225096441,0.11075138686027615,0.22285777535435622,0.08364955061253147,0.013556707395840485,0.1321905237268068,0.08005216420037252
0.06255725382901182,0.036797232928217787,0.08206290055004335,0.173276230973087,0.20350520081621315,0.12402379997469581,0.04948770524642641,0.04059179022120543,0.22769788546109923
0.15036754989992243,0.029603180527494378,0.03311959975353927,0.2943199496223309,0.17837993486646478,0.0914354796675179,0.020991524942028755,0.09550572462764195,0.10627705609305964
0.08804789636721973,0.3777639131963471,0.2039395511703298,0.0503341537469506,0.022687671605578653,0.09054649796498644,0.08064362146673597,0.02055665735099665,0.06548003713085497
0.0441140651813153,0.08031548461911832,0.055522459401921985,0.11406300315854771,0.061879874064915054,0.07779551106071875,0.20900315962140983,0.16961909696779112,0.18768734592426192
0.04727822357542064,0.0270807844312897,0.0332304852076514,0.16468958076208295,0.0481230077158487,0.14037986761375723,0.01791768826114194,0.447694350562797,0.07360601187001041
0.08694165109343349,0.14211426094251653,0.1272568486504355,0.07264305280874607,0.08715596542770038,0.11464194095536533,0.22015493072589767,0.036376277386731694,0.11271507200917336
0.0689960158590814,0.45460595305385415,0.28588907883215336,0.042848197872722205,0.03508322883703937,0.03861782382752205,0.02120597279054566,0.03155889092802964,0.02119483799905213
0.05046126283358995,0.33986819857068934,0.1444781216438168,0.03906620844409884,0.21847564812038126,0.06873474895345984,0.08845260017474792,0.0209131132718043,0.029550097987411778
0.18148260488620768,0.09394322452275361,0.044482304596166776,0.216330598104328,0.07561366617720379,0.06916099981366915,0.13086858161244283,0.14023953083904217,0.04787848944818609
0.182931730033261,0.25649739547640604,0.042036516920979816,0.10008530447608043,0.021122383541384265,0.08856999569687318,0.19501922038857486,0.0802480711394033,0.03348938232703699
0.07885666819184971,0.047263107150621174,0.05426887266066684,0.14355716099215415,0.14831976142836212,0.061418527361368325,0.24212362956217004,0.19163313092086373,0.03255914173194401
0.02634744895440423,0.1897409641551305,0.5071903865167319,0.032124037700205464,0.0441021267266563,0.0526198650569183,0.02636901561167745,0.06385826523814463,0.05764789004013141
0.12465288686723501,0.1964517171534911,0.19426939460310286,0.032903712319276975,0.00527141942090567,0.07571195443634517,0.24985228982096755,0.01873517454472315,0.10215145083395254
0.04350270848044999,0.04549398105202066,0.024181799723509145,0.1552346099776638,0.08365631367830455,0.03493631681227711,0.3333565140541825,0.12114880950134756,0.15848894672024474
0.05610810685947501,0.02895728670808528,0.1201364686155214,0.08266585383695488,0.24343064302665263,0.21977262381500431,0.035399435006361925,0.11014023850044023,0.10338934363150433
0.07852675176421677,0.04834333408412309,0.03969552740406399,0.22946969989621913,0.10513993830887798,0.09145989196115385,0.16864408318000237,0.06144500784898501,0.17727576555235772
0.10054816607649332,0.12851715913414913,0.06521283604435506,0.05225720984203197,0.11871826956506344,0.09349213355018976,0.16807877000100713,0.03655662991418968,0.23661882587252056
0.07202489296789177,0.07266453893147003,0.04599713446077492,0.039946480827610396,0.023870933655226283,0.19333667740564922,0.39801480257364047,0.07479541354636232,0.07934912563137458
0.03428884881848151,0.2701997414817612,0.0778531188223411,0.14467138088388942,0.1863395296123813,0.1420792397423993,0.053925127027625426,0.057094385928966394,0.03354862768215438
0.15415040359123078,0.08205281696969234,0.0416054944367138,0.07650282906790844,0.008343430484722298,0.19418331516169154,0.16498789277536835,0.17845274984405704,0.09972106766861534
0.0669813653451863,0.2661538086408689,0.42891631671109764,0.027766835580270818,0.048632143788484156,0.04408119907907274,0.07124976791867961,0.02767366583316311,0.01854489710317674
0.04714792892013142,0.24859218543023667,0.36440750098180813,0.023482297033531024,0.12951935057137567,0.08312902969587403,0.043308060512196656,0.01680218135268538,0.04361146550216111
0.0371048985891397,0.04019937934131286,0.05527186950097576,0.15977153949815018,0.02001514442825801,0.10811374786775607,0.25216823011389894,0.2916750832266523,0.035680107433856134
0.24930269681366068,0.031478468984615364,0.12187849315329881,0.11814929346401452,0.059720842916739625,0.130407644318276,0.12442677919241778,0.12448878277118164,0.04014699838579555
0.0859248498599307,0.015598821336534225,0.022457444527713314,0.10476240617796673,0.11655626888084593,0.063874529821297,0.07039407828212418,0.4780986061776369,0.04233299493595102
0.05163114682740052,0.08363365495932752,0.06861011351559315,0.06373488989834365,0.21648479453186942,0.17053735768213876,0.07711798561829179,0.20853438673162392,0.05971567023541133
0.0783415724578071,0.012853780376237413,0.03231339928156588,0.08121928137587152,0.1398486009417753,0.07215573447978536,0.016112288367847515,0.3910005829117716,0.1761547598073383
0.08395494043417114,0.03703731747383035,0.05359712561262852,0.08528236472127536,0.023305938170203887,0.18640806099291793,0.1771191692574451,0.14111462041984774,0.21218046291767992
0.2162089334862131,0.09370717945845645,0.03315894482417008,0.23095488591365557,0.006256803432985261,0.10440749224661582,0.09683381321352623,0.017344604302984942,0.2011273431213926
0.075047086013792,0.029906154647366925,0.03113441169940834,0.21667777054507834,0.0522334491817939,0.06497745498887432,0.018139617759447873,0.2831246790237467,0.2287593761404916
0.09573880594463652,0.09804476092442575,0.05646136254456624,0.05213727116272915,0.014140045507208774,0.15843652244981665,0.4100924712032325,0.09725490181985919,0.017693858443525255
0.20858752317006232,0.030648118944293243,0.047488258609180704,0.11756309250058745,0.12830610199021422,0.0916643946036193,0.07197027663955348,0.10301544061855657,0.20075679292393267
0.10888044704231566,0.04847232962573119,0.05124653196225661,0.12047764268382777,0.18712020316130143,0.08426658433748484,0.042498058174034875,0.19076509545098183,0.1662731075620658
0.03379962581211233,0.053601748967816255,0.04093973968573602,0.13925423249139193,0.028429771807635545,0.10921049054872245,0.26358069240179555,0.304126157287047,0.02705754099774293
0.08153882831296022,0.03382763203619347,0.038431852948123874,0.07228878382558017,0.2204681599645594,0.05762172283431827,0.09906571394950558,0.2980853215453732,0.09867198458338573
0.1538935057629298,0.10674593215786854,0.040653058429313944,0.1629179476134914,0.01829661814748355,0.15818776903166235,0.20298471273050075,0.039055819613362214,0.11726463651338744
0.07242252149780921,0.023585823235916667,0.035991973164173054,0.18433268098175326,0.3119054942007487,0.059499367683625626,0.06717261092105116,0.12369595002794548,0.12139357828697682
0.051206935716217455,0.030301486671131726,0.032051286916411466,0.13359754107112634,0.05710618464215265,0.09160035392566894,0.2471635707078019,0.2971293891199265,0.05984325122956304
0.09669536662591743,0.031102848767854154,0.06353825579604801,0.1198785761563765,0.12243856956535674,0.0865688134316665,0.23076586340446925,0.11399080059775003,0.13502090565456137
0.11545857751681593,0.06138445456625872,0.05953668303464649,0.09734750585509577,0.21059096818069303,0.07258671818404598,0.16158477112934383,0.16436303328452465,0.0571472882485756
0.056939453405810254,0.03501991819992994,0.07857113733250237,0.11814513792910808,0.07270634879909846,0.1368350859669793,0.2715323608693912,0.20163830608816102,0.028612251409019324
0.042114646679217826,0.04541609508777719,0.038028244541602196,0.302241963646458,0.12591168895576518,0.06450741597507913,0.20999611961598272,0.11223552528894055,0.059548300209177375
0.05476465356685037,0.04889140391289248,0.06285724611514572,0.13409122455323455,0.1882821067783623,0.21020538312164794,0.13887561908743792,0.09235973962660737,0.06967262323782136
0.184309485254319,0.09766542407006118,0.08086949442280549,0.05060902621495672,0.07401303913175768,0.08470348876326957,0.16453382031295463,0.19885420543126608,0.06444201639860965
0.031111803742914213,0.07747901492259475,0.08658174282680982,0.14070684383450557,0.04059361628883237,0.12884677090231736,0.2683471588467206,0.17668830217376005,0.0496447464615453
0.07984713644822543,0.49942117679126613,0.10763068121386121,0.05687750124376332,0.018936478809187095,0.08986797401214482,0.03671234652416109,0.08415960816905095,0.02654709678833993
0.17292248799844281,0.04428949021893456,0.05150101324386938,0.057274672203312615,0.39703573677509874,0.0661108230623602,0.018846789814681852,0.11689026697011184,0.07512871971318798
0.17849337748066976,0.049657263629380256,0.055372680655349116,0.20763772931363278,0.03201267270727456,0.04675246036058206,0.15634662787501682,0.17028208740587636,0.10344510057221827
0.06648455045169376,0.04872794052766715,0.07958791288601229,0.04751913855470787,0.4785012690928787,0.05978413694791826,0.10589661228120699,0.07080628525432753,0.042692154003587536
0.022650079722205337,0.11656280575896139,0.5837999117192182,0.02234275914443672,0.026141135301810937,0.05258898467515929,0.14381456106864543,0.01433074101713501,0.017769021592427773
0.18860083257415736,0.06752035069437225,0.05228794903821374,0.20804605816123245,0.08458311378017008,0.10385939817032364,0.12078176820088012,0.08536356489319423,0.08895696448745614
0.12835632106497086,0.022871069095446363,0.061565265855595824,0.11108057703156533,0.09749822034135587,0.14393084014888635,0.1439257429463975,0.046215396368178584,0.24455656714760332
0.058012125465863595,0.05395501716822678,0.031983776488054144,0.055487568655652124,0.013923518197591639,0.06631063047861617,0.20431631978042855,0.41085183191507163,0.10515921185049536
0.049579302148296985,0.013473838886205047,0.04902413983241935,0.19736323735230735,0.2055895069547626,0.09983573309218363,0.021594617472908098,0.3269807507517233,0.03655887350919366
0.15415040359123078,0.08205281696969234,0.0416054944367138,0.07650282906790844,0.008343430484722298,0.19418331516169154,0.16498789277536835,0.17845274984405704,0.09972106766861534
0.0677694759656419,0.047336347569875876,0.041539566041881006,0.058261756349728716,0.05319563340292644,0.058465348317646194,0.33725546107025006,0.0673273641085147,0.26884904717353514
0.02008871943392859,0.2589621523840954,0.4172747615211058,0.07852069240876741,0.09243747822665505,0.04620875205698904,0.0298813858818108,0.01726284455540278,0.039363213531245105
0.09247112181778126,0.1285068333662501,0.027551721602884955,0.05984428431127692,0.04963655728851457,0.19536916909255364,0.2188254433224609,0.16063826219695862,0.06715660700131905
0.09401025160426203,0.03390743389698599,0.05529859470484921,0.15134789582879407,0.026208021725645392,0.16412155139322346,0.235737247024194,0.19246556391847872,0.0469034399035671
0.23882095727006977,0.004076552064232292,0.04537568136027149,0.06242350449997697,0.052761798239544654,0.059774554572294726,0.21814195713462795,0.09467635952211019,0.22394863533687193
0.1549365870752391,0.05572611169574392,0.09999831975613477,0.07886851462816809,0.02361755543642319,0.14473398230738246,0.2282576689002863,0.08820762586442728,0.12565363433619492
0.1052891408273799,0.07763707933637927,0.10238422435460248,0.16729412318426515,0.005573731113674953,0.16199567888828406,0.1966066495333425,0.12202916205624408,0.06119021070582759
0.0462762294256995,0.04140472156664649,0.13636886901224565,0.16671406482563547,0.21096709724396479,0.14527928558223577,0.025526191780270772,0.043445067403610226,0.18401847315969125
0.08454167977620403,0.10924333053868714,0.5856058923976025,0.027682625848219938,0.030417510004956294,0.04662472446808293,0.06278346009152592,0.01412756823196295,0.03897320864275833
0.09795463687033379,0.3421980717942947,0.08694386891519186,0.03669153540151313,0.0275443181247159,0.11006147372139861,0.15739252266625378,0.05006180931697024,0.09115176318932804
0.07424803400052717,0.03297101565322738,0.049397485895350646,0.10690975066468744,0.03519001949377557,0.2683703199689194,0.27394789165892575,0.11609021741826138,0.042875265246325255
0.06820229751995076,0.021286409902568273,0.06298137306932826,0.13293903519387937,0.39358123270681783,0.06743294196521953,0.044018649017859506,0.12746903832700376,0.08208902229737268
0.1653212022053918,0.06434756974569106,0.04231430800760718,0.2109599694310295,0.10573119540252895,0.10959711529537332,0.09292142553900906,0.12602339784671834,0.08278381652665077
0.0619337658346358,0.20212942879424323,0.08057420923765372,0.12872028245694248,0.012666575431264782,0.1607136983802074,0.2645306255351548,0.0373688049101055,0.05136260941979228
0.06014300351750229,0.03824183452211035,0.05318453084256603,0.09072634646002088,0.01977777194513516,0.18478611955033583,0.36470147574258815,0.15255838327774698,0.03588053414199433
0.19651917870217325,0.03181593631867038,0.03162551980307484,0.1567953492194314,0.026430601056883243,0.07425825297872056,0.10812573860965684,0.1872867895811661,0.18714263373022344
0.07581623020213842,0.016136430507559987,0.021417031286597627,0.07841864057337426,0.08746569526124089,0.1560758986736944,0.2010874702684228,0.12148256881541586,0.24210003441155567
0.12385150885210945,0.024032324024259366,0.036729290586018565,0.06284269024614479,0.14563823553627167,0.05118572673968543,0.017472985348053523,0.39207823592469176,0.14616900274276537
0.03551224077119903,0.17249654374140763,0.48077300299760967,0.04881830371486964,0.07142162403989712,0.0939770030199144,0.04098274289959438,0.012814275368695135,0.04320426344681289
0.1886225138406882,0.014656605429077903,0.03934619211228806,0.14713114949000497,0.3323809807634066,0.05036865672642624,0.026962460074328187,0.019219331878317102,0.18131210968546277
0.23398879999672872,0.07545191370678463,0.062346376061217734,0.046035428688690046,0.1069468706780846,0.19177821907941406,0.14865997895087843,0.0665346537266094,0.06825775911159239
0.21317800084531893,0.12652188606737758,0.11781631335804328,0.11528007777060882,0.04422075831037364,0.14957520666601146,0.03531434022378526,0.11629605820528173,0.08179735855319935
0.08279053062957127,0.03983540326438476,0.047692458833949715,0.12244238742818236,0.07106842991485353,0.10305398489002802,0.2248295057698724,0.24145398118152708,0.06683331808763095
0.05900909596575238,0.021940630655280333,0.07327756197740713,0.08892942931475545,0.41226347753188103,0.06220407230458646,0.17278570417217023,0.05789072469949536,0.05169930337867156
0.03334282622791175,0.037406937151681745,0.0522940617468021,0.08781110435850888,0.0240079249421695,0.19071688519734184,0.37700416702651823,0.07569607788459669,0.1217200154644693
0.09246105639162976,0.04310160079650435,0.037776410404644856,0.09456039974780985,0.03828878679374353,0.3444160129348888,0.0848418703581999,0.10614141978146636,0.15841244279111255
0.15049387303032236,0.04757838594304761,0.048590603703443626,0.13248621856032264,0.007919884400065188,0.061963319788685634,0.19357096898281922,0.25811184797425807,0.0992848976170358
0.1278264774826117,0.08926338424412254,0.03749025836628771,0.05295898498707302,0.010015850506383324,0.13432654117814843,0.3216481721817137,0.07129268249307669,0.15517764856058291
0.11205657007240223,0.04221780272962866,0.041182706005160115,0.16211460761666754,0.4330170044389678,0.09464356462429958,0.0247293804681195,0.04920457794091374,0.0408337861038408
0.3174537277198047,0.013596673711677826,0.057454028334078346,0.09743619028279332,0.04995333236583364,0.1555771375239733,0.06788738792160158,0.11137934732527865,0.1292621748149586
0.031435006282959845,0.5229323720320184,0.09040213111443225,0.07040397612298861,0.004928168011827068,0.06973450513067138,0.07665950455562119,0.08780599088434665,0.04569834586513475
0.06069392923500933,0.03817712044823624,0.05494118954401336,0.05427183832000679,0.35155335342683597,0.23568022713874595,0.008648330464115951,0.09704896654114653,0.0989850448818898
0.12364384876956115,0.031541090989491365,0.03081563247708712,0.10155462556560656,0.0868385521052678,0.09704872335985322,0.4692363285391405,0.022860680299812603,0.03646051789417971
0.11200155486026969,0.03517794344433841,0.06374157422604634,0.17844031252074452,0.055798466829021905,0.07854486825853478,0.18561147616281168,0.09904694642619272,0.19163685727203997
0.09939093476166411,0.09246052779519204,0.5500130478411317,0.02341136462667423,0.017007081434386565,0.09995992585733272,0.05452198942849936,0.03817905919124931,0.025056069063869948
0.04387734021849963,0.19714305750903813,0.3128701937385476,0.043096740229476765,0.02896032014050397,0.08896769933175623,0.10336707214486884,0.16520733652793138,0.016510240159377527
0.20792854710362038,0.0719754457077555,0.04349631953806651,0.09453160876178102,0.06302567700585668,0.11402485167297316,0.17273061643568277,0.1336844776501798,0.09860245612408419
0.2687850254330198,0.037278693145992886,0.037058469364545155,0.1160132896432227,0.11547208528288568,0.0632066878071958,0.16747458146970326,0.11831474294701327,0.07639642490642153
0.0974561547620683,0.05921734633778138,0.04940098988724212,0.10543668446005121,0.07492648598025602,0.1378735742558145,0.13625948744470473,0.1582713891309918,0.1811578877410899
0.16119325718164032,0.01648340471768162,0.06290327321090756,0.035610664019052524,0.005482052088108658,0.1875409391989491,0.30936134622765654,0.12138785286665692,0.10003721048934672
0.1367467346757315,0.044135824251302476,0.030743077823276562,0.14764801002408848,0.032746198162444624,0.2680490734720474,0.1585215481579724,0.15311581122484888,0.028293722208287662
0.18530296388676884,0.017180959160718132,0.04652070622876318,0.05615766961285304,0.02182242497106136,0.10598445842337574,0.11937862236654191,0.3434292075251046,0.10422298782481332
0.1147010752534637,0.05246193469913066,0.02105615210085393,0.23824252979011296,0.05264294261418379,0.06941855859504069,0.26444196658123437,0.12751032810574514,0.05952451226023472
0.1633583065399725,0.03450644571651095,0.046049406357442535,0.05230631590176157,0.09983877569903828,0.14469271478643767,0.2799728158303099,0.05984463406275461,0.11943058510577192
0.051329823176734735,0.2182810660733638,0.4766000321007769,0.031720605074228476,0.01568329459135273,0.05955939822752001,0.0927569793111982,0.03546050771965559,0.01860829372516949
0.06510037315644586,0.050468115195379006,0.04855373988004305,0.1038991921421394,0.16247397894117924,0.23926818046648013,0.06671279889303999,0.05052177450231895,0.21300184682297432
