0.0586485844849286,0.2335905746100162,0.0958793723758795,0.021258326649570714,0.13935972409261504,0.11917055947342338,0.06537506384554446,0.028160886451395944,0.2385569080166262
0.11985669165076158,0.21042915732245734,0.08962092217090016,0.03913735234550932,0.04744096811110952,0.24983282425380474,0.07549349096417901,0.03648086916139217,0.1317077240198861
0.032374472769837896,0.037024196657285124,0.08406138005212381,0.047760621041709035,0.05711509843986029,0.3953353865116107,0.16858403021292315,0.037678506579579496,0.14006630773507042
0.18588344666923395,0.15023989142614627,0.09053013826478719,0.04486402657520605,0.19932240321411657,0.021509358841278692,0.046520307129787254,0.2189331595391305,0.04219726834031349
0.18840576041301993,0.09508687170269549,0.11952329138778828,0.05398755536359693,0.048264577413155624,0.19130628346814263,0.1237756329605872,0.07328838687101806,0.10636164041999575
0.06240719691099014,0.02230734315910186,0.11496085275832947,0.08068229537825165,0.07933880922854473,0.25552871792661663,0.15222016948873998,0.21979540619275037,0.012759208956675061
0.09291657658544013,0.09399879345577133,0.10053500685150313,0.03950178526122539,0.23575314066547284,0.02283401456779226,0.20021694472465282,0.1570500601764778,0.0571936777116643
0.08675493727245603,0.2338010026189421,0.0996782306429038,0.05725451487569542,0.12611566650587658,0.08126828034163751,0.2008493274379751,0.0710529188047443,0.04322512149976917
0.15865443189876197,0.10900650976283117,0.1320435922420459,0.09196303065876221,0.09017604787414134,0.15238741301848965,0.11974025859295301,0.11620550373119047,0.029823212220824315
0.09705394025449791,0.1730528883917449,0.08096558456907836,0.1312293627287159,0.11706004072764349,0.006758245843665197,0.027920559126485334,0.11596451492411484,0.24999486343405408
0.06140976325142389,0.06656180630225585,0.11273379238311294,0.19694631109312966,0.04727988469227586,0.12972132031262934,0.07009710235867957,0.15888495533492022,0.15636506427157262
0.18395206615553075,0.08073920466886332,0.09868993202611205,0.23320252626149274,0.06023264254988988,0.15809933905367682,0.04129031710295332,0.038535183531886764,0.1052587886495943
0.0985401179813858,0.04071963750320711,0.09886321190888303,0.024523204784011765,0.02301362226499153,0.230065236844194,0.1915140363026463,0.13047335239833904,0.16228758001234145
0.05379677161187483,0.09262003605536069,0.10570059783667256,0.09466665731640038,0.2215629089774586,0.17040679605213008,0.0634580196599499,0.13390426607367523,0.06388394641647768
0.06517938527173675,0.41207451170505305,0.10102694180799439,0.05821952599784902,0.0259254519753606,0.06480785986952732,0.10056167120864086,0.14148244132618104,0.030722210837657065
0.08062649479599546,0.04196245778261032,0.12347317467610541,0.05207354874292657,0.0659128388721106,0.02792805660110828,0.12972063496790479,0.23985477366391805,0.23844801989732056
0.16192223194392266,0.029491089010365654,0.12298335804254606,0.0994690414091302,0.078971993976745,0.12672237980135284,0.11776149704584864,0.038453032976123465,0.2242253757939654
0.03662072317136522,0.30281717981697304,0.08152690776965109,0.0334913329876577,0.09985104305456927,0.11994638776762623,0.08856088916365283,0.08056161556462862,0.15662392070387599
0.17239717520760692,0.12498050029714956,0.11508261243843426,0.08393827640840563,0.037731809983839695,0.11907490317441895,0.1219586739269129,0.045981404218184335,0.17885464434504772
0.02666045823088178,0.18242130975224835,0.09449491103146024,0.09108037047361844,0.19209697855450727,0.14548535713109464,0.05122708208701851,0.09773511549845261,0.1187984172407182
0.1155096788204965,0.16014657948569064,0.13861718424555577,0.054398933350971845,0.03543429294389194,0.09692194345757028,0.16926074153007073,0.058465464061941676,0.17124518210381065
0.05950182141774207,0.30344351134210407,0.10705657430593513,0.2753151094264314,0.009421525207187741,0.05952462758148791,0.1267986997170448,0.033039798514506474,0.02589833248756046
0.10084638953853681,0.08318931538720285,0.08980992935096567,0.4547472642372781,0.09995012986885053,0.03161730858043638,0.037224576670763704,0.02061553286795671,0.08199955349800919
0.02135524737164939,0.13287673297804875,0.11175707405010703,0.11851612514007968,0.16639907119747646,0.07572506709352496,0.057223906479082605,0.1330122467729493,0.1831345289170818
0.12489010638743601,0.12407840977858788,0.12051294899881392,0.35090221438956865,0.03687869785511747,0.06362361177629443,0.0703816357043782,0.028151174607930235,0.08058120050187323
0.07487653391947639,0.15119792116278044,0.12855050543224147,0.037232847691782846,0.04500900078845586,0.1700981433525528,0.09807017177867515,0.11475406005612371,0.1802108158179113
0.042684696007034034,0.12935998284237993,0.09877976654088381,0.03089923816606363,0.008990758350827922,0.23108397507731984,0.15416665516300543,0.19730432229536654,0.10673060555711887
0.04718021513045445,0.16498749959212447,0.09652970483059709,0.020704169311601493,0.15134074128117805,0.15955688395640855,0.05536815668737457,0.022977391577005495,0.28135523763325593
0.1336839649418883,0.14787119297183762,0.14138244464881247,0.09554593127468314,0.07170830977093766,0.06938614747821646,0.061477587139845115,0.21481025169749035,0.0641341700762889
0.05307172739599414,0.133309408018028,0.10749946448910819,0.07431339871552195,0.0657177482124945,0.010634027851919359,0.25016362304739176,0.1183407548664462,0.18694984740309575
0.06384723186308806,0.030044689717460337,0.1165232806915411,0.03348062408398376,0.08086610661368543,0.0943994109497172,0.06699284751579702,0.2095162611901925,0.3043295473745346
0.0850693330739914,0.09250480296185805,0.1235347968486346,0.10280073383348214,0.23354842785944682,0.05643766697347543,0.16558592435361982,0.07131606559048285,0.06920224850500888
0.13328048675821494,0.042686302163955185,0.08805490361101935,0.043285585268812064,0.05630847131833872,0.2599159899120161,0.12613527497091453,0.060534760457161586,0.18979822553956746
0.1139633334942592,0.09720549974654934,0.11170609801765885,0.08587131270407046,0.016957947139225795,0.029916436110831866,0.098032663853776,0.04116575642632451,0.40518095250730396
0.056398725513005614,0.12420309893390132,0.08610079113036216,0.2550444066524448,0.043566343408545455,0.2930732554181426,0.05911459640307446,0.023225063987117406,0.05927371855340626
0.023652017021978066,0.11511977448127582,0.14557547004226146,0.054457505789878624,0.08822174218302829,0.05534730450256925,0.11794102799707817,0.11859942212858614,0.28108573585334423
0.3402780863088888,0.04369443395199198,0.1002442363962458,0.14610266644691294,0.10105233074993426,0.04916054543374913,0.12332473504573398,0.030239617574069313,0.06590334809247385
0.07478281248628411,0.12360846606018377,0.09216167130452789,0.09809273182633353,0.022790337401164425,0.06410442621306166,0.23792697518436437,0.06880482020965202,0.21772775931442823
0.06488248228337128,0.19753597643472823,0.12297550029043143,0.1797438029201561,0.034261918656411615,0.029157844184315704,0.21477620420517732,0.12734295674127297,0.029323314284135215
0.19116224804560802,0.12275764893153923,0.09532728826133052,0.019105823590640753,0.19521489929190086,0.07417566357939949,0.06942042141916689,0.028937393371559737,0.2038986135088545
0.05853878458861408,0.06817322317004719,0.08329796860077884,0.021263374268261595,0.05165686833991673,0.06130423924751526,0.15879896101551827,0.2235414953156816,0.27342508545366645
0.12429505730491407,0.07851536005286462,0.15059368028576356,0.058839183905111836,0.07814183091118433,0.13727337278903876,0.10545218430240107,0.08167421723000605,0.18521511321871573
0.06179589863863678,0.04144531691409702,0.15597803840575306,0.04755860809509399,0.24291749654132722,0.037021684628742946,0.09353707585923265,0.27469420480808954,0.045051676109026884
0.09741499938749813,0.02472893882755608,0.13969137024986153,0.15197178953811136,0.04715360574446842,0.06332136402462092,0.19169176134666932,0.15292558766528894,0.1311005832159253
0.12498974517345472,0.05789499146824451,0.15180525709851547,0.0775266565363289,0.055715826285274744,0.27992744193906555,0.06503037709887004,0.09014415859102322,0.09696554580922294
0.06025957489091427,0.11854855794755394,0.12015394146652958,0.039679349979758714,0.038767078978607504,0.14629963885358185,0.10548125887941477,0.10932171991189778,0.26148887909174173
0.15559527923722002,0.0673201779567833,0.10179035751240471,0.1093855545717362,0.24613374586907286,0.06272944657257576,0.1139789369471369,0.036595148549357574,0.10647135278371267
0.18662004921696299,0.05132535683651595,0.09325852574709337,0.16771382043988037,0.21228345093209353,0.012427368815998532,0.06838246134530705,0.06264014195948614,0.1453488247066621
0.042429181655964404,0.09773518384384715,0.102185041946573,0.06131182803870457,0.0764070105772424,0.4177472198040402,0.06786032624736298,0.055229030140841684,0.0790951777454235
0.05700307966677198,0.28938116986914203,0.09291855249924812,0.11545336242567,0.026890954129913814,0.17971685530362524,0.0953253029322741,0.050201891661906035,0.09310883151144866
0.12054653126675134,0.2619782334870939,0.09855795555056922,0.029747813732483964,0.12192149057805135,0.055809340643918744,0.14804370205397654,0.05463172668717592,0.10876320599997907
0.3151501554843312,0.06164127223459701,0.12300284708186038,0.06585233147905968,0.11224864628411,0.11688195554768914,0.08542631228377295,0.11472772481462523,0.005068754789954453
0.05905162182495158,0.048189585089966236,0.09795035498405724,0.07539636419334828,0.2192389510084696,0.08510657054699454,0.06827404481573224,0.2782512118508522,0.06854129568562811
0.22584246968635321,0.04732641851301823,0.11348841744578646,0.03562062983977533,0.20137653574832848,0.1412420609932686,0.08583845928399465,0.11288058852162831,0.03638441996784663
0.06848910373278132,0.12442164227886521,0.10052971543040053,0.03359846211617237,0.032326189180038586,0.09033311970267195,0.10661583074169408,0.0871618788763379,0.35652405794103803
0.2936832782288077,0.050050637169768375,0.11796297602741367,0.07357785205905805,0.05830205788945406,0.10720544341982337,0.1839854332310488,0.04162432895881477,0.07360799301581113
0.10772049894455711,0.053418606355555426,0.10971807379390448,0.06526439613988372,0.14462122999996518,0.05714465034287782,0.1411388411411283,0.1177441875104554,0.2032295157716726
0.10094715013565414,0.08965134421998189,0.10866146841319337,0.1177797998788636,0.10145480145541896,0.01673801496944029,0.24975535333827814,0.04850955079957847,0.16650251678959116
0.04646913180383022,0.4050977056595834,0.09368975923455464,0.2113397197021055,0.08668132606561502,0.023156294736658662,0.03853789170994665,0.06203631036985846,0.03299186071784756
0.16196652736049352,0.133483463921555,0.10996785603195987,0.09762890943600594,0.08376200034970908,0.07725109710384544,0.13502056472821433,0.0966648106355838,0.10425477043263294
0.1394265326996065,0.09224772694082128,0.14621113877216377,0.05791097250677769,0.05755870464724951,0.09282824952992179,0.21558830797586412,0.15243499199949237,0.045793374928102946
0.11143422192965728,0.23999943252949743,0.10784227545192963,0.01880661398929132,0.035517275134586024,0.26213038310806125,0.06324794115812714,0.04114336210292362,0.11987849459592638
0.14294489536208152,0.14512437148086044,0.12187321734649902,0.11230186585368712,0.0881812829350495,0.05075426979163738,0.04298443824567968,0.05564433332805802,0.24019132565644738
0.06800582292247022,0.12003118336344366,0.12082233026347779,0.03621713361452302,0.09155696979317694,0.23965610713363494,0.15865521145668093,0.0936550685505464,0.07140017290204599
0.14879968474410585,0.14630185886385616,0.12590711116186992,0.041442510216673896,0.0328861856184953,0.1501202291119559,0.24747260086569875,0.04371316011640144,0.06335665930094288
0.13517239188112476,0.08190808385988832,0.1265973202111084,0.09532529387168748,0.12856629682685036,0.1116793403854044,0.15231490621264895,0.05160354393421682,0.11683282281707048
0.08547553759197417,0.18434993051298587,0.09303076121344768,0.12722962716132205,0.2460087435431542,0.043808800886965316,0.06061692699677231,0.03376193237290695,0.12571773972047154
0.21602830965877365,0.10165573804606594,0.09235074498476498,0.03512398825881816,0.18308114464805278,0.026479230728716507,0.18564698576474248,0.07190260265392938,0.08773125525613618
0.37405414719396135,0.026076352513289523,0.10142407097286511,0.06905782991561615,0.103503641737044,0.058937544381049256,0.10366806246746448,0.11745803150089422,0.04582031931781586
0.15885407267604731,0.022135312800640405,0.0952495116112696,0.061637465868850015,0.02008698983061792,0.0540451274409039,0.22781649752358846,0.27894233315623684,0.08123268909184538
0.11842096871460563,0.12190512913322567,0.14612976360910657,0.04426906927405361,0.059540608518298566,0.11838600863972563,0.1125068864190605,0.1739721857413675,0.10486937995055629
0.06374919126213442,0.1312271622631849,0.09667072404195731,0.028799222683854698,0.1140933822401184,0.042685749083089884,0.061933545583335116,0.23688368747853664,0.22395733536378856
0.16605840704195404,0.22333926209610208,0.1059897933361883,0.08912978355124751,0.018648302148656617,0.027064780922123128,0.11512018837115486,0.06327239953475494,0.19137708299781855
0.21295810509638657,0.17905118629121045,0.11893308710345081,0.02329949233492565,0.11384740681147615,0.23259137445788358,0.046935019743334035,0.04116933328740318,0.03121499487392955
0.2978115987169049,0.23214320793885493,0.1249974295519533,0.07637119503387828,0.018048633923726316,0.06379356586364848,0.07541519276297973,0.06761848422197682,0.0438006919860772
0.2516225425896635,0.09373421467074422,0.11681542322024714,0.02705543682999359,0.14753672015261357,0.03383009626976647,0.0876267571388011,0.1162038818722008,0.12557492725596972
0.15823585076788838,0.04301423319638744,0.14590343982017942,0.08885910522140116,0.04581029084449383,0.03941679829661979,0.1005364990432265,0.18786403567193974,0.19035974713786377
0.16151208490529192,0.08027166318669082,0.08522572719681308,0.033264352224538614,0.10174727315671296,0.052882879553021234,0.15845819672399752,0.05444453548538588,0.2721932875675479
0.18511522427781893,0.13220991515979055,0.10256884752821253,0.01970535774293988,0.16275831190865356,0.028459747068050184,0.10868712764254455,0.18972104443956161,0.07077442423242823
0.14308631825135876,0.0802723910410545,0.11201966165027537,0.05375957271681749,0.07581145943808283,0.018939192006286132,0.23214297350645577,0.16705117965811542,0.11691725173155378
0.09228433583686561,0.1045058876792954,0.09149604297414689,0.1074345832140818,0.13621729494543092,0.005959298410552529,0.07851356886363535,0.04116813479390476,0.34242085328208677
0.06681738621669561,0.20675966480198896,0.09996006355710123,0.16332313555480762,0.05044414041235057,0.07494910573810484,0.07097711324627239,0.040613003299325594,0.22615638717335326
0.03927261738668286,0.05887177647531791,0.08787405847438495,0.2499136935361889,0.20891246222010787,0.09486854138737978,0.04786739292423612,0.05480296564464323,0.15761649195105834
0.18843711545573497,0.09798754050578627,0.12501506507286617,0.04685650626894725,0.03973477934859941,0.11627998526469364,0.12140621992453042,0.20666341778208586,0.05761937037675604
0.04276724706986631,0.3342070468193384,0.10495790739178383,0.06755185713241409,0.1253770888996012,0.09636764321669304,0.04256301749175354,0.03094800698771973,0.15526018499082989
0.12842764143468108,0.14983032570984914,0.07169601409194586,0.03979026959464226,0.023022784798313628,0.38727101430197464,0.04280757701908929,0.043478397978169804,0.11367597507133438
0.08297114797559814,0.48064998041012047,0.09701216876479486,0.08911680803743872,0.012087466422514452,0.054666246558915964,0.057069179712862156,0.05526441848439212,0.07116258363336314
0.20628839368677976,0.03437107112355774,0.12018371808794132,0.06254118701657295,0.025218216284946485,0.12713191328259044,0.22587428076771707,0.1331063078462039,0.06528491190369047
0.059924724146106216,0.06532782497301105,0.0866392204532026,0.2840141488534161,0.06882429879780501,0.17240489914955934,0.0875960656732747,0.06681833231013885,0.10845048564348621
0.08908250760988769,0.057628933792767366,0.13631006659699194,0.15663709357797406,0.027074236061599057,0.18137611669403939,0.0802332384522321,0.06047334437610039,0.211184462838408
0.13917206266960414,0.07364965650864988,0.19212771690946798,0.027743981107015352,0.09416388828055217,0.03238963095772842,0.15565081530110148,0.21824696177715056,0.06685528648872997
0.27286471501870707,0.02383199968138294,0.08600176599648972,0.053584446606291324,0.22582909890762196,0.13591960428850158,0.040404292846893106,0.12955516013711618,0.03200891651699612
0.06644041074693215,0.11712402342842886,0.14894562325425761,0.052444300673574945,0.09865402787859356,0.10780957254764544,0.10693101328029246,0.16284722443979285,0.1388038037504821
0.07731285174441542,0.09655526072402539,0.0926875938948765,0.05475492610778404,0.24814545587795242,0.030058732580695136,0.05637584265777059,0.07740902106816501,0.26670031534431554
0.11227931036757531,0.031922260939125834,0.21333135356419183,0.12021021359418832,0.07397196723975942,0.16146052564439303,0.12552298981566468,0.04825861394350701,0.11304276489159465
0.05491675993501121,0.30086738334203517,0.09368161079566979,0.04833853641260486,0.11945397498626968,0.008476262978561551,0.07296947354314735,0.14084206253700607,0.16045393546969428
0.11388648256757188,0.1045710427893955,0.1410013213865955,0.09186448740457435,0.10991344600770264,0.13993431054226668,0.08226445155844182,0.17111469659259923,0.04544976115085241
0.42768572165877755,0.035411340696049,0.11067581824933433,0.0636500228801121,0.07890721139059759,0.015541172356265778,0.09241425576554302,0.16030758242219215,0.015406874581128485
0.05976208501936964,0.2429272002067215,0.1265572177013988,0.028093339823854296,0.14865233699975722,0.0341487215020567,0.19644488796440676,0.05365597743648087,0.10975823334595423
0.09170075169162266,0.11777639361813036,0.1376828994920139,0.043896763883535056,0.06859781394163701,0.16747279588614292,0.10778794668211851,0.13821955421538631,0.1268650805894133
0.08357160350568536,0.07143224690455514,0.11410216563391869,0.06820089387077784,0.24918831394777763,0.13285927270051304,0.11948699080388951,0.1306885667518803,0.03046994588100257
0.12819680473142683,0.07030948945353448,0.11166240627087116,0.06962473663036578,0.07656047998126182,0.210844633297242,0.16712098321638444,0.06179892154727279,0.10388154487164086
0.3551691192254309,0.059088946865687886,0.12587014374975425,0.01946852932585358,0.030488169987538397,0.06333800545884269,0.09392672833425843,0.15022679092446242,0.10242356612817145
0.20501818059929408,0.054782734550566835,0.08771475669143565,0.24610015999587867,0.10685134701726744,0.1323923803491437,0.0924669573738583,0.03723612977248868,0.037437353650066695
0.11032506872575455,0.16118201897805465,0.10318215594602204,0.03446360069431593,0.07337480816339702,0.15241541831773772,0.06247321491881926,0.04382209964497647,0.25876161461092245
0.24053364051655057,0.036199370331140006,0.08947302399902496,0.08891137293036962,0.16421528461169912,0.26685376261602994,0.04705414085197874,0.045153610766353526,0.021605793376853432
0.1838687327772671,0.07468933685317353,0.11534419040055177,0.012595758171799596,0.12848375742181975,0.03393730020671199,0.2944963755222589,0.058351523054236985,0.09823302559218045
0.08545544681673074,0.0776700055574834,0.09285344480148179,0.06937852672167845,0.05830153086240906,0.48284365082220343,0.04483881341460073,0.050093059993143986,0.03856552101026839
0.03454895865721413,0.38781910187954494,0.09500444269490449,0.06012004006063008,0.11501340153279375,0.01448783611504479,0.11442269601132875,0.1442637695432363,0.03431975350530273
0.039435040105367324,0.05104363516184932,0.10360354684892514,0.10975411403903186,0.24732338402950874,0.2028955595945944,0.17781047784921722,0.03979030582833188,0.02834393654317409
0.010525207838939886,0.23658876921896396,0.08485663341872958,0.06352844119306252,0.18384391927955124,0.01623791114718859,0.11599767712359926,0.08861323980256619,0.19980820097739885
0.06864315176369092,0.08847973648393838,0.11757697172515787,0.09850603299055133,0.28131532114949453,0.04884848557219142,0.05774536858458404,0.05821192211747547,0.18067300961291596
0.18790903880279328,0.2558871558415006,0.08354883790779577,0.1370064857804366,0.027405560099838504,0.009170533325801826,0.038068716302364,0.029905571220921672,0.23109810071854778
0.22169439400215749,0.11119008870259713,0.12799207860903586,0.020623605804538394,0.07233051499332363,0.08975620043630439,0.0959811695713428,0.21397290216858642,0.04645904571211389
0.040035435334409855,0.09596639728903907,0.08089206758845148,0.019853084369009445,0.09419057348856645,0.015379021189078856,0.20723942161796682,0.19917379008128508,0.24727020904219302
0.19008308621827266,0.054781099717017334,0.10651277878807815,0.030929461367314948,0.08675119605012187,0.01069125008466161,0.10379279415845676,0.22332623472804614,0.19313209888803048
0.24668680573650617,0.04143537478506142,0.13370804500716452,0.04274196001954691,0.16480645627236853,0.046789975972895526,0.10365504750898491,0.06519327427335274,0.15498306042411916
0.06967113926486906,0.09018489553968828,0.09457641417918189,0.01499218818721562,0.058431426532392285,0.36929104973537524,0.059565765422718575,0.08359363419953626,0.15969348693902288
0.15642449565438757,0.09736137578906008,0.10756378488990848,0.0507953035797453,0.11486224005545909,0.08828199703664463,0.05911079629687696,0.09061078567821684,0.23498922101970102
0.09596612785182683,0.034205028450806065,0.11817740856286114,0.2867875626739566,0.06443975945364964,0.04380263439266826,0.0704834589301165,0.11238638975781375,0.17375162992630133
0.08394310390232879,0.2043522198292476,0.13788645611137054,0.030284544891062082,0.20634211757606433,0.09757610585839198,0.1362503121120787,0.044365739836641965,0.05899939988281403
0.02882856412437308,0.3530722771723367,0.08513788821860817,0.03543680360498803,0.19048459476697618,0.08380529615074077,0.05218692810673173,0.09664284062764357,0.0744048072276018
0.2447700125160336,0.04500264007292645,0.11377152147520425,0.07705538948272524,0.0854318343625615,0.13645199971056607,0.09305212665186861,0.0898907498025739,0.11457372592554034
0.05125958870898847,0.16317082339379188,0.09999761624777437,0.2477946391831047,0.03994289466657949,0.029023237654685747,0.18775169482932194,0.044282237426076565,0.1367772678896768
0.32888959006644475,0.072582622640623,0.09265144269212607,0.052722986290082895,0.260551677937547,0.024983067503279856,0.08404590637249905,0.038578781850353294,0.044993924647044214
0.058958020040239506,0.036765649701209074,0.09822924486811986,0.12101037524385005,0.03197485498000578,0.2916605718814688,0.06856619608925558,0.14900535039235593,0.14382973680349534
0.20687957294072448,0.13650534132594175,0.1364716907479441,0.14386180122602374,0.02841035305940678,0.1223154724219974,0.14007743656318514,0.0638123629748385,0.02166596873993812
0.11489265889364726,0.2971245633016311,0.07858594896926929,0.0587948728082563,0.08436604037883999,0.07398426247065538,0.05509657275468773,0.02760957029305178,0.20954551012996103
0.09599786304620612,0.1812151459762884,0.14272696697817186,0.05830891378633398,0.04108747814728388,0.040309090841787236,0.22319453894196162,0.13227661017121048,0.0848833921107564
0.03469142197369773,0.1771993454497446,0.0821035026095222,0.02081966957389859,0.05178753609792371,0.03352080590335818,0.16259615457937648,0.06892199893031188,0.36835956488216665
0.20430967001989306,0.05360567623750725,0.11661738912953808,0.08658557830691162,0.02087012163853745,0.009770639383402007,0.175987457867512,0.16424205302971476,0.16801141438698367
0.07910436077947273,0.13694122465355354,0.09112537175869397,0.27397348959659035,0.03738184683920976,0.19508498596647406,0.03335046845130837,0.048058973794889624,0.10497927815980766
0.13068868187062696,0.0873725317262554,0.10207720940010162,0.09874004233790556,0.13223085924710626,0.29691392979308845,0.07854639350750481,0.03317472828945927,0.040255623827951705
0.0355829764210597,0.03355493830571746,0.10444766949584271,0.09434898187455298,0.08284105984139377,0.0674101193221682,0.10528469129314465,0.03459551204890112,0.4419340513972194
0.12333357325799428,0.14730111278241653,0.13825165752655819,0.026638138416763574,0.07289966401355101,0.13422752446158287,0.15402430399174605,0.10797218883487103,0.09535183671451643
0.2143423273030368,0.17108751970005454,0.1216257129960598,0.06865480890579907,0.08181098640104266,0.05540751196265239,0.04255967024001012,0.123563877314385,0.12094758517695973
0.07799950493782305,0.042986318785325106,0.1075044995919164,0.0452451397015014,0.12491492977855399,0.062359859414791975,0.16903802232377438,0.09309506645892622,0.27685665900738754
0.10366637348140434,0.2342110551386611,0.10476622767609167,0.16212240913403655,0.061476306728221686,0.03701255104570834,0.052435400318656476,0.07572913724779988,0.16858053922941985
0.23204784379987056,0.12618723354431913,0.11817522680846322,0.07253240820194064,0.03505476945151986,0.084341254725102,0.08062829777534186,0.1462401022771671,0.1047928634162756
0.22413980865933278,0.04516015257057691,0.1123764533281237,0.06076059202591083,0.16908872696884716,0.05565548951115503,0.08017688979881998,0.07200434428053473,0.18063754285669886
0.1872381073084998,0.1587017804561445,0.09043822965271801,0.27757787116425603,0.09192472636563326,0.019959553480698347,0.06368755895111448,0.032222439116222114,0.07824973350471343
0.10416610643193087,0.1423949058501778,0.11599799438939928,0.07706824350306259,0.07561187511818866,0.0807928077736214,0.19129836839216274,0.11309046928350341,0.09957922925795316
0.13429153633796587,0.18686503674342672,0.13275688171669628,0.033928551292620034,0.1086882402379516,0.04394138276051739,0.26685879467145995,0.05551180323405892,0.037157773005303256
0.05862037922025304,0.14007047586621524,0.11909204628269703,0.060677708103064366,0.04812333872825247,0.023301173932946714,0.1344640251280682,0.0916099615611341,0.3240408911773688
0.17455895800888047,0.12525671792000223,0.11305149898007129,0.04195548195917225,0.07727192057196859,0.13822420082464834,0.11127001713445583,0.06056663286367383,0.15784457173712713
0.040214040082828216,0.18649790780744369,0.09022315511001582,0.19850980403291377,0.04176530109995676,0.02706491379865279,0.05056478871954839,0.24364789380869212,0.12151219553994842
0.047420896715010014,0.17089176092109173,0.07854966193453172,0.21136912438219504,0.009296925761138037,0.07174269596646221,0.12713502781089062,0.045702606762327104,0.2378912997463535
0.08261223788955609,0.06462269252385926,0.09611564223738929,0.27102950273874754,0.025999115805668004,0.0765509203860039,0.24199207055834027,0.07833344287935921,0.06274437498107648
0.0902166153677025,0.05201442447703162,0.11508826278868538,0.06422789853013823,0.299779297515731,0.05057082411937656,0.17755277455446827,0.08990030018584132,0.06064960246102513
0.1100707400382573,0.17691915538505168,0.1001197096085516,0.02298597275565743,0.04841488079216972,0.24034080673875832,0.1702338113364845,0.0745716251000072,0.05634329824506229
0.11022025971497074,0.09768228796749233,0.1280555390289163,0.036379062672199834,0.08179985481411628,0.1792312708963024,0.13440475700178175,0.06031627065189495,0.17191069725232544
0.10203291528243719,0.0840320912053798,0.10493673876255494,0.1841322014113248,0.08925437711753381,0.16279200609497935,0.035400536743662475,0.11037806561348973,0.1270410677686379
0.10629292824358631,0.17117706087863727,0.12063541371128984,0.13532375282276937,0.011524446468470778,0.04958870546746932,0.11828874054787387,0.05655130885550535,0.23061764300439783
0.07803891852521276,0.15672339711711633,0.12777041876505366,0.061600506878450374,0.08308668090575407,0.0500309340408945,0.2684360188434893,0.08721974242278568,0.08709338250124338
0.11796288514464726,0.0762309990107361,0.12135630386896447,0.16863533511038306,0.20196024406096866,0.03141193739908495,0.06793304234943638,0.10708678922191221,0.107422463833867
0.015249949449637062,0.09825534694510436,0.11268990818015324,0.15477621556482857,0.10235651590316609,0.12453715074650223,0.05909159778501652,0.19503563610355124,0.1380076793220407
0.12954995450347895,0.05278747932894599,0.10773083753457197,0.10122221742582356,0.02636842540172965,0.09393280962433788,0.06504619809291064,0.113955498492939,0.30940657959526235
0.18172106321923928,0.06037200059497668,0.10663073502996036,0.14769603906944193,0.15230318699479403,0.058239744005061246,0.08888068257084804,0.026294952889891875,0.17786159562578654
0.2597532194049981,0.07818550597155453,0.09931042065061561,0.058108586204881706,0.16599849725620833,0.026422221573459092,0.0586473924197,0.07745433773885403,0.17611981877972852
0.0924804105603511,0.05874035030716606,0.12100855431704045,0.16940231239366485,0.20250519664994493,0.2046513304226647,0.06864770316410085,0.04181729225587766,0.04074684992918942
0.11430738200176666,0.12219798875061265,0.14419297985362559,0.15589922701336753,0.01579946358811607,0.1489763008722621,0.06386160251569208,0.044552438500721936,0.1902126169038354
0.05449135670057687,0.04959412702096094,0.10978868297761707,0.07158011327434104,0.14764087935271858,0.10355606626384507,0.12183167402017529,0.19246908106606456,0.14904801932370057
0.27616919016283675,0.03035090010478378,0.11935048113401908,0.16786114479291384,0.07033823783279035,0.03027156460740964,0.0670344051993444,0.1704623725125374,0.06816170365336471
0.08408367609930524,0.09819678737860393,0.10916858624130409,0.03620082987866982,0.03730865022217706,0.2260915368620067,0.11968187099922561,0.21212182947549466,0.07714623284321288
0.06992266404596485,0.08241026268487177,0.11743390592325359,0.08134600054564241,0.04077443746426,0.05251830474856556,0.36239336834913766,0.13810989925385556,0.05509115698444853
0.04795565747616071,0.046090223933368646,0.10145284827994594,0.10304606502713659,0.1343763882082586,0.01054259151822786,0.06792568851631209,0.4145615426637919,0.07404899437679775
0.14790049432646138,0.09483724011585482,0.09946279135319193,0.04447642358245743,0.1479169530682796,0.10018815099141237,0.08445027711914949,0.20704290574076809,0.07372476370242483
0.06351573493891598,0.1203672081401127,0.14027738439033352,0.07898999255501411,0.1873699084233155,0.02493297268949404,0.19215273371567773,0.14283931918250278,0.04955474596463369
0.1202144603361645,0.09677348932251902,0.10049497823109858,0.017657897898390895,0.2587157309646334,0.0410356658495881,0.08141386178571948,0.11362337820985831,0.17007053740202757
0.03925805912667857,0.07934292947873016,0.09351854673721861,0.025836729471221592,0.1195811184686424,0.32261746314832734,0.0430012909997654,0.17293762768675214,0.10390623488266383
0.16067768933535964,0.09377528257750456,0.13965999129358053,0.20037935841298107,0.08000774153193091,0.12276498740275037,0.07572324211932348,0.08883701558493834,0.03817469174163108
0.03969568597797847,0.1691102208717908,0.09305717572579854,0.0914420215735406,0.14618608600541272,0.05726133807688335,0.09751375254429272,0.036260681409990066,0.26947303781431264
0.198614738264597,0.04620441190965489,0.12577691457255122,0.17039704714769768,0.032696910480343844,0.12867352162537474,0.10285811871217376,0.0758832764021267,0.11889506088548012
0.08081341093077402,0.17709175890104545,0.11130503172136808,0.10933632077265364,0.10620076189178618,0.20051668736539882,0.06918970732529493,0.09555417653531097,0.04999214455636791
0.06790483800575996,0.21684588578122885,0.115522530123567,0.11366316123422669,0.025073385492882894,0.15170542624250752,0.12015950469357328,0.09070577296664617,0.0984194954596077
0.03806186398336605,0.20033282204177535,0.11766500793392447,0.03392384378236519,0.09669753277124156,0.11274928739282587,0.15812949228363035,0.19052221565958094,0.051917934151290285
0.1031772932329434,0.06600913256696488,0.13207663427166494,0.08395689051715464,0.13714330410331335,0.08040789402170663,0.08601286570623574,0.10721139451282201,0.20400459106719446
0.2539446026129574,0.23869180158048264,0.08373207102533507,0.1273984382776289,0.017024987741617915,0.011254917763343001,0.0684394652026924,0.059632145556138307,0.13988157023980435
0.12546801694458892,0.04265155781385415,0.1315049375890184,0.05962914854625088,0.039816109505808946,0.07977215603724258,0.10528598687181517,0.15694771837357888,0.2589243683178421
0.07124070590433629,0.053552999332513486,0.11305152315062413,0.156387800890759,0.03089492993915749,0.3756683161742957,0.1208853433816962,0.044782991952903806,0.03353538927371393
0.12428990233248034,0.09655912217710372,0.12508762865895315,0.034804927431745715,0.16009592069781856,0.22835165112352188,0.05980048117649093,0.049027400568905456,0.12198296583298031
0.07571502879131058,0.06384934223777554,0.08454448371645279,0.06758315106774286,0.26759378068029743,0.203481367650619,0.14074539363369967,0.025300930559052807,0.07118652166304931
0.0904015209243696,0.23276678267344023,0.10933612854014507,0.092413315307642,0.09734948224926744,0.09267459260281556,0.0335262831387185,0.0924509408660736,0.15908095369752803
0.1915850208425033,0.10768286741528534,0.11723517163799896,0.06876888987031192,0.03532146373439388,0.2287150307234677,0.08813446506463263,0.06404685113019837,0.0985102395812078
0.0651506055239035,0.08603126027892279,0.10007501830235882,0.13722415801259935,0.3259082020576135,0.050779824016986934,0.088609878775736,0.07589195024162392,0.07032910279025521
0.06964114170904741,0.21489325959433647,0.08887152551984313,0.007974628133650742,0.13931108149958607,0.2984258626052914,0.0738603728537439,0.03556717812352467,0.07145494996097627
0.04520564895325876,0.16032343521872028,0.11418470545290553,0.042513688157725715,0.09320354367724983,0.07409303352277999,0.1016312275610541,0.3063731453906442,0.06247157206566159
0.1022787998392057,0.08298414406874767,0.11909574582973016,0.09160601239744214,0.07088460811653656,0.11719499887557287,0.16908826382215184,0.07401623874243418,0.17285118830817892
0.05435294172925773,0.09170345410762765,0.09236484960655371,0.029596654847576582,0.04793605486258771,0.2329002213383212,0.03167563430974498,0.11928819122726063,0.3001819979710698
0.041148982010520446,0.08257928636468476,0.09043237893105577,0.17296252866426187,0.02693036916651816,0.06057100741590448,0.2867035575753952,0.1475796985564159,0.09109219131524338
0.2952528698078888,0.0798865301086137,0.11986158647549096,0.16680834864588256,0.07527012050165245,0.05464913151632233,0.06798195794949202,0.045920999148457105,0.09436845584620017
0.1593097919140349,0.1626718093827975,0.10454723515801452,0.1269526499778388,0.11730032989940718,0.031090126495576978,0.051319116748203185,0.03976312504696051,0.20704581537716638
0.23571821086388423,0.12019965948456673,0.12404945385592814,0.07424953974601174,0.10685048560249984,0.07375039362275881,0.10040212829346455,0.08394012645941468,0.08084000207147127
0.1256314408262271,0.06392595215277712,0.09780342098754558,0.0297889175149892,0.24617920900370405,0.19316063184786944,0.0656388718147554,0.12943683983453871,0.04843471601759355
0.0945949545922572,0.22677343741364017,0.10557085496526636,0.059210020752069124,0.07781175927050417,0.07393529225237022,0.07536064993249124,0.07614228696261875,0.21060074385878272
0.07361042612892406,0.06323144953597563,0.10410613630317246,0.04496453245823558,0.3389389788401596,0.05822359839807939,0.06171506734433794,0.09737403690107287,0.15783577409004254
0.18591157666418182,0.03458506086168109,0.14516438641482676,0.0539917574819451,0.0435966469920821,0.04305262857283526,0.15140242659077818,0.13281944406168192,0.2094760723599877
0.045567066047907785,0.10235396543750797,0.09913683110526773,0.07744421772614767,0.11670199386550702,0.09446487531930035,0.04825143929568043,0.24593673472986377,0.17014287647281742
0.25150091853302736,0.08081233605480218,0.11874824640015842,0.10936277481690583,0.08075007887606404,0.014633972185421075,0.15592204468731644,0.13642548535412027,0.05184414309218438
0.040309966096991674,0.06459621159368999,0.11758037855902591,0.05492664180914486,0.046403289308284544,0.04409800636576752,0.17341151368393296,0.3754056945820099,0.08326829800115272
0.0727367788962548,0.05307233164146875,0.09757828447606186,0.07778023653357694,0.1598074000723347,0.032663811677719805,0.06164290038817108,0.09643169299142677,0.3482865633229853
0.31645142455963954,0.07051766634394668,0.10320803671663081,0.19187027632698583,0.05504870349550849,0.04409335799082761,0.056255197611084475,0.02205461934217304,0.1405007176132036
0.24842004457897074,0.05518859068061575,0.06311925735977186,0.016852923981346583,0.23843512380261597,0.009053036112542429,0.03164759261137753,0.07694891854453936,0.2603345123282198
0.03261386860050731,0.1054882964920509,0.09424778831653054,0.0463931641985248,0.08544587793855761,0.1890583919046046,0.2540462238910192,0.07647859633360533,0.11622779232459966
0.1769652415502414,0.20643109615854774,0.12997147631570935,0.006383974909202773,0.10251477156449577,0.14157529379242742,0.11203263276418829,0.07732290417246383,0.04680260877272328
0.11233496303742761,0.03243360723909638,0.10279329367880556,0.08481918006597995,0.04839480221107004,0.2949813927874844,0.05126539939269067,0.08249030707427621,0.19048705451316905
0.12659942674258554,0.08256772088020599,0.09047678689066592,0.014381237016165139,0.1301947277253199,0.19571801917296971,0.11405318210908529,0.08376265758696982,0.16224624187603273
0.12207422960023201,0.04296173184840985,0.12990530008456777,0.15431532859504682,0.04628815462617127,0.08951714068817092,0.27465790723310246,0.07085090265247022,0.06942930467182862
0.09687877155884422,0.04597043576350268,0.1114758043392627,0.07983735161622155,0.05498262671120326,0.26628348185200673,0.0855109549258069,0.09218202130480019,0.16687855192835177
0.21555417993127898,0.14886689653052806,0.08341287321061913,0.04032401214932892,0.22044524294653958,0.0574602836751445,0.03948105388423039,0.0934119661878366,0.1010434914844937
0.03085889613964619,0.11306989095428994,0.07898989242938324,0.04090063423056826,0.12095818516242414,0.04604963654337298,0.14352992240932685,0.0891241108028127,0.33651883132817567
0.01447828037870827,0.07617823933111219,0.08988319020363154,0.02652188593951842,0.10538893422013945,0.3027088622951524,0.11726526545461903,0.11061641214829654,0.15695893002882214
0.07944182614337106,0.038883274119061305,0.11478085141828172,0.07322063842179902,0.14421778566072155,0.09748721357223933,0.0752280990354787,0.09951744837179337,0.277222863257254
0.20993179734454212,0.19249689317139596,0.10173080383941702,0.047511739950616805,0.06612158971646503,0.004541779226836848,0.14008494592657947,0.11798488555048343,0.11959556527366333
0.1440371940027048,0.12175996504169323,0.09008738614445565,0.12564918976584302,0.11895935482020965,0.0712849038550576,0.04800157384634199,0.021570831432840522,0.25864960109085355
0.12826402841898496,0.08789346830721122,0.13061562685045272,0.07389817052245284,0.048795075971360624,0.1038513491421924,0.16101786730984036,0.05767769284638716,0.20798672063111776
0.04091016223632123,0.06381709035722577,0.09225324705196143,0.021055871271375978,0.17170010578936848,0.4252987628937412,0.10167400203401707,0.05030955438241319,0.0329812039835757
0.1307029977200251,0.07740920097967094,0.11618251731161805,0.024751191082830692,0.06832919177573918,0.08963526169209035,0.0955585646812969,0.11261434314561736,0.2848167316111114
0.08009571309542336,0.2883127679126311,0.11380959276245378,0.031230881976014906,0.09504225603746057,0.027266390928841575,0.04735186616770746,0.041201454160186925,0.27568907695928035
0.0880151811419637,0.061394021791790244,0.0990309864076303,0.026231709556463766,0.2622093442521243,0.16593716043762016,0.17003994180463192,0.06194154648733635,0.06520010812043926
0.016993947479728332,0.08874963104717226,0.07320737631030387,0.045490413878788105,0.3301530019046042,0.22520139030652972,0.04750232388747531,0.03928876055425826,0.1334131546311399
