0.06220037767098899,0.19256405430975043,0.02297186402906494,0.4308824510968474,0.0613632878184989,0.09362838830453385,0.025964038782616966,0.045399314077670755,0.06502622391002788
0.12363262375937938,0.2669049169385716,0.0880552165425676,0.04544617263948698,0.029052194427856875,0.14413608253246757,0.07438904846022175,0.13870295427120277,0.08968079042824555
0.09854725208435933,0.10987157947199504,0.011647304687603915,0.16851935569425444,0.09730959426238255,0.0995767448244929,0.2872042669675612,0.10024429491475091,0.027079607092599725
0.12369905525828513,0.15538829743838414,0.1468527635388461,0.24942829531165178,0.05202294521891537,0.09941305399513516,0.027037540196600495,0.06676399917897247,0.07939404986320937
0.1831966884650503,0.08751363946248247,0.04698917042754411,0.020835962555910564,0.053978129724904005,0.1035179983917948,0.17972655198284768,0.08008410276112446,0.24415775622834168
0.12406436763961898,0.2228243368481647,0.0483747891155785,0.064611763644937,0.09011611477302738,0.1187882838679737,0.04665003099760453,0.09600413464615194,0.18856617846694324
0.0652080582085371,0.06661392135913369,0.0371393336498475,0.01813486871022454,0.21657473971171934,0.08646926695003443,0.3222119751098777,0.05411298649370492,0.1335348498069208
0.09449384374609282,0.14161072954047027,0.17832562949308187,0.058275784683591215,0.09444716900119231,0.1406437501609111,0.09080607712461748,0.096737612707745,0.10465940354229787
0.10322460706595205,0.1446640418670313,0.11756894233308374,0.10304295829197442,0.15709406931665165,0.12777202361556622,0.10069709339720123,0.06338697190259242,0.08254929220994697
0.08035772751535604,0.28772584647385585,0.10351050843501619,0.13797034007979067,0.02609345562191076,0.13883995879291253,0.06274587189895243,0.11678880399581604,0.04596748718638947
0.06825578839164005,0.09802970852218736,0.06042091186436918,0.024397917764670245,0.2766256723410466,0.13632131152450183,0.237846105186582,0.06632440501022631,0.031778179394776396
0.09851561818104566,0.1007178496215324,0.15870971328990396,0.14776539958441207,0.02816748121635292,0.12386833948773739,0.02988302140055443,0.13474292237628124,0.17762965484217993
0.08909793943017826,0.15836000212467935,0.1785650053096527,0.043667068182539875,0.0452160642684788,0.12075466898942494,0.10894889992757151,0.12521234476435847,0.13017800700311613
0.07871742417259732,0.18297467816983123,0.048033951746264146,0.169808592904233,0.011734398763072843,0.10911974586878011,0.11203362242811231,0.1305381758340688,0.1570394101130403
0.14756447411647242,0.14339519222169814,0.02922389476973347,0.06477136055335987,0.11305735278306457,0.14558638614495195,0.12185053822002233,0.08954948499353853,0.1450013161971588
0.17573161559744302,0.11000495142023174,0.09695268722664414,0.0957622392875317,0.034293393661296995,0.13973332922642998,0.09103144477259739,0.15530015814034528,0.10119018066747971
0.07152336675339119,0.16811630493941565,0.07248551017241518,0.1888614795375211,0.12481090173752768,0.12236990654588607,0.05407421908550386,0.10281806450155624,0.09494024672678301
0.07719955923438927,0.20839460176406868,0.026611666802716687,0.217010971216378,0.039780160879779175,0.10046522523121043,0.058829900895914444,0.07097851162084022,0.20072940235470313
0.10099892670779465,0.057284957594644054,0.011108439331851176,0.20709998609155075,0.24859516121264122,0.1127737021604029,0.0771997689466838,0.10076058796878529,0.08417846998564615
0.06169637176162432,0.10658376367922501,0.1386271215107978,0.02793821968080878,0.10085355957701059,0.11359812967308852,0.30967114589637185,0.04799128015968032,0.09304040806139285
0.09772577063119736,0.1608872791262843,0.019554215214554582,0.27525395976737155,0.09522607295646568,0.09865980245454731,0.02041646783228748,0.11721143234312636,0.11506499967416543
0.0644480907095365,0.10360190569429546,0.12434264190440121,0.042723399868046553,0.08132447247727398,0.10307247740774295,0.24828021587906876,0.08230216159211123,0.14990463446752333
0.13992090885597364,0.09642131963540723,0.19911778778567613,0.11096896063250206,0.04273617928299115,0.14551868864259412,0.13288909920599806,0.11876744659613199,0.013659609362725535
0.0781508923780081,0.07620773880622611,0.09530869536848728,0.02152902854803763,0.11598515635240769,0.11454283187129359,0.18071346697250154,0.062256764460358605,0.25530542524267946
0.05039174408491248,0.09621978550789662,0.0670331760389351,0.09718043758274449,0.1255645865769264,0.13360255729996393,0.19944553415503644,0.10624369822652265,0.12431848052706192
0.028344698942052243,0.05273749087967352,0.15926254072200127,0.11827590094664871,0.025004311214236515,0.10239060608092394,0.014829977784767088,0.12557405052045836,0.3735804229092383
0.07359438912057849,0.1462824515036019,0.058438373580295355,0.2366970732307084,0.04074361172255243,0.15077417978371413,0.07792940517984252,0.1382928405318569,0.07724767534684984
0.07439650309783984,0.12233663016803309,0.023316029887212954,0.0210936620765351,0.08469812450753789,0.1270831146612923,0.24951699946877218,0.06838106958729645,0.22917786654548009
0.14348154774933686,0.18212036393787298,0.07893535930367991,0.15973861573498904,0.07054965249660355,0.14136707334130486,0.0513310740889952,0.14034878379651775,0.03212752955069993
0.14479080124818064,0.2274758835806361,0.03590377755390491,0.06061962882178539,0.02611290800915814,0.08878066874128233,0.0701979703300333,0.06652657225884563,0.27959178945617347
0.07032235331192356,0.13628214405283023,0.1750058001082705,0.03137896915685521,0.08829363886838414,0.09329799476188451,0.05966066708763538,0.09033198870324043,0.255426443948976
0.06008609885910296,0.07514521840556272,0.08439207957606652,0.05647482605643956,0.2515330745179665,0.09427827568622078,0.23604504598375967,0.05145796258422516,0.09058741833065594
0.05276068398564632,0.08160057337723542,0.21783560430429896,0.05836502820148123,0.15831714995529578,0.13156642424786175,0.022340819597380074,0.12992105703423545,0.147292659296565
0.08158958632536142,0.06210817324089205,0.10552472501756356,0.03353344017105781,0.31391387317678543,0.09624282935207829,0.1445465048552564,0.1381925321658736,0.024348335695131496
0.13041699594819145,0.10099236436943704,0.11552057562149413,0.04421762275715088,0.10793170292425673,0.1530666802325271,0.1375173782555746,0.07170938830637992,0.1386272915849881
0.12017435417620805,0.19010881104886343,0.11781781089710082,0.03749278957677186,0.02579819076367994,0.1322121919413817,0.14006807988305456,0.1451908565257749,0.09113691518716473
0.12176771744545034,0.17449215390681216,0.04014566802764438,0.16706367465942318,0.03553513899691286,0.11709657046180616,0.0675148727013358,0.09378299414304447,0.18260120965757065
0.10094439418714966,0.15717423367556518,0.213864807911938,0.07132821202774813,0.03986861053782872,0.12388183243185591,0.13149483942484955,0.09647699063284053,0.06496607917022439
0.0972719128348799,0.15037364885831705,0.023276045106231175,0.14510338424734734,0.0815811901212033,0.10445841432025015,0.03678975688613804,0.07011180571415519,0.2910338419114778
0.11879596441089592,0.15733933181585816,0.29565032851168177,0.06358038728641564,0.04249018097495891,0.10706056985682451,0.0550967212342641,0.07260542716743647,0.0873810887416645
0.06242524891319871,0.18363290458548667,0.038054289594355105,0.03586852805560442,0.1211442838299532,0.12626927962496656,0.18835729432680373,0.07493843807745937,0.16930973299217225
0.06652284339527774,0.16195097219352408,0.01715301996923139,0.3891725399442416,0.03387706806916288,0.14850242044800277,0.0584330576472897,0.06394850568801867,0.060439572645251176
0.17389643156373938,0.13887844397459462,0.09496319008729358,0.03312795720502554,0.0664527099265551,0.1629609786853974,0.06144115571148076,0.16862380178380268,0.09965533106211096
0.10133630204280925,0.1674818417922155,0.18070594805893977,0.11536116027726499,0.0565317820446265,0.1450960281684847,0.0961121433854107,0.11110554190910023,0.026269252321148313
0.10108662114831457,0.13151668314492418,0.06989356780081878,0.015455714205896318,0.1779143496755667,0.1306651214760006,0.15168498675444553,0.058636886449695745,0.16314606934433754
0.09756244888332742,0.08850987701322433,0.16891429857298534,0.16664525602664598,0.09566228680862826,0.1259334690119913,0.06794250395254779,0.11653576077520537,0.07229409895544418
0.09541383921967718,0.23981224049154246,0.013647639784596786,0.06149323162275564,0.049943169782494835,0.12674571426254022,0.21800786605754677,0.1136741735737028,0.08126212520514325
0.12758493172450522,0.10534233630581431,0.1349644739917634,0.17499751365375382,0.17110284283514757,0.10329590654851306,0.04407148047117645,0.07602390902164065,0.06261660544768538
0.08373326882419778,0.09300392554146202,0.26195424230020364,0.06712684726257431,0.07909289278703384,0.11913231329015639,0.08125628181840301,0.07695809667578128,0.1377421315001878
0.07615055761853273,0.1528617051170358,0.0809286215779867,0.19406477979093992,0.07390030331581175,0.15579814349288387,0.04942563486139829,0.08630309891415439,0.13056715531125654
0.09105883090672053,0.07557197210403194,0.11559084289061311,0.10560743984017829,0.11307262385886378,0.11286354193979105,0.15929595170442945,0.06235941302677362,0.16457938372859826
0.10213315804105544,0.12336880981007559,0.25671589300972264,0.12876994149566748,0.018900977326771404,0.09390671330375083,0.05979223150743939,0.10382007154244334,0.1125922039630739
0.11044671620954334,0.09388143919019208,0.10253643436535609,0.14698040289072617,0.020128655229146215,0.1371135861781959,0.06473089264017078,0.09542110979762859,0.22876076349904084
0.08851341488520402,0.04885236172008323,0.14885035077814904,0.04194605050438388,0.1389944339548149,0.09950347894750156,0.2761462002392918,0.1357930885749837,0.021400620395587888
0.09855425251913592,0.2525426620477166,0.1730746592713658,0.04311414692536333,0.027807405776279794,0.1702029671732043,0.10584332055911953,0.08635858159003419,0.042502004137780526
0.10488427253196658,0.10392073703344877,0.36320391112852346,0.030858228217110064,0.03507799320087778,0.10381542587956337,0.04806978845342991,0.04967530731994154,0.16049433623513862
0.1368248299693166,0.11405258621043957,0.06695401702992232,0.14931068111939097,0.07715659801947268,0.1812166729211071,0.09391020558225792,0.10732252052508105,0.07325188862301173
0.1206434983522124,0.15144915454420174,0.1275404369259728,0.1831714172002685,0.035256952559982735,0.13843896438435882,0.02684454742535286,0.09412755093635113,0.12252747767129901
0.18935364901308985,0.09869957901679842,0.058630989789760786,0.10529206111839083,0.10152913155993437,0.1266586993235144,0.08408138642728628,0.14962393746122882,0.08613056628999632
0.08808661037649546,0.16499901612113152,0.030679142353652808,0.01255285778328786,0.09943863229815064,0.10406000604176885,0.34852011425047874,0.06529059652173987,0.0863730242532943
0.07622975007523165,0.0804014359108215,0.10034574681210064,0.4231997569028542,0.03841814053108011,0.10554590267916576,0.035416925056727215,0.09114137653408094,0.04930096549793803
0.09933105252131726,0.06985218953657944,0.10347359908871427,0.052096408153972706,0.04202145454601886,0.12626700444584676,0.16705606024710118,0.2534794427789949,0.08642278868145468
0.09264959718566727,0.06899182066459164,0.010580927066472639,0.02297597400892862,0.04859230624883288,0.07812678080118064,0.4183492147528314,0.05341470668001338,0.20631867259148148
0.10367990144664974,0.09331612599946139,0.2625368425589687,0.029515616376161485,0.13084965984197386,0.12453812192752023,0.05677037362949449,0.1498312681864876,0.04896209003328248
0.0686919878503199,0.1791976898294617,0.05061735052331497,0.26510213046124415,0.03914855792059695,0.12206030426874424,0.03703765072006671,0.12374515447549694,0.11439917395075443
0.07828189488340277,0.12792226195317224,0.044031841096357126,0.12380880671195875,0.11604906751360418,0.1317449809107518,0.18010294468673274,0.05127027240181491,0.1467879298422055
0.06291966012927086,0.2012635158079942,0.2723179749930891,0.023281411759460063,0.0656270939970116,0.12709903699531114,0.0982005829460661,0.0845336096299281,0.06475711374186881
0.17152654594132155,0.19013331533971992,0.15109756280956202,0.011611320534815882,0.013946221164121546,0.11226406093125164,0.22685671584102543,0.07456600222639907,0.04799825521178286
0.0978817205300828,0.1808076671834873,0.33072780669226576,0.04036380096831493,0.03704556344079409,0.1456466924175204,0.060645798639529395,0.09456485246638939,0.012316097661615894
0.12127644656862975,0.12045109933884533,0.1117680778956308,0.03318093691129952,0.0834329086127961,0.13834969825483145,0.12756971891641009,0.15226807626771652,0.11170303723384055
0.13235429413333735,0.19881004541855365,0.1959657521171041,0.05948986077839736,0.055062055108031506,0.13293913212846967,0.01900559085447666,0.10234447525806663,0.10402879420356304
0.08186543427476888,0.04948809437859742,0.0889444789697974,0.07418338833696468,0.1859961279009553,0.08861726260550534,0.21348703421683599,0.06240797584493165,0.15501020347164335
0.18798102676643472,0.1616300030072856,0.06476971528938479,0.1942258552551328,0.03349192024666132,0.14211271582178508,0.08066990094271174,0.08547654957005492,0.04964231310054903
0.06464150228856148,0.21275107464583976,0.09217817940142202,0.3620406825551253,0.007400145577323593,0.10820605964209551,0.05734455379678154,0.07461872522716319,0.02081907686568763
0.08967359324542569,0.15408330820217472,0.09046420078523458,0.015698109588562437,0.13242422007803636,0.1423328907371809,0.22012974868699234,0.10609901258424577,0.04909491609214716
0.10369333144071592,0.13288673459293407,0.2674823546493845,0.097787571052731,0.027502027872696563,0.14753203112971272,0.047959283843528155,0.14657337868259304,0.028583286735703973
0.12842725551971632,0.1467288176988065,0.30479841804339597,0.10333320338108547,0.016833329747012793,0.10622878388543477,0.037146937542902894,0.11463743350757032,0.04186582067407504
0.10367145540053359,0.11191043374584352,0.015002056638789405,0.008116974547314635,0.07887071087933234,0.09832996281309057,0.3930158080016784,0.1014268825603958,0.08965571541302175
0.11603022512770851,0.10890739843312423,0.13462630370491543,0.12172412058765385,0.06287097329309212,0.11040775582802505,0.05487575782221434,0.08040539415661241,0.2101520710466541
0.07362525871521874,0.143256403020561,0.03950781641938455,0.05014416422958782,0.21820744109211762,0.13727862154304213,0.20361458029967228,0.07301324321786128,0.061352471462554514
0.05067998073672331,0.1712550181751877,0.02575998549795921,0.15731612681799087,0.10922041822937965,0.1432610867956342,0.11373832123739312,0.11026124720288,0.11850781530685188
0.09064504967292901,0.09383917636312232,0.23696211394237063,0.05815040871398427,0.09190493641830207,0.13971024106459673,0.07623736167159172,0.11802759236212175,0.09452311979098149
0.10737871103818974,0.18059368029973188,0.29139399266698923,0.10380356377008267,0.039453845691743865,0.13075156389398654,0.02168622972595664,0.08370345484333909,0.04123495806998031
0.0847587164703255,0.05200554387885881,0.01578810831900303,0.02630265875053522,0.34249649102523855,0.07704798163395563,0.19026376521569724,0.077775473089929,0.13356126161645696
0.09402814629690183,0.15331945801430724,0.07140193887382955,0.01902566155514698,0.09091617123105543,0.1401452666533909,0.25475765501014674,0.13124950113761277,0.0451562012276085
0.1022634407752065,0.19928255730037972,0.31847840682359824,0.04794185888708658,0.03148623052993566,0.10882176852114057,0.04139834010955814,0.06557732214595112,0.08475007490714352
0.06577024039466213,0.05529895055240688,0.02834873897087718,0.01495948634750851,0.25941185343029544,0.11443893223178685,0.11935875838391834,0.061777060142056854,0.28063597954648783
0.1151751382793037,0.20727314213425618,0.15853870639855805,0.08839914207154272,0.0842543648671392,0.1380779820624577,0.10153735033380129,0.08824648377189458,0.01849769008104653
0.14408630285390253,0.09224445503303998,0.011971800567747598,0.03465105730880857,0.059578800430004374,0.10014467096222447,0.29415340111727867,0.0620666545629965,0.20110285716399737
0.1352632190624128,0.04799842256189751,0.013247556609377362,0.1270939655494888,0.0419287948347763,0.09704498047966063,0.13091078619132615,0.05377403046302281,0.3527382442480378
0.09146879498298423,0.2520838428944858,0.06665493921702972,0.03162120627827485,0.02835022181427635,0.11920545956511926,0.2230962650290124,0.05899394655844753,0.12852532366036987
0.04733486467131532,0.05417402640379071,0.06150359244260877,0.36867205984783086,0.08980705457798989,0.11720609875161958,0.06157252226570337,0.1190958147197095,0.08063396631943198
0.07419092642793762,0.09220662485940063,0.06710673885780333,0.024178848380597407,0.31458376328954546,0.10863008687330784,0.1855821747260692,0.08343649819334814,0.0500843383919903
0.06143778518319142,0.05365983859962853,0.09325749782042546,0.015085803101768871,0.399241930060065,0.09026670710626639,0.1294954982608011,0.06672969772210692,0.09082524214574635
0.08474006876445861,0.1404807936572617,0.22268859883648737,0.024929326174247077,0.09358850683127161,0.14370631734840214,0.07636894291232621,0.07912754988972742,0.13436989558581783
0.13866912408316112,0.13677535820530073,0.08675109540291392,0.07164298871464177,0.12384529923288351,0.11879884790619814,0.12516295412063752,0.08713642180476032,0.1112179105295029
0.10221312518293646,0.08401799798982051,0.1686734059734408,0.13006683659485624,0.05481050362216174,0.1398980880362147,0.11644079041127198,0.051947388577343996,0.15193186361195368
0.09168341616370422,0.13720211131089108,0.1319488280916987,0.1286261228443038,0.1791483889600084,0.10892688955905787,0.039944388935161744,0.06950858243872265,0.1130112716964516
0.08797209115263645,0.1569645842230639,0.2494062219778165,0.03425164079802237,0.09276711588814901,0.1334918439041345,0.06173530781482952,0.12461792319589869,0.058793271045449076
0.09422668217523,0.06736263180544548,0.009347472247928588,0.08012028042134585,0.14137999133686027,0.07359085095781022,0.2645552864761576,0.039583761405084655,0.2298330431741373
0.15154185873297796,0.162875784619915,0.05605257852758191,0.0753595123348811,0.2009146808276853,0.12005994670723297,0.11609390261386292,0.08242431998188804,0.03467741565397472
0.08885833332717374,0.2221078861629419,0.12188723725366386,0.0902255725192343,0.030409988074742485,0.14591619943092457,0.08260202432510011,0.08060608370311291,0.13738667520310613
0.15121203628859936,0.11608113612574593,0.08743873688244642,0.17853608799056941,0.04834762537180229,0.13078060565745872,0.06885284479060816,0.09882827474906054,0.11992265214370916
0.058447369038264176,0.09598939572611576,0.03669394340407602,0.03767484671406152,0.3402846198254122,0.0989834465070295,0.05079429960004927,0.05957485305664112,0.2215572261283504
0.16844168016992248,0.050162108469676885,0.1918646310050364,0.018518968464947137,0.11101161765902944,0.1177454543701072,0.16506222791800582,0.0947732397842219,0.0824200721590528
0.057121670465449616,0.08834036351267444,0.38969043716472046,0.03674691982968643,0.05961999072870655,0.11429470967800413,0.11956361619341631,0.05448049751501507,0.08014179491232701
0.1047059970080871,0.12463587545277037,0.08958938220448597,0.2054453778777671,0.012708720643281428,0.135714568738976,0.10551336893848429,0.14977703682137544,0.07190967231477226
0.0590920852584661,0.12431929541639408,0.16867209513402381,0.31704143260569556,0.050354876237230305,0.1164892724838088,0.03816325868702274,0.10554166209220948,0.020326022085149213
0.09836982166694754,0.12343797801542361,0.05103778717025579,0.03265420557329331,0.052728882618049894,0.11396993520573556,0.29532753222801605,0.08090310754072054,0.15157074998155776
0.08387042221137535,0.05841597109030646,0.01555945005196419,0.059145483328370885,0.16509259035251225,0.11499096202169834,0.23210164654680068,0.06425407332082982,0.206569401076142
0.10527374969848953,0.1427619585592417,0.07353687402107206,0.2307587029479743,0.09861991382571227,0.145604617138135,0.09096053985775267,0.07743915795885621,0.035044485992766244
0.12137126863557257,0.12457301216863186,0.06864385512137851,0.0711102890554489,0.1342877775102845,0.16128266208283637,0.043505102305921584,0.17515477473672836,0.10007125838319737
0.06998627854035112,0.13221110860620755,0.021867820894929686,0.05849749214918932,0.2010448648970533,0.16183828691777724,0.09495882157161967,0.10945463638933683,0.15014069003353517
0.08740279339865135,0.18726453323003112,0.11697280354598134,0.11863156038517371,0.0917370003326687,0.12987663430441165,0.1038519352344933,0.05151782734235478,0.11274491222623405
0.06816457374117252,0.126833427598131,0.24737158327691042,0.10937614870316759,0.03585122379887528,0.13569082967638646,0.08508239943930153,0.06797118448940577,0.12365862927664946
0.10359350414225664,0.07593139047173952,0.31003274511958673,0.14060522330954842,0.05291344803904368,0.1250600024706647,0.041181002127723354,0.09553869821520349,0.05514398610423347
0.12100516444531469,0.10241111860141822,0.12699288487813823,0.018474989517238426,0.08823259317403909,0.147282669463629,0.2302582540982522,0.06825936617973105,0.09708295964223902
0.079291032124403,0.15918267819238144,0.022297162249492162,0.18060726844497466,0.12065706102790219,0.1329084291294915,0.18921794641347,0.10100804520299012,0.014830377214895002
0.05294551143059099,0.03257774284971973,0.019068515189473292,0.10315033793059812,0.2461901228645771,0.07227140367452882,0.20659329100112225,0.040549915597686066,0.2266531594617036
0.07747258613277869,0.10193854677033326,0.05790361015085773,0.3171842945221102,0.1449947474610612,0.11516213892127185,0.02574740452377885,0.09543087520364803,0.06416579631416018
0.1086782211218671,0.12742828286322297,0.014101785376973259,0.021404848516332824,0.35151364897955234,0.11157258521131208,0.13818047639864864,0.057852281683897354,0.0692678698481934
0.07575650571890608,0.23910264098900882,0.06240499063885376,0.19162127595596057,0.03112717867863182,0.1273034179797399,0.14603909432960965,0.07626721788873968,0.050377677820549714
0.0637360453070384,0.1811366912475553,0.2874798841096839,0.055704190090678875,0.08105053218374035,0.11293700421383324,0.038477283517496325,0.10262896907324053,0.0768494002567331
0.13594011118213511,0.2417870117379323,0.041186937973357735,0.03952723707389304,0.10979874758730483,0.1251473017312378,0.1980747090875127,0.06871913009847308,0.039818813528153356
0.12941629143736966,0.16826249215084035,0.11808646694674434,0.04811426196246823,0.10746896342031668,0.1397731524199126,0.10404888307219869,0.10158544423728527,0.08324404435286419
0.0430874425143255,0.09879257593338907,0.033585732559002955,0.25163553124618837,0.05410527563818964,0.12525464134741726,0.04741896580944269,0.27150658256731497,0.07461325238472954
0.1194206715157579,0.05544746085830419,0.0319048634190145,0.08489878467610541,0.14295992446421013,0.13705863039877073,0.055069744095919415,0.06245079237993805,0.31078912819197974
0.09398614221524322,0.24865833234032822,0.11066719239233314,0.11225590498988648,0.07190949771128656,0.1461682032170251,0.048396832926487866,0.10692944309696333,0.06102845111044607
0.08453720163913847,0.1435034453244947,0.2739381608749501,0.05625981704917763,0.04645185400831742,0.10232577467378544,0.022481859987751592,0.1837865527029893,0.08671533373939537
0.14826828199535422,0.18036435498804884,0.11416239131039736,0.03407749282079397,0.0918973888997273,0.1318896328614049,0.13279506070933475,0.09743697523316501,0.06910842118177372
0.07117832548928668,0.2511295780549307,0.03798793615679353,0.08516238053166732,0.030318582222825467,0.11583408797001245,0.17297380525380626,0.06272921744590686,0.17268608687477074
0.048539385498079436,0.12406301186430034,0.01802165615476071,0.18029655685054682,0.1124109971308964,0.10414975837988416,0.06122652171741083,0.10681607864511922,0.24447603375900198
0.12526099963972645,0.14683061561709268,0.3158578515151274,0.029624659541204856,0.05459463323484709,0.137588883958439,0.038042660555189185,0.10158096729947398,0.05061872863889938
0.0930965533988119,0.16866119970939483,0.14799605864371732,0.05735227579611805,0.02097905338946157,0.1162166966680146,0.10580066576987018,0.18378192761483234,0.10611556900977925
0.1326708467537466,0.14923698080845377,0.1494435466333446,0.054817139062095954,0.062286690920983455,0.12560890326365168,0.0606983484810335,0.14367524883332064,0.12156229524336981
0.07794853959937499,0.12207471533587651,0.33816924661631637,0.05072809806956188,0.013077391957292406,0.12056347283834891,0.05925097720095999,0.08001735958853018,0.1381701987937388
0.12482869801995751,0.08101167056668314,0.2891960319017339,0.11359597800571097,0.05364053688966176,0.10713827267600347,0.05710460838631381,0.10654363448700786,0.06694056906692754
0.049327117215149464,0.13513580868867964,0.08565526001605521,0.38749256970435053,0.036058070015850326,0.1180966736634776,0.040907697517589034,0.09570162207176132,0.051625181107086804
0.07713402470411844,0.099371171354342,0.34669027835222027,0.008298747147732766,0.034664571110758144,0.153559599789311,0.08496770586304314,0.09900913461871506,0.09630476705975925
0.12211760753985335,0.1312961120447054,0.11343381888519671,0.05610085029812278,0.052730425958158654,0.12900848055537548,0.07827070878474508,0.12769786991360788,0.18934412602023465
0.09591826737971172,0.08852158023171987,0.04111044397483783,0.006319164259419433,0.24256262097000272,0.07802931967266517,0.12548256111901632,0.06970581169513612,0.2523502306974908
0.07959055603192015,0.25223961409494483,0.11287756875620987,0.08106056013232375,0.071294930767684,0.11129536689873824,0.06944359872063123,0.05497093338094546,0.1672268712166023
0.13827077672477864,0.13164269095741646,0.1396344617162156,0.05914281169670312,0.06284519209361057,0.1616879867942799,0.09675472717153595,0.1016678487166441,0.10835350412881571
0.08422996389558528,0.16467448727182146,0.027272807158591747,0.17649931601130184,0.062315059635787644,0.09844053433678927,0.09937467952195723,0.07912000535868226,0.20807314680948333
0.08415955786458235,0.09318567786726067,0.013075131103697511,0.0655291536558576,0.04950680040851607,0.10046955046839423,0.061742065311965334,0.09204926517878027,0.440282798140946
0.10198527398137382,0.0819769415590554,0.0888162715919784,0.12575640942655758,0.32442852223602686,0.10126574625039192,0.07038555664926302,0.058349870626745376,0.04703540767860762
0.10971326352064027,0.1912745755845795,0.17459895530666225,0.135339153521861,0.014461195912236782,0.14028782266791803,0.04250014660304089,0.14741013243411494,0.04441475444894636
0.16671971620000056,0.24625415246844096,0.05503036641238481,0.03470749286550637,0.11398999240841483,0.15542308062861998,0.0666871117528756,0.11158523822722129,0.04960284903653573
0.10650155466845206,0.08704660353415959,0.11006157725070036,0.1743887394301886,0.13387738192453796,0.1382447768234167,0.0510724370173651,0.10066342867452416,0.09814350067665549
0.06692506180584509,0.09029458371781311,0.06082704117631479,0.22433111611506562,0.059496606449532495,0.14543937308785856,0.16305359883103931,0.0757548998227638,0.11387771899376724
0.11071865653008883,0.18460643177245753,0.15388064976448332,0.03596942971319842,0.14832744446413773,0.14609410083716384,0.05576840999748828,0.1440894654868595,0.020545411434122453
0.13570384772745656,0.06120069560074714,0.2287207254658065,0.22960827147718663,0.021448303348623826,0.10113053459261256,0.10959275185788216,0.0609561040009134,0.05163876592877124
0.07364114638913251,0.12801208203145764,0.02978091676556131,0.38208230768561346,0.07980940810172794,0.12055898497797762,0.04752367211923264,0.074467309235139,0.06412417269415785
0.27375090080249204,0.16840532379458129,0.017145298889929505,0.020737595602412676,0.0708724564485189,0.08472172371066146,0.216929973872557,0.09444830741256255,0.05298841946628451
0.14289657456727126,0.16458545882874145,0.08080817719950838,0.263756881586549,0.032328210783031115,0.13494359194666108,0.08517593131249744,0.059950752270101965,0.035554421505638416
0.07493276622910656,0.12287608047844352,0.04518387023624996,0.03462025327534355,0.24577034066456271,0.10305551256546992,0.09958127566356852,0.06834229565271736,0.20563760523453786
0.16778289349985787,0.14105335382355427,0.15470529451070933,0.07097591571871308,0.06566997985192638,0.15113879543888012,0.09531615993442034,0.07059736920624644,0.08276023801569227
0.09526763268494116,0.14964711040428733,0.16016894790791414,0.15747510086402983,0.05453690847724105,0.12152052586085726,0.07379720261179294,0.10598353626327527,0.08160303492566097
0.11793523161486545,0.0890287504869491,0.16274114006856805,0.07070105549234,0.11561360605606612,0.10636501047655507,0.13439554167152665,0.07444356728959471,0.12877609684353486
0.05802514736423297,0.12682567781254137,0.1398027508064819,0.056925887380810565,0.21088958174897432,0.10813212444389542,0.1275658715371936,0.08340447670869651,0.08842848219717338
0.05997101603745192,0.11195114981283981,0.036884096732539326,0.20883163235899224,0.03004677384857862,0.10269710547562932,0.07846064502487174,0.08652434437668681,0.2846332363324103
0.13888015162296982,0.119058789308423,0.20822771247472796,0.05702686753089931,0.03628109124612509,0.12581249942541897,0.023284204287208562,0.16727892022118873,0.12414976388303854
0.08363676668234936,0.11277406993683468,0.0659583090976843,0.030770087958994035,0.059949823091772846,0.11236853973401362,0.23752625678340022,0.06335114177453535,0.23366500494041564
0.12624447928734497,0.07953063987395664,0.05440919943496025,0.010647716213268031,0.18212457778723726,0.11577424354960135,0.1351608040668871,0.08474814295844346,0.2113601968283009
0.08749290550638507,0.2406009982996383,0.032807687409041095,0.06451968458592271,0.07462997754457776,0.10035753170162276,0.19144536748202023,0.07849238921517078,0.1296534582556213
0.08437525309360376,0.09641189996012743,0.22092288630069812,0.24826402704191286,0.050979466685194395,0.09949858418938456,0.035730642055100806,0.07068474567546666,0.09313249499851146
0.07594127428506829,0.10865577435090412,0.056747980218714,0.23120544104200813,0.29108099869024834,0.09140636470844872,0.06310358367401298,0.045247191276457384,0.036611391754137974
0.09920184101281725,0.19205813655903414,0.0694944785903046,0.0337435780085183,0.09916427710160051,0.10540786038748355,0.08989941567814709,0.05269763343121577,0.2583327792308788
0.07519322698825541,0.1255887800248137,0.17323225328961966,0.08887388990734353,0.12708637006455475,0.11348280073847782,0.17841930441288656,0.05616677274353651,0.06195660183051208
0.15446657411365575,0.17401625212138305,0.11026105995495772,0.0724313325345754,0.060784962515363555,0.1486501455530367,0.1230031580148341,0.11935157748040275,0.03703493771179097
0.12301646212441349,0.21545439075994835,0.052578828830459924,0.04277067628784651,0.09440929064373856,0.12874765999996188,0.21838621909498157,0.08927383834549152,0.03536263391315816
0.06304083834623657,0.13832407725626808,0.1645033365511581,0.08495104665247684,0.025336655428537413,0.10454003255334014,0.09626110858116892,0.1142163071437361,0.2088265974870779
0.0651649902037852,0.3355164677957638,0.09830980510651101,0.16413743057151653,0.02765021007925288,0.10939496418648552,0.08605742561844949,0.07583956006702973,0.037929146371205945
0.09191908684970562,0.12735511137328268,0.1403774354261926,0.23715360748335626,0.11539701414882858,0.10905686677721016,0.058592436579648945,0.07002610059991282,0.050122340761862345
0.08428115734645926,0.10790896221716166,0.1643475891152689,0.053030565360282944,0.18126837965870338,0.12181325927849602,0.08756903483829427,0.06176490004483878,0.13801615214049476
0.06633108680424592,0.09157150787410821,0.11164086471860103,0.17343799098821297,0.05949663101579644,0.09145264586295383,0.19455611890882885,0.07884794520754053,0.1326652086197122
0.1042395450590133,0.11911964366661043,0.1338111272107517,0.22607155315577462,0.08476792419820316,0.11346264711881253,0.07564163273831766,0.12102466536967908,0.02186126148283768
0.11227220465077942,0.15186819410389574,0.08853670007004981,0.06704175658869795,0.2062957875601714,0.11661731340604276,0.08439647897028983,0.06019646217103078,0.11277510247904242
0.13150472193390725,0.11356016683687509,0.03832025662472255,0.24067709434883558,0.08299456312532197,0.16006113112034256,0.07681633367943295,0.0918707805201553,0.06419495181040669
0.05938722643217059,0.18959729475234735,0.29846452455085853,0.16250751114030826,0.018905318103252487,0.12066977476077206,0.07647947634646345,0.058656153711662766,0.01533272020216453
0.12238400137806994,0.1949037009906717,0.10712870166527348,0.027499832810817543,0.08562929528398411,0.17356362358530417,0.08233976388163605,0.12037134666180944,0.08617973374243361
0.1360909619070273,0.08836852054704615,0.08070254658943422,0.4504743872982408,0.0258580324296107,0.09832806869680295,0.0376008398316039,0.06241803290289505,0.02015860979733893
0.08407854894550278,0.15954900299110517,0.26304387967288906,0.1100148621845492,0.050731001053934695,0.1215111418292671,0.044094834866303584,0.12505871372397612,0.041918014732472274
0.11713776975478767,0.06613300888195082,0.04918695919183077,0.4033086389099643,0.014574313450013613,0.14195412340646196,0.023186870383359842,0.08586646227663237,0.09865185374499852
0.15751037543732727,0.09284550545873471,0.013436232279719794,0.4022041996555425,0.01762022670780113,0.07927754055767312,0.05487335413512872,0.09545655924307585,0.08677600652499701
0.13723288245034668,0.1342089245604694,0.057469192804683746,0.021155800133341892,0.22557396359870405,0.12875363863521272,0.17623718667467914,0.07454004516794675,0.04482836597461567
0.0573482287213876,0.19758500766640288,0.04218494957834945,0.387744351834674,0.061606010885495145,0.0831352573497579,0.060746731147703015,0.08259790344974903,0.027051559366480977
0.11915768986521248,0.2502244405813277,0.062071354375713685,0.11820870813318037,0.03140940436106417,0.09684905549643567,0.19485302089366655,0.05714159889649262,0.07008472739690688
0.08657347854769037,0.19425692337212772,0.1488956059226705,0.06547180525523522,0.056783367602101044,0.1519480182497855,0.0949302732446596,0.1474230507715292,0.05371747703420086
0.07756693152562076,0.24416867659206462,0.2403058363957804,0.03017271631856123,0.06930096512001716,0.1069869031330291,0.019122582675489466,0.11954313258622291,0.09283225565321444
0.0732922735091056,0.11871716182367964,0.02684059441831695,0.0842179922916072,0.038736048456166065,0.10294225495344815,0.3395465323730951,0.15055565557207007,0.06515148660251131
0.06501949017684464,0.15580364517483444,0.1280927880690348,0.04263530030502597,0.25543127163981677,0.11289796057847068,0.11194557992507055,0.047833402664924085,0.08034056146597807
0.06004633863383224,0.07491125189901936,0.012244194516328855,0.04819268752317273,0.18101396339092032,0.10771629712138715,0.3057776159601121,0.06446900129317783,0.14562864966204944
0.041607273009953226,0.22995806312664965,0.01701207687472167,0.2099447779236903,0.03513587564370697,0.08830306137983941,0.05365912742333457,0.08187934388950208,0.2425004007286021
0.11401012646636144,0.10201016214762632,0.040325952488758615,0.32219761546721043,0.01751813181558351,0.10776639682086193,0.20167283462058463,0.06242593964078088,0.03207284053223218
0.12028243516395022,0.09037352710387216,0.07849085503038077,0.13325177251870568,0.1317649716862541,0.13985384974647003,0.17922019727181426,0.08299074848754194,0.04377164299101086
0.098318767742353,0.13997287739327055,0.09083068886619006,0.07268150036608104,0.04265260180255862,0.12624511015504772,0.12905134091720835,0.11862689501165401,0.1816202177456366
0.15610845031818768,0.13176416054538478,0.10649020721613729,0.05566586803207085,0.042128464118250185,0.13521094876176698,0.12530952686434874,0.08694345588094289,0.1603789182629106
0.08749757413390007,0.18908664977931108,0.27438007572194495,0.043199775374625736,0.06491822284335187,0.12902932054868751,0.05162325749180724,0.10290927613317898,0.05735584797319252
0.03913923784967328,0.11742113385654285,0.40396763792329016,0.12905489379835153,0.026397496968406972,0.0948888628863575,0.039859707062850726,0.05843928262990004,0.09083174702462693
0.06474926597002088,0.15239076425583467,0.03868249125049396,0.22815503426075712,0.17436672732828953,0.10185366229101149,0.03391425247815729,0.07866424639907711,0.12722355576635794
0.08241584783416807,0.11613784007765737,0.07515587382968385,0.10950080757689766,0.17282411581433763,0.1312193685460171,0.11908015010837088,0.05756043082974762,0.13610556538311988
0.05014479928490561,0.16959584217425946,0.022429631661262054,0.4878313318321362,0.0536062130551545,0.0795277575392485,0.012127728518461582,0.0794125047489903,0.04532419118558172
0.1418759405020987,0.13151907935845672,0.036115186565321956,0.07757049131278841,0.12644961404301655,0.11915591236047075,0.16275961128290514,0.051724280712902526,0.1528298838620393
0.03922075279984341,0.23295962011758445,0.07775556817154239,0.1705660772611128,0.12836792611332723,0.118138127055318,0.053325771720933335,0.046954859551419065,0.13271129720891936
0.1327174779938558,0.11641813819523222,0.39395415048312826,0.012660795324937723,0.0429258598940295,0.11750753884426551,0.01786856733974632,0.09822003351455046,0.06772743841025426
0.06092111829593208,0.13887527766309357,0.3687792201423385,0.04599743863864841,0.015976329380965968,0.12042523980559312,0.11068535356243954,0.08542343571591204,0.0529165867950768
0.12435194397851239,0.23588355971325248,0.13258361140763256,0.17866711971851815,0.024974437813192345,0.10807462258304194,0.08579610308642917,0.07576359389342759,0.03390500780599326
0.0827867902683771,0.04365424936344442,0.07517980197458772,0.06128437631120138,0.046842278948993815,0.07219489529400475,0.2319503691775319,0.04097814976179114,0.3451290889000677
0.0882794475598317,0.11099884053236547,0.16773167613075088,0.08679088283723345,0.16943620017727135,0.11817539800155842,0.06865608536079554,0.08003390704384206,0.10989756235635105
0.11583572426270339,0.1264147121592625,0.013989029864940989,0.4205903562509989,0.01120038478781478,0.10390871583463697,0.05588854349634542,0.07510734895597186,0.07706518438732515
