0.14265068488347107,0.01510418826068402,0.20864059150119388,0.10413325459758777,0.10966366778384672,0.08763829951130335,0.13868534681966874,0.0832297349063352,0.11025423173590919
0.15017792808001917,0.036134463574466445,0.09335145277721064,0.11396953065929655,0.12211062661872174,0.11657172500781082,0.08836258085827764,0.1330640915409466,0.14625760088325043
0.12901098025872496,0.078626898829976,0.06475023173312795,0.0870936956499067,0.12292906581782792,0.15932573024805072,0.16690546762522476,0.09470769781696425,0.09665023202019679
0.14330111318593217,0.06480221109543681,0.03726275751526687,0.16689690897432516,0.13079784660826008,0.11994858072227017,0.052413015424128094,0.18493012100699532,0.09964744546738534
0.09102555839249334,0.07690239948615603,0.15801973755991744,0.1630816747560425,0.12213628338519356,0.09626342185531463,0.1485926120475247,0.09978205836979222,0.04419625414756556
0.14882514935318913,0.02676182229739985,0.10977257718173179,0.0866785051922721,0.11756192025956635,0.12422913206786244,0.15468586633121298,0.09487397886825903,0.13661104844850636
0.1720766272757459,0.01718700779602844,0.14061513749815815,0.10245955941661689,0.1197917991475403,0.11563235338572103,0.12038407314281895,0.10190911477834978,0.1099443275590206
0.1740574501809311,0.019698722230696197,0.06215473580884387,0.0835054335314054,0.12732224681032925,0.14234642055050858,0.14528527563880314,0.10732484840317957,0.13830486684530283
0.12302750380096716,0.03838888360831245,0.17500098970539146,0.13589553550284134,0.11039737303576824,0.09493511785044861,0.0581181656454993,0.13859847981791945,0.12563795103285194
0.15017350958002143,0.03433935172944121,0.01784520226112242,0.1257311311743504,0.14447928737006707,0.13195341277133457,0.06791265536409846,0.18156011863001717,0.14600533111954725
0.1828295433525631,0.024413311830658535,0.09141862885391938,0.17197624675037437,0.13450443935289969,0.12528336197142517,0.06740519734971817,0.1353820874881148,0.06678718305032677
0.17179617340908526,0.020079456708884433,0.1365581888683701,0.11612242045842729,0.1194800012657662,0.11099214457440872,0.09057857571519905,0.11196188066228979,0.12243115833756908
0.12724806420045784,0.04219893347661934,0.10403924673688242,0.1431470040790332,0.13280246471729565,0.12625062001223544,0.1659684350563895,0.10208611839937094,0.0562591133217157
0.07004793678354171,0.31374206491918444,0.037076134688490255,0.10965111407208583,0.10294834059569229,0.09731273359200675,0.05826957381424669,0.11296179342951713,0.09799030810523486
0.13504070515387526,0.03972084388027984,0.09801399398897193,0.0850123154556404,0.11674804507109626,0.12857003713414508,0.15189822375466502,0.09708349400673322,0.147912341554593
0.08799526881896351,0.20289935648877847,0.030265290842825362,0.11957302500432554,0.11792737199253184,0.10915771455284179,0.06131839013872936,0.14110585493914343,0.12975772722186074
0.1727062873642818,0.006561477116195137,0.05476572959912479,0.08759230777042125,0.12031622508620776,0.10634002136318049,0.10728397541456901,0.10684191566166927,0.23759206062435045
0.08634371497274278,0.1908079593495523,0.05448062814589214,0.13738575791719224,0.11741582892669546,0.13945292392443567,0.09655934330368669,0.11605154142535812,0.061502302034444546
0.08829706890051443,0.1690886200958319,0.07206872207274717,0.1088807223147407,0.10805807870246072,0.10421762306450888,0.06918809140556113,0.13058918906192293,0.14961188438171213
0.10130146915056394,0.023345107294026907,0.006719481327854072,0.2660153306996455,0.13123267972356742,0.11194280558946652,0.008704751123168826,0.3115251553876068,0.03921321970409991
0.09546377875967517,0.0836683742771585,0.21053140134344517,0.10970304866696882,0.10641392123679934,0.10401653036964224,0.13649732001869255,0.08713778559595138,0.06656783973166684
0.17772523966660622,0.0199364328702497,0.02354150336357304,0.22999159417359497,0.14107587160740478,0.11598066391346694,0.0341223820795229,0.20373752272299794,0.053888789602583566
0.1780427210144084,0.013307410627908732,0.1368164094668374,0.11738420125602607,0.12044131121463397,0.1061062744259117,0.09508799547347879,0.11869045101143642,0.1141232255093585
0.13465146100215955,0.016680149118053916,0.23727868224494478,0.1253008832139364,0.11394343139488677,0.09415753805518014,0.13176665144317834,0.08555633001015833,0.06066487351750183
0.1534181841205103,0.020125839880337285,0.10732365060092591,0.10940978462287854,0.11627026012375323,0.1059312794910181,0.08809793965998906,0.13005061690949354,0.16937244459109402
0.19748703222721278,0.018057526866017058,0.052749550413009307,0.21150938372418895,0.13608324128480462,0.11812385486517381,0.04650114076138273,0.16096592082315744,0.05852234903505334
0.1227074604594348,0.042243125331749155,0.23538989592204973,0.11999603624865918,0.10978949932003747,0.09648985675075951,0.08471215369044023,0.1020840391691833,0.08658793310768657
0.10976414207732448,0.12327857294332512,0.07187993233955894,0.0913586292127046,0.11794267290876319,0.1466049306915049,0.13407559025979013,0.10348561802551559,0.10160991154151307
0.1917581284798727,0.01114714683171819,0.09302133531237665,0.08641118971498718,0.12395410166341446,0.13033445728731788,0.15495356575610997,0.09256889610352699,0.11585117885067593
0.170969720725051,0.015150695534608126,0.05817833214967951,0.09410370068448552,0.12676362783775272,0.12323878598051546,0.10251913262496654,0.11941517081042263,0.18966083365251854
0.18392464750122825,0.013772864053920498,0.023202085309058425,0.2257538185044227,0.143564096674003,0.11460286467338966,0.035972105180539296,0.19925425599492042,0.059953262108517764
0.10425359156091663,0.13707315278161322,0.10809322794661419,0.0979053657792275,0.11186699131904233,0.12476816248255702,0.1160931006754397,0.1005564949675964,0.09938991248699296
0.07705335081740462,0.15412995346863026,0.20194414921523604,0.10639630614709628,0.09930438742003594,0.0941975756628693,0.10840198408088435,0.09032054084647899,0.06825175234136424
0.11237178470853341,0.07995159998223923,0.10007120683497543,0.11406117484023105,0.12292672960204569,0.13828122497787934,0.1665093211715978,0.09928496026789109,0.06654199761460695
0.09249840287102203,0.07370625112049414,0.2196893111028283,0.12018063903046926,0.10823889021887034,0.09822426213386844,0.14142246167739755,0.08823650015346052,0.057803281691589437
0.162826555068726,0.019423315300325292,0.12229921062137179,0.1083931193851776,0.12018418786714469,0.11044667116191309,0.10293686096276504,0.12201917984070892,0.13147089979186752
0.169477816226513,0.008646412433963184,0.1564905765224588,0.12297530281540098,0.11893059074276362,0.09441288824562062,0.09227016116626192,0.12811679963820566,0.10867945220881221
0.1890713533647906,0.01414716457063793,0.05325397491508609,0.08959159002839097,0.1302417294084389,0.13617539692052194,0.12580629637110027,0.11841810967530308,0.14329438474573022
0.15578079606653641,0.017745325484745413,0.04276954454434769,0.0907213521229188,0.12876468255807214,0.12390174119921604,0.09823804520459241,0.1251777370239294,0.21690077579564163
0.17435854599865483,0.024665250789882107,0.054148901603542944,0.09227083970765858,0.13289375745758925,0.15497132705488145,0.12129918693536325,0.11490863590483731,0.13048355454759022
0.149100178265796,0.0486531224111554,0.043429205318418866,0.21559522975603182,0.12878130911139107,0.11397539468262304,0.03535206648502776,0.19756870375589008,0.06754479021366605
0.2160286847905093,0.009390447549572932,0.08409940905939982,0.14026687290092185,0.13421020503756395,0.1337660552926959,0.091012313166094,0.11498948747518174,0.07623652472806053
0.11136884514620299,0.09953853300226227,0.0687005222403735,0.09194083344790888,0.12092838334051999,0.1504730737240486,0.17345987243226035,0.09591537394519782,0.08767456272122559
0.16518667915180477,0.03443068425224954,0.03970676871491499,0.1251817052630998,0.13533590928091088,0.13101199877904388,0.07967767960053042,0.15276015860819492,0.1367084163492508
0.07796742948402835,0.11917697590726972,0.25816593657792747,0.10536314352160404,0.09436017292866601,0.08847696847259412,0.11274476307012456,0.07866522337570804,0.06507938666207767
0.16536742984445063,0.01368920460414752,0.15717204315752062,0.09408750145059804,0.11428444872499118,0.10110415714029453,0.15689128171306185,0.08081621459647942,0.1165877187684561
0.09804352196091733,0.050936596210416955,0.27365801408015594,0.10900629590760014,0.10034765396560329,0.09044180369635568,0.13766356026901527,0.07469926383327892,0.06520329007665647
0.16236492837562844,0.03825279790628613,0.06498463873583263,0.15211444232133473,0.12931870691467054,0.11812269873338414,0.06446441448031366,0.14889663572232945,0.12148073681022031
0.06994151182272852,0.24563413362714784,0.13098908935662454,0.09710555085051104,0.09467020366319323,0.10189433706487001,0.10782809670367671,0.08460729137450651,0.06732978553674167
0.13746526504814785,0.0706112310278332,0.04927881872077582,0.10884804118046831,0.12928882416577434,0.13234939500812082,0.09232672649733235,0.1405698150047962,0.13926188334675113
0.1870858600075648,0.012836551696093037,0.032906297016686924,0.18589629800477692,0.13512048004004512,0.11263104317896232,0.050529357511443156,0.17792025231132916,0.10507386023309849
0.12031834097543176,0.06670893705567321,0.08563872077440111,0.11583110822276695,0.13016596319220533,0.13480342818747323,0.17984670854914028,0.09898345110445472,0.06770334193845343
0.1504020813900365,0.014020764903293152,0.014088728467064923,0.24592500593190936,0.1377316915618242,0.11010784078834168,0.02205903371360188,0.25291225349863117,0.0527525997452972
0.060593902649521726,0.32189851794608454,0.07227612992418499,0.1846958391078546,0.09613013408817679,0.08302858005579983,0.03519844377045681,0.11078697388264847,0.03539147857527219
0.1508803243701234,0.03143723908961374,0.07905520146523702,0.10401623142005097,0.12206662105115462,0.11886319684594611,0.09267770629985617,0.12524063620447765,0.17576284325354044
0.11194133240969058,0.0387024478142799,0.18041897695717188,0.10778686254874016,0.10938877404272103,0.09650757646704115,0.0990690303823825,0.1184133792897006,0.13777162008827218
0.14860948132549387,0.018007918268113095,0.014630354258360111,0.24844064152378462,0.1296221950690357,0.1100821410523154,0.01981050988425217,0.2614942148620979,0.049302543756547225
0.15309308750595624,0.013399649001805467,0.15484875294055148,0.08264537159674352,0.10490465826266877,0.09547005240724837,0.11394868485826604,0.07902546847025232,0.20266427495650777
0.12238956151538316,0.046806863850259166,0.09773784764658087,0.09374516158774676,0.1182042264378282,0.12197275803141742,0.1488889073179026,0.10779656876472181,0.14245810484816
0.16676441667260009,0.018195944027931336,0.08469448905137222,0.07760053377791282,0.1199459548630536,0.13274701718287504,0.15202653148669867,0.09191471971320105,0.15611039322435513
0.06947094327004504,0.21500148866520782,0.009074302239744784,0.10957552388745755,0.13106607235353698,0.10794068970795638,0.054997933958965274,0.1771628327253739,0.1257102131917123
0.10539390225266361,0.05303182104422327,0.32802916878731325,0.09695318741900023,0.08843236153063087,0.08413260072073314,0.10431725144740767,0.06043804060455606,0.07927166619347178
0.11183497138199984,0.07037091052858647,0.10194200128955162,0.09358225232593075,0.11480641217460907,0.12051132017285109,0.13108465067019998,0.1103739068750869,0.14549357458118428
0.11969539376543191,0.0910486507013996,0.06302711759557604,0.08746808246549542,0.12220920393944561,0.15615428289329403,0.15187303153454898,0.10399523319398386,0.10452900391082455
0.18124435884654158,0.013302580227895678,0.07069139124523409,0.11259242516956088,0.12455619841697253,0.11386710115554377,0.0926056495199951,0.14151338170110245,0.14962691371715395
0.10536772661039852,0.02970051567096733,0.010888181901226096,0.2620645818669282,0.12618347614765088,0.10792487406449731,0.011911847637223826,0.28638786958240575,0.05957092651870205
0.1948861093881458,0.011711146781179063,0.04067870299373297,0.16001518090589759,0.13339085663060765,0.11510312768437934,0.06271513510192277,0.16191731886371374,0.11958242165042106
0.09694875600323398,0.11513086670172012,0.0924597239364408,0.08087085775501175,0.10639733479234588,0.11985642773018244,0.11294233743590537,0.09363689914311113,0.18175679650204848
0.12984457678647535,0.04630198923180118,0.12866518003991703,0.09501359830691584,0.11667899068662403,0.12122507726219772,0.1431883481511357,0.10150527464989838,0.11757696488503468
0.07770805214354509,0.23506554989824954,0.0573379563230542,0.08346937453472374,0.10398251748153166,0.11724144066476695,0.10194287837841694,0.09931781328077709,0.12393441729493475
0.14533663115283554,0.019539230565683654,0.03641421135457135,0.156465928316011,0.12410128713294045,0.1047136143419772,0.05269251202423846,0.17475438750815783,0.18598219760358456
0.1751812990291662,0.015553429352821516,0.15412826063383303,0.12631624027100072,0.12510566671661946,0.11718790042568195,0.10863397860184172,0.10468273781169422,0.07321048715734116
0.18600109175566726,0.011549380259813752,0.0484712541874488,0.09028598946749344,0.1314114408242091,0.12364306660021275,0.16220336011392733,0.09863036003369231,0.14780405675753525
0.1905424360655598,0.012846005305449729,0.09332548260897677,0.09897235872434096,0.12504275821122982,0.12316353645856708,0.11969600659760682,0.10981881092776176,0.1265926051005072
0.11417664746225638,0.11227516277377958,0.05415811933775256,0.091154986243017,0.12427880209400573,0.1504052304515245,0.10782822134327946,0.11339212094004814,0.1323307093543366
0.1743102262942946,0.017543540265834195,0.11850661004528314,0.10032655392918238,0.1195979715725128,0.11693786773307964,0.10294131503214393,0.10339339986394257,0.14644251526372676
0.12265732518700452,0.041860475963681754,0.10316435828486697,0.09273478347777514,0.11492255358641838,0.11604590878013206,0.12972330533292134,0.11107648309416433,0.16781480629303547
0.05813811464726131,0.297184408518499,0.15208654818349457,0.09523225528211192,0.08408154848723852,0.08311384186282562,0.08004231772415552,0.07952680461135962,0.07059416068305406
0.1696014873419757,0.014540813986537345,0.03268700158010154,0.17811461680558852,0.12955256141648305,0.10836586669657555,0.04932473793423458,0.18404597014010346,0.13376694409840026
0.14138366465851085,0.033436553563409625,0.11931783181874488,0.08503044336730771,0.11378680214894389,0.12176566755857732,0.1323768264788784,0.09490750304976008,0.15799470735586718
0.13970742749334716,0.0666593449568272,0.06195296815592708,0.11298215326059487,0.12768185451857186,0.1286852291184846,0.08732439425887899,0.13037061715524778,0.1446360110821205
0.19126186078855656,0.017621476249496133,0.0723994003839558,0.116579305506791,0.13269770503924003,0.12963977440211905,0.105052754730393,0.1328204879862821,0.10192723491316641
0.12154638462633793,0.03609852569951492,0.12896153097692395,0.10650676846365648,0.11637015201597213,0.10540886495232236,0.10563805326303226,0.13251386803917817,0.14695585196306193
0.14426379779610873,0.03072111114742464,0.07751258834041053,0.0964899971728072,0.12816492133271562,0.12852727440321438,0.16678060227208327,0.11751972104822135,0.11001998648701437
0.10673273725843359,0.10194052147947963,0.08184377554790455,0.08348292210716975,0.11312157335245537,0.1398116022457217,0.1616742895850909,0.09064689367051891,0.1207456847532256
0.08926520931927108,0.1841667971750347,0.09135932218977365,0.09702477679200593,0.10760089132326611,0.13400989674949063,0.127209889195772,0.09294729803352625,0.07641591922185968
0.10290805383455241,0.08400123155427425,0.07069504788269601,0.176947590304485,0.15016178498727478,0.1195918020982434,0.12318525186402074,0.1257050859120832,0.04680415156237013
0.06805693797021187,0.2625661779828064,0.050552829516547604,0.08452032511212819,0.10179547880712986,0.11628232461544373,0.11036415008598655,0.10105298586287541,0.10480879004687034
0.1339434683305623,0.03391954418170607,0.16585347807265244,0.08781178744353263,0.1076262113226693,0.11042440471397895,0.12964154886876292,0.08685192107691882,0.14392763598921657
0.13646406329747165,0.08126057407117558,0.022035975883574473,0.2192563172164358,0.13470843369348537,0.11770023386993513,0.035073470987853794,0.19928695724340764,0.05421397373666054
0.12569908046944978,0.05573827677470785,0.07106755336576236,0.08482892621104927,0.12021180944924237,0.14093384929156613,0.16990678902757597,0.09692078952494228,0.13469292588570397
0.12367067407806805,0.052911618618704935,0.15052151155765545,0.08113390308069349,0.10604380631506845,0.12083103176415454,0.1547590045631242,0.07814146718247052,0.1319869828400604
0.15964768568176965,0.013116349913389598,0.05408346562133264,0.10088687605914681,0.12005149280612137,0.11009325136839193,0.09014364258942476,0.13872416236761367,0.21325307359280957
0.20436431964931065,0.01501725663090884,0.06428570260951631,0.18671466377752202,0.13514396504658718,0.11838591226315885,0.056947309862637095,0.14324070433583122,0.07590016582452787
0.20907600503329382,0.00771504212237079,0.06292213086200031,0.11404080289849039,0.13184492527155842,0.12125357015080078,0.09425226544833394,0.11906540086662738,0.13982985734652412
0.17602647759619275,0.013537131231955593,0.07988703845913103,0.10869419955656158,0.13140963531995872,0.10942335319352124,0.1626258878306019,0.09934753916365675,0.11904873764842046
0.10624935334050457,0.11368319173908252,0.1454662269112452,0.09526740283327623,0.10734667920614582,0.12660764860027046,0.12676032568365755,0.08869271562325193,0.08992645606256565
0.13680766510192555,0.061422409393806554,0.09017499643858366,0.12264505630402094,0.12189411669093768,0.11632800386371926,0.07827027288057586,0.1356773254775766,0.13678015384885386
0.11248955647867297,0.06315519537927383,0.0912967629175423,0.08943668943655166,0.11366678630117204,0.12112624569900077,0.12785492589684055,0.10884114098957859,0.17213269690136732
0.09965617749368594,0.12131601905048418,0.06229232262730349,0.11328556542322592,0.12641930387669267,0.13702429268124797,0.14957947350930956,0.0966568756145683,0.09376996972348188
0.1477561252180808,0.043533173535982427,0.09609643227803932,0.12467896018892917,0.12175080451287489,0.11438879623135619,0.07702017132550824,0.13253449726702024,0.14224103944220867
0.1988295926119481,0.017021400696550063,0.05799313118723676,0.1768993616034238,0.1371622730691935,0.12189065341881243,0.060373380662125505,0.1417769192751963,0.08805328747551351
0.15918065149486058,0.016857038963875078,0.1465446431669335,0.09686800767986986,0.11786997751771146,0.11032123420727247,0.14967965793646623,0.09446617848588258,0.10821261054712827
0.1522863053318807,0.023519904069576048,0.08375158797460612,0.08776329061780769,0.12047879000720889,0.1233606423048686,0.1385232546626183,0.10983223383234746,0.1604839911990862
0.08230116537698606,0.12844834807409625,0.16085057696851054,0.11532131201438763,0.10780936826569638,0.10208992265081869,0.15766347490403312,0.08315928861949141,0.062356543125979845
0.14020278008090695,0.0677997261333608,0.02355768729956027,0.1856667986232882,0.13378465609035242,0.11911487700746613,0.044110415332282514,0.2003449000217922,0.08541815941099055
0.09764832033502123,0.08550803898519255,0.22633249068633587,0.08388756197044145,0.09134361365013849,0.09829499953849287,0.11758349632861308,0.06865271131349591,0.1307487671922686
0.14448140519962746,0.08017661437672959,0.06263106727293855,0.25083530663553394,0.12983938508352572,0.11036053805384034,0.02947296664486838,0.14982860012047636,0.042374116612459746
0.06618053396668704,0.2754431023592526,0.07859523780654874,0.09678952482647551,0.09648736333298645,0.09604155158612354,0.07735163482368142,0.10882655882325114,0.1042844924749936
0.16948550437623303,0.039602602632487154,0.07239343733206237,0.1316782825755047,0.13301878972780262,0.13602830366596805,0.08763226289385746,0.13061547154364814,0.09954534525243651
0.11038412675442023,0.03881503841520654,0.014167280290778165,0.10308403190873305,0.13282955894292214,0.11400021457998466,0.06504870256610747,0.17750847973072334,0.2441625668111244
0.18059753560223415,0.012892479934144073,0.028624704896273157,0.07324885178832026,0.133476286415227,0.1499207410719884,0.15276764826422096,0.11020752249941433,0.15826422952817765
0.09321103719335229,0.13033515961723552,0.16753908770014192,0.09722583413496533,0.1021249371814358,0.11766657208814008,0.13364909159795554,0.08227385580220671,0.07597442468456687
0.114942558796772,0.06837989094004096,0.1039327024337872,0.09387987956709874,0.11537895970402857,0.12491087301505162,0.16840469890748247,0.08810808443529439,0.12206235220044404
0.19432750310955607,0.01800452050172006,0.033887085451487185,0.19015287850241547,0.1417054268943088,0.12500885892079863,0.053060037250898605,0.16683327556357994,0.0770204138052353
0.1212210568189432,0.02862323093823102,0.034247613521030146,0.1630189401470213,0.11505804324072032,0.09996539990454245,0.043109111432122545,0.19485136203255024,0.19990524196483875
0.07310857065191038,0.21723310975524177,0.21004414240177502,0.09425599662012744,0.08423910400754564,0.08460140638415768,0.07699459998254725,0.07200955047840073,0.08751351971829413
0.14953667505276,0.018626252799531385,0.1857298279185998,0.10067841804467581,0.11423233497631062,0.10514709138231822,0.1468063661880463,0.0877723331551084,0.09147070048264948
0.07097292559645572,0.25170829818822593,0.0960264173672515,0.08630622438359463,0.09352077862818779,0.10016538921090619,0.08822221169259835,0.08845487112039123,0.12462288381238867
0.175230939268512,0.014482048226580205,0.026149405991782903,0.12256896996673323,0.13839572756292276,0.12386849509150465,0.07539610137171886,0.15982871271069696,0.16407959980954848
0.1090045346905996,0.09514540243013347,0.12537728681910473,0.09094764719029591,0.11098228324276664,0.1277718394978703,0.14738016598075024,0.09169382462609658,0.10169701552238254
0.1427147054290766,0.03063209032712085,0.14079337918943166,0.09562329778579114,0.11757743622916768,0.11967989527453392,0.15258540257079814,0.09572735460536123,0.10466643858871884
0.12174526024140174,0.070039415672343,0.091199411818345,0.11847892187677479,0.11737272484067561,0.11103952336414484,0.07506570243267756,0.14098733277685493,0.15407170697678252
0.08185244439771099,0.18060259978293633,0.07527994780144169,0.10126433832361852,0.11307572807349059,0.1311804585976859,0.1553081388686056,0.09803804021777562,0.0633983039367348
0.14664344515250474,0.03935653562527428,0.15661728676580888,0.128969887807913,0.12369622073085874,0.1171034469255516,0.09433243131708118,0.11405688252755286,0.07922386314745472
0.11773199288114329,0.052807876108052126,0.020201633830615955,0.08048576146314411,0.13458419514420153,0.16498935683715976,0.1478427402585988,0.11603453195372937,0.16532191152335496
0.11279776902140141,0.1027695440586028,0.11076342770384966,0.08403183035237281,0.11017880927680916,0.1322568571478929,0.12785702137563304,0.09168202727761637,0.12766271378582192
0.08711630389053081,0.1611349444613461,0.19710276521061335,0.10386582029315816,0.09594972568953904,0.10620382412152236,0.09753141968568545,0.08011296963987784,0.07098222700772693
0.05921785647282751,0.28108806105611667,0.09413694146619687,0.09698735093931903,0.09589094460302645,0.10185896968229413,0.12354267965486543,0.08958298607533431,0.057694210050019595
0.11025690870858706,0.17473011036398756,0.06286156372126177,0.16282483207373957,0.11860554710435688,0.11124827503415423,0.053410872577436264,0.13212584309083386,0.07393604732564278
0.07843582058360422,0.1292440817106231,0.1125325055328572,0.16483554220260732,0.13214241243862632,0.09995724363505205,0.1067577475245744,0.1284096208745496,0.04768502549750584
0.052387111240008215,0.37060979828550034,0.04068022516717649,0.09760711188048543,0.09445991811426717,0.11255005290423721,0.09174654799984798,0.0924409512331043,0.04751828317537291
0.08921313305744422,0.15600138415862075,0.11464489702890444,0.08994211799104916,0.10437231854539819,0.12698025446559305,0.15392860604374972,0.08265907211873778,0.08225821659050271
0.11320109675877965,0.13175951570984676,0.08692020213311952,0.10192660272092868,0.11598386619283685,0.12526683052883175,0.09352089579189488,0.10783698313103185,0.12358400703273009
0.1669910435124576,0.015002015366614463,0.12652417907995747,0.08996142960767563,0.11217042591258182,0.09649632640093568,0.13977377089821283,0.077874758387019,0.17520605083454555
0.15117669138407888,0.03685653682193623,0.04323395100881492,0.19096547402160333,0.1268953434304968,0.11046183249321351,0.043356438541657015,0.18566243362008986,0.11139129867810943
0.1457516900160228,0.026793381876927338,0.021202030127063773,0.18924485624020415,0.12718476597417785,0.11092108152864318,0.038866826108952195,0.22202469230022923,0.11801067582777942
0.10678616926338852,0.15899165870659676,0.04905711480474715,0.15951116076796398,0.12093135528893524,0.10536956518164751,0.04912347279433238,0.13773472659966632,0.11249477659272215
0.08131488580329747,0.23288261308662161,0.10346881211682048,0.09679967332238038,0.10017980974695222,0.11471387201447565,0.10063270929308708,0.09014115212892693,0.0798664724874381
0.15253775955801555,0.06139624822525582,0.060188071475185644,0.22065737484947975,0.1331498077155434,0.11933935697448779,0.041522007075171806,0.15902109099322487,0.052188283133635376
0.09609498897118156,0.10900087390175445,0.12514043427370486,0.09958350467514675,0.11087098970783864,0.12005484972769442,0.16892657120488566,0.08556191312666184,0.08476587441113186
0.17346355781121167,0.01522325745081024,0.07332546084097004,0.08104400080265217,0.12306212415577487,0.1305414226344034,0.15659700034564558,0.09743254527512102,0.14931063068341108
0.1613541294536187,0.02413408047494943,0.022771446372341794,0.24512937430571258,0.1319315238141113,0.11045775417322619,0.02508348411268282,0.22911562939341432,0.050022577899942876
0.1580935393936921,0.016125004948246303,0.09378845165980958,0.11700581280388317,0.1286540789739226,0.10263563129642027,0.14297627484455402,0.10571484860059928,0.13500635747887266
0.16475767888486872,0.023016607268385902,0.08383725975784012,0.10959147648951821,0.12306227230832119,0.11720104112245251,0.09204674814041865,0.12829023289135785,0.15819668313683682
0.12564663279500674,0.07497306198677361,0.08392200980795939,0.08380835849157077,0.11812283078299719,0.14958710420596924,0.15184977991169582,0.09643544006182385,0.11565478195620327
0.1471697687965055,0.035222858087903756,0.15464107537360713,0.1024049149448012,0.11759102714390862,0.12403870437909738,0.12733417625282767,0.09643686121893828,0.09516061380241055
0.15509618705793196,0.027821685992884745,0.1429180517543149,0.11110390294193721,0.12096114700900777,0.11451993374155907,0.107440106098549,0.11360645190981768,0.10653253349399773
0.06917011109584113,0.24153126699850969,0.06310277427192987,0.08567920849678547,0.10095096082494864,0.11832786737781298,0.1209888565526781,0.09406311171453141,0.10618584266696272
0.07659139695362363,0.1842942628232396,0.07698407841810877,0.09630336436068737,0.10890874197620842,0.12287340934117041,0.14426708025439297,0.09831480512340346,0.0914628607491653
0.19577747188367836,0.010714935293994409,0.022923244229634824,0.21627771909472374,0.13909539124949707,0.11503954021182729,0.03900645981316537,0.20259247644173586,0.05857276178174305
0.12709016172460538,0.06773804709251458,0.11063368367669389,0.10813144128935236,0.11980210857898127,0.11841089830459472,0.10134342854482357,0.12333974548701505,0.12351048530141917
0.08596397062810163,0.22503356686297982,0.10397543330752422,0.10606370809679688,0.10314294920181594,0.11137271552810735,0.0886524132982361,0.09610817265336741,0.07968707042307058
0.11425121227891921,0.05507522287297095,0.16409220942212602,0.09446640246248973,0.10932415817091484,0.11250864353173763,0.15971166096665923,0.08498141102555538,0.10558907926862693
0.09661157561511337,0.17924420450364797,0.051983675207202075,0.09260248528847682,0.11609405510068253,0.13382065944551755,0.10569797350722586,0.11123922613870156,0.11270614519343224
0.10021624801435043,0.06650448743896574,0.18923623518219881,0.09804828867503591,0.10214288958180424,0.09871013630808766,0.11087285626126953,0.09524028911938219,0.1390285694189056
0.0927993803424868,0.19331887961804495,0.11188916355853597,0.10810809162797626,0.10239543981866712,0.09770010411299586,0.06574604106670874,0.09949885546605375,0.1285440443885305
0.08544946648957251,0.23807579969259796,0.05308830862195404,0.10990203666990124,0.11111474948089088,0.11968370690183457,0.08787858020586377,0.1139606230195153,0.08084672891786969
0.11554042224525425,0.10039890270780423,0.09324022028654894,0.10290747381605236,0.11874093805211282,0.1476165368846796,0.1349673189349068,0.10143701260777653,0.08515117446486448
0.17405058246752633,0.03386395639353034,0.06036983713190969,0.17344369967982567,0.13258225178749572,0.11976889854482953,0.058116710508811474,0.15328800996246764,0.09451605352360348
0.12638812397537985,0.11979791514647055,0.03865869600324457,0.18095535164543627,0.13109085988736172,0.1277106544999944,0.05301580070491566,0.1469226173146062,0.07545998082259074
0.08843397224783867,0.0796105448471,0.2274587358232123,0.10845857872112243,0.10143598213429526,0.08967349914951739,0.1459186083610198,0.07665693131148069,0.08235314740441346
0.13002440452517716,0.10724974686422012,0.08382949110959435,0.13531963666412736,0.12390994320553901,0.12877416114820803,0.07728084959784205,0.11975741904002579,0.09385434784526615
0.09447250550106996,0.15698699159998353,0.08157034522109256,0.09372553089262366,0.11264976254801083,0.1355598834527085,0.14252339608065615,0.09841699306718321,0.08409459163667156
0.06706873303892137,0.20504789254437092,0.18382967616929155,0.09206003156386959,0.0884273387005697,0.09501857652430218,0.12050479862462156,0.07276815198532315,0.07527480084873
0.08023195665989445,0.1175516749646922,0.1935488812933733,0.11643731828186617,0.10598609186205128,0.09726547957047767,0.14327142019080066,0.09010172499634374,0.055605452180500614
0.09709496904916359,0.10929510550680015,0.16406992227774173,0.0861069234000712,0.09985672808058048,0.11676070014830504,0.1536349256530863,0.07420602401120618,0.09897470187304534
0.1093845315428398,0.08021775906938017,0.10930871667636477,0.07313645688275691,0.10540519033471764,0.1267770129956032,0.1338943041754673,0.08171511028366506,0.1801609180392052
0.1526597366576484,0.040129185235163865,0.11900750784416991,0.10156640930288548,0.12147879058635536,0.13150904664667976,0.11847039619377232,0.10441658804234721,0.11076233949097758
0.09098929350924619,0.1360989113453575,0.09649591376695643,0.10297571893084752,0.11388602974729267,0.1267634297411905,0.16484773644365364,0.08832639094288501,0.07961657557257057
0.1671975130241725,0.026059986256357363,0.09006810160369695,0.10626110726315817,0.12515257310554703,0.12472534312380486,0.09524136116178629,0.11387682731588337,0.15141718714559346
0.10434915650376937,0.09352284820270518,0.1384917035281716,0.10108658173158791,0.1111751380727886,0.11874323847829094,0.17223472211807,0.08127762667610883,0.07911898468850755
0.09444065215830365,0.1828504256994623,0.12530743057553037,0.10933741856800504,0.10592342123699271,0.1127063490304312,0.09061774030337057,0.09703813477978955,0.08177842764811465
0.15654548568017093,0.022646297568021983,0.10374719614941975,0.09019137886140892,0.11929818613807712,0.11962906339762984,0.1026019064473569,0.10055461992288656,0.18478586583502796
0.14399888033658026,0.03093937381752961,0.13665304230507117,0.09221155562955273,0.11604316575196277,0.12007318759417929,0.1447095273880891,0.09559806008855758,0.11977320708847755
0.09189689644730863,0.23706502530423987,0.08894380869520509,0.1301901179700352,0.10423499618908226,0.09727895552738923,0.05480033409036924,0.10774409580835041,0.08784576996802008
0.10383021258051589,0.08519398000814687,0.14490113009146585,0.09864066229340686,0.11019756285998228,0.11618117396927537,0.170735432689465,0.08235674997972192,0.08796309552801995
0.053163268514876565,0.3124978842660224,0.12476751954690224,0.09911477964323508,0.08654893195061687,0.08184253490453357,0.0732753655564382,0.095316201492096,0.07347351412527908
0.10366482099445896,0.15808995803460155,0.136987747560025,0.10850772009102343,0.10587376064747522,0.10833106306156015,0.08102542522802482,0.09699810977792565,0.10052139460490518
0.13795645033228307,0.04844395362664444,0.023623196269167798,0.25261261725143136,0.12959368499349078,0.10728549457967397,0.021790522167331117,0.22609959457845427,0.05259448620152319
0.12568224775178552,0.027273603897369145,0.17643078825259736,0.10375162555364216,0.11230718636776904,0.09904459862677639,0.12496179048781673,0.10520725460162579,0.12534090446061785
0.0997648051296826,0.04436634554803113,0.17110588284936015,0.10183648269876439,0.10260088843563527,0.09239382173562201,0.09907150852173814,0.10805970298247047,0.1808005620986958
0.17727547070415797,0.025603335196525467,0.06077532580494611,0.1158097704214285,0.13279677223395334,0.13355514465419124,0.09203631554081372,0.12855060829639184,0.13359725714759182
0.10018424200738969,0.09938074110607142,0.12837034130311611,0.09495236043102546,0.10800030714872115,0.117334272300139,0.1611901058647113,0.08025106557850693,0.11033656426031879
0.07134477100346723,0.24584746261716506,0.015674501960888442,0.10191894023147485,0.11833820890684461,0.11023832090680707,0.06505905461914432,0.14823784081046185,0.12334089894374652
0.13619647688745032,0.0392789359507533,0.12017683213937819,0.12585766857793235,0.12461329572967673,0.13557458149877158,0.1554755328666573,0.09477034135650969,0.06805633499287052
0.08198212643914093,0.17132928540498613,0.21097446519101992,0.10549385820693374,0.092027922193603,0.08695366508985714,0.07221507081317304,0.0858512935036268,0.09317231315765928
0.15192124235635762,0.02963390352158483,0.07524536538395678,0.11882213780921569,0.12207877295933271,0.11360541836949693,0.07861134441009608,0.1397399238255027,0.17034189136445665
0.10741928027769349,0.10995639726937134,0.09293398039863558,0.08314977464224045,0.11144849639786907,0.1385011059822623,0.15014551363244713,0.09108409464932932,0.11536135675015134
0.1934096128483114,0.01472326671252063,0.025091851502201445,0.17880803855513547,0.14231723725170023,0.1245956363599845,0.05431757279955509,0.18122469021048615,0.085512093760105
0.16432178542522397,0.021166648612452436,0.08353103344011986,0.15982243923034364,0.1281162862851381,0.10498712276160105,0.05810106335722277,0.1309959036412243,0.14895771724667398
0.09163487216930144,0.14762763420863093,0.11121876065781877,0.12569656749890926,0.11353066039919107,0.12645002893425464,0.1188054659140509,0.10190953267074536,0.06312647754709756
0.12476469557768366,0.028760429861831974,0.15868378802363495,0.09764260539132875,0.10654440883576866,0.09797773092257095,0.10245629329080945,0.10668538677779336,0.1764846613185782
0.08344143581999919,0.23746738259985156,0.03256401038571854,0.11806762245612534,0.11634273376534708,0.12719827816915805,0.07448693933544098,0.12318179735145907,0.08724980011690013
0.16178636573263544,0.027773745866670016,0.1247417996643637,0.11306704328912565,0.12504359815738358,0.12138547302042767,0.11115817924384513,0.11611464025838265,0.09892915476716613
0.09847545893090014,0.10649963462751788,0.13429819594629377,0.08866094222876873,0.10504569172195051,0.11728707823598916,0.1360003436014545,0.08864444644946025,0.12508820825766512
0.15547369350079573,0.037441025479788344,0.11014878608387176,0.15896182409775247,0.1343400892060598,0.1212201550269461,0.07229739789181128,0.1428272322384901,0.06728979647448445
0.19017220282473746,0.019795760809459283,0.05066779702879178,0.16656419679443832,0.13380607293613733,0.1203070367576895,0.06185908579911459,0.15987909818739374,0.09694874886223802
0.1574420356288597,0.05087682782543204,0.04852029768368931,0.21373895772425847,0.13303884315007042,0.11202425856594221,0.04080006064064718,0.16368273743067263,0.079875981350428
0.21378206655796717,0.009443618734670757,0.09010478338180412,0.13759485809143218,0.1325677198060522,0.12639546117872627,0.08224294544841079,0.11237781608962222,0.0954907307113142
0.22554353835103771,0.007142153223362081,0.05084353323233415,0.10637783405764749,0.1364241225860954,0.13872736634874802,0.11245130033393798,0.1170930073670261,0.10539714449981108
0.12341986913415866,0.053529268205451334,0.10306618763147268,0.1328175236194074,0.13387688825917088,0.11350565119672433,0.16328551098870683,0.1000216911866177,0.07647740977829019
0.08185968777409385,0.13304785435011598,0.14919993328924552,0.09812876162609992,0.10254906164730239,0.10576311434438111,0.13072783909188215,0.09225333912799259,0.10647040874888647
0.11635388949812901,0.052434141123201716,0.039266339042480114,0.10235596279503638,0.12077878384501761,0.11604691530609158,0.07819313449285341,0.15295207681786052,0.22161875707932963
0.0878112020414612,0.1371212308925884,0.12285218206701175,0.0961976003311103,0.10648408544169086,0.11932265834939924,0.16103248394950379,0.0836699565792044,0.08550860034803005
0.19645641694120694,0.00912089025069192,0.11298178403147204,0.09781772509105642,0.12370021916832163,0.11701686847497655,0.13957001737840127,0.09819626580030892,0.10513981286356429
0.10334517296314633,0.0801949789925677,0.0408821501507152,0.07798304949332928,0.11867742527506077,0.14257561082346523,0.13848887039089616,0.10413245517990066,0.19372028673091868
0.1472112548736931,0.03132829673756849,0.12827427728271265,0.09717069221963855,0.11720576230174302,0.11704086567922693,0.11946956088403994,0.10683067323511808,0.1354686167862592
0.10613272670049174,0.15461446514228,0.022268619113987215,0.234285413340411,0.11810948893785927,0.09879207937060064,0.024274691403078235,0.19276466053309474,0.0487578554581971
0.08817712523473824,0.17515401116005883,0.16344764210446955,0.09235347010360197,0.09643755435869338,0.10604932409737955,0.10189032798760889,0.08201284153070258,0.09447770342274704
0.078765748798046,0.2725587812268303,0.06402702348601497,0.12962123252645208,0.10656289162576267,0.10185832800823608,0.06432169211030504,0.11814954812581192,0.06413475409254088
0.1132402366602054,0.0706792976902103,0.11223086651672098,0.12421763309904582,0.1253584329069908,0.12416906579146536,0.17367417495701973,0.09443552344550858,0.06199476893283299
0.0631640042254706,0.20191155328780788,0.16810757294632203,0.0984535121892835,0.09153765522719703,0.09344205637885543,0.11855344834319027,0.08068130730909687,0.08414889009277644
0.15074022201063697,0.04238987378933298,0.06607599280232203,0.08613869343304988,0.12657300282027528,0.15593814113354718,0.139987495979911,0.10651599147644535,0.12564058655447938
0.14464898080733737,0.03144389704191305,0.031947205927899645,0.10013834017317667,0.1351684671441644,0.12912785669053528,0.08732405130503389,0.14130415054445322,0.19889705036548647
0.16687080307667948,0.021141182593738882,0.10102683381606538,0.10013324119404221,0.12112430238871841,0.11869896466807532,0.10686935665238585,0.11420499443246528,0.14993032117782923
0.09197199252731858,0.05065474967946439,0.2575308349903182,0.13301191349000613,0.10740238302960858,0.08602190202337,0.13650953621653508,0.08571810148128846,0.0511785865620907
0.15074967888032878,0.023924057842818442,0.030264386758121566,0.1611743937428242,0.13365279314937084,0.11178221574547359,0.053847156349653195,0.17457396443191234,0.16003135309949712
0.1700416569230813,0.028564167431756427,0.026101322683615275,0.20586479071106253,0.13731214415769114,0.11835290005019268,0.041699909938445294,0.19790119312006094,0.0741619149840944
0.05132168099330655,0.36134743794950747,0.014050351116066081,0.09227059399300126,0.10227433294825052,0.10704092970755917,0.07626704055780885,0.13156900668780946,0.06385862604669067
0.143688153770997,0.020474336702557668,0.09987695338330616,0.08984010251838936,0.11364873612177917,0.10955081322287791,0.11463670242953523,0.10997651942015196,0.19830768243040545
0.10551076690337176,0.11850461683699849,0.017557140521917307,0.134876517667505,0.12914797610319784,0.1157994998524271,0.054057619592371896,0.19055701364812058,0.1339888488740901
