0.14782731199613805,0.1172713904971543,0.10203259346496031,0.11638707167840372,0.07381216425901628,0.13033665819851628,0.04637861233392335,0.20229744678193118,0.06365675078995646
0.1330118111290738,0.07504015274068303,0.043083504799755264,0.10503913367616709,0.1505051423447719,0.20800117383944908,0.09648093786233464,0.16675091057392866,0.0220872330338366
0.12721241339307424,0.07656923253379465,0.04174854084308532,0.12590175627634603,0.13749419157278273,0.2417424038063621,0.035725698022352946,0.13946160653909845,0.07414415701310352
0.14490964212780186,0.12240791272854712,0.072909227789571,0.11459075959425045,0.10152191571094508,0.16800270823390662,0.04562933456746171,0.1820693297539732,0.04795916949354287
0.1278932702765736,0.24592191116245674,0.02288925425850012,0.09761297834322291,0.08145584367225267,0.11119297456174626,0.030688340426433813,0.06136138241751952,0.2209840448812944
0.051557082276332496,0.02440976064664124,0.04434050910326041,0.10655032958216713,0.12293016188682376,0.06306814487599217,0.3393901166043134,0.0494486518447697,0.19830524317969975
0.13779196849341932,0.1746978785925326,0.05063401267529257,0.11405560363355809,0.0993251989938992,0.11646359271092747,0.04166612971058798,0.09057337215660162,0.1747922430331812
0.02509601536628216,0.035735219571498715,0.5691428097532126,0.08616959942952325,0.05383979724698337,0.06958004518455399,0.1016646561184883,0.04375119841997075,0.0150206589094869
0.11829387887608787,0.08059207722205884,0.07157195982133781,0.10610893838543951,0.15181226163407444,0.1706443387682012,0.11944395245142105,0.1620051039813825,0.019527488859996864
0.17337319533447726,0.09890420517488345,0.05098709795302225,0.10514030156782687,0.0410332307817945,0.108352876664575,0.016831824988504933,0.130311076482292,0.2750661910526237
0.0994927292621523,0.08472621718943407,0.030527407743606547,0.11313059692609018,0.11889497644465084,0.08254390957579222,0.18518135322203585,0.05482127615204383,0.23068153348419415
0.1637275747873857,0.1275863951704598,0.03361183056065511,0.12064761956881838,0.1051886681655065,0.13932121021132857,0.08560685397147082,0.10673382785074269,0.11757601971363252
0.18500777321150916,0.1202595113833607,0.04012094824943648,0.10661540142851723,0.06979775972123868,0.19316320263622222,0.023842807332656483,0.17526212136637329,0.08593047467068572
0.1276515545045327,0.08507783251116197,0.02030299182856794,0.11042633749438423,0.20256649924755474,0.1463828277940223,0.17435971630537125,0.06165066573460629,0.0715815745797987
0.09205385400905737,0.08344950849368044,0.05625444726480436,0.10059885372752908,0.26370217454326583,0.16038141500956146,0.14581015426447252,0.07690681326325331,0.020842779424375655
0.14535922260196238,0.06571398378811763,0.05004458600032303,0.11285864250715671,0.10928349398492543,0.1381183826321859,0.1840637055033808,0.1554683848617715,0.03908959812017662
0.05939192157824608,0.05063422837235568,0.37627815724826125,0.07227110524025561,0.05955497173126073,0.09046096744365102,0.08661822485894684,0.19599872013492134,0.008791703392101457
0.19530827726917743,0.1337759516165956,0.03597722938689271,0.11083034753520622,0.06481743219021263,0.14334384455913765,0.03299925939992769,0.13740524754063843,0.14554241050221162
0.09188788136107416,0.11322370755226457,0.2500892393074421,0.1177152746484076,0.05448140962965059,0.10040776828233715,0.033633559631382974,0.16980247778286187,0.06875868180457906
0.1719556903908579,0.09452752675569992,0.02079901571116053,0.11509404429169123,0.14276784060674014,0.19114649188393415,0.07731996285009256,0.10262925924015738,0.08376016826966622
0.08874501018322621,0.020533496270598313,0.16071678528750322,0.10028844189224471,0.03593730729879235,0.06006566502023023,0.33100769103253164,0.15338270731051315,0.04932289570436014
0.10637216493996404,0.07081338240555766,0.10553480951091175,0.1071295319836853,0.12753052446134597,0.11556657824658823,0.21657036644505864,0.1241095676497157,0.026373074357172743
0.09701402091594458,0.22911508440813114,0.09814528105442365,0.1197454104624358,0.12080753982645753,0.10873398034135984,0.06349743526230434,0.07786139874352421,0.08507984898541894
0.20500721859909557,0.09192517767992775,0.025385438313568407,0.0990579623530737,0.0779821499943605,0.18474295448105163,0.05997750440815507,0.2013095269784535,0.054612067192313825
0.09154850884716086,0.11756283140331504,0.17726943344613352,0.11741782569659533,0.1466493953600362,0.12090387227558297,0.09176219300298422,0.09978075835946991,0.03710518160872192
0.10454597221071098,0.08717500397814432,0.09643709406761902,0.10037353784297011,0.16736953868884838,0.14842318992100026,0.12325040889053972,0.15160700052195367,0.020818253878213597
0.07039597066369209,0.06878269489546866,0.3106969994453242,0.1074252220803592,0.07612380307471946,0.08034747808471593,0.15464505785453767,0.09798570771540811,0.03359706618577465
0.14587435996108167,0.09839485856715818,0.029095793663845165,0.1256214297524181,0.15417491029844077,0.17875216708551364,0.07979934383476424,0.09148138741847456,0.09680574941830367
0.1276193362527079,0.1534773321198417,0.07301057019939826,0.12643259990758685,0.09767005166011099,0.10906895842509416,0.10571672493406477,0.09878419329484354,0.10822023320635184
0.1451498342628047,0.10611711799768304,0.09263438748504577,0.10935099220861187,0.049430146699113914,0.1466798115665077,0.01372734152425934,0.20630243065802423,0.1306079375979494
0.06636012147399671,0.12359813706212307,0.2213512139110538,0.13422479344999413,0.09713029052156859,0.12354736708176683,0.045169583774997385,0.08744229701880868,0.10117619570569092
0.09024209037088267,0.05596399386076409,0.15400658942495501,0.13672708784117352,0.0958185483706651,0.12331879800662453,0.15913849265550759,0.11491607933002797,0.06986832013939952
0.05760452699244961,0.030994378817433613,0.1617415939335993,0.12519175498563798,0.07492876873851145,0.07718588542925357,0.28407453304350244,0.06308913067428315,0.12518942738532882
0.06466581651089076,0.11356608836547656,0.3371237826497236,0.11566568586064446,0.07471047658837665,0.08993868985108415,0.06212356895351879,0.09638633217567678,0.04581955904460824
0.14958242669490687,0.08844837773568265,0.04700586004235103,0.10330574925256175,0.12873083192053814,0.129847137634548,0.16735539277086608,0.14662660355899826,0.03909762038954722
0.11399005901684182,0.024893265477747686,0.018403540253472912,0.10155666562156467,0.14205794358851828,0.15452354405728072,0.3029869663149503,0.08382513951281516,0.057762876156808356
0.1473888322053479,0.10259922867818079,0.07375519061875709,0.11657756853179908,0.08525266175564304,0.16188438027103047,0.05259077156683253,0.20969849553961314,0.050252870832795976
0.05247375828222056,0.028425387578909365,0.15299059676345814,0.11661278159721149,0.04608012697912878,0.05296716978235214,0.23144829363235286,0.05589928462285349,0.2631026007615133
0.1301505923382835,0.059309483713011424,0.03144462587541755,0.1366849356980032,0.1161058405065513,0.19604539013987343,0.038531776960934176,0.10769280279828934,0.18403455196963617
0.09401812307049977,0.07383512130611437,0.10157831682067087,0.13286130394969756,0.11752371165773118,0.10620778097291206,0.20265591227255228,0.075926499500147,0.09539323044967496
0.1784229807915935,0.12459641406393936,0.052295147867837434,0.11699702917850842,0.061345820979937155,0.11148768001676017,0.06285903613437219,0.16103579667994708,0.13096009428710462
0.09486933842373953,0.056575236476463446,0.048261824120545284,0.12219046310424347,0.1238568077497308,0.09160750507507164,0.2517853318970229,0.059915467805772366,0.15093802534741055
0.10815587239266143,0.08046344219810533,0.10658663300007554,0.0871891198942999,0.11849730508699989,0.15490067271341768,0.07922412022596091,0.24972380502543723,0.015259029463042093
0.10789401947996725,0.06641947827147639,0.08114169109553994,0.1287846975958599,0.11385915572304661,0.11139982681822462,0.22045034317044224,0.08925382365311411,0.080796964192329
0.051080231048171054,0.03594364437525986,0.166618496100659,0.10582805572901582,0.11968841759224084,0.06550484869776803,0.3568792545692105,0.047014829370181706,0.051442222517493176
0.15064516866515634,0.21092035962066927,0.02089988654162095,0.10078700488397335,0.1150210569032331,0.1089545838802032,0.08166688337864658,0.06634454911077158,0.1447605070157256
0.06823480772581286,0.05185620602185751,0.1869454853249742,0.11133080022655865,0.07304840867420374,0.05436895420827901,0.29098085790807654,0.05585815714576762,0.10737632276446989
0.1500651454606813,0.13310975608044626,0.0677218020336864,0.11926716301717473,0.09957037670440899,0.14964597056214438,0.05963044120801353,0.1600155829348776,0.060973761998566876
0.1141217232360117,0.06826776494460111,0.09179016336569172,0.12195354099495348,0.10240503665534433,0.19152312423262682,0.06479528649572633,0.2100601119921359,0.035083248082908615
0.10937210156929379,0.05854673814383738,0.09760858389846516,0.11387060826483449,0.11353681827859823,0.130642317931184,0.209581505808604,0.13963247763644143,0.02720884846874155
0.08437728730969168,0.056226463452323204,0.12734121035628113,0.10723044674185463,0.1538512946475122,0.14620745957030346,0.20254323290460777,0.10675430538920615,0.01546829962821987
0.11425319110829513,0.09495981752825981,0.06280378035557796,0.1253725621914277,0.13157694315183618,0.11183292519471795,0.19625923572332715,0.07855666656638599,0.0843848781801721
0.08487441327921892,0.053468078916659834,0.06788266830489215,0.11328386515493709,0.14523707382167794,0.08852288916186661,0.3246938417037024,0.05693654381588555,0.0651006258411594
0.13174384952785792,0.06336032076089024,0.19262469192097406,0.10203606948788739,0.030003788143449533,0.09224159886543504,0.039801357918780984,0.29427303439654195,0.053915288978182985
0.049754014353111164,0.05179463043115112,0.32005696418930335,0.12422719257904365,0.06849632512004375,0.0788636914585386,0.16747576275181,0.0638997805648601,0.07543163855213832
0.11856248382908419,0.08774763905051443,0.053619857913051655,0.11047821164494571,0.19537291857855155,0.16519838828999062,0.13904010787352694,0.10317243784595269,0.026807954974382157
0.04177049740409794,0.09460918159864758,0.3981262266445551,0.10997242895044552,0.04754389313574262,0.051443828835605054,0.08963566306193137,0.04861569734255514,0.11828258302641963
0.085302024091237,0.04672869178764314,0.058493401219301765,0.10483357654021523,0.18141255031650425,0.11777398207909755,0.31535174055297616,0.06187810297091955,0.02822593044210532
0.13150491906119113,0.1621942130202312,0.05587638387653493,0.11747113036928358,0.14490581738247388,0.15637525701226382,0.06656043946961365,0.10943953134501772,0.055672308463390115
0.13236717298505155,0.05559721776216922,0.05935552799596608,0.1186235638602708,0.09608645354627003,0.11674968998507733,0.22989490315388217,0.13230697303546238,0.059018497675850316
0.12872927516009577,0.20331049250740674,0.026636787371719966,0.09450611822661002,0.04823562477099871,0.08157846168338641,0.02723182106448913,0.05625100022549787,0.3335204189897955
0.021950598066030207,0.024587585808554774,0.4969264269761753,0.08845332502738144,0.046008421543349824,0.050375266769796166,0.19198367786596746,0.04222873598298766,0.03748596195975722
0.0805541511235527,0.06232412963568268,0.2538415354610998,0.11868470716930062,0.06562306156608877,0.11885982507151706,0.08143790436826427,0.18605313030857115,0.032621555295922894
0.1270329164781984,0.17906826611425944,0.06255154495202203,0.12042920269651906,0.11164184205445056,0.1073276755489984,0.1085072248177918,0.08770867433975754,0.09573265299800275
0.11132593506532452,0.12642709342091016,0.10948927691451558,0.1069406963965035,0.10304184437806611,0.18912112896886868,0.02530200606007296,0.19543340876566717,0.03291861003007127
0.1525653951629188,0.191819035670073,0.04254089747446151,0.11395710451237424,0.10693518667883102,0.13512851120823582,0.05143028265800814,0.10047042265053809,0.10515316398455932
0.09984841918132174,0.09732479838477155,0.04596713939236515,0.10851522540818687,0.19480809662590007,0.10735041895915182,0.23270307285859715,0.05883872556096278,0.05464410362874297
0.03559295995631765,0.03475020513726141,0.3471111518381233,0.11301246864963238,0.04617638207889988,0.051302807271934286,0.19640004578353332,0.04680234925721152,0.12885163002708624
0.11346240272179507,0.08438245005799068,0.07678329632392643,0.12440353441247792,0.16340023224686373,0.18917741622060893,0.08953454855901305,0.12643693710769568,0.03241918234962851
0.06332525167867535,0.036278923014919216,0.13272560390253751,0.12297755775549442,0.16213785062449737,0.1734235776324312,0.21180575551000821,0.07412374281613081,0.023201737065306125
0.12133734387688454,0.12438280624212733,0.013191180270754034,0.09677517832817528,0.13783352833584347,0.3598353150089544,0.018003405597165636,0.09408841046508243,0.03455283187501296
0.0806944510533471,0.03395562752034603,0.04555848299385712,0.1042960937980106,0.1820194555713112,0.12969426801227937,0.3365583699825785,0.05877090267729479,0.02845234839097532
0.13487712546485683,0.09399561975577014,0.024757650099237288,0.09850282251975338,0.21407792489383612,0.20194986236250254,0.09846370625838878,0.1064074546731557,0.026967833972499272
0.1575275604025743,0.16864595886952172,0.03192300435593728,0.11104296860824993,0.11452834548589752,0.11728527840982528,0.11141990079876996,0.08850904309713346,0.09911793997209058
0.14641952636276026,0.12973258218100336,0.03068493873727388,0.12209098890639487,0.13824910842103588,0.16838366229028912,0.06539973605792652,0.09133619580302937,0.10770326124028672
0.10413255609485082,0.05919574582843599,0.0639572318093577,0.13982864492594566,0.11316140837530424,0.11967373971454724,0.14379745706255143,0.07915566512659453,0.1770975510624124
0.11866110334166917,0.14127625720012393,0.020693069620077647,0.10451119847063646,0.14498363074719398,0.0954873068602952,0.16020074665743048,0.05507066067461406,0.159116026427959
0.058529171152944086,0.03649200919071047,0.08775519868322514,0.10969501835097073,0.12154326954110128,0.06013714153203983,0.3556430063447265,0.04782059481729315,0.12238459038698886
0.1430321442688132,0.13172073362493145,0.08518684145511259,0.12074931531070184,0.07954628161927012,0.15128602035761438,0.03519202918464707,0.1747553698793074,0.07853126429960196
0.10662149064642888,0.12381595627629612,0.1489910446995456,0.13059126262170334,0.08513800916774354,0.1079827314170528,0.0951697111826954,0.12208900457899337,0.07960078940954103
0.07499765451361169,0.04143726099071433,0.09328570437778567,0.10808997211359263,0.14403809690404054,0.10142303387668744,0.3428338582469044,0.06262010946587723,0.0312743095107861
0.0443731720670572,0.020795610818817794,0.1300392374199875,0.11373797768321355,0.11618504267867892,0.0873954231634928,0.384126974742,0.050119155881830475,0.0532274055449217
0.057805385297072964,0.10858960609757251,0.30340076287650325,0.11424853373842832,0.09184187603511366,0.06969220348277473,0.12832154370183405,0.05706710092363518,0.06903298784706524
0.1595712357281175,0.1421438277092306,0.03112292400486298,0.11133259178724991,0.13912185128600693,0.17795170406676122,0.06518995856794621,0.11231965742908774,0.061246249420736844
0.17382464815551205,0.13231754935353482,0.04916816921927522,0.10637707126326497,0.062008958624287715,0.1969740756321853,0.015225780279256263,0.17088685994236905,0.09321688753031461
0.06849398773663846,0.03860783743874104,0.18805431823227425,0.11227945378904836,0.08624265770920266,0.10243999235091751,0.2806939230543666,0.09476614125208149,0.028421688436729615
0.11127731732408423,0.09505769260311298,0.08580124425020226,0.11814183839431913,0.17025710342457692,0.1703871066393777,0.0998439037803135,0.12192178689742521,0.027312006686588064
0.15551266366571184,0.08858096094352653,0.061080534243118524,0.12128447677118948,0.08241313426636375,0.11921087440965987,0.13339472064450694,0.16503342029683474,0.07348921475908836
0.06988894255952303,0.038469517467896404,0.1598457324924244,0.09889374953184406,0.10585398474116203,0.13163594816525703,0.2648395566809807,0.11883169843783903,0.011740869923073298
0.09729922118778102,0.08967541055329169,0.12550436614342697,0.13399639047370127,0.10186224160534074,0.1042103343220162,0.16446219979083043,0.08803300173329216,0.09495683419031949
0.09221431995695932,0.1092407750709492,0.15846640462975725,0.11593644239089079,0.15404599225054735,0.15405219389947247,0.06519960395214446,0.12496826859541048,0.025875999253868732
0.03391672071578583,0.03914393080593538,0.47291112676833597,0.07945945166631206,0.07932585948918974,0.07987303331713883,0.1496857978928671,0.05605437321714111,0.009629706127293991
0.16767616271947605,0.1972143235908144,0.01905644268483073,0.09632333339128424,0.06766581842613571,0.09567329104733364,0.05249373223395886,0.06489422862472809,0.23900266728143818
0.15059348396285593,0.22446103014228902,0.024744334145882032,0.10089002621042431,0.07503458871728023,0.10811027763627899,0.03853571883621552,0.06774325844935049,0.20988728189942343
0.09706163803894789,0.036347978824986735,0.06931357521076655,0.11385901016771326,0.1107340144501216,0.11791954915628293,0.31581766184369725,0.09793994586649131,0.04100662644099249
0.11995437730817782,0.08821255691178065,0.0804050036639702,0.13569715976340643,0.12760886716352896,0.14963916791380738,0.11438467172471689,0.1152462243663002,0.06885197118431148
0.08547030801605766,0.014478669712050899,0.05658146145230022,0.1032459314024949,0.045584869422546914,0.05145263211624892,0.3504523424271697,0.08696037313790604,0.20577341231322474
0.15880748378397,0.14136310807066607,0.0372598388998556,0.11299066180937893,0.12452315704389168,0.1863265039527299,0.04900978966880939,0.1267081356626322,0.06301132110806619
0.1055043758339963,0.15489912007329462,0.04278497773655741,0.11497889337212312,0.17611740193042044,0.11280999689247617,0.14942544372367506,0.06114328501094437,0.08233650542651254
0.07767032628088273,0.04744516218392633,0.22520979971620272,0.12750406847702814,0.06834981691397327,0.10775069968873165,0.15442476266457272,0.13675775811104413,0.054887605963638286
0.1733260266692119,0.11037152219095775,0.022745274536726822,0.0998062403332614,0.11595558956033795,0.2504090017551308,0.03767458271568445,0.14000730684601462,0.04970445539267434
0.050976930594913684,0.05496512256845959,0.2821674973362001,0.10077138782279745,0.09668529146618003,0.17833590220234552,0.06106442601309283,0.1647176866393765,0.010315755356634294
0.12800769667962006,0.20624474859142103,0.04468974318143343,0.11667882697681352,0.12320095587749423,0.12672482459346565,0.07029166429456819,0.08137473177738537,0.10278680802779855
0.10370670474634612,0.08272948200650034,0.13280530116657052,0.11862083573200798,0.1007717380746903,0.09548126236444421,0.21128776328096213,0.10367429222958424,0.05092262039889417
0.07131200552547262,0.06187934341684229,0.3290831052174601,0.10785217230015137,0.05512843738300771,0.08144605409448485,0.12191322364487968,0.1392673438883868,0.03211831452931464
0.011661191650475149,0.013235005220779682,0.5333034531355774,0.06182550316406671,0.04396532961671401,0.06114000347176666,0.2237552163408957,0.044800397538666596,0.006313899861058254
0.14645626655445654,0.17722021458956524,0.028233078488627508,0.10823249341885259,0.1531993587626436,0.16800371095254432,0.05853533481362306,0.0900512792135895,0.0700682632060976
0.14270344223830364,0.10446619207629453,0.04647626003174987,0.10857905024224877,0.04754833876790315,0.1058227748521006,0.01954348033651556,0.088419619349215,0.3364408421056689
0.06476466101110737,0.03836657702252093,0.3080016630205304,0.10813461925519384,0.03990227291302197,0.07423814762561355,0.1865316736631181,0.14141752348772982,0.03864286200116402
0.06279624201012522,0.02629378909007853,0.05669147461907018,0.12513777153102945,0.15392710500052917,0.12689857815950012,0.2974235576876534,0.059233263593354214,0.09159821830865962
0.13488984853151456,0.12266889550185867,0.053378736602121606,0.1164291194744626,0.1542165074832299,0.1480922184805081,0.11378172599214298,0.11098234295437366,0.04556060497978783
0.060378749174700826,0.07164107897722984,0.4102003455742989,0.09190773548055221,0.08171141247562508,0.08253474750193174,0.07698180569943659,0.10133259669357836,0.023311528422646485
0.1614586447789683,0.1229388758471502,0.011198434638236351,0.09226738491569818,0.10089249888129455,0.3441748871669042,0.017979009804617,0.09501598313661756,0.05407428083051358
0.06705734126692114,0.061051054449542945,0.18349314330922264,0.10073164630046826,0.14392490036729103,0.08353358313247328,0.267078043430105,0.06364788618773971,0.029482401556236007
0.0962001050628365,0.060796477697991236,0.06022538239721231,0.11584744506958346,0.18004285837453113,0.12644904376445346,0.252620954927894,0.06670050232996283,0.04111723037553513
0.1803449662758021,0.1214153400743453,0.018352820722009233,0.1016720172228827,0.12167276605492622,0.24209016150537513,0.03690784922353863,0.11446857475393457,0.06307550416718613
0.2091014504945924,0.11599977669793038,0.022230508131023882,0.10693685758259491,0.06638319978625794,0.13208408490182902,0.050953376858334794,0.1196866598939617,0.17662408565347495
0.08152001440985462,0.036655492167754114,0.060399039313592896,0.14294869638133215,0.17621592546674322,0.17192924120196848,0.17148615090567654,0.07151838583318364,0.08732705431989435
0.052877734736075856,0.08158797567249222,0.33361415468293815,0.11064794067639704,0.05283548407097468,0.05083465309228919,0.14332637994968436,0.05216521153327283,0.12211046558587564
0.06795952928115423,0.05097279947688029,0.16490319836580958,0.11557882609340057,0.0728039616010354,0.05621011611744508,0.28478902732910305,0.055341280232588004,0.13144126150258376
0.16254490095877105,0.10419107210598416,0.05594340881269943,0.10118464834796893,0.0724592382528222,0.17950075106527605,0.04039791499997979,0.24465623785002277,0.03912182760647564
