0.10378385341731383,0.20843408680200395,0.0788548639626644,0.11349233838758839,0.1372700952826644,0.1267457442086824,0.03237346464693112,0.10852090183907653,0.09052465145307505
0.1057946682890824,0.048602317116261874,0.09542026441033902,0.13342832927684656,0.1714745049283771,0.11332184112666872,0.10193744664186578,0.09364120054132725,0.13637942766923125
0.17788650456024666,0.0511058719359706,0.08463750448339136,0.1336007573643537,0.14453054272284474,0.11981998247510506,0.10554644475369178,0.09104703761972786,0.09182535408466835
0.0845866433393805,0.0042975495850506445,0.09171862150039374,0.08491259496534592,0.0940778339837524,0.07333052057950953,0.37591243653462025,0.08843736307032624,0.10272643644162076
0.09536558984841431,0.02210571308817337,0.12178152183372748,0.09244068556216796,0.12973860248357608,0.10941367020512954,0.18463135207276574,0.09201789355912686,0.15250497134691865
0.14913526183181688,0.1729935608975173,0.09748229281310812,0.11230072044872885,0.12351104194959639,0.12645417325498692,0.03563678451176185,0.1050419148027875,0.07744424948969607
0.026892492180759692,0.4124403408403174,0.039786569786830754,0.08729626721217558,0.059782516342331886,0.10169507785241312,0.016523240276356634,0.17503806175072653,0.08054543375808837
0.13696268478718104,0.04057573499949776,0.09178218859747768,0.15669899964009393,0.15220234810848646,0.1105965300228788,0.12821648321760673,0.09222801167549942,0.09073701895127818
0.1104578565418089,0.04278125764132665,0.09045046543767403,0.11054679931983143,0.13155830170580832,0.11247640935826149,0.11306615117176022,0.10211122295887781,0.18655153586465112
0.13425067914469221,0.09293371051338162,0.06893554854611296,0.13263284352664137,0.14368006403274824,0.1245774667705453,0.07019870866176796,0.10362729393272345,0.12916368487138694
0.08377692463361942,0.07005176873513312,0.07921867985599138,0.151603357864141,0.195045284906614,0.11849248748746077,0.0877442905877688,0.0969441051402981,0.11712310078897341
0.11595472700399811,0.021675837473190764,0.10270149374136295,0.10438172893035026,0.1359792073881245,0.10269738678194242,0.1680735634262764,0.08732594129702471,0.16121011395772988
0.05819055153456443,0.3209531073324205,0.13068442654115067,0.0730581912923239,0.08737598039987671,0.10335301272178161,0.01627983453555638,0.12767411116833913,0.08243078447398675
0.039097760905775124,0.018838329751750118,0.21533730731833356,0.07257782296613714,0.11879055211768079,0.08449885685697371,0.15717803559979657,0.10415116987346262,0.18953016461009042
0.0819510061360065,0.07553995451430247,0.16554983132514803,0.10746413249859521,0.1607316511986485,0.13058693350134348,0.07268197117197471,0.10813311937412906,0.09736140027985207
0.07163142145724728,0.03188184243949955,0.11115355753780537,0.10919933139432869,0.17060051016499503,0.10710514994910132,0.13375428269722625,0.09419671435770967,0.17047719000208683
0.013468607126577296,0.48679294621242586,0.025966856973443902,0.07887873115505069,0.043580359798106975,0.05688536150075029,0.007912923055306028,0.16765961247547878,0.11885460170286012
0.015066209019953964,0.42803318846620814,0.11913610904411198,0.04663911128022357,0.07313178538889785,0.08230059255444551,0.00746779116792833,0.16480006550607249,0.0634251475721581
0.10117459391367183,0.1532804417422318,0.10605387738041093,0.11964673699423539,0.11624751277068086,0.10943598430213443,0.03917434801870794,0.11167428365482183,0.143312221223105
0.10828661734068012,0.028990202671538692,0.06847827718543358,0.12319917910493279,0.128541672768291,0.10473317824255395,0.169935961180436,0.09744276602394743,0.17039214548218642
0.2082159487655085,0.03889467222993276,0.07480653279038091,0.11328406954930237,0.08775942842839222,0.11698711003075518,0.15382651935687092,0.1121071806898809,0.09411853815897626
0.09228210508068231,0.00796266019276594,0.14381166552184652,0.0673363879334128,0.08999139331979968,0.08892942414463871,0.28271710564108543,0.08227410299446587,0.1446951551713028
0.14721076436025995,0.06287674844514425,0.0581652113224351,0.14158538644429017,0.12305868883390764,0.1173795714706873,0.10660658512145493,0.1066567792175193,0.13646026478430137
0.12368243135167685,0.029599438859012384,0.1383459401780203,0.08364532726486655,0.09388922798547866,0.11617536474384271,0.22900498515544965,0.11601968834992477,0.06963759611172814
0.10765169418723279,0.013224605911945108,0.06345762274156323,0.11596996058542704,0.10565037188991856,0.0866758148011087,0.26188508347508294,0.09155249770493368,0.15393234870278796
0.10491178662805829,0.19100601069125345,0.26715062492064745,0.08132126230398841,0.06102776909982718,0.103855409448338,0.019822498983868685,0.13359785624070553,0.037306781683313014
0.05378327394867668,0.018548656852979645,0.1689862581046139,0.07745897354826484,0.13598773732981148,0.09510782981378722,0.16331241767008683,0.09537427315683267,0.19144057957494656
0.07056217444473496,0.08643500474531167,0.1737123833220793,0.11034080347442245,0.1573809198302917,0.12166076115697004,0.05926484681291011,0.11103447275238836,0.10960863346089143
0.07103576156448473,0.06654933375869465,0.2283987316678496,0.08965897857016973,0.14149932869279078,0.12327817080507009,0.06618930222048514,0.1114557472122006,0.10193464550825466
0.05464918048081022,0.09619932617147552,0.08384634151502661,0.10273507949997214,0.14031031195777932,0.10341524750987337,0.0558127207439127,0.1180456448739823,0.24498614724716775
0.09738453514230964,0.21934502970603753,0.08989811424850173,0.09391497527385899,0.11622145109852063,0.11427251729095532,0.026772613333326322,0.11491094457290281,0.12727981933358712
0.10437750617408008,0.06032164319197452,0.18240491859554306,0.08511093856451557,0.12399103185754567,0.13180178201842216,0.08275618562253235,0.10874202305906887,0.12049397091631779
0.09758950518093013,0.018401059852438645,0.09532790577401436,0.11085551190380272,0.15070299317726507,0.10177323198358391,0.21271823694199413,0.08533170099255565,0.12729985419341538
0.1749766918486376,0.09003604593290566,0.1822572415828195,0.08136405560000222,0.10419419447851648,0.12471996559094112,0.04368095920409973,0.10482469272050826,0.09394615304156946
0.07887264971214686,0.16941227635697323,0.12910851426608533,0.10511993688237009,0.14115562522312977,0.12002658568098239,0.03389561449342937,0.11269771434297131,0.10971108304191173
0.08757450371521809,0.10441911017097721,0.12455632308589996,0.09841969828818271,0.12877625756048064,0.10664215661339682,0.04651116789418134,0.11304476743382284,0.19005601523784044
0.15091607412724364,0.09618297879822353,0.07994966816692578,0.12469886812089544,0.14030009343660524,0.12857313248632696,0.06577953845575646,0.10259169604476899,0.11100795036325396
0.13895685594769497,0.0166754110516414,0.30419370028759224,0.09885570650411181,0.06048614851901124,0.08415012847732585,0.16063595788098436,0.09961442122449808,0.03643167010713994
0.11660941198251383,0.02318818851428982,0.1290137747568734,0.11168120743858534,0.14130083681556863,0.10156090873245481,0.15204985074767471,0.08648827247821446,0.13810754853382506
0.12448550190886232,0.175872341397874,0.09993129835236826,0.09153870817009112,0.1067172570397781,0.1138368946433227,0.03077560251636217,0.11565954365708177,0.14118285231425962
0.09386755036999282,0.020807829258069524,0.15206598136071667,0.09659278837024358,0.13671022277513556,0.10749533236630394,0.1993516118375883,0.0903546378727121,0.10275404578923741
0.030437966928815476,0.022746782180625456,0.43418181491664426,0.050365443766621186,0.07074184308070654,0.08670034730754643,0.10841604075612299,0.12262600495337787,0.07378375610953983
0.10487377074501136,0.016484620021610094,0.13533529267263045,0.07780056633594463,0.10042764613456534,0.10664321524432811,0.25560422695063,0.09328205111183874,0.10954861078344129
0.11955923449811312,0.012507385776154614,0.12708156014787994,0.11735771417666807,0.1189953166990702,0.09150166886967258,0.2467640288518724,0.08343786647302141,0.08279522450754763
0.10255970046172606,0.049784353320585596,0.29059073673773117,0.0903523757556602,0.10018003135330532,0.1180272340183065,0.07939424093998787,0.11091373829844849,0.058197589114248806
0.16247427209391285,0.02049301946310584,0.18496599531598515,0.1039150790392011,0.10892631394377972,0.10302645787211684,0.15416312257416476,0.08278992105757245,0.07924581864016128
0.05246324833029086,0.022259531964322687,0.24272317974177404,0.07304486244318605,0.12797953795300002,0.10099265113619066,0.14205041108623068,0.09999831424709903,0.138488263097906
0.04209288522188118,0.07311912650597202,0.19713596883845116,0.06524316469601209,0.013534657966038312,0.04294081513684203,0.1870621827342768,0.3620516745762505,0.016819524324276053
0.05570869757592914,0.03476521292244159,0.24478174083250506,0.1388734362611114,0.09778933817876363,0.10007752055864942,0.14564809399831039,0.13140571113519475,0.050950248537094615
0.009800626140518994,0.34855354066158434,0.17491495892844944,0.03607119634494608,0.06526781072849926,0.07270437686739954,0.007495091949289702,0.1914490744941647,0.09374332388514804
0.11617626129884123,0.04129438624324386,0.10630694571359606,0.12077135854103684,0.16532795919890872,0.12014864303674626,0.12559175211930815,0.0922471881664864,0.11213550568183255
0.13705643359509498,0.03713464995291322,0.11524498567701624,0.11855625555755135,0.14558138311359803,0.11923580548748858,0.1501200635392869,0.09395291040928296,0.08311751266776782
0.09841341840825142,0.15089420797124656,0.05505350519416779,0.12913270338060825,0.11120488382476794,0.10554231120427204,0.04590878730782053,0.11734510766290522,0.18650507504596017
0.05534710122912937,0.022106854771515694,0.12390436614081198,0.11498968090902044,0.1316615024815859,0.0868260379467966,0.17914911009930679,0.10374056806673836,0.18227477835509498
0.190519239680263,0.039972945881596396,0.07039689023076198,0.12242066104359134,0.10566114827660815,0.11514783421900794,0.13942588155914787,0.1023175285673109,0.11413787054171236
0.12176552757867794,0.10661700971777166,0.060027319293007676,0.13483629447856157,0.12309830796146985,0.13989836282078286,0.09605234041313881,0.1263589581592674,0.09134587957732221
0.25217248762441186,0.060794068222554815,0.06966216958013133,0.12809380786138133,0.09947164766847094,0.11341210748086449,0.08747092531346397,0.09803209926521546,0.09089068698350572
0.03517585966379318,0.005158820029054529,0.10085161498943901,0.08564956647269835,0.10539749144733711,0.06543102339593558,0.3309256237043572,0.10271429595282684,0.16869570434455816
0.08071206983174997,0.08261417424574487,0.1665991652226406,0.11405388424209183,0.1558478648683733,0.13211323448102164,0.07294939075604323,0.11314402240943079,0.08196619394290382
0.09452858988399747,0.06290325633209302,0.12896757232135053,0.10107603054499607,0.152839617544734,0.11405354792710824,0.07000557422663974,0.10292884339657833,0.17269696782250255
0.023231620184587676,0.10454019832602912,0.07702078947335482,0.11754835619290936,0.1465268738954838,0.08616311748799545,0.06137694345071759,0.13510458973089876,0.24848751125802337
0.09058876464269501,0.03208473932688049,0.06679052813491981,0.12345400393003743,0.12596610200564642,0.1015492110458192,0.15900526274574645,0.10245954785449557,0.19810184031375963
0.08936272045909344,0.11791561455818812,0.08725884323113255,0.11162522939426063,0.13743123427665532,0.1294559946677104,0.056088462721558506,0.11580670404851255,0.15505519664288847
0.06940031198539465,0.17647411883494382,0.051818811518199635,0.1321859088447386,0.13179548647409853,0.10423025690585282,0.03998509338037525,0.11309094600101226,0.18101906605538445
0.03292139620574732,0.37026118321839996,0.022730030398021114,0.11833019804186296,0.06030487902002091,0.0801150514473342,0.01987810738648413,0.15029433844187606,0.14516481584025331
0.06565752655673604,0.05775113867449851,0.1785613166628759,0.07923327042331997,0.12373577099276832,0.12489198701181181,0.08485626098807203,0.11703451352365375,0.16827821516626362
0.12061645206731735,0.019483292832246767,0.10276854420132168,0.10226434731050765,0.10718442947421457,0.08856778043352202,0.16713008900251203,0.09153219853564265,0.2004528661427152
0.07836922941812448,0.06198251384895448,0.1241232907991215,0.11199249522174339,0.16486605188548545,0.11134698121614846,0.07631485297018095,0.10305292283236633,0.16795166180787494
0.07097746593266346,0.09646523024523063,0.142552784795836,0.09667079910050198,0.15130576822421957,0.1131894740926981,0.04969191152772997,0.1118104664555898,0.1673360996255305
0.05125696370246834,0.03214851310052595,0.16370194077470449,0.09321388933015125,0.1576206576780603,0.10050813633042914,0.1201360220386311,0.10261024655284652,0.17880363049218298
0.03205031302097849,0.1896622414539291,0.19942640132341286,0.06889661436533225,0.12759629115612314,0.11272102304194054,0.024202738103327886,0.13968164307651082,0.10576273445844493
0.07213387344314308,0.10249712498280499,0.1928864797073766,0.07517729284414641,0.12668905666242894,0.12714462671037902,0.044099965785634763,0.12120660797141421,0.1381649718926719
0.08843078741752979,0.02296898843785074,0.10994768822643447,0.10579493409759581,0.1453648989072274,0.09789992898150934,0.1577245839263438,0.09064224669315639,0.1812259433123522
0.09077726087836856,0.0695262460133847,0.18499728682099473,0.10987390545792819,0.14405469218983735,0.11972317890542711,0.06731518635819352,0.10609607684387239,0.10763616653199348
0.13766806583598604,0.10577957031363976,0.07474968237379952,0.13567214283666473,0.15395368844816595,0.1327839639858561,0.0696355744782881,0.10298279840526209,0.0867745133223378
0.06145684361793549,0.07388658665193233,0.27897412091002893,0.07069276956814538,0.10924094814529355,0.12867564808591972,0.05956216869686153,0.12751235098214855,0.08999856334173446
0.09831939170749504,0.11731686170655466,0.1946734145034907,0.07899875024413784,0.12141419524868008,0.12265925793511727,0.03646990710217504,0.11475643516646868,0.11539178638588073
0.17246230151883568,0.026344480549957805,0.09342343276720626,0.10676200507787502,0.11794170146735687,0.1131815775208655,0.19418490965760568,0.09192851739570596,0.08377107404459132
0.11644580512603751,0.08326722543843111,0.19406626022980747,0.10370411442116038,0.13095679950333458,0.12997007661598867,0.05904278166874527,0.10788057681136261,0.07466636018513235
0.09533883590730678,0.030328458804552243,0.10611908771066791,0.10408200062858237,0.14426246028090506,0.10500373247514477,0.1314251021583957,0.09457343086241594,0.18886689117202918
0.10499193463211483,0.046068110349595605,0.07902148589372793,0.129598456687472,0.16035156014475263,0.11076724781197117,0.1094310330726667,0.09541957853783357,0.1643505928698655
0.09455730243720512,0.19246653091114788,0.12528620475297034,0.09711452434285163,0.13158362110728083,0.12448743610519934,0.02936397996136649,0.11222687389961017,0.09291352648236817
0.13392264587258898,0.013162897680866155,0.08187078614150191,0.11533436823604214,0.12498128007234403,0.09293998014749177,0.25638482011523833,0.08193820040782439,0.09946502132610217
0.09011599477088501,0.019239644347473207,0.11352236368288744,0.0917384319927676,0.1248191152788873,0.09755146714783819,0.1735309923959072,0.0917013245496428,0.19778066583371123
0.030301944985893805,0.3773701506713123,0.06598249109754199,0.07623137244624735,0.09372327122064744,0.08739766079684426,0.014476385061738477,0.13003765668769068,0.12447906703208367
0.1254240825107338,0.17596341250001746,0.13599963604313972,0.12370502306591623,0.10671184849163984,0.12235309565024478,0.035220141721519604,0.11299476783493656,0.06162799218185203
0.13648847095988045,0.04927177250119891,0.0490065720792639,0.1709179500057986,0.12176413892699879,0.10462857399996467,0.1347671486649876,0.10493353622170119,0.12822183664020592
0.11918328561409573,0.048810884272525966,0.10200178014684086,0.12216277116856873,0.16599534949118122,0.11919114583329644,0.10082112934525733,0.0931036352582798,0.12873001886995386
0.09563233317307925,0.0506392195530477,0.07838487692492781,0.11988248990379356,0.13779294608126733,0.12136303188393438,0.12193927271900314,0.10684703471433105,0.1675187950466158
0.15814710547882133,0.0404633539893662,0.1461263055911848,0.09959401053110507,0.1330301976389705,0.11987681157234102,0.1010146567004526,0.09130263217839095,0.11044492631936764
0.04269031049375412,0.035653026433807314,0.13042100380641872,0.13092191299457193,0.1595008504454791,0.0965375872338779,0.14097537449009875,0.11178240618240327,0.15151752791958892
0.10585810335358499,0.03666243202579705,0.13341318923257153,0.1250182591434816,0.1616807066606149,0.11588617579718428,0.13312980757504625,0.09350328105130497,0.09484804516041438
0.07154635345215339,0.02121526377088138,0.2223023236716458,0.06910544273740478,0.08213955465000992,0.10188461516161647,0.2370033329894173,0.12126355079006979,0.0735395627768012
0.07648799609653013,0.08850389491240823,0.13753315366894892,0.09794192105828185,0.15117417183757717,0.13481446404136718,0.0668132166969371,0.11303744722618736,0.13369373446176222
0.04826868097906039,0.14400528667658144,0.16252309991071903,0.09133289079131239,0.1512010112870433,0.11655798033926977,0.036346189685112495,0.12195353773017116,0.12781132260073003
0.10692974272885743,0.133338331177881,0.09778035062483027,0.10771109505364175,0.1449401482206357,0.12279919035561827,0.04221725962400063,0.10755049985279246,0.1367333823617425
0.041075989854761914,0.15851431632923751,0.16966430945624042,0.08647957221758125,0.15007900941414035,0.1312977195111162,0.03418084293380736,0.1309778938548364,0.09773034642827853
0.14417848977859557,0.022264608450583315,0.09302966959950261,0.10907440728900608,0.13029789287078306,0.1088037207148566,0.21144302385848546,0.08809611272226354,0.09281207471592368
0.13239982258230085,0.04817739559028015,0.05956368531799914,0.14710673934655905,0.15351931031640628,0.1192426008595915,0.14418132375156123,0.0994975199123137,0.09631160232298817
0.17225449482725172,0.02444927582410994,0.1581220446369053,0.07757688559639113,0.08794809536677974,0.11557268889510701,0.1883589577406896,0.09505446589921661,0.08066309121354893
0.15034897788515988,0.015415479501979761,0.08938570470074879,0.14256512019885323,0.11274214768776963,0.09076722231146199,0.23149774130015088,0.08680965438192116,0.08046795203195468
0.08580609419277418,0.024683643569777276,0.1603710297796255,0.09228511199300697,0.14000847772836247,0.11174197274535475,0.1728382442735508,0.09317962008458254,0.11908580563296546
0.02228998076039719,0.14895424634060347,0.33245215086577723,0.057676800724092085,0.07443661224370697,0.08969909164687233,0.022986628787779257,0.16324557561429365,0.08825891301647774
0.048673685992815706,0.13342410258558285,0.22434709865704608,0.0807436486002918,0.1328829861513967,0.12753043325583643,0.03597844562730199,0.13062739438734397,0.08579220474238447
0.14493178273752857,0.06688389997982308,0.15030585987495293,0.09689957871408987,0.13431713339211496,0.12617798407979244,0.06651559055971491,0.09973841448332114,0.11422975617866214
0.06759236126554184,0.009436611168052694,0.09107041045814841,0.07524312574344051,0.08474877059166247,0.09117720032100411,0.348482758076661,0.09957545730240934,0.13267330507307962
0.12652883788537522,0.08095256408769652,0.13658275935498154,0.14521842008496033,0.13572113452064014,0.1210652960303479,0.06939826736130088,0.10368052784976944,0.08085219282492807
0.08645616001921352,0.08807136615234244,0.10862301368300305,0.1145754776888041,0.16999941630991475,0.11892887338822182,0.058949800112363226,0.10320265185665316,0.15119324078948396
0.09079155160054436,0.06360399763278923,0.11882983027541472,0.11614312023337729,0.17270326091478574,0.1293067131640842,0.09307366738537132,0.10110302913863643,0.11444482965499674
0.13909371057796108,0.007063182038425715,0.11512454952046987,0.07622284647362487,0.08589733668327887,0.08516902185896597,0.3317043911095423,0.07972962002465127,0.07999534171308004
0.046479434408174904,0.06831142663778751,0.1172583988544839,0.1308928035354667,0.1787459474240942,0.10704733125761967,0.08354290572756612,0.11209588141583078,0.15562587073897619
0.11784859267604941,0.07488919574006848,0.051594001221257825,0.15291317758109904,0.14078044892510969,0.11882457854724625,0.09939386376952841,0.10666343100163385,0.13709271053800717
0.08623569099300714,0.05211829729095368,0.08904195745520382,0.1295437913028501,0.17255193545516512,0.10986142881703709,0.09701941795216079,0.09740355245779608,0.1662239282758262
0.15499408647605628,0.21253495525982316,0.053214830628899173,0.1195912004641042,0.08753510988412622,0.11196994791491931,0.03601152868501132,0.11949102745538044,0.10465731323167993
0.0887623469412855,0.028904209152167737,0.11915756599020948,0.10634094517646181,0.15887843506794394,0.10661216985584766,0.13680539866082517,0.09160640248551806,0.16293252666974073
0.046502088303668976,0.025532163387690293,0.14311845594871175,0.10536063158179641,0.13652249105242478,0.08851796930853749,0.1575022198573865,0.10726864184923612,0.18967533871054765
