0.17960531785443376,0.08002768418830997,0.06628487667826043,0.2258545037443979,0.0325675766054582,0.10701424454547014,0.1790544098142979,0.0838097102500749,0.045781676319296805
0.06838048094082234,0.11635267929711589,0.09079202416354781,0.1520755867300962,0.13352019641055365,0.10821609462650734,0.11167837223370036,0.1021981120351827,0.11678645356247375
0.06503908483226004,0.11967620088300035,0.24930965491065857,0.09907107075211714,0.061022948836828045,0.12784758249421832,0.08194893361976764,0.1364255218204246,0.05965900185072535
0.07500588261234463,0.09645776612681044,0.07978463514202276,0.059572737040268685,0.17155449272765974,0.09627799388877432,0.1277604571956302,0.10911282338171008,0.18447321188477916
0.19229866712349328,0.09847835574092167,0.07432890802990062,0.1900257496205465,0.09677079100775121,0.09153273367098709,0.08409975691970661,0.0890505700635907,0.08341446782310241
0.03957320035146293,0.1415027275010529,0.1369116856544587,0.06935618334250872,0.08658610205631541,0.1333515166698949,0.12475823694400438,0.1447485050102336,0.1232118424700684
0.03946675413631481,0.11298157969088424,0.08131572096973028,0.1502009273949437,0.11597069095422852,0.11757555581105061,0.11985523405907694,0.12300803613644425,0.1396255008473267
0.2175739332039397,0.07984524406186876,0.12210892478498563,0.012659343216146432,0.13478988226104982,0.13979772314002956,0.09359757870373848,0.10021700980275783,0.09941036082548392
0.18966248973022404,0.08232738281528335,0.05177349639905149,0.26534021086794013,0.0710231218532527,0.09640063807322974,0.08215138286573913,0.07441327008705063,0.08690800730822873
0.23670774103866452,0.07175427187802973,0.1343020281186299,0.01709731576354354,0.06694078615303571,0.1146737000995585,0.10914725591706047,0.15488684841692313,0.09449005261455455
0.20806195722567952,0.09514490873180544,0.06955870411793498,0.0943293642146083,0.08888195949774702,0.10443782599662736,0.08116010352875232,0.11039867422115406,0.14802650246569096
0.02908774773869281,0.1791275919871089,0.11035245069968518,0.11515385336158938,0.02339093035744619,0.1536501700987248,0.11032394940710322,0.21100056701905343,0.06791273933059624
0.2308125960811553,0.10117865438184799,0.15348637290777611,0.08485898062889768,0.09078273018259253,0.0901468555461753,0.07516276215494555,0.10520561093546915,0.06836543718114044
0.051905404668044386,0.13973764427529947,0.18521298892570615,0.08970198806088642,0.09529235458090446,0.12390067151552155,0.10093396327854892,0.13359815370626504,0.07971683098882365
0.049920304478267785,0.1335450374855724,0.06773624558238729,0.2702549887639124,0.030684455029815694,0.1329305503525498,0.11779739009158781,0.13762978345041293,0.059501244765493844
0.11730721764664304,0.11115380492985877,0.09931292299382992,0.1682951403300822,0.11634253218224934,0.09542269898656995,0.11293404488088883,0.09858169311868102,0.08064994493119698
0.08404105892650819,0.09735934994102717,0.082639486705612,0.09301498611001661,0.16243633394335796,0.09316724427005303,0.1252302938600708,0.10475587647961615,0.15735536976373807
0.031503663415926135,0.18402195187069006,0.1762791525015038,0.08012716319223952,0.05051061179637826,0.19158826489140254,0.07772126412022504,0.12631014099499424,0.08193778721664034
0.07040410432121573,0.08505530715157202,0.264321158255445,0.04852195000261336,0.0897189997317455,0.14157210856401578,0.09356495622848522,0.13322029054844586,0.07362112519646156
0.10312082590409243,0.118981395154879,0.10757160601079602,0.19244997967123065,0.10623618294730869,0.09727232138848198,0.10570823211062626,0.09758535509793344,0.07107410171465155
0.0757040401690066,0.1347568455113842,0.12344119823503154,0.08875691891843233,0.06837522897799427,0.14666070487767965,0.10114291296175433,0.11134810547755153,0.14981404487116545
0.02123631837664142,0.1987400978110446,0.07320295199952832,0.026946126505153028,0.00181378699258282,0.24911522445563503,0.19393137935223678,0.17846663453536926,0.05654747997180881
0.08672049090786517,0.09871265153688141,0.06463073195084724,0.38465048409534847,0.07072924747755062,0.08508222292672736,0.08010331253379237,0.08955065264096847,0.039820205930018816
0.0986820683933301,0.08880379740779532,0.08129808196799278,0.07260627493395773,0.1506853699572712,0.09382071085339592,0.1278351438786222,0.12260975206592883,0.163658800541706
0.08581276137106959,0.13563557761943568,0.1788233356861635,0.16014406333476724,0.04962283927948357,0.10013985872251165,0.09232581934902517,0.14996784285544454,0.04752790178209912
0.054522725777780924,0.11663874978683282,0.22334052098900284,0.02450503831137464,0.1493726794396696,0.10706773131698984,0.09354468936106854,0.12169238954688201,0.10931547547039872
0.03875398974072154,0.13894695896074474,0.11238991462813393,0.09354318032541692,0.10498596526819082,0.13413427657344698,0.11474319661425104,0.12890015143354663,0.13360236645554738
0.138965576119796,0.09042908496426942,0.1155248958716182,0.04743796830412891,0.15511618936607707,0.11158514477431851,0.11779434743086221,0.10849332534129276,0.11465346782763697
0.08588715533289067,0.13039847596894724,0.2243844915072136,0.025963391771843272,0.030397983103251768,0.1162276839748456,0.14754939583176593,0.17788842383327066,0.06130299867597125
0.052300798606573495,0.12178176570269804,0.09688565716413183,0.15752626588179686,0.12692614331099858,0.11594192949519438,0.11443153038073023,0.10961561988672508,0.10459028957115153
0.15623671679817866,0.0968838830062752,0.1142114643644417,0.04052229942546535,0.15308949308365827,0.1082697629840577,0.10889758620285143,0.10147989827064091,0.12040889586443078
0.1579466027695999,0.09542734259132557,0.08708059455348283,0.06933177507187407,0.1282035161664786,0.10475887362214364,0.11123462574254418,0.1122449092163516,0.1337717602661996
0.02551857356460056,0.09436307323433242,0.11099341518381402,0.055392245613668845,0.1104617236954492,0.13879767284101563,0.13817107273606957,0.19664510104355593,0.1296571220874938
0.03752296268333758,0.1306425239312939,0.08235264270641472,0.16623063267947394,0.08613378389501854,0.1394850044692031,0.10189664881378065,0.12629134421989477,0.1294444566015828
0.06380450818410872,0.11005252800221678,0.05350616913045645,0.34100185395161026,0.027626867696373073,0.1185385046847864,0.11899328639428963,0.1183295976770554,0.04814668427910335
0.2310718216083302,0.0900103400108321,0.07227315514731002,0.18100852267080425,0.057803621700939854,0.09746006741241191,0.08172917621831628,0.1111242617470466,0.07751903348400893
0.245932116087663,0.09624289041995963,0.19698840393178738,0.13763211310890278,0.04280043493839523,0.07284779928325856,0.07677334194781914,0.09779309931565665,0.03298980096655763
0.05715251915593097,0.09240012981755848,0.05922544057278952,0.26673245082599545,0.09553645452785663,0.09877483220718265,0.1189740863113386,0.09429739893547077,0.11690668764587693
0.04690345458566914,0.16015627565996496,0.10506411884454174,0.16059781677663962,0.030463114184745108,0.13472921425481657,0.12479362961650965,0.1752869276246792,0.06200544845243402
0.1263146414419715,0.08130607533960131,0.0953232615395573,0.054866756401658855,0.13952439784140122,0.1097952416738528,0.13225406584016428,0.13619894938276336,0.12441661053902936
0.022126773901499853,0.12361050495837546,0.09544148470982387,0.08166913117036072,0.0656090925627702,0.15025856685895414,0.11941469942697953,0.20748663934736586,0.13438310706387033
0.10864886637009825,0.09057163445909382,0.10541102022967247,0.033969111814881076,0.20191964955651312,0.10686543431584543,0.12158076287947976,0.09713673829406246,0.1338967820803536
0.06458448926751302,0.09151424220264093,0.06346837110948769,0.2308669121771391,0.09488854858114353,0.0955716677664105,0.10169435816330409,0.11194683369700287,0.1454645770353583
0.06954318083740384,0.1317459128023913,0.11399549418785944,0.16819286606848652,0.09794669479531981,0.11135684733135952,0.11550472731547874,0.11038022662589834,0.0813340500358025
0.06761837237378797,0.1327747691607249,0.08292577992972504,0.20120360816585667,0.04951335323446149,0.14699231207402672,0.11660313648144344,0.10333322969616289,0.09903543888381093
0.23251522154881332,0.07455955578557964,0.04719605087545765,0.34142884083838787,0.03982453727414409,0.08355969456405739,0.06549395851634536,0.06760464017062641,0.04781750042658833
0.06846112221737542,0.10730450285347233,0.12214977348845335,0.0743191653432657,0.17057692445316672,0.10379528308046863,0.12385989359470383,0.11263651029519377,0.11689682467390028
0.12045563463626847,0.1074485715162482,0.10389151702682793,0.13484777405675188,0.13862581947606323,0.0999906109630746,0.10262318536692973,0.09883215424500787,0.0932847327128281
0.316055863332619,0.09045259823796607,0.07763284285056699,0.03817356260354019,0.09012560439947191,0.15107190632282483,0.07206230802457386,0.08908036566140885,0.0753449485670283
0.07968301637581435,0.0850749425578211,0.04566215046083297,0.3432210520966012,0.030042147487748028,0.12291094511957686,0.12703969923186664,0.09522399312487788,0.07114205354486093
0.16914441731490285,0.09978490030353997,0.1918798644027687,0.02334661218344126,0.129550237453165,0.09281317939742624,0.0833654617733768,0.11438119506258815,0.09573413210879099
0.05253283454717794,0.16160608359964848,0.13730473044634736,0.17014865760285305,0.04716879117018824,0.19773667973825307,0.06683845022174915,0.10510150797972972,0.06156226469405302
0.052477683521794015,0.12361453599097653,0.101596545906338,0.08393337858942439,0.1105305964232703,0.11721073143871308,0.13060326622732246,0.1210977564651826,0.15893550543697862
0.08826781530848339,0.10308760823842518,0.09147146063581062,0.13029780726743823,0.1611686391389752,0.0977704275064364,0.11901401690700636,0.09918014212331512,0.10974208287410941
0.11233716520480992,0.11550988314223404,0.14850308896353273,0.1316086126845507,0.1304767092195445,0.09855321004895364,0.08734143995402803,0.10362821720985084,0.07204167357249568
0.261727353603288,0.0895743676484186,0.07411490389342411,0.22688115946377727,0.07526661010451115,0.08270751945321746,0.06614049819489821,0.07579225954185774,0.04779532809660753
0.09277691143532939,0.09599784416494334,0.08723834176739859,0.13156191864521813,0.15844177331757156,0.09942528206564016,0.12075505624843175,0.10049045221089946,0.11331242014456766
0.061018840098504445,0.09403104368562763,0.047532609835151195,0.4121067999242754,0.0532434200673916,0.10549718795832576,0.07894442605621883,0.08263874786034096,0.06498692451416403
0.0329324627768501,0.1583046030360966,0.11890323316597973,0.12080657449740513,0.016145504942015495,0.12889197530633065,0.13424474721297688,0.2369610706484031,0.05280982841394225
0.12409441862912025,0.086709322591546,0.12641409323804742,0.06587612750734803,0.1423603254487467,0.11685642290261479,0.11846224448404401,0.12117297882954443,0.09805406636898835
0.09892815251395708,0.11605682022429696,0.14626810350629013,0.15684809726063823,0.10712439404396301,0.11867064881149013,0.08431779524181138,0.10309761651162415,0.06868837188592893
0.06448572588111945,0.0916721736872028,0.18834287096579225,0.05578874293661882,0.15034014908576143,0.12744719472671218,0.10926592781087115,0.12370673186130171,0.08895048304462018
0.22721948156783536,0.08027118775355346,0.06713085973978239,0.057861613162778096,0.0720178250257937,0.11318288677494233,0.09043772113890967,0.15533016256016738,0.13654826227623765
0.10133722003720654,0.1182513245126902,0.1405006077818974,0.08554337925379724,0.1498388568720651,0.0970200238579541,0.09897386044679417,0.11138344778082655,0.09715127945676871
0.07489512849174929,0.13132795847548132,0.08539224191753618,0.24926981804002735,0.039176172858374304,0.11614903672779699,0.12772597134793726,0.12301470659216569,0.05304896554893171
0.25585312686124634,0.09107856985546658,0.07048838284868496,0.03705752696144745,0.08907461048748745,0.14013228845580836,0.07800082758128554,0.11922938336862725,0.11908528357994597
0.16050199075005953,0.10382382115130634,0.08122813886835865,0.13055812816181214,0.12202335780138567,0.09506963843435785,0.09570841211642288,0.09610123694526647,0.11498527577103057
0.08984879946562957,0.08898982499405296,0.09088285371175431,0.06645141465115939,0.18691344825113335,0.100633927593604,0.13241020308170162,0.10560973475513752,0.13825979349582734
0.0686253964375479,0.09941294497707931,0.08278160658042148,0.05786628623504464,0.16488777069159677,0.08909884566746416,0.12129015879186959,0.10987686653615081,0.20616012408282533
0.27217763498012304,0.05914895192423253,0.057894132918821034,0.016316534537373004,0.04801656028760704,0.1328512623171786,0.08385864603584346,0.21776819987162307,0.11196807712719824
0.04857293117293234,0.16429639493885778,0.14697385841639493,0.09135176586648859,0.06680637581035244,0.14709872673671406,0.10896832377342484,0.12366063664408344,0.10227098664075152
0.07505012326111905,0.1126870026182377,0.10277398762822283,0.15569147961808646,0.14342503115082675,0.10706524391780282,0.1090710947512959,0.10104447988629854,0.09319155716810994
0.08710625320755577,0.10582763346464737,0.08456130276547269,0.2796467047029459,0.08728020506973828,0.0929960309187426,0.10583869290170633,0.10152530954242173,0.05521786742676927
0.2682348449158997,0.07018925644996299,0.08015874870147617,0.004389795690576482,0.06437810021660051,0.14108324098535374,0.10026371077410391,0.1699307643320431,0.10137153793398336
0.2924682046875818,0.08766386089740134,0.10601490992266771,0.07968979327676619,0.10619563551185844,0.11178363957574462,0.0829494993090748,0.08085612189446184,0.05237833492444318
0.18020119785920377,0.09638666657552535,0.16015757751274537,0.0625543864139654,0.12738205345872378,0.09994343006742708,0.08804958363470101,0.10479867416450772,0.08052643031320054
0.15361267370832457,0.10731425596743753,0.08351001184772212,0.1867323495044598,0.10101115251088955,0.09328488257367784,0.088014460047522,0.09474881702416026,0.09177139681580647
0.059184246454840474,0.11063765672257031,0.07859144966101389,0.1453253635689619,0.12557160126260022,0.10363153500205767,0.12174294908376887,0.10453146854815765,0.15078372969602905
0.058053306645421354,0.15541918371541244,0.1765214933761722,0.12704596271846638,0.08598410187993628,0.14490599564492665,0.07699844811759093,0.10252090908865259,0.07255059881342109
0.10117067090235243,0.10441061239892557,0.06499096598199418,0.2855556257819332,0.08196012220845399,0.09825238583598217,0.09642702016950581,0.08256142973703848,0.08467116698381416
0.20298961022786602,0.07372574673809572,0.06227790378295341,0.05711866434287869,0.06307782442010795,0.09991481838201442,0.0809282805137448,0.17425878128349323,0.1857083703088457
0.04824339293835572,0.15922361384532174,0.09185454938020345,0.21300122168627333,0.020161159765929672,0.12534462711065184,0.10981978908027142,0.1868263429951141,0.04552530319787873
0.2394321949737744,0.08091180731980409,0.07770283022506141,0.26803751404477333,0.07176833204046917,0.07626140442376152,0.06201325899055798,0.08541981667524967,0.038452841306548385
0.2150997006469387,0.10287481504913015,0.09676327549654279,0.12668021481347497,0.11515395081658014,0.09239959196090224,0.08216538114210864,0.09264968405968503,0.07621338601463729
0.09145105799005615,0.09415953394350939,0.07941711093410667,0.07745026990180824,0.14376905305465865,0.08987090298601319,0.11959575714890976,0.11799368395715637,0.18629263008378158
0.147929178346661,0.09551275016649925,0.06607081329315294,0.3348327197505818,0.03720935780643105,0.09678835351653274,0.1074332595027123,0.07711985968090428,0.03710370793652463
0.051706194212940655,0.12034840624705295,0.060665038839324725,0.38153658207180213,0.031324920790438686,0.10062283077898727,0.0802127452652985,0.13889113867910152,0.034692143115053614
0.13636695140926766,0.10881606563063466,0.1367836876645844,0.028570572698453135,0.12351725919688,0.0946240263729119,0.08568881769677966,0.1270230331694554,0.15860958616103307
0.1365978826046584,0.09561780204759492,0.08405268905014539,0.22761398589578463,0.11338178975890441,0.08893717000295405,0.1030002961110436,0.08932753507105655,0.06147084945785806
0.22895467496226185,0.07913990616100987,0.05378116118493398,0.35084911281140396,0.047401783129919765,0.07329765783945986,0.06377222810901004,0.06710379535004769,0.03569968045195297
0.1137078531004924,0.11017519320559092,0.09666016258069533,0.08019592151223014,0.10576210833937479,0.11037880906277293,0.1168110662966183,0.1104235941203867,0.15588529178183855
0.15371695372632274,0.085528515381682,0.09867452216192872,0.013721751602494142,0.15629832769024934,0.12388475746350906,0.11265089912512478,0.11351287210879413,0.14201140073989507
0.1373652474437636,0.09556918970275913,0.06564031953399337,0.3009471030105462,0.0916981608247532,0.08508664347375722,0.08215195192662501,0.07939107178315122,0.062150312300651045
0.07105296873277249,0.08256870416078972,0.08459672899889464,0.03501778011385746,0.1957373931169412,0.09038060519682671,0.13878082999196698,0.12246113531001468,0.17940385437793613
0.10293324752401274,0.11528781099087711,0.07975473994521602,0.23112817764246762,0.08621405380734225,0.10787851203887955,0.0909566415745805,0.09268320265638001,0.09316361382024423
0.04687601414654111,0.10231870207506043,0.09194841240685804,0.08486361531565462,0.15876611030159846,0.10547258278659372,0.13693911796310074,0.1181017296257824,0.1547137153788104
0.19782458220170943,0.08521867548848733,0.06150268639240958,0.15261238532345836,0.07955992206101523,0.09718077938420921,0.08456650041318381,0.11594551705417826,0.12558895168134884
0.07995642107836352,0.12227832303387316,0.0786573037131742,0.26227618686649606,0.06115056492940258,0.1439863442233848,0.07658309819382629,0.09830633584515984,0.07680542211631952
0.24093734404633182,0.08199869725915372,0.05750153170163575,0.19175989758532155,0.0621702399789899,0.09874775376171564,0.07638951251395483,0.10537915546954685,0.08511586768335
0.040094474889709124,0.16972584550270323,0.12285280294498813,0.13153171761310933,0.05004102375501929,0.15155601397233867,0.10451240571830468,0.14731841027433265,0.08236730532949493
0.1672818278959768,0.054420410333926916,0.061935831680093874,0.013669589604834378,0.07894651418719129,0.11265788456320446,0.11366210473030763,0.2565224821485183,0.1409033548559464
0.14422488759950824,0.10263015795690429,0.0889941923358276,0.05939156926679337,0.14518831699328552,0.09927635276745166,0.10468035623392895,0.10362311884321525,0.15199104800308505
0.09576416051851366,0.10326229453334412,0.06680458388487642,0.2855442667352956,0.09879932889098969,0.09321214323287547,0.09275619407904111,0.08343302244098764,0.08042400568407632
0.07944894738098039,0.11698030691743877,0.11691936753762978,0.22294500611459978,0.0776989097856269,0.10021147759923228,0.1038164956134547,0.1280545237583002,0.053924965292737236
0.11157060657004715,0.09020450411838639,0.09141634384818115,0.044811551592217724,0.17304778113932437,0.10213480669536594,0.12677584564282862,0.10977558748157745,0.1502629729120713
0.15459355211979145,0.08021140805114498,0.16513515040912122,0.1542532327096854,0.07645460540135367,0.09378515149527879,0.0873563118532692,0.14289064243144342,0.04531994552891183
0.05511383156164151,0.1260304200995861,0.10980736029408662,0.1562935660128458,0.12544508099602605,0.12046858666664202,0.10638631017063961,0.10917410988454641,0.09128073431398581
0.0812038325494425,0.1065061927998255,0.10733967004036267,0.08843137833960045,0.17217224132862244,0.10039621077979405,0.12056391014610102,0.10312143294635497,0.12026513106989643
0.03888812835834299,0.080679446010667,0.16527606754787674,0.037214545330922104,0.15212186359648638,0.13784934961891884,0.13003543302842158,0.15302023488516542,0.10491493162319883
0.06686909662300884,0.11167538253577113,0.13115207513893468,0.06671405603321313,0.17100878530221456,0.10504284208890269,0.11893929289471143,0.10994754869894263,0.11865092068430098
0.006394794237651304,0.16317027748100968,0.06945981109900942,0.018232997596392714,0.005659253909838294,0.2777322054622567,0.07806773771269072,0.26698099650451496,0.11430192599663618
0.08509440968709266,0.11415273601729171,0.07312358429194864,0.2850683675733219,0.08858169012796824,0.10364333622537993,0.09060409410588018,0.08541255389799829,0.07431922807311858
0.0100484459588713,0.18816358595204039,0.07122278512670611,0.04218234553598343,0.005825818477269106,0.28550090537083994,0.08166612751253875,0.22798609793094016,0.08740388813481086
0.07187155310842454,0.10040598227334059,0.09748223644991265,0.08250535030132983,0.17339212946664637,0.10210368122351597,0.1335933829650697,0.10891435223387329,0.1297313319778871
0.0748457887148762,0.12606360596086044,0.13666906624926956,0.11554023023395808,0.12943573905245728,0.12385085338932737,0.09778490413574296,0.1050930853476089,0.0907167269158992
0.12778113524411203,0.08484939815415156,0.11315348508973248,0.05152959232142664,0.17879759770671755,0.11536414498656382,0.11607338604773193,0.10418389797293669,0.10826736247662734
0.031536192809683845,0.11683632335047427,0.17912420945061322,0.04661063953698893,0.09666305734728325,0.14275069855119274,0.11319668835128849,0.1712630754217134,0.10201911518076186
0.1184139591703925,0.10542904312513246,0.08673653372624257,0.1109309867299743,0.1501138739191874,0.09445183654722594,0.10864249945502351,0.09742627889283044,0.12785498843399087
0.1197157552807711,0.09179847308391459,0.1143794015477192,0.033838693013954965,0.16319761229699128,0.10783640235103693,0.1258617841636895,0.10889482293562518,0.1344770553262973
0.03443523544284538,0.11531171971900818,0.13778984405666606,0.0583237458782098,0.12177987320840344,0.15129646093554708,0.11759460653221677,0.148705234547982,0.11476327967912131
0.07829157580366551,0.07613281682439468,0.08352302136890138,0.02408874576030513,0.1849819970727369,0.09138106478276527,0.13891280809351406,0.14193698210390562,0.18075098818981147
0.029952836135498376,0.15858011961438195,0.09622805664870353,0.17095166895694858,0.04514818507560383,0.15242403815458072,0.09665901685236505,0.17160610054182726,0.07844997802009068
0.05555896041044506,0.12020406486229396,0.1583845271399269,0.04377513364612856,0.15240659911774865,0.10511687409957053,0.11393705253461951,0.123118880985779,0.12749790720348786
0.06955065146352445,0.13054240646149254,0.1278475610344807,0.13036926362496332,0.05693218274829362,0.11612755274496207,0.14605808216805757,0.15290501641599888,0.06966728333822682
0.14890574226172792,0.08229759786535962,0.07691634022927951,0.03381589572966485,0.13648997693451784,0.11215243085007849,0.11154190216560435,0.14776037053945085,0.15011974342431655
0.0843955715793507,0.10687875208853541,0.08268322454915313,0.12872610221752975,0.14180286816771537,0.09597740821174973,0.11436117774926824,0.10120510911061735,0.14396978632608035
0.05618205633356763,0.1157412730205254,0.07431413353257672,0.28911923160705244,0.042585798628521306,0.10370922394593125,0.12187019218739115,0.14516776084954464,0.05131032989488945
0.2248849575118621,0.08563113521134891,0.1312182969600353,0.06920216206826327,0.1279578085687756,0.10728156219464724,0.09760001392290224,0.09724884046684391,0.05897522309532141
0.027345729263516694,0.14641809130062458,0.07572071178842955,0.17519724085680047,0.04312256975784895,0.16444504958526068,0.09611956672686073,0.15759311891032782,0.11403792181033051
0.14860010196844106,0.08714881798817004,0.07224216616168018,0.038221580528162005,0.1340596290197845,0.10977624104372578,0.09828304121194043,0.14306918434683272,0.16859923773126329
0.10044028443736704,0.08849756246817013,0.24360778531856245,0.04095244146249221,0.10657414727872776,0.10896017300148293,0.0984142884965416,0.1421608950804466,0.07039242245620923
0.07143349857431765,0.12012029014724117,0.06305311740188348,0.35756421087885054,0.04774217292847157,0.11937615974494352,0.08306971674657003,0.08787375304901579,0.04976708052870624
0.06167108925622792,0.13776371386136912,0.11655484647381208,0.20428361085418065,0.049316756183657086,0.11087225874154466,0.11121569314492714,0.15434234193377508,0.05397968955050633
0.153007385136507,0.09608504946054008,0.0898728282385673,0.03306319712386092,0.16895988835993223,0.11503629155915439,0.1054938429121689,0.0991109738986206,0.13937054331064858
0.22967371738373207,0.0889000148049417,0.0818665597681379,0.02803742978189443,0.1054620106127363,0.13392365138799364,0.09495548691141785,0.12184056514995463,0.11534056419919149
0.06286558051810691,0.11128736236886755,0.26219761863492735,0.008070675831483388,0.13535240864999218,0.09565500001282472,0.0744632537403054,0.13825658021523637,0.1118515200282562
0.07267262131141954,0.13093135353517282,0.15542359353934546,0.17331658331912095,0.09945470371042552,0.12278007754224174,0.07903344997527063,0.10281035074379173,0.06357726632321158
0.10807403803014547,0.10211539266683972,0.07447102826265527,0.35254736026303823,0.07036174002743467,0.08281863528619493,0.08388161026648576,0.08635481267768434,0.0393753825195216
0.13280987099633354,0.10250202090988016,0.07913672303938928,0.23245628709609512,0.06069102111896235,0.10375483042057038,0.1413653217596155,0.08342118349903266,0.06386274116012097
0.04917627198255465,0.10091507482471261,0.05592875036798945,0.31475055179730393,0.04172229397688589,0.1484265907573278,0.07408637593185853,0.11594162883853804,0.0990524615228292
0.12086270961355912,0.07812241893816378,0.04644592783321148,0.3615572325561694,0.03850845958592156,0.0951772865100105,0.13491701771201578,0.07653399296988135,0.047874954281066966
0.08845127890427092,0.09696787752266693,0.13898473651510135,0.18491650540081306,0.10824228254852915,0.11343323974259921,0.08719738049250159,0.12227852549017852,0.0595281733833393
0.22792081214317647,0.08097894398175882,0.06200186119932566,0.04547083643235242,0.07462551000983463,0.12464347549403008,0.07399882628461309,0.15986167108119112,0.15049806337371766
0.09244953844136895,0.08854218723756463,0.08320289128642311,0.08057660822841937,0.17714948237360617,0.09745890070597842,0.1299284723723391,0.1079166578936626,0.14277526146063768
0.18719179960114918,0.09744003327237077,0.091476215329844,0.09213175111704412,0.14113088844453456,0.10615738982790097,0.09598290833698413,0.0924279066088648,0.09606110746130746
0.2325889929127607,0.08618460621769462,0.08247303693198928,0.013562900710570229,0.11315737657608343,0.1528087729709676,0.09026094527704125,0.1221382340057432,0.1068251343971497
0.08379404186854121,0.08447418836355709,0.044537097761698806,0.3968293668697755,0.03604046850565991,0.11785485530212003,0.0794331665924034,0.08364784908217254,0.07338896565407153
0.07222683571012851,0.16221324702192583,0.15817112787060206,0.16301316170972435,0.026996897255590357,0.10837079490496321,0.0911556220531141,0.17467394736805622,0.04317836610589538
0.07252764996773874,0.10611384929267396,0.08888663718489957,0.08852149739917337,0.1632528377593994,0.09638052269999392,0.12538000632791946,0.10456127814254257,0.15437572122565904
0.14677558870888466,0.0971886687607063,0.10274936354323354,0.132231455192565,0.14067057052668042,0.10008691053932979,0.09884340236459839,0.09741770492559886,0.08403633543840301
0.14648284810079967,0.10350734064260847,0.09999674966864282,0.054123043912792525,0.17105161038489702,0.10127389410410918,0.10315019223724248,0.09706550173631456,0.12334881921259333
0.043401442838739306,0.11088561830846438,0.08247852827482251,0.08333361883555672,0.026610325126284366,0.14831330234722614,0.2205048738912684,0.17698113634843557,0.10749115402920263
0.0655808103282125,0.12322867411651135,0.09439941509475776,0.26497506552243666,0.06263880429846122,0.10327582039738696,0.10557375125526226,0.12764360795395005,0.05268405103302123
0.14514411831198068,0.08482572367907816,0.13396215036858483,0.02694665593838994,0.17991693685364243,0.11809904137864886,0.10596324905173665,0.09697323596069095,0.10816888845724752
0.1987077494489697,0.09546757271537554,0.14935460887524687,0.05378944270459035,0.13268510060772423,0.10073576698402387,0.08588841239759692,0.10095895931658318,0.08241238694988935
0.0700603662467139,0.10205400651546537,0.1754003500345576,0.06714097269506934,0.14963816311603614,0.12416144415841941,0.10716476754358749,0.11407162674709216,0.0903083029430586
0.06792303648304406,0.09379582667421293,0.07343942101708717,0.1180643620174624,0.14691447634711452,0.0888105710319862,0.12160120694646422,0.10980205450571374,0.17964904497691472
0.13827401522897523,0.09668334542720634,0.10487696139784446,0.29692211926227857,0.07119695616832959,0.08808269608156856,0.06339418592271101,0.10102564755159604,0.03954407295949015
0.2542100176781001,0.06926584355897598,0.0650683923829673,0.017890689556935773,0.058924381115538375,0.1309769452345986,0.08761573043385035,0.1896614583091454,0.12638654172988809
0.24199123241937806,0.08163987137433766,0.12630481530071846,0.031661612364935005,0.13405313044749836,0.12982951689640176,0.10289778413548552,0.09011551304762845,0.06150652401361678
0.12270392561761871,0.07162021858578412,0.040033526685307595,0.40772498775308597,0.03513215091102378,0.09283153149871394,0.11288329324933559,0.07151099244856679,0.04555937325056348
0.08672029445221048,0.0918566966384064,0.19879789973327563,0.03501276835322787,0.16874104983312643,0.1075390473027003,0.1012750561387916,0.1146412171369728,0.09541597041128859
0.13548703614738378,0.08393199669859679,0.08621418817830874,0.3191563784389939,0.08137258004459492,0.08034289584550355,0.07105381956202096,0.10417530576336169,0.03826579932123577
0.09942097280245765,0.10828040533353116,0.0836842915224268,0.13059308283963425,0.14249075556641635,0.09467372812559481,0.1116273573060325,0.09868980616307708,0.1305396003408294
0.10246437317885004,0.10710828274253718,0.07142075135127962,0.22335632276821213,0.06489893549827895,0.12037578375909475,0.08772348241535921,0.09772848160332707,0.12492358668306099
0.1901803049345974,0.09865009418575915,0.08250967332931114,0.17280723707560516,0.09441075593568606,0.09548642847599742,0.08790178003941307,0.09696306608522187,0.08109065993840885
0.06611511666271036,0.09697467122604574,0.09405500584128342,0.10714727707987948,0.17064662063256633,0.1036615110713569,0.13178521583549685,0.1070307956657149,0.12258378598494601
0.17646953811690272,0.08766011984782796,0.06000053751056966,0.19178746724172036,0.08578736546321497,0.09184732126364736,0.08386826628245747,0.0998382544073106,0.12274112986634889
0.05440803128099319,0.1288706341637149,0.13325285613206503,0.1814327317758627,0.09698644979577613,0.13789838344439723,0.08492807923715895,0.11442405154205267,0.06779878262797927
0.07155323073732965,0.16308089726602373,0.15683422035758596,0.18769418993393047,0.05767618647308267,0.13105397489724283,0.07466637028087025,0.10268374725779977,0.05475718279613465
0.06730445334833819,0.12707136015228432,0.09992296541605651,0.11706775120557796,0.1190448404037862,0.11718614485392836,0.10439111612569739,0.10952130657076616,0.13849006192356494
0.046947947071250974,0.09698478540281767,0.10404641964117474,0.05586716565652383,0.17635314327612464,0.10604205491589513,0.14401377115527628,0.11902720277046382,0.150717510110473
0.09508528785045794,0.10568138853502208,0.055527968820203756,0.3481422598680998,0.020526428070579004,0.1035315001320749,0.11259598249536752,0.1279141389369036,0.030995045291291504
0.2375985681274381,0.08600827881492716,0.06371821540625647,0.2821901406345766,0.06642238420480066,0.07912410376693764,0.06961345676383934,0.07043936367915611,0.04488548860206789
0.07625549507713225,0.14674810012187386,0.09471393053027936,0.26414558521563425,0.022538647797150712,0.11340841436903433,0.08704340725739806,0.15943986374259778,0.03570655588889945
0.1504051838479311,0.09855260838675965,0.06736695226402438,0.2775634438649847,0.07488620591376276,0.09280873081101938,0.07934382939850691,0.08652743340089523,0.0725456121121159
0.11910263379563495,0.09768164081903073,0.08924266496241068,0.1056755260071876,0.15332201074648036,0.09963344156874114,0.11594055419440581,0.10034365826776921,0.11905786963833943
0.02275618649026445,0.2122597906731817,0.06034902815011523,0.050870813806165205,0.0005010144030999031,0.2987921227802061,0.10834716577560667,0.21042563140350823,0.03569824651785232
0.09138397052899078,0.10308811361013191,0.08873675833212952,0.13054402837894782,0.15964795426314224,0.09672568359045126,0.11713638873394146,0.09706215636525406,0.11567494619701102
0.06932027218304866,0.09620334024093709,0.046131002159583184,0.36524451900672067,0.02493335903401274,0.12106822684467627,0.11817928503554141,0.10935182163925337,0.049568173856226555
0.29776695770710554,0.06586215832650587,0.06038644334915524,0.05460864366607695,0.0367691457979433,0.11382155347084426,0.08349832610931816,0.18228268752000465,0.10500408405304608
0.07359621667203194,0.13042395198612658,0.11657224128319355,0.09898003772116815,0.12147567672986172,0.12090740975555492,0.10064110635278896,0.11135886259927175,0.12604449690000247
0.08843581250217891,0.12154972445432183,0.13358596569355133,0.23981123836345475,0.08062571724866888,0.09673931349567577,0.08075898784109621,0.11074067163649472,0.047752568764557586
0.09078709358836602,0.11106418451384925,0.08693137651231565,0.11184134329199862,0.05638625573218196,0.14624558995058548,0.13371481540246255,0.10373585645650119,0.15929348455173933
0.12213053532522723,0.11531762801666852,0.0868645815806598,0.23961994793548683,0.07728773670252291,0.1078866351605265,0.08560060289732874,0.09014476431619584,0.07514756806538354
0.014193328672798567,0.16892086230979655,0.19453098522524737,0.017651671654567113,0.020695163018069025,0.1724230286609257,0.09691281718500562,0.2273117104561564,0.08736043281743366
0.054092777468080146,0.10455972607291748,0.1526557614666534,0.03261170303964981,0.16186584799404535,0.10479250197780414,0.12842749819719734,0.12827221364668745,0.13272197013696488
0.0762474526980262,0.13513520096617657,0.1235625264374034,0.20293064541223912,0.08670797903752031,0.13702166629414542,0.07613548063132337,0.09689283953216173,0.06536620899100383
0.2660750302756651,0.07982286454108191,0.07692738841441672,0.03645177368118369,0.05566348598573537,0.11843276728706197,0.0931212423509553,0.15377140260889086,0.11973404485500914
0.057171801383631,0.11290439110470403,0.06435806339253744,0.28057241187726684,0.07423199601165625,0.11166062400726538,0.10925105272479807,0.09348761072619682,0.09636204877194411
0.1379888714937359,0.13637129059119166,0.22999810957880074,0.043354769452696756,0.0633704294517563,0.1111548219809158,0.10211668939275993,0.11032491260087464,0.06532010545726825
0.11723240132104802,0.10169213481335775,0.18862377094625385,0.1197028541236939,0.1121009654407527,0.10046333063535302,0.08341494983944207,0.1158969487808369,0.06087264409926177
0.12910408353314487,0.08629672993092306,0.09976603869641942,0.024452357105786846,0.17865768236906177,0.11426305291418137,0.12092217668125162,0.10707478796920457,0.13946309080002645
0.06154915947988151,0.09319442042621258,0.1102024751141056,0.053484316785357096,0.19387529100873682,0.10433415011684495,0.1377909505803185,0.11057116681815078,0.1349980696703921
0.07408875128100521,0.08752690834248988,0.05967994675318264,0.2199920827470634,0.09933426459805726,0.08884359872629834,0.09822682805913181,0.10140324186756496,0.17090437762520658
0.056355435630097095,0.10160569994763506,0.10821594281575343,0.061345782826220295,0.17466833842679855,0.1043554919711309,0.1371780089099115,0.11570255551048242,0.14057274396197075
0.1876660421211702,0.09942083765680393,0.08221340594599404,0.06848806199420493,0.1295177422342746,0.1091899220895987,0.09677255087637737,0.09997595141600117,0.12675548566557507
0.10371180284627907,0.10519150366403507,0.09741344370811782,0.08969959831101011,0.16834599374186957,0.0962238393063295,0.11499686022244382,0.09937649837174171,0.12504045982817338
0.1484729341557329,0.07551433680823696,0.06910217658744851,0.03478901368042305,0.10535314259093702,0.09890250239965537,0.10116316806296073,0.1837575658968554,0.18294515981775014
0.07567922784874752,0.14228995186712667,0.18822325877098614,0.12447645702031367,0.09748521110303073,0.12353042326483397,0.07643193959706464,0.10241428884545815,0.06946924168243841
0.08377159839709432,0.08915723891251082,0.07428789046989596,0.06694527430486227,0.1801502871255646,0.09416880611580421,0.12282053709783847,0.11529753707066846,0.1734008305057609
0.10226566730857445,0.10358542848388035,0.07964242521784134,0.1844265200003722,0.054965073898436335,0.11422389308449586,0.17650106216636696,0.10851802088176392,0.0758719089582686
0.09927609005776546,0.09092428871077096,0.07753413822914322,0.07348388100218058,0.13672709955911744,0.08915938948918078,0.11749617694050986,0.12511755810106082,0.19028137791027086
0.11317424219875417,0.10917562546434333,0.08988527193622659,0.08254881157938597,0.139151504373956,0.09427683296273932,0.10372914564142953,0.10702748310938208,0.161031082733783
0.06978004762231811,0.1139626380714795,0.10998991680777599,0.08889004134568533,0.161740011641172,0.10422880409447799,0.1195516034917018,0.10604543178125632,0.12581150514413295
0.08109318469273676,0.1105852724914882,0.08936959957364667,0.13268300780384118,0.14451786911588113,0.09999446013264118,0.1144896707637173,0.10079759202071913,0.12646934340532848
0.09214721845179463,0.10405586589366868,0.08256425310152489,0.2188833098791277,0.1303291854547299,0.09412124692168093,0.10457544965508318,0.09175484661617013,0.08156862402621996
0.1471413500155022,0.07923999286469359,0.06553938759333026,0.18178161302141593,0.025950833828104036,0.11038518104342605,0.21481621658809913,0.12664627242179774,0.04849915262363103
0.22179207640457363,0.09473712192729493,0.07480930962872699,0.04559994724189448,0.10550764813646767,0.12517288352519454,0.0864398530801848,0.11387781864781717,0.13206334140784579
0.11908509373052867,0.0949013552628082,0.09138621700264021,0.059296197953309315,0.19094062226140943,0.10507632248959335,0.11737459243677718,0.09503529217250785,0.12690430669042574
0.2678390389201082,0.08147002331569597,0.09118608971948826,0.02761588683159644,0.059311367004984294,0.11923754802478674,0.09848402062596899,0.147269870375765,0.10758615518160618
0.0970773962724073,0.1283311972704732,0.16733231682447003,0.21388086953707042,0.07108759722270173,0.09630154924869412,0.07127851979847917,0.1087956521219625,0.04591490170374152
0.15352695529713808,0.0987541564815921,0.08911314362768312,0.09582001609076331,0.12436932160733279,0.10237531892935366,0.10878495924526134,0.10762434946235289,0.1196317792585228
0.1735151861802473,0.0876472082164474,0.06735015244182896,0.06434252824154418,0.10529477858153856,0.1053800655193401,0.08810873288642157,0.1381210095097351,0.17024033842289674
0.12022140978517322,0.0946304300725727,0.07700233486486434,0.1645139074551868,0.12945837148979086,0.10103011687483565,0.1281929804825587,0.09443276418615443,0.09051768478886328
0.1365048170686345,0.11064444812119867,0.09502059984785687,0.09012349967508261,0.12616252990558488,0.09604920818805492,0.09700942580359312,0.10821400103734409,0.1402714703526504
0.274024571692869,0.0849882414970005,0.07684103050437992,0.05358417043229361,0.06268740445128039,0.11890363984822329,0.0905103684016945,0.13508609324342363,0.10337447992883513
0.1159240713547129,0.1029778258688862,0.17205027956631117,0.04576647425023256,0.16096955935649562,0.09909889100138658,0.09713588513188892,0.10950848914022975,0.09656852432985631
0.1403669053031891,0.09321166064780735,0.1076076832534665,0.050886552253445995,0.18529346107674982,0.11014254554446518,0.10866462674337378,0.09446916009442981,0.1093574050830724
0.10217755042851011,0.10118084386843278,0.08105399763886088,0.11268591782071458,0.12856707359252334,0.09560805939987586,0.1126053508594977,0.1102983321184287,0.15582287427315603
0.05945610044294874,0.10706005680329735,0.12705587143645997,0.1438453347176989,0.1308577873383795,0.12071644411104084,0.10698005426757329,0.12537367393690238,0.07865467694569907
0.2877495935041084,0.08469584465097095,0.07607710743163797,0.02231038939972126,0.06608996748252227,0.13974167738099144,0.08239363924415846,0.1306002520399665,0.1103415288659227
