0.12065574036628231,0.12407213742562868,0.14354717569185002,0.10454706064419789,0.1032373996497622,0.06576217152947302,0.09509287013119831,0.13219204069604504,0.1108934038655625
0.09517696943075714,0.08486094559226727,0.0976960310564647,0.11156143529055552,0.07554782732024301,0.22261513398259516,0.09370309978405607,0.1018081745261868,0.11703038301687423
0.11874032229753229,0.16549457655166327,0.11839947918679912,0.11766355617822553,0.10769759553295764,0.023432150843453247,0.10743570517523852,0.12157303465962292,0.1195635795745076
0.11745603981124757,0.1561791205143799,0.14134192615478727,0.10362783084036896,0.09458274352224534,0.07786311538263496,0.10243364291612929,0.14138611168118478,0.06512946917702199
0.13446563631835465,0.07614650859187995,0.1273684732957844,0.11986710142347046,0.09957616234541151,0.16784224345316598,0.1217465559874854,0.11765780184672657,0.035329516737721056
0.08200705067855663,0.0912464046282917,0.08699471658582014,0.1049851360629286,0.057377654319082365,0.3063212772694058,0.10365705269707663,0.11229056742679588,0.05512014033204229
0.2074787375221303,0.027124298566754728,0.1325055360211055,0.10792045236803527,0.2430077597720517,0.025044245941373906,0.08647252350270158,0.09151966609262409,0.07892678021322297
0.15466904442971294,0.1025509548785483,0.10876957236506653,0.11958813378185414,0.15056403648012287,0.03189584331647838,0.10113271060750666,0.10942269695973661,0.12140700718097368
0.08710941279294497,0.17095431357996205,0.09334657842059257,0.09922870377262061,0.06606074939896793,0.018695080318951462,0.11238468982005323,0.11796979057764222,0.23425068131826499
0.14501816495998845,0.19652360787434778,0.08907843820772099,0.1294961018960531,0.11422749385612957,0.04393654113687578,0.1020641547888896,0.1086385820457339,0.07101691523426083
0.11269038453805552,0.1367299699836322,0.10893276492394759,0.13269446895459105,0.0983348525926633,0.06482519536568249,0.1393441838209282,0.1220375442753414,0.08441063554515837
0.17874559352108088,0.07297055355678889,0.10946840039169596,0.10647275705958426,0.05519500707160795,0.15088829613020177,0.12626957557099414,0.13943216924248733,0.060557647455558916
0.13863104108245186,0.2070061582552012,0.13247145841811067,0.10020192306638133,0.04539565314335119,0.03982567162130634,0.09681419418892018,0.14069257978939245,0.0989613204348847
0.1503702122504332,0.0855467406088616,0.12360000778641189,0.12411402072905496,0.10224916077307046,0.025398877135879853,0.12514567232804394,0.14375911706734254,0.11981619132090154
0.14412761841001978,0.17467607799351204,0.08428779135709803,0.12730721143913795,0.1095805608177423,0.029944766636885067,0.10202279630813545,0.12010622251218182,0.10794695452528756
0.11047042934057894,0.08638076898008262,0.11370523989854915,0.11204252554737547,0.08844085939612555,0.15903602749501164,0.1107919544665248,0.13190462847375725,0.08722756640199449
0.12193381467268583,0.10422208701101233,0.12721631267927028,0.12774387534619022,0.11464645589771955,0.056991226759967976,0.13440409125932976,0.12287858364690574,0.08996355272691832
0.13409509297854386,0.15664141206594387,0.14179884565800283,0.10997119891547018,0.11679033400878609,0.0562613063736771,0.09227122665007625,0.11964427461995926,0.07252630872954059
0.21645803612287642,0.020986095100997085,0.11586389066920727,0.11960955103172673,0.20923732920572088,0.08971180139125202,0.10480202152027539,0.0791080866451956,0.04422318831274854
0.10279717059162596,0.1276459612691869,0.19993063301473887,0.10222138644064248,0.04671008709439631,0.05775575469244216,0.09835227959390247,0.13915603945622187,0.12543068784684297
0.09481766537215329,0.14180668660059179,0.09615941870761796,0.05751932222067387,0.04660965308155456,0.3336234513500365,0.053032306110727095,0.06688528049168262,0.10954621606496236
0.10170361924483333,0.09579771709008271,0.11248302418263874,0.11333308623574541,0.07138593789463739,0.0866476780919791,0.1317151827428419,0.11122825507034954,0.17570549944689184
0.1722222218905125,0.025161026628314483,0.1316631904817657,0.13651319439647058,0.22197521126682318,0.03574883841584256,0.11329901089161347,0.10637287773114705,0.057044428297510476
0.11129607770085499,0.09639589090345757,0.10189851885104069,0.14416801139919078,0.07520192474699779,0.1082311047823472,0.12677045624191802,0.10003637669567227,0.1360016386785207
0.10442542637119566,0.11084801644889412,0.10763105676951483,0.10771288587061745,0.0849592418586631,0.17192930045395535,0.11836247819302619,0.11316529147657717,0.08096630255755621
0.184279453285771,0.01828586973125512,0.0909008613570847,0.09457488005636024,0.34943236810248973,0.06946409731938631,0.09731261996247188,0.06207231871252102,0.03367753147266
0.22451500116544731,0.017510758777455598,0.08229150245156842,0.08891761026736995,0.3073434905210049,0.03081086292722914,0.10769423523162626,0.10766769745435505,0.033248841203943384
0.10547285674595074,0.10428832854343739,0.096075377983365,0.13039468822451392,0.06721468717671002,0.014433000824984657,0.12126551100535071,0.12213718097650682,0.23871836851918082
0.13323846440422446,0.11536725273011054,0.09927831512298557,0.09764267065599626,0.09806949309998643,0.17337943653543322,0.08795974809852507,0.10087319040992214,0.0941914289428163
0.1166244192967965,0.09739581974193219,0.10548555579707646,0.10606979499391034,0.08900824661327356,0.1912546015810304,0.09843951515311021,0.10924685833543839,0.08647518848743206
0.18575739678150013,0.07636776149618996,0.1378458316991846,0.11821790657081914,0.0841729586547575,0.04374783930947315,0.11564037926503556,0.13590946257139117,0.10234046365164877
0.10703726771902944,0.1766092474303538,0.10821458451449172,0.11080043576034508,0.09695347013789303,0.08570601572476967,0.10284984404026554,0.1074348677008174,0.10439426697203437
0.11208431482488544,0.12909801508489657,0.13611779774661634,0.10987030431199474,0.11483800608644323,0.042835184356288115,0.1280485818058272,0.10902814320174876,0.11807965258129964
0.13786541379783676,0.10680480410253713,0.12520274133308373,0.1361481880422173,0.10267590865568649,0.02032199141674267,0.13388360808132518,0.17603123795003087,0.061066106620539906
0.15418264213672342,0.06878880997084352,0.10762573832959954,0.1390296019730964,0.10715920923040534,0.08671209560734183,0.13706489316798282,0.12151061330744067,0.07792639627656643
0.21033039277334886,0.032455569886497254,0.13531682291613664,0.1110992765868956,0.2586643152848344,0.025375655947543624,0.08577059549279199,0.08537924167432258,0.05560812943762908
0.10394349405175925,0.08050690332504669,0.10342292230801603,0.11004429533037759,0.07022870103027778,0.15199409492211047,0.1197894955313895,0.11929980941308536,0.14077028408793724
0.08229095406541093,0.20316997725110228,0.08328267479710118,0.11682337403342309,0.07460236465135499,0.10173488367313498,0.12988296512515465,0.12328297108728224,0.08492983531603572
0.12474907840430384,0.057473048239884084,0.10779146493120977,0.14643415895281442,0.08754844905061397,0.09561286643444657,0.1418052944897056,0.14795531677169257,0.09063032272532916
0.11067283290488154,0.18628164904965402,0.0898858125396808,0.12134929536548204,0.07033335382895266,0.023681315817144555,0.12367263349733715,0.1512254945057254,0.12289761249114194
0.0909069223565579,0.0878565834151341,0.10949426864948393,0.11288262091440299,0.06849612563451259,0.05844291783969705,0.10246341132053133,0.11632294339724608,0.253134206472434
0.08225135504328611,0.1415074274357676,0.1058561376002251,0.12541739679810393,0.1107826395807477,0.022919144591614,0.12838971369022387,0.11895116267854229,0.16392502258148942
0.19594191055360347,0.04433607933764688,0.20332648587553556,0.12081677806489738,0.09927393370538588,0.07015708053891677,0.11117825818011691,0.11363590556019491,0.04133356818370224
0.14703598546547225,0.1492493714223036,0.09936952329083835,0.09636350910128287,0.07296564082661491,0.08297258526686133,0.1271295661193433,0.12312866283236008,0.10178515567492329
0.09835083804898513,0.09062687237147699,0.0934498931865796,0.10076456938696932,0.06242814008041103,0.24560103139383482,0.12876636620067727,0.1393180106154689,0.04069427871559687
0.16512622619761558,0.04235520830306596,0.12758810977456894,0.11789454474503254,0.09768168987408214,0.14327047563423628,0.11631555234500139,0.10276222080679183,0.08700597231960543
0.1356591511212433,0.09718499799266433,0.1436187771342834,0.11743659075127966,0.08610267460593225,0.01096978742786548,0.13888319532058682,0.12076430449129065,0.14938052115485412
0.08962974177311844,0.13773267847717638,0.09907966689866514,0.1239028587890918,0.11617623562463568,0.02271159079784184,0.11640679776005795,0.10748586560011235,0.18687456427930046
0.14953966297385116,0.20365345469229498,0.12397234087297139,0.09955104009615313,0.08891432448105753,0.03729226465601303,0.09411326287318754,0.12496794275667854,0.07799570659779272
0.16512643358578902,0.03189507964481301,0.06732039767874252,0.11062501972617274,0.2152218667343235,0.14308433200188123,0.11165038993710492,0.10769575267026503,0.047380728020908085
0.11236360606079317,0.10590084235119372,0.15406659846987145,0.128651675323135,0.08363735830019274,0.06407948441474284,0.10606419540683769,0.12894670387816215,0.11628953579507113
0.1279964261972734,0.10616809384762564,0.13688583494494808,0.10486197127556905,0.09793593882295011,0.09211551194178458,0.12083617450945366,0.1278645504359529,0.08533549802444258
0.10047679813821325,0.11298574651457793,0.14709692208452171,0.12009163059160179,0.07392999974919363,0.019368255061400042,0.1285278412735687,0.13882435655654649,0.15869845003037644
0.10877079691126486,0.12513633052964704,0.12444898312272794,0.09157197338856354,0.0905046021725997,0.17915635270720065,0.1015752876402688,0.09932342547213718,0.07951224805559017
0.11025563992859833,0.09667429581034707,0.10709082365518412,0.11541678302933005,0.08233957526632961,0.11725002501153915,0.15092454698189817,0.12568084288160686,0.09436746743516661
0.10904183178825833,0.2204638722892219,0.12744549191371582,0.11214453067304575,0.09792851589791225,0.05545225136903476,0.1022248578143717,0.12468627176932146,0.05061237648511805
0.12350522169401579,0.07243785409017024,0.13397872695770432,0.13605731832482026,0.10043409070720244,0.07693166811320598,0.15030881271797783,0.15009178745043242,0.05625451994447072
0.13202729192578846,0.22034486471293357,0.11680716717762878,0.10177731590877866,0.12739097334304691,0.042349785472963496,0.07087735189914061,0.10407827587264477,0.08434697368707476
0.12180773700446235,0.08010445131915996,0.11367090094910848,0.11116711696759024,0.07066534371663986,0.14345140191290554,0.1431538519514121,0.1517192313562327,0.06425996482248886
0.15412107697134503,0.14001062765337532,0.12046106491434881,0.11786577178716812,0.13185478582288082,0.0353946381508416,0.10473978970511,0.1078937124917186,0.08765853250321172
0.1733921690588431,0.05099546596287061,0.1310223607153026,0.11584394575306457,0.13365956985309121,0.11122717737217976,0.11019887353061986,0.10347952871379744,0.07018090904023089
0.11583912093833319,0.11196335189917639,0.10988883016697508,0.1167653215204036,0.09792957158434316,0.013186131885797613,0.12438448655829813,0.11347946754834326,0.19656371789832963
0.21032147095402598,0.024255744445446287,0.119108559707692,0.13028661189321075,0.22538930458429893,0.06082883680223128,0.10044856986628643,0.07490893086126242,0.05445197088554595
0.131128068292498,0.11446216889337076,0.12146624010880941,0.11930820265694302,0.0866399962801578,0.0493458730996,0.12204795042656665,0.10756778105796627,0.14803371918408803
0.1156078350105475,0.1185088413538264,0.11584857736189824,0.10296502476020315,0.07481768161997922,0.127620108206648,0.11759180101157167,0.11286968402897797,0.1141704466463479
0.09326995312041547,0.10310496157715736,0.16241644039966974,0.12871630617112287,0.06856259145938877,0.01818904575442328,0.13372081822316814,0.10603365396547476,0.18598622932917963
0.10739267189496178,0.07497981004884295,0.09339992158866138,0.13419027794373375,0.07621825485237911,0.06420351379088379,0.11452577795721376,0.11938828294222137,0.21570148898110206
0.1372437984134688,0.11063079357591314,0.13696900523002822,0.11363879897853192,0.11031017573554423,0.09158392530921189,0.14068927518373475,0.10960401454263073,0.04933021303093616
0.2371055547772963,0.019148826039596892,0.08317552239336891,0.1150385059726192,0.25913398527406845,0.024570076258420327,0.09688191162062493,0.09471395511875709,0.07023166254524799
0.10996263466825114,0.058807762976763794,0.13073294462931348,0.14405454205879287,0.19181999868193791,0.06220731284026265,0.1318851866584199,0.10747408678926983,0.06305553069698834
0.14228125266356675,0.14336648042299174,0.13695524381689808,0.10949859480939612,0.0544716268857953,0.051871595617654476,0.10654428452324098,0.11052584055205854,0.14448508070839805
0.1680901671632662,0.05690590672004439,0.17537643558431049,0.11917931136306875,0.11751961448986244,0.03242060116577978,0.1185817640831004,0.12290695010365056,0.08901924932691707
0.093606958815223,0.09240132076676787,0.09672177506615953,0.1521895787188697,0.0821792382406498,0.0463535331380737,0.17953417113247058,0.13664448008141927,0.12036894404036654
0.1530275646941505,0.052296278099924105,0.16453610517070955,0.1281293654672163,0.14619798946785614,0.10914416466996264,0.11001734436179515,0.0826358162428291,0.054015371825556456
0.13124356213373722,0.12345991367942337,0.15119292333083867,0.0979245225898057,0.05492522602222762,0.05245405605786876,0.1209617981776792,0.10836179481888099,0.15947620318953856
0.18061423406308066,0.03599369950969454,0.10189640214776934,0.1286786649142016,0.24829988557814056,0.039818301123198487,0.11510224454893397,0.07638461133352249,0.0732119567814584
0.12333498673305798,0.10829078841227524,0.12210952247130798,0.08584233284309022,0.060624725360929305,0.19745347614495792,0.09919936252295514,0.1347699620426841,0.06837484346874208
0.19562777142176654,0.046798978502759415,0.09812212033124477,0.16535860747792328,0.0637563921355022,0.011569823071967309,0.15604255705288028,0.12881909098670238,0.1339046590192539
0.1493405664099872,0.102606171141343,0.2018328250495958,0.12436637426119342,0.10002707981027877,0.044108768359263216,0.08822719815909337,0.1518763330355427,0.03761468377370255
0.1303201630962318,0.16397788945825315,0.2065478993386118,0.11606160427127983,0.060621844307296696,0.0337471665347767,0.08582738883639689,0.13740435394123338,0.06549169021591973
0.11141014279470228,0.07322814429904008,0.1311377178749447,0.15211716467008815,0.1348374838790392,0.0420214338089747,0.10981441968782855,0.11865211675774812,0.12678137622763413
0.10851238334860301,0.13888506456000027,0.11275053066594115,0.11761226973122314,0.10182244866281487,0.09523968789963562,0.14725414099539483,0.12767967934710647,0.050243794789280684
0.11615862126801618,0.09425131229116335,0.07892199382037685,0.12016084110489346,0.0742009643269381,0.004244968005406491,0.10782584705552423,0.1193443868898741,0.2848910652378072
0.10992898474078394,0.13903035092191526,0.09295190112624462,0.121106777163003,0.10037445924261307,0.09753430595002378,0.1299700697486947,0.117667390593913,0.09143576051280877
0.23935891484307045,0.022193460085442502,0.08152398789890512,0.10595347809668543,0.2694258235691898,0.028127152321390292,0.09604026054905894,0.09127033913141154,0.06610658350484587
0.10342009298076944,0.09656688454306406,0.1274847105099389,0.14430286255555236,0.08417931533826013,0.050760374582374125,0.1519321909685494,0.12560667405620232,0.11574689446528924
0.22668150370202964,0.02367305713990746,0.09597058292395887,0.11535399917235419,0.2637716255045807,0.016813951255289675,0.09256966975293601,0.0968655400162764,0.06830007053266697
0.09532673199726072,0.15445295174617643,0.11397298803627376,0.09416048019140281,0.07735199945540983,0.19273003578529235,0.10584657677380177,0.11327595901452829,0.052882276999854094
0.2410199694929415,0.01816813182073581,0.07415108810700467,0.09040443722114039,0.238121692186831,0.05869997740814783,0.11070040580486525,0.10896830915089821,0.05976598880743537
0.09120443210089145,0.14763891593785347,0.10579329197208982,0.11950896816851882,0.08514157081037442,0.019048364350186094,0.1084588180954524,0.1208279467995282,0.2023776917651053
0.14452197131425998,0.08991824198741671,0.0842750867206874,0.12707524394946043,0.08638842423278636,0.11162959165094287,0.11469676113746886,0.12540936957600773,0.11608530943096969
0.16456815518589643,0.03242732223230698,0.09380711272136415,0.09859377522051992,0.2313041776170429,0.1729781867471674,0.08904269862997477,0.07887287374318407,0.0384056979025434
0.10774190154547125,0.10603237995727442,0.09951974296696386,0.12665009190005883,0.10729234696211339,0.07044854421882242,0.10759656360961006,0.12584736511563133,0.14887106372405443
0.08738375657350156,0.08933069410901823,0.07208632221545828,0.0925212102706346,0.07782931898697168,0.340100257977581,0.09537639903616635,0.08758775849737498,0.05778428233329334
0.11704125373229628,0.19169846587187786,0.13904414370147214,0.11162535721064563,0.08304574540542961,0.03375312562136468,0.11643516901116298,0.10530381691027359,0.10205292253547717
0.14615679735308704,0.09309141917190371,0.1331558446705937,0.13125642384094846,0.09555924736341798,0.04537553064973109,0.12603462679629113,0.12372892121209138,0.1056411889419356
0.13844507077919552,0.14152960772798764,0.10110296433570846,0.1180903595724817,0.1357714378619893,0.030467316798763657,0.0997563005523514,0.11124325424385668,0.12359368812766562
0.09659077522370056,0.08689080535572156,0.09160328749194784,0.08744744187037883,0.07238912686897186,0.31552251386349434,0.0932053984620016,0.08058621789254229,0.07576443297124119
0.1464558696912042,0.03884408210936292,0.11116666530699286,0.10639729985392611,0.277650921349662,0.024106632623305622,0.14133452708771868,0.0949413590713154,0.05910264290651215
0.11436187484679095,0.11802859674955309,0.12317598869187228,0.09384209097913494,0.07857699150197645,0.18169448473783043,0.10864143465126956,0.10370601921332327,0.07797251862824894
0.09531498204762985,0.10053111445939099,0.1126172550345617,0.1215973203762194,0.08869145520306086,0.18288292064895725,0.1396121327350324,0.11438952890121479,0.04436329059393277
0.20122707474439713,0.025970630308320992,0.08429916286434362,0.10713929094567946,0.27913662359116165,0.05745846563291712,0.10682927313300435,0.10360244758237502,0.03433703119780069
0.10956137631861779,0.14565036104352638,0.10435580051535821,0.10561435705839327,0.08582412159438806,0.08411419063482933,0.10979330245599846,0.10623622477345529,0.14885026560543324
0.08612398606959719,0.1363170695429743,0.07667913993028194,0.07458519610359783,0.09710283666204217,0.33232881946668935,0.06405398380151626,0.07567271262704865,0.057136255796252346
0.10755341733670198,0.15303378608301707,0.11483333209175421,0.11876479116580724,0.10309550669366381,0.06908675649925584,0.10639229058471,0.11465418529983547,0.11258593424525447
0.14314219220438207,0.09195586238462172,0.10477696131295951,0.12554196955639682,0.09381433258457579,0.12023763256656117,0.12959037422133807,0.11298023850911663,0.0779604366600483
0.09338380912240996,0.07667092170540248,0.10422918239885476,0.1614465337600072,0.07676537337544617,0.012811109290419537,0.1219534670940932,0.12089267486275529,0.2318469283906114
0.14428328787397623,0.127579679605008,0.11839497876190679,0.10086827219489525,0.08090120004652565,0.04824300525362016,0.14260467232729027,0.11904002103610183,0.11808488290067587
0.1195526019432848,0.10578950281792186,0.11492141249315252,0.11018890071018302,0.09043548495682706,0.08799857608776072,0.11024507271135392,0.10547084405482061,0.15539760422469542
0.09444177668912374,0.13400340988289294,0.0856239873648195,0.1243165569195588,0.07006586969968198,0.14067979849862847,0.11715268289353802,0.13466339643377337,0.09905252161798306
0.1990551252884397,0.017100324434436667,0.10646184700884702,0.1078423762445556,0.32516378994278056,0.02062850369322362,0.10997526160948244,0.08133959362725586,0.03243317815097847
0.13377400397433065,0.18494233129317886,0.11484219221269172,0.11278529120421854,0.08776575869241222,0.012360194980265459,0.11830453830829095,0.1687753177899569,0.06645037154465468
