0.12948205938545757,0.1044199055041405,0.10294894505986923,0.09756813085773225,0.014958560804644735,0.107334450919909,0.0819375294619361,0.16250796251997676,0.19884245548633386
0.09939642176240467,0.07743623134093058,0.08996011860894182,0.11897060272509408,0.3347414557940546,0.08978753318831818,0.012743789909067773,0.08703929449860241,0.08992455217258594
0.07705576671789395,0.11184931209186122,0.10165362904705262,0.0705590516748623,0.08762216886196643,0.12594506754463525,0.24747180923157597,0.11850141201770303,0.059341782812449236
0.11633853256071706,0.10302652835697206,0.10109907374042103,0.12529263193407417,0.13418737039352344,0.14718613555260127,0.09833574560434538,0.10224048297893114,0.07229349887841446
0.17034096337236818,0.12081612194833509,0.11409025085854456,0.12633107756889242,0.011683758734414526,0.1328878917929373,0.06633761876062418,0.11863421199542878,0.13887810496845499
0.11614809646151054,0.08581244880037253,0.09715584528874582,0.12035253120593098,0.3044024983273432,0.06795677740054515,0.02820650902553869,0.11402515951689644,0.06594013397311664
0.07931877476126409,0.10584136242094415,0.08420186689588521,0.06349540232392692,0.04342019715976913,0.042561048818429405,0.4260911933368942,0.07376036079924712,0.08130979348363969
0.09658324139059447,0.13765860654213408,0.1087757245938309,0.16479834208881725,0.08281113084360088,0.14097695784041464,0.07245024968491072,0.11596860271711006,0.07997714429858699
0.10613147699833407,0.10255570546263054,0.11377027502141092,0.12510154120020958,0.055516119658433505,0.08222300047729275,0.11771263177720233,0.12457119678477387,0.17241805261971244
0.10063763661461754,0.10395026872042028,0.1167228778383258,0.07692136569656395,0.05755551880019053,0.11403997902313308,0.20140191771085503,0.12970360040342707,0.09906683519246673
0.12296162708332153,0.09573041207206574,0.10338167597433794,0.08255188817895767,0.019259584913043373,0.07653768525078607,0.1809039797838874,0.13906026988389236,0.17961287685970792
0.09664465818577024,0.12842937657987205,0.12338496735150871,0.16458991814804638,0.06129941746545117,0.16135836184377092,0.05184412722447451,0.1360673794006666,0.07638179380043948
0.09050292760693691,0.10885956240869378,0.12344281564876121,0.12977681063771832,0.05695475453287602,0.1726690538748644,0.016332306565266918,0.18075147526795743,0.12071029345692504
0.08459268085094439,0.1262630460673172,0.11331044936751074,0.11220852143712479,0.04952665716996008,0.13271415063403638,0.20886070649819932,0.10181554336843605,0.07070824460647115
0.09225173457880438,0.10757520719019088,0.1471051937136367,0.10036322429610826,0.22898454953457306,0.07011766447083463,0.015719886988615622,0.13703321570972213,0.10084932351751431
0.10287121855979516,0.09310538277542563,0.09626523342442811,0.11155124851993072,0.04765426938385501,0.1334802108813488,0.2457814713566192,0.08911179523635578,0.08017916986224162
0.05667781225558687,0.07372842346544974,0.10503443266839567,0.07819880949542203,0.39611219442298684,0.10302861749390103,0.00821236027300678,0.10511486671565624,0.0738924832095948
0.08598625300270518,0.09025516731509681,0.09202541619849479,0.08311722986655153,0.3797742036522747,0.09855425237460431,0.013804512525911437,0.08640457931233879,0.0700783857520225
0.09979691073390114,0.09453736677606926,0.09829406815751214,0.09618673514559249,0.1986023996006344,0.13507881520122916,0.029479249574292835,0.12520523154569763,0.12281922326507096
0.06165117499745465,0.0652918804502597,0.07612213530017303,0.08317581595581917,0.24533333353844067,0.132740146709637,0.042701148968837345,0.07349789100794989,0.21948647307142855
0.1301971015953338,0.08275370032485246,0.09387283608266701,0.100432323528946,0.19811523730522387,0.11219720686233862,0.022541427941231016,0.09020186151890747,0.16968830484049977
0.09084552482316917,0.1183003087914228,0.1160159193022587,0.0991524169021721,0.24365431904418902,0.062335866311993206,0.08149278397779536,0.11275168772120646,0.07545117312579318
0.11714804831617336,0.09928224529399969,0.11464406603274768,0.09755139115481098,0.05344761263021108,0.14278453424880175,0.025895852894956026,0.14727992397094603,0.2019663254573534
0.0779431792988568,0.11660836290695485,0.1209781005478013,0.1170096319901175,0.13441614955878664,0.12581633643133924,0.09404703201284209,0.1418964844161774,0.07128472283712424
0.10559287423354279,0.12904553747713526,0.11164741121899606,0.08806611925635682,0.05161860845181563,0.1266439072754052,0.1494710060445513,0.1200454321392845,0.11786910390291255
0.151721698295311,0.10144991926374188,0.11161632833892858,0.14021679798573106,0.018176923286257446,0.13544247960047912,0.02710830716658603,0.11488090759442536,0.19938663846853957
0.09774217849290777,0.12311399733555195,0.12064667767841401,0.13547800021171477,0.022069945215322993,0.10042210340585707,0.12034801785458706,0.13361861728675603,0.14656046251888835
0.09195700736001056,0.11881833133910191,0.1290387503811449,0.12102757166516694,0.14550118143076693,0.07811700360275396,0.09445421216913735,0.151453906790784,0.06963203526113337
0.14231410111276235,0.09593647300086496,0.11279603895548714,0.09288373915849168,0.023745856472297305,0.15069149945954433,0.15791268724999594,0.12163762683991723,0.1020819777506392
0.0978852072152866,0.11491918236295963,0.10252091894540209,0.09278159587095958,0.32217538514788563,0.07463435463818004,0.008443462160525213,0.08508065779755836,0.1015592358612429
0.12013991951715003,0.1060109225317742,0.10479523818906812,0.10525783792254491,0.045035642384772,0.15540561688677837,0.16083753212229204,0.11677200215003274,0.0857452882955876
0.11046429785217067,0.10323993863960389,0.1089645126897994,0.10400744355918279,0.04100741601043015,0.1193324886713351,0.22038166134881232,0.11457396836511712,0.07802827286354867
0.09451422233242279,0.0958804015201402,0.08743344486663884,0.1330649931443738,0.18112025419444402,0.10673954427642023,0.13654192396447026,0.07945302940195799,0.08525218629913185
0.11246998862509767,0.10974423900712593,0.11794027105242894,0.10553189953272395,0.06819560438339593,0.1234572780400766,0.07567952068214738,0.11867377241793374,0.1683074262590699
0.09460072663741494,0.1207229740334466,0.10522063516139298,0.11929155767659794,0.09865223804500227,0.16272950299708658,0.09900174147553498,0.12191779492556439,0.07786282904795941
0.09605809008892159,0.12972662599367332,0.10641678982689175,0.14483819826929242,0.04618720279023918,0.12172370635548314,0.12245473988089034,0.10735525453437232,0.12523939226023598
0.11345611300504248,0.08593068684101059,0.10309648420953306,0.08902984912183252,0.1434925701102769,0.14247709640267026,0.09968265404277872,0.12040841221377058,0.10242613405308487
0.0891286014157482,0.12035191875635252,0.10383738704716715,0.07951871427231229,0.28272073936335385,0.0842521501412755,0.047149921501532945,0.09875900298342559,0.09428156451883198
0.09860671348905052,0.09211397250368748,0.10188363950884471,0.1456815318370962,0.03305693726371178,0.1437734541891638,0.11906233382605531,0.10885729167837356,0.1569641257040167
0.1324465312902274,0.11331733099881393,0.10956383129900825,0.18028171448860894,0.04565434325982598,0.09823251889642083,0.10119320034656983,0.1101965759395252,0.10911395348099963
0.11764248308186824,0.11804616415852381,0.12365845606275645,0.1453755221014357,0.060305317147349435,0.14418750377030629,0.0658613010415983,0.12652915518162414,0.09839409745453764
0.12365066465326469,0.08971350085416753,0.11272000595508465,0.08893331463181643,0.2793698321068578,0.09502211237490167,0.02750761089052167,0.10182787609255817,0.08125508244082742
0.08226815935057818,0.1269101015636921,0.09952543834604582,0.09181991168636215,0.06053041096044324,0.10578049731123147,0.21558887082164938,0.10228095923939771,0.11529565072059998
0.08003705123577788,0.09074441904227291,0.08933334315825577,0.08253539903172223,0.030187576386299472,0.0957870314206856,0.350298674952491,0.1076180940011684,0.07345841077132671
0.11057419226860489,0.1274905630586858,0.12544119612021873,0.08911885032941806,0.10148254393319948,0.09339780262077885,0.07756733216864697,0.13129475224856987,0.14363276725187732
0.07234701072555684,0.11562565296110637,0.09825204635086941,0.16054474982395908,0.22680069455800048,0.17434912110400388,0.012260009244284864,0.09424774077947766,0.045572974452741444
0.09922262200463179,0.12845688505616681,0.1166198931503216,0.10037638508748764,0.024899897153345535,0.12445728089617926,0.23657573962394798,0.11209533859021069,0.057295958437708704
0.09110165590524516,0.10085705258015848,0.1058321146604451,0.10141789050677341,0.025399675455290507,0.15639834225374447,0.2191172841964619,0.09156277061395109,0.10831321382792986
0.056076480396457386,0.0964932948293354,0.07948071075792888,0.06451446337173981,0.03800607625760436,0.051484897802870945,0.47902161611071614,0.07860251110189244,0.0563199493714546
0.11699891363887065,0.11263813847184266,0.10314146234726652,0.09751543887956589,0.04238499595069813,0.08022189371074306,0.060223302020372876,0.109398597407154,0.2774772575734861
0.07517641991272243,0.13388711145386614,0.1208400648311051,0.18409476628870303,0.054883996054030944,0.15049579553024486,0.06861981715271857,0.12054823684712608,0.09145379192948284
0.09506573473597095,0.08319521660224606,0.11344086258972806,0.09645854402084604,0.43479288975158986,0.034024161457353486,0.007903104964895387,0.08297954358351166,0.05213994229385841
0.17416682902703176,0.09272349880023316,0.13457637695773036,0.09071999034538049,0.09016990784246733,0.09958986333906017,0.03112547922775641,0.14911863674040052,0.1378094177199398
0.0903357313080655,0.17055146974766935,0.11474701679017747,0.20205814514195394,0.06805984750226989,0.14118337476320808,0.04075974556816999,0.1112690508089073,0.06103561836957849
