0.18614244865425558,0.1799960219535676,0.05707457716852915,0.08333368626861824,0.19557667869074957,0.060178012020343265,0.09611735198883582,0.1249356676381543,0.016645555616946552
0.4304581818117277,0.082623390490202,0.06324486481172266,0.14203284848710016,0.019809322197898018,0.036970588229601746,0.04476348319323489,0.1381926113181535,0.041904709460359395
0.035049387727640956,0.07118410538951266,0.06583872152538264,0.08688278349856643,0.05315571740482947,0.2919084644077581,0.07088134713053627,0.0968084294768079,0.22829104343896564
0.039487420856738946,0.11966869583736828,0.07000542609863485,0.12398657944365894,0.15408549126089963,0.26783684716778344,0.07427379550838024,0.10229502497948711,0.04836071884704851
0.033916501770253966,0.1480086083196228,0.046432171687993205,0.0791662127462635,0.11414217024712088,0.09615615629892715,0.17946229682705106,0.2573215357615493,0.045394346341218104
0.02944381137664732,0.08618705663033166,0.18543822455517392,0.1696010770410055,0.2162797071467488,0.08953959894573754,0.07377051031057173,0.13351145470831163,0.016228559285471778
0.056776805004339174,0.08315570671877733,0.1553318745019887,0.12245045319937571,0.1398303205994061,0.19625638192624517,0.06515372744958954,0.14532930145942088,0.03571542914085747
0.04871774916604014,0.1111701820500537,0.30669281198518134,0.11846499436077418,0.08987069051025193,0.08443819278137303,0.08900843021464067,0.12661793147474623,0.025019017456938842
0.019228369142634313,0.13827922504898352,0.18377345876537474,0.14374000694148972,0.1826140442293566,0.07147145442537649,0.14751458765942724,0.09954386857219333,0.01383498521516408
0.01951345904049227,0.11764285861724122,0.17317266077034346,0.14480358139247904,0.26262951074355706,0.03796092500926008,0.07006377419214345,0.08991589220088692,0.08429733803359656
0.06903815777524948,0.12648948490461043,0.1511531210002694,0.12641190031885383,0.024896883797260603,0.10702925903674028,0.10255942690578117,0.1310858649870452,0.16133590127418962
0.051711142770249956,0.10165743622031065,0.038048505355948524,0.16174175717709557,0.13233448427054081,0.23406821826789784,0.1346512117914154,0.10758628667219779,0.038200957474343544
0.035915003807154317,0.08428339468700301,0.05298983722153269,0.08921281135515906,0.08342716402118444,0.23298108676738047,0.10207783941007405,0.04942742838493777,0.26968543434557424
0.3795425351058395,0.08669781071312103,0.11310049252971337,0.11606036069470045,0.030947634000344046,0.06467105355434348,0.046653692512249746,0.13246827924597424,0.02985814164371416
0.13010784552703122,0.07848379033861817,0.0437740536150299,0.12814555079310475,0.016227103415184015,0.08397529245881259,0.05259825808143891,0.12144452732157086,0.34524357844920955
0.03537248443567919,0.08390414113103832,0.0553113089220455,0.0832529840355331,0.05073968474638293,0.11974067664009784,0.06629543348847124,0.448926496869767,0.05645678973098491
0.1851211402251165,0.11598132187087777,0.07458536598315074,0.09823110987873106,0.1706182097790375,0.1521882262727435,0.04819577134411004,0.08438324453281663,0.07069561011341635
0.02563716774171924,0.19193757362694594,0.07052149186425903,0.08257434289943229,0.3008331212591114,0.0350454527892512,0.12619825265938128,0.14047494277373418,0.02677765438616554
0.09945797592847481,0.14550109467748906,0.04671209297945195,0.09595367860181375,0.04279325494653544,0.22694869508092216,0.12315835069104127,0.0749122958080569,0.1445625612862147
0.03490848339568688,0.13019579021946662,0.07902289731682559,0.12113815860432413,0.15926941522206214,0.20502555753505716,0.12602147948924203,0.08619995291692832,0.05821826530040714
0.19339589728948084,0.14422757405221764,0.110966689312462,0.0759408538758888,0.1392698878161601,0.11252852250381756,0.06750980177847578,0.1302233443527675,0.02593742901872982
0.021661240957395505,0.10331783382041854,0.0700302207562799,0.14643655722800836,0.18455776961171608,0.1738370162525811,0.151851423549305,0.1005114680665997,0.04779646975769573
0.03069392139182178,0.08195255691875532,0.03554451385562626,0.11746436869177802,0.0340054223449821,0.21777837685339796,0.09034380748135361,0.07487090455331367,0.31734612790897126
0.031122957593994027,0.10401801224525709,0.05639398458940199,0.12712524326678232,0.1316229844057659,0.27793183876028243,0.11032808097578449,0.13575329191526628,0.025703606247465368
0.027532328450088617,0.08758568702647834,0.07270543170564636,0.11345908231292064,0.2200283348547268,0.23217422877017746,0.09905113428615513,0.1218293920526904,0.025634380541116244
0.2906820456458296,0.13985524988891077,0.02830220996855126,0.07019779645987045,0.15513304549996917,0.08852730458165102,0.07072652163706909,0.12955170107605612,0.027024125242092484
0.4031408630602921,0.05520952637961601,0.06608838329716951,0.08251959316876169,0.015467674906333688,0.025221002318161777,0.02586056719936237,0.07529547304757471,0.2511969166227281
0.035704156381912634,0.11607252514090538,0.23286714814984133,0.17242126125093551,0.09699514933045321,0.06881212769343086,0.10866220771208872,0.13216535390092013,0.03630007043951226
0.09205846637385691,0.1610236232847584,0.07415354481773737,0.0794382072254967,0.10172627776732397,0.037443958075594225,0.07840752165142974,0.08170603478072562,0.29404236602307715
0.05599215376332478,0.14369460517393734,0.07539956021557746,0.09500148008560864,0.33256623392246415,0.07601923897168143,0.08509812186774679,0.10194949477843067,0.03427911122122874
0.16178388094179244,0.16010956001277385,0.029686328143224434,0.07391059184445403,0.12310422734801425,0.06387107724960345,0.032415125381138464,0.2772813293352209,0.07783787974377815
0.05805403712592103,0.11905034715542161,0.08797239549145136,0.09669847975353774,0.1666815629137919,0.12640878565436395,0.06838900628298177,0.0584144732405229,0.21833091238200772
0.3431789211674608,0.10448669421669132,0.05153656065758863,0.06897428618425243,0.11251420545353119,0.07292716847716757,0.05259786412522368,0.08377221056206756,0.1100120891560168
0.038673236798121687,0.14352622756299369,0.10541688242448377,0.08929992470926988,0.21324895388826448,0.04565086218433997,0.16462194903764024,0.14763197671263503,0.051929986682251274
0.1968473034044201,0.1251927640921102,0.08478269030280106,0.09151502931199833,0.052131383889425835,0.07051516062216455,0.1283848775295563,0.17441690163826265,0.07621388920926106
0.023181940437646754,0.08605529026628723,0.2368781942976774,0.1439864911516591,0.23215285789032572,0.07866014444769864,0.09432966859907065,0.07933407692976503,0.025421335979869453
0.04737966004278361,0.18390323557770571,0.11606698622070187,0.14254999116195838,0.13870275077639563,0.07528404219492922,0.18699076923513977,0.08740138136132629,0.021721183429059585
0.043284210813952395,0.09809215134264275,0.03235843020488721,0.09486632795232386,0.1758924696755948,0.23217836920482973,0.16840646111010074,0.08491818733201124,0.0700033923636572
0.03254414188141692,0.15596926994040514,0.2232974559694932,0.1149512637581261,0.22188053368124402,0.05986854800808561,0.06658919443561666,0.070982035868582,0.05391755645703026
0.06516345939242622,0.14195018597930406,0.12069356005427685,0.10953394687205371,0.15632020229520824,0.07441348446779507,0.19030221413302173,0.11528098928522806,0.026341957520685976
0.10590620279643148,0.09194269833959773,0.0655565750583285,0.10328553446130422,0.028942817984448282,0.15066844222392892,0.06609312707887662,0.2089569049761412,0.1786476970809431
0.18402734738893525,0.07264646850645275,0.08122023745276098,0.09154896225603244,0.06264180146061075,0.10137306102574628,0.04587214833055664,0.2548866837095323,0.10578328986937247
0.3384941103948352,0.0770231745311239,0.10357647127942489,0.11971110525703249,0.03157684555470523,0.05254257245352611,0.0727657524088892,0.10456209444322222,0.09974787367724075
0.16984767922293695,0.15511575939327246,0.051965099700696155,0.06727294272922414,0.21944361150334468,0.018377755631607765,0.06269841252809784,0.16721558138278056,0.08806315790803942
0.0536323319904648,0.10039349342154087,0.08447332064398401,0.1364561091270347,0.30906997962974764,0.09855209978192163,0.06071088494679927,0.1425786505884138,0.014133129870093181
0.16542639859123645,0.17903258773622863,0.11813835423261232,0.11180435146291828,0.10213463235482236,0.0677247046837029,0.12030292025074894,0.10178208415706892,0.03365396653066114
0.032083491752748196,0.13360428054699688,0.14828387073820917,0.1001385259862921,0.20194224282478682,0.03380269172229914,0.24751106106834989,0.06353643581261272,0.03909739954770494
0.11745286096904002,0.09731850754766873,0.133245660889891,0.11567292406867637,0.09906328812681153,0.11247604062762201,0.060984788726635104,0.14298019840510542,0.1208057306385499
0.03329557136954021,0.13070602581892254,0.02929871049980227,0.09348949828553936,0.14080361669754385,0.28545310469337964,0.1478937086794612,0.10755346135706835,0.03150630259874263
0.03107670757099477,0.16519977709962919,0.12972562065016413,0.10428624779085487,0.05691142740587937,0.09434777095359764,0.20874394348958825,0.0427377744778509,0.16697073056144088
0.0472448746669844,0.1190853863764501,0.07245531985711884,0.11201556738969476,0.35455267349097214,0.08590789987839549,0.09226773248083786,0.10047651218481328,0.01599403367473318
0.059207767906439134,0.11650476233831869,0.08584354709438102,0.09406540959541333,0.10843782737556229,0.19090951134915513,0.10977153723428229,0.18671821879521047,0.04854141831123764
0.3097469432561603,0.08123560613125376,0.06393081348163616,0.09713610773747135,0.05254927745342889,0.1107867578615143,0.058402744724604765,0.12026739082499423,0.10594435852893619
0.03513201534661548,0.09362538364139117,0.09801394604973061,0.12031471203960797,0.29195732449349293,0.16221892201933816,0.07635232138136079,0.0889563381661178,0.03342903686234517
0.04128645998160649,0.14260025250765615,0.2819960925237229,0.09855334939502843,0.060115555661315934,0.1270293946350615,0.1578584949741839,0.04786280156528135,0.042697598756143346
0.08510250420224823,0.1082230595088839,0.06311636504946623,0.11001228885183227,0.14757146913001962,0.14892720221425665,0.07824206601373125,0.19761083240890473,0.06119421262065724
0.020744710066272737,0.14075553605258087,0.06291020062465273,0.16047298546742028,0.0707098541873601,0.09375068411347771,0.31208987557327417,0.1113547157658527,0.027211438149108664
0.032734645375959236,0.12474690537183769,0.33300861711223134,0.09728289126059685,0.10325422643757713,0.12436720556282467,0.09215106479789832,0.06692292645867594,0.025531517622398775
0.0474023073964742,0.07972498355348785,0.055856122123479124,0.06184952277014055,0.06288858328308017,0.1516585056130347,0.0638017545042086,0.05693062338649807,0.41988759736959674
0.043834822397983884,0.08859538604822476,0.030636758515994966,0.09131391567505649,0.11290228197435968,0.34027121751483697,0.08782951958925522,0.08303021152484298,0.12158588675944504
0.1494516800334364,0.12024780028635973,0.0759931088085563,0.09402560282381656,0.05444915418788137,0.13734151889692048,0.10028355731369858,0.07440402581703993,0.1938035518322907
0.4625830129387543,0.07890966888769883,0.06396342253703528,0.12088527522788611,0.04970608740840151,0.0206829010516589,0.02212763821834308,0.16302290419392718,0.018119089536294705
0.23293293674143098,0.058746084819469795,0.12779793832446543,0.1510536106447501,0.01964883399581109,0.034051976296011456,0.029994710802624013,0.24922166902683732,0.0965522393485999
0.2380143534130771,0.11341981741807304,0.08773505989205828,0.07050076499799655,0.14289662357725882,0.06903532364646588,0.09256670529377403,0.10659844601775388,0.07923290574354246
0.047515144377670786,0.09466683439962097,0.08763695827357622,0.08927102220403722,0.0856913341353245,0.15503557360302903,0.16121573390762775,0.18522474036736458,0.09374265873174896
0.044842044274888526,0.13600036835075632,0.16318585904727867,0.10975119590584055,0.17699044236708905,0.13884124842180898,0.11690237622020656,0.10173816646331517,0.011748298948816164
0.01218914912649499,0.12626175324051495,0.12633936364067652,0.11261827073685482,0.3721006950149058,0.03171049013965856,0.0902664376759611,0.06282871451065432,0.06568512591427898
0.11695480266493656,0.1114588028680951,0.05734693542828929,0.11518634323832516,0.09467024249506682,0.1080728389237493,0.07385782786392085,0.050500916754201874,0.2719512897634151
0.022696372919440096,0.09045042621986006,0.1401982098375739,0.11526765083785095,0.184291499477191,0.1844022285791261,0.08359320278255532,0.10826050522514545,0.07083990412125717
0.04089048660996349,0.09699071719776324,0.10867929026863277,0.15059493264274534,0.29893541977238963,0.07703519932913826,0.08406544370419712,0.12419797342965432,0.018610537045515952
0.11010688800923217,0.10028248108297987,0.0392013242905277,0.08714272752751062,0.1987385447905217,0.15034704261856865,0.0646169656746675,0.2241628732459805,0.025401152760011383
0.12494211278546126,0.150880003325062,0.07970476389427478,0.1029279913981304,0.1263974826015691,0.043470775020177606,0.11264843896088017,0.07012121250452373,0.18890721950992098
0.0932316010810108,0.19939363627224468,0.042370595667011075,0.11258215494338077,0.05709227611207005,0.05409131051173168,0.22956454080086539,0.08398734083414229,0.12768654377754327
0.04453125056719898,0.14713456657468718,0.06424097850794064,0.1424614280804297,0.16303723822846525,0.09456573604183167,0.196868136093055,0.12971023118416145,0.01745043472223007
0.04562250908072495,0.12522425962505893,0.15077912510162705,0.12662538556070482,0.13854186707595847,0.08138629034682357,0.06922614754206802,0.18173006934831207,0.08086434631872208
0.030752066049222048,0.10034224702497734,0.18048496947251624,0.1557809000137118,0.2696202291447231,0.03584051996446452,0.0996705774464186,0.11534454294831364,0.012163947935652711
0.345069635111004,0.07622424533251244,0.029651828242983274,0.13384815553598517,0.05169854937615242,0.010505272909148338,0.020892800141469905,0.2390642617866486,0.09304525156409582
0.04115922891053076,0.07469101628673805,0.2406926674570383,0.09956755011149193,0.08389365888211402,0.06033210172449166,0.06772816656541499,0.30279133691696086,0.029144273145219463
0.06621781616919571,0.07998277783147499,0.07351349809149477,0.10945686192726677,0.07007661592779416,0.1083754985445607,0.05561656314682221,0.3133778831365429,0.12338248522484783
0.04268939943936184,0.13870015445947473,0.023401317918553478,0.1292836978805321,0.22003306283548732,0.20689597935971024,0.10098088664216474,0.0975470963189362,0.04046840514577943
0.040859737127041766,0.08782249515228834,0.13020574366827928,0.13669668589755332,0.3820445697460449,0.012674615559642792,0.08602934764801402,0.11390906630115522,0.009757738899980333
0.02006841190026751,0.10467710366754736,0.04812716761733895,0.1475307018181055,0.18763451484008642,0.25335448050954973,0.1215878485215132,0.10241650257463213,0.014603268550959253
0.0415891913260987,0.10933176235904478,0.16092784880000424,0.10973541140673893,0.25690487206598006,0.03859520219134756,0.11467386013231347,0.15780255814286956,0.010439293575602667
0.08016037510308875,0.13788524591852666,0.05890535703816652,0.10440784525092683,0.2778341088175518,0.059265112716853106,0.07243314590632416,0.15781019616344352,0.051298613085118516
0.15049058489150216,0.11909675113383134,0.1507891626540907,0.0823589649240238,0.1148301370922203,0.05361149066463621,0.1435192206851817,0.10479305536439947,0.08051063259011422
0.06977956027860774,0.09937892423832724,0.281031435295616,0.1441601604583129,0.05406528608295999,0.029564999600626776,0.06579265486631923,0.21992060179827413,0.03630637738095606
0.04703830895361379,0.10966550763719714,0.14390087177323627,0.10935550831287406,0.08260946654976953,0.20559344278088645,0.12026160175552802,0.1328878397152717,0.04868745252162308
0.33357485136230663,0.08144323607701678,0.05116204915697956,0.14143471336705185,0.04415683356794479,0.027022787023402398,0.07440977231130225,0.23811109337558234,0.008684663758413423
0.09691077193904986,0.07915678316203166,0.025437143276559063,0.08100480708241045,0.021395346200742363,0.06589598391905895,0.058233021956623665,0.06743966174355667,0.5045264807199673
0.09645585401407807,0.1039100751722352,0.16844704147794606,0.10373700721232981,0.07831398570189886,0.238080842963465,0.0584334251975361,0.12413751065487082,0.028484257605640165
0.022392878026210664,0.1300117014888986,0.34495022949214865,0.11868438559985461,0.09756876924434417,0.05343112354001504,0.09839554575876834,0.08595290879880542,0.04861245805095433
0.0798126124475315,0.11220122476944704,0.03524961181402124,0.11439182303713051,0.1383774688172432,0.0782972454497137,0.08098836841587104,0.3154520820952768,0.04522956315376502
0.10406694954321376,0.09494785743060963,0.10114837511323692,0.09824282478859525,0.12121894688353835,0.16142964203606455,0.05768865507880681,0.09363854276725532,0.16761820635867938
0.0405402765615161,0.0929682966805548,0.08564307260861213,0.11719084531010278,0.08947912116748273,0.19152491051799125,0.16280519651248343,0.17388532429663472,0.045962956344622136
0.03375427525709273,0.1257092283408042,0.18857329626978592,0.15640005424428696,0.13890682916706984,0.11882507438045235,0.09754430431656384,0.10497678577949059,0.03531015224445358
0.034665147452127114,0.07875077337979454,0.07837357121447557,0.10468132653518147,0.06161625905502968,0.1661498056851235,0.08510759038143244,0.07218139667870471,0.3184741296181309
0.051172733185953896,0.07285158930266032,0.20156630209044005,0.09978256078014291,0.07188928498701513,0.06343790886899757,0.05991630242492189,0.36434118719536795,0.015042131164500214
0.44230214549575386,0.0737877281882197,0.09710766395718072,0.06831543899865104,0.05277403458679444,0.014846189365151455,0.04457668980631372,0.17689218980862956,0.029397919793305596
0.254579241693414,0.1265563278223351,0.11673677462410832,0.07135393810258646,0.2222289482919223,0.014253028590769922,0.032945855938250536,0.13602305209024612,0.02532283284636727
0.1879137426653614,0.1581809789821377,0.1854776903369718,0.11864699899660557,0.0407514919934295,0.04118484594363447,0.11430189303407161,0.11227665753914978,0.04126570050863826
0.049357545979266386,0.13697052933163675,0.0448745381245007,0.14348863333311027,0.10256815832261817,0.22625105918855679,0.1218525319328212,0.08805407598745753,0.0865829278000323
0.24586248044284256,0.08770765374017224,0.03958301153164933,0.10525471642485192,0.06458520151863577,0.0405025547209566,0.02799389227421302,0.3558631066537006,0.03264738269297791
0.14893528937526396,0.10747223788808764,0.07416258670218656,0.08575762574683617,0.1902814945230152,0.05407087282791276,0.06362578712737282,0.06872785332510252,0.2069662524842223
0.06054455807768169,0.1575972891349188,0.0402093294022886,0.0795697334727118,0.08156334614025466,0.20094671992713006,0.2324631997069321,0.05474601623921838,0.09235980789886385
0.05534377294154622,0.1698260540940336,0.14718998528217617,0.1537511942072412,0.08744413531851265,0.03346504618804751,0.09858337987783788,0.10126724484215673,0.153129187248448
0.062337925053042274,0.17505660898912856,0.07116931226734585,0.10202484406285355,0.1913694885889845,0.10122551918786686,0.1707570424875614,0.08849897819777401,0.03756028116544304
0.06410225740642084,0.14264877760251404,0.08120689020476467,0.14355415275800407,0.08345176869222781,0.12148881969005702,0.12633512192453075,0.19561907191883365,0.04159313980264721
0.026980142501657076,0.16747738990319103,0.10300728911336422,0.09621871910930735,0.20534890321041568,0.19519508988821688,0.10139326250645853,0.07636783223152774,0.028011371535861567
0.30563634704539516,0.08371698103412577,0.11078330138907448,0.11291120203086742,0.0784016136940577,0.00747784779495363,0.014742061597903255,0.25045599680058744,0.0358746486130351
0.09233843146345298,0.12332891633838909,0.08880963683519323,0.11026242887787556,0.13895248980985922,0.14496504458739376,0.06965707558966436,0.09465411241208778,0.13703186408608403
0.12134608512824611,0.10021725042204473,0.09604770354415132,0.13330389911410426,0.2103626510557531,0.08429071141811399,0.0728811568984099,0.16145753831536014,0.020093004103816453
0.10459114841734996,0.09745566918541815,0.12922250723723974,0.12454596074671116,0.17938058362961082,0.08229091940803927,0.07113332025152724,0.17440304999814948,0.03697684112595417
0.0532532779833208,0.07825352630956017,0.06620290317199644,0.12929431293191498,0.09198706061784291,0.03493211483547015,0.04764442071906346,0.37238700571785494,0.12604537771297608
0.10841851787966002,0.10167458514939487,0.21781468340655874,0.11702010696232017,0.21567443114577856,0.040959278684998636,0.04232206128778739,0.08686814315477616,0.06924819232872553
0.03720521640474352,0.11582421240545492,0.14304306799908106,0.11879292864117565,0.28561417814271,0.06460112727020358,0.10181177424854955,0.1041587976563324,0.0289486972317493
0.04315244576488524,0.10859165955690107,0.1354930916331055,0.12776573756895807,0.2883792610771467,0.06941135450781509,0.08838100030132916,0.12505871082645387,0.0137667387634054
0.04946849261255759,0.09699620697498518,0.18582714704488604,0.10596228948926852,0.09486486853771688,0.11155957170919195,0.07831954440599022,0.10059119934653578,0.17641067987886783
0.16880936600558213,0.09535519896621665,0.13542761567176456,0.1011383458660395,0.05366842828180666,0.050175595372814984,0.037613033167851466,0.31522840842984784,0.042584008238076176
0.054427405867651824,0.13166571168890837,0.2984566154224715,0.10910903599525328,0.06310178220619404,0.04291337142804419,0.12630597785659894,0.1299980677586794,0.04402203177619848
0.01278244758706786,0.08654727923037671,0.19148956070600218,0.14749988487832788,0.29858599421701076,0.01757418556517669,0.06611811309261822,0.13165250352781643,0.047750031195603275
0.07496209159147445,0.1372845408597375,0.07530836384966426,0.07489960125939651,0.06485528422583585,0.13802170984163528,0.0567378355664927,0.07805199632731592,0.29987857647844746
0.02981611250294508,0.09248588258069956,0.259043837459957,0.11115724539003825,0.1632292635415196,0.11495977596602262,0.09268219292540099,0.11619552622447438,0.020430163408942475
0.1601598460486219,0.10430878754239763,0.15629929297066333,0.12312573668318506,0.06289042829910993,0.051733966132443084,0.05692290377593229,0.22885653851544718,0.055702500032199544
0.4619434917568703,0.08510734398038407,0.11299247809251806,0.10121116996008667,0.03838913820957374,0.029313964562618495,0.037758250836400054,0.08897641729657634,0.04430774530497239
0.5202619708386783,0.08540730781535925,0.02795577491268848,0.09387765924137954,0.029904266733533486,0.021072937681183557,0.04286366135263591,0.15013399673733863,0.0285224246872028
0.3982015106006253,0.08220563298761933,0.06758655997533172,0.13383212249676965,0.02951170601177157,0.017664545572672222,0.018139401362984867,0.2010139709193917,0.05184455007283362
0.15470137732959505,0.10808155605981556,0.013903865452030283,0.09185612328864062,0.09429079508963391,0.06031116402402631,0.09345436052804545,0.06836758034227326,0.31503317788593943
0.05033075316714358,0.14386345860751729,0.07300077131116368,0.10103968764103428,0.25304720015361476,0.0814105323333369,0.0725116411765543,0.09779684095582573,0.12699911465380945
0.38063896378142487,0.10892676528718996,0.0700083702898361,0.10733062990535282,0.041668698765880495,0.08339488264485591,0.0858359745781514,0.0958176115037701,0.02637810324353838
0.4484604972354995,0.07233721558621427,0.1554731561595972,0.08592800441866423,0.021823836014134176,0.026642509157087078,0.03911229799774777,0.12603982797404242,0.024182655457013272
0.10253779521595768,0.10321925286825033,0.08377093067077797,0.12112815932342129,0.07301712651112609,0.14331124764292189,0.09719689543572217,0.08545450864538306,0.19036408368643956
0.05564248620317542,0.09916414749933211,0.06366292623827395,0.11394975404793321,0.02144498643002422,0.09688118686618742,0.06781829305824323,0.39186434618048843,0.08957187347634209
0.02401854429244667,0.19073153149163843,0.04136683769431273,0.14566317255054873,0.16643876007548183,0.0743252253815054,0.20233350251314874,0.13656310431537685,0.018559321685540673
0.02909541818301961,0.109024336273567,0.3900211446293798,0.10725836010635488,0.05560730279701145,0.04922697677454163,0.1685600457372434,0.04781152536828348,0.04339489013059855
0.035730632266562715,0.1511009638828321,0.0882172252007483,0.14526004302075082,0.2673693542166465,0.06641179407772553,0.06734842240781828,0.08391887793459774,0.0946426869923181
0.04457907529206686,0.11057364387819339,0.11046474555993763,0.09522704937661579,0.15354320751177727,0.22944860374947126,0.14172273989343573,0.09327528746503137,0.021165647273470704
0.07691362975210915,0.10023091495985759,0.058614653768963854,0.0848047772907033,0.08126379439509744,0.22350270415566822,0.08161075297113003,0.11836668148920616,0.17469209121726428
0.06016579750542897,0.10968804950272192,0.07936241050246058,0.09892477985132432,0.05181237397469201,0.256248444505172,0.08195183823870954,0.13307045048961022,0.1287758554298805
0.3624663995708251,0.07417815155921799,0.047823894539597574,0.07864517029870352,0.018126537246906962,0.01604711003911047,0.01622889764826113,0.3319546786783156,0.05452916041906166
