0.08653924082920805,0.08882830346767444,0.10193211563853304,0.32263475897980187,0.06990534484579497,0.0598269334968625,0.11138294880760669,0.06783554403948533,0.09111480989503311
0.062368870851598514,0.07437626026988294,0.10474034343305834,0.1288446408577502,0.1339151985206133,0.0732579903945997,0.08506252001085636,0.26745142176932524,0.06998275389231537
0.0686302089145611,0.15916664374952552,0.0767384005103931,0.25127857808339066,0.07636065129638797,0.017054313240908,0.07826205027425623,0.17071519469338461,0.10179395923719277
0.056311706156868334,0.04641666567784835,0.0936461342918498,0.18957314079265966,0.11191060815970529,0.06592287917165339,0.123858949346999,0.24447846577674479,0.06788145062567123
0.08790140686224497,0.0399932648760564,0.13673891522686976,0.04539380273934344,0.12103663238646319,0.13485811865410235,0.15480025065462322,0.1719196403752874,0.10735796822500922
0.14351068270312525,0.1856311626252188,0.0950055911699285,0.04643971588789264,0.13550048473010154,0.08309944510418789,0.13858162187643272,0.05791951405204693,0.11431178185106573
0.12650587531965043,0.19603664998782336,0.10046512455294986,0.09141408146242837,0.06369311287638219,0.13632959196562652,0.0954679727269127,0.06624677223622912,0.12384081887199744
0.12209895074248474,0.06975029628345522,0.10331216333674487,0.2748651829367115,0.10052227908903581,0.03073284947780622,0.06788114338416622,0.133742154294353,0.09709498045524236
0.12524110968873728,0.20312156163531436,0.09758832893988091,0.06365477567072969,0.1333158776537079,0.09079948007337313,0.12562637066155655,0.04758947086319684,0.11306302481350329
0.10635682384776078,0.031748171896568,0.09036490531516128,0.16022307555230236,0.09808478441853935,0.06500480186293627,0.1293206539843722,0.18189580482008502,0.13700097830227478
0.12423818897702299,0.10898884559915456,0.11791731410397267,0.0447601896600849,0.1266054042817592,0.1049965337625251,0.13543502097931095,0.1151337888623812,0.12192471377378844
0.08772870905493858,0.10905709300879422,0.13236511341364368,0.0760296986826943,0.11972658709185909,0.060149624547495506,0.16146365588989056,0.1132888438926158,0.1401906744180683
0.08147926791077247,0.1789819024873283,0.08612146328771304,0.33175948125837257,0.0970270564726976,0.02260751855373226,0.09584752268812347,0.033403299946305864,0.07277248739495443
0.10934747062540151,0.07125366586646224,0.10431634510157706,0.2035130788473021,0.09358717374991375,0.046951900755894144,0.08615533560219801,0.15077039915056592,0.13410463030068528
0.13883470793221406,0.09239989463582832,0.13785873191740683,0.10838739614583941,0.12400783247777665,0.06966020219067119,0.10325696690640683,0.08788657880437269,0.13770768898948402
0.08701858251861143,0.12599644603505292,0.10306155354246842,0.055363713046045336,0.11575360968525199,0.0433848980065385,0.20386744522836742,0.11723554185361351,0.14831821008405052
0.11946344133169666,0.08976370079756202,0.11072680959261905,0.08580546375060465,0.1504079827031141,0.12577144219458214,0.11583636296271484,0.06674977792050389,0.13547501874660267
0.10214900390079151,0.052736952580339204,0.10129766555242437,0.07430921766580471,0.12503958380815355,0.07594145154420247,0.0890075835347709,0.29283220275061145,0.08668633866290172
0.0924643833455842,0.08660211774845476,0.12012757777888848,0.050498120088708,0.1439109061367819,0.09885008861659735,0.12104173426630278,0.182814924842055,0.1036901471766275
0.07796688737882032,0.12720739571924897,0.13141742908883983,0.06365288924195547,0.10645158623871824,0.16265572381860974,0.0977595069381727,0.1486199875789375,0.08426859399669719
0.10325266126384848,0.04838671982268269,0.12363067904576593,0.08058516027564461,0.14767919472769261,0.14212032250566267,0.12389066020202832,0.10735262126623114,0.12310198089044351
0.07541181085063571,0.12482250450698572,0.12011712930463464,0.20333067509028954,0.11918906644139016,0.10023683575167876,0.11084407187958377,0.07756973814577879,0.06847816802902286
0.15644594423838595,0.14299882811787948,0.11239226007830878,0.07120541876439804,0.13479713231342075,0.09151375759016483,0.11881557198935148,0.04818147734191009,0.12364960956618061
0.07483789519085855,0.058662701887072656,0.12167799928313995,0.052516307230140134,0.13728318936986617,0.19382173583013942,0.06902898953964735,0.2057317863360065,0.08643939533312912
0.13396247843317588,0.0994434857325001,0.12783651350768324,0.09128424296914972,0.15636636098878634,0.13888311301821135,0.10377431522818277,0.04358234960667337,0.10486714051563722
0.11796442901571806,0.13568491117806117,0.1025109107351364,0.06655961999556544,0.10263168331159862,0.27067427687223317,0.07595501945838318,0.018483606523452698,0.10953554290985128
0.0981610214297046,0.05551149061296212,0.0943253433535143,0.2740729360952488,0.09792887817881483,0.04622105116470713,0.10203164064753212,0.13007640073349705,0.10167123778401906
0.06952792989867025,0.047843358015840824,0.11464114633997609,0.09864268801381544,0.11030948207768977,0.24561745931462187,0.09545888556231075,0.13823984735820496,0.07971920341886997
0.09331742448729757,0.10037352091483387,0.0989517538374063,0.05634676528152554,0.11327833458698022,0.16773126376995706,0.1292635212443989,0.11798076897553038,0.12275664690207004
0.1306915676540155,0.17157016735372496,0.10516065750863096,0.08920064447955929,0.1340731468995957,0.05344989835497365,0.14798850462859778,0.041406106133516564,0.1264593069873857
0.10727526391903723,0.07828678354743775,0.128698148193691,0.044579535578148,0.1188772158956879,0.25134999300514127,0.07033140479641768,0.12052800305266122,0.08007365201177798
0.11258266685576424,0.3530535716470409,0.09809516139364759,0.03321854433161532,0.10851011917187052,0.05171623535341686,0.08305729535038715,0.06404806068153608,0.09571834521472138
0.045513948866106275,0.031794966179229535,0.10657765081396224,0.04475251751092502,0.07582045736553418,0.13519175703656183,0.14692564790517992,0.29926158094875177,0.11416147337374927
0.0855127188501978,0.10013731339293132,0.12429119957177358,0.06835065419119195,0.12491790338202763,0.16781648424262938,0.14147700119768042,0.10378571918057011,0.0837110059909978
0.1126883810685609,0.09509475402490307,0.11465495472638587,0.1160808326887996,0.11759135617607601,0.07049873961123919,0.10442044997809301,0.1439770023226977,0.1249935294032445
0.10373991763168594,0.10167792357473932,0.14710054352381377,0.08086403351817965,0.11894727747500788,0.0416790819445752,0.12914345141890135,0.15313236120674112,0.1237154097063558
0.07800775497898767,0.15854765149142117,0.09844986570640823,0.19195442730813592,0.06526977768454909,0.12220249257009545,0.10238736492436762,0.08768469265738277,0.09549597267865213
0.092580104695897,0.10242771850325588,0.11621072143604472,0.050717983373036124,0.12991178528263617,0.31256042857178096,0.06746895523208393,0.03700946092562096,0.09111284197964427
0.14281125655077834,0.0678237149563748,0.1071869554903349,0.1610969573313026,0.13385276398469306,0.06060227305036794,0.12351436052558089,0.06818868040277293,0.13492303770779465
0.07546018441001619,0.04673735886927587,0.08376365396786506,0.06984718899440015,0.11768402040175907,0.11437151625654751,0.10728258509191663,0.288452185345202,0.09640130666301745
0.09381239368976028,0.07751318423942462,0.09170328476725238,0.2745541899011242,0.09098605463689897,0.08716902260244357,0.07938651637304156,0.11140771610720979,0.09346763768284459
0.06279929284517778,0.06326169916410834,0.09517945275717969,0.037372821927332184,0.10221735417811317,0.12322791899715231,0.08770694120733731,0.3387133098242619,0.08952120909933725
0.1297150023586974,0.05306886001900838,0.10233657426158482,0.09133696314758177,0.12556376173578812,0.06870054757710652,0.13425319055544246,0.148116406602694,0.1469086937420964
0.12621092839476886,0.09264766107119989,0.13441794825136638,0.11299008089978295,0.12923380425596961,0.0922815036134093,0.09522639151196644,0.0954707506906281,0.1215209313109085
0.07919203792627845,0.04374633401144528,0.11761782360513344,0.08517804473362371,0.10635646080345484,0.1132667318950568,0.06856429394410128,0.2932055440506925,0.09287272903021378
0.12550485577625398,0.07447211516255725,0.10997299357605728,0.179468937096255,0.12254503130053507,0.06264107274085398,0.08941874431124863,0.12203732067328532,0.11393892936295354
0.08174324909676604,0.08652541221074668,0.08164959903754321,0.056060787179755524,0.10374317412399664,0.08659187999231573,0.11612535198091828,0.2849102748649996,0.10265027151295829
0.13908579802692797,0.13200194754072928,0.12452045947597697,0.06769061158822436,0.1040502698375421,0.08584798737477047,0.06238330581332179,0.1711628238038697,0.1132567965386373
0.1075735576718534,0.04228274970938276,0.12380554099857562,0.06639510057997057,0.141571877427505,0.20582526053004105,0.13364038386573632,0.07286642931215086,0.10603909990478438
0.12885148992736295,0.06720551594406506,0.10662272837941333,0.2589508900436565,0.10040608801635476,0.0804417765939515,0.07929533056905007,0.0633191343388121,0.11490704618733372
0.09997406776696068,0.12803865269212297,0.09007940866261031,0.17578893075249943,0.0924108344817136,0.060721578353409154,0.11055771386187664,0.10624790545479751,0.13618090797400975
0.1562383659721935,0.136216020174162,0.11207846608258493,0.0798013571192032,0.13107971160966422,0.08073066621801918,0.12082373961355973,0.06656568455438765,0.11646598865622555
0.132056681762402,0.16863143303511574,0.09977918024886358,0.08637267031170519,0.1162567859421738,0.03827697033077612,0.13045455207695236,0.1014685148707678,0.1267032114212434
0.12489125216550767,0.058033840875708786,0.11400187046452565,0.09389217841834861,0.1449019895642708,0.21908950997477925,0.10250378964084833,0.04705623554622224,0.09562933334978863
0.08364396978364563,0.04037786539170397,0.13188978851554226,0.07249521068379146,0.0760635250173491,0.372016278290042,0.11127808356729481,0.028993081522182305,0.08324219722844846
0.14163897215098767,0.08484086430271236,0.11336593743565969,0.10404197228404337,0.10504271097635158,0.08559552424271188,0.17136982206708307,0.06622001263167997,0.12788418390877038
0.14544441198283264,0.10460741329818173,0.11393821053588442,0.07217284566810749,0.15874721892775837,0.10556881810319695,0.13438056175395696,0.036034732080500155,0.12910578764958144
0.14376834430905375,0.06559972934938424,0.12045437962552565,0.08952806385087003,0.13471898114994982,0.1486940356467715,0.10398000832242545,0.06515915651652779,0.12809730122949167
0.08668268102679227,0.06916087104142173,0.12255646292427054,0.08876496720610877,0.1336305089867129,0.09936953565352784,0.10111690075512793,0.1966869067982336,0.10203116560780438
0.08501345166501066,0.03396425195172503,0.09798511673265393,0.07721301130991952,0.10864489583630306,0.4007110480097776,0.08771177117001554,0.03240260260074823,0.07635385072384654
0.09798666602538007,0.062018964423740615,0.1310551316957758,0.09181088842101719,0.1230918311917471,0.1353938640396308,0.08080854148402543,0.2016633118958914,0.07617080082279166
0.04777794530921625,0.041811628713606386,0.1195418110652426,0.07425691773163488,0.11029403397069233,0.0975587049991324,0.06017673247997205,0.36371829331483313,0.08486393241566985
0.08713098520468353,0.034961127595314334,0.0968198152515054,0.07614920413150743,0.11434757508528663,0.15768571598898148,0.24953210794097083,0.044978066896744946,0.13839540190500554
0.12268656942544855,0.058466140158373904,0.11640188635410721,0.06022064251180981,0.15061631447147755,0.21221735811689,0.14824818453974176,0.04249645929610806,0.0886464451260431
0.0732273898903145,0.08149019829919336,0.10673819345245113,0.057244066348083954,0.10402191840801848,0.09743831116495848,0.08029136572565479,0.31370864711691,0.08583990959441534
0.09999485354510207,0.07699357669376945,0.09909723590941683,0.10340830443431974,0.12208438137239087,0.017879259120337693,0.10002272708647114,0.2669041286404716,0.11361553319772066
0.06825329737173513,0.1416897425148341,0.09573861391648746,0.2385950473817622,0.07056473758326114,0.03061203166977793,0.0949846224804115,0.15311033209462516,0.10645157498710543
0.10981594902604726,0.07933640114115346,0.10822455071482752,0.059143863338373626,0.13760180583302156,0.08696381022483157,0.10215204693886491,0.22191922548164444,0.09484234730123564
0.09338019448828855,0.03895683681468234,0.10036379145736603,0.08610366892913161,0.1319805936983239,0.26467366802498643,0.11394824499664839,0.07200533151308884,0.09858767007748394
0.14345354724372486,0.08627408928044854,0.1019491017163705,0.2263588860184754,0.1306714525252812,0.07566431442483319,0.11480844270032381,0.016986557182535344,0.10383360890800708
0.06465311148478227,0.027313228892787547,0.06872520760883725,0.1212013158625541,0.05433446955281055,0.03770418693085705,0.07997838041712622,0.4582943445493968,0.08779575470084806
0.08555207381355805,0.07021539197730785,0.10572952341229025,0.16000233188454446,0.12228539476139931,0.13558772085483417,0.08241494419551985,0.15541033653137484,0.08280228256917128
0.13353068394386722,0.05248667851722852,0.10429327515876359,0.10023758606920917,0.12500656557435916,0.05304486462673946,0.12763046031574932,0.19321709672331702,0.11055278907076659
0.08376727926119287,0.062064761249450796,0.11105092854270386,0.06716158370484042,0.142816637047782,0.11267647912364691,0.13684360987145455,0.17499432206394125,0.10862439913498739
0.10254603465145627,0.06741375519170083,0.09096042255335801,0.17481276898304235,0.08092240769584685,0.03807398160684924,0.11672686953816332,0.18636187470461038,0.14218188507497273
0.12151906899923355,0.0871666513821528,0.09087199724468975,0.26340749730853413,0.11022442125362408,0.044142653195269756,0.11072207565268215,0.052585158333137226,0.11936047663067666
0.07867257179161173,0.11344501640544302,0.12287007699833626,0.08915385632412472,0.11760870439716094,0.05842622272376782,0.0858305930058398,0.2277409741320212,0.10625198422169445
0.11698171778952184,0.07067218644495153,0.14064303998222943,0.09493083277880064,0.10855084079198729,0.13975449465728,0.14348537159101787,0.036324656568528145,0.14865685939568324
0.13353209203893554,0.08286230242615406,0.11191642573925625,0.04552410210386498,0.1559979307066942,0.199703888824494,0.1374213301975096,0.04056324699646948,0.09247868096662186
0.1275270041924155,0.04517750011533061,0.10935614650118419,0.1561122066405747,0.08472287455565565,0.11535547589896121,0.12956957623759674,0.11634631610339137,0.11583289975488993
0.1254313102415293,0.08115811237903048,0.10619115779135907,0.10549559040068517,0.11288611768579053,0.07474973266634362,0.12696818622160425,0.12026825705014244,0.1468515355635152
0.11645726895348955,0.06493791141311578,0.10867204810112154,0.08796791143926182,0.11704374864766205,0.15664657713277935,0.08464832550200607,0.17013248817903626,0.09349372063152767
0.09345209978571527,0.12362670525945653,0.10194334925423759,0.2010180737985403,0.06757259248880461,0.203123083864554,0.09135998035861875,0.032347131344193376,0.08555698384587955
0.1133548079301171,0.034049725135867036,0.10112774677010135,0.18414398660613485,0.09576071761439481,0.16217170338487077,0.16223584705584462,0.029523560225196883,0.11763190527747257
0.09312239532149254,0.0683476760174482,0.12897392827536744,0.15867798069799197,0.13424333417538373,0.11628821484556306,0.10221316858601519,0.07520761444664721,0.12292568763409072
0.08683320883543406,0.05118594801084761,0.12754861282311883,0.11420738103787996,0.12077860206908501,0.17147719454737118,0.08796589845635039,0.14945255097172963,0.09055060324818327
0.15346123909838116,0.10522380598939585,0.12441579485370176,0.09229523121121636,0.11164611995856473,0.05512712975156337,0.14260365137965283,0.0940069880349589,0.12122003972256497
0.08653294202482416,0.07904272392559585,0.08259794042866107,0.03399641125725501,0.12403945199900634,0.13605139388677523,0.1482325364232838,0.20932097610008293,0.10018562395451562
0.12255419614876263,0.08864584059051495,0.11605488070720517,0.08233127365934638,0.11842422349188343,0.19994383693424742,0.10536705045412992,0.031696548573550636,0.1349821494403595
0.09904518732245214,0.30840708636287456,0.11102675670179746,0.04016112382952756,0.12094514310771098,0.05383227086100195,0.1014903695377913,0.06221040458802363,0.10288165768882052
0.12470423110741036,0.2884870610053693,0.10774594931669118,0.07712299099222343,0.0606826982192637,0.0984786614029433,0.09777131901369561,0.0600353214833226,0.08497176745908049
0.05500463107454129,0.20584898109513775,0.0871541789963242,0.3285376849009976,0.05207659267900316,0.09422269455428468,0.046388690832247004,0.07679556323482746,0.0539709826326368
0.08826325171082901,0.08702954878980289,0.08259830571096967,0.3273716362719935,0.11309863133147202,0.030673731439980288,0.13102355332280366,0.051086433442184644,0.08885490797996436
0.09418699414239888,0.07207576458883215,0.11313871419885536,0.1893572242948649,0.12408835040277688,0.055444947810751544,0.14696815183986275,0.08959100476058963,0.11514884796106785
0.11141234147118884,0.06334733437691024,0.10579817786224514,0.12806649173895998,0.10520876787005255,0.16794878479610068,0.11428336273954114,0.05227001605642403,0.15166472308857745
0.052153783008410316,0.047384967380933174,0.128952020036613,0.08556612097011922,0.13726074435851754,0.34879144956659786,0.06978445932187298,0.044062515890125546,0.08604393946681038
0.067148074634485,0.1204065149858855,0.09972410818050544,0.29452100171768786,0.11476452069917809,0.05138679908610478,0.1441385489920282,0.028148216191581938,0.07976221551254316
0.09332840815585079,0.09760474022686837,0.13566127165207464,0.07795146582601707,0.12514059784780032,0.0817417590297756,0.18962706139295885,0.07015756820736445,0.12878712766128997
0.07669730931520603,0.04794032311423834,0.10606612760911478,0.14271076568737803,0.09627212856431973,0.10941516785645351,0.18588720163674588,0.11795695297743204,0.11705402323911167
0.14191181543357498,0.09210556733981996,0.12461432536445576,0.0934307588343487,0.13666053598301994,0.07046922727818215,0.1305432871946017,0.09062635292369638,0.11963812964830038
0.06758297957134185,0.21737784420317352,0.10760488798990327,0.11869778891439164,0.09666268702476476,0.04492767115511531,0.1028217179011461,0.1635700693844874,0.08075435385567621
0.15698359127262881,0.1569581702926828,0.11504544447443954,0.06279637406984485,0.1395960279056571,0.07984550845898201,0.11022238483794251,0.04278756645939685,0.13576493222842548
0.10026115967180699,0.0458550836521461,0.08148707310223692,0.3392020348071935,0.12741911311599083,0.042611215892048825,0.14398673574892076,0.01739087174124266,0.10178671226841347
0.1583984452948669,0.06062617850867194,0.1179895714266654,0.07751154936083529,0.14544024338820558,0.16531332745414248,0.12301351532640854,0.03784883598013438,0.11385833326006944
0.15246888722845914,0.05684468887177437,0.10199333169912018,0.1892776179062492,0.09882699761194352,0.05539308458179374,0.13443976542348243,0.0815270257641066,0.12922860091307084
0.0683384060913448,0.10008805580620372,0.12777647452021804,0.07568224987748697,0.13201860491106768,0.10799873733197311,0.07880416126118324,0.21819800005279247,0.09109531014772998
0.1039916523643027,0.12826281085052477,0.11935416061711773,0.08834747131451909,0.0850388645086213,0.1213492006169186,0.12918518478192464,0.10193554548384065,0.1225351094622305
0.07314457648096724,0.05817586817768855,0.14346962145949801,0.05902929173823914,0.1184729581090611,0.15618577530366512,0.1523711965344222,0.12178069432430307,0.11737001787215558
0.11547525782044649,0.05848083349768201,0.1413552930130658,0.11444561791739356,0.11814665028596948,0.08480477066161152,0.09724606886505638,0.16603328056713454,0.10401222737164027
0.06471406244338042,0.04915584765730974,0.13312848121904408,0.06578506700538744,0.09672272690610084,0.13814140191042482,0.06988724354674349,0.29593389997239045,0.08653126933921862
0.13372594372825058,0.06187766296378971,0.10829174162811994,0.24549018014449928,0.10423343714574462,0.07375789654745145,0.11108743932496758,0.051658127096359856,0.10987757142081704
0.11315942005953823,0.051461035261106715,0.13115180574513693,0.14528372314337074,0.10621016279728056,0.11756654443335161,0.09196920452030898,0.13364862025952326,0.109549483780383
0.07665187825310431,0.06037829002802799,0.1066543978274979,0.07394017581443045,0.12542007178166617,0.20127462479017166,0.07423774065006859,0.20912604306596438,0.07231677778906863
0.1381311413784148,0.12868031809517566,0.11181122469504401,0.06504031194629144,0.12358000351199379,0.14575710946288442,0.10260106716587501,0.05587952728081206,0.12851929646350876
0.1240497895471262,0.16541749618070306,0.09090979267838899,0.20582958109572372,0.08039263368460958,0.11128980079101615,0.07950997049019097,0.042403024107006755,0.10019791142523456
0.12881605633490645,0.060535248120094254,0.12583349268261468,0.1336308699709471,0.12569089947377007,0.08879323945006157,0.11065494921861191,0.11572840734636869,0.11031683740262521
0.07309606287573003,0.09444292013320398,0.09981905298709119,0.2978922164198278,0.14871827575715327,0.07886833123387742,0.09801742804593684,0.03419019307105232,0.07495551947612719
0.10657199033850812,0.07412322911657726,0.11181113880717057,0.05745750542525498,0.14349852313553274,0.2734887226886957,0.08971677278096428,0.04447566683530513,0.09885645087199123
0.08391462277931538,0.13228581614281387,0.12746070888900998,0.03757814725766565,0.13278906774385887,0.14175062049713497,0.10732385346073238,0.13560372284198705,0.10129344038748177
0.1052484728653359,0.2303170316844769,0.11527495385000884,0.11800201726408215,0.1026278907696367,0.058763527344791955,0.16685903439660224,0.020441677766366285,0.08246539405869897
0.16795580308479452,0.0954327570275471,0.11482536138850051,0.07171308844048295,0.13228617000852716,0.11674194469006084,0.1503759104432522,0.03304701136035415,0.11762195355648059
0.0518721291910759,0.04973931896985595,0.07696662814482692,0.45871931839299984,0.07915035112056168,0.05415992816383158,0.1268945482075039,0.027090828407413586,0.07540694940193067
0.1534677951111655,0.07943205513423197,0.09965811914895432,0.11903445934547514,0.10137821997453228,0.10274109326131191,0.08199776539149221,0.11476985536893063,0.14752063726390605
0.0718455444884125,0.1018159222228358,0.08938374432367013,0.043000433571930806,0.09401271731512995,0.12285400342646342,0.08507716238530005,0.3043144506099663,0.08769602165629103
0.1461012248737423,0.1628156876357346,0.1079687184961694,0.08777731728450631,0.13631999146114027,0.040588824674988824,0.11060629325391906,0.09072514084468081,0.1170968014751184
0.08387500602117914,0.09417422105118867,0.13885613721611464,0.06409245704360304,0.13555170124298935,0.08223476875018061,0.09664605286182933,0.1887704998480121,0.11579915596490309
0.05205820542753454,0.07642931303533991,0.10914289365921541,0.12048633471624115,0.1017730144368415,0.17186480951081307,0.1487253922845629,0.11229491137949443,0.10722512554995713
0.12640704355848306,0.05067468027555933,0.12358134140227657,0.1329979568985767,0.1242481666500046,0.16688277085807898,0.11271768263391102,0.05194904476795608,0.11054131295515364
0.06880209928556526,0.11984806436667862,0.08655303611630359,0.11994427576688599,0.11864159685838827,0.14538927325133913,0.07799843305546988,0.17656953830407218,0.08625368299529705
0.12195795142358101,0.2086479134092054,0.09676996075995854,0.06794998031468479,0.10650707916253105,0.0768944874125534,0.10804844842507462,0.09234837195959629,0.12087580713281483
0.09165741752782845,0.04105922447915719,0.0795354872643053,0.162867541956034,0.09394770712193502,0.09061591599543188,0.1858349398587452,0.10292568636564063,0.15155607943092236
0.06185584373767187,0.19652118843995944,0.08092010823973152,0.2839175374049056,0.0682132976151813,0.05319611808882876,0.08933560378509468,0.07851387005563086,0.08752643263299593
0.08835202496232923,0.10705947466946315,0.12097405441684196,0.2226301500396426,0.1674987075543892,0.07605408943150509,0.09238860749492593,0.064744695074031,0.06029819635687191
0.09349193973205601,0.062460167095935624,0.09307681719645718,0.05279025522721864,0.12759331872969293,0.2611932078133303,0.09316083918409922,0.10917286926464476,0.10706058575656531
0.11290869713020772,0.12236169430053732,0.12218945370733635,0.08463439218448539,0.1339339397233901,0.0380236829808094,0.12641141153182178,0.1254039204539308,0.13413280798748117
0.09648599022849676,0.04131778993381463,0.08973854158114984,0.1284431006679734,0.06842442680624489,0.07583354967627022,0.06277062782953985,0.3654228513204931,0.07156312195601729
0.08178681359762557,0.09750373594638954,0.10013798109065987,0.09557750633816386,0.08892594833918377,0.0654583967575094,0.08509958488672818,0.3189853181354544,0.06652471490828536
0.07928777280910768,0.06905763421648325,0.12098742257116941,0.0552619195235998,0.1453634405455685,0.21528583973051463,0.1330664936838254,0.07315175714222827,0.10853771977750308
0.09970089548052696,0.05370143276800465,0.10918651367447829,0.09195389095737666,0.1274463273984404,0.08629752810546505,0.14637152456420313,0.15802825933249176,0.12731362771901297
0.15513247031379251,0.08504348254532745,0.12803314309759936,0.11397289217206648,0.1251769046731284,0.14354830392830717,0.07686322398731887,0.03770899863263046,0.1345205806498293
0.10478333385092926,0.06040871825053839,0.12086795978880822,0.13411812507468446,0.13272272714696537,0.07814324790077341,0.13536945886203441,0.10946039848770935,0.12412603063755707
0.06980396896731768,0.16881646719340912,0.0960152744887713,0.07015948949172685,0.09938898279810891,0.07746586531299508,0.06104451357755387,0.27899571518950844,0.07830972298060879
0.12784213687288082,0.06871911156168135,0.1152711225208678,0.0668647978576684,0.11881623127950634,0.13636275565823955,0.15387525629176213,0.11092271560040153,0.10132587235699218
0.07736409804631923,0.1037511976010117,0.11689748814735751,0.15739084500844694,0.08170092306933156,0.23744861145966165,0.10770801613255314,0.04090933001402306,0.07682949052129515
0.07179288493723253,0.056270489575928374,0.11482606912530115,0.06603532125700658,0.11431440098394217,0.12475393993909734,0.0968543320347011,0.2533925634026094,0.10175999874418135
0.15842611322685327,0.07050292678015886,0.10711558048205372,0.07109464424082064,0.13285159548401507,0.12456580898353464,0.11190410803886362,0.08196711580500406,0.14157210695869604
0.09926851610993907,0.0689027800489021,0.14440632491513314,0.07805931301507146,0.13262758634611313,0.08644551805258371,0.15119391286848205,0.11766561877148156,0.12143042987229384
0.14113643192667244,0.07335035359714057,0.12508812619219437,0.13262556861200475,0.11456065205152349,0.14805897485135996,0.12969227197171693,0.021740893638538608,0.11374672715884887
0.07337938183755673,0.15976532542263075,0.11032031129919868,0.18600809678820082,0.10155033860300267,0.0904114072402743,0.14962458429492131,0.053797984139054324,0.07514257037516042
0.07552284680728173,0.055596300787771745,0.12730388355288844,0.04798369179211795,0.15572884710494705,0.2912870250152906,0.092754196515633,0.06600454791342061,0.08781866051064886
0.08296919540889572,0.04341861532121768,0.10373565622637149,0.07517893594596338,0.11037783048049317,0.22803898962710778,0.1068057489675353,0.14025978568451605,0.10921524233789932
0.14440249055168664,0.08696862534500677,0.12968035247773949,0.10703702307978781,0.14267962376410823,0.07186410903229011,0.12808851984857447,0.07352820896537436,0.11575104693543205
0.1015013795746356,0.07709780905322561,0.10469202824376996,0.15433991461773652,0.11096955010690084,0.033790557204590385,0.12671843672928304,0.14262960351922135,0.14826072095063672
0.09517682141405925,0.07313618156269737,0.11543227586864052,0.09726998092181523,0.12653035463650444,0.08287615226511526,0.09483083396051332,0.21718249835941336,0.09756490101124138
0.12283591927119512,0.06550808215326032,0.10614216927214214,0.07414918074650352,0.13153172825923554,0.07428630565642275,0.1275996378526531,0.17774986907173299,0.12019710771685455
0.07924701971130681,0.03688001392020932,0.11698926748342363,0.06529584293453082,0.12700694893335748,0.1209216194065968,0.1361400657259194,0.19639031421459388,0.12112890767006175
0.10971454890179229,0.07945808946097392,0.09718556892066028,0.10000222979054607,0.12043038444987764,0.04603342256085721,0.1342570173335141,0.16851294973309494,0.14440578884868358
0.07939376987571578,0.05187459965242266,0.10623320521273245,0.13822006147056848,0.12132729763267597,0.1309995943236213,0.1418535341071428,0.113773349838243,0.11632458788687766
0.10196667829761685,0.10497785479772508,0.09179310644852252,0.26046315126176717,0.11293895833704605,0.04242616835348703,0.08994110054839187,0.1049822495486526,0.09051073240679088
0.09383828728310488,0.14314108380214127,0.10884305053840293,0.08450712282794504,0.12005328259556823,0.10018395239516892,0.11809468685632622,0.10520669092231065,0.12613184277903194
0.09946877513914941,0.08109806916017538,0.1307565839445758,0.05564621144228343,0.11550074492626973,0.05400345417594554,0.16676610916059106,0.1810463431512014,0.11571370889980821
0.07554762622031268,0.07761246803631873,0.08293267535342305,0.17695247248448057,0.054143600954927006,0.0796176328564357,0.17420554949099007,0.17335712733683453,0.10563084726627764
0.06993075628478838,0.04709417882297042,0.10904124956261513,0.06300024514303686,0.10813722866914632,0.19659113794501035,0.1452991706235617,0.181760138361591,0.07914589458727987
0.055677555154228696,0.041519962173733015,0.0873821183702025,0.20348262983625362,0.06708104865609733,0.4095848751654348,0.04997434054098671,0.005508626406942664,0.07978884369612066
0.12556492533467,0.057788363269073585,0.09794442099608748,0.2572475091608812,0.10776455746427131,0.1163933005034067,0.08632686185872245,0.03110389441409106,0.1198661669987963
0.07005205210071119,0.08028737135560467,0.11172909115503082,0.054645843798949434,0.11012757702195969,0.0669200001693404,0.07171939655464002,0.3500769113989663,0.08444175644479761
0.052773427025164216,0.10116743512077425,0.1225702490060299,0.042053262145039065,0.10297568671700874,0.11117286886705517,0.041277614595259166,0.35550019830105256,0.07050925822261699
0.1141068023720362,0.14035711663767106,0.09838136165154983,0.20423988399473422,0.07768906189026854,0.08349123602240292,0.10778193331837793,0.06109405406055857,0.1128585500524008
0.0760320825938726,0.12833949662160038,0.10153100626767268,0.07230503982490573,0.12651583299243738,0.15349407129453965,0.11374636690637631,0.13333684630121395,0.09469925719738125
0.08709621629886881,0.0331044665416489,0.11446027893819836,0.04796789012657132,0.10543645068343915,0.1074353530899435,0.12834516292862821,0.2777601729765749,0.09839400841612683
