0.15106566115291595,0.1296019303782636,0.11389110164761962,0.034046910060526334,0.13906323938421997,0.10091065316325193,0.1125820787623892,0.11199188383848994,0.10684654161232353
0.14152107317414317,0.08581982192377989,0.09474851637239574,0.011909388684130905,0.07404438367160975,0.17757921676726843,0.08430125818328588,0.26356453404338653,0.06651180717999973
0.0969515156185647,0.07998998914210641,0.1011672203644791,0.0546446705940018,0.0803402095119512,0.35367993804347914,0.06078669394635331,0.0869245826877088,0.08551518009135567
0.237383613875352,0.09867067557890397,0.10022546765202683,0.17738295626629288,0.10850992492824925,0.03610222012137876,0.10963215410014542,0.040308563888410746,0.09178442358924006
0.11164303410401766,0.10089467964891911,0.09602118561263424,0.051936282230031224,0.12968702933655094,0.04008043432200064,0.2123727328749276,0.14799142428759973,0.10937319758331891
0.19157925798156925,0.08857685043906975,0.08032897925336625,0.12878972351840173,0.08027418377878547,0.10967388556411321,0.11496370607801985,0.06472698968914699,0.14108642369752755
0.1480389371587382,0.12441813393932522,0.11802964982493795,0.036261452420347604,0.1542309314695469,0.06771011903719447,0.09487499094674566,0.14433050237722359,0.11210528282594039
0.15256877120188503,0.12054972258174013,0.1194056571017082,0.1325226273902377,0.08566066255453175,0.11919269245704169,0.07812051253585676,0.06374893095932842,0.12823042321767028
0.11492532378874422,0.08225860371783168,0.10385301892972576,0.11800082866174766,0.0764098136918765,0.0436560780098477,0.17043954366477865,0.15789627814040555,0.1325605113950423
0.13555705039175212,0.1467780222033096,0.12401898468092032,0.08330499818703219,0.12865830153807997,0.10701130482140038,0.09777791182340068,0.05425406191755643,0.12263936443654834
0.1364873850058505,0.13079847140972983,0.13025788679328534,0.14830815731251967,0.1170531934502414,0.061260796967036645,0.08742636297745811,0.07250790498860296,0.11589984109527557
0.11419198737430285,0.07033737894755654,0.10098683191319846,0.11286835684463692,0.09989134872208509,0.04059364004279351,0.15774161427628872,0.18288233020115982,0.12050651167797811
0.09352364241859924,0.1113834947502127,0.10833818629111576,0.10635568239175341,0.12276539577595992,0.07074873041569932,0.07747062985280467,0.21744946710234792,0.09196477100150698
0.07769566147767633,0.09596998570983789,0.10779440732750929,0.14282653713458163,0.056374661715828424,0.11915615225759553,0.1289537131616515,0.14831249679570968,0.12291638441960968
0.08548589469637802,0.07974797822867703,0.09830827992325164,0.0810292351236568,0.16971050186936987,0.15018416569222717,0.04972294625955124,0.14654711595344783,0.13926388225344044
0.0845732978730684,0.0828060400819265,0.0777622936337679,0.01734961005592053,0.09069730557681042,0.04566144407366624,0.3316396608770706,0.17177745902221198,0.09773288880555746
0.1063710923479649,0.10526337191836517,0.09081812626308479,0.034720614695932094,0.12257887492896156,0.04702267654269721,0.18223428496523184,0.16671049269556595,0.14428046564219651
0.12962766157819647,0.12135979664946302,0.11491930763753329,0.16576802994623943,0.13211314083611436,0.07709227676574203,0.10058615640949342,0.044844104257388606,0.11368952591982935
0.11065958775449498,0.11020569303114436,0.13007543818083664,0.18579373716785866,0.1290389187877936,0.03535192422506319,0.07574180205301913,0.11817619795070544,0.104956700849084
0.12963100932906432,0.14783168585831682,0.14492355775790847,0.07384486426910415,0.16091897818219764,0.07845320166290622,0.07639982056349591,0.08575119574761454,0.10224568662939186
0.0625581826138421,0.0598033668547354,0.07832869781048214,0.03107042564039489,0.05121168954773766,0.07770309702478316,0.20739717523935072,0.3250433683031571,0.10688399696551683
0.09031014592127064,0.19169327223603475,0.13278115562930937,0.18017263587014384,0.061644668176021676,0.04150574681288088,0.047489078374811165,0.15966790077223336,0.09473539620729428
0.111284452602618,0.1060287224775468,0.10462044402469677,0.08912688661146743,0.13882859094109493,0.08495899409179818,0.1292410727918265,0.12068073918479956,0.11523009727415183
0.08106392392290775,0.06663609420406187,0.0942231044734298,0.11175881277761235,0.0888415157658583,0.029539019888471112,0.3080739977862231,0.11825745432430267,0.10160607685713313
0.11863645870009391,0.12902911184244928,0.09897457292935559,0.04183510771850806,0.09462294354281964,0.1820074906956288,0.06642675560790993,0.1378151582479314,0.1306524007153034
0.1068802983194332,0.12892707912626802,0.09984942742856508,0.056640456417296266,0.1710662379628712,0.07333836772198778,0.2012865739285067,0.0492853139530853,0.11272624514198643
0.06921597308155175,0.1524742136237707,0.10962223933434075,0.19992883095203126,0.07884327036447829,0.059731033256259496,0.0641767747685661,0.14505726619090228,0.12095039842809939
0.12370204418544418,0.09659380117052578,0.12291336911265231,0.17813163757109415,0.0798242126738383,0.037848749254214185,0.15557866513538668,0.11812503431868172,0.08728248657816273
0.10122957842019657,0.13959488543031603,0.11435103256091865,0.22881014550607262,0.11687961804019216,0.049472712587628476,0.05899600274751798,0.061419357304493716,0.12924666740266383
0.14780270454964353,0.12199199695216896,0.13426408361748893,0.037002806500584344,0.15776387934149672,0.1108224675561263,0.1003408094975503,0.09692163141875672,0.0930896205661842
0.13339204892052464,0.11413431849152143,0.12096046519579891,0.07923442037964883,0.18664692966705862,0.045954639244392914,0.15773547471088253,0.058350625761394194,0.10359107762877791
0.14782309369980265,0.1164400197976961,0.11383563283370483,0.139891340053897,0.09687939902085047,0.04521105858232478,0.1444396201020036,0.0938949777871052,0.10158485812261547
0.11017709221816985,0.08012173398006305,0.0998973358999055,0.03005794200973698,0.08472256434633656,0.05335312022057398,0.23440684674960766,0.2096245395754641,0.09763882500014236
0.14311287113729082,0.13349590437219552,0.1401106210934814,0.11753616014629098,0.09770425232189005,0.08025290345443915,0.10262642459681574,0.0803162192354575,0.10484464364213884
0.10340588943232372,0.13778469350371395,0.10243484881622518,0.09974434841690279,0.09356088101609804,0.04280674978454305,0.10710465150358554,0.19947388110542322,0.11368405642118451
0.057914832106649154,0.07929798315447241,0.10643318169745593,0.04011087394773515,0.11877920804581159,0.033019766546634306,0.24254426456246925,0.18589930754638717,0.13600058239238497
0.09913536242472575,0.1493857407092147,0.1332702218747983,0.06805508597181718,0.13047444814363204,0.08735984669358071,0.08011867122234313,0.1476273240009024,0.10457329895898586
0.08727938586124677,0.14352141788164963,0.13165192218084978,0.07918964123876901,0.14998051475982022,0.09349404830304618,0.09301058190714456,0.06952253515600164,0.15234995271147217
0.1247638087273114,0.11206133466370251,0.1214242666286226,0.15201532143248353,0.1527780284862055,0.06736335773754125,0.09869708343238504,0.06507434385733481,0.10582245503441333
0.23749284935620638,0.12480131200544602,0.1324263324422251,0.027687099022085892,0.13616989251093678,0.08472385007779283,0.06886115444897781,0.07175985482626786,0.11607765531006133
0.11691300643429077,0.10053632978487785,0.12704274591913245,0.03127960001694595,0.24610746192397,0.09493681158359868,0.09009837648803588,0.0778698547783558,0.11521581307079265
0.14002452130557952,0.08991828238167977,0.11912960509111963,0.08168181588663759,0.12053093492265311,0.05819066709933004,0.20069965909067466,0.06787808344510603,0.12194643077721963
0.09192502601491605,0.08494221905689169,0.09853560858351816,0.02610570699424722,0.19112139334629571,0.03811447707222714,0.22058393733814943,0.13619451246764783,0.11247711912610674
0.1724818786926463,0.11599776315187821,0.12780235918625082,0.0431133259122616,0.12473209613499682,0.10620406887685747,0.09625138529613647,0.07298703975776769,0.1404300829912046
0.060528990785785275,0.05042484644248841,0.0881403690401098,0.07186652354145154,0.06140781069562329,0.02687897654860968,0.3042831086066264,0.2272946266112017,0.10917474772810387
0.17871182496521654,0.12962553620993392,0.11240810389605448,0.044057086409016434,0.09553519031446715,0.07020294899200756,0.11294102316843506,0.09178448592371186,0.16473380012115707
0.11132632973786738,0.08965228456146407,0.10331168394594444,0.08065132599940514,0.0953052494937053,0.07344315465949637,0.12523754469156145,0.22349747948966728,0.0975749474208885
0.07767223324516313,0.07595676174565626,0.10637041208709885,0.042950478939980136,0.1342574148266537,0.26330978024320295,0.04412563103484945,0.13368531111448514,0.12167197676291037
0.1270848692614118,0.11908730338695402,0.1273948663347788,0.059816790658383225,0.15014612181063583,0.06638870012050717,0.12222342212201677,0.10559226098012596,0.12226566532518647
0.07984611864348352,0.1039950133663393,0.09986250686278508,0.30208290596861603,0.07777275719038566,0.04790394583921135,0.1170182289887896,0.06805237193694753,0.10346615120344203
0.12484553949928827,0.12504862334804248,0.11751130025252891,0.050627648734309826,0.06857025346269337,0.09634966668754032,0.12448244339868218,0.1929062285001788,0.09965829611673586
0.11563665751717915,0.09937518638580987,0.11141253773083805,0.05502011008956776,0.11633340054458131,0.07120728650034858,0.16571838067224462,0.1396184165244286,0.12567802403500203
0.12852662008502924,0.07755876079874051,0.0992095509434689,0.071038060209122,0.07991474385363301,0.07172705548296594,0.1339754720525608,0.21398572950973058,0.12406400706474896
0.07923642138813887,0.07598060462009627,0.07236814789872999,0.055578072366143906,0.03175541545381683,0.05506898942081916,0.11464119905210475,0.4074119007719605,0.10795924902818982
0.12078060257583996,0.2014269410352543,0.06867907225411313,0.01647263960203842,0.06294795461569035,0.07363364119184646,0.0825637162055508,0.2533402656220065,0.12015516689766008
0.11421763637062443,0.08933639603512462,0.08533130312331166,0.025643221968610196,0.11396410081633186,0.01599857740281243,0.20111589673663946,0.26019613463457714,0.09419673291196824
0.13442161222429602,0.17359883558842304,0.14534689164303696,0.08112510793168375,0.07470136912279145,0.10496197354984743,0.10479175683796275,0.08065497698341713,0.10039747611854148
0.12300661987277327,0.0837927510970169,0.08801926400583297,0.11911417000048267,0.08843333124875363,0.05854814104730291,0.16126531129052046,0.14012608095642015,0.137694330480897
0.12446422529889761,0.12805839006362493,0.11053419214792974,0.16857983627213072,0.09948084307346435,0.07349003710619473,0.062224995429101704,0.07330818664428505,0.15985929396437118
0.07010827181572364,0.06433878133325192,0.09517878861406477,0.07206870994651904,0.07558321343109832,0.03184996890366984,0.2607865210315659,0.22439206163558914,0.1056936832885174
0.10037199042044592,0.1183887785843512,0.12128801660159483,0.014009576020705967,0.16547535332745442,0.23540789812446797,0.06493485067600537,0.07353018282257771,0.10659335342239651
0.12261165335282952,0.0921421706679058,0.09917389206900055,0.05320666939684746,0.17986412704060384,0.20500268225068372,0.09673326222662955,0.043520268344511476,0.10774527465098815
0.06776113972629122,0.06386826072968187,0.08173759296310863,0.1249103811613917,0.10413460825958154,0.031378984741512045,0.18857940609088084,0.18463000868880242,0.15299961763874972
0.0986712093730957,0.08934134121658471,0.1410754843851315,0.09269879059784318,0.15748638519190114,0.10487686593188678,0.1251437686826967,0.048307469809361236,0.1423986848114991
0.10803218957512965,0.13156302586618193,0.15052215142474454,0.072024703801625,0.2361158406451608,0.03525851981345612,0.057623420914239186,0.11327067194754877,0.09558947601191399
0.18641885949583328,0.1155468856261284,0.12737378491751958,0.059305577156657234,0.07012342585210306,0.06192122533464097,0.14833717438939675,0.13369471793887772,0.09727834928884305
0.09697278278622197,0.08847823648858762,0.10895694148273642,0.04305805284519885,0.10888337870841479,0.02807805597740611,0.23043226547411302,0.2066098237774606,0.08853046245986067
0.09256754404237494,0.0859934172160068,0.09292551887454888,0.04714790110840178,0.11466714734500817,0.17707670701130696,0.10579977516500348,0.15545699059700704,0.12836499864034204
0.08160813101828802,0.10515535184434499,0.11166970505787087,0.055382743570465374,0.08895076830721443,0.04529449219061859,0.23881252165406006,0.14182556965133902,0.13130071670579868
0.12051466668384599,0.1413518752050629,0.1198255224833767,0.026379477045825772,0.16748081406793824,0.0816680451931325,0.14146564640949802,0.10635929104282622,0.0949546618684936
0.12234977182084854,0.11599692115492471,0.13451683875898904,0.10350724805525043,0.12402468620168283,0.09660181311933817,0.06599470164130507,0.08456227161758302,0.15244574763007826
0.10928012282976922,0.12198156357326106,0.0933743237075918,0.016873744263663663,0.11688187180316541,0.22360253933107152,0.06319203981377844,0.12358212690683977,0.13123166777085912
0.1238106148310492,0.13159795564599727,0.13262187813766757,0.17872941180976754,0.08901168988716547,0.036242726127728976,0.10188268090111613,0.1311254434860032,0.07497759917350455
0.110325936331518,0.10068788185879156,0.08687254291750306,0.015236266161377863,0.08435094549651068,0.36745351525730174,0.059819501474013714,0.0637333475279137,0.11152006297506976
0.10500484791041013,0.11779663111769857,0.13458358937029857,0.02434957747479509,0.12320063152429854,0.14852938545304514,0.16588050138197416,0.10311160354536486,0.07754323222211498
0.08824633986673518,0.13272901785603944,0.11240975472949782,0.06085179953442615,0.17296833330833825,0.08284305290525007,0.10733332414591924,0.06678379530469554,0.17583458234909824
0.06284426560775126,0.07569161714772188,0.10181157990578975,0.22391922722897406,0.12850765716759127,0.0681084506003196,0.05368009612417962,0.18010432751704367,0.1053327787006289
0.09293483938888035,0.07144846411423869,0.08451286484971719,0.07257859877418714,0.04183942379264823,0.04527658393155865,0.09287735103706628,0.3954611049960743,0.10307076911562912
0.10852396072729394,0.11187632492759558,0.10793236037677763,0.10850712231691277,0.13439779175890673,0.22605700808345844,0.06187326317111088,0.057259095964824556,0.0835730726731196
0.11736167029277249,0.08969604721785862,0.09179872940679139,0.053000309181874004,0.1010364035598796,0.037357664539488473,0.1440591028740951,0.2142988865354937,0.15139118639174654
0.09326802729522317,0.08752427262824197,0.07861953742882821,0.014608652057425842,0.07352723284480726,0.027068157730501533,0.18430551932551587,0.32356297124172356,0.11751562944773253
0.07237687231103336,0.07162431829360469,0.07846831684250237,0.2381529395990757,0.05354571995321983,0.032723236856887584,0.1602297187512688,0.19346461110226132,0.09941426629014623
0.15517434782784859,0.13142617632374445,0.1370546647739912,0.025249624618577934,0.1231383338899903,0.08478971123016103,0.10409064921245559,0.1489712788387453,0.09010521328448555
0.12313515287561516,0.07955705619469815,0.10369383202438603,0.1003678375752594,0.1267415329768089,0.154173525166261,0.1474807642350697,0.043532466899689266,0.12131783205221236
0.11309211855062844,0.13540401225604887,0.13634059839519988,0.06240368768599084,0.18391254596586606,0.05797308712043906,0.10436932715654101,0.11176732567654324,0.09473729719274261
0.03839666399192813,0.07637131845235347,0.07440218707401881,0.08830339927985677,0.04259329591728376,0.030064243239409857,0.18786297896639648,0.3598448540850853,0.10216105899366741
0.1496367942593274,0.14688881529793213,0.10315287415824388,0.0353094777232242,0.2157842536045439,0.09195810705173911,0.08310733610147389,0.06999681604197501,0.10416552576154049
0.13269674922448285,0.09426177947129584,0.13055216786827245,0.04467526185700215,0.1545468470937488,0.07623700862454454,0.14597280865328832,0.10856800097415874,0.11248937623320636
0.13744181652261622,0.11273261194362476,0.13002821726386693,0.15588257177098236,0.09017405269205452,0.08615984030758016,0.06175646579498486,0.10438866704410162,0.12143575666018856
0.10359456811125099,0.10663749370321961,0.08846478421960795,0.18430233395524245,0.05720544608494941,0.031139059925064563,0.16131626079723452,0.15620110753563035,0.11113894566780008
0.12508802566101704,0.11041505244874993,0.1317141177123755,0.13093966655335557,0.11529240716719551,0.10229313882354758,0.10036316214019031,0.08143607891231718,0.10245835058125147
0.06971028411675438,0.07848587738006567,0.08445412223956639,0.01717387419029756,0.1364392752246424,0.04014449768075418,0.3216420412300613,0.11729495317253567,0.13465507476532243
0.11627435764892413,0.10241904819409331,0.10718217950132093,0.03247993397664491,0.09226473887458081,0.11801622511650967,0.10779463870842786,0.1925728946792109,0.13099598330028758
0.08828428275682405,0.10489009768910083,0.14009447234606714,0.08673501225803389,0.11310562008178426,0.16500484037468596,0.04268834844817884,0.17284718891235948,0.08635013713296562
0.15003362705282774,0.08144061923203484,0.10791627320732465,0.047691569036052046,0.14150508679940607,0.0691104901337581,0.12337635420004404,0.1459562756980978,0.13296970464045463
0.09052612690270072,0.1231548660901061,0.10328612606626301,0.1581342229718858,0.11116468430336017,0.0350081795046851,0.17010331129331935,0.11090271347418808,0.09771976939349168
0.0906478646829636,0.1073438966076798,0.09224571033974234,0.06653243036867072,0.1262631479658457,0.0442014606740346,0.14888972395564473,0.14340887046871312,0.1804668949367054
0.22073303531568755,0.11146766823336923,0.1288238898744535,0.08209591368945658,0.0749344580998671,0.13134089090957451,0.052200330154088544,0.12914304205220647,0.06926077167129652
0.14206885829038998,0.12251042204893407,0.11991030811787888,0.05511011257513019,0.1632630406454678,0.03903607911622996,0.1290146074120676,0.10039396573820591,0.12869260605569557
0.09626764158384638,0.0712515639185637,0.08138640276955562,0.0712661449075138,0.07587759602633218,0.08071556728312568,0.13084112718289315,0.2481801107344929,0.14421384559367653
0.08338068074441364,0.12439945442583411,0.10455487611676544,0.1400195564690482,0.1251951835929925,0.0388843697900798,0.13546580632385638,0.11880430474831373,0.12929576778869623
0.15790119119010185,0.12075479795557936,0.11890565928168557,0.13258765895444233,0.11312704425021936,0.07312521003994356,0.09691159064152179,0.05737456824206746,0.1293122794444387
0.1340977499885024,0.0889577628675267,0.10878580588232171,0.171085764257182,0.15544948647775944,0.05381585331030353,0.04734890276988163,0.1160521695051477,0.1244065049413749
0.06363548721189283,0.05663935913413859,0.07124778685085863,0.04930838347521086,0.06016412530908057,0.04380273769245649,0.2545651386484047,0.2602516518175086,0.1403853298604488
0.03472069162872663,0.06745885901744769,0.06752237096387777,0.08371734234078788,0.028684489241986192,0.032436543578420594,0.22869649646979484,0.3678737073568019,0.08888949940215646
0.17509790898702163,0.12377426201702975,0.10729115266195909,0.04135498754944274,0.11841523682761167,0.05461728094749894,0.1432732810587737,0.1057554375031914,0.1304204524474711
0.09204936949999387,0.10430007732567444,0.10653014694623969,0.1275324047241678,0.0775912149603978,0.2828287542463695,0.06631458904184136,0.04920054381634753,0.09365289943896805
0.10052443202558281,0.11840571162907654,0.11601175479610831,0.10607307706516006,0.09965074480649606,0.05669815278938859,0.06563952087806606,0.24430002567704087,0.09269658033308072
0.07648281055654545,0.10313009465936512,0.11714964120799971,0.05666402352762862,0.09877194254920253,0.06556910816969848,0.21496722778317703,0.18995620132932436,0.07730895021705862
0.11471024141184101,0.12237893058907567,0.11529524656394939,0.11520399514476448,0.13450713988295374,0.10584288202199649,0.11222113697851166,0.05783957807449852,0.122000849332409
0.12797357858412853,0.09055658161421119,0.10777730636206732,0.048790853428916287,0.13655771747034676,0.0695332963615146,0.18821952995883176,0.07298122095595257,0.157609915264031
0.08256505021214976,0.0924393139533843,0.13268723273841893,0.06304061456149962,0.14679596623906727,0.05510787921838175,0.14138641958399498,0.13638001742353936,0.14959750606956398
0.12817461704871108,0.12275875902886464,0.12069502553390694,0.10590634465990528,0.15860468154368365,0.032071231555603354,0.09465187070055443,0.12692863060920365,0.11020883931956693
0.09065421293757676,0.12352446427027508,0.12023484849981396,0.04843697493762664,0.1754669028962094,0.04501899071085372,0.20334638265644597,0.10127012587984796,0.09204709721135064
0.10843739409792012,0.1215074833230374,0.10355942435341668,0.027747407139947777,0.09081219213900522,0.05710749858777375,0.25560528814836797,0.12715249377015642,0.10807081844037468
0.1246717042250768,0.12822037505588102,0.1353776267340874,0.11667190536310068,0.12675296405488165,0.10857810655680049,0.08780162217534704,0.06565549894261659,0.10627019689220829
0.10391901812704585,0.12819542933188177,0.10688861396108433,0.03084608118585944,0.14868165596426666,0.17628714316763525,0.14689344003729757,0.05192273030929898,0.10636588791563012
0.08260644440129684,0.08647927890518044,0.11639979578127728,0.0457268238156066,0.10391121068985239,0.05742382584801736,0.19604186278652982,0.15779986853581726,0.1536108892364219
0.09371068961521596,0.10417166537378143,0.06605943651114017,0.031396082446293085,0.09174930402435888,0.06603880017726374,0.20465655288313492,0.19163196295384388,0.15058550601496787
0.091840032790376,0.08188647789254834,0.10048061881063099,0.028909774325116835,0.08616924268662389,0.07794896010339579,0.15316964544060988,0.23240048456029536,0.1471947633904029
0.07890454142050968,0.06273236594299046,0.10633879005787938,0.06426001295787692,0.08164763713368466,0.03994512235685553,0.29392404658943705,0.17013292552093565,0.10211455801983066
