0.08251614842316989,0.0927284415497011,0.07003860296029155,0.11120021654532943,0.10134715122940487,0.12018134797186399,0.24302824301657408,0.0941362255537463,0.08482362274991873
0.09681687606167988,0.09177608761124727,0.1396041424997827,0.09149759632688322,0.11048946552668822,0.11169883587082914,0.06340228737163477,0.12114409821610474,0.17357061051515013
0.10314109163888079,0.12376148013698385,0.12020795072902403,0.12447495298964169,0.10227760304447654,0.1289601748961099,0.07170728656463572,0.12739399560416284,0.09807546439608461
0.13887776701864427,0.09719929297427617,0.15821443080659608,0.07272815144408766,0.1113129595194894,0.12760237432021396,0.06529334664964818,0.1389452552421972,0.08982642202484714
0.09732293616818366,0.07788095743180885,0.1550556426764421,0.2138680750407074,0.13725011867149098,0.09250172467735394,0.06934427865058342,0.08627281946715583,0.07050344721627387
0.10467870464626709,0.1068579305582031,0.20763904539359437,0.057848136263330636,0.07608056601349333,0.08204400928658175,0.13105616937421202,0.09768466548303256,0.13611077298128516
0.0700421754620791,0.06463410456270653,0.08601414321193845,0.1623766828574382,0.128642241886108,0.09385452182974385,0.2260466513632513,0.1240370040805933,0.04435247474614123
0.08511854305099752,0.1256190574414197,0.11827455082891165,0.19505914894321372,0.10849741997245416,0.11278854965911515,0.08870278522962971,0.11377762197541669,0.052162322898841845
0.11000660641494286,0.09733712452784421,0.11313690487686939,0.13818842783786922,0.11014411339134504,0.10972147191462207,0.040381208076445664,0.09637867813675939,0.18470546482330208
0.12268865613134694,0.1562640582724212,0.07432670957760092,0.1526499972676826,0.09766320746950928,0.12227784174868102,0.04742633394990826,0.11349327902600491,0.11320991655684486
0.10727590907895386,0.09564550261544835,0.0794790762540656,0.20262601919244938,0.09661275211656255,0.0978614674306828,0.05231520093349947,0.09911531718792692,0.16906875519041106
0.13747665447816093,0.1209797675256133,0.06907403362193144,0.1600838603731326,0.11740121491163369,0.11390903142638398,0.08855405496081391,0.11785531787128244,0.07466606483104776
0.09096756484978341,0.06347045366197912,0.12488962228830318,0.04243197812310845,0.09045881960325612,0.1095352196092139,0.2633859385131221,0.12161180778684173,0.09324859556439195
0.13698575084972164,0.13679054984726988,0.07326493821291889,0.09307537183458701,0.07440911453116929,0.13279647815027376,0.06046780071090663,0.12545089703122494,0.166759098831928
0.13813117088450053,0.11981534722206799,0.09263199019977957,0.11501162248304923,0.10022524707336576,0.11301727610407475,0.06955796687254347,0.09685358877764792,0.15475579038297077
0.08093129698984534,0.0767362974183484,0.18817489270751184,0.0536681876801175,0.08479602062185394,0.08975179646399967,0.2468951434591767,0.09153615015354244,0.08751021450560421
0.14526317345039783,0.14212483519210614,0.12040375734786139,0.050264966131124855,0.09334484917347864,0.13120242552821618,0.1037244037246746,0.11288768315014468,0.10078390630199574
0.10560789765302821,0.08415262707487196,0.07329962339254191,0.07783698206402787,0.146691715126799,0.0978983897538878,0.16132552359055094,0.09915387916423064,0.1540333621800617
0.1226695239701262,0.09121586012906617,0.11691684359125909,0.023487678427624087,0.09486825873415006,0.09529248159302404,0.2705513353943459,0.08349387410075204,0.10150414405965245
0.14929518981222545,0.1250378420298563,0.09048474613641522,0.12917448516768656,0.1080173658598859,0.12965380755866632,0.05971948142757102,0.13123395238778143,0.07738312961991185
0.11393737087953455,0.10277458155693048,0.11577232826148669,0.1145715428280597,0.10899865275382002,0.12313883422816951,0.04366006685722237,0.17734423908965657,0.09980238354512007
0.09509967468753155,0.08565424490234125,0.10284869212793901,0.05541715493646463,0.12810864328303762,0.08331853914965616,0.199888978114349,0.14230673509741484,0.10735733770126597
0.11905240138100574,0.1514686566543695,0.06651705807452947,0.1517510161484337,0.0842032369147383,0.10840478685984974,0.059864613188795525,0.10237267129014617,0.15636555948813188
0.15907413376554858,0.1378317679559161,0.09348995162091212,0.1045524140665659,0.1018131086190972,0.1379495875470245,0.10397038405690051,0.12641914871133023,0.0348995036567049
0.13065800124070512,0.1502200123245918,0.17575286294831494,0.03744951080410222,0.08404251664321871,0.10534331808746412,0.07525140118705455,0.13594586159949748,0.10533651516505105
0.1354212757334211,0.11373985233154386,0.10564200255530853,0.0710750292326288,0.11335069408380767,0.13255432790611424,0.046381928459764965,0.13232386338669702,0.14951102631071375
0.12145767414851714,0.10919601366788606,0.22267071139817995,0.1015128433275908,0.11694766674996904,0.10038926914556007,0.02795033908927599,0.13491255235342622,0.06496293011959473
0.1590862213088126,0.1149330182731927,0.08092351931764227,0.10482123606833116,0.10239997419073914,0.13989791618981312,0.05191271598657882,0.1256333479113667,0.12039205075352351
0.14498085436202493,0.10615678989340453,0.13596567486709088,0.03845196738299526,0.10570478764754691,0.0923324919061534,0.17062675179222778,0.09841934607584997,0.10736133607270626
0.11380328524604684,0.09779229209907152,0.0814257793617899,0.1349740977285475,0.11932891899327362,0.13251036203439184,0.05529433318604223,0.1255106263111472,0.13936030503968938
0.12613873901876468,0.12107161106499027,0.0717945536757065,0.23394115987719624,0.09165005158205686,0.10643829299113926,0.04287137210518891,0.09607327573488054,0.11002094395007678
0.1344826169510642,0.16755401616651588,0.10772577181719918,0.13067770321757444,0.0821427329003691,0.11351111087531807,0.04536489632868428,0.11293433250823671,0.10560681923503801
0.12362910554114255,0.10480787841713513,0.07467713155487399,0.12806868578590969,0.10954735591003377,0.09157767328433132,0.12816675858050833,0.11272186284616485,0.12680354807990035
0.1101922810937585,0.11283761764825988,0.16552339988141976,0.11280361526492576,0.09492880350255324,0.11663237006237633,0.06831693672537882,0.10176127881208456,0.11700369700924307
0.11670631149502768,0.09808106405796824,0.13356033512502444,0.1340127482891078,0.08485109619180155,0.12520896105928006,0.048358042546714934,0.10049126934733121,0.158730171887744
0.11021018695767397,0.10853455421433002,0.09417307507791427,0.094871600074671,0.12647988445790873,0.12319269026490876,0.0983225089381858,0.10714259586071144,0.13707290415369597
0.13575700102046157,0.09598701893466932,0.14639349080967454,0.1292950633942961,0.11403389669948545,0.10386538174457687,0.0827510597316252,0.10278066123728491,0.08913642642792598
0.1257751155647863,0.1453069973537805,0.0737786437066245,0.09035540329450793,0.10929969699481118,0.13468421634831781,0.05169143972155951,0.11332775516070688,0.15578073185490535
0.11363610122626121,0.09432899561409085,0.12225179194860718,0.14075523528813852,0.11937904666008864,0.13466176353278578,0.07803331729013811,0.10214550454234524,0.09480824389754448
0.14499890919808453,0.1378477184541845,0.07431742765468628,0.13741804350882755,0.12268484313763482,0.12377585355367697,0.041556620457875025,0.12893429830391237,0.08846628573111799
0.11062378153226234,0.10416967491225289,0.06663257891913092,0.03468198774604974,0.11200822341963017,0.10416448205482111,0.30574885008950375,0.09120766657810549,0.07076275474824358
0.11447224898373749,0.10135813521873886,0.11051321445017988,0.19733583325916626,0.08496430711528413,0.0963046392518815,0.04281903995345963,0.10000910077771574,0.15222348098983643
0.11521298912264981,0.0758147923933336,0.11384793792066539,0.1521286609981488,0.10561073893135374,0.10451781595467095,0.08067416570916043,0.1110270763755817,0.14116582259443555
0.09222438726386638,0.09786559203281849,0.24769416023701085,0.07209856434526149,0.08570185660798174,0.11856702667262349,0.1392015468992107,0.10278803188464358,0.04385883405658331
0.13833925783049808,0.0706015552088559,0.1317801336164529,0.16650242148423408,0.11820634669729845,0.11318861383454897,0.06453298752777231,0.10276726413247023,0.09408141966786905
0.13355838110678234,0.12162864434559743,0.12470747460216303,0.06018530863785443,0.10312270942565153,0.11131469705412778,0.06127514974160286,0.12236520997729954,0.16184242510892105
0.13711703041821702,0.06488573969423796,0.15349259688736747,0.0668254934334544,0.13392238464499892,0.11177908638719784,0.10655825283673061,0.10932365769145386,0.1160957580063418
0.15513469510160813,0.10196543997238046,0.11220669077325746,0.06389591955702728,0.1153639552453259,0.09711311282489331,0.12990292538766743,0.10036151528496916,0.12405574585287094
0.1307575968929179,0.12125404886596776,0.09514928508963892,0.10771287764544579,0.131408446476246,0.12441727393698754,0.06831633485947637,0.12775050909676253,0.09323362713655721
0.12228215018741577,0.12897600237887244,0.07844410650670582,0.07216107129366221,0.10689673389501435,0.11396484255603358,0.1354065553014319,0.11953553800649297,0.12233299987437102
0.10844040904077375,0.1445832899581316,0.1280787053823029,0.11775441391504042,0.11138566656798993,0.10099936183051111,0.06556440220851968,0.11418870679573014,0.10900504430100051
0.12406941874210635,0.10286445049413029,0.06890059885253601,0.06677497986775639,0.11474773468052972,0.12229876009573389,0.08645872319163757,0.15799017550151265,0.15589515857405717
0.11997441199333554,0.10604252429648137,0.13490795010142234,0.06633916079904058,0.11279863774461192,0.1501166324251089,0.1420171248307967,0.11311484412778533,0.05468871368141719
0.12472500749832412,0.11216950751266841,0.12069575128032721,0.0812583490075976,0.1372527001237417,0.11501369138509937,0.086607069667214,0.09640578408799182,0.1258721394370359
0.09955056612868778,0.1334912263841078,0.2175702866296517,0.10238600606170038,0.08870262655521584,0.10222133573011871,0.04394702868152772,0.1335512544564133,0.07857966937257688
0.1315891206655484,0.13052382504567972,0.08521586805756846,0.18322899579913687,0.11141933562734606,0.11673565653744372,0.054053157117101146,0.12183355475408057,0.06540048639609514
0.1241208114505956,0.15312120533900903,0.10256101770096687,0.1410505899520793,0.10156737187889914,0.12001266015525376,0.04695356410198223,0.11971683155140826,0.09089594786980577
0.049673751688773284,0.06087528358526686,0.11757967844864863,0.04703947007929362,0.1314787457820109,0.06511924659725421,0.3989045448117481,0.07629367903622115,0.05303559997078314
0.09302174354373062,0.06353301394196102,0.11523807740360154,0.11355202312572628,0.14941964903585023,0.09894589855462664,0.1931604111644487,0.1025302146365918,0.07059896859346311
0.0994901590874235,0.17343572947787567,0.08429123583677513,0.16619972927836937,0.09181357592240807,0.12301322868612925,0.06881910238919609,0.10845835522850873,0.08447888409331432
0.08545235728525269,0.05144298754875911,0.17348775497778482,0.04811423000851186,0.09375442672063206,0.0931494717745595,0.17158638928204195,0.09784180042518925,0.18517058197726885
0.12816777958364753,0.12713456715315904,0.07064094570439293,0.14817464477481723,0.10051042770269314,0.11969245748476955,0.04676791325745882,0.12601736073884903,0.13289390360021272
0.13178795429541437,0.10592384047441206,0.05467119965164627,0.15725651246277572,0.10085022001591847,0.10406893801496231,0.06611076167964881,0.10786854772864156,0.17146202567658042
0.11634597997623608,0.12199201909631922,0.09816703899746854,0.08296380517026722,0.11965328597440184,0.12764787026477306,0.08141389612305146,0.10949279770805477,0.14232330668942786
0.10810209515604147,0.04788268228444371,0.21036822092016064,0.05141322169095647,0.1248238714396231,0.08475580894802863,0.0982751788132516,0.11138149563794941,0.16299742510954499
0.14379784594901626,0.15183512954378045,0.07645186023308231,0.137385509325855,0.09882072836441652,0.12125128641849231,0.051569186716855064,0.12042428234143775,0.09846417110706433
0.13814104714024197,0.10625438114764783,0.1789889186924116,0.09493385795784888,0.14498938896305444,0.11294638430627779,0.05226029217847744,0.11504979733415406,0.056435932279886004
0.15644752716746602,0.13046365721662442,0.07741348357321849,0.13251534125971273,0.0956226643056221,0.11580094805311691,0.05501237053965254,0.11219854027163718,0.12452546761294962
0.124116788898667,0.13970791358293608,0.08456785066294514,0.16546908204025032,0.08894408969691998,0.11036100528886535,0.0582500205774845,0.10467012944112132,0.12391311981081028
0.13919918665336217,0.13994164622159275,0.08730308720395911,0.11810577587309608,0.09296982391889401,0.12551427495828216,0.04947401141925106,0.11601793201163235,0.13147426173993026
0.08017437133649578,0.0639329398640441,0.11874978929502837,0.06893503070995811,0.15459568106238397,0.10852183613113557,0.2161551421972231,0.10788003094134622,0.0810551784623849
0.1213743608544614,0.140592344492124,0.06866035183862022,0.18566341840928235,0.08892882751541047,0.12292729861047842,0.06429666672407248,0.1297771243050077,0.07777960725054299
0.10682109158781146,0.09313770676263781,0.15245280549103726,0.02732989078461903,0.09885870045939575,0.09872739500507398,0.25375629445458653,0.09969767487201013,0.06921844058282804
0.12774126519620208,0.13080506670285194,0.08032013396030603,0.13057943548406617,0.1049553037041309,0.1105227136797312,0.04886211058403136,0.10948826617568862,0.1567257045129917
0.12569225284312893,0.13181392209729345,0.07113212218346997,0.1395244178003402,0.09456226847064962,0.11399264683249281,0.05622363156528532,0.10462090442604478,0.16243783378129498
0.10313989117107547,0.12817425473150287,0.0953645073411628,0.11770229043264124,0.10227269823254419,0.09189621749579006,0.1336326637949096,0.0998742939336642,0.12794318286670964
0.125030875925788,0.12667324237920805,0.1559132050471288,0.07840004716041983,0.06136395549056978,0.10469453631381964,0.049070778431408536,0.1592416794932486,0.13961167975840882
0.10586800638044269,0.10726581669101139,0.09903755405052155,0.2298856369513992,0.10747951771917397,0.11147034633984625,0.03431851312607157,0.1025670793922757,0.10210752934925767
0.09596389154443118,0.08646814447153577,0.16710148654835252,0.054049195489145156,0.17519389653571116,0.12093551052843922,0.057892193428702665,0.16002589367207806,0.08236978778160443
0.09319753563835331,0.08725926096543792,0.09236888296024419,0.02949990575634977,0.10844676550898609,0.07947422944346054,0.3300570462611106,0.11058266889430657,0.06911370457175099
0.1341636540984776,0.12771271989303581,0.06277232046669427,0.18139742319688557,0.10172142490277924,0.10386136609586842,0.06153754055557096,0.09532296679159359,0.13151058399909452
0.11055227961828183,0.11169686939513494,0.15754501576589588,0.14042798709355664,0.14043736721271458,0.11229483627074392,0.05859080795140784,0.12697053765100233,0.041484299041262176
0.1595699300588536,0.143159857160384,0.0690233777094723,0.08637239765271709,0.11509122408853827,0.1159348191783119,0.08139311961908974,0.0978325610479694,0.13162271348466378
0.07260542172975806,0.10942131904659132,0.22315580149352332,0.14991273962000554,0.1284143501745251,0.07092232250344503,0.08590604422747282,0.08977290922623365,0.06988909197844521
0.15443925285514454,0.13563805252401714,0.12079722948165812,0.08918580716389944,0.11673643890410686,0.12175908619447832,0.05898820199909377,0.1379602509279413,0.0644956799496605
0.1464692223254859,0.1236102462766621,0.08131209750775305,0.1467360457762586,0.08617800904960284,0.10343045325503415,0.04647771448605703,0.10925705018570553,0.15652916113744078
0.1378970778703589,0.1373519442522109,0.13262896836990504,0.07432346228083449,0.11596181780478255,0.10484181096581009,0.07072554623036703,0.10315735251497511,0.12311201971075582
0.11640656433601375,0.10178012870782105,0.10787887772608318,0.09819952842877666,0.1023402531257084,0.11858925220748266,0.0660883102093668,0.13058726785784103,0.1581298174009065
0.10664551845167808,0.13451395364925756,0.06395316519093402,0.18067592264761853,0.10878938108848009,0.1059175514763373,0.0835436983811652,0.09723604516955021,0.11872476394497898
0.11580367543485326,0.09778129000826395,0.154132062785657,0.08227962324508876,0.14108895759703946,0.13011709945994168,0.05126314929379038,0.11371536189399507,0.11381878028137042
0.1425005402328788,0.08126300585754025,0.0927059216810137,0.16674023632978952,0.145579255579345,0.11237483718737934,0.09037482080267471,0.11269477607698308,0.05576660625239563
0.1511212860271903,0.14860953861358908,0.07940521798046586,0.0986310601559341,0.09840406086637916,0.11309778753850569,0.06473855261016433,0.10560923692021089,0.14038325928756057
0.09571840774003813,0.08368324705695533,0.17732390972254178,0.09576140987562191,0.10206880705078247,0.09953550715037453,0.07208822966473155,0.14300499366696964,0.13081548807198465
0.10598431942043,0.13783408099444525,0.07879060183191118,0.19139954771364195,0.09879188417068291,0.11117526541442692,0.07292489685177171,0.09954665833895897,0.10355274526373097
0.08172539872972595,0.06776782276298468,0.19328767144024891,0.04740289579220358,0.08986214067340524,0.12153073839545948,0.18528510965166764,0.10384251691233709,0.10929570564196743
0.11572077024152116,0.11501296334197993,0.08498580853488524,0.2149772035680214,0.1283316560848242,0.10953259943729952,0.036931170007031174,0.1030279559270811,0.09147987285735626
0.1532672238951658,0.12599279392899146,0.09794715477934633,0.14428689129979277,0.1004444451138327,0.11114416541764956,0.035736655444380906,0.11154802741701281,0.11963264270382763
0.13486108838920008,0.12406518211684552,0.11495909864651899,0.029528585977718676,0.11995010954693151,0.1535432085092191,0.1045539954268554,0.1272569796975409,0.09128175168916984
0.05482484967566834,0.06257799156947642,0.14060259609147344,0.02835032542677086,0.06554686178221289,0.08262322980062917,0.37773535260454144,0.12832119377495685,0.05941759927427056
0.13789052645542696,0.08346438711769842,0.11256362517758016,0.04339052027549501,0.13904197706821753,0.11045954694668958,0.2139374780418206,0.09802368634842064,0.061228252568651054
0.13613260562051296,0.15966170966726342,0.06164594190722303,0.11448434186292737,0.11279137727261294,0.12231013047702578,0.04922202447372868,0.13633777259685012,0.10741409612185578
0.13487998044246047,0.12652777434901563,0.07295579151698929,0.17983924218508493,0.11671304942840201,0.11839852176835335,0.04844614510966252,0.12237701324346777,0.07986248195656405
0.16332158620742854,0.12519777536588447,0.1238511265582475,0.09021525635067933,0.11071402272408974,0.10857488829518291,0.08681721377302025,0.09278390813086312,0.09852422259460414
0.12496354813135228,0.13294474481351054,0.0707565412552751,0.19133376725576526,0.08290469808164151,0.10931807143262164,0.051537780489046496,0.09691042144106,0.1393304270997272
0.12269850070200926,0.11351709702753178,0.08389355154415695,0.12415082904043839,0.11835549977344573,0.1262841673962087,0.05853829760454354,0.11527232967787054,0.1372897272337951
0.1204256386903787,0.09955656690026858,0.19273921757867796,0.04737009281392487,0.14505261407310563,0.11538223964189454,0.08581267459716678,0.11990367119211087,0.07375728451247214
0.15499480582369166,0.11524823449820021,0.11065828137838211,0.11604224734616947,0.10513609158285094,0.12496722273783378,0.039722429650519066,0.12623586566641173,0.10699482131594103
0.11249270795153134,0.1452389169864736,0.09400823107026494,0.14145518043284303,0.11011362037731369,0.11191547394486463,0.03937006121465123,0.11306675041610022,0.1323390576059573
0.1307911610172561,0.13231444315972604,0.10276604148894534,0.0983221417321054,0.1141684738444117,0.11179788206799939,0.0550177110234619,0.10237227152347918,0.152449874142615
0.13561385565634101,0.13639430739286543,0.08801391125390058,0.1038346175519098,0.11038700537907246,0.14025997239499616,0.06873415794580841,0.12560768529336366,0.09115448713174246
0.1279059187591658,0.10316397746162671,0.15429431765557153,0.10419547435739633,0.09098533713011527,0.11484053501611864,0.043547460899297764,0.1576579256816404,0.10340905303906756
0.14027900913568372,0.0911807442732298,0.18866966356686424,0.07594756702279552,0.10208540958248523,0.10332794099136138,0.05566295984377384,0.1436461255883548,0.09920057999545151
0.13278765691206604,0.06778812421437638,0.11744966350388979,0.029596504272451474,0.16388386041592282,0.1135513559660169,0.08173793972076338,0.10760566337933618,0.185599231615177
0.12246943576121394,0.1123905175228258,0.1785182162025534,0.11093591709279498,0.14444218116346308,0.1311602885755985,0.03827787338772984,0.10385314117779759,0.05795242911602295
0.09149057557611838,0.09126760737623725,0.06561722229114547,0.13267455749427146,0.11590771035529347,0.09664994781037435,0.11198073064705488,0.10918749322125093,0.18522415522825383
0.10212768301334518,0.12555891734007082,0.1516764743150955,0.045028355484388126,0.13431449056762068,0.10240194944804404,0.14619814039456858,0.11042678251954924,0.08226720691731786
0.11127542051469136,0.08018993995244729,0.11222654567727756,0.07526824507508664,0.10619815422701916,0.11679092912566436,0.1661141079168075,0.12620051834082122,0.10573613917018493
0.18835182884559223,0.11865311467791916,0.12252846519116724,0.10321686793025757,0.10077824351432457,0.12110691527804092,0.03809354598339653,0.111077366904465,0.0961936516748368
0.12013787812744194,0.10855022031836847,0.07701077196510155,0.20674395119477973,0.09221305590105534,0.12385333290229879,0.06642891684021067,0.10669722756057205,0.09836464519017145
0.10102934313098372,0.13200852205913763,0.06271136173148374,0.1776592690910168,0.08345327725945878,0.11103786807473226,0.06510410613049068,0.1021289580911796,0.16486729443151688
0.1133722710789078,0.1301395294096084,0.07227554409859938,0.20396551706298718,0.09479415006470678,0.1169034850626997,0.038137878719209206,0.10715442146371412,0.12325720303956746
0.12090986868475519,0.1148273381273713,0.07591110372961625,0.12793565259950468,0.12325672339814098,0.10821633140301652,0.06262568220785963,0.13035284762495133,0.13596445222478418
0.08281103309031956,0.09204837036881892,0.06927347474445072,0.18322938920814458,0.1104841524339491,0.08369209304332319,0.17352960514620486,0.08544129876687408,0.1194905831979149
0.1566509067964126,0.10336331869352296,0.10278043474047009,0.1229553450472118,0.1048443484643069,0.11539422375564008,0.05545610391214523,0.11245103037105099,0.12610428821923939
0.11607470286012726,0.11928777872277309,0.17280345291002672,0.08367907660668676,0.07850751887992724,0.08476813591502057,0.09341726791055167,0.09416617411974156,0.15729589207514508
0.13080295734567107,0.10842916074967007,0.10589761313151802,0.07798796513638166,0.09866364892468778,0.11401363531917219,0.06107450667780782,0.11501604269901,0.18811447001608142
0.1086598676775445,0.11487796687840535,0.049897754614251576,0.1930947285008002,0.13423754149444575,0.122694871153864,0.05158706913455884,0.1147557207550457,0.11019447979108399
0.10669795482711937,0.14432931924196798,0.11612421336717975,0.11473141245098058,0.1218732673211579,0.13294091377836534,0.07008847667364633,0.11020943499348973,0.08300500734609308
0.077776142376041,0.07575263734508514,0.09783857949788083,0.06325259179012044,0.15345314976678814,0.10359684719234824,0.2313477071039087,0.11912465082535846,0.0778576941024691
0.1446816019409358,0.1305207820817513,0.08009352758813779,0.14452845158000002,0.11947781014685488,0.10417711582155835,0.04681077328167038,0.10697081337881457,0.12273912418027695
0.1189979635036713,0.07230516568444365,0.16548162820864196,0.1861449808108547,0.11260945514634828,0.09327261384301914,0.07383961145492704,0.10689115517696113,0.07045742617113283
0.13034865012341393,0.1498619032961929,0.07242796487835311,0.13202408574455152,0.0974894079310364,0.11334499049779924,0.05570991884461649,0.10782413317092625,0.1409689455131101
0.1540563485720308,0.12788141697174468,0.07934242804571344,0.09936175014017179,0.11938135889992456,0.16103311637524617,0.042501540521509514,0.14072826413056927,0.0757137763430898
0.1306140191651264,0.1177459308260102,0.09335664765797058,0.2122902466443665,0.10607378137878694,0.11665843591922831,0.042300001122434226,0.10825194664565331,0.07270899064042352
0.11867490222417382,0.14992344786469466,0.0680369625891628,0.14767189292372176,0.09128242166914734,0.11508342321679449,0.05764559288386647,0.10804187698700136,0.14363947964143728
0.12394587015525023,0.10641049757491407,0.10765270435115448,0.10715429376262621,0.13534487253211583,0.11263477960141087,0.08977372159608792,0.13289437807058166,0.08418888235585874
0.1102325569559454,0.09851236246786442,0.08599918809951164,0.12060876938843673,0.10083213546271486,0.11424080373688712,0.11909766147209448,0.10505884613967631,0.14541767627686908
0.09673817499920755,0.09716946748653438,0.08470169643661539,0.11473460517647023,0.10181706767938399,0.15249490556808795,0.16544843437561788,0.0990320161337362,0.08786363214434638
0.13532818512482242,0.14776391689194576,0.10606433853837727,0.09187451662909447,0.0751864669650406,0.1139832249684729,0.05753647696314155,0.10061817532131974,0.1716446985977853
0.130086836250586,0.14510165703515868,0.07881758095986192,0.06095915511280638,0.11183155983766652,0.13605086574635558,0.1270365073993013,0.1370272622986307,0.07308857535963291
0.14369002163410008,0.16357296466484475,0.09869715530845762,0.06441541040334507,0.08197494025590893,0.12138255739473956,0.05845919612243885,0.1273941378708384,0.14041361634532676
0.0552194792920768,0.07508762864751566,0.27003457779201107,0.04299634663035088,0.09227196658115677,0.07568255777010417,0.18776830083869114,0.10178680714190576,0.09915233530618768
0.1367061558923285,0.14866495741857333,0.0974369910382024,0.10960636250498251,0.10705250110072927,0.10885087546968196,0.05979560158813326,0.11135364700986816,0.12053290797750055
0.12226120156065612,0.14763412327942513,0.07125919970591418,0.17909790004142323,0.0946482822757132,0.11365508000928169,0.052706887810193837,0.10515092222612764,0.11358640309126496
0.15102652827012733,0.1255168779924168,0.17156784500004232,0.04264050390606417,0.12704440780541437,0.11229303220233611,0.06598522992878399,0.14798775603776212,0.05593781885705277
0.11951286933534173,0.14839394603613668,0.06689880676412306,0.15144942248310297,0.09085038669865525,0.11399933984209921,0.058125592442018294,0.10664791404618407,0.14412172235233875
0.15850301573042108,0.11412781324286629,0.06983927517638992,0.12113732445155932,0.09049614584965492,0.11303193733836377,0.11039156567174395,0.1043038897996919,0.11816903273930886
0.12118467793669074,0.09856305508932506,0.0706431523215154,0.2790096303199225,0.10493459477286687,0.10184117406726241,0.0336207993386316,0.1068379310054734,0.08336498514831207
0.1372513164183656,0.12962559980793184,0.06648486721196455,0.13287495994340573,0.10431745311929051,0.12546060838865206,0.06503297878783089,0.1165598526235816,0.12239236369897726
0.12914896110991825,0.08375762617775312,0.11541417326956387,0.17869289810666267,0.1083962657411619,0.10459269205072884,0.06105633893895882,0.08495160655955203,0.13398943804570052
0.13035189945409018,0.07996204386224852,0.1412808221558324,0.06127668189993767,0.13380847920258046,0.1385611333027015,0.06615641113380788,0.10963550012424728,0.13896702886455414
0.15497187743542262,0.08176773370978922,0.14646108499737343,0.031403879154769256,0.14679894060985366,0.1486770048343747,0.058287253717291564,0.14636437107397973,0.08526785446714584
0.1220326447116139,0.09697852107947809,0.0870715413100781,0.12036615251889293,0.11487121212153754,0.12162205238251107,0.04811331297924872,0.1095426716999437,0.1794018911966959
0.13276339106540339,0.14269927518418532,0.11172295060185239,0.13912634179092292,0.13493891791437204,0.11782674046312458,0.06578466365513118,0.10296169071594351,0.05217602860906471
0.1332196001109873,0.10161257647370868,0.09530267110768176,0.13119484689831826,0.110758315602097,0.09477743664126997,0.11104233012363361,0.13321484321608731,0.08887737982621617
0.08210321159946726,0.0984722036900774,0.09444776887590096,0.0811053792364997,0.09792763502835729,0.09991389617533926,0.234697164426424,0.08118127793742604,0.13015146303050817
0.13863736886375297,0.09292825758911823,0.10610138948707348,0.08584511179164067,0.13433586913428372,0.1390616694003059,0.07514310532933526,0.12915973402968378,0.09878749437480605
0.13258868541282465,0.14707065977205203,0.06907237480623322,0.13452432019763574,0.09923592007498479,0.10869588596040836,0.06195048340535555,0.11118372353369588,0.13567794683680975
0.12787760850060437,0.1435762961457362,0.07609420328051834,0.166363666633611,0.09120336436831074,0.12310914531663851,0.04786959053189813,0.11342025509486219,0.11048587012782056
0.13568034789210895,0.11099149231590599,0.09209178786486616,0.08514268440120494,0.13260161827301806,0.13032193096036768,0.0595667579313588,0.10739274205640377,0.1462106383047656
0.11888654494792451,0.09301644499675595,0.08153557039414838,0.16519262483297567,0.11840678954890271,0.11145226002486748,0.09237451281323528,0.11023271918091594,0.10890253326027398
0.1444312021210191,0.09134942300571343,0.11539805461825442,0.06527553146301886,0.10124049975660088,0.13660007357260137,0.08384237158440237,0.1558896807298146,0.10597316314857508
0.1290203987435019,0.09076602602090005,0.09758305225838858,0.19901939439305663,0.11428291177983907,0.09469543970859767,0.037364735177168075,0.09468923841283294,0.14257880350571514
0.14272577659958818,0.09294737487726072,0.1370262511246417,0.031927800559201115,0.08282066819858243,0.14847760334421933,0.108811413126036,0.12438485175399383,0.1308782604164767
0.10606012292012569,0.13074123547963368,0.10093807292710676,0.2519027277488453,0.09026158618172005,0.10959164607577306,0.04056110877083216,0.1030920664563139,0.06685143343964932
0.13022745837616465,0.12182543743029724,0.17105094381792016,0.10222034835746331,0.1188286626630492,0.10350553130117597,0.06583028599678094,0.12979130732587688,0.05672002473127166
0.10846439230192721,0.09217194088194906,0.08603427937864311,0.06213015545361656,0.1391740606261059,0.10632481871355402,0.17858826671884773,0.10053717538948359,0.12657491053587291
0.08126167017992213,0.08864781187005971,0.09626705590578295,0.08137769345081447,0.1349653564060653,0.10109661793941205,0.23873092317244105,0.09025615546501964,0.08739671561048269
0.10792819443916442,0.10319998130878749,0.07508146380895414,0.28464568741555246,0.09176484692678555,0.10425840649058699,0.05952235125802648,0.09957886060047122,0.07402020775167119
0.108310614990918,0.05884455216002105,0.09564761052896438,0.03843153924201124,0.1746040375099179,0.08625491778906293,0.26560290705664935,0.10329245601500046,0.06901136470745468
0.11916866601545746,0.14943252730549075,0.07376960887170338,0.18918058993697018,0.1030676836767543,0.12454308287225847,0.05181213430352725,0.11212153540385761,0.0769041716139805
0.12804108923709853,0.14228282276590629,0.07238095957820125,0.16217548096687018,0.09045144837147863,0.11479378279119716,0.0504265246417408,0.11198123400389409,0.12746665764361306
0.10582392939299594,0.1480213368174114,0.0672520675807226,0.1389684567491065,0.10953417129168813,0.12747897579775522,0.057831100537883796,0.12000820952072479,0.12508175231171165
0.13030754363883998,0.11368872873149372,0.08572134661960805,0.056310323170875774,0.11695173790871916,0.11541080019070778,0.19427927465238973,0.10596180763079992,0.08136843745656598
0.123536169734744,0.1599784920007776,0.08534376512896262,0.17603311211062497,0.08893184192767738,0.12192323942403922,0.05263523972150883,0.11500668867617188,0.07661145127549347
0.09032301974637673,0.12169060846697655,0.24482381051070404,0.04319503269279268,0.09188076747188194,0.10324853731837778,0.0829963269258234,0.10813185993967141,0.11371003692739544
0.1283873310557325,0.12279584498688474,0.06997285015278687,0.2114240614135976,0.0950383990008936,0.10583388625194567,0.05329822699198941,0.10277703923982934,0.11047236090634023
0.11862988876507953,0.14559217171700475,0.1486827904212613,0.20389195066225643,0.09503951785097416,0.08638611102026116,0.06316554979237571,0.09735353490945592,0.041258484861331005
0.09923359065251036,0.07466062141176709,0.07046708855105321,0.07117945092232278,0.14880220587932178,0.09508157943541289,0.2863565170247849,0.09083033395275451,0.06338861217007248
0.17905074790468767,0.10682113766555627,0.13338237044917378,0.035223131553269,0.09195282106538492,0.11065486399025258,0.11415353861784024,0.15104143004547432,0.07771995870836128
0.12548758196273693,0.10062178143777616,0.05284486408258704,0.09546338332722026,0.12953178070336382,0.10612284452424565,0.20022665438093848,0.09413537045594593,0.09556573912518578
0.12005168868719873,0.14441942943457298,0.08651869577070644,0.1037678079704976,0.0970437754616343,0.11731527606159341,0.07450834536038281,0.1081178365343336,0.14825714471908014
0.11782449394034482,0.09137292403539443,0.19890313718926333,0.10934399260841147,0.11269828700785338,0.11356154759612797,0.06141024319594016,0.1037112561971395,0.09117411822952493
0.11721616529770996,0.11296931792043428,0.07905743912300696,0.20187986563478474,0.09960426570334607,0.10437699871873062,0.06945382172740473,0.1057830125502615,0.10965911332432123
0.11962374880711339,0.11997963436047455,0.07244887597508783,0.1372534267101412,0.09017272106200475,0.14346114983331185,0.06323014835781687,0.1221092547455997,0.13172104014844987
0.07423003891286213,0.10360494183401288,0.12846185982860284,0.11789432176865844,0.12761722255224375,0.09931820678271064,0.18223111856182772,0.1192723817129722,0.04736990804610939
0.1097294676984935,0.10145363669431066,0.08934541734489602,0.15325197193810855,0.11568140211895613,0.12411264759219338,0.06507154550410182,0.13253094625762452,0.10882296485131539
0.10181478695080953,0.07737937658115852,0.12349199056648867,0.10416114473697026,0.15927928121912627,0.1388819848347332,0.06799063776481737,0.1014145180324173,0.1255862793134789
0.14213041662219425,0.14979272013233766,0.06856049634385807,0.08713067881749408,0.08389230004510972,0.11817977143165659,0.08544481763069256,0.10579161832206978,0.15907718065458734
0.10783784861525696,0.11319050558190259,0.12202806744567035,0.12394506328855492,0.115319442047294,0.12623792689819305,0.04771435379040173,0.11346940609751555,0.13025738623521077
0.0875270685090976,0.07350021006845743,0.12216433545637155,0.04606967833829528,0.10016613804373846,0.10128031552699189,0.28067735745318134,0.11280117570923298,0.07581372089463352
0.09919145650071583,0.07407407772502,0.0829866754132294,0.05553403922813125,0.15733306701625663,0.1030574211903066,0.2541454025744189,0.12567697878228143,0.04800088156963988
0.11442573477340133,0.06940365157521448,0.1466527483363122,0.13410696263370916,0.12360201139822331,0.08773583979391171,0.14289379044493902,0.09568401128111965,0.08549524976316908
0.10948634549779439,0.1270679332990385,0.11935595295884238,0.13518964605901812,0.10657346598406071,0.1157734933526412,0.04549743935301112,0.11867130682275813,0.12238441667283549
0.12474594897466751,0.15572930960559092,0.08355437185210313,0.13192308970866037,0.09735291485991686,0.11816712564025007,0.07397003253744366,0.1138673873538646,0.10068981946750283
0.1214911372491541,0.12099109647842045,0.06967617806562386,0.17094357992391399,0.08856298324464958,0.12806587622155177,0.04658029342098521,0.11117436297905298,0.14251449241664801
0.11373892035800127,0.11426394623784693,0.07363299842719791,0.17992635696390216,0.12234482746941079,0.11860724674583627,0.047531729654038825,0.10467875244757714,0.12527522169618868
0.15907222446739863,0.15122223036787893,0.06709812903335377,0.1853569040281342,0.08288971114766358,0.11491023903203267,0.06035005671258865,0.11443264028568136,0.06466786492526816
0.11607819577527025,0.14532857667411833,0.06985816231511344,0.17084355845983823,0.10673211095171309,0.12512505979061897,0.03795754331443111,0.11456229250784326,0.1135145002110533
0.09200637711723365,0.12432227502112243,0.2341704489298417,0.06260412575729095,0.0796848128514447,0.11577898366426269,0.07117362239310268,0.09968313501544719,0.1205762192502541
0.11607226795222526,0.09737705365150534,0.04984890410094565,0.08870703866895341,0.1264225071584659,0.08323350443247614,0.2677750383470703,0.10070100714816516,0.06986267854019286
0.12494461374969001,0.09828903325208731,0.1516658226793437,0.12034682584482283,0.12492424725605043,0.12015646448461292,0.033436205484747086,0.11482278137351376,0.11141400587513194
0.12790671233699322,0.107985888755943,0.0718287856846404,0.2063868484799106,0.0992778093990998,0.11278464304517093,0.04613023022599519,0.10607154793622048,0.12162753413602644
0.1366315889806471,0.12006570255111863,0.1248318652967446,0.1287804061976209,0.0933733475921698,0.13083704162493873,0.08712794299862081,0.10813886964304846,0.07021323511509092
0.11919196604141458,0.11571985950599119,0.1400096531894802,0.10193652830387502,0.1275517525752668,0.11286197403222668,0.04340304945925829,0.14026010421282753,0.09906511267965966
0.11572390374687778,0.09632805731874745,0.10797536243675476,0.13662488925583907,0.12091609873514964,0.10923230200404892,0.05502343611316324,0.11944991030589991,0.13872604008351916
0.11238408427188755,0.10537564153226575,0.14213709796431365,0.059130664005546424,0.11383329110465291,0.0951658518662364,0.12634170897255015,0.11017387389536903,0.1354577863871781
0.1165113965357724,0.10734923496312133,0.1613772517007768,0.10344954296339702,0.147995534238793,0.11912302207284815,0.07072915110694351,0.12343720158276099,0.05002766483558676
0.12778441833776186,0.1461759451218665,0.06447138373874163,0.10803115963394462,0.11034796155002145,0.10905876430558366,0.10146544110557511,0.11010718920059671,0.12255773700590848
0.1150395637984322,0.12268322765294476,0.08575979349163408,0.16891955840098558,0.12007280040507029,0.13257445775396706,0.0634528960877656,0.10958295605447188,0.08191474635472844
0.13097042702366568,0.13397562279931005,0.0766132257225155,0.14660509454075074,0.09937105474133807,0.1167349778322853,0.04893167484899255,0.10862269345638877,0.13817522903475332
0.07776500790239083,0.07192286845448459,0.09492555913893747,0.13612116370053431,0.13955041208336746,0.10104448448791481,0.17333891872365617,0.08739974057212459,0.11793184493658986
0.11335185108562039,0.1003999911252279,0.08034981791384209,0.11200640588738033,0.10713944547169575,0.11105393635685368,0.0905909812118882,0.11486635673235167,0.17024121421514005
0.1040588658821251,0.05612541056739915,0.18175562238867504,0.025578544442463134,0.09364106175113814,0.0755133726741841,0.3111179883462282,0.09280921099121964,0.059399922956567576
0.11793155196495127,0.10873262280261603,0.08929771811391153,0.16766880868396716,0.10533403056993422,0.1027179355950736,0.061071353599428835,0.11700018149155411,0.13024579717856322
0.11895271361823549,0.15009152328329836,0.0739332971312559,0.13838979749453273,0.10451421799998672,0.11609031597235302,0.0491475846518993,0.10448949976942394,0.14439105007901457
0.09920752972189097,0.09239309506097515,0.1083850033446152,0.15448264200982179,0.09834326423197437,0.0996381066747502,0.09894971280797198,0.14439475882684277,0.10420588732115761
0.09179771938294022,0.10810147889997518,0.07029895890924585,0.2421714832340213,0.09388634384208348,0.09986773968029335,0.04852226080292347,0.11271466503395437,0.13263935021456275
0.12278582200826545,0.07516154331188044,0.07808529946245997,0.05698560451476592,0.14472238798059223,0.11342721829700454,0.20057847909023666,0.09681917703090748,0.11143446830388737
0.12080168819738259,0.13910642132955742,0.1302426981384472,0.15236922245837226,0.0980236643216636,0.10531623531502914,0.07089406864433519,0.10212148064804398,0.08112452094716865
0.11656435029135453,0.13299847341153745,0.08900829297085038,0.08309351555780196,0.12242469121240167,0.12633150172015592,0.05516859382369338,0.11185994555653157,0.16255063545567308
0.11949313149914409,0.13448484922587403,0.06919237346390797,0.2047513430831581,0.09308009357340863,0.10985176830512228,0.04577360058533909,0.10207980851211103,0.12129303175193469
