0.057669872456171556,0.08973779013095841,0.16646904810977434,0.14136001560364178,0.10773943682416509,0.1098861041737927,0.14759065800486076,0.09770846693780398,0.08183860775883127
0.11171088105135253,0.10512727095128105,0.09146266096842119,0.10625010424919841,0.12496738173349181,0.07733231794083469,0.10965828818753552,0.11863427830878427,0.15485681660910053
0.10050216808024415,0.1342336028742904,0.23604782916176884,0.12076896663055421,0.078185593794705,0.069182858965901,0.1362484568067271,0.05703371600783317,0.06779680767797618
0.11684863002814828,0.10057720409870706,0.07656729281518104,0.10562625027379026,0.13358964500635478,0.09261669549476041,0.09613040889107322,0.12514169151797525,0.15290218187400967
0.07848585273054604,0.11121562591146235,0.10135138281943512,0.13818684210009782,0.12379958592429274,0.0955851552999249,0.14096126859761846,0.07691225718779078,0.13350202942883177
0.12185504579893025,0.1232299287573485,0.11713499404453816,0.09364320465116664,0.14540900240786148,0.09399158836155298,0.13853274832807094,0.07997765286764151,0.08622583478288955
0.11977248181868101,0.1084313036299517,0.1312819659926752,0.1536057182045724,0.08519228037533273,0.1005834778471341,0.07347190449832751,0.12526312628187727,0.10239774135144812
0.11622249146816775,0.11396069266736768,0.10263623227114853,0.10677401871951976,0.11069876097446207,0.11049561739609863,0.09588298034238092,0.0986725871585894,0.14465661900226523
0.1556179183508396,0.11635600787824989,0.07717286919548981,0.08809179628027518,0.09161522620113377,0.11128810492327033,0.12519195195576957,0.08409607421842724,0.15057005099654466
0.07147753194698656,0.08692766719009204,0.1835174997524285,0.2001769861559842,0.1040297201560979,0.05927019118179516,0.10900001115840673,0.09550564825941384,0.09009474419879504
0.10482931486741191,0.1006767803608798,0.1187040822028264,0.12825477874136265,0.1243154411922263,0.08373640996128966,0.11954523229555124,0.1474005218518204,0.07253743852663176
0.10753619938032587,0.11719644029661436,0.14036624396257225,0.13722688825111293,0.0908520525326618,0.0729737468930763,0.14238885948615482,0.10188658836237098,0.08957298083511063
0.12863236455749702,0.1402032257567699,0.1006349986804846,0.0954592344413873,0.15281609642119118,0.09440529648392332,0.18345191182110374,0.05583929297347343,0.04855757886416948
0.1543975347607809,0.16770523703797555,0.13079828930673212,0.09195151373511529,0.06343389514505463,0.12882885198547098,0.08919536783792592,0.0779214095951896,0.09576790059575506
0.14495362215121685,0.13426992819761016,0.11068169011923469,0.12658191305467,0.07203192246746207,0.11702028403979631,0.07689031191303664,0.08876567014654983,0.12880465791042353
0.0951523966495626,0.11472953355192399,0.09853141094886354,0.14002940930515986,0.11036853271718251,0.10966728301821632,0.12874326845954776,0.08132050055264695,0.12145766479689642
0.10236425407003098,0.15982731046800566,0.15227894402516684,0.09822674058022945,0.0719214621293089,0.13580646261653634,0.17575533717651207,0.06913141850682136,0.03468807042738834
0.06917434077717378,0.10008994816131422,0.12552916937566552,0.0949772855243443,0.06557653285877629,0.19272807755436652,0.14489769295840008,0.04477377722038171,0.1622531755695775
0.10644477745376436,0.0922523927138547,0.06749722152983444,0.10921392001857207,0.14558243849554833,0.0957397278817768,0.13446475351746653,0.11789569733153464,0.13090907105764812
0.09881950405890187,0.1156366496158711,0.08727382439180716,0.09990566388423815,0.1234001083286415,0.08279770869707447,0.11258767290364012,0.11121610384840334,0.16836276427142224
0.1405339006113731,0.12971602205235713,0.11317525734040894,0.1512160839238693,0.08891384602277973,0.08016192015341038,0.10997961218775232,0.09122771886818264,0.09507563883986647
0.08825020289169579,0.0810906842168232,0.13591345639487834,0.12311341424812337,0.10362603333060987,0.05586375721719444,0.1151133201255941,0.08208134548785671,0.2149477860872242
0.10031045205891276,0.1100978515776384,0.11147445040767463,0.0972472212447198,0.12023916824354693,0.08828147831082177,0.10943269930504336,0.13340693933217232,0.12950973951946998
0.1034748111402206,0.10473216209419069,0.11786236707558188,0.12504982834484438,0.1001745349364412,0.07828733965477877,0.09111744200808354,0.12284259926251408,0.15645891548334487
0.10433177746896893,0.10952323422857173,0.11418706801579281,0.09033000019849313,0.09353258967125537,0.08959643943831853,0.11034997845260484,0.15173150355931478,0.13641740896667995
0.13635824626879978,0.1434603033948679,0.15431316184712332,0.08985043109493847,0.08340695651942892,0.10118942229641627,0.20199946704033947,0.06894292086995683,0.020479090668129054
0.12285375176235606,0.10348127971943104,0.07870832661920389,0.11296493355488661,0.09730865139150328,0.08157264620977829,0.13091541536390272,0.13029506699162,0.1418999283873182
0.11739479713679209,0.11662809218498398,0.14352096232057845,0.0780359902505132,0.1269505901186733,0.12698100378351454,0.1186503348487583,0.13394153796492467,0.03789669139126144
0.1240587425744708,0.10960090455297528,0.09252335728559696,0.11491183905022773,0.1061511246891963,0.08070251808071625,0.09378588546993616,0.15717756786512935,0.12108806043175115
0.10362235588735468,0.09370505425950827,0.10022557946781335,0.1495787496534957,0.11092208081217232,0.07802730722945128,0.13754943801550953,0.1499396343431082,0.07642980033158654
0.15202697291274098,0.12573626523135037,0.08741050165358605,0.1579750666069442,0.0863488336390983,0.08512072461880767,0.11677674259218844,0.0862789223376843,0.1023259704075997
0.1086535658625888,0.11172421789807692,0.08767565879102164,0.16666215199137338,0.12633363089975916,0.09063200179709212,0.1277452618388861,0.09246290738393505,0.08811060353726681
0.07468811291042846,0.09919277170517062,0.17565188417215952,0.13190830287418567,0.09681825856760272,0.07787996226475637,0.1626472505915494,0.09712040633721275,0.08409305057693446
0.05283985798716812,0.11255062387966369,0.09800973187566468,0.0652873553916045,0.1600290438665687,0.238917275123013,0.1388629578709678,0.08631888052358404,0.04718427348176548
0.12146146980157702,0.11966618108838274,0.0888822504171492,0.14628358191709345,0.09511636447128058,0.08085979527776045,0.12412901097120488,0.11857083336210565,0.10503051269344597
0.08248425571208258,0.11367254520478333,0.09952571000568729,0.12895122013444085,0.1905237444332497,0.12111279932968638,0.12531166363421783,0.06640359085440516,0.07201447069144694
0.13624065183328155,0.0977637241690255,0.07419901297336583,0.09799648629519092,0.1069104867663,0.11193543649113429,0.0762731351713212,0.13527908330578922,0.1634019829945915
0.1110487880581323,0.09977557298935603,0.08557713308570519,0.09667464094207463,0.11113131003778709,0.0846430028967106,0.09334722240205107,0.15877376349855368,0.15902856608962934
0.09137666482297364,0.13390243717382944,0.11105860884125661,0.0802732788474021,0.11898966610017232,0.1365786060137002,0.15247789185695612,0.0887596440611082,0.08658320228260136
0.05323935138349145,0.08544281957337925,0.08276661105493473,0.09459059611149917,0.26920573876436155,0.1318484655300253,0.15990204741831684,0.07809860546426356,0.04490576469972812
0.11996955742462094,0.10018986087253996,0.09719152806516018,0.11146848418456771,0.1264900404859697,0.09666836544495079,0.09130491688820748,0.13470029221703664,0.1220169544169465
0.08258262209134042,0.07901051696357049,0.10054699298528054,0.12884815999592433,0.18439674626120092,0.07025876997244039,0.11552137031512484,0.1217889870035797,0.11704583441153832
0.11228389205922294,0.11705546861155887,0.10958298693373462,0.09000564727502953,0.1112089606954978,0.08493582932764687,0.12009611328126835,0.12086616294554514,0.1339649388704959
0.10423960001034953,0.11234127871622361,0.09314980013141165,0.09644829237267304,0.13042459455975314,0.10891353105585544,0.12171102215387218,0.1180693931121915,0.11470248788767001
0.13238396835404084,0.0985867905615135,0.0825124387036592,0.11380486105555553,0.09730575984875094,0.08062036583524261,0.08716211540194789,0.14745678498300305,0.16016691525628649
0.11487517859083324,0.10233020774431911,0.0864067334257214,0.09046513785930525,0.11589049105666338,0.08369729778711373,0.09137486835901872,0.16558225414687397,0.14937783103015115
0.1837384133358401,0.13411451705307556,0.11814190077626453,0.10472373957174502,0.14460606845562832,0.06935189076987112,0.0835015513227596,0.09220286158902652,0.06961905712578925
0.15645212318448695,0.14548110240458198,0.08048586804087299,0.07578080070062042,0.12244012681302206,0.1635212659714856,0.10688851085362766,0.07687139110207826,0.07207881092922418
0.10208627891237802,0.1094955669205705,0.09948582432568663,0.09317990106664237,0.12156640090168647,0.09689576586390347,0.11251184305939886,0.1368675892539111,0.1279108296958227
0.11998533861582288,0.13050453063147863,0.1533071394182187,0.0936693947897424,0.1578564133632259,0.10190127600188426,0.160257881856389,0.04392863204007433,0.038589393283163985
0.10590731948539196,0.09186389909597585,0.1625734103085377,0.13871293304831075,0.09164689926677323,0.0750193789701141,0.12392354028976076,0.1400926266503781,0.0702599928847576
0.07932561257757355,0.09869715547265688,0.15754361188519975,0.11875950942811446,0.08460003961493158,0.09045492013862359,0.12488982013447143,0.10869358465601892,0.13703574609240984
0.14284618357102208,0.11546709735710832,0.10014022489112906,0.11377576209524759,0.12141289211001938,0.1497762753067933,0.07022304803082484,0.09555989983953399,0.09079861679832141
0.11071457139419326,0.08858121533026407,0.14184477276869742,0.10596946952081661,0.16140718582928915,0.07265485418211891,0.0789106831289602,0.15643655075674387,0.08348069708891663
0.09909739076928697,0.09271782332884433,0.08076582914664815,0.11184166350334034,0.13620536687540993,0.08248394388579312,0.10537735678765185,0.13239156197920834,0.15911906372381693
0.0909347586045993,0.10135366479422414,0.11076984434083352,0.15645053642828238,0.10065091201011933,0.09483324508711395,0.09145188636628072,0.08227999214767209,0.17127516022087452
0.08103390414270577,0.09254285235266572,0.1375610768191103,0.1085133236173353,0.14023106992320009,0.0728247936809928,0.10512564493769644,0.1288014035373454,0.1333659309889482
0.08147808086833082,0.10493720339241881,0.20086952832074897,0.14020282508931042,0.11795187895619068,0.07073118958514167,0.10701212700738783,0.12301482115635638,0.05380234562411434
0.09077257201914934,0.08818867718953309,0.13439378176999903,0.1409887967835212,0.08195776155752404,0.14219327716699837,0.14652863234518146,0.10778739467666217,0.06718910649143126
0.14842586190350196,0.1357480578067786,0.092137800032063,0.1380438529419262,0.08191413674078377,0.09812313678392541,0.17415816596495368,0.10182733708540163,0.029621650740665802
0.08282254707334129,0.11466989867902622,0.22599323560513906,0.07154070773253934,0.08400223301438192,0.16828126424051051,0.11099762426550021,0.0963219543100768,0.045370535079484596
0.09282470960650858,0.0994646385349769,0.07871961627692933,0.10134410682414059,0.15174208766148561,0.12235524813872507,0.1233979909982799,0.11672682624183188,0.11342477571712202
0.08540767188491843,0.10005296352747924,0.09292356268530823,0.1573262847586036,0.09370217292732386,0.11986393086090612,0.13480772573554703,0.10830542130889344,0.10761026631102011
0.08572016695362228,0.07950976440193601,0.06207744664959264,0.19851833825821896,0.11088032754161033,0.12885616368250277,0.14219586050864583,0.07642507241570085,0.1158168595881703
0.14431869104129944,0.1068119891585733,0.08743585469837988,0.09674869820106963,0.11125900654681516,0.12862967327377128,0.11620701179887065,0.0940153904497853,0.11457368483143525
0.07365741032887371,0.08239814759215108,0.1738318123827486,0.10766507826012946,0.1453427154278281,0.0937286225088103,0.14933198575865606,0.07985803783583396,0.09418618990496878
0.10870207018592114,0.11703966723329066,0.08282912552054207,0.11260540081097463,0.1578726840896104,0.09083227003956747,0.13133574080038582,0.07972301380267778,0.11906002751703003
0.12523597065916792,0.12164771099108447,0.09119443328094808,0.10366122458950616,0.09473881134453134,0.08004713715835964,0.13488319580040095,0.07877200377516176,0.16981951240083967
0.1400729877534684,0.11883465806808786,0.13662077915064266,0.13920525675369103,0.06472412454033642,0.13622119026603455,0.11032086729705458,0.0677736296564514,0.08622650651423308
0.17632325437280558,0.11825747817149701,0.11855461144125097,0.09406129757488103,0.0873512188216149,0.09641888694844297,0.1320355437723777,0.09855046799482059,0.07844724090230927
0.17943552682153086,0.13126142517384284,0.12641048316160042,0.1355893719925708,0.08720931925497599,0.09680878360711165,0.08060035509843526,0.0550589740382719,0.10762576085166027
0.13048794382799883,0.09137055281307323,0.08080357218489122,0.16609969141132655,0.09676945701965765,0.08322645287318609,0.18149852536659394,0.08132528015336432,0.0884185243499082
0.13374346630167044,0.11161377735452682,0.14480673655339726,0.08809018028748054,0.0897141329843455,0.08685290172949245,0.10696611620253092,0.13392489759354612,0.10428779099301004
0.10408168046657344,0.1307819482517032,0.13860181565548926,0.1034965057973215,0.10168411758073105,0.12262889774563096,0.12429569115986121,0.0593496284208602,0.11507971492182918
0.09799282794759373,0.11814460255332804,0.11843916769703704,0.10285456245115028,0.13633217962955355,0.08416958985998013,0.10591179070185013,0.1077496728542953,0.12840560630521186
0.11578527627402506,0.15101414197956622,0.1154164932755352,0.11677512927491841,0.07874977276768394,0.11634042262563475,0.15906915340680158,0.045423668517969334,0.10142594187786552
0.19174368502489947,0.13102119869280662,0.08540870243248737,0.14648566794385914,0.08701093685105427,0.07258741182761323,0.13149234801793272,0.042200873171536125,0.11204917603781105
0.09138763653042276,0.10780621767308755,0.1205499612017719,0.11775029616518896,0.10223051641162846,0.07773760854396444,0.1252457741230485,0.1411130643200391,0.11617892503084826
0.059891617571007714,0.07715997448763001,0.11743826465310232,0.13961602016607225,0.12154716725635384,0.13008971021031945,0.1425235076334487,0.11408756972081673,0.09764616830124896
0.1345039954511235,0.11276533730675559,0.08713274908886566,0.1039775359254419,0.12094879818361799,0.09206069789104439,0.0926508539984091,0.13134558007365948,0.12461445208108252
0.09945297165021098,0.09426364478067155,0.10373214148397941,0.17606530075451698,0.0935173316962667,0.08025923858723603,0.16712399702107286,0.10501825368406081,0.08056712034198459
0.06502937831952733,0.11116193299394472,0.14110896512507767,0.11253966551802497,0.14274960846142218,0.14335057513971614,0.1329926872417224,0.08836974029403377,0.06269744690653097
0.12519212059912407,0.11691447368753742,0.08993657526731909,0.13622731820175923,0.13144905367943863,0.08015992066512037,0.08546316004474218,0.15044348583626949,0.0842138920186896
0.10109065552780876,0.10140701902897087,0.09944344477632068,0.12996309074336163,0.11298681724848074,0.08756984982783174,0.11703365578964876,0.0981267013679031,0.1523787656896737
0.1037137693833126,0.09445653670248162,0.23081652279127388,0.0886245615375494,0.1415916506802923,0.0904617729481687,0.13617741356293492,0.07799900604197338,0.03615876635201316
0.1179209700015953,0.11313708879396091,0.08526083784122741,0.09625855728061182,0.10584454235624281,0.07984453142942614,0.09986617400089888,0.1324729865947223,0.16939431170131447
0.11722489798097398,0.12795306728679454,0.08471609443947824,0.13722906474559826,0.09515482540101823,0.08362826928613283,0.14185088209417,0.09643393952060202,0.11580895924523192
0.10060288376962417,0.11483476973381528,0.1281550287774673,0.08796754924327684,0.10625206507608344,0.10065288717005944,0.12508024678436347,0.12691813054179454,0.10953643890351557
0.09093161122807518,0.0953979290832382,0.09761227730872295,0.12137675034779201,0.13974131709736382,0.1029412522857656,0.13523374801382118,0.09522427978015423,0.12154083485506684
0.08342478754249437,0.11120367984732699,0.11019810300923487,0.10063561324798599,0.08228045428726094,0.10631896598079386,0.12727280714562778,0.07594560928244143,0.2027199796568339
0.11350316954052576,0.10697859582049889,0.094202886332741,0.12091827260948707,0.12036689654180081,0.09065003343187217,0.11665905202895784,0.1309258843053236,0.10579520938879282
0.13281683203023578,0.11770013658309879,0.09559140934136921,0.08761078838182325,0.09075041994902285,0.09249556605179145,0.12442646317699746,0.14204783253261166,0.1165605519530496
0.14892524906646265,0.14299566483894366,0.08622915016137082,0.081741531337401,0.08041149984037828,0.10281440207841641,0.14063889548660838,0.10934047393453482,0.10690313325588396
0.09466468382041016,0.09372013779063516,0.09986579728204491,0.10209155061091979,0.23355705583174258,0.10914443942728624,0.13792849038794228,0.09088991270898748,0.03813793214003148
0.11140701829795426,0.11942493202039277,0.14117173678038444,0.08052973303259353,0.10200029017306794,0.09425206916174884,0.1907453497625706,0.10448969925240277,0.0559791715188849
0.10444674263293408,0.12880450306644167,0.09825663451297706,0.09523254340865749,0.11256968548169005,0.11158543620630297,0.13860714363875973,0.07892163266948792,0.1315756783827489
0.09345590412474965,0.1159733552300521,0.11226427115429571,0.09970626938213895,0.2535701200100953,0.14076607954211084,0.11030378470751412,0.05500735182675759,0.018952864022285628
0.11412124377408435,0.116393691222894,0.11084355863633995,0.10796850915238838,0.08308666530586638,0.0921108527344086,0.1125269990195219,0.1230524384048856,0.13989604174961087
0.09809621114522399,0.11245606269183293,0.09608842975154865,0.0971603988740093,0.12087315160916513,0.10981204045990234,0.16429832297894473,0.12357686225542885,0.07763852023394405
0.11896364781643909,0.11827737610870326,0.13933122215051255,0.10868847094925238,0.13979116704936165,0.0679303432607143,0.09539506355055288,0.11426456110522519,0.09735814800923871
0.08161896367065931,0.09640909043470776,0.10782932443421123,0.0728321229686042,0.08923246500138476,0.22063313370066895,0.12108569660474366,0.07944164342041445,0.1309175597646057
0.11157893853052325,0.0906669373727121,0.09157522220908548,0.1226902304736968,0.07657982209942377,0.12418620576826261,0.11345062036711555,0.10220107963782094,0.16707094354135962
0.12211979645060954,0.08795451872235781,0.13907314659831005,0.08680158638133618,0.06790024691897101,0.11239362566806872,0.10422787222346579,0.10079565022221343,0.17873355681466743
0.07238074057411353,0.09964742940969103,0.09854924827393725,0.16822777195480823,0.15104587809152523,0.13203226370272877,0.13737942737064976,0.08964868182472611,0.05108855879782007
0.08720984973949066,0.08091741604804535,0.1525925998175424,0.06446112105318541,0.13188683234912338,0.15325076508851235,0.13073979892727358,0.10100537058047614,0.09793624639635075
0.10946323354045125,0.11346805787084031,0.10302939437547591,0.09049634444513056,0.10416158738292632,0.08363541520273021,0.08881643253130263,0.1411002604605866,0.16582927419055618
0.12601088455336143,0.15284628540135078,0.15008786008055996,0.1202494437425724,0.106069283774886,0.08126532714662664,0.13599008236253327,0.06482826013384162,0.06265257280426795
0.12736007397061533,0.10567672565232794,0.0766739766556171,0.15582136249748868,0.1563450153484803,0.08591167883267566,0.11961851785248778,0.10513602439383445,0.06745662479647277
0.09975508198709575,0.127939847444762,0.10650194215608448,0.09635360672392773,0.17182463271569293,0.12595938762282832,0.09857441789581134,0.08420751747654365,0.08888356597725385
0.09899015532521815,0.10164666871597887,0.12531859622148014,0.11140139715745777,0.10913544468650199,0.08744407278313111,0.08891471344722801,0.12528654080919888,0.15186241085380506
0.10301161439604939,0.1138163947528067,0.09319484101112556,0.14738482697902777,0.17192310519984033,0.1151081161517859,0.13303501104818052,0.07047037845442751,0.05205571200675637
0.10530168557299761,0.1168814229978525,0.10347173350470827,0.13361743632393439,0.11353522309801208,0.07788660277838882,0.10870756597239246,0.11944727496017592,0.12115105479153794
0.1355702351585204,0.11109550127148,0.07626675492879491,0.1428937602816117,0.10468664869875982,0.08949144531169827,0.12261598242057671,0.11335395208013112,0.10402571984842712
0.10505584670008361,0.09016051102935495,0.08961392147168934,0.13357723000039753,0.17891715222015958,0.09493492364720342,0.1216052892648456,0.10470737434722333,0.08142775131904263
0.08122082668529905,0.11210244967776173,0.15553960714048534,0.06764599261117203,0.11328281134141355,0.22821835090878304,0.10985916060042726,0.057818066045862926,0.07431273498879513
0.13334470152019934,0.11495934286980965,0.10514026288706486,0.14791124969519176,0.1204172464084987,0.078958273434742,0.08700735388635966,0.10573688425354266,0.1065246850445913
