0.07313913894152294,0.0415995967385396,0.11284288684998788,0.09632351282037789,0.1124092668273478,0.03357605344013406,0.08589177616303867,0.307054132155843,0.13716363606320822
0.11125736811888297,0.13728519385857432,0.11658688188641465,0.11623182976128438,0.08245201980053578,0.05442333707537352,0.10123896080969808,0.1551001535624604,0.1254242551267759
0.13247635581281927,0.04410366698717488,0.24046028857388937,0.11688762008028347,0.10373414307088646,0.06630293169238231,0.11119931609794836,0.07457434198837816,0.11026133569623763
0.08992793019383587,0.12088461201712229,0.1206102139726953,0.1128813356160366,0.06480826863386509,0.13924376762951282,0.09343470285585342,0.10001203395660159,0.15819713512447695
0.06705323495211202,0.06493306813762796,0.06851027800825654,0.11300324434308102,0.27730037349116377,0.12014363852334504,0.1011662512829221,0.06485165803557892,0.12303825322591257
0.05486881676421254,0.07060654195639594,0.1479496295449906,0.10619985249964714,0.11443424989039519,0.16787836156743843,0.09245839157867408,0.052106135805862576,0.19349802039238337
0.11773229354229935,0.04508000411023377,0.16229142618964187,0.12389929102368887,0.14907423033682762,0.09225460190283304,0.1202865193206946,0.056759573766999506,0.13262205980678143
0.09130644227817046,0.15427549943521132,0.15100806468189767,0.10082805470294809,0.14685302283416157,0.029688371827023136,0.08784802677923692,0.13166759140204842,0.10652492605930235
0.11034368590929118,0.14530380956400832,0.08570401603319044,0.11931646564988296,0.14551134520192388,0.04070243150472649,0.1271558454958552,0.11720686317211791,0.10875553746900361
0.0628501310843725,0.10037860261163273,0.129146858152722,0.09606791885092698,0.08187198094438229,0.05452426615354194,0.09843518211875855,0.1880876041384527,0.1886374559452103
0.18516777276646093,0.1055601401370141,0.07515786808308271,0.11207478703218776,0.12419422613809167,0.08924046252755223,0.12014730678317183,0.09666249743475237,0.09179493909768643
0.07951099816014684,0.14290974124593994,0.10535652607231655,0.10756968961583385,0.16995365794876052,0.1608983577138917,0.09967474875405526,0.04577080094669447,0.08835547954236099
0.06474301992747887,0.050288039313953314,0.08523654108915617,0.10412761156951239,0.14833337984331887,0.11241258927396698,0.11643014739049529,0.19723343266131668,0.12119523893080138
0.1203828416820355,0.14178330173395678,0.042295638536371936,0.09686327489797898,0.1352579682843796,0.09011741086426417,0.0779933399270663,0.11198060460992253,0.18332561946402426
0.08370748303882103,0.058479532880351785,0.10287251347991201,0.10332818611637251,0.12987922801537458,0.11389307609661464,0.098060962221531,0.15481648107018517,0.15496253708083715
0.1664571950479905,0.11882625368078585,0.08555107456240528,0.10069307854320325,0.07816697389267542,0.0421247517655873,0.08702565351739784,0.21046575192070197,0.11068926706925265
0.09414768453548218,0.05305599434981445,0.1336901321822119,0.10811521192747885,0.1285719747963747,0.0862359568079582,0.08171499738903192,0.17940441996616605,0.1350636280454818
0.19213515203862397,0.07816382801453083,0.11767353100176958,0.12775269049702473,0.0945683645240765,0.07147868578154011,0.12169041201393264,0.0872464162961365,0.10929091983236505
0.16769871206130285,0.06887096543302697,0.08175491322817069,0.12100382048268503,0.1731240865291227,0.08098494466665958,0.10551227100390313,0.08165184595075767,0.11939844064437127
0.06965913796006075,0.0521522806374539,0.1599143347592432,0.09977421560787669,0.11902909899592255,0.06200152315934491,0.07469546139367461,0.24134862079756636,0.12142532668885708
0.04818124103258114,0.036893711250989655,0.11843148186681789,0.07651552845925859,0.13857910458200356,0.16009947964374244,0.06137725196988488,0.25400410460927103,0.10591809658545089
0.10560326268261853,0.05912755983086779,0.0649890285089903,0.09211819283734185,0.07595788629404333,0.06273666611464623,0.11196849100765659,0.31401399694592835,0.11348491577790715
0.055998045745017176,0.05213002972166167,0.06276368727389921,0.07541528562224036,0.04989165167162781,0.12182366117254669,0.06434682210414072,0.36425905609744086,0.15337176059142546
0.21868236424875098,0.06945511062122288,0.1042219446974512,0.118276179348116,0.08524701800527014,0.08635401008349486,0.10730120206551574,0.10680171949935768,0.10366045143082055
0.11964448642603161,0.10266507451497574,0.10171025849909954,0.11543008563063166,0.13019624676735259,0.0919913225049805,0.09265702214261995,0.044577995402128895,0.2011275081121795
0.0636580579383166,0.12625745402335575,0.09812790798501313,0.11858052593355096,0.12577103619031718,0.11227346947367971,0.1257941447258342,0.0886259004543778,0.14091150327555466
0.16738327296781974,0.08057621594374902,0.09304700754239298,0.11769955223715739,0.1096047688258362,0.10386765014601611,0.12447110444515891,0.10576691769580975,0.09758351019606006
0.06879009938416192,0.0728923974611426,0.13352777474801744,0.11821507987400874,0.11236955028919555,0.16285209552735522,0.1379156105912696,0.025542604837047327,0.16789478728780158
0.06942710788173663,0.07816705460942641,0.10086465195712452,0.10789584007134995,0.1883712566600291,0.17033045107814637,0.08554105315225358,0.11434450482501612,0.08505807976491724
0.0950121122163577,0.1011944201953525,0.07363292331922322,0.10986173025710035,0.100554824874232,0.24893463824606613,0.10110406003787793,0.08238884991969336,0.08731644093409685
0.12769634987606013,0.09408772129650328,0.11320915653633672,0.12199381852060971,0.14686562295427644,0.08831765920055988,0.1132516103412619,0.07432482534895743,0.1202532359254345
0.1496482354355861,0.08188064375962294,0.13556642767141816,0.11735457557661914,0.08624057560790876,0.13495644975192142,0.11239735334210259,0.06859362893016474,0.11336210992465624
0.11345663859625237,0.09203081015190423,0.09147813011798549,0.10559964350949462,0.09837276341636604,0.1574832464352379,0.0914942812896498,0.11768307920283257,0.13240140728027702
0.0768838241888094,0.04174115583406185,0.06625691127317852,0.09801126867222278,0.12212148673932514,0.16986006815293075,0.07559621799790511,0.187760472842006,0.1617685942995604
0.05961207526661031,0.040371789530532144,0.11091078456914723,0.0920999686416857,0.10402979589804716,0.18446737134510302,0.09219451028192739,0.20867038680447916,0.1076433176624678
0.080227388137045,0.09382020633979023,0.11092818219367995,0.08969752955021044,0.09742355455560349,0.025608063503401085,0.08914998109893717,0.27746817614966107,0.13567691847167165
0.09558364600844238,0.14119430294153032,0.05470739147422466,0.09983588273729194,0.07330586392866296,0.08361895804425878,0.1037898201039189,0.2575865236112824,0.0903776111503876
0.110015603186247,0.10028799780870035,0.09435168306121988,0.10343583520285203,0.12514999179174427,0.03178094835249071,0.09605908736877146,0.20942191027137377,0.1294969429566006
0.043360699802247354,0.03881649173899466,0.1552370399889515,0.07487165013260479,0.152761833682589,0.1513815821506568,0.0612084180140943,0.22376926829806765,0.09859301619179385
0.08802017435333796,0.04235422938467973,0.16934733710702596,0.11865239136440865,0.0880051495916288,0.1415574045717831,0.13380099046378133,0.09301455945845138,0.12524776370490318
0.07388801657803155,0.044152636246307934,0.08981393142467657,0.09549092059629201,0.1263006190085073,0.32437904703294396,0.0805628099737437,0.08356391757411119,0.08184810156538579
0.1396116407342631,0.07037317552428916,0.14874944968959836,0.1346881490383258,0.1055035420449787,0.09099198715509539,0.14721307842090217,0.051476049552934555,0.1113929278396127
0.08349271615023873,0.038164720236606185,0.15794009003854384,0.11557279960020077,0.0889591443585977,0.11180829751220674,0.11201981080602592,0.18429724356875,0.10774517772883019
0.13486932854051067,0.08031188098859293,0.14660680263806383,0.1336511160889303,0.11919740283154238,0.08946079151577219,0.13417520795804824,0.03662235625067373,0.1251051131878658
0.04951115393018221,0.05130319579220346,0.14066823809460113,0.08928843160124152,0.1168852179834887,0.058813038349588266,0.08896219115715777,0.29595007746249685,0.10861845562904
0.09518301102972197,0.05516926709384503,0.13471426697461478,0.10138961971982298,0.1608318838861645,0.1544774666810287,0.10148187076290871,0.09322852109683583,0.10352409275505749
0.12230828748874617,0.05294712980373259,0.17226778343133117,0.12846670807055596,0.09117137518557483,0.10524419135575869,0.14059886487033849,0.06807076020171111,0.11892489959225101
0.12243305203735073,0.1439205150860143,0.06601031067050812,0.1103534306590996,0.10745130232061671,0.12997366681668587,0.11050724864303317,0.10219408395368142,0.10715638981301008
0.09570935549657533,0.15056104304644857,0.23697698939523815,0.1287302534498919,0.10483958240626934,0.04722072042433953,0.10358236921578423,0.04231076223714624,0.09006892432830667
0.1168916065952883,0.10926965794863887,0.05651122122138567,0.1088510262960549,0.1706414201700035,0.07992333711321341,0.1066139632496354,0.10302534025131606,0.1482724271544639
0.12537749254981603,0.20012214765420677,0.07960637065843633,0.10497577353628375,0.0852673949406012,0.1750421080868401,0.08212115829169714,0.03496721634738693,0.1125203379347317
0.06286257295158117,0.13191769023970965,0.08126356270722072,0.11091290261819002,0.1732034261891697,0.16787858165063826,0.11225327594691825,0.06330131566161226,0.09640667203495999
0.057681700668705725,0.052236424171477204,0.08666931881598687,0.10127004343446959,0.21854810745422956,0.258773307745582,0.07687684913691853,0.03497288494132516,0.11297136363130549
0.17877436172185365,0.2226768425279604,0.055576524834511164,0.1073749604952036,0.07933483739775055,0.0498753048707307,0.11153232368387538,0.1005176739036679,0.09433717056444667
