0.09542451030339753,0.15118207921956994,0.11674713239249891,0.15503577675497657,0.1472935807859931,0.05873328877778381,0.027340767255007826,0.07877968617040682,0.16946317834036548
0.10918954027919742,0.10039366616252494,0.10858068309961703,0.11579809930384762,0.11086742392842598,0.1185002722569047,0.04234686266334598,0.16830100817382496,0.12602244413231145
0.03818582780437318,0.08054574491578333,0.36492987123165793,0.0633247532801534,0.0856992799316651,0.057269939734968134,0.07770516282085971,0.11992804790466427,0.11241137237587505
0.14301987965555887,0.11545017717249839,0.06280477027483516,0.14115182525050937,0.12055234661312879,0.13255900672962118,0.034719476336415964,0.125088639232353,0.12465387873507931
0.06833157272476502,0.08126133847473777,0.12750826595464573,0.08476454117838594,0.08791825582771257,0.25356271982452844,0.09563208118929262,0.10773078525478612,0.0932904395711457
0.05440126725609695,0.09734398658972572,0.22127539632134227,0.09706062546053912,0.1074648576532174,0.13364308629919933,0.04919993023759712,0.0972761230470844,0.14233472713519768
0.09175709193335461,0.13071202210662236,0.1021537629508672,0.1502337590918821,0.13255115600412243,0.1306678817149143,0.03194750431926889,0.08402737106828499,0.145949450810683
0.09300888955787319,0.1126256408067281,0.15753324586384307,0.11635088566945101,0.12155073247459038,0.062198730133495306,0.03368902141358243,0.14597870325821594,0.1570641508222206
0.17208209061846605,0.13860213030636703,0.027406575948205596,0.13993046535746093,0.13231752235424,0.1786642930322119,0.0707517226795809,0.056538673758206454,0.08370652594526108
0.010755201476442856,0.10634136426082598,0.044842600498284056,0.06035836109476824,0.03492330995369256,0.0016412633795172017,0.7055624215127946,0.002862360994939625,0.03271311682873484
0.0904088701964867,0.1448273754980232,0.1738213275259787,0.1181779529742723,0.1409774706747657,0.020580152090004227,0.025600055739115113,0.08657653594216809,0.19903025935918586
0.1516339491848325,0.13877147900658263,0.07486895190523764,0.1548622783686657,0.1371891917406576,0.03914337419643329,0.024198686264741715,0.1261100887831261,0.1532220005497229
0.0953169597192738,0.08849174285388293,0.09839008076687801,0.10017086990267161,0.09727278612470201,0.21847451879850008,0.06499418515565128,0.13348554512273922,0.10340331155570108
0.15345348241822207,0.10850660845504774,0.046504300028375634,0.13111630423634782,0.11251619003628104,0.19347605026317874,0.042357403062523995,0.1057422500861885,0.1063274114138345
0.1698099097581162,0.12119791045494886,0.03112290337390526,0.12442866712953947,0.1199574366590234,0.19720567600575079,0.08146010777326969,0.07694372380485198,0.07787366504059438
0.07174586677246592,0.13159730462249153,0.2140900420058339,0.10972930781249489,0.1335309700712649,0.03449045950037144,0.029670914334536377,0.08344018480334202,0.19170495007719898
0.14148089339739692,0.0952364759267,0.061473765518483714,0.10725562499234427,0.10324314773828096,0.11928324811843971,0.06914276028473687,0.22107203657855576,0.08181204744506176
0.1457135249957841,0.1094149732519098,0.07668234596436867,0.1297013224389176,0.1179620103081993,0.07781526201422258,0.03367584756582079,0.18351193242966857,0.1255227810311086
0.05618414740914059,0.17135471233120914,0.2103468779587024,0.11788203296679893,0.15529065254006122,0.0259491830208466,0.02723828809869101,0.03281153569826568,0.20294256997628438
0.08712383934915614,0.09580137500309016,0.16040657158262686,0.10220396777926521,0.1069361754677924,0.08817310221012,0.044994099534438926,0.18429752656434414,0.13006334250916615
0.14546646143472863,0.1250435855341074,0.01861214412799173,0.10388433483319488,0.10766857658275346,0.3098217963555379,0.10384387896824727,0.016720652538270504,0.06893856962516824
0.036510781961275725,0.09885987915117096,0.19417848555031636,0.10175683595327671,0.10559761407249503,0.25204591626055073,0.046069742887389596,0.04198816890222101,0.12299257526130387
0.12067231946910574,0.11786390400824635,0.12978587273675515,0.11829510812763687,0.12377151847645129,0.028942174602809168,0.026927564833436127,0.1751649437573871,0.1585765939881723
0.08871025025674777,0.08104267873093951,0.08058938682633628,0.0850303854231943,0.08563121132725006,0.3077694567810581,0.09898207152951873,0.08811414283885355,0.08413041628610163
0.005765038530475869,0.1135807499342275,0.04024420489000172,0.05192647356651431,0.028916201611165288,0.00047945482271552893,0.7253601949777296,0.0004144295949245194,0.03331325207224572
0.07756943725725575,0.13398294356614698,0.17002216503248455,0.12878752866385088,0.13705939591790248,0.060134960116578984,0.030627792212045007,0.0850353346573695,0.17678044257636594
0.19518072020746416,0.12982319117635024,0.03401623707348272,0.15059576007318495,0.12998927226727439,0.11170514643056699,0.041881702541122,0.10758321828544577,0.09922475194510873
0.11230025170445018,0.10156369995924563,0.0820210683262174,0.1217186994507471,0.10975337197626957,0.18600419377951297,0.04347635737097815,0.1241637936313998,0.11899856380117918
0.08744950401998974,0.08479292527014631,0.12286709544480524,0.09002186547257222,0.09275829433332305,0.16752019366493917,0.08673867664176632,0.1751232159205682,0.0927282292318899
0.16351946792415675,0.12075237704064799,0.05393474704103277,0.14777378442529213,0.12430300433683313,0.10290949933612718,0.032122113608046364,0.1311235838880425,0.12356142239982122
0.0385687682965813,0.07775464200600728,0.23420498888001431,0.07165110207128293,0.08305894323609476,0.2041374592469525,0.11501568953034708,0.08050369505778172,0.09510471167493813
0.12820717804544304,0.12104258997018291,0.10823483763397536,0.13030349664995614,0.12692240324055445,0.04197594748253849,0.027674894133397063,0.16157551930591044,0.15406313353804207
0.16100445786446646,0.11248128885669224,0.02322337822299933,0.103194820202538,0.10431924602618764,0.29655855118406066,0.0972164924854299,0.03260154611304048,0.06940021904458525
0.07603654797720684,0.10201205528600928,0.22235633748677688,0.09203656460819996,0.11071545093446371,0.03665613808986742,0.03549118476412604,0.16984398500129672,0.15485173585205306
0.14414801538819788,0.0950894711679821,0.05496948474713842,0.1074088147718421,0.10196734435506637,0.18992329665315288,0.06878532986760728,0.15016361872698433,0.08754462432202875
0.15930027647897327,0.11315097127173766,0.05800932869047088,0.1376894456387446,0.11951607261444018,0.10692569661145018,0.03519832571780091,0.15137710698454235,0.11883277599183995
0.1641482580337378,0.1091776510115144,0.027941039592499033,0.10568114878366623,0.10548102873431815,0.2678079245340879,0.09678866670807289,0.05192782898251333,0.07104645361959028
0.008309346059169538,0.10636705979085175,0.057883523523492734,0.04767185024148276,0.03163409733091857,0.001242091305635942,0.7106401310155714,0.0028995807635195073,0.03335231996935788
0.12458779748179279,0.09555751689990606,0.07787354503253992,0.11220807281875488,0.10487070720613773,0.1649166487428827,0.05179506329511491,0.16157800646052586,0.10661264206234518
0.05844710552532042,0.15686385505925435,0.21672523127086005,0.11657924248105518,0.14838999763589586,0.0323025902289589,0.028289178902286646,0.042607631035930356,0.19979516786043824
0.06171006982134577,0.12949246887765128,0.27813620824857027,0.07921010846184269,0.12500852428785728,0.013035286318460492,0.02827767827388618,0.06963715552631569,0.2154925001840703
0.14206368373672004,0.10807214992342318,0.07551650151255662,0.129115041858195,0.11672727213871625,0.09637219723239976,0.03591049081073646,0.17271638957437205,0.1235062732128806
0.05355182903482444,0.10774071685756635,0.30673640707470545,0.07975639094076248,0.11270586229257352,0.03135520347312847,0.035732273222117625,0.09206471451457138,0.18035660258975036
0.11709450343982403,0.11290812704462243,0.11660217460240711,0.12443541504472151,0.12152247175698035,0.061061024191847536,0.0318034694735973,0.1679846391636244,0.14658817528237533
0.0965283907747279,0.09034788694436452,0.1229197658942796,0.10062155977336436,0.10083115353350373,0.13352308220218825,0.05757238141597238,0.18789812494502323,0.10975765451657597
0.1077880344465813,0.12254346912104268,0.09712343745802153,0.14275416078056358,0.1276223741160157,0.11493710746111191,0.03260547126585455,0.10997684669888408,0.14464909865192466
0.10188187933165126,0.11934861956958143,0.11641215615821156,0.13430797571664524,0.12635448541126912,0.09708180725886027,0.03319117131620433,0.1210819282022527,0.15033997703532412
0.10214442732873447,0.11383108833169948,0.099316121851879,0.1340374122600121,0.12082165624159084,0.1438101012342216,0.03606677525141361,0.11261028339067918,0.1373621341097697
0.06370916868756737,0.12229510505901221,0.19446355898860548,0.11924924722815289,0.1285747878673149,0.09062261525022701,0.03508082109721781,0.07877133287523913,0.16723336294666305
0.14530059273705334,0.10063936608173651,0.06509582659836143,0.11980833535608827,0.10964051399616392,0.13108218476255692,0.04590916977530238,0.17666176440822726,0.10586224628450987
0.08792531176210565,0.09058106883965422,0.08423168096085291,0.10620455636898728,0.09763496734388323,0.28182231990463563,0.054632699899679484,0.09139390638972128,0.10557348853048044
0.007078705132432086,0.10449772611447254,0.02505355304376343,0.11915282162076386,0.04092482960169282,0.0016590168426417232,0.6701718608541857,0.0009969461480776156,0.030464540641970173
0.11446584739938259,0.13562023174266216,0.12134786735749174,0.1369508557460765,0.13707424744308208,0.03716015220631682,0.02630810419298127,0.1192707969350784,0.1718018969769283
0.09343306811758922,0.16949112703448876,0.11758741579461691,0.15836363002336454,0.15699360667422504,0.03693947498489815,0.025108162779361672,0.06308966552021182,0.17899384907124394
0.1269333293110144,0.08852044360749656,0.060438671539470835,0.09313445493189954,0.09297912564280635,0.2303892327450332,0.10144097129471875,0.12834557556394643,0.07781819536361388
0.1061024363805096,0.14176495629419394,0.1548948049339137,0.11855096165617866,0.1381193584290948,0.016434161329043,0.024147520687260792,0.10582886570809587,0.1941569345817096
0.1754575020701579,0.14470667820040142,0.04721630548075364,0.17391317000514417,0.13773250118384228,0.06166720594735755,0.024962796594181696,0.10087121191690795,0.1334726286012534
0.09094524270347566,0.07981555576278053,0.07429267171533532,0.07712259521936293,0.0812161597837205,0.30748990418370975,0.13839489796771598,0.07731277275329192,0.0734101999106074
0.05241648498047699,0.22296793825150826,0.11704699440018251,0.18098870155928617,0.17814685737360506,0.06580556069666627,0.027921988346910648,0.018765810030587835,0.1359396643607763
0.15033968916451534,0.13220463158202136,0.06368625865302692,0.15825470602359207,0.13252519346181904,0.07881435230005585,0.02791243995930256,0.11728700611234229,0.1389757227433245
0.06140763125422729,0.16527439108007405,0.15997307604152214,0.14839385417000178,0.1553781750451576,0.06651481666623647,0.029179071236640333,0.04274112027073516,0.17113786423540514
0.1007129268265744,0.08535338947305653,0.10036466379230825,0.08915209317608398,0.09149376848220714,0.15178241023508773,0.1033042568808078,0.19756575193186174,0.08027073920201239
0.0651664861328146,0.09162902204894169,0.08520201711192399,0.08758186673077821,0.08406314420687534,0.034834985606292425,0.21970001748824178,0.28775481796140495,0.04406764271272708
0.14713936116660134,0.09838579766921622,0.027634030585831956,0.10543918865657344,0.09504892656324676,0.3423648371580214,0.05906369624288007,0.043932148657698906,0.08099201329992996
0.08498576687949787,0.10549933074919184,0.04376791126408896,0.08394073980432831,0.07960700403465899,0.05282734102006845,0.43407548805707274,0.07255134024882019,0.04274507794227269
0.06703062259770741,0.08681268805483133,0.17873652126261796,0.09036796876475728,0.09660111702778625,0.14689171538032686,0.06822954522369694,0.15220892508603653,0.11312089660223947
0.17394748526805204,0.13701661772994767,0.05850141024801281,0.15903398336511265,0.1348485006340706,0.03924737942839142,0.023748646503803716,0.13264050193871327,0.1410154748838959
0.16029507540056034,0.12202982862871183,0.04463140414442326,0.150119711298753,0.12208101161774072,0.1544323905540729,0.03428221063420727,0.09613810768270585,0.11599026003882484
0.15965838602694227,0.12469860741467355,0.0664769540537098,0.14753103560105527,0.12827435305695598,0.0590281820133734,0.02762633375309888,0.1500003450447415,0.13670580303544946
0.06987946997394558,0.18472848887445095,0.10254446541038481,0.18299982337230272,0.1623167513381575,0.0854251683206162,0.02758145433769149,0.038513281139024844,0.1460110972334259
0.10081186884544314,0.11347752733519006,0.08130930491798993,0.1375290695881329,0.11797385320289318,0.19373493464603106,0.03655385198168299,0.09167080547267636,0.12693878400996036
0.14297716438629857,0.11946541660876296,0.07193448034771442,0.14333642653261922,0.12483930558436851,0.09249758715027828,0.03141332293993929,0.1392415782580936,0.13429471819192515
0.10790621173666733,0.09973753214188624,0.11472919341996267,0.11376811576452017,0.1104799485883567,0.10681479372001564,0.042117071271170474,0.17787915084244352,0.12656798251497728
0.03867938270208886,0.10424623693979575,0.029880089693147354,0.07198111704527788,0.04899961475773143,0.009187177914900148,0.659386835328628,0.004541630586264528,0.03309791503216609
0.10353340030699558,0.10679094628526975,0.044936317092150235,0.09043277341774107,0.08950689603575553,0.0840085391478597,0.3345449459683807,0.09839570774858979,0.04785047399725762
0.11976344627322216,0.08787640104864301,0.0683455473294549,0.08964457671616387,0.09135338242029178,0.19970508984294624,0.12193732359484034,0.14831846102969412,0.07305577174474354
0.07079823746285697,0.10847905720800538,0.15482882253556243,0.11846052178080498,0.11740445620412919,0.1473310255048326,0.04024219744995603,0.09765018342349212,0.14480549843036042
0.007891256148344027,0.10940841049807032,0.04777662596432041,0.04639116249070983,0.030749629637097518,0.001066663639560303,0.7223252404242323,0.0011381785167224074,0.033252832680942916
0.18715926442375053,0.13236332728464964,0.03446288486608745,0.1598192120096877,0.12777380285005416,0.129860752038683,0.03343937322462159,0.08430359587421433,0.1108177874282516
0.05614329729878026,0.10647315557971015,0.04387645023326788,0.08702920585352152,0.07314226009769338,0.026897117609231178,0.5009355921172425,0.06723015972972969,0.03827276148082346
0.1308643037084154,0.12120172508331155,0.040014574039537,0.11803525196560471,0.117405468340207,0.13295059723775585,0.15519467570174283,0.12125652498149282,0.06307687894193292
0.12509868930651158,0.11862656871484105,0.025146372314389695,0.08863192798737,0.09636162916610207,0.1898171346977273,0.28555396233705843,0.01837643727382841,0.05238727820217154
0.15947880056423405,0.10206090817305558,0.046789370770819065,0.11780882386270285,0.1083976002581694,0.1766705109398016,0.05743125000738395,0.13967280371496918,0.09168993170886446
0.1307932231758257,0.08921854513419201,0.05633862250734698,0.09277895746999047,0.09294070149409824,0.23427910947136588,0.1059767239202062,0.12203983924623335,0.07563427758074122
0.05220096647402139,0.16455633027392494,0.11777148994829038,0.16795566201934733,0.14852263893676568,0.1607332362016862,0.0309904516076403,0.03092431028884206,0.12634491424948177
0.12681752919846032,0.14854140314560382,0.0896037933236374,0.1587681605941549,0.1441964368896514,0.043419128063910406,0.02486037752382265,0.09985989063109642,0.16393328062966273
0.13018391861882203,0.13644141815270244,0.055744440030955134,0.16727235990981917,0.13145249448893037,0.14179958396368522,0.029841576989187713,0.07902682797686938,0.12823737986902853
0.11998319194019524,0.09713809013232592,0.0613518176542866,0.10268348852765219,0.10101536879932575,0.0850175623202241,0.1083314108237619,0.2610832870250843,0.06339578277714404
0.10336423355289708,0.16963035088943557,0.08652375967888941,0.17855929414636304,0.1553700905305088,0.05870844899632266,0.025363962671988507,0.06415385262391185,0.15832600690968315
0.12508857248641908,0.08755726812861135,0.052916931924363815,0.09451863524780706,0.09172316864537162,0.28933301052233384,0.08342733267002077,0.09267201714274688,0.08276306323232563
0.055499458053327545,0.0899270455568102,0.2706992120906156,0.08134006466229425,0.09925894899977623,0.06453876148776325,0.05211458921312013,0.15270317700566166,0.1339187429306312
0.08668698080118427,0.08794522042355897,0.13549353263702782,0.09582503936908966,0.09793304837114016,0.14528026699567329,0.06509208894238311,0.17874242644065882,0.107001396019284
0.11570779008127784,0.09313652347188674,0.10275278324838788,0.10613233204779195,0.10389836372214295,0.10308277601008074,0.04951305788623276,0.2175826630402696,0.10819371049192957
0.10235837618873304,0.11349494315552468,0.1025929639587806,0.13284118325514535,0.12089929738033815,0.13616331583454966,0.0360554470651634,0.11687624959022887,0.1387182235715363
0.10554344953008947,0.1252886812228788,0.08183842202955777,0.1502139247714308,0.1272893485212884,0.15143505526109988,0.032650278517759,0.08985711958407507,0.13588372056182083
0.05709664852549611,0.16611664796510286,0.15977006908255717,0.15043618695009497,0.15537045555614545,0.07925792198775027,0.029879696969723656,0.03828196622536965,0.16379040673775982
0.13287091436696338,0.10929496187595744,0.03871487741366633,0.0963142749772939,0.09921904153299255,0.15427823337618843,0.23198894344474488,0.08222261970157614,0.05509613331061688
0.033706173269997315,0.10189636444773387,0.1980132751100122,0.10304317856170923,0.10740515876643919,0.25737432710171454,0.04415594143160841,0.03438101853068454,0.12002456278010083
0.025407114930358327,0.11467236181688689,0.4291086226833614,0.0192601337265491,0.06972724570146581,0.0008559434137902357,0.059453405609605325,0.12214309551040525,0.15937207660757774
0.08160258200467872,0.19779914435414367,0.11182735888770086,0.16848439675386995,0.1699182772496708,0.030440521878884883,0.024271803385479646,0.04045123297390511,0.1752046825116664
0.08658553251180658,0.09837521024850822,0.08118406854654721,0.11847093990340267,0.10410077771512782,0.27289187882358984,0.04458601773198142,0.08166454453939787,0.11214102997963837
0.10108273248558987,0.11462321286055561,0.10781779654218894,0.13274417309422307,0.1221299671511249,0.12593483269383166,0.035495621125840114,0.11832342064797646,0.1418482433986694
0.12600758741216114,0.089379352773098,0.05734111912825396,0.08627825255900805,0.08952115232182085,0.21432209603650232,0.15235253393644488,0.11869857731078191,0.06609932852192897
0.10680099998264465,0.1045756830137126,0.08734225728880773,0.1252743415376756,0.11244727955858991,0.1807938246175511,0.04103718083083477,0.11757079750730831,0.12415763566287524
0.13036081490652582,0.11146894147762672,0.04185564841700149,0.10441032823702918,0.10523983128551316,0.13779536443840876,0.19358807672981262,0.11726110290905324,0.05801989159902901
0.11369018467123997,0.09799277680061537,0.11952886943116864,0.10892376263914476,0.10890491954279524,0.06748413658475456,0.038852020275429805,0.22114952732960366,0.12347380272524804
0.18167864547542578,0.1320085293070796,0.04314053354566261,0.16161031974960505,0.13021868434625353,0.09002190385875009,0.02940428833052369,0.1099680723968861,0.12194902298981357
0.13905225368945173,0.09423245594640445,0.0627846000102213,0.10542372904640675,0.10199461269071382,0.1253187749915445,0.07275595617981578,0.217393356279441,0.0810442611660006
0.08682414516502379,0.11991558101413351,0.1301524031053137,0.13297096227718047,0.12664439474381356,0.11474155366822365,0.03448248862023734,0.10250890137376988,0.15175957003230411
0.15348750730423635,0.09696400217235435,0.03909890684079909,0.10501832973211896,0.09985106910397439,0.2605833754175657,0.07429910859389537,0.08914169701339379,0.08155600382166185
0.09175709193335461,0.13071202210662236,0.1021537629508672,0.1502337590918821,0.13255115600412243,0.1306678817149143,0.03194750431926889,0.08402737106828499,0.145949450810683
0.12194120699608206,0.1035490947899083,0.0999786073416482,0.1198415837788635,0.11372862473452489,0.09155057475476656,0.037906011655697854,0.18385881053977315,0.12764548540873547
0.1201877260599658,0.1966657137372032,0.043250784731563095,0.22105509353454367,0.156681631693833,0.0756030726873639,0.023394472702659805,0.04111111651913249,0.12205038833373494
0.1872334323051088,0.1220611342331626,0.034445334616256956,0.14199118803352204,0.12290365992656534,0.1491606849391041,0.044206795966784375,0.09956882634612552,0.09842894363337029
0.15919924698809837,0.10932232062124954,0.05924447592355162,0.13221570068369556,0.11694481527715177,0.10298724855243457,0.03718776757899612,0.16863337847150758,0.11426504590331488
0.13158475800686667,0.09207206755617997,0.07416554024327636,0.10434492077909403,0.101096619271693,0.11793917708557462,0.06428443445188108,0.22666587707747263,0.08784660552796159
0.16003262231328572,0.10765166363526257,0.052027620412592866,0.12982144987004932,0.11436297003553368,0.14171692526538823,0.04217572916197589,0.144970467191729,0.10724055211418264
0.1537766359987875,0.10466865868435193,0.05091676789338075,0.1253811196407845,0.11095046876294967,0.17499838846789517,0.04579563069359599,0.12945927483329522,0.10405305502495933
0.12457407011738313,0.09109133663355018,0.08409654110582243,0.10341269488608112,0.10071939473883647,0.11674321541343687,0.060759770090940024,0.2255247441609387,0.09307823285301105
0.11547067894655368,0.10407221455910266,0.09326503562518625,0.12298305440609753,0.11341529912583252,0.13566219763196713,0.04036157434994544,0.148322660574336,0.12644728478097886
0.12648772678353584,0.1410246583792984,0.026720436163187037,0.12223457906682256,0.12694462536347564,0.2022427593269105,0.15319506082920206,0.032926429996260165,0.06822372409130771
0.03999098202201897,0.13611780605459248,0.033916796128699946,0.12033954983694746,0.10014347695008934,0.03998536402021393,0.45875091028867665,0.026224673678555115,0.04453044102020612
0.11603583938167884,0.11133286317255449,0.10465737660695477,0.12806931209085712,0.12015001622677429,0.09254710755498846,0.034656061307043705,0.15272755979837582,0.13982386386077242
0.15136741039449206,0.11456769060751927,0.042740411077503204,0.12356764661994979,0.11878038611868964,0.1155649056367312,0.08407576036904624,0.17544243435940246,0.07389335481666615
0.07361682075734771,0.09943185991322405,0.13087326692463006,0.11327543381723475,0.10860885692024796,0.19881501074260963,0.045736419152963316,0.1008577284752064,0.12878460329653615
0.1667134424046367,0.1123468500719197,0.04271573300571807,0.1351561258545618,0.11585695875413642,0.17011810577700967,0.041654827334189036,0.11021724067783885,0.10522071611998984
0.12494454942305223,0.13058402883399337,0.03397082803093873,0.11840167047175447,0.12033059670793826,0.1559378287916437,0.1885814234587669,0.06522392178688095,0.06202515249503144
0.07625805571944566,0.08375334552891027,0.08718670687089541,0.06635864162944026,0.07535418183969474,0.18946752537553269,0.292020926766543,0.07228914299984358,0.05731147326969446
0.1599293607631819,0.10494632454699566,0.0622277287665452,0.12467309786166891,0.11400799291304752,0.06908341839037674,0.037218947700548434,0.22228477188335494,0.10562835717428058
0.1402125986742694,0.09099872448049538,0.04537493504828944,0.09630512805874847,0.09418854531895592,0.2723096426069191,0.08864056207247983,0.09353122421921568,0.0784386395206269
0.13534635052369937,0.10575399117242484,0.08864763497281163,0.12324297729823806,0.11537138678048792,0.07505880451454426,0.034972755524756705,0.19560558968900055,0.12600050952403666
0.06885511010422651,0.15145841377291933,0.20507093048625838,0.11527550441100903,0.14514500676023226,0.025949597962265713,0.027287949374776677,0.057149575263404466,0.20380791186490765
0.07420930763625651,0.1275887213184603,0.21077190902231413,0.10919920867636779,0.13100742767750181,0.03604969817877561,0.030136339286167168,0.09346387038132947,0.1875735178228272
0.18026095898465647,0.11567158569130659,0.05454391130583911,0.13480262828343273,0.12120941428358552,0.02923978874340838,0.02704082649339114,0.22827435723221265,0.10895652898216741
0.13214510645112257,0.09460707981455983,0.060988834857842955,0.11014753414161643,0.10195859387572741,0.21389348190493393,0.05791704637718822,0.13055307778286554,0.09778924479414319
0.136742854026375,0.09682129289384174,0.09149357267890566,0.10813539819773449,0.1066208427086161,0.035354445892892356,0.033033767342067595,0.2857577366217015,0.10604008963786542
0.036413341810267535,0.1464522924695009,0.2842794968407113,0.10149973539434413,0.1391179456540166,0.06675334632773129,0.033254392446324756,0.019949448272679426,0.17228000078442407
0.05538435573513334,0.10461628896507234,0.3046269253901827,0.07776196961402014,0.10994329939514848,0.02844222224723213,0.03610697189976308,0.10799012976331067,0.1751278369901371
0.12773932142521094,0.11180959629026656,0.07798083074887158,0.13469723222282318,0.11893356680280014,0.13033911707220996,0.03592110186816818,0.13348815583992893,0.12909107772972048
0.10945667582357828,0.12043474755159585,0.0699610653393717,0.14741292095117034,0.12196035892503883,0.18529950406108028,0.0340634277046675,0.08514521824243032,0.1262660814010669
0.06447399302234137,0.07885010070739978,0.11921775617087171,0.07241983644032263,0.07961837797296321,0.25378947596211837,0.17050711456038117,0.08774477582709976,0.07337856933650196
0.059159941796597136,0.10882122597568465,0.03451800651423889,0.08298350710879777,0.06868843091524555,0.026634390299110192,0.5571345377166258,0.024460423221072187,0.03759953645262782
0.11221841392093486,0.11718163569421049,0.036875879531501676,0.09889578484286317,0.0993807524401394,0.11276649518508612,0.30767432982093673,0.06385179857166316,0.05115490999266434
0.11520888118516533,0.1517419394356876,0.026558309152285048,0.13059508848613646,0.13525135778371836,0.1878449859415077,0.1520512934776932,0.029746513832674737,0.07100163070513159
0.10399211126426754,0.08605034088297307,0.11582323404703299,0.09351206382600652,0.09556159899779,0.07845768014322445,0.06287415299649451,0.2746364584313932,0.08909235941081774
0.10157859765693832,0.13398759294843798,0.1194266247461288,0.14346705806523352,0.13676157009943402,0.06823116951178253,0.029273639699109327,0.1036224105669768,0.16365133670595874
0.08878653875939896,0.13349468471152576,0.11078259783571383,0.14982714828546936,0.13514068199806623,0.11649056662272879,0.03146080580540693,0.08280677090506575,0.15121020507662444
0.103817707722943,0.09371617582946003,0.08539864223582104,0.11002340686368184,0.1022418470685756,0.21982320693626692,0.05284074378986862,0.12244311532921233,0.1096951542241706
0.15724063224311494,0.13013986629135432,0.0505871401060495,0.16004307172743557,0.12886809353722462,0.11510441141563026,0.0301695253433891,0.10120665280264375,0.12664060653315792
0.06364863521333619,0.12216908129797956,0.26447654473125426,0.08929669127155575,0.12388665470244203,0.023434084814029994,0.03044075826553107,0.08594279841689147,0.1967047512869796
0.16347347110907656,0.112511257374369,0.050625663175482415,0.1369588508539161,0.11794933681868018,0.13261880132949325,0.038093062764881704,0.13542778062109206,0.11234177595300866
0.17571203137955257,0.11194188215563673,0.03851704894552308,0.1290630017970703,0.11596599311492922,0.16579273244907325,0.05190435867542867,0.11802214325768161,0.0930808082251046
0.14204154742266198,0.08966296802500108,0.03503362400034551,0.07756775556793606,0.08390891214429204,0.29071966721842246,0.1748007956062935,0.047514701360517116,0.05875002865453021
0.10081186884544314,0.11347752733519006,0.08130930491798993,0.1375290695881329,0.11797385320289318,0.19373493464603106,0.03655385198168299,0.09167080547267636,0.12693878400996036
0.0713792019657752,0.10976538518891095,0.0251362135476963,0.07437752041658734,0.06494788096070765,0.034105401208635915,0.5770120822576552,0.005725472101461803,0.03755084235256957
0.07334745590806939,0.15382649754164865,0.02813593157495006,0.12410105896573004,0.12613215538526248,0.12735619366471188,0.28866319539188684,0.019007062826982234,0.05943044874075846
0.1404512220443258,0.09843672522956705,0.05254146960275748,0.11600919727923882,0.10453497588745427,0.22166583771517723,0.052476224217493955,0.114709278581327,0.09917506944265846
0.0963589894872412,0.0850668807840428,0.10285104205531774,0.09048254992762705,0.09215027782103395,0.18685657445009377,0.09310165131605304,0.16542487888143517,0.08770715527715527
0.13749363225228403,0.09425695869013821,0.06833114713131046,0.10735628668460995,0.1034033605290509,0.08686506995437306,0.05900889997786627,0.25970133510132704,0.08358330967904015
0.1841389042753192,0.13381079650912417,0.04273128464194881,0.16355702227298693,0.13134884945984426,0.08316029536839922,0.02863853245201756,0.10991121676207453,0.12270309825828536
0.0817548698427115,0.11521374765552041,0.0972085249668569,0.1369750838945957,0.11928256121189403,0.20526476224406617,0.03642443426388415,0.07823944609461882,0.12963656982585242
0.042121834022935754,0.19376883638379816,0.0223067530732954,0.1383091076808654,0.14471574727847836,0.13019725865957485,0.2565992541751427,0.0038683185404816043,0.06811289018542778
0.16229013482122542,0.10869577459636497,0.04766895144703195,0.12517445912784708,0.11633624685943629,0.08732136359300657,0.0533131086918445,0.21404972237157605,0.08515023849166721
0.13741909022367077,0.09355181332038683,0.0531544409018625,0.09510295106380251,0.09586266606925353,0.1881534104364487,0.1230165406524741,0.14472102005897344,0.06901806727312756
0.07730540486875843,0.12207526533501295,0.1233430321052299,0.13776453778569592,0.12684663933288695,0.15133353182843565,0.034866394706319796,0.08144019616127006,0.14502499787639042
0.043622998093921166,0.1197752977550582,0.2197038933594786,0.11331129372794772,0.12455630997908862,0.14376208628588175,0.03825516073036676,0.044981767083520446,0.15203119298473675
0.133278010145395,0.12755705006044993,0.10161095281614586,0.1363234226228834,0.13110658812443013,0.03723260201668445,0.02603968410899632,0.14855593534028083,0.158295754764734
0.14727533424706257,0.09636172330229305,0.05374724752566806,0.10719301862085033,0.10298518980339612,0.16413469689301155,0.07536583077399833,0.17103640619739804,0.08190055263632201
0.05617560722069076,0.18976182927106536,0.18295883417546777,0.1317856229298949,0.16530504447305602,0.027196003246924474,0.026705822950756842,0.0271631342875098,0.19294810144463412
0.14274392232888156,0.09535453230680464,0.05356366293317281,0.10898517263782348,0.10196708439042175,0.21041410410617756,0.06364978532970013,0.13213794716669472,0.09118378880032331
0.1596230214603759,0.11744030220498047,0.04218660622050161,0.1433567207361481,0.1180441594858298,0.18005698265355294,0.037203760843214057,0.09177370571437894,0.11031474068101821
0.09981529908894486,0.1423752243827298,0.14067748216817658,0.13468551551839608,0.14154572552457725,0.03450432804727646,0.02644713623710503,0.09764792342019062,0.18230136561260335
0.03650064202412646,0.1398575618987711,0.2710153137795898,0.10610108078290087,0.1360879611002789,0.09010990762242736,0.03472292465620469,0.02278818672820773,0.16281642140749306
0.11443432056870062,0.08815172406228823,0.08356466931033675,0.09724037469313278,0.09603397323377265,0.1781175428616121,0.07888088044360729,0.1744448872471015,0.0891316275794481
0.17853276827436862,0.11552901998868971,0.04358462676152788,0.13887434878982852,0.12032523553853113,0.11881722201778094,0.039676032424474796,0.13928138742562002,0.1053793587791783
0.1578621336327669,0.1024820848464131,0.047023718965708595,0.11974497045996231,0.10859397262448683,0.18527300636446833,0.05331979637797941,0.13019170730484872,0.09550860942336588
0.16137817915858896,0.11114078362914746,0.0460217803462816,0.12688384597725386,0.11831373668590804,0.08661490719304839,0.055993583237970684,0.2106058382157524,0.08304734555604866
0.09597409780436052,0.10366313587704463,0.13141731193924452,0.1160371110849539,0.11407442162931798,0.10927224284976671,0.040186586404259726,0.15205301065080912,0.13732208176024283
0.18710635904368247,0.12833843647977056,0.030890381177520382,0.1415370715951193,0.12708713721553644,0.1571062918345614,0.05340157328842665,0.0838070664875417,0.09072568287784111
0.09332152155960875,0.08345012232514619,0.11009708165634213,0.08757795014966345,0.08966878504588842,0.04579727144509952,0.08036342325626648,0.3447512652245219,0.06497257933746324
0.12560693703371759,0.09605738169869754,0.09183072964859351,0.11124985375287962,0.1067010592138523,0.09871878865441429,0.045324932198695905,0.21435438518990702,0.11015593260924228
0.13984758941008296,0.09371074573500264,0.05106018140523008,0.10567676542705016,0.09937207638977685,0.2391451131437019,0.06760463655531816,0.11480824185652215,0.0887746500773151
0.11720395703269947,0.09576953968328732,0.11013837617321352,0.10801304865575596,0.10675835249275582,0.07495762398863832,0.041748827404203326,0.2296137941226283,0.11579648044681796
0.04183544026585223,0.1159416605253239,0.3708019763810151,0.051395453990534606,0.10759831946896814,0.008840155629587123,0.032656107586803006,0.05068531389823333,0.2202455722536826
0.13816002159839985,0.09751408346888808,0.04201837206628806,0.11294799625113312,0.10026847923611137,0.2842230004996649,0.05354557331397353,0.07822764141858156,0.09309483214695953
0.13119538868875205,0.09480869440613354,0.06106706514233843,0.11070420764925964,0.10209834920147336,0.2168800847647653,0.0568879888036618,0.12768656447118684,0.09867165687242901
0.05565639614669252,0.09378720848516077,0.05654432923236232,0.05598166334644524,0.05706496442051545,0.033128009528423104,0.5787310605070753,0.03060113757361341,0.03850523075971181
0.13771228189128032,0.1282997360486713,0.058193967609657817,0.15753055400589414,0.1277922060391117,0.1351792275883407,0.031090582634771723,0.09525003988161888,0.1289514043006534
0.10655654088007283,0.13922963327343776,0.0844835099202917,0.16198895064174398,0.1373393828623334,0.11169853927010039,0.02951911749204894,0.08383804739549282,0.14534627826447824
0.10083314466485065,0.10742518298855641,0.08233847329356064,0.12995884765560012,0.11343044118713468,0.20582309827624024,0.03934329547240024,0.09760133233343404,0.12324618412822295
0.06975944015265106,0.11554775571734362,0.16426258905882726,0.12234395727194185,0.12338344202824882,0.12271926062433709,0.03720070049760866,0.09077030269658509,0.15401255195245656
0.15622289816720158,0.1053857914575357,0.04017440939983421,0.10860101040534008,0.10716515562016106,0.1860948131185968,0.10388095198149362,0.12140929140904007,0.07106567844079686
0.15118367901840746,0.09221306333099703,0.02714485645719897,0.08610174080068402,0.08793987770740452,0.34623796130092227,0.10459723858271867,0.03790380947557883,0.06667777332608825
0.14243486962782945,0.11814724571348219,0.04151046422132048,0.12236385018875288,0.11956346203840047,0.12416596813408638,0.10829989763863601,0.15443472877521694,0.06907951366227512
0.14768549606209871,0.10161207905652359,0.06013374910180824,0.121310780836641,0.10984873999937794,0.1484697154287484,0.046520016706163514,0.15929106923238742,0.10512835357625112
0.09016347729673253,0.09094138001497643,0.13007120005932063,0.10107844639075474,0.10145469386588857,0.1457637821356589,0.056829914724653825,0.16961312968730544,0.11408397582470893
0.03340045528439863,0.09644719593296232,0.05853546880624098,0.05580104468391178,0.04896609590383471,0.012830973072276472,0.6342290986471882,0.025037393922889766,0.03475227374629694
0.16351946792415675,0.12075237704064799,0.05393474704103277,0.14777378442529213,0.12430300433683313,0.10290949933612718,0.032122113608046364,0.1311235838880425,0.12356142239982122
0.10686883555466901,0.08909493248607175,0.10869913536398969,0.09935735213030643,0.09918642575314231,0.11818970731684802,0.060884635689630734,0.21784526910262117,0.09987370660272088
0.167945199266222,0.10700644553216382,0.04651846558445875,0.1256539120530741,0.113834281107277,0.1354266098577133,0.049761638460941955,0.15856468803167245,0.09528876010647652
0.09236711019362719,0.11484077794877388,0.1208422828431172,0.1304236562331749,0.12258607731253729,0.12490273353666682,0.03588093142501347,0.11276391551960142,0.14539251498748781
0.1313423287458287,0.09807360606310724,0.044439868817766744,0.08474773254814243,0.08935253707718617,0.16952731889891517,0.24148719335845834,0.08661778446711976,0.054411630023475314
0.13366718239784797,0.1135371272351861,0.09182587073208635,0.13093119498838665,0.12156917245165948,0.06810772602389566,0.03148928852655578,0.1706983125333892,0.13817412511099278
0.05447979883023583,0.12731004598487186,0.15639270314485829,0.13396988223505524,0.1297579889893142,0.16542994568998967,0.035307864254997406,0.05299786041438367,0.1443539104562939
0.0745338325530691,0.08379071748368146,0.1658407838635886,0.08595601014359773,0.09227333579641057,0.11642300360373677,0.08064026012095006,0.2039304202923724,0.09661163614259327
0.0628611542033642,0.23887001874561312,0.08083048289727415,0.20611192735604442,0.18030684926150006,0.05877707439075411,0.025646815716752286,0.020267724283761043,0.12632795314493658
0.11735854484887036,0.13648519810076523,0.09353157795078222,0.1534989094618463,0.13734444536218196,0.07276881172836072,0.028202140071742154,0.1053854398988654,0.15542493257658566
0.1830010091713606,0.11721991254329465,0.03977204731849942,0.13823420680784895,0.12148588389457904,0.12327399226681368,0.043841115072269704,0.13423063086487597,0.09894120206045798
0.1411887771120061,0.09077952857757848,0.039162959163368344,0.08226600503943791,0.08722000394428835,0.27237199422367264,0.16143401718106962,0.06395057184471786,0.061626142913860725
0.07238657006978572,0.0938613373328696,0.06520693645624559,0.0721673298660931,0.07194671855193849,0.047059550548085395,0.41793079979496367,0.11700315834327013,0.042437599036748375
0.09918232670914047,0.08519917579340797,0.09895782602321114,0.09007298356178216,0.09184881328437104,0.1824423269521466,0.09741775766957955,0.16992940379255295,0.08494938621380814
0.13140172471270944,0.09761338513725887,0.05972841990436221,0.11590739590482152,0.10450761058826592,0.21752304620786836,0.050868548969560244,0.1192411738409271,0.10320869473422632
0.13237092627626415,0.12217546064384295,0.04642135880729351,0.15112674822697744,0.1191690839105954,0.20856153177167147,0.034119270509794936,0.07239095680167346,0.11366466305188667
0.19507514375236942,0.13352281640366345,0.029585090834208527,0.1512160947638471,0.12927160509222407,0.14467336353215562,0.043512177804055176,0.07551434549436757,0.09762936232310909
0.1360146981420698,0.09352473012295547,0.06281082409451623,0.10682280124551498,0.10134150218911857,0.1838728099842172,0.06510718236421244,0.15867667446321898,0.09182877739417639
0.1359763643423688,0.14149522496930478,0.07626430707423122,0.16154395313580674,0.13929288987910934,0.06092065381148782,0.026135333853553336,0.10656489697497869,0.15180637595915925
0.09754281405712406,0.1201397649449238,0.1336354444173531,0.12957139279045446,0.1273757611509462,0.07724743415412545,0.032437626979831186,0.12444152335148274,0.15760823815375893
0.11214638931334121,0.104822928397377,0.03879317384080403,0.0809467396380395,0.0829950236314066,0.09687554305906633,0.3850877080715523,0.05209132282168307,0.04624117122673003
0.04046007036710202,0.07815425589822754,0.1917590550390437,0.0625836505096134,0.0738513284236524,0.15795435206654646,0.248235243066805,0.08178505795832695,0.06521698667068239
0.012116388977932631,0.1470455900266294,0.01894925286159907,0.11748742210844892,0.0858297954180065,0.028849688833254377,0.547927893086615,0.0003088018537140244,0.0414851668338
0.10774138983647581,0.10936105392510585,0.09559314110638119,0.12949708053726464,0.11739124248825888,0.1452270933325472,0.03778930547307724,0.12465749027209429,0.1327422030287948
0.14243486962782945,0.11814724571348219,0.04151046422132048,0.12236385018875288,0.11956346203840047,0.12416596813408638,0.10829989763863601,0.15443472877521694,0.06907951366227512
