0.1340811527135138,0.13307186463124623,0.05468273328877066,0.13182057060007693,0.15033248447922132,0.09713571112578805,0.042922025827648876,0.13450626096103738,0.12144719637269674
0.11756719058707021,0.1135570108089039,0.06763045752348361,0.12873117203179152,0.1378930489529649,0.10904090649148553,0.07506740066612705,0.1347548142698832,0.11575799866829006
0.08278888751375546,0.046173950131893016,0.28160372724864935,0.08528386689534684,0.05025868190376586,0.09748717727234289,0.2146749565092562,0.03839346892407967,0.10333528360091071
0.06467680494871174,0.2581429395097597,0.06073213538790682,0.10264667230069646,0.08873623599003622,0.18022771517773054,0.06328775825027573,0.06892332819717029,0.11262641023771258
0.11182007199040406,0.11481317188978397,0.07170424536704005,0.1275301817178751,0.12803685063573092,0.12018872204388052,0.08437430399200041,0.1255897388893878,0.11594271347389724
0.04033691778001983,0.40700203584696865,0.050820155279834384,0.0862984545257347,0.05665205885946622,0.18318774012450642,0.04334695606237796,0.032991745855505614,0.09936393566558614
0.13497616039553725,0.0905622914599712,0.09069261797104794,0.11693206205002009,0.11805012468934939,0.09346659046097056,0.08398829824080156,0.15001533633753683,0.12131651839476525
0.1288804760431243,0.07426937244792449,0.11126442325311452,0.11338348131576026,0.11223038501229665,0.08989327275547691,0.10694199050528787,0.1461727245677976,0.1169638740992175
0.10155691716265852,0.18494543862585067,0.05247923641326575,0.11943477106186412,0.15112727690804775,0.10193962871397218,0.0629084586664128,0.10297346184858434,0.12263481059934385
0.0726743160648761,0.2889026826295353,0.052531324322120265,0.10337924800034361,0.11115364604293952,0.1373774956112866,0.049026745933808895,0.06841106743594466,0.11654347395914515
0.12769248661950197,0.12930453628499528,0.1093537427027123,0.12332352523278452,0.11803291509557319,0.10640035958159244,0.039506473516261194,0.1184486561169672,0.12793730484961188
0.04446756238481609,0.1880646691031366,0.11649979982317682,0.09783884940807781,0.04298607238844252,0.2729181038528999,0.08862344800489225,0.050469735203135656,0.09813175983142224
0.1179782584662712,0.12195773861450433,0.05784044174631303,0.12534744930389208,0.14582797211947218,0.09584832375679027,0.08500658739229118,0.13053840201073916,0.11965482658972659
0.10749864088252425,0.18033703036486848,0.04301911762482948,0.11934399873673678,0.1752827137568045,0.0904141341558435,0.05818904722858193,0.10089239674347988,0.1250229205063312
0.12322303095889146,0.13276351256907418,0.05132018752892773,0.1278511569225039,0.15960339231900422,0.09281460633365214,0.05890686147146398,0.13418391041901875,0.11933334147746362
0.13544624495350235,0.09172614566273855,0.06797308297938369,0.12271856862134013,0.13272114427573603,0.09085993247669738,0.0849083182413125,0.15565600391720183,0.11799055887208763
0.10112703066984292,0.14282256624048575,0.07565267661136334,0.12316112183739475,0.12068085975452707,0.15465902990461694,0.056816141204191796,0.11481903336096995,0.11026154041660745
0.1270033269115806,0.1546181510402592,0.103570692743566,0.11480836870369088,0.09691536546496506,0.1160784452330781,0.04476397690724302,0.10272517374395439,0.13951649925166282
0.13634175002646384,0.12164886445960095,0.05911640383891853,0.12968499961211927,0.14336361382111829,0.09661254144060684,0.04996923985067895,0.14153543370667765,0.12172715324381563
0.12392489482241126,0.11967173499147954,0.056181823968882334,0.12777660352179013,0.1519985096272919,0.09413886791032981,0.0684379085856672,0.13963939873717865,0.11823025783496922
0.08736061789983836,0.10107272691668599,0.13760987372822728,0.1182939869608809,0.08737624388707049,0.20995203731998005,0.05856935516068242,0.10443839166148645,0.09532676646514804
0.12292912006061112,0.11818507079941437,0.05434882202749464,0.12513120357268148,0.15046746588362594,0.09145795053527284,0.0810885452057344,0.1368163880933024,0.11957543382186285
0.048357202891125474,0.38339811507777294,0.049986213396862926,0.09076545888833942,0.06993601265652764,0.17952318740932718,0.03714307770143318,0.04176493579580453,0.09912579618280676
0.13114816121902137,0.07034999261107629,0.09801222400389038,0.11073810443765508,0.10855386777392094,0.08820294952050983,0.13173108722616833,0.1450304108391517,0.11623320236860606
0.13370353925151066,0.09772326196329802,0.07129584479693156,0.12687289016839234,0.13791139858462348,0.09339395360758802,0.06799205808771266,0.15361581024918106,0.11749124329076223
0.11794791066589198,0.10319337766815752,0.07230331603048197,0.12858816526316927,0.13181762198266886,0.1097877534805265,0.08602010421953493,0.13504428960366135,0.11529746108590773
0.13553637141073585,0.10440504259263268,0.0871628121336618,0.12146135750462572,0.1224582379650343,0.0974146476310185,0.06347945129075189,0.14433431156388246,0.12374776790765664
0.08057875847671124,0.0473254555333338,0.19796818530375626,0.09611836760047927,0.042567896378595795,0.10966838531950036,0.2827130296415495,0.03837477549710283,0.10468514624897089
0.10043483241443933,0.14388502967636377,0.0724942494515705,0.12287177284325929,0.1205525630161473,0.1504574933722421,0.06369837671762625,0.11299086550062391,0.11261481700772759
0.09458670254677244,0.17149486803335381,0.0638703670245414,0.11859700579751307,0.12153228500477035,0.1368654112262265,0.07318107245361498,0.10091069454945818,0.1189615933637493
0.12116803522698309,0.06262281009843505,0.1367761793489252,0.10222771009519489,0.0939905468515446,0.08680731370080608,0.15956509981720005,0.1215931891005015,0.1152491157604094
0.10329286679915432,0.05182774712862531,0.19273263637209315,0.09271039606246005,0.07113378840395247,0.08634774446192585,0.21882462802989633,0.0722862142503849,0.11084397849150755
0.12945867893018256,0.11692024602562469,0.05062650752933082,0.12462696151058084,0.15083502640073457,0.09071607087374849,0.0748335498538812,0.14160603293434426,0.12037692594157261
0.07721156213530259,0.2822148667900908,0.05104148764732464,0.10497471174122401,0.12384905024492367,0.11837285610899322,0.05103354541810056,0.07065134025274102,0.12065057966129955
0.07200832780984921,0.19667216285034184,0.07485579425036144,0.10744904033600705,0.08806409122371822,0.2106641692044957,0.06095400256480154,0.08363307515506956,0.10569933660535534
0.12959287383871207,0.13362036364965316,0.05205822314707834,0.1309589331398409,0.15799744465641882,0.09453919168612128,0.04626944707748048,0.13543702014567752,0.11952650265901738
0.13278563530308793,0.12727036836380853,0.05441408104485179,0.13077706749420295,0.15247846653166766,0.09503260767230277,0.04802018734726632,0.13904305875438439,0.12017852748842768
0.13555405222569497,0.10798377936607094,0.06848595369277448,0.1280630991150107,0.13905355507791775,0.09516979788071868,0.05713240511301922,0.14877402370327028,0.1197833338255228
0.023130768388527206,0.36904788069826483,0.07260390539553607,0.07655436811885613,0.0208991600197468,0.24836388607204749,0.08060468202414929,0.016266229526172068,0.09252911975670032
0.08580715896188847,0.04643513241495308,0.23000635816516657,0.0876912543131508,0.04747789807608146,0.09240030520672199,0.2653510119911972,0.04020472733590053,0.10462615353493991
0.060909159322127926,0.18821201658218714,0.07748773196279989,0.10542579887619118,0.07165692439829084,0.21316873524727287,0.10043295428731286,0.06967845479908072,0.1130282245247366
0.09841363231462781,0.05201669753143767,0.21164862252160796,0.08863003428821033,0.06575643402582661,0.08529992956642668,0.2253621297245063,0.06268858828443864,0.11018393174291795
0.1097574635640297,0.058243117812592095,0.16316909297839313,0.12190143610470898,0.10314679518802809,0.11286425508447606,0.10158624965461437,0.12273632934240021,0.10659526027075734
0.1243938252298849,0.06518096845007217,0.12487634853572231,0.10295774885886215,0.09594457169122327,0.08723313462170194,0.15560684633149072,0.12768809414202878,0.11611846213901374
0.08649029111495371,0.18700538710694,0.06542701492650894,0.11340093985615685,0.11137021361234484,0.12427776614365371,0.09961283625957155,0.0870527034205217,0.12536284755934873
0.07276148453239778,0.11187188052319515,0.13137882996782016,0.11220434894836784,0.07234065457130025,0.23836396169603047,0.07704784698490925,0.08717766615986854,0.09685332661611061
0.08299218265387744,0.04685855176873901,0.2514003743918491,0.08453407336091313,0.04497666681663997,0.09149100240996856,0.2572909779432735,0.03699923482400011,0.10345693583073919
0.11866215022881664,0.13807305974888476,0.05598204396937165,0.128641502294408,0.15533886195810906,0.10040063341271437,0.054633566971097475,0.13088883973081164,0.11737934168578645
0.08171364412652778,0.04449655280843237,0.2372950536174608,0.09184891958544694,0.04471326923828687,0.10568244447329479,0.2538382852389421,0.03757938681960788,0.10283244409200028
0.11073676529668863,0.17874367378401682,0.04344246382041498,0.12259973659338236,0.17607301775448483,0.09050389519190082,0.04881650332264283,0.10642376999525227,0.12266017424121645
0.12023779789532259,0.12944621888028937,0.0593885773624746,0.1295002609629726,0.1517251622768255,0.10206005731685701,0.056160240027724885,0.1350703562940311,0.11641132898350248
0.05262087452003356,0.34151414173728406,0.05479367288775902,0.09458476149178158,0.07754978732044199,0.1590405352438937,0.057948471243478995,0.048640536553903206,0.1133072190014238
0.058044822006371316,0.2980243668995151,0.057730117692425864,0.09865438569265639,0.0829348826750891,0.1696712864244091,0.06277193716988906,0.05837913623323671,0.11378906520640726
0.13837655556560188,0.13689261438641612,0.05594734249931662,0.12994801696204414,0.13598663663485566,0.10253729601124666,0.04421053461984254,0.1298813227897325,0.12621968053094387
