0.05695998553640821,0.12341743851973569,0.1336097199783832,0.10788460532977891,0.13703469885269526,0.08921844134108921,0.20434719054636083,0.042287080584856786,0.10524083931069195
0.029694420552193606,0.1075015785627348,0.13484475986005498,0.19003179111744525,0.1389064207111574,0.12419997004704175,0.10384984715424107,0.08855684627287645,0.08241436572225468
0.1425051321528155,0.18264197136184543,0.12801079819856256,0.1051003632763281,0.10308108095604995,0.05892245714780009,0.0970030369091009,0.08942274416626533,0.09331241583123213
0.059749726129369914,0.09792904298306752,0.1441076602794237,0.16412026854716943,0.14101970487840995,0.10229958146962431,0.09874952655258666,0.11095522475641169,0.08106926440393676
0.08077143436801783,0.0925142382085894,0.13385695410134088,0.12302765844460613,0.11363685892757343,0.12160497728302518,0.09573431113686298,0.12953139856873225,0.10932216896125198
0.06075550111814113,0.08950041779451312,0.15327071271617526,0.14979416822158445,0.13153138052906713,0.10643601264123448,0.09860838073378532,0.12476789835409396,0.08533552789140515
0.11362468968938629,0.10296138070510617,0.12475323723350291,0.12702002463569415,0.11450244678266003,0.11510555755315345,0.08054610943609694,0.11948079701175551,0.10200575695264458
0.11109837372971111,0.09987403355628284,0.1581874238896723,0.10832867969540234,0.114142644688134,0.09307552711748372,0.09849977240215078,0.11566193389772587,0.10113161102343714
0.2699299619136199,0.026348851928110543,0.02272189798780272,0.09351113505651733,0.07588432680069111,0.1645702231463858,0.14302718719620525,0.04131446036524137,0.16269195560542593
0.23414427627373993,0.07306703229154536,0.06127520071024173,0.0793407400935308,0.0995167519667521,0.10694168078168846,0.11098866867034031,0.10026993648536531,0.13445571272679602
0.12418193913902469,0.12225534177993384,0.12913005784017256,0.11584663924395333,0.10513276708591339,0.07432366428578628,0.0941010852832647,0.13179029269060835,0.10323821265134285
0.08121523646336204,0.08874530201350576,0.16181040003409838,0.11819836424394585,0.12371885855769733,0.10998297483125713,0.10341541663536219,0.11454322406145491,0.09837022315931643
0.14421099197377435,0.10253444155470846,0.10883211249710978,0.11076728370171486,0.10868243958460883,0.10582652558090795,0.08477757961369044,0.12417017504122556,0.11019845045225984
0.11998270277818034,0.10807209927541027,0.1135449534620151,0.11473136524315901,0.10190449953171148,0.07902007060585192,0.09659255202152865,0.15604395805246893,0.11010779902967428
0.15418495516508268,0.40514493823699965,0.014428651693911316,0.042102397947056065,0.042951299498077015,0.009597804906041814,0.13127634332981786,0.023079360547019825,0.1772342486759937
0.1463997440115825,0.1483069918382024,0.1340526821305539,0.10894417512572147,0.10554008526911011,0.07131143812793979,0.08926249550218163,0.10000226468470556,0.0961801233100026
0.1609447035361009,0.08564154112102322,0.09181468817862481,0.08982658406465048,0.11604817971594955,0.15556875500468734,0.09277414379318101,0.09468370019903616,0.11269770438674655
0.1422760574267733,0.11144689707869802,0.10345509588253499,0.10786762817256397,0.10131211426333435,0.08011245958371575,0.09410948529421274,0.14590906854016938,0.11351119375799751
0.20824940799000122,0.30338274603135595,0.026933497302777096,0.050999325226879444,0.0642411847293205,0.021932094407009616,0.11107124417656704,0.046897529895910305,0.16629297024017883
0.030206835434281598,0.10262981216114185,0.12974533236025437,0.20746079890349536,0.14328580110826575,0.112256220198722,0.10359079732105679,0.09302485102203843,0.07779955149074387
0.14594133080116942,0.2648979883264257,0.12696916840538552,0.08360551224188391,0.0998797865201904,0.04834267841751757,0.10673145328690863,0.0446663426662263,0.07896573933429259
0.20329740442879163,0.05132620330716409,0.05295624518614659,0.08492554534870705,0.10168986949872451,0.2177908764697459,0.11500523386905415,0.05777159593524681,0.11523702595641927
0.0520595625707729,0.10259550347752093,0.14052851184389228,0.15996280156656253,0.13005500282660734,0.13043306989894257,0.0909519081763321,0.10394727926520586,0.08946636037416349
0.11334728861513817,0.10446510235621657,0.13966633327713746,0.12549799753731936,0.11410439889180467,0.10131852806443457,0.08257926323765498,0.1208848142697158,0.09813627375057836
0.06438337798827166,0.09628580255358155,0.1554105451292721,0.12513712529153406,0.13007719938706766,0.11551126918089356,0.11288748496161866,0.09871576987552362,0.10159142563223715
0.07576116097679149,0.09615856840619326,0.14633863803822098,0.14005019449833664,0.12309678626196659,0.11607517611531386,0.08859544695095117,0.11949989206760302,0.09442413668462298
0.0632288152006933,0.0965587531588429,0.13031998251120466,0.12756736078515166,0.11693099242878362,0.1544601865264941,0.0944544232158871,0.11063854681537832,0.10584093935756432
0.3015522757418971,0.1311822395662352,0.07403425947353783,0.06812148603069378,0.10079568220422103,0.060104582067842284,0.08252198627157936,0.07050388635016726,0.11118360229382629
0.04707030473674965,0.09515397026756084,0.15540245300958197,0.1367796835090286,0.13636035520678255,0.11255041562337802,0.12392639293750525,0.09673947346297147,0.09601695124644162
0.1963074201697502,0.10039573697401975,0.04180576121710783,0.07817411968645795,0.08518681071231438,0.057714795978553717,0.1389504442695262,0.12800293691161493,0.17346197408065497
0.04877188615337744,0.10338428347817641,0.1389062089578342,0.16911173600433463,0.13301372272642029,0.12783150085712572,0.09075655744054195,0.10257352304087956,0.0856505813413098
0.11277748225796841,0.23997544065989476,0.15103611056609006,0.08689753729077898,0.10558385826921486,0.05214817137173242,0.11998174833430354,0.054570606690958555,0.0770290445590584
0.04612559736710823,0.08132500195829938,0.15661547076449578,0.14861701466208857,0.13256074273602067,0.10723288803947884,0.11215626219063113,0.1288517021672991,0.08651532011457823
0.09335424183784742,0.09583486943538959,0.14520431216360438,0.1252907662247704,0.11625681490131819,0.10832756391882507,0.08966479837813711,0.12424380526311535,0.10182282787699252
0.07279018146978565,0.09811114131480277,0.14272260455888383,0.14342420108887752,0.12345286447094662,0.12095799280554213,0.08734772910594002,0.11655002039965262,0.09464326478556888
0.05290573660604403,0.10023172625008218,0.14266332569926063,0.15938962666333495,0.13033642811456383,0.12534458919994043,0.09219219647077642,0.10769329129603432,0.08924307969996324
0.027193567617976467,0.1302830245667063,0.12606333825772262,0.1677158794234762,0.13210036462850092,0.18788959370775796,0.09102241477314475,0.05966361408224116,0.07806820294247363
0.11269523825292453,0.10374739801328985,0.1624616561083897,0.11194450278505952,0.1170067416954223,0.10143771767816169,0.09084232910867,0.10998804231895865,0.08987637403912367
0.07802891071154308,0.0758938341475187,0.0948619442817233,0.08685901241077128,0.11383666240269401,0.2834074437282153,0.09964355788973873,0.07077487648982585,0.09669375793796962
0.023274062241788167,0.13683164416423202,0.13325678734975202,0.1542553686269377,0.1392276011369429,0.13981023174982987,0.1282407340965069,0.05737062176976394,0.08773294886424639
0.05916774732939695,0.08358784670774459,0.15953443991939634,0.13716043102734296,0.13952963834597534,0.0932021328760121,0.12575935918069567,0.12152948789981756,0.08052891671361853
0.11943495133504663,0.10572728543272293,0.16952478337436575,0.10068853018068935,0.11378674935655629,0.0969526873076686,0.09775168880575792,0.10220953035228596,0.09392379385490655
0.09406976795135868,0.08268359598310007,0.1006634815027455,0.09535955058678476,0.11689520154173805,0.22383096591100246,0.09436196094668553,0.08807339826618592,0.10406207731039907
0.10650067657166273,0.037128286635307935,0.04377232008836742,0.08228193656760285,0.08015980769151489,0.3544239354639931,0.1343685879764015,0.05687928207013405,0.10448516693501542
0.09101364737063934,0.09599645529601608,0.14597982029160986,0.12800685891795774,0.11755643328287828,0.11002504433827642,0.08852147564693665,0.12309844142352237,0.09980182343216319
0.0927935356776643,0.09696514027443799,0.13642543490360606,0.12883911238380433,0.1147730639774494,0.11430903906722396,0.08641997963054339,0.1264218301798208,0.1030528639054498
0.13568211157005602,0.12765117450653485,0.13572473887233924,0.1138641092768366,0.1069739512583024,0.07862112058565464,0.08805212140177733,0.1142166446663657,0.09921402786213314
0.22366740235253468,0.05628526164113864,0.04193582390495621,0.0853215398318908,0.09068042307147776,0.11099788435768158,0.1367652550424876,0.0969797054821427,0.15736670431568997
0.18489429388249676,0.05209886613219985,0.05172573951302364,0.08654381785227953,0.09595138184255984,0.1799257196309736,0.12876576452832877,0.0882086290380385,0.1318857875800996
0.13404614761837716,0.16603712239381274,0.1351944713328371,0.10748327685393701,0.10487479192885678,0.06285535244005751,0.09811646585562221,0.09741685942557017,0.09397551215092932
0.07280350998893809,0.0911966207931617,0.13618334695654152,0.11552753937875195,0.15388725214857446,0.06123477570290303,0.21089100255176466,0.0840463644072445,0.07422958807212009
0.11935551887957042,0.13975467281329287,0.11023439761094872,0.11234759518464031,0.0989789654590768,0.05878522690641692,0.10543400838540296,0.14955683634456515,0.10555277841608589
0.13158320468557974,0.10476761924770965,0.11670778646915998,0.11947064479536595,0.11473284213876699,0.11555737443237718,0.0804004493921011,0.11288553703807563,0.10389454180086381
0.06450395276257585,0.07024932989538414,0.08575351242119143,0.07920568409208166,0.11107295371154867,0.363105252477083,0.10026446168177472,0.04423875994260812,0.08160609301575246
0.0991137373156367,0.09362960268462957,0.1537997571492583,0.1037441454520297,0.11628273858373807,0.08784156822262794,0.11810123665208601,0.11712340082814093,0.11036381311185273
0.0596852808674736,0.0984498662373825,0.13567470189680642,0.12350627281935077,0.11928111442174831,0.14736415973100855,0.10330303589415779,0.10431638945970934,0.10841917867236277
0.0758882405053016,0.10197157197202057,0.14228343666568646,0.15236988626836892,0.13196640430471554,0.1095203869566894,0.08818569858126041,0.11180791121793764,0.08600646352801943
0.18373939843041823,0.2497182760974602,0.06473281422122101,0.07434237162121489,0.08542705046027443,0.037326372213444085,0.10801057190387038,0.07899810178578363,0.11770504326631319
0.034263982163966485,0.11931928847274209,0.1353338374105972,0.15928141855238853,0.13246833926767246,0.15777271841514745,0.09908658660590348,0.07427018996006275,0.0882036391515195
0.09940468940066251,0.09303812701869957,0.11620640299185521,0.11979515113234603,0.11196625465222824,0.13929188128144018,0.0862078558186735,0.12617286267811342,0.10791677502598135
0.06292716789760923,0.09819333040199589,0.11784811075390646,0.12177162096844495,0.11996511826934902,0.20751928624983032,0.08670921074988062,0.08763266045356144,0.09743349425542215
0.11513999364341809,0.10801805201993096,0.16404943423154583,0.10914657392434714,0.1218859420180316,0.09770273659225374,0.09733797528466372,0.10127014937889768,0.08544914290691118
0.08923447943643474,0.07881956745742148,0.10432515712004146,0.1062671818095462,0.0997891915430872,0.1179648845715749,0.10773808696847505,0.179843368264219,0.11601808282919997
0.15076623012111903,0.1268016355616641,0.12329913613672035,0.11357987917464878,0.10619887205142116,0.08004614720500408,0.08360150546731561,0.11372268412693114,0.1019839101551757
0.32009696642891944,0.20229046075211918,0.06504709237721792,0.05501455679984548,0.08786590003627621,0.03514861339218844,0.0821563992478297,0.04731142412511571,0.10506858684048793
0.05640603913791751,0.10377923245968239,0.13785634205669692,0.14648886032395025,0.12539632949247861,0.14249410837031806,0.09074256291011168,0.10082386974858865,0.09601265550025594
0.1217903766926814,0.010211860186569168,0.010944317012415787,0.08784526053379588,0.06629964773582575,0.20401883465437332,0.22425625382636682,0.03128896915117756,0.24334448020679436
0.05663340326262834,0.09877818388181565,0.14136138823755878,0.1639180430473025,0.15528569551678514,0.0904355484514357,0.11570660928270031,0.10093955415845335,0.0769415741613202
0.18066326009809197,0.10727268035828452,0.06819009205392122,0.08273291089073291,0.09314471530957276,0.06919081361516059,0.11455802548716743,0.14816506964591267,0.13608243254115585
0.07201784688889974,0.09329933276308426,0.11684279673111136,0.11954631277347645,0.11615466844137017,0.18788908713982347,0.08811932881415623,0.10324629165401565,0.10288433479406262
0.10044864286010695,0.09645980197472688,0.12404922463242862,0.125363769018312,0.11179959552260514,0.12113295554252353,0.08479395582051165,0.12992792154520819,0.10602413308357712
0.11699003114518058,0.08439940481172938,0.10080612062264004,0.10051801133676186,0.11097057371781978,0.15977386602926236,0.09339180602861187,0.1199935868850323,0.11315659942296187
0.09470445547891143,0.0983620760541397,0.11586006588563728,0.12151239414455546,0.12000955243385146,0.16296617447243505,0.08319135163414954,0.10156247363068797,0.10183145626563211
0.04697271579009318,0.05447972090737083,0.06701925998993791,0.07378000025709715,0.09049815847269276,0.4603112969761414,0.10766610566882341,0.02946516921503956,0.06980757272280368
0.13679396906300975,0.10973506473109089,0.12072044324212829,0.12137767230186514,0.11581689219500658,0.10668441691233749,0.07899837574625594,0.109190792143656,0.10068237366464994
0.09961730863426306,0.08584630343758204,0.10981729183825358,0.11201913020028424,0.1044154694377664,0.1212023142146089,0.0962822329634872,0.1568923182700522,0.11390763100370242
0.12012991269511337,0.11051320683549937,0.13663468653280994,0.11765573606897535,0.10825158961833813,0.08591628758620373,0.08969991454613459,0.1283978704004539,0.1028007957164716
0.04740641774889091,0.08784861679015425,0.14801343430878702,0.16675879787019154,0.13888467390836293,0.1004138121926481,0.10712356590635191,0.12198299623899368,0.08156768503561969
0.046700288887454706,0.1070734503768217,0.14315425466832013,0.1479590275999441,0.13095742261276475,0.13630235345369043,0.10140603371814218,0.09132368156687844,0.09512348711598356
0.13954911241755238,0.07197697295987367,0.08316262511007137,0.08604638094194061,0.10875920167589548,0.18281075872420813,0.10499930069753582,0.10560973174325931,0.1170859157296633
0.25320242040363194,0.02099533200686005,0.019491289011018636,0.09503958254126217,0.0687847350830833,0.19618109816655346,0.1428777777160177,0.038063692226601276,0.16536407284497137
0.1113434809805065,0.10170680659487374,0.13167895340518207,0.12458442689867483,0.11117366611237195,0.1032293206154601,0.08404535932334146,0.12887407066169712,0.10336391540789223
0.07541355843041248,0.09159193153762513,0.10705672598475786,0.10090129386226059,0.12331647060264221,0.24608352509409218,0.08961301770133773,0.07117279823644317,0.09485067855042854
0.16458302344555978,0.12351806461897885,0.05455802322939887,0.0787598224223361,0.08656391390204506,0.05523468529300268,0.12946094990612025,0.15825144662620602,0.14907007055635235
0.039227873754184524,0.07967234675493032,0.15275397370302546,0.15687070695685795,0.1347787681767517,0.10347620441631522,0.11834995976293701,0.12946876437929963,0.08540140209569823
0.08824426814922293,0.08802062811905505,0.16590133115613684,0.11528001355645627,0.12094213686426071,0.10933448739326652,0.09911887937727908,0.11887445369177067,0.09428380169255196
0.14935778956620346,0.15500794564560508,0.14148572145734475,0.10413131343992334,0.1063955703789002,0.07308911303921055,0.08971517142662067,0.08854652055551625,0.09227085449067585
0.10117349561281623,0.09676263717925708,0.13573821485036175,0.12068398177810587,0.11039964580763029,0.09940454276827858,0.0923565038997376,0.13649099396452588,0.10698998413928669
0.040735733981853074,0.11585818389090081,0.12998796738891738,0.15964372739853816,0.1297721270833386,0.17272697206259816,0.08736199547547215,0.07793027672962112,0.08598301598876056
0.12535133821694477,0.07410484621512398,0.08558410357928208,0.09014064592168398,0.10127928015067324,0.1397693562056447,0.10843696476501495,0.15329797350199423,0.12203549144363819
0.11525178310988345,0.10741116448968123,0.1477994046969899,0.12390156013100866,0.11956948111801668,0.09824218959002033,0.08505305684117152,0.11178990234176113,0.09098145768146719
0.10406833999055787,0.09240670328572644,0.16620037661658263,0.10632477734035933,0.11770969980482408,0.10233830632244385,0.10077678409356867,0.11163019288232084,0.09854481966361632
0.11488348972000628,0.10454335092135847,0.14035099837975676,0.12234531405300919,0.11216371034730664,0.09796900924628592,0.08446244853087025,0.12329495828948472,0.09998672051192177
0.08872279587646252,0.10511608253111787,0.11278192752644406,0.11423258802269126,0.13358801139529347,0.19800008024446403,0.08378916772384011,0.07193409803080558,0.09183524864888104
0.11749490165458946,0.09994948616545996,0.12013129063648902,0.1210089905105534,0.109481470746701,0.1089132986279369,0.08426402638925486,0.13173823566171872,0.10701829960729671
0.09066103002215638,0.08591545405215262,0.1693510235998025,0.10709630280013037,0.12276471907125046,0.10811871989660932,0.10974018430484322,0.10792050731039439,0.09843205894266072
0.14474905715982742,0.0771330173012682,0.08274235377589942,0.08855205112286703,0.10198467135069382,0.12855006296896407,0.10713238119610984,0.14461863926771934,0.12453776585665095
0.06983574099589417,0.11984619381506,0.115323583842271,0.11949648884619037,0.15013856273281742,0.2074060793523137,0.08390292167504206,0.056316376935271695,0.07773405180513963
0.12010634161057492,0.14019944016571154,0.1103189831435528,0.11230122074125722,0.09905806264889738,0.05889758481314178,0.10506418340682433,0.1485316272638815,0.10552255620615858
0.0739333203896307,0.09011824195921463,0.1578855786186059,0.13597481830853986,0.1270176841090749,0.10657182713257644,0.09619435169700889,0.12509317814013907,0.08721099964520963
0.12343366481635511,0.11487252979656165,0.08018502861560502,0.09495640487750068,0.09089420487608292,0.06085892446182648,0.11795021020610126,0.1952700780888845,0.12157895426108249
0.1483123235158502,0.11989349128344721,0.12568622032021767,0.11617195814364924,0.1092567211458735,0.08767010812681346,0.08068797317439393,0.1117469800597,0.10057422423005484
0.026323718606793462,0.12539862786204134,0.12734347956461242,0.1862836384139349,0.13633810223748713,0.15716297861201792,0.09543366528677923,0.067767612408685,0.07794817700764872
0.09612045073978735,0.10202907509912347,0.1403761764975502,0.136563165349025,0.12073418615530063,0.10993089725994641,0.08268419296221229,0.11777743044919932,0.09378442548785527
0.02194521526553435,0.1045791495074711,0.1331941693181601,0.18466702628302056,0.14276018236926571,0.10319154176598304,0.13593631660899808,0.08500833427598374,0.0887180646055834
0.12545142168102574,0.09263039588700801,0.10677335655657094,0.10931034009938667,0.10907129130731015,0.12556483882527608,0.08851673170813172,0.13030205381092427,0.11237957012436645
0.08281678468754614,0.08767384070708333,0.16602528876640885,0.10823150988017138,0.12800198132477625,0.10680286421941271,0.12272332133730109,0.09571463287950373,0.10200977619779654
0.19345311053477376,0.16948304138607295,0.07895871293867963,0.08587755782176794,0.09326370753858342,0.05184330092937455,0.10083483795627635,0.1072486123958936,0.11903711849857775
0.07446167921273976,0.09675518731628575,0.13300780523351688,0.13210879573322773,0.11724573076096535,0.1357863173552387,0.08900562234133176,0.1178115988939471,0.1038172631527469
0.09457547533009551,0.09825384522511543,0.14739773171621384,0.13111453205729937,0.11919733060829324,0.10751595495018045,0.08572548418772041,0.12159334802719142,0.09462629789789039
0.16294285118659144,0.011452391054010386,0.014181573979313444,0.09575535857824807,0.0546379145554052,0.27426573395686,0.16587079499807575,0.03348820511444827,0.18740517657704758
0.07434173333431711,0.0871721005480305,0.1616780512652183,0.1285173264442594,0.12454831979736856,0.11008860917917707,0.09807384559463635,0.12524682612683372,0.09033318771015891
0.16117746217566645,0.10405602094078144,0.08034319730144047,0.090260186118451,0.09622155448189607,0.07635382562707406,0.10768419609614958,0.15692368086088554,0.12697987639765532
0.13439702269107343,0.10775280992280245,0.10288738423409087,0.1082441496828473,0.10053077917823616,0.08038938087465143,0.0966558250479312,0.15494227378285358,0.11420037458551359
0.2725139729199773,0.2187956702009103,0.05320821440607104,0.05953311145961282,0.08149274413912748,0.03421040210951521,0.09432911569849924,0.06130710838709617,0.12460966067919044
0.03550451677016512,0.07760819247857942,0.1366591826416175,0.16905507205094747,0.14948725570248822,0.0778296156138158,0.15547045251170002,0.12022544500933519,0.07816026722135128
0.06315112693367363,0.08531070638463888,0.16400868771135654,0.12333953082644118,0.12977728278741196,0.11202350132407722,0.11591587990323342,0.11090044027197983,0.09557284385718734
0.08180049368217403,0.08339783300697151,0.10696496251914485,0.1043434368052012,0.1115951496582755,0.19873462252635166,0.09454596459804492,0.11107863857566423,0.10753889862817205
0.050200977537674406,0.09762146436303835,0.140998484089982,0.17567435006386456,0.14254517204234,0.10458269473265613,0.09984028519960957,0.10863673979658994,0.07989983217424503
0.20809370904617142,0.21844282190656295,0.10980941345235617,0.08169208763708914,0.09786694988259896,0.05016101804095726,0.09049947993112169,0.053942485652934115,0.08949203445020824
0.0964561815622418,0.3187035163393488,0.06245546362249483,0.0798836426074712,0.08060945055951604,0.031239658718727678,0.1283239359976461,0.09698927644084189,0.10533887415171166
0.0630228667449777,0.09239049012625856,0.15190039437331018,0.14340042531020133,0.1275169106362223,0.11490946282956667,0.09587682435460747,0.11912719072529321,0.09185543489956267
0.09447118265306047,0.09423458845392764,0.15353170716491005,0.12123102897197106,0.11786587107908147,0.10607445203514049,0.09215588416881478,0.12134693299983638,0.09908835247325765
0.05965240755564965,0.09979377228951454,0.14230718275216114,0.15428905473572962,0.12805532066068193,0.12490790692943311,0.08959691136455887,0.11061363516891676,0.09078380854335433
0.06663145829211835,0.10317751852159511,0.15336377351816152,0.11269594307390829,0.13248473895224164,0.1119543906255492,0.1336477910655605,0.07753991779686417,0.10850446815400122
0.2512707015844141,0.07869745804389368,0.035833758090429484,0.0775980171136575,0.08537695035424031,0.06032477689670102,0.1370721756041551,0.09246408584141501,0.1813620764710938
0.14046666267609512,0.12118916568500182,0.14119277924099313,0.11439131247924816,0.11189142689682093,0.0887511282792055,0.08260028705047517,0.10498279710817003,0.09453444058399006
0.11802437877678919,0.1411247586001317,0.09400714944869215,0.10558123000443097,0.0939306247447601,0.05415578924831973,0.11260808699348109,0.16965536061400655,0.11091262156938858
0.1450681622343158,0.14968013067484995,0.15311182351605734,0.09976769942009307,0.10813880131813018,0.07980100462430036,0.0914558144804748,0.08369734353924634,0.08927922019253219
0.1005953537691097,0.09899724607254157,0.1485306281460906,0.12652911195025052,0.11728395371750704,0.10487115189097496,0.08593600597291466,0.12154131079161974,0.09571523768899122
0.05894422101428182,0.08726733659550044,0.15535635626775746,0.14704472249555717,0.1306404143606643,0.10751605984187022,0.10045220249436175,0.12667161583954123,0.08610707109046561
0.04481514953455903,0.08580682458947263,0.14561095089983875,0.16850615368451016,0.14588001702489115,0.09088268514191329,0.12046464368001662,0.11896395466745995,0.07906962077733855
0.08327164377322911,0.10104694753599908,0.1365380020180175,0.14172641923955445,0.12154453224398286,0.12201052007008277,0.08284873738344502,0.11573809303898878,0.09527510469670043
0.0842175995723815,0.09334162829483834,0.14545411910372597,0.11820048988731476,0.11759762757993074,0.11023025551757092,0.10203406650956028,0.11986800685292777,0.10905620668174976
0.11774730482006153,0.10559367161512996,0.08942362857011942,0.10132299100332713,0.09356850149976244,0.06782562387169404,0.11289695165752829,0.1938019875638194,0.11781933939855778
0.04297178043048249,0.11070717596226314,0.12290190286860275,0.13344677367273233,0.1236355727723641,0.2204238956490874,0.08689178936787963,0.07014617625250186,0.08887493302408626
0.034208012830263625,0.11943339883324124,0.13533320221437542,0.15909711251253636,0.1324612535472267,0.1579317206847007,0.09919782282602002,0.07409851096895766,0.08823896558267823
0.028115128307231247,0.08331197883781793,0.13014775246959315,0.20385628516940915,0.14523197047911296,0.08580649061028091,0.12953499086524647,0.11417581407155307,0.0798195891897552
0.139321903350309,0.055567957167198756,0.06421684164782356,0.08367256491922953,0.10031021560139569,0.23402576839913414,0.12064311070673496,0.08663053060668059,0.11561110760149369
0.07328214076174848,0.08782155241288925,0.16548235149252477,0.12598687469881004,0.13290617569454882,0.09897256251258525,0.11458512189498198,0.11869747782578062,0.08226574270613078
0.12839889170938398,0.043125814410245135,0.039071120055038884,0.0844071742557586,0.08335020061681608,0.14360150864933505,0.16316915607730476,0.17231773911408932,0.14255839511202828
0.06287364464610357,0.07258337049904406,0.10091758863717613,0.09290335613304945,0.10206775374672832,0.22791633720898,0.11102324821021568,0.12266231046301236,0.10705239045569048
0.06123339211233635,0.09760973565337171,0.1463588869896694,0.14500005455378115,0.1268815135625129,0.12300118493805372,0.09400251629676008,0.11119889111275462,0.09471382478076006
0.07400502201902849,0.08905728297344755,0.1586292078134268,0.1289533697532928,0.12448840195878025,0.1115734113953401,0.09794827399097976,0.12143254613489952,0.09391248396080465
0.1391946150662315,0.1854079007584455,0.16870560292538136,0.08224222130189437,0.10654226476609978,0.07942221176346044,0.10395021244568657,0.055884746922482166,0.0786502240503183
0.10401912192851374,0.10122578758726049,0.1425331868435331,0.12847108202689603,0.11624412264672457,0.10527393442798831,0.08357294260736979,0.1215888514700536,0.09707097046166036
0.22714616563530018,0.1290569092304474,0.04930218586347904,0.0730132255727028,0.08622548411114829,0.0510300859881685,0.12030338477078704,0.10951446781351282,0.15440809101445394
0.03272101447721001,0.09867582046119823,0.13896451535297752,0.18614318517274783,0.1387527282498574,0.11448631526812288,0.10594652841142643,0.10091479497762033,0.08339509762883934
0.14367902483602102,0.1470499630773131,0.13410576184045034,0.10962915597745541,0.10552526948758817,0.07102981870369625,0.09006769063524822,0.10231189555594496,0.0966014198862825
0.15194258534083868,0.1905492385491331,0.10642689133050472,0.10282491638693107,0.0985562037362175,0.05227078280067493,0.0985104984119705,0.09846478996000708,0.1004540934837223
0.28002196895977677,0.25497000218747795,0.051999041846292636,0.05401093002787488,0.07851467182381787,0.028255809579975092,0.09043193509183356,0.04598119442101042,0.1158144460619408
0.13964465778941718,0.19993416808463235,0.13191873131886986,0.1011373805789515,0.10328207378876327,0.05685011731825787,0.1001363682295393,0.07789224497250626,0.08920425791906245
0.06934949900357829,0.09769300328009907,0.13911829296255737,0.13168717447902303,0.12017381253519538,0.13171645336448576,0.09395676832387112,0.11236210126901165,0.10394289478217832
0.05494458211930895,0.0997425000803344,0.14151153839731287,0.16668521123351843,0.13389479309687988,0.11716576425790937,0.09133482644300994,0.11009537596831946,0.08462540840340678
0.05407293753483084,0.10440925689238166,0.13597024969078875,0.13745188219767304,0.12336433767512613,0.15360911084706985,0.09487795509172488,0.09599168471588172,0.10025258535452303
0.13298341447650033,0.19635424088989284,0.052555965747669464,0.07587558697958788,0.08139578569868391,0.04072969107923622,0.13133119382728717,0.148314798640475,0.14045932266066716
0.07259813675514702,0.10402895889298182,0.13396913497456822,0.14958653616086579,0.12561176383675396,0.13210802649023182,0.08275768133343876,0.107203193354127,0.09213656820188564
0.21535841272040726,0.041476920463948734,0.04098768504831348,0.08808328697280304,0.09222775234671145,0.23441202367961558,0.12013896243159052,0.04808295193367338,0.11923200440293653
0.1288411314659548,0.15368975270883214,0.1924015985373929,0.07516380086095184,0.10767131049421107,0.09983197039266205,0.1122382121280656,0.05350502133038728,0.07665720208154242
0.11466664853840199,0.11071848490555407,0.14381882108508906,0.12811771759492166,0.12922730729547718,0.09436462306891559,0.08918354691844989,0.10299106953591804,0.08691178105727247
0.11066058846109467,0.07004775004847268,0.08704642157110454,0.08759999279181514,0.10570141502072712,0.1979532893101141,0.10743999926312002,0.11875166736305731,0.11479887617049435
0.03657542477834766,0.11842925450955988,0.13451110860035032,0.11870417310450389,0.12461096677009181,0.18157116289248165,0.11908139330788294,0.0650092582405231,0.10150725779625885
0.14961830288076877,0.12300482160547553,0.11509476230537836,0.11236725796170784,0.10426244315057875,0.07885536638858304,0.0865543161797292,0.12387728454477753,0.10636544498300095
0.10036286945998668,0.09714508772809471,0.14533661628522465,0.12197294345848843,0.11436281321476031,0.1031070568067481,0.08977267204109073,0.12560412104656585,0.10233581995904052
0.0278149346825089,0.11202486683975103,0.12620473837012158,0.20870199360875166,0.14209377671062082,0.12581279272602797,0.09927533258822298,0.08175143802018592,0.07632012645380915
0.13408173106882335,0.06078124941814252,0.05435848237269614,0.08204043636287404,0.08806035223257037,0.11171341490202302,0.13972683269830008,0.19181235395963095,0.13742514698493954
0.13277157130045653,0.11408019183955553,0.1362367812925552,0.12007900248672215,0.1123272011660454,0.09315460282438308,0.08114618851604231,0.11299972775533983,0.09720473281889987
0.27704133199378406,0.0704195551194309,0.03854116490566643,0.07720149386740298,0.08743024444237922,0.06834359368832578,0.12840291350090177,0.08580730430949894,0.16681239817260987
0.06380808087293081,0.087340147545245,0.15860294373636294,0.13521526293674654,0.12749046127475097,0.1121029417765964,0.10136268782792633,0.1225089498459153,0.09156852418352578
0.08410309647814358,0.10979285936997497,0.13740551524940506,0.15076139496889915,0.14162507806812893,0.10452884649166679,0.09111091225637376,0.09799728585618629,0.0826750112612215
0.06139822516546848,0.09955386244979281,0.1403915334211473,0.1483131608669596,0.16475366987927886,0.0813612640139791,0.1357990618324967,0.09329773032442316,0.07513149204645402
0.07759833194621026,0.09836366913199428,0.14213081625123325,0.14187735367998008,0.12247282511141117,0.11888308161547549,0.08598279974279549,0.11796340331286675,0.09472771920803329
0.21417725705947385,0.2851067423494332,0.04292077881377354,0.05724523634268933,0.07458083010800876,0.028370825811649264,0.1067805717086398,0.056976495833826586,0.13384126197250576
0.08213999071655871,0.0865400421220162,0.11855704363786627,0.11726497344909755,0.10805790408976111,0.1370566682760239,0.09580355005320673,0.1429644854608323,0.11161534219463724
0.04835223756829354,0.10589592567513757,0.15069551604536222,0.1340351873335614,0.13561844929059452,0.12092879937543416,0.12080275723390584,0.08439682651189177,0.09927430096581895
0.15434862085746046,0.18413758553058002,0.10785358939982326,0.10343740619471464,0.09909931476877443,0.05405509992038318,0.0968639858983777,0.09943530954768598,0.10076908788220025
0.08780200779402302,0.10541345835381995,0.14054791176361034,0.14628833125962196,0.1318373347439123,0.10633605251914587,0.08692733043278345,0.10830972683308564,0.08653784629999746
0.06979529760385157,0.10050759130138455,0.1432263518712503,0.1562202524568756,0.13371000321920953,0.10906396692408526,0.09029273583105683,0.11237191015343108,0.0848118906388553
0.1921172083042566,0.058868763830058096,0.06243104032871994,0.08295685711197465,0.10761932441755552,0.20769943647955072,0.11001802217883101,0.06504355182483113,0.11324579552422227
0.173864855717743,0.1581038003467102,0.12669418574610283,0.10218478321841545,0.10494504826355554,0.06944821914780572,0.08457435816438934,0.08537477205646045,0.09480997733881753
0.07817997465159984,0.020698630037704963,0.016754351882007582,0.08464856499405134,0.07585775007095001,0.19272747131107126,0.22139053923899166,0.11523915869236555,0.19450355912125772
0.08958618657003549,0.09189505578648315,0.12775690814800658,0.12224994837736876,0.1101848919348083,0.11670532690755975,0.09267784827115146,0.13944172505671673,0.10950210894786976
0.0631956896194778,0.09187720758075431,0.15358037208166228,0.13935596574711395,0.12753292016899806,0.11509848724782044,0.09845918937746197,0.11739937475785445,0.0935007934188567
0.20742146181704302,0.11276828521351494,0.06604661608792456,0.07958991773875901,0.09334455416221708,0.06602967906594547,0.11065914349116841,0.1273632154920174,0.13677712693141011
0.08382567832687532,0.08668562159060966,0.1658364540632744,0.11555581313805119,0.12261264718809202,0.11011380252655191,0.10266469217490092,0.11706947956919884,0.09563581142244569
0.1179099129715286,0.1520843435885687,0.1374107946759022,0.1098371678231822,0.10575113562211987,0.060930022993817105,0.10646619694402344,0.11353486553893999,0.09607555984191785
0.2526155919178365,0.1462763985904834,0.06725137979708838,0.0732522738888601,0.09212778492566077,0.05323632009165228,0.09680013759086975,0.09191257398010629,0.1265275392174425
0.11507173883288163,0.11012310676546284,0.15134187334926352,0.12052352257460057,0.12994986068911749,0.0911365796130174,0.0960260584601285,0.1007942538313014,0.08503300588422665
0.14100750510780138,0.14870270201752525,0.11786653170487597,0.11111977622604628,0.10206382315630602,0.0638639539531561,0.09436756817875754,0.11872323146654545,0.10228490818898602
0.13755870873091697,0.11416044285507089,0.1281497793111611,0.11949072450787503,0.11029289222293186,0.0924849840994066,0.08080853140999655,0.11637256748443271,0.10068136937820826
0.24392596912296152,0.05440177659754573,0.04148273898533074,0.08477747421262573,0.09135038856980131,0.11324464962834242,0.1324984350698953,0.08459326086548435,0.15372530694801287
0.1576819196755089,0.06093674665046913,0.06419645743852889,0.08406439393639513,0.09865786439705763,0.16342192430968502,0.12252919038341731,0.11991811661181269,0.12859338659712524
0.023274062241788167,0.13683164416423202,0.13325678734975202,0.1542553686269377,0.1392276011369429,0.13981023174982987,0.1282407340965069,0.05737062176976394,0.08773294886424639
0.041596474214510674,0.08833629660011517,0.14579836730992368,0.1733905401811567,0.13792157383897566,0.10390335209277819,0.10666857413359437,0.11987770239537122,0.08250711923357422
0.076476422275278,0.09174062637698788,0.15466149157664494,0.13008553304934395,0.1233654480432671,0.11242940665274892,0.0953628943929493,0.11980485322301908,0.0960733244097608
0.14463740843736314,0.0888149441193616,0.09739420980202394,0.09808429229061792,0.1097605832679663,0.1326186177194479,0.09209147293143055,0.12086401625660918,0.11573445517517937
0.08438034825705602,0.09734997653163235,0.11932945408887809,0.12612467880448752,0.11794266464050128,0.16141284558977997,0.0838433476112927,0.10744868133231571,0.10216800314405633
0.052946880531679424,0.10093808399771298,0.14273052843128983,0.15646308378917215,0.1296480318869915,0.12775398701991714,0.09279525289704628,0.10592532447168035,0.0907988269745104
0.033474284709329706,0.08470428514137864,0.14126888131565415,0.18430183067019704,0.14050042684671396,0.09717964645610878,0.11704458100291526,0.11973604356721523,0.08179002029048711
0.11601251964692343,0.10690284023594336,0.14134242009121192,0.1171403980727816,0.10967791347655516,0.0887295169408358,0.09064088025663912,0.12703797178714596,0.10251553949196357
0.034480653666191276,0.08914804431552818,0.14654463754083727,0.16978303065863262,0.13754524615906663,0.10712673199242405,0.11553321971238521,0.11318920246535029,0.08664923348958449
0.06081055426519427,0.08950141229234902,0.15328889946313656,0.14976654136539816,0.1315641745874332,0.10635666720531563,0.09864265409992608,0.12476843498600887,0.08530066173523819
0.32279255575690624,0.05908491042381415,0.05233973067594718,0.07339320913593124,0.11648724441315574,0.1441064082480649,0.09334003286353369,0.04876336887081235,0.08969253961183454
0.09680520290444343,0.09420045686047723,0.15334014369355453,0.11761219631401704,0.11699886798190641,0.10370830228625759,0.09486212609625182,0.12063014313154563,0.10184256073154634
0.08936006749343549,0.09907655818278556,0.1480746970625103,0.13715946283580396,0.12403001623167298,0.10631427162569192,0.08694371227393105,0.11905618643850084,0.08998502785566785
0.17613949327807546,0.2699640837634341,0.05695485910867645,0.06960418451891354,0.0818672031885134,0.03445176292504989,0.11224415234022811,0.07610669271904759,0.12266756815806146
0.09484260013993506,0.09694495905369001,0.12556388414186814,0.10331259408560368,0.1418532213826501,0.05004400961387506,0.24163967802668343,0.07401279874561305,0.07178625481008137
0.07446167921273976,0.09675518731628575,0.13300780523351688,0.13210879573322773,0.11724573076096535,0.1357863173552387,0.08900562234133176,0.1178115988939471,0.1038172631527469
0.3151073050532956,0.10167977824906271,0.054266860825519216,0.06710751995640485,0.09228626085068153,0.05940565919327894,0.0978674189678153,0.07906333396681355,0.13321586293712828
0.1028026884810977,0.30358995005405537,0.06584372493886634,0.08231372538237981,0.08250321328472743,0.03265530972156302,0.12609625082657297,0.09872271677728066,0.10547242053345678
0.17754157089288938,0.10206317528693677,0.027183619188406883,0.07740034472664797,0.08040992227028924,0.04458033664172419,0.16437774224263998,0.09602903263170537,0.23041425611876018
0.13076425103990244,0.12698750970970185,0.16593560171765243,0.09871401736805718,0.11092865672572921,0.08922539305678534,0.09564121787286163,0.09129802643819,0.09050532607112
0.06488302668204282,0.09506471153962308,0.14921816194309023,0.15368676591073435,0.14008576655449081,0.09785985844414581,0.10287522872876372,0.11483232297089903,0.08149415722621016
0.06598862382166965,0.10272311980740216,0.1343212919954217,0.1468047151428042,0.12370546540151654,0.14003099073853795,0.08496361149386598,0.10642895510862556,0.09503322649015623
0.05636734116063319,0.1079803548089149,0.13091199681094998,0.1533044935914905,0.12718354349041258,0.1556438607121348,0.08415792083858552,0.09381511266328847,0.09063537592359001
0.2313032661643197,0.09445551854159821,0.06006812115125006,0.07732273309441513,0.093894394549345,0.07385679672495622,0.11233359286812146,0.1155005115971825,0.1412650653088117
0.2631994474583336,0.029069196779602045,0.02403465527910692,0.0928901981481653,0.07885570501016857,0.15019452477504383,0.1483849425765905,0.04507148407994669,0.1682998458930426
0.146595330603374,0.11350713172510767,0.11260489428657082,0.11257101163139833,0.10513675734842165,0.08654402067575999,0.08605612599227253,0.1284802507677271,0.108504476969368
0.2216608053809728,0.14560098668656335,0.1062569852774344,0.09196755353123687,0.10704484639792768,0.06836131825323206,0.07978926657428687,0.07983248192117831,0.09948575597716769
0.1621281317609479,0.1266970965011395,0.1167499045274427,0.1108275866520773,0.10603350852044487,0.0803125216959914,0.0824894503504863,0.11105886523462484,0.10370293475684517
0.19550831606225186,0.10978368289171596,0.06565404608521651,0.08060792612937881,0.09288863137647652,0.06712406317486538,0.11372519376038463,0.1367164512895426,0.13799168923016775
0.09436678391833042,0.10973607270613372,0.14215957277859534,0.13851407241249733,0.14567106874435207,0.09197500099865023,0.10059756204425326,0.09577774265457646,0.08120212374261122
