0.10130877701882827,0.14859979276569302,0.1550235271918525,0.029051230091181587,0.12103239544320349,0.09674047484035736,0.14540382055149517,0.10462469544469248,0.09821528665269612
0.07367046884155719,0.13569412024546104,0.2209345196707242,0.0208617579190999,0.11477649803702612,0.08860545277934267,0.16716883114962502,0.0477789828232566,0.13050936853390718
0.0807677452241597,0.10394390919066747,0.09382977470456283,0.27296253288910693,0.11535842158189563,0.12955341776559096,0.021695130591203347,0.06592352930476968,0.11596553874804345
0.1017783994463995,0.17546428497384955,0.18788215172348965,0.035230081157515365,0.10109348284066871,0.11010748592616554,0.09656617146981133,0.07685599246535427,0.11502194999674614
0.10329111099622534,0.14714801079515857,0.17944569112753453,0.04171593675942093,0.11788232832572802,0.1037622152823686,0.09394414851498757,0.1123610958860849,0.10044946231249152
0.12967232290190098,0.08825133655502083,0.04406630866885266,0.22478299010570502,0.13425724529328564,0.10312565743342077,0.02752848949005168,0.12334168076899384,0.12497396878276855
0.10661128750949038,0.08643443387976595,0.055214875145612206,0.13377182775040342,0.14657880755167324,0.11316486689270024,0.040616333445751156,0.1909708820435526,0.12663668578105086
0.07135912532620538,0.11729731023219843,0.29814899372045894,0.04981688842647142,0.06994977453178666,0.17366586214760696,0.0416410850184866,0.037495518964629417,0.14062544163215607
0.09781404414479444,0.09369791588463681,0.08527225740945034,0.03879389526180373,0.11506719625638746,0.11630910442447996,0.17264389276710068,0.19256076073562403,0.08784093311572246
0.20088793650073197,0.12881364819663466,0.046359398054086266,0.12040880767753416,0.11860830003317151,0.11515120759449082,0.0412107043825071,0.11182864267062946,0.11673135489021413
0.12444477550469135,0.1635401832295168,0.14655031197168328,0.08976455629190032,0.09006378426680588,0.13978709410520704,0.04471614317903814,0.0785233844714311,0.12260976697972603
0.10038245926274499,0.12879082210063084,0.13419200185204083,0.02940232731911836,0.12150741709263034,0.09913386886723646,0.16965391685314543,0.12472167092934222,0.09221551572311049
0.12535245996294012,0.07710962362509836,0.03601198037415232,0.22332916326166188,0.14487568443558274,0.09761958454147375,0.027343285716571714,0.1398330319395723,0.12852518614294692
0.09416298406598796,0.15036384109497666,0.23416262190546724,0.07257080197608286,0.0858513730124646,0.12734636308545624,0.04686626857764098,0.07285748882206496,0.11581825745985853
0.09037813216457292,0.07776590283806874,0.07230326442964387,0.04960141913298432,0.10460219761489659,0.13603016287710315,0.15967265194124355,0.21800079745323128,0.09164547154825554
0.0895289193652102,0.11618970473960995,0.10567020105236409,0.021783750189792905,0.09002581330523814,0.10421821740431915,0.3042644302473441,0.0706294556388557,0.09768950805726569
0.07805230095337477,0.09182236187811628,0.08838282884127445,0.18391025044113754,0.12777570873885016,0.12318928430761826,0.0310130014294962,0.14484087236022236,0.1310133910499099
0.09669987909643445,0.15043164179942609,0.1214085715984699,0.021650954287044985,0.11626312705809448,0.09213930509800868,0.21315832086845052,0.08692897297625936,0.10131922721781156
0.061429607267682686,0.10138330849531389,0.11802121764276487,0.2816410004820879,0.10093102659201207,0.12757868122535118,0.02041153039796664,0.0729619517975972,0.1156416760992236
0.09963482623778208,0.13376676953247593,0.14163441668585283,0.1482175737853321,0.09743238766135605,0.13010566525757702,0.03332639481694682,0.09507516615508749,0.12080679986758963
0.05901630802853188,0.12304258810304203,0.09281434106937829,0.014942256818239163,0.1118218122095072,0.08659442739800209,0.3104636989636274,0.031124310331573066,0.170180257078099
0.0923291675336344,0.11844363314416523,0.12576709358130808,0.02394415875355561,0.09961311194156681,0.10206936297593454,0.25663510908916937,0.0865443065760288,0.09465405640463724
0.0637017221213128,0.08321186197802856,0.07291669185135286,0.3236995072133901,0.12342505611911236,0.11189660308152292,0.019098986625814548,0.08290212221071432,0.11914744879875148
0.07806389834223852,0.16170836072126937,0.07817490495663992,0.014730091193552222,0.10720708238572334,0.08660790988116111,0.2982743109540699,0.047065268276847066,0.12816817328849855
0.059315677179369274,0.057262654948228554,0.036007727617988046,0.4157610740043052,0.1616300382313144,0.07992389509674465,0.014853741959474758,0.06689296464005766,0.1083522263225175
0.08982962095206516,0.13637258224791082,0.120610952211381,0.0203088804694502,0.11041498685478772,0.09267548558946959,0.253295965909623,0.0735997071896505,0.10289181857566206
0.05103241739581787,0.10737780216133114,0.011297934467245245,0.01546135614077597,0.0893337452510544,0.2000183830816785,0.41015306176188765,0.016252097273823648,0.09907320246638551
0.18500727946681428,0.12987932306957628,0.051908941794214576,0.10951915517059367,0.1076748918130449,0.11374866241545929,0.046617850560611164,0.13901808420260411,0.11662581150708173
0.08422849980131798,0.08586567255529269,0.06947580686812038,0.18720594041821056,0.13877979236349308,0.11836960752957831,0.030655384709052963,0.15255047689537488,0.13286881885955917
0.10860677989883066,0.10435619143959886,0.062288104588000846,0.03308175286077537,0.12382553382281504,0.10265892396177183,0.17349064047906956,0.2031752342235292,0.08851683872560871
0.09246475222072466,0.11882810075565141,0.15573793022104376,0.026210836771306072,0.10246824173830056,0.10081594945492289,0.21970412015480345,0.08982330063005883,0.09394676805318829
0.07527929043365075,0.10874776158081349,0.02265169046135217,0.014996478496991142,0.0689565405269804,0.11016945143422623,0.43103352275697665,0.059113519557199935,0.10905174475180913
0.0732347526845124,0.05398362342341804,0.028337453352223024,0.3938802667671055,0.1718654047203668,0.07409240837686441,0.01573284925279088,0.07659396625077393,0.11227927517194501
0.08452596726483236,0.11712682374648253,0.12601892617233237,0.19013683146991597,0.10341372520200154,0.12651740371054834,0.028636548770727018,0.10157014461084941,0.12205362905231053
0.10881233617087145,0.11168619496521003,0.09741691796372703,0.08664730743134404,0.1318943136547209,0.1151079329573247,0.05668829214425364,0.18106787545437183,0.11067882925817633
0.3117880674207423,0.04829189537856398,0.0037333199366561365,0.04902468682646405,0.15455562161387473,0.11328549607721035,0.06276241479828175,0.15497171534991938,0.10158678259828735
0.09125187813357065,0.0771842895494023,0.052975727999366236,0.16009154243056453,0.15336869546967336,0.11543539583131329,0.03487949596258601,0.18029693970566033,0.13451603491786335
0.07664153748075808,0.11186924561326672,0.04796944645596655,0.01699113552025888,0.07691707181323117,0.1085599727160221,0.4097276917551233,0.0439410560793299,0.10738284256604336
0.08411379022844474,0.08727503199808852,0.06682913879886777,0.23038819047914358,0.13315634800901308,0.11442578078942518,0.0260103802711964,0.12748668175603298,0.13031465766978775
0.10163166917932792,0.09499410597566686,0.08307593190061559,0.0671894798968532,0.1396332168487829,0.11520577327320929,0.07939467435634151,0.21606078086474714,0.10281436770445561
0.18349147712809025,0.07177453336128085,0.02418099718055734,0.2160962016241703,0.14999129847078474,0.08455586034841445,0.026931584352982763,0.1255273147994345,0.11745073273428486
0.13734065113425917,0.1452704382846652,0.1011233949693328,0.11540716491184287,0.10068032259371468,0.1271172632430819,0.04216605935981957,0.10982837150654191,0.12106633399674188
0.08091885009974979,0.06105112607045617,0.02641757026567948,0.03789559570551118,0.08252123801778823,0.15630472813392107,0.2491827693992763,0.2131738730548042,0.09253424925281352
0.09398334785093883,0.09636570421672423,0.0822701619755159,0.02784595890496776,0.07676890313884681,0.1254144136613888,0.30117968257568745,0.10897759671845242,0.08719423095747775
0.036439678067372826,0.11235143480133007,0.005002406101414885,0.018304478231709578,0.11851018945260293,0.2644102937891392,0.33228509494655384,0.010068114733481267,0.10262830987639547
0.2360158273892243,0.11962583268082487,0.026683373064948335,0.0757385891855301,0.1044035640099441,0.0980125767618575,0.06311868504223306,0.17403089605728925,0.10237065580814846
0.045005737546154834,0.1076364843096867,0.013953056332267448,0.012664567963209972,0.1021732101819582,0.1357095693479502,0.4378859770052445,0.01814536912000218,0.12682602819352604
0.13604042190975832,0.1397706568219078,0.09551282560036911,0.08384720860583177,0.10904687301853898,0.11716597441684862,0.05627725317239754,0.14943020362704915,0.11290858282729867
0.07724583084007233,0.15456574915311197,0.14372557257571658,0.01783474081733204,0.11548942601947514,0.08912727047303644,0.2224071958509368,0.04986840872222779,0.12973580554809086
0.09350136002010302,0.1076248919380353,0.15627724934527545,0.04741210551360044,0.11483236623721978,0.11290012240658558,0.11682818221276614,0.1579120137043103,0.09271170862210404
0.07158252010228057,0.05826678929127795,0.018870798657130133,0.02947753549794471,0.06157622969756218,0.23693347345214433,0.3877791215795247,0.05520275710962393,0.08031077461251146
0.12409299785188392,0.16140586298036808,0.14492665404843216,0.09379887250955328,0.09066657846668259,0.1389167997793105,0.0436794726028644,0.08013503936424272,0.12237772239666234
0.0816405148941894,0.08454839285068773,0.034710562663571386,0.022949373763919062,0.05820477520245019,0.151512537230741,0.4085905009472885,0.06796422720053868,0.089879115246614
0.09841730384511371,0.10697098803039218,0.12307647163660305,0.055429298487894185,0.1292798014234571,0.11299044190930246,0.09369723994703372,0.18351030153339032,0.09662815318681332
0.10730985340313243,0.11905223850592726,0.10485605975715678,0.12339436560436011,0.11898357164244933,0.11992591767765674,0.04123624930969178,0.1457959727236523,0.11944577137597323
0.08856096769544365,0.13688821611063073,0.1158404652505921,0.019604032810032385,0.10921220411933348,0.09214386873959486,0.2635222082370006,0.06957307014662045,0.10465496689075164
0.0833209852086641,0.14025338024023382,0.26216777025015364,0.08415020919013712,0.07719832480212813,0.13524297001196253,0.038832970675440066,0.06283556113372278,0.11599782848755791
0.09498248917145435,0.17107433021854054,0.16257954660192475,0.024637833109812657,0.1126915694826014,0.09670842199962044,0.15115661721958304,0.07421590067560924,0.11195329152085365
0.100500929533539,0.11458418952915696,0.12226081108863247,0.034790931185678504,0.12184696737985379,0.1051996662340995,0.1572468841361304,0.15396172736328403,0.0896078935496254
0.06516183079534886,0.10180698492332334,0.019906140452692442,0.014588773977520793,0.0669871716330925,0.12575222716730045,0.4573353016603316,0.03672586943043631,0.11173569995995365
0.12967295942350446,0.06293636638296043,0.025279357565326108,0.2511247596135155,0.16096267496366348,0.08528169677308113,0.024053304253716712,0.13206555066274875,0.12862333036148335
0.09944743600872814,0.09718029352004247,0.06687124370097773,0.026137991156606782,0.06160412630028885,0.15428011991784393,0.36479620206505764,0.047002535950967844,0.08268005137948661
0.08891466642520496,0.13184853798390633,0.16808935581717924,0.023333535917253314,0.11235629933335894,0.09281859537961991,0.20612285725929247,0.07518520353576143,0.10133094834842338
0.08685655686765292,0.13108483614504188,0.17081821233195563,0.14528484417957674,0.09305043159052608,0.12940861544045865,0.03260570950244184,0.0927927179228708,0.11809807601947543
0.09100888849530925,0.07102486185198863,0.04023308144026017,0.31436142591578536,0.14946766286060342,0.09328036790116857,0.020379422287377734,0.09871925081295452,0.12152503843455235
0.09454023790299843,0.1509005998771065,0.16282425133703177,0.024780297671017384,0.11920522316858707,0.09323241351304985,0.1674646732562165,0.08420481133167124,0.10284749194232123
0.093444970458491,0.1174520040134548,0.1110104414812132,0.023845246804595068,0.1005755870899876,0.10304997503154455,0.26313167004350857,0.09407930637120504,0.09341079870600023
0.08732441650808041,0.16124909803164747,0.23097990816401046,0.03213568906443926,0.1019238657748686,0.10900353573922306,0.09350833213668615,0.06101154921803854,0.12286360536300611
0.0819505026314165,0.12488634871646857,0.07760788963624785,0.01750909841167641,0.09268166399221278,0.09637980741325917,0.34674728137027855,0.05342625083223564,0.10881115699620451
0.09764909838876897,0.0963037768637744,0.08460647646781094,0.02733575180394306,0.06105863641959112,0.14139801530116716,0.3406238205912145,0.06590951263944413,0.0851149115242857
0.15195994107854766,0.14002361349399894,0.07931183810895247,0.09905975663063578,0.10395151600133488,0.11928334331663944,0.04981123974888458,0.13947844730382883,0.11712030431717742
0.1154507820003805,0.12020068054242773,0.09610223416863084,0.11339588339560751,0.12012219839471028,0.11832778712320723,0.044486135497350476,0.15379824668556888,0.11811605219211656
0.11894810141433432,0.07210892289202384,0.03411785577107588,0.2847367132557624,0.1505201487079465,0.0900584896765928,0.022413329944988427,0.10632599648519636,0.12077044185207948
0.1308497405638988,0.0654298658522296,0.02791778835589763,0.306742675753803,0.1604584668850164,0.08094844194477603,0.02065225460016058,0.09349498794252187,0.1135057781016961
0.1195242213302312,0.12447028076599907,0.09848780323953925,0.09910598000091997,0.11938305011852236,0.11724684748305765,0.04935600998187795,0.15733383092669337,0.11509197615315925
0.04306340195544265,0.1292073428007351,0.1510894619922008,0.01723143620663813,0.10677309766277743,0.15719231663872102,0.13722439902293213,0.03413045607050667,0.2240880876500461
0.11625843286996418,0.073611472341795,0.0354176273207395,0.2223520796765678,0.1504608690037796,0.09802750717823154,0.027118517669070388,0.14548053490854576,0.1312729590313062
0.08929142895154923,0.12111854263614197,0.14732733006261364,0.022959884317199485,0.09882406229645653,0.09814367672844909,0.25178995398789733,0.07133376508280907,0.09921135593688353
0.1553928041491227,0.13533226840455412,0.05918387254380611,0.05562803937233627,0.10581844413283774,0.10612704569631741,0.08740680555190122,0.19264603556538443,0.10246468458373997
0.08661539017753661,0.1096158224626368,0.057886992567064456,0.019758675628676097,0.08138144382696873,0.10943149924512595,0.3645180935268864,0.07345481360110993,0.09733726896399496
0.05393848398285999,0.10549440229679095,0.017461934051580804,0.013434933552445105,0.08344200614992482,0.1306680060917845,0.45390916024362293,0.0227787503648631,0.11887232326612791
0.06098837850980177,0.0860522640564158,0.014661933495685583,0.017479786571734168,0.06551201265251978,0.18675311847345144,0.4411640760830296,0.02867148402553213,0.09871694613182973
0.08277323315141419,0.1359681284167266,0.21050811104415967,0.13305675684262833,0.08085359918382541,0.14113734506267345,0.030862125249002687,0.06779492500250056,0.11704577604706912
0.1081168964933768,0.14384344180174916,0.10806617591319312,0.02687814612317498,0.11991455268602179,0.09626669151712515,0.17607736339384686,0.12652621308843545,0.09431051898307659
0.12405636057225361,0.1696663028480444,0.13579440607086454,0.04595792147262568,0.10336049829393451,0.11174389720259814,0.08743910815232682,0.11547503168672268,0.10650647370062954
0.06616112075220866,0.07463467684357383,0.015761087762737734,0.02185140273321447,0.06398074844502041,0.2194332011264151,0.4165484692335792,0.03439673960348604,0.0872325534997645
0.11196994395835086,0.11289881543463853,0.09529369591310884,0.05902801374475022,0.1341699630221766,0.10976738519558786,0.08251245244129307,0.194461645825324,0.0998980844647701
0.10150790074783596,0.09562176953038905,0.08523503895625854,0.05437718925460692,0.13529647016172147,0.11380831968481353,0.10228708947050445,0.21581632247798865,0.09604989971588146
0.09375219658177887,0.08964668032602417,0.07510668644200713,0.029945772376832505,0.06949905212064146,0.1357153490602099,0.30618789365678284,0.11483408408706308,0.08531228534865996
0.073987472272476,0.1154741081191631,0.26048363493570775,0.021707884070305453,0.10349601951782296,0.08543679750019657,0.1652931551944772,0.04276915276237697,0.13135177562747397
0.09552401257910631,0.12782718927802428,0.12665396570584928,0.024435609612721048,0.11329770610520416,0.09751723848713584,0.22003371184426798,0.10027562551967449,0.09443494086801661
0.08784980206864539,0.14459908377299333,0.25233620449823563,0.0360036125760952,0.10879665028846518,0.09937583946514657,0.09010253069869655,0.07251170894859145,0.1084245676831307
0.10606193493104478,0.15345717383513416,0.18347152450660867,0.049190772460465215,0.11014628580737591,0.1091442313874786,0.07698999252290302,0.10646641105708675,0.10507167349190295
0.1123511107952951,0.061547805502675135,0.02449823916718513,0.11231497019959064,0.16711085097409936,0.10815116062852015,0.04669887665325092,0.23229913830011148,0.13502784777927213
0.08508651010240342,0.1316519336416417,0.19921683776752327,0.023456442340347616,0.11215166019998851,0.09004589583033562,0.18647187081842762,0.06596287879569758,0.10595597050363469
0.07794796858667119,0.11802167137808299,0.05141772191877047,0.016461042021518216,0.0824746690726842,0.10147662801111873,0.39494886421403574,0.04835778632951554,0.10889364846760291
0.09369614435398084,0.15306315355230568,0.1691409005782347,0.02491704035838078,0.11878966570830701,0.0932732285147405,0.1614580085508541,0.08115771888851217,0.10450413949468422
0.09095279086012288,0.18624424085344704,0.16773195954607578,0.025707216656615194,0.10076869429754338,0.10992815657210982,0.12907991624193557,0.06187480666232675,0.12771221830982368
0.09248156205147097,0.1283384022015366,0.19685590669904593,0.06594961178344294,0.11313011668854404,0.11152095746346434,0.06369729618060477,0.12529761681951015,0.10272853011238024
0.0707492674165436,0.10077669314392218,0.02922089442450775,0.01697158721137269,0.06814853431714549,0.13099580482764406,0.44350668604613,0.03600856382422765,0.1036219687885065
0.13173326359717674,0.1537542571188714,0.09453049482559008,0.04101258590361329,0.11117174777435024,0.10479907215879503,0.10931209920233236,0.15466304166677383,0.099023437752497
0.08656919689123892,0.12045416067610665,0.26317875808457547,0.0388875369422381,0.10099012991901059,0.09730593212369655,0.10765528840257875,0.08894451837950273,0.0960144785810522
0.09946064324024155,0.14581980831917854,0.18264060064079982,0.11642111908328971,0.08561484968617306,0.1513415791037564,0.033803322437202146,0.0626061512942796,0.12229192619507918
0.062498699125511314,0.04300399852744805,0.013967953402939775,0.03456401383342488,0.06975651471369888,0.25343232104868135,0.3651476747496183,0.06867680248644474,0.08895202211223276
0.08406851348080673,0.13519377572079946,0.28446422558873535,0.04709227312218797,0.09813031885458472,0.10385635181831702,0.06766854057811734,0.07306564274006115,0.10646035809639025
0.09223018713429083,0.08916650717945844,0.10680757265942549,0.01970757823464449,0.1038314294385589,0.09393734685948468,0.29280939147855695,0.02022896739400516,0.18128101962157514
0.0993662763077668,0.13651979438894293,0.18546613485608773,0.06025622854595086,0.11491582501523005,0.11042630266459001,0.06739226683920257,0.12257391669539246,0.10308325468683655
0.13938106323120616,0.11045603946422211,0.060257265099960884,0.17217511783194947,0.11856559830645852,0.11463402400726559,0.03349477665293384,0.1267341441283029,0.12430197127770055
0.09795819006872906,0.1446859767137871,0.1828206182086141,0.11989629760453963,0.08644997737436115,0.13969289148179356,0.03483945974083943,0.07364100761726106,0.1200155811900749
0.07284723971543931,0.12176170381372116,0.16805743549682972,0.19421732950754858,0.08838187307445476,0.13437632831833693,0.025904914290382993,0.07742696917260966,0.11702620661067686
0.08868702022760366,0.08785735106799965,0.046042082340724266,0.025297401502487275,0.07171388255445234,0.13026840286873045,0.3459921660355308,0.11518830099310669,0.08895339240936491
0.08595004644623609,0.13483222741509196,0.2712001825125897,0.0443217482608253,0.10375537515154643,0.10096098493894372,0.07589736708845907,0.07937795150878754,0.10370411667752026
0.11696844287396008,0.1524837750464926,0.1465081629237967,0.11383991042721242,0.09216941461121836,0.14542218541572224,0.03711028138176801,0.07178621677830323,0.12371161054152642
0.08888502507643557,0.06874791641737092,0.055806852878576264,0.03907841607987477,0.0540239799194868,0.17661715315659454,0.3017732556962551,0.13343896157096885,0.08162843920443712
0.11887346029541192,0.12993921828236496,0.09210342560047814,0.038986635524417106,0.12554751048676974,0.1022219926798849,0.12236606780441685,0.176144842230361,0.0938168470958954
0.13190420695568456,0.1643354635144558,0.1195797119230228,0.053069262931768994,0.10287772281773742,0.11379606288086787,0.07937252955058521,0.1280750138526584,0.1069900255732189
0.25204066493186555,0.05183772532186376,0.011039206133701374,0.16449634414536615,0.16017151822288908,0.07306287859532679,0.02830855645093557,0.14310352934334283,0.1159395768547089
0.10165051111860142,0.13582667804566928,0.13308455279253972,0.028239836336381774,0.12199825913454025,0.09742600616359735,0.1688569307693587,0.11913574695131017,0.0937814786880013
0.08615903164253473,0.1352440487371345,0.24994192286444616,0.06766424864362697,0.09709800642127288,0.11220430167618144,0.053995016516381035,0.09193504389326751,0.10575837960515484
0.06474007199954919,0.06377398295816056,0.012730034272488477,0.02661829320970369,0.07974557197175353,0.26087382566029965,0.37851161119056126,0.03293432789621014,0.08007228084127359
0.10263960056910915,0.09829379325115349,0.08834625290767856,0.05507538311905099,0.13581395515548286,0.11286849606272749,0.09842178999711615,0.2119799457825755,0.0965607831551058
