0.2049582206107834,0.09445926544762741,0.031043017754689328,0.03522828225864221,0.18737426133543814,0.05866331823330801,0.1762638329719872,0.07995980206318744,0.13204999932433695
0.11382910463428453,0.1251810841613519,0.1198712865010076,0.03628052216587111,0.13201014768907607,0.12583756697242873,0.11969868499254926,0.11034562088819462,0.11694598199523627
0.12775663946404692,0.11551075515693425,0.1118748278270455,0.02365239419749053,0.13557658288408714,0.10370085510586446,0.12511414930889603,0.13607381700431725,0.12073997905131806
0.2884486624653306,0.07130674060272923,0.021199072377287725,0.03404547145957039,0.15845030672970797,0.03740079090904445,0.19920387646434665,0.0737155534392556,0.1162295255527274
0.1112307544177445,0.11518900236543149,0.0854137624130978,0.20951566661942642,0.12131594272181749,0.05935638369086888,0.08299007795709758,0.0747408610478988,0.1402475487666171
0.08925711415191057,0.12641965354958395,0.14551911228081363,0.1628604397873486,0.10186823534328848,0.07390082205252947,0.07171361576212958,0.1187199161429316,0.10974109092946409
0.0919288559635915,0.11443024383941604,0.15431523450698156,0.14139795662955376,0.09624262127889505,0.1462502085005379,0.09854658294370806,0.05301468448141874,0.10387361185589743
0.11342914178907641,0.094127961002667,0.1201235487608322,0.18652874512274084,0.0905296438187676,0.14546398172599628,0.10294713850333427,0.05090711350191557,0.09594272577466978
0.2605028077560115,0.07676347243889502,0.030715616735603357,0.03454711388451754,0.15825367873241972,0.049080649560723534,0.18610578189988536,0.08367724984056583,0.12035362915137811
0.08954129344933669,0.11892862907012709,0.17694662412252227,0.11082118672399645,0.09275460750542945,0.09684086871148516,0.07375736419816575,0.14079486331421487,0.09961456290472227
0.18447857596115358,0.06541811232321164,0.09861492437681796,0.1966611848701216,0.08305909623527258,0.11052108085628788,0.10568502587875934,0.06682490276510733,0.08873709673326807
0.10220906599992102,0.11436904382383932,0.17613055795881818,0.08747067703970697,0.09631517652965406,0.12735491747027194,0.08176878911560385,0.11449857140261854,0.09988320065956602
0.10579872234273889,0.1173310092878313,0.14111015640483957,0.1533489441615464,0.11056646989789574,0.09436083405104156,0.08402508337389965,0.06730018668922255,0.12615859379098437
0.11991026541372997,0.11909814640688876,0.09720024338822082,0.03316443601819758,0.09760455222837172,0.038705360677223265,0.06324591242024498,0.3252081845499823,0.10586289889714073
0.13632443807082661,0.09978332990011292,0.11643405886846543,0.14847038090568798,0.10930907900018355,0.1033426566224029,0.10757994992693005,0.042188606645741644,0.1365675000596489
0.1375270985931587,0.07658333355734422,0.014776459933423913,0.014726276004629666,0.24247798017077282,0.024809060544829908,0.2354891771299172,0.09637798914459426,0.1572326249213294
0.09175829896511843,0.12728683624526896,0.14758583195299987,0.1542375655531338,0.10449906642272329,0.07746474827577217,0.07246696657736697,0.1114369366116265,0.11326374939598997
0.11818229136032292,0.09695403860287928,0.02046550619292555,0.015179037801266525,0.2271704751983108,0.03630656313313082,0.23721863591090162,0.09712504301993234,0.15139840878033017
0.1358371124902864,0.125690293466903,0.1292553053374811,0.053163094420632134,0.11500831867802934,0.05738528080096531,0.0611786804681125,0.1959082640712458,0.1265736502663444
0.07585112878617388,0.1001625897745743,0.11032651471932044,0.09476779750810188,0.07386074552891751,0.03185371009322424,0.10914755219546013,0.31705188015532,0.08697808123890756
0.08948332987513895,0.10397578546082487,0.1275983731973865,0.20725338749916508,0.09576646179523769,0.1205818092882504,0.10233402291899862,0.04545125582575014,0.10755557413924771
0.1041487100346181,0.12479498511306424,0.16587615648954415,0.049229079499161145,0.10919769535483127,0.14777370394184108,0.10962604116229069,0.08030058716829096,0.10905304123635828
0.08891467232637663,0.11281566858425528,0.1571318037763149,0.16270342256944278,0.09490726621696943,0.1304164067644657,0.09008694232554426,0.06012651440662631,0.10289730303000473
0.12758485570492042,0.11385164631343268,0.1326243972128711,0.1308875716371238,0.11618478396829923,0.0891350749629703,0.08534492122925512,0.06733795848547651,0.1370487904856509
0.13655229434689978,0.11178350853474806,0.016251121013666683,0.022301431433148253,0.2342709646019098,0.04041506489544756,0.22304349428381984,0.07146512149184961,0.14391699939851044
0.09264943064671416,0.13170153380729901,0.1574750250774073,0.09718525264308715,0.10147196584794049,0.07397128424462732,0.06897642663223423,0.1672417196842418,0.10932736141644857
0.09030374048778005,0.09880501051882297,0.11338574750886554,0.22775500607123098,0.09552373317395145,0.1153391117753677,0.10865509461849743,0.041206923686773526,0.10902563215871038
0.08731646433735853,0.11913859620925132,0.16721034280759547,0.15476103655984294,0.0962481498341576,0.10324537616892791,0.07640292630164679,0.09182799464760771,0.10384911313361166
0.08070317486959945,0.10636908149116793,0.1413412054965097,0.19904823442531447,0.08360928215877121,0.06036320315371963,0.07781849468308878,0.16051048609120735,0.09023683763062151
0.10596827407922865,0.11986839703799146,0.17747164916895794,0.05897759709036752,0.10151060227134788,0.12240841401817193,0.08032384038981306,0.12912869932917828,0.10434252661494325
0.16090254114502164,0.09799116542050122,0.11107777150958016,0.06477898321377755,0.11757876559177766,0.11786701848591548,0.11472980630101502,0.1058196253102146,0.10925432302219666
0.12050569237657971,0.11962994486122906,0.12738718038241661,0.049921346768928974,0.12381610163498151,0.1321215170208064,0.1069805497747096,0.10678078245409912,0.11285688472624895
0.11899830549687544,0.11999699902660477,0.14551504885096647,0.03256030477764508,0.11923709327167681,0.12086804574097508,0.10177271420918983,0.12782129338777432,0.11323019523829218
0.08866772684946854,0.10847658555861422,0.11027775844165875,0.2542383951283105,0.1037398568360099,0.07364099574400555,0.08120501131269052,0.06449883651660904,0.11525483361263295
0.1276333595537121,0.12498600889245304,0.0781476904721854,0.040713978080169765,0.15760509877044823,0.11232702723486106,0.13878543729581846,0.09367839244042718,0.12612300725992484
0.09208966901652908,0.1324542814741294,0.1483119011208171,0.12007308169224828,0.10343354612120248,0.06998178866969877,0.06979311869924042,0.15244409730342243,0.11141851590271207
0.24743596599815687,0.08167995120740577,0.054296327530515776,0.06331873290143346,0.1326315298269448,0.08341554319554702,0.14733189765029803,0.07738173076480181,0.11250832092489647
0.09286128044045833,0.11296081649105272,0.14761473689426116,0.1446049035686361,0.09564646560028539,0.1510926534929043,0.10250222826006312,0.04974160195921595,0.102975313293123
0.09507324617858899,0.12357583654172084,0.18068648428040154,0.10342288187035366,0.10061638168761534,0.1176126255015598,0.07857561607581463,0.0922244551225412,0.10821247274140398
0.0991063900215071,0.11446475619259522,0.17313145395434856,0.10426613772323268,0.09584047824416249,0.13566974395239162,0.0835016170510897,0.09467194878985742,0.09934747407081528
0.1281984426180018,0.11645097724239546,0.1156695799310002,0.036100224449460365,0.13160838825108068,0.11643460288373698,0.11250467384380002,0.12531316016134783,0.11771995061917666
0.10399902529874722,0.11772614341906147,0.1737554826462426,0.07440875678511488,0.10032575310813611,0.13259547179137934,0.08391662185860232,0.11097926713985057,0.10229347795286546
0.10717856940791627,0.11152214616008976,0.14123527771364167,0.12303844343729735,0.09902150167085588,0.15806863207748834,0.09806466339005027,0.06167613253040229,0.10019463361225815
0.09747623539912388,0.08419979257309197,0.09711138999340707,0.258934888039373,0.08659396873664815,0.12003142127138959,0.11804955660524168,0.04054574522938189,0.09705700215234285
0.0848893970942073,0.12006235377324616,0.12600229646279063,0.19440049569988108,0.09276715925471589,0.053783126777309065,0.07212186382102574,0.15735437034397912,0.09861893677284499
0.09217080065059058,0.13855414958309617,0.12179614253599845,0.0485500582781542,0.11771042451169467,0.16653440524200414,0.14854710315532885,0.057676310093975225,0.10846060594915773
0.09063803979275692,0.13122431576736346,0.14285908306548162,0.07576760549861287,0.09715356992499963,0.06047568150683793,0.06854538009596782,0.22842551631071709,0.10491080803726266
0.12730287332770351,0.11828165547356058,0.10778981718093449,0.03711561679328429,0.13699843808510062,0.11667612256431141,0.11812236158580786,0.11806097555975491,0.1196521394295424
0.09387101090247195,0.12022131154600924,0.16576164121733047,0.10702863836008708,0.0988888948328956,0.1523910412329479,0.09682889684921604,0.06073064465223307,0.10427792040680865
0.22101343552971595,0.050781789485083974,0.051642005624239706,0.009985328220634743,0.14188566686472284,0.05952577203753719,0.22978917179761094,0.11464065389717538,0.12073617654327928
0.1601183380848975,0.09168883063639625,0.07120252007640362,0.014170716373266954,0.1506626410686803,0.06530614399682853,0.1640895237182591,0.15471423125787212,0.12804705478739556
0.08983779162690338,0.1380398249061893,0.10405866723602358,0.09237139530180223,0.09784904793572095,0.040820294692349775,0.0694977825425628,0.2625751707488049,0.10495002500964308
0.23994649895384132,0.0502657546962576,0.07313320330567237,0.18172253421851958,0.08041096909390621,0.08311614007849821,0.1321484551185983,0.07173941680960282,0.0875170277251036
0.12330463674522575,0.1165296913661178,0.1754852087113833,0.0419854561670104,0.1090001619125816,0.12874215750817275,0.09893851241434815,0.09228314232824297,0.11373103284691725
0.14057358781112858,0.08960933169374556,0.01925086832495905,0.018035912224296083,0.23443366259500753,0.03430619988961827,0.21847720689023464,0.09321120818879382,0.15210202238221646
0.22839411157124714,0.058997013194381824,0.09029476056263158,0.13649048370833666,0.08449328763489981,0.08937680242957184,0.1340104367554591,0.08762161192436639,0.09032149221910564
0.1844129664477525,0.093171457200501,0.09103815165116087,0.06546709613234793,0.12389929937801948,0.10948140005353009,0.12543803358761252,0.09560441009400751,0.11148718545506812
0.09160031225649334,0.11769355122034302,0.1667189954170205,0.13429783571382733,0.09796018874649799,0.13272077508423927,0.0890735012476882,0.06383659229898826,0.10609824801490209
0.09990353617293064,0.11284491573211886,0.12597888180301903,0.19189992755788965,0.10894972210561059,0.08912001221964534,0.08614685528653461,0.06054427504405246,0.12461187407819879
0.09196869022375631,0.12673319206339215,0.1583230646761736,0.14007872268308952,0.1033182721522074,0.08574502395186596,0.07294765434757274,0.10879088515062407,0.11209449475131826
0.0995088751863182,0.09303102553829935,0.10989169283118083,0.21758579086251018,0.08930608969521873,0.1366554047106735,0.1137234668412931,0.041843442925705666,0.09845421140880035
0.11429504375057421,0.11891078502572339,0.16967061617193724,0.04332348816759968,0.10566156176353042,0.1167731109365306,0.08187017623911523,0.14231834640380023,0.10717687154118898
0.102595479348307,0.12837342749732314,0.14927681551750552,0.04658206051363872,0.11579228483763525,0.14640489974018525,0.11258632328949338,0.08872690974953078,0.10966179950638107
0.13978819204927365,0.08074913017002722,0.11949054661647572,0.19135582347872157,0.08665519394067173,0.1276937948584842,0.09744002773802803,0.0651693044596263,0.09165798668869167
0.10917158645848046,0.1400093811321292,0.08261853809565843,0.1407557322999882,0.12130167714899993,0.04412501678320011,0.07517545619473122,0.15496868718130666,0.13187392470550574
0.1075382087663199,0.12555573736431008,0.11063259794496678,0.1674252176768757,0.1187352297783801,0.06481806641859306,0.07746870415200875,0.09447704553890483,0.13334919235964074
0.11329057383964602,0.0886488552098202,0.10855481824272163,0.2110068728544169,0.08837684627901327,0.13942593676519954,0.10935130569871171,0.0458920644734925,0.0954527266369782
0.09638269860018829,0.12361669596503927,0.1710410158426475,0.08262928527393043,0.10194472182255349,0.1529428886023815,0.09752466448878207,0.06833014011314416,0.10558788929133327
0.09858911775958557,0.12504914537250658,0.1475637342239879,0.08471758138656454,0.10554867833691878,0.1654860336876723,0.10620490096507124,0.06266298448138403,0.10417782378630895
0.09974743694021992,0.13731298633573755,0.13457187583793095,0.0834176271315904,0.10765048183109815,0.059725561727589666,0.06685100086526578,0.19447575479459114,0.11624727453597633
0.12520213085009033,0.11043623439495882,0.14972698681971128,0.1136929540070087,0.10961764712300137,0.11201440046600503,0.09487138263785021,0.0553101960577698,0.12912806764360443
0.09872219274957161,0.12622026832506592,0.1656181982031918,0.06244721622077772,0.10634961520432977,0.1554970098836723,0.10650590851171787,0.071624875506011,0.107014715395662
0.11571947227497266,0.07916078390401349,0.0861584032377727,0.2465864183884099,0.0859881301171261,0.12679419153009,0.12470356189342154,0.03882517509733752,0.0960638635568561
0.101301461759827,0.13118746602668316,0.08763481601566141,0.02614180113885295,0.14574380210954765,0.11420610576660732,0.18132997750693128,0.09288670186694899,0.11956786780894031
0.09823725283729584,0.13702273142982888,0.07668683958732474,0.17163123710958628,0.1052934476453715,0.0344900806557476,0.07331687460401791,0.19244099945319118,0.11088053667763607
0.2166534657051469,0.08133757378772734,0.0781252581065202,0.05488583916669945,0.12125227505197944,0.08995789880885029,0.1436502646650271,0.1039404611111625,0.1101969635968867
0.09041032638939626,0.10846701262557502,0.17404264861253327,0.140735535508644,0.08805534221036106,0.10586037293441868,0.07811450223128895,0.11965689620690119,0.09465736328088158
0.09258363987840017,0.1028093900424948,0.12907330888249216,0.19167306048041388,0.09206855507439975,0.13964607898818346,0.105882952065452,0.04539265157343094,0.10087036301473284
0.08721713074545524,0.09748894066259188,0.11641366207385699,0.23855466040289575,0.09251151005826473,0.11495051523753963,0.1049642178190092,0.04409415628162061,0.10380520671876592
0.10945143783975063,0.12197189703287359,0.16279015037990777,0.04885548165958171,0.10986373732729703,0.13299272421085104,0.0917006178313553,0.11457690217096007,0.10779705154742299
0.1376646877910168,0.0971600053817625,0.12013284306179466,0.13074518362744392,0.10416218880950685,0.12029326153678581,0.12331232840605481,0.03557026525413861,0.1309592361314961
0.1932187334307894,0.09559346682073928,0.07803123180133613,0.08305473696949021,0.1262328294924105,0.11917539728190114,0.12163182938591578,0.0717846676868209,0.11127710713059658
0.10002317143659312,0.14526268955220792,0.042535443893130985,0.09128437160672287,0.09387795234840322,0.018834248324533412,0.07076155953572462,0.33770953557466193,0.09971102772802194
0.12204341185385288,0.10772833117150833,0.1234487704552298,0.12210495203567306,0.10271012137228004,0.15848413502279757,0.10279552541740818,0.05914652544621097,0.1015382272250391
0.10349901224620554,0.12634803743558598,0.14958884449432905,0.06045854291230344,0.11274661669417212,0.15041384270563948,0.10317469578884636,0.08627696976818257,0.10749343795473554
0.11008871760781415,0.09321714101971579,0.13095570869348022,0.19035593467316206,0.08860232573510944,0.13804692386836334,0.09605335860544444,0.05863425601421405,0.09404563378269647
0.0848296547065885,0.10914482344308317,0.15444643693254428,0.1966337827575352,0.09144440442280312,0.1095500145332115,0.08224367882845972,0.07281857883568542,0.09888862554008908
0.10129700331925416,0.1231684005245463,0.18280478827835026,0.06788260373828987,0.10189228781237514,0.12875719346557304,0.08142822946142347,0.10695790915722524,0.10581158424296248
0.09113890330859502,0.11432970055643306,0.156302248893612,0.14687908461999596,0.09645371336304742,0.13965940915008776,0.09559528455892169,0.0549166976869887,0.10472495786231835
0.15412763840899088,0.09999887010956904,0.11348999762677303,0.08786427916312352,0.11316777759684371,0.13167065846547207,0.10789082560421837,0.08552736363774845,0.10626258938726092
0.08660088151221855,0.12743824820332428,0.1341637646720789,0.15315411654331007,0.09660779354364955,0.058119609295472614,0.07097238353175789,0.1696700111701532,0.1032731915280349
0.09105344159843116,0.13968043172638225,0.04872159289137826,0.07010418650349431,0.08754053812014743,0.018906275754818375,0.07182321676634891,0.37727191617166195,0.09489840046733743
0.10219880243152694,0.09037950038524935,0.1237739355367779,0.21999650637214607,0.08649907522089113,0.1307034345610644,0.09990027328605078,0.053048178147110825,0.09350029405918259
0.1255090498964446,0.11801043262660786,0.16327675011455364,0.03486529154148981,0.1049165890635218,0.08751908461835818,0.06959459851349263,0.1856691578820102,0.11063904574352128
0.1376519685624926,0.10438505156551997,0.13598146833396207,0.11967098903013203,0.11024893081576216,0.10822932137699959,0.10059441746302548,0.04877995744780992,0.13445789540429628
0.11855950058699043,0.10349196377066276,0.031922109318372006,0.01383135010648872,0.19508211713409074,0.05224749203661133,0.2390738070021886,0.10667648041876783,0.13911517962582762
0.09117936980705837,0.11096990621713738,0.11364584820010575,0.23761707611887004,0.10586943621436712,0.075576495360043,0.08129707057840287,0.06562319620253382,0.1182216013014817
0.10465145551373167,0.12013838819237278,0.1392000836240289,0.09767939777755012,0.10498669459708883,0.16442662875857067,0.10387391099593755,0.06180486192220184,0.10323857861851765
0.0951138965968756,0.1224085411752469,0.1663430023081587,0.09246924707776731,0.10072344215679539,0.15624879777164294,0.10026425625225333,0.061259669701999,0.10516914695926087
0.08843802340970108,0.10653952608572574,0.13641143634132397,0.19819971870876774,0.09522160622841992,0.1223835821889147,0.09766618211916918,0.049480927128983554,0.10565899778899403
0.1130199436702994,0.13993212294390553,0.08241094385947455,0.129909033593963,0.12348825183472169,0.04467603337714596,0.07521341985886841,0.15612284315567895,0.1352274077059426
0.08531660671552703,0.13085863110951987,0.08764759522776826,0.09322473043064151,0.08796383304443785,0.030541724003101844,0.07710169613746555,0.31126904857512244,0.09607613475641552
0.17307297929645896,0.07637380853099195,0.1114792341908117,0.15868528529503514,0.08980571172888434,0.12102449546771914,0.10290475654775316,0.07350746760234265,0.09314626134000296
0.08745773951313988,0.12060726018308195,0.16378269326707043,0.15754992150120387,0.09751564983446177,0.09656857313169115,0.07513558066238955,0.09604745653681362,0.10533512537014776
0.09582708665640209,0.08507652473216731,0.12618728384537856,0.2518336421736085,0.08238882895750212,0.11247523632860527,0.09582906659015016,0.06061075270039331,0.08977157801579266
0.10035254492620123,0.14674700980283187,0.04655946089048452,0.08530789992781919,0.09778293057332997,0.020924883200146346,0.06794017791188041,0.3310744016999064,0.10331069106740008
0.08257405677399204,0.08093741852603722,0.12662592499129452,0.29520120091590424,0.07697647682239038,0.07671955645318207,0.0925023122757322,0.084584442985791,0.08387861025567635
0.10178875408636795,0.09419976217167407,0.12975956308448425,0.20399906371382026,0.08789743208216545,0.13542657221913498,0.09787890255673769,0.05466824098376438,0.09438170910185091
0.09954554682930848,0.09145234010007901,0.08948062849784805,0.24646030935132945,0.09921443586439212,0.10014901788876829,0.11850918393925709,0.0355368866700121,0.11965165085900542
0.1301441020676791,0.10913903813584493,0.13341006255972424,0.07353793872209113,0.11215013791936278,0.1352752223465152,0.10108072676502348,0.09871428388719845,0.1065484875965607
0.0781567299107447,0.12180550010669251,0.025256017193582125,0.04815018601913312,0.06797982697486336,0.009178555679960424,0.12983904375363622,0.4309479457264344,0.0886861946349532
0.08616508186356749,0.1045104942286239,0.16090097707106593,0.191271995127578,0.08684428272206142,0.10589351802459344,0.07986615411665549,0.0909862606186393,0.0935612362272149
0.1125219783809364,0.12137422846953864,0.1420508840671061,0.05916065529467662,0.11556198683397186,0.14165510942441145,0.10086116208355568,0.0981126358911553,0.10870135955464788
0.09962011563813233,0.1220001185177677,0.17672627636064953,0.08378480251249144,0.1023296095701162,0.1434985331362141,0.09471610179882568,0.0682434848241288,0.1090809576416742
0.18395980175970017,0.07866415501741222,0.10714885427610488,0.1347376387014358,0.095134437533621,0.12040721076483817,0.10710809506099628,0.0766471011646006,0.09619270572129086
0.2723198810894046,0.07129874103980592,0.03427799949551954,0.03438081138189741,0.14374996696032757,0.04879747021737083,0.18904825688021243,0.09010649280162232,0.11602038013383935
0.1058160956351199,0.142665305450396,0.09899862511945423,0.09823532913644849,0.11509532761072964,0.04579793514413672,0.0690746368921589,0.200064599092566,0.1242521459189901
0.1617911713931208,0.09893483979919349,0.10728438299145221,0.07459983359671331,0.11814417862578662,0.1232064553611697,0.11365552679804751,0.09345258212011205,0.10893102931440429
0.10531329404118046,0.11456024442736423,0.14756805930035857,0.11085170507381685,0.10050612443001206,0.15681264593573233,0.09625739635376562,0.06718994418130579,0.100940586256464
0.11991767162404916,0.10756811123482891,0.1334341264796264,0.03184932767826213,0.09143680450950135,0.06196222164635506,0.07953256418717998,0.27424351798533525,0.10005565465486173
0.1335547043238678,0.10171440723983753,0.14871391558870223,0.057353822996834315,0.10214374662212695,0.115590889854507,0.09702537377637656,0.1411462057949968,0.10275693380275101
0.10087600227014938,0.14068507302760722,0.11533555487775847,0.09811778677120381,0.11109466843687625,0.05170743676824702,0.06840828934788355,0.1940128309962692,0.11976235750400503
0.14285835554267085,0.09432568868411711,0.14539669612870018,0.057603193805361275,0.09772780588446368,0.10783097597032705,0.10278505449328414,0.15114198140615884,0.10033024808491685
0.1455990704233038,0.08137969819335383,0.020280092676175292,0.015440357108846428,0.2277769536078723,0.03126417726302365,0.21845826468591026,0.10630376925866418,0.15349761678285015
0.12378299187166286,0.1201452777972812,0.1151083096144258,0.04810954601342346,0.13075950388482743,0.12889615930002155,0.1134515746238592,0.10392237631081834,0.11582426058368012
0.3495445967247461,0.04572483383970983,0.012215914630025101,0.0611421042451584,0.11249334998228899,0.021123039649911274,0.2319525969920109,0.06068697110110142,0.10511659283504798
0.08067595446294333,0.08689479379753517,0.117904298452646,0.2998513352668073,0.08262350463352476,0.08636224769897788,0.09263408744236663,0.0630397560940414,0.0900140221511575
0.09814716674456551,0.12330822245011264,0.17664320711278916,0.1066408918007542,0.10320131575536469,0.11491132421045232,0.0801379994888788,0.08455662919108871,0.11245324324599398
0.17799027702372286,0.09307425137357946,0.09936494583439094,0.06646783001806096,0.11937098145553304,0.1119280014900728,0.12174897679653925,0.10039091609734851,0.10966381991075225
0.09743724210206371,0.08176043459876266,0.08138243849432823,0.26928480201088245,0.0888631479430389,0.11193337959660961,0.1313443825724218,0.034673302121059575,0.10332087056083307
0.08148633961227068,0.10887323411089096,0.12762642100111007,0.20925883718193605,0.08471621691003677,0.050849700893606964,0.0769448261590152,0.16951151848412824,0.09073290564700513
0.09669847613992044,0.12704393034514191,0.17379812471030112,0.10439501377892635,0.10358415163202034,0.0982511043221762,0.07357598778102137,0.11031954200156587,0.11233366928892645
0.09634292066268853,0.11408926410214291,0.13624441001623325,0.18415523620548435,0.10600393151515974,0.09623209293776884,0.08587836872848247,0.06125166241639687,0.1198021134156431
0.08583538006765735,0.11205041591400607,0.15697157583711108,0.18406455995185367,0.09360517698726029,0.1123038078823453,0.08263132213733038,0.07112577684118022,0.10141198438125572
0.1306696174448721,0.11450962166086158,0.11790395369901326,0.03597542313944136,0.1292500198818349,0.1152017325892744,0.11018968571432514,0.12943531000543074,0.11686463586494655
0.09560401019354918,0.11092141762271827,0.17735295573381618,0.11631589048329209,0.09112974394822522,0.1174894607307428,0.07925247346946347,0.11518537533864655,0.09674867247954622
0.10123622113875874,0.13883956684366242,0.10787865173480655,0.05291997899597023,0.12878510348309744,0.15536911980807738,0.13532347845688072,0.06709867943292604,0.11254920010582048
0.0977180056423002,0.1256737655261744,0.1663062711789822,0.1205185616085805,0.10566292018009064,0.09701190079721683,0.07570422420638497,0.09562555434618321,0.11577879651408711
0.09217509898685337,0.11843849933207669,0.16517822978885177,0.14204364023040536,0.09992675748950496,0.11991131463773631,0.08523141187913656,0.06773758775339679,0.10935745990203821
0.16283451468125987,0.06431005720508622,0.06684975985681012,0.2453891303259915,0.0829608890882344,0.1182765222757221,0.1278229024365787,0.03986706702515691,0.09168915710516011
0.08411992847025677,0.10758929555083034,0.13177122291323884,0.2364125816009357,0.09597240195167252,0.09142309577857173,0.08337177383404955,0.06416336164998065,0.1051763382504639
0.16472995229055157,0.0997313616375821,0.1621990645116029,0.028350546134435124,0.11300804506894664,0.10485351788087094,0.09863944401375795,0.10818873424734425,0.12029933421490853
0.11119499649097697,0.11175088366423212,0.13435242460544383,0.11922295084618532,0.10112304964690665,0.16037760325585462,0.10086892461051022,0.06001409916683766,0.10109506771305261
0.17941839424234982,0.07879075596032514,0.13219749442564863,0.022718428353907263,0.10527594888703318,0.12248929823480918,0.18317846164515292,0.0640566518238322,0.11187456642694173
0.20879693249710837,0.05032306392842811,0.06700769133541194,0.24470499646155322,0.07763205477008388,0.09543212211602942,0.11836920892507515,0.05293493968386351,0.08479899028244642
0.09334528126249565,0.1325555073344334,0.14667287337489818,0.12449973460614634,0.10512697056379448,0.07051341820727484,0.07019827658249037,0.1436239254992083,0.11346401256925848
0.3098810378768356,0.05516069129127996,0.036972544745117936,0.06747170499513844,0.10711617621191698,0.0476296664760697,0.1945617305250912,0.07881681545983729,0.10238963241871284
0.11366269260618356,0.12042736935301242,0.15968275030492393,0.04288986577295581,0.11124937449733112,0.1267995288912474,0.09121532613901744,0.12518127743451635,0.108891815000812
0.11811633522135712,0.09931994954337513,0.13131505358238277,0.15326702544686688,0.09437341088762426,0.14876100649116128,0.09693884572056184,0.06076064416843952,0.09714772893823122
0.08679283962137346,0.1049241143553535,0.1369973811836114,0.20806809007721153,0.09308148651367348,0.12041680399300536,0.09519621111263715,0.05207578814380933,0.10244728499932475
0.09651645317503159,0.12135491229230462,0.17550657633210243,0.09870131293383501,0.10082633833845224,0.1398498824077565,0.09118776383607267,0.06795529369567165,0.10810146698877325
0.09581243674648632,0.14433902324880177,0.06617001558698767,0.08908504431967966,0.09872930231351755,0.027323374496035686,0.06888989540301867,0.30471300448190364,0.10493790340356901
0.21590863660355777,0.08489603513337673,0.04490542085685507,0.030562431892253886,0.16088885824662194,0.062312548164345,0.16982021447700316,0.10405093042572537,0.12665492420026106
0.12850723301030426,0.10110674288990262,0.11492693203141258,0.14094496727404562,0.09927753704578028,0.15667148126502004,0.10472809856389216,0.05385837463304346,0.09997863328659905
0.10459302242586359,0.1242360143747952,0.1705027793245816,0.0538152372717234,0.10762114350750678,0.13911199022252363,0.09276594658842156,0.09999012956561305,0.1073637367189711
0.09385747276028945,0.12077095933379989,0.176658361902405,0.10383685772896338,0.09832358689757321,0.1392776929753615,0.08617660074187374,0.0775085805949265,0.10358988706480733
0.32970153665793095,0.04688618993950678,0.02550763687690619,0.11768392707664044,0.10400343236447446,0.05133709725083433,0.16953881494414316,0.05561407465378911,0.09972729023577452
0.08034802100598608,0.12647304882639984,0.04804984320596425,0.04779500248296991,0.07845076724768968,0.016910883975959152,0.09094439010324577,0.4200940106754922,0.09093403247629327
0.09100461691336882,0.09803457917755491,0.11093264217374665,0.228883742808437,0.09564547861798502,0.11517798989951718,0.11043707979939434,0.040244602546856606,0.10963926806313944
0.09693360692283957,0.14494264827384548,0.05491723953249105,0.08451986060346049,0.09660778723234835,0.023149092194135672,0.06853883616433733,0.3278041024557641,0.10258682662077812
0.10238862212494561,0.08920313584271401,0.09696080677702486,0.22776703858604644,0.08920508591522226,0.1335063703300985,0.12319155238182944,0.03765376377004229,0.10012362427207662
0.1547975515036484,0.11185820993103324,0.08559595467321636,0.07747251602129578,0.13157726815919327,0.1359274204864467,0.11999242656693565,0.06872833442253058,0.11405031823569996
0.09363139451990032,0.12431846687845578,0.17660696165597103,0.11391346866707648,0.10090428305141119,0.10786965055603227,0.07612433158030814,0.09758211012287053,0.10904933296797419
0.12780029573163762,0.11094907592202907,0.13755736065049948,0.058837013629777606,0.1135800922726904,0.1291655241036219,0.10004525297602938,0.11403142446224031,0.10803396025147417
0.10206900448244273,0.12259217372443217,0.1721825714851547,0.06692218790773145,0.10410975286305472,0.1406992326417493,0.08861757141415966,0.09802464565553796,0.10478285982573728
0.08852831931315665,0.1352222578500906,0.08097269416071705,0.09882481190195586,0.09100030345476688,0.029461586714301824,0.0745785589932557,0.30306710189133096,0.09834436572042449
0.0938423116902068,0.1192444867996385,0.16084714658174745,0.11208302786887493,0.09831436214857953,0.15555514755450678,0.09862191655293427,0.05819543313417367,0.10329616766933802
0.08054385626430142,0.12085752020566892,0.1055123921977233,0.08786193787506164,0.08347437088886438,0.035196749852163096,0.08360600296320408,0.309936200219498,0.09301096953351518
0.19077687929899498,0.08777477892114256,0.05243069675621561,0.022758888540919245,0.16167362329228596,0.06363784148313864,0.15936967002363456,0.13045422416446392,0.13112339751920463
0.1314839891725801,0.12970528649790405,0.044925806059035206,0.03495449929246003,0.18800895268492643,0.08778365239762546,0.17043985425372357,0.07856839812593268,0.13412956151581246
0.12863581425756063,0.09972376322514766,0.11752458534444583,0.02481404192288483,0.10740072994837006,0.1474401509889117,0.2168352454924413,0.0511497926544075,0.10647587616583049
0.1202632092557025,0.1033803166597328,0.148296804473237,0.11257860220469196,0.09799371804231168,0.13959023592464972,0.09228284172649402,0.08673613957157622,0.09887813214160412
0.16072464515554194,0.08700274766875625,0.11425877751231746,0.13762005879751316,0.09726976786108797,0.1329773253578815,0.10136259273546282,0.07114350711821193,0.09764057779322698
0.10686627972305394,0.1117179906372532,0.1406021726998354,0.15341867014743507,0.10711008710345711,0.10913828636210421,0.0940275085221224,0.053066785877214584,0.12405221892752401
0.09767535885304753,0.114370122811071,0.14283363725186116,0.12027084207501,0.09865374213478928,0.15787110035713614,0.11788019406963751,0.04150121680235005,0.10894378564509738
0.08405577562259471,0.10665265465440378,0.1274320463424812,0.24443303391436064,0.09640253932829769,0.08855919508621923,0.08360869417702003,0.0630215650265037,0.10583449584811915
0.09010061969020215,0.12028548281352837,0.1752112317939891,0.13017999832586322,0.09715407983751238,0.11657580881583725,0.0787524682461468,0.08728487053854724,0.10445543993837354
0.11366357702348896,0.12449594030575971,0.17908256524240437,0.06433534260423827,0.1072468067315356,0.10125560003022249,0.07339176546830185,0.12019383826454196,0.1163345643295068
0.10058607916169249,0.12384040955508065,0.17684525350888747,0.06878132966842464,0.10389274562714555,0.1459395989993638,0.09576179131387995,0.07652215403876235,0.10783063812676308
0.1171671163955373,0.09266043402925929,0.12106602443166287,0.18535622298464963,0.09033456947479862,0.14370798765206685,0.10090838122311924,0.053466378430829166,0.095332885378077
0.171520574746314,0.09351911139568232,0.0858012455093904,0.024299863707577335,0.13446159160191332,0.08324732576686927,0.128708704493345,0.1571236828037453,0.12131789997516303
0.09476589634871986,0.1190557461981483,0.12740021522895814,0.19612888585156005,0.10848745363163503,0.07767382611818806,0.07810052497020677,0.07795771454272851,0.12042973710985527
0.3448503564182439,0.05788511181842082,0.012028798218170081,0.04368282041022468,0.13680983622541124,0.02423574007101804,0.21735443200151808,0.05890943991626502,0.10424346492072817
0.13459781994472705,0.09917817137295833,0.1428416856890977,0.043230435211192964,0.1000505081998232,0.15543666280248922,0.1726845199779156,0.04002461560065046,0.11195558120114542
0.1611673694540143,0.10574111228183558,0.07007679452712327,0.03723730376108397,0.15733472981611601,0.09298214362983794,0.14040173543630072,0.10765836255833933,0.1274004485353489
0.10759249364522105,0.09324436208372043,0.11489067826480508,0.2012046103904077,0.08951565665451355,0.14291061256026602,0.10795037898034258,0.04620284327355406,0.09648836414716955
0.09301035336444387,0.11165890332359335,0.146280470057272,0.1603809883570549,0.09837913635205713,0.13188655502123064,0.0998368074342419,0.048998682715306906,0.10956810337479939
0.16884922567781288,0.06801651062135942,0.12338028535729025,0.1661623547476293,0.08004473225211185,0.10287609883435132,0.10932516099632206,0.0942022332578525,0.08714339825527044
0.1829825131650854,0.10287374101142348,0.14422018256830108,0.06264607475037892,0.1174759711342825,0.08293163360997166,0.0753884415193659,0.09119012793494674,0.14029131430624428
0.1540665488885231,0.08619936239792055,0.08852300737968775,0.16013298573959434,0.10135493802259188,0.10586145278079895,0.13826085060881493,0.02919069778008469,0.13641015640198384
0.2545142278532511,0.08006541464137164,0.044413380906972534,0.049096046877689654,0.14243409781260644,0.06856320551645077,0.16354781199503496,0.08148962839769101,0.11587618599893183
0.10694843349240778,0.11988320500684806,0.13484345073944978,0.09732410506757322,0.1062064697596341,0.16472261097365806,0.10510928903331133,0.06131308514163835,0.10364935078547938
0.08788341692530334,0.1330655033043627,0.11128577497648862,0.1232070873061905,0.09579959863765093,0.04343422273517114,0.0718790680728658,0.23085348027208205,0.10259184776988485
0.09460127218799863,0.13396264799987734,0.10304541564602288,0.05400254540109528,0.09746308063556168,0.040338059677742934,0.06480517028747661,0.30657500800909016,0.10520680015513455
0.32875914418656993,0.05710620065292488,0.018098173376443732,0.03831628580146509,0.12944420940770854,0.027193211929144367,0.21989869036728918,0.07378453426299873,0.10739955001545559
0.09464629557054742,0.11269071193640279,0.16926024298672662,0.13011423959573934,0.09351880147438718,0.1365375797010923,0.08432777487228565,0.08063232835133462,0.0982720255114841
0.11449824192411334,0.11394852087714911,0.1517597118967711,0.12441751300346886,0.10888454428644229,0.11060710612117985,0.09122263498451007,0.05873450280379825,0.1259272241025672
0.25434345206662173,0.03752263681134138,0.0366708008577209,0.24368328562692584,0.07805728327739453,0.08113775304254929,0.13821986902239244,0.04508463473362353,0.08528028456143037
0.12404644981715313,0.11513898652047509,0.13968735746827793,0.04150938964881868,0.11710207456122725,0.12196313030522116,0.09846660974567216,0.1310367617272463,0.11104924020590841
0.08515363583791584,0.0931949107119368,0.1131810701129088,0.2610146978990253,0.08955451868182483,0.10873110320243314,0.10327981369528179,0.04613003590775025,0.09976021395092327
0.11243036230588054,0.1344081677522608,0.09286553294212128,0.047160606643033696,0.14349229462868243,0.13459786704630206,0.1355108280972996,0.08036367032013446,0.11917067026428509
0.12540340016408028,0.11678511890044779,0.12404982268212124,0.05560753004576822,0.12318642999467642,0.132642044211526,0.10721619762343189,0.10286445325220477,0.11224500312574331
0.0999511275648506,0.11912181739003062,0.16996811040171841,0.11144816537387232,0.10280947257098721,0.12910064989469616,0.0908135142734333,0.06338687519291619,0.11340026733749521
0.09220238151673434,0.09359316417374595,0.11039876139123285,0.2332768891423438,0.08990422008710779,0.12616792350984413,0.11257531970702779,0.041433504174322254,0.10044783629764105
0.10039351617988207,0.10897835859083692,0.12402659198388778,0.13810638526751143,0.09710577577388156,0.15762240924654172,0.12866973307887555,0.03551072909710771,0.10958650078147521
0.08715738101884907,0.10348258982005872,0.1538847993285856,0.19930828284487875,0.08800857808997425,0.11614556484681066,0.08425751047810572,0.07290347375224514,0.09485181982049207
0.08117355305485167,0.10578627362361044,0.14997138692371423,0.14365837802902867,0.08180483046418315,0.060474353843710006,0.08297192678539476,0.2039898445660652,0.09016945270944181
0.10488665782724323,0.12224320006899408,0.17167121231857918,0.05816911959265866,0.1057279958317739,0.15014602139511155,0.10848656173380326,0.06894391863882109,0.10972531259301506
0.19838346447685182,0.0806560312899909,0.08781716909120334,0.1346639997469599,0.10148806227627379,0.1271456308677946,0.1084036509487155,0.06196024345802222,0.099481747844188
0.12197333486001743,0.10756513308093026,0.07706168048671733,0.017167550651370447,0.14396086427337043,0.09504182323231893,0.21668592147168064,0.10182414101716504,0.11871955092642938
0.18370755298130706,0.050909349354574085,0.012383820901856088,0.010598030486976487,0.21683607960369308,0.0149329054866404,0.23203653489771195,0.12359801741137781,0.15499770887586295
0.12893755722474054,0.09278386942856605,0.13397384731642825,0.1526275659800468,0.09245955082111744,0.13769372063258878,0.09429214540210544,0.07184916130220768,0.09538258189219913
0.09910271181648406,0.11760894574665481,0.16535649083485487,0.11501307626239983,0.1017814543763111,0.13571771413970113,0.09619422671535123,0.0567498739943581,0.1124755061138848
0.09001529417505871,0.10012128406723031,0.130743393500617,0.21083200493501056,0.09020088381562687,0.12978876836304434,0.1003344796681333,0.049294763066812804,0.09866912840846616
0.2289425286432332,0.06848883115250422,0.01216152268058119,0.01877238752155201,0.20825585621526835,0.021973649674066325,0.22861446762552073,0.07959139880077598,0.13319935768649793
0.10968289061579216,0.08154990922008398,0.12284065306394827,0.23722647313088296,0.08249658534369127,0.11859297249949542,0.0973291157070952,0.06080150353981515,0.08947989687919555
0.15462241404113308,0.09424425421166154,0.12395118199308876,0.09452704200108046,0.1047646769417357,0.12715989987832418,0.1051578554209539,0.09341550924096047,0.10215716627106192
0.17874138956694105,0.07948263069293955,0.10011996012980173,0.015326389839072684,0.12364132581644265,0.09029881415252218,0.19053196394175353,0.10744888458886144,0.11440864127166517
0.08381884184698507,0.10028291275645333,0.12627912881029046,0.24452805298560779,0.09186886645993969,0.1054200234612836,0.09361231997493391,0.05279215771709942,0.10139769598740678
0.08463167414884441,0.09708983301092904,0.15818054730660636,0.19460954335744654,0.08086000744568557,0.08231210471671345,0.08198935762047353,0.13209776354407118,0.08822916884922986
0.09878418234927533,0.12260602881355172,0.17602971893579178,0.08156598046965945,0.10226590894173339,0.14622462225397084,0.09562457377567148,0.06881771922652763,0.10808126523381849
0.12829836826503074,0.10341782859569436,0.10196157144648148,0.17973041550304245,0.11523619149075003,0.08298365966934033,0.09583278696905566,0.05099098644964955,0.14154819161095542
