0.122458116538208,0.11949025773915518,0.13805792592441754,0.09535162785832828,0.11389426234955609,0.16148416225285553,0.04404841586569049,0.08715278563480515,0.11806244583698379
0.09351410847458602,0.10516714846274593,0.11002036674887299,0.11903692006590268,0.10880712649711527,0.2203364707634419,0.033080320239328824,0.11546055131155597,0.09457698743645042
0.1045423852387911,0.10846203712083402,0.10044733211221497,0.08432429684619276,0.1048122506024937,0.18873597523151664,0.13710395101961384,0.08565085702906734,0.08592091479927565
0.07383624477039194,0.07546412141713267,0.09750173793647848,0.07494102491168189,0.09097113654889295,0.02762978812862994,0.4255327918064524,0.059729903911848604,0.07439325056849112
0.10398583954141709,0.09811377096344497,0.12981426158098922,0.08233008723425765,0.14191953240333444,0.09541099100200275,0.0974055348867714,0.12640936269001943,0.12461061969776305
0.10932261637513067,0.1224212489878229,0.09780245205962763,0.13390420621510088,0.12966120266007322,0.0936959468763286,0.04052715176113069,0.13054772936007766,0.14211744570470766
0.1252598437689564,0.11886578645886159,0.09169146806017547,0.10135574585374052,0.10041481824270099,0.15696656444736978,0.03883170557269235,0.09914127129148646,0.16747279630401649
0.1422036335567244,0.1372247849181821,0.1371275838995791,0.08771669745958947,0.12054425368421968,0.07890053998746203,0.03320263209659031,0.10748663161404182,0.15559324278361106
0.09557209922902915,0.1041525904997036,0.1489796595661123,0.07551770904364773,0.09770790823140918,0.05686757607758619,0.12187443671302806,0.17096953535010873,0.12835848528937507
0.10929547646767268,0.12093281890409129,0.10994257280374269,0.13074449257601437,0.09991991233211424,0.18563435728961172,0.041491126606936345,0.09552274964406349,0.1065164933757532
0.10466385087441321,0.09817563813803047,0.10009861791454595,0.13081648242110674,0.10820770245464195,0.06803877637194712,0.23036642433865348,0.08907786545310868,0.07055464203355245
0.09461510853025172,0.09399868880348079,0.11050827960820696,0.07340702859162002,0.09895621902723413,0.17639796023688847,0.1823345641008901,0.08305499988915331,0.08672715121227449
0.11330339760212516,0.10587343935259501,0.11239875469035752,0.10070815465234507,0.12365415310485632,0.1716340058998742,0.09248590366086949,0.08832737990600713,0.0916148111309702
0.09178585638038994,0.07551820297941188,0.07243836748768921,0.06320545770334662,0.10384526697769919,0.17252680788625216,0.2720866090510686,0.08171158336946675,0.06688184816467559
0.11507095662652812,0.10723403671524794,0.10030706982033438,0.07626174467440228,0.10881808503819417,0.16509460589507544,0.09936635381892982,0.11497341797356453,0.11287372943772338
0.0945737618256538,0.08398710181632024,0.11067789706803777,0.09009299615776795,0.13263080900413413,0.16504524457826628,0.16965435334423343,0.08861305107636268,0.06472478512922371
0.11240654275573325,0.1060660170630396,0.10105641519712,0.13619008691253107,0.1151484750112814,0.19756611778771216,0.021053699004634826,0.10542742565719947,0.10508522061074828
0.10247712091111615,0.11961074171053065,0.12025950254297683,0.11688278008481234,0.11507989851192084,0.22570225664749768,0.013060033373645306,0.08549381674862883,0.10143384946887139
0.12355793346838674,0.12060253386730291,0.09373354903942734,0.11809659315577181,0.12734593846658984,0.13195340073391879,0.03959321661090168,0.1171892111311752,0.12792762352652567
0.11225179087688451,0.10487788288922889,0.13089470654102478,0.09915619111500641,0.11515969243739234,0.12018049222334176,0.13807847676278281,0.07779892171066614,0.10160184544367235
0.11781360161814886,0.1310242211461056,0.10097119634552072,0.13466838218139912,0.12443585896577998,0.053753953246619586,0.06665989892829322,0.09237618479095212,0.17829670277718077
0.08794024820654746,0.09217286806522884,0.10202404679191025,0.06831595332569972,0.0881607200356136,0.17269275042006807,0.05422607027912659,0.17083528458464395,0.16363205829116154
0.10011675095580536,0.10846287633673217,0.14993085193763797,0.12044157148417008,0.10921628191777098,0.1215560052771096,0.05820996771044717,0.10147747306946096,0.13058822131086575
0.1168139425524599,0.11904820237618978,0.12144678693378369,0.11230069356410051,0.10379533551207114,0.057288516527587784,0.1417801035872355,0.10539410378980929,0.12213231515676239
0.06928103273189999,0.0765485234122412,0.1171300057455278,0.08233820837342466,0.09517187962714814,0.03680327171051553,0.41542226864623993,0.04817206045744852,0.05913274929555421
0.10813883234936206,0.11911771264028755,0.11051309735486108,0.14109457212419838,0.1252129203227206,0.09968104993658473,0.07979909792334305,0.10559436818858725,0.11084834916005525
0.09860836832184709,0.10619430470820222,0.08923005648880573,0.08248096062251781,0.12405994608813568,0.22329965443433375,0.03415503856455705,0.1203142389932489,0.12165743177835181
0.10118841732014876,0.11094968589751641,0.09522091838204173,0.10047657458439442,0.09017754850114042,0.26935633971113304,0.03166201244619193,0.10932927879811231,0.09163922435932102
0.11131662075443378,0.12829846536816636,0.12059445155559079,0.12168215301786245,0.11231127599326844,0.10529081988105464,0.04511702447089641,0.1281365858117466,0.12725260314698053
0.11714480099922886,0.12604833969201715,0.10943499052001361,0.10768798257080096,0.10707083659983341,0.11023390828161023,0.032491793136322535,0.08986117463546632,0.2000261735647069
0.12248779367397823,0.102424746483415,0.104455397140996,0.09969205014071386,0.11663635757980571,0.12196252756508284,0.13673237552848805,0.11386254934199251,0.08174620254552782
0.12991108097880977,0.13177361710365734,0.13288214220375638,0.10048349727850624,0.11100540675328345,0.05954936879004621,0.08766825500779035,0.13185214558402517,0.11487448630012509
0.10723140250951803,0.11023088226249383,0.1300241518595636,0.14852034784003396,0.12061381565833584,0.09436584782112922,0.06309139627719831,0.09490269032070957,0.13101946545101772
0.10324704873203795,0.1067846555260875,0.10955593352065503,0.11432570913051428,0.09306649965694141,0.25678813261854616,0.023580828348388396,0.08568023897579029,0.10697095349103893
0.11190906203853168,0.12147039859835458,0.10745047438101245,0.18816200978695044,0.1001361143790037,0.12923153370672194,0.03239371619201347,0.08542019465723384,0.12382649626017789
0.09143399113196955,0.10388237908296309,0.09603286909680352,0.10491404437999331,0.09548215745367837,0.2659938755064418,0.040318898401789,0.10689673182881791,0.09504505311754351
0.10835931208337983,0.10897144797204678,0.09790854854310248,0.12578413694480195,0.11466104849091129,0.0752146410970847,0.13051782876400367,0.15858216136567083,0.08000087473899846
0.10742866492503578,0.0969902095815998,0.10665481132673943,0.09279007539644889,0.10678900532142437,0.2118592799236845,0.06618534160624194,0.0979968579475029,0.11330575397132243
0.08695180788668978,0.09476239757067413,0.07474392570193454,0.08970176998131556,0.08180760583560488,0.04023010485501784,0.38401362945003426,0.0667216758238388,0.08106708289489022
0.11121953471248874,0.10757466438079967,0.10530091221673114,0.10246137899384178,0.11251429522565524,0.17352078738322005,0.08150295344413551,0.09945765669294078,0.10644781695018701
0.0987968433504711,0.10782327624208606,0.09888677765279942,0.09621711377068017,0.11764608710221065,0.12953616373651936,0.1760215215734511,0.07326837766075224,0.10180383891102984
0.09233248751546817,0.10186911309213786,0.1298208420079175,0.0704478894778623,0.09460611229073507,0.2898893349266715,0.038910239675820475,0.10335131603782222,0.07877266497556489
0.12133117431394763,0.10043224954808011,0.05424220103898041,0.07484128127827568,0.10260635421628628,0.03387838972648428,0.3325921587979539,0.08115272825862532,0.09892346282136637
0.1244347974137705,0.11968550118380523,0.13146071529798847,0.08204346620989227,0.1255633828790757,0.13784465765897055,0.07336175674785621,0.10322695829314389,0.10237876431549713
0.109073120781361,0.1204536026608705,0.10214739263788368,0.10538517141331145,0.10006945899370763,0.22592796967112871,0.029716768921592862,0.0989430043678073,0.1082835105523368
0.11430331680001997,0.11091637113766191,0.11326911227178889,0.11245888294998535,0.1138834502750405,0.12337617614090331,0.08300874140465059,0.12906830008533532,0.09971564893461415
0.11623102932735947,0.12123257981269919,0.13080199549133398,0.1427185642232056,0.13616836634805574,0.1342937107183345,0.04142279547071734,0.09212269697948423,0.08500826162880988
0.07192983119106948,0.07928937947259997,0.0626711506605035,0.051650052243202745,0.1177329483676438,0.09665703874932119,0.38536414052822326,0.03944251413835026,0.09526294464908584
0.12800463255322433,0.12799710572031237,0.09310658393856387,0.1050860570614993,0.10466947638995565,0.14401354722377493,0.05571279454306153,0.12658708587903242,0.11482271669057559
0.10408102244997976,0.1122315716650909,0.08535756585221392,0.0990831154508011,0.0858091269315453,0.2919532245630259,0.023154444807323964,0.09837958828641469,0.09995033999360448
0.09930526331524614,0.10393786194266703,0.13076904962213545,0.1371010074799821,0.10966187795662957,0.09296574462113656,0.07239260409651259,0.12727193127523784,0.12659465969045272
0.10463250936524286,0.10321643919007613,0.10921744589334577,0.10305839814981949,0.10098059590072471,0.19441096834389524,0.0690608663051415,0.11371413259522556,0.10170864425652863
0.10993029272461696,0.11676999608434042,0.11345248232175147,0.10720429288200084,0.10320210427740319,0.16613556389222775,0.07012528522119307,0.10289667434402877,0.11028330825243754
0.11602661739228705,0.11573070981099302,0.13257806730218555,0.13286918740928189,0.10114585199272247,0.09428672435024428,0.07639194539021754,0.1407516256239568,0.09021927072811144
0.11108129616381908,0.11121355119656536,0.15269939534449872,0.10249283676386221,0.11312463829991286,0.02137484188405266,0.13054508318004712,0.10007644209374146,0.15739191507350056
0.11541115339572457,0.1154547459930026,0.1301682817777062,0.11556490161298272,0.10248900543746604,0.07618958716621337,0.14128367094987868,0.08961464218118524,0.11382401148584059
0.10246561564394545,0.11980461917543289,0.14382581471994185,0.12394348482722466,0.11554065641528,0.08512344608443285,0.09659979482394378,0.12279089353328852,0.08990567477650997
0.11650587155091192,0.10758421161752556,0.08682237075239807,0.07829277920268435,0.11391884759698728,0.1886878047594948,0.10227538781197036,0.10224404418998702,0.10366868251804073
0.1051576206761324,0.12091551498046162,0.11699489228248644,0.1123695584515284,0.09288223329439677,0.2522324092752348,0.02383574284695142,0.08152951321260193,0.09408251498020614
0.11221706493478208,0.11358962406559903,0.12727703113732639,0.09739400138831211,0.09922466676318002,0.19863989696318698,0.04815094184288075,0.10153505919863992,0.10197171370609269
0.11324631202687441,0.13228251722553966,0.1270029560879512,0.13098489837681038,0.11166602398531637,0.11164184833861457,0.04357454226491294,0.10441930929658506,0.12518159239739543
0.07895451599915743,0.08311059243455944,0.13421790131994762,0.058709191522688775,0.10423087978128975,0.20665125176841906,0.14569977080461924,0.09742206850866124,0.09100382786065747
0.12407339462679186,0.12511691436099373,0.16624509464471607,0.10169321662382073,0.10361457021373378,0.10550321019375758,0.04490882804205376,0.11870145332956301,0.11014331796456946
0.11332946176458093,0.11595760103899118,0.10851978270593692,0.09459070054694023,0.10277044429822624,0.17416923923775984,0.026889355684054816,0.14400240365996939,0.11977101106354045
0.1119046729226764,0.11956694053097228,0.12080098926120475,0.1220260229741363,0.09276596702787414,0.1803289702410046,0.04357152687936532,0.09903132832566526,0.11000358183710095
0.0941713953134218,0.08611408832958693,0.1482070942955855,0.07152982696973224,0.09703551747415595,0.11228101683039655,0.10069059232285381,0.07427143263686282,0.21569903582740438
0.08744487324890277,0.07896363283925645,0.1122874799823773,0.05051065039416449,0.10966741837148952,0.06542002743020622,0.26518156797119613,0.1658208220172994,0.06470352774510778
0.0943218294096147,0.09153814570142836,0.11695300160891943,0.09063592043307232,0.09069781606127843,0.2186871281907645,0.13003372411998299,0.09431520164024636,0.07281723283469292
0.0950399378528372,0.09488638423333623,0.08057317615453875,0.09805432787849722,0.10022696177979011,0.17306988220498612,0.16348275827581651,0.1057598909236787,0.08890668069651923
0.1245249501782283,0.11952772758121867,0.14433431362078944,0.09218824174149025,0.11776246089342722,0.120057734735605,0.043124525316295605,0.11990151663698889,0.11857852929595658
0.11707396794427201,0.12560623652170957,0.1283377904415769,0.09978353871037965,0.11663468483143957,0.1163021089337779,0.04180593036790666,0.1502877136912433,0.10416802855769448
0.11318497386771544,0.11044116517693686,0.09745216669945077,0.09215847139851802,0.08390314290076652,0.03926629110288788,0.19884340994109784,0.14117561635122725,0.12357476256139942
0.0978119737022939,0.09814707139019291,0.10473353390879785,0.08795993363463273,0.11709632093854343,0.2045233315213815,0.14536064233912724,0.06616747076054064,0.07819972180448999
0.11730429252861851,0.11456702598056562,0.09814451646958901,0.1086209486064077,0.11393184343572499,0.1750633299076082,0.032061515024321356,0.11599514327191285,0.12431138477525187
0.11593815896250864,0.12778734340596493,0.11065008731142519,0.09171545453710787,0.10490153691230113,0.14062062227995387,0.04820436546318704,0.1257940565456261,0.13438837458192518
0.10230425714387925,0.09998060001121123,0.08523469475961983,0.09194751932371485,0.11051545907215791,0.3116026930683354,0.017704437987000703,0.0995655573942047,0.08114478123987622
0.11986084122201568,0.1219033695591925,0.13045184375960128,0.09842870808413261,0.11657370647140318,0.0760673828101388,0.12592635514994552,0.0981336262611905,0.11265416668237986
0.11082809417076761,0.10076898526064863,0.1432435659514074,0.09065412162671223,0.10405072601127664,0.10117315692658359,0.17322445362374453,0.09365801463647239,0.08239888179238698
0.13509575480671562,0.1166235693985838,0.09803905024137911,0.12043272993510852,0.13380761661904378,0.06986644290222556,0.048972880902361536,0.16160393117143418,0.11555802402314781
0.09630289238723048,0.10777297582631751,0.12131419925278636,0.10203043313565842,0.11194623772199101,0.2023951486762289,0.04793230801573837,0.09728993077821975,0.11301587420582926
0.09223301725763348,0.08861914193185094,0.09282134738894299,0.11254116613282901,0.09409587289539827,0.1642031096630633,0.2153975024114576,0.07579666503001144,0.06429217728881298
0.1142457996070368,0.12992621638021887,0.11375299395689246,0.11018269360137507,0.11665532055813728,0.1457227497854293,0.03349253529006835,0.10520585841432677,0.1308158324065151
0.09056871746532542,0.07413145375323366,0.14340602726749285,0.08038554424465484,0.08538310474598738,0.03235705055555951,0.29617681426064996,0.055436076930270826,0.14215521077682555
0.10859737382430974,0.11725345239525004,0.1672585167118478,0.13096713646449468,0.12301073524944284,0.10636795620995278,0.057767840527172244,0.07831482729795149,0.1104621613195783
0.10728844069400141,0.12070850291396391,0.09964508254621114,0.10806454125551322,0.12927596493078664,0.12817631754880568,0.09312466035535256,0.10234855149427667,0.1113679382610888
0.10114681934314468,0.10205199120925434,0.08921833299351462,0.16282152095925498,0.10790325233961688,0.23509876570917188,0.01376454812685198,0.09940387876940038,0.0885908905497902
0.09677693947671306,0.08859115872714478,0.1329514763878982,0.08244407494217758,0.1144073064025563,0.02744724245302335,0.27559949634235004,0.08244437171980255,0.09933793354833419
0.1250829247343213,0.11850740997919758,0.14548237832215555,0.1309932296632905,0.10546278206586164,0.08329877649121217,0.05444772133178305,0.08760140743691018,0.149123369975268
0.10165096480237008,0.10238063558933587,0.13120312570407666,0.08134790011625147,0.1064888411938616,0.043694047646119914,0.26555242625788744,0.07970288594951959,0.08797917274057727
0.08713515748499046,0.0795909302322089,0.06267458812070616,0.07491862444276656,0.11124133849744118,0.04463860785177831,0.376943787947771,0.07887862469435154,0.08397834072798578
0.12111447639105448,0.10801312236913087,0.09827969375435176,0.08962061128897048,0.12170438678998008,0.12907328384618028,0.14521004431649917,0.0879322334539986,0.09905214778983423
0.11617241875216626,0.1059355875244294,0.12631855673484324,0.09940179350531941,0.111963640981947,0.10325008770402522,0.04302703636161732,0.10107632527569378,0.19285455315995845
0.11750461697410171,0.10200643627857207,0.11382922088841091,0.13049181191601628,0.10413700532295844,0.14154480616560258,0.03262580669858658,0.16144760244195874,0.09641269331379278
0.11769376677560277,0.1174827264183495,0.10044401860881698,0.092677499774377,0.1009927308184669,0.19119070693769488,0.07991233248177042,0.0950562638256513,0.10454995435927017
0.12135575125555202,0.12095146667412511,0.1256390919190268,0.13291324305344424,0.11704097653874301,0.07415179124056394,0.06838350774264905,0.12791845683464867,0.11164571474124718
0.1056720107145797,0.10629800791665263,0.12275766060524046,0.10544071061342229,0.10488882557965484,0.2156604471318991,0.0848629558679085,0.06922619191822872,0.08519318965241374
0.12221822095617468,0.1297652617911084,0.10379693093961477,0.12342482637602603,0.12384742734289582,0.12231503308788848,0.06346445833722937,0.10290298588764946,0.10826485528141301
0.08814016701142417,0.0728003638094629,0.08373939027872625,0.08671869234536132,0.07508218253585114,0.017184783561125846,0.42168054574153396,0.0773256404895551,0.07732823422695938
0.0847128685258605,0.07950588085632103,0.10933635155631183,0.08661389951431953,0.10950299426874678,0.22550093101663937,0.13448960263376705,0.08102344549202996,0.08931402613600399
0.11940237565103205,0.12522911935252162,0.13399637191071342,0.0970150357719078,0.11385629027154809,0.06383025128176434,0.17119467147376358,0.0993340447200332,0.07614183956671579
0.11154002529210111,0.13408323243087894,0.1084410037189628,0.11250705992966957,0.10604534911640895,0.0230075648039751,0.10355430476808837,0.11986891179213728,0.18095254814777792
0.08901279399787972,0.09851473416763329,0.11693037227204121,0.11803191678204981,0.12332524434085912,0.0296486405372474,0.22714891900981815,0.09060458963591718,0.10678278925655416
0.10421614395000217,0.1114702198160032,0.07131542260946838,0.10922002374114927,0.09306487173460638,0.25826444396307846,0.008797654137254219,0.13151697858398098,0.11213424146445687
0.10729570639878698,0.11605797561925159,0.10039039589969712,0.1558573103453678,0.12896168000285732,0.12429277653448849,0.03553035905747591,0.12968513792935066,0.10192865821272412
0.11637319942985491,0.11510745055548234,0.12302850934172287,0.10441995116250281,0.11543885927373099,0.1489991209293578,0.023594068607918184,0.1397641470889115,0.11327469361051856
0.10812320365399215,0.09793166273689931,0.17171091199784186,0.06000032016447091,0.10960789970977854,0.07777470925989695,0.2270290643712846,0.05912243562418087,0.08869979248165483
0.10479635380206831,0.11005044304921802,0.1419280116380303,0.13495414026322064,0.09797044149792339,0.059854668454918186,0.10539051638258101,0.14583812256613327,0.09921730234590687
0.10266194036311421,0.11886029743330055,0.10654177312978551,0.10283251072974742,0.12232885155788348,0.19747751291699014,0.0677239599738728,0.07288563480424097,0.10868751909106489
0.11409922091739072,0.11096251111094586,0.10723247366926336,0.08232478398541425,0.11529521451208334,0.14958560569298765,0.11564852052393787,0.09841284248655822,0.10643882710141872
0.11589768696488138,0.0938369589385371,0.08582804439775049,0.05135583367142043,0.08703654553828682,0.07315929535552015,0.335048415831442,0.0788472040201837,0.07899001528197791
0.10545669748415948,0.0844917766506647,0.09267538742048716,0.08771411117238924,0.10234777522262373,0.03221888221283049,0.30665802608884657,0.11235544684673726,0.07608189690126144
0.11296301752598874,0.11295169980917523,0.09836279398550986,0.08566221830722537,0.10033105949301226,0.03800609053430339,0.20133838501404502,0.10614419362452872,0.14424054170621134
0.08573435188173799,0.08420365650281737,0.08621097391804672,0.0966400547305417,0.12329588259298359,0.09981073402812718,0.27222045019071345,0.0756656019013709,0.07621829425366113
0.08474129880641172,0.10295708395189407,0.08369597007204865,0.1263439926588998,0.11754506099114663,0.03980920082734874,0.2271191000278101,0.11721467750991917,0.10057361515452119
0.11398396837237444,0.10341349454404099,0.11407368337300987,0.08040712822077908,0.141737556801778,0.11685844796056484,0.0763047031621142,0.16310676554382064,0.09011425202151795
0.09767963298839284,0.09185526161565048,0.08790837682240597,0.10582405931112633,0.12183006533370516,0.19944065500441907,0.1188779041717663,0.10698054904874454,0.06960349570378939
