0.11581747542971392,0.08923010437232319,0.12978883806070307,0.13704505711454676,0.14397243551321606,0.16862593311568008,0.051142210232608565,0.08093286044953718,0.08344508571167118
0.11277125421206513,0.08774707264050073,0.31470822961297973,0.13433299945364843,0.12449446446523275,0.02163027494104457,0.020509141673174247,0.10736303834027854,0.07644352466107578
0.11386682756839685,0.11132696667780612,0.12024582569988485,0.12319365763235064,0.10256905472235889,0.1262766959381414,0.07096916436545432,0.13932202794573048,0.09222977944987658
0.11096685222495473,0.11729760385726173,0.2146328277032347,0.12040258872093075,0.10379678455468444,0.1351755003955872,0.018827755876771293,0.09683349460490225,0.08206659206167295
0.0675748024096909,0.1115939930087585,0.32252834856217794,0.10589203877736279,0.15446947126553698,0.023974577997334046,0.012931246444363815,0.12296315593755286,0.07807236559722212
0.11620200436965673,0.12219605550821792,0.15191757887200283,0.13288364744277018,0.12868707580905217,0.0634671514533799,0.04684811336072441,0.1495478771261566,0.08825049605803927
0.1039977816974162,0.1289237120194787,0.08828618135022871,0.09746972361495165,0.1450353468450056,0.17648453380909432,0.06173809386562382,0.11931473593386921,0.0787498908643317
0.11220505599424661,0.1066131468610519,0.09149448625602913,0.10276973284553144,0.15033150586437335,0.06107969725472669,0.1668337807888832,0.11641514501335386,0.09225744912180377
0.13643741854393573,0.1458668720258266,0.05463918478984963,0.10180468804259786,0.14051484278330273,0.08261780109509077,0.11684778165571029,0.11112825965060413,0.11014315141308229
0.15850448452814223,0.1488640741001667,0.20785818870144537,0.1011334049202265,0.11560626887481344,0.06271283434345505,0.05116841909246229,0.08854947722725807,0.0656028482120304
0.09626071719466446,0.13224608364439885,0.12216293503994653,0.12231816558551106,0.14869061416571439,0.06463925611609715,0.09700312225726769,0.11133828150991514,0.10534082448648474
0.12270684775256997,0.08872921699648317,0.13401952129418074,0.12726544583263855,0.13380521575022827,0.09654901139697473,0.02412995846889789,0.12613137292072107,0.1466634095873056
0.1561523785086783,0.06716347421492103,0.08318653052334972,0.13277121816252457,0.14289818753795727,0.08151260123492567,0.11679844403464279,0.08596337694648348,0.13355378883651722
0.10428699678514108,0.11253924113801099,0.1251476900224304,0.12075458955446373,0.1083748847484798,0.14770211469367098,0.06106660170769764,0.09656851333782092,0.12355936801228452
0.12940440463323696,0.10327834804555915,0.0652196238752095,0.13174727208408274,0.09600912268897001,0.09747874869757038,0.13655487196750818,0.1484384578076372,0.09186915020022579
0.1041041922080806,0.1372522641954297,0.0867788295753057,0.10393408368403557,0.13026112485668714,0.15977409505406456,0.06449697629242646,0.09218406980659305,0.12121436432737726
0.12927494161663491,0.11796777081354287,0.10476087211318398,0.1345434650570786,0.18027074956309466,0.08941825683579725,0.028766521684946273,0.08961749143102878,0.1253799308846926
0.1319914273530734,0.09903218497046469,0.2714661751473387,0.0911199646165959,0.10706845471125803,0.06325130701570926,0.008375110067355675,0.12236963028007358,0.10532574583813085
0.14121559901220984,0.10790012545673029,0.21807223357091252,0.10746545460354769,0.08260541281867669,0.10613761915148094,0.0231875325628773,0.10835205726629753,0.10506396555726723
0.11001443869650014,0.10804978366515185,0.036948180904728394,0.1046148889989934,0.10436854173853666,0.1218667817864351,0.2104832156989387,0.10746731237500295,0.09618685613571276
0.10646391322128097,0.06901820872840149,0.28962996828839266,0.14899415471155164,0.08878312030860691,0.028475454920898688,0.07405382443098106,0.13541688798543403,0.05916446740445255
0.10510401914862699,0.11899201029306487,0.09672352088263525,0.12012492488947184,0.20782584187303332,0.1065556955757533,0.0679959997793268,0.07686803266396473,0.09980995489412285
0.11833967364843957,0.08826220093920699,0.2625663280384821,0.1240190941114817,0.08856995005212472,0.12646990388487636,0.013869470475028641,0.10212596124014195,0.07577741761021793
0.13369852112513209,0.14877681081504374,0.13410639316627757,0.10767535885180533,0.09631476673243623,0.09607216548063618,0.04775411053917695,0.1148009598541046,0.12080091343538722
0.10451830379449761,0.11312754777691603,0.10983292092174372,0.1315160272246351,0.1351545781063492,0.06636143435408905,0.06425404002520912,0.18503412786107173,0.09020101993548842
0.17208156860408086,0.10386387720943648,0.097859880232535,0.14155056053381376,0.08786248858213991,0.06340866830062376,0.07337646640366255,0.13428662391349258,0.12570986622021516
0.1120978002745854,0.13103124832545748,0.18906694396033466,0.11523783495863076,0.10701535177490025,0.03521657626785212,0.0971627491198333,0.10985349636968343,0.10331799894872264
0.1300184232350158,0.10294502887903147,0.054773337450514846,0.10789754450726623,0.10714588325854901,0.24914707079118945,0.03273507526101161,0.07253618494380644,0.1428014516736152
0.15407136396771706,0.1368097799553033,0.10530536820432095,0.11328104016300405,0.07471042493588896,0.1415064677171426,0.012587364493392516,0.16688386498028718,0.09484432558294337
0.16617871518180408,0.13662043520636444,0.21308747276542847,0.09563922871645075,0.09845736183166626,0.03890232396783629,0.04062898248884906,0.12057594383569999,0.08990953600590072
0.1778447030212977,0.06624464794679823,0.1093590381177939,0.12026873620614376,0.0905954505537301,0.1278645354809632,0.06779542935883302,0.09820532108796486,0.14182213822647527
0.11499997656773847,0.12475511445874958,0.06334689866288393,0.12143058771534242,0.09904892715056339,0.09748026609041503,0.14963500869479765,0.12338121731831526,0.1059220033411943
0.11362257326173784,0.09987820311226181,0.09639619781771892,0.11935803554618545,0.15792671877010178,0.14245082085918662,0.039450693442132374,0.11225183789755071,0.11866491929312445
0.14021241794974268,0.14667297908617224,0.07196785430747521,0.12378093917846968,0.09719367916143369,0.14279575623688037,0.04145549197257951,0.12585362891015694,0.11006725319708967
0.11403076502901095,0.13482791627719137,0.07064217607630902,0.1081134286272472,0.11348897154378224,0.12178292787946123,0.11386060520610236,0.10702092399539176,0.11623228536550388
0.1301631554147211,0.16516268835432224,0.2508627280659503,0.08292053503467813,0.08200560181748515,0.04880555294004545,0.0042460449181940885,0.13601279331041086,0.09982090014419276
0.10632099748094821,0.11443161314620487,0.23440281952950393,0.11200342722660328,0.1137958591819534,0.050431198131952626,0.02906508948372138,0.13497098296388765,0.10457801285522468
0.09991676693730468,0.15692085551088406,0.4112053697673337,0.0898063982101639,0.08658156765564322,0.03458990971173509,0.003879739261522746,0.059435586747141854,0.05766380619827063
0.09039805084498435,0.16025403543406652,0.08774669279106921,0.10683209704001106,0.19462207660115194,0.08940000050443021,0.09393128177391481,0.08839663854839584,0.08841912646197614
0.09950938458669,0.10702656239330387,0.20906211545195572,0.09651939900218724,0.14773716522475475,0.041035517480699585,0.14077760589597502,0.06176197833260389,0.09657027163182996
0.12170566820573549,0.09426180286915757,0.08128525055956642,0.1078034472569746,0.17908998394020978,0.16681855903170373,0.01749863822565961,0.09769328175499765,0.1338433681559951
0.08557952133005232,0.10312322856794187,0.25609813029758227,0.09790432046101154,0.1512616260708674,0.018841422524917953,0.10057211263366128,0.10338079521523745,0.08323884289872795
0.12287602778309505,0.09611192721521629,0.21262937454433975,0.12195592462751281,0.07704158128061453,0.11981482010689219,0.022756710797714876,0.13445675293090179,0.09235688071371262
0.10634067644107148,0.1258015825203064,0.04073783023543343,0.10975587476689382,0.1255978756575217,0.1653161673519962,0.12750829439360437,0.1091182262116689,0.08982347242150364
0.11965157208249307,0.11009504331514423,0.06741819190998899,0.13316645771579882,0.11285451156465535,0.13972823767238624,0.10173542155626848,0.11378747585257376,0.10156308833069111
0.14590139210950617,0.09566675780251876,0.2057589774599585,0.12729499622502502,0.11840090567749821,0.06955022479378392,0.050638791801313865,0.09360251303540988,0.09318544109498567
0.10498720746981378,0.10395120141075254,0.07206724056451003,0.11731194944734624,0.14885349553592464,0.179498343149981,0.055499427284004456,0.10933751462849091,0.10849362050917634
0.12193713119396853,0.1489849278019608,0.14916123425309336,0.11259039505077278,0.10934411512375482,0.11553994521732773,0.020041029702684315,0.10404225877968805,0.11835896287674967
0.16068282939737563,0.12274985173614095,0.21639857881299893,0.10210855468777891,0.09402638210856067,0.052763856763200695,0.025824232711203984,0.1264215443572672,0.09902416942547317
0.100775849108747,0.1366493215585295,0.23510755939752095,0.10625266026753784,0.14585422328273942,0.05222781115826378,0.05445127458124812,0.0808066535731053,0.08787464707230809
0.12081617055265738,0.09918523507829925,0.03716813884482007,0.10219682494533495,0.11820823413098902,0.08971899159712322,0.24117767010491453,0.09329560488960476,0.0982331298562568
0.14473405734336608,0.08707900839801565,0.1531087557325016,0.15284768805761173,0.11049459309994265,0.05284746889802375,0.03908635942393964,0.1444249357196992,0.11537713332689963
0.11503275628346087,0.1595094689393243,0.09244580324592992,0.13136345759725906,0.122640669787225,0.11071649415182273,0.02147093768243383,0.16194396732459596,0.08487644498794826
0.10351860943877711,0.2184816536239401,0.08999931326793466,0.11396067162818287,0.11505372456034886,0.12200697448968793,0.06620729704553374,0.07869050676500831,0.09208124918058631
0.10751789734766502,0.09121910033558404,0.16494078107171697,0.14231275756221748,0.12459119254620887,0.03460074102385987,0.07912622209202917,0.1778000960001598,0.07789121202055872
0.11404559393650297,0.1266258463558089,0.06449496837996314,0.12300025461075698,0.14828801709392195,0.1229694615254792,0.09224685501119771,0.10071346804285797,0.10761553504351125
0.11097435516684384,0.14966904587986163,0.04989054245830939,0.10404884766230675,0.15899929614294347,0.15557678363800484,0.05425598667189205,0.10894238816363888,0.10764275421619918
0.1354855498365516,0.13810196669604105,0.10140293532573451,0.12422277971732897,0.11387224630223915,0.0972179148850036,0.04522603469481132,0.135043319261035,0.10942725328125484
0.09346189664784806,0.10951443571263064,0.06100181688965297,0.11128598406952317,0.077491491603552,0.15196184455575704,0.12901062287266182,0.17237873617061092,0.09389317147776348
0.1133056353912023,0.10711845436962013,0.24544014823144214,0.1355232141075217,0.10193541181735873,0.03226604249648214,0.04697887650889513,0.15148923777050743,0.06594297930697031
0.14254043824073154,0.10542406250206467,0.13703310976736327,0.1347450438916272,0.12690122404912305,0.12063810682165617,0.025953788137234507,0.09930849214387173,0.10745573444632787
0.1289469280428076,0.12058273885704511,0.12249493927370153,0.13506442374815605,0.16614462280532624,0.05131088313109138,0.04458149851647337,0.13356107460196912,0.09731289102342972
0.07496975552015885,0.11894448799420461,0.10065006374440373,0.09122452685721215,0.11832599371809087,0.14416018027943964,0.19806425877808229,0.07042533451191285,0.08323539859649505
0.17441255175110004,0.07468721013866365,0.1583544638180253,0.12211993242827053,0.08615892727945197,0.08714296441439168,0.05331570686479085,0.12255927436199628,0.12124896894330968
0.10834555038402531,0.09269649382688555,0.09605293636854927,0.14525891236872504,0.13018924756119474,0.0642209422208675,0.17800221628062085,0.10648118545007434,0.07875251553905745
0.11164332484636237,0.1067485107450602,0.16798863347413628,0.14103881834464715,0.14297769049869544,0.11834616372960775,0.03224175153891176,0.09208346172286634,0.08693164509971261
0.10543908122961299,0.17579745294539684,0.11514999336673963,0.10466678068434714,0.157703072446283,0.06736678214046347,0.0368240365196413,0.14054565397026011,0.09650714669725548
0.12376506871932184,0.13835847921160827,0.12248984210999951,0.11602894524855656,0.132293048704824,0.07808676775710778,0.08074322926402322,0.10536913025693957,0.10286548872761925
0.12507835195226202,0.09039657603103039,0.08263771704913296,0.14663671360139305,0.18871128386898975,0.10185639798501296,0.06040722202310836,0.11473406405116186,0.08954167343790866
0.1174448680890926,0.06594848412763651,0.23137964751397555,0.1253178948148303,0.17416174932988715,0.059870387721203046,0.01818747958463222,0.10634540675267552,0.10134408206606717
0.11759082025370952,0.10867947821452945,0.11260102947757382,0.16334363983994846,0.1342279996392469,0.0784147036793745,0.05217145570228655,0.13534719807109108,0.09762367512223978
0.10032145008337102,0.11771017640480952,0.05010210353293937,0.08497496414340161,0.13559271768069528,0.04330799037622398,0.2594948274554639,0.08172453557061002,0.12677123475248533
0.15069423941872634,0.07054058586481673,0.13242214627909343,0.13265225056781307,0.11076022889988156,0.04590705969779074,0.07435844455092086,0.1422947152383857,0.1403703294825715
0.11057642156343926,0.10804471079393663,0.21922934864349633,0.09788649005971752,0.09978268359122355,0.08894917528076529,0.022002094554491074,0.11137700115328637,0.14215207435964397
0.10793471931125569,0.0997378819642417,0.10456237814134384,0.11540293971977415,0.11326085228158884,0.0922051275161007,0.14499331599346485,0.11538707673471248,0.10651570833751771
0.17147270180067706,0.04525909972939221,0.25493190575917674,0.11766744858953998,0.12413002178778432,0.045508957115232736,0.05322704722590712,0.10088827803272722,0.08691453995956261
0.16398620784340923,0.05843160691492372,0.13101687337190956,0.1501530240371344,0.0840127511622361,0.12339599152667402,0.06736160536468917,0.14721764777135107,0.0744242920076727
0.11128209264549416,0.090864024551891,0.16726925955684205,0.10510459616526395,0.1070384704320962,0.06412156801727177,0.1870427648363624,0.06660231451003316,0.10067490928474532
0.1230342040732022,0.0920751348483161,0.10737886478893394,0.11063886323332915,0.09694785294384589,0.16850526690565482,0.07666232040565485,0.13677983311994885,0.0879776596811141
0.1470507136937771,0.1250197033289641,0.08357063215998807,0.13519742210918922,0.1425048424411057,0.10671808976090764,0.0418818552668948,0.10530759572578269,0.11274914551339077
0.1038864010176573,0.09603927779958014,0.06053794659784242,0.12951816603957994,0.08195651265452933,0.13760274237546338,0.14747537460457236,0.16396619336504614,0.07901738554572892
0.11680273069785618,0.08273327102306478,0.07029729955300365,0.10754053764530865,0.09554816551287904,0.08334432637840666,0.20406748433233676,0.0905793466797093,0.1490868381774349
0.15563028869979523,0.09714547162341096,0.18402438275638913,0.11783209736183602,0.10586673923562695,0.07017825945412977,0.02621178902003707,0.13857950221710388,0.104531469631671
0.09677870905235718,0.14346490686305488,0.157546367572123,0.10655242452947249,0.12007511718399021,0.06277188826324037,0.10383484861865037,0.09419270732098285,0.11478303059612867
0.11837491571089781,0.1316933387404514,0.040910938859988456,0.11366246087088651,0.1044980145381963,0.15204750963744695,0.11828633543734464,0.11526253474565835,0.10526395145912958
0.10588306136017671,0.14923229614226205,0.10230032003299087,0.13434576559852546,0.14892606639939435,0.092216805388462,0.035208191232210924,0.1586157079294028,0.07327178591657485
0.11458715344121508,0.10520614715943218,0.038693258238157634,0.10731676264320078,0.13245578741234612,0.1549838692450816,0.18677213713038107,0.08258321424677549,0.07740167048341008
0.10448967583699997,0.09983913248006339,0.2333624027280762,0.1568757676844607,0.11706747698880704,0.05092721820671353,0.02237716281465151,0.15534839532841585,0.05971276793181177
0.104485998104203,0.067172373112726,0.13517875184241523,0.1419478424581907,0.16984646038150028,0.11700832888921403,0.026616279099212273,0.10846513685567481,0.1292788292568638
0.11344251912432003,0.11413663669309908,0.045888323868066856,0.11868632448859971,0.1429046439458266,0.08791511517422179,0.1771664106059645,0.10856948308309466,0.09129054301680677
0.14030392378597945,0.06284250208306101,0.09719201358523522,0.1350596816729751,0.15562512697937828,0.1006907351318032,0.0386314288084087,0.11837393443226574,0.15128065352089334
0.13879242699559546,0.14764021913077863,0.1600232667299247,0.09145492977954171,0.08331057313949597,0.11415481382933419,0.05989381392176941,0.09507961996999337,0.10965033650356652
0.11987458281808,0.1404385468541931,0.07245537024573369,0.1112492067050902,0.11241303782713774,0.07758413934149076,0.17198876993842918,0.0975534639418913,0.09644288232795396
0.09854580506838582,0.11578496753534552,0.03898292252308372,0.1105097064782579,0.08766019691446891,0.176875841020814,0.17077606505177875,0.10334482085163876,0.09751967455622663
0.08762851763662649,0.09024111528665302,0.20173940110498037,0.10527416922230043,0.15105936435366238,0.050553631803493294,0.13841765285600371,0.1118376376721329,0.06324851006414735
0.1190953396366861,0.07955417003756152,0.12345366235489004,0.13343652299562028,0.12830614994112363,0.18408966084050013,0.03998890531942937,0.103561187629529,0.08851440124465992
0.13757919985628805,0.0519871251535699,0.3913756064061378,0.08979812688838858,0.08405953192127237,0.010500598220935223,0.04831138491668346,0.09370304762237658,0.09268537901434803
0.1331588023540283,0.09149088073167232,0.07491829933203073,0.13760121894884011,0.12670216207028656,0.11238852879149715,0.03763515928971484,0.15640989513323153,0.1296950533486986
0.10882690305305616,0.1571652735944162,0.12712897880466728,0.11160975451682438,0.11716107631658867,0.13831120849412773,0.008402174579952808,0.1314749185955522,0.09991971204481452
0.09909275849949194,0.12933789015389283,0.024864984126561362,0.0922234671721765,0.08543961565716307,0.15078379237292347,0.2350217436336206,0.08701769018919703,0.0962180581949732
0.12213394393797995,0.1361232642650707,0.05342934378122808,0.09881661727536167,0.13446620598687622,0.09650465768882906,0.14697231622287124,0.10739341978968674,0.10416023105209628
0.12436266990436938,0.13510415753797145,0.18661522803161767,0.11059455376023901,0.13961467292035243,0.08710258271451005,0.038133544465936225,0.08822753535955906,0.09024505530544479
0.12986741692372272,0.12234510594089576,0.15561561739347443,0.12286206495891622,0.09406537510387086,0.1490817507046408,0.01720734000683772,0.1280736611243127,0.08088166784332869
0.14569768565331373,0.08621090922681347,0.048477916678252075,0.12016434783624756,0.12614166172551078,0.11708461254598197,0.07790858997598388,0.15287630713855438,0.12543796921934217
0.11260441315368226,0.12292162466208824,0.0967325364094362,0.11517030135173471,0.11487272423330668,0.059769601981836,0.19892515523086077,0.08009511538797838,0.09890852758907677
0.12218398416630509,0.12608686336512576,0.09645270230758062,0.11628376221557495,0.13588270585244017,0.10813605237896813,0.056611787099928125,0.10846677240006686,0.1298953702140103
0.12705849769244024,0.08799668717080839,0.17154878932204917,0.15459030175079194,0.14216912968350934,0.07650525848416244,0.05665018486734661,0.10725654676195584,0.07622460426693597
0.1629757693191526,0.07944957177170762,0.184457265136689,0.11874596274219369,0.09844289331541582,0.08160919798575889,0.03258303725337209,0.10947322996004483,0.13226307251566546
0.151749828214703,0.1145884398868023,0.06440259610578832,0.12073039193755898,0.13528615600420157,0.11531097147816392,0.03506071658988613,0.12558690857383972,0.13728399120905604
0.0840864870831165,0.11337462282958506,0.06194761877756257,0.11512617799210345,0.14352347127541584,0.10987065145629986,0.15897372293797163,0.08330239905707444,0.12979484859087065
0.11460286947393683,0.13487028556661987,0.044396151695056396,0.11151189668774082,0.09879239085422657,0.12368878302262365,0.16170465354117783,0.11549191040559509,0.09494105875302299
0.1160524250547106,0.11203578847564223,0.10065752496250861,0.11739564091640459,0.11820671611981921,0.09372016135770811,0.1369068001056549,0.09373128788286449,0.11129365512468725
0.1278612314496559,0.08750296584871164,0.12250599111041306,0.13293512309055966,0.08621089382486129,0.07590390791235153,0.10004254027630484,0.1321259652651643,0.13491138122197788
0.11092075858697938,0.1050328192244417,0.11027956155325265,0.1377325881357336,0.19391025450675725,0.10021600714530014,0.062395840292946404,0.08951637443791242,0.08999579611667637
0.11814067550146286,0.10822639661051625,0.10694471268401666,0.13750212203595852,0.15005311025327503,0.09641141496161824,0.06948662994565459,0.13800437237037447,0.0752305656371233
0.1022508018488052,0.09838464864296115,0.24129266509352207,0.10790061698965138,0.13993500484049629,0.058467286679025066,0.04571172914920754,0.08548230918499966,0.12057493757133163
0.12301114880040853,0.20022679924453676,0.15343221854141956,0.07966651336973134,0.08595048665297711,0.11832636397884677,0.012749810412196126,0.1295474056174575,0.09708925338242634
0.10054852501975803,0.14268198543916263,0.19558413629356483,0.1295764554235774,0.1578109815789324,0.04348519920264763,0.04176501428768958,0.11509686177942986,0.07345084097523763
0.09086075348801796,0.1448837133094009,0.024824820997521185,0.08410676876498395,0.11361833904197632,0.1525069648725716,0.21181848164186057,0.08693911107042325,0.09044104681324432
0.10386226553375777,0.09961517409553478,0.21510555026293635,0.09579689268283169,0.15737803490292854,0.07053809368349219,0.07251013859762803,0.07836761785311397,0.10682623238777668
0.11338980372856583,0.11414362748218838,0.10092328569396876,0.1341923338248395,0.10000798198931445,0.06484002172902632,0.16246139548566713,0.11975962035611054,0.09028192971031905
0.1389514354874846,0.05449039308802955,0.0878013333967328,0.14159134417567557,0.15213371352590577,0.07669537025659162,0.08873315672525943,0.11532851684651468,0.144274736497806
0.09744550624723192,0.093604766741964,0.14987039407035613,0.13558320244225505,0.1464406330817662,0.1527397690717194,0.017428903811473852,0.09989610062283434,0.10699072391039915
0.11317662576569998,0.08544858543860068,0.22238344777422725,0.12857864843661795,0.12376017682036133,0.0940372412765871,0.018430249671605836,0.11914092300826233,0.09504410180803761
0.14329525048626954,0.14052038695473887,0.15200088775813145,0.10443826640266267,0.12017263151706664,0.06357541447310361,0.04122233144549969,0.1340071426411236,0.10076768832140387
0.11148564387220906,0.059800960883137265,0.14771952068717437,0.13291538279601336,0.10932261197970365,0.08059718042504731,0.12029777113758681,0.13249859223736452,0.10536233598176371
0.08803459451562878,0.09685354183348827,0.04342651878252213,0.10253208313600276,0.11339549315912427,0.07335335257219873,0.3159351077690507,0.0813232152846206,0.08514609294736379
0.1343741533299507,0.0856765115746176,0.11383343679063089,0.118868627442548,0.12613326399601066,0.11704750634009768,0.020999163996131488,0.13045858121905926,0.15260875531095378
0.11851399735249156,0.12647191280690356,0.21314961912441902,0.11220064219860205,0.1593381311235428,0.05444458283659026,0.01820269657214814,0.11610918594001647,0.08156923204528609
0.10525968286877219,0.1282718709287103,0.048324186191460505,0.12701897237134527,0.13066393524320508,0.11943116111406915,0.13914600376147548,0.11442438193501757,0.08745980558594448
0.12350185607797376,0.11411819230507092,0.17317965087793383,0.11018677377819101,0.11022353934133287,0.07305282188069667,0.046567354705580065,0.12820321376583846,0.12096659726738239
0.12474638818213774,0.10910202742987658,0.06464054861844681,0.13492658783715636,0.1252568035576892,0.1407534915353695,0.08068685112119536,0.11474072182998174,0.10514657988814664
0.08500802562107394,0.128015677390767,0.10455669426502344,0.1284933887361608,0.19469800874629772,0.1384309798563562,0.042807588717417334,0.08757796103341338,0.09041167563349016
0.11518467999399119,0.10799754611457461,0.2958011848055666,0.09355932199259377,0.13170491434033135,0.03274011180028232,0.024653937953812374,0.08127079128886826,0.11708751170997955
0.1279048468905503,0.11247081097946615,0.12702086019485134,0.11545617766518303,0.13450233561324856,0.10374336070092566,0.045881486419056254,0.10446747015568274,0.12855265138103597
0.12184241649952367,0.09947491798957803,0.13952568821992617,0.12949370098470478,0.14187079304039327,0.08161519829232958,0.030522957042217233,0.13790752206348464,0.1177468058678427
0.08123576528953329,0.09892762694106871,0.19876804529910022,0.10260574955762013,0.15813640997803158,0.05262092792247347,0.11957748534484765,0.09141579799077931,0.09671219167654548
0.15312615437002236,0.1174706382843466,0.09257667941844915,0.12656022114234408,0.09978930708782774,0.1629439453131827,0.012502992736289693,0.11410228179087328,0.12092777985666438
0.16655552326968695,0.14030829444093806,0.18526406612067245,0.13170440848016354,0.10430424328860004,0.04657075107306729,0.03752620427114024,0.10715377099317935,0.08061273806255213
0.13559647744126127,0.08518048192802032,0.1342378165572169,0.14991063439878882,0.1295358547115131,0.10341978681578567,0.021597412363888107,0.14263767119903747,0.09788386458448832
0.11650191451518281,0.10428594222983062,0.043781906830910856,0.11082376817829143,0.11690748428456733,0.15404261713231146,0.161217096307497,0.0920661097323303,0.10037316078907825
0.1241010790083678,0.10811360957939566,0.20669101542724036,0.11082358307996411,0.12747526166493675,0.0783109888377737,0.05235778022309661,0.09605170811850783,0.09607497406071729
0.10534406362243753,0.12667799111586675,0.07763560836528048,0.09872292796725778,0.12587667343040101,0.17335362121861772,0.04292731667089376,0.1302699117280807,0.1191918858811643
0.10402718027055434,0.10810125699860988,0.07367441080858066,0.10635126869451943,0.13717820921442955,0.09862662924309977,0.18448016305966763,0.0784440424105517,0.10911683929998701
0.10483101814787672,0.1065214277146379,0.14401392758820436,0.08697186003893771,0.09468488212959443,0.17969001241969215,0.06290759987714294,0.1154502861487975,0.10492898593511628
0.12037439361571216,0.08117182957454573,0.04449902685047665,0.1126507266237027,0.14216993722802754,0.1697149403682798,0.10198822405202852,0.08396677386715694,0.14346414782007
0.1279427576306984,0.11672042063923442,0.14305245217809331,0.11140357733257884,0.11110734800420692,0.06190407859358132,0.07480498857117701,0.1304729743132628,0.12259140273716701
0.14147593295386499,0.10581440883668963,0.1090411449358835,0.12610405634613187,0.11508776356698262,0.07450464550338877,0.04982396383882134,0.15115518104160128,0.12699290297663593
0.12148411579294315,0.21301317941949346,0.20326539628335438,0.08469339295212913,0.0940859360690804,0.060218886824132484,0.04386150933569772,0.08381902528459834,0.09555855803857101
0.13152062852296556,0.06520376523916899,0.2245389485935926,0.1402025543175598,0.09453009898735981,0.04956899903822129,0.018835118761744287,0.15720921148086797,0.1183906750585197
0.11630492005261299,0.11524588732825469,0.19437900210375333,0.11629160454685554,0.09685811726215039,0.14644558871360247,0.011878318698953316,0.13218121811852937,0.07041534317528791
0.08082765654418007,0.0810742720078803,0.3033146832655985,0.14704489483052505,0.15458631130937317,0.03703221714829245,0.014866881745049987,0.11494339936213278,0.06630968378696762
0.12395447643802567,0.10089329580363438,0.2643781591875129,0.14282960711609177,0.10048261934438535,0.03624997521198304,0.034426543758325275,0.1120781993322481,0.08470712380779348
0.11749258634114824,0.16207847982188678,0.056456363323231167,0.10815432119266359,0.08479754738712425,0.11630839484766499,0.09351355911187735,0.14721790251028308,0.11398084546412063
0.10464107342175367,0.10118819998282481,0.09786176774317075,0.1150851908033579,0.12333295868253018,0.1055166102997621,0.16320356592751048,0.10526138912643875,0.08390924401265136
0.14650340014464333,0.09627991782384059,0.1903951442973031,0.13184313544583834,0.1109090822289696,0.04997279865555499,0.08641922583806082,0.10824019395908081,0.0794371016067085
0.10026845362634847,0.11836241248438654,0.04470260369147099,0.11272362225736576,0.16572150002447567,0.15937380878542204,0.10461487549312852,0.08554616147919596,0.10868656215820605
0.10872243304868923,0.1205645933081297,0.20913637665772097,0.08567527674893427,0.1510355709479337,0.07686092204278655,0.03375758127554601,0.08833721974483648,0.12591002622542313
0.10089590312489251,0.08393417046126628,0.09049463810930453,0.12237556219319512,0.13336847075850933,0.0830374761296625,0.22841406943778705,0.06206910360433145,0.09541060618105131
0.13172525028198903,0.09987028938815955,0.038442265111499695,0.08824409183833111,0.10921395818068093,0.09646720415543708,0.22928674293938878,0.10536429779297635,0.1013859003115375
0.15451270044964902,0.09180949837909509,0.11782343245402127,0.12275408033801936,0.10891174985125927,0.07768379237619115,0.08315777070969203,0.14265407647677544,0.10069289896529736
0.08588121654535752,0.11590719287986197,0.36887439705394054,0.11021107125450173,0.09936884170097104,0.04568770050241322,0.018920508842482083,0.07333130213280727,0.0818177690876646
0.13425672808839823,0.11047980184663526,0.14249959803351128,0.1254875797172649,0.09923077570894219,0.041551185676038174,0.11968309079548951,0.14167187439138654,0.08513936574233388
0.12187568526911056,0.12672631483778468,0.07679189871540021,0.09005586359647862,0.16188804343612373,0.05313648165070237,0.1443824162491603,0.1013914375727931,0.12375185867244642
0.0684460807903647,0.09475334532697226,0.0447816448410733,0.10193621934142792,0.08197715079384654,0.06212853148384157,0.3936152232577003,0.09686797328848717,0.0554938308762862
0.1453782825725433,0.10370671343889241,0.2239683814322249,0.10319130876333239,0.09318480167561716,0.06541396810818717,0.06698058837945763,0.10716545013753324,0.09101050549221183
0.11101836667500727,0.08274112369223578,0.07686213591720957,0.12517344901227875,0.12972020053762437,0.10969281894590305,0.12211735513320728,0.1249846953539915,0.11768985473254244
0.08465931380387458,0.11648174382093912,0.0490716463854041,0.1073291898359136,0.08477542336300643,0.1730753992505993,0.21389572593006292,0.08115383452197779,0.08955772308822209
0.10120843457530189,0.17694836938222283,0.057780393471059587,0.12288987890897751,0.15627421626320845,0.1284818200057208,0.05703860331672624,0.10804349892773929,0.0913347851490434
0.10110303888764426,0.1384197527702198,0.1451263443055267,0.10362157587281723,0.15566618442947147,0.09379396784916104,0.03038366528698126,0.12505556620298622,0.10682990439519195
0.08728436189429574,0.17331721473511494,0.1946288014403413,0.0928289030650055,0.10206121287193975,0.1658339177409058,0.026553645444577684,0.07387829898224262,0.08361364382557672
0.09637469568993647,0.08818692550289037,0.041079768229794034,0.13301715561916505,0.15051930697152965,0.14606382112360403,0.1655143206978327,0.08824890746234497,0.09099509870290275
0.1480887993142644,0.07230657669404954,0.24126397144313302,0.1116364077808587,0.11287193679359257,0.05650525501614229,0.015608329767904624,0.1430169134518877,0.09870180973816713
0.09680842541682426,0.07326783062351984,0.21064363731743882,0.09816829986138874,0.07941606704089012,0.13464200799709072,0.008369742682429664,0.15951138925335817,0.1391725998070596
0.10472726595313975,0.07986383481720853,0.13692545514792898,0.14786715049082258,0.17467205834886798,0.0824875740433305,0.04682221530388523,0.129188230183062,0.09744621571175453
0.09230303348041569,0.07167817040394109,0.12365396695828233,0.14066439920200866,0.09871160371212213,0.10916103846327141,0.18044074334796364,0.10254075692864269,0.08084628750335236
0.13958477561887644,0.11039565200442913,0.2521080484800737,0.10185130808585796,0.0679200813598099,0.1155640243649189,0.0065031942621690195,0.10895109221086936,0.0971218236129957
0.09669762484334138,0.054277053904029426,0.3261494208906443,0.08974522949055934,0.10516378806052397,0.04354766305598958,0.031181663272366347,0.09770364463182031,0.1555339118507254
0.10209329279017433,0.09116347510345392,0.04808876405442029,0.10974451586833882,0.11972854574933726,0.09860529806387608,0.2500412029871345,0.08737459569869431,0.09316030968457052
0.12968628033255272,0.08705262952937087,0.3270528747014692,0.11806636318687169,0.09807490134135398,0.03648809651571955,0.009424268373564573,0.12422921066125507,0.06992537535784228
0.09496948124769268,0.17033767753861953,0.13154649951250658,0.10214830953636762,0.10710496127242912,0.13658153388733935,0.021986281965202564,0.12272432697273594,0.1126009280671066
0.15168492803342612,0.0916939576804547,0.11318550350748345,0.11486225885464296,0.09459590319035056,0.16011026528682162,0.05355854424563596,0.10387849997895704,0.11643013922222767
0.10279958731412527,0.06993481708066976,0.30281354012235495,0.09477883867374985,0.13316009083489863,0.11926605709595788,0.008578469510102363,0.0775739958022315,0.09109460356590977
0.09944328373785437,0.08384541925880878,0.041610023513787016,0.0948131964769559,0.13331049067161313,0.08230300095291271,0.26669328057597014,0.07841524261910594,0.11956606219299208
0.1341611549001708,0.10555610456123565,0.03819939408417065,0.09426696508505335,0.10865153536074379,0.15185825513579573,0.15155562249243787,0.08650506367759082,0.1292459047028013
0.125601737885286,0.09555005801866384,0.08861920611613916,0.10942266759679271,0.10943378902774414,0.2237940817765207,0.034226052443707695,0.09484715404537174,0.11850525308977407
0.14781266105608215,0.05047592807199972,0.08873418446806874,0.12295861561268756,0.10382587271741645,0.19033915045860997,0.028453229226973614,0.11040074342067324,0.15699961496748852
0.09658259492532884,0.10328930897304002,0.0435057654760998,0.11224238003424765,0.08118330440389436,0.23421397652070475,0.10251622995215966,0.12238514109955297,0.10408129861497195
0.15619502666230392,0.16332616983289297,0.11068779771278804,0.10130537775325389,0.08581401374148567,0.10975247289191055,0.03945805375181193,0.1251584715369271,0.1083026161166259
0.10946448762748957,0.10396033094138256,0.14359393988445815,0.14410312202926356,0.14359422698319935,0.13413150244890293,0.016809478264895723,0.08886542878821872,0.11547748303218948
0.14179484811363466,0.10608335917906701,0.16837699666886877,0.12896180353687348,0.11870845970575537,0.04922018814229185,0.08124486524197107,0.1073388603318608,0.09827061907967684
0.16764662953865117,0.16733616519895259,0.14071551347836417,0.08450476931363898,0.10784785119021217,0.05560880254582862,0.040378281310048114,0.11308287135918083,0.12287911606512325
0.11582769749059763,0.12362737885968884,0.038008795369761324,0.10735904949670043,0.08325014724029801,0.14390962073604327,0.1798890050868954,0.09165906095027082,0.11646924476974428
0.10502435410025672,0.11072363986578278,0.14902128530038958,0.0833233983619925,0.15168224594441368,0.045078301122564,0.12784649392655142,0.11064625667169119,0.1166540247063581
0.11396349206743629,0.07966479023530998,0.3608538025003792,0.08885661707352736,0.0953241665329329,0.0238642341399108,0.009154681302540393,0.12097436382998766,0.10734385231797532
0.09681439148007824,0.1410346794646036,0.04695880718889608,0.116323570000825,0.09448398329743961,0.14888213435507355,0.1795363562192558,0.09014137301697067,0.08582470497685746
0.11344130364302137,0.09569565852004235,0.26644432483315283,0.1136513063071688,0.12397572235607479,0.06298852075872301,0.01240084694313274,0.13324799098832404,0.07815432565036011
0.0968465376430757,0.1283223614771428,0.10410836111002171,0.11995231133846822,0.1551237905960843,0.08429447859995154,0.1343595616224385,0.07675997922511658,0.10023261838770066
0.07533192879664881,0.07590670030316703,0.026289142376369853,0.08849195335292864,0.08492885348787627,0.08160323961495983,0.41144580781626017,0.0820971634958605,0.07390521075592886
0.11154469923673317,0.05071798810288419,0.07183082016869276,0.1360318263039185,0.10591302834925016,0.09020851607845481,0.23062992284009998,0.08903525424177201,0.11408794467819434
0.11823428364533867,0.1568396972226234,0.1247791212002572,0.10904833606427948,0.17093056577375032,0.08854737544478243,0.014681697118601164,0.14184690634795663,0.07509201718241063
0.11900439828270382,0.11901183995172075,0.13077598443470573,0.12408604862183921,0.13468342870865638,0.08102736440800427,0.12472363697716948,0.07713701378215698,0.0895502848330434
0.12409742951924885,0.12029873007379947,0.1492527160601584,0.1204477619613326,0.10731493941825691,0.16417280694775066,0.0395993385213901,0.08703475871978635,0.08778151877827674
0.08878001183209135,0.11579231067324935,0.030379871663801877,0.10189767751799421,0.13559664931229135,0.10689139958758516,0.24325011895748153,0.09031687631572537,0.08709508413977984
0.11194753593157263,0.10933095105450526,0.1324916111988205,0.10675000181634094,0.15463993141072277,0.13367128243949566,0.02474469245552577,0.13051486416985555,0.09590912952316093
0.09010128294172808,0.12882230043623166,0.08313199540166796,0.1174083846336818,0.08635899477462494,0.07213896526779766,0.2117129708290322,0.14217994247044374,0.06814516324479197
0.10760262212310616,0.15485273840148406,0.13390257202061848,0.12658258372260725,0.1418054541518088,0.12634853121776382,0.027786998904331506,0.09453427786581581,0.08658422159246408
0.08519847195589238,0.12892415551652583,0.37118566928257574,0.08129792702073209,0.10880763963578605,0.030845802221182675,0.02552766974576033,0.07931460748990403,0.08889805713164094
0.09347170815764698,0.12365006125598281,0.03605583220966118,0.09838432850684646,0.09536149474469828,0.15781158572542128,0.21008905948641107,0.08749682948005792,0.09767910043327409
0.08276474446593665,0.0741416767602386,0.41775761766829894,0.11436913853700124,0.1048378471464428,0.04006121949372782,0.02114138188818702,0.07630294041842382,0.06862343362174317
0.11409187696749386,0.09296894032077974,0.23544252146544387,0.10938064404860677,0.13033471653443993,0.041615466166839366,0.06753835400755435,0.08110110147171727,0.12752637901712485
