0.11214151039223279,0.050030583701921046,0.20538878814301023,0.09531940986667921,0.09017970921750969,0.15644663624782762,0.06592212628917654,0.12990615273340148,0.09466508340824147
0.11007485325854531,0.09347063218570255,0.08988884069838173,0.09646669320320689,0.12088762549509179,0.0555699673044834,0.22947449298029246,0.09660441143542153,0.10756248343887435
0.11127688723396824,0.10798282212488021,0.11360744517053323,0.08314307686277618,0.11984545046700046,0.1699446439125849,0.06958607712664301,0.11042444650111517,0.1141891506004986
0.11366164567964725,0.06584352805086034,0.15075226330616656,0.08117803410767818,0.09366615120120338,0.2223351451312623,0.03658672367085242,0.12495797779393218,0.11101853105839739
0.10119192143360628,0.17093482606282626,0.143575883295852,0.11803489178329224,0.08680003606697186,0.12264834214911689,0.05210541201372765,0.0707669765247566,0.13394171066985025
0.08164401100841553,0.09264967586865087,0.16172045572561844,0.1010414796886047,0.13498318810095375,0.1062089712475041,0.10547043900445356,0.08780524931469298,0.12847653004110607
0.0935946608982242,0.10049114903399171,0.1309473313651225,0.09818076032382266,0.10160166514298564,0.1355477157190452,0.04132665355435252,0.20842440039570076,0.08988566356675487
0.08130774332458195,0.07398712603201102,0.26005945023143856,0.12999452049100688,0.08487052319495962,0.08297537219315458,0.059720164712859146,0.1027173543482756,0.12436774547171266
0.10327051710306305,0.0905242848944774,0.08083346607809531,0.11211474277141227,0.11161225930914304,0.08965054837873963,0.1930859003659359,0.10620034774779123,0.11270793335134217
0.14250709909072065,0.04748271025265844,0.12342002427781612,0.06883966613377156,0.1291181809704147,0.12251541813523557,0.11870696744413968,0.1480209245173363,0.09938900917790701
0.10294798488532242,0.08512170782926871,0.09335953790328168,0.11397779176122695,0.10782107707624589,0.12421051832493298,0.10528801713130066,0.13876815956507707,0.12850520552334363
0.08441005233040606,0.10385140951825611,0.07490070719391807,0.14906072337577458,0.10806232478220383,0.15965105863338105,0.08625660621320826,0.11294560151276811,0.12086151644008376
0.11681169383533883,0.09140311740132416,0.16548558923971415,0.08508955054255733,0.11940861007391497,0.09938824664861146,0.12451052969635958,0.09088890339184869,0.10701375917033083
0.10820764411902938,0.0822772490108613,0.12307081427943162,0.11687925047092025,0.11856658489650734,0.13815012525864132,0.09058563138067453,0.11989955129392016,0.10236314929001411
0.13845595700613797,0.10871102430132999,0.10305518288179659,0.14202461340493658,0.10046157527520701,0.10288413475166065,0.04861766247443733,0.1257455533663616,0.13004429653813235
0.08369892662552343,0.16906124514209878,0.09715041783580591,0.07460326729687594,0.11632763450857005,0.13352507452464146,0.10667835791241558,0.12408215689229041,0.09487291926177839
0.11482587166185208,0.1261315970083461,0.13595967308080356,0.08003519574819495,0.07882958038874338,0.09485070138368833,0.08946385899287716,0.1689606448080184,0.1109428769274761
0.12369191797219736,0.07939715688203115,0.07991291140983851,0.12469734525932448,0.07606808417141242,0.08314325630642036,0.23657407826391783,0.0965463159022349,0.0999689338326231
0.08585801345050785,0.11903495742388474,0.08972113057811526,0.14896234750914408,0.1197284821785467,0.11539050106501614,0.08429855228674416,0.12239867210957071,0.1146073433984703
0.09500103988326042,0.12403758931700411,0.09891399948995927,0.10868067805551072,0.11590415008910798,0.12268324583460495,0.10443954611798391,0.13132413790031816,0.0990156133122505
0.1067401273242707,0.08768399167367628,0.1763976463525445,0.12816520806329382,0.07401474444297035,0.11989055556479873,0.05057977071296099,0.14062411796403396,0.11590383790145076
0.0908878691670328,0.09944861875360263,0.21311244005266974,0.09471700578839304,0.11120513955584715,0.1445284721684537,0.05740748901930995,0.08334905893544985,0.1053439065592411
0.09718176944774964,0.13787880998330798,0.15243441594413934,0.1351247508913926,0.07553943907547275,0.09306165007644725,0.03691617090059681,0.10064911613697619,0.17121387754391745
0.10228978537269647,0.1737274424727039,0.11279781038715553,0.0935075568490087,0.10588490338157823,0.08442017733199665,0.10829214179847874,0.09166037243295705,0.12741980997342475
0.11756655385858679,0.07329831922995796,0.07337038972375394,0.09430413858198666,0.0879699747877863,0.09146601002811938,0.18945137172281465,0.15423639143529813,0.11833685063169612
0.15015535976479896,0.12831603116857168,0.10215264162577499,0.08474794236276313,0.06425751402844865,0.16751643592280652,0.08628296326245571,0.12282274700301277,0.09374836486136758
0.1141012749356425,0.1049068427136518,0.11693115350076855,0.16396637043693688,0.0795989838286598,0.09220863253801469,0.07077384861647883,0.14619753430065482,0.1113153591291921
0.11223954351170062,0.09063109385445782,0.165050050133096,0.09085107403424054,0.1301291671064783,0.144014612820983,0.059592260212015045,0.10387879016266242,0.10361340816436627
0.09753544526491208,0.0787472550941425,0.14321526735543622,0.14645736026614795,0.133302500424194,0.08865728730211751,0.0639108223099802,0.13475314480491626,0.11342091717815328
0.10516013601663086,0.1076713410519715,0.12004343275614297,0.11612228955610208,0.11818538250902082,0.1757687727237999,0.06397253927263603,0.08004583429342946,0.11303027182026636
0.11737187038806272,0.09186944592583625,0.10160084626612341,0.10249138970230953,0.14266283932039772,0.12815468491954077,0.03126254405078726,0.19245417432359838,0.09213220510334402
0.10015124927785378,0.0876803655539485,0.12040991756595654,0.17230166338474404,0.0822334989322568,0.10323354814628989,0.0904306644907779,0.12543084595794876,0.1181282466902238
0.08362473941073033,0.13702278784136623,0.12173046926586877,0.10880598156202348,0.14716749394336986,0.0684326071428417,0.08234270532071916,0.10443925894767307,0.1464339565654074
0.08845352597102246,0.0563427322802715,0.10544307887980114,0.08097384035577267,0.13368698828649417,0.1145151604771885,0.17249877128902855,0.142354259218881,0.10573164324154001
0.18074349851796256,0.16072780595607297,0.14442700986363763,0.11345429582669009,0.06794062562753406,0.09571141700155793,0.04500278937918012,0.09141020935462142,0.10058234847274332
0.08558288787241179,0.08752121777198801,0.2068029002825654,0.08812886741355613,0.0650951463873961,0.10491871564534487,0.10744285664335092,0.11852818221688947,0.1359792257664972
0.11492425279154721,0.057242350040942636,0.08035890835179989,0.08651023330764034,0.08956830044585835,0.14781843657320612,0.260489988864394,0.07043252866808537,0.09265500095652612
0.11234215975695762,0.0638610000532468,0.09562826909789107,0.19891371000758426,0.09260316065856222,0.08545005235930274,0.09468533245900566,0.13657997883900508,0.11993633676844447
0.1233248376213798,0.11466217316774181,0.0960654372270046,0.13188661366873036,0.14254507028552968,0.06686643277980946,0.09908398647456788,0.1047156525841222,0.12084979619111419
0.12156004261945214,0.09743819872478722,0.10546391174252816,0.10865173837842734,0.12557861121277566,0.14097403746532206,0.06797020804255306,0.11166793109609581,0.12069532071805857
0.07545208059369161,0.14545825447530444,0.07804541856415531,0.09821606972409958,0.07653926300676993,0.18599032167925733,0.1405660554441258,0.12067669826132259,0.07905583825127345
0.11264821576343675,0.09049515202389259,0.0742615830829119,0.11730045067745187,0.09138382834606817,0.08725305581369976,0.22992269442373936,0.0973719856320679,0.09936303423673169
0.14370546400485518,0.13014899298888724,0.08268526433101854,0.139467061386117,0.07201752453481587,0.06778630171333531,0.07934051851258843,0.13030124062696055,0.15454763190142187
0.09672680185903577,0.07958347489223366,0.16540464635733804,0.1651872413760553,0.11286145192127091,0.08500485732720886,0.07046943831646447,0.08445973203917645,0.14030235591121643
0.07811354018505426,0.07349661472901049,0.16426125666467525,0.10097606236090927,0.11887637836828462,0.1652566012095936,0.0711413084704594,0.13051610324119584,0.09736213477081723
0.09605948268966835,0.11094629157166368,0.09784512467987984,0.15489693562505288,0.08005160789532328,0.06456383666584564,0.18408185433960267,0.09399396425857985,0.11756090227438377
