0.11705473275277421,0.13949046142166407,0.10221269941438076,0.10702168200477867,0.09100733749070715,0.10308290852261581,0.09268059897167213,0.11643521786490224,0.13101436155650498
0.1129615555954972,0.09664080881414766,0.08211681632454847,0.1083029428043898,0.10995329899745966,0.11250154303098762,0.1195387688901119,0.11779931327439229,0.1401849522684653
0.05184405553642904,0.1285949598937656,0.0751497551402488,0.08858984268783626,0.12995783844866035,0.16314762986234857,0.10611114056243205,0.13023982064675743,0.12636495722152186
0.1096628904808931,0.11127823685466072,0.09149743236039554,0.09645509464282946,0.0704186421125938,0.07294002953860253,0.11610826317205512,0.11347861619485895,0.21816079464311078
0.18907837059116675,0.08699362711147697,0.08842840728497144,0.08939281910584677,0.1099481195070152,0.11224221171944544,0.09134181698173388,0.12340930578425302,0.10916532191409044
0.10231769922235506,0.10977912112995829,0.11551491505006256,0.10893335606416045,0.11696987047222418,0.11724761995956505,0.10777260879924878,0.11960199554317406,0.10186281375925162
0.07660605152018793,0.0848516500701501,0.11604072157651941,0.13294359843931555,0.1274831147852727,0.15464350716279968,0.10993123078093041,0.11148387377764164,0.08601625188718269
0.08720475071813172,0.15291577360564176,0.10887165700709411,0.10187904146318678,0.11163380669687045,0.08099206062134837,0.09874756644679039,0.12653446960546447,0.13122087383547185
0.06865467185745917,0.10865488834522226,0.1638719753264508,0.10170194935128103,0.11058256623980443,0.12437550718371111,0.12047387345117679,0.11541823999275651,0.08626632825213787
0.0986545876826966,0.1770949206179192,0.14091124771404726,0.08158403067655672,0.06912733308440537,0.1085988186023545,0.07817848924173944,0.10782609110676278,0.1380244812735182
0.055004616630291235,0.1370288898121267,0.10945658945712643,0.11004233313320373,0.10994039496403518,0.141611115548907,0.11847110021032099,0.11293131423612764,0.10551364600786106
0.1588807983740374,0.07802507737915948,0.11024988622570896,0.10393156093179047,0.0851428211885803,0.12493151266809922,0.11898387491078634,0.09504870860930963,0.12480575971252823
0.1097730386265386,0.09362210270767524,0.10085411952040767,0.10983344049787558,0.08845794249224688,0.10748911264940551,0.12830029921916272,0.12107453058904205,0.1405954136976457
0.06559411244375621,0.10673748536222061,0.16773945436206603,0.16286381197354052,0.08571409584773586,0.08601830941147996,0.10229303837324309,0.11039521403852108,0.11264447818743671
0.2127513253967166,0.10092322573942127,0.11649047362686911,0.07775585552761127,0.08574122754601377,0.07615883259819818,0.10618205461964775,0.09353894574442857,0.13045805920109357
0.1319267175372312,0.09944930860926993,0.09168284886100837,0.09891458872472114,0.0950309825086318,0.08378744127990508,0.12021389245723994,0.13446714755917244,0.14452707246282004
0.10983887034431063,0.10532948087025473,0.10925993418965357,0.11642502724042943,0.15484903401082886,0.15926822144684258,0.09844507761471603,0.07889196620530803,0.06769238807765614
0.10083154445473136,0.09032436342150796,0.09128504462229575,0.1355117660588883,0.16563796324301178,0.12825453590182323,0.1100457451840754,0.08826875553099678,0.08984028158266939
0.12315636321282096,0.09825308680537281,0.09418433280557655,0.1290726473283483,0.09216154228787037,0.07134468864791889,0.12158898449638204,0.11854676828433852,0.15169158613137154
0.17602074017941938,0.1189639094806511,0.06584853497576572,0.11575763296063528,0.09196792232318794,0.10441911055327609,0.09236982762698732,0.10494974544932811,0.12970257645074904
0.10966539751263112,0.11782414637413906,0.0939806802487207,0.136534259762851,0.09518864126249837,0.08895280617497807,0.10498230296241585,0.11568636745567577,0.1371853982460902
0.15743742987973242,0.10469236799849126,0.07476751028027867,0.09376624425392373,0.11398709885412057,0.13581598289331648,0.08941978899008933,0.10572255056744524,0.12439102628260235
0.0787369747968085,0.10498130196517448,0.09701121600458158,0.12160243072456321,0.15002750972803292,0.12466704601234387,0.11651680236220852,0.11212372958918189,0.09433298881710506
0.08160349677507112,0.1173500431820923,0.06903714227090485,0.125398677910502,0.1321801929561944,0.1514500765054426,0.08429461673096594,0.11918452991202154,0.11950122375680532
0.1701748694306384,0.0987702729029823,0.09439706486947431,0.10903719913793848,0.09996317217701615,0.13582575357079793,0.08143672682286934,0.11868757038838491,0.09170737069989815
0.11792286302783699,0.10119249823338723,0.13454181100690962,0.10847918778618204,0.0912298096086583,0.10698439168529439,0.1314061764911385,0.11352413286040187,0.0947191293001911
0.10902924449852301,0.08807477493745035,0.09173239887223424,0.13786370524596572,0.13050521418459857,0.07598381169082837,0.1153032751754441,0.13215425625474234,0.11935331914021328
0.13757271687319042,0.08921007829079658,0.11301785075943334,0.11648158623372264,0.10192133681734307,0.09217188006502881,0.12703328265503308,0.12482884940983491,0.09776241889561717
0.1319709098209963,0.09323643883737605,0.09138549752092534,0.08807857328336947,0.12495179244135195,0.12751886205968374,0.1116251142522493,0.09851603156856997,0.1327167802154779
0.09208921971893969,0.08090142464406773,0.1459269933448473,0.11535157069518666,0.09374850177849553,0.0850520674467446,0.12500929572760858,0.1532026556881054,0.1087182709560045
0.13208110841468998,0.11485782339964506,0.09732853424004184,0.129185214492545,0.11254013677193243,0.09304941223388437,0.10390819679321273,0.10611029122163884,0.11093928243240986
0.11093039469577508,0.08862410503248792,0.12550084776283313,0.1160820685211631,0.11398792093257641,0.09350119186907707,0.12462900586885167,0.12894439759734685,0.0978000677198888
0.08879644478784154,0.12515266335957717,0.1165450064609842,0.10133235499426964,0.14463632355612346,0.12654214809616432,0.11042265446314713,0.0946517604194164,0.09192064386247623
0.0955182865532911,0.09643641401216634,0.10719359419307305,0.11362181656104635,0.08162249117682414,0.08262968869610145,0.13387012803935028,0.13868328313823844,0.15042429762990886
0.09000902025094894,0.08964574622356025,0.09096735370695881,0.10908992458558973,0.0801029214854056,0.06025317279482136,0.13460756399333296,0.1407805592149415,0.2045437377444408
0.13340559461366314,0.10450203438540419,0.09559055842917281,0.1245115271463237,0.0863847217351032,0.11713988597666863,0.09194744500201107,0.11343573785830767,0.1330824948533456
0.10050064295764756,0.1006939511088194,0.13118842949735482,0.11351599563440795,0.09814092413027264,0.09844171549234992,0.12131935263618421,0.10038489942973235,0.13581408911323112
0.08085940575491286,0.09909470280081849,0.10971697969542654,0.11418514899881772,0.0854645853654421,0.1060700346995671,0.11268054820984678,0.11061127559795865,0.18131731887720973
0.06470699398449248,0.10405522554362308,0.1076218741635626,0.08985708196449556,0.09352236166335724,0.1451659756054077,0.11554014603696112,0.1259477726233768,0.1535825684147234
0.166335510608573,0.07648615081506295,0.08478233403037407,0.1080170378416323,0.1184674932735793,0.09552277589489454,0.11053453156032654,0.11535965086011896,0.12449451511543837
0.09182134848637842,0.10918288417926654,0.08529253648776643,0.12989350775894268,0.14015658722006805,0.11318196193674379,0.1181089783040467,0.10618213032367446,0.10618006530311301
0.06868772755931983,0.10644207532999754,0.08382683123064577,0.12718344586230887,0.08865861924340118,0.12893468800015792,0.10632904779611067,0.13068266445090335,0.15925490052715488
0.11542661191793951,0.11255530194032726,0.09437861733921075,0.1080638668774991,0.1425959474209555,0.11658997649745186,0.11803363121125243,0.1141625660511415,0.07819348074422218
0.07854992692874081,0.09641159496935514,0.14351028114632322,0.09027086351391439,0.08824738061246044,0.07284438381546986,0.13292495489751865,0.17895059271044655,0.11829002140577095
0.11279610711951878,0.12482082670569537,0.12271092539299759,0.09842394434494768,0.11133197023704462,0.08558892474616679,0.1097203682321702,0.14160745235535468,0.09299948086610436
0.07345449054067432,0.11363111452909296,0.11454296999146889,0.13588857274507685,0.08677835434866554,0.09331581343763583,0.09751509950535027,0.12521564730082918,0.15965793760120622
0.08963963717859043,0.12083276733515452,0.10654350302720765,0.0968476350895799,0.08042821073598665,0.07707528544153276,0.11023475834626285,0.1651741616630018,0.15322404118268337
0.10852490254507219,0.14689259667744328,0.1618843926499158,0.08578657989744048,0.08871856721544276,0.08379934845976207,0.11368124306046114,0.11558351402714552,0.0951288554673167
0.0866246045605882,0.1108219551878911,0.09559270740891039,0.14835544615857488,0.1421894842414079,0.11283661783439221,0.1123175770193605,0.10338785326105875,0.08787375432781618
0.07413659879844563,0.09133241606128999,0.1058251405009929,0.11904274666092934,0.09563951915567052,0.11531743215589202,0.11767318372357176,0.1407860416124949,0.14024692133071306
0.09170765676527748,0.08877412339538537,0.09685972621994232,0.12633798582685674,0.12761299375448706,0.10934648102158025,0.1382315669631912,0.11728978464959383,0.10383968140368575
0.13891636487972825,0.09200782832803123,0.0993763242256172,0.11312109586869361,0.12899243413270947,0.08180788926624065,0.11489804069964012,0.1250511672271053,0.10582885537223415
0.09604913550219768,0.09582523269045386,0.09903774963605179,0.11232887648383331,0.09418880965627424,0.1346464613838115,0.10776035215026053,0.12753724572335068,0.13262613677376636
0.1048793628201078,0.10016570603227848,0.11574296452165574,0.11830128166074716,0.09709209560937558,0.12195548765634219,0.10790014737308068,0.11083924295405238,0.12312371137235993
0.12304640292484313,0.08778686000619483,0.09504998307662554,0.11658585118857044,0.12544895405457215,0.12543708639630125,0.10288045033545416,0.10152532187765777,0.1222390901397807
0.12350652819396557,0.10572720530690753,0.09874946986454851,0.0958733654221242,0.11323009124592537,0.13418024815895394,0.12818744683152788,0.10803015307339148,0.09251549190265564
0.14548258948531148,0.12407325589866113,0.1062797161421386,0.10020960961580243,0.09435725417777263,0.12892678489929218,0.09713620217160308,0.1102736216627811,0.09326096594663735
0.09173060249227355,0.09066672262550086,0.11039913444563106,0.13481004574923713,0.13339211415532232,0.11413404904338785,0.11846213360407448,0.11970167541473441,0.08670352246983831
0.08930906327256027,0.08516262416859323,0.09709090121752871,0.13760975519506743,0.11614475791846557,0.10289116152578259,0.112503590159359,0.12045243287067892,0.13883571367196426
0.10275110130322555,0.10498030732388335,0.09383950242316948,0.12854927394297813,0.13435916860824174,0.11476369432450406,0.11201128790227717,0.11316279521250426,0.09558286895921624
0.06301955276637418,0.10318213970117311,0.11368767339697211,0.13593741662681827,0.08845828703917531,0.12235231211814569,0.12074720757767136,0.12639461657568818,0.1262207941979818
0.09208921971893969,0.08090142464406773,0.1459269933448473,0.11535157069518666,0.09374850177849553,0.0850520674467446,0.12500929572760858,0.1532026556881054,0.1087182709560045
0.05024078334287758,0.1430864975943118,0.07936292291915391,0.151101871967441,0.13439862215260515,0.1077757539415014,0.09910972553346713,0.12330835911311337,0.11161546343552868
0.11049570353616421,0.10197663129659906,0.08430712940141909,0.15146439074958826,0.1206510565942739,0.1003404779991744,0.1275419067355624,0.10155524508555136,0.10166745860166737
0.09912644884976261,0.1068962867233411,0.09539301099204602,0.12488660530335786,0.128902484623146,0.10033273610482091,0.11535884434751975,0.13217527179870925,0.09692831125729652
0.12924634885854677,0.09223435766076811,0.0844459543338709,0.13648030957282148,0.10386984835594053,0.08260635901287901,0.12951063784935932,0.13902656742268943,0.10257961693312441
0.1880244277072776,0.09999074678157004,0.0881066490851738,0.10063550853329305,0.13417979227018131,0.07082898101815661,0.10089363473141234,0.08925760458568571,0.12808265528724946
0.10785997994000211,0.09432779770353468,0.10959405584913447,0.10908347328356859,0.09354582964593823,0.09098820222544728,0.14474040134632496,0.13364503664873104,0.11621522335731875
0.09735836900218799,0.08104746994792082,0.0943113833980565,0.1397644397694537,0.09974693447879342,0.12838450350617517,0.1157808417123767,0.11219043727542895,0.13141562090960665
0.0960627569164068,0.07966249205555305,0.12667035123589201,0.09502555115303357,0.10520650143652237,0.16226880255417636,0.12559382009264716,0.09971418212008959,0.10979554243567909
0.09411040309502028,0.11582070329961441,0.10444794570684168,0.09912219299279673,0.12030684814099864,0.11383863943990674,0.12912807067540968,0.1320641231463812,0.09116107350303065
0.1222904148293471,0.11822484906071314,0.07804769447054934,0.09974692384753242,0.1404737438117654,0.16255497160832524,0.08165631711012479,0.12056029457706945,0.07644479068457316
0.08569122955007424,0.15820554776173992,0.11534358268667706,0.09490924510314636,0.12945554982432098,0.10624577289640182,0.09484920395820788,0.09700700057941215,0.11829286764001955
0.0877838804254849,0.10563910844035847,0.09914533962576073,0.1254621375910028,0.11986314279098255,0.1293108782467669,0.12579215561788573,0.11943027639494962,0.08757308086680828
0.09890208513146216,0.12033943229553419,0.11702272738674085,0.12296528974489097,0.10666744000807639,0.12040790315901252,0.11548365975039189,0.09691608452554519,0.10129537799834583
0.10192340104009155,0.0664129463362156,0.09413221902401842,0.15746002217369073,0.09944174756245015,0.10936889050298165,0.12086947471539128,0.13247596699382536,0.11791533165133529
0.08670979039057246,0.07159398625283538,0.10005927321926537,0.1220854761679994,0.11994827089390674,0.12037982270103752,0.12126429666812033,0.13063529156356982,0.127323792142693
0.09850559629315851,0.1249196484082644,0.07760876278694435,0.113612758870138,0.147505279907529,0.13334878236294498,0.1032302251473169,0.09613476261876315,0.10513418360494065
0.11260451936599086,0.10567098800329167,0.11520095382753807,0.0926249555788895,0.09980006081781041,0.09509589651379434,0.11908622514683687,0.1439350850143902,0.11598131573145798
0.07142086949174113,0.14145264353475348,0.11722536609910576,0.10938228252653552,0.08768765741809681,0.1390016733292566,0.11399767424636993,0.10602710446983164,0.11380472888430905
0.10693861673458126,0.1219875190910467,0.10166710920686246,0.162027910517158,0.10084756610970369,0.061453963088781094,0.11002276306536325,0.11342671799953759,0.12162783418696589
0.10912047998269253,0.10049408649636327,0.0837884450201502,0.16812998373574295,0.08506460367679625,0.08013672828139717,0.1285605299643602,0.11534420585683758,0.12936093698565979
0.11236694270669252,0.13897368351352837,0.07986147094331575,0.10887940160681746,0.08189075061682079,0.06533437539608841,0.11019223546892482,0.14881624908858793,0.153684890659224
0.10112736248960881,0.10961252207798029,0.1741752808886042,0.1429924396290039,0.07098182149163797,0.0684964179681366,0.09911584688991376,0.1135244953088798,0.11997381325623467
0.06817351529921159,0.10758420993492802,0.08428400773016097,0.12683458345872983,0.09502256484802445,0.10946755153548555,0.12770953762272327,0.14139873197149053,0.13952529759924584
0.09847962294069086,0.09446680606212637,0.10443551707130298,0.11239152091931714,0.11365377210697315,0.130117679633673,0.1269054159009813,0.10997090054502627,0.10957876481990891
0.09847491157156148,0.10239500264219058,0.11520471571967106,0.11587505461166618,0.12858691810398012,0.09357205596247013,0.12462464408717566,0.12757950007509652,0.09368719722618823
0.1361451299922053,0.06488487780254752,0.07567642875076452,0.14316313363290342,0.11852108270825405,0.09765432719240759,0.121743490711955,0.12788865707211555,0.11432287213684693
0.10224870831588635,0.14443649290670715,0.11415756160774555,0.11024291280254751,0.08633897977219769,0.09771045908609222,0.11372591579067366,0.1231349742630186,0.10800399545513123
0.11956737400641858,0.1050172464563278,0.12438241839687096,0.09845393553780579,0.07397538295875479,0.12008323622093198,0.11452027770307388,0.12002455909560433,0.12397556962421187
0.08180251641701862,0.09815515708077525,0.12859361376535797,0.1166742953045794,0.09944417612032325,0.1197490495571698,0.11267715074021283,0.14131517290263235,0.10158886811193046
0.13210139224548512,0.08333160830294854,0.08957993639934296,0.11577236871742858,0.12447719366965622,0.11297192612238749,0.11133700105828055,0.1063397717332281,0.12408880175124236
0.14243485800753738,0.11851095376375921,0.10219787098360465,0.11066268824087698,0.09527825063422514,0.10668281883872675,0.11486908786160348,0.12086329074855988,0.08850018092110644
0.0818881998910347,0.126767312679837,0.09817901126844598,0.13709812146120207,0.1279058477970131,0.11350833284437233,0.09921398304416812,0.10438450259839194,0.11105468841553474
0.14777878647368012,0.12527040759558247,0.09739629496479281,0.09004840117591772,0.12614386047175452,0.0782659456496606,0.1171166583306909,0.11158934041631913,0.10639030492160173
0.10127751720151867,0.09866237434255039,0.0803935340206438,0.13313209854123498,0.1306166458329215,0.07293321173657547,0.12399816000313447,0.14722399508395478,0.11176246323746593
0.11226054183025176,0.09559199244575085,0.06641209243805911,0.08845488846860594,0.13500291101353784,0.15148465218620918,0.11083183161947625,0.11507201654976291,0.1248890734483461
0.061708753574105664,0.15292982995354895,0.11526988866125444,0.11140468382835798,0.07781018885338349,0.11671761267126839,0.1003670895728786,0.11981719169171613,0.14397476119348637
0.08446614306355223,0.1258116585556946,0.17544400262698398,0.12045995510809882,0.07399784290469916,0.08800230119136454,0.09885657715039041,0.09863118458252168,0.1343303348166945
0.06773885371955912,0.10876308081689119,0.128641330350699,0.1325388293121925,0.11429200728336257,0.13394005041687043,0.10512906946364248,0.10950753430191085,0.09944924433487191
0.16401336750030582,0.07122135347624114,0.09466354293613272,0.09766382743228541,0.09145969441244346,0.1244330598453139,0.11592000181408198,0.15029762302262867,0.09032752956056685
0.07327344579515262,0.16261812737346817,0.07941878184956656,0.15699005353556658,0.10367223557880605,0.09523826141833526,0.08781704477462904,0.09612117192733677,0.14485087774713892
0.0919673982578626,0.10291754361018939,0.10484231197677873,0.1389447606509813,0.11518998350817078,0.11113425397694411,0.11079589910021388,0.1109381134284823,0.11326973549037699
0.07663849571719661,0.155239963942709,0.1415202625001789,0.13743934791644072,0.09589382026817332,0.11439680885679782,0.10615655884263979,0.09261559744101427,0.08009914451484966
0.07480480579119032,0.11295262535065187,0.10692198150470933,0.1132619818881528,0.12461300013113236,0.10776977774170375,0.1207420316131513,0.12173636549580796,0.11719743048350038
0.07460050923855482,0.12416350644590678,0.10088127546361285,0.09385216407177989,0.07891249600395563,0.0749509669950761,0.11356676124633101,0.15068085296524433,0.18839146756953865
0.09277797066531877,0.08623459735782263,0.08954969469299118,0.18320909032674457,0.11048494121924919,0.10925800494397127,0.09733653788392081,0.10064117110822146,0.1305079918017602
0.1081377569221202,0.09707692307457039,0.09878847943881919,0.1497559774166157,0.08993546910617913,0.09422668624612397,0.11901087474063438,0.13004013381887006,0.11302769923606704
0.20214336386840648,0.09381108303966836,0.10548860131478872,0.10052329745209428,0.1057194266387486,0.07078227783186526,0.1191111883811783,0.1075529182657227,0.09486784320752734
0.15431647289664346,0.08308957386526429,0.11366796465617272,0.12291282720257574,0.12213602309014733,0.0935703467433082,0.1184423190338237,0.10414925818524114,0.08771521432682343
0.13127929880209735,0.09243842377952484,0.09278743554479456,0.10091159972818285,0.08713659883698871,0.09214290687842036,0.1218187473504491,0.1213489413149255,0.1601360477646168
0.10145100426402982,0.09222141129389877,0.12863264027589064,0.11530926999354736,0.08857080325542611,0.09775381726807697,0.13680772017318735,0.11699209474875978,0.12226123872718321
0.06704199101868512,0.1228452527102527,0.0954229918041079,0.12532060693922312,0.0861297452964987,0.08912183152953963,0.12189603211079265,0.15534381793915178,0.13687773065174838
0.10393903837478156,0.13285355564427404,0.06894214142487844,0.10264328527113524,0.09014259472323734,0.10992543337548921,0.08368692091862955,0.10701179791317857,0.20085523235439603
0.09610102365732258,0.08601036996293591,0.10263441258263567,0.12329829376156547,0.15553447652930322,0.1746504641947136,0.10103329210791934,0.07950667729525042,0.08123098990835391
0.08680457074675325,0.11054165888233447,0.09163376837288922,0.14779655168722358,0.10648332723137088,0.10158419164784822,0.11149560892178727,0.10297195285197376,0.14068836965781936
0.09277797066531877,0.08623459735782263,0.08954969469299118,0.18320909032674457,0.11048494121924919,0.10925800494397127,0.09733653788392081,0.10064117110822146,0.1305079918017602
0.16261300489447106,0.10263988146615373,0.08511161257018295,0.10209270873202757,0.10314044448820965,0.10904166589965562,0.12009351545150133,0.11090627620927156,0.10436089028852653
0.14768246337825203,0.0888366221518943,0.08428139276286167,0.1420164757232678,0.0972629822418206,0.07951181618265578,0.11165480967772935,0.11533619329978091,0.1334172445817375
0.08656134167940267,0.07799227886695166,0.09381970091870845,0.14945997883955925,0.12687767057307256,0.12952503184579092,0.13209744775761725,0.11023773120550205,0.09342881831339511
0.12527247030064778,0.09397089712904087,0.09856936212470081,0.1156919574033055,0.1479684514465308,0.12479785055988184,0.12121252470287884,0.08228089289032536,0.09023559344268815
0.0902888713064926,0.10431953412954383,0.1456987903302381,0.135824589589596,0.09861781356454757,0.14646035233435226,0.10690438486323355,0.08118084989308244,0.09070481398891374
0.11054551427334643,0.11391147934434542,0.10034843931574731,0.10956920559994048,0.10337225984197186,0.11161406808732477,0.1108742194781971,0.11699361032209558,0.12277120373703108
0.09261575935434223,0.12188112686005918,0.138625946455977,0.09712830815864791,0.1046903977055235,0.14482115548249896,0.10379663821822745,0.09383590801254421,0.10260475975217954
0.0750877245846958,0.1037291496503837,0.1769267718459494,0.10911072396872544,0.08405735537543624,0.09277417055253795,0.13274369861331084,0.13285548496512745,0.09271492044383316
0.11157483310430481,0.09017028827007724,0.08793198601597367,0.12170191897909617,0.11863906411328444,0.12217575855284579,0.12106892093485644,0.11245922902760226,0.11427800100195912
0.10333254073398046,0.10208297372250241,0.10288069521002004,0.12077167741954331,0.1221434244040751,0.13696863070657495,0.11381472328786824,0.09878782214198523,0.09921751237345032
0.14056297500929846,0.08281963676377112,0.09126983758608621,0.11196188684310053,0.11652058911140195,0.12906336386526854,0.11737589994041515,0.10513318402239098,0.10529262685826712
0.11003577397010118,0.0842457194199089,0.10819185557606621,0.12642268415986865,0.1438160505599236,0.07399805020422962,0.11786713806627414,0.1280363901124447,0.10738633793118298
0.10731251825949382,0.10916448160656127,0.07391654863360313,0.0900522765284432,0.10875407864633556,0.10767947906243025,0.09393829256073616,0.13983873834171975,0.16934358636067684
0.11153543115099934,0.09950783359524383,0.10730427101407027,0.11212189467573512,0.1508385911190124,0.15180759210419245,0.09837657176852914,0.08749650136229951,0.08101131320991793
0.09793555771037467,0.11115070396874871,0.14261025938279945,0.1146310801335761,0.09499420458106143,0.11726797030427207,0.10786081874039823,0.11653847206221246,0.0970109331165569
0.07440476941645448,0.12073418919432881,0.08954858716205694,0.1095428773116407,0.16183626603949539,0.13034270379868243,0.11323870736204367,0.10084553054457246,0.09950636917072508
0.12762063200514714,0.09823716988126757,0.10692624781208511,0.1379575447526852,0.10274767322130081,0.08845512966216322,0.11162077450403123,0.11566100077927928,0.11077382738204046
0.07519205852147148,0.09454365176202763,0.09242506622738074,0.13723700306403583,0.1341094267312107,0.12788532496742946,0.11692365252867115,0.09820417356517754,0.12347964263259548
0.045343059499153716,0.13633356629911356,0.09452325800784528,0.1169781567748212,0.15253890101992434,0.11305823286080881,0.1005444124139474,0.13639029046178133,0.1042901226626044
0.09795202970897578,0.08885569463711546,0.08954061137937314,0.0990739390225263,0.08213609400282802,0.11443829507325338,0.12257401995470485,0.15472355260796838,0.15070576361325466
