0.10202661736532241,0.10887881677349125,0.08538140010302636,0.15541502273244853,0.1218861814395115,0.04952559187364996,0.1730444287690864,0.08728764375578262,0.11655429718768101
0.09676825327284504,0.1054869497985147,0.19889436175965702,0.08270993123185849,0.11663206941205406,0.02899937739742608,0.11063824961809088,0.17016431363104897,0.08970649387850475
0.07926185051846868,0.09279014799026214,0.053696375863957924,0.08830292718613858,0.09324706878198565,0.35104609059045044,0.04346165910236202,0.06932099628656814,0.1288728836798064
0.1018471054749916,0.1157545556621149,0.043932008899231344,0.13018257644331335,0.12453788755159206,0.07047957494469252,0.16131309119647907,0.14972871892262352,0.10222448090496161
0.10532299307716952,0.10830494106033384,0.07409641422748138,0.1701232892821545,0.09627121330915607,0.13755128317887957,0.0569108356365702,0.10234639202407299,0.14907263820418193
0.08082375885822517,0.11384891394991148,0.19433546992244252,0.15729194895877413,0.11968018900590403,0.07768137444150029,0.06682913450915749,0.09554877025093449,0.09396044010315041
0.11904119830180272,0.10670901533693633,0.06317109069715073,0.10307209652079856,0.10175299817746532,0.22319663792676245,0.06721012519759145,0.1149696892611906,0.10087714858030183
0.06813712512258409,0.11498258287649878,0.18549204648585502,0.10614395205455272,0.10945769262738787,0.07223864261750494,0.1744521451400327,0.09152133532169526,0.07757447775388852
0.0917950293216432,0.13053932701673854,0.05524632824127817,0.1227687872041226,0.10389632379600472,0.20327913742222292,0.07664984730403461,0.11132693805393973,0.10449828164001555
0.06743881253106415,0.09319910514416187,0.019700142559251326,0.06540583340084044,0.10278931262275089,0.17544630912510037,0.03897057819454564,0.20205127889402774,0.2349986275282575
0.11653775210265027,0.11417779137144209,0.10349124214620321,0.11244237343297064,0.11156500883923871,0.23998112559021578,0.055199525899868825,0.07662826257955212,0.06997691803785838
0.1034953495562508,0.09566215224501534,0.14824883387399085,0.0786197408749879,0.12023265064033062,0.04203827837617049,0.06426539934098785,0.18920763575544738,0.1582299593368188
0.12724946030358364,0.09931529862126846,0.05895136629055039,0.08808394892525051,0.08330307022300852,0.2124208826215154,0.07639718129299954,0.08146888987100888,0.17280990185081466
0.11058934497270893,0.09673421775969138,0.07378455736883881,0.11920399408625919,0.09377204955039098,0.2063582377668252,0.12464540356969593,0.0741028616797981,0.10080933324579154
0.09606970610911825,0.14491512281963026,0.20218172427570888,0.08901090028499559,0.12233724757058195,0.10131863856938135,0.05428888202716412,0.085221704483738,0.10465607385968158
0.10632094855713854,0.11592472130179197,0.05002102078637233,0.08834793230559689,0.11719270375693301,0.08573722367571217,0.07102679704233977,0.22969357623910125,0.13573507633501405
0.07067163558362864,0.11958437392219218,0.13541986814075616,0.10842477543882699,0.10872152141626802,0.0641554268810174,0.21883553959967914,0.11166454966023061,0.06252230935740087
0.1329965576132012,0.12639225822914188,0.09204497738932953,0.05515627330682713,0.10969727417001991,0.14321120950673355,0.10777528540673849,0.07589596264362806,0.15683020173438028
0.08897591127998274,0.11913604642976598,0.11376457741210566,0.136300522577568,0.12485424035969261,0.07779579375700552,0.08295368067470897,0.10475237179006909,0.1514668557191015
0.1127198412131361,0.117377662540696,0.03978220444797389,0.10712846627064927,0.12370878151161702,0.13614029559392082,0.08002211836812347,0.1196926537712103,0.1634279762826731
0.09037108130211524,0.11321034501785103,0.08286703683547074,0.12822938347051135,0.13109621892900788,0.1046125911085357,0.09839942489176619,0.15661732142137919,0.09459659702336261
0.09033090517742674,0.13530996759477978,0.08829661637199472,0.15440642380408484,0.13578077695052776,0.07659185914241658,0.09764312876013088,0.12059794053639256,0.1010423816622462
0.08195918586848949,0.12494550588175828,0.19072620340915702,0.09643785269950485,0.10611219372006686,0.1228094225355052,0.05604767917735921,0.13473699433073927,0.08622496237741978
0.07816394934149311,0.10296187317644562,0.05164975039623448,0.07203282220709557,0.1076563842650679,0.25496089175823783,0.08670172450358316,0.10665945706443707,0.13921314728740533
0.08500651478622634,0.12407364316547138,0.22133305235789894,0.08781167344688501,0.10085046232119933,0.0455504574112748,0.17003960239796925,0.08056115565979514,0.08477343845327978
0.08049971930749007,0.10708915916888954,0.2622879838705973,0.09882846357348592,0.10178156366096297,0.042275226506560126,0.13174071552361197,0.10466422225696559,0.0708329461314365
0.10623643493016181,0.11197303210639993,0.16950103395867203,0.13179682017213787,0.09279765709712484,0.03675976572204311,0.18776993272468057,0.09313054947329885,0.07003477381548107
0.1281931958635976,0.11392223914974094,0.027212516496877736,0.08301990231342887,0.09595236413706311,0.09319394200479403,0.04566606327581795,0.1785204614715459,0.2343193152871339
0.08527263469618689,0.13122848403702067,0.1812448981745134,0.109254698278957,0.124322847171637,0.05753385293578526,0.07253086559560613,0.0887347480532668,0.14987697105702694
0.1552582694189481,0.10838538944851968,0.0639650441303503,0.1173879696452168,0.11174984102630037,0.07930070375279634,0.06622108232530312,0.1207871088817531,0.1769445913708122
0.08208862838700758,0.09031893454870436,0.12009460274121014,0.1362071480070509,0.10528163166056641,0.26233734922304247,0.05898390088966587,0.06423175948697946,0.08045604505577288
0.14416944480808488,0.09060054705977172,0.1335929510556242,0.055984705106686884,0.10297612311011073,0.07747833635145958,0.22925860652007726,0.09966074386664199,0.06627854212154272
0.09722171948539642,0.11389842644281678,0.04924802812205986,0.18575382973963941,0.11408952058197452,0.1621424258879376,0.08082353108798782,0.0775642145473051,0.11925830410488249
0.08333784324887411,0.11904161096483619,0.13690105454074716,0.10746696139715146,0.10690314910483656,0.20857030894968842,0.061060760144343085,0.08176807493227581,0.09495023671724727
0.16999708491949309,0.11469582575102705,0.02193611242132626,0.1509863574261902,0.10965504198720372,0.07452167777641557,0.11666017055808788,0.1324870933696395,0.1090606357906168
0.1095743020550385,0.1210523808446947,0.19894359106872253,0.08085666883327779,0.12181915953168805,0.07450404363911184,0.11647828382576002,0.056276522557378104,0.12049504764432856
0.11190180361388287,0.10651995068065358,0.0456173133035355,0.11920937505163959,0.11357529621830426,0.17093767842336616,0.06538982515844885,0.0995612609609886,0.1672874965891805
0.083265295450302,0.11872389028716139,0.11702648120418901,0.1304536890868361,0.1115774124666881,0.0679232574498591,0.18567276384074316,0.10578297938212343,0.07957423083209765
0.10780142798332537,0.09985629434392247,0.06102646360239605,0.1076162684323236,0.10164817538933978,0.279708964542618,0.05235207657940435,0.08030382520773682,0.10968650391893357
0.08455472376620547,0.13160792620656683,0.10904959022011734,0.18157998896122104,0.1080829514678025,0.07156867795327392,0.08045333270029428,0.13150828681016147,0.10159452191435715
0.19733910671619656,0.10321181136009523,0.08695758664677765,0.09070586189090046,0.10462041450502428,0.0559200444477729,0.168717817535017,0.0950745869395248,0.09745276995869122
0.0734867199907887,0.11772682744218689,0.18275613391831458,0.06540460056825438,0.08468451969261054,0.07354485844384119,0.22613308924323725,0.09798670889860643,0.07827654180216001
0.19000072842739504,0.1005668149258655,0.055994836487575333,0.11777342278287622,0.097229901182027,0.17892754652349616,0.08023394856877304,0.07198032477546291,0.10729247632652887
0.12379905098069055,0.1310627533840507,0.07819294030701103,0.09495563328414791,0.11592777764645239,0.059359922662658375,0.1518526681653902,0.12575587337074076,0.11909338019885808
0.09039244905463967,0.11340435848803275,0.07325242056604528,0.12870808058840608,0.10390805894973594,0.182425173936455,0.153436559964973,0.07742203182166324,0.07705086663004916
0.17370981890776935,0.07916196116348684,0.13166516874261916,0.13254036470967792,0.10094983591781682,0.06193720065523428,0.19245635423035456,0.05866842506332725,0.06891087060971386
0.09701077561096154,0.13540185663256568,0.19267172215625095,0.11855570935382553,0.1261935052533549,0.05039531295185625,0.07702648694072907,0.08708360941598502,0.11566102168447108
0.11587055662543737,0.13098739189948258,0.02365666955881626,0.10506046230079147,0.10990291271495556,0.08385668887147146,0.16403202459845934,0.14910109531249174,0.11753219811809429
0.11028657957984633,0.11658519334504473,0.12767595902734896,0.07044679681038078,0.09990443489030086,0.10213761494317121,0.0438951192781844,0.10288573098804166,0.22618257113768095
0.07674804473578291,0.11623379280126744,0.19856516027823146,0.10940529541851411,0.11885405638812645,0.05430077637858426,0.09851892400287034,0.1526784664518921,0.07469548354473092
0.10588970618645832,0.12449879956474351,0.0910834598767704,0.11216065814120663,0.1181582180802475,0.1015385408535245,0.07356915043781086,0.12662626413796185,0.14647520272127648
0.08835655214097075,0.11976134731606497,0.0513000847306549,0.1596847783777993,0.11259157932556431,0.162121363013394,0.06915610885969416,0.11404099517619486,0.12298719105966267
0.08822439754292814,0.10518024365196288,0.15636993320433376,0.11107727545339473,0.11456187937145436,0.07920168081175445,0.11749187597809614,0.13350860930991193,0.09438410467616358
0.11773533326691055,0.11404940095816923,0.07488548101328,0.12816076182906475,0.10851976602371466,0.08916666772426468,0.13911380063833104,0.09004286605622312,0.13832592249004197
0.08931090658240638,0.10015863405533736,0.26473841815734184,0.11799317288862025,0.09628063739040088,0.04423405874801869,0.15286422753753307,0.06093959259468749,0.07348035204565405
0.10513178643084069,0.14375841781807633,0.13144365978727737,0.14258153555779238,0.10310785753475876,0.04228540450850805,0.06950945344526134,0.1316154979350075,0.13056638698247763
0.10135232362479223,0.12857392999916809,0.18425819885170538,0.14762768192771977,0.1229126291947698,0.050958802008415245,0.08814943451227993,0.09931774283531834,0.07684925704583118
0.06795920199211851,0.11532333234532109,0.06570499258452156,0.09918880191323841,0.12344795922264384,0.1472659648651299,0.12465225976233886,0.17251000075227751,0.08394748656241034
0.06382114135347877,0.12212821789383788,0.09535565116507157,0.141659291176256,0.1028297955299549,0.1897535978814355,0.05903037542950532,0.12818798442169463,0.09723394514876542
0.08311368585590372,0.13151955911023558,0.05653496995790941,0.12837504665232624,0.09832700929672022,0.21157115899721268,0.10075658952279228,0.09206396886541608,0.09773801174148372
0.10973907256484028,0.10080853956906945,0.126164311031696,0.09072033483771404,0.12469387890673382,0.09588677686032883,0.11828749331301584,0.09199023933931634,0.14170935357728542
0.07958778891025775,0.1392640031400459,0.13799307559613008,0.09560328674571052,0.09187882195441664,0.07802769727312091,0.21906958964646875,0.08463169859113968,0.07394403814270971
0.13298550562032926,0.11794105653351294,0.06757612201975531,0.1306355535437511,0.11436424418462204,0.09115308674083106,0.09008196941304807,0.1722277665129174,0.0830346954312328
0.10410436121913798,0.11699536771611259,0.0851458677741579,0.11364221319909747,0.12847587733522986,0.08874522330502477,0.1399607707995171,0.1124884148253718,0.11044190382635055
0.12214118530324113,0.09349559988454677,0.15179434581350576,0.09411929159823118,0.11236214053458754,0.06291191595028123,0.14358308965526143,0.13620157622148565,0.08339085503885935
0.09040158432887929,0.12876396205672277,0.16467064710149146,0.12869806774120554,0.11518958192211426,0.05593822969408943,0.06544821117256978,0.14334616310584758,0.10754355287707995
0.07550268691472602,0.12185038578797495,0.1538129768812296,0.097011867874094,0.12311120975051532,0.052071930204733406,0.12304937758510733,0.15083177778046383,0.10275778722115558
0.0728275729147252,0.11795476091797137,0.22826068452325485,0.0957162934578788,0.11334703613592251,0.09002333667410146,0.06224738347054835,0.13207718144298844,0.08754575046260893
0.16974968818666766,0.11752237084456296,0.0956195314262935,0.11403570752130947,0.09227709486733837,0.10518172183913577,0.15259736387492726,0.06737642292934466,0.08564009851042043
0.08078100731046368,0.1119193308101748,0.1595688318775908,0.12076218227265044,0.10835481302186382,0.1241544219105538,0.07441499179722394,0.12657198738136385,0.09347243361811486
0.0703863262165861,0.09651321669395625,0.031489858745691025,0.10763374223447768,0.10464544653467646,0.32285544984758113,0.04247591953732378,0.0877441289740093,0.13625591121569827
0.06700745657866129,0.10257998061669878,0.048469449849039774,0.08811376369492156,0.07328622439802733,0.4013040910388878,0.09358493447443139,0.06012939045203513,0.06552470889729696
0.12452483706441465,0.12307773302891768,0.13933065358949023,0.09353185630852612,0.1071110027524035,0.040017164754431504,0.14810070196305355,0.14107550600024407,0.08323054453851862
0.11726197908596142,0.12584651747088374,0.05509154077004371,0.12760682014654426,0.1226059129220064,0.06471328361367827,0.12620603613867767,0.17520615937578995,0.08546175047641459
0.15862430433873395,0.09103259577106641,0.03417315922542107,0.10756295057908809,0.1011776981542699,0.20519915046418966,0.07988397394353024,0.1222442878290096,0.10010187969469116
0.0872189548433397,0.13322556043047226,0.12236543439294167,0.15158703195353543,0.1164404234720628,0.07516554240306351,0.09813834787763213,0.11521682970426422,0.10064187492268828
0.08705555786965691,0.13759673877969714,0.09713444984022647,0.0840728783198929,0.12746009427347257,0.03638549915470684,0.09231137681907076,0.18029110601632195,0.15769229892695438
0.08916403490720255,0.12776923222542555,0.13343254813179792,0.10449610767714752,0.11340853611960822,0.07398772428550196,0.14581552075049053,0.12794947372848273,0.08397682217434309
0.0893507365609188,0.12636357622592967,0.05454178338921024,0.22530825530051843,0.11410498158055549,0.09306195920919628,0.0496791676364706,0.12420660496759268,0.12338293512960773
0.13477161955486827,0.10793209941943423,0.18789118600907204,0.1106045789260391,0.11919310784762681,0.05032493371846105,0.10237483991025907,0.09764610231314018,0.0892615323010993
0.08984551600105052,0.11736774790033695,0.15064742756373217,0.1359205355633721,0.11052878715622953,0.11711347113116417,0.10408273125975075,0.09087160656121947,0.08362217686314428
0.11272836423617999,0.11627771363464856,0.12227637699576871,0.11045894187292656,0.10079301838263732,0.07854944764852916,0.16008750927615034,0.07218531672927982,0.12664331122387953
0.09817637806005447,0.12279284573049042,0.14038268579464,0.11684903049471577,0.11770925490576889,0.08286282722153858,0.12830122276489062,0.10670585272688522,0.08621990230101606
0.19402759093314326,0.1044730215874135,0.0461823677026501,0.1212073583095138,0.11575393295025434,0.04430859500116785,0.1381691340640462,0.08873776400823515,0.14714023544357574
0.10357986680534,0.10530048537249993,0.08601677238140969,0.10111518128118858,0.13696017253000278,0.02991570721789034,0.12422376391694044,0.14256605315269252,0.1703219973420358
0.10075984386661803,0.11824570690390769,0.18522925445201555,0.07936077316837134,0.098205624609771,0.08543605481876691,0.1896470776047814,0.07789645020248406,0.06521921437328398
0.09651628265260108,0.13209037793668474,0.14520172738363032,0.09965542812826923,0.1068539564077236,0.21108026830170004,0.04629874498165474,0.06196037033161863,0.10034284387611765
0.09229693041348556,0.12493147604779047,0.1577064813483389,0.06558880332333318,0.12971266514818994,0.10954369273789888,0.11900872213124225,0.09012974393984159,0.11108148490987917
0.08975834699693429,0.11814778927007404,0.18600743566598318,0.0919676696627454,0.10524084184245397,0.05309814592771981,0.1780650021948814,0.08893625661103384,0.08877851182817408
0.09169144369001327,0.12138616415833146,0.18109234076780456,0.12452738975746207,0.09730009684109392,0.05035419440636504,0.1779611174418959,0.07730798050732311,0.07837927242971071
0.09107600019290389,0.1066926379192253,0.17692154386633083,0.10721689261526685,0.1098866431147411,0.06681827211764342,0.1789005721429193,0.08460278278970518,0.07788465524126412
0.07900053621017837,0.09500289120936033,0.16146998106369978,0.068703384110029,0.09247961814367578,0.08031154116637988,0.28043499284234197,0.08664511175126449,0.05595194350307039
0.22048607129745812,0.08691550943234773,0.0674775913838183,0.08498014811634495,0.10611060991370146,0.17407839071231954,0.05827045121406638,0.09311811372483057,0.10856311420511293
0.16185869841287243,0.10793590312082864,0.06659032657113233,0.09698219804533477,0.10486619380867934,0.07181679165428158,0.07957829930089874,0.12489431944230998,0.1854772696436621
0.10429200114125776,0.13604354500750496,0.1760840875306181,0.08957405576331072,0.09562573179648771,0.08160121445336738,0.10860298891792763,0.09934150504998869,0.10883487033953698
0.09996282339515823,0.10229623082300328,0.14180308907085995,0.10528588442685265,0.11435920281305656,0.07964401049505514,0.11719277735216738,0.10226687554994866,0.1371891060738981
0.08052717859158524,0.10243372891091364,0.10724306770725173,0.14953624286453326,0.1072017837497256,0.17262683050745387,0.13837554353903067,0.06838207416950835,0.0736735499599976
0.12998683049854234,0.07974429787145408,0.04693228742000625,0.10750496121750257,0.13104900943288864,0.040443767841729435,0.09369138567837054,0.1998330396911955,0.17081442034831062
0.06857634774261313,0.095203219121221,0.12392611937760094,0.12428368250405604,0.11917110996561675,0.10511909265033119,0.10540414722816317,0.1390272132832362,0.11928906812716156
0.08717375815511026,0.10844027059644197,0.16165457511014578,0.08742812047220323,0.12993424344683266,0.06507279364495912,0.11863857037287096,0.13436491308409282,0.10729275511734311
0.13364128019864704,0.10533488436684997,0.025622759613770415,0.14259144721819078,0.1096983755939883,0.13771469586302018,0.06060641290279604,0.16350201099296627,0.12128813324977107
0.0976565319125457,0.12222977944409046,0.1465375832265833,0.11443089519163689,0.11494032858401693,0.10438400747822481,0.0913228790194156,0.09260687900336162,0.1158911161401247
0.095460257975383,0.10967990075720428,0.13584160636398307,0.13182574088641924,0.11949540143803938,0.13391679847317692,0.0782290179241057,0.09506601346372905,0.10048526271795932
0.14890316022554162,0.09322198602349946,0.03409834278841475,0.222993740033841,0.10631258239998202,0.07051954789257998,0.14182062302371676,0.08890797901512637,0.09322203859729801
0.15061535334081547,0.12000924945015261,0.12176940949920169,0.10203446523127453,0.11631410660028256,0.08761333709869933,0.14303281923552555,0.08759059127372217,0.07102066827032608
0.07565288907892272,0.14533790385408105,0.165919806378494,0.11332332946202704,0.11579600972699382,0.10507590764114956,0.1065709577065443,0.11101902723220025,0.06130416891958734
0.09860932511319494,0.12058310257225328,0.16169904669369747,0.07862501802519782,0.0826050646416631,0.20398517600457192,0.05917445399293449,0.06422367407978859,0.13049513887669836
0.10569827200267885,0.10722882420418904,0.06630873031017044,0.17751843965599656,0.12077046910473009,0.07428639737231967,0.042029325632211144,0.09591501262182983,0.2102445290958744
0.07999118559709865,0.11134387408489914,0.08560101674488847,0.06982501975990384,0.12317381327708467,0.05926368572111731,0.22082857430063033,0.17665571877820055,0.07331711173617701
0.08291222012956437,0.12161957579175552,0.07151752431966855,0.15495073520734148,0.12346426711448626,0.09350598883359289,0.12171415226892102,0.12967348904650286,0.10064204728816706
0.10290366094592103,0.10096272120382323,0.10918902302071674,0.11121261679732057,0.1316990013440872,0.08483491722144491,0.15342285562442268,0.10970935980841627,0.09606584403384727
0.08390332260020143,0.12284588846457296,0.1578558021742985,0.10229591331731029,0.12598206422240646,0.06613448274889785,0.08411427305287485,0.16809642649617074,0.08877182692326703
0.14448565888182305,0.09876816339816735,0.04804658296068043,0.11382548617969512,0.11216330238110235,0.21109196409623368,0.04961454342935075,0.10438592638125273,0.11761837229169447
0.09600015026752833,0.15839773811756275,0.13369302104246514,0.09179581560302226,0.10928295004232663,0.05647587843899975,0.1385808891692791,0.12276933944182504,0.09300421787699105
0.0722621858424759,0.10659707256745167,0.23152616032817072,0.13167054606450823,0.12750977623422113,0.04123355068324109,0.1078069143549525,0.08599925095096055,0.09539454297401817
0.18315189688542743,0.0969974047870713,0.02066336013805059,0.1073610638213144,0.09727181370407006,0.15270820810513588,0.05454423642922548,0.10148399014761976,0.1858180259820851
0.12818234601546447,0.10032993234045605,0.019133766413702062,0.16093366691674982,0.14527827013446204,0.09473123946561667,0.06861452647314568,0.16270783412026668,0.12008841812013656
0.10378577523129072,0.13406824342713528,0.1630627336023143,0.0753850159288126,0.10292267325799596,0.06204411781207717,0.1417789860529403,0.12169666589205697,0.09525578879537677
0.1069501197857049,0.114038894792586,0.1812553566439944,0.1425319263360795,0.11281184182340971,0.08734932352434192,0.11227928192526192,0.06549170224729274,0.07729155292132894
0.0705899754543765,0.12735375601518406,0.2013778128660936,0.07484318605079365,0.11237194595378303,0.053502839636363174,0.1632248360844692,0.11343632721459969,0.08329932072433706
0.08594007253207168,0.09394753581522619,0.1641162224484676,0.10350407208749311,0.10764427245585946,0.15642412787915747,0.09793206446846836,0.08920773703283828,0.10128389528041781
