0.06231067741599026,0.14310067928204787,0.1709850767685004,0.020649624929107355,0.03318186137582859,0.10800127228415472,0.11456614261880989,0.02994630496338459,0.3172583603621763
0.09693271741562053,0.0569075088779028,0.05749067704528715,0.30757629120178276,0.18546916246759515,0.12090336869587374,0.04469650493548139,0.07456024197896614,0.05546352738149044
0.1585268751123867,0.05466390943674725,0.10042928584924332,0.055852699674586816,0.14733224545737936,0.1147542512062701,0.18683891886253046,0.14973470558288623,0.03186710881796976
0.07427151477056747,0.11551148889494933,0.04188752532677173,0.053084361166849635,0.10573604701080756,0.11341504067153774,0.10581928796812652,0.3415371587933364,0.048737575397053694
0.23307939093699756,0.1729945819685903,0.02032680265440064,0.10821693947287092,0.08902426968883419,0.09393691061937011,0.17620071496323994,0.053097421642783645,0.053122968052912715
0.04226409656015506,0.11167136860132458,0.04404470052788186,0.07424295562115592,0.42819371675227075,0.10113477272307343,0.04587091354240536,0.07206044591672771,0.08051702975500527
0.056252253987886525,0.19159424717647824,0.27415234555793605,0.045805700942902226,0.07277037506490965,0.1399495853709771,0.04427708518492784,0.1067475104511459,0.06845089626283647
0.06297973905958755,0.09474030174393995,0.0987715771522385,0.014023327581236,0.03138967090876246,0.08614613404215328,0.04466719666059368,0.025621385653273918,0.5416606671982146
0.08183905784079767,0.09972509228158126,0.06339820728185686,0.0827366140121044,0.1756608435680982,0.13380671378832606,0.05393122058368829,0.23497609694276397,0.07392615370078337
0.016013194471040774,0.23882267873359578,0.1660369825267246,0.02208616280046681,0.06808608785330361,0.09730433359090129,0.2664881983663903,0.09421633264636682,0.030946029011209922
0.16547135111252623,0.1125997442384022,0.031091110494554878,0.04205615475265242,0.3600156625226956,0.11839104572067383,0.015204729575755494,0.12045216588515804,0.03471803569758131
0.08934534557744801,0.10661570281475681,0.04514332629745963,0.04634262143440429,0.08000660330214214,0.10958916738742953,0.1753052577655281,0.1316820008017047,0.21596997461912681
0.07758357576361581,0.09418560513183899,0.040924056908797905,0.052537598287121796,0.07186505307813204,0.10699415254133375,0.26656080878498506,0.08689680382496866,0.202452345679206
0.10961694846654906,0.12581812704716186,0.055609876082250764,0.07556441411764893,0.12174179652774486,0.13172658294827963,0.13366957538422045,0.19107851365123393,0.055174165774910605
0.05985179836267208,0.2385519992987011,0.23180815976699667,0.042135400436638715,0.04231309221396092,0.121606091553343,0.15140815091544457,0.038190135138563785,0.07413517231367915
0.1064150086838942,0.09496737800336663,0.02675839114306061,0.10973571881620879,0.10494035236350502,0.12919006460832688,0.10918925789116297,0.2929259226705717,0.02587790581990321
0.09215807739639853,0.061096636297781316,0.04549084360456351,0.0960476097525119,0.0808641953365509,0.12144674967752894,0.4028671767033063,0.053165362993106036,0.04686334823825269
0.1509983102341335,0.07651613332334747,0.08199443759762204,0.09126004980494344,0.29979886761900226,0.10887922964472078,0.049917430265276196,0.03234184247207759,0.1082936990388767
0.048855181725086405,0.12231240701371184,0.1414443905394733,0.023200339592170632,0.0406196297707541,0.10672072404202045,0.22723271677060194,0.07284618378950465,0.2167684267566766
0.034977869118492266,0.04720848409966283,0.5121460892453861,0.14299548113441737,0.037404366639860055,0.07724978450416042,0.005257201239030066,0.13121526194587793,0.011545462073113077
0.07198835671076874,0.08257618124731136,0.25556342744533095,0.09590598871292784,0.06777681782315848,0.12543034701407027,0.07103983258979898,0.18098713820652843,0.048731910250105016
0.09448856390651413,0.18329793480487033,0.04180301046238496,0.12162170264152271,0.1515927499213416,0.12510661277929028,0.07727791087403747,0.16588116826402502,0.03893034634601348
0.033414410248939465,0.09453892442123062,0.3723942612728075,0.05287425067716406,0.18002315624815823,0.11179948616291224,0.026498906399791394,0.08681151474529776,0.04164508982369869
0.3711837169171281,0.04433306099885439,0.0620799254722104,0.04054935840437412,0.07616727853350554,0.11781435729041283,0.12739856062992286,0.04155227458164834,0.1189214671719434
0.12762076106366915,0.1313350083538062,0.029151851539819456,0.12233998934058814,0.19464746002579858,0.12909039068936248,0.05558859568521865,0.16786649371136897,0.04235944959036828
0.13401148350412553,0.0696872674078497,0.05239843399678642,0.06905789963649665,0.08277265101704774,0.12356135491682317,0.34246594206515274,0.06967409424029673,0.05637087321542134
0.05636767984117099,0.07428037944596039,0.1417553869517607,0.0991240568046709,0.1861991919401924,0.12189718342629681,0.035606751893093445,0.24782672520009771,0.03694264449675667
0.13273288272241954,0.05714360837589355,0.12114651564682843,0.058144197517164514,0.38229379762968296,0.1032491966608402,0.020737680094517905,0.057054188289993174,0.0674979330626597
0.07399338292136165,0.08511582654846876,0.03827212085055517,0.07685124529624453,0.2930518043363954,0.13376351994503285,0.05483799492868772,0.19980141155419584,0.04431269361905807
0.0604511225730101,0.1137221297629057,0.05334821867032171,0.11213645109200358,0.1614507791303252,0.13805011101970463,0.11350751248225849,0.22558756366929167,0.021746111600178874
0.06480071088204958,0.043190994434994474,0.18263473794208607,0.06750408477315065,0.38205931237666224,0.10302868759581311,0.03334083254048644,0.09659486223807166,0.026845777216685796
0.11077383493482872,0.11416947812784524,0.04018449772097669,0.06932679841306112,0.0641218390562896,0.11933347715689228,0.31312941168246144,0.09543302680430814,0.07352763610333682
0.06616370486466386,0.09347490696875187,0.04973550503633382,0.06634652636331073,0.2888815410747654,0.11302851342457128,0.09092922200175524,0.09416798345819433,0.1372720968076536
0.08824634512119528,0.062258703032296324,0.02267742533641609,0.10364746582188472,0.12411036248761287,0.1166217296898236,0.042056416054058444,0.19162680409885555,0.24875474835785716
0.25939298145775563,0.08464998042291498,0.09794171953723614,0.04101357025159507,0.07985293660631025,0.15958006942598038,0.03638834603329417,0.16107091137500448,0.08010948488990896
0.08070489018651127,0.10834974438167722,0.03746925261926216,0.10424922285503894,0.16570898241238244,0.10760403273179714,0.13986036743130123,0.24272376460430956,0.013329742777720102
0.527602257977075,0.018286840538007488,0.1278290843047393,0.029422232864177413,0.04216190367133436,0.08445903047858548,0.0678859534726013,0.026700757543264352,0.0756519391502153
0.20394727475216493,0.07423878941323821,0.2885375419086475,0.033949035918244684,0.09362522163141827,0.13170639908360252,0.0786144130462248,0.033969574568781184,0.06141174967767796
0.04470273057339911,0.1348271243893663,0.05095315978830611,0.044078383093637256,0.07794957865507184,0.10492119028172604,0.1962372504180746,0.17006659065369914,0.1762639921467195
0.1181684055054522,0.15256202514839906,0.022343669234031967,0.17810176586976825,0.055527995011291915,0.10046466016496307,0.2432530872735148,0.07563423818123483,0.053944153611343915
0.10047639503389526,0.07834259772475147,0.08042869035727339,0.09117388077452072,0.3083579871060433,0.11343062892146975,0.055092004929906145,0.11944171931976777,0.05325609583237223
0.025441165242742054,0.14343232529623143,0.03004509562571714,0.027949261021797168,0.05745274141582935,0.08482173994306896,0.05153513891248771,0.11420817234770293,0.4651143601944232
0.11094991255574328,0.09135399086948272,0.07282173278149899,0.06277070065558192,0.09116811795871112,0.12863976562736767,0.2734016340464276,0.07005390407697724,0.09884024142820946
0.10975825379709246,0.04124253825448282,0.053280169989971767,0.5480264267647429,0.021501166368304844,0.08828596843227797,0.0011437149364256181,0.0705367891472088,0.06622497230949291
0.35771042710219136,0.037044782515673204,0.06477632830663872,0.05264812519016451,0.21465832185619071,0.11075220923687817,0.017579684309962085,0.06250843928719023,0.082321682195111
0.050753259199138444,0.10220855367391325,0.03303805718751393,0.052580951476773385,0.08210716808695745,0.10061526175284587,0.12653422656282048,0.11143062252167892,0.3407318995383583
0.10129093718178311,0.06981004588939199,0.05637665157016628,0.11923833842584726,0.27047388988623977,0.12657534246917557,0.06636591701235121,0.13699928888487536,0.052869588680169353
0.04701283864983461,0.04963150816349707,0.1859960004574861,0.08945534242673174,0.42721532902029136,0.0890255331085648,0.02392451347905641,0.061466237644261734,0.026272697050276097
0.13756831845609008,0.02513135016195185,0.3280187895244609,0.025072142143854947,0.33142772729569764,0.0687414565494262,0.0008368818842867352,0.0655543897484545,0.01764894423577718
0.0548054468732412,0.1070746413981067,0.2845131348612487,0.06158793158487944,0.03752781340564277,0.1146064507001051,0.2559901950124116,0.042548183587587524,0.041346202576777014
0.056923038586333206,0.15849840525525863,0.18365466186872478,0.06277873573604044,0.09848483305912513,0.12472236595172237,0.26208605745772734,0.037424128858043505,0.015427773227024677
0.041121353148543566,0.09406026880954532,0.04146562010573294,0.042373332977948965,0.07308887020567009,0.09936604875122969,0.15506908829454544,0.07965452309744055,0.37380089460934346
0.10452452546933215,0.07673003743912829,0.024509645931831078,0.07066437830948362,0.28925163405236826,0.1258162768841153,0.062153637904125154,0.14154779706734255,0.10480206694227356
0.05726049553223191,0.074224419160962,0.08018748110374463,0.12931422291946423,0.1593566500472214,0.12860153377447953,0.09430889698878962,0.23437476146158565,0.04237153901152105
0.26626974854996693,0.13760282269202753,0.022811431379441315,0.18636172694628902,0.06690010045782534,0.09441411695842405,0.05301464064841696,0.017324547986969658,0.15530086438063917
0.16031443492236294,0.12144415781168734,0.05128029771784024,0.08269988724196618,0.0920866952493382,0.1274847709234577,0.20100949555217817,0.06857757295994671,0.09510268762122252
0.05404513660294138,0.05384735438504043,0.23918411959811473,0.07359390217938011,0.3871861940329741,0.09312452474033778,0.018756851359008647,0.056310351126583204,0.023951565975619548
0.04362050119182487,0.058957400700680285,0.051227692604382015,0.035552852882006304,0.07700540848722938,0.09372597302909824,0.40111818050634707,0.17674138423167585,0.06205060636675606
0.1730442056338155,0.10313817219314832,0.25118394592024745,0.03704275525663136,0.08748729877997867,0.14388752488621612,0.06972759283096404,0.035426338258240424,0.09906216624075813
0.1935446330552487,0.09867808486218754,0.04069244297103034,0.11561151066239946,0.1294035597243831,0.14291641939693467,0.10274058951236115,0.108167986659159,0.06824477315629604
0.06757370349798657,0.07988781066168515,0.06369050798065183,0.13522887497916916,0.23148829487093178,0.1168654010170677,0.1557414818418619,0.09993365948355977,0.049590265667086096
0.15408943767102368,0.16857634170526814,0.022179230783378318,0.0966157499109349,0.18638289443679712,0.1273641993747799,0.03987789489143226,0.09631655008010453,0.10859770114628124
0.15340642167283006,0.12813991470638741,0.04755728779200271,0.08381611606057153,0.1427799601540347,0.13216683888796132,0.030342344307270508,0.22735783543013557,0.05443328098880612
0.15077128880116566,0.05425607557339657,0.07225285211388799,0.12362847637031588,0.08086175829270754,0.1306711951189309,0.08748943996373308,0.27398482908826116,0.02608408467760127
0.14462822335734124,0.043127063576116925,0.03377133563321039,0.13094994918326316,0.11020314359800014,0.12638915270879117,0.26528224219827734,0.07680562928769498,0.06884326045730467
0.3298945773827239,0.33111361445838067,0.004529137581437366,0.11427446581358085,0.0388513638803132,0.060223479643980976,0.002830988463640377,0.018703566392058408,0.09957880638388426
0.019327325437632204,0.1190570518469336,0.5159381073560285,0.05481162265176694,0.0472748286613619,0.099008872365148,0.04707298420483918,0.04200790440023367,0.055501303076056024
0.06229301140796343,0.08179675330050556,0.12793523970555007,0.11816518752149412,0.12116341434866569,0.11422382449827101,0.11378043452804416,0.22515644786355138,0.03548568682595454
0.057426723643928416,0.048311791327503906,0.03315488506355684,0.09385013912437329,0.05679041822441111,0.09480575545118604,0.5034670601167641,0.04938784104681234,0.06280538600146392
0.0338729674795526,0.10557521380174884,0.05435956294508692,0.023020553793538772,0.19125675910806636,0.09578927603318595,0.023501656435698084,0.1162183545201334,0.35640565588298906
0.10621688376358042,0.16355953247215657,0.3564196444862288,0.0265512806184434,0.04172298644746588,0.13632208736273907,0.0274987553248227,0.06876076844689967,0.07294806107766351
0.12045678818292205,0.06948486774497992,0.042831590718778505,0.14658351994317184,0.28931051839988114,0.11700251314201045,0.0421428031775685,0.1387689767074509,0.03341842198323677
0.180916153707983,0.08316437085017604,0.036528159787816934,0.09204013275706113,0.13405599756501307,0.1299713878055461,0.219117378456647,0.07594634440896793,0.048260074660788806
0.0794040997216802,0.08290206270100407,0.16751230314898666,0.02398527417627047,0.039055743800758755,0.10506301267404262,0.25109985450640376,0.031008313772228704,0.21996933549862477
0.06550199824344773,0.06275064823096192,0.5614240308309909,0.04141354796474424,0.04022718500231439,0.09725886656849896,0.0600403437812019,0.02744778883337216,0.0439355905444678
0.03513676284875237,0.10508151670085895,0.4479964304460326,0.05846889567489677,0.0956867778883128,0.10873027556485705,0.02501608571805751,0.07864416072311478,0.04523909443511717
0.4063201647807533,0.11411542852361045,0.12071236609904164,0.02447533247749559,0.122706302539995,0.11300359567184354,0.01559227581810682,0.015276336216795722,0.06779819787235797
0.05713801778400515,0.0599822710153618,0.03796225229411288,0.0838861250325842,0.13906545285858793,0.12488529767053497,0.06989497811234151,0.19870229828255592,0.22848330694991562
0.01917196197939057,0.08946811931076996,0.47704541863067473,0.15008582841291576,0.023706219816974506,0.07785580657422751,0.03357212434719257,0.11244770595418929,0.016646814973665113
0.09851672232092641,0.18280783251841645,0.03296823279357518,0.11253485298264555,0.07461678592544711,0.10440101982030048,0.2940282799565698,0.07792448378880515,0.022201789893313884
0.06139870730879773,0.1447055072753299,0.05002346106871438,0.032424266947467584,0.04243389501503906,0.1032203889258973,0.2930599841292073,0.2334730071844738,0.039260782145073024
0.057132387017936055,0.0999798236105332,0.06447919758887244,0.06200990887446752,0.2363511044539225,0.10921606843750568,0.05101635548060298,0.18149309505595657,0.13832205948020304
0.03484780665176462,0.10041901751779247,0.04378625646243197,0.031152181389965436,0.060476991249686717,0.08886906535391852,0.1723954330598513,0.11608099240789711,0.35197225590669196
0.02869360370487382,0.1204907430405428,0.5554317241966978,0.03682620603467058,0.036780122890469884,0.09378061793450225,0.03676232730942138,0.06504083714389274,0.026193817744928665
0.08327292354982452,0.13621505049081165,0.06297901032498067,0.07695772119021596,0.133587555977201,0.13144696826939997,0.09772723690620627,0.21007173599015272,0.0677417973012072
0.09964018797862269,0.04544126593843397,0.10415335159383689,0.09539457299010566,0.3083039917667545,0.12277721360398224,0.10357992504342062,0.09573181348068226,0.024977677604161166
0.18505264714176473,0.09660733603515041,0.10451998866024133,0.08187668777368415,0.19845662324673322,0.1405006041546096,0.038966400069463614,0.10515212669556574,0.048867586222787196
0.045129150494323145,0.10936465025326002,0.08132133565486833,0.10366813134194112,0.058927754212221316,0.10366190548606903,0.24907105196975896,0.22623237464284274,0.022623645944715387
0.3210407789671248,0.03390564292395566,0.06456788517886859,0.054119749571565574,0.36824001104516296,0.07975358362810715,0.011661789243425326,0.02431922542835489,0.04239133401343509
0.193873095661806,0.06063046694888475,0.1817435475060797,0.02411717485195299,0.03757346895007455,0.11576798055469102,0.18385158310452868,0.021457944248628794,0.18098473817335345
0.137288842292414,0.05149853737007473,0.22402379172352757,0.057584610973900135,0.29208834629831254,0.11333864996559735,0.031907929347955596,0.06344782833708185,0.028821463691136247
0.2788676438568521,0.12011074765166668,0.08823064750888582,0.017260674375353117,0.029909737877842433,0.0887742973983689,0.051661572929108994,0.016919955942541382,0.3082647224593806
