0.06275944283536168,0.06586238703346327,0.1025582249158639,0.0637297584410409,0.4319698986258693,0.12263402839521965,0.04022199354153916,0.060594906620821544,0.04966935959082048
0.11540041674831959,0.0704581568006064,0.10687549457056944,0.043261827203614454,0.00645785501502085,0.04160396871063914,0.02934282147768527,0.3338779921643591,0.2527214673091857
0.049338396598283214,0.0365488220946185,0.1154021267235751,0.0443040946887319,0.1494510271643538,0.3032078002100142,0.08545722933411924,0.055403120883206036,0.16088738230309807
0.12661733111921106,0.17954773236539875,0.1166386763839321,0.2810237059777955,0.03142354127059555,0.14056058035951066,0.054714832444562135,0.04239629840713976,0.027077301671854594
0.05797120307896836,0.05371491612935239,0.09060828902083802,0.03519832725887677,0.025431851401436684,0.061674173498756396,0.04453826342986426,0.459536207983213,0.17132676819869408
0.05999155803243705,0.04043542892639674,0.1181897642384399,0.08556053797921002,0.12478523806054925,0.07582810166428809,0.39016607833518685,0.03078931324088768,0.07425397952260428
0.07021041003171304,0.057479963721683236,0.12453707586923168,0.12084541543102047,0.17679584939176782,0.07761175453203144,0.24461413141668217,0.03338055133496002,0.09452484827091022
0.09530444810987503,0.21888166296519485,0.1100184633708615,0.28553012297713853,0.04706113559097919,0.13019259002212025,0.04106590014487663,0.05212803481772876,0.019817642001225204
0.04630710971824995,0.06879093053477844,0.1189706244124746,0.08577692173508367,0.20802097489143132,0.17868668182465927,0.1651947904878889,0.04423583133995277,0.08401613505548117
0.17755028832566364,0.07423016552404918,0.14246548806108708,0.10871116939607058,0.009161693308858387,0.1539491952519358,0.04455731120574702,0.2241749367336845,0.06519975219290376
0.05829041000006733,0.03616585544743031,0.12696879961316007,0.10546600943962653,0.20412834080048073,0.17614851407276422,0.10350463160629204,0.0529733224318815,0.1363541165882972
0.2212460501733932,0.0704428502005447,0.09608666241362906,0.05484167356174874,0.3462252341555143,0.069356114645078,0.059755064722453975,0.06451803412079427,0.017528316006843736
0.04960862468051075,0.03978393074354035,0.12042433007484253,0.0591446696035122,0.2214465637477786,0.14064115732824656,0.21159331607496024,0.03677030194354422,0.12058710580306449
0.0635715587529755,0.030310202137833715,0.14812960944607695,0.050753277852215395,0.02483914899944269,0.1539440080803961,0.12767882487919754,0.1203081773552754,0.2804651924965867
0.06465637447235956,0.042389127628139435,0.11353244702109967,0.04235000140225891,0.023256657662639457,0.17498821594080505,0.04101021100514441,0.18704258420457487,0.31077438066297863
0.07000727944745223,0.020505217088193074,0.08777607955696831,0.024945172326312128,0.31244961396043075,0.09839477352052606,0.04192459829682161,0.07177984416424467,0.2722174216390512
0.04252977811470129,0.1960830581155113,0.1104458041014733,0.05299295506780674,0.04817779280786796,0.3384366472072462,0.04170634271063008,0.12117355920099526,0.04845406267376793
0.04337391292402324,0.4890175041093869,0.08440835650618804,0.14700355134780013,0.01426783079105237,0.09510407190933456,0.04998644195890426,0.04237434001949953,0.03446399043381106
0.06256158602592238,0.0290774733895702,0.11651680546029924,0.04784675472167397,0.05414360226819485,0.18453795231097703,0.21389643509233933,0.047500700805467505,0.24391868992555557
0.04796527861066218,0.04222820739511988,0.10662824657793651,0.08005026588702485,0.1320290002158589,0.10212935570519532,0.4066595392215407,0.028190750722321398,0.05411935566434021
0.0487485926816227,0.05341808364975775,0.11267603264594166,0.09577381224057259,0.3051410737361144,0.18111046497209493,0.05445011796369834,0.048369097264891414,0.10031272484530625
0.18327110962147075,0.12645112221704444,0.13591924586984766,0.09993534605468612,0.051264448196940704,0.17362563487811036,0.05161533487839295,0.13625426095177395,0.04166349733173311
0.16549847886247607,0.0523673220915745,0.07628230904742898,0.06714846776950793,0.5148972846231142,0.01736353565096792,0.028755636288120306,0.03840153229269253,0.03928543337411747
0.18675657252272812,0.05238049267374334,0.08066934784468303,0.06899782713805276,0.5035344685449475,0.025649626999182662,0.03099429741160992,0.026988815144077315,0.02402855172097536
0.0472676980200559,0.04404933239250044,0.11010628870618133,0.054777335850364345,0.2482123242025492,0.1817493818403426,0.11028996723844396,0.03783201540308725,0.165715656346475
0.06986744753724934,0.04385676851948081,0.09502294098616744,0.014021326424655188,0.10416939928622505,0.126674444073033,0.03828705315220265,0.07374830548393789,0.43435231453704864
0.42950981049591036,0.0630324330925351,0.10449184175484098,0.09320904754235786,0.10719561020339625,0.014285001547075188,0.03633964575002066,0.0987104612015205,0.053226148412343126
0.06425635984987826,0.03406159827759055,0.11914879740411516,0.05855053774971398,0.08394417398550291,0.14409230732325332,0.36191056010257167,0.04102994836875234,0.09300571693862181
0.2541972061154156,0.05542251661774575,0.08107890322510869,0.02099674487321701,0.3973232637249831,0.05327603922975427,0.0683707338152893,0.058888845292641434,0.010445747105844824
0.08893822296263558,0.04032988860549507,0.11306559780333551,0.05314236746315051,0.16422133104207517,0.17997330518037824,0.07873279312186827,0.03991787907295835,0.24167861474810323
0.17254739702369223,0.0962840916170647,0.13135924616892547,0.0833277346844599,0.015612487418800962,0.1852211721872763,0.06968809972422785,0.20119542470779747,0.044764346467755296
0.40176137778930565,0.10319951326299708,0.10999943472288982,0.15643253504772994,0.028632261730651424,0.04620565231068794,0.035595007491505966,0.06464127886828964,0.053532938775942514
0.3231179807447065,0.11318149353787417,0.12602692033102442,0.11615700055501736,0.07307247941123891,0.04072344535631143,0.04231417444822804,0.08913915237352689,0.07626735324207229
0.09963784289210488,0.038870093311214854,0.08658677708153327,0.1617294156405308,0.49086771548465324,0.0457683737065735,0.03809278761522133,0.02117814270323751,0.017268851564930583
0.07669181328318395,0.00910007897450794,0.09652384091583728,0.0971442963478843,0.3988706660418688,0.1537276338948514,0.08752601820966084,0.02559634995445362,0.05481930237775176
0.04326527667227909,0.026104636747904034,0.08673787661178395,0.05259679637270926,0.12804280845641836,0.32859270447763184,0.2526970288175364,0.0359480003352187,0.04601487150851832
0.1039776968956187,0.387248172596469,0.085013725850083,0.25991278625213904,0.013878790976122829,0.06282972709893124,0.03868700278234563,0.03419387167459626,0.014258225873694312
0.1876076571662956,0.11921445743687457,0.10816422013779835,0.02461391675129998,0.007358096907536677,0.10882244806120411,0.023697691198245777,0.1748525444784054,0.24566896786233952
0.11394525531088306,0.08927158528671741,0.13487190787674816,0.1597541322587471,0.2117162401567654,0.13852566471844308,0.047686269656693904,0.071916025722497,0.0323129190125049
0.04732672291610752,0.5336831421136857,0.08874664061402364,0.09660286954514184,0.01845790199643962,0.09107745914070127,0.03397830854757188,0.051029149327825346,0.039097805798503145
0.21466186631427084,0.04549515827586518,0.08937482438799198,0.1284573975433527,0.4260429345798656,0.015761432778848648,0.03420524182281664,0.029285275023996735,0.01671586927299179
0.06551226789009222,0.04995814980925548,0.07899986791400405,0.009870199797632123,0.021512628060874926,0.08780831249473124,0.03219639662902098,0.13023451386309784,0.523907663541291
0.07113313210834839,0.04818712063163764,0.09658361342973414,0.020732912683267518,0.03969297412510058,0.15156934989956683,0.03865489333543154,0.12067967436267629,0.412766329424237
0.29102760017876855,0.12274227100177688,0.10850289104977455,0.04449340167485616,0.006551588500410512,0.058230466441541055,0.02487340445675303,0.17514953021675714,0.1684288464793621
0.534185744346546,0.08425903366419214,0.09669463494058461,0.10766521766846299,0.015466299393363884,0.04606415152851581,0.04481024552280719,0.05514078049190657,0.015713892443620814
0.13592987876122029,0.017706341076176964,0.07852151393252783,0.05401788585171704,0.5509292625388861,0.05636408118170679,0.042688167786984775,0.012167837501174922,0.05167503136960547
0.05786504134775013,0.07362877220687741,0.08288903269719357,0.024290897159759833,0.008132693253290064,0.09477216389970401,0.038879382324898966,0.5919580722143323,0.027583944896193886
0.23372248152872643,0.0983845061767548,0.13979940373990732,0.16042444447943086,0.03654075511946594,0.09344854620818938,0.04104647117011898,0.13645960946726507,0.060173782110141294
0.0748672112652189,0.04062186395261342,0.1255449651647922,0.1892686324234556,0.1292195011426389,0.10182705683083021,0.25965580149870054,0.029438100108409554,0.049556867613340806
0.029022099160684312,0.5457439230359021,0.07900360381214705,0.05486806842097915,0.02237826305631088,0.12142099074038465,0.04283133711124965,0.08680097264199128,0.017930742020350925
0.06964327877414053,0.2867648777148378,0.07960897223599163,0.3560747321816176,0.01849247679710532,0.09641373431684801,0.06552265294458595,0.019542971073729914,0.007936303961143164
0.07930347523029659,0.09758733620130404,0.09778763481633033,0.05682594889671309,0.046639330813521236,0.0710048210580035,0.04768212798269231,0.4472703200562145,0.05589900494492448
0.07843658961825957,0.03701226474189929,0.08848223584056371,0.013735668708900169,0.017922935031853004,0.11958742558513412,0.03357755633417888,0.1232995835832958,0.4879457405559154
0.05140122432988246,0.039400401152312935,0.11481094045806545,0.08373083295799592,0.2614028389516736,0.17567031345628983,0.1392902261076346,0.036237363098127744,0.09805585948801747
0.1748091506416671,0.321623633124649,0.10824651847869593,0.16780746509437075,0.025798231728117304,0.06640725850614936,0.04283179488734637,0.06498756166857515,0.02748838587042908
0.15402773936404077,0.04642052351070292,0.10516998237764603,0.10683128472236265,0.4146890494405195,0.0480464748754131,0.03830071074231089,0.04567593127553108,0.040838303691473066
0.07013155127799366,0.5109329876231102,0.08293322610038979,0.11550495072777173,0.009010471278070961,0.0639746006808329,0.05314428291365436,0.06961859947969602,0.024749329918480317
0.05098116769685727,0.03344533278131572,0.10965021098499816,0.07728542313663936,0.2803703173535173,0.19604895844569672,0.10733716328720012,0.032711197448703745,0.1121702288650716
0.031296624841673205,0.06626688375598135,0.10470366935642365,0.12004528678856323,0.16395489241688455,0.37205931416520194,0.0655914335039328,0.029491008639345367,0.04659088653199391
0.038821566281336255,0.04922133851014898,0.13206928084516653,0.05359372101540718,0.05551236358242146,0.36503071282920513,0.16105946000604787,0.10376117712782618,0.040930379802440374
0.08056518084512161,0.04885149683821128,0.10215944300073831,0.027001251694414724,0.15091722281808592,0.11586480049553403,0.05472802668475716,0.04821096151687238,0.3717016161062645
0.08694167804174346,0.0503700092784764,0.14454322989819732,0.19174784034883322,0.15208802968242602,0.05369588260694396,0.029179282890648806,0.23359989453711205,0.057834152715618786
0.05078410421891033,0.027547295803432292,0.0905485268532437,0.033245391335845774,0.03532429019588551,0.164004378500277,0.036695961696019526,0.23183436174133218,0.33001568965505373
0.0758217589765236,0.024863669462942283,0.11827386095363614,0.0770468482364388,0.09725126478749047,0.3663650682834696,0.07366713465986885,0.044574759550171116,0.12213563508945913
0.13294077784936179,0.04818775465435277,0.13207416142545916,0.08720675559632061,0.1407021146061952,0.10279798894017594,0.1382718901264759,0.045176712406138776,0.17264184439551988
0.2501112266164593,0.15135432669288082,0.11809021933056013,0.11868960132358726,0.07142537138091619,0.1024750332816472,0.059812270917093596,0.11051207025841293,0.017529880198442555
0.04127778692093984,0.5294359790547499,0.0870431789318205,0.10357072247810616,0.023567068360752647,0.0890634038559911,0.03923584194590158,0.05946181943623743,0.02734419901550091
0.038150440562868114,0.21576381841494227,0.10062452517396696,0.05064104045328686,0.04185247754691814,0.3432612864758429,0.05408932209972963,0.10804704388288698,0.04757004538955815
0.13258315047967584,0.10465151242112687,0.1467435938490733,0.09316096481098705,0.027299929516578225,0.21542719381691522,0.0451937134272121,0.14204360751065867,0.09289633416777267
0.09852387896802978,0.07102832135426722,0.10596994913635072,0.17208871597815842,0.38317887797659417,0.059140060053686376,0.04349220940511219,0.0462725946525596,0.02030539247524145
0.14882699288348852,0.09858406760363136,0.12737551518222298,0.06981338799129219,0.022961819851956843,0.07837706304018244,0.03957369847333134,0.22514025453166897,0.18934720044222533
0.06451743697688021,0.027950197810532183,0.10978710466366808,0.039741495104050194,0.0673875550336508,0.15137839328633687,0.18497286371575217,0.046513042285781715,0.3077519111233478
0.06851088887116037,0.057276612223811384,0.1275020269924768,0.10558733930174559,0.18470365836587768,0.09092059733351865,0.227470695493016,0.03899299057717849,0.0990351908412151
0.0688327735063029,0.5332342078650828,0.07878851446400427,0.1580775474495241,0.007959256946216393,0.0606680085810282,0.03349457986631538,0.03905888472470737,0.019886226596818525
0.06672006953446301,0.032668049459800765,0.07992708844446876,0.00778858338899588,0.1493644942402346,0.10808749625189784,0.03487556455816434,0.06004127168756946,0.4605273824344054
0.19481969226381615,0.03788610564014974,0.07957297107897425,0.07748828173217072,0.49399495897133855,0.033496821312845204,0.04307594619251328,0.02471635324788309,0.014948869560309016
0.05343108882150983,0.07889976147663207,0.0781312090369672,0.13143831048376647,0.013348825974649106,0.014946979980389416,0.023065031045244017,0.5801482092363816,0.02659058394446027
0.08656607224304996,0.02295201298133402,0.0948951605501912,0.03189097274648845,0.23313660137773148,0.11600333041503963,0.054340642452646616,0.06783851186062363,0.292376695372895
0.04532739881659531,0.016764152504948393,0.07735516999800895,0.057887271667220325,0.10779231753691636,0.1050196401608391,0.070371475375065,0.4597856417233038,0.05969693221710276
0.1477013757707452,0.1084624090686554,0.11316156796094314,0.09179446656126229,0.28271939590117584,0.09340060482915431,0.05280762907248143,0.08954044154124556,0.02041210929433676
0.13232369752838818,0.08444155861661388,0.10966474698189416,0.04064495811468291,0.20149371245764178,0.2162124818659088,0.09009890190679516,0.1038012965197254,0.02131864600834967
0.04001349367357795,0.06811491768711755,0.12260158385387913,0.06567027757481908,0.10577370738358349,0.16412555181154254,0.29599265329678776,0.07331935715703522,0.06438845756165738
0.22449807927066198,0.11882185884781772,0.14215668379076582,0.09092276008669113,0.07896656000894013,0.08727552657694786,0.04414517572868241,0.11352732544931983,0.09968603024017304
0.05060321125283953,0.0523023052987537,0.1256162600935035,0.09823726002493605,0.23415244159924176,0.14680938463818216,0.16138060708785212,0.04559207402181781,0.08530645598287334
0.4125617166426845,0.11853943389503796,0.11280134501492685,0.11511008438546126,0.017803445081294406,0.04214495821265104,0.03963798969208618,0.06790660691167089,0.07349442016418695
0.09169284933294826,0.08669382461571747,0.08974950560677675,0.02616468487556524,0.006141868659465877,0.050622787507951204,0.0275238190868228,0.5545377664261705,0.06687289388858193
0.09334854671708509,0.046991100567552326,0.08505125499883488,0.012141290156918783,0.01754944089549984,0.12265995877627793,0.03979643273577776,0.07432836297384604,0.5081336121782073
0.05296641414337721,0.13200900348778574,0.06867256587505907,0.06509564646630639,0.007225638433790965,0.035481029149518895,0.04272559094486201,0.5834007269036382,0.012423384595661538
0.29661487932272895,0.08370980916212911,0.10294103245762432,0.062305993897828794,0.2718158113290275,0.03826642919077978,0.053566812382901695,0.05792443636217263,0.032854795894807214
0.09689665862869094,0.25487986228693266,0.13110417922588374,0.10121175383873975,0.056603818942474314,0.10882668477950924,0.037827026587450296,0.09595468937722923,0.11669532633308986
0.04748405853048381,0.03178528026639014,0.09397506588219706,0.037736634896965236,0.047378214866196755,0.1592849766830952,0.5026884521555065,0.040316775487911814,0.03935054123125345
0.09263541804717766,0.12431715893716622,0.11705651640299557,0.10200390851155157,0.04808818895991691,0.062151491595232644,0.02299900999377379,0.3573452350722221,0.0734030724799636
0.27228864138778736,0.174688003286104,0.11570731616288205,0.0950920748789556,0.02418399091285665,0.0463990560152881,0.0293673071139941,0.1434250614238325,0.09884854881829962
0.09897384013909205,0.12233201206853463,0.13721090632094562,0.12289558396684701,0.03567625789528426,0.16474117676414457,0.03271903601337247,0.24316899177014495,0.04228219506163441
0.23107224533776996,0.12806214924296158,0.13360114508141707,0.17355654725297398,0.07446645594313715,0.07421894721278857,0.04125299868291929,0.08690427397185228,0.056865237274180074
0.042701534125622054,0.026024377952846244,0.10800496227574298,0.046638443434842886,0.11064327348970852,0.4019391634716058,0.1477215342152731,0.0432290624702765,0.073097648564082
0.09947007459640365,0.05142651506872712,0.08512447991632051,0.03527665110199112,0.005374827580902072,0.03640106284631522,0.019853197467745342,0.5797236482116049,0.08734954320998999
0.14117210740959946,0.05662650468130126,0.09620579694151223,0.032156097686652736,0.005897883647899771,0.07127485863985734,0.022720161836361854,0.4889677223885302,0.08497886676828519
0.25147237205315837,0.12481700771015136,0.12076407839439869,0.05619092860497014,0.0166360812712285,0.08675264359029944,0.03636396158349239,0.20403850291607087,0.10296442387623027
0.21871220134838185,0.14420743525004226,0.11430821293613504,0.047862250812163214,0.020588035041505734,0.05659707660128239,0.03825709284819757,0.2037767040455444,0.15569099111674747
0.031242595174105686,0.24339347486188478,0.11553147057127437,0.13689756363279196,0.05844535060447988,0.2527679639177536,0.06304844636709674,0.044804268470890134,0.053868866399722805
0.2291758962664285,0.09904862948473814,0.12464669999838447,0.03634096983076935,0.008707099344968383,0.11063291013462155,0.0370238713677272,0.283571062846834,0.07085286072552847
0.183488172306375,0.1617732484291413,0.12386223089745334,0.050699202765080414,0.022080490563411877,0.09828832931178222,0.03020501385880452,0.15208726620965432,0.177516045658297
0.09115467589840409,0.0483984462516232,0.12381841562126765,0.11557402254395466,0.21991752418604826,0.1440147244320946,0.0974929492010957,0.040496991380836185,0.11913225048467561
0.2374132841348324,0.08848549475285328,0.11987968110257259,0.04651899325291887,0.005182604330945705,0.1430495444907181,0.04131450722998097,0.22209266040497366,0.0960632303002044
0.11461711906067391,0.049515955472223934,0.09582805576670746,0.10144659508279608,0.47219100844908873,0.0622484306877471,0.0432639743893927,0.03819814732607888,0.02269071376529122
0.06944324770433614,0.03938329580039473,0.11927293629672192,0.1131867634865694,0.16079256461635993,0.07438049369509715,0.26241903355829327,0.08149045357564551,0.07963121126658194
0.04647370445058486,0.034351342199088815,0.11226359446479738,0.07226588488888173,0.2476238802110797,0.20292844974296645,0.15163197874173162,0.033742671073594625,0.0987184942272749
0.33790548030427825,0.028832367752543327,0.1693257538827114,0.09910939182652241,0.0161794132550705,0.014305442114517305,0.02726236442097053,0.27261439751150507,0.034465388931881294
0.1360235860659013,0.10029741550651716,0.11705776501025274,0.09812667890447617,0.3059046909391208,0.05976876887700792,0.032802407634512525,0.07604075449904198,0.07397793256316947
0.11728455774746253,0.07203539745672105,0.13823045090499256,0.20434923944189987,0.037916693799378016,0.2129047130096979,0.06898145167443441,0.12727632571724046,0.021021170248173127
0.060134526617911604,0.029527723665989606,0.13035821160769653,0.08984134309820284,0.1355915418196508,0.20308739971393827,0.14985631355103,0.050491473848858735,0.15111146607672163
0.06521240440300885,0.03565963742925138,0.08606931087828949,0.014217339843364643,0.029648091206310883,0.14564750807271876,0.03711997901516518,0.12085201712010614,0.4655737120317847
0.09669382222506696,0.034038546828549676,0.1887375614018593,0.15174777420765687,0.03061564026424683,0.24565797087628227,0.07738437791306295,0.10730364215967714,0.06782066412359809
0.11374863596953762,0.04444424257791643,0.10851797289534232,0.02473077692216431,0.1333679939632158,0.11315325754085319,0.05052327571127138,0.056612738050750656,0.3549011063689482
0.1658600659843489,0.06072397932966963,0.134000177676136,0.22009835216057694,0.1461111230460804,0.1203538273610384,0.055770087703837866,0.07369958699232708,0.0233827997459848
0.4243206476848511,0.12363294081049066,0.09707179646402925,0.06193339835220115,0.0034015254307545825,0.044296320983422816,0.0403693612595837,0.13779113460091863,0.06718287441374815
0.10803653961462507,0.022686050282602902,0.11253697062383528,0.0927511439892908,0.09208806875228054,0.07116850764046523,0.30662317332078265,0.07855612681353469,0.11555341896258282
0.06341855331257046,0.025094553253678462,0.11278694599003257,0.07944913433009677,0.08813444342353573,0.1046113445676904,0.42229822158940883,0.027444044741819166,0.07676275879116758
0.058936244933493996,0.036325982795107674,0.1559586818239766,0.2601654961043703,0.05998865873444149,0.2270530992813553,0.06322055107240486,0.12455276874909371,0.013798516505756088
0.029588742582820127,0.05313944631060585,0.10913594357871263,0.1698951579024793,0.11493540692801867,0.41315550804943163,0.05602588592022212,0.028244848362290825,0.02587906036541875
0.05084023123863093,0.03127981680776271,0.09404912701097627,0.0466209864524165,0.2978987590531424,0.20007169133284353,0.07063567236459567,0.029739503150616835,0.17886421258901516
0.20988915357947455,0.09082209860037734,0.09792969443811794,0.024123038761971676,0.0025149840906876497,0.07635422974734347,0.029014104886540253,0.31392933918331584,0.15542335671217125
0.15581420770064214,0.30419678209508516,0.07712148288488245,0.3379435697797635,0.008571223021604131,0.03588932352325872,0.02914010525718462,0.04589473982634253,0.005428565911236717
0.05210299635237103,0.02233626108054589,0.1352277564035765,0.17743642804865223,0.06537210185246904,0.06163176620292774,0.17144434316615983,0.22452378244589685,0.08992456444740093
0.07609599069580136,0.020011360342595475,0.10562058670043128,0.09392610408187015,0.06006162400497114,0.08836497514999271,0.1262532024384931,0.23302364045077048,0.19664251613507436
0.2098663324324981,0.12466180932281644,0.11827035708801735,0.05938756865598439,0.010785808576689877,0.19200536786762898,0.048937592275207796,0.19889175045000415,0.03719341333115298
0.09095252590310728,0.06672771596215822,0.09495230928461747,0.1506953141722841,0.4353402315283015,0.0551159484546466,0.03187485875959113,0.03641822534530875,0.037922870589984954
0.2056200181839739,0.022583284728086333,0.169862551620195,0.05713021460935028,0.01830907911017696,0.08701058499457252,0.1573133996546845,0.10566369806602306,0.1765071690329375
0.29348723110715413,0.10076455598865826,0.10352661785483123,0.2157825919613857,0.025652802206169622,0.02855230756568669,0.043769258271927895,0.1493275273047109,0.03913710773947556
0.0855051121820331,0.21314962980176388,0.13304975086435247,0.07712146656115751,0.12929054359452655,0.10229820143837509,0.038491333356811576,0.09418120905816112,0.12691275314281866
0.10395139533467106,0.0595014391583586,0.10119011213495832,0.049284641634448255,0.03991170163149657,0.1136928324032288,0.04191242196355646,0.4597062153814913,0.030849240357790565
0.0461944812714156,0.5121362309170604,0.07579356954688514,0.05209851927972168,0.007107126336304413,0.15882456775564818,0.06925860814524328,0.06178562019083591,0.0168012765568854
0.0533701240621856,0.045336111369820596,0.12263204186658198,0.07439399021748215,0.1413849862605611,0.15736138334675728,0.2813712765807842,0.04418721753821662,0.07996286875761051
0.055066116939631954,0.08266806163043063,0.10315162618278227,0.0595251149743673,0.06730013850921839,0.4211242598782481,0.045235008507446973,0.14598295368010317,0.01994671969777115
0.05319232901942109,0.03928457729613643,0.1153446807460099,0.07028809611725033,0.1968358273978937,0.21874133817264538,0.1582681253124056,0.04338816516913549,0.10465686076910204
0.15120101677466996,0.052588284727768914,0.08062184897552906,0.0423111749137361,0.5444467570336113,0.03640459372741508,0.0432194649810905,0.029473553083135845,0.019733305783043092
0.0885370925999837,0.14971793814604215,0.11473930827900569,0.04345730287654731,0.015743858786621257,0.2430535524769436,0.0570226886239795,0.04856933911390815,0.23915891909696865
0.057102093795378804,0.01753791671051502,0.10531783098215163,0.1100719495820297,0.029545090325965976,0.07266574670166964,0.05036372109516291,0.37875935037145453,0.17863630043567177
