0.08272582565217486,0.17542918631263205,0.057136575196136845,0.24259167964434858,0.1038875703724519,0.14893435272691485,0.05873042330321885,0.0662415571233579,0.0643228296687642
0.06849643205656519,0.11184161842674117,0.0869419103761843,0.08208494886355418,0.14662360788724874,0.3315154345248875,0.03999066363005138,0.0789752256410663,0.05353015859370119
0.078734130155649,0.1953949925741989,0.08687606887020194,0.10569936928174961,0.1076452909219825,0.05604519949415835,0.20775468036846909,0.1273341672047538,0.034516101128836844
0.07639723287493376,0.14739413239501553,0.04536945275241185,0.21418083057778417,0.16331423519082577,0.15965362639268946,0.10759518451854566,0.06010974057895308,0.02598556471884077
0.011699742882141142,0.10504903604988951,0.15206184411875637,0.057576088567399646,0.04065185175481543,0.039447297597445204,0.4851907932714066,0.08413164987328342,0.024191695884862613
0.05189586869532024,0.13968024407934906,0.14597870516136402,0.20811895920683565,0.09673586755383844,0.06007560482793509,0.06937364684147808,0.0670495626857147,0.16109154094816472
0.03372374909989382,0.12798215501706076,0.062696111271311,0.05381971299969034,0.24274129231682232,0.31053144282354855,0.061407743254868745,0.05323373624779692,0.05386405696900761
0.03782093101097747,0.08091569437888249,0.15674345163342854,0.16636248397587258,0.031490624358019886,0.015950748389876212,0.09265606836649916,0.18686989710089638,0.2311901007855474
0.10895103556764336,0.1266888450605496,0.01904091187048164,0.27133018096262623,0.10687572513944789,0.23322897099139975,0.05130188103777938,0.039328234471424965,0.04325421489864715
0.02337614782841231,0.0671959765098812,0.17472199023901672,0.015344937379471046,0.008346588653588073,0.08079184772155874,0.5029231026470976,0.1205380467614462,0.006761362259528024
0.08459710020277116,0.14694663719928894,0.041346507645817966,0.16698511511890468,0.1501682075408689,0.141061319249424,0.046511948989168495,0.10541144935019858,0.11697171470355729
0.09116502366428698,0.15604787793808825,0.07333461363116721,0.1495557291799381,0.1625866470025247,0.043820747353640055,0.03285203144377382,0.08826512367607842,0.2023722061105024
0.012502360047668899,0.10513143595564046,0.2590324873002377,0.06122387617471429,0.02359266179971246,0.03987367932388793,0.39476353509434453,0.0634146359097089,0.0404653283940848
0.06276553390985738,0.1848992888185621,0.06600210936576051,0.12989338962885158,0.07856883478559751,0.2636217951409013,0.09959907492021762,0.07796351428979763,0.03668645914045437
0.11555719961472449,0.13788323307564637,0.050577571240093294,0.14764755905098795,0.10995255641035,0.3029429327498751,0.046034641180063805,0.056883512847736885,0.03252079383052214
0.10418757467964941,0.14406051716057114,0.036805887047539836,0.2705940475578818,0.10713825086541258,0.12184551424360918,0.06302465115017718,0.07051178600524703,0.08183177128991172
0.012563111243253435,0.09646776506873234,0.1494311467840843,0.02160452895448663,0.04167486813455445,0.03257441104493096,0.1210500166326172,0.32865694718198973,0.19597720495535095
0.0812683377868792,0.14285428060558245,0.03969436386038721,0.21991880084849466,0.1338929974787115,0.13020697387588206,0.06439072798295596,0.08958028299905167,0.09819323456205535
0.08800419824554206,0.16109425873988692,0.05406496092714986,0.20352271170909886,0.1807190126720587,0.08844630243546765,0.0617623696612051,0.07745597749892363,0.0849302081106673
0.10178069791628935,0.1692676328361096,0.051105105479743014,0.1781962223249792,0.11379451894878885,0.13830526680210273,0.034480620999809676,0.08079934834547677,0.1322705863467008
0.08700251407946243,0.10225211633625199,0.01803791178490231,0.08459708125386145,0.08175061390511922,0.4460900830316765,0.030991124743900905,0.04219198209932848,0.10708657276549675
0.0610039853866243,0.12069938205935359,0.04681857940440737,0.11325556936451293,0.057400538464540525,0.41165452680339093,0.05288214997974882,0.04685881408578992,0.08942645445163155
0.10813124539647044,0.17965798236948574,0.03604868364469176,0.13383866388594245,0.16932442299213615,0.08600669765691131,0.08133976828676556,0.152607929520747,0.05304460624684961
0.018308060676403847,0.13491599067679524,0.0427686788996444,0.05111849221623057,0.022516029666838657,0.0637857938617808,0.49070057590114874,0.1587701612569386,0.01711621684421911
0.031790708173689536,0.08615057650395049,0.17513072700888896,0.01307209640025668,0.009346263591887513,0.1156304275338349,0.33549663605419355,0.22129596888134695,0.012086595851951376
0.055846306260482474,0.14679409971647372,0.0896984264450106,0.05792854865242538,0.20948708482041908,0.15106057399501072,0.024880821391721514,0.09026976036423845,0.17403437835421806
0.0933772544526632,0.12684580569284828,0.013778243542106739,0.21811301378166614,0.10143256064437345,0.2812275620453926,0.0441354475668927,0.04004552838770285,0.08104458388635406
0.04830989085615714,0.1444407864749751,0.056791571135458206,0.11589834017367961,0.07218425646535277,0.34710693909161017,0.08627334067905153,0.06947518794508675,0.05951968717862883
0.06516886031544032,0.160429588130477,0.03620658455438571,0.22888760545277517,0.21140066927838178,0.0703614078147299,0.12645387725555882,0.05426282523250689,0.046828581965744485
0.1039049579078733,0.11684892327639952,0.09374315412422758,0.11358772139414956,0.12186416010335303,0.31790231032741256,0.029523454963796866,0.0632416900884447,0.039383627814342966
0.024585365750463415,0.1165684552904787,0.21788367662680078,0.10047077024770334,0.028224226877951324,0.038257180770781045,0.3517082872879402,0.07825640244118455,0.04404563470669668
0.1838423879600736,0.11620148417022531,0.10258435544105575,0.08568904945739457,0.09216895687070552,0.03022739489848489,0.03982883217818912,0.18389416285246293,0.16556337617140832
0.08429193127525159,0.1230607555423426,0.04704451692709941,0.0733097713153774,0.06433212711633846,0.5000948046773255,0.038651264694922,0.0444486527124149,0.02476617573892817
0.09562183991650426,0.17829816227197628,0.059400338662244624,0.21992747340919613,0.13474799009387237,0.11399583225805478,0.08072895506487697,0.07346655708505553,0.04381285123821904
0.08811323815572127,0.12764299287893988,0.016611568251099124,0.19217305015668798,0.08961453015578118,0.34157962200391506,0.050719169860099306,0.03459792609990176,0.05894790243785444
0.051057473634395056,0.18340417994650118,0.13365388169803474,0.0999209270266072,0.2164065476053196,0.13049252290758337,0.07006469070960995,0.06221999977881637,0.052779776693132475
0.03148889630573231,0.07794436812793389,0.01166374187800468,0.04789592265781074,0.09478332537940555,0.401854192425082,0.030738598323923814,0.03438871631617079,0.26924223858593627
0.06870173186796608,0.09878769992125863,0.08206295049419143,0.03353585077303447,0.01374287218375659,0.07778287591284884,0.34997682061860463,0.2648727699574087,0.010536428270930686
0.08449232655260526,0.14476604501456203,0.03694510032530066,0.14969062588519177,0.06379121780003245,0.36989258707274447,0.06210347850245687,0.04748393706136012,0.04083468178574646
0.022137955038906393,0.1304551230651947,0.179083646848229,0.07139348637624193,0.03823562970965321,0.047072971146239685,0.3830462255311397,0.09338727694868208,0.035187685335713335
0.062330198847156536,0.10037571785586745,0.05760155427051771,0.10078599952153648,0.11824251886619119,0.016877938045329624,0.009364800132550257,0.06931383696265152,0.4651074354981992
0.10058467198079561,0.16636384329526965,0.04414056706581951,0.23734792801204418,0.12307628027810319,0.0816713426604235,0.0766085724936265,0.089980534952441,0.0802262592614769
0.014802429309185497,0.055013482844252524,0.08552014174658501,0.029304796981111617,0.05045274191411316,0.007127096654884194,0.03202422567727172,0.2018851609908182,0.5238699238817781
0.06742175137447315,0.15710183946708822,0.07005166203983515,0.142059754288557,0.13926752221060915,0.2517805309005991,0.05480474552914261,0.06742122218517653,0.050090972004519126
0.08656912349781432,0.1622084535900183,0.023819463594045156,0.19679475887381204,0.09936376105885546,0.26049738352311286,0.06101408094364869,0.05070576952801983,0.0590272053906733
0.06881065889491665,0.1571127731015546,0.08656831255161297,0.14533493609646556,0.1305062660666321,0.26016236420356426,0.06278624366701648,0.06218896425257098,0.026529481165666415
0.21555026415741263,0.07952262492422818,0.1604382336735448,0.19678067546184386,0.03940323613403606,0.07256606523579676,0.019392924219521143,0.07654505124340125,0.13980092495021537
0.08378291463239486,0.11961553990648503,0.0340106667628097,0.14204120931536104,0.13076657485700727,0.3615391595986999,0.0443866532804549,0.0504640215599633,0.033393260086823924
0.050502043701099085,0.13908599639531138,0.07172929854128003,0.09743445383947298,0.2927090263148084,0.13992116978313573,0.09042756309420286,0.07348479613772518,0.044705652192964386
0.0989595790959142,0.14266357371111324,0.03982195330342133,0.13690288737776976,0.07274603703973874,0.3338299435235365,0.042133707592732224,0.05811958549142695,0.07482273286434722
0.06723267956616291,0.11150393941019854,0.029279324994593982,0.09013374270869819,0.12112531359495976,0.4208440862403558,0.03564333792112372,0.04622000732009505,0.07801756824381205
0.07044895425366038,0.10937714463460317,0.07832073399990086,0.034449568369989025,0.0188990543474777,0.06534065293040912,0.42349423037321143,0.19301860616591046,0.0066510549248379
0.11274743138179012,0.13743401306288813,0.08880566015079143,0.22306552900262236,0.09137324216508497,0.11456553836970733,0.029472100584959183,0.09744980574533309,0.10508667953682337
0.15167421316295052,0.12042830551071937,0.06693436988798324,0.2950854145933975,0.08357452269760642,0.07293512303221848,0.032272035139382316,0.06726395707562675,0.1098320589001154
0.07673524925065454,0.14172759063553167,0.05643970611215827,0.15626926994102228,0.1624601281437336,0.20876005474913537,0.07071333521354216,0.06949985254710085,0.05739481340712127
0.07415096094199132,0.18986781690021573,0.08152629840061425,0.19256780460136858,0.11135457687681581,0.0902126294205735,0.1233897178790042,0.09526299649971898,0.04166719847969769
0.09027019089307527,0.16408405242256172,0.042402452297785685,0.27569899688066307,0.11798224583940226,0.08924505911979734,0.06703471667667739,0.06813525119001312,0.0851470346800242
0.08405580241237542,0.06488139632512764,0.03239917180258756,0.05743960950617016,0.06572858032994726,0.23759029390668573,0.009656017026970163,0.13587097487344676,0.31237815381668926
0.08797555751902948,0.11386507128193779,0.01644590026956857,0.16535213069779045,0.18363746251253588,0.0223785288067416,0.0698771294474058,0.1731790845434464,0.16728913492154407
0.0817694289768049,0.1703764602009604,0.04747138097529533,0.1703659511388409,0.07139361660789748,0.30236242839078153,0.05930940750481547,0.05372011957021178,0.04323120663439221
0.055194964111378565,0.1514994883333646,0.11583459581808898,0.14341756712579654,0.08197101455386452,0.04618980866610902,0.2223321825328716,0.124771545709865,0.058788833148661075
0.16841173235001675,0.15785945769911733,0.05202887027823188,0.18394094569995656,0.09363319629632283,0.1471013695201499,0.07952523982883584,0.06455370025443674,0.052945488072932236
0.2999718592439573,0.09884198053101707,0.08114223357210254,0.2441510840547191,0.056833760033580594,0.024768344594580063,0.03604989448669473,0.08356047484074851,0.07468036864260011
0.08814395298249782,0.1321956709861754,0.033215094287323214,0.11807054885193875,0.061205343892178375,0.4411862308296423,0.035007508060370424,0.03829904831869118,0.05267660179118259
0.05754426882874623,0.0812823949070382,0.3071349626916916,0.02445353130589246,0.015714522895905907,0.0921364289472217,0.2583562197770823,0.15382038082873603,0.009557289817685477
0.02568419963351573,0.1450984206501398,0.24248554748665818,0.04327692308964603,0.21041649854898625,0.09536377445266486,0.03069349391014295,0.07687686884313333,0.13010427338511285
0.15816249830674922,0.15323080886147852,0.0509610903450077,0.14012990251722962,0.1305452639099455,0.16655551905556612,0.05748840787532616,0.08684010512785735,0.0560864040008399
0.04582385785186327,0.14443598103154942,0.06692227294686566,0.10477638526907396,0.09857276116482543,0.34215210819317504,0.06582511261360412,0.0759431636664782,0.05554835726256491
0.14538846621754628,0.1453195452933209,0.053858408262786074,0.23482463234530285,0.11348095285900754,0.09697188029241088,0.057975914549382744,0.0730646976913623,0.07911550248888038
0.043348071241752974,0.1255786085227493,0.050827666303256726,0.15190556549285042,0.14446015573313084,0.09182601128394198,0.061851515559101046,0.09047737469633155,0.23972503116688512
0.06512179015325044,0.13183675651566001,0.05610830366746903,0.10166903772299545,0.05636268429326951,0.4307572177596691,0.06409886470648371,0.06302973557239755,0.031015609608805183
0.06843890686901506,0.17780290747089847,0.048054635427269614,0.22112931478576725,0.10891337255356538,0.11846306281115809,0.07137693676623584,0.06601324588984939,0.11980761742624095
0.0935316297115306,0.15290342024596057,0.025768152438434593,0.1491495434547145,0.12498631336913328,0.28949933633477304,0.050165229952224645,0.05800304531031919,0.05599332918290965
0.02713634150566084,0.1342431707530182,0.04946558287980111,0.06093914470423373,0.017874021292464133,0.08123045304551056,0.4508232140117572,0.16314326905896007,0.015144802748594149
0.08952246254610301,0.15950399186019112,0.06572463766607414,0.198161113394325,0.12161920054303138,0.10850838861917649,0.10666197345357613,0.10237124744037712,0.04792698447714563
0.07730782877762733,0.1674677171171128,0.05531081728944215,0.10179870623738196,0.10627314899059863,0.2975334301591272,0.044680189731422376,0.0708042094670402,0.07882395223024734
0.053056076304859055,0.13235799252530125,0.044127906034275056,0.07848452959499053,0.0823394647474296,0.38336547953117267,0.03350889007985905,0.06695490606724007,0.12580475511487263
0.009948262468496801,0.08263820835311819,0.06736529689346506,0.03288089928412227,0.012599510912252018,0.07661251767058301,0.6251232704023661,0.08570610468734847,0.007125929328247995
0.09678307034540963,0.1241106942708549,0.06549425466247305,0.06819419397507599,0.11322348045315507,0.24333381188533565,0.04519352944626892,0.12743573720072598,0.11623122776070079
0.02801236440464301,0.1242546887428304,0.08354814634414613,0.042903023961509794,0.01887899880676198,0.092835363189517,0.36221485611617155,0.2304052918884003,0.016947266546019902
0.08827667309670632,0.18465251333940613,0.051911011950364426,0.1766021713174748,0.12430018488766359,0.16747654474359064,0.05083059401688291,0.07658387133855554,0.07936643530935573
0.017834770916541457,0.09971224020380187,0.31327351318981544,0.009522749102970943,0.07255984212176408,0.029161208385124333,0.022696843218607887,0.06663279017477765,0.3686060426865963
0.13743379158443444,0.13591429768298463,0.023286452865631187,0.20614545943522433,0.06340579653888077,0.3236762426312852,0.03808707919492129,0.038453616545081844,0.033597263521556245
0.06025039863030122,0.15034000013151388,0.1655956022846868,0.1664275937865485,0.06009565257180203,0.24176114793964557,0.046332488348820984,0.07056173066088163,0.03863538564579938
0.08871408222700498,0.136559393763548,0.029810061406474114,0.24343937832888987,0.21651888929582588,0.09929977792179605,0.08435229666039318,0.05282822717787252,0.04847789321819551
0.12537724200439107,0.16374301315744647,0.03067732434919319,0.19056462470384974,0.16298704286514248,0.047787827922266025,0.11924324926020229,0.09693558268572545,0.06268409305178331
0.07041351852425304,0.11648085742729936,0.02782546765310151,0.13082511918976938,0.0623552628533817,0.43270863573695734,0.07359581790563462,0.0436215513378973,0.04217376937170573
0.07272114773413187,0.17394601323920242,0.05620645496506543,0.12647542921859004,0.08911819970228735,0.06300207362346943,0.25567898585144255,0.14346227767498718,0.019389417990823755
0.08139388247480396,0.18568831666063487,0.06473420167148879,0.18873455825352561,0.09932789617486247,0.15971919551230915,0.08312743338840899,0.0834475850526596,0.05382693081130654
0.2174133861774666,0.11448436726302219,0.01587253293468727,0.22089159206424658,0.09193065347379054,0.17555648630218934,0.056208504092071766,0.04258481908337586,0.06505765860914993
0.049432768132985534,0.21686204851157398,0.18972272287765027,0.12363374229450153,0.05938667593806942,0.0458880662898096,0.16253442266939153,0.08289144828219142,0.06964810500382668
0.11401729392808228,0.11122082791537452,0.010150248716433332,0.14387094366943107,0.057032593055466846,0.44253389786569525,0.030282019063204935,0.023995730763961387,0.06689644502235036
0.05484132365926056,0.14174769729730116,0.058290021957985085,0.10127909052878022,0.058447608718102874,0.04396460361790152,0.2581831971681469,0.24090042195980296,0.0423460350927187
0.11015783248423293,0.13008132052536944,0.025779001260681802,0.2258489764350987,0.11175534455535079,0.22666520741250817,0.04298557915484435,0.06917986489010114,0.05754687328181276
0.0799918179509886,0.12663297200621695,0.07471377451649922,0.11769849876301429,0.1363209222701825,0.33318966059524735,0.04972279986028764,0.05150810396345021,0.03022145007411321
0.07245475241927521,0.15087504483425107,0.047659597452993384,0.1197644466821932,0.08959998967727702,0.35481644930444767,0.03835168280480295,0.06305617719385857,0.06342185963090084
0.08113502217835762,0.1396613401195467,0.048201463180430275,0.07483176360974719,0.05437137100336792,0.45423318003755536,0.04744007379085399,0.06275126974389765,0.0373745163362433
0.07321626593508519,0.09352774616428199,0.03861215348202441,0.03815082673963442,0.1097477478408939,0.4994555596759725,0.028890142127083643,0.050251576348944414,0.06814798168607956
0.014676997327861395,0.06758166474625833,0.4238713702758865,0.01649659813226448,0.03012518264617875,0.012203350847865243,0.07504703657170332,0.08543003864430881,0.27456776080767314
0.08556731502085953,0.15420014630315168,0.03193598557194474,0.30503861244041214,0.12664322565133243,0.06653814021018427,0.06604601052297433,0.06005910406271351,0.10397146021642738
0.08313672629710259,0.15689647854983552,0.06319388479151421,0.09859413110004517,0.12717051888182776,0.25790795503034153,0.03661732824796984,0.0752555103246783,0.10122746677668513
0.06333527647274508,0.16261365321104282,0.05146016596091776,0.14432016399840153,0.07144064558664164,0.3237812602390151,0.08596468203902512,0.055713266853151915,0.041370885639059045
0.06742266548134124,0.150667709044825,0.04704599387234402,0.12763701632525784,0.052000082318727624,0.34005610549860393,0.12072835266310278,0.06390375791877488,0.03053831687702266
0.07230007406827804,0.13128109268442453,0.10332311659906579,0.0690418986430613,0.041945163120106405,0.39433652727724383,0.02069617634613865,0.0550756256367212,0.11200032562496028
0.06495567823868474,0.12761847712346883,0.10407050761521341,0.0607114084938189,0.03427386108358759,0.06454592874549596,0.2553348740223533,0.2707739329895693,0.017715331687808072
0.08473930605618059,0.13302715224210118,0.03569907009428572,0.12424847579853467,0.08658366345845685,0.3468313228421947,0.039959818018787806,0.05364444196793617,0.09526674952152227
0.23460260416708323,0.15900527592865354,0.09141548911510185,0.11945444036631137,0.09616089659788567,0.08585231656861798,0.06408240652280624,0.12193644550816042,0.027490125225379664
0.08904687066023294,0.15727245338565818,0.03738937890127874,0.14062140012563704,0.08053668923878125,0.3434783828372088,0.05684578730686007,0.05994573210685014,0.03486330543749283
0.12735470517067712,0.11409486727386424,0.03342280062385698,0.1913162769882962,0.0764406264332605,0.32305370301418185,0.027813115949836546,0.049422263217002986,0.05708164132902354
0.08828324668687666,0.1226247064028861,0.014603210538567191,0.16295149183438926,0.1451334309122583,0.31954349334623866,0.06189839928593835,0.04136588965433024,0.0435961313385152
0.03372374909989382,0.12798215501706076,0.062696111271311,0.05381971299969034,0.24274129231682232,0.31053144282354855,0.061407743254868745,0.05323373624779692,0.05386405696900761
0.050111406521232936,0.08694053508210764,0.1776049484563075,0.043112231692996765,0.018547423156859307,0.06006479730363956,0.47060167248527046,0.07659556734278188,0.016421417958803936
0.10088446980751369,0.1289769814590245,0.025770706898307755,0.2288939675317819,0.10657039170887835,0.26787382234992263,0.039958173970605255,0.050365890512173835,0.05070559576179202
0.05626061421368367,0.19634390739246918,0.09225612666698983,0.12324962404469086,0.16375838264843487,0.1568632442596367,0.11439534578235977,0.07480713632014063,0.022065618671594494
0.20121539185830317,0.13759550151238722,0.07391447191404162,0.16196254698894239,0.10307824171752733,0.10966656261597542,0.04810817461214864,0.09786379152837504,0.06659531725229922
0.08256506714245561,0.14067247651506914,0.06034281023152732,0.08982176572687323,0.06894134846222999,0.39580488296533484,0.029407538410002224,0.061222508370062025,0.07122160217644566
0.06745777124349385,0.09992214613930583,0.059249782302123764,0.035359571725344686,0.19397228595589489,0.018659049004524014,0.005563415436139334,0.04988337062688649,0.4699326075662871
0.08684954453372294,0.13964524830757893,0.03940307665266385,0.14186513641336918,0.0830725081106667,0.32897018455489063,0.047897373659668986,0.06166772881426933,0.07062919895316953
0.05892239976986748,0.11216053482541644,0.13534492279342372,0.04539328423622382,0.20021484346491683,0.034874197065865774,0.013875043649149597,0.09363204157529541,0.305582732619841
0.09296713468139506,0.11847715033978046,0.01720672891439363,0.1647296298937207,0.08276877906433033,0.3654713512712659,0.03929869571449257,0.03601385646624233,0.08306667365437902
0.4457692129892849,0.06181873345983533,0.20082686795637872,0.023760377808115792,0.031881006215787815,0.1315927484957863,0.00708329894671213,0.06928383073815896,0.027983923389940185
0.015590455834296843,0.08840182605068103,0.15982576845570431,0.04074898330899216,0.02615426904641316,0.05589477570548055,0.341377556826098,0.23916313743779985,0.032843227334534014
0.08605018218839285,0.18508908524150924,0.10154545732956471,0.17437178517347432,0.10051393648469105,0.131981040764949,0.06595980950178033,0.08899439874817457,0.06549430456746397
0.05109292715205107,0.16272065513832154,0.04904205359308902,0.17673246847263205,0.2078685398491883,0.11903299492745956,0.1081101671041134,0.05412310448125135,0.07127708928189379
0.10228087866986928,0.1228822212038498,0.04158822922109933,0.10233353703542604,0.09579146266102458,0.4303242106499921,0.03310128378997412,0.04466715260672361,0.027031024162041135
0.11208653985288945,0.1264012768055421,0.08362286636893539,0.24580258993330992,0.06926736978813297,0.14346982679225254,0.031773914870227765,0.06562341955468465,0.12195219603402525
0.5161697036015492,0.02987292493381563,0.3109735441274887,0.017244489868601758,0.018600320445204474,0.01825798064600858,0.007737943581126898,0.046635770161051145,0.03450732263515376
0.011627661450583311,0.12032447277267254,0.13572165673963377,0.07182918259891712,0.023179686238905355,0.04252194269431394,0.44174139294546483,0.11040155190180007,0.04265245265770908
0.12677083659910582,0.1421611657153359,0.08654134575422119,0.22857610618999535,0.07856368845221946,0.11461991504639753,0.04731693397642267,0.10785992497765151,0.06759008328865061
0.07949762763184676,0.15847722130294206,0.033470005178156334,0.09103323938296609,0.11969635039841586,0.32104290300284977,0.03721424189614513,0.07556576844804896,0.08400264275862905
0.06321128703012387,0.10767844523099014,0.01762735823539673,0.050505579661101495,0.13073090831949427,0.1323212678198823,0.008686401221228296,0.0481191446887296,0.44111960779305326
0.13446652577394883,0.152078086511271,0.027961796732173038,0.27368346095597507,0.14162212622263334,0.046112544699000696,0.07733419579763605,0.06686105435942348,0.07988020894793842
0.060784559763476374,0.05004767968028684,0.03267263653168705,0.0992612072863559,0.04730407915318909,0.010230158065084937,0.013517932674160979,0.23299016581875084,0.453191581027008
0.05430061230198071,0.11394542378768531,0.13024098148855237,0.036831645955683286,0.13190423942152577,0.017106219157647568,0.016153363863294294,0.13311079346819832,0.3664067205554323
0.038342259148575634,0.14990170798520797,0.10476625177714984,0.12253701462768317,0.263179437115097,0.058916709541803634,0.1477138355280909,0.07718349725474456,0.03745928702164736
0.05297696323649257,0.10268715203406191,0.21560027030839304,0.03888902811852193,0.05992223595077323,0.16210361165213205,0.012833213143091132,0.19532793592081735,0.15965958963571672
0.031700814635363894,0.1582065198636352,0.12441846415182502,0.08836596479423937,0.050041589165577695,0.054809562393211435,0.3467315566646998,0.11448881293423668,0.031236715397210898
0.14150106362414122,0.14033567607736586,0.05939474796294325,0.23784576842616642,0.12871729930072642,0.04328219586865112,0.060172767822314066,0.09427849356763135,0.09447198735006024
0.09877696435989904,0.12660826549999796,0.045448456860046005,0.1888669807608878,0.09355602034820738,0.05933597944211174,0.07534098114978004,0.2003424176707749,0.11172393390829514
0.08080237176658964,0.1440792611285248,0.08270503348394227,0.10854072960842659,0.0964688512109196,0.2773865552462274,0.044665836674306236,0.05713422677597859,0.10821713410508493
0.09547924279483866,0.16200687254218046,0.06521787922929355,0.12422682907768556,0.05372498135646605,0.3242841778921097,0.04002915527771115,0.04018167410655309,0.09484918772316175
0.06414442904453614,0.17481554806815036,0.19166610163109388,0.05263722663107313,0.05937840995479438,0.0406488990343292,0.14477821380444567,0.1689404300483904,0.10299074178318685
0.02106048461762956,0.12849397948991637,0.08185708063173187,0.0746731600065366,0.03211534172173602,0.05243249183728743,0.38214253794971337,0.20032021971142577,0.026904704034023078
0.06831316505782851,0.13349873238501844,0.056622167933147914,0.09163862052200167,0.10986053612201473,0.39400017389159087,0.04855374910204773,0.057443722754639624,0.04006913223171046
0.2936900884021861,0.10302401029924285,0.13521661571474575,0.05168782125826602,0.03318928618921224,0.028309245111960018,0.16738812424041893,0.16918689350647986,0.018307915277488224
0.12873509619959161,0.13185463555045987,0.04912339944907004,0.15422132205630787,0.08577860101132628,0.24866039874044807,0.040191544898131294,0.11488197080759034,0.046553031287074685
0.05761203892929977,0.1468720277659635,0.09611585336746498,0.0866414046441933,0.10690257418937395,0.2867036404286219,0.041729259874227154,0.10168916023890458,0.07573404056195081
0.09708271729276415,0.1430215670771953,0.05799782754385966,0.08730009488566433,0.058850361345803535,0.4272646112102798,0.036339246023372775,0.06145938429834529,0.030684190322715226
0.04259229917381561,0.18552326422994572,0.11237222901059866,0.17586510150032844,0.11372225722723918,0.10789945565312159,0.08813362367322271,0.0699879349063245,0.10390383462540358
0.05000689233574503,0.09551395301923436,0.06877172554582785,0.10022232488815273,0.10813941756871209,0.015604315796762183,0.008736038258285199,0.07143661907004199,0.48156871351723857
0.0733649696186086,0.09166323987533047,0.03284553833423628,0.10085919678607512,0.12118021856103918,0.03847673598266835,0.013693709033466298,0.08240371874385151,0.44551267306472414
0.06818189612329419,0.19873656204118015,0.07996347706025614,0.14125303180516005,0.17774630245934242,0.10749164132921056,0.07988975822572784,0.09049843970110417,0.05623889125472451
0.07291215732570738,0.2013778011532995,0.08044908011389729,0.14509610942883766,0.061126170949856305,0.2499901547970742,0.07444351580237525,0.05885818994350059,0.055746820485451785
0.06512179015325044,0.13183675651566001,0.05610830366746903,0.10166903772299545,0.05636268429326951,0.4307572177596691,0.06409886470648371,0.06302973557239755,0.031015609608805183
0.05736896347323356,0.10723350210595885,0.11143404692411625,0.022071284990364166,0.017456052015553922,0.08432717259063431,0.326637042534998,0.2642088201692762,0.009263115195864773
0.0865621473630182,0.2048395323723076,0.08409906370690307,0.10589775262272023,0.08681356696183594,0.19215128606240026,0.041456953520007396,0.10265760486680768,0.09552209252399958
0.08232118867992333,0.15012579084194116,0.045587198222878385,0.17673556419642678,0.12614474467378925,0.2688005462171465,0.07023042235635651,0.050426741598489866,0.02962780321304821
0.12577034997586387,0.11711443410161632,0.022502215415743664,0.14170004144364243,0.15776594503801708,0.32044565171239187,0.061868662495513586,0.033893065805867456,0.018939634011343763
0.0606089490911739,0.1516987931150997,0.07321310995006293,0.10024101470870951,0.3585689372538208,0.03448453881456968,0.07022258045889428,0.06712635546122367,0.0838357211464456
0.14255632645719393,0.15107441912074007,0.04389340140189243,0.11919344791506849,0.10129657577710326,0.2925673292871204,0.04591836856855491,0.0843890447297098,0.019111086742616648
0.0632100923645646,0.16315124803046102,0.05134154791219921,0.19698832228428756,0.06494956915635809,0.0969267298307087,0.20082495950677923,0.12053765050921188,0.04206988040542975
0.08833139539681605,0.15838495341621964,0.047842740549791235,0.142729617070606,0.11054705915536088,0.19367356696603588,0.04083453516222856,0.1006408036908328,0.11701532859210899
0.13245005918161556,0.1387592068812595,0.026586246086110155,0.2065872524148269,0.11926916850819529,0.23354582190830067,0.055128449347068335,0.05052333043302568,0.037150465239597835
0.07986367585437759,0.1441790544200573,0.05511573021655714,0.06198345540988461,0.07184514488197109,0.3810648288197916,0.02038541843810868,0.05811250140209993,0.12745019055715212
0.09272254447258473,0.14392667181348606,0.03228742982984412,0.17285676273992454,0.0694743249436932,0.2541908369199864,0.118584964938009,0.0698686874576506,0.04608777688482133
0.07347155748979874,0.18197541014578292,0.0880803837678678,0.14133453330205717,0.12762586142220295,0.14701999130472865,0.08514021814966084,0.11285943045296355,0.042492613964937344
0.09927016574689367,0.1524748725297642,0.03550132030087343,0.2657240400463808,0.13164886319999233,0.04518019930660042,0.04115407598417255,0.06707946287450577,0.16196700001081685
0.05910463475730895,0.18026783036951666,0.07094085835472942,0.08199982634092821,0.14018781036762873,0.20117358665749044,0.0449395706077357,0.08963050429278517,0.13175537825187675
0.04082831605218754,0.1324989257869944,0.13105384796144234,0.07465389396698134,0.10602790583977799,0.027441793823316504,0.050104108475201435,0.10604068912606725,0.3313505189680312
0.09681530342816762,0.1578972211162226,0.035077400684416706,0.13800764957217374,0.14134451128577927,0.2611018869828665,0.04664420931991616,0.0674295066056649,0.055682311004792574
0.08754561721724204,0.13919916276002778,0.03806498315460292,0.13253923417949945,0.09054677126936679,0.3422900303120738,0.04194382048441476,0.06216878669342065,0.06570159392935182
0.07923850601885574,0.16046153835602725,0.050773342663522035,0.2070158590693009,0.1244367483796119,0.037572403041819614,0.0597849996862971,0.09720761875736394,0.18350898402720162
0.08207450440323008,0.1470943164841946,0.03853969634532776,0.09702087756268406,0.1575094875700099,0.03550978971343479,0.06393522810777258,0.18775570970815378,0.19056039010519252
0.07306226891644943,0.1349706872668811,0.05856103123768697,0.17027811296280282,0.2605563385437012,0.04300095407437262,0.14511305609922656,0.07094921698211178,0.043508333916767485
0.08002082927902066,0.12058506203050713,0.03578429324557336,0.07744779071432856,0.07035028007871187,0.479932754277472,0.03123219061375374,0.04552941125310967,0.05911738850752302
0.09110134967976731,0.16650096776480897,0.04545304235020486,0.19731920139954093,0.10746309874908537,0.22750855797384076,0.0666686377330674,0.05970271503927261,0.03828242931041185
0.08594900741019877,0.12483999072296335,0.03379133403243452,0.2478962156232627,0.09764797161294107,0.16087309630243776,0.03895160045581708,0.05522415713349197,0.15482662670645278
0.06209356608201599,0.1489426257676342,0.08336388981909537,0.058642168434422944,0.09772077544767221,0.3587827589222304,0.02915039422922866,0.07554740892296058,0.08575641237473963
0.01663455885577556,0.14565452951588156,0.10852604333235305,0.043853310283852254,0.033914891596465775,0.050400693058970165,0.353186378093815,0.19005696223360746,0.05777263302927924
0.05079429100367111,0.045001781844135225,0.3192280881046478,0.14234961559209278,0.05586828394174004,0.027889988228829765,0.007683716427691744,0.044959847117484734,0.3062243877397068
0.05992927062367095,0.14297198166358768,0.045943401220828094,0.09941936138999219,0.09383140899128357,0.3746555815865234,0.07123755685947065,0.06999887167519488,0.04201256598944855
0.07576645711897077,0.1423077484318799,0.033975112314672706,0.17447067297059374,0.15298393087352039,0.25192347152677713,0.09930279076834841,0.04967440458129421,0.019595411413942755
0.020017541660331623,0.10816380491240556,0.21187963907753163,0.06416664563772774,0.02665406551405614,0.0463164048934068,0.42260392154899784,0.07072721826581589,0.0294707584897267
0.009241097133349386,0.09600685436811805,0.27417412694736026,0.020361680905616564,0.04419741728378008,0.030499881157319653,0.10371282708475116,0.19011218032179958,0.23169393479790532
0.0602492212557885,0.11660775100073865,0.0894572092777172,0.07904987512703131,0.10055868353527751,0.4212479820093205,0.05187185058729232,0.05235286802258035,0.028604559184253652
0.016751768430696024,0.09781034252856231,0.0935358587978707,0.04517705973985334,0.023789315156993677,0.051117450246143024,0.49261314328569167,0.15335705283993048,0.025848008974258846
0.02324436841673307,0.10737760972764547,0.05655050947460275,0.08785633878015671,0.02440549548179854,0.05127539123161157,0.4980550564574268,0.13665677400071313,0.014578456429312032
0.1048552035115796,0.1388966737021192,0.03831139099424271,0.13009558585003148,0.09285791087093327,0.3294317393429111,0.037243622537042165,0.060207559804290996,0.06810031338684956
0.05374392784554403,0.1739766220450499,0.11438620445236856,0.1779193660551095,0.11355979631931216,0.1216622757571653,0.08608130158925886,0.07819401197314847,0.08047649396304325
0.0619221511805505,0.12709606467142007,0.032146821264565965,0.10196052961516085,0.1364605547907012,0.385966322781149,0.06771684250162224,0.04498412548296965,0.04174658771186055
0.10230666891250291,0.1123653854580176,0.10575298686649515,0.06752759395928482,0.0611230974502295,0.3439809740256319,0.03195080069438858,0.1390472388927776,0.03594525374067189
0.019516458127671152,0.09717186282598267,0.1945394562044185,0.0792402012446106,0.019273557090778933,0.03786937309539021,0.3937004391805286,0.11508068717990022,0.04360796505071893
0.06541848173915515,0.13234847708487515,0.031355122933094864,0.1176477352090687,0.06541403895656488,0.4397571251330265,0.06130399661895556,0.038044955824872016,0.04871006650038722
0.08527305937535574,0.17026545669431944,0.043434727949367036,0.21768647014531303,0.14099842114171482,0.1434289270684502,0.09673701137462735,0.0642520389065135,0.03792388734433892
0.11025838065043708,0.13982139044351313,0.02433051448830964,0.21881783531146418,0.11390844183068771,0.2467954603979963,0.061982672574973176,0.04799894297801708,0.03608636132460165
0.10622583109049376,0.17426203818255304,0.03261898933944104,0.19783336513287778,0.0986255529765812,0.2194411413258416,0.06385331145275892,0.0596259394598155,0.04751383103963714
0.00702444770102328,0.08689407778042461,0.09669168489378654,0.012503850242890871,0.02266745057102262,0.04231700762920968,0.38024222587343876,0.23457674190039365,0.11708251340781
0.1039049579078733,0.11684892327639952,0.09374315412422758,0.11358772139414956,0.12186416010335303,0.31790231032741256,0.029523454963796866,0.0632416900884447,0.039383627814342966
0.06715018298631571,0.1395065027525019,0.03482828718683572,0.1405255475038142,0.1436992113258767,0.08988455018527448,0.09758094604168582,0.16757073219027654,0.11925403982741896
0.07798210639872717,0.16596884947894144,0.05121533424058063,0.1360976031595976,0.09343012594791973,0.2846874665348577,0.05190022057287977,0.0692163334198787,0.06950196024661726
0.08135376884508805,0.1745283356260389,0.06331855123754684,0.1395392643800426,0.1148466769108298,0.2267823104021697,0.06861112449405044,0.09094378406393717,0.04007618404029642
0.020718305068377723,0.09241149011875682,0.20851407919119389,0.10268445030757388,0.0189953467092007,0.03466482169382252,0.34889448093908965,0.12745556533931607,0.04566146063266866
0.08018920891386691,0.17634403423358333,0.04839124856288294,0.20129034277068358,0.08672892062023706,0.14884053968468572,0.12049601232704772,0.08019192334986139,0.05752776953715131
0.08068096179357033,0.13822462665033006,0.054961255843389345,0.11353191287629538,0.07048832868853999,0.39822657902753406,0.031247691288445765,0.05654870151294489,0.05608994231895021
0.10679484860187372,0.04377936710052872,0.33317676551823777,0.0035794236577412516,0.033383701084345734,0.02776932768226943,0.0056910455409706585,0.23126071440045046,0.21456480641358233
0.10633621098340229,0.13735896095625735,0.05358566238247573,0.21929655056719802,0.11026922869497002,0.10180815301727882,0.03631936326851093,0.10988445916724725,0.12514141096265954
0.14459395877994075,0.14020144275043744,0.11740770975810384,0.1127666616468333,0.22253330696923737,0.06826919906606718,0.0811503735279378,0.07685492348811081,0.03622242401333143
0.02505935015266955,0.13616073003750637,0.09092719799999606,0.09988100422118389,0.05108175867665085,0.036070163242707946,0.32005442881699797,0.17819230281011822,0.06257306404216915
0.10088793412508867,0.1210163992707962,0.04758918207937818,0.1072743997309727,0.057462663507572544,0.4066091032092847,0.0470789606166796,0.07355512570673754,0.03852623175348994
0.029529314475443224,0.12352439813657677,0.07316618060749114,0.08658560900228539,0.051091259746956975,0.04700456356726455,0.46142179752229023,0.1053738120259179,0.02230306491577379
0.057943171816765525,0.1691329166188432,0.10664888496321366,0.1518222092262991,0.20446731625251388,0.0810155882430736,0.11625440862544834,0.077714681533668,0.0350008227201747
0.10684380989448561,0.15643818018448793,0.042252497963695825,0.1649936990453674,0.08500002087458158,0.2884762964586634,0.05472545405345928,0.06868088355153074,0.03258915797372828
0.14017152259916998,0.11650043012622278,0.019939428484559752,0.21846845094839248,0.05428898880721722,0.3354314125101328,0.02866034509588071,0.0328627435755606,0.05367667785286362
0.06509482875913984,0.1446782410305528,0.09217802188030881,0.26422199782608335,0.08789453494808537,0.14953015482539905,0.0952744387448136,0.07011890842464481,0.03100887356097241
0.12243179941522131,0.15956372926283863,0.03172539769149912,0.1927143826400127,0.10603056796229098,0.21613278539374337,0.0393602157636422,0.06003776485968069,0.07200335701107106
0.11479253927446041,0.14321785017159305,0.05916953879282822,0.30699449519457517,0.09930038600325397,0.06895043771629604,0.05183577004075551,0.07487309465917998,0.08086588814705763
0.1150021790321571,0.1680521087679375,0.05990070754516993,0.14638791112161295,0.1551821661942103,0.09385013056967517,0.05042980419215685,0.07921755606723185,0.1319774365098484
0.05355253645723793,0.10285005317545666,0.12456317421582862,0.03233029149353406,0.057606721186665745,0.025384199029154998,0.12091703047680706,0.3089380230588204,0.17385797090649457
0.08407229102200293,0.12489404796503621,0.14045164028088405,0.04663256487730491,0.10106589261524533,0.022646863694568434,0.026839629634462885,0.11030476861403611,0.3430923012964591
0.05035920957115481,0.14355564494635908,0.04717511553209042,0.06242092086081496,0.0313544181056949,0.07858846862035285,0.41710628486591705,0.16090182731657218,0.008538110181043746
0.14126457806293524,0.12257336638598675,0.03293029902458519,0.1652920380516093,0.08586514385394957,0.2970677573015362,0.0502622434857146,0.05382789443797772,0.050916679395705496
