0.21394141480548487,0.007675370350103069,0.08654045040533254,0.1698838614847936,0.041581488101683876,0.3243353308666042,0.0632325358384773,0.044843538351643036,0.047966009795877514
0.06121207144049429,0.05578302312592529,0.03229582903800889,0.11021011408139765,0.06348164929764524,0.1667932782815886,0.06234323463180034,0.03135449771547579,0.4165263023876639
0.09620599645304233,0.033985306259723305,0.05154543855105443,0.09334445949774854,0.061635983127760446,0.4348409935962634,0.10004519201287526,0.018627062839889734,0.10976956766164253
0.12533440322239833,0.05655790904960343,0.061195542326931134,0.44400878648415526,0.05663390023786968,0.10374437606096094,0.10290905433003876,0.03713657769346087,0.01247945059458165
0.28929355257324024,0.24561104946703993,0.05923863082809139,0.11723000462465057,0.12485371664470783,0.055599043890914766,0.08768362140882097,0.011087330899176127,0.009403049663358124
0.1256975013894974,0.03846963082511501,0.06380176343384372,0.14924138751612934,0.02689460245757243,0.2759114245661782,0.057918454136324043,0.029501883846193552,0.23256335182914636
0.1569331125476048,0.008154528895133677,0.12663468295174363,0.08996875840013997,0.05479489251064971,0.37547479120695676,0.048848298888161217,0.03047430924414375,0.10871662535546646
0.07504125986582305,0.0935466181027766,0.03344237701712339,0.04768095462119489,0.058296748936278925,0.061503959925110506,0.0683333619249505,0.04468346741553009,0.5174712521912119
0.17032689040033197,0.06162915846813357,0.13725769729265455,0.12286922327409033,0.13140779817865636,0.12159587485405142,0.06931630558828597,0.06875358962992607,0.11684346231386973
0.2180609090938798,0.04014869445455669,0.06284941548197161,0.1002064363225204,0.06294347638041256,0.36013122985934903,0.06295902196104168,0.04271142683990401,0.0499893896063642
0.09849643646417129,0.09537920495306029,0.03174169000074578,0.060208735564943376,0.0963337290082731,0.06560248244846507,0.08094394787725279,0.024766254655668438,0.4465275190274199
0.2023607181632625,0.022783300129883954,0.11985395272815352,0.016007053919955997,0.08946529159228393,0.3670407492516248,0.07522577107685242,0.10059887850133474,0.006664284636648195
0.03890156294677009,0.026852346460645226,0.05153835531900661,0.5317064908102783,0.05979386718062143,0.10025483658162919,0.11574858915331089,0.03374997573014475,0.0414539758175935
0.13789590594579812,0.049904118560036466,0.26438210498092335,0.07946574754143299,0.09779831720698128,0.28018743931392553,0.05565253697261644,0.02111925756821999,0.01359457191006582
0.10873214992277071,0.03845433298078107,0.12469632008764713,0.1505994652755012,0.06078627982595294,0.3522416312141384,0.0837253957557073,0.04001976684304649,0.04074465809445475
0.09186489389252067,0.013099682960947915,0.10909815268022977,0.16168107055892592,0.04582041453811908,0.2662014382435921,0.08801911294799791,0.015426304169643197,0.20878893000802337
0.10772039100022013,0.020277392417776336,0.1722428688295692,0.04667646853938675,0.11698016316938394,0.20848696553883736,0.11300858690505415,0.05599785229956671,0.1586093113002053
0.13288142522430674,0.24217907813823505,0.052317162987834794,0.02983409573181693,0.0864166087437029,0.13633696540118873,0.057381055473959795,0.1549409561688805,0.10771265213007448
0.1943604451664974,0.03997181443889839,0.14801796854009883,0.040364502534331805,0.13754230768765854,0.18207287878693212,0.08756720881558429,0.11273029782779191,0.0573725762022066
0.23063802400174435,0.013841397960420965,0.0758910934593937,0.08146474867255504,0.04907106441981496,0.3679761275400833,0.07370419905486111,0.07149466459327881,0.035918680297847755
0.21440028025203697,0.04144393508200643,0.05545085760726028,0.07847666149152711,0.06704716847900571,0.20351325599217474,0.09542624637225271,0.02004187316381725,0.22419972155991874
0.08374162626490635,0.1183601655901052,0.04600407567359174,0.09765003441578442,0.10743945701531189,0.22163429173594054,0.08997923943693716,0.012561823507511734,0.2226292863599109
0.20087344216033176,0.13311123435313596,0.05354659363021689,0.0680203436763861,0.09547431217720453,0.11525157502712609,0.11710063176751721,0.08012101134391127,0.13650085586417018
0.10755788843642307,0.059338197586822315,0.03478130777818907,0.13697336152383197,0.1077512013637965,0.08160689248596546,0.17624813269563142,0.025511946656979922,0.2702310714723602
0.2257540158723984,0.028571548488137852,0.03838619992801544,0.043688870776370736,0.07683501047667458,0.27225148915499164,0.06045253776414236,0.05357290135123666,0.20048742618803225
0.12450051979650854,0.0757800089978343,0.10870551000441374,0.01943694803895188,0.08293046243783425,0.07811444233224431,0.1087749604108772,0.1498725760525266,0.25188457192880914
0.05423431266622011,0.042130104129366776,0.05599296337788682,0.12195698501879502,0.06475434415290439,0.1584958838296988,0.06853210801168529,0.05135408950719698,0.38254920930624586
0.2294310576470211,0.07937728245128502,0.17157629473667826,0.17668861208824613,0.06955850534582093,0.03307634645002346,0.11915200258137655,0.07866276668880028,0.0424771320107483
0.1427675195769685,0.014564620553826055,0.11015437785703859,0.30443724194931127,0.05953872951045658,0.19383338646539952,0.06867606358098734,0.0566711155133684,0.04935694499264373
0.25480394929428835,0.13681085458959294,0.15121984972606128,0.019971369155625918,0.08686219731246021,0.1936406645253149,0.06216885188775253,0.08396659625714349,0.010555667251760409
0.15711383148319688,0.027850223319768146,0.06601181254776677,0.24682117604773932,0.06338628736360524,0.06462749160667124,0.06236253732279068,0.09948528438571468,0.21234135592274705
0.19349631698340677,0.017883307958404884,0.06497918984871302,0.4074442683569089,0.059158643263066614,0.1465292668723082,0.06860558989430189,0.029187156749556187,0.012716260073333497
0.2536218787045953,0.017841969874324255,0.05548025856446514,0.12346615437371077,0.0686300603778003,0.13742085117509628,0.09859197089442695,0.09714210731269272,0.1478047487228882
0.20362845164849794,0.10358362927532505,0.03921379485575872,0.0922778268867122,0.037017461496828906,0.2202449434980975,0.07259779123699713,0.08252831956144775,0.14890778154033482
0.06184270756004051,0.18027549323158235,0.054931963211616384,0.19036142343442605,0.1332707254759198,0.0778388689441953,0.12148352914105763,0.06921384385254963,0.11078144514861231
0.18799088357184635,0.08736900865397064,0.08733982551389285,0.008624767422823731,0.10516060518391494,0.1561737636695133,0.12499701138255599,0.12066035103298967,0.12168378356849256
0.15445861323220855,0.10613388139425495,0.06915751029836513,0.08558227354784122,0.07758459613445517,0.11775340726666998,0.10554627412601476,0.08428695774698851,0.1994964862532017
0.047127485104253825,0.4239035660232757,0.019381650076692195,0.2558535176084871,0.06269007038049905,0.017840981363383066,0.06312036721235505,0.026600081834022512,0.08348228039703139
0.4286533515086297,0.0035245828455085326,0.09187060894448677,0.033660522964183585,0.05179963287629718,0.1937312250166162,0.06141308016159159,0.10735292634976344,0.027994069332923126
0.036555349401819176,0.4815961935721212,0.01641399580633838,0.1662008187925652,0.04779989064778828,0.023350289421658923,0.050477731382816304,0.07647189513863566,0.10113383583625686
0.34507122659317147,0.04455258334431134,0.12794373127892908,0.025774809432774576,0.03798640770769005,0.24430638044728983,0.06818004150993338,0.09655464765936046,0.009630172026539768
0.25609599509831465,0.13002827450756427,0.08740702280178865,0.06470861637027377,0.06647621601690905,0.1934117927364977,0.11401456706468922,0.05406440414878853,0.03379311125517411
0.048137902612708894,0.05519604696960962,0.0405347367178145,0.03652259404959766,0.058241646189766925,0.09212993431217416,0.06390153414620005,0.06530364458794492,0.5400319604141832
0.13398399885370268,0.10386005178934156,0.06684603098053844,0.037491685293531564,0.04868078107388593,0.4696177447081859,0.05488127142078351,0.03692055520333921,0.047717880676691214
0.2387349963325965,0.1392065848485746,0.04036162074682323,0.1103933417353331,0.1074276979248236,0.03760798291280669,0.09099359635203419,0.12801094337576455,0.10726323577124354
0.24629487494806165,0.022564154844473994,0.11215737192865388,0.1252548332151325,0.13429903269648238,0.06611295776729773,0.12574645474713386,0.07900792296061591,0.08856239689214811
0.1386186169870904,0.07653622665534798,0.08087082527365456,0.2186140225692632,0.06443821591994278,0.28642923489455296,0.0569522166815671,0.031047444828264503,0.04649319619031655
0.18804339212830387,0.03767793503447676,0.10232557986294916,0.015821665798635396,0.08708652934993732,0.21816170612893496,0.11955275173153686,0.02705255739181356,0.20427788257341215
0.28975323487399707,0.08499751530808192,0.1350507684328429,0.027439328980016737,0.07302019608808516,0.16724713681420386,0.11103112846273543,0.056883796473666176,0.05457689456637074
0.1371249445004247,0.0406914009166169,0.043660690019578036,0.14046520211583147,0.09876957526397823,0.030499609769794073,0.0946482619134459,0.22972172968845897,0.1844185858118718
0.3211333962623637,0.018722813848504067,0.08999337877275189,0.032203080226080795,0.059589334503113205,0.3426840391273999,0.05400992232573525,0.01903077889486816,0.06263325603918313
0.06456543947583901,0.08344141274378082,0.02956260136726864,0.12230010389858977,0.053977775034588095,0.17286681955828606,0.07237728034946238,0.03985107257779299,0.3610574949943923
0.1756654404297376,0.04019860873541652,0.07004317063924562,0.07128766118196016,0.0781883285841527,0.06851764959337364,0.07320661613232379,0.21279265158779725,0.21009987311599274
0.11435182683409832,0.048806826011358294,0.04905685680471253,0.04757294042592347,0.06901674975755091,0.12182573470061786,0.07153160432833931,0.08802678943590493,0.38981067170149436
0.08547809644833547,0.3464732247975559,0.03407143585751083,0.11638040716491738,0.0843201021758576,0.08436238523556057,0.07604319460259466,0.02772645230648006,0.1451447014111876
0.1600600278470792,0.10146378789922596,0.18238142331267634,0.1575496247075799,0.1641689526312849,0.04153376356261101,0.08343834652639885,0.029735512300674338,0.07966856121246946
0.16751798122671932,0.037272420218996544,0.18535956700377576,0.1892240722967926,0.04163172534742669,0.28754512183681996,0.04924045693140439,0.023498639172481874,0.01871001596558276
0.09664815233873765,0.007659409230863845,0.02383100186776838,0.0557890226860544,0.03975502752985385,0.11318578354928739,0.06306240680511303,0.019532550209057236,0.5805366457832642
0.06785323566508998,0.2071559059676639,0.10883624882152727,0.31253178588461256,0.07710986538241317,0.05204442508269086,0.11629659999983027,0.02324355930410368,0.034928373892068314
0.19535451808813278,0.038826488298131984,0.04215610697372587,0.03484462629128207,0.06448664207155437,0.08183128318866366,0.0628628580009537,0.25381694199407706,0.22582053509347846
0.030031114630046655,0.04737982956884654,0.019835490427056405,0.24388332170297486,0.04382345456979889,0.12724818759957,0.04425628827805169,0.03709209088923225,0.4064502223344227
0.14351411131984754,0.015712683624257987,0.044654789479087235,0.12921908450489195,0.05090237768039785,0.2736513820306925,0.05736816982794506,0.04718022520650752,0.23779717632637232
0.18307903216588742,0.07105161910622604,0.04330716264151047,0.02834648025207312,0.12558504785609478,0.2863767847265966,0.07086070757334369,0.13328881978944565,0.05810434588882215
0.18139210718626794,0.03144106046993662,0.041820157264226866,0.12397408051067349,0.07993997127947879,0.12490872395189384,0.0637287753735892,0.04347744186850224,0.30931768209543103
0.23338831695483622,0.15402243625178977,0.12343455875635752,0.032023452883501766,0.06796290229075419,0.24255211067836357,0.05516852102288986,0.07450699734007449,0.016940703821432583
0.21091794492219226,0.23946879107626287,0.07802718603190655,0.14275574213512346,0.1009905371513345,0.05500808512112859,0.1141165891996581,0.03919240837529666,0.019522715987097
0.06449209030079296,0.03237991246682465,0.024512237622630093,0.012449606056576287,0.04877817408202245,0.10776171282838642,0.06371937558648412,0.03208099724969659,0.6138258938065864
0.36430245280725165,0.1077929965216617,0.08291496400296235,0.10206918162194485,0.10919088669955901,0.013906310204281609,0.09648323270799035,0.04577440594096535,0.07756556949338306
0.13719544997555655,0.06386780343413394,0.035548380213450616,0.03966552627745782,0.06593744678392653,0.358338865210035,0.08402996025462352,0.07211206283895677,0.1433045050118592
0.09659290670762515,0.1030030191066084,0.13230844693007274,0.12395564254559233,0.12709061272784505,0.09321721175466247,0.1129999153513292,0.062250780850374526,0.14858146402589015
0.17101512542468011,0.04547241103095842,0.11673827369512124,0.19752917003094858,0.08022124598436413,0.24570000721661053,0.07538283475329847,0.0320927471751113,0.03584818468890726
0.10523036955145977,0.017485860755054452,0.06212804440304909,0.06623564249650511,0.06694682982429336,0.36368197804740404,0.06309148015695361,0.08308458363616622,0.17211521112911432
0.10375781557926274,0.08697945828891863,0.14174166739673164,0.05009579458552973,0.06534504153904604,0.264983469958935,0.07685719529048389,0.03681721242816454,0.17342234493292788
0.07285388465633692,0.10030408853745239,0.08382250760932197,0.05779569562963128,0.09751387129527843,0.15335141133487282,0.09674959820033306,0.0791788950777904,0.25843004765898286
0.11134028198322814,0.01581761227752912,0.047186300216047215,0.06996946697893487,0.05425436583216303,0.28136896885312995,0.07542048109681544,0.05814119383166353,0.2865013289304887
0.27057225852494926,0.07675898623405866,0.040927501997447206,0.18308197859150765,0.1279526374964538,0.15459458928403205,0.10965097272203939,0.01751635451573691,0.018944720633775093
0.06993657425376051,0.03106788178522266,0.15307952559446011,0.1569004137441167,0.055488296522659575,0.1139989182635422,0.06623254846380623,0.112784560511703,0.24051128086072895
0.024875547319338526,0.01769482255275874,0.06675054818065988,0.045147040189575514,0.050117957561801485,0.3103563764734916,0.04634053007748992,0.029012901729756995,0.4097042759151274
0.126540720941586,0.051077783678393905,0.1219679121079486,0.1554454449493966,0.155495824191303,0.05590955907053996,0.09009601070221461,0.044119279619982375,0.19934746473863488
0.301034662022957,0.10334890571373355,0.09064311759874578,0.07186397301610843,0.1591914812592758,0.05500701092731902,0.09333808075321304,0.059815856521608195,0.06575691218703918
0.0974435680472132,0.07845303807722466,0.10735284868071693,0.03570796433604217,0.08440600339312619,0.26898555915912514,0.12486636605504735,0.08982385158269152,0.11296080066881282
0.21996016943622662,0.034352683036947405,0.0498830585190271,0.148152752161075,0.05188871220507457,0.39564317323796466,0.04944000374569978,0.024780686274125007,0.025898761383859863
0.1998896997947186,0.028687689553813827,0.1629333690730194,0.0950311514676012,0.09937012535463825,0.16887101906921756,0.06154477404450532,0.05129470344755201,0.13237746819493382
0.059238976547058675,0.03156457452815029,0.02998212734928392,0.030759961105975814,0.05458392239223414,0.20368351576861832,0.05433644262570377,0.02118948252109955,0.5146609971618755
0.09850386926941908,0.14383209000651034,0.09146299119239053,0.12345288033342232,0.1839099910010822,0.0398422647135025,0.13931573313936055,0.11657159651951936,0.06310858382479313
0.27473567305748176,0.07656070721728588,0.16224405260115604,0.17191045729241716,0.06354545463001125,0.14199999676856895,0.07658109485686963,0.022353957450874883,0.010068606125334324
0.25021923288749454,0.07003248327959873,0.20443307502747277,0.04073665756092815,0.04625818798787107,0.2414321723809576,0.0709885967469669,0.03986398750338723,0.03603560662532305
0.2556166793212045,0.16622598591148371,0.08653695340113415,0.06921312672579699,0.09075057791187485,0.05164054925600026,0.17875027367065463,0.05933172595825948,0.04193412784359136
0.045692937343906725,0.037596920756344916,0.03803644409865404,0.05088026510046564,0.05779765013593272,0.302584227131976,0.05209579218823446,0.04800379613339967,0.3673119671110858
0.055727650518635326,0.05080897129164629,0.06139893638500556,0.19748649747276784,0.04731723241519024,0.0969207741016548,0.06950462504829093,0.26850629025646183,0.1523290225103471
0.3044494267111117,0.0680158791981922,0.08556733858460337,0.0926531696044733,0.03740256790568861,0.2520073264482726,0.09424366676174871,0.033132640480650316,0.032527984305259126
0.25198807144387947,0.0579646691377837,0.05245644558305523,0.13575362328708254,0.13627670146551932,0.20201097988474348,0.14729614247262532,0.009262260691004923,0.006991106034306124
0.06710432373270586,0.039054818618690486,0.04602386504326975,0.06256639237807825,0.055673683497598575,0.08388828246205153,0.05581278926998159,0.03193483143728005,0.5579410135603439
0.1292847241575462,0.014311413212767876,0.11432743907500957,0.09009460952152226,0.09348909796128883,0.23493875529179378,0.1161350987968958,0.05277254583477662,0.15464631614839908
0.2180704277605295,0.05632912085674343,0.059556841242182045,0.027019380821468986,0.10493797298441336,0.3603270338544821,0.09673250926837403,0.03400783453516826,0.043018878676638304
0.25478608125514,0.01954478892947071,0.09009345678229363,0.08682670684287068,0.08581911363041272,0.14822423332029333,0.12771317577802338,0.04912304435048082,0.1378693991110147
0.06796496228717937,0.08257324683852418,0.16973361017971267,0.03212633349045283,0.07583366854606206,0.34268560130086395,0.09742693964767161,0.06330643412768627,0.06834920358184698
0.11744843047296237,0.016572248206675376,0.07209603337799912,0.3552243791495278,0.035146450496913346,0.28214328188779797,0.04995015126472288,0.007329627399214643,0.06408939774418647
0.048914206542635265,0.022024265679673225,0.02476867076646884,0.029313406390493374,0.051016220718747875,0.09090901023734366,0.07338092336824448,0.03405848495269276,0.6256148113437004
0.2941599487511551,0.23352489600436366,0.05362511903941358,0.04727786292410669,0.056898361564891135,0.17313805608815716,0.07179429400976294,0.046711384379506775,0.022870077238642955
0.036130881149031395,0.2930879289042034,0.058099412288066775,0.1950325258046807,0.09065042100281899,0.07510434159792607,0.12028822865290534,0.04825756625647589,0.08334869434389147
0.12556186339657574,0.18523127050027452,0.13614432336055096,0.1765417888126828,0.06358024053937938,0.12691808260021495,0.09780311816711647,0.04428048066835519,0.04393883195484998
0.194368630197195,0.10552296001494793,0.07255534645175832,0.08482152282378409,0.14568882516712472,0.04014157576244439,0.0749784270438114,0.04870279210530241,0.23321992043363168
0.17308461372505635,0.12445334646293205,0.13916670405729878,0.026129351577533932,0.06303570043294611,0.11393997631836252,0.0677367381005155,0.09416977296186053,0.19828379636349422
0.11753748733701434,0.2223535804492415,0.075178941766564,0.041306030438896156,0.07670570508317892,0.10150053726089714,0.07179321187730604,0.235265080905156,0.05835942488174594
0.09745672868880889,0.12405993386690402,0.181909890911755,0.14388584417221245,0.05573144859323844,0.06318417037366598,0.16238299178917895,0.15766055101772186,0.013728440586514333
0.06777102388779886,0.006604163907650534,0.03553297461966039,0.07589253973991397,0.07621214337792943,0.36394908739829024,0.06801335812889554,0.03182197377950145,0.27420273516035953
0.09480225792613346,0.02023848850482857,0.023880769907207583,0.1011472659857839,0.056904547621982694,0.1585091129660223,0.11357537627151176,0.06670605832464736,0.36423612249188236
0.08009998056841758,0.04271741791869162,0.04186957509275637,0.025278245229453905,0.07164908375797992,0.13375057681555982,0.0450577718468553,0.04262478898196794,0.5169525597883174
0.2469362420694009,0.024682635037138297,0.1099829385962809,0.13814030004938663,0.08878468565228326,0.050564537316042456,0.05663665022316266,0.10620619040674333,0.17806582064956156
0.2974130963475657,0.07628047656981314,0.10311059882174307,0.15836752410441302,0.08084096878361509,0.046308590065654055,0.18910141813662654,0.028937302278419272,0.019640024892150113
0.13030248400672748,0.1561582082148163,0.2177693396265965,0.06025412827772134,0.12354612904787139,0.0681730721848439,0.20981509011514535,0.021238839301054146,0.012742709225223615
0.05022021595047583,0.13233333208473994,0.034674731332072196,0.2590885812579025,0.10336427091656537,0.0995664700822723,0.08316062921364058,0.050044740004112444,0.18754702915821883
0.06681318713439556,0.02171190561397447,0.03082602985852736,0.3646972221145784,0.054637552519780454,0.16454597917910743,0.06628490085090001,0.011792242062088107,0.2186909806666482
0.12549569148569661,0.010079146325023772,0.048535032032584635,0.3026329346745478,0.03529451108284509,0.16725702634862025,0.05267737890257182,0.017555061403426525,0.24047321774468347
0.3048502033403408,0.009100444336187145,0.23842681499911342,0.0890753684030664,0.060760691072121016,0.05442943141727985,0.13887641119446434,0.08738344521348053,0.01709719002394645
0.2835042022800143,0.023333020667699777,0.12412711024661753,0.014793763073150482,0.0457001575017286,0.4000755055114209,0.033269321407502966,0.07195836643626045,0.003238552875604969
0.10732067619888973,0.12272051961016933,0.04805773482931389,0.08555204853884335,0.06495755759846956,0.37699845841968954,0.09594886783990682,0.04801635608344659,0.050427780881271166
0.09052884688635308,0.06366369955931289,0.032946622094746664,0.1190628764068874,0.05907059977129944,0.20987984740849905,0.09390681957807871,0.04518943825374843,0.2857512500410743
0.09354621252620222,0.045596709451836324,0.06950559553832815,0.1387350378305157,0.09164054468931686,0.1905617294264489,0.11343636020809357,0.06910343591861522,0.1878743744106431
0.06786018652517149,0.03276182289117497,0.022133065294020243,0.31257908667958684,0.051164444170619605,0.12282635326290292,0.07416991155281726,0.02419093271830827,0.29231419690539834
0.27681275993582416,0.03523882833126931,0.10631103945016566,0.03029295481126609,0.07708090354938486,0.06629508116875578,0.07169719757236112,0.29227550941263797,0.04399572576833505
0.06858787246523275,0.037467397406832456,0.027532294877447443,0.018339291892831264,0.04616177485709133,0.22406147164109394,0.05460193039688399,0.025244034165370563,0.4980039322972163
0.1345979259266863,0.09694428139752466,0.0849177408837508,0.23741412238697565,0.06958277935716957,0.049823696593147844,0.12994364872099165,0.18741092320960254,0.009364881524151006
0.044979235124201634,0.10776002995482759,0.02541450452215753,0.03505666792482114,0.0873029196524182,0.11845089613457843,0.06804766478282842,0.04191339020383115,0.4710746917003359
0.1884662156879732,0.2265526331942979,0.031605447520451475,0.15496737737758393,0.17176019824524857,0.04751133724889586,0.123253748478333,0.026523669046437104,0.02935937320077898
0.1644028858338719,0.08164523761901217,0.1682138053718807,0.08211840409986865,0.057588433065929166,0.26229504764571576,0.054302068738539024,0.11227052223118199,0.017163595394000555
0.17849320058340368,0.006368786303035836,0.1636827052384557,0.020425340022183523,0.07621834275922935,0.42647619975683143,0.03973586440394431,0.021661956055483964,0.0669376048774321
0.2193312438514675,0.10478169332943121,0.12452390946107807,0.07435064512287058,0.10716457114744417,0.2222722970747367,0.10286379071959863,0.013491888790942937,0.0312199605024301
0.28094847473528195,0.040891425525210245,0.12264957902921579,0.11981699127147027,0.04832319467618102,0.25748853555308726,0.05838146585891962,0.038078059652612156,0.03342227369802168
0.04775454755391772,0.06204128499964894,0.023988833884802524,0.08412294140277506,0.05960229812339083,0.09431253067303859,0.05993181367000552,0.10244706071851852,0.46579868897390225
0.0869352975344715,0.05158080184965291,0.0983758383736621,0.08682940672956664,0.05704450341790348,0.4109585637360782,0.0480864517147078,0.03528801573362467,0.12490112091033283
0.33500097702051246,0.06556222936798095,0.0634933077546554,0.14801469483214943,0.11114412994822871,0.06308036516818633,0.19006933343701352,0.01683385869583869,0.006801103775434483
0.09450945444253074,0.07069571874854076,0.03349428313166826,0.054570749002714164,0.09730848954814121,0.11607762925518234,0.09667043247246344,0.04812851770383145,0.38854472569492765
0.08642685707631981,0.11523881855529093,0.04982310419449728,0.39472040548246395,0.09712378605177445,0.044490001589858365,0.11088400378983172,0.06784912145955822,0.03344390180040521
0.3331298430973856,0.06729542685353006,0.15410174975309898,0.06881231968554098,0.16753774518261833,0.03858676178084978,0.15452842148236143,0.013659228612520705,0.0023485035520941196
0.03886895722326473,0.14487755562324134,0.07472579799107208,0.23813014062863638,0.11311812731605142,0.18343321716406447,0.09304035439809233,0.09029347633706274,0.02351237331851447
0.13141676697525076,0.21789031746442256,0.049134437673169974,0.12660870524833154,0.03789203821106469,0.278666353514841,0.09457182977437979,0.041367806466706035,0.022451744671833723
0.07006380401046154,0.019732249128034538,0.029869200229159513,0.24175751144914592,0.05409534890679324,0.24734909107518643,0.06079555304611053,0.026182328625614103,0.25015491352949415
0.16192362559263734,0.2595921070632981,0.07704739041589269,0.023962777321725495,0.1421069997237761,0.10624437340355508,0.1428074963697132,0.036792881678884636,0.04952234843051736
0.3064849345611252,0.043996798153060734,0.075739608912996,0.060031323275885035,0.10976129894944858,0.10978042843099423,0.09775561073053002,0.0900324584086299,0.10641753857733029
0.14325828585907346,0.06220620422561918,0.06201079517297058,0.3244836375438602,0.060955009717520624,0.1395054192362807,0.0641110313722375,0.03089302342225621,0.11257659345018152
0.2651913107396118,0.040943533746504696,0.05320940873024229,0.10852962450539028,0.06499649738060072,0.3438349147652286,0.052898117167112985,0.030364975838098832,0.040031617127209894
0.06890058240184997,0.005371634425303327,0.11515135771276759,0.09822003499158864,0.05502889689721183,0.14698849936108216,0.05841470490303111,0.02703807038205332,0.4248862189251121
0.1345979259266863,0.09694428139752466,0.0849177408837508,0.23741412238697565,0.06958277935716957,0.049823696593147844,0.12994364872099165,0.18741092320960254,0.009364881524151006
0.1836393770201481,0.04860288410161923,0.05502424222174842,0.1355903167078972,0.06444083096271887,0.06008496142234343,0.0731569253361095,0.027142114213562416,0.3523183480138528
0.12385475887959284,0.06720611025235616,0.038988658567005785,0.21024143644850357,0.03982453844945946,0.2921547791347554,0.057499957866586536,0.017542770988364605,0.15268698941337563
0.20209479938933161,0.032848212812734964,0.2794066515212313,0.1314942359055712,0.06493394910553574,0.09882897350563263,0.06292320983605372,0.1031636632841032,0.024306304639805598
0.3214886251263705,0.09524058382848773,0.08102063148543827,0.1155054343248512,0.057638112928403325,0.06681493339530598,0.13291568347684415,0.026311883474926977,0.10306411195937182
0.25478608125514,0.01954478892947071,0.09009345678229363,0.08682670684287068,0.08581911363041272,0.14822423332029333,0.12771317577802338,0.04912304435048082,0.1378693991110147
0.3005955319768646,0.0713957004422925,0.04652963820507477,0.189660007662415,0.0404394045741378,0.13302441922676608,0.11698609419300554,0.09453378954233199,0.006835414177111694
0.15513468823204032,0.08616660875599667,0.12698001434590137,0.09196322690585505,0.05883323381803258,0.21559449404807904,0.12339168587206972,0.09246119180100405,0.04947485622102125
0.17994236727909915,0.024156237089221055,0.09191144523198318,0.10601814653502732,0.09083751796727148,0.1459571276601269,0.08176004750067285,0.03983281254794115,0.23958429818865698
0.18204975179808613,0.2350437481150386,0.06028557323025329,0.061610506241618256,0.08985722597061126,0.08560099992899739,0.08043198578385995,0.10512436895908779,0.09999583997244739
0.27220114191784256,0.054095644157316165,0.18664349868560437,0.02472537381164378,0.06317005395418315,0.2989696543646017,0.0429586790143228,0.05531850602702756,0.0019174480674578151
0.38534753819519435,0.020910468537204508,0.09052279070107073,0.1305958892696447,0.09376395318683335,0.06758699917714729,0.1552396226428363,0.045883378834736144,0.010149359455332607
0.16506031827496007,0.24711252599246805,0.03393223966861394,0.16224832070446957,0.11602049450686713,0.03393836463481397,0.1382338326051226,0.06713145360054594,0.03632245001213873
0.32004841542706436,0.16124298619340535,0.1336707882764194,0.02022439999005231,0.08528044461551476,0.07890103557432025,0.10766665742589641,0.05905497357887899,0.033910298918448135
0.14669789964363383,0.07979847231763143,0.10322032163652724,0.024082657201154014,0.2127797309971499,0.04285431995362728,0.09744327654758962,0.20994614939487444,0.08317717230781226
0.13151395527421106,0.0024488251856987346,0.0896923141419419,0.37437042829251616,0.07595796131282818,0.15622320872981402,0.059428267964348025,0.03757471079375315,0.07279032830488884
0.13399622013543036,0.24364951523352532,0.0955583531209404,0.03208882471608036,0.07717888972795195,0.2309612824958361,0.12010749204908733,0.01775540429390575,0.04870401822724235
0.17834469500400252,0.057146722200186545,0.1751911938785169,0.2388821410780845,0.07966447719843585,0.09459988033135762,0.13289762457761145,0.03987855306420984,0.0033947126675947467
0.059456901477384534,0.0308057268783474,0.02603954283665633,0.07878582198942792,0.04166232329551469,0.27736074160597884,0.0677110651637813,0.03252169305313773,0.3856561836997712
0.04396215365209007,0.03072347094349409,0.025258706523241397,0.28972819157215485,0.04462047582334472,0.14495505098547226,0.05945066985969921,0.03255320450372093,0.3287480761367825
0.23158346894332651,0.02621755101203814,0.16178893611526007,0.013204413436972538,0.06599925567733717,0.34595353885695523,0.0340873259648391,0.11521132773716536,0.00595418225610593
0.11022465336460818,0.16473608991591257,0.14598789683625443,0.07780427452634929,0.09074842892010702,0.15384031329257183,0.1067217828217795,0.05391893712853594,0.09601762319388114
0.21635955008071447,0.021672985646943546,0.03999498545257697,0.06303358813395026,0.0868562421339147,0.15886506245226026,0.06820633023515218,0.18670610827008818,0.15830514759439948
0.27341025113770684,0.060380001207733756,0.06957404374950797,0.021670585251809805,0.1401775240011509,0.0993710589678728,0.11243411102274614,0.12581797787790486,0.09716444678356691
0.10818615261824449,0.11716356018973134,0.040856606761078336,0.13713725408591554,0.07194418443948969,0.12282596123852618,0.13175280022904032,0.07351103166735301,0.19662244877062107
0.17781607521843354,0.11683235896570597,0.061486296440641554,0.08950329465703465,0.0926625204335104,0.04587651141476167,0.07302074185869563,0.04558850283788866,0.297213698173328
0.0653316603093959,0.15743054282117883,0.02998081606245943,0.14032601718650395,0.10616944661463773,0.1007751382481916,0.11887854264601266,0.12597591731137123,0.15513191880024868
0.13124678459467473,0.022977250472217603,0.06916106460148407,0.0690380053867739,0.07688315416109645,0.39669069268108936,0.07107041962906303,0.08221763532309617,0.08071499315050469
0.2698401712733108,0.011321320089331809,0.04022153565678626,0.3264695590499673,0.059546878259470665,0.1395509320970917,0.06497725419179536,0.08000201877066333,0.008070330611582776
0.27861302880538136,0.1539318686563941,0.04462821660314841,0.18326394592650286,0.052830062861074646,0.03741530556818592,0.10787992814183607,0.10308468377104907,0.03835295966642752
0.2822132336755054,0.11333622753638735,0.06933286026229225,0.02725639986604611,0.057201289261382064,0.21249456754518414,0.07703963774291381,0.1377771484560455,0.02334863565424337
0.2978491959023344,0.0853359439427095,0.09113470146064673,0.02860484589383373,0.052501153471275874,0.3258825298483364,0.061433050044832606,0.04678526233414273,0.01047331710188814
0.2434679471741902,0.027382292501160612,0.07651078925029237,0.04417055684843748,0.07514692242613097,0.44579157201860165,0.04911026049711406,0.026720138120840346,0.011699521163232274
0.10879263411040363,0.03861971436181816,0.14274112903827704,0.03218241489018064,0.050012315435650274,0.1998520790634115,0.058192606034718576,0.3481094581138005,0.021497648951739726
0.09607244599764718,0.10424604949519316,0.04300246628256119,0.021057139596185524,0.04113732457135896,0.1250998625407406,0.055898829565774834,0.018391910218562107,0.4950939717319764
0.14726242823572785,0.03687192036873751,0.07710815516351739,0.0057705860845740165,0.150384663197793,0.28101586258699196,0.0730257388123768,0.12923769752165568,0.09932294802862567
0.23803662304531956,0.2259999020595007,0.04505102366233485,0.08724699484925963,0.08505046024619185,0.17596161269948307,0.07058805326094565,0.060385343275777804,0.01167998690118685
0.28999569937415004,0.09351645693943143,0.21271908257705566,0.006768238226609887,0.04578301735571417,0.23554444893506563,0.034205432301016955,0.07678807886802398,0.004679545422932221
0.16534905322764284,0.17949588801287755,0.0752235915736937,0.07664308956196399,0.1572136315847775,0.036242342214063965,0.12836729873737462,0.12325619235760576,0.05820891273000012
0.1765003041732307,0.2552415607883537,0.0879961091441535,0.06738397328189587,0.07443411959275471,0.19141133156934487,0.05524916218690482,0.07382681144011544,0.01795662782324631
0.06484441147369269,0.0855472907577458,0.04912940410498234,0.10374446029145507,0.1668463800260083,0.1523742623714389,0.1247056610762599,0.11013490514511741,0.1426732247532996
0.21148025762441067,0.05494815595900776,0.040205177379443936,0.08160188053718091,0.03682453673104717,0.26546706984436336,0.07028651506692808,0.04563382727208532,0.19355257958553285
0.03426356104490531,0.4737914262134348,0.04243972459360967,0.13615284102149264,0.07518193742728473,0.04230810649905007,0.10202610563387733,0.025747008246260996,0.06808928932008446
0.2244677099526993,0.08934206330296875,0.06936908916686736,0.03846628279341855,0.12330871071742332,0.19688714574604138,0.08789226760563403,0.061467580923907646,0.10879914979103959
0.13554321544807207,0.04167758658438228,0.07145016180243356,0.01730855637074347,0.09091948444971833,0.09476074515834391,0.0722603725827726,0.3470514227523116,0.12902845485122216
0.21272568798158867,0.07114028421104653,0.04761717863877953,0.0270890141171158,0.0709521341278176,0.2776860724963957,0.08612325176247841,0.018754295423011647,0.18791208124176603
0.06652169961700359,0.11325807496626432,0.15772056565052495,0.06422340231552524,0.09303650793704438,0.22642377096249713,0.15733895174796003,0.07943037785278628,0.04204664895039406
0.09277547719502514,0.26003478250532214,0.05524805629987676,0.014387424872360022,0.06300224642395387,0.3464967464434939,0.06780145861866008,0.062231035730069946,0.038022771911238186
0.33962667073969094,0.01964339317540273,0.12284859617048181,0.0535767134776082,0.05077631525813947,0.284931011832297,0.03369212295519524,0.0824670335106358,0.012438142880548718
0.057045814377559595,0.0625763914540954,0.04812911671673562,0.05936087266550727,0.05256174889945797,0.30028731256964125,0.056553194710079,0.03631163490680773,0.32717391370011617
0.09846378487146684,0.02099193396740237,0.02843690116117928,0.053376648928760824,0.06644037406289914,0.13170943047771289,0.05764111338363073,0.01691809465144512,0.5260217184955028
0.14116506424706407,0.15425333385987172,0.06432099630447055,0.1133124257752096,0.07958513857449438,0.2201579564631337,0.07064232860678658,0.04891391281818653,0.10764884335078277
0.2106742860939066,0.03264600607633434,0.13325694646065775,0.00859398837816314,0.07437043661014969,0.3624530673626185,0.06300303013421259,0.10031439862300513,0.014687840260952245
0.2255745515845402,0.01725939657473566,0.06399202143460098,0.013173465763880223,0.07552530255241781,0.11050447400711692,0.07599310908693546,0.163985853891545,0.25399182510422774
0.21129483478471656,0.0344920275052456,0.06435244895766319,0.04842274931720888,0.05040662854930386,0.08301866819225094,0.049829596986900045,0.3132395313096714,0.14494351439703948
0.06325565635667575,0.31991306759795574,0.08040056675978029,0.02725894132799868,0.05756256446078156,0.21113111648033353,0.08147810827177338,0.036849162560141834,0.12215081618455936
0.27195257486840907,0.09449338011298276,0.07378516774467928,0.17549869249246766,0.10389312047880041,0.04095489746155696,0.15210021152393752,0.06528411059099577,0.02203784472617057
0.09847377808707124,0.031154372600282743,0.0712236511917085,0.1228822262515948,0.059600749184608774,0.37949905559072666,0.038168983966831486,0.09873458031100295,0.10026260281617279
0.054050201384318645,0.10555525216906458,0.05863423288464311,0.10232053041239926,0.10165098323809689,0.26919605207794267,0.09666422593097838,0.11068895175841327,0.10123957014414309
0.08981873602566014,0.0680541636651228,0.04537546944319154,0.03129131689110793,0.07688441319510457,0.13474433119005624,0.06483976976719767,0.06366973466590282,0.4253220651566563
0.19862724307389337,0.06929421018635375,0.05672202733075061,0.16387985039072403,0.04325466221031918,0.05773464036719994,0.10999592059572155,0.021770392786851205,0.27872105305818634
0.07504125986582305,0.0935466181027766,0.03344237701712339,0.04768095462119489,0.058296748936278925,0.061503959925110506,0.0683333619249505,0.04468346741553009,0.5174712521912119
0.17256275992973372,0.02505432348280744,0.057891986596942537,0.01692291558112675,0.03307652878907782,0.20760460646716275,0.06891264177246893,0.06870116864351407,0.34927306873716596
0.21596334646071016,0.08666478391825343,0.09722292867615893,0.1389092420393005,0.03978197923573853,0.2676107215480074,0.11909102351801974,0.03041534810510726,0.004340626498703996
0.10467573449970169,0.03522206085191343,0.038709251838645195,0.10605275480667402,0.1054445829813712,0.13900853018610523,0.0731214858870421,0.015139955408303221,0.3826256435402439
0.36968189527480383,0.04521566984520522,0.1643231313893077,0.02526692692013957,0.04803172448781436,0.21890800789398504,0.08036561527144724,0.031438365535772235,0.0167686633815249
0.22842463471222363,0.054897055533802086,0.10419902763402933,0.006546251166213328,0.05957062009309235,0.20664129396695308,0.03621297455353951,0.29741379967103404,0.0060943426691125865
0.13276250885756832,0.02303667944078733,0.10000757316301069,0.05582058879425426,0.08581787909640683,0.11961141353250004,0.09578315877746357,0.11641961454672085,0.2707405837912881
0.14650601346796402,0.23184505845141123,0.11193026606269858,0.008870230945244258,0.08295179939708262,0.23811935348502686,0.06315073691155779,0.10560889945595793,0.01101764182305673
0.12258386382198329,0.08313987758543263,0.0766933020226484,0.07052847755472859,0.06819915375820408,0.16935789383450328,0.07475250097111252,0.11725273024231203,0.21749220020907511
0.21300854615305387,0.07425964956390536,0.14394001489360062,0.26243315547757,0.045026409041650804,0.0775762116591508,0.11973279461859597,0.054211709385577435,0.009811509206895212
0.21417080223525634,0.05488494365294164,0.08326455703931118,0.03131890569258989,0.06828886209099466,0.40244045578115667,0.0649684243492059,0.053590708283095444,0.027072340875448173
0.24235960934912448,0.058823628941354435,0.18186270012651443,0.006449556688351118,0.05681793538058918,0.26119655457937974,0.0629686137683412,0.12650950235225208,0.003011898814093425
0.09361759077841536,0.10994385560658625,0.15565120397403134,0.2096187075013519,0.07465302449336765,0.05740303806797687,0.07736869753321947,0.13483676614856535,0.0869071158964858
0.07859988154818834,0.02866266943965243,0.046432505423025815,0.15740848914338437,0.05022482013300422,0.20801399462674267,0.05217236284887005,0.015104423495818706,0.36338085334131337
0.24726580910707815,0.02882303037847091,0.07945804194578955,0.13472032171380166,0.0523876333439795,0.2824028599226908,0.07328817610274646,0.07023258137754398,0.03142154610789896
0.21496410797678442,0.03770864493525012,0.1418873421356209,0.06918340916916672,0.09092578202342476,0.13381513855859842,0.07357026547635401,0.17615542728203923,0.06178988244276148
