0.12839535943295563,0.10237732293984185,0.05622779512434931,0.12151281553870148,0.12016243063386929,0.07550760274714413,0.0847371254105389,0.21808534033713944,0.09299420783545996
0.08427730693503183,0.09223729596240725,0.054658772331619365,0.06288123949822859,0.09633682230405795,0.07140645491935103,0.05375038805581613,0.3836878258402366,0.10076389415325125
0.13644430922009856,0.05828026957355626,0.07453983561048615,0.20406960466056182,0.11215882686496396,0.04998125494683453,0.11883401063083755,0.036211604643764876,0.20948028384889628
0.35701045333757836,0.15687318867338404,0.056996113269899985,0.029052470352252738,0.10681072026351439,0.057966149308223934,0.053393885690229716,0.05703169123397762,0.12486532787093918
0.10682813000616133,0.06410882722259713,0.01283691342566519,0.027424038872392694,0.10941699784516042,0.0789026910181515,0.06653661146270202,0.33502356916330905,0.19892222098386061
0.25474703101567736,0.10770249352772536,0.033818558204452065,0.0631060865146958,0.11648369851972017,0.07202456455078453,0.10689614963420964,0.10636862624140729,0.13885279179132784
0.39835780101067414,0.06961258372227666,0.03385265901256829,0.042870285744493086,0.11341684387641,0.05937065364018373,0.08519068203814582,0.11267670051369581,0.08465179044155242
0.12601954151056557,0.059632896007583404,0.14810392646522583,0.21030412451939254,0.09138699019464593,0.04953765424575055,0.07036216425817855,0.1218516881136436,0.12280101468501402
0.07292612107653529,0.07017889539431654,0.15351687582180873,0.10401328514167785,0.13245611633702412,0.09469148933181022,0.09385337948096861,0.10260802941025843,0.1757558080056002
0.03164976964845611,0.053750157584308206,0.020393988677521454,0.07775574991476887,0.09748339540868922,0.054710717885730155,0.05016426164387886,0.435673211940187,0.17841874729646015
0.15562647320195475,0.07230920806574999,0.02681628985637517,0.02748501324313789,0.09983163873801586,0.061307505594732914,0.29688499792994294,0.2078737868114182,0.05186508655867236
0.10938116299874945,0.1073836729904422,0.0720441464918532,0.07328587951427466,0.14136148370627452,0.08251154610615234,0.1711422423552649,0.1001728080258691,0.14271705781111962
0.0811233217115527,0.014743501235420675,0.0370894129500931,0.044715630274621276,0.07343793013686818,0.1565841581693859,0.2539821700209583,0.1706338001688292,0.16769007533227068
0.0960509493618214,0.1003919882971764,0.048563308473817283,0.09469793766312566,0.14758120711379638,0.07667334921810909,0.12083273656006736,0.10131365259813326,0.21389487071395322
0.2575040973156065,0.15430490055884993,0.057582423271424245,0.13835727768661096,0.12026118744339866,0.05256442926953258,0.071705673684019,0.07966183567065571,0.06805817509990238
0.31308831391342573,0.15492605962824094,0.0707561986059467,0.05750776310995623,0.12258562406258251,0.08206582249232675,0.08123631973199204,0.05110865234296776,0.06672524611256132
0.07200454375145333,0.09969636209645578,0.06578305415520676,0.22080357526555464,0.12708051617047014,0.08958506603025114,0.06578280893229936,0.09241583020381039,0.16684824339449836
0.14221133422489776,0.0996551149325719,0.048351095057501015,0.05410870734480016,0.12273764611778089,0.08135948313363024,0.05675210623578638,0.20383987623338282,0.19098463671964883
0.10190031101740131,0.17143984055156633,0.020455398038102684,0.05210003860671545,0.1160673388375666,0.07610755977441587,0.07838897551495208,0.2644758546158062,0.1190646830434735
0.22550739150571064,0.05599786669185932,0.12223421911887929,0.08731421239561389,0.0980016128942099,0.0648747730386295,0.1888022249299924,0.02641080758472869,0.13085689184037633
0.11778405963337162,0.032061472174507485,0.0051406893359181175,0.19688994882192934,0.11057950615393873,0.10493533764877426,0.0902606618467081,0.1705365832499404,0.17181174113491207
0.1438371803511975,0.09269963159589222,0.08999335886746714,0.07536072430483477,0.1038128430412093,0.16404124961248803,0.12956131173407903,0.041623396387455915,0.15907030410537615
0.14998697815390735,0.057140616224808406,0.06900275755611109,0.273804711117729,0.11588358138548982,0.06057184924123365,0.045774552646734766,0.0939832448852536,0.13385170878873232
0.27469761360804196,0.024677548236733127,0.09593680023687239,0.09761048842699294,0.07550705825417897,0.043865402368302664,0.10959882408632583,0.11370823421111804,0.16439803057143404
0.2339015663429919,0.03021879712491701,0.05366810429464767,0.10070188596751638,0.11422730223561676,0.129710362997313,0.1632119138711063,0.08051129482909698,0.09384877233679402
0.30064533354251227,0.09872245070427875,0.01851839281200207,0.0634533481995813,0.12451749928637222,0.056161409411527086,0.06320224661761747,0.09909695169446998,0.1756823677316388
0.03672013989039039,0.07031130499886402,0.042430759098262584,0.04162632297211056,0.10236314937145456,0.06507705533879682,0.07459929198053601,0.47525108612727207,0.091620890222313
0.23473115229716116,0.16843477161220685,0.020626768426969984,0.07318687177336654,0.12072221802897089,0.08770658344236616,0.06716114296070802,0.06916626607863047,0.15826422537961984
0.08332985406140257,0.07741185896362941,0.04004610420238832,0.06344219610003267,0.12363579338288745,0.0636988755899643,0.04669307958706228,0.31834862570224304,0.18339361241038996
0.14449522126995143,0.1305978859793929,0.030845443258172553,0.07288260711579136,0.12869549587366302,0.09971333603094623,0.10777822814862907,0.17510271518215714,0.1098890671412963
0.09780128953727947,0.15671594762985996,0.11853793340817338,0.08426920009716911,0.14568974733753612,0.09867836868477094,0.05717891956366733,0.07674846088244101,0.16438013285910266
0.09714276144078139,0.08538082287992797,0.044366618428150865,0.06461554798796419,0.08044135265183126,0.22630336069413706,0.19019919038772962,0.161236100456536,0.05031424507294153
0.24276728587003152,0.051324045000430495,0.17079825237179921,0.0644433712876351,0.11154078733181898,0.05962476290783383,0.0618539808402182,0.1216868322721576,0.1159606821180751
0.11947688464135335,0.11859377731789544,0.14289632993541737,0.14735055059044636,0.10030797437405875,0.0723882107121458,0.06765090668529218,0.14491742667618573,0.08641793906720506
0.0692623915678323,0.08794905732992163,0.023149474837855497,0.12861767001256574,0.08671565299785856,0.12961610066784213,0.15385742635438698,0.19406481915282683,0.12676740707891035
0.16959795506163053,0.09948890785288438,0.09031454502580376,0.09861800995857724,0.11207459208363613,0.07402805632849492,0.16687551299653713,0.10354273515831841,0.0854596855341175
0.18639068310451198,0.05847969325807686,0.04400352687946658,0.2035905932545817,0.12288077225283572,0.1315538800711399,0.11926315589455938,0.015450017602293633,0.11838767768253418
0.17818811522978883,0.04469929010940457,0.05096182886828451,0.15967387829384339,0.10249595510575511,0.06799609734736434,0.0700121527683744,0.14298144653257489,0.18299123574460996
0.2440595812645463,0.13228581716518653,0.09870833110709011,0.02648716109136866,0.13542645095641306,0.053094894397647675,0.07884264278465668,0.0623895065795416,0.16870561465354936
0.08111782701227767,0.19287171456593236,0.09766734219416083,0.11031310031161162,0.12927741274194063,0.06446115049920129,0.04952322665489611,0.21097369504057772,0.06379453097940184
0.2207657457593016,0.034984660194928664,0.06483439055275418,0.1807089013128801,0.08352341561550063,0.06024921325360566,0.06278238818274828,0.19303894395366025,0.09911234117462063
0.14278345472521004,0.0708622752135868,0.05016674384642735,0.2079949225083864,0.12840625816516457,0.06850656053097663,0.05466069514203085,0.2019161925722651,0.0747028972959524
0.05268014020401659,0.0757629443281702,0.06373935979724071,0.10483557136165962,0.11731266890789331,0.18565708570278183,0.10425933776648955,0.12994701174126325,0.16580588019048498
0.15295598232281912,0.09128934610322814,0.03128197984802918,0.10481836751872786,0.12787336710654382,0.08267787386749288,0.10592377220044726,0.17199905767597615,0.13118025335673553
0.16044125017186048,0.0751563858327504,0.07192809306716891,0.12046142392620611,0.09856497052459569,0.08105113228104659,0.12672725329890003,0.07910805991752734,0.18656143097994446
0.2178991919045313,0.08828761824351217,0.14268673570134785,0.0867202793556646,0.10038769442477428,0.048164187891817305,0.05957779360213245,0.1595250304715593,0.09675146840466069
0.18226958253809558,0.05426902429823615,0.07929626605506014,0.11724075941825197,0.10365054994026916,0.17214361220594274,0.10043406987345076,0.03043104635170586,0.16026508931898772
0.16589337781654392,0.0325117261686173,0.1421647711504379,0.22039316977130582,0.11474200730646185,0.04358410369312518,0.0503107581766474,0.0939405039945624,0.13645958192229823
0.2254465555167059,0.09480023640806161,0.06206459299414976,0.04191663132624277,0.13389661019171525,0.06089726428200195,0.06224898710839041,0.17680941698257654,0.14191970519015584
0.19885172049890423,0.0826946128566317,0.038519988156559874,0.1134006183993753,0.12470354724722497,0.09471041654667249,0.04867077802257822,0.13156286126155467,0.1668854570104985
0.11777689184958644,0.14091197535223987,0.28167538297278266,0.04209366250389135,0.1069606421354664,0.05411666241923846,0.12498393013041349,0.04036853416153826,0.09111231847484307
0.3618819867616813,0.06672634271285878,0.1311590759124699,0.059829861635460106,0.12620980214552818,0.0544995506945381,0.08353024883607085,0.04423042686706861,0.07193270443432413
0.12377898858467344,0.13806864497503987,0.02591044591370642,0.07898877424438216,0.1357309257513669,0.09197822667730465,0.07246777927980798,0.2722347633833287,0.060841451190389834
0.10551648557482812,0.11940424830957012,0.05107593830130164,0.08440903833696368,0.13080033920790293,0.18039083910967882,0.1051948589698864,0.051306485606407694,0.17190176658346054
0.08388290931301827,0.12222973425391788,0.019808552539864455,0.1503428045827454,0.09849320679033922,0.0442546363798487,0.10820538581657557,0.27260060392392904,0.10018216639976145
0.21836719701179208,0.023073825064648265,0.08475314005762306,0.05073987491860424,0.06892229432517444,0.04873834187771505,0.21077337908435254,0.23237892858081569,0.062253019079274635
0.08375724636917431,0.26488344655692503,0.09669370236866652,0.08678045695039804,0.08469333836889659,0.1666455291080768,0.06405279612716315,0.035536850980945243,0.11695663316975437
0.13101163781739125,0.15055319342896534,0.05354296459522648,0.06387335971196213,0.12398871934284648,0.06497706024551993,0.06266073863755064,0.2056673801056961,0.14372494611484168
0.25410546353919966,0.04975220990986562,0.030046291761814028,0.0761606920088117,0.10779955479354325,0.07637460185227264,0.24761633691810014,0.04483953733461477,0.11330531188177811
0.28045868918746314,0.18492792201659272,0.1916011013819484,0.07602665707357416,0.07768933347283558,0.0535130927083988,0.0548088227025641,0.012247938957953855,0.06872644249866937
0.12223572360357753,0.1308989092390935,0.05139240336049028,0.08454339277599554,0.1491298418751745,0.09142485718951303,0.2042165284771227,0.06497511138666143,0.10118323209237162
0.05427931832809143,0.06405474256926415,0.09165627190208943,0.07278737568863515,0.0846723959983929,0.2149546708374799,0.2102833584632313,0.12867818647915066,0.07863367973366503
0.03926014815619495,0.16989371796332142,0.1615774354204603,0.11390862208389324,0.12980289364706718,0.09534088698500948,0.12286647865102118,0.07936549564449207,0.08798432144854018
0.1670823978150986,0.07474383826823659,0.030915708960683366,0.27914706656978655,0.0934195531272503,0.1763834568262254,0.061366122941572586,0.03948659673934954,0.07745525875179692
0.12055458107523352,0.07000246543341802,0.09443497130751917,0.0597541658947685,0.10974648487629468,0.07970885441923246,0.08806462173392811,0.17346628427531297,0.20426757098429257
0.12256549447766703,0.07051532657671199,0.05701173654957003,0.12822602349160317,0.12322732586250407,0.19110324750407767,0.07630311869131771,0.07786794881702438,0.153179778029524
0.23854305681078758,0.15341051751768306,0.20435848534165188,0.05328562991186564,0.11694299960637435,0.03266441618099487,0.109445217634063,0.033174546485766655,0.05817513051081294
0.24415880416191463,0.04486378138745184,0.09430068047431239,0.24880175157115247,0.07101158284220387,0.090098090420694,0.10125145692877148,0.006339940744315156,0.0991739114691842
0.3197290463374611,0.10464262856404159,0.03595397389806898,0.029144725019208007,0.10435821211180413,0.08938445627421739,0.06971938765964679,0.18808561851811614,0.05898195161743588
0.211940272353886,0.09792402364714137,0.051709446680155625,0.06660419755943818,0.16235806834746522,0.12330328844289351,0.05475625151792516,0.05796114439702554,0.17344330705406952
0.2482724322481393,0.08426049888748725,0.03657696434620108,0.05604473923670022,0.1324513995584128,0.0840163822291994,0.07420170856088341,0.15941517177174205,0.1247607031612345
0.06627851026770105,0.1197778368727173,0.04419121182147723,0.08604127412881084,0.07859426852579317,0.24224130964387405,0.22389265625872598,0.07479649163416527,0.06418644084673512
0.05307382957674912,0.03702658662118961,0.023950421127467647,0.06028025456863295,0.09196819454631659,0.05440706642353912,0.1795184113539865,0.40457056784062706,0.09520466794149145
0.034630182734376215,0.05167185368963249,0.07646385600610289,0.057942995919875305,0.09629335101455533,0.05819605100451114,0.050199255318586024,0.4361002508112606,0.13850220350109996
0.16242023481338566,0.09995349999425789,0.16740044296435552,0.12801675020288705,0.10244022296795209,0.08670141408560399,0.12695105507142312,0.028727298075311613,0.09738908182482305
0.05903870174408125,0.06082570381364517,0.08234063261300557,0.03505634606397152,0.10589642903811135,0.07550978332416798,0.0990707736735859,0.34568849989771805,0.1365731298317133
0.14585829955823856,0.12411933234391638,0.2329342903546975,0.05170066141957339,0.12987364445815594,0.055439840565051024,0.11705963185991018,0.0538329267111777,0.08918137272927935
0.07233919109391644,0.04497597136743641,0.013444104088759297,0.11650154301190842,0.06997884684411414,0.22869131927750638,0.2706327541548718,0.02066205403219502,0.1627742161292922
0.1574110989539321,0.1139704380322808,0.033543857229998565,0.027120474499338198,0.08893422057218693,0.06199412513650817,0.07439281807956999,0.3251081690112784,0.11752479848490693
0.08777501231244506,0.11163819648907757,0.055146186495539956,0.12459378212307264,0.1369600313667305,0.08847302301467037,0.15286216736453243,0.08487993153932226,0.15767166929460927
0.12209005002248265,0.07650092458135997,0.04906119325939495,0.049100578238784214,0.12515596972498108,0.07719387306638324,0.09750038744678853,0.2519956360459424,0.15140138761388292
0.1538278577232369,0.028906648927886244,0.11359725602093075,0.008752040575980039,0.06464570643475247,0.05646802297967269,0.055872006042140175,0.40863174323565415,0.1092987180597466
0.24010463177961347,0.17852055266770986,0.045586052032518476,0.0775970316028992,0.1408010351817073,0.06482679291485637,0.07787766024122615,0.09306467596679059,0.08162156761267857
0.08490595337245584,0.19858229390244095,0.10560125277092652,0.09040488273337315,0.11620646826546556,0.09447419000099155,0.16559227352809572,0.039393348791697515,0.10483933663455325
0.10543034650095061,0.10140863111024934,0.16014071512035313,0.17060776505526465,0.1275639060825853,0.05859939858122545,0.1191031869279815,0.0441209933331572,0.11302505728823282
0.12508550054839374,0.050376447094795794,0.11959121595327098,0.25457212041764654,0.11326668548030966,0.048327165418693224,0.12961353111541332,0.008322321536327516,0.15084501243514917
0.17941624621019803,0.07839541846556645,0.16094192586611347,0.14785278764429471,0.08224011041941431,0.06237356534147514,0.14239338734860194,0.011346238400019632,0.13504032030431642
0.1951972818667925,0.11964472238956153,0.04206602679695018,0.021837478781504396,0.14025363711575226,0.060871812550822545,0.04332388251975505,0.20651287540770205,0.17029228257115955
0.16779489616693022,0.059867798424095064,0.031654456958093886,0.09725235498373974,0.08775784003760427,0.1324694320580661,0.1870717952996658,0.04614262464157622,0.1899888014302286
0.11735335140777635,0.11862022085111056,0.12066335378657894,0.05563979907774027,0.10068984665892595,0.13872943180379552,0.15277199221206073,0.03926026157736906,0.15627174262464258
0.07207016177422795,0.08063928615808491,0.13186938886018065,0.1822447284373545,0.1244127247869149,0.0753981762868625,0.11846265817135308,0.03383137403251831,0.18107150149250317
0.10831336916642853,0.08277554504577657,0.025329257057067442,0.16529628654476497,0.11355822720188534,0.08090780745665561,0.06926016349330326,0.15892012993636842,0.19563921409774995
0.0893940798557567,0.06954745487548826,0.02965237568670775,0.17970821221567793,0.1112191442440147,0.06199739963812146,0.2286909121750971,0.08252253195470653,0.1472678893544296
0.15162590542457505,0.05734765028302485,0.1325158290152084,0.03709475107951077,0.0848085186673448,0.08997757341533252,0.2738062931546561,0.011593539538521042,0.1612299394218265
0.13607341441969747,0.0799703088510877,0.06538215769772708,0.11093327278657088,0.1309470784734126,0.14013383625138895,0.09297801933645015,0.146879304132949,0.09670260805071619
0.2662401291402414,0.0925243005391607,0.16148002556485785,0.04700141281823391,0.08789697528736569,0.05437495762769423,0.051239492897371064,0.12297979231763206,0.11626291380744298
0.2706549096901212,0.11950168570586249,0.11958316172640782,0.11617009376799996,0.10836759057496198,0.07045275725335443,0.06763657755388129,0.06043811040616617,0.06719511332124475
0.26450093072094066,0.059387223970274745,0.1017486179282706,0.01345577960195772,0.08928412379360706,0.08719934892128726,0.19123175213689403,0.11187785504059089,0.081314367886177
0.22619742768864282,0.05161634408723347,0.05913192226398265,0.10083024044189347,0.08495764979123825,0.048318281675222174,0.13650188865340954,0.22768841992169364,0.064757825476684
0.03937223820299088,0.107376237474805,0.05679682041092741,0.12668488193993688,0.07467368175733008,0.1773564596765974,0.28662266077391735,0.046185912298108284,0.08493110746538675
0.11717649257759588,0.1318102765390322,0.05074345372506452,0.12470665108813678,0.12579707531429143,0.09883682945583151,0.08679855311278062,0.1416015771209719,0.1225290910662951
0.09062808370777721,0.10529697794268222,0.056676699490657616,0.08006956768563184,0.13423775769879745,0.06812883797332665,0.10757186607791341,0.08122170338246691,0.27616850604074666
0.0659582829604189,0.07679144636594884,0.05552188487477929,0.08036349660789978,0.11562413239060255,0.06419283097310946,0.08499124003473223,0.31896847012828433,0.1375882156642246
0.308663918130429,0.054428363125006686,0.06088111927652323,0.07942848139900459,0.11229868820951515,0.06262176326421752,0.09723583344036718,0.041629400569438646,0.18281243258549798
0.10089317527371443,0.16258248571731115,0.03624863855402597,0.16613556115206274,0.09579843729295219,0.07585371435178861,0.16227196014641193,0.05388778437769346,0.1463282431340395
0.22544514364414503,0.07001538088912318,0.11909600624271932,0.10512353103340878,0.10547388019147015,0.05040049092910004,0.1055371680799842,0.15134734853674064,0.06756105045330867
0.04429460016471657,0.05576785394716225,0.135769507712406,0.035195007576134744,0.10627668066705977,0.074208112866876,0.062269947046246055,0.3097972141998601,0.17642107581953856
0.14411411755831985,0.03358832161482119,0.08367330451602277,0.35870159092452236,0.10949882949979874,0.05776104747551039,0.0691991020341499,0.04008239422503049,0.1033812921518244
0.15467406142014395,0.04565110624872928,0.10988425933053703,0.34551042061959847,0.08952734440715863,0.06687583833296977,0.08085266315799233,0.017314765800724958,0.08970954068214554
0.13402294527197678,0.06326489049657079,0.03824202127373771,0.03603407751793137,0.12862064876909127,0.06306010456910517,0.14822712161715848,0.19990408313139366,0.18862410735303478
0.1086010415966409,0.04769210735120047,0.36146389831919734,0.06718747537613003,0.11869358459580202,0.04719776088124758,0.11295907716043302,0.07614735272110447,0.06005770199824404
0.3501816558647868,0.14781381488628792,0.12554061828522617,0.028170965041085797,0.1207205435978902,0.05965786106018941,0.048831628762033376,0.04857896110506926,0.07050395139743103
0.20881755288243428,0.09699715988915845,0.019943990412774944,0.0403438468556159,0.11516430965289211,0.06145953467035725,0.04248558499406304,0.2149763598431188,0.1998116607995852
0.24953466177073472,0.22950917315763095,0.04897500340401678,0.07313729843923852,0.08717695449344241,0.132592408628247,0.11517385480245525,0.02360684188725319,0.04029380341698128
0.15417588872091834,0.046201537489774784,0.07261440879117613,0.27713664936863275,0.08314859498116671,0.047101931214133565,0.04348464303241493,0.07084015712618973,0.20529618927559312
0.2581125050285886,0.09312217050663464,0.06115899028736985,0.0634184860287433,0.1262907253054577,0.059229410168309904,0.13927830013360273,0.13047938726393518,0.06891002527735808
0.25255438428549987,0.11827029247918996,0.05757295176406516,0.05940559873613555,0.1135378050995507,0.08829077391311313,0.06496939087512286,0.02488774364482113,0.22051105920250155
0.09125089919949336,0.09074588012322904,0.03920592765583273,0.10536687560899445,0.13408744088385424,0.0789929365133435,0.0713154877207994,0.2234390558797115,0.16559549641474175
0.12067806329432756,0.06594592419669582,0.04998549787702528,0.05863406810612165,0.06370074000378463,0.26779439922383147,0.22627939331399985,0.056891600080656864,0.09009031390355686
0.11003325700147719,0.08072102363668947,0.06430308337422398,0.064160247181149,0.1002527928202102,0.0588925421815068,0.07241349486008858,0.3191951326463957,0.1300284262982591
0.07212051581164003,0.1586215796481406,0.014386790621630527,0.19948634303642546,0.12708993691590506,0.0636832815144297,0.07719753696891923,0.14941820633989977,0.13799580914300963
0.12298140501921363,0.28057394396518803,0.02418019967907939,0.11013288036890374,0.08851591733905079,0.13584692203438667,0.14645089389698085,0.026725322956978135,0.06459251474021885
0.3060723590674607,0.05881242216072225,0.11912217760148751,0.07860751743689863,0.10823844341053646,0.043163589988513,0.16310564055735866,0.08321329848061687,0.03966455129640597
0.10256282881177621,0.07385063934430446,0.05755381101085406,0.04769910330700052,0.13502462887937805,0.13458355932246424,0.0886644977483051,0.15787249571746154,0.2021884358584559
0.1218134469201662,0.06456537989920808,0.14452843322009598,0.08952768699118041,0.11038492806578927,0.08923659441719041,0.0867745847002217,0.11796326547322454,0.17520568031292347
0.13490314440750506,0.07389498618261493,0.03874834518410857,0.06624755125569042,0.1388634936748965,0.05744101243762285,0.22282516791767884,0.11301565504412825,0.1540606438957545
0.06687192313623115,0.08933661855185954,0.13923204917228163,0.09754897500704933,0.10368431552165965,0.2417284870162244,0.11576835879639073,0.041941185051557445,0.10388808774674609
0.2910247472217978,0.04371354659527987,0.0515472986115045,0.1658121074590462,0.1097608171914089,0.059563296993462744,0.05993431105163089,0.08232231567518623,0.13632155920068284
0.30810834462484543,0.14086450776937776,0.03960953527198891,0.04168025926485474,0.10150086296139432,0.05949643574526506,0.05721594620748834,0.19009926909045138,0.06142483906433408
0.3011430759660432,0.05587914807210884,0.08909838763434857,0.06552342166186347,0.0743592487643565,0.07184380760731753,0.0684165338008345,0.10586160422095164,0.16787477227217565
0.06183239356278434,0.06097123638739083,0.10506494912521645,0.06944768978348421,0.12754908747371016,0.1245609915346741,0.262957671889616,0.08858858127253345,0.0990273989705905
0.07132593093429475,0.13938444696022975,0.16075825768104346,0.116223729085151,0.13783905995345366,0.10526276577264138,0.10193613450822987,0.07187401458275652,0.09539566052219957
0.16096575619969333,0.12400168399142981,0.1685516106145302,0.027806390853102558,0.10955538271818831,0.06789405888978985,0.09523595524321261,0.16406023671872663,0.08192892477132668
0.1643315078830239,0.06726948864484271,0.24570177408153396,0.026176496912262013,0.09424296570419076,0.06175993068960469,0.042083006471129676,0.20002540305622551,0.09840942655718672
0.08433133391301045,0.0791267166885809,0.051493397087677244,0.06931861197735871,0.11409372228499254,0.11699056916961599,0.19601971547864097,0.05679499356132293,0.2318309398388003
0.19159707400720627,0.05353369481142405,0.10929377347682889,0.1266723055473964,0.09570528475212203,0.049220776194479655,0.042826512736136656,0.264105155141887,0.06704542333251913
0.21247440597935352,0.06533091536534122,0.2791232432339828,0.0830787717896422,0.08376776444169463,0.09142613202147382,0.09293935124449804,0.023803978159312705,0.06805543776470113
0.04071132103848366,0.05165884604727536,0.01531794719592934,0.12073192217793564,0.10588699881487192,0.06405840494309745,0.059498991441076676,0.40272436765604874,0.13941120068528134
0.18255223827926967,0.07473446329711507,0.0612585949933247,0.29331107142925444,0.1014337272699272,0.05071116078715923,0.09097859808971283,0.08248507587704476,0.06253506997719215
0.1529378573547292,0.048897413001859034,0.04464900958592222,0.17361397061839234,0.13874810038028318,0.08181422698406553,0.08023485220027986,0.1154229475606406,0.16368162231382802
0.18330094794135207,0.054298726292464905,0.042522012581951214,0.1000185131527694,0.09371296695511133,0.05927828168111995,0.1063949374556606,0.20713674101230053,0.15333687292727002
0.06840795305665283,0.08822406350504969,0.06852965692024976,0.2190299771971941,0.11733627199251566,0.2294168396043986,0.04893241584584987,0.0720935719028254,0.08802924997526418
0.2826544717342178,0.058746705816332255,0.10862227943087961,0.24957549941689208,0.10484570376533468,0.0575679956873655,0.05344364885770455,0.007312854590753309,0.0772308407005202
0.05146970991506746,0.03861587538990505,0.23592053263504084,0.02720630705667976,0.0891180813827771,0.09931023621862574,0.16851583548650603,0.14105162696973528,0.14879179494566278
0.07461883401513648,0.18533598627944783,0.09023606124156007,0.04980908323009747,0.12047869307499522,0.15017734474670175,0.09772390508702093,0.13523465701129567,0.09638543531374451
0.1803861832101449,0.03377646400196634,0.040819067659247095,0.07070619121604123,0.07395599491725528,0.04237177339410123,0.2128027154222273,0.2015632064994917,0.14361840367952486
0.05697858891907761,0.054336802950574005,0.02297037754249227,0.07695698262583604,0.12839444090891064,0.06400996557813364,0.15599957750956905,0.28268631727826316,0.15766694668714357
0.18796384499848418,0.05893426101728986,0.11556047837340044,0.23157927923372448,0.11227683495371094,0.06008087384931184,0.05450553017004726,0.011653072561301431,0.1674458248427296
0.16290011252517456,0.20726764540529474,0.0915876547123443,0.0779575787629012,0.10560213518512314,0.11679762324085476,0.09115773124663067,0.10020945286352397,0.04652006605815275
0.085244044099682,0.05150825880749415,0.041070289629316664,0.3288821642306171,0.09550195954262873,0.07443488858654151,0.10691678391996413,0.15625377897686363,0.060187832206892077
0.1445226283479697,0.03974278553719029,0.06016435856161062,0.21931697507890002,0.08495695180522893,0.07370025515993438,0.08297845697419183,0.18802293104000467,0.10659465749496956
0.1712617670118661,0.08353507530752369,0.03690101485494135,0.1496745353713607,0.13243525140662776,0.08056583606858249,0.07179202204330982,0.10115147291775417,0.1726830250180339
0.03989409411194303,0.07482707930433517,0.1551998614734054,0.10066583768430132,0.12409115751703703,0.07080034019612715,0.10150248452719311,0.23019199386086145,0.10282715132479629
0.08717965800800999,0.25424937508395135,0.02608685504485535,0.10149154662795606,0.11309118579551054,0.07649458178746255,0.072433156447473,0.14792574469840272,0.12104789650637848
0.0574845441630546,0.11206056004535857,0.08822307212956766,0.2821663695952688,0.10528534969800646,0.07258890396333195,0.08176524160080782,0.048229021430294915,0.15219693737430912
0.08436677955330385,0.04800243997790471,0.10105717214864979,0.052058615409503635,0.11570825183045531,0.13560145349627042,0.21297625995466052,0.08566567146190769,0.164563356167344
0.12035198553782844,0.08307184231970795,0.05963771374218679,0.07767575325074298,0.09592778276632773,0.07686126886843725,0.21079549471678907,0.21270865907753064,0.0629694997204492
0.07836848469664966,0.08633397312536521,0.07616124518461387,0.03351036393967089,0.11083617307624212,0.07339538135312128,0.09966634546303017,0.2621755261704988,0.17955250699080794
0.17746977256924948,0.03194124093582989,0.29492782152725916,0.1190089638104002,0.09169429431791383,0.054830336264536435,0.061451715390511454,0.1088725052882491,0.05980334989605046
0.2038626850636247,0.10280682150109412,0.1506448555663192,0.09276882775219171,0.08414970914565616,0.11432804310205752,0.08290946035275544,0.01665826065397892,0.15187133686232235
0.14465701885204674,0.08245907295923384,0.031282295144808125,0.11720000229683804,0.11573200579532777,0.06379831053008574,0.06168013855519757,0.2116626710942886,0.17152848477217353
0.12247368513297023,0.2987324449997038,0.0802344612603136,0.07231778387390646,0.1367113852122475,0.08106776943790255,0.061970687418910535,0.06840578765234694,0.0780859950116984
0.13079292874525786,0.031695810400560256,0.20510629331000355,0.19362988099040276,0.09326570435755495,0.05296444760835154,0.050980665871027064,0.03429573549567863,0.20726853322116337
0.26766736349152004,0.06396965881768316,0.07686611515272766,0.04674385408275477,0.11720572001172254,0.05272612263035056,0.08849117513807926,0.07291244699917143,0.2134175436759906
0.12882029007296822,0.09389597139678874,0.04543867186495717,0.13831316729617724,0.0827601167394626,0.13187667349988189,0.22079818036496643,0.07418497922392434,0.08391194954087343
0.27500667405558327,0.08706173506328768,0.13981705751476534,0.0620179873110058,0.13448177845219358,0.05674764216977248,0.06976132344755175,0.0861643274415367,0.08894147454430339
0.15534076349734502,0.12256071105516118,0.06867729552469841,0.047515426198852385,0.11503121940221071,0.11458166586333467,0.1848847665929333,0.06569951768860831,0.1257086341768561
0.22755849892475788,0.11018909757779488,0.10180424974286124,0.0751240011995379,0.11422092316147282,0.06929431424164628,0.1032574492529414,0.027020264622783452,0.17153120127620416
0.15175343636504393,0.08714951200614539,0.06302088358955958,0.03203402766604175,0.1186803767104398,0.08680194725164907,0.10141041401398387,0.05214708120948642,0.30700232118765025
0.08356200703375048,0.06315406730974821,0.06540754053696143,0.06646413663679641,0.11849292503870013,0.08376902769823587,0.09398677879064184,0.2560390683215379,0.16912444863362774
0.1280323148030591,0.0789855196834922,0.05614001363034623,0.2052756053906779,0.14316143663610023,0.07300149143535518,0.1287385945718997,0.13151320482891235,0.05515181902015704
0.03282114848423992,0.04210042597032911,0.1867071966411601,0.12719717226207525,0.11837442215887362,0.23302344314614531,0.06523308626747928,0.10226789327477488,0.09227521179492255
0.15258270631795856,0.05785825453046861,0.27688349874214546,0.09477901280610412,0.11649977074714658,0.044793450763711974,0.15175993879713753,0.04071051394449534,0.06413285335083178
0.3016070911206033,0.09136930456586494,0.06833209441263291,0.031170352516194762,0.09929604320853132,0.04784123391538545,0.057299307740465405,0.20230103304595404,0.10078353947436784
0.13403932441402813,0.04771777896783606,0.1030013150713377,0.029909013053299443,0.08227811750664307,0.10727840763938101,0.333329700283182,0.06515459300778477,0.09729175005650775
0.03744086331178657,0.03280502814023128,0.2177413821794428,0.16493388792646832,0.0924924705257681,0.07819399106452558,0.2058590816373275,0.019554161122727464,0.1509791340917223
0.20071772820532097,0.04532484871887963,0.0666887156161679,0.32395770726512957,0.09621765622784995,0.04681355100508778,0.03747749347921142,0.03511563680375943,0.1476866626785934
0.1494120430680769,0.06308943613568173,0.1416164225265462,0.0663380329988994,0.12056291960631273,0.10888164411818667,0.08273067707937791,0.08607176784196006,0.1812970566249584
0.0879099920885325,0.14379795009939472,0.04238235023965229,0.07994913774943074,0.12908351970058046,0.07889673016979541,0.09981399059725417,0.22131422007684498,0.11685210927851464
0.09994286627350331,0.07853938456355417,0.03601737599411925,0.04724590079145407,0.10037263885279409,0.05400575386769174,0.1634779122668144,0.33507216388407346,0.08532600350599555
0.06183580479142209,0.06713051569117166,0.10539009036637097,0.17487258861457797,0.13800295250754582,0.1126902664012112,0.10439969437888531,0.07870051422981214,0.15697757301900286
0.07983467377701513,0.061831272405042124,0.1737794027638417,0.09043388437239164,0.12630053593700072,0.08684285596850098,0.14132927093363115,0.1391036006911858,0.1005445031513908
0.073086753007154,0.08000700115794566,0.03539021777537484,0.06377716904274759,0.1283440933473102,0.10256439812589828,0.1019982057616422,0.15233446730768221,0.262497694474245
0.07007042309445095,0.12817402541914516,0.03789228958552731,0.11486736473765151,0.1267079259019729,0.08114074369991348,0.08749402426269753,0.204253804433959,0.14939939886468215
0.029389071379742962,0.09103654606134585,0.06322034497334249,0.13058649084846655,0.08744963011898717,0.1545703737178733,0.1557849919131337,0.23157063473875725,0.056391916248350694
0.10259388324588016,0.2050504431512602,0.023812640762318052,0.22801618380167774,0.10443596139657912,0.05729355903568323,0.0909715945629519,0.0753384300785904,0.11248730396505928
0.11447571545395517,0.05563422645133561,0.16997102849749537,0.06533749125666076,0.1392613115084323,0.08473017436615504,0.09128696739062693,0.16974120519839309,0.10956187987694577
0.241918541583678,0.03480255305603586,0.04878990516723344,0.01909420263759341,0.07368730552593712,0.23778262917611678,0.27313306368445084,0.003492465841842056,0.06729933332711252
0.25458453908225764,0.05255438720630331,0.07249409932171184,0.09298110552739393,0.11498728215619841,0.1005745028272646,0.07940060014520094,0.09296671527256561,0.13945676846110378
0.10872322312866543,0.0479611174093652,0.04775805721313784,0.15739344606916694,0.08606543291070358,0.061810145068060485,0.05273159199071906,0.35792187282879095,0.07963511338139051
0.15602063892342688,0.07531960938781618,0.056915314305597986,0.07410520104263542,0.10469434230670827,0.07820556303834063,0.23338068756317717,0.03627290596730443,0.18508573746499302
0.23989204318443078,0.07596867277915241,0.14890288197627496,0.05688423616423757,0.08652432248000734,0.06658096032592674,0.1665325998744092,0.05209843285208454,0.10661585036347655
0.0891999780367043,0.05485172612108521,0.061855307832492,0.129011413761928,0.09184511135260527,0.08814535558751997,0.3160684795686903,0.07614022586978408,0.09288240186919099
0.1353001724716679,0.13609284608294545,0.07018306431955489,0.1875581895054684,0.1464740725288977,0.08944407903572078,0.07839974272425913,0.060531477042535475,0.09601635628895043
0.1879976941080864,0.058648726072083185,0.19087371256193067,0.03919971229899208,0.11312703424177532,0.0627577112207049,0.0657854202231578,0.11919996221548261,0.16241002705778704
0.030731224633968324,0.10610650686785673,0.03520557892811261,0.06464030978756047,0.10077824327641773,0.15657524422172187,0.2803601891188065,0.027441872548972856,0.19816083061658282
0.2065656062192837,0.21097093181547574,0.07952062221333735,0.03825746070696351,0.1093523270019534,0.09279781628550925,0.06239116374527854,0.1290769179163135,0.07106715409588496
0.11298228049518977,0.10301416504842416,0.14932153367392223,0.16749733276881207,0.09746268516772423,0.20401002442195235,0.07115669489355288,0.024135944499390855,0.07041933903103144
0.07658634457961475,0.027807512075076243,0.08097702414511791,0.17631761689131728,0.07195319485057156,0.1744121839284755,0.06891508003138108,0.19214103722463846,0.13089000627380717
0.23137489798834485,0.0646032566076438,0.2933460088883583,0.020455244142016587,0.0978358793291742,0.03642715638224552,0.04728325949911615,0.14629611705757978,0.062378180105520875
0.2114622903292657,0.13192156448400524,0.14206673155295466,0.10220309898733977,0.12225289321961945,0.07648240380034706,0.062034247991622736,0.03751488190830527,0.11406188772654012
0.03225969823945822,0.08185358455125893,0.047239672487408575,0.12058204975740572,0.12143902826139481,0.08635025589770451,0.10751243017872979,0.19682085111883454,0.20594242950780486
0.07024044998232212,0.06133193643611423,0.03705581415671609,0.09111944771611334,0.10017040647111027,0.0580110587767011,0.1452512751280565,0.30984612215529567,0.1269734891775707
0.15763829273360472,0.04740388049176677,0.08491607750172937,0.18016927814695616,0.12460156383431419,0.0516641529919768,0.07395244221509485,0.13634650497004486,0.14330780711451233
0.1901335543705357,0.06495198049966679,0.3275815057873923,0.11140745876246101,0.08394914586111167,0.051480476277035746,0.040656245116382606,0.029303416602619037,0.10053621672279522
0.1207317566029481,0.09645178273147326,0.16933857498961505,0.14491206587937314,0.12243014472831297,0.0753342682089173,0.0856926000489056,0.012102295285878797,0.17300651152457577
0.20808174206107388,0.05376613077108295,0.08032098448903612,0.15078318823628814,0.13601307568156087,0.05745160069184461,0.05509190733494806,0.06983725704349515,0.1886541136906702
0.2584647097812742,0.03251553340448456,0.0356011137027941,0.3244949563407432,0.09506432709543572,0.058482536151858916,0.04206560528303877,0.019158836086579274,0.13415238215379122
0.1012807316701088,0.13220886754286373,0.15424923977146407,0.08448608113487731,0.06339096542038784,0.15271914456371224,0.2587573053231242,0.011992569816372435,0.04091509475708934
0.17117098850934012,0.03795227431808502,0.1731445135817368,0.23869104984480705,0.09931615149887983,0.08537050938899045,0.053566628244724655,0.046851812278967925,0.09393607233446814
0.07728947100678589,0.05044171095386884,0.0712388137601118,0.05882879883165817,0.11768507508390018,0.07021327205802917,0.14939616269320596,0.22619147013084814,0.17871522548159188
