0.02773093855319167,0.09819425803158033,0.10557259039406515,0.046069105463466126,0.12594251388554897,0.149918610705988,0.17824923368660664,0.18048790948920412,0.08783483979034899
0.07084532813721721,0.07575878951171611,0.10930746994564866,0.2289291726734772,0.09313963501276339,0.05635525921375942,0.04800502626938736,0.07705506262858468,0.24060425660744608
0.08266503368113874,0.1075522332030776,0.11449270723356124,0.11508112332386787,0.1282333486719729,0.09337949572368189,0.10775991402902142,0.16051651889549498,0.09031962523818343
0.2162144516042769,0.0476144469479135,0.10933171989411128,0.11777581801822656,0.10833800472859888,0.0703157073412225,0.09696381036088449,0.09346526874567178,0.1399807723590941
0.07186037545679745,0.06235428659088002,0.08433038579840672,0.18038715515421375,0.10932670533405582,0.08768309316545177,0.20244443383932545,0.05569521972767577,0.14591834493319325
0.14393663039036178,0.09257127306811341,0.12416593311794072,0.1543186497248763,0.11051797912025303,0.1439454971665736,0.10797445853766192,0.052604950313390464,0.0699646285608287
0.08456232346457788,0.12147192350251886,0.16322588618970504,0.06542300076942921,0.11440464249517994,0.0960576051694475,0.10011960249700229,0.09292652697050201,0.16180848894163732
0.16643782185745756,0.1260385633993416,0.10227370872112579,0.12810983426760938,0.10327030202168413,0.11488299409550345,0.06901404419871139,0.11910220013918182,0.07087053129938485
0.12840176298552977,0.09623501502522931,0.12101846718150831,0.06738221345282419,0.1078321430721265,0.0954236650225921,0.14366230378942138,0.08170860904541456,0.15833582042535385
0.07130460972781434,0.33312955697381524,0.09024186226167663,0.05659112371126285,0.11319363825379279,0.1611192511042774,0.07470309330274923,0.06731114822237837,0.03240571644223323
0.045469892653532185,0.05603302605582209,0.13862448621861817,0.0810558488030443,0.08884828235587855,0.08962115173374764,0.13620384486801043,0.20605394143732,0.15808952587402672
0.050675940006940014,0.05798716597231022,0.1307364298024226,0.1343405475151893,0.1252503770726772,0.085778518142703,0.1785383941929999,0.07553993069663913,0.1611526965981185
0.04849349091490881,0.21396939065001722,0.1287934272695311,0.09678142552381604,0.09573507173852835,0.06367121827157964,0.08984372638551032,0.1624910632162678,0.10022118602984072
0.04826921418669017,0.12884487361094646,0.12122421040138415,0.3272582251949266,0.11228596291218064,0.06866439179754326,0.10275212948031237,0.03248853409847103,0.058212458317545235
0.058595699009550285,0.03626270659733647,0.111569378280979,0.11605723201604097,0.10532312411870333,0.08638378796043146,0.07489114986633894,0.303246152207747,0.10767076994287246
0.12859299303966895,0.09722714498286585,0.14673404202572257,0.09336813069960485,0.13794008379665715,0.13467979757783433,0.09499773008367668,0.07823809829765932,0.08822197949631028
0.058173901971794374,0.0724566231434517,0.09755342560310461,0.09569000168943975,0.12078638052408157,0.08797741489728249,0.1675218633541653,0.1950668618686476,0.10477352694803266
0.050694307209753674,0.05633875410822539,0.09469407407181667,0.0719476741485362,0.12725969680263013,0.26512213478809893,0.100738350509606,0.10124360478309857,0.13196140357823447
0.12590690252996983,0.023766782629259645,0.1306749105139838,0.0733001438274406,0.1342086382769472,0.07939177316676715,0.11730071730521309,0.20876258371638223,0.10668754803403646
0.0867875353506819,0.07662097746985523,0.13953961944210955,0.052201962314176474,0.1318183237028493,0.09601629625032866,0.17761643747102754,0.07996679019340665,0.15943205780556474
0.05039719591721836,0.026632653463182457,0.09677803513283117,0.3904189297133676,0.10771217109136368,0.12837698913006745,0.09016396291993205,0.04792899919751986,0.06159106343451725
0.08630199477591605,0.029863870390882518,0.1045043261886842,0.05917552849331708,0.12434836464709408,0.21292275727680865,0.1293263442092918,0.1053734830649365,0.1481833309530691
0.1286008657699598,0.08069559215041511,0.09914503276114378,0.19478697370704223,0.11637947802963976,0.057882086487179844,0.10404905541336347,0.046496311681838536,0.17196460399941751
0.1308818662701282,0.06372457676365724,0.09794757017506685,0.26727495993004535,0.09970181353196221,0.09201261485020507,0.11993291413377509,0.017616519792791982,0.11090716455236793
0.015213333554303777,0.055668206952038814,0.10269397915099683,0.2946840634387687,0.1198349418774413,0.19600952295375354,0.07699690962215398,0.031630593712245,0.1072684487382981
0.23861149727976894,0.04369789108792709,0.14608603464553185,0.06415093391900535,0.11590245004083188,0.08126659999267354,0.08131703813082308,0.15857240453843943,0.07039515036499884
0.0524994418353835,0.07555977426185188,0.11534394110766676,0.19391977379144068,0.11302800165177075,0.08996773510500346,0.07642948617217221,0.1682319717910574,0.11501987428365334
0.10687493034136016,0.017772661088070407,0.0969197255067034,0.17975630972015988,0.1027011437474123,0.05861005754715748,0.06479670009862255,0.10452015634512246,0.2680483156053913
0.03980041375750834,0.11623784377767106,0.16439665132737583,0.1447627130825761,0.11973470339611104,0.0853526315440273,0.15107762086378312,0.1313606724503448,0.04727674980060237
0.17932590038108168,0.08505615178222185,0.13019589580106541,0.0842428005635076,0.11021295781911446,0.1245497097482282,0.06509413993367329,0.09553061398966041,0.12579182998144708
0.07133267871710645,0.027615429909551834,0.10567728826862806,0.11114976133522254,0.10634262053688558,0.06604227465422922,0.3576237392122475,0.06152041224591525,0.09269579512021353
0.03964504193776853,0.045998822744774646,0.1234967876311106,0.13595619462688727,0.11035382252689857,0.06444894073933741,0.11298698026567856,0.2662565732995095,0.10085683622803499
0.12991095083243775,0.1743531468451909,0.14686113286085248,0.05976487037696187,0.12663542880180026,0.08473157988067766,0.08674689259643237,0.11434047894995507,0.07665551885569166
0.07874886126474369,0.09420038575711598,0.10586187254003998,0.14853157352986127,0.1152019283153864,0.07511276267268484,0.09590221582285352,0.15811787036787892,0.1283225297294354
0.13318087497401412,0.04520284652741199,0.13347367217292416,0.07877442218911561,0.11545962995033486,0.08365226023486903,0.10314743705013056,0.19864936619504583,0.10845949070615392
0.05742989851814117,0.01897770038835591,0.08953464391001233,0.054625391895897484,0.11645499524725096,0.15102843574092845,0.11275203931874063,0.13792741270230854,0.26126948227836455
0.09028259950316427,0.06875283231611042,0.1165730898211047,0.09329977774108306,0.12221480440671557,0.06880671295968283,0.10006714021671605,0.0953030558001643,0.24469998723525876
0.17056111718915004,0.11475048077592463,0.11816868427400162,0.12153871787689845,0.0823343290950171,0.11111383590161698,0.12026556882244732,0.12173967661240422,0.03952758945253961
