0.01485941951707459,0.1462807973148511,0.07087117595275765,0.175787950622019,0.10280419720039792,0.0878871841199053,0.10792919911098993,0.09963696431659856,0.193943111845406
0.12279566901390328,0.12286133502358876,0.09476062366728877,0.06908021340913982,0.1271863876892028,0.1154883341600396,0.10722962225195846,0.09182977187352083,0.14876804291135776
0.06909269509389017,0.11174474880590496,0.13833134725699528,0.07405374987824928,0.0753960327371238,0.11771857137095108,0.09358771189073904,0.09315920610029822,0.22691593686584818
0.10176544691471955,0.061462628469371304,0.09455045492771257,0.13321261530661663,0.18809287078356937,0.0728199992298051,0.11895829817751559,0.10453632513519805,0.1246013610554918
0.053705948104292495,0.29109586911892715,0.05191933591740958,0.08119588180355587,0.12742823253077146,0.09851660259525703,0.10547705628119954,0.0921808174115788,0.09848025623700808
0.1370774300695069,0.08966462077847158,0.020999971551333724,0.2124363433023371,0.09960758445931726,0.11575772146762643,0.10511558790693999,0.10539445595136625,0.11394628451310074
0.07186020279082142,0.19087296814217813,0.07583603799349593,0.163878005841845,0.16781168433476434,0.09248553581109875,0.10197330355877766,0.08726908707126585,0.04801317445575285
0.1017640577421714,0.1810060791878214,0.07116598134491822,0.07520783759996214,0.11232886719827136,0.07817149944536221,0.10956741139319205,0.14187376784930525,0.1289144982389961
0.10324182092754484,0.20144297066629677,0.10536474569863717,0.06922609418128715,0.18401381235482095,0.07561948672237416,0.10768387119540195,0.10527304222803907,0.048134156025597986
0.05228848428205896,0.06799173801672699,0.10830204286106658,0.14367038176359,0.18628083808969867,0.09912756424814566,0.12757719445156257,0.1397819059561424,0.07497985033100822
0.06821410726706273,0.10142238256739404,0.06274762292535974,0.03516845944118252,0.13374473481080587,0.10815089277916838,0.11575133332149139,0.11331009018449167,0.2614903767030436
0.030343827919173366,0.2430445843540343,0.06437774686106316,0.07003019444731437,0.0898928391426226,0.06735885517724167,0.09626398020638101,0.08266906693393546,0.256018904958234
0.02396985636793558,0.11775797797750363,0.07677032831999471,0.0850186270907275,0.0897104142907138,0.09764106273500174,0.10851320854153601,0.11386758943806992,0.286750935238517
0.11824827398779986,0.17892927807971024,0.12578760121418245,0.14106896528840693,0.11730149972065396,0.07533325242853711,0.09905550133636117,0.08194253381254253,0.062333094131805766
0.04358334568547614,0.2650480644706264,0.14473310918217996,0.10854355945555598,0.12778344489027438,0.07878695062414164,0.10450635943156421,0.09315312324141582,0.0338620430187655
0.39771938798306206,0.07149345685461571,0.02236158209745159,0.11419979388949679,0.12310624128680765,0.09567813347672839,0.07693783065682121,0.09003611617732371,0.008467457577692855
0.08276790637960604,0.12238880426459386,0.03396532723767114,0.1870045098931363,0.1525295240281422,0.1355785975363275,0.12250028600378156,0.12861116787483187,0.03465387678190953
0.12989816618012096,0.15727208349225677,0.1991624762694633,0.06377809035724212,0.12767208480005346,0.11073923828700083,0.10281051102644863,0.09857166378804672,0.010095685799367154
0.012887995238075406,0.22095324906458316,0.13337580806820995,0.13340219933238348,0.10821886230384298,0.08097868782191253,0.11008357979171135,0.09593295049328661,0.1041666678859944
0.13791176321306017,0.1489597257293616,0.10616566204624156,0.14792962289310554,0.09392198435698713,0.11188726544369272,0.09945893793794221,0.10572259545530655,0.048042442924302535
0.03533884255093723,0.293057772373958,0.0440270555742558,0.05725483712433808,0.09511248870009416,0.11072666495869353,0.10363266237897673,0.11192016150625539,0.1489295148324911
0.01798309425495883,0.2714927905147367,0.10271153859345265,0.06382021196301949,0.11861032999421273,0.11772766720041049,0.11024878446116548,0.09769157524502431,0.09971400777301938
0.058883131175391235,0.16306504829442284,0.04589772953140516,0.20011289722043205,0.10329973164721608,0.10317527888828086,0.10858012860883402,0.09023612556083827,0.1267499290731795
0.06013847689431406,0.10987436313423259,0.05200965881847375,0.11286213581519235,0.130077503625588,0.07900245852669172,0.10088478621499115,0.10125731178681703,0.25389330518369935
0.01360251185454813,0.20926645285992332,0.07608409353172768,0.05228471690194717,0.17563874511453137,0.1447635738334873,0.12459245099850935,0.1198469300252204,0.08392052488010526
0.07061477204561634,0.22558469616397706,0.0886993152766354,0.13102326278179638,0.10728066334051654,0.08512816919311818,0.11888404972965853,0.08804548813751262,0.08473958333116909
0.05281778137789354,0.07030437201361833,0.06614349760447791,0.12416527595752662,0.20210131187819988,0.11221382007095455,0.12957575260485285,0.1397330690434612,0.10294511944901513
0.07293464253378745,0.2095269995732936,0.052450850295626274,0.08432668035683781,0.1947374171517323,0.0709223432125931,0.1045398920164227,0.10802446348681627,0.10253671137289048
0.018318547508506783,0.07720069361134319,0.11287544467947881,0.23780072205507377,0.1443702602269472,0.101079393785871,0.10801313944934839,0.10779307210580696,0.09254872657762396
0.07525181232243809,0.12344900150785336,0.15202602406129478,0.10843408631837097,0.1262178153826433,0.1307260417875876,0.12409408870066292,0.11191333037544156,0.0478877995437075
0.06258066063628119,0.13850049024913877,0.17216894679657316,0.04263182038023044,0.12889781352888696,0.1323809794484957,0.11739993485551514,0.1305768418040897,0.07486251230078901
0.2344807320773434,0.10427399425902922,0.08688126915587881,0.052785990154459624,0.14554685351733684,0.11792284253297197,0.12093092250441605,0.11950084521881484,0.017676550579749192
0.01556186790732401,0.11389561997479469,0.1249319147332395,0.11006559992907362,0.18190393071695418,0.09000983599086428,0.11831021169757021,0.10585210553325075,0.13946891351692878
0.03319564094051041,0.29925343111699876,0.00955234798067049,0.06906144718797556,0.15998401178783447,0.08968610621315015,0.09326023290915754,0.10218953275739691,0.1438172491063057
0.18816880500608044,0.10156157166938605,0.04698265422779011,0.17882735440898448,0.11258758161619602,0.15604704282369353,0.09588558449763941,0.09472588330184706,0.025213522448382875
0.05355920173693023,0.19610576205685357,0.08373216687030838,0.025727909208648286,0.12168576186995335,0.11324914732052639,0.10522949161528006,0.11382533682314185,0.1868852224983579
0.04347670247051718,0.12784153122898703,0.10121428726479376,0.13034584059450774,0.17392800404919206,0.0953658561370887,0.11325013440828106,0.10825866441472794,0.10631897943190449
0.10383786677609248,0.1511383171683531,0.12201515968776859,0.06021389522176005,0.15834098179119507,0.09530301987598173,0.11778726985803957,0.09712581341526633,0.09423767620554312
0.08628763116827938,0.15889233275542805,0.05637175727559015,0.10099290150744307,0.13770361755386407,0.11976677175433843,0.11320478772672186,0.10128034536842812,0.12549985488990686
0.06099050853074636,0.10486190258336046,0.06289946458536094,0.1124146018450083,0.15848555111027784,0.0987358528439803,0.09190743143318525,0.08584994948064022,0.22385473758744037
0.06300915532139807,0.16194978474513613,0.06332847992686323,0.24193316993515335,0.1327951143020498,0.10908870787210985,0.10089539553113196,0.11392636347361927,0.013073828892538317
0.19552374692386124,0.1873776281497903,0.03930226482815861,0.042978668729967355,0.1413841791637249,0.07153486373764381,0.09633490448580673,0.08369223853506808,0.141871505445979
0.04863404326653698,0.15935479046754822,0.039776485717471534,0.06336911346573387,0.10254457428801926,0.06840522323644432,0.0937544343252193,0.08539860442279877,0.3387627308102277
0.0772907482095964,0.18072745382497182,0.0468334029192754,0.15258710346575752,0.1293482544235461,0.09362604047630542,0.10849334565500525,0.09286111426762243,0.11823253675791968
0.07677113570880433,0.10218434260306476,0.1556567208789413,0.08018478652463884,0.1458944054113559,0.0959160766042896,0.13808847516928283,0.13250294365700307,0.07280111344261934
0.04498037931853573,0.16779850784099506,0.11395469322797835,0.06153419944713225,0.12704584990653522,0.0829096121278318,0.10158388328547996,0.09402250769323535,0.20617036715227632
0.11159956183347468,0.16717154087428368,0.10290710509988465,0.13507357247466475,0.14887045470222235,0.09400584874140762,0.10766314821397371,0.1114063184843637,0.02130244957572475
0.10588810492553752,0.15579669612738994,0.04460061608177494,0.13448827267304245,0.13807400638213266,0.1057949363336172,0.10530169861239026,0.09615628728668714,0.1138993815774279
0.06367562299317149,0.34690557015705487,0.043327007958739054,0.028602473017274217,0.11476454679264936,0.13425339281125692,0.1127091285538131,0.10083329494925364,0.054928962766787326
0.08504438560441908,0.15274146851908874,0.17282092533958357,0.0708241333225096,0.12238963481588866,0.09940939121080615,0.10925451897274259,0.10658844608414636,0.0809270961308153
0.021165759970246625,0.18770120196958828,0.19957584285007293,0.0628739644241489,0.1514766746084212,0.1051668302534265,0.11686277749530082,0.13174224691379866,0.023434701514996104
0.022787088696327992,0.15495604257716258,0.11102485983147199,0.045793752323219965,0.12161831908471203,0.12839650666894067,0.1321285980094231,0.12288424676190589,0.1604105860468359
0.026395754639890884,0.20189449153182584,0.1766137349727166,0.07196499496126839,0.12669458659448932,0.11712536566197218,0.1196005940563854,0.10016270314412705,0.059547774437324376
0.10304644791670912,0.1653885547046513,0.12435631038522216,0.039585745262860045,0.12491151344701708,0.13139356979152902,0.13142097758929014,0.1479418215365935,0.03195505936612766
0.05069922351850404,0.1944234526928376,0.10393352693419376,0.07807831050999918,0.12413817049404509,0.11550662438448119,0.1258409047092894,0.13104151675753842,0.0763382699991113
0.12028032277500689,0.10769968664231305,0.09017925061654396,0.1910658898873415,0.12519271425453304,0.10007303345398749,0.0933647620417053,0.08956713183420024,0.08257720849436849
0.1521873847110652,0.21111101433825588,0.050743543299840176,0.04237912933827434,0.1893145128434447,0.09377075816490865,0.11783827694740534,0.10020630206395227,0.04244907829285352
0.10309339114114503,0.0762513654861893,0.23447134078354348,0.08051230051439423,0.16117037348356375,0.06448080672619118,0.10873567759881257,0.11724273316834856,0.05404201109781187
0.026179375009616538,0.19220889682493092,0.08820954067353469,0.053738404994046134,0.1680009521360911,0.12033354861062484,0.1178776598783257,0.12776091387297683,0.10569070799985336
0.1056308642045064,0.08460134322307065,0.11976959630569477,0.15716004270559322,0.10928697100141492,0.12828091837892938,0.11195802090460034,0.11336507585896176,0.06994716741722858
0.06642045841873055,0.15331991617747734,0.06351575761313065,0.11806787840215645,0.22670602652731175,0.07690786436322898,0.10820274952057736,0.10303134143783495,0.083828007539552
0.1918994768994797,0.0593944443270657,0.09749069798068456,0.14326860549439413,0.1479263717654525,0.10925775272825157,0.1144261964873259,0.09622235286530977,0.04011410145203619
0.049416690635124334,0.1946062666992849,0.047643212006988074,0.1669871530025615,0.16021994735675868,0.13322518557073967,0.10987855266988146,0.12206142860858771,0.015961563450073695
0.0941023761752983,0.08968650534844741,0.07546588278488738,0.2037221910172827,0.18626733901572967,0.11408321523819509,0.11736659345184101,0.10560844337759608,0.013697453590722336
0.0873509039404925,0.10872514779454119,0.05903402072166956,0.1936071409571245,0.11160025931681306,0.13220579205524505,0.11780175973211231,0.12111875569569142,0.06855621978631041
0.02765023327366119,0.20395296638357696,0.03277183157163827,0.12617341611118807,0.15809796616651187,0.16132074907416016,0.11193745724126021,0.09158748977207115,0.08650789040593204
0.029215721272990255,0.19742200399190135,0.21293103202819366,0.06486159006019127,0.096400605648357,0.10671167658529464,0.10536470490943156,0.08435992138022293,0.10273274412341733
0.05367751639791851,0.20244042257636466,0.09802598823802067,0.09741566901497113,0.13545084619633846,0.07615803313712777,0.09872317953566596,0.08871505425867933,0.1493932906449135
0.2184005867298303,0.12600957513730263,0.04550733838696103,0.136563675403134,0.1006238738901809,0.09353230353862163,0.11292689052744809,0.10171181037976584,0.0647239460067557
0.09413081636892771,0.0871664833827045,0.22135680281215833,0.07223999769647287,0.0959802827788732,0.08574869999066498,0.10105638379010838,0.09085010680164396,0.1514704263784461
0.10360954069066781,0.12474386727777746,0.0683942657176328,0.15563452727217422,0.1725962178516348,0.09010940045796097,0.11903530460197866,0.10764122365209748,0.05823565247807577
0.10185635045394048,0.14493458326205103,0.04255142847062873,0.1014876002968907,0.14616747953715384,0.09292098427082095,0.12105716973733306,0.11867481690726096,0.13034958706392025
0.12076999308031633,0.08474906052981028,0.2401284119082254,0.10481458498208646,0.0995465606041393,0.08763130595260231,0.1028562923036093,0.08583381752992786,0.07366997310928265
0.028258560367012086,0.04678981250706457,0.09145529865076796,0.13107834987655811,0.08225101156136705,0.142566791244643,0.1010634726151229,0.0903659772232661,0.2861707259541982
0.03896230207985605,0.15356975989158703,0.2823671413710554,0.07814928924158682,0.13465811445119355,0.07600607789034856,0.0954050122567387,0.08272753668928369,0.05815476612835021
0.0395540867910201,0.3319812798474336,0.06686653327402334,0.050779720052128254,0.10983994178665091,0.07174564406847049,0.09440915366082221,0.09526893643324497,0.1395547040862061
0.21664044821336795,0.1049186890258449,0.15890287744110734,0.061352134428685735,0.13167584124776058,0.09127462854939432,0.10736941483199118,0.0934218065275169,0.034444159734331035
0.04129240341512908,0.2212902525495396,0.11895649567566147,0.0879737393694885,0.11668737116698712,0.12316962730310939,0.11779305442900119,0.11778496992676012,0.05505208616432341
0.08641125052617821,0.10881769977423898,0.20816156989934365,0.0958473476696675,0.12962345323826652,0.08727360598195784,0.10627755856135768,0.12757122983205646,0.05001628451693315
0.08093350921558924,0.17280402307493845,0.1573184724701663,0.07425527903739106,0.12241368956949512,0.09383422547786813,0.12700287361303206,0.1112858171290313,0.060152110412488254
0.09015064352479929,0.1915218834205932,0.09134969480827433,0.0715939827964891,0.14570667940627627,0.08117697220481239,0.11191504806755799,0.09728987443808867,0.11929522133310881
0.17322366258749775,0.059440703286059715,0.058684616073534555,0.13593406868659977,0.17793110834770667,0.11210757146096041,0.10566780425978765,0.10899360433731126,0.06801686096054224
0.07218933083376056,0.1356633420833834,0.15868947995022611,0.09813965967778458,0.10537776037802904,0.10315430417900266,0.11381460063543104,0.08920499959903357,0.12376652266334894
0.04206734567389864,0.14391785622835207,0.164961359135061,0.2222106629740667,0.10173395806117118,0.09307073235996448,0.097536662469507,0.08873178471219982,0.04576963838577911
0.16611361358812,0.1328899487375499,0.07843381422005159,0.11094619578246771,0.1191024753020742,0.09159993933749268,0.10717570054687771,0.11389195834364978,0.07984635414171644
0.027007973332820193,0.16640391225592557,0.07063402146750576,0.1256781951263252,0.12924431714338097,0.09938160239179755,0.12238749523891418,0.11907192350397715,0.14019055953935347
0.09578578416196958,0.1563274944970012,0.07118203745732465,0.08602075735088077,0.1620417998672844,0.08684437672098962,0.11504181178415912,0.11245009420720319,0.11430584395318744
0.0781933175149504,0.1728007096922495,0.07233372604911119,0.08245326966554534,0.13038508487371048,0.08068962159169658,0.10369752921768964,0.09370373914323042,0.1857430022518165
0.16526322135388474,0.07654295052588121,0.04552907120103667,0.20690117815655618,0.21149523517958055,0.08010321112707107,0.08795047263805018,0.09939208357191592,0.026822576246023504
0.19716749378476228,0.20838147057571288,0.061530439335108926,0.027121130972854776,0.1159084464253388,0.08921518232670701,0.11663915628565628,0.13654892211202707,0.04748775818183185
0.13433195483058993,0.13519593470386948,0.15654797356434677,0.03443568241477393,0.14187868196102268,0.12115464182238166,0.11367063015516038,0.10534610086810386,0.05743839967975125
0.02506166241638604,0.1555080517310566,0.06735305353225662,0.08398876219594126,0.12604539511652704,0.1149704620860806,0.13577791950240034,0.11626172043121281,0.17503297298813877
