0.126488902149664,0.10098527762496927,0.1471782251563751,0.03980191547742486,0.14622418927639783,0.08258623592205783,0.13975211427716164,0.12243172129452103,0.09455141882142838
0.22781507742883245,0.08009219248829594,0.10415539425719668,0.10552355859601796,0.13893041032892547,0.038107532878063524,0.17710866776283993,0.04533203081669476,0.08293513544313329
0.13919035994978826,0.07455818582433965,0.15536442508454348,0.010737102176145553,0.14750427422636722,0.06144240837803752,0.11750793160971085,0.18464268048518398,0.1090526322658835
0.09259750742846569,0.0541953924068912,0.1156865266876718,0.003801471831676239,0.08950454331541181,0.307424491340555,0.11373925583737095,0.05643061232684884,0.16662019882510845
0.2039511665491555,0.1415769820831964,0.11162875649847008,0.17179098448779895,0.09795121803645908,0.04950401374715498,0.11540086562573333,0.037024716354542846,0.07117129661748885
0.20843516834805406,0.14753874922848756,0.07941628008506081,0.05023552196777218,0.09610995840242932,0.19191755717368034,0.11554413589480939,0.03450915037139322,0.0762934785283131
0.14032902615274925,0.06478308527077963,0.09313608769960284,0.01846786947383366,0.08894832238425547,0.3693241901077788,0.10385018478066162,0.017690859624375294,0.1034703745059636
0.17790043687585735,0.15276598780504333,0.11418450516262996,0.13091283662529044,0.12262729243706848,0.057025573166135046,0.18126772552309142,0.021784643921573536,0.04153099848331062
0.1337794095058967,0.06537457965396669,0.1362260868086705,0.09629565598698148,0.1620398838803747,0.036303361327454806,0.15163184096140606,0.011812816243572208,0.2065363656316769
0.06484878860469478,0.06523093991017552,0.11568843481577086,0.011860999560943079,0.08848776224329717,0.35295443424947304,0.10277812591436987,0.10998339502107841,0.08816711968019732
0.18624885929653376,0.10854487383551249,0.12214108095939553,0.13564017420819693,0.16927038362809213,0.02265632279815272,0.1367145827314485,0.021093497932648992,0.09769022461001897
0.09353460874937007,0.11214653735753684,0.09707973672437518,0.0683554895158726,0.08981341917494301,0.16125887739128586,0.1005147938857895,0.1445492985683576,0.13274723863246932
0.1559674313842408,0.13351954815319791,0.10876098636546437,0.1457116188589304,0.1063961885512068,0.046730622760400166,0.13297432687603902,0.03218741806812637,0.13775185898239423
0.11553147310803358,0.08439674492791804,0.1384413298686116,0.07892357595885262,0.11339841420372199,0.030077488874130018,0.11362937714186176,0.23537205793535945,0.09022953798151102
0.09287995274607275,0.08703969921194626,0.12027834778887096,0.06843419090592422,0.10490274697173667,0.041514287115900994,0.10743434459269254,0.28604296567874377,0.09147346498811176
0.13789642652410986,0.07827143217731115,0.14182560831352845,0.03634430442101045,0.11113866962760181,0.14931986956104334,0.16262968046720327,0.0882456115234741,0.09432839738471761
0.12193588596739346,0.09942212568821059,0.09422043790206236,0.08926185289916762,0.0873364394104237,0.05573893493784295,0.08409255085468227,0.3187360123634564,0.04925575997676066
0.15593955596676443,0.14328733733322208,0.11607654258746058,0.060559965714593184,0.07742585475117779,0.09357305758342098,0.0912467267495864,0.17068885905500505,0.09120210025876956
0.11868429346172309,0.08779602925021433,0.11783570936815764,0.17912062525838493,0.09799601135667359,0.07495999420349157,0.09466650921196344,0.022586064148692686,0.20635476374069872
0.19513405595480884,0.07509723737328493,0.15256613936500477,0.1880187685523437,0.13450256851293452,0.03286233183035544,0.13928016984149355,0.016225645690956993,0.06631308287881726
0.11646317642911845,0.15647222205885772,0.12327599580440651,0.14697544968524864,0.11898551385041885,0.07753887337964095,0.13041307304521635,0.04792863412803822,0.08194706161905428
0.07704554580535924,0.05387474875931466,0.10608256466099086,0.02347024643170928,0.10488542851079408,0.030310380644760774,0.10563813334921535,0.42181701630331464,0.07687593553454104
0.18014454711182482,0.13291012891561457,0.09031703514381872,0.09166132257897143,0.11518654630476367,0.047752240751887005,0.15847236784433696,0.07500467638556027,0.10855113496322251
0.08326198535531111,0.19101573485597767,0.07738027517751121,0.1838463751611904,0.06752764598506343,0.09445665852904062,0.07368296951106436,0.16541822648393692,0.06341012894090427
0.17586115331466087,0.10484535225227097,0.09830574775881662,0.2315845365640263,0.1221777091035674,0.04096086971742971,0.13083531769024234,0.04871208060629419,0.04671723299269156
0.1743595767624162,0.045320175154730136,0.1728293427820169,0.25363720270075785,0.0954733821869514,0.05551592396164131,0.10874021127315993,0.0074770707347626975,0.08664711444356359
0.10262610715398042,0.09589847452000429,0.09940678183130365,0.17759617183576693,0.10412912359205047,0.021337585215103747,0.12802517668665078,0.045704339397870684,0.22527623976726904
0.13301261644812204,0.10131672641972582,0.09802830515616685,0.06392793996336775,0.10894012911601736,0.1732228312686548,0.1815747684588164,0.005244854015322009,0.13473182915380702
0.13390711242052525,0.10232223975604371,0.1202128810101251,0.17853342041787937,0.11335534561045428,0.02593659263197057,0.13591098552770522,0.053129085620726546,0.13669233700456992
0.13975401430210185,0.07778915626414276,0.14368387539884522,0.020814518054372913,0.09993490349956957,0.2884530778921492,0.08919704123539081,0.02185641986278211,0.11851699349064565
0.1889522710448397,0.07620607168771955,0.10719894386553101,0.01919718706566288,0.1344025500403215,0.08364412845728449,0.13094932454677133,0.14739116981865277,0.11205835347321669
0.057119521360609965,0.15820860835214978,0.07663864602331132,0.14670556424449993,0.10575468130271726,0.06251770913170744,0.09705162416581233,0.1683872246804313,0.1276164207387607
0.12934285383691047,0.11369090693199817,0.10099218623316432,0.06990950035057163,0.10799283591168841,0.29650279276892216,0.08830092797435711,0.008306529602204118,0.08496146639018363
0.14811701833812607,0.09402119031721716,0.08492502957427506,0.08147620048526785,0.13481345778524023,0.06179456338563627,0.1698170709759197,0.14623500563763994,0.0788004635006777
0.19230637543921314,0.0996893255458553,0.08998352245922298,0.04506270327231405,0.09917792039554614,0.25685250090522155,0.11087079442893932,0.007559075943413662,0.09849778161027378
0.13118459484895406,0.1805007732250977,0.10795818096569913,0.11061636330080545,0.10135755268482838,0.06293075192393248,0.12719809629210338,0.0521161417733933,0.12613754498518606
0.10607194925768798,0.09421401590629351,0.09527935870694833,0.1974871845597211,0.10249801788841129,0.15335621647442618,0.1100831063794291,0.057409984349341935,0.08360016647774071
0.16160092789525718,0.135958498635179,0.11087856221839083,0.048225173335507444,0.1315001027221272,0.2390872885819536,0.09985191017643862,0.013626989244820165,0.059270547190325956
0.1224907808302846,0.09232251919438351,0.10890055965574659,0.033786032961106265,0.0932878687154044,0.32878142310323516,0.09504015659431368,0.050418098961136866,0.07497255998438891
0.12782105809830452,0.11895977699198042,0.07589670500656755,0.30213102981001877,0.0846605240586138,0.07729943763558868,0.10652201918108893,0.018336086218436028,0.08837336299940125
0.1447505925479138,0.07272610196449933,0.18554963014410453,0.02984871008409588,0.11047824423801526,0.10591571086520823,0.1330826930517731,0.1156849877897473,0.10196332931464253
0.13847357986254816,0.11071302577470972,0.11142676150343511,0.22053117549610055,0.12072082327007017,0.061183577146501515,0.15318391977239706,0.019980983139685826,0.0637861540345519
0.11940841226741546,0.16159893565635097,0.1413016124061943,0.06581796426899522,0.11377555128993501,0.059412692019273745,0.1333162486243307,0.1474651454695835,0.057903437997921116
0.14359305603922887,0.08435599834001133,0.10956468649571578,0.19420091010197768,0.09680241945704164,0.12179544839846401,0.11562206824239175,0.06721868360718945,0.0668467293179796
0.11946202309621,0.07171586628415758,0.13910643844968704,0.21673349926583407,0.10212485432476855,0.09577564738639101,0.13943120918450866,0.006940769665745611,0.10870969234269749
0.09395721091573174,0.09474057875010715,0.11446175049745999,0.18025399194748523,0.13856031951219452,0.07649410453511275,0.10866061028731366,0.08816227861836441,0.10470915493623051
0.15851947917287007,0.10289100004845432,0.20052279516676422,0.04020949639120921,0.17723900189582356,0.0771501164596131,0.1322089386024954,0.018951957847596037,0.09230721441517405
0.15472546326024048,0.102394468492272,0.10775443412980253,0.15366903504031962,0.1170765737917099,0.03152248726351734,0.1316530575986831,0.09073210762291307,0.11047237280054194
0.09846027450421135,0.05934260815008483,0.08339483060160818,0.22245043254363664,0.10145967088362051,0.04958609746223704,0.13653052498339954,0.02340376291745665,0.2253717979537452
0.10405225128298283,0.04373142558174887,0.1448825838394504,0.17337776240218472,0.1698387839906893,0.10769300901382395,0.12696206767561333,0.04763284353193028,0.08182927268157635
0.08599987387094894,0.08092163623567357,0.10780745739907904,0.04118753988102391,0.09916657681552676,0.32350325602306057,0.10655281554634449,0.04295517391545167,0.11190567031289105
0.15172846650946126,0.18832399606493733,0.11562381013640105,0.11520263924060736,0.10500739197213523,0.15023139768727853,0.09816491993831017,0.022214099124039172,0.053503279326829994
0.06525859965540103,0.11042596132256133,0.15227585164976323,0.10246509671020294,0.069244632220223,0.21397937057298658,0.07800906002340463,0.08142665465285191,0.12691477319260538
0.1861476231975537,0.08300437903770873,0.12052166721321607,0.1121128509840758,0.11403240338979925,0.11195582849938253,0.09956595276630553,0.14711662422911276,0.025542670682845676
0.10858325831297082,0.1232179466986954,0.11259126191147473,0.1441142985491299,0.12619644531328786,0.14930050969515687,0.09247091533645159,0.06144659263998286,0.08207877154285007
0.2042370337977514,0.13714298087749863,0.09831338408027208,0.13869987712570378,0.12635412764552187,0.049581167374429976,0.12282813671595132,0.02192058931550764,0.10092270306736328
0.2007181938139789,0.09688417406449103,0.1179213423200704,0.0292466875355923,0.10905226970046744,0.12417607596367992,0.12209910258429613,0.05803334963242219,0.14186880438500177
0.1245002395464616,0.12411144234760142,0.1359637226400285,0.06923980094764111,0.1561438821770541,0.03432067122555546,0.15022860475658234,0.08725392659671032,0.1182377097623651
0.1475065448416009,0.056848749650721064,0.13902448208281468,0.30420110415788243,0.1307359225756337,0.028713195796868245,0.13851738985485992,0.008983727591929872,0.04546888344768916
0.162699020214492,0.1577287254249283,0.1424099003387254,0.19152047310240372,0.12064222226252275,0.04788600287028231,0.10792181228300306,0.02177085107271586,0.04742099243092655
0.13500750683947838,0.05327460791567774,0.13160632069571296,0.062370222257589016,0.11874195145908185,0.008990635281665731,0.11375542281179703,0.2907418264543014,0.08551150628469578
0.08440680150855395,0.0894492890052934,0.10213631988997784,0.2622743893997614,0.08633566732307718,0.05175208357987893,0.11067932912089033,0.11144507603030097,0.10152104414226593
0.12853537845537144,0.0348585527286337,0.06863270110114793,0.1278974098558243,0.1230475001512934,0.2295338701444749,0.1100714777236516,0.004350839904098296,0.1730722699355045
0.05868627179893509,0.1571026270712855,0.13420098200989758,0.06909505834238976,0.07202635432689651,0.2226168021208709,0.1263030629908478,0.045344283583349264,0.11462455775552767
0.23375109008925024,0.13099057894907365,0.19517658703145166,0.018323253464486617,0.09298177721962647,0.02091342112158719,0.19217596976459517,0.01563688281174537,0.1000504395481836
0.09588009639184049,0.06601656164780956,0.12210848513343775,0.06881107371939653,0.175723484285926,0.06689251998534428,0.18334755309350995,0.039955303292648035,0.18126492245008743
0.10843102163035738,0.14563821316786943,0.07268731603517337,0.08550291153045714,0.19894835637481975,0.18982305231034277,0.10104432015888488,0.04605176032882136,0.051873048463274
0.11809498980686607,0.09759800835405573,0.11711005176165756,0.03882001445121202,0.11005503122200548,0.05279924138316187,0.09233825588270957,0.21442478708841714,0.15875962004991462
0.11589206271615622,0.11713851659473773,0.16605171799898377,0.08680884830599643,0.08648795168193463,0.11000682135742568,0.11968823886660622,0.10894079765691894,0.08898504482124038
0.15147061680068308,0.05275913579986278,0.10392737748384345,0.36088700845190064,0.08194790951223986,0.07572545875310611,0.09257751275220434,0.0361475992665554,0.04455738117960426
0.060904660062630095,0.09331619156051894,0.1056575765012253,0.010111077677016163,0.06566821101499913,0.2917466143771861,0.07858123062006067,0.2143426555067889,0.07967178267957468
0.14981669005235473,0.08896814413569731,0.0961299510555355,0.03038906916681018,0.1479054916415676,0.012889177079467759,0.11524464812103324,0.17594128793958144,0.18271554080795227
0.1448543102727988,0.09892589891626526,0.08259868906296614,0.31360749067471105,0.0865623025349921,0.11067916753618512,0.09094022474432323,0.010854270522101377,0.06097764573565686
0.10528821265997683,0.12253412413404607,0.06735301201438247,0.02927921414595157,0.10472058632212318,0.3306286387065645,0.10191881456884262,0.020904700293241457,0.1173726971548712
0.11445318857891768,0.09411040634643908,0.14459956296936097,0.02243982404146438,0.1454293244711415,0.10167161460741003,0.1544661330822372,0.07638990330479996,0.1464400425982292
0.1191147386692622,0.04825129489586866,0.21061698596443115,0.04337438933042496,0.12832751855939498,0.033481280064230325,0.11685289498142254,0.21210381626319375,0.08787708127177146
0.1498566856322912,0.11016398710446924,0.08987946806160985,0.11985815994991304,0.08440772506030107,0.17514772382636126,0.122124835270849,0.024792904931982756,0.12376851016222261
0.20931910482297642,0.12838684720737928,0.13208791612636372,0.13237025316881426,0.13774826456059916,0.03159432347324228,0.1148670992598994,0.040120102864008536,0.07350608851671693
0.10254606229455464,0.12767089713824534,0.10463918130059796,0.22183103100793003,0.08483085329928684,0.19261109626224085,0.08328290843639617,0.03377883694617274,0.04880913331457539
0.18324624800228928,0.11060255669583141,0.1175909195386674,0.13213191407514613,0.11115404978985206,0.11494332819809934,0.09269834816006224,0.03851539050260433,0.0991172450374479
0.13252253374312664,0.07920700763141014,0.11174518010407804,0.20772773414145637,0.12164712376369696,0.041468408817058496,0.12330928675995105,0.09133014954853573,0.09104257549068652
0.21722111508018846,0.17959269241461726,0.1076246663202833,0.06722287071347087,0.11660501501797375,0.07323230238723756,0.14694973516925494,0.013316423804042849,0.07823517909293101
0.10424585302101257,0.06581928594438415,0.08552484264907108,0.3329751031960777,0.1062294021547729,0.10922246210343427,0.11584581031272793,0.015070398424752884,0.06506684219376647
0.13424787696265114,0.06776991142464059,0.10946390109681221,0.1322749831921696,0.10257370308935536,0.18034802072471245,0.11387180665857904,0.007533199997108687,0.15191659685397094
0.10086459951489894,0.19528303173464537,0.14346706264079878,0.023969370226910727,0.08466080612141708,0.05576802357595453,0.08624177833914808,0.23394901060468717,0.07579631724153946
0.09944705188959034,0.07785999713695167,0.13645795767027757,0.06913502470612208,0.15773316953555463,0.03077505477987705,0.21186988719849473,0.027805292234780083,0.18891656484835184
0.14756022629481344,0.04668701237377217,0.06560868744497254,0.05291816869616723,0.11188199839598385,0.3899414781696832,0.1071653551164855,0.019182535800896704,0.05905453770722533
0.09391106372680402,0.0732906414912765,0.08167747862938363,0.025133830230286702,0.07818699363901059,0.34818026791984197,0.08990288893340204,0.023877568128664695,0.18583926730132996
0.13898269370413913,0.10061688035416942,0.10703373307415172,0.277021086768431,0.09376299976217156,0.07560124887482265,0.1301680385796061,0.03669129864301415,0.040122020239494266
0.0951436366477552,0.09884781794166415,0.1802469540648605,0.030920492252974385,0.13715086365119597,0.18162673551908592,0.13483425577955443,0.014196956778667828,0.12703228736424158
0.20935142037367097,0.14844695293957377,0.10638661477408433,0.1298978943214281,0.08532377507785993,0.11091031529261001,0.09745257485603503,0.020850560152129122,0.09137989221260873
0.09705552352424392,0.09625049564016624,0.12931845493879696,0.03880747690277125,0.14749464281026525,0.04270502769603194,0.11034395488619024,0.21624053957603817,0.121783884025496
0.11002154808609178,0.052202491055131826,0.14888550576134543,0.13087255700080277,0.1162904692216458,0.13725654750419627,0.1304910816270162,0.07337968854700168,0.10060011119676827
0.1422549317529712,0.1304878556430024,0.09875618196433054,0.05608514625603623,0.12273607285370614,0.11715776983774358,0.1252315568295593,0.09387688645312381,0.11341359840952693
0.1506649951314274,0.07898951061534353,0.1337625291098395,0.06481085597638718,0.12005615742622268,0.12924830073028212,0.12513919812392696,0.07383378107208842,0.12349467181448222
0.10514672465152264,0.07018507640698031,0.11051234250409016,0.08690235032917278,0.14052202309250936,0.24725883563254433,0.11258144713114317,0.04990797066137039,0.0769832295906669
0.10164986305546685,0.10899594097939681,0.16197539858853008,0.019706077534374686,0.14039387086608182,0.032642990262487556,0.14792443416846668,0.24192854034336966,0.04478288420182586
0.17348216355428858,0.07035672511696965,0.1010167403196595,0.19772150192360513,0.1100339607377591,0.06582024916973372,0.13659199020600818,0.04859720918535921,0.096379459786617
0.12944754372851486,0.07466143615089117,0.1323353404167213,0.13363164282084625,0.1587341981517857,0.04392839948731511,0.11743408974196745,0.10235117471509418,0.10747617478686396
0.1104816755148117,0.10949346112408949,0.13960366348944872,0.24975594229469514,0.14705042368645252,0.034389357664111435,0.10798428383217358,0.05775794580405701,0.04348324659016036
0.08191583616159277,0.05255244511597551,0.1379695159586509,0.040164575411432056,0.1118959390644375,0.24261925719390076,0.12455828737729797,0.08906760248270944,0.11925654123400316
0.1668492265831746,0.1350246809661255,0.10070524152059407,0.07896336431956526,0.13651983584093305,0.09441496815509891,0.12779521337226848,0.033569832823803485,0.12615763641843666
0.18301440905729574,0.16937733677857245,0.10379445650330864,0.09931507844503973,0.12541171090887085,0.11507583888262252,0.10788373179238885,0.01268694810951298,0.08344048952238824
0.16648104323260401,0.09253094247767074,0.13080463064280398,0.06421249954682583,0.16623641477431547,0.06457756001720479,0.16735458211487475,0.054494401002351034,0.09330792619134942
0.11611823962140548,0.08381184316929972,0.10146586764824261,0.09321539276845377,0.19524337502179603,0.19527209005342372,0.13162794133382907,0.013920222293137845,0.06932502809041187
0.1702363337134727,0.06605766061069797,0.10843450944434048,0.1473969980980968,0.11593911692317234,0.18520745861948854,0.11050085090679478,0.01466274179437582,0.08156432988956057
0.07985827230892878,0.07176719895015495,0.15439258398372016,0.08207309239616135,0.21320044905119329,0.015164280700279987,0.13987546134381437,0.1267724677478857,0.11689619351786144
0.1511953439995137,0.08364570539508291,0.18828115373099708,0.10167258903799452,0.13450012255312224,0.07481385068513285,0.1351762967061206,0.046397207200290835,0.08431773069174524
0.08493214153714007,0.12977876411572342,0.12774118265504755,0.11993835198766929,0.12738448012649461,0.08163695638589052,0.1054475296995848,0.0675579358016746,0.15558265769077514
0.1599068959072802,0.1610021892359675,0.07885213878652018,0.12839809433002583,0.11300907496795687,0.08420950030758849,0.16876585923292106,0.05560156954894679,0.05025467768279305
0.1044474331803536,0.12923312659125988,0.13593263034336447,0.12294785213221515,0.10083346238149932,0.10710524437044756,0.11696961903718965,0.04354635165743579,0.13898428030623458
0.11034890106884958,0.04542653311064728,0.09771958979432321,0.013820892870679995,0.08161746847111352,0.28704333189360515,0.12453030771548763,0.008928768479059528,0.23056420659623408
0.07820512178366738,0.08510165810499093,0.11637791345066022,0.18413758548895567,0.12635568850783727,0.19501009575744757,0.12969739282882933,0.030793914306242495,0.05432062977136909
0.14157495073144846,0.06445809872830709,0.12537280248802574,0.20705996794799078,0.09778483488993388,0.09488859600585269,0.09732462976074248,0.07812408786916991,0.093412031578529
0.1534124231740979,0.054903133250592935,0.2229450633582871,0.037606874299008615,0.11699733704052306,0.119818858316463,0.11267952541137767,0.0567758681326069,0.12486091701704294
0.057383609534002615,0.09193702052483778,0.09810449841894787,0.023257339104864837,0.12862123067589962,0.2624737980657793,0.08514970952751462,0.13996657860678421,0.11310621554136917
0.14813496521616334,0.1941085850295097,0.12651030564075585,0.06600302478955039,0.0926675600227775,0.010784876316737612,0.10772311307025033,0.1388493890672978,0.11521818084695755
0.14612021859337,0.1492446403172033,0.09519808860166197,0.02717944047048182,0.0892969006394237,0.10181709801890637,0.1409129361153677,0.06379562807678939,0.1864350491667958
0.08606309605858219,0.06052659557788734,0.1980697691872303,0.01672955714238449,0.11813414490814118,0.1389604711886077,0.11467572192488577,0.10069702995446805,0.16614361405781305
0.08252071945150248,0.1113695766906816,0.0588313206953601,0.1185634627317644,0.09415077620424166,0.0219738591995413,0.08654926870554326,0.3130622062781663,0.11297881004319887
0.07969517570098107,0.21144398264183203,0.10854399095434873,0.04910579340799245,0.09386503512237883,0.10402180007399316,0.07801918041351107,0.19847203902701546,0.07683300265794717
0.12501659334808998,0.08044594481126988,0.08054233817695149,0.08974414670552255,0.06682296796874658,0.3239047995775946,0.0839220695240907,0.028864562764250968,0.12073657712348322
0.13156634057386926,0.12565071067781042,0.17456001696441922,0.10449204628660264,0.10046409575798103,0.14378113746622248,0.10517678039122852,0.04071795614902369,0.07359091573284281
0.15727572691791677,0.05699094709477651,0.12619275594407411,0.024982530966099245,0.10174180909490843,0.30674697108917115,0.1062257130962257,0.02974495862633429,0.09009858717049372
0.1686627134899016,0.10266460114802012,0.10777683990532701,0.16465841334688158,0.16953367391942273,0.05020384985242402,0.170385986402954,0.006894276261365594,0.05921964567370324
0.12251052957182862,0.11802289383717542,0.09028819635400344,0.15263547649233497,0.079055302091733,0.2713271376621638,0.08508547920192829,0.007659385787894111,0.07341559900093843
0.16689496228082967,0.0921687438851612,0.1555937892163289,0.054602710200149056,0.14840645349684578,0.030819500471152655,0.14184848277772175,0.09455085525935626,0.1151145024124547
0.07313644058500646,0.12374584401806071,0.10289347695752044,0.11803691670027938,0.07784822906701076,0.08091971545376621,0.09383824428015963,0.21251465952416648,0.11706647341402994
0.1569708439664641,0.07201655189559347,0.11351576377027957,0.08415730980402998,0.1441954898395088,0.11864331801676427,0.14546803895467883,0.0826357184773732,0.08239696527530777
0.20962971532459188,0.13619970810076845,0.09983178982582384,0.18671372237787345,0.12204664698217499,0.02929420718408989,0.09787884653960464,0.0077990344818039585,0.1106063291832689
0.1380490111011554,0.061841009166932775,0.06543782864223045,0.01672694312847251,0.0910485870568311,0.43498324108744085,0.10421933979405067,0.012912825851805967,0.07478121417108023
0.21646435404767073,0.1477094781604019,0.09211966028545632,0.01708263753378675,0.06624001310869143,0.11306213738494658,0.17553946419548772,0.10236355150983606,0.06941870377372246
0.1445255355101359,0.11144284743851862,0.10183893127421623,0.1556053169744264,0.12949454824889342,0.05685038034215765,0.10508566321121564,0.1543019796189785,0.04085479738145765
0.07252443903672497,0.06808446635438806,0.13325149617132023,0.019800158476938227,0.10125662967053449,0.041821963131313956,0.09648973438127273,0.22716774061254394,0.2396033721649634
0.14334739464134197,0.12674200363259575,0.10958958660583053,0.11753254177006871,0.16527732982874213,0.03127655485122176,0.125031200984535,0.08075084330909961,0.10045254437656455
0.14333610590117343,0.12151486150066387,0.1286386742001522,0.046333651686719324,0.12062581531226603,0.167762917832161,0.1259748096652096,0.03229824707321063,0.11351491682844385
0.0926906756147204,0.0788967146950784,0.12396403971465493,0.1570531780411238,0.0984410929719551,0.21169092421330496,0.10906057656072676,0.05132149430803121,0.07688130388040447
0.10810450208723844,0.06948578216147115,0.14155680026159648,0.061727951469640496,0.11141592880835605,0.1355677499241534,0.09411361460983335,0.06460647159064578,0.21342119908706492
0.14710575611393387,0.13198503033477207,0.11509306771067739,0.1804125883244824,0.11293422881667714,0.07541189759294552,0.10510544878856852,0.06014738587742938,0.07180459644051367
0.19010759596958948,0.09371252775514682,0.12252975760574984,0.09341115705142895,0.13226519296718717,0.06596113562579166,0.12273393684755744,0.10375681821528371,0.07552187796226484
0.10036144558217341,0.06516311756273067,0.2729117818945948,0.10239872177494207,0.13328727922136155,0.04491212875738465,0.12529567618698212,0.0774888244076562,0.07818102461217451
0.12090629576013845,0.10654352526794875,0.11426777581581027,0.28542529347421436,0.11623558109208569,0.05598068995098939,0.09952072924968008,0.027275225694950972,0.07384488369418206
0.1531676728086035,0.10818598570920845,0.13394905384913527,0.1914040717279167,0.1207370162462406,0.04526911645134679,0.11094834389363473,0.07690819834776676,0.05943054096614714
0.15397066851305286,0.06877953717945683,0.07992091266156048,0.17935051992439321,0.08988876432747728,0.2762969644170192,0.09640218454630906,0.00962542324969038,0.04576502518104069
0.16236362694428577,0.11063633156048065,0.1363201166195863,0.07831383301800411,0.13792662458932722,0.03148342720658333,0.11742623225787828,0.10902747192179311,0.11650233588206127
0.14767781367675906,0.1711861708885489,0.09390787272494676,0.15058217876559135,0.07099633047647466,0.05811368334299361,0.0909044716613383,0.07727046995076141,0.13936100851258595
0.1481009337562215,0.13266701401152514,0.0736450359359791,0.02103073997567924,0.09382624919385008,0.18441139824840155,0.08857606964981807,0.1003178513847035,0.15742470784382182
0.2163847123384961,0.12562329520416413,0.08638709719237148,0.12874057202510772,0.1374325879337457,0.01684330672731302,0.09559242276825335,0.12334981206160063,0.06964619374894794
0.09828926549767882,0.06780826662399365,0.08941623840536832,0.01524805598965368,0.08247680755636837,0.29836801409243924,0.09265603545727104,0.05109255643218266,0.2046447599450443
0.18775181999555737,0.11754919534240478,0.08749945318922536,0.03586934988512842,0.07452094779605013,0.1768046465587061,0.15429105491503822,0.0398511876221825,0.1258623446957071
0.13114963430567347,0.11426674750100023,0.09690984696582611,0.15092155548925762,0.08964686185077347,0.09298838486355669,0.11242023976172814,0.0497853112590636,0.16191141800312067
0.08985351201250454,0.11520209125064089,0.07887011355463226,0.1636318530846053,0.12907700157057192,0.1869581941100905,0.1366430925522636,0.005611934282410004,0.09415220758228109
0.11180116959275206,0.08346928041613612,0.09995604587282664,0.09226532331073665,0.12763545540382612,0.1763277366363006,0.12365737689244405,0.10576857168280678,0.07911904019217104
0.18376462027394322,0.09611926646506391,0.11357019202137193,0.07138590675656108,0.12680535508030374,0.15215709020921464,0.13737762226852868,0.026075471655338012,0.09274447526967473
0.11421831735994803,0.06944545427559272,0.09949179025792505,0.004480041929669468,0.08176577273988102,0.3936737725259609,0.08896366521050887,0.021827316455137524,0.12613386924537623
0.08922801525217194,0.11233761901381474,0.08969665474513056,0.04982361737220877,0.12057428788511226,0.1559592018856426,0.08690839360877116,0.09992548257341065,0.19554672766373726
0.08018820775238718,0.05924075293343312,0.1351396913319458,0.0020851250170106296,0.13592066653787635,0.021494005826478837,0.09554254204271569,0.21591591008860697,0.2544730984695453
0.07861500448910513,0.1365198930319136,0.15479078134618202,0.017841287761832456,0.14862152282669275,0.17122245531598476,0.13995935918415806,0.08200498729912457,0.07042470874500663
0.16546368741525133,0.08260773137281813,0.16753949443510063,0.06237228832703782,0.1058895151817918,0.07542251262460485,0.20203045540374318,0.08047945921080647,0.05819485602884572
0.16174400762720012,0.1968198047099973,0.13627173869130044,0.05958875964758716,0.13237827753797507,0.15807190359754833,0.08997899678972637,0.02050249575125389,0.044644015647411356
0.09152817820256527,0.06218192769259312,0.0981071676685421,0.22886557168584512,0.12634969077596073,0.0337259948902104,0.12185736220343908,0.17112714826025863,0.06625695862058557
0.15620488446792144,0.2450457204743013,0.08683903431553223,0.1388011955573713,0.09941534699668171,0.06495308239806892,0.08098492726226574,0.085143905772725,0.04261190275513238
0.06955245189156896,0.11875477078231551,0.1089124428201463,0.09929030132326916,0.12808291245291978,0.015555788210251267,0.13038107236205118,0.20846892780339465,0.12100133235408317
0.09614070876376875,0.15931494308569824,0.10400665611949789,0.1288172520582592,0.11932828309723449,0.035952410493492536,0.20842016110404957,0.04062428921742597,0.10739529606057335
0.15005729099050594,0.06624372561562313,0.13584410645117115,0.05913755174982072,0.16533502610913833,0.09949865036138796,0.13236332081577765,0.05842577803945271,0.13309454986712246
0.14487923202178696,0.12995983533021882,0.09053461871149593,0.018871777458290943,0.10052412424775851,0.21772114515977203,0.17684447557376018,0.016291543808412422,0.10437324768850414
0.06483523128044834,0.18643948971375635,0.07277840533506245,0.01752071561306992,0.07177327379900418,0.18930227351681497,0.09803419506319189,0.20930892774104606,0.09000748793760581
0.12104360977681548,0.117291349646084,0.09345533423576856,0.15453453484005591,0.11629549461979842,0.024238974976875532,0.10700281035637242,0.17062863117630053,0.09550926037192924
0.1590254048439074,0.066122741430482,0.12784809928689433,0.0712029477681561,0.1623866198495252,0.044644038530654295,0.17531649731519117,0.0811039227940138,0.11234972818117568
0.22228679262030368,0.1264715189297845,0.09305396293435908,0.06589025892458966,0.13953330447859477,0.02782590256292723,0.10594429915837739,0.13607242974202702,0.08292153064903668
0.20206109619054224,0.12027462153657342,0.09084974049687518,0.03928208245135402,0.06966156950972545,0.16840808614454117,0.13154876565778667,0.08426213878314631,0.09365189922945549
0.08746272624456063,0.07985498373927602,0.0827110321969327,0.10461452579195618,0.09254246942924386,0.3561170223540651,0.10108543697098932,0.025765247607773958,0.06984655566520227
0.10760737054153745,0.12107724161806177,0.09862537518495151,0.1107210484392433,0.14894377632638997,0.057794357181725764,0.1413381707454943,0.1417893889017847,0.07210327106081126
0.11935247017056434,0.05482149337327188,0.13116615969962567,0.055515189089696514,0.13745804266263426,0.20252387961496596,0.133158166967327,0.022060037845780645,0.14394456057613367
0.16050957516011863,0.06511371365578882,0.13254920954105728,0.25121788352945945,0.1295801224043354,0.02982538533066505,0.12617385721176191,0.01969397879372688,0.0853362743730865
0.08691158366239132,0.0855575450263802,0.12360237506525225,0.04907368562090298,0.13506550066472459,0.0569756535643739,0.13694715746081046,0.11428432997861132,0.21158216895655305
0.1646423418020079,0.0925322789247965,0.12518920227972555,0.050346131076822676,0.1252869174820125,0.11491445695363305,0.13312403551843102,0.07704434357257685,0.11692029238999403
0.10895292171639741,0.21196006401639397,0.11875354330011845,0.015212079762072762,0.18337419254159007,0.05500651764769765,0.1374964338675367,0.09697585070685315,0.07226839644133985
0.09448908880293422,0.06031743228251265,0.18415157270501828,0.04194765450234874,0.12731637689399442,0.108368958574799,0.17970929262394933,0.13171094476132159,0.07198867885312178
0.1346461489316985,0.08083648570775465,0.1427443245168052,0.06749249494942673,0.13415623032060853,0.04976196030904657,0.12454426634056322,0.13221445679265167,0.133603632131445
0.177714659388751,0.13402470368442843,0.07933807343651685,0.061571290134217686,0.12753356741826669,0.03503616408364166,0.09607371137740091,0.07448894910128923,0.21421888137548759
0.11245608977117771,0.07389374549641377,0.1599136695512625,0.08500227628734629,0.1101938315116584,0.02776190419713498,0.12011662036925745,0.12815786541197427,0.18250399740377468
0.09692347502980121,0.12336375324485653,0.0982385329375029,0.14817413616521316,0.1315488102164604,0.17769567571613173,0.1011833163166065,0.05562528397609703,0.06724701639733059
0.09326762391886784,0.09348401536085665,0.10072306012538575,0.24405916900445726,0.12971701073460185,0.02830134450543947,0.08576298218862276,0.17808550691513045,0.046599287246637894
0.06675783250998149,0.11580956466486754,0.10169811915241933,0.054617716869310856,0.09186411346735672,0.0363444672649762,0.1098748696527379,0.27688589114984963,0.14614742526850033
0.20034832899643093,0.10971133575040552,0.08292871740717896,0.0383251917807129,0.0932606008474985,0.21683847827462222,0.11891892469221854,0.03747149536904501,0.1021969268818874
0.1364760385179645,0.21667972630811824,0.09321707896784565,0.03012157316671764,0.10862926425054342,0.14486680914300729,0.15451267983893666,0.03984884977271407,0.07564798003415257
0.08691539316997382,0.12187371051498049,0.0839237676031147,0.04550179863684939,0.23381595363024962,0.07451491868747358,0.10824645342782228,0.09858757030764187,0.14662043402189426
0.18682029563667316,0.08474465570668714,0.12409042787277613,0.10814623744981049,0.14529623394670171,0.03982035607272188,0.11071715181196895,0.14102716273764124,0.059337478765019304
0.20906338524741627,0.08415276204112705,0.0927727114127,0.0628827721042111,0.11829428982157042,0.0344398434217183,0.16494129740194866,0.04218547990905457,0.19126745864025355
0.06973156259119383,0.2088370088464564,0.09357846473451331,0.01500757411578602,0.08520042531793985,0.11283009980020837,0.0733830603472453,0.2313610605172983,0.11007074372935861
0.09049519021952623,0.08629440166987817,0.10232180947607177,0.08600812343600404,0.10087325494178347,0.3377150847695864,0.12129377486289376,0.028749841708629726,0.046248518915626514
0.24570615277548705,0.15235721181473508,0.1217446686719848,0.13568009430180158,0.10392071056072527,0.08013341907857059,0.09795305436794151,0.018802445144425767,0.04370224328432828
0.09935710258961682,0.05213785587538167,0.1209870824342264,0.184775522845909,0.11137289548549585,0.08057259957920164,0.10498438497362383,0.06412756289778283,0.181684993318762
0.07985655897469009,0.10467602281300149,0.10451932408824494,0.048136370875724706,0.1327323444058103,0.13407617864828167,0.1378562853246163,0.0953143738224927,0.16283254104713782
0.11872593089282855,0.16291498853329173,0.07837518153522201,0.0354575905400556,0.12267761223302759,0.039609857710394665,0.12507519949937018,0.1654001719179994,0.15176346713781022
0.203781860356297,0.15792961132336206,0.09540110569246253,0.04189430575259647,0.12986683824848397,0.03796467646925052,0.16460461979979055,0.04505988695938017,0.12349709539837671
0.09739308798593542,0.11493462252268138,0.1928971121142795,0.1616701973952849,0.08892389505864816,0.03493117928345512,0.10444818229978876,0.1396886130986504,0.06511311024127633
0.13286392281632323,0.05860669294916901,0.12659470376149243,0.01747784471064467,0.12787997742216553,0.07459555716236067,0.1313561857458034,0.24118242568958967,0.08944268974245138
0.18369221696180182,0.10776390857137293,0.12137999062503058,0.11875089754423601,0.11517809815971321,0.02584194683246553,0.12295879870879838,0.07048069502066372,0.13395344757591768
0.1426395654445409,0.08820343584253398,0.10720437220659101,0.11750024606563685,0.11109384875946965,0.19167066682557712,0.12511445814262248,0.06819671854724364,0.04837668816578433
0.10818280990912406,0.20866540999150662,0.07777874353871374,0.17154968733721998,0.10075706507353989,0.1225691038785305,0.0883129879893922,0.06997270648159067,0.05221148580038234
0.08982916194580709,0.14020967948432472,0.0774739504002112,0.1355782663072528,0.08555353986595365,0.2780193554126283,0.10367506770957047,0.025419663100444346,0.06424131577380753
0.12928378362049975,0.08824246065929893,0.10618839444848356,0.15873356343603157,0.13199587006479996,0.08876224902107688,0.11941655723351048,0.05896617580304311,0.11841094571325576
0.1731617727028315,0.09900411067500399,0.12543904740058823,0.12382807016504038,0.12919853933677802,0.04646553474177859,0.13930379627058784,0.02142842337334533,0.14217070533404616
0.23408744216579502,0.1002846307801273,0.09183481286822477,0.13870124571456033,0.07516861799745483,0.21950275655845675,0.08635668454657415,0.008038128567826153,0.046025680800980656
0.10316311053289325,0.06426538454547644,0.09917121331263316,0.05209473480270622,0.08480503781833708,0.2651961875443485,0.09570933324108266,0.11793932621368441,0.11765567198883826
0.21388779052019294,0.07203723544606681,0.12362618462017934,0.15792714455419032,0.1059171962118598,0.06163849770185637,0.1223394865717976,0.08430308905845063,0.05832337531540607
0.07443049510982337,0.2308358349659768,0.08218636090124334,0.08093724058247047,0.10608795712027282,0.20757983973516922,0.10068203318153433,0.035307649679911034,0.08195258872359851
0.1207134984633121,0.07377130455294119,0.21349345191211241,0.035563337232897486,0.09653810073150693,0.21365221650286778,0.1262280235858785,0.04844539707116286,0.07159466994732076
0.10376886432348513,0.07635403040471249,0.09715691975599267,0.07112460171560554,0.1884159217163532,0.24528340930874312,0.0974629656659151,0.008422997058768146,0.11201029005042477
0.16246652384330976,0.1102092096000707,0.09746679496002193,0.18968387177896637,0.10493901649478105,0.07586277018273989,0.17659329150054584,0.029195048385643563,0.0535834732539208
0.13565531295445898,0.07481284630412922,0.12260082214359451,0.27976890719724185,0.12636064260072416,0.019431094965931744,0.10278153922509492,0.015537293728152053,0.12305154088067254
0.09203426249021311,0.05658220601045757,0.07730515602245171,0.4591698285997299,0.08142620328434406,0.05425455751382141,0.08792074610576785,0.016956761805389468,0.07435027816782505
0.1587170981919934,0.12441644896969307,0.09034110283118345,0.2066963901262048,0.16598636544836273,0.018724271987763236,0.10299243989158785,0.07679433951310784,0.05533154304010358
0.2213014849368332,0.09405519027153092,0.1007623993491414,0.05114183372164438,0.1816184984869068,0.08811896112301243,0.14475599162800545,0.007027206562277562,0.11121843392064786
0.13419901018981115,0.1457733413995038,0.09864564057032245,0.07183640156426126,0.12453605489532966,0.13802106824462082,0.1396030662492247,0.044794897365484136,0.10259051952144209
0.11346544214608473,0.20008555199117764,0.11327346565771024,0.17957680272148377,0.13626845381603267,0.032295936860409415,0.09512163524622878,0.05844282434909562,0.07146988721177712
0.11657892513771144,0.05790206155294367,0.12176184956626768,0.23999749597719947,0.1099513496860516,0.06613859937613972,0.13343166355782166,0.07047287283543116,0.08376518231043362
0.1432368642892686,0.05360302060388201,0.14609657429956915,0.16523252255529983,0.0838002206881359,0.10371109431957164,0.11836044679848451,0.049985428958024276,0.13597382748776404
0.10321278071950717,0.1000164150624443,0.11857263174032462,0.09855757121262394,0.06931046722741022,0.058112340095922754,0.09238760840321154,0.19101101829236833,0.16881916724618715
0.16248856589609698,0.09471771590339988,0.06860329573628741,0.02662396983232705,0.09035396464597044,0.38224987054215903,0.08663337328672288,0.009745613209407549,0.0785836309476287
