0.19009223569765984,0.0885859659550507,0.1593337365152201,0.04292866866708517,0.135906513057277,0.0816240729262598,0.141908035169789,0.029331538093490272,0.13028923391816818
0.13144637567590547,0.05705098794546413,0.19366290182609522,0.13553087661779867,0.11961473992429861,0.13794772958893176,0.12592263986804678,0.011645716651036466,0.08717803190242289
0.16254009345817724,0.08355018315345064,0.23289945470796677,0.024965550540126624,0.12110288068225607,0.0926880636769349,0.15334715403797725,0.03964412197442153,0.08926249776868904
0.0590172297620478,0.03666669238620231,0.0391407286770383,0.2633333164333714,0.08691470969423182,0.2557025979839816,0.07717796528724093,0.031831659641994435,0.15021510013389142
0.1298918498421434,0.08301089216009237,0.0801365554110041,0.28487055038247205,0.1352815679651547,0.07627566627958926,0.07995208562447163,0.01493691654833774,0.11564391578673479
0.14159096264600027,0.12309843027353866,0.04702981625184652,0.22368234602903017,0.13119832935860565,0.07318445127567606,0.11169286798087298,0.059391034446926644,0.08913176173750299
0.12156407410419635,0.15595703527478535,0.03901451232253484,0.1088462010294256,0.12477116263434566,0.15437132922194208,0.1289799073570472,0.10188948238863171,0.06460629566709133
0.1512778989345642,0.06714807440295449,0.14975660766748705,0.18161247784188472,0.12187587210502528,0.07958354445931935,0.11323472027727378,0.013278925354067944,0.12223187895742323
0.18016454269236903,0.19620462524568713,0.06007313817329521,0.11072726817404328,0.13265961889295894,0.06584232786479605,0.1131212353999772,0.04729202670589966,0.09391521685097348
0.09824015902608878,0.06242893141698497,0.09566221534362329,0.10005444628028275,0.10930836668601802,0.2871795751043192,0.13395256371894726,0.0387158325048663,0.07445790991886943
0.14920318284705314,0.09414940285968808,0.1056302692815802,0.23433868293561466,0.12606910416165787,0.0849879844445971,0.10857142886957459,0.015367253367236535,0.08168269123299786
0.1173292245003252,0.08906824682478558,0.09565339674304552,0.0867607829472269,0.11826818977521238,0.19689977966556302,0.15373821040486876,0.08337325205030283,0.05890891708866989
0.1317229576782877,0.0668976107600181,0.06466479287047228,0.23164949269376223,0.11341730720872767,0.0567083908404235,0.10571183415552417,0.054196413366897345,0.17503120042588702
0.11202654466958556,0.23538017470070238,0.06579325909109868,0.0073019940376564405,0.11210932974307737,0.18890355962122887,0.09327223944725915,0.14506729337412363,0.040145605315267896
0.09652906506496466,0.03333643736442062,0.0841080128668481,0.22786921950552405,0.10271995693636789,0.0715428818209251,0.11166227479498174,0.0753276864329483,0.1969044652130195
0.142441627590587,0.1563170765198472,0.16006204555965667,0.012284258666835584,0.11798065795499783,0.18483169868387436,0.11445864822492269,0.02919782955753804,0.0824261572417406
0.1347698650148451,0.12871085519034461,0.07669890665869845,0.04281416001186727,0.11742477054667956,0.1263637463066527,0.1466247020958998,0.12865213574635023,0.09794085842866225
0.14185055564694904,0.16626574684254378,0.06448331666972192,0.08007165481899203,0.12492548852254186,0.11849597338793354,0.1477329566448705,0.09860455040355058,0.05756975706289682
0.09587490542339534,0.07822981869016107,0.022856296372936707,0.34631164095378403,0.09053089319941841,0.040758863534302005,0.055573246004303,0.044638260707261616,0.2252260751144378
0.08865800061375999,0.3388848054198131,0.015216146070813738,0.13241273894560823,0.1025791166909047,0.1504343926147034,0.06514427050018241,0.08201637347923935,0.024654155664975076
0.04834284741978706,0.05369684316736651,0.010993100620983758,0.4090455965195529,0.08249376158253165,0.08214720306735952,0.0588398150502016,0.20207573207156146,0.05236510050065559
0.0891899081526032,0.06474205953676936,0.09905457965453297,0.03936671988991964,0.10291321160153577,0.22942656744886047,0.12777052146124013,0.16039713577191086,0.08713929648262765
0.14924686511756532,0.04780651926686774,0.3033839193917514,0.01300471041593663,0.10474154328232321,0.061307435198092806,0.12361375360506592,0.03257161824619958,0.16432363547619738
0.06752607032379031,0.04210441014785308,0.043941902846724355,0.06309535456083791,0.09592942497652791,0.08677584963125518,0.08827206974160033,0.4499541440655428,0.06240077370586822
0.18097159517075356,0.10906165321028921,0.11334500098847229,0.08532132794286396,0.12101407242619412,0.06354527099418567,0.11965712499529008,0.03268210609738762,0.17440184817456342
0.15332242635916926,0.12416976398203527,0.10623439043960385,0.17205706750211044,0.12475403991077483,0.10332129940324442,0.10642756808243552,0.015277899026946033,0.09443554529368033
0.07379635520198412,0.033091396897332155,0.0426556647258047,0.32211498755775786,0.09523831735078787,0.11242095381735832,0.08454365664619042,0.05761541383955784,0.17852325396322666
0.0973267004009603,0.033803625942493386,0.09381095614500967,0.2739547165550644,0.07943952011996225,0.04334042906342955,0.0560887482047804,0.009773854708774414,0.3124614488595256
0.13028368427002246,0.17263941469553598,0.04463797833155755,0.11186649651556586,0.12439354245153188,0.08288094452124756,0.13030201834791766,0.14752695265666801,0.05546896820995312
0.11824759386470222,0.05079032966702541,0.36073383301746537,0.008232700110809359,0.11173163830518414,0.08077082455665495,0.10978038182463984,0.05882542117896685,0.10088727747455195
0.038118701183946536,0.01658329095308944,0.46065457502198554,0.0014753465693247998,0.07563868074323106,0.09686673011782565,0.03202311659328247,0.02678121432277926,0.2518583444945352
0.080244511078454,0.049941627082863004,0.04571704241238903,0.2221328716555027,0.09416076494578278,0.08355114484714558,0.09853846521939269,0.14032430759988374,0.18538926515858645
0.1188661965040111,0.09029235764593939,0.0644620165625742,0.19118710576290635,0.1187056352796576,0.1429685079652516,0.13298390586874645,0.06129663084187775,0.0792376435690355
0.13100669331282047,0.16495966488958813,0.04275206073314718,0.12855675691131094,0.12763053293267781,0.11256234426773944,0.1307591582470394,0.10190743018775165,0.05986535851792501
0.1685032509253933,0.07640731459931281,0.10422698505049549,0.13460828413509132,0.11433957526493133,0.05227796745400465,0.10370631750103045,0.026207058874375366,0.2197232461953653
0.13632076515912542,0.055760699024578454,0.14991648556923035,0.06830765887133362,0.1120041687727436,0.08931599510985044,0.14070007471521187,0.05198139336848554,0.19569275940944075
0.10706980134129457,0.07230772677993352,0.050028417402291726,0.2895378159984594,0.11776640493796937,0.12712115224698337,0.09933043433460648,0.03463264909529473,0.102205597863167
0.18139883059078835,0.11434267168632438,0.15722901898757555,0.09036341697459531,0.13499404356083922,0.09954627247409582,0.13790260936883708,0.016292791867343046,0.06793034448960127
0.10129354197865918,0.04371692794149251,0.29214912940248466,0.00727298089002771,0.10583827394068446,0.11015248471518502,0.10751352544324959,0.10074415146805289,0.131318984220164
0.0671970595034697,0.07904271175125233,0.014240850671897266,0.39254012493801343,0.08974113912715335,0.08102277981826135,0.06767407823085596,0.11375594014113051,0.09478531581796616
0.12615367332078714,0.0759159438978269,0.15468326633817567,0.0648784295717775,0.12018256312726727,0.2402475692901741,0.12178857770814124,0.01025998994724233,0.0858899867986078
0.10845328260798272,0.04434807065795601,0.11186752168698932,0.25544130099843737,0.10428045197212109,0.098498074755499,0.09064813187102533,0.012028442796209425,0.17443472265377977
0.11450188638316457,0.13036770049916158,0.037600131813394756,0.2361885968499632,0.12301799515598665,0.12854062952458056,0.1152009535749635,0.06613263587563985,0.048449470323145345
0.07111251234579986,0.1057150443985858,0.018048395680705646,0.23469980774724056,0.09148112099800758,0.15742628619953705,0.09019626717279494,0.16567684851840025,0.06564371693892827
0.1506675483761462,0.12483679963079143,0.0798434618318626,0.11170202709927317,0.1274662785966776,0.12151060716108675,0.14180943053534414,0.05043098520548853,0.09173286156332953
0.10428015336447345,0.0735963654666754,0.03714254233908823,0.1323666103381762,0.10163013499765274,0.04156783202534845,0.08949029221609443,0.2471382588036366,0.1727878104488545
0.18933328940476432,0.12053640378852365,0.13728275753578956,0.0898233415657433,0.13663828723938498,0.09084334783654764,0.12565167989514536,0.015331535598243197,0.09455935713585795
0.12118075567710491,0.1664073997956032,0.033493246381217916,0.21023255591332912,0.11338721359602814,0.07144490652524836,0.10113993006212996,0.10103685186310019,0.08167714018623827
0.08002716693562156,0.07203978260951231,0.015260738342274085,0.37477412676412775,0.08020861398759482,0.02799222719866279,0.03842067426379861,0.04947726412912118,0.2617994057692869
0.08172809946366738,0.06335860325768171,0.03448782769983776,0.24797095366378827,0.10617346445227142,0.20333063707598278,0.10000743906249521,0.07038581534829945,0.09255715997597606
0.10599788076436756,0.0569281862728716,0.19333150419492906,0.04190039181601903,0.10613810860662716,0.11785229232423056,0.11124915285302976,0.04861863094334482,0.21798385222458047
0.10687882046926873,0.061467493362602384,0.07789778397802362,0.12800205278887872,0.12126002157818559,0.1252514726516456,0.136621335232558,0.14162342869094569,0.1009975912478916
0.08870156432640819,0.05965664451340715,0.3266514842386955,0.008835027783517023,0.11251295681139624,0.1494828516002102,0.08736534094940529,0.07814599804684608,0.08864813173011431
0.13375273426017978,0.1618136798547839,0.06231887075478088,0.10164113068424918,0.1273575577642577,0.2149267420558949,0.1264457090654352,0.02894233890551065,0.042801236654907766
0.1548227350959239,0.07184717165574912,0.26191621290784145,0.018829361647626053,0.11528824097855543,0.12165709790372618,0.14576018774466162,0.02232220156797878,0.08755679049793752
0.14040820222501935,0.09277308832881041,0.10684180925982255,0.3002402658823718,0.12183069832055522,0.0629328384585567,0.07268481659723187,0.006762500899435322,0.0955257800281969
0.15272591652527362,0.15316875184989004,0.1734802922075728,0.036856430247655676,0.12660524366463324,0.13698245882015095,0.12221805827953681,0.028471110098947556,0.06949173830633922
0.09126717807791083,0.02214084541903912,0.4339815552733192,0.006868009216372112,0.08895401833773414,0.07257715211161299,0.08555807193583435,0.01640871699875028,0.18224445262942704
0.15229538832021827,0.0735250796907027,0.11837048677552504,0.20145443642927083,0.13506429680224383,0.08055172333915171,0.12236087189668692,0.023093904056858183,0.09328381268934255
0.16048629776965062,0.10045358411164003,0.12429011052010068,0.05904624618951262,0.12510729833172576,0.07886219156783758,0.1517314342758643,0.08160600351561255,0.11841683371805585
0.09094429316333719,0.2064738798199349,0.03312119191194606,0.05454181167140043,0.10338343536564566,0.15734350849806386,0.09056782716790755,0.21582890426250642,0.047795148139258004
0.04272248623701382,0.016429321265383434,0.4493629856392112,0.00046715163590933025,0.07570654535847976,0.04291611465154612,0.027871007655993218,0.11524453134931949,0.22927985620714364
0.11167844898897994,0.05633015887681964,0.07405391937478574,0.3132892959294722,0.11029667543671134,0.0693227651957924,0.07058597796417286,0.01294090453847184,0.18150185369479407
0.10883150188440689,0.037668408718069056,0.23620934911650152,0.05408300423893547,0.10591604402183742,0.13805746345341988,0.13500244967406086,0.030626537738039517,0.15360524115472943
0.14003003693838545,0.09682158920947208,0.12078824482729857,0.12033162711953849,0.13240145899337363,0.1849094360064106,0.13976932157058686,0.020105313938467772,0.04484297139646657
0.10854958401550115,0.12228587332562672,0.19353286179039383,0.016538486460921497,0.11500014366770013,0.09919938188419497,0.07335233120862253,0.05458378194737468,0.2169575556996645
0.1366928076637596,0.08324698974278683,0.3095678943674796,0.00879781260800366,0.11781255783217674,0.08962767451762754,0.11239551995939767,0.049883559652526444,0.09197518365624195
0.09489218858939964,0.06713629552289906,0.3219479873520035,0.002044137169720259,0.11420936518397982,0.10037564236547991,0.07246670896716893,0.174699448594729,0.05222822625461996
0.10980747965377978,0.15771540126363945,0.03392353419170177,0.1396132820685179,0.12334677705131399,0.1343351967727695,0.12040798903785867,0.1316075566639795,0.049242783296439406
0.0980018631170495,0.15829936680260934,0.023642210848255556,0.31625718462739066,0.1072790876662542,0.11816993624035421,0.07644425125620388,0.04245573304678372,0.05945036639509901
0.049643479495814914,0.015680663165922284,0.625519882475336,0.0007932360220699146,0.08811143256787997,0.08461322497502723,0.038057956458286975,0.019551806852607347,0.07802831798705545
0.17062427235587205,0.11438395618980235,0.07126531431454475,0.09480489208783871,0.1283713252168056,0.07011141749335278,0.12032624671036148,0.054790406059519764,0.1753221695719025
0.14436585651879616,0.1128358037198059,0.06979782087820663,0.1626131401163264,0.14238397031863423,0.12480981687916064,0.13045554076825197,0.0428771468666363,0.06986090393418176
0.1668513558683504,0.11560696521337878,0.12175815377504724,0.08017103672324254,0.13505333226569194,0.11805848393266187,0.1553142374038142,0.03629912846450628,0.0708873063533067
0.09827780242355184,0.05419248941143064,0.26297377563813534,0.007466710242446846,0.10878171384924866,0.1903560253103047,0.11394883729856616,0.10489586279108053,0.059106783035235276
0.12293851377982117,0.07083920603989868,0.13610480506431202,0.014708884664946959,0.11008652360540067,0.06260358986757263,0.1076021256698133,0.20753852932495878,0.16757782198327575
0.1185530445786052,0.11047928471195327,0.054087262162608785,0.13702058638391781,0.13154269031768887,0.1908968258064675,0.13199449448738854,0.06789696189750809,0.057528849653862006
0.1237471387048661,0.22753263466809748,0.024414329948074475,0.11893626269643237,0.1112815358547235,0.05897702609051505,0.09078107118328393,0.16013757323656747,0.08419242761743957
0.12692262847257982,0.12518318115228536,0.1051318434945388,0.044260655792350424,0.11975872373272606,0.1417475729814933,0.1317580259174904,0.10498300861490223,0.10025435984163351
0.18863574746007125,0.17109273186464155,0.10151962580437894,0.04298140652987003,0.13422843842081433,0.07679392547698957,0.14790833336958673,0.05961957210253535,0.07722021897111235
0.08853140795060939,0.12235857778572734,0.024021869547558566,0.23882079571811998,0.1001118162318425,0.08440864508938566,0.09569031037733126,0.17440156985033495,0.07165500744909038
0.16632370564081325,0.10131693024919258,0.14285033588322024,0.13343028305078838,0.1291165184588933,0.09355540885075965,0.09138159640891828,0.00685883157726869,0.13516638988014568
0.12655802338752895,0.05901899595961047,0.08320813140152027,0.2790881194944065,0.10574907153344966,0.05512447074950725,0.07356559226915466,0.012410553101206133,0.2052770421036161
0.14641438322103795,0.10892293410572361,0.1141061298779701,0.07898424395465703,0.16022835970499602,0.18204005390276237,0.13041010416185414,0.026408917145345604,0.05248487392565324
0.09728292743317024,0.03063517254564734,0.31632250043628596,0.02547192933586853,0.10068753204978147,0.14934739876021638,0.12554837824582413,0.027558529726639126,0.1271456314665668
0.15520920325042692,0.08920880448328973,0.23622811782361083,0.01643382716798041,0.12086076682384052,0.09217584673115498,0.14894312356173173,0.06046372690975286,0.08047658324821196
0.16428229711419448,0.07358883725937998,0.10854776963860245,0.09094648530769561,0.13545993392733846,0.07657458566305375,0.12143059402799532,0.03935833339857204,0.189811163663168
0.11670790812378506,0.049584549173453646,0.31624257570087644,0.07134166073008387,0.10860653475352554,0.1453420756456593,0.1103184512499386,0.005961343362087435,0.07589490126059013
0.07861181800311601,0.09982076674378564,0.013230578300875451,0.36964932404150636,0.0997176663156933,0.056275757648907444,0.06329093951517899,0.11315027072878918,0.10625287870214767
0.06516996101164362,0.03529825800208867,0.03259326153278776,0.35437398473048315,0.08148787186191299,0.08722407710083328,0.07047492463580367,0.05580054058676026,0.2175771205376867
0.10081893726786277,0.07515647625561102,0.037884373139393544,0.3653028948937389,0.12738099930433755,0.08550363029424939,0.08188440501837169,0.04267141666902033,0.08339686715741486
0.13617091954613514,0.09225899535970349,0.192112010473402,0.00865156866117117,0.11948907498757393,0.08826898657954951,0.12297123094298856,0.1548124273237738,0.08526478612570239
0.1378031384717133,0.0871669544305242,0.2386408655472967,0.005923548772119316,0.11505361404459229,0.12072016250847613,0.12953547311747127,0.08254340595633936,0.08261283715146743
0.1010272834480213,0.05194339527176351,0.1873294778191943,0.06114320934903419,0.11970539290439518,0.10844988216589024,0.12208067348817188,0.13149445553836261,0.11682623001516675
0.1386072745576565,0.09448695095707031,0.11536705349828393,0.05148096188274512,0.1171412100381705,0.13264978438262098,0.14688534108814713,0.06660223358924364,0.13677919000606184
0.08619950081171555,0.04565579586389731,0.041294766268921375,0.3247455477834682,0.1119661281487963,0.09024119575168654,0.09329365000335947,0.09109106386662909,0.11551235150152607
0.11952263005895165,0.10629974372398254,0.10278746038642422,0.060068519774963434,0.1198351479205832,0.1646595178359023,0.15270025633353798,0.13069907014569562,0.04342765381995908
0.11685311873957012,0.06046022687229934,0.07911285709928079,0.19090911897127508,0.1100843759740107,0.11394692622193071,0.11787503550399227,0.03899392369847305,0.17176441691916788
0.13929627708670844,0.13756967122236985,0.06380329225271954,0.08125906656539199,0.12663150331891548,0.11569592646088915,0.14733984438560863,0.11016185687704307,0.07824256183035384
0.15332456766073696,0.09077178259493053,0.14083454549508614,0.04569444755354651,0.12282591009858025,0.10001378509823132,0.15749262339038747,0.0722948430055459,0.1167474951029549
0.14599270438558268,0.08166427303595773,0.15513005658389653,0.06930589459038008,0.12685095294869275,0.17646901111573635,0.1477097017176527,0.021030930145556306,0.07584647547654474
0.15334455005302294,0.1354232798748631,0.19645979203625116,0.015082431466023912,0.12428990899940547,0.1057109967169102,0.12488973377143602,0.06008297976619988,0.08471632731588737
0.1413084788238483,0.10860541045331717,0.06904231606439165,0.25883101423120736,0.14016736529958826,0.08872518898797188,0.09682838843824405,0.0202660947819019,0.07622574291952941
0.13471833704707606,0.07550679397019609,0.098464219685225,0.19019213298081852,0.12532113645952045,0.1094832627460793,0.13786688942139483,0.041800765353293114,0.08664646233639677
0.1336221412954192,0.1930858463567424,0.033439652894134524,0.10140291013162296,0.1357604395513193,0.08899288737546052,0.11397562346263514,0.12786775517853707,0.07185274375412896
0.10991376051976132,0.17185060123366594,0.026131917145635657,0.27140848396834144,0.11312754395817208,0.11101489375379514,0.08712011906984944,0.049804393008986377,0.05962828734179265
0.07227217023646898,0.032394142918124404,0.32457083974953305,0.0034593030701762285,0.09461303226176743,0.06078186602467622,0.060980242569160105,0.14528577727748945,0.2056426258926042
0.20650974122149665,0.1636784916761906,0.24106130387940902,0.014083661998330275,0.12283115375561016,0.06662834800538649,0.11294476398168762,0.013364952081188356,0.05889758340070075
0.07725434834211974,0.03767505493836875,0.049917959846598525,0.30258363746773803,0.0859537495219677,0.0888113432795049,0.07923898009716579,0.03992687222484239,0.23863805428169418
0.11940538351898929,0.11488117728111706,0.05777674887555345,0.16734171544483245,0.12433199941460323,0.18882013155254793,0.13305109744401078,0.05114263461698254,0.04324911185136329
0.12311123769841088,0.06585035642154614,0.1715120920296633,0.04732964809934748,0.11453841544001157,0.14051087706596482,0.14446367565513044,0.06056960033609372,0.13211409725383164
0.12255883430516253,0.05446322639697529,0.19514186622253096,0.03522771345625494,0.12582720623693625,0.23229636419168642,0.1397725766824808,0.021781966123770532,0.07293024638420219
0.1457408237097329,0.13718553521853558,0.07410852018935776,0.13883424532455274,0.1338541516788007,0.15647160235636293,0.13255402349236248,0.030011848120315918,0.05123924990997902
0.18626029143209344,0.07000491153710849,0.2066388145941703,0.04413359244467547,0.10770326858076791,0.05323778690883629,0.10980862738089514,0.014032432444147072,0.2081802746773059
0.15344464966059634,0.10979324444894822,0.23086697992095928,0.027303725133951132,0.12230706537283914,0.1355931696319366,0.13956048954773392,0.024169393259335325,0.05696128302369996
0.1499941668511092,0.09145295015279341,0.27428991651365736,0.01773276821460248,0.11914108152571856,0.10555349694047013,0.13043662706156792,0.03040442646119647,0.08099456627888454
0.13464699111048786,0.0739447107273271,0.3933762880048713,0.0016035334314759956,0.11266345433413351,0.07317014499930972,0.09348797403282923,0.061794273052957614,0.055312630306607526
0.17282647741205168,0.09989500351733623,0.09451385631312277,0.06016319865632372,0.13126467038037495,0.08313702973959748,0.13325557872008498,0.0523472217541183,0.17259696350698994
0.1219858400540862,0.05561494599521826,0.354992234638524,0.009569092946991037,0.11083331310805151,0.10301601558818034,0.11793657131882439,0.03863511104284801,0.08741687530727622
0.15991222465745158,0.21525012493258186,0.08167617810620266,0.05293540961745691,0.12719447595955669,0.1351547634006153,0.13499639438174393,0.04371323644820022,0.04916719249619086
0.0816435306283591,0.02266644511643554,0.4086778230683112,0.005331743457089373,0.09360277885530538,0.10693834517788543,0.09382412725341664,0.052782242825893506,0.1345329636173039
0.08959297467027581,0.08074814066450468,0.03694635705772969,0.18731351695507467,0.11705297960282875,0.14660756762450436,0.1098798495219771,0.15807772353670638,0.07378089036639851
0.12435363905117629,0.16890833887814574,0.04241700588132424,0.1232490783088072,0.13774232556657398,0.21365332900913234,0.1148642840349808,0.03752379611411978,0.037288203155739566
0.1297263454577987,0.08854531539479184,0.06172981735359562,0.25024188653648227,0.12824202969277643,0.10351996892512748,0.11346011247858546,0.03668084843865906,0.08785367572218321
0.17066130076037112,0.13223959831686985,0.07264533460072088,0.13317296789753738,0.1370488902170382,0.07996765352276594,0.1264307240703292,0.04336546936651786,0.10446806124784964
0.07518542723296966,0.03626222621629696,0.07764744426606153,0.3528813883234759,0.11047193497269751,0.15289922436126654,0.06658498700725891,0.012887479910066892,0.1151798877099061
0.14713852249097303,0.1902494941980514,0.06117067487849673,0.09340264486004152,0.12534040963286447,0.13261449621285318,0.13145345306580788,0.056259412789123296,0.062370891871788466
0.1551113251469641,0.08269916560425361,0.23217102744234172,0.04061563334958002,0.1226588089420987,0.12043729102494348,0.1515669599941337,0.024614154053588296,0.07012563444209641
0.06509848726160089,0.015240680940201421,0.059072799538034404,0.3523697670814358,0.07063194433004001,0.040657085386370105,0.04356829551616134,0.018231945874533993,0.33512899407162206
0.15980720622177777,0.20787227001320918,0.0509622759317381,0.20759387372503948,0.13691992541537953,0.07372700883037889,0.09206484163732481,0.02254574329525726,0.04850685492989498
0.10228471594775541,0.07007972397265742,0.08866476177215048,0.28415014930552446,0.14315583110833813,0.14328717263820087,0.07325463281536561,0.011953280509463341,0.08316973193054437
0.15675144071751468,0.17011806005583188,0.10116921008066533,0.03158452902641401,0.13511810728629073,0.20496597084657897,0.13717138701382878,0.022685234165192154,0.04043606080768352
0.14647577097941836,0.11832984692085352,0.13962935491438044,0.0384472085699938,0.1266156626108354,0.1382790862714736,0.16610109622430255,0.07179279501023926,0.05432917849850313
0.11277122719235622,0.06326027636459725,0.37815086864364317,0.002624453736475989,0.10806764451526091,0.09796456664078891,0.08825108153442589,0.05179187032874244,0.09711801104370917
0.1738670178646976,0.07424931371518369,0.187570487740197,0.04942047679828926,0.1258297268357941,0.0863632858333964,0.1517609682322111,0.02987631142189831,0.12106241155833249
0.10201078748564048,0.07269746818168095,0.0764722368848349,0.19342580190373723,0.1090717977459764,0.17691516968107365,0.12202611307368817,0.05033445410838309,0.09704617093498513
0.09338023793360278,0.08302171241986143,0.043792931671724565,0.2664462283153959,0.10257581706889629,0.15484928860056332,0.09974558732021488,0.04861957316672805,0.10756862350301281
0.061675307754239406,0.03864241843191822,0.3144662291128038,0.005121558288710445,0.09626860518283,0.1562646237702543,0.06303246856434752,0.11096442647677413,0.1535643624181222
0.1497860225979333,0.10930595007625114,0.11552705367443054,0.07386328049653851,0.12221221684582008,0.10222666907949514,0.13959337870796365,0.058504916361438036,0.1289805121601296
0.15148818187184074,0.1369043795290191,0.06960111305946566,0.18578393271591118,0.12931878601586855,0.1024481866073626,0.11966861428176954,0.03119548259533218,0.07359132332343056
0.1300568980021344,0.08722222002378865,0.08828217265091265,0.061995161382730944,0.11601865363441084,0.08081052438209912,0.13872608802812084,0.1598932867729563,0.13699499512284627
0.12068900585285641,0.12534819574829043,0.03660243324557858,0.2463637751409872,0.12500587879260947,0.10068333791317176,0.10965883982445457,0.06697394268158961,0.068674590800462
0.13981462456887017,0.13209363404074162,0.18061893994451161,0.036632484145569855,0.12338773555796252,0.17099663444859045,0.1272675302463061,0.02877173592888412,0.060416681118563555
0.13987732141632425,0.09078792223282524,0.07647066723813106,0.1534372645490274,0.1555254836777867,0.1110859229425159,0.12307167162144605,0.05647994295674361,0.09326380336519981
0.15069722607630517,0.1486346508325018,0.10133636910223277,0.04291577960543599,0.12449172842333867,0.1371244901277026,0.1565969792770473,0.07411492802926772,0.06408784852616796
0.14684931880372343,0.1953244543620238,0.05528238526239964,0.10170367025929761,0.1255842782430886,0.12673970454699965,0.1283488568488206,0.05730121697035014,0.06286611470329656
0.11965881075276731,0.07069223428637741,0.0512753156931954,0.30364560700493076,0.11377570631697094,0.06629105670843709,0.09536151203094574,0.04127614588940154,0.1380236113169738
0.16569070444615885,0.176458940355352,0.06878895661644405,0.1261671357219728,0.13992362745079473,0.10553118438781317,0.12934924641493076,0.034593507570972286,0.053496697035561404
0.15627159088704318,0.0705982253012588,0.2320258129551039,0.0421124265369173,0.1154281796441659,0.13005138887207257,0.13033138597969127,0.01105815453323096,0.11212283529051607
0.1324577495226156,0.06334689972477515,0.1558144338296651,0.05974807706273408,0.12815237517474565,0.19963518357558732,0.14616239418492694,0.026323541505077205,0.08835934541987295
0.14307203260884016,0.21930989010375224,0.10201659583271139,0.024005756672659806,0.12147957891567777,0.16587995603843694,0.12710654593861676,0.057885939464054924,0.03924370442525008
0.10647285811244078,0.0489429422184507,0.07910738498604347,0.27461190478958003,0.10997210950263701,0.09529692924876106,0.08156905637093749,0.015724969806017317,0.1883018449651321
0.09194748556905118,0.13278259502709694,0.032936883688805776,0.12466299431319218,0.10205596472639052,0.20574835779344414,0.12111377274248669,0.14935339571214623,0.03939855042738629
0.1631680219720533,0.12915872646887103,0.07793101875645896,0.1725556639799526,0.14353587541938262,0.09461898639268344,0.11990744640449746,0.0268867504606138,0.07223751014548681
0.1389112184620169,0.12290769263836404,0.20564608307661314,0.04482714597644214,0.12340585832721501,0.22739357716342404,0.09726933770624722,0.0032438035070918455,0.036395283142585645
0.13638608121809334,0.058890424122302575,0.1259349424599017,0.08162970130786071,0.12285333865256376,0.09725305796033072,0.14866363679224284,0.07438472090528368,0.1540040965814207
0.06918401725167453,0.04318819755632319,0.5744827105874414,0.0004126295930095957,0.09838929830757703,0.0801787020599571,0.04274340692763804,0.024107955786014875,0.06731308193036438
0.13937874663519897,0.11957694284238947,0.15048464951554483,0.04069421921548319,0.12197915212345602,0.19498366231520584,0.15433547052860686,0.03715914929600287,0.04140800752811195
0.14667674911847653,0.0708575685602135,0.16940819857725709,0.07098957163796578,0.12326897746464754,0.09103299556577238,0.1542284958680312,0.058451276461546055,0.11508616674608994
0.1513839132180085,0.0827202510822249,0.179929886154913,0.05870522148716809,0.1194675192157842,0.15115607748561286,0.13418241831512942,0.014967231556253171,0.10748748148490579
0.14688394396639998,0.14885313273430137,0.08047821229997493,0.0452818553437182,0.12155587880436618,0.11988982145152732,0.1482634736923322,0.10123439147893787,0.087559290228442
0.11459490057142761,0.07052286958084351,0.06003515099279657,0.1898850782102154,0.1157938423727478,0.07780850301849906,0.12563520548158189,0.12491976689744276,0.12080468287444536
0.11155667444459834,0.06521121532948289,0.11809453818185751,0.1998374720103908,0.10246689958181697,0.11334211658410616,0.08981457597823994,0.012497149744817517,0.18717935814468978
0.11553642840185123,0.047981080588817594,0.11889167416379472,0.16316703572072258,0.10584947217263287,0.1058950069753692,0.11794944993830657,0.028271736886044566,0.19645811515246056
0.14072326647181568,0.09539617256576899,0.08733861755306083,0.045318189542677155,0.11250544929386515,0.06789765410084637,0.12643667159114355,0.13834313617267083,0.18604084270815144
0.1400525318836273,0.09416181140908532,0.17734669286615398,0.1630742282552685,0.13619311337678489,0.12211427026718928,0.07472115101485911,0.003438773330818505,0.08889742759621315
0.1025608110611085,0.05021775832449118,0.15527376938567813,0.051248258979119436,0.11315187967649638,0.1818474436650418,0.14762103964568976,0.1215631105671867,0.07651592869518814
0.10578298821221593,0.03944782477238151,0.3130330824423108,0.03047188170700302,0.10828816904671495,0.09124995977496105,0.11605011972801238,0.03964513303825013,0.15603084127815026
0.14683482685541613,0.13209474763191217,0.059776730071723704,0.25107127856769473,0.13185804198772716,0.08509984161198815,0.09648906511249165,0.02118947391743632,0.07558599424361
0.17274484325872677,0.14215054333628122,0.09626516521500739,0.05586888911098858,0.13557879416359023,0.0817595655047683,0.15296577112542675,0.07922702403549285,0.08343940424971792
0.14985499493010934,0.1390783656585677,0.08062738213166591,0.14311260944297646,0.1272495446874187,0.09762501363803111,0.13521797023979099,0.05451328920745421,0.07272083006398555
0.1147538605953161,0.08514195073746411,0.04936416571111848,0.2845538025793775,0.12074791047095364,0.09435593171618284,0.11561236901934417,0.06452494543880294,0.07094506373144027
0.10212225494712761,0.09228948083350748,0.05634929710992586,0.18572647079896965,0.10868848290438304,0.18713315211935955,0.1196940830266997,0.060078489697027594,0.08791828856299948
0.08661383665072485,0.030027597498237534,0.4925784079931133,0.002307577771092587,0.0929098889105548,0.11274019110809441,0.07611873670874388,0.014952019101282008,0.09175174425815667
0.162734221716171,0.1293608311229119,0.11974598508573951,0.22009688433410438,0.13783150405058345,0.07146113551731802,0.07922890338156563,0.006327538585954507,0.0732129962056516
0.09291386609184737,0.06610442850607653,0.15723979655280193,0.06711222079183175,0.10784262873663585,0.09190623128950688,0.08668932052853873,0.06064974562784916,0.2695417618749118
0.1595635421737026,0.0937587710063551,0.1180018230804154,0.10400124275068919,0.13564803894756264,0.09896884401914847,0.15481142156944824,0.049571983102838474,0.08567433334983983
0.1673036336591525,0.07228063053808494,0.176104724528484,0.062414438372068205,0.1142325586858844,0.09146791990168268,0.12168296049410166,0.013970666230431772,0.18054246759010975
0.14372771075986768,0.1538386228715999,0.1119906674816669,0.038674140762963834,0.12213826253665912,0.16703087677559236,0.13824026642042084,0.05194485977729298,0.0724145926139363
0.11259503362352206,0.08477824874197493,0.24572990927960578,0.0055791589030505006,0.1104830929358604,0.12355341366596499,0.09369956335150176,0.0746917607430677,0.14888981875545185
0.14771849073849594,0.10875138900445284,0.1266207237637642,0.04228615335628678,0.12993212537860296,0.08942548008309038,0.16049686252182027,0.12499204914479457,0.06977672600869203
0.15871464326594711,0.09611430350773988,0.11390491097819437,0.0891941041606744,0.14086836903940983,0.12970447838480276,0.1489315093605789,0.037138994076397036,0.0854286872262557
0.15464794890423003,0.1980582293772426,0.05937760647686515,0.06970205640785157,0.12549828300081656,0.10873244358266916,0.13556449603123735,0.07684597355969551,0.07157296265939196
0.11111800733066364,0.12458090456938671,0.038769481524278636,0.15515186966471495,0.11458745995274693,0.10224751620034207,0.12421168889394091,0.1555580120398968,0.07377505982402938
0.09382289405861814,0.24122860421557113,0.018778617904026608,0.1312572021955244,0.10134637672647052,0.1438064831585667,0.09119597252459412,0.13796069768530136,0.04060315153132706
0.13014184796057776,0.09655153714437636,0.08818892761572024,0.09030455277416216,0.135391676919484,0.1594138396637537,0.15063878878742396,0.08077374079609219,0.06859508833840955
0.11138383247030975,0.07614136654079863,0.09193797565187047,0.18144300835685426,0.12468574369528222,0.23803912543635197,0.11975366714747022,0.02022326579988053,0.036392014901181914
0.1493275441895142,0.1318553547255232,0.12686908445943337,0.054669640175138,0.12716390946997191,0.13459725443260315,0.16002016367340666,0.06262964185265546,0.052867407021753944
0.17583922758876902,0.14652656676516937,0.23467234938331935,0.021976310191668968,0.12375290664323874,0.12799051483919155,0.12180202176701484,0.00900233314316835,0.038437769678459854
0.1705914820618353,0.09470975971223945,0.24676430258262516,0.038253387255987974,0.11563399768090771,0.10274827221661946,0.11184690172996385,0.008088600740369318,0.11136329601945179
0.03789513933284927,0.015406121435223923,0.6089625148090667,0.0003275177074269478,0.08428111150822183,0.04852557380507513,0.022188111647602007,0.04492372765242558,0.1374901821021086
0.11238348894693258,0.16481492937009143,0.029978926449736612,0.267556910769782,0.13429289773463454,0.14152666224333213,0.07804505020645373,0.02505881024480798,0.04634232403422892
0.1395869791013082,0.09207149612499871,0.08298590575045268,0.20241418713457196,0.13447428238740317,0.12095082955026891,0.126930752691034,0.03036106507516966,0.07022450218479277
0.07645183790587126,0.2844432348454791,0.008858575888332935,0.13850614247697343,0.0961039569240724,0.16377306298649216,0.0725269969283674,0.13465904327581943,0.024677148768591905
0.1589310130886591,0.10675495406280718,0.15095454785751775,0.04174334057160673,0.13175730170261132,0.13071695321529853,0.16582935376226896,0.047644537678446904,0.06566799806078354
0.15465326510034746,0.06479474430355973,0.17364832416472495,0.035195572988031866,0.1044785991210655,0.07437094858073139,0.1195538303793977,0.029545485321989664,0.24375923004015174
0.14572045777647133,0.10836194535552562,0.0825233295467025,0.22136486632715305,0.13505808319168972,0.10945595233139681,0.10940010436839755,0.018072873803918588,0.0700423872987448
0.12973963561234145,0.05917992509195428,0.23644569760214348,0.054879877056558425,0.11850775572022641,0.13799587389428533,0.14885617928263367,0.03169017699158531,0.08270487874827162
0.10828380630742561,0.07411662499115114,0.38795575252246506,0.002029144003145519,0.10882639634068754,0.06804567274195235,0.06733001063567323,0.05537385178467538,0.1280387406728243
0.14299163913030496,0.16048047516860486,0.09366424189420201,0.03436740422077151,0.12197982355596008,0.1148639773127612,0.14515864222806155,0.12485321500779929,0.061640581481534534
0.12358247870868601,0.0759118643706374,0.09062921037821052,0.06635006454903476,0.11197445291732912,0.0980742217262545,0.13876911541813491,0.12577291636931429,0.16893567556239844
0.14585621679823899,0.0676389194134716,0.16509572485368115,0.03347395883910835,0.12154157969521302,0.08659521004582212,0.1554624020695987,0.09410399121224726,0.13023199707261887
0.11320498600696678,0.10370788191828355,0.07211361012131119,0.09832187672484889,0.11558519632599595,0.191123095632408,0.14733661711043206,0.10405727511902911,0.054549461040724556
0.12070467413749793,0.03994139267320791,0.17105995356114945,0.0769499060327156,0.10380634468295101,0.10477900882737623,0.1296383521427897,0.030224485261877442,0.22289588268043478
0.1633039550712489,0.09077318556209625,0.13044795254626654,0.0750066225325797,0.12285367370044241,0.08333171096706112,0.1442078002342201,0.047131478460709954,0.14294362092537505
0.11258509167446008,0.049897730799631335,0.06120041907936472,0.2447951827604391,0.10868058752495331,0.07233399515764062,0.08633841581257518,0.03151313941051953,0.23265543778041606
0.14071694243246294,0.0728324302370353,0.20929091409851686,0.014529798631101766,0.11957199585381727,0.14547759005668737,0.15531417771631886,0.05391995072415653,0.08834620024990307
0.15686672818415298,0.15307462238080194,0.09018327272507283,0.07689174603206987,0.1502734501442042,0.1834957040037798,0.12370025911336983,0.018649462549281463,0.04686475486726699
0.12265077431312969,0.0793324200808678,0.2093413262279884,0.019536502801106845,0.11214763130544099,0.23934938715398957,0.14390348280057513,0.025066936518239963,0.04867153879866156
0.149182439574583,0.24326991356125446,0.04394728587612761,0.04335269453510321,0.11933868407943489,0.08458033234156485,0.12023311341348164,0.1280711611832364,0.06802437543521385
0.16332457292494404,0.09468618757431846,0.2547394065178035,0.010989979454272372,0.11664952129292283,0.08710268359474731,0.13175377482900794,0.03983470980240507,0.10091916400957857
0.09761564079025113,0.06161151282556906,0.04601935893476705,0.3815822573063985,0.1007174979559894,0.05046959445614441,0.04939333315143185,0.012291797802041829,0.20029900677740672
0.13909913603109605,0.13222663262941717,0.04188490001989148,0.23005287567478216,0.12266812684724797,0.0695285589527878,0.10398171910542693,0.05744791998264435,0.1031101307567061
0.05200658259540475,0.10116970743342808,0.006546750588822796,0.42214464619950226,0.08448081916167771,0.05112747047672222,0.04853748323112265,0.1821886873020243,0.05179785301129516
0.17964292146895008,0.09599518566399733,0.24305703649053587,0.0526582773009695,0.1208785206824971,0.0824282854692646,0.12007590415288706,0.01008948409506707,0.09517438467583139
0.12158035321932996,0.12618400979449715,0.031144251665679773,0.32095091061126496,0.11482081119242606,0.0606800067074433,0.08347266235731436,0.04724399055465842,0.09392300389738602
0.15968138667568862,0.13462295089784615,0.1368258596069437,0.02463386316351666,0.13717681840051324,0.1682658370623915,0.153122472041231,0.035075677465005686,0.05059513468686334
0.14268342645317192,0.14734227533797853,0.1356064351787132,0.012413253190224372,0.12239184096181262,0.08169896579396256,0.10508923255312518,0.13586213733219696,0.11691243319881466
0.08747188715657928,0.09627899635516353,0.02519264010379472,0.3376019852259426,0.09459274595344469,0.092254425978354,0.063388636144097,0.03617731737933232,0.16704136570329198
0.12843791776370472,0.1374270713699073,0.07555039563586465,0.026306968737380542,0.11531564890161933,0.18200741169463897,0.14711396682879954,0.10950150237767131,0.07833911669041367
0.09953150873797718,0.04251210417360659,0.07191022544184943,0.1727919617004642,0.1005616779394611,0.09119641930572886,0.1147173456848128,0.07702643827152662,0.22975231874457322
0.09610792559423707,0.08168293193305332,0.031197422882743242,0.37798668763969395,0.09208777003113373,0.049001000487350316,0.058537049605814906,0.028905303965695267,0.18449390786027822
