0.15425681858593782,0.08670317835094964,0.11287157055378207,0.11317137270518474,0.10254833694723499,0.16354575094071389,0.032591568953391305,0.11264391256124968,0.12166749040155585
0.14340118891162243,0.12205403364102796,0.1193081296735876,0.11554954709148883,0.11575297493625962,0.1025508379489518,0.06746313940949213,0.060996625595782866,0.15292352279178673
0.08165845134364735,0.19345807687288374,0.1107339491891921,0.12015989036396356,0.06474363964242454,0.07267130867857759,0.21119006914706737,0.03919627389159903,0.10618834087064467
0.12244046253376724,0.23184640054817351,0.11103022683418862,0.10400846292410897,0.08452320406254987,0.11504015193573115,0.11653535369719782,0.03155961373456113,0.08301612372972168
0.124534314047703,0.06107615555761194,0.1296234302568382,0.12447860660145237,0.14006074248369785,0.07263483324614595,0.12038860178324229,0.10258942217191268,0.1246138938513958
0.09894265683423369,0.1354085245013421,0.12009995737497803,0.08832629816989386,0.10668329986795226,0.11556310169787272,0.13166929898227364,0.042639014343920534,0.16066784822753313
0.12423653746509843,0.20660457131572765,0.12172258666823776,0.10285127507484622,0.104963701878802,0.12042971615213909,0.052560040418665334,0.04718893017728298,0.1194426408492006
0.09584478648971796,0.0436564767204086,0.14383808414978252,0.10642571839780605,0.145743158189136,0.08747743050293073,0.08945686375847867,0.18545425379632774,0.10210322799541166
0.107288367042584,0.06461125538082878,0.10422342339021524,0.11491206850896585,0.12215209437287383,0.16422218061802812,0.13751965438269032,0.03313476094765363,0.15193619535616024
0.09169865255027054,0.10699766900436625,0.1067835691845715,0.10222374918563777,0.11748016675220585,0.08459826116959555,0.05693842229991978,0.2511411227234471,0.08213838712998563
0.11995258316278236,0.08472210513107377,0.14785819592183785,0.09051024551011462,0.12172523668822836,0.10258169009226197,0.15270733103781223,0.062311608829841804,0.11763100362604699
0.1257858761619963,0.10032581575273959,0.14179900942612564,0.13489296595727432,0.1108225761702375,0.14401740386605041,0.1058451809623907,0.03224644626843873,0.1042647254347468
0.11503669893427892,0.07742652707537474,0.10988983475839742,0.12817771334423553,0.09989856012294697,0.0597174156868163,0.1477014382956042,0.13610439602060687,0.12604741576173906
0.13218983405330265,0.07487863307138505,0.13513209859437447,0.12083891999976282,0.09504947811022309,0.10086543015342392,0.0844908934384118,0.13154640227072636,0.1250083103083898
0.10874886934365924,0.03242827745761343,0.09115311570659608,0.10104391680606982,0.17826407010234346,0.13504436635324404,0.1900006191052351,0.051884582052284405,0.11143218307295456
0.08180050011843856,0.11265938011935216,0.123593424546664,0.10867967097909309,0.1074427070877632,0.11240288805782173,0.1250441062560849,0.1215978221775708,0.1067795006572116
0.11292764019083786,0.19471479892279797,0.11352441152555788,0.1093299021838357,0.15893180019246458,0.08036307013820955,0.09290916220645269,0.04617436293394881,0.09112485170589492
0.09608184917497348,0.1506719720099786,0.08015376190068828,0.1051701056893473,0.08863220778429882,0.07341918248307729,0.16969523132798667,0.11583423082710594,0.12034145880254364
0.08522618058169551,0.2359311505974977,0.1035560905258953,0.10247303115266244,0.11049926307490739,0.14648721107729065,0.0875745700335455,0.03512064350227439,0.09313185945423101
0.11584908494170382,0.1954492189440911,0.10566138356532388,0.10182538243539384,0.10106319695135674,0.10620930029614402,0.08819985067968361,0.05684263643347192,0.12889994575283104
0.11940574750701977,0.10102378940272305,0.11290858161101107,0.11727269076407283,0.18358565704631954,0.10428922986379878,0.08504225520573956,0.05203847549492265,0.1244335731043928
0.14286661090526687,0.15081701764746147,0.10077206081321621,0.10901594494420354,0.0828439152510584,0.1781456101206543,0.06607180417420642,0.08130153643369102,0.08816549971024172
0.1294069898449487,0.10873189438422586,0.13787400796665825,0.14185741937214894,0.1212413162049472,0.12535032036609114,0.08522271053042041,0.03279688205146158,0.11751845927909799
0.11386355830427447,0.1526287837332747,0.10604293223771127,0.1122005881863351,0.10965857387089133,0.08416372116388643,0.17759407116024717,0.016097116475808044,0.1277506548675715
0.10950584985162563,0.13740592476920097,0.14082015606938417,0.11055041801028677,0.13303887671669198,0.13694176172294018,0.07766965099757207,0.06060900498737759,0.09345835687492067
0.0921900026900407,0.08406371631693842,0.13523436043560502,0.08110957812904573,0.08691477805528462,0.18593194813270855,0.08674676808684478,0.14122509873228087,0.1065837494212513
0.07800185624308663,0.12330909413842932,0.10667826727123213,0.09818225573422375,0.11675680724288824,0.15324833555291228,0.0781085553248464,0.13501615276237197,0.11069867573000929
0.08814454733792611,0.10423285795824318,0.11602021480830578,0.10791080296591837,0.14664224985108953,0.10062977920045185,0.05092148408747515,0.15953503348826148,0.12596303030232853
0.08200451088037904,0.23143628335103295,0.11102526485062834,0.11421680974404307,0.09699821615156674,0.08757017113247527,0.07289277170887905,0.11218126892849689,0.09167470325249862
0.11907332085591972,0.14949584919816938,0.13249866308086994,0.11972759645157623,0.1019553799831044,0.1145507077162113,0.10258060872768227,0.03881098892745168,0.1213068850590151
0.10168366374145199,0.15813835837829107,0.10479751806598082,0.10305637490453291,0.14492591463408028,0.17568850320242382,0.05817715076662237,0.038766875624362415,0.11476564068225426
0.0897941017706398,0.06422089754586408,0.11106624029450733,0.12862110991084982,0.11707771273905236,0.10157586270830928,0.09511932962355034,0.18426073936214496,0.10826400604508203
0.11325922265746446,0.12581739919931254,0.1318770630348172,0.12138446132088114,0.13115752071837414,0.09368993663308865,0.05789775383809556,0.08045314381596728,0.14446349878199907
0.1385067802793988,0.09210702456696344,0.14495473315966992,0.10904449653836516,0.13784719742897253,0.12053683650152791,0.04111992625424676,0.07179420711152963,0.14408879815932582
0.16090283980438047,0.07911664014696305,0.10086543207209153,0.12966467907894702,0.1749325475672107,0.0712373622783436,0.03058844541597035,0.15821686267423804,0.0944751909618552
0.09827184787402969,0.10129999759920046,0.1417752285981763,0.09815016922611837,0.09993249907932604,0.09860725646773406,0.2106123813993406,0.037410769084170924,0.1139398506719035
0.09629026392371291,0.10049188549911632,0.13630786481917612,0.1066475774363526,0.2209870452231331,0.08119497506493119,0.11575843614477682,0.06794301436697497,0.07437893752182594
0.1701938065877243,0.1651014341764866,0.10970570440264793,0.09917360686752243,0.1280798421590259,0.11600084869558985,0.03546860140256903,0.04932854699263881,0.12694760871579513
0.10076729228380077,0.09389300054511794,0.11222927139837784,0.11955270891190288,0.14193667389907935,0.10972503385855066,0.16522015030066847,0.018587949941430273,0.13808791886107183
0.1318594266031573,0.15414159721911266,0.12791937304037018,0.12001025002653447,0.12221592410243944,0.10231215659982518,0.048250677714271835,0.10074500988152722,0.09254558481276172
0.09686159623650732,0.05335483484895918,0.12373252314781756,0.10129149846765963,0.07778512578220988,0.102566405798122,0.28782838942283046,0.08464516717403665,0.07193445912185727
0.13189453792808403,0.07005219888264129,0.10438375181173433,0.1263417389721692,0.18225236957938695,0.11097326804348362,0.08366461644251207,0.05453595586732746,0.13590156247266108
0.09620410107982602,0.09028211732287765,0.10169074414018747,0.12486504753025257,0.15307672027091793,0.07136369542150116,0.04674918539340359,0.20468171785080289,0.11108667099023066
0.07675001480807404,0.24869443725514373,0.09498334041718433,0.0964557502445985,0.10981302525338872,0.06551577658641138,0.07953627153807719,0.1180255802208852,0.11022580367623695
0.12267158708971611,0.0364525307657705,0.09732952373787163,0.1221597613412375,0.11918205359508971,0.2005236208605886,0.11445605447988326,0.041845572473984106,0.14537929565585853
0.08346951201292056,0.08475428987179534,0.0996240077563354,0.10494006251326249,0.13814923730315098,0.1201621484927244,0.11786066261110299,0.10108522303788459,0.1499548564008233
