0.16259932196060287,0.07464728468290407,0.16463308344234454,0.04734758319939777,0.09800563167958733,0.10105570753331596,0.13522895214160138,0.114076473353919,0.10240596200632703
0.19290520946478348,0.08583058370467878,0.13211083233967189,0.05034163370843886,0.09759689204481632,0.07384615167320537,0.12673549170346277,0.13034143481477925,0.11029177054616325
0.04473708569565171,0.0958358237011937,0.1983127415375826,0.020870500320225017,0.12728566114203874,0.19540803727751713,0.17569402162518397,0.059405505194109885,0.08245062350649726
0.05923001421219711,0.08006427787606621,0.13579156386806435,0.009831510130270603,0.14037440696780157,0.3296061572890346,0.13617330870192515,0.03299944444116566,0.07592931651347463
0.10621907417311811,0.09240736378058927,0.12509278019794434,0.09697721220103735,0.10789746854271777,0.12518632702354748,0.14255567877222436,0.11840740911992671,0.08525668618889458
0.1051908819202172,0.09307478097224527,0.11893721672777385,0.12122579232646834,0.10418422781041126,0.1463563101039076,0.12809590648686894,0.12082989479655747,0.062104988855550096
0.14934614523698908,0.09164823635521219,0.10237197153377857,0.08819829774169002,0.12262040997410394,0.13505049930164623,0.1206225480492521,0.05495083477476357,0.13519105703256437
0.26707213188023,0.07939564246619155,0.1279950829268356,0.077552504846104,0.09410534815498738,0.06423828030332769,0.10168335028133035,0.1094205478481538,0.07853711129283965
0.18806578812807148,0.12053800553799261,0.13198491430579895,0.040303210698105225,0.10526065712742927,0.08018954549335207,0.11706071377872825,0.1538414676789319,0.06275569725159026
0.06832188723489313,0.09654289145457855,0.1644211828359372,0.013469683881070777,0.126054445643949,0.26101677721366956,0.13050078730709078,0.022584505070400784,0.11708783935841023
0.21237488810385996,0.08444696033685349,0.10784389631744734,0.08483308735140521,0.10007746900306998,0.12358556886867526,0.13205096228363114,0.04406804463382221,0.11071912310123537
0.20498778744500482,0.06939247656424231,0.11847138060028727,0.09369495741491624,0.09884333745682393,0.07949134179305005,0.1536229750207362,0.07160298758416071,0.10989275612077849
0.07819593760033615,0.06836730347352506,0.11625466827817647,0.1016994863130053,0.10498684620656301,0.14392043191159679,0.12926733992802733,0.17620395194619545,0.08110403434257443
0.11591177578342475,0.17001138012864467,0.0544215413144487,0.019119041994636526,0.1426181983322101,0.03720670777774992,0.05047251178387646,0.30991501773067737,0.10032382515433154
0.148306544882477,0.043229893675847446,0.15640065952922447,0.14500505627983867,0.09503470445173555,0.05058816178190423,0.08115024703222316,0.21568505902849908,0.06459967333825044
0.029771864346040382,0.2032222465516503,0.14718977739399855,0.00440414588995485,0.17574485983996735,0.17045297793082292,0.11187869012636563,0.06251255306863857,0.0948228848525615
0.1617982785211589,0.08865867084824831,0.09475203307442848,0.12102477542845298,0.12308075387227224,0.0512071925667029,0.10251340202149395,0.16941476867277525,0.08755012499446702
0.11553598394838105,0.1197555062108097,0.1250646455195253,0.12924603145137906,0.10363280633337042,0.10934650506546484,0.09337922882830214,0.1213470254545352,0.08269226718823221
0.11210615092774841,0.09559385978373501,0.16833269641391835,0.03715016296380393,0.12089116896064105,0.22706381394295985,0.1137496731172908,0.02602689539893438,0.09908557849096826
0.09389210378042145,0.17596270404025005,0.09516841669686528,0.017612269144197886,0.13854703937647522,0.07490285236240396,0.10036444528473808,0.23257476766501775,0.07097540164963032
0.07458301826008855,0.0642253351543954,0.16079489593437427,0.04991137624574985,0.095791082474378,0.11549054425142545,0.1381926083654855,0.22868104770313938,0.07233009161096365
0.0862051630112393,0.07069870605347182,0.16041645308871916,0.031923558858386214,0.1291919643438667,0.06112678790214703,0.11836870539025916,0.2030403190709025,0.1390283422810081
0.2465585554615096,0.059712390280004746,0.2541258946563211,0.007079827279436876,0.10702975891186979,0.06883618815946588,0.08699097820186046,0.030038668321413563,0.13962773872811796
0.14702371452862537,0.04938901124485277,0.2238265221089076,0.014454932954211734,0.08695344261752375,0.055096163659517694,0.13577270845830447,0.18521517791899603,0.10226832650906059
0.1592572515317391,0.09342132435698801,0.13400380711776025,0.10781939414578967,0.11015845408517543,0.112092194069348,0.09286608855932886,0.11856982587113858,0.07181166026273213
0.26537240458193867,0.08497784382486667,0.11582736075451143,0.05187001171917969,0.10187141021380382,0.09499167488256628,0.10376630134243504,0.0969338740439623,0.0843891186367361
0.2017743519849385,0.07209517460321714,0.10717166044470712,0.09032169858069976,0.09006187860972668,0.10425977132597249,0.11754234594147066,0.07041327653116644,0.14635984197810117
0.10252144680933008,0.1110220524516237,0.12127687062844676,0.09149388333302409,0.1241369470066791,0.17965465173553177,0.098784406534097,0.09965034967955755,0.07145939182170992
0.16638760394358257,0.08361520280431933,0.08985494366229242,0.15285922672858696,0.09422695123488013,0.08295150410935835,0.1133400240457606,0.10652615015329059,0.11023839331792902
0.06289379164801982,0.09306358721651742,0.15018638619311353,0.020265199217801417,0.09912770159108446,0.16931287471923237,0.17910247016233247,0.03346944807101033,0.19257854118088824
0.26610118685683354,0.07098894777057774,0.16065820332823608,0.031398699992425415,0.08454354058540901,0.04062017176129323,0.10958201011730766,0.18041882813078833,0.05568841145712897
0.08496047119325194,0.05849614403369288,0.14126135350891142,0.12817460675998174,0.09464413943290341,0.059249476026917484,0.15123508055922333,0.20090650861777007,0.0810722198673477
0.07513135991175927,0.11451373406951594,0.12062410902834024,0.05254758057960054,0.13250784254805115,0.20804554982285187,0.14926274764944136,0.04207748075007154,0.10528959564036815
0.0734673530226433,0.09925400379537046,0.1659639702159097,0.050366517598685594,0.11225776226233795,0.136797289788549,0.15963486984503794,0.1172484574408079,0.08500977603065829
0.1310037935919883,0.09374699077468307,0.19395328449834684,0.10401618609931383,0.09054416771013625,0.12134905165997793,0.11216547654564561,0.09751035671302773,0.055710692406880445
0.14166032784121285,0.08716552328496179,0.10070285355418486,0.10643080137345441,0.129180890224764,0.09959067848911866,0.100094674581048,0.17088797068224618,0.06428627996900915
0.08094800767100786,0.09527612479879392,0.13937453965702837,0.11449012113815082,0.09365177044709112,0.14656013620708705,0.18194095798921392,0.08949265883213951,0.05826568325948741
0.26414327822784456,0.09420949659873094,0.10478807584359745,0.07199919786913284,0.09990694302954323,0.08392498279783837,0.10599915670548692,0.10794076132894552,0.06708810759888015
0.11783654594705523,0.12276416934893392,0.15987115334034677,0.009594320739917006,0.13361515646106323,0.17911529220522612,0.10491043377030497,0.037907794791620875,0.1343851333955319
0.1214803514632421,0.08889962519972187,0.09838278382020789,0.18164503341615845,0.08981009473875896,0.05847637908089226,0.1308871721304503,0.08021484027721372,0.15020371987335446
0.16221919818683236,0.09809462817870947,0.12180880925811215,0.049148310592670295,0.11513934158408294,0.10747693966331902,0.11098048874169458,0.14519156537839736,0.08994071841618191
0.2306420926002133,0.07011641757679217,0.09424938056862246,0.14639177954019542,0.09405400912047783,0.11592964392745835,0.09810778597295382,0.07254700184089068,0.07796188885239602
0.13468691555901946,0.08270240084101112,0.15494152610002307,0.02728014120996981,0.11137691585668637,0.1131655202032484,0.1618727152541789,0.13057708144563399,0.08339678353022893
0.0795003728706939,0.09684015871251189,0.13241683870270785,0.08380549818443761,0.09787117865678178,0.09814495514469541,0.1904673994081129,0.14292130326226452,0.07803229505779416
0.11396803536758304,0.10464092192569767,0.13389755087700597,0.034933975777666916,0.11122543770935549,0.17144148500276446,0.11501930492683625,0.050097051314963705,0.1647762370981265
0.12127065532615626,0.07468783317790108,0.10735415831233974,0.12775590682382146,0.09220992304071811,0.12371165323344814,0.10475434620078139,0.019665702337005635,0.22858982154782823
0.10908025004285728,0.11182147688180237,0.11933036499564616,0.1354605815893882,0.11621203276473989,0.1756804527742597,0.10947967049182879,0.03230401355490686,0.09063115690457073
0.08251619997737157,0.1428815604204458,0.08532036503463174,0.09929262958515266,0.10054598471160715,0.08260993016755101,0.13839982027305966,0.2134879827985577,0.05494552703162272
0.09384741148407431,0.13045063434054818,0.10336540059788267,0.1226237324557432,0.1004251461497785,0.1051121701060669,0.1793646680739338,0.06599047350601994,0.09882036328595249
0.06315000838814962,0.08415407650630047,0.10499003148037696,0.047128028940564955,0.0788973646877779,0.0375245242803931,0.09547689802559216,0.426708739265876,0.06197032842496886
0.29429767585963035,0.0811147117483178,0.17749516250707595,0.022380038614062514,0.10626624340820894,0.08322755362995664,0.09944346575649819,0.025406017710814893,0.11036913076543471
0.1298371393826699,0.08534553824894235,0.11448289772543285,0.02228528707900758,0.13393477094630746,0.12606491568537867,0.10207676502614206,0.10164524093529469,0.1843274449708245
0.2742131891354082,0.08712168506849916,0.15871093788697874,0.026626641085515306,0.12220316962131272,0.05626114321625995,0.10034895326983101,0.08805897437971633,0.08645530633647865
0.24224162144545588,0.0794880417639192,0.12183565907738902,0.08711880966013001,0.10378186757042107,0.056550088022066874,0.07916352721410053,0.1472552439068546,0.08256514133966279
0.22205186983104794,0.0969832552365892,0.13143385515345266,0.03549622029910472,0.10439507047304532,0.13725730414006418,0.1623241333925979,0.02851024390996924,0.08154804756412885
0.14080249728726732,0.12496760634225589,0.11108454294402692,0.034780781323626914,0.11620871783546911,0.2054226528846275,0.1135502833872234,0.06978895951636573,0.08339395847913726
0.17475709437830722,0.13102481581914507,0.15055302149144842,0.02767371049421061,0.14785157410923064,0.06989732148769558,0.13224740429285348,0.0957653010116583,0.07022975691545073
0.3256371734583678,0.07297124886928312,0.20458182030819227,0.010445545707870539,0.1343585560422782,0.07700491284687955,0.07252854455665401,0.0175706541308296,0.08490154407964494
0.18403052392319932,0.09992075699629159,0.09790030370175641,0.12919835997486606,0.10286310403444206,0.10898096358836616,0.12243243502088574,0.07201609836687377,0.08265745439331888
0.13454141787372273,0.07096023564836743,0.10038138218028458,0.315143161911511,0.08804089495384841,0.05966200449790992,0.10021882619912419,0.04871056043827121,0.08234151629696057
0.06391779520734653,0.1702653558564303,0.10788558336815297,0.008050443404794957,0.15456303519426554,0.09018660837241356,0.09808254436621065,0.19641648419993585,0.1106321500304497
0.3175394383777769,0.06054266779424838,0.11072311443921491,0.09368685510985841,0.06515666986843403,0.09282434778034548,0.06930571992319169,0.010297393358955213,0.17992379334797506
0.08518315581919644,0.09680408043736394,0.13749200098104866,0.0436169773066181,0.11662549005005268,0.1908902869992802,0.16629740797981185,0.03443661167442458,0.12865398875220357
0.1605234373955234,0.08392710930088791,0.14038074833413114,0.08250773220611358,0.11426941535093647,0.09619087060235616,0.10162017255131439,0.14624154746795512,0.07433896679078185
0.1645846594422464,0.09953513393184214,0.1397794927677539,0.06919971558635966,0.11249506749985283,0.118425791728704,0.09360976487204442,0.09666047139324423,0.10570990277795243
0.27265439547736386,0.09578422786039024,0.143410474199169,0.042618598629389576,0.11662207517496974,0.042785203922947546,0.09984786544651685,0.0939840068125181,0.09229315247673507
0.24236947252953445,0.08446319627163255,0.17675549506637211,0.06433082829589098,0.09144213582957367,0.06138911160999086,0.14851012880527437,0.07791374889163523,0.05282588270009584
0.05810690040751307,0.09667505605798687,0.15798386227584146,0.08153935082196556,0.12275833083864907,0.10348097262224605,0.14001786293925803,0.14195452686763763,0.09748313716890228
0.07611259857591181,0.06420939183483611,0.11623246613015085,0.1107416298441603,0.10706919300630684,0.1383127001501737,0.13565475842385466,0.15595290039822493,0.09571436163638071
0.055535187684237375,0.13542446905667602,0.10212310694173736,0.046144609646115504,0.1375603143740026,0.07785002057319802,0.13979690787438936,0.22708314966935572,0.07848223418028802
0.40138036180499487,0.08320091459125951,0.19522047057993075,0.023034090339255242,0.09640827925447355,0.03335337225287197,0.05605846055994353,0.02363615016383328,0.08770790045343733
0.2156518377868429,0.09416530086194913,0.11355735745663886,0.04538314394907449,0.08943145811082047,0.07575022371333902,0.13190904913646354,0.12884009490072526,0.1053115340841463
0.11231488171696496,0.08353709881573014,0.11003418332363228,0.17812421680985188,0.10549257558018661,0.1154662862094994,0.10897251853829905,0.12414227411186617,0.061915964893969534
0.2069762875931458,0.09867821306453246,0.12177793583594361,0.020343574716760276,0.09951538885349549,0.18261449766948523,0.1146950948256128,0.013149933657153378,0.14224907378387094
0.13425195895998523,0.08853937519180048,0.17241418612403292,0.008178776749222743,0.13414609401345,0.15801506801021978,0.15139968822561173,0.03598270606583156,0.11707214665984567
0.13798992871606205,0.1300158905046998,0.13702476058744864,0.023683284763901965,0.13057214805510317,0.09458225482717385,0.12765771878284374,0.12931192531742552,0.0891620884453413
0.1432865039557324,0.07558239747023804,0.11715442003962322,0.11242398284176171,0.10582335475991396,0.07584967082150774,0.1373261270261897,0.1398793326253326,0.0926742104597006
0.1414276174565778,0.16924659614157414,0.10564984371045212,0.03232078112501436,0.10989157543713642,0.122213816141111,0.1179388168348877,0.12414284925564782,0.07716810389759869
0.24670246745907376,0.09531302844173918,0.13384952287301197,0.03663889857241028,0.10943483546154932,0.05101528455064606,0.11873396693756051,0.11292568635668442,0.09538630934732444
0.18508635912207394,0.10209976663048086,0.12101435583780192,0.10398763477301942,0.12551320570218372,0.11002149691367429,0.11819735575798529,0.06874191928104705,0.06533790598173352
0.12465291417188756,0.11654740275064619,0.11657527353840995,0.16435990626266767,0.09745145615203414,0.08330789975984292,0.1375532029696768,0.020954047793211878,0.1385978966016228
0.19728369067555296,0.10380549084034056,0.09417275868939938,0.0781903962452421,0.11119290114321484,0.10642416392290521,0.12773685049599595,0.0824412551778671,0.09875249280948188
0.1429387793870027,0.08452699283675152,0.13248666128741624,0.11814405212223163,0.11141619897987248,0.11325831600187315,0.11777018496066148,0.10406798116766029,0.07539083325653052
0.16992388104640602,0.09833788878256078,0.14918603386184562,0.04427857749137421,0.09460807342746752,0.10544918070947601,0.10964358818275843,0.14748116663259273,0.08109160986551874
0.11235879015074492,0.12552624449898936,0.11223020381746603,0.07601539613537553,0.12563384763988403,0.21066827827594425,0.12575068558785543,0.04357816659323796,0.06823838730050247
0.0994299855965159,0.12416999389317514,0.11708844072694778,0.02056927643837479,0.10971862965868105,0.24338997211690058,0.14641446113991322,0.022060206557705717,0.1171590338717859
0.12964400328628253,0.11443747252248442,0.10271427168421388,0.10200895375325547,0.10566365751018587,0.17217980772742444,0.12671845292356618,0.07171423905010003,0.0749191415424872
0.046903226665602794,0.1067043397966374,0.18497316372975958,0.029580602028247385,0.1337809941690182,0.21589905518542762,0.13803719130661138,0.05299403909458747,0.09112738802410818
0.1653135839410762,0.10628117194293757,0.10910956317423702,0.09501930963945826,0.10732497701003636,0.13401336095138972,0.10300813028409223,0.08794296053067109,0.09198694252610153
0.18600238826108617,0.0819624699535869,0.11830620326563114,0.09007655219346145,0.11033303915517083,0.15360684442457603,0.119413773436778,0.033761903046210164,0.10653682626349932
0.11472847303087536,0.11758357925425755,0.10319698913527282,0.13084819720040722,0.09748699339917714,0.14373176718271888,0.15237349196027458,0.06092936045749242,0.07912114837952404
0.14802612487282985,0.10599303989404722,0.16530479727647832,0.07202115356952643,0.1014610280647618,0.1023259983116796,0.1391308561025846,0.08420253484318042,0.08153446706491177
0.20501697508442204,0.10117616966476424,0.1729078258474652,0.017238096245111936,0.12227218932573829,0.08787531689849744,0.13864879871325866,0.09161789120803883,0.06324673701270335
0.24013473539633667,0.06650201657151712,0.16029439073304122,0.04601980256703067,0.0920806471099652,0.04386387098044376,0.10332248941847767,0.12278304125843642,0.12499900596475122
0.18399464292625714,0.08763926511475188,0.14092688604793352,0.05677025846875424,0.10700079746816575,0.0737141172485366,0.1418390709111004,0.11955513879067732,0.0885598230238231
0.10946350306199992,0.09740645994593289,0.11097138385904397,0.15612881831554037,0.09346748010954743,0.09180965822817366,0.1627426725910152,0.0945403827532484,0.0834696411354982
0.2150710249233921,0.08452841153940284,0.09235181898047745,0.09205579115656774,0.09250309483921855,0.126352484715569,0.09539637030218513,0.04657940119234175,0.15516160235084545
0.09565563237972548,0.0713369105221821,0.10212740626106327,0.11712140771774078,0.10470960472303688,0.07939312070845639,0.14348056019519642,0.16414649893950184,0.12202885855309681
0.20254597970700852,0.10256723821650543,0.0987514246648127,0.09017286106338257,0.08734735931851391,0.06849433279012218,0.13561325500763777,0.13463479549364385,0.07987275373837309
0.15424016416716457,0.11719632394116357,0.14742808948262506,0.03133519878786473,0.10173062886439409,0.13375899141869962,0.13255496636824515,0.04659382865215452,0.13516180831768868
0.08421498280081204,0.08289423032244526,0.19931389094442284,0.04029752232550296,0.10968294180436917,0.11514772443474562,0.11164098463100082,0.1981839354630599,0.058623787273641446
0.24970613280055318,0.11256517623139894,0.14088200826417058,0.059197595865087445,0.10850220835523143,0.04224827441748402,0.10304992622431429,0.08774842130383499,0.09610025653792507
0.15645615926348796,0.07399084727875223,0.11415468850079043,0.19252490853811802,0.09476928514918441,0.0918128006207865,0.1173693379112762,0.08112904956532557,0.07779292317227865
0.11496209883279494,0.08115923985493484,0.18000428643412772,0.0283954377365916,0.11536373827877344,0.17369754433658283,0.15522966763617452,0.05175702655738184,0.0994309603326383
0.09692640333413083,0.10725980380108212,0.1456103671204703,0.07027994592245358,0.09417058701486203,0.15666907106814398,0.19110279031240976,0.07342625935530282,0.06455477207114457
0.10777220525232954,0.18016717369831667,0.07658045302813891,0.02690736730213035,0.16140161405245418,0.1248569761815248,0.0931512006069093,0.1360503854964653,0.09311262438173097
0.13991358997995731,0.07816981454994519,0.12432330123829809,0.2141593468566234,0.08414870676819153,0.047732128099614614,0.06037726111212524,0.06290985316417368,0.18826599823107096
0.14567038888589126,0.13286334918416662,0.09756428970707991,0.12311228166179085,0.10619675774646276,0.1036175942272678,0.147489651555997,0.057502151814811574,0.08598353521653228
0.1270921162503473,0.11071512280919071,0.158565905179565,0.025877679585684727,0.11073032326623367,0.17701427608139939,0.13857714765978893,0.020316780726332497,0.1311106484414578
0.13267033382349344,0.08584029295647298,0.2024218019407009,0.03796843238280068,0.10636398613989302,0.09786642425009666,0.11722565035337916,0.15097632380134354,0.06866675435181967
0.24719916591047805,0.07999787782806549,0.08978454654062488,0.10742955273055632,0.12926361919736498,0.06810704312009941,0.11690603000857573,0.05582704643309588,0.10548511823113922
0.10540880969836193,0.12585962997823966,0.1595949206477188,0.051918198059567655,0.09276740780672275,0.12946069025233423,0.16685042690894047,0.11057150437225242,0.057568412275862076
0.14964551555889585,0.13048128959989966,0.11689709931830124,0.02649469485830583,0.13414361052617532,0.17759881996832813,0.09661074062508408,0.08717743211087185,0.080950797434138
0.2596156503626852,0.09145732137789069,0.10729446781371955,0.07235799333614913,0.10411379039259509,0.082097347246099,0.12244036748554676,0.07144078983843806,0.08918227214687653
0.2340365239874814,0.11221579737550051,0.1891642306588539,0.021342288321683233,0.10637603252103389,0.08728191901091421,0.09864758229145694,0.09140160257928324,0.059534023253792694
0.2809926287515527,0.06353870406990349,0.2589453032646482,0.00669946087617549,0.11055984696525271,0.06702962326369714,0.09663260450767669,0.03142885317380411,0.08417297512728951
0.2861511498476242,0.07834441337981701,0.12963081842996188,0.026544303888470563,0.09155769987338391,0.07858473666053185,0.07858836795063605,0.046070506144449165,0.18452800382512535
0.1424528584736711,0.09486056141134808,0.14008301843809154,0.13839419280209944,0.10228441873843042,0.12068032412459588,0.12177548505792186,0.06413227962412536,0.07533686132971638
0.1435216501231675,0.1347821696177142,0.18887536649658274,0.03814229232303953,0.09978037878897182,0.11419931666355021,0.1473759767776246,0.030781229945782085,0.10254161926356732
0.08955905913174232,0.1080212727782726,0.10801218393897426,0.021691458023300258,0.12445167426041541,0.05589868166945992,0.09799840129567856,0.26247314726937576,0.131894121632781
0.21034945934277324,0.10833903764932364,0.13133480355819227,0.07536698506984056,0.08717415436887738,0.08353873076844875,0.1219101547134725,0.07826129455672166,0.10372537997234997
0.0853758463098724,0.0724341590723146,0.14541874054073564,0.143165611633199,0.09158800531440446,0.11222697187123797,0.18128717619163148,0.08470304533222761,0.08380044373437683
0.1884385900062844,0.14247086258624225,0.08145922970257978,0.0901511130218615,0.12163981418190534,0.08425041025793197,0.11974806455934688,0.07951582267983533,0.09232609300401251
0.1688264739555352,0.10211086364067679,0.09332338162467113,0.09548459512388209,0.11223247265420322,0.0982680062858225,0.09930934766119244,0.06751857903904904,0.16292628001496753
0.14774438673667803,0.10931809487361327,0.08644895328543017,0.12603329608174366,0.08842440625000343,0.18822584411286833,0.09275637522215142,0.022347483949602693,0.13870115948790898
0.14071534744520678,0.09003835145576093,0.13338783183964573,0.05566171338572443,0.12140579977098002,0.15687630769077035,0.12715171188820196,0.07473441123899059,0.10002852528471921
0.08287713040289706,0.14670331515338697,0.07102238701814127,0.021340717525065472,0.13887328454014655,0.06742839597403957,0.06379027378667808,0.33440036709472415,0.0735641285049209
0.09005117408658249,0.09656413487607934,0.2280431462024344,0.024408638522318577,0.12402690976676378,0.16715699796369746,0.1055325588617615,0.09719834291833222,0.06701809680203029
0.11722537866920912,0.09946016997766445,0.12166841864762763,0.07681957575094343,0.10256657466547363,0.11076246141939176,0.12955616029266867,0.17704527705616346,0.06489598352085789
0.07429554864542869,0.10212734873158136,0.10497893148907578,0.11325174830571905,0.14729155029594684,0.10885153254323303,0.09933262965598431,0.148578196018566,0.10129251431446507
0.1206008415443165,0.09420455395182886,0.12651291033862241,0.09130607707798742,0.11993373167746323,0.13394358958262523,0.11253278119935385,0.11754291247835913,0.08342260214944343
0.12167873896716758,0.09151453324806584,0.12138268786592604,0.14173391509309424,0.10830494405514264,0.1472318490982151,0.08335629669558749,0.13638877843249655,0.04840825654430447
0.15457855093827833,0.10773542541445565,0.19173226989271475,0.024348669686237317,0.09797268408447472,0.09818199498456837,0.13289469522474953,0.11987623037936339,0.07267947939515801
0.09102186674021885,0.13409026939565608,0.13710773056321204,0.04427320698336886,0.11725984004137197,0.1409346112063448,0.13464984539272243,0.054313587750055646,0.14634904192704923
0.27806506850815577,0.07324733242697472,0.1392970731222554,0.04629755145938732,0.12870231247203442,0.07428254316199652,0.1027935690827642,0.08028619877774054,0.07702835098869112
0.15521525009165135,0.06606154441512326,0.13387735586747374,0.08197964943440543,0.10169816059572345,0.08399565700781764,0.11378413364996141,0.039249782264515025,0.22413846667332868
0.06227116711731334,0.14151756349147407,0.10764131032773695,0.06192558609229313,0.13588111150143406,0.2112044267733292,0.1325958657506204,0.04942032568748991,0.09754264325830898
0.2944255760618974,0.0865882617418854,0.16633583753203982,0.023149179352644877,0.13043765365660834,0.07131989638736387,0.08151086864328012,0.06750721403480758,0.07872551258947263
0.28383058098333924,0.09684797497255195,0.13713517046882095,0.0347996684314658,0.10239668718255214,0.07144433102611251,0.08740217581316363,0.07217255516474833,0.11397085595724539
0.11724835453659578,0.08643850433991412,0.13942135278597279,0.13247017400180935,0.11018262328379468,0.09710230945024599,0.1048377724904384,0.16068981712841518,0.05160909198281378
0.08100263727620417,0.1161931125866583,0.11271715166685552,0.11504051192619025,0.11221740381171987,0.1736371328810118,0.14248950958470044,0.07680760581356522,0.06989493445309457
0.10287356414198427,0.07927341724842207,0.08410262743826684,0.25368710016531454,0.10251542732399273,0.12109014591174598,0.12340640562535925,0.07724530636583618,0.05580600577907832
0.28353147790059924,0.0998887822881458,0.12922215480076749,0.05115947370015433,0.11794285752774802,0.06299253379001596,0.116755217857694,0.053866041539416654,0.08464146059545863
0.17378786820087533,0.06705368540340922,0.1232198273532827,0.07028916524991415,0.08686908405218374,0.08745409653463983,0.11410971383118222,0.18447637240867365,0.09274018696583909
0.2111308861151726,0.07716839619630829,0.1328889872195328,0.08625215876542151,0.08505567736568603,0.05618873958497661,0.12042605316441353,0.17190862723444766,0.058980474354040933
0.05680885853396126,0.16372340404324748,0.06410033065870886,0.020037403248015104,0.13956452482586726,0.06951209990607776,0.0813632941157037,0.2739660604232895,0.13092402424512906
0.16573032222973563,0.07740354937867887,0.13790442145057555,0.07587909660016125,0.09997955135475983,0.12551967150494928,0.12350163653373018,0.09370150287829082,0.10038024806911867
0.10447415182044216,0.09596841807082972,0.10905045064789831,0.11187724671705403,0.10615153011743605,0.1025874517114362,0.16748205106035965,0.08746181793997147,0.11494688191457231
0.06623185549516072,0.14725378641210293,0.15265529442747433,0.006525561023217934,0.15229452938225685,0.19372130962230624,0.12214671203844629,0.04966155949019252,0.10950939210884214
0.09717074486654992,0.11619368253079039,0.11435922092011341,0.05503427322918412,0.1139353474276158,0.227253075914844,0.16839804879916262,0.043667237143706315,0.06398836916803341
0.25782437354988835,0.13561892064174494,0.1279186030787818,0.018158337691001652,0.10486554428886702,0.11121726041114503,0.12061580310747387,0.028061261411726008,0.09571989581937135
0.0710939060474803,0.10350671613128688,0.1417558426195988,0.027938608878503673,0.12279069066698355,0.2328133274416914,0.15166027755141065,0.04709897537426976,0.10134165528877505
0.11137044062388751,0.09684561423176354,0.19101991214412894,0.033021641017740806,0.1093168177812408,0.10544322345777302,0.1098858743488778,0.15552573248894264,0.08757074390564502
0.2006986371273025,0.08286061850248316,0.129178206127637,0.14363703580782736,0.09360198573625322,0.09032671100513451,0.10255647499229563,0.06841492292247182,0.08872540777859476
0.0812440465877816,0.12644879468249584,0.17297291340231635,0.014483818495525255,0.15480021105372746,0.12953732045099028,0.11244562846210665,0.08118031005294087,0.1268869568121157
0.11358211725303885,0.08944868472019467,0.14322382645350604,0.037730744695905795,0.10916603481300273,0.19148100189050973,0.12955969814229043,0.06601756954129166,0.11979032249026016
0.16964845206187432,0.1068710117793268,0.25389712339319875,0.004866339726371228,0.11832351231108205,0.11379850054274902,0.10496970492264472,0.07644286779063225,0.05118248747212089
0.2778437140576697,0.07499174101857749,0.21085819226932814,0.017269877262649728,0.07086655645805784,0.12398152775235276,0.09338345653279967,0.013989440772684951,0.11681549387587975
0.2641516400775526,0.04510635156135306,0.09813440368012794,0.06035373497896169,0.06108816004259345,0.130117916379307,0.052411677610513824,0.012502895472861958,0.2761332201967284
0.1890355286791905,0.10657241499053789,0.1359272473574244,0.021500520856938665,0.10556296932439789,0.10552309031723894,0.14530007733756703,0.07404342127594206,0.11653472986076263
0.11617685525125089,0.14774818000987186,0.11977622755008417,0.14599061200343708,0.11070424126032426,0.13532960812375772,0.11345721317507114,0.05489212786250808,0.055924934763694804
0.06861115239112278,0.05934359152895018,0.16932832989775984,0.11608083890837817,0.08792732642014722,0.100000994353082,0.13095481905651754,0.17528917505132569,0.09246377239271654
0.2135515987361524,0.09594391308670543,0.16039482844716682,0.02898319774742925,0.10382678374600833,0.1399164303672468,0.0962004923933164,0.07433133638025645,0.08685141909571815
0.16299417788219342,0.13034505689311862,0.10406317018607801,0.052961690026735474,0.11049739977212038,0.16751877184456163,0.11266499643808725,0.062351590144172,0.0966031468129332
0.1047781961858996,0.11672233593042569,0.11162273690943758,0.056641350978131305,0.11422759357453229,0.1724855345652434,0.11814141259469063,0.046200971507240285,0.1591798677543992
0.12967847849150416,0.10468884261501536,0.13934839795890364,0.011268042523210918,0.13970731462302968,0.2663744279426768,0.09583944787736602,0.02829028254459638,0.08480476542369708
0.054272099563044,0.09815948171823737,0.2489907277547115,0.007876534696677264,0.10258160423731814,0.1736636979667555,0.1912446341028878,0.03307792692562963,0.09013329303473878
0.18229306065803866,0.05950868371888268,0.12458116642432467,0.17078155805785222,0.09820844095877292,0.052929290191320165,0.10908302175446409,0.08394406754782696,0.11867071068851763
0.24496181112886525,0.08333300368614285,0.09655593307115713,0.16538176917157163,0.07960680711812665,0.157146600275029,0.08421608529520741,0.023571159738691044,0.065226830515209
0.13002684238612186,0.07437441230526896,0.14883438035339816,0.04215951150581757,0.12519259443000966,0.0861867455495922,0.11573803371434517,0.20416098928437135,0.07332649047107499
0.23572704075467543,0.07257330465915733,0.1699914077304401,0.05870966097072137,0.11173722198673604,0.09039124341815043,0.09330141901316329,0.11063405007437216,0.05693465139258391
0.08454831605071426,0.0677393640663012,0.12411150236829688,0.08437700509510605,0.1314771261417578,0.20399876470955283,0.14155093105333774,0.07204759600456268,0.09014939451037045
0.21034345748926575,0.08085469410933743,0.10444756398053258,0.10282537973503075,0.09861051979962025,0.07616160663088813,0.10391087322396064,0.1287424693081775,0.09410343572318706
0.37895326496922754,0.054187934251880204,0.17494502582052399,0.03675835557911877,0.10736889806483611,0.02885296639903998,0.06468077073676164,0.11915095220525358,0.03510183197335816
0.1709206151865745,0.0981492582530768,0.13251968365720915,0.0678617631809036,0.12072731321165796,0.11014560976288217,0.12360407894405827,0.08560123266375723,0.09047044513988024
0.2971841591904976,0.08865664235689914,0.10500307466852066,0.030555504641199233,0.0947333323601424,0.05725970432496413,0.09114738996843047,0.04065625270870965,0.19480393978063662
0.12490428335239383,0.1082898380040264,0.1366692742687927,0.026817521214156714,0.12154060693686501,0.15113271461222555,0.14340779283717384,0.06649229684989494,0.12074567192447105
0.10373338867486838,0.09838481119089372,0.13707929136618596,0.10843034293186278,0.11239331738613052,0.2057380868294358,0.11282574181327426,0.056609556534572225,0.06480546327277645
0.17203858160718558,0.15881722207045226,0.13941786339474535,0.04043103203983361,0.10914184931719872,0.14878329107733737,0.10115440148754896,0.019449845783605486,0.1107659132220925
0.21867492148860898,0.09769633658214309,0.1522875764592384,0.028522004101210308,0.1258838950505415,0.0827630648302018,0.12552090465561197,0.06976973538785591,0.09888156144458803
0.12676543713831911,0.12496383666233672,0.08097986564163252,0.1856028372977148,0.10759479968864227,0.0743450659537953,0.10665038947211242,0.1359887074975859,0.05710906064786093
0.15989622380922738,0.09792449407196036,0.13079638810290553,0.10108656816916257,0.09303819476061535,0.09770330364915696,0.16296938547484285,0.08413903544170677,0.07244640652042232
0.0887410350772241,0.17322538594380443,0.11505878016675848,0.0318233783752683,0.13965451669122095,0.18002824371302442,0.14977535437145742,0.03292892755668356,0.0887643781045583
0.18039831878336274,0.08214868761365542,0.12230088276129374,0.09006053421900667,0.08240463937912826,0.06647005755437678,0.12175006226128049,0.17438805439455796,0.08007876303333797
0.03248154214486807,0.14568511053116454,0.08445686279207125,0.3389541657443114,0.11072608946176173,0.059287721871818355,0.048182120892323245,0.05910341469999209,0.12112297186168923
0.15789057930625008,0.0726109943157757,0.15728554896953698,0.09154071626118705,0.09369100530213864,0.10529021072755046,0.14210245677694572,0.11621910994272551,0.06336937839788984
0.1375047833961135,0.07561749743216441,0.18360447944752775,0.04702379783716946,0.09354583960440181,0.19316904535108562,0.1179141840064674,0.07399471097620335,0.07762566194886666
0.30902066156707325,0.07993451250792395,0.1458937932193015,0.06169886209752425,0.09253537915893724,0.07419793616105179,0.116067881846608,0.037398684408680376,0.0832522890328996
0.2274120589687636,0.08999334678904204,0.11952135537532037,0.06564674025210476,0.1252301106970941,0.0611894211772811,0.10662552602773656,0.1305419937032791,0.07383944700937843
0.25005267731027425,0.09318047712734624,0.1170410005126693,0.02237622651359734,0.10151758715771401,0.050843187278909165,0.10894555305605448,0.17631943372967993,0.07972385731375536
0.29242587583730223,0.06798820171424236,0.18010676107675963,0.03566301272431641,0.1069394387930148,0.05786954705289412,0.11026645575331862,0.05786336172916723,0.09087734531898457
0.11306363408743197,0.10898890899454565,0.08066655490257872,0.15395944878596193,0.10007877300472472,0.12982820019962796,0.13302266976828234,0.03919743900203736,0.14119437125480935
0.14895301019426607,0.09439381512848527,0.15271642767711333,0.025097568470706055,0.14317889411484516,0.14320289756690013,0.10814527310536977,0.07965918527473934,0.1046529284675749
0.08239171838545296,0.13346873023235029,0.09478340901601985,0.05606106876587822,0.11895991697326457,0.09725168451068826,0.12428112208863702,0.10412883277126526,0.18867351725644355
0.12941498480752842,0.06562086889929487,0.100484672633056,0.24861790529175468,0.08011347349783436,0.08109752082635101,0.09610882821861196,0.024105785600490898,0.17443596022507776
0.06526547072186842,0.14281706627262533,0.1571813558855251,0.0437412063977848,0.11003752675172,0.1838222987646239,0.12737466578308715,0.09714972797429332,0.07261068144847199
0.14707901658733283,0.08921812363363324,0.14801063837569087,0.053703416907673086,0.10225940265449034,0.1567491108849052,0.12270910695682619,0.07451670266489187,0.10575448133455638
0.23651225557697506,0.07066724907379698,0.10839756269957324,0.0999499323610258,0.10542266963168669,0.09205814979103372,0.09987914241834696,0.1084852394300021,0.0786277990175594
0.24349996794896767,0.12862763410431696,0.13542373427782203,0.029655942642571875,0.09633641180384378,0.09366494199065904,0.11926789210470339,0.03574985927742578,0.11777361584968944
0.3153032807096493,0.050433905533187766,0.07781936068407015,0.21911393507206878,0.06202554245246233,0.0408493266399896,0.07935469800985208,0.016011303130398325,0.13908864776832167
0.08563233139049692,0.09686070656581204,0.2013132792891823,0.018568031337711833,0.1002387777182437,0.12358389514395864,0.16437314512062853,0.06977545866911293,0.13965437476485315
0.11552496822153675,0.07014670624643556,0.2091182868634178,0.10902756479015585,0.0928660809145632,0.08589256928759685,0.11800629546423258,0.11997125242464919,0.07944627578741224
0.12446969556627341,0.09392677030889261,0.11002301306768268,0.07388523161694269,0.11731633884073124,0.13716420643539354,0.14841347112672842,0.029137327008593006,0.16566394602876236
0.06399481896877679,0.07996499793781854,0.17280773373218786,0.052181775090690434,0.10444115589737198,0.12720814457519283,0.150761359464148,0.17205986855144165,0.07658014578237182
0.23935700219056635,0.05572242984526445,0.1266846561414047,0.15652428500780405,0.09662803256482187,0.06867607215915499,0.0751252079203726,0.10662320001688001,0.07465911415373097
0.11458591990443188,0.09475216915826913,0.10602040344530601,0.1672635973697261,0.09014119847775032,0.10223528659308129,0.13227397465199664,0.13120711113049574,0.06152033926894285
0.29444960151262206,0.08042779108813251,0.14302869295091722,0.03514962648620864,0.1112903791930514,0.05231466798048642,0.06756671250106312,0.17389938070634717,0.041873147581171354
0.1312307608834379,0.0911178667292641,0.08922458787303737,0.14428070261148607,0.11433459940861253,0.11226557201665331,0.12123280871501434,0.1315357598958896,0.06477734186660469
0.1145116099400099,0.16274322155706003,0.18317681785509055,0.023005609126383508,0.09048584296427796,0.155684607123547,0.14788983792991162,0.027434677675586324,0.09506777582813314
0.1505843649145254,0.10778295300850921,0.12975141602103468,0.016546774970083694,0.1301496563525407,0.12824537811215586,0.10133360385843722,0.0157171954820234,0.21988865728068982
0.08640661285055694,0.16156641105989358,0.12068658199342878,0.054079077486670624,0.11377740166172062,0.12305310409848812,0.15799343403823576,0.06436735100222378,0.11807002580878186
0.11015046025705096,0.06750328680860063,0.1864618125925599,0.027153978231817838,0.1380843664721633,0.14541167629285776,0.08086118023561799,0.07554606735282834,0.1688271717565033
0.17525507726868492,0.11121493097396995,0.10565611365945438,0.1167321527701169,0.08748659907472672,0.055355878244603036,0.12852760952120332,0.13322428789097118,0.0865473505962696
0.12065321553842275,0.10596582844493692,0.10810361798659684,0.19444089844467174,0.08732262419820562,0.07017677428151876,0.127871578997536,0.11569405832222777,0.06977140378588358
0.21134883943866623,0.12621622255959647,0.09347361471196604,0.06475765256861804,0.11788561921998968,0.11018373698293876,0.1098816494854254,0.11641218941464286,0.04984047561815639
0.1665301604166519,0.0780967747059773,0.20057567325854386,0.0674101656127957,0.09504197635909599,0.07215605676128972,0.13278916285955245,0.06168190350535128,0.12571812652074185
0.15165091415793922,0.10632838569845597,0.16422464627924713,0.03267173052606921,0.10045340645399399,0.10704494393791554,0.11718296412553002,0.15652451639013812,0.06391849243071072
0.26110618628389876,0.09054112944139414,0.08418972484198374,0.05664137162621255,0.12850543242035598,0.052277112262014924,0.11369329675435973,0.124646954550741,0.0883987918190392
0.17966836149608956,0.10688065848422741,0.10607383078924587,0.1964233940336271,0.08883290821096863,0.09183910275022354,0.10532387758699653,0.05873807141509144,0.06621979523352987
0.07413171677440926,0.09754890572781096,0.11105969335416564,0.019725063046725968,0.10555140013750679,0.054804313329939035,0.10627421648449682,0.324931725424596,0.10597296572034949
0.2271673934299759,0.08424628163448052,0.09219584490645129,0.06586624217601865,0.09569817996608805,0.08065765517466157,0.08924234612907751,0.1615358523525514,0.10339020423069512
0.07780978684244745,0.10561666111888657,0.16803904561250357,0.015814920454901047,0.11671561656070874,0.2435595159070594,0.09814968910662164,0.012227024236989134,0.16206774015988248
