0.13445330897983487,0.10006580441596728,0.03888355692966753,0.05492968503395066,0.17440581279199316,0.13498031294149804,0.12297573858724437,0.07450581701179884,0.16479996330804522
0.23972943052317489,0.057023763170421314,0.15588077335279002,0.07072116262820526,0.08627336805866,0.03531344958389148,0.11026380859262953,0.13029244135537035,0.1145018027348572
0.08325910001942945,0.036850474645408055,0.12004374535374361,0.16877701546088084,0.07068247005210809,0.019522864582590897,0.06285766261622158,0.34985861677379076,0.08814805049582673
0.16920934914529054,0.020258353966996753,0.3178359652102101,0.10283927614705392,0.10609960239866105,0.0775105011822045,0.06229706388214715,0.0251779652007668,0.1187719228666692
0.11371765968627627,0.023464410278552394,0.1908856040808958,0.05033477068514767,0.07306897871598933,0.25245383570027197,0.11640015369396285,0.05922026202863375,0.12045432513026999
0.09854666779846817,0.047782800971945656,0.04729162261890501,0.06012353440326925,0.08090918233932537,0.2930828636849378,0.07658587521545542,0.1926961327522926,0.10298132021540078
0.07330754107229588,0.044956491377816994,0.043170241962504,0.08510559690630874,0.07509070260867864,0.39747313942755286,0.06560547685280439,0.08403723888411212,0.13125357090792633
0.21463860886263195,0.13605429120040288,0.2770721412031465,0.022758184619285193,0.05529195579551308,0.08576301907222654,0.08267980886932402,0.025278488192585713,0.10046350218488413
0.10843899229696408,0.04924718156710816,0.2182937959901873,0.17189654578809035,0.04951306978847847,0.035048399937796855,0.0703597899015791,0.21346176787545582,0.08374045685433984
0.03966907882170913,0.14490075995798057,0.15568075909118909,0.04377321735000935,0.055959682568381484,0.19459524459050295,0.07069124515398827,0.16223814012909452,0.13249187233714466
0.09307845272433933,0.07999654327875311,0.14143808050647402,0.08149623953109687,0.08033843201267597,0.1601261234107299,0.09956914636810393,0.14585377136640923,0.11810321080141761
0.028399125055064894,0.03815684357123011,0.16588969405983836,0.06405179743157383,0.03996960938054526,0.22090834955772212,0.05997353208185291,0.2881287120882045,0.09452233677396797
0.09919976917544578,0.0361736575318221,0.2602645080237228,0.061426120672289565,0.0777413315744666,0.13898753275252232,0.09747390610160996,0.10916032755759057,0.11957284661053032
0.0630684800182836,0.1036977545706479,0.20242823568957632,0.049333517760968976,0.06571185537579048,0.18750423756569012,0.11569978351711346,0.07877468057990628,0.13378145492202287
0.10283986805727852,0.025445564070151357,0.19878491792982345,0.09811050969541095,0.13715375871563396,0.1895684882792443,0.08311718210482083,0.02535327466249972,0.1396264364851369
0.07795043022262312,0.026641665563278252,0.052693628715860176,0.05869815599036935,0.06435737803730356,0.5091433989725728,0.0705109129389218,0.023348846045381982,0.11665558351368899
0.040961839824341637,0.052852805032564225,0.11937064418079928,0.06514039773648052,0.06323512958529058,0.035064271989970135,0.12872396472998535,0.3776808900258233,0.116970056894745
0.06874368279703638,0.018361848729754972,0.05720917708065055,0.10130635457367682,0.06580968466526395,0.09804398443691618,0.08478516483581726,0.4088730071085945,0.0968670957722894
0.26815479951135984,0.05829842212045963,0.11071636774084925,0.07738979291858931,0.06529149254644068,0.02790785187060742,0.09623826282654029,0.1989841591525318,0.09701885131262183
0.06577880422512322,0.06786676173288055,0.08004556923784138,0.06287691688859202,0.053989276207249914,0.023609240541210486,0.15958196589421295,0.3964304562775585,0.08982100899533091
0.05011532848190853,0.17222321938135407,0.20285715943609353,0.039810183024937544,0.05348783588808489,0.29684030408436357,0.06236689228995033,0.020917904989833494,0.10138117242347396
0.14916428918100158,0.07413419837503887,0.1705447861341259,0.031115579373198265,0.07370707380530415,0.23468666358516665,0.09894941358093179,0.04480231680661904,0.12289567915861377
0.29586595052712267,0.03840665083523848,0.05716854151549048,0.06619344188848635,0.13565314434482798,0.1343919662257953,0.09706941911852003,0.055041681283547195,0.12020920426097143
0.1126669529119199,0.07699991076498504,0.26431572019980437,0.05028989728946859,0.05759083657094313,0.07356990683826771,0.08605078839304274,0.1562983383679197,0.12221764866364881
0.097128646119429,0.059569892037497345,0.14039149489151495,0.03943377106622354,0.053415288651690596,0.3189299233745178,0.09197567003114948,0.0960282234413196,0.1031270903866577
0.15935082409392426,0.08581216860834928,0.25687474755877876,0.017763038210579563,0.06511770400869081,0.078890044687594,0.13559867337504072,0.07173760389876295,0.12885519555827968
0.14047692291336408,0.06539729432549514,0.14455096488987776,0.028131298877000898,0.11165939346649785,0.23899505674745491,0.07567734678734257,0.05879978754357596,0.13631193444939074
0.05212398342862737,0.07590125422629672,0.08737217594106499,0.10873764223625286,0.05564443841979011,0.0446420599485843,0.08052383139182065,0.39618141081250746,0.09887320359505562
0.12699833055540113,0.045302973564284615,0.07376496666876607,0.11451256504016194,0.09226166666808953,0.16369112554442036,0.10432400531906505,0.14853405012320509,0.13061031651660618
0.04794914544894393,0.35980423283811674,0.10723330371475807,0.019683844859603183,0.06049138641799593,0.1369739828042147,0.10953071825431869,0.03286472477529825,0.12546866088675054
0.05509909974310492,0.2678756290538567,0.050213822525323894,0.043782621054467695,0.054302863899897476,0.20822578301398623,0.05269730348994372,0.16735185204297667,0.10045102517644276
0.15457608172172882,0.08274526132742786,0.09527138468594182,0.026757697047810957,0.07021375950465826,0.2524566589413244,0.11027540990871236,0.07995466666551071,0.1277490801968848
0.09003322644546756,0.03210502121092511,0.06506733002780674,0.2623948415154868,0.10791798262652819,0.046451939294609536,0.09386468053632561,0.1740506340480927,0.12811434429475785
0.10532396027918119,0.028741823858174628,0.20924299683224434,0.12365793307868794,0.11749439967477689,0.0560233740243625,0.17450828523117243,0.081058502569978,0.10394872445142211
0.04463075170622766,0.026794811654477727,0.22515110406123928,0.02035143288008121,0.04499311273941267,0.45543187088579823,0.06267354929031713,0.007097278981657032,0.11287608780078902
0.09186753794908276,0.03463433403528379,0.07214152789818658,0.1676484930292739,0.08684051801299301,0.1204008071765107,0.10132075092544572,0.20326633377127015,0.12187969720195335
0.1414337184535909,0.07477342972691829,0.022999776450257605,0.06031957679976039,0.1614415090956144,0.24591054985590496,0.14313230552157785,0.016733028117778034,0.1332561059785975
0.1988037665120327,0.07999069730337278,0.22565287238541623,0.04432077743051932,0.0712168092124571,0.06559511974619259,0.11800796102826427,0.07737084375994797,0.11904115262179708
0.06551229159240463,0.08105833878767485,0.10852912148327191,0.020077165779993418,0.07751955225260117,0.036730867469543384,0.18572962974945836,0.28937086209975565,0.13547217078529658
0.11636035568426717,0.06841983982302345,0.19756395644213576,0.044258100053417064,0.05974878453966772,0.1989670848727806,0.09577163165671083,0.10896466174403802,0.10994558518395943
0.28807450887506975,0.02551497622307401,0.015297691627839899,0.09609909818274283,0.19138534966533557,0.08761733565033747,0.10134669821017243,0.04352920773343178,0.1511351338319963
0.08158146934523391,0.05156312927076601,0.1842486281063842,0.07251203546698033,0.09351621207696444,0.09131577629828062,0.2103310105346552,0.09704096499434306,0.1178907739063922
0.1143412069496899,0.06129147355432535,0.18247604618732005,0.061295567896629044,0.08534757435469432,0.025158968846974644,0.12908222933478997,0.22456284780168825,0.11644408507388844
0.061725055747246384,0.127407036550386,0.12944640908312802,0.03628402703547427,0.06333006506125109,0.3161149218332419,0.11541673071392217,0.05355065246668406,0.0967251015086662
0.06574519388734963,0.03227085073460728,0.07233907291262595,0.06977246908985328,0.13548399780239986,0.21607153461215267,0.14903892265474059,0.1450093979314222,0.11426856037484856
0.171591173152336,0.07538401076995356,0.11745724836035791,0.06572520605000931,0.10162683796480476,0.19287483494199184,0.09418135494715751,0.060652964133427044,0.12050636967996203
0.031120872765561497,0.08837807540688598,0.1318334486295003,0.07157390064504046,0.04069120722153976,0.07321936175311133,0.10912425522727819,0.3622341334445655,0.09182474490651693
0.1136463899311402,0.21878900173686167,0.07760132198330204,0.027174414374841836,0.06189962272437908,0.22800780209168714,0.08166875636598286,0.06834713172522817,0.122865559066577
0.20043705310327628,0.03621219465758057,0.05120988813175666,0.04216849608936285,0.055613597391053676,0.101335592026548,0.12404029040717884,0.29090968417403923,0.09807320401920394
0.04740363688539179,0.03250499638578169,0.019516056988501562,0.15315802051041366,0.059735247910613604,0.031087347642988594,0.0863048946059894,0.4648001998921059,0.10548959917821381
0.08497954004148227,0.049569407901984136,0.039252122439016275,0.048438855193709184,0.057996082061053666,0.07064566732301207,0.13089971446839188,0.4124217923205215,0.10579681825082908
0.09611996699381414,0.03274938701779492,0.10811927143001565,0.13932270714149075,0.1141364589175966,0.04738311589734199,0.086277531676296,0.27749751423322744,0.09839404669242247
0.07547201212703464,0.029815606797430647,0.0822528470394923,0.2682322705959379,0.09743439771492862,0.04883612874616188,0.08848456973487305,0.22409295972208335,0.08537920752205765
0.13028292422051577,0.0509499206972191,0.052973254525381076,0.07008307210844213,0.10009057568307216,0.12739001756391335,0.14564080703161247,0.17875365614602623,0.14383577202381775
0.1496093884859884,0.05469443727542814,0.12464717887190051,0.11133598046761099,0.10305063276740745,0.08980418102871755,0.14923291932380825,0.10616681033936236,0.11145847143977633
0.12123526869937755,0.04325658980592791,0.24976418989422808,0.031795581019568225,0.047726770233493275,0.19647415524787293,0.10348170160946757,0.10401887589019725,0.10224686759986723
0.17637248546149986,0.0379453620171693,0.08778245160187144,0.0527933162601228,0.12375608322168842,0.09405232824631148,0.11827920237518637,0.18531012781793868,0.12370864299821165
0.21824176304744078,0.06269755336629997,0.17618715786246278,0.019513081271195817,0.07706603648580751,0.10402002997495158,0.1635266293863016,0.03644315104408976,0.14230459756145017
0.043240263097443506,0.052218738095136115,0.04914868330546681,0.04194832632478684,0.1384157483180151,0.4145752302621446,0.08734430138900207,0.04727136147887226,0.12583734772913277
0.1116846426982153,0.06277862424226656,0.27191633544261795,0.057628791191945694,0.08391306335096238,0.17226124912605492,0.10755883014902617,0.015488482467854428,0.1167699813310565
0.3566280425307702,0.021255390643888167,0.014959881354655225,0.024999000447937954,0.18004313498126465,0.1186581676235261,0.10189253473170196,0.023380062263822096,0.1581837854224337
0.08860402886354174,0.05796838490496903,0.06118478117891233,0.09253629419696391,0.10285784937367014,0.30860763105227657,0.07405879927132265,0.07400350956475392,0.1401787215935896
0.03564427078126741,0.15388149203479487,0.14617754035924682,0.04014115007488686,0.05018773677989077,0.37015937286490663,0.04028420382360113,0.04554378500745359,0.11798044827395186
0.32750964962725315,0.024750957154438532,0.037516767166789096,0.04409092465861305,0.13633050301997013,0.12960443090539253,0.11509127274489694,0.049650791714384725,0.13545470300826187
0.12777804305587728,0.23958843926081794,0.0912369546146295,0.06037186863946254,0.07060300931040835,0.06863466969499259,0.12793513101952006,0.11202552282341205,0.10182636158087977
0.09432274181496925,0.013785908791824173,0.05129422798976768,0.39820838564186434,0.14247295958227782,0.03694582222643558,0.08253135118631638,0.08252358019058385,0.09791502257596085
0.06905031630665559,0.02517616414030499,0.046779410139533406,0.21752176066359427,0.11107602685587349,0.01411736586807606,0.1267887008400244,0.2962747058557968,0.09321554933014094
0.05336243482378078,0.01870363314958458,0.15760832062812788,0.02177971421253712,0.0592286943536105,0.48339860301987136,0.06553540550952804,0.005713604101147636,0.13466959020181224
0.13000783624532117,0.08693113918719365,0.2785616909840168,0.02568693619365638,0.052205660265501906,0.18561508621593129,0.07721906543512098,0.03730143859744781,0.12647114687581
0.14231000562621945,0.09788788874383243,0.09902478712701174,0.1109247297236018,0.0706329350811369,0.11812407188371572,0.08929274858321873,0.1697509367718942,0.10205189645936903
0.14450951134546336,0.12723322347716245,0.20968298520759143,0.06721203600354858,0.10887284071815384,0.036914299755486026,0.11436890515597666,0.07386991664938407,0.11733628168723365
0.14872567926953514,0.03746315979975431,0.06520197541871148,0.0676227441886877,0.07924922925646687,0.2107506110834293,0.11637244385653163,0.14538102658097227,0.1292331305459114
0.16473155921122437,0.07628821609862853,0.14441725090135074,0.07878080846252798,0.14496841350629575,0.039880583413007493,0.11069256975166018,0.12740214639465586,0.11283845226064916
0.15248416141568102,0.07114715398636204,0.07654677567372294,0.08397155120987415,0.13792920779222118,0.08084369315821575,0.1268745929477638,0.1213016664401879,0.1489011973759712
0.1025302535295491,0.07961183728753433,0.1890269176981747,0.02529230611266974,0.06192129619401684,0.08516662556651507,0.12607383101604638,0.22824454004917158,0.1021323925463223
0.2557928179921341,0.07526136891482048,0.1690688998616369,0.04111229520844708,0.06971552625925237,0.07157843469481517,0.1370971274180003,0.05130220475516651,0.12907132489572712
0.04664025641460642,0.017438485109804423,0.22797833605754456,0.0347965376741751,0.050043829667946314,0.43602908890574515,0.059554254942459604,0.004218191827211198,0.12330101940050724
0.09035729358563638,0.049582548961057626,0.11904820097467743,0.03744987072415917,0.0860345053817647,0.29680382911198727,0.12635569061648308,0.0873361704125829,0.10703189023165156
0.08041187083671898,0.10967272817970332,0.10759713459480973,0.06346929022971128,0.07157881447292395,0.13599625326604609,0.1810862987770112,0.125189405414174,0.12499820422890136
0.06041641382708259,0.02522536798354273,0.038253461744948335,0.08315318201844646,0.059693557699887184,0.4451931760898273,0.08444377877828248,0.07129329569089904,0.13232776616708386
0.1278862519545517,0.018254667864494135,0.15765451035933462,0.022235167867450042,0.04851574672115214,0.4097760032538486,0.06002581403647415,0.013711252387731167,0.14194058555496344
0.061969351846390096,0.06497157979317192,0.22572371562579696,0.03592671247494387,0.07208408726986278,0.18555558997422458,0.0858787579799161,0.15306357916122315,0.11482662587447057
0.14847141422183444,0.10293485102382187,0.22480458353412014,0.051993727785295596,0.06526126534051686,0.10811642627869222,0.12331957059696452,0.04281205662286334,0.132286104595891
0.031157345475015568,0.029374049446716843,0.06532962687249956,0.13673281676420135,0.041737370524078034,0.19726674735069671,0.07603195302745065,0.30958934224119933,0.11278074829814201
0.10802112290980953,0.04563085308881071,0.04957442096311249,0.21993014996616103,0.12293192554627137,0.029353108118706325,0.09960093731484916,0.20827173479352368,0.11668574729875573
0.02983689330634375,0.0487748548513726,0.039075612995069224,0.10164121805933579,0.0677285854574166,0.044231371201336,0.1096141979936553,0.46008541110895207,0.09901185502651876
0.16238311637678957,0.07693132262237934,0.18268463230541498,0.12214953765473226,0.08973973481220691,0.062465093131338766,0.10765040916862739,0.056104876624555315,0.13989127730395554
0.037092516005382374,0.032431436728368936,0.17872600608951394,0.0337556798815864,0.06571850606057415,0.44258858457381134,0.08240484911772648,0.01527753324448506,0.11200488829855126
0.06318137436059244,0.045893042753021335,0.09453092442626383,0.14619631382765566,0.09558812303061019,0.14482946290996224,0.19946008461943832,0.06406019143307605,0.14626048263937994
0.20300392363971823,0.028105233727595658,0.08055609174896743,0.02811769405046581,0.1290431183967076,0.14058170216910362,0.18262181331126637,0.06732450183016209,0.14064592112601323
0.08214454957553029,0.057127034970403334,0.08822107921578369,0.08515068487259392,0.05329799120649653,0.024848651749816975,0.09436649496191514,0.3944909322196664,0.12035258122779369
0.16429979174490758,0.1228092877405536,0.04029272336742005,0.09686858305908945,0.10707303862780447,0.23748664758136584,0.08167211336268825,0.01815672607141811,0.13134108844475267
0.06194974584683732,0.029676505521243207,0.1372733958024497,0.02140902123530139,0.07077297093146281,0.4601666817626188,0.04855590298154722,0.004003724885617718,0.16619205103292176
0.16453574484289923,0.06983389562644611,0.03260983733720349,0.07292327161395931,0.11698622962843515,0.06427938223966444,0.11681497134904893,0.21874617532942256,0.14327049203292078
0.20168692209936157,0.05775340026992536,0.04325136324531886,0.031198962979293365,0.1411046703486383,0.18292495011472246,0.11796438221911687,0.09999417831218405,0.12412117041143926
0.08970547950508995,0.02311082803736358,0.06910748786244236,0.0877879085462187,0.08548360793955256,0.4075640745556374,0.08192031006091006,0.034555103060560186,0.12076520043222529
0.11552701669290728,0.07006802807734101,0.14948182046595956,0.11498695329709867,0.07403571600440813,0.10390252239284296,0.1452292760040592,0.10363980509587221,0.12312886196951102
0.15700544833400928,0.05597244456936771,0.043915164352608956,0.1611449250663098,0.12907660872673085,0.1157507083589861,0.13306079065159723,0.0807984760530599,0.12327543388733016
0.18037189682377452,0.04162169329689306,0.05687961087506652,0.12432063680196097,0.119132435671737,0.14870521748997043,0.1593212583524355,0.048608738992495314,0.12103851169566669
0.04417348319450606,0.022757210604863645,0.14744753316587098,0.034653170890600576,0.05734026016391838,0.2344403504986623,0.08493738417259615,0.2709216851782837,0.10332892213069826
0.059760701855305,0.06317397244438455,0.0891804778235541,0.10627734958830791,0.05220063813763328,0.23613463599929352,0.17002418765073102,0.12293577513129211,0.10031226136949851
0.15601165882522627,0.046700856670217006,0.10524483399426816,0.15513727441206812,0.1542126385515745,0.07480989251789383,0.1368346033210066,0.046742859758857884,0.12430538194888748
0.10582606605209692,0.062184441859217954,0.22969513711002984,0.09417367416923095,0.08425472889466283,0.07234035207155787,0.10971543453244485,0.1268225856735873,0.11498757963717149
0.07558848002383722,0.07301984651509538,0.21687409483147546,0.06323301035823099,0.062158753683260036,0.25438582367623136,0.11923397479679361,0.03943022109930464,0.09607579501577135
0.14647690196310706,0.0680834745121896,0.29880169556653496,0.07894744267523729,0.08747716028953086,0.05001967581798619,0.07620929946506787,0.0915966475649731,0.10238770214537306
0.22885995002207216,0.06765917648543844,0.15739634272283773,0.05190332185972162,0.1095687241627424,0.09412139365074372,0.09872985005133988,0.08779235563063324,0.10396888541447073
0.08782111524304011,0.0639646647121734,0.0766503820227959,0.12129880506322542,0.12587457563006402,0.2415064323996865,0.09959721641536784,0.042949728708651234,0.14033707980499566
0.12514642097496437,0.04796321557982095,0.05929244963329203,0.04882153495380897,0.09785649265974146,0.13854852270232562,0.14125726278739892,0.21080310657858062,0.13031099413006714
0.20378609659566427,0.04263503577723867,0.0679486089511577,0.053004621626089626,0.15592769802844372,0.10132718081025903,0.10263687252640837,0.05711965095798177,0.2156142347267569
0.053548097354511805,0.056627166330124525,0.20545522656438006,0.052249253796465195,0.04255000755086336,0.27350470145018474,0.057664350188941116,0.16599059943186525,0.09241059733266395
0.14628937203206896,0.04575134071329829,0.22290013869863248,0.03671565196146823,0.07229288320760911,0.21269034527615116,0.10053625947561311,0.049364835583530386,0.11345917305162824
0.14536471944820806,0.04377018208987915,0.29477433132774983,0.02023657543614314,0.05137832528484523,0.13206272318333798,0.20177915286245862,0.004385187313734028,0.106248803053644
0.0992482324481042,0.07249034304243594,0.14508863295260838,0.0624819342326606,0.05104035239366509,0.06141291146966656,0.08065056218446269,0.3235419529267833,0.10404507834961317
0.20105324847348408,0.033759703141079206,0.059148378567327915,0.07762950516862635,0.1113566892058495,0.13928128883412083,0.11120546696034977,0.13667660745228474,0.12988911219687763
0.03653305297012332,0.05262687140586755,0.16982031735932304,0.055791014882952183,0.06488719498012382,0.34573045244149014,0.06202422549952047,0.10295122388405951,0.10963564657653997
0.05537656530361018,0.024670941984715436,0.03877888072041038,0.30065352992758626,0.1361448814101125,0.05806302445687198,0.11114330702904457,0.1819177702429673,0.09325109892468138
0.11492034300596493,0.0223624215807285,0.14269178622468612,0.08128949891660936,0.1833198412996692,0.09415702619201903,0.18839399396781864,0.03146459674688017,0.141400492065624
0.2244764656904893,0.039896431226614716,0.05286406099423719,0.030731205832474667,0.1021539362780398,0.08188429367015441,0.10433504403986667,0.272176683539717,0.09148187872840619
0.1682315569010914,0.08459696678042734,0.19916938790843405,0.06050278700367629,0.10007106447841886,0.046495305052529086,0.11833644455365329,0.07897547544389301,0.1436210118778767
0.0662483259769836,0.03991315711278987,0.06255590940896742,0.1184491837902167,0.06632580340961242,0.09516031704231631,0.072066050900025,0.38421892041939093,0.09506233193969764
0.12224150335354202,0.04303520715568518,0.08621139767324705,0.13696120342704754,0.10854447540205985,0.07610598699656175,0.16816281639423658,0.1417564497160916,0.11698095988152842
0.12094110369328949,0.06466585406174151,0.17185413392060003,0.12338061340116087,0.08184827436953561,0.035368005581916065,0.11422628563880548,0.19280796862314517,0.09490776070980582
0.12378477458131755,0.03074618801291995,0.09534813986372648,0.14997605178101078,0.05072397984874649,0.03483230549855791,0.08908448965532195,0.33037931391806447,0.09512475684033443
0.1853016358816801,0.10845236998433437,0.07014749933884608,0.08437877870847864,0.1593775740222548,0.052704367491590215,0.1127068816167663,0.08018060095437071,0.14675029200167872
0.11632469440974809,0.0169047452184844,0.016239192218879848,0.029792745046758856,0.12196662769409143,0.2998751826334523,0.19106024173107658,0.06033608309014173,0.1475004879573668
0.11960241021700696,0.08523770682000527,0.07347989286506461,0.06272961930300473,0.09375172660007813,0.07528787173592497,0.14043686005549777,0.23279823155330803,0.11667568085010965
0.07561975865254203,0.0840272100475361,0.0390488391334892,0.06341285204553916,0.06954687589408311,0.05089368703434837,0.10509273317306722,0.3832258405467453,0.12913220347264953
0.03733069505970802,0.05887371035820832,0.10284255013261669,0.08932980434948279,0.06905467646155615,0.09145658551462459,0.0891167180694915,0.34884959347634875,0.1131456665779631
0.08399563119229053,0.017900542793114507,0.10359235545361213,0.07737096683348445,0.0643813390135057,0.42384243805075056,0.061689762291550154,0.01527380732366542,0.15195315704802656
0.1280199809956389,0.06820040949975377,0.029034153359901685,0.10459739330353941,0.11325455737116098,0.3213623418964082,0.06649623414704689,0.03005535200191688,0.13897957742463332
0.08381842830673465,0.07116467435287194,0.23873667949448443,0.10919645293728314,0.07517817926784325,0.0866185902750601,0.10254112598625652,0.12397030448580164,0.10877556489366431
0.17288934857610302,0.050710400558606254,0.13307104092710234,0.026044919559508866,0.0693599931114761,0.27988795997245774,0.10514496824351614,0.039567395880700955,0.12332397317052858
0.09817890848436765,0.18756324124567772,0.20959308847807848,0.047112801285870566,0.062152876108200694,0.17898176244733702,0.093341674681239,0.026472781138284704,0.09660286613094415
0.20286392748430893,0.03766664785377859,0.15838908031541662,0.06083527198592938,0.09480501323732216,0.14292705314307366,0.10210470570713635,0.06948373508999467,0.13092456518303972
0.17521236441960927,0.05618965464364464,0.14152769279702365,0.038094678161324454,0.10677024422032755,0.10618550257869486,0.1096640251370092,0.15830521008081885,0.10805062796154745
0.26939221366099586,0.013172532555375469,0.0062637632258768375,0.07955356925370503,0.2169425816157562,0.17239546892795618,0.0810915376038175,0.02667678494107238,0.1345115482154446
0.08049135036286967,0.09797818770387091,0.1332943967983846,0.09632817077990878,0.09830478472354254,0.19253678869944932,0.12142053145262822,0.047487173135924154,0.13215861634342171
0.17596992903496733,0.09002612848206056,0.14574882239268633,0.019363200350720398,0.07490297790386706,0.18977770253779538,0.15647175212016565,0.011530994357719095,0.13620849282001818
0.06707098110183114,0.031135164840019557,0.1534373153871814,0.06458636487880177,0.056292354379031684,0.39998906194453454,0.06809298686869598,0.03712942918195521,0.12226634141794863
0.1036809020251595,0.03478689852739598,0.1372161729086547,0.1000736264064892,0.10098728735437446,0.18272243855789697,0.11180544027997992,0.13526824361464554,0.09345899032540378
0.08821406819089923,0.0327186439544611,0.0721831412826523,0.05546996897789419,0.0682283243415698,0.475615847833637,0.07335433563675813,0.02617522434952962,0.10804044543259861
0.09462110395509422,0.03222123134910499,0.12417362284680654,0.17303462350538987,0.07685620202349848,0.10487430114950357,0.09519347611988808,0.18135764868872542,0.11766779036198882
0.17310920801220053,0.0661089191917297,0.048362785561252085,0.10524841201244763,0.13889157925781642,0.12050882960685876,0.10532233328417445,0.12407551790102038,0.11837241517250004
0.03485355880784951,0.0634426377552721,0.08102027440376225,0.16214764521521272,0.0514088165054419,0.1599191622642025,0.05917717572221559,0.2887847655745311,0.09924596375151223
0.07329116635894237,0.020739544790359967,0.12591867579155733,0.02381477651367932,0.05803919676220185,0.47543569018583903,0.05983348015505179,0.011090694630774818,0.1518367748115935
0.13060310156525515,0.1386056569986217,0.057641123938201276,0.008942454795901672,0.06656862039574947,0.227138233497999,0.1874940110564752,0.04082565458074808,0.14218114317104846
0.2732480797659357,0.057748249715028475,0.13775552992811488,0.0897815538099586,0.07470934746617276,0.03617889428980501,0.091707102048412,0.13820416630984575,0.10066707666672693
0.0850174016402705,0.1386287327041237,0.11775757624977516,0.018240697773888256,0.05411458528218379,0.3842207412480127,0.07283501176436928,0.019814365386630547,0.10937088795074605
0.1148632861782201,0.3395271352819195,0.028359634006765402,0.07916885566827814,0.09216506846774257,0.0544644762661601,0.10386830720412533,0.07420019796356281,0.11338303896322595
0.19020203467109512,0.03474808104859126,0.18584585560076403,0.07686441603052817,0.11810339849771428,0.05416990069783515,0.14987830700865115,0.06198556945503142,0.1282024369897894
0.1750765751291463,0.054770496319080736,0.09343509943092095,0.04241090324716501,0.13664968696032656,0.18171713858896854,0.11582186751712908,0.07256179218035458,0.1275564406269082
0.06790686089125172,0.03578156711908089,0.0754099607764074,0.09364234425327134,0.09057106600482805,0.025749419668492247,0.20673460393675633,0.30418716091321946,0.10001701643669249
0.10814511089820189,0.06478058933900714,0.08947301699009573,0.1067172158358289,0.08096061838580654,0.3047334010367326,0.08438264484129815,0.03392166274805162,0.12688573992497734
0.07583576430186816,0.1031984002426272,0.09355029100302238,0.018574800555439155,0.16306151713408915,0.20927327154025724,0.12841050767448628,0.05760159373653256,0.1504938538116779
0.16042132162689557,0.062318292673163335,0.14929648628622527,0.08942322480247865,0.1788501914213587,0.09614699455023461,0.07785149807869253,0.04810053236003092,0.13759145820092045
0.07623413934172665,0.015700981155316974,0.034163433519665595,0.17019017401628575,0.07568104181977346,0.3578504542503294,0.07508214525213618,0.07874767050913879,0.1163499601356273
0.11558802226405579,0.06872243043451147,0.17452389727869544,0.09386321104647093,0.08895728737647209,0.10852079443541167,0.16694689573120122,0.06771588499017801,0.1151615764430035
0.2308442463848711,0.01884431909990633,0.02663429341473326,0.10448609183510608,0.17884912836734343,0.03806456156653746,0.12528295414190707,0.11307247674976896,0.1639219284398263
0.1885440663052068,0.03024323737513704,0.05467560536201776,0.06083808743628304,0.0869770590934074,0.18100621339231796,0.12071997909162642,0.14981067502942466,0.12718507691457892
0.0631484735299943,0.030004480024561037,0.0665587800717221,0.13102095313713405,0.07306132387118312,0.28660906603986996,0.10411510453818779,0.11959779652673164,0.12588402226061587
0.08182458140792513,0.0430130372221264,0.18852872115982344,0.10542415311924813,0.050456449814609096,0.01850255084278101,0.09469380980728492,0.3186478050000345,0.0989088916261674
0.09624676013945506,0.0868567496986763,0.3193887011497007,0.012905459634593936,0.0476906368634318,0.22549295739477504,0.07183320392817459,0.03810311424853168,0.10148241694266097
0.09280023367301975,0.06425522479876862,0.03238934258005676,0.05241765320121339,0.07016160040533531,0.32703650888616004,0.08005623670318383,0.16331425845197292,0.11756894130028935
0.090578953782764,0.09773878825544839,0.07462310997995569,0.08874076508327373,0.07599809082931348,0.23182362067209727,0.1274080235287585,0.10177846848835359,0.11131017938003533
