0.23358670547871505,0.07051401768539363,0.13076941916151155,0.03964679792621325,0.05755007270652656,0.12315321480066134,0.05400470950291875,0.12183728357552077,0.16893777916253913
0.045513991298552436,0.15338613008996718,0.11298149554473295,0.04380436510207436,0.0874848162086986,0.1530798653731529,0.1127117644371654,0.13279017191004627,0.1582474000356099
0.044965514165331254,0.17611875766940308,0.16717145989806306,0.14659732176945373,0.029023696431898196,0.11823644117979408,0.1016980224601061,0.09134142518628403,0.12484736123966639
0.043331412018026184,0.11737312264577864,0.11947607391906788,0.069764450879519,0.1621363890318969,0.15810663421095347,0.10159677358363965,0.06005464130253011,0.16816050240858824
0.06425375199911328,0.13901994850250007,0.11908718199421593,0.04043651780186547,0.26183685262389295,0.12162635092532557,0.048306737768815,0.10245214179567431,0.10298051658859757
0.04819754425854137,0.06017670274326339,0.10432330492354537,0.06919759378910556,0.37723898863358,0.11475000550020004,0.04837696148448633,0.06350921909949979,0.11422967956777812
0.06506428620708771,0.13134782904187395,0.13442592308244883,0.048083423779307834,0.2660911173350942,0.13161006273714956,0.012539454771865431,0.07057319937822952,0.14026470366694288
0.30348028083368744,0.05551118717943445,0.11921736008083768,0.036876190547468046,0.10475841284794109,0.09679551140622968,0.061959010605582426,0.07052590684734476,0.15087613965147437
0.038497765358295584,0.16997217487461022,0.10986689100818393,0.04103100894996725,0.21207570484686036,0.12129429471805596,0.08712569446119439,0.10775686656964145,0.11237959921319085
0.06929190021650587,0.12076790804401176,0.13112921067355557,0.08585491086521224,0.23451930787941663,0.11521513616211261,0.02156528475078937,0.11808326540553654,0.10357307600285937
0.04563672442359635,0.15057013834446398,0.11469251674538365,0.08874589148697994,0.13271765979737443,0.1258808308393877,0.17074292252130055,0.061126765628097886,0.10988655021341552
0.11029960510155819,0.11327908351973488,0.13262120890658582,0.03166292637475585,0.09159449728833975,0.136186168982005,0.07682398129198835,0.0966904258544572,0.21084210268057493
0.0705926480537231,0.08288398464796835,0.11759310267387417,0.14674387838503367,0.18945136950673835,0.11877616286349148,0.07079222594503072,0.049618679152302496,0.15354794877183758
0.07331284522929797,0.18307697149280266,0.11961882976363743,0.05668007839546108,0.15286832205264675,0.1445843660019807,0.03826445655419328,0.08825914261004786,0.14333498789993215
0.039906405037530436,0.14535928944565138,0.11053769740853459,0.07616238755282354,0.27613246541143677,0.10863977365248899,0.04082514419465793,0.11385875357346294,0.0885780837234134
0.11416896475297052,0.016693045728182077,0.050946749521625624,0.20429553024607763,0.2555747530200292,0.08353554940890197,0.014574740599192481,0.19118387303230722,0.06902679369071335
0.06689514930246161,0.11037048966041806,0.10309326274103899,0.0873200777584114,0.1922107196860369,0.11151019705633898,0.17136551507023032,0.05186711226188606,0.10536747646317764
0.08298067382285097,0.1374364452630333,0.12206473614954567,0.1072972177147211,0.15243554457253322,0.1237975967749696,0.10351141679024521,0.07284138253204989,0.09763498638005101
0.11706160542781008,0.0909193317508701,0.11685348427985105,0.020296409546713152,0.07680468509658336,0.1243168154157146,0.1314624507710343,0.1487646226945176,0.17352059501690578
0.0809949822846342,0.1638881012961851,0.1267027684508978,0.16850751523536725,0.012981887976658129,0.09129188306633595,0.05388718369450884,0.18048478655181757,0.12126089144359502
0.038751621464165435,0.10602543884146275,0.10265564140594803,0.09832293023287775,0.308289603463086,0.11233740421766074,0.027806187206505437,0.08561173539923338,0.12019943776906045
0.04330314652448747,0.13351305855476614,0.09762674464068359,0.08935215498912634,0.23186831962171328,0.12030683918045487,0.05615773786230368,0.07021366244243998,0.15765833618402467
0.04314942382509745,0.2573097327845894,0.11143094643081254,0.034145325251924846,0.035662301004001966,0.12521134757702956,0.04836836311175235,0.23165680150462195,0.11306575851016988
0.2332531851947032,0.042027313665126215,0.12319776893319907,0.015046552979989658,0.1720624139642332,0.10042409995437922,0.12661767612877675,0.06377100100701794,0.12359998817257482
0.04476906359450474,0.04516555135343119,0.08420486588001547,0.09105704753347138,0.4330558329761889,0.09877108373570458,0.014383433998037898,0.10550968774785778,0.0830834331807881
0.0378406232532098,0.15279543374606333,0.11022278457367601,0.015764556338034946,0.0964937414857122,0.13059468672622407,0.1607367675552124,0.15916514043266944,0.13638626588919775
0.04820634175112607,0.07117485611197348,0.10661000392019904,0.07995095962550441,0.2880497802939368,0.11011420935619749,0.045206638935864484,0.11342419221260798,0.13726301779259023
0.06048120023481505,0.1645463778702988,0.1364527863264887,0.0362538846694901,0.11120705730852065,0.1338849546656964,0.049782256265630154,0.14491222162195147,0.16247926103710872
0.1200637171619769,0.05357227262829197,0.08292566298811906,0.10439341046735218,0.32359960123210946,0.09397676581520291,0.10292631703792778,0.04724561753261728,0.0712966351364024
0.09956025635677035,0.1572437087608768,0.09429855309375039,0.13573259986123318,0.06996840917930289,0.11586370160738386,0.06931700437480715,0.15189456603520549,0.10612120073066988
0.09389128384929031,0.2675923430632232,0.1229525953732355,0.05346481483637259,0.05024129999869948,0.11128487639193414,0.08828823041960543,0.10336790771596611,0.1089166483516733
0.11746240276956232,0.10508493232574163,0.10996985423320933,0.05096756478206401,0.1484344424639498,0.11297373185391009,0.21988458683766884,0.04100968751179019,0.09421279722210384
0.03612348643161621,0.070624673292711,0.10300467423916326,0.0781078825689631,0.3246840698435208,0.12253263189362112,0.04266461820284522,0.09285439256431778,0.12940357096324154
0.03782491583457328,0.100400988888019,0.12753425083703693,0.08159795979418319,0.19017144997408764,0.14494834098361106,0.02474183312497658,0.12126426440218974,0.17151599616132251
0.2693573594069473,0.14270018734471948,0.13986546991621443,0.04344222995364213,0.04563658447226545,0.10703408556631744,0.02505351817472354,0.13480316474723086,0.0921074004179394
0.05296512478409913,0.28513908897855716,0.11569108834307411,0.0394884788463716,0.02355439307863032,0.10042851454179523,0.0899565339024363,0.1637207002305604,0.1290560772944758
0.41768852511436627,0.028452637489811958,0.1582981126021423,0.011886718599000966,0.0331524415029961,0.07603143695126412,0.08210415071909229,0.08679549106765057,0.10559048595367548
0.35574242781429244,0.06581767505051404,0.12478430000033162,0.05090102688371146,0.048378357650458746,0.0955248640555727,0.044640310554058614,0.10165051004876315,0.11256052794229726
0.07500965644682676,0.16998928763684099,0.12012865603993488,0.0370585637507203,0.09104777219280025,0.12274231542718018,0.16649031021509117,0.07634447286304748,0.14118896542755796
0.04735119922188597,0.09664637701428579,0.11097176416520053,0.15932138219525457,0.24356976461916746,0.10293255116592209,0.02640933853842493,0.11784860174828997,0.09494902133156873
0.04412263184704704,0.08217157864755689,0.09025923988656535,0.06479508900484997,0.3929678598777808,0.10270392861336497,0.0415017370333915,0.07342771606517322,0.10805021902427027
0.05991811369777509,0.09646835493201524,0.1085927319935051,0.03736151287947339,0.18920483053635473,0.12933495244180124,0.08606185113819749,0.13688351968884402,0.15617413269203373
0.07619927849051532,0.09637767948795406,0.10919635475254404,0.08348061703528531,0.22115602933603204,0.10865252878079018,0.052511472861239694,0.13453251201740013,0.11789352723823938
0.05692012633136464,0.12248600215792678,0.09950458988220079,0.14014484220099266,0.2243554767719511,0.1296618128305861,0.04026479841086631,0.06540715870009979,0.12125519271401186
0.21024232525059214,0.0827584988338446,0.14502788245226889,0.031180766171393176,0.10084863903723897,0.11972583705318951,0.06764531387907842,0.13074542212681653,0.1118253151955778
0.05312510646136251,0.15561392739703825,0.11483640425916247,0.030891566784987324,0.03969169188437768,0.12972267363543846,0.18514136362264932,0.10820890466185362,0.18276836129313037
0.04412815287724725,0.053675554223477424,0.08070105302773022,0.08203771556536266,0.44590493366145406,0.10731650400918163,0.026188901563478747,0.07714667034966034,0.08290051472240768
0.04839183275909411,0.08295722943593489,0.09837195155158747,0.17593498940720922,0.2634587245810837,0.10366378879996195,0.06273454642930955,0.046969965295797306,0.11751697174002167
0.2210662445866295,0.017317098232543914,0.09675282960400812,0.040855953858903185,0.4014379783178388,0.08559967628143957,0.013098722137380213,0.03994419093406416,0.08392730604719255
0.15138075942534804,0.17385747249786765,0.13495245075241213,0.0744839484612846,0.07994436938518516,0.13562861153971503,0.03322085113854969,0.10332558983517733,0.11320594696446044
0.09399453988681543,0.12290131807657871,0.13946832074642254,0.04275897872427253,0.12950464303205567,0.13673360148906882,0.062452653634864075,0.05812926407462782,0.21405668033529435
0.07779523127404768,0.06553281250729666,0.11831848168641179,0.058681624549167054,0.2400591202265605,0.12412460694541812,0.087998257948205,0.05456310942440176,0.17292675543849137
0.05896062807920008,0.09135986067839984,0.13514021614651037,0.037457328140961116,0.21675954731711575,0.16106866132822634,0.10179445488264899,0.04573054293119896,0.15172876049573847
0.06148838315240656,0.17978440650890692,0.1185797522714646,0.051208539624047235,0.14311056312936174,0.12168969540474088,0.15018467367149654,0.06092092937025207,0.11303305686732341
0.03874455496570021,0.059638630761154415,0.09834659535331568,0.13352277520534786,0.2886076276146505,0.08045513957119711,0.05654603333299976,0.17690031668640924,0.06723832650922527
0.0540116059045645,0.1173148450534015,0.11326244964763786,0.0594605949925448,0.23534536732917258,0.11535016540827243,0.050089628954589356,0.1320193888579726,0.12314595385184442
0.05430976168407072,0.12613768806534462,0.11961406814352377,0.02433503094708772,0.20074167136753662,0.1284675636933006,0.14043768405192633,0.09725796376762175,0.108698568279588
0.0663822570083653,0.03973284647431002,0.07986937687083095,0.1312002278041605,0.34728054067883335,0.10190594725285874,0.035045821057357665,0.10673313845868519,0.09184984439459824
0.2037255486248717,0.04767227460287043,0.11537718989626006,0.0571050502054512,0.18564862176432043,0.11860687607772334,0.07221462076116068,0.048145796877313095,0.15150402119002912
0.08314370164467608,0.06730404901723772,0.1095095391137213,0.061087384282943524,0.27045497425294784,0.12207777484465478,0.11649326258105124,0.05615098894545733,0.11377832531731014
0.024744250366658588,0.06203558711301238,0.09963796838684941,0.07648156691866266,0.3602110487039351,0.09715461637170016,0.04935778779314013,0.14856481281984804,0.0818123615261936
0.10979485082034231,0.09683386673908849,0.10738626620151888,0.0634219487549119,0.2097968462292906,0.13202232689031101,0.08033854158139446,0.06451964406816607,0.13588570871497624
0.06444219937158133,0.06300322682043588,0.0995297381389862,0.026966950054383865,0.3952002795765857,0.12020937462690268,0.022140681236010363,0.09219585562794748,0.11631169454716644
0.1663327134186305,0.06163119130394699,0.1038252703973962,0.029314898608648682,0.16461992813861426,0.10319641028998196,0.16989479177687938,0.10551958291805208,0.09566521314784991
0.10993869894204655,0.1294277576354935,0.08984151542647732,0.08321504133151952,0.051704453479041186,0.2112460747423066,0.0685362307234388,0.03542246124846976,0.22066776647120667
0.03044594788706255,0.04573052851800271,0.08264737569042498,0.033329980596978094,0.5062836709764929,0.11074612683803843,0.01167935390528003,0.07058040917513556,0.10855660641258476
0.052351860623955436,0.10424558798552208,0.10127736380967987,0.12851300473356458,0.16427777137409447,0.1011330646908461,0.1590386366276835,0.08954839613858469,0.0996143140160692
0.028638798548167144,0.0780449229326829,0.09802106074077628,0.03599859436494365,0.35383480972718645,0.1104273011908354,0.05174995425872649,0.11615991376677394,0.12712464446990768
0.07714247267265788,0.19437659221043546,0.117668771832266,0.062116633517774834,0.03961240365126863,0.14820640720006142,0.18625006797544127,0.05980313740604818,0.11482351353404625
0.2272375802331941,0.024880492572771435,0.07225761725612563,0.07941356991182011,0.24114961857606998,0.08934633763121892,0.03812565535273552,0.15134749990717666,0.07624162855888761
0.220898394056854,0.055846622177191864,0.11457907628318986,0.06508443667683352,0.1031929546598936,0.0943185839724725,0.08283399450194949,0.16630418322826293,0.09694175444335218
0.05805449020458794,0.12394128014245916,0.10972278585880273,0.12106107481162344,0.20391780561102876,0.1297094599787395,0.06228976258613753,0.06863753211008937,0.12266580869653154
0.07368847820557024,0.13155053582306692,0.13119285328631156,0.05797180402469587,0.13915343573532665,0.149310803374795,0.10261778976891728,0.08294446323522421,0.13156983654609225
0.1550324981677361,0.040445060095380604,0.11444883198456661,0.028143133090047224,0.2681642605804224,0.09982168863468487,0.10826285120896435,0.06907854012083416,0.11660313611736368
0.17873081568980184,0.10062773257932382,0.14396038397386537,0.03622962664384687,0.12315149023230604,0.10197949124790408,0.11565521866971921,0.10520484790644741,0.0944603930567854
0.05735593654677323,0.2563455219693355,0.1107606261740382,0.032768832618831116,0.07602202861075595,0.11047749753866136,0.016733018638949427,0.22860011519852533,0.11093642270412984
0.3102916931040213,0.07822560658757484,0.14722831959938368,0.028359056793447465,0.0369077486900215,0.1013694548446676,0.05165521736872653,0.07958040861939235,0.16638249439276478
0.050258388764555656,0.12806831875864774,0.12024501390434299,0.10267926838919428,0.1782299362900608,0.11246014776942924,0.03631619438810169,0.1820823961862231,0.08966033554944447
0.0698414853347644,0.23435461421107417,0.11330872297054394,0.09911726453458952,0.027605130804449596,0.09911441637392637,0.09749755571396729,0.15780605661103617,0.10135475344564854
0.11306844467510842,0.12769024788149427,0.11691786673583558,0.044153452391853774,0.06254558268232636,0.13203485446352928,0.08097663912114451,0.1836297667902136,0.13898314525849417
0.10895251517233674,0.2000482984388804,0.14168835731629362,0.0366009732336948,0.09612905274312988,0.11645227308395074,0.11262749741590217,0.08966379120100766,0.09783724139480399
0.043833662546646855,0.0977948379847836,0.11385832124556661,0.05041574692830119,0.3105490054804136,0.13372847863367748,0.04881000208220201,0.04708916285964346,0.15392078223876524
0.13182350262700535,0.06684599688129154,0.12484874028792393,0.04770601140693056,0.221556200929895,0.12794330041611737,0.06435533714212141,0.07196879126306281,0.14295211904565205
0.09989329881027396,0.22118415758107632,0.11585374749650838,0.03812044140628674,0.025540256036458934,0.10776094462263519,0.10129439345089991,0.1959048334670145,0.0944479271288462
0.05230897364955791,0.12596575897678297,0.12333469899813243,0.04635490383535943,0.18984149659901928,0.10863078830355784,0.06355195898719553,0.18726972253296872,0.10274169811742588
0.07152364173577253,0.19114042883593196,0.1327840031437664,0.05053866101471168,0.0669211353695615,0.1552680796027065,0.08634762355694803,0.09538591184511154,0.15009051489548988
0.16660327803182398,0.10704593780096577,0.14157207065757133,0.03721461073932589,0.08515588949878883,0.11509768119391017,0.08546283252115201,0.17383905723660353,0.08800864231985857
0.03706781248273994,0.12574669818536433,0.10639553432675315,0.08827617558594787,0.3142435819597134,0.11393281545515825,0.038535435709475006,0.07517949438730531,0.10062245190754288
0.16279567817633722,0.04999170457548987,0.11548650182879361,0.025874585463382675,0.19651843811411382,0.1264454479301804,0.06814763699511917,0.04639851291331121,0.20834149400327204
0.3135768190733909,0.04987189959162817,0.10743844797587622,0.018727729286535464,0.07116608670488361,0.09178233118347985,0.13893734107722444,0.05098341895390316,0.15751592615307816
0.15076145975493505,0.06090803157845648,0.13840675629429292,0.025586981247420603,0.1658313534680564,0.12147581842411852,0.17677365628300692,0.046435088559936784,0.1138208543897763
0.3446711997682031,0.03611897290219663,0.12841781873770927,0.011683684711208175,0.08170107279139772,0.08933096098848115,0.09080560386818474,0.0686536245908596,0.14861706164175958
