0.09071399023964692,0.056833290976164824,0.026684381738722524,0.16374538283032222,0.11652500424643393,0.21365459003793086,0.16252559245650025,0.11743261640014081,0.05188515107413761
0.07868613791787599,0.08296590352668558,0.042830255805231254,0.182320241858825,0.12888160961428555,0.027724091905072818,0.2064309255216843,0.07654954224832565,0.17361129160201386
0.17877753862592224,0.06722344186150825,0.015630580325025806,0.08007382097825495,0.1426185843969031,0.23242557553604995,0.04019932274523693,0.1666388038234414,0.07641233170765739
0.11099866405164542,0.15121043489613556,0.012088228521357993,0.16085403073528423,0.13727908684741288,0.07614914074221507,0.03166071770206725,0.10192488915437468,0.21783480734950686
0.27671355962057215,0.05112211779013338,0.031985793524185825,0.11827575724123372,0.13657303665550224,0.02857489157195843,0.11497748316166904,0.06842134461254512,0.17335601582220014
0.09934349928042861,0.25435142491830925,0.03174422288935784,0.06841945806681078,0.13414593312171222,0.03714282365843761,0.20374478756105843,0.07495037735263334,0.09615747315125185
0.11058916432325883,0.08979728600752705,0.034239720075860056,0.197044052432378,0.12633900536840523,0.07729550498164377,0.2285817953578377,0.04632534534968447,0.08978812610340485
0.1233702207786964,0.057288469843033187,0.0788193460736355,0.08911640531140043,0.1371787627073601,0.12273856324926984,0.19015569911294006,0.09667670392843684,0.10465582899522759
0.11463558180329954,0.10594963004906983,0.023979008450633967,0.22567839140859855,0.1486534102081969,0.04664778717850975,0.058052517494022356,0.10688797874896257,0.1695156946587065
0.07706964317882396,0.059113561827154854,0.018163667956125427,0.050864258797355864,0.11665321816593728,0.06311347558436851,0.1490596061132893,0.160348153204102,0.3056144151728429
0.17523831276509236,0.1154914148739456,0.12689966383238416,0.06116870263894292,0.11585040840163162,0.010878836338094321,0.10789333658756833,0.04518739500629562,0.24139192955604508
0.16551597150489314,0.15414526699115957,0.02904508985852436,0.08799138234142712,0.13979195403316125,0.06280565886289206,0.21074338530869263,0.05484001592012774,0.09512127517912215
0.08053064645146722,0.10399984360123182,0.029932293279598277,0.08039787335617143,0.1250084743133036,0.2535306420582908,0.05741552937437761,0.10979393460365938,0.1593907629618998
0.2236339599891752,0.11051974843322782,0.018650043550178092,0.12451150437549624,0.1363734983944345,0.12480496249534584,0.09538033067012634,0.053245551171681005,0.11288040092033491
0.17046136722395255,0.09242517995691076,0.027505033409919163,0.05171080639003961,0.14215489541701173,0.3037514523448484,0.021088033146192908,0.07092006898660236,0.11998316312452255
0.08881316106001913,0.2915004859256192,0.02286132185505849,0.10900984231438438,0.113030787813113,0.11642992900886402,0.16513455611237185,0.041596845506306976,0.051623070404263
0.0774314721100174,0.24767913282885565,0.0745778179881114,0.09208074313929586,0.1179032740221176,0.028828537086175356,0.23855247776160568,0.04353395706522351,0.07941258799859768
0.13183778426500556,0.12929867652891688,0.019394790240056484,0.07206098063848865,0.10922027213204057,0.23089893664985214,0.17914984236786105,0.04113162391768611,0.0870070932600925
0.05164794372586282,0.02426915464857608,0.059289757197945554,0.057808545579945275,0.10711627085864339,0.041909472800040204,0.20923219623780018,0.15364004280413365,0.2950866161470529
0.16501307345489322,0.17562778624763586,0.04474040229238598,0.1300599746525071,0.1608262161778291,0.0644963674720138,0.1322153936775681,0.04637460285773359,0.08064618316743331
0.04376553376364508,0.06532991975319165,0.14606436215142046,0.0972078978919002,0.09726750746479824,0.03250769058012232,0.31233885578913473,0.13199555280124678,0.07352267980454052
0.04967404951939353,0.08723061022888606,0.06775634644426017,0.0789402149494569,0.08802471227460291,0.38985377852891173,0.15937529350690668,0.03542908541028966,0.04371590913729232
0.08354996152949024,0.18493245883464682,0.08721207617136917,0.1477946730538989,0.14994639239473348,0.025058966750002732,0.05725757891275502,0.05726759065861816,0.20698030169448559
0.09502263186937716,0.08074560906553484,0.06218469383679681,0.282276391731268,0.11678899113012696,0.07573876885412524,0.1426879752747904,0.06314614583654536,0.08140879240143524
0.06944885796770574,0.06845097436205679,0.03099787748746584,0.14039783258200955,0.1153653371358266,0.08109036281161992,0.3514889599198283,0.08817989097681911,0.05457990675666822
0.24978289328782266,0.11409591003808019,0.024034634238048514,0.08860483435063325,0.0993836638104737,0.01334516724434265,0.11069893447534714,0.026713006032559144,0.2733409565226927
0.07143906941054609,0.08963949763725966,0.033355474941509554,0.09318597575309225,0.11853455120475388,0.16402870057290278,0.30490485396358963,0.06908333361445727,0.05582854290188887
0.08055602540065264,0.1353759940489193,0.41715750822166764,0.040575170109231534,0.10724390440826452,0.03253866528118911,0.07818982813060002,0.041938123595982625,0.06642478080349264
0.12011196228982146,0.14747219157421254,0.015332324436939946,0.12560703186406683,0.12644040459466152,0.23077794904264334,0.10013707106475689,0.07415551766837776,0.05996554746451977
0.08812763784289002,0.09728484408520599,0.032653323363725915,0.13193659121424914,0.11889532618039196,0.36012821677104645,0.06629161670707934,0.03485943464471078,0.06982300919070043
0.12115278498122456,0.14582486735416425,0.07351636604132154,0.09257624724205608,0.11901780969776364,0.06048890750255199,0.15307974018804862,0.12254627586387778,0.11179700112899156
0.1792829328460442,0.04508867205936262,0.17802172749373865,0.053611255421577124,0.1204402040788312,0.14406881659269904,0.05091407125870562,0.07800854865930272,0.15056377158973885
0.06080762061001133,0.198014787942376,0.27977005988782355,0.0622332466749286,0.12222033446231968,0.04668182023501107,0.09886224284910146,0.05789821969673615,0.07351166764169209
0.22951736655371777,0.14442657322193456,0.03409576323628935,0.09498399190293239,0.12842190079106033,0.16478592578097825,0.05955878434359091,0.034860225707908594,0.10934946846158798
0.0790725020610367,0.09726194083367538,0.03302055698735229,0.22142977818027865,0.10897511249941842,0.03758170014774442,0.2311790884142441,0.07384379949625963,0.11763552137999034
0.10083308805685787,0.1508472943457857,0.02184877484820205,0.13238122109532538,0.1248316106805637,0.23544524221563892,0.1311768527324223,0.03519901324463067,0.06743690278057331
0.1405171513032779,0.05282968453864729,0.07670740048405275,0.1945876736751159,0.13511340432363766,0.10156770546323296,0.09613398821252972,0.10831830631571243,0.09422468568379339
0.09021839470779817,0.05276473150935649,0.03424781026994592,0.0876915125524973,0.08431288062147817,0.3594838785964527,0.02153453250365266,0.06307175288303406,0.20667450635578452
0.10397367661771874,0.08678238772429553,0.1560210506963875,0.06695767348767999,0.1217370097106753,0.009798905261538546,0.09700857896009113,0.08048810228885507,0.27723261525275816
0.168173905316202,0.23915816368788564,0.024702884342817675,0.0887380631176425,0.1275591345305748,0.024674009696141058,0.09828771065927644,0.05404739244428583,0.1746587362051741
0.21634953643125324,0.08459221138985124,0.04840375911792189,0.16258822128373815,0.13549963477346968,0.024902846544432353,0.07583163527907764,0.049827948070809765,0.20200420710944603
0.12213699430969693,0.09916109374291741,0.03290130890168103,0.06476084548300036,0.09151205725528082,0.3816739217082054,0.1538218215358069,0.019984380884281363,0.03404757617912978
0.06109529603065306,0.05876937957944798,0.039613726261915116,0.06959642091194575,0.08885259146119924,0.12459467007012641,0.2102682191324019,0.09158351867099067,0.25562617788131997
0.16495093514703363,0.114032088085601,0.03232399689752475,0.10491380198714534,0.10061508917299226,0.26744508338015677,0.12886071369409016,0.05242651779415097,0.03443177384130511
0.1300266966978601,0.08863387481058166,0.08355624909823932,0.08696041727307054,0.12292570302717114,0.17405976868009512,0.06337142937071989,0.13514054868385542,0.1153253123584067
0.019227330996787393,0.05378594206612009,0.0636710126886903,0.5920753126968666,0.07771746787128374,0.032805098071763836,0.025501608770394524,0.11015331692253076,0.025062909915562637
0.13088953520994107,0.043870665923245726,0.20439306670582114,0.03798439871306838,0.12949358649419387,0.058370125894146106,0.026131413380066398,0.23592401866780502,0.1329431890117122
0.11973494297970562,0.07958015772291584,0.010221718694359054,0.08601192340116387,0.09758129854031007,0.46554007132450176,0.07405657144026724,0.046937285031363,0.020336030865413524
0.16503984402960223,0.27517795228728154,0.039096586880831286,0.06695518034849939,0.14403747194536964,0.1101011571804345,0.06769866791001043,0.08141213263587699,0.05048100678209407
0.060107200138341,0.03487635668723691,0.02163824938077039,0.10070477133569807,0.11775379244621698,0.2789332805918605,0.1504399464841739,0.1332326397844349,0.10231376315126745
0.0702070041368671,0.11193944713598893,0.03573497323717983,0.0628451879312288,0.1189524243608275,0.04218311992879725,0.329399806478041,0.1525976489716137,0.07614038781945594
0.211811162546694,0.13755851579607792,0.07754716755435685,0.10737774802912238,0.12525208377854694,0.013560582354751521,0.05584715778638003,0.05957563036090644,0.21146995179316394
0.09326896980123532,0.23173424351030825,0.016239401100470837,0.08912634787354162,0.13731194129935922,0.11014145369004237,0.17324838226119868,0.0690406521192862,0.07988860834455751
0.07142853391275593,0.06726521841175108,0.03536946531663663,0.11104778609453136,0.09572370569177162,0.2388999885813888,0.2743069733428987,0.06164619694766585,0.044312131700599965
0.07052238229835799,0.2406654806859084,0.04078515131267453,0.1677322573999522,0.13115544005801424,0.06256597972500283,0.1864856240263945,0.050394397090126754,0.04969328740356862
0.08954717058934232,0.14064161033423814,0.15876826492196947,0.14949453293338247,0.11374559389508644,0.03969303100925258,0.1431285326628272,0.038642534800084345,0.12633872885381695
0.08348117755160944,0.3663904695265307,0.06027037369849875,0.10279995910835578,0.12370080664521,0.024776069877880325,0.1122101194546435,0.04341043689063012,0.08296058724664138
0.03866029060305944,0.09623928951569832,0.012381287317560531,0.07291932819855135,0.10776563250073497,0.300388569249613,0.2392979063142724,0.042911296349946774,0.08943639995056317
0.0722284789293057,0.05925736591108305,0.027922202261713918,0.1214931353837108,0.1276822309778903,0.1392589106872806,0.2146967467529587,0.21430776799414955,0.02315316110190742
0.15445611786406213,0.0537866640319668,0.004840869406936853,0.17575612569642782,0.14314499166247444,0.12100333220981496,0.0874568437858909,0.09217816037836908,0.16737689496405705
0.05486280210795862,0.05293454752543177,0.01092596803548311,0.0689347960816457,0.08224144588730346,0.27726352293063355,0.33883646269355144,0.02812871821313515,0.0858717365248572
0.10444009048830523,0.16254426648697465,0.005863973849576323,0.05276026714455337,0.11900878633642882,0.3389380061504177,0.07135249607583848,0.09942974667042705,0.04566236679747828
0.014479774060457964,0.010433195363830276,0.2002921105762805,0.49219374174226216,0.05083569824162709,0.007217751405146717,0.02241254822130373,0.17812293630196288,0.02401224408712868
0.39074047634186887,0.05226844055838955,0.08859749409455059,0.04470763783293958,0.12353518625018954,0.08658947373873543,0.015518762156795513,0.0889602941394903,0.10908223488704068
0.05731407260253316,0.06240704788251863,0.0562752412110718,0.2968200499229339,0.11306138493530378,0.01568688435854122,0.20812726098268267,0.07850090806022654,0.11180715004418829
0.24910069755838782,0.12896515719091853,0.005356906907338997,0.10665863647187053,0.1345275678917955,0.05683118671765974,0.07439912383533616,0.06752457293364994,0.1766361504930428
0.10560144585872533,0.08383267066571352,0.0354032328688176,0.06965627719985662,0.11455924190694429,0.312451889359685,0.04985727337990539,0.05968034536408869,0.1689576233962635
0.06135115091763002,0.18392255431762952,0.21256440272339053,0.11516231597849196,0.1145186745220147,0.042810159851800735,0.09318429406322977,0.055615362878963626,0.1208710847468492
0.21320249781431633,0.08776730999206794,0.13540823874948008,0.17511022838490242,0.1378205673321712,0.02912511348531976,0.05553365061914469,0.06493228487223977,0.10110010875035776
0.21779022108037768,0.19222172006755409,0.011096286552964157,0.058397675642389596,0.10619196263415732,0.027378407675569608,0.2878172762749724,0.032451428410920975,0.06665502166109419
0.1070122387673607,0.16149457187097868,0.22836630780028497,0.06746732942888471,0.12835886833857854,0.04540232542585667,0.09983284067097153,0.05343641325883836,0.10862910443824585
0.07299329073972775,0.09801530425165905,0.06088072888076762,0.16086302344155914,0.1423105294985125,0.06962726959009935,0.08749293691730352,0.1018816907098641,0.20593522597050695
0.12774029657467534,0.1570203132197715,0.020283688050423142,0.11559238403589382,0.14774871985206123,0.03170138036560838,0.03869376432034192,0.049289418705976286,0.31193003487524834
0.10822634668840393,0.18393931725585713,0.4483408442476011,0.03959863684115765,0.09367122152141556,0.010386807528591434,0.032774612396386155,0.03957453064403222,0.04348768287655483
0.2908878467479981,0.12118043415315756,0.0208883618268912,0.10372273484096267,0.09995289435069264,0.046272342560103596,0.12074133581745068,0.04384339639276752,0.15251065330997612
0.2216563397016963,0.061024716200280445,0.11433345640665105,0.044502306602203855,0.08001838703154682,0.2938143409630715,0.03549405172375416,0.07004121431648852,0.07911518705430741
0.20519789520694773,0.15299177690472646,0.09969875298474717,0.0921726289471883,0.1724322300821963,0.026106404889738904,0.06058170096917793,0.10629871499847045,0.08451989501680679
0.06702462700392238,0.2128127368053124,0.019142246904807775,0.16959846882822546,0.12387859219026455,0.03868506245471343,0.1732004504806164,0.03299316447914702,0.16266465085299056
0.06073662484099587,0.17070851806191378,0.14805378736048297,0.11129144430536088,0.13651442664531765,0.06834687429084578,0.11461374217286269,0.049214365344857486,0.14052021697736283
0.2105565213556002,0.10333490819726217,0.06695997843066535,0.10190019464237136,0.1452473156266275,0.0222764590515655,0.13335895425745944,0.11230697007135061,0.10405869836709787
0.2496742017795934,0.09631614960269791,0.0913448162064831,0.15469776474795824,0.1227038580827756,0.013036115758840174,0.03616521623364882,0.05727078972713243,0.17879108786087042
0.1315404125071585,0.25405623682358586,0.008290961545973002,0.11966878037563837,0.10751235979508005,0.18916164004336808,0.10276921047658306,0.018277670803413935,0.06872272762919916
0.252030382136017,0.15260482674700807,0.05022336784270625,0.07359890709046966,0.12110165128972661,0.07944240063535164,0.06986825498003567,0.05194296823811348,0.14918724104057168
0.13741578067109717,0.13215914390446187,0.09984378354254782,0.10135383379051426,0.1873697571657276,0.06628000869285616,0.07055303262981501,0.047504681040561804,0.1575199785624183
0.06434660316158078,0.06872135364128433,0.04495450678992485,0.06696349890388203,0.09967480816843327,0.022107621290718693,0.4602839195402874,0.09454063781336643,0.0784070506905221
0.1679247042047239,0.11594509083021208,0.07832753192082945,0.1861249195519533,0.14930333946247665,0.019751827520659664,0.08317090839899459,0.09570833501936345,0.10374334309078696
0.1320063104416195,0.24405501752800082,0.24974811352043413,0.05587428439393627,0.10622583441360255,0.015225608405273032,0.07723821686838499,0.023715972654627913,0.0959106417741208
0.06872942695230218,0.07624517720693079,0.012698181880761663,0.1750761981441615,0.1313335845620384,0.21418818327406966,0.14185073056896547,0.053256579887542614,0.12662193752322773
0.06434660316158078,0.06872135364128433,0.04495450678992485,0.06696349890388203,0.09967480816843327,0.022107621290718693,0.4602839195402874,0.09454063781336643,0.0784070506905221
0.16931092457227834,0.1034511101923981,0.05026970932156879,0.12406503990373924,0.15215881995449018,0.04403232173175087,0.10051762357198642,0.09566356536392462,0.16053088538786348
0.05477393315225878,0.05939238025117708,0.01483741152528958,0.061773676892596385,0.10281683397662748,0.3035284563842936,0.21825016003287856,0.12675198774941063,0.057875160035467776
0.137303504943851,0.12114496262130732,0.03471084352296838,0.0670443001319842,0.13629602762687412,0.03198421780333547,0.22544625602838764,0.10117185113712433,0.1448980361841675
0.1368027758304007,0.04527906375990138,0.02711456084268127,0.07414449820445752,0.10787068029162387,0.46210282555172594,0.05618110820639563,0.0610148595326156,0.029489627780197997
0.1162358134536889,0.09455404539786932,0.080432562340523,0.08486676402688138,0.13538308714654776,0.12066599673511026,0.18166110811677003,0.09933528027027128,0.08686534251233806
0.09622402338764413,0.1261200619792083,0.09186202553551114,0.04976878764360452,0.09432890108606524,0.01768638375707667,0.3412463383623127,0.043912377886700125,0.1388511003618772
0.08497898220833888,0.07656480799970498,0.01829085442625873,0.10004719610339975,0.10567594557672937,0.179646276649527,0.23078324160337257,0.05227063461443826,0.15174206081823052
0.12481666972357879,0.08653973991924423,0.07989920886519489,0.1083737050544718,0.10966333139762131,0.13588079546026702,0.022924700883695266,0.05269872201773452,0.2792031266781922
0.1644698756948871,0.12677079833347182,0.023025874220808457,0.05062771081329607,0.09963415738216481,0.3073904979564033,0.07540341326609679,0.035458215949139,0.11721945638373273
0.15559390219591904,0.15220941889600248,0.049516294784776066,0.10410252559359974,0.13942556659591362,0.04607010887224892,0.06323999657574043,0.09184327464241315,0.19799891184338658
0.13422072577409647,0.31924399198742154,0.0622353737984798,0.06719132881687698,0.16355264052413676,0.07161187280404589,0.024620894303157333,0.06815035880120619,0.08917281319057908
0.1548177741822005,0.12209894313200707,0.18134672083052564,0.09106253056347463,0.1433483219548907,0.019982357747015168,0.03936825945427284,0.08061804613433805,0.16735704600127535
0.10610213729183261,0.10546372224762218,0.027743434142003993,0.0971823068091433,0.16989416218710365,0.04764816610658099,0.12396694445195465,0.11443956885412003,0.20755955790963862
0.10289262815420729,0.1243023808120195,0.10792672072696018,0.20969153525563575,0.1490656214237587,0.012503157272726176,0.04777380134121353,0.05215251685444361,0.1936916381590353
0.09258534884982932,0.09617386207722177,0.09110826972733554,0.18447940440503632,0.15185407277959706,0.09469224380042424,0.062496398232729074,0.16184836485523144,0.06476203527259518
0.06686726067139177,0.11159403146137453,0.08021351816577595,0.1198480439252364,0.13368025962291116,0.05696779997091658,0.26746129203986224,0.06117573453786602,0.10219205960466539
0.17188239840356104,0.1255551653697092,0.019088187058088943,0.12390230540817478,0.13548420839084765,0.010403932738987204,0.18853778908855864,0.07770156374974885,0.14744444979232363
0.09992905406082357,0.20464936275306614,0.33910035724814475,0.038988398493684795,0.11427272785149827,0.061603491728774225,0.047410702511900854,0.06992893946761351,0.024116965884493895
0.08427846971917514,0.10825634361993003,0.12159880934782631,0.062922264422889,0.11631442842806698,0.22192978944843586,0.1341890797636857,0.048804371259979114,0.10170644399001183
0.10096743667495138,0.1559833065008991,0.03020741696281823,0.11209213669248515,0.10193411894362014,0.24068404990814138,0.15641215920021959,0.037822399002490896,0.06389697611437399
0.04795372520507352,0.07561296860670777,0.010342752492371002,0.1462271897101485,0.10126409973124269,0.18742688321535836,0.3188388702649674,0.04192336734251823,0.07041014343161246
0.21082985788887243,0.0826667475598038,0.011485100699380605,0.05194229247756238,0.10695591697599936,0.01829885292736785,0.05512796016539331,0.07266512477689925,0.390028146528721
0.21717560748019057,0.12546308391311242,0.05366850124408897,0.16369873554004458,0.14789661737448156,0.055615964067660645,0.04405987185962009,0.04639508447182361,0.14602653404897756
0.3059037082934437,0.10045446407261982,0.023076363907516575,0.15001320424320622,0.11020886078039195,0.06825700180125845,0.11854486422278919,0.04594471716097349,0.07759681551780062
0.07521693766952048,0.18443495531693718,0.014584145300950356,0.1236006602397219,0.14642319881216392,0.05496721580908314,0.22035275111163002,0.08112613674961562,0.09929399899037743
0.16711826019383666,0.05541469766800691,0.08212770290588856,0.10676588550918291,0.14221865871643408,0.019664581357256513,0.05726076623954477,0.10847317213011058,0.2609562752797391
0.14002848039676272,0.14750776993605758,0.21201487835836208,0.1361098854516696,0.1256095907478896,0.028009413532103882,0.06305315393725497,0.04891626667220302,0.09875056096769662
0.15444983616821814,0.1542582017966917,0.059568998195224133,0.1709637690616078,0.08457909152733549,0.004454860192986895,0.10674252459501943,0.022837210404951135,0.24214550805796528
0.07227467342331685,0.18172405866868416,0.19270550161120648,0.05282983669084682,0.1140159674692701,0.027472108304211262,0.18663298788018165,0.09685743421031558,0.07548743174196705
0.29974177774309446,0.058041652566515056,0.11212442857104486,0.06170905638153682,0.10392527877281736,0.014426072238780221,0.06367676659892639,0.06621379395489697,0.22014117317238782
0.12117478941704009,0.06572886227405399,0.12846284054906928,0.15542121501896441,0.1271986253380414,0.04374772546763561,0.041428740203019086,0.053536031578338354,0.2633011701538377
0.2580528374448608,0.0788592367572314,0.10027180342146036,0.0778588744467411,0.10895732691876159,0.0216863578912898,0.05846124316149251,0.0873931928525918,0.20845912710557069
0.13733055200920807,0.04312528269147722,0.03570701654330231,0.24417181612405606,0.12967127253368468,0.08070340130689661,0.10393528977203875,0.09077869117437475,0.1345766778449616
0.05832948701224738,0.15037840785062237,0.05465640166320298,0.07742756222052406,0.10405255061609402,0.012368221267878258,0.3517150939591505,0.09299808655064952,0.09807418885963089
0.09363897761095237,0.12574455927524622,0.04898928278626277,0.17415498996763232,0.13577546857072986,0.1247283288376007,0.056016738105106344,0.08417512192752546,0.156776532918944
0.070629207575118,0.03404731630181158,0.1990802586731667,0.041394749445142126,0.1162258797518813,0.15653216630207675,0.136776218401246,0.1457837924184085,0.09953041113114906
0.07533564891189003,0.08939149049940821,0.018485478818397235,0.05288247231116417,0.0868494250677868,0.33392184008862663,0.25689401248740645,0.03028655864323417,0.055953073172086275
0.07972415014713906,0.1347643022413653,0.22152095546403885,0.07165058025365678,0.13800400539916252,0.11028352764757517,0.0727650736678639,0.07759826149511692,0.09368914368408143
0.12497377817455167,0.13986013411390472,0.05893049341770168,0.07283149944762256,0.13937857861492484,0.20128536662499166,0.09590334916320274,0.11523007526148292,0.05160672518161722
0.2921751591668553,0.16407854575620426,0.015601517784578378,0.08601440201526438,0.11421413553997066,0.07721077795028027,0.08470079534244708,0.0984155601394287,0.06758910630497096
0.10562058724463348,0.2030735960690534,0.0141736210271229,0.08891206196629962,0.11413287102641213,0.21430331140121825,0.1602283445713494,0.034737564148112986,0.06481804254579793
0.17962848116602761,0.1671985609409283,0.01498853700336712,0.08247933285782903,0.10895104963511922,0.2555037051957794,0.10876196384429028,0.0200654768919899,0.062422892464669
0.16139765210860044,0.08265164082729554,0.3713427482958053,0.0496535192823876,0.08829942654311777,0.004801174984122042,0.06373827914627374,0.08015866678145049,0.0979568920309472
0.17970681930209031,0.25850359571106446,0.06824180882411977,0.046428912459886895,0.11631094988849851,0.05794749073955826,0.14850298407287227,0.0457571796935036,0.07860025930840593
0.1751438195260641,0.1872355558871058,0.05373355624214087,0.084914682064286,0.1836770730930216,0.024127030733885214,0.09696779759596634,0.1394520026529097,0.054748482204620474
0.14028506564040957,0.17025715566822686,0.07686109722557233,0.08366188466340752,0.1650116773670047,0.10894056748435653,0.04248822425839447,0.09221879668661122,0.1202755310060168
0.08459627031487989,0.09039310499414666,0.04099861276078883,0.2721488154289389,0.15292398295347728,0.06205515316210297,0.056780822647243316,0.10176288833993387,0.13834034939848824
0.11674476275611352,0.2081400952391127,0.09887675728947833,0.12549092792857072,0.1190410791472974,0.028333271396437678,0.08440367357673195,0.03486391648237008,0.18410551618388762
0.08923146584671732,0.13796845435703922,0.03218985398085509,0.06608493061506361,0.1194905808485386,0.3191450437685432,0.0812092216785974,0.05248547512931756,0.10219497377532798
0.07016198565545816,0.24735351614709336,0.04103712672159277,0.15725281666086835,0.11554291557577274,0.013592319170249965,0.12943788240041873,0.04015325754438909,0.1854681801241568
0.15169432372405797,0.08514115065108013,0.02180195552754163,0.13975721327231397,0.11290995222849153,0.16188910270855453,0.140278030633296,0.035701965301214736,0.15082630595344945
0.10141845934801495,0.10798749571245454,0.23264659028664392,0.0812565532107437,0.11282405248517786,0.14908526099181263,0.08040506682449922,0.04690883943775335,0.08746768170289985
0.097993345203078,0.224570372156934,0.08525209907544885,0.09536084366180159,0.11703935768692335,0.08929711797027744,0.1527971943056197,0.04279692657066925,0.09489274336924784
0.1740151328905332,0.21057390178343105,0.04579848115310788,0.08693686687596391,0.1269366472663629,0.09250444345263893,0.14268960332478783,0.04863420703914837,0.07191071621402606
0.058867489723970566,0.25567000960031105,0.1721602240840089,0.1793291776102943,0.08025582509480252,0.0012638775792361034,0.033472187637729814,0.019677905825547837,0.19930330284409883
0.1993828101745141,0.1076368086896529,0.030494510237131508,0.13006262169629532,0.1627637235778111,0.04751670342310579,0.028392742997863114,0.10907272770917072,0.18467735149445544
0.062451221062743416,0.04459294728667768,0.2635595019388018,0.40679605469190827,0.06570345447574216,0.0036207723332950755,0.024172276793949402,0.05646494818179687,0.0726388232350853
0.1501588481480077,0.03402107333152863,0.12191058570813744,0.11630734500268851,0.09637727652470635,0.07016573313050077,0.04663628136815426,0.06089393692292574,0.3035289198633507
0.10021525793031057,0.10979587124912453,0.05504316608703433,0.07557693619177432,0.14537039383301295,0.2456950305768454,0.10732420037395633,0.10792167525235352,0.05305746850558803
0.11199014377709804,0.12688656159676792,0.009223903685799896,0.11292613193055985,0.11029388056654926,0.1015649077519901,0.24939051258431896,0.031722512661798465,0.14600144544511753
0.24447318452157188,0.08814159772316188,0.048661983233145766,0.07579293042738279,0.1305862895455283,0.0288025310139607,0.028651510593312318,0.13170486561812567,0.22318510732381058
0.12243559513387985,0.21568138508499157,0.05091531894147868,0.07196094207848888,0.10218110569104814,0.19141791643782616,0.15442880270090603,0.029892278031513,0.061086655899867726
0.1633557433729891,0.04398041280067886,0.030395851238133955,0.05127533520183094,0.14051179685209492,0.07299693673788364,0.12671761500528478,0.22698532059869622,0.1437809881924076
0.3039995974465511,0.12384195754879244,0.04036928982537714,0.1159734505681208,0.11741079577072622,0.023690679122986984,0.03827501645529279,0.04957583992032106,0.18686337334183148
0.16160208678881302,0.20768478683670236,0.03391886919441193,0.15219525402603448,0.13008354815344103,0.025221626512675593,0.1215225229334916,0.04478019160873755,0.1229911139456924
0.1295330798772126,0.0425048282763394,0.02053637082484707,0.04945625869556013,0.12654089695755344,0.04398692628504087,0.06767658454895983,0.3837772621266244,0.13598779240786232
0.06313794782520006,0.06104118069371032,0.02995871621087905,0.08816566674197834,0.10464123881895966,0.02775348936782972,0.42145494102079467,0.12021290920183354,0.08363391011881453
0.1789242938158054,0.04746670973579695,0.05584248140896886,0.18776785500799387,0.132664045747612,0.12775797083994386,0.08296095837813375,0.07364491557219895,0.11297076949354641
0.037722995375476215,0.11221711774074739,0.015343996552345607,0.37022080842184435,0.12234982147547709,0.04232550540713987,0.1337881880963431,0.1049447403321927,0.06108682659843364
0.14270337186202645,0.22570369088473208,0.0267081771608145,0.07002963285589549,0.11836864154931803,0.2399579927549864,0.039515015153614434,0.03245965430498204,0.10455382347363074
0.10912292306119252,0.040069018705459376,0.08683065612707501,0.06361498334798278,0.13239521263667042,0.11089845750419935,0.2394604646835624,0.1518928943150983,0.06571538961875974
0.1413373138792852,0.08729757988696489,0.07208853609004653,0.07487240562160342,0.12118513163482258,0.031023705490146356,0.22148518424500208,0.05579430664471672,0.1949158365074122
0.23851962007459568,0.11693642218552043,0.0075586535202869344,0.08826546916964041,0.11847710828015007,0.09180386341285725,0.039800751577267035,0.09610598361574485,0.20253212816393731
0.17424080163916497,0.1017652371122037,0.21098341207598104,0.07200483598698057,0.1271703809584702,0.04671813937168617,0.041772559889196204,0.11704715677681678,0.10829747618950046
0.14234506668413624,0.30790835437942365,0.09299094929075123,0.1011896114038946,0.12461771621599786,0.019679280410290226,0.05225910164971753,0.043765310768731414,0.1152446091970573
0.0828022406703867,0.06638734964926721,0.11422464715077825,0.0658644918546411,0.1040087383536767,0.13953328898598136,0.3239845951672002,0.04367579724743164,0.059518850920636725
0.10041956553142584,0.09521068843609193,0.17394852970459318,0.04143160692089549,0.11372633888096179,0.06644037175086619,0.14690853648240595,0.1037964688570747,0.15811789343568494
0.1318860136616219,0.06689709819126068,0.09919250762176977,0.08524288394885411,0.15156136028878134,0.05542516497587819,0.04099767011866811,0.17069541642571648,0.1981018847674494
0.08334603028702288,0.051858260357226904,0.013969471894540328,0.08131647791682903,0.12264842461955117,0.03743536544015318,0.19588899048341246,0.25366187516370536,0.15987510383755862
0.0749493781259521,0.23111862938831176,0.07663835357752606,0.06841313549992063,0.14612145792430706,0.05249344362863137,0.1497738781221015,0.10935192769383072,0.09113979603941884
0.04598329910373022,0.1108794669009051,0.4607067842412215,0.034872676857941765,0.09395241069614972,0.01207852725712951,0.0606249880320499,0.16117911166193422,0.019722735248938052
0.15650867756121475,0.10951215149711362,0.034953025835278886,0.1681344622824864,0.1459733993553496,0.053935119328166775,0.14328425690433075,0.09450483958057528,0.09319406765548398
0.07020768217964608,0.03604056639843957,0.02528653750257112,0.03010767470058673,0.10210114992917935,0.4823941270936348,0.11226773581059667,0.07991129380713892,0.061683232578206765
0.10856088723616629,0.03653571317474647,0.04036484057205703,0.05672784348165536,0.10684378707243837,0.2506908588742081,0.19341008471426757,0.13209616539623995,0.07476981947822084
0.09161748239062202,0.03280622247799205,0.023136420911150687,0.07708248490113918,0.12365002289787996,0.11521335217446087,0.16624041263577352,0.16232932676786788,0.20792427484311382
0.15169432372405797,0.08514115065108013,0.02180195552754163,0.13975721327231397,0.11290995222849153,0.16188910270855453,0.140278030633296,0.035701965301214736,0.15082630595344945
0.10207350180164032,0.13368284165110642,0.02852941184382193,0.07879043381057783,0.12433979587510911,0.17438869395924642,0.22220206499847528,0.04777812408620263,0.0882151319738201
0.12220373658385526,0.16057571072891272,0.2608065538922388,0.12404387795807124,0.11687717015726985,0.03237791678275615,0.06618704481567635,0.042745348422910966,0.0741826406583087
0.09522467523347648,0.1491771462660616,0.015045739111883278,0.061784805971152545,0.10928250052269395,0.2067318235182648,0.18382094537648788,0.05324225245529681,0.12569011154468265
0.04832904980206329,0.06817467744306259,0.012019212539335007,0.06556614877038326,0.11803043380050049,0.2466282601152743,0.15463475136179697,0.24575823351571877,0.04085923265186526
0.21356344002791972,0.09767792239095724,0.011078029694676738,0.09599225058223321,0.1259725941675449,0.0867144650582714,0.06296446470628216,0.0369684454409194,0.26906838793119525
0.10950877755813389,0.0903417849840223,0.0084052896641655,0.1313068348877182,0.0934544328049731,0.4735796522066025,0.02884199757348759,0.03655931747210436,0.02800191284879246
0.08416487441479098,0.08901169519178283,0.043048818243010434,0.10232262939306243,0.10225683174663693,0.08885757647582211,0.2860694511873791,0.040341224400366714,0.1639268989471484
0.30777044250923075,0.06540156914329044,0.09771403593796603,0.07813282167706255,0.12823097557996313,0.11061558340157718,0.03290738718510882,0.040764054392500505,0.13846313017330059
0.06447917021397612,0.09909332642129233,0.41073305575249597,0.030560855629259948,0.09460925828024813,0.0072682689304057095,0.09959361164254289,0.1290501829662329,0.06461227016354594
0.07808323227195334,0.1737993608191004,0.012782900155391191,0.22709060359314778,0.09556505223609173,0.2680485791281298,0.07004445198009325,0.03187990787685665,0.04270591193923586
0.10556240992308796,0.25705225879170507,0.042780480202029764,0.09869443659726207,0.13391819345094622,0.05836192403573371,0.1296726387439522,0.044983241090473164,0.12897441716480984
0.035665418794898276,0.07353440793300006,0.0041301457522973746,0.09584006414104503,0.1014026248947244,0.47825520443708247,0.03874369967384833,0.1238354352488797,0.04859299912422432
0.09258534884982932,0.09617386207722177,0.09110826972733554,0.18447940440503632,0.15185407277959706,0.09469224380042424,0.062496398232729074,0.16184836485523144,0.06476203527259518
0.14247123123418248,0.27115563867030384,0.010235093577150014,0.12175474720953162,0.11185796351178134,0.022269595999590483,0.14542080604208116,0.030637602370659562,0.1441973213847195
0.08080011321505152,0.07973073986634178,0.071447794960005,0.05448745129326171,0.1107529538077655,0.25931667092438376,0.20519481663991324,0.09659118596855633,0.04167827332472118
0.12339768384652496,0.09247634777532704,0.014186637767310018,0.17839675166190835,0.11969623811761017,0.02254315179126815,0.09478343962310735,0.07353869772829029,0.28098105168865367
0.08150915207389661,0.036871116720221885,0.01406650497947494,0.10909438833172956,0.13229001617015523,0.21483339508591826,0.20881063073685716,0.06972139665632555,0.13280339924542087
0.10487778172968339,0.021724188759064695,0.1836570083389799,0.05945460716514526,0.11715674689858374,0.10897468893225182,0.14587521590010413,0.15430844368011723,0.10397131859606994
0.12179809829306969,0.17472268555953074,0.25323929063059564,0.06373045597566172,0.09917723083343037,0.02049840379190154,0.10265496906561077,0.0633009538908127,0.10087791195938678
0.19376777704249307,0.1081590082091614,0.04693211511359704,0.1361667943739497,0.16521781183798667,0.030170915938456583,0.05241726850115928,0.12802106412450734,0.13914724485868887
0.10455268272770302,0.056532298052426766,0.012048435291061671,0.042431875805356845,0.09625372654103918,0.5175543870057117,0.0907541261673623,0.0402344597895418,0.039638008619796765
0.09283541929105112,0.1630445657165834,0.06784365257899308,0.29917596291298615,0.12505429994022169,0.026389448907210566,0.0408868650802482,0.06316936753811793,0.12160041803458788
0.12423352370323243,0.04707402502019287,0.033178638459759435,0.07690006746138515,0.10028851431453956,0.2923553825456037,0.052604858177878654,0.07567219724576794,0.19769279307164025
0.09792185267701832,0.045494156755537564,0.1994724210359041,0.10058418750684024,0.12957339968226492,0.02494331128772449,0.10997922510263088,0.1316454048055132,0.16038604114656627
0.08705939484216645,0.07286244088914269,0.020611305232920776,0.07470860473713928,0.11228673173004133,0.2796301596674164,0.23052041566239925,0.04884960668818772,0.07347134055058618
0.1731154662893827,0.1900434919680515,0.08721148908414018,0.07715968135461608,0.12633572511972005,0.19803729550280433,0.0755288469108684,0.033713458922841326,0.03885454484757541
0.09217859881835688,0.09070007615303366,0.017043217561923164,0.09679873502496215,0.13319810478151148,0.1304822555604753,0.3017269149156713,0.05717336252882798,0.08069873465523808
0.05754281758654267,0.23819053101912888,0.027002152661154383,0.1268519973918545,0.1126432231959817,0.0438489455548236,0.14940457201814947,0.03629432328885595,0.20822143728350898
0.15859141232059806,0.06832192206720526,0.06304057968247778,0.1009578778665966,0.12214527832182483,0.005927216914586753,0.13401712092513673,0.12625919060602256,0.22073940129555128
0.07107184707742213,0.02013101809981083,0.011611098876795562,0.2053656718930268,0.08421717284745468,0.4557909369578292,0.01698559022138988,0.11743174746456235,0.01739491656170856
0.09669696618404185,0.3684816900608247,0.013975635709762365,0.052829393925580746,0.11156551670980437,0.04044126319280919,0.19772066697018845,0.048903644330219154,0.06938522291676918
0.06385010279997773,0.08607963395170219,0.10140950815886564,0.2234843997482104,0.13598387693181577,0.23137562979054507,0.011104385251624509,0.04195362931153505,0.10475883405572362
0.0669102935299787,0.11136469790339687,0.03173861214764407,0.133883545453524,0.13765665196511007,0.14707294751266412,0.24531333704659555,0.0850195945628776,0.04104031987820891
0.1490219540919478,0.09020337235502261,0.04082980272352027,0.11308080651666381,0.1325417975093258,0.022324307823384848,0.16645800306356687,0.211176692111496,0.07436326380507204
0.14599628635011405,0.1541046361453038,0.21941982011372066,0.039955597576586906,0.11666622388506763,0.020109866064924348,0.15325581149725084,0.10515776421648752,0.04533399415054428
0.09667973527971228,0.18614868109931804,0.23950528124345585,0.08023643116416669,0.10013211798409133,0.006953520246278208,0.14020420266390163,0.07106256997427578,0.07907746034480019
0.09899275739687856,0.24161706951423148,0.08069131020191106,0.08194557935139639,0.1464381596227344,0.007633061244349077,0.11141149258134182,0.09307647489890501,0.13819409518825218
0.2919844740786813,0.12252511741612275,0.01588403423718577,0.0865583210675319,0.11723906043467273,0.016265995945512826,0.11138200013769663,0.04326787209758379,0.1948931245850124
0.04551401674799135,0.019628131829636453,0.133728273320295,0.1388198585051946,0.10886493526589401,0.06416408167432933,0.22403214402172153,0.15400133278735387,0.11124722584758388
0.23274033889878676,0.06910119965468849,0.038219140277846786,0.0581355053659906,0.11063646450620802,0.25435691030670105,0.13924085129858024,0.04601732963565638,0.05155226005554158
0.10816526879128673,0.1674318154063066,0.04442462246433768,0.11528084895339852,0.14297592697343933,0.08394281392788837,0.17857732200091977,0.03802809236451652,0.12117328911790644
0.2200528166868194,0.08820200941068938,0.03262633457748967,0.14688168823449319,0.12589359895683105,0.19882504876639726,0.06410156887348954,0.05352607305499168,0.06989086143879887
0.2115579065606079,0.16952894931583593,0.017607496802065043,0.12863855303016536,0.10920591440619405,0.1640012105101936,0.09046944085021781,0.024156560185708557,0.08483396833901174
0.16692901574352884,0.16810789365641401,0.023134962613316674,0.11923532520025644,0.1428360624393367,0.04582052185578354,0.151999670444163,0.09078728070697463,0.09114926734022614
0.05410856764714365,0.0650912057052181,0.2865472591588756,0.05939706898399633,0.09713931853098745,0.007737063575313986,0.29174532500773415,0.08052286369096186,0.05771132769976881
0.1631427563756991,0.19531138948397722,0.05153798895825196,0.09488001980493217,0.12449645296406621,0.17272078693213502,0.03558169855667973,0.049966049930051264,0.11236285699420727
