0.10789271662607251,0.08104046805492504,0.11491576571317101,0.06659529851065109,0.1575882852309621,0.11287482181349491,0.017262878513137375,0.24090516754955113,0.10092459798803476
0.18627913404876698,0.08464141255198628,0.03428746302948483,0.09176516306986231,0.091991049196728,0.06988390019858752,0.18377435305076825,0.16426177272388104,0.0931157521299348
0.08374040533207587,0.046563975338426565,0.3187054659003205,0.009049901099622601,0.09383797795584947,0.0830937883248382,0.07355095414353748,0.2149762157270206,0.07648131617830868
0.06282125056194639,0.18055780715918215,0.03782124684312105,0.10020310197582026,0.12190981302819087,0.07597200044243184,0.07970909288806799,0.2697380232118096,0.07126766388942972
0.06306099130536087,0.2076023983216467,0.06383508063505987,0.10338583995645488,0.0910681728068795,0.0764051932603474,0.03232035542286801,0.27784359356782967,0.08447837472355309
0.12784692524507016,0.04583588360295912,0.15261426257551922,0.1528901138025847,0.10898130528798065,0.16277389525618957,0.08517529520444862,0.03399424626369756,0.1298880727615504
0.09938425254310897,0.054886025506229646,0.0797927268892532,0.06770294406793916,0.10260370999155559,0.07698845774614645,0.14901428877612244,0.24562240336524535,0.12400519111439923
0.06998611124497661,0.05059848769079264,0.23683977103604,0.14499828213571303,0.10050658239644417,0.09567429872050441,0.05517483732534134,0.0555335035304036,0.1906881259197842
0.07247300192079088,0.0783530801156654,0.11488684647709037,0.08090348970328812,0.09504490085249993,0.08822862524726038,0.11456435529450681,0.24342944875652459,0.1121162516323735
0.03623248439414684,0.16943440305413415,0.017252671061102,0.39019493867409816,0.09044435785566907,0.07830243206922381,0.05081765107108699,0.07854076524590407,0.0887802965746348
0.1083622354714927,0.09537429911855488,0.09869332638916362,0.06257127601159349,0.1348764538839808,0.06737714651366393,0.1734862893558745,0.17585059520965854,0.08340837804601743
0.04186166079796908,0.24019113345017726,0.0717675659093821,0.28694805906221643,0.0755566454051348,0.06345029649085948,0.03314145017703073,0.09180456381042805,0.09527862489680204
0.0723748823081767,0.11399603284240663,0.05839261739268017,0.1616921519147194,0.10583583654979505,0.07958753848703244,0.20380896754332276,0.09168692712674613,0.11262504583512079
0.11505689732452525,0.10473227274916586,0.07375482451155897,0.04923810262778683,0.13178275770772163,0.15177329062737946,0.11258895750117659,0.16681786386494613,0.0942550330857392
0.07561408882282354,0.0858411661961747,0.10029639108768969,0.13346696296684668,0.10777344844902226,0.07215646470015281,0.026686488823417374,0.2880983539309661,0.11006663502290681
0.1537470155190003,0.1109318245931389,0.16255256798033837,0.0597433513443374,0.10486821456032192,0.11312352042668805,0.020515817031786385,0.16332228124043557,0.11119540730395311
0.05652386826471256,0.1303306999743085,0.03723664130585812,0.23963802922287014,0.08479595985455175,0.06486180823870041,0.05712650805312756,0.2525217458888665,0.07696473919700446
0.1269200716720368,0.055415859253122236,0.0855976352863604,0.09142631703135921,0.12825641776375266,0.1886081082736707,0.06251033070096246,0.07244775782423231,0.1888175021945032
0.0590711985679665,0.03900596032266202,0.40470626383261554,0.06595466945879773,0.05394623364204481,0.05178002970747512,0.0004793605863272231,0.04646938892617406,0.2785868949559369
0.1099430688180321,0.07806324716734028,0.030792997449844203,0.26729467204162627,0.11182601026860241,0.12027729693012286,0.045734608403840686,0.09129690032301489,0.14477119859757634
0.08007683293398304,0.108454811274538,0.05025766278617435,0.27545815521140443,0.1057679041574379,0.10483028113137545,0.020969526989637454,0.0921650243234899,0.1620198011919595
0.19102466219469014,0.041811761095940425,0.09737484068934059,0.09320141293216279,0.10652832041280252,0.17434112498870338,0.08850470004209411,0.07229111866798789,0.1349220589762781
0.16509588114324947,0.04521923468727995,0.0648402902786731,0.16592527826403677,0.10023529949282241,0.08591968503886006,0.16113861324321713,0.09144256306428007,0.12018315478758106
0.10178559043607775,0.10317948875643064,0.11284222747644583,0.044985568821307435,0.10303008672831666,0.07024601942438896,0.10337265583184212,0.2579844549599341,0.10257390756525651
0.2182336243168361,0.03990042736856508,0.07151957534322866,0.06358177949087102,0.14970205610763587,0.13670420185538598,0.1095327151467755,0.08674238809744234,0.12408323227325947
0.1655752232650127,0.03818174417433226,0.18731156697465132,0.030896769765058188,0.14721118796645336,0.16206703383209806,0.049478070501368536,0.12634535495430604,0.09293304856671958
0.06056470003195524,0.29871450612001255,0.2786609147945502,0.016827532169964524,0.0785133563382183,0.07423222248032753,0.02686099844376266,0.096557410591476,0.06906835902973298
0.046599375805893774,0.08059199877754328,0.040478884540270633,0.15330728771363614,0.16385279591293136,0.20253784322271343,0.0031383340090289304,0.2506134723158685,0.05888000770211391
0.2073379682243528,0.12273173687481272,0.08237465832180056,0.05637418148717107,0.10514466671642302,0.09306888346451987,0.03642380109741369,0.20022593568273875,0.09631816813076748
0.12668505435415742,0.1699037648353666,0.06786459602380995,0.08350057807447675,0.090885459124185,0.08000367280321705,0.12161491533128783,0.17392775087894705,0.08561420857455239
0.08657717921905421,0.19178217123733407,0.05069017246947479,0.10077091703376645,0.09773236636658039,0.07956247839744729,0.13377430717004798,0.1764465870937508,0.08266382101254412
0.08230957592414301,0.06219723016295072,0.31049193791953117,0.026542284216618955,0.12363882426247563,0.11707239808735981,0.024928527618008327,0.17246202248378753,0.08035719932512486
0.14518629444868694,0.17533837860363846,0.026600328780202246,0.15061761807448396,0.10318941000382438,0.11385985457758226,0.1403713263611504,0.053806977509506894,0.09102981164092445
0.08779765333217386,0.04175954173598299,0.03436037807955807,0.08138176347399087,0.1334757053099634,0.19095829446061408,0.16797612430457431,0.13705298068592212,0.12523755861722027
0.08380630211712248,0.2546803686148831,0.032460340014092044,0.1661731706421716,0.11017130382265516,0.15830435332692125,0.0349464208760213,0.0554007198649514,0.10405702072118173
0.21134867188097237,0.11772845221178564,0.06783552228606121,0.05028506849204842,0.11891822146163562,0.12604911915203829,0.1269153080468767,0.09114813783365983,0.089771498634922
0.10208189010285203,0.07530211235798707,0.09852518381900155,0.18484379742803614,0.11260911369992144,0.1235281758908074,0.06823434057824121,0.056844546967109284,0.1780308391560438
0.1061980248510278,0.07505498748445959,0.03846103478868793,0.11812140199156451,0.14234782789630704,0.16075031792113686,0.13850968641539274,0.10691301262554899,0.11364370602587452
0.08381345390039467,0.07164416409750902,0.017011181364704833,0.24726734258951577,0.06607271066427682,0.12645357802233248,0.07661879944115393,0.08736279789949125,0.22375597202062125
0.10134153735007566,0.0507655602964624,0.0347693001849026,0.15254051051688897,0.09892878048311726,0.08634168074854327,0.31714792214690857,0.07600214434704806,0.08216256392605313
0.05820898533610252,0.2822117558687159,0.03496541906153083,0.06218953245763012,0.08637125072320985,0.07272032789251302,0.053697896483914376,0.2884855603397494,0.06114927183663398
0.08588885075834037,0.06899900260541462,0.1658890461545722,0.08412877423844718,0.1197312791355372,0.09545122553111111,0.014924363960721387,0.18464180736849678,0.18034565024735907
0.10578327245149118,0.20497409956880866,0.09473287961227417,0.11283744094924965,0.11118025639824432,0.10117899128664258,0.011086572774329022,0.15401233904282455,0.10421414791613587
0.0848870312448206,0.11121474655966694,0.23708486687903307,0.013331352196086457,0.08577797182816539,0.0913036860742265,0.09405621136456076,0.21630731092309716,0.06603682293034314
0.07129227312942783,0.2149289441240335,0.036281363208849345,0.2530791308717191,0.07044242626657192,0.07387799777214753,0.1418992137271,0.05886895266209143,0.07932969823805941
0.09207467032366883,0.06649747549935203,0.045924176775325204,0.16222367943151053,0.14573274225241672,0.1334014027140629,0.18544117757996528,0.08184318341614537,0.08686149200755318
0.07083476173068905,0.1312527648350083,0.07127891196045971,0.024139315399653832,0.11079965017214899,0.07236773837485068,0.17383874499010807,0.2773742190780222,0.06811389345905917
0.09935271447637695,0.08980560683170664,0.2276148235697777,0.03586561754643939,0.12402261150761928,0.1857642338467227,0.017564773240692545,0.1207530262197541,0.09925659276091071
0.06575076602293757,0.2761386168903771,0.06538735167166161,0.09493741823664896,0.12236191658155642,0.09319669111619666,0.043729099017507815,0.144221440606709,0.09427669985640486
0.13388077944006985,0.08969980131305612,0.06103859627759167,0.08576332067912067,0.10946189286740728,0.08009583959088876,0.09448414157937594,0.21562636743411498,0.12994926081837477
0.06747329466193143,0.20053524288096627,0.020339283000664742,0.17703259076938113,0.06850350649265885,0.0953789226886343,0.2325879223465573,0.064769712003249,0.07337952515595696
0.07277213672126846,0.05218398288175687,0.18218478884674402,0.034548973902076036,0.09745003041677625,0.12918729947452248,0.21405581010929595,0.13339777432444308,0.08421920332311698
0.0783864730160342,0.07009831858930005,0.047057636207419117,0.052870993424755014,0.12626903588330998,0.06493455370953578,0.12287151379902389,0.34598245769369446,0.09152901767692756
0.06969335961247328,0.29712628375813294,0.04896554101759926,0.0513861398251814,0.08077978296305029,0.07859894344369577,0.04513202702193858,0.2647792083450154,0.0635387140129131
