0.5631299548138617,0.031071822647440964,0.029723474169824047,0.049147351330390054,0.027000062337646857,0.053288446167264324,0.022685117750757915,0.11601927671560158,0.1079344940672124
0.15442174719862087,0.060772483696284386,0.047079273752602485,0.23771383778553679,0.1826622152373557,0.0807381942361738,0.042977458917968,0.10407399713205524,0.08956079204340271
0.06916831387581364,0.05246425060354459,0.5899844152038282,0.03612447275860232,0.05405665964581944,0.01969948830971319,0.048656493605124564,0.07399103341825003,0.05585487257930417
0.18329576587136542,0.03710949987153594,0.03739172775375511,0.06373877510623922,0.19785330989961433,0.11106281126598272,0.09501501389824048,0.14925480152071155,0.12527829481255517
0.11100498433208762,0.07598795593383456,0.061276904783515745,0.17617983902774895,0.10380520872128735,0.0735886621175501,0.037449748375408,0.16761613660571797,0.19309056010284967
0.04492460425967466,0.014483075519131897,0.021737363366955184,0.2994657437285204,0.01755477238599514,0.46407105037309293,0.036401233481751866,0.0779314523995873,0.023430704485290593
0.11612953887629301,0.07750500206608422,0.078893762244079,0.034567671470043464,0.09165431358110447,0.057673839318888774,0.12761451044586442,0.24452244817528515,0.1714389138223575
0.03811414996398513,0.06655898025319279,0.09011918565701733,0.11427937009634044,0.13479081830535788,0.17517628697104648,0.03765069364866149,0.05396401550172955,0.2893464996026689
0.21142418937151664,0.09710802063983476,0.10160504293171796,0.028737857820003054,0.2264585089724236,0.03442083509344534,0.01218136517458004,0.18898603362027355,0.099078146376205
0.11743063857250931,0.03291194628459653,0.04304670103331534,0.3867774779265852,0.10779921592187014,0.05625303978102084,0.06340268540987624,0.09766593090774474,0.09471236416248154
0.15797058864223704,0.04097384409282719,0.04498576957279319,0.47240359759371336,0.0348112842493081,0.0231261830854034,0.01904107515433712,0.12363899192998878,0.08304866567939184
0.07653460039377079,0.01761153872624718,0.03614280958497121,0.33974010155502704,0.08470637797446344,0.22283902329537741,0.01849520007834381,0.1247929532198923,0.07913739517190677
0.1517231856618488,0.07085670503739416,0.07174037139838306,0.20230632392948336,0.14357206337710104,0.050404963850288476,0.021034174177104226,0.17160733526600838,0.11675487730238848
0.10061855233200163,0.12081854386971401,0.04754258440850667,0.039454486695321804,0.24756789614547223,0.05622469632752306,0.07412343273102352,0.12929887816190702,0.18435092932853012
0.11501990212034273,0.10009873404453025,0.033252426134600895,0.14437326150124524,0.26617864989650664,0.025750902999460406,0.011569857912838008,0.18873572019449616,0.11502054519597964
0.12075196362117198,0.07613871984437466,0.047438682581526836,0.059453812215233694,0.20485163130624906,0.041958093857787176,0.1108758379471112,0.22195848574028088,0.11657277288626444
0.16008018787187062,0.08851945903611498,0.03433005276398116,0.22202177610288798,0.24016575598284542,0.0668315138492295,0.031784278749122645,0.0760798631860688,0.08018711245787888
0.061382260698747367,0.06284812374618277,0.04593785800076091,0.31480255573127075,0.302971928227608,0.03679533448278512,0.01772343812630776,0.054318206773397805,0.10322029421293945
0.08475945193695754,0.09045553691603049,0.07432564870156837,0.15658473946839332,0.1710422919271397,0.06959471219272338,0.08007503984306456,0.11349845303656937,0.1596641259775533
0.02593083266174744,0.06151278099677838,0.09351349149308635,0.18955551113598965,0.09849162006118818,0.07494739167911928,0.1307747958133209,0.1448381226625456,0.18043545349622422
0.06795711653430576,0.02156181134117681,0.07723983246875775,0.13226201115908584,0.2118633047288737,0.16926206081921555,0.05662557881031908,0.11611180432866447,0.14711647980960105
0.0469409103130195,0.041424005852729213,0.054562861439799715,0.29459429862810876,0.25612540747662926,0.03088884065890482,0.046218525083342316,0.10381587042655023,0.12542928012091617
0.4189801915477231,0.014169643802420176,0.02701867501773213,0.22098998910997944,0.039678646273534755,0.04080028097812388,0.0073817171921543995,0.16815533742568256,0.06282551865264957
0.07811977073153638,0.1876745483892915,0.03423558112708037,0.09026062164196953,0.08440828143857099,0.011464728868607244,0.08000297932613114,0.2902604906899937,0.14357299778681917
0.23237609859264619,0.03442107446424784,0.04090301518620732,0.13096085876488028,0.20048698510308663,0.03109744143579359,0.09463335074594396,0.102786933503053,0.13233424220414122
0.022857115439096538,0.05918048081038755,0.07238635726604352,0.031875337689369766,0.1624283171336678,0.21081949715652273,0.1168974911379261,0.16984698139527002,0.153708421971716
0.14112153876845435,0.018322553812334358,0.08637411985268145,0.08484301578776025,0.24540208293695856,0.18944964723487365,0.006753274182643074,0.1415755589659201,0.08615820845837413
0.008818869020333735,0.07564666317490551,0.3338686640036985,0.08528160184760152,0.014873786380756064,0.19619809999707627,0.0019315593692791804,0.034075474354066417,0.24930528185228273
0.1473975738310426,0.03766926311731316,0.06906302039308441,0.03908180599478097,0.1629820714206783,0.15333421789049478,0.10815088935934951,0.14733962292476788,0.13498153506848842
0.047844156543218296,0.055767578303567815,0.06643186432011204,0.28256723362205044,0.14016319276384645,0.06626755460745463,0.10060359998789004,0.13589644186255578,0.10445837798930456
0.08569057338366008,0.07660981895674056,0.16202713674049576,0.0280630342858753,0.11709862903466543,0.21389563799983602,0.06545826587604746,0.0556741580606257,0.19548274566205373
0.019440999524519807,0.02495583732437413,0.5375276616766184,0.04039911793335423,0.0408621066055222,0.03985223905058308,0.08740472010767734,0.0488076621349372,0.16074965564241353
0.05208645744306869,0.10599058515410087,0.039459826333396154,0.21381715579970195,0.24298306125099786,0.13157291558817433,0.053076258966944366,0.05972553163162925,0.10128820783198644
0.07823545707040663,0.03132440246872826,0.02842782791498011,0.2961990023815489,0.13236506967955528,0.21001066262713688,0.023391627722845334,0.12464642372763086,0.07539952640716774
0.054726276557308044,0.09775770059247713,0.018302685381193628,0.05360280779538797,0.11624677355821329,0.48528623195306847,0.024529812431158173,0.06439806145083568,0.0851496502803577
0.02841335591542303,0.09187686532811723,0.041491275638882164,0.07414771687237508,0.1619728337558324,0.07843939532178693,0.2475250843450821,0.0970640138475155,0.1790694589749855
0.21950198045022437,0.051992009501568154,0.04711555254723585,0.2128747535995169,0.1534853113847493,0.09012797554558521,0.0397018055752614,0.0684960545909773,0.1167045568048815
0.03060646673280439,0.06709339645205893,0.045787006399924425,0.15114976074028244,0.3382887518840001,0.11814384458969891,0.04728477328814092,0.0722533527650247,0.1293926471480652
0.019172752939835773,0.06118068151785188,0.02405189825075348,0.22045368913702576,0.15911875031817724,0.17496838625403788,0.1431468494747477,0.12186021765594175,0.07604677445162862
0.12704474887500997,0.036074583582039445,0.22193826061104818,0.02719026609974924,0.183308846331146,0.05837149702607982,0.03565503851333792,0.09441446974949946,0.21600228921209
0.06148227773214987,0.053334626561585934,0.04685761566284802,0.1563551424092482,0.21946162560724503,0.05538892902207518,0.18501780071608576,0.10705847237472425,0.11504350991403774
0.01960168490497359,0.02900976651788661,0.12420146811883377,0.026301349957353018,0.05566880002809787,0.54639901231374,0.0488725140757174,0.06551692828510693,0.08442847579829078
0.26237604261305786,0.03792393692188501,0.08120640748941578,0.07297623650162292,0.14394008972138528,0.07087719096436869,0.08280801775269452,0.10212977768765868,0.14576230034791127
0.023735622625715696,0.09448659779306647,0.34171978599926217,0.33933850283395356,0.04371775074330469,0.016607236999653264,0.04909986982420264,0.04661535765791741,0.0446792755229242
0.23970441009869622,0.04560103325016878,0.19646666568033996,0.014740630073211912,0.023480277711401747,0.22707489430205421,0.008431008519761462,0.18801249651176088,0.056488583852604766
0.037416901184725467,0.1459876661668881,0.0291550504145688,0.2801878562523176,0.20150559034629315,0.11617532115017003,0.012916730456363767,0.06531951183061867,0.11133537219805435
0.04377178561069731,0.08641761277448352,0.25702002954032127,0.054372458118191434,0.06282682859309467,0.04903727541306522,0.2696728486527082,0.09956962374106644,0.07731153755637193
0.08269021530114651,0.0774258335525181,0.04581083297192647,0.019598595881139273,0.24797504140153373,0.06507875923608165,0.26522218450163076,0.11770269232069158,0.0784958448333319
0.0492040113155073,0.08552455744983722,0.10967262936204357,0.08592530560067602,0.1268041868822504,0.21022496192358572,0.1146958793231898,0.056144561009080496,0.16180390713382947
0.1389400468623221,0.05723163894455866,0.1956527434099984,0.06785250111429138,0.08819152554552472,0.16357325188502062,0.051712183255466095,0.09600113514571722,0.14084497383710085
0.09880595593210735,0.050879846760636095,0.026925569502932695,0.2516503177955628,0.16200672209933478,0.0991404624635095,0.07122966922082591,0.17749898177887247,0.061862474446218285
0.18064269870494834,0.09719242274948448,0.02690396321284123,0.153759930520507,0.2937645915682839,0.04538784450760149,0.016358015873340747,0.1381410017399591,0.04784953112303378
0.03316260080459393,0.12067356303296843,0.06088508261822761,0.08830591752525985,0.24395754115366106,0.04963292714671069,0.03001362332012668,0.21270387391083911,0.1606648704876127
0.11477415607048451,0.09615439593785872,0.05860874649973926,0.0697668451043277,0.3017447577240033,0.12402410502064172,0.057992476205437626,0.08474807094117436,0.09218644649633283
