0.05320975293531027,0.590801472389161,0.026853985515254586,0.007486587466633866,0.1798285945899473,0.016204355101740685,0.015081470952739784,0.08674841964078628,0.023785361408426187
0.3551033940376213,0.15981368189531567,0.05764526271963108,0.022724916469854754,0.09708470662467265,0.06027559518056469,0.05743338933207226,0.04863231975832847,0.14128673398193917
0.07433912198943937,0.056409766069689594,0.17456068159409863,0.14567143380864123,0.17661264416922615,0.01298786914360963,0.05562741291769666,0.128502176807897,0.17528889349970175
0.0848612601028614,0.024368593586280653,0.15835227461605025,0.15602384994521976,0.19018298267047873,0.011471683729740681,0.09801164861290416,0.0845037881435879,0.19222391859287644
0.04075240240992756,0.22660893989437678,0.07951409120393133,0.03639029339110557,0.23078713740113652,0.07979106230025983,0.16826611253715282,0.028676011473636426,0.10921394938847329
0.11913741766297425,0.2104388461780655,0.1113685615177525,0.090964399704076,0.1101773048207549,0.12148360574443884,0.03833128568808707,0.080218079686268,0.11788049899758296
0.10572020009282469,0.1105459435962202,0.05259211939782862,0.0465189841586702,0.15423892606139675,0.07912744495508015,0.22335730896421713,0.09061212548515807,0.13728694728860416
0.2080213260006231,0.1893519015013595,0.1063144193544871,0.022045398601853564,0.0952496197080435,0.040532058267954085,0.07046466716983314,0.04545900442345332,0.22256160497239272
0.0211025640566992,0.03479762169997045,0.022497487720628078,0.20203533134653026,0.07112799918362048,0.37121156605542754,0.14316164684465696,0.08698010398133464,0.047085679111132366
0.19921462454028482,0.11223795509169332,0.08507059196505647,0.03294212104291444,0.08263835111503767,0.3172848014720797,0.07365227178553253,0.04917462778931477,0.047784655198086334
0.30122043726218034,0.12279083298230926,0.05307571646395556,0.034186178968627946,0.16752845285222984,0.18001179764115352,0.03857553892537197,0.07103102615992855,0.03158001874424297
0.012373838923656703,0.13370281822782695,0.051798438012093766,0.20179837761073358,0.09035659321482466,0.10309252468448582,0.21650601241080225,0.11796433796467175,0.07240705895090452
0.01187508656699477,0.02945055754101611,0.30859665696158634,0.04957936835315996,0.13529731417051524,0.02456534529238047,0.2290500722541405,0.15513875627208878,0.05644684258811794
0.1690485034704364,0.09454279649115276,0.08406503071304094,0.016753064613904606,0.15158521285472223,0.18973524538984435,0.13569645135128489,0.022668639380000858,0.13590505573561298
0.19044163940041225,0.13376543274063676,0.07206248041210848,0.028259183244850248,0.31012332642255425,0.031235040920951345,0.05283207775910422,0.048253067170424935,0.13302775192895752
0.19510188287696448,0.06178843754319871,0.2793004124942304,0.17775404994545363,0.09561793007282204,0.0433299429394964,0.05341725790369515,0.08023713186953411,0.013452954354605182
0.03168261180565803,0.047458571676554706,0.1465384472195795,0.08632291525332737,0.07613326785097634,0.012432443311574864,0.15526043967829614,0.3072514321031122,0.13691987110092088
0.01773126558069488,0.3902931833856607,0.03288296832017369,0.0126493974477644,0.3072729070412185,0.07545593688676157,0.04588519595594801,0.09507059193369478,0.022758553448083373
0.2026523385927285,0.0683078945876558,0.2622699108319045,0.046506958849425795,0.28718092166332854,0.0269724004084215,0.03845328734812218,0.035995361346294996,0.031660926372118176
0.02093852218752504,0.03677482535691647,0.03173623988710812,0.12586328828434512,0.09012233782613532,0.044039091402111784,0.12637233843219856,0.48747630685389165,0.03667704976976793
0.41096355484888636,0.2711456544329095,0.04863193122235105,0.01023159739600276,0.12132539001667268,0.03325446854246779,0.05838239685331758,0.022716949820410216,0.023348056866981978
0.02015795506731637,0.16138365539294036,0.03673257836269108,0.07518500841758995,0.06658293653425502,0.15858882601195612,0.05647232296957281,0.02513435075832401,0.39976236648535424
0.2941131344907815,0.1513407488547752,0.026717171473290915,0.03747628197225177,0.11658041480087007,0.04666282039109717,0.07143382545924686,0.04245318955177702,0.2132224130059094
0.314402984988575,0.0774091022509099,0.13698877694911096,0.011835123039975777,0.1614412391319868,0.054673935595172106,0.056350618341444524,0.06212581857099101,0.1247724011318339
0.2519806561705861,0.22880656497906768,0.048397284818838586,0.032044313147267994,0.12539361929017592,0.05925861816603208,0.08800863635439976,0.04747128264038284,0.11863902443324903
0.4026127729584567,0.07994492432072318,0.1329460573535803,0.01349441933531545,0.08204631227627653,0.09969066319411175,0.04960669646778617,0.02057989386152987,0.11907826023222001
0.08136464603339669,0.10286868796482096,0.09695746989199154,0.023131481898670675,0.15739882149690307,0.01676285466054821,0.2034549480838216,0.03658363301558286,0.2814774569542644
0.009254173802005407,0.2176336759347651,0.12480668243501249,0.0380320305201274,0.06317384870866527,0.03034683196161182,0.1589756291507088,0.28767553392497947,0.07010159356212446
0.010299658880620512,0.010200744988561848,0.01730343195567335,0.06222054267481234,0.05135758615034872,0.524263221911108,0.27931759233200004,0.02505385972482006,0.019983361382055132
0.0544273443608771,0.043362582067194434,0.1066660429118957,0.00979752883793727,0.09080737481037034,0.0927033458904214,0.27830585882286973,0.2632553750565805,0.060674547241853616
0.0012427448807980448,0.35036787010523396,0.011765764034351497,0.009212681332489777,0.05300778215450388,0.08820495112355864,0.09835198511349326,0.318531428063598,0.06931479319197287
0.2864123160302449,0.08352735986991498,0.13412870977800465,0.023640573027947493,0.08312576389992936,0.10047707871527206,0.10378733609819508,0.05377128904475243,0.13112957353573898
0.09368410944462936,0.07968993832672433,0.08667740323701001,0.02575765428016577,0.17660633002674073,0.042932166814555896,0.11107346974395049,0.14336691964903395,0.2402120084771895
0.27682483297973165,0.1372772432429252,0.07259348715175802,0.033003504380976594,0.13482878559878267,0.04452505513643706,0.07461461567918642,0.09802414647493085,0.1283083293552715
0.03371840275555434,0.04764136616704342,0.1374430572556288,0.028245980162136215,0.1422231399540748,0.0660943129258982,0.19895137517693018,0.3154607549938289,0.03022161060890513
0.018632305003500552,0.010501091284896187,0.06633618571232362,0.2784399392898266,0.17872938673902727,0.0849258995705753,0.15634461735845304,0.12416520859986213,0.08192536644153527
0.02533306040643932,0.036017692892364256,0.038089335218026744,0.03805305089125222,0.05112581802364854,0.4974844623998556,0.17091459090398098,0.0854264030723727,0.05755558619205974
0.3263692689905087,0.14350598003484863,0.12415114073982579,0.016009050804953396,0.11626915670557314,0.11621250237109715,0.042623705090374275,0.0284236354026241,0.08643555986019473
0.1645227068918562,0.06800561261362124,0.08493560881381224,0.03204170894342816,0.10938896157824966,0.056734734668069046,0.08084680848908687,0.2726941378210413,0.13082972018083533
0.29308228856116125,0.20487509539497759,0.07835258183468095,0.04032773292523494,0.08008585554262743,0.058676959066157865,0.11018315366232355,0.03902033563386692,0.09539599737896957
0.14397477628907301,0.26950344800903614,0.04863352707103192,0.032803662453901844,0.17153834459894324,0.09020328715582537,0.08624860547243708,0.10301960406922235,0.05407474488052889
0.17666775396021336,0.0801671367572353,0.08412369656685363,0.02192768111913884,0.15923183968223195,0.05053258206874021,0.24924054143338073,0.026488327498632152,0.15162044091357388
0.0876617152134147,0.06703406267979278,0.22127795222268365,0.10152266538086552,0.11637527271076888,0.009317578973170825,0.11389368300907199,0.13761289441904792,0.14530417539118376
0.14690998803025632,0.13298525767270145,0.10058876129813575,0.05111806693639589,0.13126939470921484,0.16219577805153607,0.16864374192451237,0.021284325503980128,0.08500468587326726
0.008741078527503237,0.021500331520140456,0.020480245431647923,0.006194826392307282,0.09626769590679322,0.5549307035518877,0.13988791274923465,0.07596636083347945,0.0760308450870061
0.003032199877467301,0.3474389575734136,0.0401475246043497,0.0022641630077549356,0.21878130980790567,0.02269154172035105,0.12127644575585646,0.18991376750460556,0.054454090148295664
0.002344642116835821,0.07222661637456773,0.06544612430613635,0.015589449485794452,0.06287782346555727,0.10835848317908837,0.11535055689537395,0.5308066420542622,0.026999662122383947
0.03686167186921155,0.5608484381499844,0.03210949011856629,0.01184019041205961,0.0743239661089354,0.13403273364460178,0.012251355741666947,0.10211158569832357,0.03562056825665049
0.13196227029195734,0.12002164243035925,0.09303114707772364,0.03673335839195799,0.05835443439449228,0.038460340356247714,0.15651376329655622,0.1474158634174,0.21750718034330555
0.017951019152890362,0.25037470966546777,0.2204329198537557,0.16648473191863433,0.06263266839941599,0.007731504772406419,0.08471096972644578,0.0960398423233693,0.09364163418761434
0.01114780887976532,0.1484200214694956,0.25749598095963333,0.004136372982038614,0.09773221677091903,0.03630366841975336,0.125855696043216,0.2788566050353388,0.040051629439839975
0.04970340050571235,0.288094754363744,0.022933070835085653,0.06497692638289439,0.29697628700952555,0.08241075529768525,0.0976496161966633,0.03312215940941718,0.06413302999927235
0.07534079273786744,0.025154294741014344,0.19699972540515678,0.34711088079060914,0.08065808148546723,0.036850400422419605,0.054841010003903935,0.13161067858732106,0.05143413582624049
0.2114697908651307,0.17386934388706318,0.04061327793172654,0.0345543965063664,0.1430233487912485,0.09408371141454853,0.057753464471706255,0.13938259239908654,0.10525007373312334
0.12077875238600738,0.19482311294993104,0.20977465959539413,0.03000654508128442,0.09029343868406503,0.07117742509644542,0.153194588987284,0.04530886225961959,0.08464261495996898
0.17649981565506703,0.16463487315889858,0.05126464868849057,0.01553281320200088,0.20302508251948256,0.1373962381621893,0.07188274224349119,0.05835605355904489,0.12140773281133499
0.06970076811378378,0.083388190646473,0.12223146292674196,0.03190097813029118,0.26206885400502916,0.09240430692144264,0.18112864876843673,0.03349402513067078,0.12368276535713069
0.23287301874280364,0.16655314649124744,0.09602788287393262,0.025361352247299563,0.16225682947638898,0.07341273150524001,0.09744682130656551,0.022510507799372765,0.12355770955714947
0.023399732733437855,0.03765843982945117,0.16766841846661149,0.10033271409560664,0.08297624830427759,0.09909496251987288,0.24500060582326486,0.19223276471165554,0.051636113515821945
0.24276509327817375,0.09031136694561115,0.10249323818084789,0.02973013236576051,0.18250036368375236,0.036285773802392736,0.1992274579241977,0.009741019748572615,0.10694555407069135
0.010686542630022632,0.19888047064836842,0.26398407655742945,0.030386272751704135,0.10393346331227687,0.09399347999635216,0.06902103856937367,0.20203336135671424,0.027081294177758414
0.006655861272329283,0.4615233202474311,0.02424674035309468,0.02804924896985897,0.20319671967684663,0.16063864208997103,0.03433293145200389,0.04083043347329743,0.04052610246516705
0.007433075795337255,0.08752855070677819,0.015200384354114277,0.007051758762463191,0.07986516449336471,0.20450323089548914,0.2599618611742965,0.2686033767945881,0.06985259702356864
0.27801852125766374,0.10305775120836676,0.03143218998309486,0.025311171167444232,0.13100287923937157,0.07631537291938661,0.09381890094185209,0.03623984823401155,0.22480336504880852
0.046992938148096075,0.09740432557372296,0.40565415180200537,0.04606156312830176,0.04153431817279,0.01670693487905785,0.07148784486642841,0.2655890261837919,0.008568897245805687
0.00868280264314625,0.01951705843534833,0.12909617502785173,0.5419354793716283,0.10279254722969035,0.02644421822384616,0.044910502604504444,0.027439942216113063,0.09918127424787133
0.07972803733106208,0.10139590796350945,0.12665025161744273,0.04938624712424625,0.14280873920994272,0.024867985081028592,0.12718548796353749,0.21527990549294326,0.13269743821628746
0.07377325391266988,0.07829264889100848,0.24149639563678962,0.05971629428045491,0.19517378233598207,0.09374128089145561,0.12249872739016356,0.07618852547765316,0.05911909118382271
0.03513660455915412,0.029717031001695444,0.022376208598409497,0.052385266321357433,0.06319066144850972,0.5955818085918703,0.14192109120399174,0.011500057669513272,0.04819127060549846
0.2552632372462933,0.10523831101485324,0.0221365616001593,0.019265471101137317,0.19066632883662957,0.23829659960811364,0.016126524792778034,0.1361419342045511,0.016865031595484564
0.21104512592218286,0.04249731775776899,0.16257025353176632,0.24329642242413754,0.07494358765483193,0.07408187411407063,0.059169289235152904,0.05502770465658426,0.07736842470350448
0.08349786811008808,0.005936228120124641,0.018321654038570476,0.10535612302219828,0.09146199006780771,0.09737531829340813,0.3647888702651671,0.2047910939896279,0.028470854093007685
0.15059823341478948,0.04220477402307246,0.13244858580005534,0.11670848964030038,0.1415526779840928,0.04904007154294419,0.10604676558484893,0.1670309781119573,0.0943694238979391
0.054091224895958155,0.19450130667489285,0.07288741289373375,0.02501000386366596,0.27478160008857583,0.06886907738115268,0.06244156231162274,0.15631754399670383,0.09110026789369417
0.029924181440702816,0.048982965945384066,0.21071882234373454,0.03480879870885085,0.12226176161187918,0.031733438821784386,0.1098545269710286,0.200262553456564,0.2114529507000716
0.28053653405686574,0.14238834127797206,0.11135841824798627,0.015581231903072609,0.1159242574328138,0.11340049634513799,0.060629916523244586,0.033767630398031136,0.12641317381487588
0.09239253244416257,0.09398706872289697,0.08990114685763818,0.17095665197222368,0.10387699912454755,0.027762458192097928,0.15146014308738953,0.026046264543727587,0.24361673505531592
0.16935175335554753,0.07490156731199742,0.08839308289054609,0.04244359404506908,0.10564912806423028,0.04404241079201284,0.14166974565838625,0.06011395621744978,0.2734347616647607
0.030595066075731907,0.06800825331934911,0.07823389986424638,0.05988859965196355,0.10568196165931187,0.03397664483053089,0.10730474060109942,0.49195320418601457,0.024357629811752258
0.016370353593402217,0.1814345996253142,0.11849402448558494,0.15004990186562997,0.09909026454213758,0.2882324815879171,0.11394693143580348,0.025589558000673765,0.006791884863536647
0.23185740372197217,0.22161383983943117,0.04377931646557844,0.02628241236377199,0.0838841252872717,0.04494067473685387,0.1607502206181952,0.05617433270888173,0.1307176742580438
0.09322706220093407,0.21484091968374633,0.05371889700914906,0.010047751878585946,0.18225275990571074,0.19400057055471198,0.14289156917955845,0.03577578277464876,0.07324468681295458
0.3536061343114107,0.14580007875216117,0.08728118556280362,0.03431919013345189,0.06989520489771149,0.1608193299243721,0.027660267025706464,0.02742662200282267,0.09319198738956003
0.09012808791655903,0.1330200412178799,0.131253348997703,0.05739507997722562,0.16508176222158785,0.018825241844581595,0.23218095085918375,0.10436926463103413,0.0677462223342452
0.019007169620429892,0.027759378052509286,0.253395476910209,0.30486912032858887,0.12592661499907917,0.028288104355059112,0.08412527298364564,0.035636457788478994,0.12099240496199999
0.022406866495084447,0.1049193868825567,0.12975744981863604,0.10970125415914002,0.08458774040908645,0.003697251073599346,0.12993647728356783,0.3248863530905228,0.09010722078780632
0.14970462054856054,0.07532550746146713,0.13908811579199074,0.03360201448322315,0.15584621271901147,0.10272255437552728,0.06633253640082833,0.2399423988782574,0.03743603934113402
0.10973795969565174,0.12995985507042476,0.1459471244488871,0.020257988549716402,0.13802177352866873,0.020489028263082572,0.16238786059031016,0.025336188599349826,0.24786222125390878
0.10929685263420495,0.10874108676409329,0.13433710823162265,0.05427305299233968,0.1256953469932209,0.04628620859173379,0.2977037691629864,0.08179726362924343,0.04186931100055489
0.21267880172813383,0.05064277696226701,0.02255016261759357,0.039572821234725365,0.0851219397704877,0.3415137619525461,0.020713029394178722,0.07958729987607749,0.14761940646399022
0.1250247946912968,0.0675572793479292,0.17249082636333324,0.05278595281084431,0.0857898014953092,0.01007256847614566,0.1396206049612645,0.17886754807040692,0.16779062378347018
0.014771605379757089,0.026381801369192964,0.10672800725044373,0.25633517465875705,0.12443443374792557,0.05527968934572944,0.06615739919358028,0.2961342673322665,0.05377762172234727
0.017368179015425506,0.1067666904458826,0.022078853678004936,0.15713775668773786,0.10537696393099216,0.09388601442283746,0.20622832764897567,0.2768818000444769,0.014275414125667062
0.12230707386906335,0.05678645262573192,0.20352225771000518,0.06263313069305153,0.12231558482006814,0.049338436054533065,0.05190686591119132,0.09847821179889198,0.23271198651746353
0.2589419584679034,0.06920553079699905,0.18036836025220038,0.025587004868967728,0.10921226407601993,0.05341183766651572,0.1302578148909079,0.06142498600947723,0.11159024297100861
0.05460822679422859,0.028470227432986068,0.09277396731630143,0.21360385151729652,0.14396813962572366,0.11518536328507789,0.0609874869959563,0.22976620421349947,0.06063653281893001
0.3216320703298813,0.13480858767929121,0.05431492207128746,0.06777507269053944,0.0965715113274432,0.13103466756705198,0.08901006518841219,0.032434047513809634,0.0724190556322836
0.14365830718240155,0.12885891986565753,0.09480113000007041,0.0519062963248663,0.13844070486998722,0.1541401272915119,0.11944801595821346,0.028765990698039742,0.13998050780925195
0.21057753713504526,0.12541299133490166,0.13043715645888598,0.03925210455345011,0.11404323612162283,0.10638232517540291,0.0981323713660232,0.037462328467446314,0.1382999493872217
0.06231559287983801,0.09776528394230949,0.12255100706802562,0.04043326988945483,0.1415989445943512,0.011828484130000419,0.15414099570028772,0.01343520461672483,0.35593121717900783
0.021913069079129942,0.03637390470317773,0.057056803552492964,0.026440174540724795,0.2309959053153685,0.06826063666056575,0.27736648041510686,0.2291011408203706,0.05249188491306286
0.009851701597017343,0.07512026088293922,0.05330866879529681,0.06542768994403625,0.11810863163434843,0.25212113552165416,0.2790329966416721,0.1125292018115636,0.03449971317147218
0.13669720323280202,0.07012501215312045,0.08105813353802162,0.02933374928511456,0.12919255677607047,0.08466498052640843,0.28967940766545125,0.08961282239721795,0.08963613442579316
0.36450327317985565,0.024913066674938093,0.0354086284433644,0.05729592539386278,0.14489259360105947,0.09666999804946393,0.04909988479155893,0.19772397687580523,0.029492652990091506
0.2810144446282571,0.1571746354299197,0.038551751505294954,0.04285679622411818,0.1772822378874639,0.03128649963109816,0.13483290674972045,0.06516644176966722,0.07183428617446046
0.15290633235633336,0.09878046047833007,0.07923843170090998,0.041373938228548006,0.11977887925866337,0.050974706219251396,0.0758723976942017,0.04499113230578403,0.336083721757978
0.0707781223855285,0.037362680170703676,0.028011687637166188,0.19717498033034442,0.10349307976456738,0.21941440216575606,0.11989085221069791,0.1919630214528003,0.031911173882435605
0.04271482315674855,0.04481096370238772,0.12005282763990206,0.015426776983371408,0.12161070853315076,0.049392510748100284,0.20125509752386572,0.36362486130910154,0.04111143040337192
0.010506397461093156,0.14587840575462502,0.07660936543960734,0.08268491954386614,0.20359348605125335,0.04710105616015262,0.30560764450396377,0.03320774910041648,0.09481097598502203
0.14489032569616117,0.1923357171427725,0.05582185742459645,0.02848121776728045,0.12139632481141031,0.2675478013821448,0.08731821741322641,0.06153501617789189,0.04067352218451615
0.2121085187116929,0.16966633240284482,0.08736188146235178,0.05341228136124842,0.1607387122716916,0.02194570815222803,0.14757520821839995,0.026836633079097918,0.12035472434044454
0.04954159721822138,0.012520956611494,0.4646774897732507,0.08026564179737466,0.069312564663447,0.05785680102396373,0.13304520221886693,0.03486315681964892,0.09791658987373274
0.010524495827458824,0.02211631173160346,0.02594831764078932,0.10034120349176419,0.026114379154837802,0.093956266229481,0.15337316090440556,0.5077570464375248,0.059868818582135115
0.031765837691454114,0.03578598857579801,0.03748419622354596,0.07055961343410787,0.2658752677792268,0.11724830518249015,0.11420793454351852,0.11369993998612282,0.2133729165837358
0.08197763755220479,0.10276246364548902,0.04294072550286592,0.04119795948681503,0.23723224610182747,0.10843512565409713,0.11109939610829317,0.047603453362906084,0.22675099258550135
0.07244562234464556,0.0786200513797012,0.1470974216786829,0.17762072470363602,0.209360861070377,0.01803500926543044,0.07767431473095192,0.04271705592920213,0.1764289388973729
0.07182018746819856,0.03012103568254888,0.1562288074339253,0.029861053789711867,0.10353602717244748,0.06193050810605233,0.17327164776737536,0.1324344159112075,0.24079631666853274
0.24559266056041784,0.05359147784176626,0.0475243943286501,0.024104582121415665,0.15441672802764286,0.24205983552905078,0.03909291405788443,0.16054046977830064,0.03307693775487141
0.38177486521392084,0.06190442880853255,0.06756527060552708,0.04737419482983066,0.09635739638491991,0.05167174365492375,0.032633336186393004,0.049610441179745474,0.21110832313620667
0.020825887603606517,0.017304525933574674,0.060395958678867295,0.03358724541734795,0.11877086507172592,0.012887770564299792,0.09597789342556685,0.6095552984106415,0.03069455489436954
0.1297042232467295,0.12156307233174568,0.08341151232465731,0.08075170045732026,0.12152025691992259,0.035003475460651544,0.2704253149250046,0.059515596372940655,0.09810484796102797
0.41635336346241375,0.06219710376108014,0.07606052914147565,0.05471991470122514,0.058927643065471054,0.17990238507661124,0.05814667783719393,0.04364427750641928,0.05004810544810975
0.017695840491001074,0.10147900863321825,0.027596010491804098,0.0865166735074987,0.05428937095658697,0.07847233383563755,0.106341168681975,0.5197547569699622,0.007854836432315984
0.05323970022545624,0.2943494361757976,0.071224049664242,0.11610367030358505,0.2044927447122049,0.024062985987246394,0.0537038167956849,0.11905213818507025,0.06377145795071261
0.06018874357200895,0.11745721478362764,0.301094564303561,0.07800280684061144,0.11328369669244966,0.09886350567298872,0.11282350597254805,0.07299994486434813,0.0452860172978563
0.04618324444322621,0.031294568590776624,0.34853985719558295,0.15828718325556793,0.09001100680564578,0.011306029929657986,0.20594619453414062,0.013020826658588294,0.09541108858681364
0.0298050973577098,0.09754132294391908,0.06942740321241124,0.0353899467736912,0.11577028362302984,0.028335125983552645,0.3652158260332823,0.14155667370574596,0.11695832036665799
0.008869209900907055,0.07064435595883074,0.02574342312732514,0.24860560020802272,0.053961580116639506,0.026940139809489103,0.03620967808218763,0.5014586949496028,0.02756731784699522
0.06031423408037597,0.052595124579939374,0.07524861224994812,0.16387629717338154,0.26780928281755717,0.09279729171335566,0.11838179606194572,0.1352868107563855,0.03369055056711092
0.013799534453833792,0.20342948999564214,0.02712143651924244,0.1552161988426542,0.16641633042704557,0.038617759686358326,0.20227672814434608,0.1678820265134655,0.025240495417411968
0.17969746791665497,0.1585052806149502,0.031616215980124034,0.04003268438305301,0.0996907236018283,0.2770064094847431,0.05533366832637745,0.05862572708161848,0.09949182261065048
0.19920601057942863,0.15838648681454148,0.05478810852572776,0.0657427548026253,0.16473115912062,0.15515679208655148,0.11078693188533517,0.024309167781333157,0.06689258840383698
0.06436789001729516,0.11953600828173823,0.024260417035403912,0.02933044407379129,0.1405683734571194,0.17667299650268578,0.17320522682537162,0.24594400918184686,0.026114634624747713
0.25271860917594896,0.1761649237049094,0.089653760972845,0.05425644811586061,0.11489107266827207,0.041742736794030046,0.135660183338315,0.022065832184300777,0.11284643304551813
0.13187906083976636,0.10723828494070287,0.04536910325619154,0.02005372986332544,0.2003841912331361,0.07674224225597921,0.24213318583251678,0.024931608916694974,0.15126859286168673
0.2819856915307211,0.07532100197245607,0.07553651570229004,0.1054051141344881,0.11350964056971524,0.09750353591039529,0.021639844614887115,0.05973648797066522,0.1693621675943818
0.1923139559667375,0.1692335386556346,0.05745275803035116,0.03280323766804588,0.1933417624596305,0.18373868587623177,0.08292963079548125,0.030344921008907667,0.05784150953897966
0.22994696106731952,0.28576698844775805,0.10176060896449364,0.02878902788328001,0.05393408388891363,0.03703572335344645,0.026397104908324465,0.17667495987785595,0.05969454160860821
0.12071936526070144,0.021778678095933295,0.12874797829690704,0.22298641758560409,0.10347922868287,0.03653041982066959,0.1841743817512879,0.06525016496324809,0.11633336554277866
0.251842495452745,0.13095820435217762,0.07866674712812004,0.06412113043205112,0.09285635912090483,0.21400151841305712,0.023079310932218145,0.07643177386038502,0.06804246030834106
0.020698415810846724,0.08280496902135469,0.06378069471584835,0.09401366858915816,0.11835586514380048,0.2946839276273543,0.1875482902284902,0.10113405508338717,0.03698011377975995
0.0526672489509608,0.05380546802699728,0.08957876731107876,0.25202122355470286,0.09316812787459423,0.07519183559044733,0.1793673933774711,0.07453739721078621,0.12966253810296144
0.32982115422950614,0.15800075831921667,0.026990255883775707,0.017626304269858173,0.10235680302461476,0.08643678190841464,0.07123477542160524,0.09736059461094666,0.11017257233206207
0.05340565582710427,0.16277961268858868,0.05302355588213636,0.07982365932202397,0.14754779233587315,0.08279126737398489,0.0930712006705583,0.24888370593461148,0.07867354996511901
0.10852742593270513,0.03842746027299412,0.13190033438711543,0.05475081137073178,0.1666564019921353,0.11943060648467652,0.08502707428862523,0.1739296952285584,0.12135019004245808
0.032651773121578985,0.11365091740983839,0.023591659933672432,0.03136968266455512,0.04363141017542919,0.11852369647655603,0.20410721667759102,0.41066374771563785,0.021809895825140885
0.18648262263933194,0.08683997073018342,0.21092872335172874,0.01573826770100092,0.12345154507488988,0.08967972058549915,0.11607772850367655,0.07216027822419235,0.09864114318949713
0.10264345462339715,0.0840422690638676,0.029003738191692257,0.020258792522340783,0.060401362042157423,0.021644883213115636,0.2792775914141344,0.14123191069713503,0.2614959982321598
0.1989638520700957,0.20004650970990023,0.04000603998824095,0.04349556331791094,0.2349405890421872,0.0700618517574929,0.032376937221347823,0.09632669583127929,0.08378196106154508
0.16497616071558116,0.1279021825583486,0.14555771214499433,0.09794662559512568,0.11369854478766589,0.04246924291266274,0.10296955796514884,0.05758489808544751,0.14689507523502524
0.10289002562784429,0.2690523049223334,0.11622265559445182,0.012331497756083132,0.0981910263739091,0.0224692492412598,0.2055383963237569,0.023572811038686064,0.1497320331216755
0.11803626278608648,0.12523752371810518,0.11481849692543378,0.07920829590261348,0.07743068567352085,0.03351542945856014,0.19134977277964968,0.11501004496879959,0.14539348778723077
0.011682068306862178,0.07730232403223249,0.15841765574410807,0.0742576836881343,0.0900628966037884,0.09757688499099752,0.05650845164027266,0.21774843388013485,0.21644360111346964
0.06969227295830961,0.17754058668129846,0.046645606204950375,0.13320955788308533,0.15073620537143087,0.1679329714942899,0.21188526359369897,0.01367467592542775,0.028682859887508738
0.04894579652953023,0.1338802120546225,0.13108263315871824,0.19815310634399377,0.19866716610745275,0.03673347965947288,0.10919767325729475,0.047828713977025115,0.09551121891188963
0.06719889017474896,0.1067126779332278,0.0904042365838303,0.22177973563331477,0.08216386421690591,0.05002250845502625,0.16475683302813718,0.16384242501969737,0.053118828955111407
0.37590785321478043,0.20431633148312014,0.04855994664817307,0.007584154048149524,0.05496445194521701,0.07318894666804805,0.022943971284518454,0.11822434472880422,0.094309999979189
0.009204457489192033,0.26746075774856015,0.0693631996281545,0.1006446173155874,0.3076838988153919,0.034792487154346956,0.06126433414409262,0.11121319793884887,0.038373049765825576
0.019055293914087054,0.1396604447092162,0.1002388069940171,0.029575870945608148,0.16323412529831324,0.11168975406307347,0.16871465600555643,0.15029748800714227,0.11753356006298599
0.05417151636703815,0.050719835451026436,0.06626016860040802,0.07118524632441693,0.06182119259316409,0.43124773109206727,0.06837550269881852,0.15120928442268886,0.04500952245037173
0.10732009062010599,0.03866830045987444,0.04659595187134155,0.09150347976583821,0.13665016401481908,0.03588298822700899,0.13399926778381632,0.28591207547781256,0.12346768177938283
0.14666275723009334,0.1611814773844543,0.06393947236737975,0.026592219161625907,0.1465847567785665,0.08384543287384984,0.085160675660876,0.20987191198208843,0.07616129656106595
0.049604406930643906,0.03850510285965259,0.0233833879420771,0.11105960831101536,0.15634765328520442,0.04706073614123659,0.27435072256686815,0.2718364019122938,0.02785198005100813
0.32355355577220984,0.1479615091917864,0.037691507629621895,0.11517460492611775,0.0773313984280859,0.1832214939219332,0.03587509999666818,0.06577318795857862,0.013417642174998266
