0.03733404865896891,0.3843397919477946,0.2674575467521945,0.09177161171939313,0.015491871399323487,0.07320593500639772,0.01929673092939804,0.07615598611445833,0.03494647747207128
0.01973028593853292,0.02524532669238845,0.005656321122617905,0.07892902399076582,0.3995960701330023,0.27379850282572193,0.09713421125158628,0.07891340380934286,0.020996854236041574
0.00975919936864615,0.07301705412869902,0.018278434799527194,0.11135328995664566,0.05928029493757576,0.08656169157607374,0.02276548901236541,0.05934985673577098,0.5596346894846961
0.011216359973757195,0.07805643175866565,0.46049929414129837,0.07098844651257784,0.11185856796249553,0.09426006495532352,0.0630041468946506,0.08997618798690749,0.02014049981432388
0.10446635263453885,0.10130713674984541,0.40519907904086666,0.12119714714125511,0.05380075872782386,0.03258971331194153,0.020645488504319128,0.11606450553252923,0.04472981835688017
0.02770612238187964,0.06587531270851309,0.07444520087134339,0.057368924134263956,0.35919701820679545,0.23837237608675899,0.04679252798537246,0.09844908594132944,0.03179343168374365
0.08366579067359635,0.04275064470812758,0.05077974344230257,0.06557123073121295,0.011097205767016774,0.08962269294187693,0.31986101113644266,0.31023234028057695,0.026419340318847184
0.008668064027192744,0.5199843094101776,0.12783577121845913,0.051211015759175305,0.07366452660392088,0.019127906600024103,0.042407052028011726,0.10393919116042605,0.0531621631926125
0.027771926496482666,0.026139786686230126,0.024210541039182732,0.0660737423220756,0.008446389457501455,0.1283708184638367,0.028634855643311086,0.0479985923077332,0.6423533475836464
0.2627946635734756,0.004660449020839817,0.07251668343094408,0.31467210963082365,0.08514089557956667,0.12543016817678856,0.01763720377682809,0.047937349888725715,0.06921047692200784
0.029609347038371713,0.011836933631204876,0.22238165764770698,0.06642416277186884,0.021077057655037586,0.24254947216551584,0.19607133257420495,0.17981481681083653,0.030235219705252753
0.16230479966645084,0.044364610703280426,0.06773767785656547,0.05737657778560176,0.04716848792143735,0.013956468729106048,0.1999864416562572,0.3093548687795647,0.0977500669017362
0.0026898390433334556,0.2802682855546515,0.13544994549566725,0.056526138949454,0.07140858444252783,0.27963087412777055,0.08311559692312152,0.0645342929755489,0.026376442487924992
0.0861972682585858,0.0913871292351366,0.24772689779274412,0.13827312508522238,0.0926496242851149,0.06568079973331252,0.08503751739914317,0.1219856917364819,0.07106194647425862
0.06688601250671634,0.04905824000338203,0.028804447632007107,0.025544483421521245,0.23306858985549547,0.09117429618084368,0.26537613690405487,0.21799169117442205,0.02209610232155711
0.4858053258914201,0.026100319480060283,0.07612671690640603,0.0772409563153695,0.029125813849782134,0.09963915261815205,0.03253132401029762,0.1458033906009651,0.02762700032754713
0.04295039171744428,0.0861244624978133,0.1838520272083758,0.24240771910653036,0.02164500752395199,0.019410247622865983,0.02800652723286083,0.08755508326668653,0.288048533823471
0.0663936776641594,0.018701231256288073,0.08622125535389646,0.04763799773223387,0.15845493840027006,0.24559147709039494,0.09908810666709843,0.12110397193119087,0.15680734390446788
0.02826374371086399,0.017545350077172395,0.09980012277840296,0.11676995356637722,0.01135383642731988,0.19264340533355054,0.046425880859704866,0.054069553690914596,0.4331281535556935
0.02860070318729159,0.016847516152073944,0.08747673854147282,0.21611880647292533,0.02522225412853099,0.0483329900583778,0.1965622078584239,0.3322975165904462,0.04854126701045746
0.03700995849150202,0.066898734285834,0.4548495268513911,0.036201478551850734,0.06434361104823606,0.05396610987998244,0.021492580115233032,0.07833470438765074,0.18690329638831985
0.07511916330214428,0.029442405653180032,0.013408659851063221,0.07241874081644645,0.024524155189994002,0.05341577222904406,0.2678985020720438,0.3834187501911086,0.08035385069497553
0.3624567900895774,0.02521478253558383,0.10067551718504386,0.05324430019899918,0.17217978516610236,0.024879207609265607,0.03725113512630212,0.18382828478853006,0.04027019730059564
0.11469761922119058,0.04826530709534247,0.16645131838765242,0.2416407511175803,0.02836213828135171,0.03208844931390948,0.09768670233402053,0.22086644370774025,0.0499412705412122
0.02634018910111538,0.5445386119353298,0.024619901185976772,0.0409669499543388,0.017642215458206604,0.011689892759243545,0.0531383156943889,0.07909713480558983,0.20196678910581042
0.061777401311195974,0.04336580288687437,0.11053231319129274,0.063044581092843,0.01788148715949806,0.06806053320083821,0.17894684610609013,0.3805607092408028,0.0758303258105646
0.0016339048097428791,0.008604870814420887,0.007264071724652374,0.11318067934693536,0.2050572318704499,0.2814204631831713,0.011897319588997035,0.04681518431437947,0.3241262743472508
0.5245669764232298,0.021065811940805576,0.13875634204362022,0.05707563208923553,0.050775013381433635,0.08946317127628217,0.010439475526575072,0.09367182263899158,0.014185754679826431
0.023232485915959795,0.44946168824373106,0.039288469738163155,0.02793852819406188,0.06719528604828712,0.008092759269320215,0.10129934147114826,0.2028301514582175,0.08066128966111091
0.01427395522669931,0.01563345863967357,0.006940766858387934,0.3520495268404056,0.030740405847137154,0.27909097634954116,0.06856909559987985,0.1943954441224576,0.03830637051581769
0.4904300639821069,0.008410285736039145,0.03656654471655361,0.016893262746127995,0.019339417764134652,0.10008311615569647,0.04376653851875087,0.1890611406393811,0.0954496297412092
0.05986887870644244,0.3241601310631355,0.07344253408677087,0.03898668104583222,0.1943570310174169,0.14929199855465422,0.011904693955622847,0.09705648151035072,0.05093157005977431
0.016887913127737218,0.02475473885736455,0.3438456525188334,0.02404654335020574,0.23330352755871256,0.09169863984341353,0.10093011576701956,0.14317439736992102,0.021358471606792346
0.00932749682814564,0.10430618635050455,0.051380905261993785,0.11280498600050907,0.05178717860233873,0.07503150428397987,0.057574719341692025,0.05937392920188048,0.4784130941289558
0.030150626113040913,0.007461073399245819,0.16892409535805145,0.3527850548861072,0.012425799304396044,0.3608427568367885,0.009432009979975016,0.045557311421887736,0.012421272700507297
0.117860873464024,0.012266673990663514,0.036251098358856065,0.04473222738787988,0.20732416850396865,0.0848175830095783,0.08148952734750248,0.3845047423708845,0.030753105566642683
0.014330991233868695,0.13204490269748723,0.15005551915423107,0.11938143258309052,0.08529729483364352,0.27533291355011597,0.08938234482302404,0.10675480822459975,0.027419792899939278
0.19351208034736342,0.09023071918044527,0.07478251794467611,0.10475746906426504,0.1946544660802101,0.05793706061907378,0.07424409856349712,0.11929529186833336,0.09058629633213588
0.5416458851781728,0.0614718277415419,0.04028711143702606,0.025633008310123735,0.025710081851632594,0.04386723403000433,0.10731336742274838,0.1011960311945947,0.05287545283415553
0.016234028345490502,0.02414595560273806,0.49948231031127693,0.08310969782606419,0.056971433535778306,0.14596290586650218,0.029126641688414705,0.10351505351706791,0.04145197330666713
0.14406289016847143,0.2124405748376312,0.06128010994206618,0.02982098204780918,0.03281672888829925,0.054666295797306245,0.08543196241296518,0.15179636679273203,0.22768408911271934
0.37407629086291116,0.09698884218600833,0.07710137299663555,0.06572813953964356,0.019003085084480037,0.06425074931485468,0.13872053392826295,0.0929192893031482,0.07121169678405555
0.029312449622708958,0.14768784270588345,0.19228966833971894,0.1617260232358826,0.07672614985950259,0.1402361145242239,0.13996847984426775,0.06546055776078077,0.046592714107031113
0.12620283072519844,0.15775995470104776,0.04948598025507822,0.09257714265804683,0.3250508050696342,0.04388160050743987,0.05052327376133529,0.06264725224025194,0.09187116008196738
0.027760558701672405,0.01206616538793759,0.19733331833448423,0.14780307818396765,0.030810732205548585,0.38321325936806705,0.07932774082482429,0.05227558488642587,0.06940956210707237
0.00600652631026636,0.017987040897435403,0.03149543752082012,0.20700746606480228,0.0620725509073374,0.4801143441227012,0.06455168236517786,0.05453798095607657,0.07622697085538278
0.014983828181793368,0.0648667179209476,0.07603408619289821,0.08054876404476567,0.447778809670387,0.020608355665973608,0.10240767189061932,0.18159610347430336,0.011175662958311848
0.010624134408914937,0.04131103383536732,0.03238870450082595,0.14528625148365587,0.17440331449984184,0.3155764377155318,0.02675703653106515,0.21823248576297652,0.03542060126182056
0.10074707503845375,0.15069154297972923,0.019232683499879055,0.05289113148427249,0.18233361923994976,0.011079358721516289,0.15760225998759514,0.2850827875187993,0.04033954152980501
0.015782233550636873,0.08521400389885479,0.022860823192428627,0.03406407263353725,0.21261685048359438,0.06029833108357341,0.24004798940023644,0.26102189841782547,0.06809379733931267
0.3497026368135483,0.04873051857929889,0.0709103083026716,0.03269307386020925,0.0694054317303189,0.030115026449282437,0.11536780092465766,0.22787656738082754,0.05519863595918539
0.04931584966220178,0.3350866691738199,0.06724746970787887,0.043556788382211255,0.2551924287258564,0.04434403812154628,0.08002797703023203,0.09118302599167227,0.03404575320458124
0.03258719963419431,0.05139848911280703,0.06954825292834195,0.09649325124448033,0.21075606658862464,0.20783118377730472,0.14308515601511537,0.07863048765094337,0.10966991304818823
0.0448805787973478,0.16732120431144626,0.18828909927467075,0.054673123933564306,0.13908664622713499,0.18593892731033992,0.024672133969323964,0.15614768346257168,0.03899060271360027
0.03966332631441205,0.0842461861601645,0.2641598996269107,0.16764424695557575,0.036081562915652766,0.16762244389929057,0.10067804599086032,0.1108256295575219,0.029078658579611488
0.07135762071708614,0.024612336515949757,0.03692477204772651,0.035812921145860495,0.10439162253044952,0.13690473688873175,0.3417048189211167,0.19806012840265208,0.05023104283042711
0.39789950305814625,0.05803107238666283,0.015502657840831663,0.03914836492864359,0.010859076408159161,0.02905909501079588,0.2237988505448586,0.1229453888806622,0.10275599094123988
0.014930098724457766,0.017729274717874968,0.1043081936008426,0.10189198490055638,0.09244099303397085,0.03782291439469863,0.20873077573959897,0.32181260155708286,0.100333163330917
0.03744786234473601,0.039272170739457275,0.21265001903201441,0.06015331183931197,0.04525856551971865,0.07833505896651984,0.17123178613856338,0.24754560860866803,0.1081056168110104
0.05645001490721537,0.07103100696854947,0.02199688763089508,0.17474384498467557,0.2538665980119176,0.19105494280520782,0.07736195223413307,0.10270138451765254,0.05079336793975351
0.17912318042538533,0.14869278382115145,0.04464206332731396,0.057113852187742425,0.1814924166040751,0.020561337447784028,0.08361479381179437,0.2076792985379081,0.07708027383684515
0.12772474608225778,0.026468169410395547,0.009503589734319405,0.36985265178402993,0.12205697109079056,0.045077610377735756,0.07140070196262395,0.10126512542878348,0.12665043412906365
0.40524809491945407,0.05260091573900308,0.029386160048227892,0.05067650283879795,0.055753717516500025,0.015352814699196062,0.11383055364783508,0.1684194675379244,0.10873177305306149
0.16358922251000346,0.20358731351342638,0.11602768120897128,0.05277150845854415,0.08529019899938915,0.09523814535148796,0.1345800193917579,0.07175775090410896,0.07715815966231086
0.10760881268956689,0.02394654734921207,0.3608870146342027,0.026858148831238035,0.07905510494606503,0.17923513843270455,0.07569784290275706,0.09952811177278975,0.04718327844146388
0.1271003553164286,0.3074068152785027,0.09221531483309316,0.047966901619398906,0.2627560425666219,0.019244538970242208,0.06247850786623347,0.05572460316231856,0.025106920387160517
0.05737990948243101,0.14157560639167602,0.04889754495624845,0.1551394609217749,0.013793645894776482,0.1417965165148829,0.19116813386885526,0.21935797646007574,0.030891205509279266
0.005953412475785631,0.02250801846485558,0.2661210264350851,0.15226230215419836,0.012492057184605039,0.40392015603735315,0.01788888102373312,0.0878886410596853,0.030965505164698606
0.28473896666353865,0.010053919822307933,0.2974633684698134,0.07856581417499753,0.027271945014676443,0.17727568943038205,0.029360393841497297,0.07025605553551201,0.025013847047274728
0.17570491119818418,0.013314594496743598,0.1366063559086766,0.22837544775216592,0.13320939018602504,0.21546671685422322,0.009163289081458671,0.07299558945995584,0.015163705062566988
0.04192349369780838,0.061335365801193704,0.03208401188125228,0.03673064315508523,0.5734212589670274,0.07416835534529599,0.07405489786966545,0.09261871004467297,0.01366326323799859
0.12211189821469992,0.07139654593373441,0.09972787896803519,0.05884523141624231,0.025899241404032436,0.08317040888678434,0.3007048553972629,0.19093137816688363,0.04721256161232495
0.0073284945716070365,0.04873156750324742,0.07079750093586475,0.16616896763484146,0.08565211364347021,0.421229809229128,0.0321755771087257,0.05380982284500608,0.11410614652810924
0.09894160808776643,0.0416561219194785,0.032270060945680974,0.013717851529331254,0.32520609973322817,0.04009125216612342,0.044837576520881266,0.3475299674189249,0.055749461678585126
0.003650953577578751,0.09478044409898595,0.17933443123046214,0.2809504664742364,0.007461335619732937,0.22840137669140326,0.01926383553098657,0.1618142435233693,0.024342913253244742
0.05452645309804077,0.18613505810695563,0.06199038151875327,0.048120577935472225,0.3901725192482938,0.027675986335176334,0.05182162212853644,0.09769386775124532,0.08186353387752617
0.21238945730076533,0.06968833389686402,0.051926408442601824,0.05328919568504801,0.032987035752056804,0.06913166475812256,0.25489192447944514,0.14793719630569913,0.10775878337939725
0.011783479919678562,0.08095398788243724,0.07671620448540489,0.16796562295401296,0.30999715730616845,0.05663252951311907,0.01163965244448638,0.031128062290649117,0.2531833032040434
0.023465927221303626,0.04238595746915028,0.11321789200140077,0.0338716992814459,0.017544400782130348,0.3045477970195272,0.18179395114911165,0.24015677250171993,0.04301560257421024
0.3624557218279773,0.08042885185651205,0.042759818594620476,0.09978677051703201,0.036430328877890224,0.08973232222669092,0.16929044281547911,0.0753244702376251,0.04379127304617281
0.4538202529412662,0.06890610259940995,0.037032745937293866,0.020528759412586754,0.020480791762333275,0.03198673279111567,0.17913647098292618,0.09334431739053735,0.0947638261825307
0.049579351925005656,0.0633378390651857,0.30181493802039133,0.02852657618113175,0.0508568502954126,0.11866581462011616,0.14575860661493775,0.21626770260255923,0.02519232067525987
0.08735976029640839,0.02210181521989088,0.06917173766385089,0.07209163065378227,0.011646222155131067,0.22199368840077552,0.21812602362304442,0.2318899549163802,0.06561916707073635
0.00916213410392142,0.01502181894236686,0.38298968907528685,0.18743248495224238,0.0451985290220144,0.08775895196255801,0.17727591875708995,0.08483538837027677,0.010325084814243282
0.04868514517552668,0.4936362477951059,0.04171181891174982,0.12215160909608075,0.1270006264059965,0.02840674924757726,0.02026431453039127,0.051394040335584625,0.06674944850198723
0.002785639067620077,0.07373305323655742,0.03245847352470553,0.283309476805743,0.21466346331909603,0.116933015027978,0.023012088928498795,0.04087202587330301,0.2122327642164981
0.04903880677324255,0.500437101380899,0.034053657997511574,0.04912715888864936,0.029903251993533775,0.012212476306687774,0.07886731563864395,0.16681183645755468,0.07954839456327734
0.12663650321314598,0.1480558331270749,0.3861488263571046,0.03183775945053717,0.043824370020066596,0.07017815764769764,0.022528658379197975,0.12933278725374098,0.04145710455143426
0.04213765784436498,0.19169193928054998,0.1528954942827381,0.01463107878401366,0.25679476651381866,0.10171873863774732,0.1100007302903253,0.10259253447486262,0.027537059891579323
0.02799198622362865,0.022192420497963505,0.20493573014174968,0.11208297232601767,0.03426565895971023,0.37072048318107637,0.054810624865892936,0.13708876894208502,0.03591135486187592
0.07138198272387761,0.06934726409182897,0.02734712030006824,0.026410191577827657,0.11502081042513651,0.30468518745129947,0.16474784018906927,0.19675056303882835,0.02430904020206394
0.02709815909696814,0.01273190569255611,0.09036380779822051,0.03830338059672848,0.20560675082693236,0.33349794711438324,0.12136895364828902,0.07717966574104247,0.09384942948487973
0.10362365112616052,0.08525427932673883,0.05986227779187606,0.0902693292632249,0.026292063282782465,0.06108387538136859,0.02263478201661967,0.07710570175464193,0.47387404005658706
0.04655748472300946,0.1271578706819408,0.024336406477096215,0.13323646688076973,0.45715231190565425,0.05485330553151199,0.018701032421869174,0.07848724695213675,0.05951787442601159
0.005347167453980256,0.01538587867545961,0.12456897658492773,0.09490735195254497,0.025429030837144123,0.374516169101112,0.10174124606166719,0.11844251967951362,0.13966165965365043
0.042108692913629474,0.11818610929639212,0.04354113632772555,0.21406314069880716,0.15751857691527946,0.05436344115131816,0.12619210115371363,0.09867863769562908,0.14534816384750526
0.0372541301976681,0.3031873529317463,0.14948026394473723,0.07311006794723753,0.27770505680187463,0.028011389650757283,0.01641659393055403,0.09257019739121804,0.022264947204206877
0.014220561085116093,0.13766848840229445,0.11799585926317153,0.051659294014312275,0.37933764430825107,0.0740898114940368,0.04600750407652563,0.12880096737200064,0.050219869984291406
0.04327187083273414,0.04588799912101298,0.16515800093328936,0.18068853070670887,0.04624199879725841,0.14108578577358852,0.043604680900863925,0.15264846177214533,0.18141267116239843
0.03517888430197536,0.01860576621070167,0.04147497619450472,0.060175909853705266,0.0300798829866387,0.09500548351304493,0.0836725664855445,0.224712542066256,0.41109398838762895
0.01603455139431076,0.012352177270132263,0.016404335960967395,0.5399861600338948,0.07499061567668958,0.10745397274597483,0.07324503689844392,0.12957250186288938,0.029960648156697103
0.1475576465099859,0.09388174074291973,0.18177429329633288,0.03736172513180525,0.10183669127298989,0.06783911841014346,0.05096525351355669,0.21986897324243934,0.09891455787982693
0.1806544842986529,0.13293809878037005,0.2352679404966178,0.025654113608817985,0.01810145058570958,0.014497931438629921,0.07319242642124967,0.22924777945524202,0.09044577491471002
0.035934907760625405,0.06007900526740295,0.21783242372643577,0.06017952354221608,0.05828161466330269,0.11332000703101143,0.143028794173879,0.21155103135544825,0.09979269247967831
0.02093159174019225,0.04816001839197243,0.09069302337980456,0.12161398694181756,0.15686993496683493,0.12905379779473458,0.18564336600226003,0.22934978990555047,0.01768449087683313
0.006279728675354291,0.05029160636762484,0.09216576738853738,0.053202574325446284,0.22538354314502648,0.18870246476779115,0.12421441254436343,0.06115224172471848,0.1986076610611376
0.052614618370034706,0.10086394854413927,0.2725897029571453,0.10883274656458837,0.05029154438757231,0.07815565798928044,0.09478709821929372,0.14958777745722562,0.09227690551072021
0.12106014423203332,0.04998122525920664,0.04762478596456759,0.02472937346236166,0.06215930679517159,0.1016458762379246,0.42163740132611655,0.08919424250369197,0.08196764421892602
0.058918754890559366,0.11956870158840723,0.03322599989220416,0.38211856107724795,0.08487158835832487,0.07917847891455547,0.03165282865339212,0.10893216782732479,0.10153291879798394
0.5088654801633367,0.03408198501617292,0.08393345300675092,0.02246768044897234,0.012276854534356759,0.05186993608759579,0.12545589077389036,0.12361584828140255,0.03743287168752165
0.07458712422668433,0.04668921113583709,0.28375216663329283,0.15971053749450057,0.18485181336389914,0.042859913292176345,0.041136047565344135,0.07885236826662977,0.08756081802163578
0.0372755753035066,0.14596471879486794,0.04074411942013082,0.04838913634537694,0.4651520046358188,0.03247717013985019,0.07139106650236708,0.1049394229726472,0.053666785885434415
0.010874635307646987,0.03875949900775405,0.041732911079154916,0.32715943013116927,0.24879596652689184,0.04949080654499152,0.020381089090362493,0.047576503852085034,0.21522915845994386
0.08408836080409658,0.017259962275037895,0.18068466576121492,0.13566041906934348,0.051728356794711515,0.08534122672017241,0.261772758581188,0.08032867691724027,0.10313557307699493
0.027767707208263534,0.0610128342243173,0.03865821913638201,0.17045769703522798,0.2220395564949916,0.17701008824985262,0.042261395374509764,0.0871214419221359,0.17367106035431923
0.1021790634505052,0.07325745024756186,0.046787471718327624,0.044146653094027384,0.14134285157196802,0.20253741478254172,0.06692030659221926,0.19784955268529117,0.12497923585755778
0.061247848236523884,0.05990703707823201,0.042325027982562206,0.11387692155407009,0.1293524856124436,0.03058182175509484,0.24810773023798027,0.18013913832328765,0.13446198921980543
0.10852562494271593,0.1387507033710257,0.043370288679133055,0.03592098481881184,0.36171293025901363,0.03221238049843395,0.06579565262692863,0.16913693646458106,0.04457449833935617
0.01630589260071863,0.08223760689723773,0.037956031180604484,0.013421901975701825,0.5250717194512586,0.08599572253901407,0.04224716470661959,0.1582913657906544,0.0384725948581906
0.05050220089853158,0.026852560591704766,0.1633938605348956,0.07579605414075213,0.08175360555355063,0.418586421845077,0.0508676843370165,0.08930613113644514,0.04294148096202668
0.10396690082214181,0.026949662477544396,0.08515859233419291,0.3342652197096994,0.07868868264804718,0.20609687195895812,0.022905654011172467,0.11182276842046542,0.030145647617778343
0.04977962447492889,0.2748380664634274,0.12036093067943117,0.06648168744763636,0.11361320547907833,0.07249802903295376,0.04594633128374875,0.15258886614770403,0.10389325899109135
0.051661123208280174,0.1892993086216669,0.01946604773304345,0.03832057766122216,0.11859203528919904,0.07749179500643405,0.16328415391636844,0.2846881518586651,0.05719680670512075
0.017781087560244154,0.07007364711535213,0.26513170865742475,0.08360255712241749,0.2714813951182609,0.0649638809791054,0.0781098884462058,0.08207765191129653,0.0667781830896929
0.06948169208576443,0.028771661332432186,0.02564957817188017,0.057495222166369604,0.09740626813034771,0.32063046427032554,0.07995961098098965,0.06316799862488835,0.25743750423700235
0.028453597162637855,0.017117624611968616,0.07831625195645762,0.028691905301218068,0.10460584814674527,0.04538618478940485,0.22476872606158346,0.41906513184583494,0.05359473012414941
0.06227522717938077,0.025236515938836652,0.06258133946223247,0.028638401702982083,0.050163421576469525,0.040817346466869804,0.3068763394602914,0.3958569349251779,0.027554473287759396
0.020341104771491696,0.0810884945570181,0.0255873283239271,0.07729774383755583,0.2228181153450557,0.061470019536014366,0.07955471800607075,0.08130227265575711,0.35054020296710936
0.1276435851619433,0.007140634033245017,0.2686026452377116,0.18371068347685562,0.024491438788291253,0.2674902069770812,0.012797544372261029,0.10143191794985858,0.00669134400275236
0.07563539402662646,0.03989446206742323,0.04638677282733176,0.12825207854255563,0.2910621956890558,0.09077840843786876,0.1286242207791606,0.1377902796367986,0.061576187993179154
0.04960271464058077,0.04334067717847914,0.06291333229636668,0.1798088131794693,0.21660095188188788,0.03561982237092512,0.15904510481625195,0.21893901012243097,0.03412957351360801
0.11370298060263591,0.14788555304577863,0.12045695572443588,0.054199560970075,0.21360097488314622,0.04951523366052688,0.0972379083300998,0.12063684559030273,0.08276398719299899
0.12542482677646252,0.04243024329968247,0.040192343899177196,0.04874631832997941,0.008930468812095865,0.2605438587999498,0.2297801579982172,0.2281501117092517,0.01580167037518377
0.002334220008403607,0.10145187860669962,0.07947333934022409,0.052606345933688035,0.011873885707892974,0.374843666681022,0.09436100491373016,0.24157561724184215,0.04148004156649742
0.005724353326770671,0.03587503934161512,0.025373353553122032,0.12513789361276417,0.08395459490397661,0.22030494861873007,0.010919852906503534,0.04109187961048215,0.45161808412603555
0.026694650782475793,0.02592459001142074,0.062488407007219506,0.03618906802744399,0.2931851022070829,0.01722232076366258,0.15888889941973688,0.32500322565632356,0.05440373612463412
0.01383255710830389,0.03161887412116405,0.0380286633125202,0.1601772926227861,0.020487347992693153,0.039744478924719655,0.5845709208767759,0.09174975010721076,0.01979011493382637
0.051356916674985605,0.317967490259685,0.021533602186230683,0.015360235414057613,0.01942911817003232,0.024267391239869974,0.24104842631906678,0.26290229402215176,0.04613452571392024
0.04632543090592157,0.08320935502309307,0.030596599671058433,0.02512940979787244,0.4008238782005998,0.16426817284291453,0.13657389577643914,0.0569706256150578,0.05610263216704319
0.06441100054370757,0.02350452271444246,0.10295315530040312,0.17976075979189352,0.019433123980676204,0.4737528647389578,0.021145117962121707,0.05515944329088929,0.05988001167690832
0.09938488668484956,0.03054995566348219,0.06251198894711539,0.05825513294319074,0.21043712681427584,0.19896930719598468,0.10656120272368379,0.10857823664916473,0.12475216237825311
0.06366475979811473,0.363488368316635,0.019999859175004974,0.07091700730879998,0.10494529061493511,0.012908528072676206,0.11284625308300296,0.21288227073719745,0.038347662893633505
0.01339205666440823,0.008781459486269608,0.11816987307338477,0.02260120201717264,0.2098654232614655,0.2386648227585814,0.13824825199261329,0.13928657954811416,0.11099033119799051
0.0769180745410856,0.17558836699058214,0.13062986385737244,0.04643607845821488,0.3180621241317944,0.036438404823701066,0.03129428643040893,0.10323085090332536,0.08140194986351518
0.038445603484264554,0.027337838936345536,0.12963734070796232,0.08484323070584615,0.26727668260753945,0.1182604761922325,0.05530593428716826,0.24007300290371944,0.038819890174921774
0.023847890274450594,0.015313288667535263,0.02099405711434879,0.1886496419797171,0.04530720912028624,0.3406334357138527,0.161850173899538,0.09964831429110328,0.10375598893916799
0.04303613636071815,0.029004164971732842,0.180291120542837,0.24798953148061462,0.06363938085098368,0.17426388962958902,0.03278610298385625,0.04189668791992709,0.18709298525974138
0.12387710909105869,0.07451837655604748,0.05697405759402271,0.09921901701385549,0.2769304469527114,0.0921809963351154,0.07854143618275089,0.09859618557295295,0.09916237470148508
0.02774612693201813,0.021603257033401463,0.14438319325128582,0.0785589735276678,0.20461501712847574,0.27765809906717265,0.05107958065804874,0.1832458554611022,0.01110989694082735
0.10521730673626843,0.008075701906060042,0.02505587053894751,0.1273344707290579,0.041884329800967644,0.18740894208710956,0.18494973193383668,0.28796863140056206,0.032105014867190196
0.10122802533663926,0.02286635785202379,0.2725928719313579,0.1394022767793832,0.11165610862181503,0.18013156176041675,0.042732404333365025,0.10452367449863433,0.02486671888636463
0.01942366725424875,0.03511125737074051,0.03379768002810487,0.043821339450447395,0.062464876990282525,0.017282643605837155,0.6387683435142607,0.12470843715313555,0.02462175463294244
0.04563720261199571,0.02791390444638935,0.034336481163648215,0.13643673354358832,0.03803384780123491,0.13571689280913757,0.023395985604326947,0.0476980022402271,0.5108309497794519
0.05726366073749853,0.06334470630222114,0.08243964483575857,0.05687951177195092,0.11009919588257915,0.3639744306807975,0.07466018301636988,0.11490008543751679,0.07643858133530758
0.041556061941600414,0.049891180044768085,0.034067383239030136,0.0946936063904686,0.032286386002633345,0.1675762285150418,0.03877570795448119,0.03646826527401612,0.5046851806379603
0.07333732693702409,0.014803988452446981,0.03055414500213698,0.033882949121393204,0.06674426707493263,0.0371584189524497,0.13936971277480648,0.44480193703719584,0.15934725464761415
0.10388579986186498,0.04404960092729205,0.0752851773972854,0.06603346231782,0.02073465836172782,0.2734711464703829,0.10873521454719419,0.2891951107952088,0.018609829321223886
0.10233520490459781,0.017421699817327985,0.0835818661828062,0.08488555205913952,0.05169539165672187,0.239963583783572,0.155711675145445,0.15634486931427904,0.10806015713611056
0.586505826742149,0.031694336684143815,0.02245319509564027,0.04951317537532649,0.010596976822851182,0.006102051473957923,0.12127054257581693,0.14562444665181534,0.026239448578299046
0.0009524450940354514,0.008154860739028649,0.04570691963616708,0.3420415817579101,0.27945948353898786,0.09716007464651866,0.025372332182798923,0.17623847092282632,0.024913831481726878
0.07168398711574968,0.056681886084337225,0.3464222456824375,0.06902942128746155,0.03513449023573005,0.2173442142169472,0.06570352509731373,0.10473753619765165,0.03326269408237139
0.007300793211473474,0.04300348401903637,0.044653891378666065,0.4476217996586578,0.1720643240323315,0.03263113317203028,0.03126831099789994,0.0691585252276491,0.15229773830225546
0.016177483128145303,0.05458245053492675,0.18809032621949548,0.12107949532098604,0.05657453568126805,0.18907722640877944,0.2194939792025367,0.13196555284438008,0.022958950659482197
0.04386836239379537,0.2726453466561719,0.10448573030169617,0.047546320706903254,0.12526054663519015,0.07304335079327924,0.2008418351125382,0.09889929871074749,0.03340920868967823
0.010052925034203216,0.11073017152938465,0.03614349007533305,0.03411823507718003,0.6285810877570431,0.04425615331547402,0.031365126941167505,0.08215216009426497,0.022600650175949383
0.13787839901966695,0.03315064699322566,0.05622433695766066,0.050353897814448205,0.11659885763351592,0.4009244259941977,0.008875205777239248,0.16016120926358965,0.035833020546456144
0.03179526014430626,0.08585892987775025,0.10423209400009693,0.03531206449303741,0.2581986523731699,0.1165684398279629,0.08665282504642342,0.06710397145687212,0.21427776278038077
0.012341811000172115,0.04166991407950151,0.2671283969047514,0.25251868427792673,0.014047537161846044,0.20743809831659843,0.04262096905680082,0.09260202288413866,0.06963256631826428
0.04411398032001477,0.05207599329970739,0.10456758264991999,0.03705454420636109,0.025033465260545784,0.180442510567395,0.2067789380074522,0.11787216286075741,0.23206082282784632
0.09511697044231232,0.006491760797486351,0.19850461510671047,0.1286032228172591,0.02987374564567691,0.16503083275347644,0.046711091196151244,0.28272333158441476,0.04694442965651224
0.11626723749687547,0.031342027293506415,0.056532421260172855,0.01718132157673302,0.09670313215432848,0.15937563782724873,0.16692340909426143,0.2797264225319819,0.07594839076489167
0.010411299349233445,0.04458301284034618,0.08582445705925736,0.023078485970129084,0.41463733753045057,0.10965284714945929,0.19356858799979773,0.07315869670901753,0.045085275392308756
0.4868033526075963,0.0477259354378653,0.02715339906449386,0.030645302915421502,0.035419245473811416,0.018557176177185993,0.046601630852345116,0.14461540053438382,0.1624785569368968
0.016719933154099177,0.07255531215091382,0.08518591922838468,0.05709510884668737,0.23299164986010412,0.27933155575123064,0.04262952876644204,0.07705248225738161,0.1364385099847565
0.015559285194568631,0.12554280465308093,0.03588762894784317,0.10320402658031132,0.5512303111377642,0.025439593750190007,0.05855700404317063,0.06647952286181967,0.01809982283125138
0.05125041105525068,0.04097036641615128,0.27945932585435584,0.09800777730336986,0.0757983135186216,0.2111246520438603,0.05301482723135153,0.13404973511023166,0.05632459146680737
0.06851273626111713,0.05083366528453015,0.11946524830582074,0.17926869055206315,0.019763891178528864,0.2822526066236724,0.1350305086068934,0.049488362222990905,0.09538429096438321
0.02061842986892883,0.030616362911885478,0.023324642204286233,0.03398499022835322,0.1850847334096716,0.03236300704897808,0.21856984695461343,0.413766232780276,0.04167175459300715
0.04686707464359314,0.09018743985938273,0.1519821353175332,0.08878333392458136,0.037901705021989134,0.21733813761851548,0.13107604866765676,0.19275501764481853,0.043109107301929656
0.06103045121534037,0.059835093119341064,0.01711837123347018,0.026911077314399064,0.06278969410396852,0.07087787274934751,0.18121038948906695,0.43370737337358767,0.08651967740147871
0.4842450159113392,0.0835133663673963,0.05973373384107777,0.03493018541143894,0.02585374078879212,0.03140187446679934,0.06650704739003832,0.17298492408927232,0.04083011173384566
0.011874640977750872,0.05907388290307223,0.06244885262943927,0.32651459217551687,0.16089548978806104,0.05123459195921345,0.07640514115777199,0.04865967069263097,0.2028931377165433
0.14915505777170304,0.10618374484774316,0.02580534034462004,0.02724070697244584,0.15233572153094532,0.030002466066412155,0.10802117926088674,0.3360174206709075,0.06523836253433617
0.237325937318843,0.005351422579178725,0.11015690692336656,0.2222336173631799,0.11101576941453935,0.21615256514098044,0.013300611072469576,0.048079795249735914,0.03638337493770664
0.6607019010118427,0.04946800223599862,0.047951557772808406,0.03238438877129792,0.05479053494075543,0.021954402219490462,0.03469409210688199,0.04828079873981583,0.049774322201108646
0.030276657176328273,0.07372130242725017,0.04464580921386502,0.04232828627702043,0.4052716127820868,0.15830063446514828,0.13556684051816362,0.08294688601842753,0.026941971121709873
0.05435351575944381,0.2179942705753438,0.12997756794941506,0.043833775534199045,0.019029126473520657,0.056366372389763865,0.22430069548330267,0.1874026156843084,0.06674206015070265
0.1380895022388383,0.02791575456423255,0.034230169480552734,0.047319304391993826,0.06151761301563876,0.23871116230820033,0.049631910596041155,0.10090427199146766,0.30168031141303475
0.050661246834647976,0.023651616659062777,0.17571805348799463,0.09893487921379351,0.1423746508146371,0.18612537822722852,0.06094636569602201,0.16273547305677136,0.09885233600984211
0.08752694963225201,0.02187569059648398,0.09872289665234392,0.14538443035329504,0.010427175285587537,0.4978777071549298,0.02024449966133734,0.08905243457993851,0.028888216083831946
0.052184833379145756,0.13532781217109305,0.03930783650306616,0.05018551799107407,0.47802948166234627,0.05070704393405167,0.08492705465780741,0.0829287569109859,0.026401662790429676
0.02390550560821116,0.07575782001156385,0.067996512760177,0.05500022164288313,0.19371636345491727,0.36083173726998635,0.06419916696286429,0.13218219407007917,0.026410478219317825
0.4581438112267115,0.05904255450977567,0.06690660177649849,0.09570343701151153,0.014651332094054774,0.010466522305156503,0.1230100062244795,0.13212136729122284,0.0399543675605892
0.015487920612139591,0.2666427813559463,0.31107059190100256,0.04614346919877208,0.12622820773665155,0.07829210192677026,0.03763199116607246,0.08583197732108656,0.03267095878155867
0.023429673186733644,0.0330520148652165,0.09307140676164,0.07576303679007855,0.2038966073958509,0.05532064074859742,0.08427493157553191,0.11796218415046662,0.31322950452588455
0.02581974433103131,0.06823382698242532,0.19068906481066428,0.037365584754450905,0.2574170139724402,0.20603952187066357,0.031326497639008126,0.10885885139552041,0.07424989424379594
