0.23737795192996036,0.05663913236298954,0.03490859860004422,0.08983721405735438,0.1723248951242037,0.030976470629415043,0.06489928318413696,0.09831886966574527,0.21471758444615044
0.06778104082922298,0.17671855759121705,0.12030059883766626,0.09830203491980442,0.15721872942374335,0.07024174849895075,0.1366966546963096,0.09928066083579733,0.07345997436728831
0.19520092449181223,0.10266595373912873,0.08845738340727144,0.1313415363726842,0.10363477332286093,0.03277764316955649,0.12162009639699567,0.13137327143523467,0.09292841766445564
0.03240313171814955,0.19956398152028362,0.07179309180668549,0.09457369480765576,0.05938978549658882,0.16899441896891879,0.21946561874023396,0.1192808209840328,0.034535455957451285
0.013037751577844502,0.05530135017892701,0.06532699557460674,0.14088904312632594,0.4078524143361397,0.02305053116744934,0.05905529499505282,0.10303866994965484,0.132447949093999
0.09612244662384778,0.15648557707032587,0.06779293259457499,0.13267699766463073,0.15566808366873613,0.12366774627242676,0.06367399937382576,0.14542213823531497,0.05849007849631699
0.056177203562457034,0.08461292049395887,0.3816476051242386,0.06939487153961962,0.08167347755996164,0.008067768540809716,0.16283494934665266,0.09379209530391662,0.06179910852838528
0.11622689881736215,0.07738226936605286,0.11239799202948143,0.029561120471529742,0.05186579396689068,0.2892630750431054,0.10662460178042832,0.13129515328583155,0.08538309523931771
0.08442930790236809,0.16855279444756666,0.07099869568045815,0.07388871385432201,0.03510834319109813,0.3133003126411337,0.05379172628352196,0.12863960992895052,0.07129049607058073
0.055357406551172474,0.11054409190642454,0.18435450813502494,0.0469820489845017,0.05827552391339668,0.23756948313378223,0.0780524456910613,0.17679290741853082,0.05207158426610536
0.1349707881741732,0.15642410224152606,0.1542067678144672,0.04121839771894814,0.07644420821265116,0.03662734617500769,0.15304639798998923,0.18420641845315244,0.06285557322008484
0.07137699194821763,0.18216838078954992,0.061933267184787526,0.14645453897461236,0.08615546572653798,0.10401069769420059,0.20022266728209093,0.10580074770638219,0.04187724269362092
0.19608771232896272,0.12639559986718155,0.05508406537408911,0.08133290040245071,0.33207791114697766,0.05627493071138337,0.031632974585016856,0.09742368627440483,0.023690219309533134
0.1194455051672471,0.07113927217484534,0.03912438678156668,0.0934628586367906,0.013204437521954918,0.3639084073986638,0.13348481311868673,0.09677147223108828,0.0694588469691565
0.10643493970737401,0.13923354476805894,0.08296256662066924,0.10130525967346449,0.03312422140015419,0.08076406510577236,0.10200518345560865,0.15276902547475882,0.20140119379413915
0.10826402947753859,0.07217240377258327,0.1706452984640852,0.03672111959485369,0.04797629131287982,0.23406689929432356,0.10682881614464812,0.16277584762923983,0.060549294309847936
0.01775432749994903,0.13048917549932337,0.04324393411646479,0.011609819571773523,0.5444644835732659,0.01385967489767729,0.12459356717889082,0.06052107508006166,0.053463942582593536
0.03546997248979368,0.14360591479079846,0.13670816792114,0.06089235649740212,0.023620124975059952,0.10352182131611924,0.39230779141333677,0.0777457870688832,0.026128063527466567
0.03986617686034115,0.15986210279228544,0.034712460959046655,0.17177922610705543,0.27007638156241615,0.039772438181113944,0.08682714571254618,0.1183841072741702,0.07871996055102491
0.19962930803771414,0.1181489534301275,0.1332141048465331,0.10049671647741971,0.1468334639153125,0.053731344855492746,0.06423556638053345,0.15793810174105768,0.02577244031580907
0.13045975771109686,0.08626187553361873,0.17052884988641712,0.014364495556890787,0.060405213498448095,0.06960116978809787,0.2174883592515485,0.11011185640911754,0.14077842236476454
0.12833054844238326,0.11272842383722866,0.03275742919360725,0.20418656744118416,0.06868369463109937,0.07028414938839805,0.1286974968552941,0.17542493687748975,0.07890675333331539
0.09707929018016433,0.0647085467512673,0.37915402211495347,0.05899758046516466,0.03232546552940888,0.05152344272049872,0.1580418832729678,0.12369984837232913,0.0344699205932457
0.01084944633572186,0.04582113281610648,0.0797515503814984,0.1977442703495492,0.181387729231914,0.06325497436644589,0.10237139823263867,0.07370190550039017,0.24511759278573533
0.1412606255806985,0.10766089603544893,0.14595996626106794,0.014392243073967559,0.037397462370125915,0.02868529662557028,0.23763228859380772,0.18254367574225858,0.10446754571705463
0.4291822711934154,0.06281853397624304,0.027448258590023644,0.0703392506541435,0.06264210628775703,0.03366340820041174,0.027757011785776813,0.09117726710522998,0.19497189220699887
0.43782391206085974,0.06794196159999892,0.05390641492228576,0.06079916064361435,0.045123908864552476,0.057330784811977155,0.02232648117399057,0.17275281863312705,0.08199455728959403
0.01893710418023391,0.0944771831099301,0.10566613751007664,0.19707045645162233,0.2787544600006133,0.015528072274595489,0.054145048688839285,0.1766436269219764,0.058777910862112516
0.07423530480294122,0.0843679471079794,0.1291428357899532,0.11433503908299081,0.043170738827680244,0.29166397510564895,0.06597994115998654,0.14661661630513567,0.05048760181768389
0.10264056480068408,0.09998263570900334,0.06659917240797615,0.020610197854352613,0.04253280959922645,0.19154235034655478,0.3029162427617516,0.13931663721095625,0.03385938930949471
0.008250560750789676,0.10192223105074609,0.025311192049153247,0.35280802963001884,0.2726379960448769,0.012803498276792677,0.07455145375960513,0.08294418099551827,0.06877085744249926
0.05311647078194617,0.1120030607439156,0.09678583563429367,0.03669278908904002,0.3486533461063373,0.03651285935657082,0.08177262141793325,0.1021642982086341,0.13229871866132906
0.2567837879560484,0.1137494318601233,0.03592051289620283,0.14833866720661057,0.030922039856765126,0.12942498973054936,0.1216268538188217,0.09206712868966062,0.07116658798521806
0.1192972236522828,0.11231146103354857,0.15611625316425684,0.1448825583026771,0.045799559257249774,0.17978335237549534,0.09250388029820117,0.12473992682027275,0.02456578509601569
0.013076112438412883,0.24020202713902136,0.08014809544148686,0.02448785043077893,0.005752889130005066,0.16919398302685532,0.39565186452045165,0.059152496241803826,0.012334681631184096
0.03484480599823165,0.22687353075575048,0.03165799021220398,0.11912700663429336,0.04416172556352622,0.20853688269115087,0.11113968487924475,0.139459919367279,0.08419845389831966
0.07118484314002181,0.12214807744642696,0.10721064902015758,0.04200418293896463,0.27893796851661395,0.02931629151845944,0.09282805238541912,0.16838821625585532,0.08798171877808121
0.09079169234551628,0.175917632107925,0.03870463523993659,0.07274558488057196,0.2955114941684825,0.07209996907283085,0.06504464868406672,0.11482013200158991,0.07436421149908023
0.04273172592226892,0.08793631204705905,0.06765272635795393,0.27012976969497443,0.17663525127220162,0.04627558515942939,0.1056480524346388,0.14953161427688824,0.05345896283458564
0.010266752683530953,0.1484646609923203,0.06702633961190581,0.22560205203293413,0.1448355019637296,0.010886600387433984,0.06624252868152938,0.20664463687669665,0.12003092676991915
0.22808605769916937,0.1156808487563426,0.1351860559034648,0.033625923690603805,0.2193994127016523,0.03294985090074866,0.03995840915510725,0.16421599030585898,0.03089745088705212
0.007278906704487322,0.16236285312983942,0.04226905733781731,0.03722830274119663,0.20733574741396943,0.022388912626274904,0.30925567511949087,0.1873425185344811,0.024538026392442975
0.024084323046339434,0.06406668943619342,0.3501692995153373,0.022584441449186057,0.1409026763917481,0.08806195024331655,0.09903294803667308,0.13519217730354566,0.07590549457766027
0.06357826547387097,0.09948165356382993,0.08584389165329498,0.09946185376163309,0.2633076526017929,0.01911799885445051,0.15569221981654718,0.1785554954329475,0.034960968841632974
0.14295443445183376,0.21707444362017494,0.0651444496027284,0.11913410502694172,0.01923235484797323,0.10863661252421321,0.07709207450352497,0.19912363149713594,0.051607893925473915
0.028609912572492697,0.20375955235033405,0.06797444441272846,0.06383092831566085,0.29897413637948206,0.010335317747346754,0.09422081433424323,0.07571151070029847,0.1565833831874133
0.46539043617133274,0.0642189252445207,0.1108753359694189,0.059063267193458,0.018081321688102007,0.12866625048748995,0.03747248526840846,0.08461201112841782,0.03161996684885135
0.2728997578556107,0.12313776506419212,0.17456762701277265,0.12975308512840997,0.08357702541024188,0.021063040072712046,0.07721640712762652,0.09724590371523222,0.020539388613201894
0.049370448065199746,0.07973077062245276,0.45823182101827226,0.05882923045617785,0.10695602299455147,0.01174308077026754,0.031077470818872594,0.10207189032180193,0.10198926493240389
0.024054583210956836,0.13633010931926906,0.08612619495274354,0.09952019444879122,0.4877838461781645,0.027898205480223537,0.05344165665289304,0.060796048110394824,0.024049161646563427
0.08410844065963691,0.182735033993031,0.05815426892339809,0.10821755402327589,0.07554887908936003,0.105322550143445,0.21643375536169554,0.11008460126209152,0.05939491654406592
0.44629585649129133,0.04825040961710656,0.02251286969187022,0.11002621937347394,0.04587979456348116,0.055523541740080694,0.0914069568816044,0.09582849341506748,0.08427585822602435
0.05567213898264033,0.13654756120302125,0.11429355104157003,0.11738617205304187,0.04960060798728949,0.15535642622062823,0.16342725192680743,0.1601928399367597,0.04752345064824164
0.017181864362462062,0.1186730041120241,0.07984201883021677,0.10611901133959036,0.1995858397701674,0.02842760702575926,0.32894087710678993,0.07654896770885522,0.044680809744134964
0.025309899488164967,0.1556174731693008,0.06932594101791388,0.09346297753975959,0.2944876321435664,0.047776682731094866,0.16214979161163046,0.05743252742000713,0.09443707487856197
0.14060813232670785,0.09551949447126934,0.2973662574530807,0.061978238618420584,0.08199792682094992,0.16198672994426053,0.04532817168146718,0.09622835348622233,0.018986695197621525
0.06801734332824315,0.17203766917043326,0.09449454792526212,0.059765979199897235,0.03637807921726742,0.02599987157951077,0.3022116946736492,0.13073899288570037,0.11035582202003642
0.008218792299792001,0.0631916483752437,0.09964287831198565,0.08008524177540287,0.39148370877866495,0.012733208480944377,0.12495399874389475,0.08412747092386262,0.13556305231020901
0.09306308782197308,0.04248006505188665,0.3462870349889055,0.021656254168860165,0.009874726496109066,0.0679896908825121,0.33892978531668644,0.0632216810978074,0.01649767417525966
0.18429324514854303,0.15899700864687752,0.08808209545649477,0.009997387698737474,0.11796471339470914,0.02577431847377965,0.2788595716517026,0.10847175464180188,0.027559904887354002
0.07191452956286558,0.08039561757708294,0.029823565672228252,0.03619386832219985,0.10253127093197245,0.0450778795981564,0.2559582134605683,0.12043057132925444,0.2576744835456717
0.10264056480068408,0.09998263570900334,0.06659917240797615,0.020610197854352613,0.04253280959922645,0.19154235034655478,0.3029162427617516,0.13931663721095625,0.03385938930949471
0.02254887329864202,0.08235915603402975,0.051001085499374994,0.0678705823788761,0.24396943320338285,0.019537246761176186,0.2842594734404152,0.08319566651426502,0.1452584828698379
0.021097869679942694,0.054329602708970394,0.09066442378630694,0.03172687576096269,0.5210460536184501,0.006805622428226189,0.047274861064396045,0.08758443443663418,0.13947025651611078
0.028936459197819536,0.06017469205657017,0.044402468624088205,0.26724839213213064,0.2677513129139662,0.022544000795171947,0.12491760121677709,0.12991605882280274,0.05410901424067357
0.0027165696009851213,0.08346329521009123,0.08144119654841535,0.2126177295013458,0.4466850155220585,0.0078568062224621,0.04917872379664975,0.0879423395346544,0.02809832406333769
0.056122310270770914,0.12194120454982939,0.020205468948279435,0.0774319236426509,0.2753057471643163,0.00873782147748791,0.2959843890001948,0.09061507734774711,0.05365605759872318
0.16741513540793898,0.11318224347216647,0.19048613780177548,0.06918258401621515,0.05607283786634126,0.0941467163800956,0.042524758700757566,0.22888905106534463,0.03810053528936478
0.03941381834869114,0.03496136097834262,0.11974465107344139,0.2294799884685957,0.28809760508135335,0.09788898082974758,0.035047532385232436,0.0673832263976356,0.08798283643696013
0.03308853992305843,0.20985970398296047,0.08427436453635212,0.1153250725703892,0.06508502528107234,0.048605296069328306,0.12242972345433378,0.23824822607302498,0.08308404810948035
0.039638826398913314,0.0749142698648858,0.15234125207989993,0.05373826887417497,0.12395072697301031,0.1303906884666147,0.1787294681487057,0.15595997238458634,0.09033652680920896
0.015192997515281706,0.07128810695626325,0.4211187229900408,0.009757851769314253,0.3054593541907336,0.00954069550951916,0.04952607218284936,0.08658890353713983,0.03152729534885817
0.07592946641035174,0.09496107255786855,0.08313167416609064,0.35384780521389714,0.13732706178927026,0.011629992023233162,0.056156032976371784,0.11829861479235136,0.06871828007056541
0.005800488336967848,0.10502331405694378,0.09596423263351538,0.13386509240030384,0.19842880711950003,0.0018496689510964098,0.3442343440671876,0.07760157605958297,0.03723247637490216
0.1368016368878251,0.10639104381926125,0.10221526895522677,0.10246188486281878,0.11521181211645759,0.14329989350000802,0.038404060375421954,0.19794034785323822,0.05727405162974226
0.040406670002786534,0.2531334140564884,0.12676670474692706,0.08708497639212481,0.015354549090034428,0.2653814823379148,0.05367421646905649,0.13609869240754202,0.02209929449712547
0.2604752552137145,0.08413119608582646,0.2277840954440358,0.08565196148098597,0.06911953380607021,0.01375857506099904,0.034397299472367936,0.16380506031471503,0.0608770231212851
0.09053830728444517,0.08497386675235864,0.05654068568968068,0.1360816801689453,0.07838670552052507,0.2622129038971878,0.05947503779101293,0.1089259358343938,0.12286487706145059
0.2228311578254557,0.06623999604431095,0.05001882239035058,0.020765319700261468,0.006290606919925365,0.3644821089361883,0.07119376640024387,0.12857245839258769,0.0696057633906761
0.35746006477562614,0.08430156039347214,0.17046825632705276,0.0808201043509389,0.023797099563442264,0.028430559269923217,0.09155412695614783,0.12251978463852127,0.04064844372487544
0.22659299584177225,0.13639275086232508,0.01425862490599259,0.233140894236237,0.04937679780445564,0.038744649782528645,0.07439200319989044,0.1354893692885698,0.09161191407822851
0.1373812733210882,0.11531411798094775,0.08870776837251142,0.03984859613504912,0.024139796219366693,0.09459883917930555,0.19299850543454963,0.15614978190257986,0.15086132145460174
0.12658094420826496,0.09974732894761888,0.08528222518325844,0.024212688331315485,0.19118961072792576,0.24226893556105078,0.05307083364428034,0.1427331316448743,0.034914301751411116
0.1601040144615883,0.12495749920707755,0.11617025748107317,0.07772628691966675,0.06954611394285592,0.2786173290614287,0.047183489208264505,0.11511725954944285,0.010577750168602212
0.019308338390723292,0.10579716454499494,0.12773160966548477,0.03361667725048613,0.12570960288705377,0.018327020634732013,0.27199499634229407,0.09277486851201007,0.20473972177222108
0.04592790875792555,0.11007174127811598,0.1266395711288197,0.05984566942111328,0.27956317600028363,0.024344750993413045,0.02909431624177246,0.11000262312568447,0.21451024305287184
0.0033268449345790273,0.04950928592804166,0.2235529164461704,0.033348655538415796,0.5147184910090575,0.049597759323725565,0.036133553356773686,0.06948490088277881,0.0203275925804575
0.008699843124673713,0.19418701653481493,0.1633499316285795,0.024137974491272727,0.0723619872391294,0.2372722987840785,0.12186242621259076,0.14564740346951663,0.03248111851534387
0.38360118518819664,0.1133851441042375,0.058450601916583404,0.08874497350600365,0.13822629557041236,0.025142746377598706,0.025130520851835186,0.11242460593967578,0.05489392654545678
0.11036586579062606,0.1298797553411529,0.05560819498424797,0.181147190638143,0.03444263387883832,0.1063870254651554,0.15068260224253696,0.16695902720439368,0.06452770445490587
0.37463906178239803,0.07915542561601922,0.08393294727826317,0.05212954216405461,0.10463164037131602,0.0636471888910019,0.033304539942451174,0.14922916747617396,0.05933048647832192
0.10569524215872272,0.15735423007209837,0.14628452037130593,0.017997241829995334,0.05414951174354504,0.2089799892329334,0.15434088947210636,0.12971139834829915,0.02548697677099368
0.026914988346071107,0.18804155859710903,0.14519405875269817,0.05513255158089959,0.11427891043613869,0.018704446376583493,0.10701862163483339,0.18243416629419584,0.16228069798147066
0.006359520590064726,0.09141612478345702,0.0823328542475228,0.2218517667915232,0.3490010000449231,0.03304883303084279,0.0741219312144415,0.10117439977656377,0.04069356952066112
0.020849137310093576,0.19131754235206033,0.029921215810856574,0.25460408398714374,0.13735722013481771,0.08597335921647171,0.15915709805263156,0.10442461674410307,0.01639572639182169
0.006798237494087323,0.08378516291203669,0.030954475909693357,0.06023053221170466,0.038536502537900044,0.06883528594635283,0.39606649116702736,0.1348042481320512,0.17998906368914647
0.0036539537996946926,0.0452872468205377,0.06917151572992698,0.362300366045603,0.37520083677735633,0.006702201029071556,0.05987724833340271,0.06204666654102933,0.015759964923377653
0.14761804193233377,0.11807508621161374,0.04736264022299191,0.1238679648695004,0.12445616018190025,0.04013655925402195,0.06970750715153433,0.18510596439408358,0.14367007578202007
0.10296961005961919,0.07605039777209265,0.08293512478626351,0.06210528191168462,0.06794815640535835,0.2504174357183262,0.1509397924284508,0.16844422915330892,0.03818997176489578
0.02061398111612643,0.11704179840691593,0.30929432178866245,0.124199735230201,0.046313428174797396,0.015123626430779738,0.1810584638225492,0.13742122314603136,0.048933421883936574
0.06346538551308346,0.13205578294010592,0.10031497949123236,0.0953731852588136,0.30703523574890995,0.07309389928272327,0.09732909304509457,0.103298638723748,0.02803379999628888
0.00786857906678388,0.0685994645787271,0.18288411797766427,0.11948542768439822,0.1015338497209572,0.012872935440448638,0.07788887029807112,0.07308239590888037,0.3557843593240692
0.15728988102044783,0.06955198704007441,0.1587795858983743,0.10290575169162564,0.24656508984333844,0.012668135505499648,0.03432920013929009,0.15556489354534472,0.062345475316004983
0.4238949928305948,0.12689396598316025,0.028526700350899395,0.05865008711445863,0.049303549248018996,0.07128173540489052,0.045716172717503334,0.1465149506015538,0.0492178457489203
0.029417233578423227,0.12889281928847804,0.03310168167945809,0.21717049564144233,0.123902432443462,0.0527388960986089,0.2696595183463997,0.11255895380609232,0.032557969117635414
0.38930097563289495,0.09643608038809826,0.0556951539385993,0.08328761914533324,0.07466896976862873,0.0717904415586102,0.07242756216777836,0.12044357374367015,0.035949623656386744
0.01902783361170508,0.15424096226693407,0.15280964999747132,0.045450109351384126,0.026856868034430076,0.03415658439292435,0.46558297547155375,0.0821833077610491,0.01969170911254814
0.00721797130181264,0.12018934026846366,0.0308945161507511,0.1945069122132611,0.47061268451261157,0.010521830241082096,0.02956822320288253,0.08546943234169223,0.05101908976744309
0.012190428892364907,0.10281317351876768,0.22573784462542934,0.07429261728194612,0.17239894249899726,0.1309783256027758,0.0855011080844315,0.11561555666450951,0.08047200283077778
0.04327143961377125,0.16437490135280308,0.13418843026200575,0.0450935209573774,0.12688764253987808,0.012548917737069074,0.3108721127287741,0.11663348188048624,0.046129552927835084
0.14240521503298853,0.08465240759555533,0.041533776604951354,0.12762302997363892,0.21716756454401284,0.01490289329719093,0.02335833845453011,0.21174386213259963,0.1366129123645323
0.13659223241547855,0.0817297640731985,0.11132604288077978,0.17971847856957326,0.1310365389911509,0.08153189658483682,0.04771427845878134,0.1124084628953055,0.11794230513089536
0.179694042413876,0.2511339270144186,0.08067569623499528,0.064912442625271,0.12076331124782487,0.052644210454853464,0.07758723746239927,0.13642094425112836,0.03616818829523311
0.4156639770886419,0.11713632290120796,0.10961087186064294,0.03876166674741627,0.017845852520166267,0.05204085968552911,0.05455897914208954,0.10988860145647077,0.08449286859783527
0.17568090273180173,0.06588624086292913,0.3469260302200754,0.03192744179805937,0.005753132437777108,0.1048324475163709,0.1348022989372245,0.07438330497939834,0.059808200516363486
0.10082946060281583,0.060325020224563486,0.12903117043406906,0.10392892801659377,0.19021240091335334,0.1251555359302443,0.05859846423124831,0.14643107140582468,0.0854879482412872
0.01902783361170508,0.15424096226693407,0.15280964999747132,0.045450109351384126,0.026856868034430076,0.03415658439292435,0.46558297547155375,0.0821833077610491,0.01969170911254814
0.07951572622403164,0.1233621109180087,0.15508329394956913,0.018761391730150647,0.07952923175606207,0.09939484742014452,0.17675316537721542,0.17909133986104853,0.08850889276376939
0.040822320878773015,0.12460712420757937,0.033928866976032104,0.3147960971742921,0.06850343281526654,0.04228892160202816,0.10845696173591239,0.16444623048586937,0.10215004412424705
0.12572531952064755,0.11195302131731831,0.18496882833080552,0.060767164591907084,0.06456627660491576,0.03370695037805528,0.12415682525280443,0.19448578945162975,0.09966982455191631
0.03112490595708618,0.055812182815896595,0.1140361946726483,0.019075129318285543,0.47190223208285237,0.19707961374988392,0.013403620299919058,0.04956169321442789,0.04800442788900002
0.014890356334546155,0.07282025959180133,0.08244284135664898,0.08058356761432574,0.5104464877843087,0.09510773594243059,0.022831868613409675,0.07658755360172971,0.04428932916079926
0.001845891700176022,0.10881885070770315,0.03952237323400277,0.047407166388526996,0.2842277026662004,0.014836911309582505,0.14717338608159278,0.08908729703788774,0.26708042087432776
0.04659878138316214,0.18909633002757997,0.11785681866900309,0.058466973728419025,0.07071226803238555,0.010671902948795803,0.38285051085960936,0.11229672839585188,0.011449685955193195
0.2377747392581663,0.06153851249600346,0.04570910028455951,0.15878922856923774,0.033297266180702244,0.15730075857111606,0.03879300535615245,0.15228024932618878,0.11451713995787353
0.2147968425766107,0.0937798552419119,0.2742845066228248,0.05234734951129743,0.020555963884168995,0.06785775193422032,0.028419743656786737,0.1252171877163943,0.12274079885578483
0.09315495114973373,0.08340428686358299,0.10877704011378388,0.0474461136801596,0.22814400715589464,0.11575840039467744,0.1326134052021712,0.0945213340046423,0.09618046143535426
0.0824822250247735,0.22943621226556413,0.024996872434648154,0.09885379840638027,0.09039468999994422,0.13607340019793598,0.15401552172791924,0.09674013154916204,0.08700714839367248
0.017627942991403345,0.09005150742020096,0.033365309095190525,0.29693995965245923,0.11969377048407964,0.013576936034973017,0.28896029192355416,0.07154753431833032,0.06823674807980874
0.01908178827367603,0.14231280203538443,0.06537986611487422,0.22045571040836787,0.03952263712342943,0.3095822824957752,0.09244131165511717,0.09892232479091469,0.012301277102460942
0.013530775225792232,0.16543491633528273,0.07156727664958736,0.030948205491942424,0.44574323905679775,0.0028519732716379225,0.113371926374198,0.08659923908415994,0.06995244851060153
0.024549729150464602,0.07073234514541203,0.34436360154002443,0.04209229868768825,0.37208892816738853,0.04079743685107093,0.022254511109309618,0.053711040726381866,0.029410108622259807
0.1711067022452887,0.2019527750550493,0.128570738663238,0.015124956828075761,0.25926613993810604,0.03777417749631611,0.03397362532418185,0.12494644267318682,0.02728444177655737
0.08147619957202724,0.11017445693511192,0.15900634848070816,0.09165571941779212,0.012123116384556201,0.3475960758207017,0.03985972540151784,0.13845601151233444,0.019652346475250427
0.48648166739798654,0.08737091076784531,0.04566251608561731,0.05955191020403699,0.020138656919899415,0.06615698005460591,0.06234766879670625,0.10488534951016276,0.06740434026313952
0.07602437841380498,0.10642246823046404,0.03556793286228462,0.2536573722203206,0.12776178908332084,0.019480951025420714,0.10372201635574135,0.15674030594267474,0.12062278586596813
0.0754336802696466,0.14088467299724106,0.050461370679260875,0.10516908652298597,0.030847469582666806,0.16353373627198028,0.18791343344276645,0.19958200531750622,0.04617454491594586
