0.11945861732248692,0.0863200630891463,0.07154639516516988,0.056774361846314236,0.08270610766471871,0.1557530290570773,0.1898831250709084,0.1158328615602976,0.12172543922388064
0.11930966105038314,0.08364653576118669,0.0706251560864382,0.0679026892212307,0.08241969807557942,0.14905809483394764,0.18670664928588818,0.11773561936009332,0.12259589632525264
0.12437848155377307,0.14137815039702742,0.07654611510259378,0.04351374716719961,0.10521444593512985,0.08118187459225147,0.08871780764663327,0.20290776476929107,0.13616161283610054
0.0998250619569351,0.06929933406203842,0.05186191815261889,0.23806826568627368,0.06345910556239884,0.12186909800296941,0.15210365434615855,0.09248818173223187,0.1110253804983753
0.12536831327752418,0.08570052460268052,0.07195377397561033,0.14664359296725354,0.10924404880444215,0.10873739556111221,0.11140648155621231,0.14765151508107555,0.09329435417408914
0.11634950881091799,0.10781779435289468,0.07347995437113576,0.03514518566031579,0.08392998292890604,0.15389115167215342,0.18342894351392802,0.12319707580018589,0.12276040288956236
0.1266704694289801,0.0851000893665489,0.07206740461689815,0.15908567219645312,0.11379188708993693,0.10179808841401543,0.09783873937439831,0.15107501853232905,0.09257263098044
0.1245239104516488,0.0945993497924313,0.0733657134187796,0.04815992907681973,0.07782310012255038,0.1495149803634981,0.150713706805682,0.10683416930514682,0.1744651406634433
0.12136671702563501,0.08553835029448718,0.0724973220085847,0.07104585406161669,0.08943858956274714,0.1496418346471668,0.17591042835855022,0.125738054274503,0.10882284976670938
0.08895296378322227,0.05352695488087034,0.07117293089569472,0.3249142053256821,0.054162393852136594,0.1086673943415587,0.12043530926208036,0.08500121358712841,0.09316663407162647
0.07993456360865651,0.3337212790541093,0.06653105216707698,0.13402997361963212,0.06703224573220647,0.06606871632616423,0.05144752152607796,0.08606793795877428,0.1151667100073021
0.104949512839982,0.44037483498970253,0.04295026986581676,0.01742062138594731,0.08085241512161134,0.08296308599714598,0.05873504591883208,0.08270432947972424,0.0890498844012378
0.09808987874126836,0.06662191328259248,0.0508355303660438,0.25194540598586945,0.06604592175640552,0.11971190199428437,0.15488752246643556,0.09509576114106955,0.09676616426603095
0.1241065070489193,0.09414658482141385,0.07319141843240616,0.04815259937146906,0.07777838348804257,0.1502164206065022,0.1535646579580556,0.1068679767755887,0.1719754514976027
0.12015815664833261,0.07723184215403624,0.06763122751463986,0.14589393259066538,0.0940940395672416,0.12249938451393645,0.13611002848091322,0.13616374931728212,0.10021763921295258
0.1214992111993221,0.0855287968298253,0.07255227215345876,0.07200382273031429,0.08983348078543242,0.14918420265845378,0.1747887684731504,0.12629103450396442,0.10831841066607854
0.12217288208298706,0.13782623085759574,0.07995126744989482,0.033899736529455715,0.10722986916269671,0.12201766779862518,0.1174732299599018,0.16980718361023314,0.10962193254860984
0.12000576485963503,0.11669358292437175,0.08019271796126402,0.03564147249742477,0.10193805279702572,0.13638291246528594,0.14598563905704906,0.1074594673542566,0.155700390083687
0.08104913697235502,0.5882985399509418,0.037717840835784854,0.010643120818876686,0.0734043992171615,0.03996896963660611,0.02206592533379338,0.0877052360125622,0.05914683122191841
0.11935867344887381,0.08840014867297112,0.07130293472367684,0.051308201259476736,0.07920045361409762,0.15525769980278162,0.1887317535760684,0.11026660374982089,0.13617353115223294
0.11976904751529764,0.08849162957899605,0.0714808175551984,0.05049321301072931,0.07904052441878835,0.15649293108379084,0.18548994285430898,0.1099127788702018,0.13882911511268867
0.12277094417812891,0.16141874428716535,0.07541589730084619,0.04074391587321583,0.10777132139326917,0.06480396713395722,0.06282407595597063,0.21729130661762053,0.14695982725982618
0.1246946198183052,0.08603784940086319,0.07121285067960574,0.15459707554197907,0.10971336592130476,0.10391841391448868,0.10989123447486852,0.14750371477045018,0.09243087547813467
0.11855269125034495,0.0806229319541301,0.0693393095975578,0.07675018710902677,0.08006724961953475,0.14306911816375514,0.18629528147444038,0.11645238687158715,0.12885084395962298
0.12314450072534461,0.08550603625860499,0.0731329739856215,0.08527605461555023,0.09479303846913983,0.14262190211406833,0.15942825750951722,0.1329527118928267,0.10314452442932664
0.05954469179333651,0.38626168983301806,0.0596055386450415,0.13442089469887747,0.18811433020758486,4.103105783235588e-06,1.34962712008942e-12,0.05571035106248881,0.11633840065251987
0.07228816994103837,0.0946419684152986,0.16770448665052962,0.03276003917710511,0.5216366149778731,0.00818960164473989,0.000756570197936446,0.052194552861699633,0.049827996133779195
0.12342464571507984,0.09297512176140216,0.07175881435810816,0.0554382340009971,0.07731719285338845,0.14114287480465826,0.15911766256545692,0.10808553203152878,0.17073992190938028
0.12157257540303973,0.08182918399346618,0.07077084065592659,0.10763233461545162,0.09331404514073088,0.13446829222928855,0.15379563702666485,0.13349068373156706,0.10312640720386458
0.11930412137375705,0.08365959711793136,0.07062068381045607,0.06776617776937004,0.08236047917390704,0.1490855525668481,0.18677086858471179,0.11764618625352459,0.12278633334949396
0.11849090839960252,0.08016111969804063,0.068962802790552,0.08734935554332661,0.08219592164657809,0.14095029709019477,0.1810017484568128,0.12008569271443241,0.12080215366046025
0.1201732624138147,0.08577058253175464,0.07194877298755842,0.06263914443613336,0.08569258674701945,0.15347881177238662,0.18525794000158669,0.12033987778738027,0.11469902132236585
0.12446659605279864,0.08588552719190501,0.07085584994161127,0.0685995611316038,0.0769528371481722,0.1331205833552115,0.1508882282805734,0.11073927745037433,0.17849153944774987
0.11971754775166987,0.08838697898587783,0.07146479841451558,0.05063345079329674,0.07912797229026756,0.15654152787152362,0.18593375734166037,0.11006477338870017,0.13812919316248828
0.1159528550744454,0.10902253678706081,0.07278376323309876,0.035525425343612166,0.0812579381344888,0.15177436055550564,0.18443393219595502,0.11848759389647394,0.13076159477935936
0.10026900550051832,0.2724290658229325,0.06622899446615849,0.12250412959994318,0.07741359598393116,0.0759325963172378,0.08234658900734022,0.13042674462315892,0.07244927867877939
0.07210084528323543,0.6222104263196188,0.04500395380102329,0.010615425247288821,0.0402779849586569,0.04304383942810187,0.024794322331418015,0.07449364585374281,0.0674595567769141
0.12167885975449864,0.08551871012207247,0.07262497027603931,0.0733212280816404,0.09036726529775713,0.148550272372935,0.1732421885302786,0.12703349755345308,0.10766300801132535
0.12662942348635667,0.08574522384123588,0.07275524120491188,0.1406615646976632,0.10962124497647659,0.11341328515440324,0.10808926462558621,0.1485011700321972,0.09458358198116916
0.11613720248927195,0.07069446456402696,0.06182572694376443,0.14391321911617203,0.0728048028271323,0.11582261720306071,0.15598193440973207,0.11320601789114655,0.1496140145556931
0.11952906834232481,0.08622281569052996,0.07159816023619776,0.060243789836260574,0.08406609127495313,0.15331723501736885,0.18947256181077413,0.11798535108008962,0.11756492671150116
0.11908664467700031,0.08370943288452877,0.07065310422479908,0.062263334557857763,0.08052392308299235,0.1501928019139368,0.18996765239362912,0.1146756700846503,0.12892743618060554
0.07330203442035932,0.5337640053890887,0.16985904191977894,0.010417974929383596,0.04478786102575661,0.012776313783903202,0.0027379984465413557,0.08405218914271484,0.06830258094247345
0.10764331883417451,0.29766985861432954,0.06632602173927202,0.021000188556503614,0.08581952832793759,0.1109972250762346,0.10028619676020974,0.08917742461620635,0.12108023747513204
0.12346916430321031,0.08078264468715846,0.06861765551756527,0.17045207282066363,0.10555557710858804,0.10645032700046198,0.10461475227231727,0.14538845818795013,0.09466934810208501
0.08975656709772624,0.4049276929461811,0.07224902453346567,0.05549684065323518,0.06356561668242014,0.06824653834089603,0.058610331498560465,0.11797378024169157,0.06917360800582364
0.11434847054356674,0.14952214807584818,0.06981006201439306,0.04855756901378189,0.06974419066712999,0.13882851146124076,0.15463797444225322,0.10105519136620623,0.15349588241558
0.12088011040310953,0.09486418391389269,0.07086597492303474,0.06077028116685476,0.08077172359207409,0.11443858009969078,0.16549696455438714,0.13228413769206337,0.1596280436548929
0.11913291951691211,0.07816667828951401,0.06806837165487838,0.12403018341314641,0.08939752658643989,0.12991833258844981,0.1555819350567549,0.13065756996883396,0.10504648292507053
0.05936807507284889,0.694110909605477,0.08145604796429044,0.01688782037533984,0.04226263198323745,0.003299121059455743,0.0001720719322590994,0.04987336642670842,0.052569955580383076
0.11927179331218729,0.08376770784602496,0.07058999190508385,0.06674332060391304,0.08191520685760162,0.14927470318670374,0.18718070676983015,0.11696976388777293,0.1242868056308824
0.11405530990578237,0.1359990827695823,0.07526538418058534,0.029564601105087986,0.08987850383707614,0.14013128589852467,0.16015276484926935,0.13824123883304507,0.11671182862104686
0.11893216369289243,0.08163653078451322,0.06935408770991357,0.07542738648442715,0.07958953843586576,0.1431200378270737,0.1837821091969597,0.11558257808634097,0.13257556778201354
0.12115775280940892,0.08555775879739312,0.07240836325796211,0.06955473373147557,0.08881208520491614,0.15034788147691167,0.17764683186625393,0.12485435213307762,0.10966024072260099
0.11278667068133197,0.13650584899078586,0.07432906153986524,0.029125282590273444,0.0861179636605095,0.14162588435964305,0.16538921873221324,0.1316700145716147,0.12245005487376302
0.1257515192202521,0.08981887775247666,0.07232402328834497,0.058872655037757425,0.07751878091540704,0.1371473290242958,0.1454090120604107,0.10944752384970485,0.1837102788513504
0.12523875597727444,0.08546115947588302,0.07344721637973912,0.10994327038474024,0.10229481619079418,0.12976605304168634,0.13421941903055404,0.14181069776203534,0.0978186117572933
0.12301915933355191,0.08699853901712921,0.07119325428919122,0.06121632956943962,0.07730779903719656,0.14074349172706588,0.16227126930757765,0.11010324565608999,0.16714691206275797
0.12206289325489988,0.08550595752492524,0.07277325310739051,0.07622322930426874,0.09150749318548022,0.1471375475350345,0.16983501618113062,0.12859976086085342,0.10635484904601679
0.08243013056282163,0.4215147576952732,0.0705811668190121,0.011745427482483422,0.07373632016575128,0.04867455101918595,0.019311630916058902,0.10962018983159712,0.1623858255078164
0.12358873824902293,0.08114135805259627,0.06854696707408449,0.17964485104396224,0.10885636032813227,0.09850717512006801,0.09986199328265592,0.14713403689821528,0.09271851995126264
0.12118643618849857,0.08682464561999155,0.0726639514432967,0.046244010512544065,0.07810339104082228,0.16065995397239682,0.1752668366804678,0.10803142619533442,0.15101934834664785
0.1191937143136339,0.10028979226455677,0.07031191433309526,0.13958928400206772,0.12170156728423763,0.10098919762663916,0.09979559193165899,0.15400961696452042,0.0941193212795902
0.1091684683291758,0.21101794180773026,0.0796853793991001,0.021533001041108706,0.10696641443926967,0.10285271269257018,0.08212997624322664,0.1696386157591607,0.11700749028865791
0.12008231683519238,0.08906299130378215,0.0715857172245148,0.04984908164980994,0.07863757086909817,0.1561568418212931,0.18288525664927177,0.10919512222440313,0.14254510142263452
0.12101926494629407,0.09106282892442169,0.07190563538936301,0.04890719578024976,0.07778324818307172,0.15332098885519777,0.17563037724682726,0.1075992703059893,0.1527711903685854
0.12074789730486853,0.09008624880201209,0.07183065215701116,0.04906825698091427,0.07815376887798581,0.155321804280286,0.17765677943349376,0.10826761292551373,0.1488669792379147
0.1255195860337539,0.08945841275864695,0.07218885863137496,0.059346318510481964,0.07746955782437544,0.13722751013092271,0.14680922697012821,0.10953144394081275,0.18244908519950317
0.10754017990201543,0.22366519796169027,0.11808625682705744,0.08337007104048007,0.08768861891126269,0.08853812091104109,0.07894464292982005,0.13315297696357462,0.0790139345530584
0.11819798636494618,0.13939742479909203,0.09230793471836368,0.08938927971392752,0.09737731023229483,0.11766076815450928,0.1179175332199683,0.1381866063034974,0.0895651564934008
0.1198506685392811,0.0876733067428437,0.07157801113874666,0.05087878556667543,0.07971374931409714,0.15839579326662054,0.18523591925218008,0.11095848729669344,0.13571527888286186
0.11971127141480868,0.07644026837250732,0.06821765723572865,0.1293056241538378,0.09093877958344353,0.1294906572993558,0.1494676288709468,0.13286152424497075,0.10356658882440067
0.1184888291016929,0.1515605393763923,0.07535761693086405,0.03801817733257435,0.10434902315982199,0.09871800008773163,0.12163864873861056,0.11350792432428784,0.1783612409480244
0.06366576442816192,0.23231206163019058,0.14213439922428797,0.010773234914541687,0.32324507212944775,3.939873911641022e-05,1.307398760627597e-10,0.04873816137511799,0.17909190742839573
0.11930949589459905,0.08680485727353199,0.07141971077793124,0.054326894236952146,0.0813418015936264,0.15644116666357497,0.19036299044779378,0.11370039451576364,0.12629268859622675
0.1255323130721562,0.08562726579041036,0.0717332287741018,0.153184061081633,0.11076924266988525,0.10502576993908082,0.10671175882582111,0.14867525149965907,0.09274110834725242
0.11931314711012875,0.08584151678504642,0.07158366244264425,0.05358565352288149,0.08152644539331363,0.15784536064502777,0.19100900031657775,0.11392841626070777,0.12536679752367222
0.12328092636102166,0.08574314587891595,0.07052009143978001,0.13910511198977235,0.1116984507924584,0.1112037536355953,0.12162791200513233,0.14363919866354832,0.0931814092337757
0.12729882638182932,0.11791679060613573,0.0864538976640114,0.03980253159692767,0.12842280339143428,0.12964042487756336,0.13030241411134966,0.1373707463610381,0.10279156500971047
0.09466986147516654,0.0651813251715239,0.04877498252633957,0.30609088351904284,0.06716686609616929,0.10983571720225584,0.1341121621525246,0.09069309487172433,0.08347510698525311
0.11970564588967275,0.08603343118486656,0.07169840355759594,0.059084847987418705,0.08392649273055693,0.1549277731876806,0.1884423086758281,0.11769830062843802,0.11848279615794244
0.11948415649580992,0.08498738487577438,0.07067830889259653,0.06059155858719304,0.07983337190264088,0.15040734400973457,0.1868569716036175,0.11340771608005092,0.1337531875525823
0.1237501558312097,0.08551147447887557,0.07328872668241156,0.09115215230868416,0.09674371542636943,0.13962434249937233,0.1529768670815944,0.1354133102398518,0.101539255451631
0.11673453638149213,0.13377182909625063,0.07684182668303939,0.030907935151675198,0.0955443126871009,0.1373582200104274,0.15031772266975185,0.14719774106573066,0.11132587625453187
0.11573148647689357,0.09656967871392062,0.30807341855471154,0.019794448779672423,0.09977600384693965,0.07305146550386206,0.05529416546805931,0.15033472612356352,0.08137460653237734
0.12684536795899926,0.08831160862973224,0.07192034872976931,0.06546583137968158,0.07737463441059188,0.13043848462622945,0.13749032017928894,0.11036771946221687,0.19178568462349052
0.11387240358073869,0.05105645665472541,0.33225366691304953,0.1599663558438197,0.08587176890440384,0.053094433817535286,0.037203306332258164,0.09652613048368357,0.07015547746978586
0.1233506631057744,0.08550825230344516,0.07319025294862046,0.08719689173011247,0.09544470153969305,0.14164706137203473,0.15728951743814726,0.1337856424687808,0.10258701709339164
0.11280485670238667,0.21282964013357983,0.07270982550975263,0.021319089142410413,0.14134564296361216,0.07931105375541475,0.05503569365192268,0.19516980891708288,0.10947438922383801
0.12384921640332318,0.09074193785544289,0.07235538502702876,0.05326048734486255,0.07758902053165821,0.1453600761676268,0.15744066625936964,0.10843494927836739,0.17096826113232053
0.1219851701044804,0.08550772085834173,0.07274404221224778,0.0756253878339249,0.09127643147443554,0.1474302522208862,0.17053589485593,0.12828457193103773,0.10661052850871566
0.10979019786070275,0.23147896428295137,0.062007177461463704,0.018955598111236413,0.1415141743139386,0.08708784739347208,0.08252344389333469,0.1734258728047641,0.09321672387813623
0.13270839416105418,0.0926173488454069,0.0739613990280029,0.0647680639739429,0.07875859338192526,0.11910565132256495,0.10328800470905543,0.11067300583049022,0.22411953874755733
0.10895449500928617,0.204183933234392,0.07802799648250965,0.02242858288079611,0.10011895050032144,0.10632053085680411,0.09460960731949258,0.16221885788642418,0.12313704582997372
0.11982227405758872,0.08569748411733961,0.07079335080645312,0.05851169893213143,0.07906094324152149,0.1503402896946706,0.18469488014898452,0.11203248079311652,0.13904659820819398
0.12036631982271251,0.08235470601349194,0.0707904249488251,0.08747362418029712,0.08817462276299165,0.14243149539214425,0.17210354394257524,0.12658711767717548,0.10971814525978672
0.06157047825982951,0.12784496686861424,0.22085333479821082,0.3287507952154714,0.04216411059143982,0.05032103012718838,0.037497689476569465,0.06294309781691819,0.06805449684575819
0.12747548004435547,0.0847367992092866,0.07198402263775557,0.16958582606422012,0.11734624734226529,0.0953387016606247,0.08812433305850614,0.15326482685277112,0.09214376313021501
0.07733978156352332,0.04745861868377216,0.48842226608223843,0.0041737690017075585,0.21697005675287917,0.00023789396350391896,4.4733344164109316e-08,0.03086603939189748,0.1345315298271338
0.11937583513458315,0.08471482115769513,0.07066245916472093,0.06163675325452405,0.08030933351882973,0.150442333556032,0.1875327926187115,0.11418008822379709,0.13114558337110638
0.08330446854069841,0.05792010000616841,0.04259424433972244,0.4189085927506105,0.0573276587583337,0.0881014556843207,0.1051024579708776,0.07270482584039266,0.07403619610887567
0.11226530007489972,0.16974140897539428,0.06965285484208213,0.10315573776925586,0.0859066374157167,0.11018933697868372,0.13159132644612567,0.1299163342487815,0.08758106324906034
0.11930536076793725,0.08623999615721585,0.07153495848914837,0.0522186711113759,0.08068518871482082,0.15811667681810143,0.19052041630224936,0.11259646398938333,0.12878226764976763
0.11235104831966308,0.08130551271044252,0.0778257382309069,0.042660359042376896,0.20502002556118107,0.12669247005466078,0.1156506409520628,0.09269910564350425,0.14579509948520172
0.12153337778762048,0.0820365202636395,0.07089851675654456,0.10445746532110696,0.09286730362215934,0.1356992921380568,0.15598412556896432,0.13283390564148023,0.10368949290042788
0.12038698058186988,0.0767658233799656,0.06654795305717336,0.1696377157853649,0.09807660878795081,0.11196944025817596,0.1202420401867746,0.13978800801306313,0.09658542994966181
0.12520645721080478,0.08546423059882842,0.07344874214364795,0.10943778167869994,0.1021561364145162,0.13003635773869796,0.13468801656887475,0.14166318098865924,0.09789909665727077
0.12776644886538854,0.08398956338226186,0.07271572684765837,0.1617719383131925,0.11670106643335054,0.09946973053348973,0.09189626688522473,0.1533624506103544,0.09232680812907924
0.11930359183595658,0.08695944492379966,0.07140022733716804,0.053757324736507295,0.08101279032695109,0.15655722005379144,0.19022648705361947,0.1131769310192537,0.12760598271295268
0.11229785998936005,0.12095594975537438,0.0997677836320859,0.05439674753660003,0.06489431010529569,0.14335358776264087,0.15750722708576212,0.11734752582870034,0.1294790083041807
0.12688800487498944,0.08500126022909156,0.07182122936527804,0.1664138211865034,0.11567328985616797,0.0973283087926362,0.09263459478200546,0.15210264082855826,0.09213685008476959
0.11829452992577394,0.13271630787218383,0.07678358472541726,0.03339990934189425,0.09599613663705524,0.1274471431452953,0.1432453225471182,0.15509768132525037,0.1170193844800117
