0.07984276303177167,0.08682867029213852,0.08513825896991678,0.13270783969526379,0.09553760636178156,0.09870547252620675,0.23572480628507408,0.0943194325287429,0.09119515030910401
0.06922092336634993,0.11295504665327939,0.10222313033854542,0.11811455725546005,0.10835874123485324,0.11079229695104771,0.1555019875862729,0.11673187204194517,0.10610144457224614
0.07338301727376845,0.11146036688882173,0.10276678980375582,0.1138792492332333,0.10953389028660343,0.11215772601659578,0.1498285382715769,0.11986196731323945,0.1071284549124052
0.078643808070729,0.12061382704105611,0.10835204601514027,0.09408775098656864,0.1162425839229534,0.11967363059776552,0.12088181080503806,0.12719230472710943,0.11431223783363946
0.07688645818827916,0.13350858499511586,0.10915273559607919,0.08073729886157173,0.11982625524282044,0.12194020826870307,0.10717812011096099,0.12541049973268215,0.12535983900378744
0.0683602154084214,0.11718991922943045,0.10418469424060867,0.11303116004131238,0.11009289173648379,0.11261628127581713,0.14897851252629837,0.1179585694614953,0.10758775608013244
0.09881649684469825,0.13232002908265408,0.14425995881266826,0.0649781558775711,0.12200483167102916,0.11759057433595028,0.09248322598493153,0.11384514974368698,0.11370157764681033
0.08653087214725697,0.11597537589680727,0.10866427678652196,0.08565052156411378,0.11735539265052057,0.12009342560310843,0.11098187830471097,0.13626850059342394,0.1184797564535361
0.06566804024879637,0.11301983647197171,0.0983772343314701,0.10165775908842234,0.1044365625577535,0.10809220909541865,0.20093687134846258,0.10578515211826407,0.10202633473944062
0.22338986786105175,0.047645036842382756,0.07134673552277825,0.0816936336217831,0.08731740935782435,0.09471615592571649,0.19544421158939784,0.10716041344691517,0.09128653583215039
0.15593364544995789,0.0379111869560952,0.21996258648939027,0.020910928259072436,0.09011393903238148,0.06269000888837765,0.14085875364299213,0.10963600245288613,0.16198294882884676
0.06909096707162937,0.11258570727015475,0.10220119368592508,0.1188213767626075,0.10790084587356358,0.1101630826771008,0.15735684866575297,0.11599436348611131,0.10588561450715457
0.0723866072953765,0.12143811958062689,0.14271639767130487,0.08681502837542321,0.11700279481722854,0.11265254989064626,0.12191459930900343,0.11990588299427242,0.10516802006611792
0.06438607668601887,0.13633765608122736,0.1116053018235789,0.09251147685706929,0.11714883017346782,0.11968785568297359,0.12202331116009095,0.12179218028814887,0.11450731124742436
0.06434557622560354,0.17422230198025956,0.11411518166073309,0.05304245924632386,0.12887246587919185,0.12794644701603033,0.08854283213337903,0.11039079041806443,0.13852194544041424
0.06384682183557926,0.13426293068171344,0.10649581686307912,0.1017562014304743,0.11738430422465067,0.11917184068517439,0.12203542086186829,0.12064075663144025,0.11440590678602025
0.06708974901030933,0.12345418629283082,0.10687868662589084,0.10591039631316586,0.11254881734093632,0.11514643660607109,0.1396231973702785,0.11953903443409786,0.10980949600641932
0.06651521196653883,0.14748363066630943,0.11483677646630756,0.07387630645717969,0.1230643921258891,0.1253332069884281,0.09979505188044058,0.12516355009965396,0.12393187334925289
0.10266790098334701,0.11383657563332449,0.10783153759668258,0.07140821383699042,0.1209152657560233,0.12468301837292582,0.09513199309279152,0.13638468510822058,0.12714080961969426
0.0783069213630714,0.10691043936171868,0.0999857677013103,0.12193317874884924,0.10825209678766694,0.11285301911869583,0.1519348196794005,0.11393897990874469,0.10588477733054234
0.08929345707537106,0.07857155168517407,0.07978427086123988,0.14855050920009175,0.0972280253046612,0.09915346042094597,0.24278138473678026,0.06729331502815514,0.09734402568758062
0.06732047261789219,0.14436934388645575,0.11403845301370102,0.07636997689579574,0.12223537376549094,0.1247941125023021,0.1020100000743001,0.12590074936256798,0.12296151788149418
0.07563215150823759,0.08602462173674612,0.08719906251185207,0.1570217284011547,0.09629212160405907,0.09727179662163239,0.19670496685872074,0.10641540065491523,0.09743815010268216
0.06812679314881276,0.10871303368467093,0.09655149817650349,0.1339537439302807,0.10611458829893929,0.10717018891988712,0.1633284380809761,0.11178739291671881,0.10425432284321069
0.07071549338200173,0.1275668935657461,0.1451985593586398,0.08154542093393945,0.11908102386209445,0.11457735031164216,0.11348634620394475,0.12052164928194757,0.10730726310004396
0.06689746634368256,0.11259637672871325,0.11797434001593343,0.11579464380420136,0.11379169819863015,0.11989210432618524,0.129010694615212,0.12029806404684784,0.10374461192059407
0.1901927358670122,0.025249955690482755,0.21215069804756248,0.015590925970385153,0.08462995825425774,0.04843397221847956,0.1340085223006728,0.11667476941848481,0.17306846223266256
0.0658656431540632,0.1383654100486622,0.10540978571901889,0.05480982948173888,0.11841409898438238,0.12210408789329451,0.1656682130184686,0.10358211851775116,0.12578081318262024
0.08303265911059142,0.10895220716065807,0.11475411536008868,0.10212735118974393,0.11389859726275375,0.11214190450869659,0.13864139702010467,0.12305588593166765,0.10339588245569531
0.060657524096774385,0.15043516548387548,0.11634823919421002,0.08095884095094796,0.1203815813377511,0.12217976940633705,0.10922361951884334,0.12060750016592958,0.11920775984533122
0.0734110357574103,0.12208316232246459,0.10743541529046892,0.1016674591822213,0.11416842515321061,0.11727968909840093,0.13094749658375818,0.12420246355097038,0.10880485306109472
0.22385977004343563,0.013274439319043098,0.19063229384283012,0.011439091399150997,0.07455949675964714,0.0375097899539158,0.11700741154066631,0.12707441228296534,0.20464329485834554
0.06043832745108846,0.10186048625092829,0.23701176628955434,0.07523454267124305,0.10292784823448263,0.10171685664983421,0.11973632933707883,0.10466093838359752,0.09641290473219266
0.062032385421211374,0.14666071176820691,0.11453149943088435,0.08272151414468186,0.12036844930978798,0.12264392832847774,0.11003108258314688,0.1224357096667033,0.1185747193468996
0.0730789862860769,0.09813226648407603,0.0940758096294944,0.13632816154633787,0.10249065337862094,0.10483679842442885,0.17413234425773982,0.11386475100639049,0.10306022898683485
0.31824568610345366,0.03680061407275428,0.0614498692006552,0.1254200277226499,0.07458501142082086,0.07960006956065623,0.12300264941666232,0.11614957252712332,0.06474649997522434
0.07000867651566167,0.13444336511861976,0.11196640653305151,0.08663351222842712,0.11903874629485327,0.12192679738023308,0.11320671450440345,0.12548932227473106,0.11728645915001919
0.056808222558830994,0.16325908520672924,0.11251179221682917,0.07197633277012226,0.12598033174021445,0.12631601333100093,0.09511983618592197,0.11958084352189181,0.12844754246845916
0.32920288005838133,0.0465758891036798,0.10826366309757589,0.08839242596937547,0.07797410424614964,0.0751331529815062,0.1403818977659039,0.06557635961525675,0.06849962716217102
0.06976380039032497,0.11031297418196488,0.10094301511320952,0.12140754513029693,0.10724885285879222,0.10960940631608447,0.15962686489333677,0.11590600903459254,0.1051815320813977
0.08379573700251397,0.10508399693729024,0.10058803838749082,0.11820229785625348,0.108331334283966,0.11210106859740286,0.1473662575149671,0.1227696278364228,0.1017616415836927
0.06518215296534481,0.13264158745650356,0.11036553508121533,0.09620462496918246,0.1158941126639695,0.11847903234053951,0.12680407746434125,0.1212956191686075,0.11313325789029605
0.10929536619221884,0.11112306677862739,0.10169325994118249,0.0820624784883214,0.11869427359873336,0.12270634267645797,0.0992372935939575,0.13053386684109944,0.12465405188940165
0.06282877497344776,0.1436485760135955,0.11369391604632943,0.08563002938555098,0.11968709430734077,0.12207404050530683,0.1132608761096046,0.12244765750540844,0.11672903515341575
0.08098368756261741,0.10414437833470364,0.17657192659716645,0.08251640394728808,0.11421722385352585,0.10731066090399216,0.12356508487586555,0.11529491110390572,0.09539572282093522
0.06420159306622175,0.14637993156449713,0.14348227509426079,0.07191570427907017,0.1254450374835666,0.11902569346982543,0.09514766491608613,0.11844603603435115,0.11595606409212082
0.07010720609876597,0.13369900959038217,0.11173607701227488,0.08751769178359144,0.11874828668382781,0.12165220172414072,0.11427617206031575,0.1253693253311087,0.11689402971559255
0.08219656323236446,0.14581783458488395,0.11111856184477865,0.06046086774265663,0.12674525395814853,0.12799361036207083,0.09034175394004777,0.12670532057219971,0.12862023376284945
0.058011292709667574,0.06436536418759829,0.05085807276370898,0.3245547203325945,0.09949336546645553,0.09126478916054793,0.07586878276076807,0.0635718203715714,0.17201179224708774
0.07587085789669289,0.10040962626166823,0.09280167498565506,0.11597447079928525,0.101657809011154,0.10718549545394769,0.20688970383917993,0.10085468883117925,0.0983556729212378
0.2499299052007691,0.008306099735223995,0.1584960743995908,0.011196748021537863,0.07126339350252417,0.03414347002813454,0.11519398160729044,0.12334797688431177,0.22812235062061728
0.08815888259305121,0.1251875290599702,0.1104610909438624,0.07215137283748053,0.12237911836132931,0.1254183559164275,0.09669163549640969,0.1333833841742322,0.12616863061723707
0.09465434739144644,0.07897855607072117,0.0942050748903119,0.12319376238462354,0.09673595316239797,0.10287047419389457,0.20639584453082338,0.1160611950066428,0.08690479236913821
0.0703156565579032,0.13420939348874794,0.11193599977480113,0.08649679773569963,0.1190753681712464,0.12198132781718989,0.11298051856615542,0.12564243889639706,0.11736249899185928
0.09124888642034423,0.11018423642734661,0.10378649525055413,0.10668496506661451,0.11245352588023334,0.11724379259607354,0.12768238383885566,0.1293970736458033,0.10131864087417465
0.06334662945749542,0.14101239955386322,0.11303178686590026,0.087989753760628,0.11865879606279826,0.1211045263768712,0.11633228256232554,0.12222743195201154,0.11629639340810659
0.07563215150823759,0.08602462173674612,0.08719906251185207,0.1570217284011547,0.09629212160405907,0.09727179662163239,0.19670496685872074,0.10641540065491523,0.09743815010268216
0.059051267916039395,0.15866874411665924,0.116412740629605,0.06728146451467124,0.12670378184180672,0.12638016854480716,0.08937252845136094,0.11566830103296277,0.1404610029520876
0.08805661708857764,0.10240035583097655,0.09811831959440832,0.12578074770858902,0.10707707154420117,0.11264712738028441,0.15384454663684236,0.1107507416278233,0.10132447258829728
0.07472433348404077,0.08359980095008208,0.08345578874940261,0.15389057348852506,0.0933345598918288,0.0944209386389166,0.22619033414817413,0.09698200501715208,0.0934016656318779
0.0923898160981907,0.08907660710519545,0.08313395550369025,0.11344445758608955,0.1068643269247503,0.11010284173422873,0.24830878529798725,0.04653911325700121,0.11014009649286662
0.06011593688309125,0.13840325637756645,0.1083823356868116,0.0765791455170578,0.11398133552048707,0.11777156392801989,0.16278055741975364,0.10977543239830694,0.11221043626890537
0.055017594520118195,0.1718045519793343,0.11705441771498286,0.06048722081295125,0.12678749828439814,0.12687204117047055,0.09068986311988796,0.11700226220884913,0.13428455018900756
0.4304643408668494,0.030062227415154675,0.0597903381674208,0.07129625597462948,0.07259614528730564,0.07756329970635967,0.07037100006083001,0.10831087150365408,0.07954552101779622
0.07880276704592497,0.09078880618084528,0.09617796136683114,0.11340497407223671,0.0998459098788923,0.09778996408265161,0.24431323733820612,0.08520372366083484,0.09367265637357702
0.05957439638426545,0.15642456816050923,0.11647138311101583,0.074010638123365,0.12304172215889286,0.12483663746773992,0.10075512433032834,0.12182107942481034,0.12306445083907304
0.06023128584716678,0.16520877821621208,0.11394759778663055,0.056434683385732015,0.12801858852055642,0.12738639992951473,0.08947416724601409,0.11709141072683853,0.14220708834133491
0.09214176536642887,0.07132608173554851,0.16016991643487974,0.13790761994725756,0.10587451955206195,0.09640088663929698,0.15161946643299554,0.09950502959740425,0.08505471429412664
0.4163812295061422,0.025410163623960296,0.04982413312609404,0.1337579849573446,0.059681715698294134,0.06581704138129756,0.09072444549821713,0.11401318624911462,0.04439009995953543
0.06714656984621951,0.1231753015530667,0.10676410485224085,0.10621807367971647,0.11244239264281675,0.11503815422797908,0.14003049647393442,0.1194749329713446,0.1097099737526817
0.08527081961161821,0.12241579676526097,0.10994175163912319,0.08213164695331378,0.11967041421147727,0.12331825271454006,0.10572435276476418,0.13169897233955422,0.11982799300034803
0.060296142009551586,0.1154110757056448,0.07918131427722745,0.17996056785959555,0.11340149752521296,0.11070423069960937,0.12315417866698232,0.10783619368295351,0.1100547995732225
0.12084025299589318,0.10760149745104786,0.11001185485772824,0.07161191791796694,0.11811646734027682,0.12127715319518502,0.09472324093423638,0.1330205157453652,0.12279709956230034
0.0675845882031247,0.14392007342804983,0.11424377795210665,0.0771881444392605,0.12205772621004725,0.12455520337991971,0.10290952827254184,0.12557504845269177,0.1219659096622578
0.06058013605638363,0.15255442157705565,0.11581029273305053,0.07741402156114946,0.12202247445698187,0.12404104930555165,0.10417720242118449,0.12222962666132982,0.12117077522731284
0.23442105204109964,0.011116662136929483,0.17557978906030536,0.011803915573756499,0.07268207609192077,0.034296952698932834,0.11671100899070996,0.1267747171194132,0.2166138262869323
0.06359493920394439,0.08311313412924783,0.060370026968984296,0.25083332828323307,0.09781639766823129,0.09353860639498901,0.15989262277534944,0.09123961816014757,0.0996013264158731
0.06814989940941309,0.11822865165523604,0.10464867488887451,0.11181883653736378,0.11050939255833199,0.11304985327033105,0.1473999426313132,0.11824047767647716,0.10795427137265917
0.08150398802578422,0.11160906355183697,0.1048077058489336,0.10385091632538553,0.11275503892527967,0.11623987573340487,0.13322595208388263,0.12540711548142036,0.11060034402407215
0.06379078932378725,0.1212222172432475,0.10183420986989046,0.09181124183363781,0.10766382137643343,0.1116715931303569,0.18952615465690084,0.10755342256879237,0.10492654999695339
0.06564427673865696,0.11308744955679628,0.09839929052911484,0.10153290361423628,0.10445425660204138,0.10811561231742998,0.20094641961063056,0.10577444636874266,0.10204534466235105
0.07765891699466466,0.12146688351469277,0.10847321993146215,0.09295233077051246,0.11654914792592691,0.11981492768264161,0.12003531869616646,0.12797664045927049,0.11507261402466251
0.07325178749757245,0.12089531523139098,0.10728183221730907,0.10097679304775854,0.11412462842577076,0.11719318167581726,0.131231731409544,0.12340996363870745,0.11163476685612948
0.07856383478618635,0.08768150187319795,0.091811313132189,0.1112381095850839,0.09805117586612272,0.10468321107734928,0.24333994479014665,0.0921114618191271,0.09251944707059707
0.06905364856612141,0.09895474148094906,0.09130214522730672,0.12200645315866149,0.09874050042177825,0.10164572272062139,0.22310485991868267,0.09938937843561063,0.09580255007026837
0.07347696628479557,0.11791084936098734,0.11711862105440901,0.10043092626766674,0.11924616782172026,0.12355174220040498,0.10491439766537443,0.12138932133283509,0.12196100801180665
0.06627669608522274,0.11234732467176613,0.09441934047788247,0.13851698753184657,0.10830509212366006,0.10882485615019899,0.15368956125912164,0.11177385927706666,0.10584628242323485
0.06921229044152984,0.11375316576503841,0.10248244104418565,0.11668829229842737,0.10885711339054956,0.11143094763768174,0.15304122308388504,0.11758081482102105,0.10695371151768134
0.13789505756060896,0.05792014095364054,0.2194841273698188,0.03087797536097861,0.09418330520359908,0.0782535226172424,0.11784051705819854,0.09716627999401985,0.16637907388189319
0.073053851987181,0.09371412819720644,0.13664168469339225,0.08352347035023334,0.10009159876005103,0.101293640410324,0.22513068942864065,0.08670660056426849,0.0998443356087028
0.058896988100463434,0.0677504180276805,0.0478274675986615,0.32727715207363456,0.09231916811572488,0.08381955782032885,0.15067701255671687,0.07335656339988489,0.0980756723069044
0.07194742861519442,0.07730195912574236,0.22654117874144677,0.06268114802144632,0.09595642302951098,0.09233203252974166,0.16867009365492,0.09971404555554308,0.10485569072645436
0.07114025868837777,0.1294118384642852,0.1698182795873806,0.0704809593307337,0.11951666490196182,0.11592693857924002,0.09737159854969983,0.11738522794735762,0.10894823395096344
0.06405025981340934,0.1378673383776324,0.11208982547109442,0.09101435678484143,0.11765242567792085,0.12016536880438106,0.12011585395980477,0.12195914956027872,0.11508542155063696
0.06761268875545247,0.14277680696111916,0.11374783660047638,0.07819961706615015,0.12168280870254278,0.12432877430334642,0.10383469677855167,0.1259213848251224,0.12189538600723863
0.07389852621616279,0.09216386839515604,0.09100595140609263,0.14701492444939163,0.09915548673392206,0.10061892411872343,0.18784246174590655,0.10911047279842766,0.09918938413621721
0.08553246112266348,0.11770766843668644,0.12593690380039854,0.08498514647192666,0.12326117156481046,0.13136921888015698,0.09043664554910669,0.13320205400155338,0.10756873017269741
0.10771880627339851,0.08488748514828785,0.10508458121551516,0.11486045251230692,0.110492853012522,0.11504811639786834,0.09633446844844958,0.10328463259368043,0.16228860439797113
0.06357470562192813,0.15598198027269872,0.14153878423006405,0.06207446927176733,0.12380016833075758,0.12149291343982777,0.09134564592233163,0.1185135994349813,0.12167773347564358
0.0741663122998853,0.13195233192869618,0.110607429019201,0.09206985795849165,0.11846393526871596,0.12357182562963387,0.11517745274306569,0.11896777595741219,0.11502307919489828
0.06064493499485338,0.1536397737024057,0.11659231568141835,0.0733221674681505,0.12527387732693082,0.12554279727081938,0.09233380452776857,0.11692477081343412,0.13572555821421914
0.07092657131648772,0.1270110816907332,0.1105007857014334,0.09592029700635801,0.11494341180708323,0.11744234325045065,0.12755545162853718,0.12187732412270443,0.11382273347621218
0.07951719614750664,0.12629772195096822,0.12343958442619653,0.08251375972566313,0.12143066147624464,0.11905082035638302,0.11074181437910602,0.1269088615350764,0.1100995800028554
0.06966973954531305,0.11076842349523652,0.10116675014969778,0.1208329111741155,0.10744164729492667,0.10981573880697248,0.15891355364365864,0.11605159079777343,0.10533964509230587
0.12441336743662061,0.10412007714424297,0.09972919781772399,0.10421423485402093,0.10793052269023291,0.11041358175853667,0.12336014897617238,0.11379772360671804,0.11202114571573145
0.07685571745859887,0.12934798543104334,0.14718231463883383,0.07083415530100659,0.12457627493218493,0.11823728433403648,0.09020575030438673,0.11833310151583072,0.12442741608407844
0.06779951157935683,0.12033781281415283,0.10550915071023836,0.10960044407384058,0.11153909737535395,0.11415019403590355,0.14413694242390787,0.11884215207266781,0.10808469491457828
0.28259382081676776,0.024052971709833806,0.10172073158964001,0.09630676878315854,0.06754417612045567,0.08243727760326683,0.12627057765880123,0.08694252350960363,0.13213115220847255
0.14223853117646124,0.10269049733519509,0.10846803499278417,0.08242837309349109,0.11568730045552722,0.12423155869438328,0.09029386542293467,0.11283616399317194,0.12112567483605131
0.10938870930429463,0.10267485978718605,0.10086004125326642,0.09478134475908444,0.11404544172723463,0.11940475520730658,0.11568587829115869,0.12547083635004294,0.11768813332042571
0.5608739792303737,0.014717917236176605,0.05430032340480068,0.04693825518365411,0.05916817998732132,0.049405264351977236,0.052052188282803113,0.07478153475906703,0.08776235756382611
0.06592849126246174,0.12909528373557044,0.10908675193310496,0.09985677217873899,0.11464047041201249,0.1172472688071987,0.1316048360963601,0.12070205548575712,0.11183807008879548
0.08538477734095551,0.1252191001739663,0.1106185988624031,0.07734838053975421,0.12109366972003353,0.12457569930225608,0.10103238501636753,0.13214852672873154,0.12257886231553228
0.08527509358018014,0.11905844441639037,0.1557497871253313,0.07878332843555537,0.12289557488315418,0.12226242717368634,0.09405427103853593,0.11710745243270769,0.10481362091445867
0.06630615532032098,0.148529474229425,0.11496782611951722,0.07269930176469283,0.12341171764648222,0.1255968182127075,0.09874142575047634,0.12503798072571326,0.12470930023066462
0.12180488336271807,0.08021988496957888,0.08498854661348045,0.14437010386184512,0.09734232080437473,0.09882307436569478,0.1658884358211627,0.10556940304583923,0.10099334715530604
0.08831899394318647,0.09953844926861609,0.18098176755242237,0.07528554070663342,0.11272010821793232,0.10610520330877093,0.1309581664901378,0.11553826701586843,0.09055350349643226
0.06160940199872941,0.14299975140035073,0.10947805675406208,0.09362725493673196,0.11962398770757754,0.12095659150600561,0.11410275084705064,0.12022194340540647,0.11738026144408552
0.086916785644376,0.10126199881540605,0.10213338428032659,0.11893577698700508,0.11219430614188645,0.11485360482380487,0.119106375189645,0.11728480711978728,0.1273129609977627
0.07053423295625923,0.13246157487388588,0.11138423111828928,0.08859909802028076,0.11838317901929434,0.12132367801672021,0.11553787792074709,0.12533988093764256,0.11643624713688072
0.11538954444590854,0.07517987286041525,0.09339115167046323,0.10700881589179213,0.10585659929887885,0.10751546906334071,0.08441419657509236,0.08375304873380195,0.22749130146030697
0.07436621606105069,0.09041570470618465,0.08994474390609734,0.149791008716599,0.09834394754605306,0.09967999256970499,0.1904279984437127,0.10836192030399387,0.09866846774660372
0.06841586039262726,0.1176346121460894,0.10426152915902076,0.11205548831406124,0.11043606344733471,0.11308315269199125,0.14711221046780912,0.11867529187615088,0.10832579150491535
0.061103503307746755,0.15047235089569458,0.11539411398653039,0.07926968694401823,0.12145278400756647,0.12357254448183204,0.10615814686550312,0.12235621713785205,0.12022065237325634
0.07117569358403532,0.10364627727995429,0.09752326000100332,0.13017369238143253,0.10436181648888342,0.10647678935914051,0.17011816919058875,0.1136281609960988,0.1028961407188631
0.09522628491974118,0.1389721408199993,0.10994698761003652,0.06764932105700093,0.12521229095861697,0.12937003917536274,0.09205862476948813,0.12030309886283364,0.12126121182692058
0.13746922979778567,0.11657234049615835,0.18077920685379575,0.046522108453422494,0.11675160866071753,0.10838134313322756,0.08141554689272089,0.10115468951498714,0.11095392619718471
0.05655078751370035,0.16085142946547995,0.10752039784837948,0.07886632940928466,0.12663177442830745,0.12618724836989595,0.09592340501939683,0.11907892268071874,0.12838970526483653
0.06493801906104403,0.08527086299986425,0.06561335941442804,0.2370540975431469,0.10027044706895077,0.09756259677567387,0.1478718459798116,0.09346357289963154,0.10795519825744894
0.08612431573051438,0.10698226106959302,0.09918489804177828,0.0905935118500407,0.10925418916072087,0.11598936291228114,0.17492449432343224,0.11069030241030253,0.10625666450133686
0.0793237554861188,0.12023461148490988,0.10353963268591056,0.09912373983664695,0.11848648521110332,0.12069660446518675,0.11373115699033676,0.12824964233859212,0.11661437150119491
0.07563215150823759,0.08602462173674612,0.08719906251185207,0.1570217284011547,0.09629212160405907,0.09727179662163239,0.19670496685872074,0.10641540065491523,0.09743815010268216
0.0596146480755716,0.15627295606754746,0.11644840672027289,0.07414301487627452,0.12300271010503445,0.1248073575219596,0.10088272059524656,0.12184162375266232,0.12298656228543052
0.05950794660066252,0.15697670114005965,0.11649227106257128,0.07360373578890178,0.12338294201988663,0.12514484850847588,0.10026033792173002,0.12181455685882325,0.12281666009888907
0.067574328896034,0.13890508249307387,0.15105035557036395,0.07155049498314899,0.12260913040240928,0.11717416765156952,0.09953191976803545,0.12002694102518115,0.11157757921018374
0.0673648872170452,0.09772506652626357,0.0799749989905079,0.17784738071312578,0.10368321991830098,0.10331583486819107,0.16106685101773008,0.10672800011009025,0.1022937606387452
0.06962246034730409,0.1117682454416582,0.10153591823899949,0.11913319275344013,0.10803111298885186,0.11055689606420266,0.15611413740379823,0.11698139588972191,0.1062566408720234
0.06979261238899287,0.0932770405618783,0.08217687083230939,0.17190784998347253,0.10051939867749154,0.10051424371890344,0.1772194701782792,0.10528388597500925,0.09930862768366354
0.1113193693037392,0.10871085000991239,0.1103083582680302,0.07313363521209176,0.12080672597249588,0.12421106071100978,0.08755834761455049,0.12211868337223457,0.14183296953593572
0.07563215150823759,0.08602462173674612,0.08719906251185207,0.1570217284011547,0.09629212160405907,0.09727179662163239,0.19670496685872074,0.10641540065491523,0.09743815010268216
0.07591591563729509,0.13606816952180611,0.11231934474419614,0.07434831785619517,0.12272138809000566,0.12569514728548625,0.09910185464479326,0.12951889612109285,0.12431096609912952
0.08732724759295662,0.11752491445110634,0.10855905045246354,0.08710032564816676,0.1179640009008025,0.12180298554502245,0.11087682237613648,0.13151890480651265,0.11732574822683266
0.0646127376493793,0.1352950851529651,0.11126539475862247,0.09354212913186354,0.11680031991801983,0.11935471874771046,0.12334767301530003,0.12166522619091609,0.11411671543522307
0.064621616988535,0.13038562788831032,0.10509421703205374,0.1062571917558703,0.11601192439615837,0.11783328810180214,0.12686559174963186,0.1199957945755739,0.11293474751206445
0.06397967743019431,0.13818652965740633,0.11218877653764935,0.09070416352997501,0.11775634419215941,0.12026330843141005,0.1197232868887097,0.12199103852609856,0.1152068748063972
0.06746350143172421,0.13936236172737115,0.11326561390182359,0.08301143475677657,0.12022110562972003,0.12265410175386145,0.10987405499974118,0.12545339639384542,0.11869442940513646
0.06980813792032303,0.13516092865179927,0.11139218054406973,0.09185189534149801,0.1171012318833488,0.12005154879847413,0.12057825466417228,0.12193828359647214,0.11211753859984258
0.07717176817638134,0.08905647687130018,0.08592751324111857,0.13091496395653893,0.09650293178070064,0.09931455200390005,0.24036446493332456,0.08858633384580632,0.09216099519092935
0.05945180762497593,0.14409915792413203,0.11863033161847046,0.08718438434062424,0.12443928742199839,0.12749998408102645,0.098605679579304,0.12239983098401586,0.11768953642545267
0.06009627311575202,0.150826772077905,0.11076701796912325,0.08442113712751391,0.12267856609332123,0.12391857080908268,0.10439726959277064,0.12149328510929362,0.12140110810523759
0.066867995612851,0.10704737262375026,0.09301354773195925,0.10060882381929363,0.10176807309199214,0.10660782144562492,0.2410172608014396,0.0846030044083838,0.09846610046470546
0.05999649801253213,0.1548211269285917,0.1162160195062011,0.07541426427816886,0.12262544814779397,0.12451910241007412,0.10213141255700604,0.1220190813595516,0.12225704680008037
0.062209933019608504,0.15456515951992245,0.11139097297198454,0.07877009998502607,0.12457693278958802,0.12644673985315946,0.09860021866959683,0.11898731430977473,0.1244526288813394
0.0811309784335327,0.0905575126908122,0.08440907660148782,0.13183181775632302,0.10306093717487108,0.10553891919388358,0.24522476880521105,0.05211606060194132,0.10612992874193718
0.07054465366040656,0.12209487394654804,0.13774234524005774,0.0940769091147131,0.11709550827926209,0.11208752311311414,0.12268101208927727,0.11746686942981789,0.10621030512680323
0.06511526304675848,0.1319056465329844,0.13065323268661402,0.0880940694882784,0.12394631525556632,0.13080038162390603,0.09438627917700036,0.12538359418344033,0.10971521800545166
0.08024550048434347,0.14278421710942701,0.11824775000192835,0.07162466835921429,0.12594419836500997,0.12329262861421092,0.09510910403279466,0.11667378534732965,0.12607814768574166
0.22069928706419914,0.07333678826871858,0.11144176689429945,0.06967538162334733,0.10840859723657759,0.10742683662384693,0.08507884300377849,0.10875158144994533,0.11518091783528715
0.06110226224484986,0.14677659430813927,0.1100662055919674,0.0883370421626023,0.12144833277699608,0.12290440898104237,0.10823483454705862,0.12161754642521094,0.11951277296213314
0.08077842546201665,0.11027087903509235,0.15825667526091666,0.08090235561945011,0.114893651531628,0.10909653919278794,0.12977938760196717,0.11878341304387828,0.09723867325226286
0.06559790182522661,0.15023365639457875,0.11519315971937842,0.07146074548230134,0.12378182866492692,0.12583881204244582,0.09772317091729042,0.12465164404766364,0.12551908090618813
0.08711221223699432,0.12165402997913215,0.10872170336772286,0.08964065979318293,0.1178617479407451,0.12224302862826349,0.11056395596692258,0.13183097807053254,0.11037168401650403
0.06988863039817056,0.11181628460074938,0.09928969816129907,0.09659168107717724,0.10599043428743649,0.10965621850001049,0.19359812465688683,0.10991997085973491,0.10324895745853503
0.06281996294216376,0.14331167910451892,0.11367285226683782,0.08582120317727726,0.1193698210154663,0.12175429004216672,0.1136886083525706,0.12235641450079134,0.11720516859820729
0.07481543348710155,0.11349154521554224,0.10407234499121104,0.10969341823931038,0.11106136626260969,0.11406515575081921,0.14274237969606607,0.12139287661846894,0.10866547973887092
0.056959714646608865,0.04358837190450324,0.044577856687040396,0.40733552547588214,0.08643265780606818,0.07249408905882268,0.1198118145816926,0.054403628640170766,0.1143963411992112
0.27747906013309515,0.03205506187721379,0.07767470772298973,0.11889655283192917,0.07406335328590667,0.08174073752510681,0.13436074034962692,0.11762851839682835,0.08610126787730342
0.06765928146983109,0.12065127016601447,0.10570425765716718,0.10904118595693256,0.111466669234404,0.11403953351081368,0.14375808115392577,0.11886776877076784,0.10881195208014345
0.06978656410938737,0.11020291672679865,0.1008887594997363,0.12154684770754026,0.10720217497148775,0.10955939670768856,0.15979935299755163,0.11587063138487023,0.10514335589493921
0.07218582242218223,0.12580070011198363,0.10897288150651785,0.09510536442992372,0.1161312377045678,0.1192855419187157,0.12324446571370722,0.12497069370877778,0.1143032924836241
0.10343020897279348,0.13145780969924162,0.10907027444367767,0.07275222871172872,0.12347649243022424,0.13539633767556872,0.09242265189777911,0.10984511030864384,0.12214888586034267
0.06389298366936753,0.1385774634932387,0.11230894697940452,0.09032526585753349,0.11788307147460436,0.12038245758656263,0.11924508616942153,0.12202868497765314,0.1153560397922142
0.34401402301070366,0.04704663004225266,0.06699332909877541,0.11289840104262733,0.0873698888341069,0.12396922444920326,0.07635831212042636,0.05818004919625595,0.08317014220564846
0.06319759039460598,0.14166787835228248,0.11321870924571091,0.08736800631404627,0.11886361783076128,0.12129295778146015,0.1155678767715737,0.12227014624019693,0.11655321706936232
0.07485695178318363,0.08492466228077884,0.11608978570106326,0.1440513262425613,0.10468139850680915,0.11393436727429114,0.14862157738111875,0.1140170519369147,0.09882287889327916
0.0699881416895719,0.11984713001299652,0.10178977212058726,0.11687129820142507,0.11278470172161982,0.11553707510427869,0.13721336412440552,0.11634543927484055,0.10962307775027465
0.07841070944118105,0.11565633238830549,0.09682449485053886,0.10930203989205763,0.11123537723247996,0.11136339252544954,0.13674230669356383,0.11742079704657045,0.12304454992985321
0.0858560960024146,0.10965989175339401,0.0943865913250266,0.12131372504201043,0.10934067631152579,0.1105963190090213,0.14350259156813353,0.11410880924518484,0.1112352997432889
0.0627583517166987,0.15865609327995203,0.11548729287410252,0.06367759240125449,0.1259974499443179,0.12706691094963854,0.0923081590950026,0.12190979975233025,0.1321383499867029
0.06104109229666055,0.14652481657977845,0.11003770038692122,0.08957770367788094,0.12125541457059404,0.12258244656143091,0.10934625754212769,0.12103638634812829,0.11859818203647793
0.08877433441503706,0.13045990289214673,0.1082076488210687,0.0593240393776944,0.12584439070589948,0.12703555084505977,0.09045891096544685,0.12851012325374803,0.14138509872389907
0.07186459391991291,0.13641304764864767,0.11233157464650019,0.08478295868781906,0.11987802003378419,0.12307688577896081,0.10921723577659714,0.12685746186480107,0.11557822164297699
0.07402757585189747,0.11841434958471468,0.10607084262619047,0.10338849879635593,0.1134607849831394,0.11666699925685521,0.13363761210921796,0.12351656902305452,0.11081676776857442
0.07125740747457449,0.1461585859604186,0.11377236527436141,0.06667938509747574,0.12496100872841427,0.1268985064945387,0.09380299306383315,0.12631199958538777,0.13015774832099583
0.3628508422470183,0.037224917858439475,0.06365721609795942,0.09136989302668629,0.07787650613634045,0.08471324884848393,0.08458269484183661,0.13263271465935692,0.0650919662838786
0.06490097826648979,0.12355362698811895,0.0987614778170407,0.12198826899711641,0.11398871622906921,0.1151148449638623,0.13283635964757587,0.11750225694089801,0.11135347014982876
0.08860491677027366,0.12002707855271227,0.10837942597386291,0.0905861217068248,0.11782055996924952,0.12329995972388312,0.11092604667231563,0.12701119735159114,0.11334469327928699
0.07563215150823759,0.08602462173674612,0.08719906251185207,0.1570217284011547,0.09629212160405907,0.09727179662163239,0.19670496685872074,0.10641540065491523,0.09743815010268216
0.06316252692572909,0.08319743398521019,0.05460630524573503,0.2809546870300279,0.10049438840014437,0.09227766952875305,0.12748851922709784,0.08484597703569652,0.11297249262160598
0.06481016762116494,0.13438051415178556,0.11096084119575154,0.09445331532170993,0.11649108579213335,0.1190573901826839,0.12452528168231626,0.12154527901491757,0.11377612503753692
0.19762714522315913,0.018950208182719874,0.311936350263248,0.08147998385785908,0.07411197441809132,0.128297269181985,0.07612448849207384,0.05466878072922259,0.05680379965164112
0.10187591534951675,0.11934342719867487,0.10267671319314663,0.05427925029852539,0.12610526952602372,0.12555538019024975,0.09022155105808553,0.12650780943906162,0.15343468374671568
0.06976380039032497,0.11031297418196488,0.10094301511320952,0.12140754513029693,0.10724885285879222,0.10960940631608447,0.15962686489333677,0.11590600903459254,0.1051815320813977
0.06930486590498168,0.11418235251900229,0.111855061155821,0.11823620377639393,0.11161379840211046,0.11668588528558625,0.13725944766350737,0.12099461783773857,0.09986776745485847
0.06337509528947761,0.14088677622720255,0.11299558783574597,0.08810924240863348,0.11861934804573854,0.12106812371275662,0.11647974868697554,0.12221871426512454,0.11624736352834515
0.48619365231125106,0.021298605307555053,0.046923462688516326,0.09546636429587955,0.05839257674125461,0.05840306393259215,0.0794521454710934,0.10436016416973704,0.0495099650821208
0.05972520732532625,0.08189740167621433,0.06184179415926167,0.2761984291916143,0.10117918112143857,0.09831833546293782,0.13209809147962756,0.09055456325904641,0.09818699632453305
0.11360032955694055,0.09578607453031134,0.09198308625680433,0.11429672953019172,0.10833152914933976,0.11097684789966811,0.13015520339813863,0.1270626503311126,0.10780754934749294
0.0688645720800539,0.11470362219110068,0.10304660767558275,0.11598748227298471,0.10908165426682048,0.11155629064099988,0.15279307326550737,0.11725317280448007,0.10671352480247016
0.07657092602682197,0.0969594381801347,0.13266655672291378,0.12289198061229512,0.11495077800318505,0.12768500625018775,0.10569229425855965,0.12199849914758328,0.10058452079831877
0.0734949219058567,0.1025536965380746,0.09499820635045098,0.10901780766385867,0.1025466402204588,0.10611528039194988,0.2043769670910509,0.10693612638792564,0.09996035345037396
0.06739829010957114,0.12193760866907626,0.10624951804306881,0.10759365723906981,0.11196673631023135,0.114552643181398,0.14184928858769416,0.11918323268627255,0.10926902517361788
0.1044611654324157,0.11435423967259502,0.10314641945216536,0.09067355983611514,0.11981826145377039,0.1263436135242344,0.10057373414858305,0.12756715993733841,0.11306184654278258
0.0674767104105334,0.12155138088706746,0.10608691715128064,0.10802634376376224,0.11181719721061867,0.11439948888038493,0.14242048121901754,0.11908981906328757,0.10913166141404763
0.07068968569429256,0.13925765316640756,0.11267541061185966,0.08551384501723537,0.12035881676046299,0.12486125773452894,0.10908721094095014,0.1199639122857128,0.11759220778854997
0.2372095958627034,0.01026669865601067,0.17142972178050409,0.011644047719287827,0.07237043145304643,0.0341900808869221,0.11630473570185096,0.1267364036725285,0.21984828426714595
0.09215712744391062,0.05458009306539655,0.06304405447401601,0.30683400247525905,0.0962742642927452,0.08927053117099742,0.14063578455825906,0.07056128655522646,0.08664285596418964
0.14223853117646124,0.10269049733519509,0.10846803499278417,0.08242837309349109,0.11568730045552722,0.12423155869438328,0.09029386542293467,0.11283616399317194,0.12112567483605131
0.07824704902074613,0.13429908140151034,0.11374196746559972,0.08189822895516256,0.12007933674628561,0.12333347481652375,0.10485356856136664,0.1293385643823652,0.11420872865044006
0.3831804011675106,0.04036750643487986,0.06574946359547824,0.09982700938900434,0.0814954966357173,0.1093048284803207,0.07517090471893499,0.06680819457920036,0.07809619499895365
0.059470863698117514,0.16436878742129502,0.1151764295022464,0.059070723035540534,0.12700824960817483,0.12673591002537232,0.09027887119991718,0.1199058565616753,0.1379843089476609
0.10717123009583913,0.08072910130703209,0.09086869376817967,0.13175096450949864,0.101460349403852,0.10568998202796809,0.1635161674844781,0.1180286665904338,0.1007848448127185
0.06181535009273779,0.14756469666781813,0.11474742831234906,0.08189594767507519,0.12063057627836327,0.12287233654051999,0.10908420210438187,0.12243382522126445,0.11895563710749028
0.0690442078886729,0.12727884881699272,0.11094915450606002,0.09929845975557401,0.11945623427469931,0.12038290969647673,0.10239316063207753,0.1134984085797372,0.1376986158497095
0.06527417287479348,0.14662950470649871,0.11484060670355474,0.07588961672949242,0.12218127088964716,0.12420600532746612,0.10215089087224889,0.12600669976467424,0.12282123213162416
0.07288498932261238,0.12468672143381365,0.1084457656465299,0.09875168488343183,0.11518436335174757,0.11829111020210083,0.1271489506469793,0.1247922441749425,0.10981417033784212
0.07136123867682279,0.13307843645285852,0.19198107052362512,0.06035140268494276,0.12316188699325192,0.11406487910817147,0.08630302300599375,0.11274702241634127,0.10695104013799243
0.06534163162524437,0.14590889304912846,0.14988736167382458,0.06725952139103378,0.12440256241004764,0.11863076402663975,0.09458395290691403,0.11922558881351752,0.11475972410364992
0.10782850057525617,0.07460412563191439,0.07549997064872682,0.12978101325154956,0.1050321219483684,0.10400686177680805,0.24757892568965004,0.036469469308850075,0.11919901116887656
0.08494645644275674,0.12406255992730571,0.1093766879476253,0.08828632165613483,0.118396291509481,0.12262145060937017,0.1096122754568431,0.13134342482190572,0.11135453162857732
0.0924422270126233,0.12035085272936859,0.10886122035114008,0.08359111994783765,0.11919354653812005,0.12365672049529469,0.10410213030810973,0.1341820839746932,0.11362009864281279
0.07029513501703853,0.12708273253375824,0.10871537052228729,0.09982561832194954,0.11508738820744217,0.11884824709268745,0.12819858311160462,0.11933807846922014,0.11260884672401207
