0.07311087400456293,0.10234406179585713,0.05818686014387923,0.07671888588789999,0.11981417049380357,0.25401512533221565,0.11626237461415066,0.11942069393093148,0.08012695379669944
0.0865146692346644,0.13900595412292555,0.06362170948384734,0.13170345899116473,0.12718030880068273,0.09752300800079045,0.12132230203248877,0.1207265001130422,0.1124020892203938
0.07453198054757278,0.11827320130130951,0.05502835588999693,0.08659007873550635,0.13234985706427224,0.16754645995434894,0.1341556763759525,0.12814903517650636,0.10337535495453436
0.07665205550661826,0.12399514313790012,0.057072516878147704,0.09842987649225189,0.12704107890579558,0.1686568656467128,0.12389212917021038,0.1229381565096651,0.10132217775269807
0.06934645317035992,0.10858211301753261,0.07965917251664634,0.08874142891128158,0.12459827859706056,0.15679298291981578,0.12660005248331982,0.11989213077628723,0.12578738760769628
0.0763531020222716,0.13886341599959198,0.06799096390808251,0.1412913520742882,0.12737247038678892,0.09172818298292874,0.12308103602623399,0.11898598080360728,0.11433349579620679
0.08470883430590648,0.1390220036478653,0.06427396321643354,0.13307110531756242,0.12715238305846674,0.09659854643029853,0.12142924202307599,0.120380920071723,0.11336300192866804
0.07689983768122594,0.12557297101299844,0.05784332499271037,0.10199713335768801,0.12682709816502527,0.1631482851419542,0.12316599057134597,0.12258895871021136,0.10195640036684046
0.09158104096022324,0.11715039838893467,0.130229792468629,0.14469026552540404,0.11535260169232549,0.06363993478130898,0.09076941969028239,0.11190058631600554,0.13468596017688664
0.1038677758150383,0.09366827484332513,0.08233740869175181,0.07386355104451876,0.09844337540896708,0.2736051913129731,0.10743585042785934,0.1061256527433097,0.06065291971225683
0.0763531020222716,0.13886341599959198,0.06799096390808251,0.1412913520742882,0.12737247038678892,0.09172818298292874,0.12308103602623399,0.11898598080360728,0.11433349579620679
0.07386120341319097,0.11779302568186219,0.05503444954692386,0.0857167647957822,0.1347572019296839,0.1587897221445628,0.1382922263717563,0.13047916034175686,0.10527624577448091
0.07513147933082956,0.11908056843802868,0.055188490992029514,0.08813747325227857,0.13041116289807347,0.1730088731492966,0.13072600227329997,0.12629335206227454,0.10202259760388897
0.08067469881059795,0.1379022616842185,0.06493112049463921,0.13281699925636573,0.12740959641423352,0.10129858034874768,0.12224374834592633,0.12040794455161481,0.11231505009365632
0.07558613600043824,0.12001621843129018,0.05546281398195326,0.08999203152869245,0.12913187223816924,0.1750734950509083,0.12835977555330108,0.12507419383283577,0.10130346338241152
0.05218724539618717,0.11945944804770746,0.06977744938317047,0.1013209738733667,0.12191732107337772,0.20970568383686838,0.11323660672971264,0.1241379506145579,0.08825732104505161
0.06057790128326746,0.10070712905133918,0.09785724055919308,0.08621821152859384,0.12017125227502884,0.1443695883659328,0.1241527790033949,0.1315964726119502,0.13434942532129962
0.0763531020222716,0.13886341599959198,0.06799096390808251,0.1412913520742882,0.12737247038678892,0.09172818298292874,0.12308103602623399,0.11898598080360728,0.11433349579620679
0.06915439460515543,0.10829566081030124,0.0810656521061399,0.08909591183960619,0.12412059549071124,0.15603748607924903,0.12602738179116746,0.11941510850279875,0.1267878087748708
0.07614731964346852,0.12170469156972309,0.05607790948556903,0.09347098953992394,0.12784085284918795,0.174230917173358,0.12578493953643535,0.12381866865176405,0.10092371155057006
0.17831843067884526,0.08181591853329141,0.09252786750016177,0.10580886832030938,0.09547080636837968,0.06462896102284914,0.10293364605259546,0.14487683977417604,0.1336186617493919
0.14256452017457025,0.08894194210824403,0.27781439090213683,0.0497412820955784,0.09458245619682565,0.07000890811061385,0.0607642352169512,0.12175013656364188,0.09383212863143792
0.0763531020222716,0.13886341599959198,0.06799096390808251,0.1412913520742882,0.12737247038678892,0.09172818298292874,0.12308103602623399,0.11898598080360728,0.11433349579620679
0.0838219197791168,0.13903075623026526,0.06463536232044033,0.13387853553337592,0.1271858100905369,0.09613890608435836,0.12160292102462733,0.12024357503939608,0.11346221389788314
0.07559432584154167,0.12003617879768998,0.055469305693222275,0.0900322023481429,0.12911058413078189,0.17509081166945173,0.12831928013139457,0.1250538469834824,0.10129346440429259
0.14179596021562074,0.06481969244784319,0.3656084624981133,0.06814464613086767,0.0741746581946129,0.08329273652293692,0.03895187368213781,0.08998302164479634,0.07322894866307121
0.10629713169895356,0.09583790758102269,0.24579785310717006,0.06314633313139723,0.09097963468293628,0.051913454580671335,0.0874140783658412,0.1135306373021353,0.1450829695498723
0.07664194050136793,0.12393879676310528,0.057046217671325984,0.09830475290024294,0.12705275490956638,0.16883288923191153,0.12392506599872993,0.12295348444821776,0.10130409757553226
0.0763531020222716,0.13886341599959198,0.06799096390808251,0.1412913520742882,0.12737247038678892,0.09172818298292874,0.12308103602623399,0.11898598080360728,0.11433349579620679
0.0763531020222716,0.13886341599959198,0.06799096390808251,0.1412913520742882,0.12737247038678892,0.09172818298292874,0.12308103602623399,0.11898598080360728,0.11433349579620679
0.07359945528958252,0.11769363273855789,0.055073536226464374,0.08555410721479852,0.13573108934489717,0.1548800815653392,0.1399509025060907,0.13142766679248882,0.10608952832178072
0.0763531020222716,0.13886341599959198,0.06799096390808251,0.1412913520742882,0.12737247038678892,0.09172818298292874,0.12308103602623399,0.11898598080360728,0.11433349579620679
0.0763531020222716,0.13886341599959198,0.06799096390808251,0.1412913520742882,0.12737247038678892,0.09172818298292874,0.12308103602623399,0.11898598080360728,0.11433349579620679
0.08322707483087416,0.08232835489665259,0.4167404367106176,0.057622895025727726,0.058747851733932745,0.005935684803000008,0.036831254125065015,0.1115635527094815,0.14700289516464868
0.08121295756640277,0.13002050353035244,0.05898454577503794,0.10965801487989683,0.12686450504398852,0.14434153467952415,0.12178856552985062,0.12245425982407343,0.10467511317087329
0.0763531020222716,0.13886341599959198,0.06799096390808251,0.1412913520742882,0.12737247038678892,0.09172818298292874,0.12308103602623399,0.11898598080360728,0.11433349579620679
0.10768806011169602,0.10607481995476552,0.09064962382298207,0.08400620171345967,0.1078165297091082,0.22792072781519038,0.08986300873036535,0.11358027926920707,0.07240074887322571
0.13482713431592122,0.057125352352339294,0.4440360392510467,0.04295963991695393,0.06562353738139416,0.018114555755600423,0.03747471108077876,0.07985822254477525,0.1199808074011904
0.10475559891922927,0.10096697391652672,0.15410531946989056,0.09059171113460347,0.10059044009299921,0.16820242620496062,0.08737340264729165,0.10586983855489825,0.08754428905960032
0.15702832527127433,0.09183312485920973,0.311927600267325,0.07156386808423004,0.08261755595607645,0.06510070047478193,0.05239812952386814,0.10325060874787452,0.0642800868153598
0.0763531020222716,0.13886341599959198,0.06799096390808251,0.1412913520742882,0.12737247038678892,0.09172818298292874,0.12308103602623399,0.11898598080360728,0.11433349579620679
0.09743168302978983,0.11390636452026011,0.09674512470806708,0.1246947635993056,0.11017593785964282,0.09050330218107887,0.10321521535223004,0.1380255052380755,0.12530210351155008
0.07717875514184763,0.128104552219965,0.059215713411073144,0.1079890157553728,0.1268111167374806,0.15249450254163496,0.12258826716131739,0.12222462521525101,0.10339345181605746
0.11165799743018734,0.09669022598601647,0.20485100258655234,0.07951246397546678,0.10297983283769424,0.08968563992785152,0.08285146774308462,0.11107409598081353,0.12069727353233317
0.0763531020222716,0.13886341599959198,0.06799096390808251,0.1412913520742882,0.12737247038678892,0.09172818298292874,0.12308103602623399,0.11898598080360728,0.11433349579620679
0.09277088373932336,0.12535255247856256,0.12567630296999638,0.12421373633034298,0.11929988105376517,0.08258051798439509,0.0991218697519241,0.11329455853044947,0.11768969716124089
0.08079137720841482,0.12872842888169214,0.07099913467821395,0.14138388227629048,0.12125368548414174,0.1150384694832336,0.11784847540467484,0.11655973423239997,0.10739681235093845
0.07861836649426944,0.08180528884135656,0.36665678364305326,0.04591293551812422,0.04938596606066731,1.3948343437925989e-05,0.16439975477046412,0.03438542916965121,0.17882152715897595
0.0904058341552348,0.1388572461502373,0.06209210172293728,0.12816402264693583,0.1269046289686013,0.09927383376298726,0.12032692034692254,0.12122798829311414,0.11274742395302952
0.0828362781066551,0.1081070309085066,0.09153081850920342,0.07791736613756213,0.13971401720971102,0.14441217150982408,0.12652423355539116,0.13665966347162875,0.09229842059151779
0.0770421809210949,0.1267160973282878,0.05844228028164911,0.10465991441999012,0.12678050807726535,0.15857315470481945,0.12283199730329553,0.12240509807081641,0.10254876889278126
0.07651636858004111,0.09690255377092603,0.187354339144272,0.07292025616288643,0.10804232206766706,0.18920621586090577,0.07122005641335304,0.11875833836159459,0.07907954963835401
0.07551574840027647,0.10237741559074091,0.09785462905332287,0.08699796498614727,0.11970695723148994,0.14019625614703712,0.12277520661849035,0.11458588807020487,0.13998993390229023
0.073833475757525,0.11778055310501519,0.05503778942399138,0.08569553522216426,0.13485992776949873,0.15838527878774447,0.1384673417337645,0.13057909984251662,0.10536099835777994
0.25068524720124724,0.0952833592411419,0.06162236711927946,0.10490579904961973,0.100629225642135,0.03468146043747739,0.11365084020467064,0.08905977644126985,0.14948192466315882
0.07307857046403074,0.11759149716251606,0.05519094446938557,0.08543546639027916,0.13766236587659386,0.1467228281621807,0.14324580809957924,0.1333109588421852,0.10776156053324937
0.03497134713831899,0.09214600052661216,0.4540834657433173,0.07887721666903776,0.06585439160358737,0.01007741781518849,0.03658531926173016,0.05711855574728286,0.17028628549492486
0.13669591381916824,0.09914258826094029,0.22200147959773675,0.06594050566901793,0.09991096112855573,0.0827070950904784,0.07413071444509686,0.11902585520859306,0.10044488678041281
0.07588931425899402,0.13188388456455544,0.0835867602966232,0.13822021948990376,0.12337169213417344,0.08433709740120494,0.12023687962035003,0.1156618057808519,0.1268123464533433
0.0763531020222716,0.13886341599959198,0.06799096390808251,0.1412913520742882,0.12737247038678892,0.09172818298292874,0.12308103602623399,0.11898598080360728,0.11433349579620679
0.08017830447495022,0.13900844402678372,0.06619544426302561,0.13734470971288004,0.1273016957704177,0.09411457647315524,0.12232123400755697,0.11965625404421486,0.11387933722701564
0.07570300828498172,0.1005990573301717,0.05869062779573553,0.07574809057736799,0.11678138681891599,0.26726163517493423,0.11079587923205887,0.11781420974406087,0.07660610504177308
0.07247439785690986,0.11772539789887332,0.05536005757517041,0.08646777477078459,0.1332634730533758,0.16555661699395885,0.13606070011754587,0.12874509773624518,0.10434648399713607
0.06987203648716117,0.10131897477022085,0.05880926555675029,0.07615039822201086,0.12263146762550976,0.24639964477371493,0.12202127306238375,0.12134787621093716,0.08144906329131125
0.07259104076697503,0.11756114945084507,0.05532947869763116,0.08548637638908228,0.1393968101470895,0.1390722078939412,0.14624108909698397,0.13499499232243675,0.10932685523501502
0.060022368265769364,0.10050700332777801,0.09248851613614284,0.08280671694733194,0.1360205136879575,0.07617084385798863,0.1556713771874495,0.12662029949065248,0.16969236109892974
0.0763531020222716,0.13886341599959198,0.06799096390808251,0.1412913520742882,0.12737247038678892,0.09172818298292874,0.12308103602623399,0.11898598080360728,0.11433349579620679
0.0763531020222716,0.13886341599959198,0.06799096390808251,0.1412913520742882,0.12737247038678892,0.09172818298292874,0.12308103602623399,0.11898598080360728,0.11433349579620679
0.07386869027542133,0.11779647861875403,0.05503358287965219,0.08572267067813194,0.13472949026576908,0.15889847871607976,0.13824497662261234,0.13045220565832275,0.10525342628525647
0.0763531020222716,0.13886341599959198,0.06799096390808251,0.1412913520742882,0.12737247038678892,0.09172818298292874,0.12308103602623399,0.11898598080360728,0.11433349579620679
0.0646243376801885,0.07293771789837739,0.31830083277942395,0.052343348559143,0.09349215232292075,0.08767020436956312,0.06592049560592216,0.09222694070390619,0.15248397008055492
0.07127266634589659,0.11522491287789799,0.06840944140791967,0.09360833534767558,0.12553000237655135,0.16835436448896327,0.12536184609684245,0.12107588144471436,0.11116254961353866
0.07177413079291524,0.1023646110697962,0.05832142619945182,0.07616086811148425,0.12356569048108401,0.23951442950657084,0.12289486375443252,0.12216100709483857,0.08324297298942654
0.0662019711077932,0.10807664014077967,0.06250594301382559,0.08417644105994032,0.1452571746058382,0.13178309135833574,0.15889386326033023,0.14091810550116404,0.10218676995199301
0.07510508238936374,0.11903569853847268,0.05517715413184913,0.08805003014508701,0.13049093634115155,0.1728282772395171,0.13087009511342176,0.12636938337816736,0.10207334272296968
0.05023350310292455,0.10169989274393165,0.1002754948072216,0.0749874476325746,0.12036946105221087,0.24889852404391286,0.0959553278889332,0.1304761131939144,0.07710423553437629
0.0763531020222716,0.13886341599959198,0.06799096390808251,0.1412913520742882,0.12737247038678892,0.09172818298292874,0.12308103602623399,0.11898598080360728,0.11433349579620679
0.07995984862359423,0.13900381241109114,0.06629324873827273,0.13756091173792967,0.12730733932577196,0.09398585195921809,0.12236450936832567,0.11961964676522056,0.11390483107057596
0.06202355655085398,0.13734271931928377,0.07284925158061127,0.1408196978462609,0.12487211557740484,0.09010137210299607,0.12024532416712397,0.1308756292356177,0.1208703336198476
0.07935140422458968,0.10594856961139139,0.057655437916983805,0.08695545539098411,0.11188208271530488,0.2527078174005751,0.11526284347623549,0.11380681661366021,0.07642957265027538
0.08317812919600386,0.11410770117496642,0.07584367978695729,0.07750809430093386,0.1323248528183997,0.12278973570670672,0.13526806771609245,0.14299417702306583,0.11598556227687386
0.07671541327203961,0.13785414014656286,0.0667573400263569,0.1369108038700867,0.12753529112494874,0.09859294902395159,0.12306818065431017,0.11976895086577084,0.11279693101597256
0.08248099148258047,0.12594124451418223,0.05623802143345086,0.09863678139481247,0.1269790649690409,0.16100291310903656,0.12236203586104656,0.12344261258483032,0.10291633465101956
0.07568804799297459,0.12027338127901567,0.055548115842531054,0.09051141172924253,0.12887175139426868,0.1752331018095992,0.12786160947037625,0.12482518886204257,0.1011873916199495
0.0763531020222716,0.13886341599959198,0.06799096390808251,0.1412913520742882,0.12737247038678892,0.09172818298292874,0.12308103602623399,0.11898598080360728,0.11433349579620679
0.0763531020222716,0.13886341599959198,0.06799096390808251,0.1412913520742882,0.12737247038678892,0.09172818298292874,0.12308103602623399,0.11898598080360728,0.11433349579620679
0.0763531020222716,0.13886341599959198,0.06799096390808251,0.1412913520742882,0.12737247038678892,0.09172818298292874,0.12308103602623399,0.11898598080360728,0.11433349579620679
0.07566281024583983,0.1202078899473948,0.05552605750353105,0.09037876724048594,0.12893518964781603,0.1752050639391887,0.12798380161399955,0.12488600251538513,0.10121441734635901
0.06197678978734275,0.14162577851868205,0.06962451730889371,0.14277525952580308,0.12868457674457578,0.09260693551277925,0.12396770478889864,0.12334019492716242,0.11539824288586227
0.07704785803579904,0.09855842544393478,0.0609339158990139,0.07739960602438158,0.11197431505789877,0.2846042653846221,0.10230766426606563,0.11596780384023231,0.0712061460480519
0.08374353674160706,0.12934388312374553,0.12903308790186693,0.12368258051541962,0.1221962315721431,0.08718357298947621,0.10282425304656795,0.11596568869914455,0.10602716541002909
0.0763531020222716,0.13886341599959198,0.06799096390808251,0.1412913520742882,0.12737247038678892,0.09172818298292874,0.12308103602623399,0.11898598080360728,0.11433349579620679
0.05589292185125463,0.1422003809828657,0.07093085572798279,0.14322147142465896,0.12846664632826735,0.09189054580594223,0.12348182770501315,0.12658855032695346,0.11732679984706172
0.0763531020222716,0.13886341599959198,0.06799096390808251,0.1412913520742882,0.12737247038678892,0.09172818298292874,0.12308103602623399,0.11898598080360728,0.11433349579620679
0.0763531020222716,0.13886341599959198,0.06799096390808251,0.1412913520742882,0.12737247038678892,0.09172818298292874,0.12308103602623399,0.11898598080360728,0.11433349579620679
0.08929873983232102,0.10998714844458501,0.07689198905645943,0.08717085259662344,0.12128485617035188,0.1928361892956402,0.10230263563330076,0.11938608718705222,0.10084150178366609
0.0763531020222716,0.13886341599959198,0.06799096390808251,0.1412913520742882,0.12737247038678892,0.09172818298292874,0.12308103602623399,0.11898598080360728,0.11433349579620679
0.08270749754736945,0.13683364612317553,0.08706987572814696,0.1326299875014362,0.12703148693600014,0.08835651564401731,0.1135623603193716,0.11928970947267208,0.11251892072781078
0.0862548431507249,0.12126200622889281,0.06869852894820755,0.10380274030279481,0.12339461409023585,0.14662545706314783,0.12041226159259089,0.1187438924913183,0.11080565613208704
0.3284325966710072,0.06074303720162932,0.06154155511502272,0.07545042218228969,0.069157200752348,0.008558306023086068,0.10574458944670573,0.06261610576668807,0.22775618684122323
0.08464740227790239,0.0935617772522734,0.11792846404812318,0.07245198355135656,0.11719549557228637,0.19513904684272562,0.10137932570105439,0.11630909456688165,0.10138741018739646
0.08397161694988264,0.13902963858290115,0.06457389940659565,0.13374133055090187,0.12718029176345055,0.09621735669243812,0.12157357132873392,0.12026689018320895,0.11344540454188705
0.0763531020222716,0.13886341599959198,0.06799096390808251,0.1412913520742882,0.12737247038678892,0.09172818298292874,0.12308103602623399,0.11898598080360728,0.11433349579620679
0.08222363293339556,0.1231337997978366,0.10153890173573088,0.132513977263893,0.11830545063962254,0.08190277760591007,0.11588687779378408,0.11077662039543738,0.13371796183438991
0.060110449697991675,0.13726279796214488,0.09762658343980864,0.12932661998196054,0.11875246030349608,0.07960780940103084,0.1134885290374321,0.13335317167860586,0.13047157849752936
0.0763531020222716,0.13886341599959198,0.06799096390808251,0.1412913520742882,0.12737247038678892,0.09172818298292874,0.12308103602623399,0.11898598080360728,0.11433349579620679
0.07551176055673704,0.11984038002389501,0.05540662635785085,0.08963920436490509,0.12932819522494224,0.1748816164876427,0.128731142917795,0.12526164091560263,0.10139943315062934
0.0763531020222716,0.13886341599959198,0.06799096390808251,0.1412913520742882,0.12737247038678892,0.09172818298292874,0.12308103602623399,0.11898598080360728,0.11433349579620679
0.0763531020222716,0.13886341599959198,0.06799096390808251,0.1412913520742882,0.12737247038678892,0.09172818298292874,0.12308103602623399,0.11898598080360728,0.11433349579620679
0.07773510870477081,0.12352561133787295,0.07755480698794288,0.10170573096494291,0.12270688751748106,0.14759793147883843,0.11726513146002075,0.12449203844370382,0.1074167531044264
0.08029645292895428,0.13901078140360987,0.06614276555828909,0.13722820486460352,0.1272985738905131,0.09418383322523548,0.12229783746328408,0.11967597868894919,0.11386557197656132
0.07692396879151935,0.12575149956191956,0.05793464062153234,0.10240856825293188,0.12681466790421722,0.16246266802369327,0.12310453955244267,0.12255725696173675,0.102042190330007
0.0763531020222716,0.13886341599959198,0.06799096390808251,0.1412913520742882,0.12737247038678892,0.09172818298292874,0.12308103602623399,0.11898598080360728,0.11433349579620679
0.08922473106752882,0.10203060828166759,0.08404496708719443,0.070891562464343,0.12266544940983361,0.22776169640960364,0.10264340034754131,0.12180235641338828,0.07893522851889935
0.09881527468876294,0.13834638146581538,0.05921004689446031,0.12160618501135913,0.12648414754380238,0.10245459974652849,0.11874694543262317,0.12242960196809731,0.11190681724855094
0.07581518109428885,0.12062237250937424,0.05566923536472627,0.09122247435061485,0.12856233519462387,0.1752533315002374,0.12725821638156026,0.12452744609695483,0.10106940750761943
