0.12381376029898299,0.1221333866828588,0.148463792813506,0.09684488294398345,0.12821849476825642,0.18101321724123678,0.059798988931190344,0.09182222195076062,0.04789125436922461
0.29529323766815274,0.03008749949403025,0.17284966137182708,0.07273820504619631,0.008551062305848315,0.025405530849153854,0.04692395837905431,0.32286507776448575,0.02528576712125137
0.1559591921372105,0.12294781104547042,0.10955151584894242,0.09486036339113248,0.13376508321826955,0.18752193440993703,0.05603075844817015,0.09178896627496937,0.04757437522589799
0.10522428359523635,0.1278235950668907,0.10602348914493685,0.10982208769496793,0.13162196327550904,0.13231415849320635,0.06647855594834928,0.11337852346799544,0.10731334331290802
0.11728748309866328,0.12371404243719952,0.14826963586119984,0.099462419162246,0.12880413499795293,0.17350429674879583,0.06169814937964835,0.09524774282453113,0.052012095489763155
0.10522428359523635,0.1278235950668907,0.10602348914493685,0.10982208769496793,0.13162196327550904,0.13231415849320635,0.06647855594834928,0.11337852346799544,0.10731334331290802
0.05279268839296897,0.08169381578609107,0.1314139630002718,0.07310168367192195,0.04708101288297031,0.026835968294275498,0.08297504919379871,0.09825006548458907,0.40585575329311263
0.06088187989764326,0.12376460132149136,0.28331298411315425,0.0985925384468585,0.0849172834499287,0.10460353243700865,0.06872317527891715,0.1096527750948663,0.06555122996013178
0.13359216641493596,0.08342395979556154,0.08164702350083358,0.06307919410491199,0.1142151380816084,0.043492709245852273,0.25504235005756853,0.12040549379830941,0.10510196500041835
0.19029831862256197,0.11425502237051936,0.10855392746849642,0.08287723246788402,0.1287401326134892,0.21506116817052043,0.04799766808166359,0.07692218856532758,0.03529434163953748
0.038347825020663875,0.10035815071810983,0.16088903819344,0.10224985365489593,0.06786653148387099,0.03328424601974243,0.0641617708970242,0.2614553803639345,0.1713872036483183
0.07298656582744326,0.13713719444171177,0.10210307742249324,0.10625268800602151,0.09680162900836915,0.07959092884350656,0.1537767780509253,0.1691712680303695,0.08217987036915973
0.10522428359523635,0.1278235950668907,0.10602348914493685,0.10982208769496793,0.13162196327550904,0.13231415849320635,0.06647855594834928,0.11337852346799544,0.10731334331290802
0.0070305679868516964,0.0470806623873466,0.3262834183562952,0.05256971829077764,0.0258564455432808,0.014856391434474231,0.05422482767258979,0.4176642880589019,0.05443368026948218
0.010532798394667012,0.031960942547701265,0.2312011561094288,0.23297162936130666,0.014886248191388505,0.008474474913228823,0.050557927753132205,0.3864381878441927,0.03297663488495396
0.2945839379476021,0.06296181229668832,0.20151714357328157,0.020917664921764445,0.012128400035108296,0.014833212737771639,0.029794846187015334,0.3231377437189534,0.04012523858181486
0.10522428359523635,0.1278235950668907,0.10602348914493685,0.10982208769496793,0.13162196327550904,0.13231415849320635,0.06647855594834928,0.11337852346799544,0.10731334331290802
0.07170416930876282,0.10680846437714543,0.12129657001783134,0.2049204964271313,0.11462671439066403,0.10550391857286268,0.038933969160548206,0.1950300369778654,0.04117566076718878
0.07731401266274299,0.06247191117602021,0.09780794103780088,0.05818180500025516,0.07958955149703241,0.01458259561691897,0.2826167894912203,0.20684074381011683,0.12059464970789231
0.13042551801991362,0.09196182942463771,0.08842881190562817,0.07088875083606469,0.12075640503645524,0.055581533048236764,0.20935830301577496,0.12107633879945295,0.11152250991383589
0.14046918675275633,0.1255619080521806,0.1089361552909383,0.10048982551636132,0.13559931751984233,0.16232642117404916,0.06291209850331843,0.10125620473237625,0.06244888245817729
0.06400969621340932,0.11334779972829974,0.3106170101090479,0.07101333889998068,0.06007370143916645,0.046647750105856596,0.13992828038577998,0.15231096239108147,0.04205146072737776
0.29885759690200653,0.03346145719792074,0.028813754752148046,0.033877739690995064,0.012075262820844222,0.004054338710461376,0.381173625104744,0.19360757091817252,0.014078653902707641
0.19848181621334426,0.11208879226259412,0.10823804654452947,0.08021204586465351,0.12728460783004755,0.22011567678651922,0.046232637118618525,0.07373043847112674,0.03361593890856667
0.12201443265699807,0.10753705989339286,0.09848419367174571,0.08634007202512976,0.1290876896793387,0.08269064486825434,0.13744390126954328,0.1200423898716348,0.11635961606396256
0.06839603532125045,0.09856695576600477,0.10961768105431664,0.08621859294591461,0.07687565907926991,0.04804757694414882,0.0685796475298321,0.09966318309349119,0.34403466826577156
0.43188346610531836,0.08075771115532926,0.09287844255549872,0.06517448523646663,0.09124871230067229,0.11264796200416932,0.0382860649298274,0.058488963046458564,0.028634192666259498
0.07095597556571999,0.08159394054889749,0.13501860795892004,0.06311531486094805,0.09568314811685201,0.033155224926404166,0.2961109029639458,0.12086418372791587,0.10350270133039659
0.10472841379941024,0.12737143108767723,0.10390078238707061,0.10837783803428336,0.13022160531937113,0.1313270788653144,0.06618325270359085,0.12243645673519958,0.10545314106808257
0.10522428359523635,0.1278235950668907,0.10602348914493685,0.10982208769496793,0.13162196327550904,0.13231415849320635,0.06647855594834928,0.11337852346799544,0.10731334331290802
0.22841991157581312,0.10521653711268801,0.07617375193832888,0.06714034495623522,0.13131645103733733,0.1993422447260127,0.05302270129937612,0.11069874164016846,0.028669315714040144
0.10522428359523635,0.1278235950668907,0.10602348914493685,0.10982208769496793,0.13162196327550904,0.13231415849320635,0.06647855594834928,0.11337852346799544,0.10731334331290802
0.06007777039402686,0.11140107747326011,0.11323461057295374,0.10119778497270264,0.08006728084535607,0.06707173222550476,0.040825332850855316,0.09798326649499527,0.32814114417034523
0.14392591097323748,0.12614986787933316,0.10408003616078533,0.09354452724805103,0.13559510425052904,0.20109896915098024,0.0713058416730988,0.08400567164568451,0.04029407101830037
0.17946250140523357,0.03368660130547522,0.2885164069907259,0.03546672841772639,0.012534539858800221,0.008502815115706953,0.07801629588537312,0.322280316529363,0.04153379449159555
0.036665875390850734,0.09557097038659972,0.2928491935131776,0.06426698858908832,0.05732071471077057,0.030746432045909794,0.24843309358702345,0.11472871112127685,0.05941802065530296
0.10522428359523635,0.1278235950668907,0.10602348914493685,0.10982208769496793,0.13162196327550904,0.13231415849320635,0.06647855594834928,0.11337852346799544,0.10731334331290802
0.12471587077640338,0.12799839518836717,0.1086323521464087,0.10527754748536804,0.13457868724786118,0.15476522402149184,0.06319832322813167,0.10593598972665276,0.07489761017931522
0.08113987949421693,0.1273849383578418,0.13601733507645683,0.11233191545804648,0.12640985226755733,0.12240152626628449,0.07122492354847139,0.11456941319853346,0.10852021633259129
0.198461246779521,0.11209422299830456,0.10823884280056996,0.08021862422632338,0.1272883237702124,0.2201036876529053,0.046236984675825245,0.07373827304180756,0.03361979405453063
0.07542619618908573,0.12131458888474729,0.23929946006342792,0.09573204887594762,0.09406415829553712,0.1032734914339487,0.07623453577114743,0.11447539825886695,0.08018012222729119
0.04558431712296767,0.09724962814801834,0.10342835736991772,0.08631514335284123,0.06262002729184139,0.046282213301148865,0.040077211894672164,0.15027296956383873,0.3681701319547539
0.11448595866064411,0.11380411539985698,0.10032687512490128,0.0926429919648693,0.12973110480830433,0.09658873531911359,0.11183502313895216,0.12613260105937749,0.11445259452398084
0.11937284006892097,0.12827641971301643,0.10811509064289353,0.1067458675642413,0.13408746275807215,0.14869059757881578,0.06423671563840075,0.1081540597785949,0.08232094625704421
0.10665072247103558,0.12637550297147992,0.10573982511216357,0.10797638611602998,0.1318221059903595,0.12802217063661722,0.07071217755617581,0.11407507470245894,0.10862603444367942
0.10806296894753314,0.12490507761675272,0.10540629011572178,0.10613429961572503,0.1319565321408081,0.12380806693408974,0.07513774554166956,0.11474555604860055,0.10984346303909931
0.06313138260231978,0.10973290760406192,0.25441429613445904,0.09090818981194078,0.10580050240512873,0.1822689215007153,0.07486321848679088,0.07793110668333258,0.04094947477125093
0.1784312529748208,0.08114155443054416,0.30966722687442433,0.040141522530406155,0.03727379974484641,0.02348225164231439,0.0516239326267458,0.2426036603008448,0.03563479887505316
0.293072197842086,0.09016639455363502,0.10198284585237759,0.05868853706673455,0.12215329374792931,0.1948642985992872,0.053131754828034373,0.060373926777707566,0.02556675073220846
0.13451319817118204,0.08040740939968935,0.07905831923921265,0.0604069864593241,0.11158645326652278,0.039608227533487535,0.2721876228914542,0.12000847469286069,0.10222330834626664
0.10522428359523635,0.1278235950668907,0.10602348914493685,0.10982208769496793,0.13162196327550904,0.13231415849320635,0.06647855594834928,0.11337852346799544,0.10731334331290802
0.10522428359523635,0.1278235950668907,0.10602348914493685,0.10982208769496793,0.13162196327550904,0.13231415849320635,0.06647855594834928,0.11337852346799544,0.10731334331290802
0.22708870024145758,0.05461182568890919,0.08652467125072738,0.06048932029411685,0.008077696747990595,0.009633351259923881,0.13815719884967773,0.1068364495403158,0.30858078612688095
0.1255275895649741,0.10182649085263869,0.09517272080365106,0.08046616696093598,0.12660173511879333,0.0718847190275319,0.16205732934709582,0.12079863810853347,0.11566461021584573
0.1775215829026897,0.11762237033074334,0.10902137144931219,0.08721653217213193,0.13087671680020416,0.20600578467410116,0.0508873998767767,0.08219923395195354,0.03864900784208737
0.13111384675257146,0.06668944202510073,0.31448570959726724,0.03630094004909106,0.04011482870506267,0.012949109413762419,0.12396021702265751,0.23878166715670932,0.03560423927777762
0.0009978759057681806,0.042146996004851105,0.32128119549104944,0.0512638604389381,0.008249781558656598,0.0024578511980177307,0.20664204004593204,0.3437445775955488,0.023215821761238094
0.12252112133345655,0.10676276403557333,0.09806240146199308,0.08552782323136493,0.12879134118695765,0.08115946070687209,0.14066108245754705,0.1201720384632805,0.11634196712295482
0.10522428359523635,0.1278235950668907,0.10602348914493685,0.10982208769496793,0.13162196327550904,0.13231415849320635,0.06647855594834928,0.11337852346799544,0.10731334331290802
0.17492236746770504,0.11851158199508761,0.10885973232136442,0.08888208841283618,0.13277698177735023,0.1938912755091887,0.054781551957913364,0.0860310610642079,0.041343359494346546
0.11264480570655427,0.11745076724458142,0.10326104093752013,0.09720092166688088,0.1312119688303438,0.10452550598927678,0.10085122991936922,0.11787648972152749,0.11497726998394592
0.300754129621373,0.02537993434545945,0.20498678465323464,0.020565601498469182,0.008101082470511901,0.01767348104487587,0.03807330925612209,0.3474227806143278,0.03704289649562598
0.03208571296672107,0.05884782308592152,0.19852242733130807,0.26496510912441074,0.03119631579495143,0.024145378766402284,0.02982023567930651,0.30530762221307556,0.05510937503790295
0.10522428359523635,0.1278235950668907,0.10602348914493685,0.10982208769496793,0.13162196327550904,0.13231415849320635,0.06647855594834928,0.11337852346799544,0.10731334331290802
0.028125223650047475,0.08246908127343573,0.18399213374794376,0.08228455699596025,0.026674423141691633,0.027227408864170327,0.03699322304866214,0.11502546440095611,0.4172084848771325
0.10522428359523635,0.1278235950668907,0.10602348914493685,0.10982208769496793,0.13162196327550904,0.13231415849320635,0.06647855594834928,0.11337852346799544,0.10731334331290802
0.10522428359523635,0.1278235950668907,0.10602348914493685,0.10982208769496793,0.13162196327550904,0.13231415849320635,0.06647855594834928,0.11337852346799544,0.10731334331290802
0.06611336985858061,0.0994188338355555,0.11460885774199488,0.08134129548009865,0.11159393622851545,0.051383925400895016,0.233957880064819,0.1225285917723522,0.11905330961718874
0.25452225402592105,0.03768773916419233,0.2534736638004202,0.021802503945343384,0.004452056318441928,0.0025386655930099366,0.23513949136432957,0.17641856584653884,0.013965059941802917
0.35990646960901646,0.0412825795448712,0.17496459362611494,0.028889184319552702,0.011985228652908804,0.0260704022031321,0.10256852813171075,0.23716150911125947,0.017171504801433538
0.06447736602567548,0.08659739484995392,0.10986617483221255,0.07512312377390208,0.0636350404332366,0.03330980895101084,0.09190455089018407,0.09824128074512152,0.3768452594987029
0.24101771178169518,0.047078436514127714,0.30784459639958,0.020641071742293866,0.018698982816718977,0.011594624954978308,0.09933524135126838,0.22795079399750662,0.025838540441830853
0.05619643875021033,0.10881237391030037,0.11416254957916207,0.09923752916714357,0.07521666438720323,0.06332540211782132,0.040452684104896774,0.09675703166038192,0.34583932632288034
0.13533379710717752,0.10918202362075569,0.17889728787864997,0.08103124496018953,0.11633413205615555,0.21806553497468428,0.057092813626232225,0.06850235667402892,0.03556080910212631
0.11411489291257289,0.11707813092910767,0.10281076514698866,0.09681606482342615,0.13154631182867607,0.10354925604372929,0.10135396966381106,0.11787586904855518,0.11485473960313297
0.10522428359523635,0.1278235950668907,0.10602348914493685,0.10982208769496793,0.13162196327550904,0.13231415849320635,0.06647855594834928,0.11337852346799544,0.10731334331290802
0.18223271151714024,0.1163876457656819,0.10885551325515586,0.08559337574577362,0.1301136971639066,0.20951146541900378,0.049804091249039416,0.08021299528983228,0.03728850459446641
0.12431325211491207,0.10872634531908627,0.09906813838760613,0.08760973577833579,0.13005190453908436,0.08498343333288338,0.13040782594302558,0.11940727918420461,0.11543208540086182
0.2880511240731571,0.06926377252309876,0.18492803851444037,0.04324813879802045,0.012527916969142417,0.014404092294631346,0.029318112724996584,0.27323480406340694,0.085024000039106
0.08081374428534106,0.12735371637932377,0.1365624514888716,0.11234774990120056,0.12631529717108989,0.12224400225800365,0.07128510573843021,0.11456467107068617,0.10851326170705311
0.10522428359523635,0.1278235950668907,0.10602348914493685,0.10982208769496793,0.13162196327550904,0.13231415849320635,0.06647855594834928,0.11337852346799544,0.10731334331290802
0.1307602065836503,0.09116530322209537,0.08783160085209225,0.07014306921595331,0.12020298422905434,0.054380323294791345,0.21343751359310037,0.12104645376476462,0.11103254524449808
0.10522428359523635,0.1278235950668907,0.10602348914493685,0.10982208769496793,0.13162196327550904,0.13231415849320635,0.06647855594834928,0.11337852346799544,0.10731334331290802
0.10522428359523635,0.1278235950668907,0.10602348914493685,0.10982208769496793,0.13162196327550904,0.13231415849320635,0.06647855594834928,0.11337852346799544,0.10731334331290802
0.10522428359523635,0.1278235950668907,0.10602348914493685,0.10982208769496793,0.13162196327550904,0.13231415849320635,0.06647855594834928,0.11337852346799544,0.10731334331290802
0.12579987237064852,0.12839373994104894,0.11633385797815836,0.09957983107912481,0.1349347096059199,0.18415661731581354,0.07160028578634779,0.09248950885592806,0.04671157706700999
0.11412685340115737,0.11809888732461456,0.10331196366004759,0.0979816491067224,0.1317528986173673,0.10596875810135149,0.09732356179545902,0.11738321299710468,0.1140522149961755
0.13293376906179624,0.11669672569980864,0.16036250473057848,0.09012275136595033,0.12405601642500974,0.1970440186853167,0.055665951297960564,0.08264279257896374,0.040475470154615584
0.21410704418919382,0.10874389691122083,0.10712267094996092,0.07690201427427486,0.1277646057861724,0.2110371286491437,0.04894833396998093,0.07286245076116904,0.03251185450888353
0.15307723868199516,0.12342815817683428,0.10919774537693834,0.09635978527511145,0.13510757800540985,0.17489831671358338,0.05994374510472412,0.0956286939109436,0.05235873875445973
0.026333181251498344,0.07772451200240017,0.27178874819870713,0.05141031101705542,0.043239111712175614,0.01614771039950606,0.36053307516953464,0.10351720580755591,0.04930614444156675
0.13777672963600776,0.12648326625968564,0.10938573767627197,0.10119432779867311,0.1349112637448865,0.16914427674109647,0.060358055180675836,0.10015805575615323,0.06058828720654944
0.10522428359523635,0.1278235950668907,0.10602348914493685,0.10982208769496793,0.13162196327550904,0.13231415849320635,0.06647855594834928,0.11337852346799544,0.10731334331290802
0.3992597431534062,0.08752930891207715,0.08399734513075731,0.07420883376986044,0.09630121112588748,0.10796702977320827,0.04177392774406886,0.06873687914105982,0.040225721249674405
0.15410526609613498,0.08674989165640268,0.28233104368258216,0.04494271283731748,0.051860365183857525,0.05131609418730462,0.09465340151045727,0.20570258186308485,0.028338642982858476
0.10522428359523635,0.1278235950668907,0.10602348914493685,0.10982208769496793,0.13162196327550904,0.13231415849320635,0.06647855594834928,0.11337852346799544,0.10731334331290802
0.08320471401284703,0.12288543785108429,0.18808675408519995,0.103982212730819,0.12259969805047248,0.15040952952521863,0.06786311666580634,0.09979270921548705,0.061175827863065226
0.08872751075181297,0.12791682103311525,0.13965056947210566,0.11046030567322551,0.12818378274042055,0.13356088420637327,0.06972877724137569,0.11116916893678926,0.09060217994478185
0.14468637436807785,0.12490815600172712,0.10905106109674279,0.09915274662307855,0.13556017800179887,0.16620706247498254,0.06207876813274821,0.09949181018369596,0.058863843117148124
0.10094132085638513,0.12100314064614505,0.23404374942439024,0.09244549695944859,0.09811382596181943,0.14084887670576343,0.06076844104950213,0.09929150853316993,0.052543639863376006
0.13079690750562104,0.12011765675389556,0.1493147840587382,0.09385608092306379,0.12720009609441996,0.18894632429640967,0.057698380117807535,0.08794153776969939,0.04412823248034478
0.14362833698443364,0.1254918727789333,0.10953063093544545,0.09920739407614752,0.1347175648742871,0.1752986146473051,0.05899251336092984,0.09747522581677082,0.05565784652574728
0.10522428359523635,0.1278235950668907,0.10602348914493685,0.10982208769496793,0.13162196327550904,0.13231415849320635,0.06647855594834928,0.11337852346799544,0.10731334331290802
0.10421089098497026,0.03980378782404074,0.22435311746378025,0.02972314508299011,0.005103613825074642,0.0024761961133697307,0.4445669726471313,0.1340409395867316,0.01572133647191138
0.10522428359523635,0.1278235950668907,0.10602348914493685,0.10982208769496793,0.13162196327550904,0.13231415849320635,0.06647855594834928,0.11337852346799544,0.10731334331290802
0.07906667351776817,0.055518883576568014,0.23633596505147977,0.0320115362208297,0.0299509623567794,0.010126087956816542,0.36848521514431676,0.16372347353239247,0.02478120264304921
0.40370459396936437,0.08634096998762301,0.08436780949270617,0.07167828751621787,0.09687490570174673,0.1112891778947598,0.04207514029378351,0.06634289633182386,0.03732621881197466
0.12678968913737854,0.09954347028571335,0.0937231797340995,0.078189372026213,0.12541888484037036,0.06786184440886904,0.1724691857184226,0.12097476123744959,0.11502961261148403
0.2978462191447137,0.034991279459243484,0.17318093831180162,0.032754248209354776,0.009947889502700447,0.02609056000787688,0.08704657721342539,0.31979679240170406,0.018345495749179614
0.10522428359523635,0.1278235950668907,0.10602348914493685,0.10982208769496793,0.13162196327550904,0.13231415849320635,0.06647855594834928,0.11337852346799544,0.10731334331290802
0.10522428359523635,0.1278235950668907,0.10602348914493685,0.10982208769496793,0.13162196327550904,0.13231415849320635,0.06647855594834928,0.11337852346799544,0.10731334331290802
0.006933558182721386,0.05538915009337594,0.32540663007797854,0.06906184118524578,0.024867260107721483,0.013069281662321566,0.12029951479685504,0.3371325207844622,0.04784024310931808
0.23383720663216337,0.05699057832218537,0.0672189516787698,0.06580230519360364,0.01429170812820432,0.010926420429386493,0.11460307867951819,0.10206255169597493,0.3342671992401938
0.18508072633923675,0.11595053047373888,0.10852050680078128,0.08544197815986719,0.1312621337224854,0.2015895313445102,0.05241577783569871,0.08175080553593923,0.037988009787742354
0.09457785251722572,0.12020741529710206,0.2758095382491759,0.08523091094050976,0.08091016260687907,0.12054501846972394,0.06685087089755994,0.10866031817847992,0.047207912843343615
0.13414025906084515,0.11867616506029992,0.15140445071443703,0.09199029476741617,0.12620531169662572,0.1934631338767431,0.056487180701491446,0.08546482852111947,0.04216837560102199
0.10749522766065489,0.11580553804507998,0.19206242891863548,0.09223166303907522,0.11982365158885212,0.18714726699136897,0.05920319844500601,0.08380367417426048,0.042427351137066784
0.017676114605763925,0.0551227317263956,0.3259078750938735,0.07082245461020174,0.03188542572852037,0.024108411124600732,0.09159172448801349,0.3425880945988677,0.04029716802376304
0.1154167575544669,0.07211727968935829,0.22838156930479858,0.06376459603753751,0.03265209194969644,0.021294427075660285,0.11828143237794525,0.1494279238343422,0.19866392217619455
0.16576056627481492,0.11073235266053526,0.148281941917953,0.08177915757406923,0.12294171295857537,0.20889889368623984,0.05178222081819788,0.07454553471649716,0.035277619393117264
0.13515470012254396,0.07812864661175704,0.07703928608012399,0.058414220423149414,0.10949112392947646,0.03679644327154588,0.2854703596749519,0.11966729245295689,0.09983792743349441
0.0894444595316141,0.12791491046050088,0.12363051865690257,0.11174377680893015,0.12854918429953835,0.12614665844666614,0.06966388242624734,0.11450339591786,0.10840321345174057
0.12288845378393713,0.12716608427924772,0.10822066244780489,0.10525010105016906,0.13445359389123523,0.14564234150192043,0.06657569130346869,0.10815980016280062,0.08164327157941614
0.10522428359523635,0.1278235950668907,0.10602348914493685,0.10982208769496793,0.13162196327550904,0.13231415849320635,0.06647855594834928,0.11337852346799544,0.10731334331290802
0.25579157287795473,0.019166104825093275,0.22044676494038096,0.040316586291014304,0.007828864266280022,0.01364084543350042,0.03543240093984286,0.362323600606081,0.045053259819852386
0.07011116100853612,0.11546362057165573,0.25369114693631256,0.08963943535086923,0.08844182217875356,0.093889511013737,0.07596819629221103,0.14479637169243872,0.06799873495548599
0.41065750682517255,0.08498479077527109,0.08410073120229604,0.07070558628433297,0.09615839689537514,0.10383023080457039,0.045240411388065005,0.06698790392324892,0.037334441901667965
0.10522428359523635,0.1278235950668907,0.10602348914493685,0.10982208769496793,0.13162196327550904,0.13231415849320635,0.06647855594834928,0.11337852346799544,0.10731334331290802
0.006454305739520057,0.05549124550229698,0.3110889614619204,0.0500938942171095,0.020960201569635715,0.007673016418738624,0.1303614491871157,0.3214979092557782,0.0963790166478849
0.12602487319186198,0.1278972652739966,0.10873894192555646,0.10489715033017184,0.13466547862256242,0.15623925652285173,0.06293115747051488,0.10537692244174512,0.07322895422073895
0.15143618330304254,0.12394129472931763,0.10958191152470516,0.09647058052379846,0.13419023140247852,0.18316534997894993,0.05712421423890879,0.09387056680094617,0.05021966749785286
0.1642166356373097,0.12099926501713447,0.1094093337634337,0.09190939781606534,0.13280398059722515,0.19506162043997777,0.05403642886589721,0.08803532144662261,0.043528016416334046
0.10522428359523635,0.1278235950668907,0.10602348914493685,0.10982208769496793,0.13162196327550904,0.13231415849320635,0.06647855594834928,0.11337852346799544,0.10731334331290802
0.13505031422942207,0.07850956646268274,0.07738053249876109,0.058745871886223745,0.10984796953190552,0.03725932764805596,0.2832306635630352,0.11972641014056366,0.10024934403935
0.10522428359523635,0.1278235950668907,0.10602348914493685,0.10982208769496793,0.13162196327550904,0.13231415849320635,0.06647855594834928,0.11337852346799544,0.10731334331290802
0.1285588485226486,0.09607029776158815,0.09138725682209226,0.07479749007453045,0.12342068331593907,0.06203911930448774,0.18892979657053666,0.12111074702802578,0.11368576060015124
0.10522428359523635,0.1278235950668907,0.10602348914493685,0.10982208769496793,0.13162196327550904,0.13231415849320635,0.06647855594834928,0.11337852346799544,0.10731334331290802
0.056330097538167645,0.06373817764366502,0.12224960452851426,0.06312466711125077,0.03247463036425621,0.014986115944087544,0.13312887172452426,0.11662680470600124,0.39734103043953306
0.27309061188376793,0.06382784272250529,0.17918573874603838,0.14024542436793713,0.033193682185820785,0.03131005918567856,0.023443577197705425,0.22183751057899903,0.03386555313154743
