0.10260160509465659,0.12395577042032162,0.1265229066773954,0.05395125091434303,0.16796675649196946,0.11537309483510083,0.039537644571172974,0.13727262692548778,0.13281834406955229
0.11026523758614921,0.1776607953780822,0.1205005606971044,0.028630146262814637,0.1799954766840478,0.11057727655643972,0.05592140470488941,0.13294813565255714,0.08350096647791554
0.08910579277530413,0.1013841813903581,0.08606365370859236,0.10037060688748654,0.07647941396434917,0.12355655125609734,0.056432036527096184,0.211758433819856,0.15484932967086015
0.08309920690669102,0.10090828577401996,0.09796182911635748,0.13252034964574946,0.07869557375665852,0.09051977302220275,0.03568607258707283,0.17638766006963968,0.2042212491216083
0.12567714988557,0.11754530804813727,0.10689461129207929,0.09225414871294431,0.18379167562439855,0.1211731315090304,0.05768646356606788,0.076870588198308,0.11810692316346427
0.13570709596233688,0.08311869610898369,0.05587432895646147,0.19823840549536106,0.05518356335338768,0.11888511935578898,0.20885389681822972,0.09883466284636049,0.04530423110309009
0.10115339395328989,0.1121026226918919,0.08453548372987796,0.09889674074164856,0.08031467308076169,0.13221692266853233,0.06979845159544679,0.19090028611064633,0.13008142542790455
0.07861242518683485,0.09333828942408588,0.08121557053602703,0.14835478928373635,0.07502342774840755,0.09989705544196252,0.03198851603653783,0.2136153589279567,0.17795456741445126
0.12235273445638113,0.06890678477653851,0.09838896997918888,0.1153148224344837,0.06541697702957561,0.1412610699609038,0.21579368510899963,0.07419948084240617,0.09836547541152264
0.11412953890535511,0.07309220365089537,0.03494679078970476,0.20688006175911788,0.047824458141256694,0.12002174226552058,0.1377498699768983,0.18964908075501966,0.07570625375623159
0.10618670641566831,0.06236601554072461,0.12080406773070901,0.14948467452485878,0.1888019148556576,0.11460096386451846,0.06703451981519944,0.058716042158455516,0.1320050950942083
0.0805523919822259,0.13573930170702067,0.12102660778045678,0.03360532915925072,0.11631618311993686,0.10700012655722195,0.03281494455296896,0.19986357166634014,0.17308154347457796
0.12773556174604905,0.15581309637463028,0.10721062002472609,0.05914840795761219,0.19772416474694568,0.12092174397805577,0.0449817209815403,0.09352148990280217,0.09294319428763842
0.12720505825070824,0.11133843710964803,0.11385875462274764,0.0676491083343923,0.13178769661257903,0.10398493844533087,0.11098877677774721,0.1532235956697038,0.0799636341771428
0.11474718327624778,0.14434571106459634,0.10499064216798115,0.1418138055745961,0.1415887457764136,0.1239298219278815,0.03599102987580382,0.07450825678327984,0.11808480355319985
0.11982311689234544,0.12726167957427367,0.08436463602004442,0.13939161981494652,0.13337140930929225,0.11684709408019948,0.03612026622904942,0.16968925150356973,0.07313092657627905
0.11027679271101086,0.10103423049817423,0.10452852331434388,0.09646813101620529,0.10940711525826945,0.1379302737569973,0.0473814370029021,0.1197145741849674,0.17325892225712947
0.12261147225795677,0.14556797422922402,0.1463192937162431,0.04781558931559989,0.17399308355237983,0.11931714807531124,0.03701222014172439,0.11346376107992741,0.09389945763163338
0.1212641680465802,0.07619278217792298,0.11765969837601271,0.054686885520458174,0.0718815889145691,0.11506373632500673,0.3014984315011157,0.09069744063795145,0.05105526850038287
0.06538291537593575,0.035341106501692136,0.07883908656336619,0.19969540739998218,0.02786899813650623,0.09373448883525011,0.33420057454402124,0.09470459513273755,0.07023282751050867
0.10143457765339213,0.16254904621800373,0.12047456042265987,0.05451054138596384,0.14782389044190128,0.11184162289455934,0.043407567355596754,0.17101385921282863,0.08694433441509436
0.09606517745316419,0.1265219695426476,0.0995721364898845,0.1214173133891948,0.10083951755005018,0.11092070052665892,0.03482962420878316,0.11315115190579751,0.19668240893381914
0.11494747582509035,0.16816906509200938,0.0824189875455302,0.08941031881764472,0.08064469821038078,0.14767653123999994,0.06023016037356091,0.14519662002236336,0.11130614287342037
0.13634598572689924,0.14562527667731226,0.11431402013550677,0.05543857975447869,0.12171198629326996,0.14363178966359935,0.07096718999032366,0.11901519524897397,0.0929499765096361
0.12063617400918848,0.11868841536773551,0.09152624791783102,0.050716916035798726,0.13066926703869902,0.137350734187533,0.05535976637800243,0.17237672585071315,0.12267575321449863
0.09918933893552694,0.1096108250831266,0.10999866204791464,0.13493442606322073,0.1623646270811569,0.1020980625156498,0.03095470458577183,0.10371605589700951,0.14713329779062304
0.1234627602699772,0.11888347241245954,0.14818705142806068,0.04353073941546476,0.1364697912654612,0.11646905754143477,0.10878541770162738,0.14750737862266491,0.056704331342849516
0.07462654905115586,0.03885671608302561,0.052071582803288906,0.3061995137472944,0.021801037330755852,0.08770018500414088,0.213557236647646,0.16990610165703712,0.03528107767565538
0.12092902452380537,0.12721970010665218,0.12071739738655222,0.08128266554038235,0.16730888269945335,0.11430270443649797,0.049604107754870085,0.1327642487535507,0.08587126879823583
0.1026702925464988,0.17021052864501715,0.10808469688389001,0.04472102847302186,0.13020182209636916,0.11846301322322454,0.03538438334545573,0.1827282719293738,0.10753596285714895
0.15028646820584105,0.1948743801925271,0.10558962842928199,0.024576146814437608,0.09174916126605986,0.10799485827985729,0.13139277141746056,0.14534218358195425,0.04819440181258034
0.09690826304680894,0.1454604456982111,0.10879916722026939,0.10503788678115349,0.11834692464114042,0.10778983877931263,0.03406850014386729,0.15437427047944663,0.1292147032097901
0.10788340093342703,0.1338934341935964,0.08780813766304331,0.09190950309128347,0.11186343507301273,0.11330279307695416,0.04783561119856727,0.16906808293584183,0.13643560183427392
0.1775428464711181,0.18053357724778119,0.0743217288561531,0.10246165153555127,0.12782087676529943,0.15397133899520365,0.08285004736499256,0.0711118205087085,0.029386112255192096
0.07968895999203061,0.053175467879716005,0.06806156872067225,0.09887728944696528,0.04835604102776425,0.09150211548397326,0.2705915111863179,0.2089641809419457,0.08078286532061474
0.11314914224592541,0.07737323238299078,0.13164487596847008,0.041208531115580066,0.059384769762159145,0.09395913397272082,0.36014412269747814,0.07784359210100483,0.045292599753670726
0.10040179861976632,0.1627609061337398,0.11314860888897416,0.12164132222315428,0.11443034658442308,0.11309755796972677,0.0314377386520505,0.13392958768166277,0.10915213324650226
0.096907617361819,0.11220658106021815,0.11007905021252624,0.2093601159064823,0.07384733709644135,0.08905001823124842,0.04206332935930265,0.12210078761816016,0.1443851631538018
0.09035526546065774,0.10716258480217729,0.1111648446485604,0.0828356237762269,0.15308150813218005,0.1061603043114967,0.03274251034090952,0.1469030840150464,0.16959427451274503
0.10706013429743466,0.1134435846420926,0.11704085839663958,0.048487782118142246,0.18865002221815944,0.14180248480447066,0.061065779837499466,0.09343534553116147,0.12901400815439987
0.07683377053496133,0.09533291095131587,0.13498352983496742,0.18425247843349055,0.08738126045445625,0.08020671642661978,0.030110739901672595,0.093191649616859,0.21770694384565717
0.08467807034624614,0.12450555594354079,0.12223888706184653,0.0967797260715824,0.12237558996022406,0.09601236820125787,0.028628793408116793,0.1402194894233752,0.1845615195838101
0.08907131502816246,0.13436104158387288,0.11704798368322215,0.055807443379542264,0.1529385880934556,0.10317981355315092,0.0290561154712492,0.16735581760918172,0.15118188159816273
0.07912494531116071,0.1057064309707549,0.11631371139166746,0.152290708406685,0.09635578526890343,0.08686574340554269,0.03171998037190953,0.15337975130673412,0.17824294356664228
0.0868974214192209,0.13111713740787492,0.11977056045608121,0.0773462981717571,0.13455522245410584,0.10005322288560227,0.028186965803820935,0.14947574151840598,0.1725974298831309
0.08628074308834717,0.11006748076601473,0.11459682532694637,0.0691538084113518,0.15398736097753454,0.09702044345232501,0.031147744596786667,0.16175860178933102,0.1759869915913627
0.13551198605209913,0.12697237291988725,0.14884845667537014,0.050545648252679286,0.1372834898480517,0.15043589272063496,0.07099271027629386,0.10465265405497048,0.07475678920001325
0.10280695439197973,0.12913224295031403,0.12200800691092306,0.048046272705921045,0.16407657446580026,0.12369142391023447,0.04091999668471428,0.12104658204147152,0.14827194593864165
0.1539008298504967,0.07868162136469592,0.052861600406225374,0.07006725422688449,0.058282183850223705,0.12390813668639877,0.33215992296969893,0.10834141381606961,0.021797036829306476
0.09669758113014044,0.0820631210284457,0.10822985309245843,0.17273595555796714,0.049473916607265835,0.09763296834344172,0.11292183981375219,0.18911050255050268,0.09113426187602587
0.11935557308195437,0.10045291024542778,0.08151145562220646,0.31930030836566187,0.065661534497578,0.10806996291921901,0.07128617885577339,0.08298679396871968,0.05137528244345952
0.09378548314296037,0.11782333512245453,0.11835697942190149,0.08268671539595006,0.18629938146130856,0.10185464753282353,0.028716327056939824,0.11293884055609171,0.15753829030956998
0.09130964234857658,0.11839067450518077,0.11825729976677002,0.019190279644048045,0.18769194740752723,0.10996111827808996,0.03431515372746116,0.20108026122026837,0.11980362310207786
0.10375156277162297,0.1379826280823289,0.11631664137874774,0.030206274838319714,0.13194273656409988,0.12686868018290912,0.08118738990990167,0.15845652287924394,0.11328756339282604
0.1368194395920296,0.11021051715778818,0.07197223664277103,0.12699036178065656,0.15344077998341302,0.13922990241329414,0.05237661518704615,0.12636380872128652,0.08259633852171479
0.16147311609234058,0.1089582968174148,0.07488501663652669,0.1840995340784911,0.11624007454782319,0.12864986273413703,0.09023963777520276,0.09042335475665075,0.045031106561413126
0.13752179746283386,0.1194033086281473,0.11455945565268377,0.07474451688057575,0.16223805391203297,0.13981827349038475,0.1124335117240362,0.048304751833136615,0.09097633041616866
0.09825572910916835,0.09858454185982428,0.09935602277465617,0.09870343498213684,0.0940033268108631,0.1085674466174265,0.057123324179833936,0.25178035257351467,0.09362582109257618
0.0920861665308766,0.1490616680947369,0.07463937999836295,0.024539052784082898,0.07678938528575972,0.14331085538263255,0.059609037014367074,0.2633971448684261,0.11656731004075527
0.10493625780301326,0.10333917417961343,0.14690102533432778,0.06039798898300888,0.08939855066470266,0.109684505936683,0.10528664512208004,0.17095866404542312,0.10909718793114791
0.08662637342469064,0.10702584285877625,0.11036826251450722,0.15513783741581919,0.10004437528526956,0.09063361450073358,0.031100313617899295,0.12145659914905116,0.19760678123325306
0.12487793805052151,0.11870687391692196,0.12797337703279968,0.09186771948931423,0.1475575631421651,0.1403101521815138,0.05859053296678033,0.09196724954460687,0.09814859367537652
0.10454668934223904,0.1275054122001753,0.10665886940502832,0.05576248139661724,0.19872246498035376,0.12113973973122745,0.03108766469149522,0.125795870825028,0.12878080742783568
0.08312988928003164,0.1294088906963896,0.12255858669694086,0.03799117063180795,0.1589706839080585,0.1028636274366691,0.029972352139914653,0.16910035915325403,0.16600444005693366
0.13297040792309814,0.09586149747282563,0.08888654887494245,0.2312597221306515,0.09827866245501532,0.11235829591194817,0.08153214226245381,0.08712390188963881,0.07172882107942619
0.08696428236547675,0.11854439845605143,0.11398642848100139,0.08790739005142678,0.13060138584292527,0.09798354864666847,0.02928924847316892,0.15510624244835283,0.17961707523492818
0.1229126310299029,0.12487316205591421,0.06636542709166544,0.1921887642766306,0.09545745854759281,0.13400194884040628,0.04598094506925691,0.10847705526338221,0.10974260782524857
0.10760338083922032,0.17612779786460106,0.12414696388151801,0.05182908814533899,0.13130314943323138,0.14153652280605641,0.04590132049177467,0.12657446093431643,0.09497731560394286
0.11659122863051143,0.0977603109841938,0.13185136392317098,0.23748874655695787,0.04369904593687531,0.1153956503998188,0.1070924996490103,0.1167040699659972,0.0334170839534643
0.13713190198052708,0.0846285925092558,0.08234777738484683,0.07712970195924633,0.17451840641181313,0.13122519494315174,0.06828949624714055,0.17163925614330622,0.07308967242071228
0.08487066115056063,0.1260011362921314,0.09863779187807808,0.0374842734271445,0.11682944180861556,0.1170937590038419,0.032515887031948396,0.24157851866352734,0.1449885307441522
0.11282438566679405,0.06575503575957344,0.0978656319876157,0.21659852815975356,0.0968992993752779,0.1354851560325745,0.10114584195263245,0.09777623975557746,0.07564988131020096
0.11154731637222277,0.13510062930301336,0.10731222125885638,0.09847875706410518,0.0868502795312812,0.12591107886933303,0.07018684794234449,0.19599706346406945,0.06861580619477416
0.1088887029170526,0.12951158596315518,0.13244557043610103,0.04254230304167376,0.0783690017874138,0.12269811964100848,0.16338123643417748,0.1564855953252277,0.06567788445418997
0.1088960681752316,0.09944590157032297,0.11299634621587655,0.08130543779979629,0.18224324739154685,0.10673400979243125,0.043568572114126285,0.1078086377006784,0.15700177923998979
0.10106229660588517,0.19787606154619986,0.1259375027724744,0.08787174560557931,0.1202616555057689,0.1250447401908885,0.042581542409022545,0.09929028422218711,0.10007417114199428
0.0995021092431852,0.06372228115369803,0.06195340954891947,0.22916865362370473,0.026495145498279676,0.12419241660889019,0.29188295298438743,0.0516132145959411,0.051469816742994196
0.09860392267926554,0.13976829884448877,0.10507498736575334,0.061334508518005065,0.1398236587992716,0.11370446997173256,0.03116305271001908,0.15233848762160904,0.15818861348985505
0.08004510945145417,0.10085642188299872,0.08852690051251681,0.042530811414956064,0.10941267649004997,0.11077142574554526,0.036274918039320814,0.2544342214078029,0.1771475150553552
0.10208155804975787,0.14313321747300908,0.11667216991550332,0.08834526498072474,0.16286266129165802,0.11210379882534606,0.029707266950383615,0.11526353527830531,0.1298305272353119
0.11693707087073878,0.14681893098975932,0.09515460374483319,0.11950495963983587,0.11636714541029845,0.11926849863115614,0.040376937753616456,0.15512607555585697,0.09044577740390473
0.10009195080055566,0.05490734777261646,0.10077591255255276,0.10387493758431106,0.04273085631490133,0.09944602982204677,0.35009596713101504,0.09167867974209513,0.05639831827990577
0.1107344771464686,0.14706949372259978,0.12271926936226303,0.09752375004892931,0.19635761476725658,0.12575609541887067,0.04515333789399608,0.058968473636494295,0.09571748800312165
0.08382346657217395,0.14260105393658695,0.1528431290460918,0.054894169218929784,0.07752524792836231,0.08721980936948644,0.06531848130497038,0.22278844520388577,0.11298619741951267
0.11988705662257938,0.10843559745191132,0.10391298300623515,0.052456815831967374,0.13975478617864343,0.1212672657088067,0.053905714949429896,0.2175894435711864,0.08279033667924039
0.15049240010784273,0.11877160137756458,0.1271203792429049,0.10738804404008954,0.09797936195136171,0.1313189606057956,0.09592395066300217,0.07230167905179409,0.09870362295964476
0.1099029323007546,0.14089559254246967,0.10823580840977076,0.09316380355590313,0.1785565928225248,0.11577249477673358,0.032820160639599576,0.09203583889693095,0.12861677605531294
0.08572069200103151,0.054895052837059845,0.04723885258028334,0.2467164290209984,0.027259651785626445,0.0784589218960764,0.19822365382309634,0.23258508674710288,0.02890165930872493
0.11867175552119397,0.13767088651496298,0.08063209084052969,0.034439811249596684,0.1643407665994179,0.10945340712624235,0.07329190102017259,0.1776865854383929,0.10381279568949094
0.10450813599374037,0.13215693039730378,0.09334698223983412,0.13234429908040793,0.13808154125066519,0.12118860548757593,0.030620146457516564,0.09805907328558609,0.1496942858073701
0.07458157300261863,0.041279522597214006,0.0762078390283013,0.07315291327538959,0.04120059016450889,0.08426132769352584,0.3472936179204433,0.21177658843234395,0.05024602788565449
0.11707935572676943,0.18072512311943648,0.13760239785922904,0.10063896470826063,0.11961232970757522,0.11976174034976061,0.05339748471385391,0.09294332701217713,0.07823927680293745
0.08289534756366967,0.11297750296813329,0.12943673467958283,0.14327587642406325,0.1093036083251324,0.0912143624141309,0.03287646373316343,0.10037742319068921,0.19764268070143498
0.12892252252099612,0.09462774553177178,0.10208408400554643,0.19530238399413655,0.0880674131285213,0.09593129396705997,0.12723985195093557,0.11298037589865557,0.05484432900237677
0.10971303260899702,0.08597806162531368,0.0671391610139191,0.22689838906365942,0.09734700251324564,0.11258974687625511,0.040501490864449034,0.15358128264233686,0.10625183279182415
0.12072134433906012,0.09208447909935193,0.0890460854165472,0.08830810041748062,0.12616877103154278,0.16029905388278823,0.0921926485038619,0.09296580752316656,0.13821370978620073
0.10745547135857804,0.09966841042142012,0.1208028551728512,0.14831050580978583,0.11893327541366898,0.1152620230504517,0.05344840872644185,0.07804309138436759,0.1580759586624347
0.12264778483971396,0.11795680288213571,0.08277999287923295,0.13986203409331407,0.08558216469045747,0.11527874660524744,0.05088206213225526,0.12994808633610705,0.15506232554153612
0.12226898751881544,0.14339510548482562,0.09019676066013964,0.13252070001963523,0.12459639675132346,0.1086168923915572,0.0474533390579145,0.11732042409607613,0.11363139401971283
0.10306070521907024,0.10645551299766405,0.138416256466543,0.13432381069343588,0.11605897072064515,0.1025284899872438,0.04788385278548948,0.11002552379225654,0.14124687733765187
0.13669151180373,0.09454889738288706,0.09761788232642726,0.1047753942758884,0.09063875256809895,0.12746018476546014,0.15399013750361637,0.10867162602183467,0.08560561335205717
0.10136394231129597,0.12348081684514073,0.10899110466944945,0.14870880112852544,0.07694930050174185,0.10502920307865686,0.050642060028906755,0.10417062253647975,0.18066414889980312
0.07757165743778636,0.11602826714692159,0.12206374411447037,0.15765427298306944,0.09018516966190628,0.08733615133609611,0.0291734021093565,0.13526578877754894,0.1847215464328444
0.12062677444337484,0.09403240646407067,0.09669951114245472,0.051537709232140023,0.12021672841726667,0.09965753631455938,0.18309372201472943,0.13866411338210446,0.0954714985892998
0.11599023639933825,0.12887771742022358,0.08608509840907941,0.12168447301904306,0.12617576617350681,0.11376925523893981,0.035860149884824055,0.14513585004297938,0.12642145341206565
0.13565911769236008,0.09174411464921117,0.09370878452884103,0.09932987779285911,0.12171369049871765,0.14208866909673182,0.12333833466214722,0.12954198579846435,0.06287542528066749
0.14862924528244845,0.10845223906416052,0.11295051267553463,0.06340945784695637,0.13871454019108387,0.14994569801528032,0.17945645468554253,0.05360790957267552,0.044833942666317815
0.13286184427891648,0.15626391860727776,0.11446878447824434,0.08725187302017967,0.13251959436971528,0.13366271965582457,0.07210364207337837,0.12029113443632762,0.05057648908013588
0.06158950172619906,0.050599923467856966,0.15318803731960048,0.06840165638543733,0.024652876154470534,0.056898309287411124,0.39465326881491986,0.1779552425143998,0.0120611843297049
0.10313025840981084,0.10853508072435787,0.10639723377957498,0.14978270633194588,0.1524833186229963,0.12063585003325594,0.03693294651867118,0.07018277604963728,0.1519198295297497
0.10259533746374883,0.1063617916930965,0.14600416347645356,0.15913555488854425,0.10386077926959277,0.10526607524224847,0.04577088077172273,0.09317844307995078,0.13782697411464215
0.13968761463326304,0.09936599652336701,0.12250898269280752,0.11300710179137237,0.11464808420922838,0.13483817036535184,0.09133900378300645,0.13169275166484876,0.052912294336754644
0.10289477548566145,0.16364747208147754,0.10045793804921836,0.049085483577365786,0.13042263502193804,0.10401727786587549,0.03917610470375718,0.22161591649789023,0.08868239671681603
0.12670238703341377,0.13113509028186413,0.046406847019950404,0.17982749682189625,0.05793912336933222,0.13558284676742835,0.15325662591052264,0.08892040717423032,0.08022917562136185
0.09217039222603463,0.12706812990087696,0.10742733681097427,0.0361293289187643,0.2046649431694876,0.1148047063266235,0.030165919413063808,0.16056662498370342,0.12700261825047146
0.10217043870662508,0.055135335744685245,0.0487964050813845,0.1762428835261015,0.05677145347242185,0.11156052383260089,0.23146482594671638,0.13878234889777186,0.07907578479169262
0.11182357249831108,0.0955520822947143,0.10097300092725424,0.057770809975295344,0.13709789947481574,0.14574251906536959,0.05750376337342556,0.14384785372342626,0.14968849866738784
0.11696391710996139,0.10066283093421402,0.04603041333077712,0.22529438673741617,0.04297327727164232,0.12132319440794792,0.11320868191241229,0.19913653668395825,0.03440676161167052
0.11151950123654208,0.06576863123778008,0.09630443582035918,0.08016542618228377,0.044891022734682984,0.07463128528616157,0.3908432019897407,0.12219491752376299,0.013681577988686812
0.10584830631780114,0.08443392633475778,0.09753394403581013,0.09076056881382204,0.11847737558914335,0.12917908018709814,0.0841917249460084,0.14175550875328072,0.14781956502227828
0.12181223385435841,0.11919972037065181,0.10988463843676062,0.19116229116227598,0.050189083359311853,0.14251368454418772,0.08025585947758257,0.13046352798068125,0.054518960814189756
0.08701912638696448,0.11567153509093696,0.11240785758148664,0.08985466167941884,0.13012064128520914,0.09757769909517582,0.029564436527968013,0.15705487862616538,0.1807291637266748
0.11941991035039075,0.19056710250038042,0.09743335191496831,0.11311575320826044,0.1022151965916757,0.1243407387201423,0.03498912633674157,0.12503285613338652,0.092885964244054
0.11773225076292558,0.11429262955707946,0.11803896460147263,0.10424361664073162,0.17900581278571684,0.1033583959687802,0.05035907607718823,0.08802070253521412,0.12494855107089124
0.12860987949471644,0.07197821440407172,0.06509566047082412,0.17658689904421096,0.08529659894010799,0.0888033731951157,0.2169317415066183,0.13315076620194546,0.03354686674238943
0.1645181179993629,0.1130059347282848,0.128984868285992,0.1593379646943022,0.13323041602509736,0.1130250749610681,0.08733418128396513,0.04297884737166679,0.05758459465026063
0.11548504066432218,0.13853152827487702,0.13365709783469998,0.05094010990501339,0.1871116038527506,0.12456711275294864,0.037579924413613915,0.08764212239496764,0.12448545990680666
0.1029189482913851,0.13311938126004938,0.11650970541301085,0.0583114570801458,0.15165240660675777,0.116073872535728,0.033773372910766666,0.10829642100261982,0.17934443489953666
0.08043513135669192,0.04572509694549779,0.05400721896368995,0.1581110929812581,0.043371204493403516,0.06418970979716843,0.3560288949551957,0.17822682766326767,0.019904822843826997
0.1253064422927842,0.09060465785745081,0.07496682539082626,0.3130381131889112,0.0793987937823173,0.12829326957646053,0.050691303020484656,0.04898485387162446,0.08871574101914043
0.11105156209231708,0.10993537102230701,0.0912578466969708,0.10876366936409974,0.11784888185457411,0.13412343544992747,0.04508311041271675,0.13053934380764096,0.15139677929944606
0.11475003430421953,0.07868605511309619,0.1717524718667948,0.028861745058425703,0.21024457974764643,0.10793440347391114,0.08210701078834826,0.09541540553262558,0.11024829411493237
0.1387363116695727,0.07575967823459019,0.06910265883463991,0.19296155131140655,0.06832938606533674,0.17493649122212088,0.12314670980426178,0.06866220688189931,0.08836500597617203
0.11471060804083533,0.08649601111668981,0.062492166607127864,0.14640812815457596,0.05403789002306388,0.13782316913901102,0.22496147026086155,0.08732485811558617,0.08574569854224841
0.09568433706723845,0.1405529502975089,0.10193550897520516,0.09950864960223534,0.11645745994554706,0.1117621305796626,0.02875982195444785,0.16106359412910176,0.14427554744905288
0.1126810275239085,0.12453693120970498,0.1463595150901946,0.03776628202318617,0.10528264231170707,0.1090717796722191,0.10970683755880155,0.19106105900912343,0.06353392560115455
0.08482824659213312,0.06843023761658412,0.0873430229315217,0.11808467412091272,0.08877190956464992,0.10464129942930887,0.05182451203558284,0.18303934686556964,0.2130367508437371
0.18086509910075277,0.14955499851698778,0.11746142007460207,0.052303069976412465,0.17481623614170805,0.14904057808570292,0.08239855221015244,0.05522024716889493,0.038339798724786545
0.11161117095652869,0.11049817509502065,0.07140548685912478,0.2040900364034457,0.08117843025313122,0.11462191191075155,0.04414017372830167,0.12055306283988565,0.14190155195381005
