0.06028127154683669,0.09433095917384708,0.14126804615720892,0.14552092484811788,0.11993027811346897,0.14435213790989762,0.10230697407342908,0.0927152111586058,0.09929419701858799
0.10745476155214843,0.0928722955931326,0.09617899732849612,0.12220318614801984,0.10790873696472035,0.10835602389669614,0.13258854958764718,0.11441477238759913,0.11802267654154015
0.08044498346079762,0.1640715800621147,0.12369035675123363,0.10510282950550258,0.11615732933829209,0.10706926355596165,0.10772199629208308,0.0868004863102897,0.10894117472372485
0.09464014924483527,0.09125184575171634,0.08709121785359397,0.11909079151052926,0.10205801725465295,0.10903000019878935,0.1347014191871345,0.13947069043708674,0.12266586856166174
0.083823136306932,0.10803922458519244,0.14200059785616992,0.08166667525344574,0.12677691463560797,0.13472388226165902,0.10493618027466146,0.10425725659782631,0.11377613222850506
0.10890908543031479,0.13391186000447317,0.09332089145223127,0.0816317974741859,0.09508113689866089,0.13888017534290506,0.09893415358702506,0.1408149791087063,0.10851592070149763
0.1660688371822003,0.12955243445988296,0.07992691125297623,0.14945404978967514,0.1032132053538762,0.10288714108740533,0.11180185073224254,0.06705136193719463,0.09004420820454666
0.09009213927102623,0.10628174640059335,0.10168599057693271,0.1251792305409,0.11865600073344207,0.11043374240341756,0.14036479474356486,0.09750327296256901,0.1098030823675542
0.13446322672352798,0.0950339013118684,0.0838466277265773,0.11239846095733454,0.09696104577829234,0.12399005844217074,0.144028987430427,0.0974935591622883,0.1117841324675134
0.04026539990284197,0.20243412487825205,0.08728538187069544,0.1308542205099615,0.10506568931440592,0.0986981559725077,0.15050433456926612,0.08099471392675178,0.10389797905531757
0.0608024230041532,0.11602586461112545,0.08969121390695439,0.14917430823397407,0.1139455951863992,0.11963661249228176,0.13311925346240702,0.10565200434072664,0.11195272476197828
0.06814370097383803,0.16063098473743442,0.10850495259698217,0.15507928743504082,0.11829620991294328,0.11290415219428385,0.1086432418182065,0.07663254405945208,0.09116492627181887
0.14494486467116438,0.09392324071536286,0.10704930306842753,0.057577390505254435,0.16224830187505088,0.10162973409049914,0.10667566467969603,0.10153428169318407,0.12441721870136069
0.166784821713029,0.13023627810784147,0.07269926291828398,0.092780502252139,0.08998142675705617,0.1454513509291668,0.08436700976553917,0.10994038278421762,0.10775896477272684
0.16177922443288606,0.11886203627301144,0.08987059457166165,0.12461149373163682,0.10525078444709189,0.09358204946450131,0.12699031857666868,0.07967401661877697,0.09937948188376518
0.07251322952337229,0.11025927788936214,0.11878988402222494,0.0817059171255717,0.10445609998655586,0.1482763601081808,0.11212962331282955,0.11112208982225345,0.14074751820964934
0.08363418790652881,0.1916834379066278,0.08436700354595571,0.12374810393489792,0.10503111836201652,0.12612171881039685,0.09961485916041864,0.09044756196952008,0.0953520084036376
0.05058181402140135,0.1414329939682158,0.19346612674137864,0.08460729542148916,0.1454380740866885,0.11764808003619513,0.0969568728389989,0.08068775997195983,0.08918098291367278
0.1366069885294438,0.08690664171015128,0.07509571947093684,0.13899754039126047,0.07672399789616792,0.11379979992963522,0.14287331609735357,0.11303215980857705,0.11596383616647384
0.13629242724447033,0.1098026992302485,0.07743672931862451,0.11044281950957598,0.08451960649631844,0.09682579737836831,0.13334262185706847,0.13509549975520707,0.1162417992101184
0.15512559612457166,0.14034805111032436,0.08598670582936709,0.0918799394495204,0.13090297615193836,0.09169799568298735,0.1265915193793405,0.07899029681290194,0.09847691945904835
0.09321662019807635,0.08171201869751377,0.0898471086075754,0.12304433969731403,0.13053495210480412,0.10769759208170164,0.11748570048785877,0.128270964022023,0.12819070410313302
0.09258949449770615,0.09655257211828756,0.09739404631170005,0.10771905113359066,0.12034025664441816,0.10363928102953564,0.14225757790692847,0.11436583333706662,0.12514188702076665
0.08404744643351315,0.10517111181614203,0.0941367101379872,0.12969697125086144,0.11318286091944024,0.10970032323126067,0.12776800092645224,0.1196482191314277,0.11664835615291534
0.08673826863453955,0.10190957455183956,0.10046663793451228,0.10534214052410369,0.1006234387977643,0.1335417084422034,0.10889850629639301,0.14328864533163488,0.11919107948700924
0.0581861035284448,0.18946553951120268,0.09186645318418513,0.054728009093930025,0.09501158585938023,0.1392968686147003,0.09591123066567923,0.162083366335578,0.11345084320689962
0.14070678879644336,0.0734134432655706,0.09404596603925945,0.10984020178985594,0.11874478961392056,0.10145259561550317,0.10455964265945493,0.12131864163427598,0.13591793058571608
0.08542086012337786,0.17233577349828252,0.09497382622253553,0.07359546414406949,0.11149060939775483,0.1202739682904681,0.1414233215295583,0.09133974542254293,0.10914643137141043
0.1288605409751886,0.09386082987523277,0.08799395076607804,0.14103622632866522,0.1089581086025474,0.10460331805734568,0.10934822692858541,0.11688241874579954,0.10845637972055731
0.09702532802606824,0.08454882725990191,0.08387145050848012,0.16173179236277516,0.10282019006639687,0.11577759830912877,0.128979903083087,0.10642915781826907,0.11881575256589279
0.15348442289796105,0.09986023522515859,0.08828007496903918,0.12259155907857659,0.10497531569614275,0.10588378860558134,0.1311148340394628,0.08685061957469924,0.10695914991337842
0.12541407721915424,0.10485523967171739,0.07936341287790337,0.14885724390859478,0.10196742617199821,0.1292490965018371,0.10609596440087886,0.09749004482081396,0.10670749442710205
0.06508416636008081,0.10774356096277066,0.08636597754560543,0.1361163878409817,0.10278770047420398,0.09911749495099231,0.18051336805062246,0.09785096687024468,0.12442037694449802
0.12762514282519863,0.10523171763263527,0.10783069984859696,0.05426884300373291,0.1509388106236034,0.09499503321372012,0.13293764904155567,0.0968963005856725,0.12927580322528454
0.12564678591365727,0.10332054493030092,0.08819833153194119,0.1231986412753893,0.10821861687923022,0.11377765103599086,0.114031085567724,0.11337337390025874,0.11023496896550751
0.08752604652963103,0.10832693001544813,0.12832066785194832,0.06364059110200031,0.17524772190063276,0.10772155819257584,0.09777743458905884,0.11318916709305993,0.11824988272564492
0.1294494344208455,0.09189859989418568,0.08479408580903702,0.13524210336193734,0.08936119017213102,0.1135878146934793,0.13555884326713252,0.10119672512488259,0.118911203256369
0.0968303318947372,0.09685401848604885,0.0909398555705575,0.11957050265302638,0.10532894393321184,0.10473072713751792,0.12353480528827672,0.1411015837903832,0.12110923124624036
0.11660196087328495,0.1047852059532625,0.11163727352454682,0.0758845942850361,0.12930271216473593,0.09982331961048786,0.12025730377350292,0.11489159197240424,0.12681603784273868
0.06324815499302382,0.11650739511307388,0.09638564727057729,0.08792217576686312,0.15545312553999777,0.1105074782929567,0.1454709887468425,0.09419085948057164,0.1303141747960934
0.10482024798254196,0.10787644908374189,0.0811189172990715,0.1311515285939048,0.09975228247442475,0.12340621399556868,0.11568531139006484,0.12534579271124038,0.11084325646944115
0.05159248807578587,0.11906639784984961,0.12717200509228402,0.13135476768237395,0.11889752418002751,0.1434878674958402,0.10217236400929523,0.10484916472539758,0.10140742088914605
0.13342027572827522,0.1106400103708985,0.10846825391911702,0.08029121799738094,0.10266266846598267,0.11126185318255383,0.10317930178139417,0.1363766856382543,0.1136997329161434
0.12973234544880732,0.10500105199573177,0.09379311712534721,0.09356158077182201,0.10493792893265447,0.10950015944654788,0.10509608884510709,0.14244894309049108,0.11592878434349119
0.17726583278876581,0.08420138843079876,0.07784510640443253,0.11756749880189389,0.08152681401040802,0.08873152492678356,0.13772413332374966,0.11247465413407705,0.12266304717909071
0.1066988648432341,0.0895270944114927,0.08769913755842744,0.1211245711603753,0.10533140776551862,0.10525539125572836,0.11829502715416813,0.14597722409392103,0.12009128175713435
0.11330600971262957,0.16260727500376407,0.08164298304615922,0.09062541391808014,0.09115408512463148,0.137688123878337,0.11498462977438823,0.09393865423641794,0.11405282530559226
0.2494000445622356,0.15446299814591335,0.06189836730359715,0.08736730916891051,0.0745101011244691,0.07643052734912044,0.1384979024214861,0.07314168590120522,0.08429106402306243
0.11090029175615788,0.08818945470841923,0.11175606302009154,0.08954563111786178,0.11274372999620567,0.10892147574805078,0.1123995845703339,0.13211018265433214,0.1334335864285471
0.051209418236311116,0.1862701175000742,0.10206537126508897,0.08347949248133163,0.09447134546357623,0.1463718687013776,0.0941507492351575,0.13669488330034496,0.10528675381673776
0.0543663422682249,0.17401410928448344,0.10842942951808328,0.10770297155985838,0.12057001207713476,0.11442332771614788,0.12376254439534456,0.0898902187248174,0.10684104445590548
0.09926702689476914,0.10107650712633576,0.12995065865606661,0.11811277364823834,0.12762737130372603,0.11621389562426365,0.10904494734576214,0.08929037117700268,0.10941644822383571
0.14960813920763175,0.11879323636093908,0.09073044456271284,0.1247654358732481,0.10460025463199936,0.10813540273103306,0.12920088111797454,0.07408330246162403,0.10008290305283718
0.09189998390826608,0.12816809975974094,0.09073137466998026,0.1303950591657221,0.10497458761987533,0.13171540725889774,0.10520562022523937,0.11081747304780963,0.10609239434446849
0.08446142534403171,0.09547819732464802,0.0805039225894744,0.12321704768928503,0.101894171721163,0.10916381430372957,0.11907464344580555,0.16674078300238213,0.11946599457948064
0.08873039787437735,0.11871493134587108,0.08909672887608493,0.11544489882981117,0.11735156840310357,0.10087480716200113,0.14243645268330116,0.1050065167250333,0.12234369810041638
0.07639050851015632,0.13464989986571338,0.11079813080828833,0.10103095257595796,0.12642656361091148,0.11187800246752011,0.12287616589924232,0.10771775239258417,0.10823202386962598
0.0526384276308021,0.1932965161035122,0.09566115996573032,0.1605763770320918,0.11479186333524245,0.09042117692688723,0.12020828861475334,0.08385932337814929,0.08854686701283125
0.059092729103129495,0.15446055709276044,0.17594074946513794,0.0529787218399784,0.11418014373237806,0.14155414981961484,0.1048468072987791,0.08174751807972695,0.11519862356849486
0.18290232404147244,0.09917498980239153,0.08150806481653405,0.11775720705253123,0.0929381297931483,0.1060290756076494,0.12791301207837977,0.09267008303757128,0.09910711377032204
0.05009540259559187,0.18484511479460752,0.18292261316470584,0.07727085911802173,0.11143994336893259,0.13073881716753236,0.10130637229478272,0.060195634109898054,0.10118524338592727
0.09568234643270494,0.11294980773406305,0.09441833578782953,0.07878281839944536,0.1453782982906386,0.09404343943179842,0.137864731363208,0.12170628112129343,0.11917394143901856
0.07130489693844828,0.10062406956250568,0.10775763653208592,0.12753166154138604,0.11548669912881372,0.1316652200881173,0.11562948021622484,0.11182607101750414,0.11817426497491412
0.09221260139893396,0.15520706626015157,0.0821367768540654,0.13004929447241,0.1439893283547605,0.09780859156690584,0.10695505474996984,0.090079054147553,0.10156223219524992
0.11022750003158033,0.08484383038489539,0.08848163708225291,0.12333878307816591,0.10459221282492744,0.12600519908002636,0.11896176368116029,0.1145772921622124,0.12897178167477896
0.09700557200723246,0.10092678523075982,0.09737475219427982,0.09712803822035541,0.11033306484539718,0.14754684728577486,0.10536841138468855,0.10951253334221356,0.13480399548929833
0.19347774297480713,0.08940767748725996,0.0821441630692715,0.08850588399539515,0.10433171487630159,0.08657565133391103,0.1271765243495442,0.11772240624352102,0.11065823566998838
0.19319106525485044,0.08084832503391874,0.08817526008835107,0.08982972889241152,0.10688280304049098,0.10305997371748644,0.10773951038890246,0.11447411451297033,0.115799219070618
0.06621332824967306,0.2158184106470741,0.10008168098423435,0.08088461404512477,0.1321113235567778,0.10227646230773839,0.13706277514231407,0.05619950269348589,0.10935190237357761
0.13745522397634974,0.11008342456295168,0.0881272562239866,0.10769710115978769,0.09994189809907571,0.1399583269378095,0.09292198435571802,0.11573281067684567,0.10808197400747548
0.07704378949631208,0.1909567976914087,0.10902158331369005,0.09543424957326968,0.1239011801513345,0.11517029479494893,0.10521605089508694,0.06453890968521518,0.11871714439873403
0.20953675088237764,0.09962452617445809,0.07823017529072486,0.07174190968888867,0.08548717318525485,0.10964250895208015,0.10504269466767717,0.11907381373586239,0.12162044742267615
0.151594583251644,0.1116269993988327,0.09869236470413177,0.09731067968986164,0.1010521892509146,0.1006227470775456,0.12194179478740914,0.09401157559687125,0.12314706624278933
0.06423615621162197,0.17694800616634176,0.12344202780855369,0.052015485743808404,0.08737021925459414,0.17928777893158265,0.08369940764755006,0.1208164095779648,0.11218450865798256
0.10717623295014378,0.09748579156244104,0.12036900100288095,0.09240502163119835,0.11450140351845935,0.12316354475925904,0.1024556871657026,0.12117917433304663,0.12126414307686827
0.12508740078430472,0.12940155723116367,0.08613312873548133,0.0690990812850928,0.13202042063508498,0.10415441464957775,0.13318064922603448,0.10109896505860004,0.1198243823946602
0.12557840726356348,0.1313379917212774,0.08490149382283844,0.12714996907455822,0.11343420208405464,0.09269322915351015,0.15065137750776136,0.06550444747731544,0.10874888189512096
0.07147224046936543,0.10653667037811633,0.1119870783820852,0.14211648904594454,0.11740489424211997,0.11080452487525157,0.12076194197430855,0.1076403224001179,0.11127583823269042
0.08154886793776091,0.09700487962139208,0.09352209838384984,0.10672405516711951,0.15246294174660038,0.1091523753630849,0.13324115959153537,0.10698073513703536,0.1193628870516217
0.11469588289744866,0.11220235061457186,0.08343540246524922,0.12294529958899632,0.10008966630880656,0.10968839157079481,0.11516089686907023,0.1319213928763371,0.10986071680872518
0.0703891832667477,0.12032723978327638,0.11451669003974059,0.16594160730786692,0.12085697188852239,0.10489568948638316,0.11017825211793598,0.09276499102594249,0.10012937508358437
0.09867538113497581,0.12260039629579085,0.08853525333756511,0.08651838304029319,0.15098981070677156,0.09200212346180565,0.14641371047757767,0.09507159815578159,0.1191933433894385
0.11934425748953048,0.10064587642756516,0.07757616103165936,0.1485874023694819,0.10067547134653095,0.09326681702031225,0.14743497475704367,0.10518287364889045,0.10728616590898572
0.12025496551030156,0.10230442490624636,0.09769991557118744,0.11962003755255744,0.11615532045123482,0.11460884357573198,0.10640282662174877,0.11153886334748879,0.11141480246350277
0.10180042654017608,0.09287934894571466,0.10257562407753386,0.09162749887964224,0.13184051826397336,0.10398485562499642,0.13648601462241972,0.09753163877230353,0.14127407427324015
0.11502911788626284,0.09505967073045374,0.08632118829164374,0.10476298398717594,0.10090121866003976,0.09719191049273884,0.11815414784104598,0.15470053107554554,0.12787923103509355
0.1314204993649378,0.08862562386225681,0.09470142509533558,0.1309054197650966,0.11490276265087405,0.11313866921560005,0.1185177075033863,0.10156703329750472,0.10622085924500803
0.07711523850229246,0.11225487644622628,0.1034143463356607,0.11508006602735986,0.11265252630281568,0.13911644800117304,0.10524671908307222,0.12502833510182623,0.11009144419957355
0.11724190347918341,0.10754112572969392,0.0941246615231785,0.06681315159369443,0.12366997354456066,0.14852511438217453,0.1043757499330741,0.10576516710891472,0.1319431527055257
0.08719745267594063,0.11927776207014451,0.13170034047907633,0.0625868759957373,0.11217198661166113,0.1333894048229134,0.10704459270583501,0.12220427754123442,0.12442730709745724
0.10805052325567839,0.08857339771318014,0.08856470259370973,0.13554798780753727,0.11075143788857723,0.1262844211280765,0.10569950017558732,0.12076536106160263,0.11576266837605076
0.12627976773951985,0.08785268621323546,0.09531954054624135,0.10437938808749454,0.10526212282912878,0.1392447265484222,0.09378505491870222,0.1334471158125284,0.11442959730472725
0.1631834142839811,0.09385095964580402,0.08487954473031334,0.09113607175451281,0.09313537166767122,0.1142704067108173,0.10515648750284061,0.13085452017572044,0.12353322352833918
0.18831900568583682,0.10122606539072003,0.07672845080036388,0.08936265020820038,0.08719313626244762,0.1307348622748986,0.08997337437329224,0.12875057370532142,0.10771188129891895
0.15345530763854023,0.10838895846886783,0.07202384453674629,0.1447860540194468,0.10061111064709422,0.12509170045814297,0.10850010547347914,0.09785280508158427,0.0892901136760982
0.13555471543953707,0.09877165122582794,0.10333053916408079,0.07792042530842812,0.12231926116527507,0.10930702402746063,0.11214263546347902,0.10934150188798869,0.1313122463179226
0.26780472425770724,0.11748373579357439,0.06825692853951267,0.09443526024280115,0.08897266216671794,0.09965068297296654,0.08380355330897021,0.09139620669296937,0.08819624602478042
0.1590202020238464,0.10018519492686195,0.08933780496625449,0.09375806189229748,0.1129618955329172,0.09019682247002837,0.11797476633609105,0.12081625395693747,0.11574899789476552
0.12135404061078121,0.09097775277123059,0.09013680125195522,0.09167377547237698,0.1035462519103076,0.12911057406025486,0.10831329887227313,0.13167672026369467,0.13321078478712564
0.06931865543103057,0.1297926763482786,0.12794061975212,0.11700853587809679,0.12243701861658667,0.1028300682822304,0.11951317927193006,0.10561975094808407,0.10553949547164283
0.1088332308319086,0.1084313572856888,0.11164650802420743,0.09481378125022488,0.09970604550673501,0.15590863023656618,0.10061454043882057,0.10601370806378001,0.11403219836206846
0.06859141980986015,0.12145725028072907,0.11251649442868365,0.11428312967592642,0.12240337848444131,0.1422811555919183,0.1097440156602442,0.09963187605102641,0.1090912800171705
0.09960103627216808,0.14054448307364079,0.10829886027458524,0.05857781104301254,0.09711899574091647,0.1468908500142806,0.08806302793077829,0.14253798659392972,0.1183669490566883
0.12925706105669527,0.08959101527640505,0.07474950868903794,0.15383577782224592,0.10964516670407816,0.08459511594795016,0.1868698628086556,0.06497157762526286,0.10648491406966902
0.1318484027832089,0.16860468834715328,0.09080832240375163,0.07570356087020666,0.09688974631264478,0.13253366012141574,0.08835574493395058,0.10618219833963727,0.10907367588803114
0.0934402855208578,0.12357760135619307,0.09186939863278669,0.09634887230671811,0.10271597874511473,0.09774381452425714,0.11874630459233981,0.15738383282454327,0.11817391149718941
0.13795332304709892,0.10193061568272936,0.10249693762360611,0.0978612993681028,0.11209647066796931,0.10675531638699443,0.10152807155404443,0.10265738398282816,0.1367205816866265
0.1709486009991976,0.08952178698999262,0.08230450720550264,0.11638347124619686,0.09188061398499113,0.12202860685119137,0.12508609116987637,0.09598873632633464,0.10585758522671677
0.1340364924237816,0.14389971794630813,0.09387337755467247,0.07391053042740564,0.1337685060839669,0.08542923804142616,0.13471250034498614,0.09924864341606039,0.10112099376139257
0.07002581885170191,0.12907355908042145,0.08774333926871469,0.13569206188202113,0.10525235230238848,0.10686929845884124,0.11969406224403295,0.13397882402887754,0.11167068388300061
0.15028726393946848,0.10144541574622389,0.07620018383030329,0.14007505166747028,0.07719285959331024,0.10338867944879564,0.165387050193079,0.08365923627441847,0.10236425930693076
0.10922738733282626,0.10411877590384121,0.092149339934106,0.14303498286678243,0.11734309808699828,0.10111186209644656,0.11363097947294064,0.10594896743733495,0.1134346068687236
0.12827954673859865,0.09541119379968317,0.08228118256600325,0.1614684111818129,0.10418227540924406,0.12215565535278328,0.1092429002977461,0.09725505383948156,0.0997237808146471
0.12076146070994852,0.09248434008213972,0.08481660239097392,0.14104791162686872,0.10808450109818803,0.11388782954083208,0.11618130417288308,0.11014101110458761,0.11259503927357828
0.10477516926947494,0.18420730028837537,0.08586104520912259,0.06033689087836317,0.10503302937422465,0.128190838241395,0.10406771386780712,0.11571796740920237,0.1118100454620347
0.11969820590129636,0.09829275290912333,0.0888007695092976,0.13331533005166374,0.11778799515699816,0.12187191776232513,0.1024357170309808,0.10364213443993255,0.11415517723838235
