0.16596358994926516,0.08938466620336001,0.1001981033581079,0.037310262522590086,0.12048029829317426,0.1461667264809983,0.1548966176576924,0.07651342081422259,0.10908631472058937
0.09390557472509165,0.13829417773938257,0.13700683167787725,0.04624326463408299,0.10458007193298846,0.06858682048093707,0.09704072735827629,0.08833487852700393,0.22600765292435987
0.08111123992717824,0.11229293071861661,0.10564340998728504,0.2162174310374805,0.11762390245256649,0.13342450000113343,0.014327491459046363,0.061548175464211013,0.1578109189524824
0.09428604422605437,0.09982639726779192,0.10366213811475651,0.0520073611734193,0.10915026606034882,0.09068889204261359,0.11545356381682799,0.08977950986455539,0.2451458274336321
0.11808571005440198,0.10462975128882311,0.0928538013885792,0.0634685768813228,0.12378155094387212,0.13786891107906316,0.15534923053390862,0.10085552143501741,0.10310694639501165
0.1472001832123117,0.11436049077339867,0.1071640636447793,0.17724513204882963,0.1124546027361752,0.09676400333676992,0.029387553757675478,0.1389012557596144,0.07652271473044575
0.09722243710153693,0.12063471452911234,0.1001657224488612,0.16786749001280543,0.11516839088642845,0.20975022189886686,0.03072691334882847,0.09467517895607337,0.06378893081748686
0.08310324091222007,0.09812395832304179,0.12273783895055616,0.10587053542609713,0.10648003467951439,0.07904331232888935,0.04604993264326502,0.07300488067542506,0.285586266060991
0.12255449043653077,0.12069361974399288,0.11455778910485744,0.07122756338185175,0.09385356227985915,0.07441224676391724,0.1898929586836605,0.1475720034702331,0.06523576613509713
0.11964027270619826,0.11887438133149764,0.1062046804241219,0.2188330950351445,0.10762657155210616,0.08812130158723941,0.020596136448164236,0.10102208387550109,0.11908147704002692
0.1539247303869907,0.10749767793873427,0.11410518147376612,0.14826378990344144,0.11563711163815599,0.0919222261592229,0.02849187645356437,0.07648347676366124,0.16367392928246297
0.08772143620207516,0.09865039436763186,0.09582056441643923,0.03224001368409854,0.0990575468524275,0.11870071106037398,0.24977516534050434,0.09185993552419548,0.12617423255225402
0.13796493008645136,0.1362056766186741,0.11866711220383497,0.1424237535750437,0.10740345137754985,0.09064210181627508,0.027467291000651622,0.1482884735588196,0.0909372097626997
0.08080763707500156,0.11224375332748698,0.13139332419607516,0.1902667219379787,0.10341447187155799,0.093725904726412,0.02984364547245912,0.08265825033755421,0.17564629105547433
0.06612164440080859,0.13502388057356543,0.10311962525868425,0.036882043569736365,0.09639928478946186,0.10882643363848077,0.22105047356540178,0.14690344729520224,0.08567316690865877
0.06445724647964336,0.06373430824503269,0.08181338125821612,0.0247812770749828,0.07984665359389835,0.08009401530100112,0.4040146499066573,0.0819424806411057,0.11931598749946258
0.11085011921406161,0.1290595112829744,0.13011066946934235,0.184041019966065,0.11767687679255508,0.07896146851687488,0.04100733105595993,0.15141927451103818,0.0568737291911284
0.08867954334714555,0.12796554850510541,0.11314675241086376,0.1300527840631577,0.09727575581143307,0.0906753663684049,0.12977829830441853,0.1390495907422922,0.08337636044717879
0.11307814713237489,0.11577532786636413,0.12699467503639691,0.17464873413350954,0.11638313634857526,0.09364768868934122,0.03581913333351175,0.09781937530808162,0.12583378215184463
0.13402326565829,0.10401584571181695,0.12320765851700077,0.10869839273624278,0.12072424612729431,0.11665927327649121,0.06770301059304155,0.09712800515119306,0.12784030222862927
0.09605144796546178,0.10326604354999874,0.11097526285275715,0.058581960639770524,0.0980835193636473,0.05698837484390131,0.2600657472024605,0.15619365581691294,0.05979398776508978
0.1037597286410434,0.1275949808927233,0.1306798133001182,0.08300200255754213,0.10982538920453377,0.11754742979353221,0.1471394470854969,0.11398450863485306,0.06646669989015698
0.09877705548881867,0.12140147173494291,0.12428777666474929,0.209527717590382,0.12581126614319427,0.1404924692087615,0.015764441175249267,0.08920732196441673,0.07473048002948535
0.15608597329444807,0.08525456768047708,0.09066511796939643,0.055681332153886536,0.10602140664421879,0.06744575561770173,0.2564878837592914,0.13380839677143536,0.0485495661091447
0.11150596730364071,0.10477936696315704,0.10204346447077613,0.28527120345733087,0.10203322624971002,0.11273137091914308,0.017191760224891408,0.08362095946491345,0.0808226809464372
0.07679551418644187,0.12341357962827894,0.12515845566823555,0.1669224379850712,0.10705409391831855,0.10585245312304975,0.08057407105275022,0.1179136669214001,0.0963157275164538
0.07801799631289115,0.12710432484391218,0.08826343143525849,0.05595877453936291,0.07399380691864761,0.07317157741212826,0.39460788561259164,0.07327324218838953,0.03560896073681833
0.12509276856953197,0.12685280517412556,0.10996948495250841,0.15773047667664902,0.10835512824652999,0.09080761733924497,0.027259566045333684,0.11251085775055016,0.14142129524552619
0.09740896022691421,0.10778360756625273,0.10567645118297035,0.11603766831858205,0.10355579992139884,0.13578790660513515,0.07382594672378588,0.08075622572326066,0.1791674337317001
0.12159061659818875,0.09813744406069717,0.08529126915316493,0.045365427948310076,0.11118796228618195,0.14099015029596312,0.18777535381989127,0.08146462229873565,0.12819715353886707
0.1145578341432202,0.0898764369554274,0.08989759755443254,0.04329519227756928,0.12213865502459187,0.11601490197821655,0.2539365755939665,0.10866783605069992,0.061614970421875685
0.12963966536707414,0.08123779571312854,0.09003877286904728,0.030383834839096253,0.0943722841721208,0.06879222546618097,0.3507782783527212,0.1196159118383966,0.03514123138223416
0.0976194491739666,0.1102880677389505,0.09801891491281049,0.25002532906360053,0.09846555528980659,0.09662365223098911,0.02027478722924229,0.11293825360489608,0.11574599075573778
0.12451939890446612,0.10582432072360237,0.12073993389849674,0.15284272161227105,0.11960609468636203,0.1307113758907639,0.057842910923276473,0.08984700487711184,0.09806623848364944
0.10322452699443192,0.11856082043569877,0.12965259603143545,0.10433121697756982,0.12337175894807684,0.11266696459630728,0.06263134016201517,0.1793500640585688,0.06621071179589583
0.14525772308810164,0.12162122791398788,0.08238735511268001,0.14304084398849945,0.10261415081828205,0.12269407209556742,0.03280024194166182,0.14458937633696464,0.10499500870425509
0.13387650316768748,0.12216789538778844,0.12109840099742407,0.11951485926261207,0.1150819233602894,0.09854347310176631,0.05294094774837704,0.18086153120545304,0.05591446576860217
0.08612980914218145,0.09507296070156122,0.09324454317023688,0.03042391100770439,0.10427583864013128,0.13285269987041518,0.29497132724423974,0.08700234267592354,0.07602656754760645
0.08940285041521762,0.11134484413045387,0.11405377221472852,0.13577146982252078,0.11218599564799808,0.10638690728448519,0.06311842802647556,0.10265062062848411,0.16508511182963626
0.10612640145302275,0.1044197811437216,0.11523692742179538,0.08929364153947512,0.11120535334105708,0.1534558936592787,0.10023569768315073,0.131094002806854,0.08893230095164462
0.14582160933684152,0.12227439212984541,0.09150656393033925,0.18086325248846205,0.12828277338240981,0.13502853534836773,0.014797898832951092,0.08779955536819717,0.09362541918258586
0.13133774534875223,0.10830584463683336,0.12177797118559293,0.2099214649684643,0.11335615019941186,0.09759329933106335,0.02618342785178616,0.10251967001041291,0.0890044264676827
0.0858174387009103,0.11193098907740458,0.10799248260953333,0.058015586077545755,0.0762769887959575,0.06255296004404164,0.35144038524623933,0.0956255556837375,0.05034761376463006
0.08918529357310057,0.07267259669455743,0.08570408363558375,0.019860008682953206,0.0784422376926771,0.07759141334020575,0.4424870390844899,0.04944213668240973,0.08461519061402258
0.08242012373053455,0.12769300410035514,0.06385670169859688,0.015053833050215721,0.06423573123187577,0.07695859186643804,0.4622500274621355,0.047155989183316975,0.06037599767653142
0.11011825449687397,0.11752239284954326,0.10724199095014186,0.14478051308058867,0.11841653609374088,0.12950834475090503,0.0372324866312257,0.13795332854411277,0.09722615260286784
0.07626683218941908,0.1124421966375231,0.08461120835153646,0.030482711111912364,0.07490314271783771,0.060169523970385407,0.38802305971812556,0.09565302141188257,0.07744830389137775
0.1026204735255158,0.12146347428914789,0.138915361076186,0.15049320681694037,0.11209006317152087,0.0914593080255849,0.05031635655965103,0.13193304439908551,0.10070871213636769
0.10898207916940218,0.09299469734906644,0.11846215292448976,0.059703063309089914,0.11256377124893308,0.084914767931787,0.24556375300833963,0.09831500919759455,0.07850070586129744
0.1017987889634679,0.14747224484531732,0.13159130059019716,0.09988920051956092,0.1063956870424773,0.06428178876893899,0.09132765401449723,0.20755616780451694,0.04968716745102635
0.06117262477200497,0.0911256924037006,0.08433374567991807,0.02888098967727151,0.07063073706957514,0.09776249602907405,0.4113532365205126,0.11550889909363633,0.03923157875430672
0.10944231556218205,0.10121204207082311,0.11295912125687897,0.14067143669765322,0.11962877877471458,0.1389687485267812,0.03794290195598631,0.08079608947957961,0.15837856567540096
0.06481241339825146,0.09563622578203534,0.08214147738974069,0.04695473825651523,0.09141032737179129,0.061306954301029816,0.36360504534757226,0.16315338277075858,0.03097943538230537
0.12015739936330554,0.13969185620599514,0.12276375359786762,0.08745894929975723,0.10481849561385881,0.09246160309152211,0.13920009537466446,0.11124322608177983,0.08220462137124925
0.12433988657846666,0.11040660428722023,0.11659467731749658,0.12479382543379143,0.11271575121568693,0.07052044074569816,0.09467072071957731,0.17411081098449036,0.0718472827175723
0.08659313323308276,0.07706541992262698,0.10246599049336567,0.027436734729087548,0.10419392308175163,0.067213891178915,0.3036983336272217,0.15391609418306137,0.07741647955088728
0.0887499103162341,0.0789538090260435,0.12134182102897066,0.09563313616082758,0.10578165028483155,0.13480900206149818,0.08239097385998727,0.05752951754275176,0.2348101797188554
0.1148512192922022,0.0977134388861899,0.11567137785668069,0.0520479932604502,0.11435388554384922,0.09386740153147415,0.21165404146248476,0.1077232917959915,0.0921173503706774
0.09249690230671144,0.1415151694076898,0.10418908252029983,0.05566897256633463,0.12589586311994097,0.23420218255971645,0.049602525669057734,0.07437881800681971,0.12205048384342944
0.10081669510400575,0.10438776225785294,0.07153442196234185,0.04776673799409905,0.0869236066643514,0.06668322127878379,0.3980914932005069,0.06892600523155296,0.05487005630650538
0.14534518126126914,0.11533664492291566,0.10240377916704425,0.1709903786194258,0.11536718711564813,0.09025142596279329,0.0311507606312649,0.13142726854289047,0.09772737377674841
0.10746395631411398,0.13754344226930726,0.09129533697407936,0.02949143209015871,0.10060797126027787,0.09351072112702348,0.2755526048175592,0.07852665656718781,0.08600787858029228
0.07652242399026699,0.10167375144338442,0.09605608977927489,0.04445538696772853,0.09406077331240854,0.0618807136644261,0.2427206873876702,0.11939130543577255,0.1632388680190678
0.09734263082933087,0.11193647897372573,0.12963385141912456,0.14454333793887822,0.10948031413286034,0.07727959162076957,0.04826448654669396,0.10220559613665542,0.17931371240196134
0.12305099011260383,0.1275487097069618,0.12612749977876045,0.16081437670884477,0.11542546056539925,0.0781952472168071,0.03046616842993342,0.13930045730889462,0.09907109017179479
0.17630990990550177,0.10684324798195943,0.10379720544041515,0.055657330911858795,0.11737936030625994,0.10133842626408207,0.1361574240131622,0.07207480171084846,0.13044229346591227
0.08974600898115283,0.11800742647885605,0.08012197258006437,0.02800974487130505,0.09006308768033995,0.06342172838825279,0.2801738854418741,0.119410112319788,0.13104603325836686
0.09832114814739361,0.12318551877314877,0.14241892055061492,0.11166530526383933,0.13240595836712993,0.15420937087387773,0.04130045712861382,0.0868362111264322,0.10965710976894966
0.0625494744392538,0.10153502720485395,0.10816525991301729,0.030973984683209776,0.09534715344192113,0.06918142813183517,0.3091092503788833,0.12118397441332672,0.10195444739369891
0.06287742181271498,0.101658789718807,0.08596696360002305,0.026751726785713126,0.0806666382985984,0.0684188435740574,0.41333653026242323,0.0838349081298107,0.0764881778178521
0.09125441457380241,0.0962673559277921,0.11870038165043817,0.1857461271913965,0.1005267163372278,0.10675311850340134,0.06460467343226638,0.09498403580776965,0.14116317657590557
0.08917847253920298,0.12787139523187752,0.1059155724000399,0.08357856245158929,0.11146814738270427,0.08137768946112982,0.06637994551936462,0.1406826946266889,0.19354752038740272
0.10406049379418868,0.11861839482238774,0.10626583960366424,0.15935589258897848,0.10665717229350702,0.08301660522786963,0.031656216607180744,0.09983917906524915,0.19053020599697426
0.11329267928589,0.12361407398829437,0.09135877345511073,0.23868246618189617,0.11618031702240268,0.12497590396177242,0.011624844612945946,0.074609522772146,0.10566141871954164
0.08280094393494412,0.11140553453428177,0.1269151914442565,0.19521108500484644,0.10791760437019478,0.10680211306721593,0.03846132417020574,0.1161195982630356,0.11436660521101912
0.2052774563968485,0.09175594966414057,0.11032199451921758,0.09674775418903969,0.10976878406330302,0.08510654186228535,0.13591398745513392,0.06776324263938664,0.09734428921064471
0.09272133887552043,0.10603210730718293,0.11530995584388892,0.19417025169705823,0.09699203349063429,0.08641385879755092,0.06626101909042281,0.1111334076557099,0.13096602724203157
0.14472089825258527,0.11136090048354146,0.09622519682135498,0.027273657397731636,0.10124436873268061,0.0980126479954828,0.23823055393073866,0.09739133963570501,0.0855404367501796
0.1297379001562419,0.12457918824813004,0.11324114982181484,0.13147248627766003,0.11354246384309952,0.10070875009335944,0.05132625459090403,0.16836166923539775,0.06703013773339246
0.06412338758191129,0.08925926968738063,0.08522266303547786,0.020999742187413847,0.0830350884662296,0.06717029076608515,0.38200554192012426,0.1341432429170617,0.07404077343831565
0.100621040170715,0.09990758787864151,0.07594303186445345,0.014028899088291795,0.07291306399017865,0.051653263828137785,0.4174108260602927,0.06570609950120959,0.10181618761807958
0.07091453762675819,0.14154974664381734,0.11725198965268298,0.05462338179827201,0.09033829443072999,0.0887543528362002,0.2989730273491711,0.10930468653338749,0.028289983128980716
0.11904700398047553,0.10316186974660779,0.11380918625338805,0.17309265085328188,0.11628208135117375,0.12064868184130817,0.03780577879044644,0.0733826975743636,0.14277004960895476
0.1141918869729982,0.09542438715090223,0.08014989629356206,0.034367039898981065,0.09749393738276153,0.05471786820737059,0.27660437756138223,0.14259286472509894,0.10445774180694307
0.15337047460357436,0.13687266210539165,0.1275386691791434,0.13510792570115812,0.11704779407205852,0.07159986397847078,0.04559976588155601,0.10555322973587315,0.10730961474277405
0.07610832698406987,0.1117787477193893,0.07213562518040854,0.017378330954645086,0.07158067447844942,0.07551423308874683,0.41901182033486956,0.04374029275768785,0.11275194850173353
0.10401223331203752,0.1004146385397124,0.12325050823850316,0.09467309510516138,0.11814952808133013,0.13448578774400619,0.11512734066700463,0.16074392429257867,0.04914294401966601
0.09745263765882183,0.10291374530647268,0.09734870251794185,0.06668354963706263,0.12650144267234462,0.2362968687279333,0.09282161562596188,0.09431235709144553,0.08566908076201574
0.13876957240874374,0.11489231709211382,0.06917876717994666,0.04697158718760014,0.09440592675002957,0.05471792298876654,0.32288760831858926,0.06818133014125272,0.0899949679329576
0.11021247541607924,0.12207291084629417,0.06121596417587088,0.17473088088772828,0.08515449884062788,0.12415150005760578,0.11433333929230648,0.03533055347435188,0.1727978770091354
0.12064687286026454,0.08277363395770944,0.1020704951201022,0.05095878028418033,0.1074886412423835,0.06072931181201439,0.2606921976910879,0.1644112201580162,0.05022884687424153
0.12373397364230367,0.09881463555944565,0.1233252778929035,0.053031649474779806,0.11459677113633689,0.08082444188395843,0.19660871167095353,0.11736985087178405,0.09169468786753454
0.114205082224285,0.12359598080945,0.14864828733269328,0.14579858520545394,0.12489920562768564,0.08126348277977856,0.05595595307973958,0.1122740072330927,0.09335941570782129
0.11419092230897472,0.10385467811524533,0.11102705820103946,0.095719201094088,0.10899031140981408,0.1334166535703245,0.10297118754281244,0.17307868135421556,0.05675130640348591
0.12125385000080813,0.06354649426288843,0.08809915488180449,0.05121597992605333,0.08709248274860167,0.0927167179897922,0.3495900311153121,0.08467456311702541,0.061810725957714224
0.09040182488934945,0.08027202155664942,0.09232735287400469,0.024046119104740388,0.09451768486087246,0.17369325188176796,0.28801754428924636,0.051628458156176005,0.10509574238719332
0.12389969041118076,0.11995003740061612,0.10816432290494725,0.05518473456671552,0.14539601803384009,0.17729158116468344,0.08246014381474778,0.09968844422084129,0.08796502748242783
0.12030832917460221,0.11457813549568045,0.1197302746565977,0.09616221862617756,0.12201290301609134,0.09383577093546054,0.0702355533273784,0.09303669263227682,0.17010012213573497
0.09297651371426707,0.1045291899040335,0.13101589675369849,0.0747171107333163,0.10584347629932843,0.0764028102611975,0.1934367040658946,0.12992099867033982,0.09115729959792433
0.07897029445163482,0.10075831793284122,0.07940130738570984,0.03219671886394578,0.0783955148052738,0.06925499716462846,0.42947708876629204,0.059228694382105596,0.07231706624756845
0.10560575766451911,0.14010910434518653,0.08928442181520697,0.06607704872009816,0.14381599467447237,0.18353712126768915,0.04416677463626109,0.08746971652755549,0.1399340603490111
0.11492698301230501,0.12907871494396897,0.11666350022789473,0.06644011298905397,0.11616237786673748,0.06279477035620486,0.19668773703861667,0.11974236229125255,0.07750344127396579
0.1336310736689999,0.11827897819871318,0.12814447842866938,0.14741431274655178,0.11583262142035385,0.08148148765147734,0.03550032921049099,0.09695886259816021,0.14275785607658334
0.061037162999933316,0.08627827214319576,0.07615891988493052,0.034854828012976055,0.0660899272523041,0.08081542459729867,0.46701356488359513,0.08314156036948435,0.04461033985628212
0.11689316596270934,0.12004607329434251,0.14873521411861276,0.0866734990518561,0.11010483565097817,0.08561532823194891,0.07243488152136841,0.08766719653771854,0.17182980563046524
0.13737507929929535,0.0853918687945447,0.10375195976899576,0.016822461707570745,0.0858132014862734,0.058072728140612116,0.3690595450150536,0.06484741179588736,0.07886574399176698
0.11718841534904069,0.10010233706051624,0.12917218727419624,0.16705292842151034,0.11344044256245799,0.08603573542107773,0.07965972085579852,0.15684797191971692,0.05050026113568525
0.10212060029363346,0.11320928070712162,0.10581147419592056,0.1917444366404251,0.11093047582377182,0.1056307071342147,0.030349574528152453,0.09529387419789286,0.14490957647886732
0.1161118118390163,0.10847415536946207,0.12237963586707197,0.11884191839269909,0.12256368015402568,0.10627595274051656,0.048799803127730135,0.09755576860072823,0.15899727390875007
0.1354213526301399,0.11116953729466189,0.13428549131408352,0.15710634452309225,0.11609198516079629,0.08714283771594085,0.04533165875228304,0.11214828113908422,0.10130251146991807
0.07230439455761349,0.07460336694523069,0.08564349499354153,0.04556444426525839,0.07401737250427255,0.06446920192067943,0.4403331334068202,0.08711317304669926,0.05595141835988444
0.10890247371993579,0.10327844688048003,0.11598750095554218,0.056256643389493745,0.11031440451479528,0.08539514941257877,0.1901434797152439,0.07543428017376226,0.15428762123816805
0.10463716997475352,0.10244821940838421,0.11188278328275703,0.16530062957597144,0.10953939474878448,0.10895198189418791,0.031951245198998696,0.08158933505284888,0.18369924086331382
0.10201323603597812,0.14558323790252725,0.09145321978923683,0.03319678565918749,0.0934660269842476,0.1281602545712783,0.23916509784129195,0.11107647433345413,0.05588566688279839
0.10509087649707556,0.11670229666440984,0.08966718606255052,0.0707105010725738,0.12824783090980488,0.26742296431124046,0.05114806891376492,0.06307298824355329,0.10793728732502676
0.15322375698500726,0.12352257115835748,0.12662631140352584,0.11006197613264111,0.11148055342060742,0.08942297363691488,0.08614785220035649,0.13446438353893259,0.06504962152365694
0.1256370430134938,0.11473126713302417,0.09558948553441236,0.17642204783160978,0.10607128134181389,0.11813836118675086,0.030573697035284012,0.1298345072299598,0.10300230969365128
0.11760555332891287,0.0956731177584732,0.08014453410520193,0.03977857724157104,0.1340127300669963,0.17237455762896156,0.1417481224359416,0.06941907441123742,0.14924373302270397
0.14085360466724575,0.09897611325893974,0.11917312751493603,0.08609253588788086,0.12212381570911544,0.10736385919090591,0.1327141469898161,0.10855395200050195,0.0841488447806583
0.07752033982278579,0.11505255487225008,0.0694288219125009,0.035128567003277905,0.06944563881383481,0.11648053682328725,0.4181923539928761,0.044874110665614066,0.053877076093573194
0.09880458946780231,0.07651999556841277,0.09230514282441105,0.09742728184506448,0.09566435915293532,0.13710465685812787,0.23380597710455006,0.1012889814887314,0.06707901568996465
