0.17175626440491407,0.07642721581647999,0.14436625862916844,0.09817846517012195,0.040268319698558395,0.1376525551317866,0.11509778244022918,0.11855126927020206,0.09770186943853931
0.02576288885241279,0.06170487507602224,0.08787669134717203,0.14389201753686331,0.19147375059778882,0.07252896098508008,0.11809024465540512,0.11486594690133795,0.18380462404791764
0.04964764024292136,0.1474423370275167,0.07253075038632793,0.1068828453911924,0.16041449934578067,0.1695556091164441,0.10499970431588639,0.11256281139333986,0.0759638027805906
0.02996123928927565,0.12155040792873728,0.11804747736372483,0.10163405955310985,0.1402132123741573,0.06676627702536579,0.11481027160814422,0.1203266330005452,0.18669042185693985
0.004102507404905766,0.1330833188907651,0.03161014538214022,0.0840131126617466,0.516079118938317,0.021667711529120625,0.08124102328613952,0.09572750696275677,0.03247555494410833
0.1997716399165901,0.10980067202295558,0.11868300296511163,0.07023086498355063,0.026636088698482236,0.1923827917301686,0.0960198078630904,0.10317428125331883,0.08330085056673202
0.23985063519579822,0.053412854103484536,0.1151750331293087,0.034740020443237644,0.16083351667405957,0.006980935726359368,0.1683152614846164,0.1186016884855004,0.10209005475763518
0.12979781155519357,0.0744712177145105,0.13896922411465232,0.06354424738212736,0.033209679883115205,0.18362474997131426,0.1332362682873994,0.1089568012951095,0.13418999979657786
0.2032838238399198,0.12210009230553537,0.10766205710611436,0.06934293774028376,0.019937511411655607,0.21884621867184506,0.08464706115744276,0.09447869075488509,0.07970160701231822
0.12995820355597584,0.08624164655482756,0.119287704290517,0.10886448229964425,0.1136338075086822,0.06265712855182613,0.12944998114934428,0.12332269571669452,0.12658435037248825
0.10388471748390471,0.20417740952342886,0.06136187906698703,0.12902653992203728,0.11026651911242101,0.050011645280283894,0.1284987763697711,0.12218018569339495,0.09059232754777125
0.06277034116281983,0.1462312659256517,0.09901565351104795,0.13029342212027775,0.04474720349629674,0.25512225686352885,0.09428895353112872,0.08566143208808562,0.08186947130116286
0.1049443676481544,0.09718240706513515,0.13368879106261156,0.08879362394655095,0.05977575241457792,0.13314757626058682,0.11325470407716587,0.11857457559859957,0.1506382019266178
0.07646990143273556,0.08360124561092092,0.12010086967340676,0.09998596485607929,0.03918925360249812,0.2074824939265735,0.13005140716394717,0.11463413205681215,0.12848473167702654
0.17894854858779963,0.12037430323030003,0.11153085495485648,0.10783794921010735,0.02992312230045586,0.07953194713734317,0.1117628272592472,0.10914531483788625,0.15094513248200406
0.14991907075005287,0.1624226548045983,0.1144495579857777,0.07989653405076767,0.051062018643375784,0.1220855661714891,0.11195678257665376,0.10442629517248891,0.103781519844796
0.010992719012888884,0.15999394515760604,0.031690011281338575,0.1120274388986587,0.3438564533658624,0.11968310604682075,0.08375894738921004,0.09213896962804517,0.04585840921956946
0.08828544020971563,0.13914546085340082,0.11199065247158084,0.13151832888526901,0.10935565820486022,0.11189673539884859,0.11619522067076278,0.12035168257232638,0.07126082073323575
0.08836909569969154,0.13897095304840798,0.11003852408706649,0.12572706706421316,0.05838009996004789,0.10234864118251064,0.12109899371790021,0.11276244678465375,0.14230417845550836
0.14788803184232405,0.06977874042469269,0.1482275844450547,0.08949426465668552,0.03542496522639646,0.10052950095586144,0.12210372790543274,0.10972727849687218,0.17682590604668016
0.092911756817026,0.18683616126503763,0.052168743491571766,0.08569121439729925,0.22186771576712094,0.021511621657620012,0.12045853002431899,0.10298319403919813,0.11557106254080725
0.03164009953613122,0.08297447946644494,0.07972846520999771,0.18141574149122597,0.10918434661667935,0.09688996913404375,0.1250666806628217,0.12799197815591187,0.1651082397267434
0.04461785292677928,0.17557289673078028,0.05625265460802561,0.15137925268927305,0.16579223061795081,0.1358834550217522,0.09738336921008757,0.09551385148642537,0.07760443670892585
0.06850684745108129,0.1783272719856411,0.0624698468031137,0.10755900930745395,0.08684977756050645,0.244593929300193,0.0916777030837624,0.09639865429131228,0.06361696021693586
0.17960729764669744,0.12267504389507185,0.10361639367852686,0.07615832227862784,0.06476138792178077,0.06629509290969983,0.13817912902082566,0.12734307160780148,0.1213642610409682
0.23065374551615894,0.07546666904567158,0.13272061676265132,0.0684535999082508,0.019290893615249445,0.17556284921211981,0.09194788508581721,0.10036475659429116,0.10553898425978976
0.18284290959475105,0.08250359253849242,0.1259901209800417,0.0889325119238903,0.025207253201012202,0.1646249205987966,0.10074605086020416,0.1081826775270436,0.12096996277576795
0.09235364474426094,0.2529515606109563,0.09684052194150677,0.08689587763979507,0.10584287199164595,0.01963073867777437,0.13425886258869166,0.11817452024535963,0.09305140156000928
0.05373809176129981,0.06195023006027137,0.12541275103384283,0.14530153830320694,0.07102578946116522,0.06576590767429674,0.13658599924567075,0.1313152669297772,0.20890442553046915
0.0705481595824996,0.1337860503278002,0.1525779805308882,0.08889801691204284,0.040002113196804884,0.17916816376947375,0.11376161951074902,0.10367306576062883,0.1175848304091127
0.04171479894718588,0.06756043423816004,0.09935295037649772,0.11970469282382823,0.10799438526030321,0.17722585069183308,0.11867540917736952,0.12066493113210497,0.14710654735271728
0.04345036943257811,0.09287187958761468,0.13242735168080155,0.14954499159291634,0.05827453671251633,0.11144824049748976,0.12812551244419088,0.11182942661666845,0.1720276914352238
0.13248736660355673,0.08999127671161872,0.1432234342565342,0.07670497828136141,0.04984711143696365,0.11327305150666211,0.14984030452885824,0.11840387308299588,0.12622860359144913
0.13162700488327342,0.1031696180405467,0.15139057943872777,0.11543745035602339,0.0379182241398097,0.08615158871739925,0.11129488931223298,0.11606605688053674,0.14694458823144999
0.13857435803119744,0.10007519903747708,0.11379908009532098,0.09168728584279996,0.05986172431300595,0.1458116141502317,0.1219210152722952,0.12412595904401537,0.1041437642136563
0.08001281709072773,0.1993938440313885,0.07385096096740437,0.12606185000194334,0.09357514544309968,0.13570139053277092,0.10474245161451216,0.10420555933025687,0.08245598098789651
0.04805057961169645,0.17041980438759297,0.1011665417122015,0.11394859360547978,0.13593551585743638,0.06194034317290006,0.11573021106320484,0.11259888152141288,0.14020952906807516
0.1346442061064984,0.15003732721649776,0.1425136425863526,0.07012871714942738,0.06385624863555277,0.11739258269812992,0.11850818788517287,0.11485557806402212,0.08806350965834613
0.05293627243212292,0.04624144973611908,0.09535620400729759,0.1909305176233758,0.09347377700922109,0.06104775750473704,0.13207972234823684,0.12565835046814622,0.20227594887074343
0.027702254683802687,0.14681474168275802,0.09254952132942162,0.12278936600516181,0.2618840574592009,0.027253685869405925,0.11947696248603738,0.1265831590762652,0.07494625140794657
0.09575147061789206,0.16837885873012062,0.08069307707858404,0.12953063895345432,0.07098382299402199,0.09209212525598554,0.12461640663340007,0.12170258185089777,0.11625101788564352
0.28049596279848726,0.1140262390296526,0.13027834263513136,0.061707414616740695,0.030883321660963484,0.08221436076268056,0.10413386394105978,0.10131831113795935,0.0949421834173249
0.10115355344342186,0.15654087469307948,0.09752521459026676,0.10555169886896588,0.03690712634733328,0.18752154701830878,0.10059017098006977,0.10652788183412831,0.10768193222442597
0.24191725822494026,0.09866171947723607,0.1533720970464295,0.07051658723118338,0.04108594360253418,0.09339139254529183,0.10678277500213788,0.10679693140435255,0.08747529546589423
0.205092687384404,0.09252479052112329,0.12872749449516702,0.10108818401028496,0.025762937776385757,0.10220835064997298,0.10630575015678356,0.10626780329050246,0.132022001715376
0.07825742125647954,0.2136999251047544,0.15952606281504492,0.0441364805427075,0.12591065033147977,0.0902550595042587,0.10427293964014699,0.10707592938792589,0.07686553141720225
0.24412167071920152,0.06964615962928229,0.12897978130924292,0.08329239846552197,0.021182409354672863,0.109922314290451,0.10337682972098038,0.103502026658067,0.13597640985258017
0.06785914215311693,0.13514681833099448,0.10170338168461852,0.10746253702921471,0.08000448165399984,0.1681494696680158,0.12076055538580129,0.1217891477389464,0.09712446635529205
0.15064993709170893,0.11040913037300516,0.1606365342860151,0.07477232543178726,0.06510085049927161,0.04054760161425982,0.1657893169952189,0.10686139053456063,0.12523291317417262
0.025580605951651028,0.13152493398957246,0.06791975010736931,0.061918777073220355,0.33273872635555146,0.020477629944754994,0.11202629169511784,0.11047220328410674,0.13734108159865574
0.049291254035024414,0.08013134546548573,0.13569021139451767,0.17558106211620098,0.09122602525394137,0.047170587132082366,0.12314292451681741,0.12269767956645601,0.17506891051947404
0.15656390807806778,0.10334788471577981,0.139033860190395,0.08776930417797597,0.029933004825531906,0.13890802411220132,0.10646831701558357,0.11108085395247613,0.12689484293198852
0.07298968373702934,0.09149393548214273,0.09301100095515102,0.10045856402358481,0.07058264817100447,0.10268929728795691,0.1392286257299049,0.13685232836396086,0.19269391624926505
0.08799795085324069,0.09797645890765166,0.18105585786573328,0.12319344314349177,0.05408595444806797,0.05168762873324453,0.1254559999323928,0.12625302006800357,0.15229368604817373
0.06635138729785352,0.1576497109116596,0.13383419288179052,0.10708658671114246,0.11179380981865851,0.08772010287377198,0.11592981983761091,0.12521205363860896,0.09442233602890336
0.12718411660575732,0.10951158041393531,0.15227409055134275,0.07711580314577553,0.05370333920196218,0.10966691823518793,0.12178315651793703,0.11967819485976638,0.1290828004683355
0.2473498803215237,0.0645571027256807,0.12501163711458915,0.08534495467504312,0.024247730925833735,0.1109912823990226,0.10702622556478207,0.10920938712492678,0.12626179914859822
0.01718255169198613,0.17398593126765113,0.10560465401625303,0.029300030006199875,0.4364400823437127,0.00543214202893634,0.08622750740162327,0.09695361486940136,0.04887348637423614
0.22309534201057732,0.08963479598548352,0.10821704390726201,0.07282908037359269,0.047500185563770954,0.11123331919134094,0.12152065752208441,0.11544149777091268,0.11052807767497548
0.21787198352864282,0.08026517331755627,0.1123438112828216,0.10853409072567753,0.09971475896163917,0.028563655235922403,0.13186916816002928,0.11835689717807181,0.10248046160963924
0.10527986023874918,0.10608740541503651,0.08984357483581178,0.08995920906232213,0.1450563028496582,0.13807678683974153,0.1267374156971339,0.12507537455530562,0.07388407050624118
0.0705481595824996,0.1337860503278002,0.1525779805308882,0.08889801691204284,0.040002113196804884,0.17916816376947375,0.11376161951074902,0.10367306576062883,0.1175848304091127
0.032113079729410056,0.08190997201743556,0.09763871483794194,0.10783220009627785,0.3159255008877438,0.02912599610850995,0.1123870821291446,0.11521599946326128,0.10785145473027487
0.0648509943124636,0.14429726371381768,0.05150092246048244,0.05300942417685322,0.4386064981229558,0.018835250949767936,0.09869281851987366,0.1003208825396437,0.02988594520414191
0.026468984345833002,0.1628896699837945,0.05128962922256453,0.1449195575488465,0.16781801419040374,0.1119531604700394,0.11238865856627428,0.11024642061166338,0.11202590506058067
0.03572087237321647,0.2026338145873965,0.10960730781115217,0.05993141246216301,0.18682136996335133,0.037618178669348516,0.15820297842623568,0.11787376343261534,0.09159030227452103
0.1728088867996597,0.10580105523730317,0.13870269466052787,0.07570692493033593,0.022804047324811404,0.15979397598377978,0.09990859211771015,0.10427715908214037,0.12019666386373155
0.12587516193690654,0.11572040575515867,0.1404257023298566,0.11723719809326706,0.05612330436298369,0.10323975813881174,0.12047835692898547,0.12487134553949158,0.0960287669145387
0.08206571352036483,0.12914522678497153,0.09485912305912385,0.11705558607551454,0.1255531090089096,0.02343659769382249,0.16972463933872314,0.14015457483004964,0.1180054296885203
0.12846925451734914,0.0651857195334797,0.12750744817577372,0.12577906227125474,0.04101539019944184,0.16168227155566392,0.11727123825840902,0.11922712837667665,0.11386248711195134
0.013845673342397119,0.1488312420144501,0.057468093899958696,0.1004482709776226,0.34482988799932796,0.0418536682704454,0.10669808635681693,0.11072478650152325,0.07530029063745804
0.0568533974840271,0.09156450178432578,0.10274694826929136,0.13482956833843546,0.17036689680098313,0.021864436363089334,0.1735700161827235,0.1232605154155103,0.12494371936161401
0.1544427318123107,0.11203563547235888,0.12697850629795662,0.11291061058691199,0.07277801608538677,0.04601581761465235,0.13223644506423413,0.11974014194622684,0.12286209511996164
0.08722822925248457,0.06783591931314958,0.06858352424415574,0.11527657459947675,0.25502552814301344,0.01671909896909773,0.15665285175234622,0.1347596852606977,0.09791858846557826
0.10954318189898134,0.11707230006468554,0.14399965152843786,0.12651510887228842,0.047225471324648854,0.10164344991270872,0.11517974829308568,0.12142760593837122,0.11739348216679231
0.11933892334958089,0.0964594435292176,0.11112927857568632,0.1266103109944431,0.05261472598467718,0.1647439141219352,0.11832642179712077,0.12311287019147725,0.08766411145586177
0.011031288966418034,0.21515215191356662,0.0388325369819811,0.06354504020573033,0.4246835300188217,0.02290912862133901,0.08477917413752438,0.08285914961781794,0.05620799953680076
0.16929599094571735,0.06809219444183222,0.1114024848657077,0.08684988371863611,0.07767315428783643,0.05682907171900539,0.14768528278522877,0.12997711270437726,0.1521948245316587
0.14388801145319643,0.10549285485757848,0.12446995932745929,0.08369223467221043,0.0346196197281796,0.17110830392840315,0.10019097758530653,0.10894776021835968,0.12759027822930652
0.17891782994167357,0.1062408116254314,0.13687656384268043,0.07481456292977189,0.022437875906315782,0.16299100257184937,0.09841398827434204,0.10345245133236936,0.11585491357556615
0.11722564039600518,0.08808285851534199,0.13637144160295434,0.12106449815365006,0.04490381427919652,0.11842865863634004,0.11410834079108322,0.11846663727991825,0.14134811034551048
0.16056407469882708,0.15315487466760475,0.1313458538876713,0.09438938024642561,0.0287330864966146,0.09011661515107246,0.1056021712827433,0.10101075803925175,0.13508318552978923
0.21102105747589875,0.10581857884261592,0.10462809765050891,0.07153762319236158,0.05849108733659066,0.1419950792007801,0.11536048973311215,0.1053978906634059,0.085750095904726
0.1703836122460772,0.059871511951667955,0.10935605092637052,0.08874749812890215,0.04299133014793812,0.1766811758811597,0.11864556226924039,0.12061073180447729,0.1127125266441667
0.07471076257542411,0.09721957971151013,0.10805125994108584,0.09610156227455875,0.10617330571709706,0.15019671856846187,0.12380625328744495,0.12469090548596502,0.11904965243845227
0.07806878951262736,0.12639196013283818,0.08984795298968423,0.15512695802877993,0.054693042080347004,0.24509837539123858,0.08658505859833465,0.09780005801404308,0.0663878052521069
0.015426380644447783,0.07828349516276246,0.11268225352991275,0.04178774339385014,0.5341118373055355,0.023530502079981697,0.0849269641803726,0.08180019051640881,0.027450633186728222
0.1293764039266834,0.08492499835875102,0.14671062127407405,0.11391686203095262,0.039836199553736136,0.12462874958634886,0.1106206890308933,0.11751417905568044,0.13247129718288017
0.26239106324329237,0.109210065891378,0.11166180564053525,0.07164186754756753,0.01831137745687887,0.11746860291378847,0.09624931414567371,0.09634032792779512,0.11672557523309068
0.13039412651483925,0.07130944991654486,0.1150785158218617,0.11221377939201031,0.044382664709222135,0.161844362336552,0.11354671668684951,0.12375440361610696,0.12747598100601326
0.15866769902646827,0.09262546036187243,0.13056082703944896,0.07892934351989668,0.024696195068898627,0.1528114615619435,0.10522642697858797,0.10988653782301872,0.14659604861986483
0.30540027109999385,0.1084435189996219,0.11821717389199492,0.05662911217034287,0.023552982842527825,0.14690849676834686,0.08539434520313888,0.09489900407823348,0.06055509494579944
0.0921309250219788,0.14306410147254728,0.07049709195458854,0.17811508088060804,0.05932087296697149,0.04868443908012395,0.13267527716116292,0.12361477606899347,0.15189743539302547
0.019437912254453515,0.10770667955942725,0.050119939442952864,0.0540732660970907,0.530128076403245,0.006987484356001263,0.09402145639000177,0.1024544597520199,0.03507072574480773
0.08630524299128943,0.09616586132580764,0.13404483781555257,0.08535704469604616,0.0897450670286672,0.1464634592488621,0.11633814842247941,0.12226436542199777,0.12331597304929766
0.26851190818434595,0.11989817141870003,0.10849812100052438,0.07219473340002629,0.05302206432610249,0.04191567223274142,0.13532058000526737,0.11658767854686707,0.084051070885425
0.05631751995100742,0.13512570717556213,0.11449173226915087,0.11818405196788906,0.07483538996124009,0.1050343440902282,0.12912143329936762,0.12671467064160258,0.14017515064395203
0.19746899475534466,0.08651508035242145,0.13642479286992035,0.08816598278838327,0.0555519060912735,0.11751106315631243,0.11564529402063765,0.11386644877614,0.08885043718956669
0.11998782124836087,0.10040200165331592,0.11910068802497749,0.1107984653488568,0.02815121176328071,0.1482138366143441,0.10788434396603992,0.11206892709973797,0.15339270428108623
0.03771211009781422,0.17149851112082504,0.07883342860535253,0.1262020662000464,0.11490803513444843,0.16126078194552265,0.10189396010185826,0.10699787315276994,0.10069323364136251
0.055834557323189864,0.08806734873182558,0.1336879432333902,0.11914983983905285,0.08598615481951728,0.1254920409555,0.11948894105247031,0.1258559208250286,0.14643725322002535
0.10879825696715016,0.16786046037783298,0.11874649257861199,0.08276922495268658,0.0811090229395698,0.09572775633647068,0.12787863198040825,0.13268665835451215,0.08442349551275742
0.08614069547770047,0.1857838645848043,0.11722556738222768,0.0548988271431062,0.10273375676272006,0.10271389185970015,0.15158961567410054,0.12211560133370147,0.07679817978193909
0.15721245989618224,0.08429195301920128,0.14785728983408128,0.0775154291494163,0.027965939595850333,0.15919509776145208,0.10991874431051268,0.11343686306941068,0.12260622336389311
0.06336660101410442,0.15308127221961793,0.1010782214281649,0.10034518067645377,0.06383494680449052,0.22500735623734702,0.11336972257645167,0.1001317769325758,0.07978492211079401
0.11134056007262567,0.09158508152486682,0.13327224967537246,0.11284338615861467,0.05646987792247902,0.17918471235375544,0.10601182465317564,0.11185747932496844,0.0974348283141419
0.08634247630298503,0.19020446180516867,0.06870946639752866,0.13471593409242796,0.04854087751224462,0.14153590539445324,0.11218656597103709,0.10991346257542683,0.10785084994872783
0.014737680578425394,0.17931627265314876,0.05670078744393425,0.019197352979768538,0.5049913329906753,0.01146281587232531,0.09083080410538125,0.09277963230756357,0.029983321068777612
0.14282886905198375,0.1535314958249522,0.13245000812657762,0.08542334943982775,0.03758338258775008,0.10470826158703289,0.10761760407028027,0.10329224412228172,0.13256478518931372
0.05404883098320492,0.16576128757148553,0.10388107463777142,0.07199227530046981,0.2605609918730445,0.042747433281957355,0.12845644667370923,0.10029326526816375,0.0722583944101935
0.13026823254546652,0.09402307871827204,0.14102485260234088,0.09760272745159863,0.04546876684983897,0.11311289126706252,0.15133207256398,0.12376403783666412,0.10340334016477637
0.07602672972119762,0.15548799643041453,0.09494504716400576,0.15127875184413878,0.08294935842767286,0.07927048281919641,0.11413862356522338,0.11305117974316092,0.13285183028498973
0.18983824151415654,0.07485280161443437,0.1354416191232461,0.07275012781893299,0.03607211148089611,0.09036829131046929,0.12234653321454042,0.1204908790743272,0.15783939484899692
0.18438052569855035,0.11744680013632343,0.12741117952235473,0.07672781463999097,0.0370176349937483,0.1563158479107766,0.10563937057630018,0.11121070807432405,0.08385011844763131
0.019855639647055175,0.14535501474024795,0.09443946195801352,0.20640462032843176,0.21567701574044426,0.08858965919140153,0.0780172346939391,0.08610340637323392,0.06555794732723273
0.013842201836957857,0.16193929627289347,0.06424286425095928,0.1366283658272013,0.24541291789204348,0.049737928731810564,0.11021153812051947,0.11163911907493061,0.10634576799268392
0.08634247630298503,0.19020446180516867,0.06870946639752866,0.13471593409242796,0.04854087751224462,0.14153590539445324,0.11218656597103709,0.10991346257542683,0.10785084994872783
0.13896254757472842,0.07745494023844911,0.15748811732099652,0.07993754812208496,0.027412881574258266,0.17108031725356046,0.1043543136445685,0.11126247439437625,0.13204685987697737
0.0803895572561919,0.08686013988241152,0.10140249625430647,0.14175219715461787,0.08637914752338116,0.13204901532006907,0.1328727639809492,0.13251714332200612,0.10577753930606677
0.10030987119082496,0.1417698962627917,0.0849489331223434,0.10821439229786177,0.08533925401211212,0.12700244042739336,0.1211624241077512,0.11362876673924976,0.11762402183967165
0.056889447421967616,0.15553580547728754,0.16184099592512527,0.12934908750805518,0.1850719398085596,0.02805367351726652,0.1203208583412184,0.10397905476596932,0.0589591372345506
0.020824143627684488,0.10067113531326725,0.0874342303375767,0.08379281948184038,0.4242749325629775,0.013973328218299934,0.10408730079566351,0.10871543194068356,0.056226677722006846
0.08995483267672148,0.13970632598788285,0.07100679863696903,0.1692515243804834,0.08558800275631206,0.08783491441157255,0.12942070711834547,0.12084918374077847,0.1063877102909347
0.19213189628664062,0.21802824252931596,0.11120189640910139,0.06603408264293924,0.06844181201814278,0.03633515771138122,0.11989890970772348,0.10814813045325461,0.07977987224150064
0.1510212197208494,0.09633089142716271,0.12595776496116606,0.08830476063556969,0.027041022202516612,0.15891936072175702,0.10803596669209255,0.11237214962295683,0.1320168640159292
0.11280461942427994,0.12741540386251146,0.11101385180771046,0.1037645661292708,0.027621404303596567,0.15766429210851132,0.1092186517088345,0.10809076257905838,0.14240644807622657
0.0533745067277262,0.16241348612236864,0.08667117180367341,0.09754747575882987,0.1937716028657339,0.0686339576375742,0.12959921029812757,0.12773292457181026,0.08025566421415602
0.08216275663890647,0.09221741698602375,0.11655735593568717,0.12663830341412421,0.06919406911699592,0.12089228502067721,0.11788437755079488,0.12210773415446104,0.1523457011823293
0.11642696472883908,0.09498350192666126,0.15179665886063562,0.1175740407086277,0.047056002554481925,0.07163689677215875,0.11830036561136642,0.12066043858213737,0.16156513025509187
0.13485269631846544,0.08317392890797666,0.13812661135584328,0.09701525567210961,0.08139708778954849,0.08890760497092369,0.130941293878676,0.12753208104197641,0.11805344006448042
0.08233975803034868,0.151012764286139,0.14804865930799585,0.1559987918639791,0.08840752597004231,0.024017117033076647,0.12577482822840508,0.1185130768053338,0.10588747847467954
0.09226717966127734,0.187762500963486,0.1109517106945408,0.06192129460763821,0.13612270583310163,0.03570380401196246,0.13538837689676572,0.12447033803868468,0.11541208929254317
0.04310386956681117,0.14406645707892093,0.09432080939679578,0.1389761880454692,0.18391706764237115,0.04100290399503089,0.12546674758937107,0.12103092010438643,0.10811503658084337
0.12867741365072025,0.09457049470727981,0.11289309753465625,0.10418290377683515,0.05092187384519251,0.10114568805335195,0.1402514641753799,0.13231982264434342,0.13503724161224082
0.25467407412604287,0.08293122907495197,0.14471797439679937,0.06859279211565368,0.025917843808210456,0.11547755139491038,0.1024081111932051,0.10278324425323136,0.1024971796369948
0.016096077798301963,0.05010717229530321,0.053910544990364274,0.1512689978580227,0.32416445856171444,0.048439022869087155,0.11538357440144605,0.11652566708666943,0.1241044841390907
0.12945493150956422,0.11282072178421942,0.1074798204173325,0.10386671681612934,0.03975076145013453,0.16107335981908308,0.11837939144981535,0.11396931686091431,0.11320497989280726
