0.1385009783504685,0.10424176339539316,0.04758018923524874,0.14297649989047287,0.19901136764828595,0.12843099603991834,0.09107258581657196,0.10165545892484014,0.04653016069880026
0.08997181974439078,0.0460009518177442,0.023337419727366786,0.09971079557776959,0.10193308324657407,0.09163036725665626,0.11088367768069546,0.078361916836325,0.35816996811247775
0.10018368627276475,0.025290050404189825,0.44951365580586017,0.12319834182718876,0.03889607290298005,0.07667375734058222,0.07039114224429914,0.06991211301310289,0.045941180189032094
0.16122655803184308,0.029874180106421885,0.2637638861613998,0.20213757520153922,0.12647220962524539,0.07940231493127171,0.08275782819345369,0.02096214601894449,0.03340330172988079
0.14008464650068053,0.1170883692025965,0.03587178150191398,0.09910944008099642,0.21289441974951898,0.09973579205336895,0.13825528158941755,0.102957589927774,0.054002679393733106
0.16625778355410592,0.07397824944057123,0.21318569357528339,0.10922113804228649,0.11814982412073727,0.09413308257354817,0.11519131296498325,0.07749278434733968,0.03239013138114462
0.22970305569034785,0.028915217549397174,0.02505341628181133,0.13745753406190722,0.09543332331588429,0.14870792204964856,0.11604072840169581,0.12422763576538631,0.09446116688392148
0.13933572061361846,0.17091063482128532,0.017073667182397504,0.1019301239134537,0.19790663876458983,0.08181364689986319,0.1250605804069095,0.08034478972439663,0.0856241976734859
0.0771191688890044,0.11029383037193764,0.028804611864119634,0.09056191283705511,0.04679469796843125,0.10857351563321622,0.07829372319708745,0.33648828078164345,0.12307025845750481
0.10364855219012721,0.19327795912595605,0.014108483280086792,0.10064978520591676,0.15990892259358055,0.15507612910317428,0.10743736844743663,0.03135833675978216,0.13453446329393945
0.21144896176166686,0.03728617322834323,0.2806915203163339,0.13357952203912804,0.06737684826463314,0.09512626792792471,0.07584237309802766,0.06778466357382464,0.030863669790117964
0.15152160714745602,0.0774598683620396,0.10130040026901337,0.12492177709722836,0.22692124644073833,0.08456731798653631,0.12280621204669771,0.062058700305996056,0.048442870344294266
0.16129212401950255,0.10224361015608767,0.05373279644894796,0.15769778364103143,0.09538975171010432,0.16267099010760663,0.11929039624376735,0.06082067640992228,0.08686187126302984
0.11544048011199003,0.08205369000541346,0.19084864590252038,0.13242877924805485,0.12758543507648404,0.07928579446789977,0.12033732691994233,0.08548085235764145,0.06653899591005384
0.12609172448058903,0.21106997072274156,0.1349268738833175,0.10096332092560122,0.14606149762824874,0.06831899645857491,0.08565913615968124,0.09679898858074874,0.030109491160497142
0.1349846394223424,0.0658907172486693,0.2555465162953829,0.11168240054784251,0.05338258251624392,0.10035861159376792,0.14052159501365466,0.07095772077065156,0.06667521659144483
0.1414766991378481,0.15224096933330503,0.06411047055511655,0.08194602537199754,0.125069459415482,0.11403001990190952,0.12183430403790513,0.11775698627399232,0.08153506597244385
0.13659140648159454,0.08414321832757972,0.03088430581362697,0.13008544417161902,0.13042280498309686,0.17761834854704975,0.12245619086900555,0.050168993579496925,0.13762928722693066
0.0485456368831985,0.02675609428886953,0.14341689562927587,0.09825502037567833,0.08114760557924927,0.0685651854967309,0.07537951514941836,0.22271372718880747,0.23522031940877175
0.08541744612730384,0.03465319012024517,0.35672588940638034,0.027363769858862654,0.1913565155956736,0.11362913807811222,0.1099213057144432,0.03911627021022775,0.04181647488875126
0.12129982906172465,0.033586947693790045,0.2783127122630485,0.1298295756790803,0.07790941120000987,0.08136563638869802,0.11161314975387972,0.11019872060568665,0.05588401735408218
0.08165038036234973,0.24773779825441844,0.02651449508513053,0.1040414473442373,0.05414045661295951,0.08089468396957467,0.10591844298995896,0.05955489230313823,0.2395474030782326
0.13309242652384104,0.15745985425087974,0.23279009700627398,0.09837378365505194,0.11415090872387317,0.06005432478389722,0.1060703163699921,0.03355397687552399,0.06445431181066676
0.1471901836418031,0.06754328635364439,0.07303552283365816,0.16468372804278586,0.12208337267381376,0.14052149717418752,0.09454463117759478,0.12797795301756712,0.06241982508494535
0.12362496512861267,0.07169809219933287,0.030728451733466,0.11593841830315199,0.32985793725135354,0.09493371337841293,0.11917771372968787,0.04371588037835084,0.07032482789763125
0.13073305020679818,0.06740355962813478,0.12868464595592957,0.08273728916524821,0.14759949599147007,0.1053767214731673,0.0912141840618111,0.2140477617955406,0.03220329172190014
0.056805659312347455,0.06960463705457424,0.08434133266191468,0.03645881003087875,0.028789830226308908,0.17817464977264189,0.132999082643854,0.1023665112101922,0.3104594870872879
0.1469844336781533,0.14625999901061432,0.07895173313641844,0.10084482019513157,0.10858939075900055,0.08791726743347643,0.12750384303155785,0.15030874764905747,0.052639765106590054
0.10989033585654341,0.14557099778602797,0.03103313123976233,0.11244754431128719,0.12009016258006754,0.06233721750464666,0.1074851136335936,0.23906336305548812,0.07208213403258325
0.0675248798013254,0.02999596795565487,0.18504682888061297,0.08014696200526315,0.027646381576552286,0.12436165591905164,0.10251865412006962,0.05918220685952643,0.3235764628819437
0.11994150335839159,0.06928597077164421,0.06694054192902653,0.0813083243863622,0.17464696075685437,0.0687232324877199,0.1340635338339754,0.26302915721133086,0.022060775264694937
0.0660089187289935,0.07385132911235855,0.01177043564073662,0.09116753416684194,0.3616235980960039,0.054864572686757006,0.08992891845236713,0.07401010714561618,0.17677458597032517
0.12563494263080513,0.09809752626758368,0.13060820917231578,0.14519888685711071,0.11215386753944478,0.07670193427661137,0.10328483925012628,0.1674129253640303,0.04090686864197198
0.0842239158824676,0.057825782937543056,0.036951189637595215,0.08543122699703536,0.29767955695354464,0.0818592924893798,0.10515872309493429,0.10636982492960934,0.14450048707789082
0.10917396324868874,0.0703342628188582,0.04708839521301424,0.10971094293937245,0.06591088761177766,0.20107837170818785,0.13049065268450233,0.0809483275668337,0.18526419620876486
0.08977220272493834,0.04467348692216375,0.11780661698638469,0.0775486327141948,0.02055430299769338,0.13738498985015876,0.07364012137698339,0.24714580394272734,0.19147384248475555
0.13420635897432262,0.09119900336723309,0.06369028929065758,0.06318495068921458,0.09562054578938439,0.1453443305203855,0.1290914424677602,0.19883402736107372,0.07882905153996828
0.08917552870467156,0.229782383972756,0.14152559613006033,0.14664289163705946,0.13209950456525865,0.07383359396449528,0.07825127924930599,0.07664050806906385,0.03204871370732888
0.0830549504565356,0.10907218723908296,0.3867540320175234,0.15323406851775334,0.042167050746724395,0.07565299772619437,0.06647986964079283,0.0643187732186127,0.019266070436780428
0.12109490371108537,0.032101865371898367,0.3825516982471462,0.12727083736222858,0.04165385281915004,0.05554437348254232,0.08351480768315099,0.1173392318238312,0.03892842949896694
0.12052244947279343,0.28799489020097985,0.0908564667097942,0.09132701904488089,0.07091385800962562,0.06970220087368646,0.11232743085064223,0.1068390132593547,0.049516671578242764
0.1821832190262587,0.06220726707808622,0.3642542584919051,0.11862808294167175,0.04970380185812153,0.08116783076396254,0.10088692352940883,0.01788017610531858,0.023088440205266732
0.1959221752016953,0.1670473878161477,0.06800930596962272,0.13382402799067647,0.09020412526277945,0.08297038116916201,0.08762060567141315,0.13302354562352037,0.041378445294982864
0.12242646775900091,0.18070084036391884,0.012284236779654728,0.10359247705435921,0.24860685206473254,0.09273128737681853,0.09923993729568086,0.09339340570450962,0.04702449560132469
0.11522310355658395,0.0586097365996067,0.031058689870659777,0.10311243720775899,0.04490360200091851,0.17150752024143398,0.0944806721386172,0.30755175271887486,0.07355248566554597
0.1177998729835336,0.05188725252489882,0.06957148120392735,0.11189047386351551,0.09941171520917617,0.11487419604833105,0.11924681299424245,0.0915994464585857,0.22371874871378938
0.09966915833257876,0.13036301285617977,0.026299184977180118,0.12333093218608333,0.19667620989141374,0.14237000572540695,0.0995275577800757,0.07826909151048332,0.10349484674059832
0.08391169433353078,0.18527369587733103,0.13308320264780368,0.13820714989369878,0.10346373678333876,0.1555807219934097,0.08214750084292408,0.07257169055420028,0.045760607073762886
0.1044341560073066,0.18516470914130953,0.03951634730482483,0.10097230227255867,0.1749807248354448,0.11428856638830241,0.10910815343450443,0.08276752267347477,0.08876751794227407
0.10258401065522278,0.09748432595948958,0.0925398087003327,0.14382994715844521,0.07271126004617959,0.20083173847348026,0.0748341916826873,0.17011850885250043,0.04506620847166202
0.10747094272716996,0.09536380051994836,0.21375753597324665,0.12238397099686298,0.1814168975277268,0.07574010270241291,0.09930132788790126,0.06641333726935368,0.03815208439537743
0.1153323641652312,0.12374499480526728,0.1443607218755564,0.11117657392299074,0.1841329303422813,0.09620129376839413,0.09389181493681886,0.08934582507168005,0.04181348111177998
0.12331344407993872,0.05756220719987897,0.07141444661130836,0.08489168808008347,0.22064004934685433,0.13616968124846743,0.13554236724232593,0.11665962793012534,0.053806488261017464
0.1358248340773713,0.10551877429501456,0.18643661517742918,0.12903283929901702,0.12065180215526855,0.10303856345954937,0.09722416606424467,0.06844957156912818,0.05382283390297712
0.06903143449785927,0.032503664268593066,0.03141051296149016,0.09963301131575031,0.09888574935560852,0.06868422811940746,0.084054469014283,0.20698172639163004,0.30881520407537816
0.1672728848169526,0.06503553205518937,0.0653175387633584,0.1409069126212271,0.1081343101780234,0.09079738422472333,0.1277399783768404,0.1573685176037128,0.07742694135997251
0.086275745641328,0.25729288852492704,0.12504049987915014,0.1239331805699204,0.08678426088057832,0.05686481436668803,0.11002014809638361,0.09323698252834184,0.06055147951268253
0.11072655666273545,0.07823508848934305,0.25097759689787985,0.1403954192118713,0.035263881793259184,0.08521730784035886,0.06091016637594802,0.2167583796832202,0.021515603045384107
0.18163180309401342,0.04176270459982854,0.07850116581666045,0.12506727991741878,0.1502657319726655,0.10271598061962024,0.14685705426956577,0.10947835368537474,0.06371992602485259
0.09352448229450895,0.06225229977058597,0.013837784463493102,0.10545418651370549,0.2609956931352852,0.06391043826249686,0.09872617160905406,0.039847875952778944,0.2614510679980915
0.09227379903622851,0.07246542327473345,0.04394220261886517,0.08406029707822561,0.2640461383077346,0.09798511926493068,0.13265140399234654,0.062260896515351494,0.150314719911584
0.09676627524707386,0.04459184986550482,0.042167628341657985,0.04849070005490753,0.1968620811305691,0.17705655991657676,0.13504042024262874,0.23219986730585296,0.026824617895228192
0.16958709744675368,0.07562708708917244,0.24969435961669093,0.13282555606633997,0.07248429833059677,0.10321321174357012,0.11977022066088903,0.04006863643886935,0.03672953260711772
0.07568958405767522,0.18458427383119455,0.286152260564608,0.10086936845251797,0.023701957164734697,0.06308665483627311,0.06927935425297659,0.18187405921576896,0.014762487624250883
0.21088078074294506,0.08986570507835462,0.16630821295481762,0.1133478410744056,0.059317549604059105,0.09180934505029686,0.12283847107497277,0.08450563873811852,0.06112645568202981
0.11788353908999279,0.12468918598334806,0.03354760459157021,0.09032075284625014,0.15514348873497427,0.09897778260221306,0.12891843659838573,0.1809372297697253,0.06958197978354047
0.14965127838834666,0.035914693913155056,0.3624557667092135,0.1285444500280707,0.0818327725277455,0.08254578274455493,0.07172627409037441,0.056580395680886984,0.0307485859176523
0.128077596190908,0.12420444889492487,0.10505821683764967,0.12325614392716755,0.07934055814815369,0.14581714989196537,0.13879446784037242,0.09959672316070649,0.05585469510815191
0.18642425443723507,0.03357948993944428,0.08879259707861216,0.07082684869310929,0.04385969059779954,0.07937486001078531,0.07771333157777331,0.39187371807028404,0.027555209594957043
0.1858787286618828,0.07681970521419347,0.10675999806411927,0.1616572325517859,0.08636110330534179,0.11355897708724377,0.08760941223797918,0.12291588997977132,0.05843895289768244
0.1300946918410229,0.11077834493798312,0.024478426811815918,0.10315364257036537,0.1408334180040711,0.12501475508217383,0.13106115648907965,0.10165854196068087,0.1329270223028073
0.2011403327032993,0.07118526131177037,0.23727075406058976,0.17317744497685048,0.05297114310198386,0.11228625165127654,0.0801693908005315,0.027137355088579968,0.044662066305118264
0.07969135015133207,0.14824598722563098,0.07872059059508657,0.12134212252652875,0.0731932254792316,0.1219918953631642,0.11161330216459601,0.13031094858893297,0.13489057790549697
0.10208425235344186,0.05234559007112304,0.020456233216807184,0.120856835823005,0.12448047681174697,0.11673890869643237,0.11525470736696834,0.044427716200520335,0.30335527945995494
0.07679342596409804,0.1276545620154765,0.05511414380123569,0.0921268305791545,0.0851808514584199,0.12104595833983937,0.10097994591310805,0.28377859087250373,0.05732569105616426
0.18434950547484127,0.13302961021433227,0.013136603370118174,0.12104865083044064,0.20245894669806375,0.08902674934104919,0.10710391469088648,0.11112984409668118,0.03871617528358705
0.10001012151489068,0.12590149753089228,0.05919012188603142,0.1035290496903349,0.16445078701536958,0.06798874776096196,0.12449534864753908,0.2108345337599534,0.04359979219402673
0.09837604208433119,0.09473148412238315,0.07946277010288032,0.13494902557097996,0.0815833934277707,0.0904593107858923,0.10358892067060016,0.136762053682666,0.18008699955249627
0.1290024830510524,0.03315105540111198,0.26282259067404456,0.1102304299482661,0.03481491925338444,0.10006289616802211,0.07426540075288844,0.20380918830413727,0.05184103644709276
0.13561846500949148,0.1358988901509308,0.14059709487694275,0.11581501302065363,0.07515720412413053,0.18497519295035939,0.0987541092281668,0.04315631143143309,0.07002771920789155
0.19815669332281086,0.05766343722615643,0.14171239188540402,0.1015663501695393,0.054794681552145265,0.10815002434158201,0.15404351815618522,0.13154276368079168,0.05237013966538518
0.10263000450605879,0.03262350074015519,0.009957828858221452,0.07606701306707918,0.1384842753246136,0.11047721764623265,0.09162500272543418,0.3774754731203705,0.060659684011834414
0.11157228595778586,0.31734168321405126,0.01991042968103826,0.0914810853200387,0.12732037707894764,0.10637502579333179,0.10109458742240895,0.04326149444668085,0.08164303108571662
0.09926930292800325,0.1767387981728783,0.27451576648962395,0.06255811740475654,0.06816076164075731,0.07526859427161577,0.09425403302846629,0.04435930432243545,0.1048753217414632
0.07232109750125792,0.10070725468086218,0.07047981122829321,0.061700878014054,0.24184689413855295,0.08741193606707819,0.1509721174562577,0.0889431091383626,0.12561690177528123
0.09498749821732703,0.03539293677211409,0.17632867275962083,0.05077670871470678,0.027971266333559276,0.14006635841715437,0.12631539209913542,0.18813492037080845,0.16002624631557372
0.08597891297893367,0.18866574242968193,0.11769956548463373,0.10342585642864366,0.14599845743425602,0.07257932765225704,0.11607786863195613,0.1492648102736692,0.020309458685968573
0.10776572726881402,0.16757630783650038,0.31599763081407356,0.1272625364582799,0.02603719110539372,0.06650862282962318,0.06987973167027749,0.10023087390555567,0.01874137811148211
0.16795249799416043,0.12724988115545463,0.0379665307042362,0.16593634201322818,0.1719859795630707,0.08326110368549906,0.10715569455210579,0.06472723658952463,0.07376473374272037
0.0992200582545868,0.11356892467853237,0.12787750601515913,0.17663585224029146,0.07025812759814835,0.13935152817084498,0.12137345243695925,0.07233200796871249,0.07938254263676517
0.08418456245618533,0.10542709930950574,0.0543653549712225,0.10665382593527883,0.031598269522530247,0.16599605552162247,0.12288212837854795,0.037703393657110354,0.29118931024799655
0.09908197049217876,0.09252485979474977,0.04392234407232983,0.09762094882848277,0.1167664887497598,0.10224460531997186,0.12949107961989637,0.03503563365194959,0.28331206947068127
0.0913047567800569,0.20312777714854505,0.01671528219971567,0.08867778542114425,0.20137011325501142,0.06938283399956106,0.10964094448870608,0.15108636905362569,0.06869413765363393
0.1298902354166576,0.12052686997521089,0.1439116409581715,0.09162533462636922,0.16732554895403973,0.09977787636193292,0.12579283987755482,0.0446707060323236,0.0764789477977398
0.08374951781810747,0.056445641311793755,0.018649979603633304,0.08952103824315256,0.10950462720700486,0.23035601343499656,0.10030912401509123,0.03448004829259838,0.27698401007362183
0.09807877162489527,0.19459640837767644,0.043147477408827954,0.12598237280824703,0.2682125506007284,0.06697777544705118,0.09989333621045511,0.06590488482343854,0.03720642269868009
0.2138452576990403,0.10127857043776607,0.04887188866982659,0.11189285492363059,0.18374215669561453,0.13096138521069264,0.09902143110192481,0.04199591182290193,0.06839054343860244
0.14400269328051332,0.1306611542520596,0.025135320109372982,0.1082465481964991,0.22597485903028416,0.10516504574713993,0.10686566244385005,0.08719918367448369,0.06674953326579712
0.16029117567739382,0.04161181224929319,0.1793586126770795,0.13114992212495233,0.06479732286723633,0.07628557038596344,0.08250477763573327,0.19244889163416,0.0715519147481881
0.17449827513708857,0.08026284008776462,0.04051664794973395,0.07790611540672283,0.21426886823336866,0.11349699164117366,0.12406605823051721,0.05146895136760584,0.12351525194602471
0.07688560782972015,0.0255628509384264,0.17308589139922603,0.06629702831782691,0.053845673243412544,0.1406811634450141,0.11716085823352555,0.1224234581357491,0.2240574684570992
0.0745933440664057,0.10685017490115305,0.2599754524392006,0.06716993385011259,0.03784839407195798,0.060284774254136274,0.085819573315021,0.1424132577004209,0.16504509540159193
0.12395838395792526,0.14130706435310192,0.05808271623563707,0.0980207135549423,0.10077986320551614,0.13374797263170585,0.10493040627762523,0.1395087546596496,0.09966412512389673
0.16484188313602952,0.04332893481864874,0.07109698052649592,0.12709448867455772,0.08443877541362665,0.06481888463276937,0.12509242960720796,0.24801300789189262,0.0712746152987715
0.13187389763241567,0.1224360297172931,0.18392612545994128,0.1365263334241049,0.06037559286445234,0.09344035246894901,0.10336944538326365,0.041330957051667686,0.12672126599791234
0.13713745600050617,0.07256821949142621,0.39396651917494,0.11990835206963746,0.019658370991693323,0.07422883412608737,0.07850465456374613,0.07133265691803765,0.032694936663925665
0.162371663057037,0.05899065237071557,0.30548542823494657,0.1336337297459666,0.05511080880857248,0.06755794326508661,0.11649618882350128,0.0647695954468372,0.03558399024733673
0.16355631744774926,0.027229410462050307,0.20514163450329248,0.13062005157087586,0.05003160206900376,0.06671082166833636,0.1100062900429359,0.21564562086787928,0.031058251367876735
0.09199816712572327,0.02837337731633703,0.03728154188166669,0.060727908111444,0.07818950487709643,0.1054986603648677,0.13155472347662853,0.03434045645235472,0.4320356603938816
0.22762922080260217,0.06713252193669968,0.15901263235294874,0.15285021858242978,0.06089757214061605,0.07778805408447464,0.11692403957402031,0.09879821016807148,0.038967530358137124
0.1284723888923717,0.07275218339362913,0.05728433218454591,0.1329414836593885,0.22324988965271397,0.09976847955215921,0.12830233675549932,0.08753289237979485,0.06969601352989739
0.22100636607798185,0.04998719750825517,0.02316432078554893,0.11400179404905192,0.17791771316502877,0.10010422154882052,0.12801128869765072,0.11831250647120746,0.06749459169645455
0.16126502414456156,0.034559414808364476,0.04921675022337798,0.08428831453705272,0.12452095492582328,0.12345301934429191,0.12493404361626974,0.25862206409794936,0.039140414302309
0.13170152604333787,0.04537763087920104,0.05605078850742381,0.10434524506747082,0.07223994665222093,0.10512188399409449,0.12893663267908304,0.2816861543288152,0.07454019184835282
0.09241916680266031,0.28214115673856505,0.02065904977567892,0.09118835117432128,0.18803422979481402,0.07457792643173583,0.09989046864294449,0.0309424341281519,0.12014721651112821
0.11165326224937243,0.05542914635038809,0.02253874327466104,0.12920918598174638,0.1175494194947297,0.1377734036179535,0.11833541469115176,0.08780350363647936,0.21970792070351775
0.09381316228683989,0.05456445887742489,0.11765999269711513,0.14404549121186458,0.23689766110075264,0.10053207336108949,0.08907241148503363,0.08017737413034064,0.08323737484953915
0.16308153513776544,0.06443850648184356,0.16903362336432845,0.16662323920383815,0.11348760422667126,0.08212177123338081,0.10659529307362509,0.06824267696816654,0.06637575031038076
0.09456463437040108,0.24403956117695016,0.20143389933213707,0.1544966925464376,0.09702487395445286,0.06445231720879052,0.0805245687211123,0.036064410157888166,0.027399042531830214
0.18385616229025525,0.036150228330262615,0.26233982245916704,0.12374882025716936,0.08209165460851546,0.09081820508331435,0.10877322886125228,0.06846071765523382,0.043761160454829924
0.12904898784369176,0.09879897820517158,0.12722394100397214,0.1380959287746529,0.16534119703772618,0.10063820399816602,0.10829147256863995,0.052460049705244226,0.0801012408627353
0.0966559491531761,0.0833925393767803,0.02810180737845283,0.08917348481626962,0.320760362455577,0.07809386656126603,0.13706411499475443,0.06032177863936938,0.10643609662435438
0.1486786239503304,0.16311600209423052,0.11980439960201665,0.1268043514270101,0.0857842189676724,0.11316942936252812,0.09878262698234035,0.08979200908594125,0.05406833852793013
0.1164390693397948,0.1094671969671805,0.03479220913080234,0.12559127890254737,0.24747000727108256,0.10204776890825046,0.1200366943728134,0.06736187577133013,0.07679389933619842
0.0826829569221091,0.14705568934204136,0.027649977702890616,0.07335224126819652,0.2505938932718506,0.08859493899287868,0.11666605163743754,0.023774573626316717,0.18962967723627888
0.137385589161795,0.13421929398883625,0.13370893920841928,0.15891271302478369,0.08575601247350852,0.0838327352608144,0.12214694391725654,0.08511212581014786,0.05892564715443851
0.18644959790205182,0.07056554752277612,0.13755660036189685,0.1329393302661103,0.06468278741046692,0.12686730495090304,0.1326764496469761,0.07638486449814039,0.0718775174406785
0.15029861535313602,0.11173366224074381,0.10254884704761565,0.1778882444969179,0.1133939577094885,0.1659911357112366,0.09396428250050322,0.028383574004542157,0.05579768093581603
0.1421425673477493,0.02467979572290195,0.306437409092545,0.08480619434105054,0.02579071642285582,0.11276539591161244,0.13015507770892376,0.14496269743305326,0.028260146019307875
0.1154806778488191,0.11881439253923683,0.2859800571693813,0.14676576575365624,0.08303479224164914,0.07953017975623648,0.09237598898052324,0.03682195278525157,0.04119619292524617
0.12311219544805159,0.06497695683844774,0.2521628628226007,0.12479906756648727,0.1006399118622936,0.07698437580854633,0.10651131585858807,0.07798977555914453,0.0728235382358402
0.08977473430812755,0.1952059096315716,0.02020668944699402,0.0978730118642762,0.11269075694941733,0.0815702116038632,0.1064894728121878,0.23903626286866853,0.05715295051489372
0.08625711808692639,0.04300346454114529,0.05730591358420737,0.08185158684604257,0.042546083635039256,0.14228135996414015,0.13162502688873015,0.06786406208804731,0.3472653843657214
0.044282298847961234,0.028192101453954368,0.3993499506275477,0.06228900161891585,0.005572670211219902,0.08477848809878291,0.055464887185663204,0.30578649037656286,0.014284111579392057
0.08112834101463053,0.0293682361520471,0.34373423316743557,0.11303472946723354,0.025153568685322005,0.122409667085098,0.08409462802680452,0.13623964431575422,0.06483695208567457
0.13580518129456864,0.12157972362576698,0.02292889197648278,0.08648442900602893,0.18059008123630613,0.10438590933196827,0.1365917780505201,0.0660662374240396,0.14556776805431862
0.12483529264484979,0.18671830810621012,0.3081989098602571,0.13161301585970916,0.028380525583729544,0.04405416525855727,0.06886449774491138,0.07714664585217905,0.030188639089596552
0.07877974875938278,0.2929471261115675,0.09951272921128192,0.14448463094544559,0.060512860342448425,0.11291354425754324,0.08873534688105315,0.09776210578394595,0.024351907707331397
0.14695568297261805,0.03586271596844515,0.19392371404834896,0.139710671400006,0.11595550016285765,0.0900801030233731,0.1204609201597892,0.03965561898699701,0.117395073277565
0.08908976719449696,0.05894876519123171,0.06361717430321037,0.14827887327563846,0.01099041206798851,0.13047913483033077,0.07611326866750169,0.36372545571648307,0.05875714875311844
0.08667649032004816,0.12266900907424987,0.10372051017802857,0.12347060991060958,0.11882562847139011,0.11886868044497136,0.0852802677255537,0.11742153286367112,0.12306727101147757
0.1331056009925107,0.1398810121805234,0.11260694021647334,0.11484295116289778,0.10827874468115002,0.10406945896942393,0.10919875938141084,0.1326944785105517,0.04532205390505833
0.08972337484820826,0.0790767549523045,0.020010612781374258,0.14391662612961212,0.18547751611758093,0.09601184570124066,0.10003158339330302,0.10898133024781446,0.17677035582856182
0.16518192406420318,0.04956568483107803,0.011689911055131596,0.10866027100561104,0.06934274980923741,0.12677040306954201,0.09695590052276158,0.27496641192040666,0.09686674372202847
0.1300835021976092,0.04893008785776016,0.195447903633173,0.10652160005219678,0.14923006603582067,0.08229032952581848,0.13777130569113766,0.11086384600870054,0.03886135899778354
0.11847774901958202,0.06125518505366767,0.041184374164474326,0.14894773426831232,0.05387255429814967,0.08942081775396597,0.09294750081177328,0.04873717362444983,0.3451569110056249
0.11172619277313971,0.09260369775235616,0.02429532836440175,0.11976894326207967,0.19206463101601592,0.07949805755805707,0.11887378438691593,0.06430077903764149,0.19686858584939226
0.07688932847903888,0.03755350867598609,0.06626175683008108,0.09382266918010514,0.081888947337679,0.11326672775766118,0.0869476756186834,0.16680423578988157,0.27656515033088364
0.16567124606957773,0.07352849993218925,0.14002743798368847,0.08425367282796148,0.09637936614526955,0.17531190923999626,0.08588562676934608,0.14462818851812306,0.03431405251384811
0.11259144188518216,0.09331929939748025,0.02673810996281248,0.11499636147644288,0.24244611544840813,0.11581202789871266,0.11595967611349457,0.05079099216212135,0.12734597565534547
0.11666566810615524,0.03730946865295199,0.2109885693592268,0.11620664085031292,0.116064998387907,0.056784281950009764,0.11352213898948098,0.1422514007890322,0.09020683291492308
0.09475748424732662,0.19383899190649082,0.15810900429327546,0.10008255705105669,0.0755296373484214,0.08089951197061625,0.08821769360983406,0.1256449462118625,0.08292017336111616
0.08828344445754821,0.14289723426907666,0.03422845799063034,0.14454650690612292,0.11100058093038512,0.1091276420730679,0.09314041037476593,0.14254391087330978,0.1342318121250932
0.0991774051137639,0.05500661238248411,0.041260066479515876,0.08333611429352787,0.19321665886387343,0.15518624510027923,0.13050672738365351,0.09779771756456256,0.14451245281833952
0.10297250811526,0.03253612523660638,0.07234501672277549,0.0964484128509947,0.040595132494810456,0.11531703530482573,0.10729589007774219,0.08296156552650388,0.3495283136704812
0.09717633039432272,0.02245863710809848,0.12676318731915048,0.07461459589950566,0.0579074945556843,0.08287164955712502,0.10110700813193903,0.41130980767754205,0.025791289356632285
0.13556782393414354,0.15831111816631144,0.11237332915151847,0.15156982052947263,0.19166594778379112,0.08545451755949425,0.09976700566957779,0.037093204942329344,0.028197232263361415
0.10060614627308163,0.16316822828977326,0.054287690630579664,0.09091459730737893,0.07999151354493676,0.19625029541887107,0.12165819136254909,0.060552099502638006,0.1325712376701916
0.18012020161809625,0.03054121327664178,0.3117593586888842,0.12361965036774462,0.07361934472689173,0.06132645982954755,0.10668747422827056,0.06522517104743253,0.04710112621649076
0.06556971035227495,0.23303338928880332,0.012765514478915376,0.14115203317625588,0.07873135260287158,0.15465103801688937,0.07213078064231637,0.04255242817069924,0.19941375327097388
0.12009782976730303,0.03571915631509958,0.09245296842825744,0.16241568501854262,0.13150597909134432,0.1769338232724578,0.11408080113146868,0.12981307488735896,0.036980682088167516
0.0723715248797261,0.03190258532571268,0.30151155190726936,0.14210296561949995,0.02669462011457864,0.08088393156390596,0.08257953081197587,0.20166040417055942,0.06029288560677204
0.08177782037442545,0.051749394050459335,0.38142443630576905,0.1042256982541487,0.037819194819697276,0.08384480464675785,0.1115333444032972,0.09651240445934546,0.051112902686099575
0.11930901539300048,0.20754775993132502,0.032155023665392614,0.10728639562133069,0.12580197128565143,0.08302438365548827,0.12062411442250487,0.14080484065364549,0.06344649537166111
0.1523623151634228,0.21370500515156632,0.05619104761745767,0.11859110658376842,0.12629841092998384,0.10306472373294612,0.11362598864084354,0.027975634374117733,0.08818576780589366
0.12065429315413978,0.10034731777179813,0.02018303484126213,0.09411369209327743,0.15357147605973875,0.25891274141537696,0.11546251074801162,0.03717272031064033,0.09958221360575477
0.17281041685313622,0.060362047409890734,0.04457701087426705,0.12512491361141778,0.12879832186983142,0.12157212613763081,0.10992155731219054,0.02731301459713209,0.20952059133450332
0.12076794660509797,0.09374283664341744,0.14015051624426536,0.1065210596952797,0.14556304762672853,0.13884096775944035,0.1246973337421393,0.07865154485155658,0.05106474683207474
0.11684906997812534,0.10773707446057879,0.034731521978548986,0.11111787142895403,0.13062734529094142,0.15286195208695377,0.11427110128523373,0.0469947782356275,0.18480928525503634
0.18011158315466955,0.05961554198409306,0.22636972189745444,0.15505398713562726,0.04954698687550597,0.0893940959389153,0.11690331064998294,0.08464098760974348,0.03836378475400801
0.07100773474237365,0.05629398261623541,0.0702695147866347,0.1274082085223128,0.05868630735847528,0.10269313071644785,0.09347434527610383,0.26130918058940866,0.15885759539200792
0.10055609793203545,0.0993940245650025,0.0300807801185529,0.15518527434957077,0.11007543747118205,0.18436872964789863,0.08421286926626294,0.09140352693482297,0.14472325971467181
0.10459845098254981,0.10086617378256675,0.24595492822821088,0.110485998016062,0.0595144833593071,0.06799125417277681,0.08387748067497204,0.19564704252708487,0.03106418825646981
0.1247228915655438,0.14441435518827636,0.268327974274162,0.10934851825496883,0.051166944288820744,0.05302756788119215,0.1292584892176548,0.09279558079580369,0.026937678533577536
0.1121450658613317,0.06573884486721392,0.017248530801782888,0.08720418060441033,0.3818216894768816,0.09402203163317253,0.11321940371357664,0.06263935322787352,0.0659608998137569
0.12581866154764698,0.22982131845707351,0.036999969998729065,0.12099659716991545,0.09195741806323525,0.08475101173228505,0.1152381494415937,0.11244770616043165,0.08196916742908945
0.12451294029996317,0.04634844733225435,0.032164163104608214,0.07953623315694047,0.15220315172119958,0.1500290973183138,0.13611910769607996,0.05619897260912266,0.2228878867615179
0.11825978510471359,0.12046746063340104,0.048938082030777354,0.10992701573568665,0.26220755026371506,0.09704734109779957,0.10595871175018316,0.054439891230481784,0.08275416215324184
0.08741390707582147,0.04825351552009339,0.05281493314610843,0.19110665822174977,0.07662791366506601,0.12416796623467806,0.08064053840509249,0.17813126077408614,0.16084330695730428
0.18239870543739523,0.06230719511170387,0.07000705757666247,0.11856883235249956,0.08875287631191654,0.16565591871641464,0.1243736380056556,0.0717042566887221,0.11623151979902997
0.08166774135825512,0.2965880738959079,0.325454444426497,0.11813725818064347,0.036875029708025815,0.04844400126001342,0.048518475396474824,0.016239211026475225,0.02807576474770727
0.07532624860947519,0.2357346023865171,0.24624103953624646,0.11229813277320806,0.019958728649569945,0.05461425754776216,0.07132012189828207,0.09226860524981077,0.09223826334912828
0.10099345311969042,0.17564138008582908,0.04849042585660792,0.16599844153884344,0.17789765943949506,0.16395714247527288,0.09596764508194507,0.02595470116863635,0.04509915123367978
0.0831049760206588,0.05626039120893905,0.03252849909256129,0.13686018625885746,0.11208402879752984,0.15896245354102892,0.10270911108598123,0.0735843911302419,0.24390596286420144
0.19624260530631324,0.0958207071346509,0.27712447305820503,0.08983889190615187,0.06882973669094788,0.07592204098293281,0.11337911579860906,0.04718725445624563,0.035655174665943465
0.1260669489534021,0.061625789229068695,0.017947377175661805,0.10773934352290221,0.22168818517242872,0.11323845620776951,0.11430708757809217,0.107642162249042,0.12974464991163284
0.14712787979681666,0.1414490758441396,0.0658295490133506,0.11215800300217209,0.21688499799314212,0.06980622818617067,0.1300289921610224,0.05478750916882383,0.06192776483436197
0.08394737073929133,0.03188993781110872,0.04585422451575791,0.0751279777957883,0.040612654449184306,0.06781828455852286,0.10477684592709695,0.04409506559928129,0.5058776386039684
0.1655889433106419,0.03765192583792268,0.07289636406537847,0.10164326183115503,0.08005252505496849,0.20665329790620776,0.09270647688780127,0.18381448030040534,0.058992724805519085
0.0707310216274276,0.05273138458090537,0.30831469085538166,0.06359136885528084,0.01194914135612655,0.09854773181418393,0.07300380539441369,0.2531095820979968,0.06802127341828357
0.10188696057076128,0.12801002262938957,0.04249538959349667,0.1174906831727854,0.25261018503632376,0.11259459024624269,0.12621413907008927,0.053749898154045996,0.06494813152686534
0.10883509267180863,0.03443958434123996,0.2039792894381495,0.10081424719556853,0.12580103308177168,0.14868598108148615,0.08442445108641934,0.16047804387254086,0.032542277231015306
0.13293827007329606,0.1317675896787747,0.32224725435239837,0.09319234181549896,0.025460257572418116,0.11556022991182524,0.07252345013302318,0.08233349371404654,0.023977112748718832
0.07350098732886724,0.04452027425870117,0.0387424890155596,0.07173372843576141,0.08666177630782845,0.05484742464277977,0.10883784343613077,0.33712367460686354,0.18403180196750804
0.1417122776849494,0.11037131749107909,0.2561765518207999,0.1322466416833358,0.08293314864116433,0.10224873724273059,0.08755320757958011,0.04539511094157795,0.04136300691478287
0.10601485442754606,0.12015537942870026,0.021594750124659567,0.12981940529153677,0.21365778276304914,0.10720564501127401,0.10815518448876742,0.06799611820343492,0.12540088026103177
