0.10446073570253618,0.08619865744313938,0.1262046968328551,0.06760981681237813,0.09162386007935848,0.11140685074563994,0.13343936464269193,0.1456490905766303,0.13340692716477057
0.08588660797068708,0.06583037196028536,0.08031977267130579,0.08214172273313132,0.09770982462443807,0.11038118286488303,0.17171357833489678,0.16734856818715638,0.13866837065321616
0.08100108898071652,0.182536531955607,0.08941847447830932,0.12866125258968528,0.14188889683446668,0.11810392410608357,0.12070700983201366,0.08291303350596041,0.05476978771715748
0.12419600687689429,0.08023578936057886,0.14311740146613036,0.037326124849220044,0.10799515021256982,0.10220169402128532,0.16458354715707724,0.10596734355335226,0.1343769425028918
0.11801126557411545,0.07503212926344129,0.11340725675385427,0.23966256094809077,0.12314203852304094,0.08843259401878294,0.08534255343888685,0.08309536106536691,0.07387424041442064
0.0841724205170185,0.14534942900052003,0.09837204484741315,0.05886092467492678,0.127895666309414,0.13024131260599217,0.11597395738158396,0.07308642742740164,0.1660478172357298
0.09851054390925529,0.09226032823384438,0.1094745057795375,0.19030200301552994,0.134505384609685,0.12073805888260204,0.0923298661841635,0.10681513917879037,0.05506417020659202
0.13571845440158797,0.09198095134612772,0.09030553282694827,0.15878348739742584,0.12537609134280872,0.11651602661741618,0.0715154941777039,0.11060021878582514,0.09920374310415625
0.11630245538620172,0.07724938325943079,0.11692950928229395,0.11723754542991704,0.12189623488989222,0.11269612575246735,0.10589576812678708,0.11353526181975193,0.11825771605325781
0.1121139852834866,0.08923472624572622,0.06892344941066737,0.3035068170243774,0.1158132616786547,0.083000300028405,0.028399847427964003,0.07428546814685301,0.12472214475386567
0.10379605719051117,0.09553696760685647,0.12248005454128957,0.13066387247605452,0.12107761803711979,0.14395617844005648,0.09538603699717706,0.10041941800440453,0.08668379670653027
0.10086038107992594,0.12164530511044071,0.12932367388252675,0.13448052406081049,0.10320810118925301,0.12208512748791765,0.07544357626680648,0.11631395507622155,0.09663935584609747
0.0948645344808432,0.12563769281093531,0.10388457595057003,0.0567631732232464,0.14466401241525614,0.11661137954930893,0.11837600778500368,0.15443156588534454,0.08476705789949178
0.10905737965090274,0.08781956399165063,0.1057450800837959,0.21637977240382758,0.1049041475866911,0.1368473343807156,0.03914359429122189,0.10727594746569802,0.09282718014549657
0.12443971606866018,0.10368448002072657,0.13515689979684628,0.026493336023868108,0.1344292240371955,0.11028859260068735,0.09923044646817908,0.1323529377365441,0.13392436724729276
0.09914534553043469,0.07304623689556358,0.11528193648640266,0.14422649518463904,0.10631859519574938,0.11945791901499934,0.11637976385462993,0.11362851766932962,0.1125151901682518
0.10481298086876323,0.08031924398807216,0.1445605813573034,0.07427176470356464,0.10546989487072207,0.09822435013121894,0.03339928585110328,0.1581847043976152,0.20075719383163704
0.09625543390094171,0.16302696498952574,0.13737370206131558,0.059426893003782066,0.11462450475521635,0.10816883076480784,0.10262995909367889,0.10523216460668393,0.11326154682404795
0.1309852852539571,0.1497620627773794,0.11633671950893597,0.08677332176053658,0.09569415508218183,0.13407012845556598,0.12424366189153273,0.09052321938241599,0.07161144588749432
0.1335756636106533,0.0865791756908972,0.10577496604460505,0.024223169173714115,0.10631999677540534,0.13532099980041035,0.1404905721141632,0.10113183524947549,0.16658362154067596
0.08903316320737487,0.1236935127889645,0.13448666327187228,0.09365115457511092,0.1244575333894286,0.1253581472043502,0.039366917775821804,0.11793882106207625,0.15201408672500058
0.11234667298757207,0.09753370778000557,0.12042193219846914,0.13911367726359558,0.09921726440594773,0.10437065768246018,0.12616789061742778,0.08570109517974239,0.11512710188477959
0.0905538438665926,0.13815744724990556,0.10980008271828677,0.05923050815467664,0.12757040470620482,0.1188689204999066,0.13442748163441645,0.07167908068777078,0.1497122304822398
0.12256549491338627,0.08817184672261898,0.13147226324606695,0.15389268880680948,0.12116024392853593,0.11348089332130411,0.0929596007434559,0.11277329464863857,0.06352367366918381
0.10897937474074582,0.1064734090598405,0.13501562695253302,0.07060774074578297,0.11662949320999542,0.12502686767424986,0.10272174899905688,0.11472897253090308,0.11981676608689244
0.10163375434679374,0.09631821073036174,0.10874726701552158,0.22625540426944143,0.052028767660961296,0.0914205446770295,0.15522494438717993,0.08116340619080893,0.08720770072190187
0.11876310009477463,0.15663971884773717,0.10752356736122219,0.055650353093671424,0.12523123441164732,0.11904039175266583,0.044792027799549376,0.13472525579891012,0.1376343508398219
0.09447117966564261,0.1079656906931296,0.1113126227904589,0.10743358519821361,0.08849329000880024,0.12110855470154967,0.11813419708147403,0.15128993069946564,0.09979094916126567
0.0911789554535161,0.14695735547186015,0.09398355949775135,0.09377257222579749,0.10678506585997004,0.10685021675317447,0.2462896032411567,0.06823319385501853,0.0459494776417552
0.11117188848915587,0.09914842388768984,0.10764182319235323,0.15868930985806198,0.13489993435859624,0.1190617747930543,0.04721762657288961,0.1448804698302619,0.07728874901793707
0.09889189713908401,0.09707331587795799,0.10964854185528712,0.21784524276663209,0.0932223838327555,0.1039006784416156,0.08827521099156026,0.0724301680534245,0.11871256104168292
0.10458537886635348,0.10745078351822172,0.09517567806105266,0.04413459144706894,0.12992651769880162,0.1078542571868447,0.12319122735031153,0.11485923172248247,0.1728223341488628
0.1249447428969711,0.1038634437184651,0.12817135924797046,0.0710801690150845,0.12823285934149883,0.11122115567868578,0.08108243840474831,0.15890420577896872,0.0924996259176072
0.08100694080640504,0.19238466619508485,0.07813694943188836,0.14607981408224988,0.10903013732121791,0.10794508163196635,0.1610956535520505,0.06508815720588892,0.059232599773248136
0.09231556915375218,0.08308688505411266,0.11352589773947985,0.1559302076748195,0.1193005275185251,0.12034564810441183,0.1735565856702741,0.08493567086588265,0.05700300821874211
0.11213842040088945,0.09726773074576055,0.11242399111300261,0.11190463257187176,0.10350630680009686,0.14083688026597685,0.08999063944138803,0.09265449564483293,0.13927690301618098
0.1088161175972228,0.09990212722894903,0.10991298755325828,0.0933227906186372,0.11701211264100632,0.13915678941450862,0.0881749435809196,0.1573475689319275,0.0863545624335706
0.10612118278240779,0.1255752409627928,0.18204224332159766,0.018822415081015075,0.13815568374132656,0.07857545125817862,0.09033192938792228,0.11650838660800635,0.14386746685675297
