0.009802847391062724,0.15563806452282786,0.04956714022730452,0.1795677325810696,0.11223665342146572,0.18123217365900646,0.2118935226044768,0.05816961094399888,0.04189225464878759
0.1815646740062653,0.11245677283443417,0.11551765159583087,0.1750581685161715,0.11880702564537499,0.0493560998112495,0.10254945652380999,0.10412836069378066,0.04056179037308299
0.07553576386291341,0.09162318199657775,0.0943095474544338,0.026650272605790754,0.08867412504604966,0.19222506494288194,0.09051364373809155,0.006629904098873794,0.3338384962543874
0.029845254452624648,0.08072928873087525,0.039871503569286725,0.01797670367824551,0.0790407143094939,0.3874403083044498,0.08532112465525499,0.0033989798038681026,0.27637612249590116
0.07739950043928347,0.17936950094622284,0.09326790000358472,0.05067408288114363,0.12763759094162527,0.12932332508223376,0.20882427310691642,0.03311022814256651,0.10039359845642337
0.0844711148164845,0.15383571255832573,0.04144512989688569,0.2369456740240882,0.08859869047517362,0.14605263909782393,0.10221250628513472,0.007377760998142541,0.13906077184794108
0.07029759790128448,0.10537691681043078,0.08509949668362375,0.1654190048771679,0.10389225366613301,0.2801494014238211,0.11448674814296951,0.02646663581881155,0.048811944675757925
0.2968959949617704,0.1353656748250329,0.11674745663577513,0.0676345205176556,0.1218906531941051,0.05161481270923305,0.10499288288911914,0.00890591514020042,0.09595208912710827
0.2524076145323752,0.184300240198783,0.14951395806700662,0.037967195600170235,0.11172212562753742,0.03745977269517533,0.10353960219932445,0.02235541976925803,0.10073407131036982
0.03686045863015265,0.060777713808437606,0.14636110608019717,0.030795357905546623,0.08620831282000184,0.3408781654143982,0.0849837335417437,0.010513694825966093,0.20262145697355616
0.18116375335980195,0.14210222153094407,0.055911013651543745,0.20032528846141076,0.10392469328377985,0.09128036156448179,0.10890266373773856,0.02237063470708467,0.09401936970321466
0.04031550584918458,0.0973755530215683,0.12490197814451996,0.14816446427311564,0.12446041432172229,0.08320248721223729,0.1108467133687695,0.19326653128494117,0.07746635252394131
0.10234271565408903,0.1217375124076478,0.05881929386462067,0.2708563192560061,0.12472252324217074,0.09321304361068337,0.11027805487964114,0.03605171166213425,0.08197882542300694
0.08622541214824568,0.11172822482794782,0.12298787714691906,0.04323689452519502,0.10872438377930554,0.03004427905310723,0.07611891735172147,0.2648494817338893,0.1560845294336689
0.014626858513593905,0.0806337117732812,0.08327297655564285,0.11854131880488754,0.11807994179779197,0.03475983970340298,0.12700130629152678,0.33305140233905134,0.09003264422082151
0.07372710395606406,0.07359027482727867,0.02262789735177069,0.03880093191932385,0.07483622434429259,0.4011338379057085,0.07421956376308596,0.0015173254879325526,0.23954684044454302
0.09836982925035852,0.08088987392157887,0.10733318817680974,0.12284733861718944,0.12284400858179671,0.07210154341345613,0.08731062069621288,0.2713611950160686,0.03694240232652912
0.08361858832516948,0.11287442139995633,0.09448077756254014,0.03464017604828756,0.13612985069902048,0.06509706994369985,0.1899351257862063,0.14094777801986116,0.14227621221525874
0.04044540254555473,0.13611234598353306,0.042237305429912275,0.1318050957968631,0.0997049547333423,0.23807911342780455,0.11377032679255283,0.00180348454541615,0.19604197074502105
0.2805169704096293,0.15035076898560143,0.13088879781061435,0.07077950900500658,0.10202621400949534,0.11728815405208358,0.08923663319028885,0.008588726310768272,0.05032422622651226
0.28207788653197347,0.07993887807703065,0.1545355644794074,0.07745109932083706,0.11102601164718003,0.07806760256208567,0.11600348378100268,0.058179649511290656,0.04271982408919232
0.1029841007688276,0.07406299675971763,0.2436727383932871,0.012157842259377294,0.1033886734903271,0.0645996730036766,0.08915093281783908,0.11753128207945261,0.1924517604274949
0.07968626306963728,0.10171246025428153,0.14704463908599388,0.0035344720587171387,0.10561686123213088,0.08428768834023119,0.16028883003358876,0.03201813823687485,0.28581064768854453
0.14129691818866377,0.09356224645348299,0.05711392777446023,0.13216945305824293,0.10217809088489559,0.2729429306628231,0.09906273111956714,0.03561428670336977,0.06605941515449447
0.012336776897751353,0.16263538614866074,0.07186149071917265,0.07115501341484443,0.12147428733566201,0.09324276502739497,0.2720228253987674,0.08989780574479923,0.10537364931294724
0.33059436243590423,0.12603977302332645,0.051501439501480485,0.11310185183760828,0.09320642795349683,0.04842439380681691,0.09148875220903109,0.010820822076521108,0.13482217715581457
0.16796405009952375,0.10133972540020124,0.07141555509858988,0.10742046865911081,0.11496933497613411,0.03206966779813374,0.10074278316806873,0.20245220453660098,0.10162621026363672
0.20107068836688588,0.14331747485313143,0.16360340317444658,0.020277699856831047,0.11526242359898246,0.03294424156682233,0.10839117054664545,0.019325537860370227,0.19580736017588463
0.08975705330634731,0.10610285582831898,0.08432303138885539,0.3022787816466278,0.1186260771953797,0.04170333163855108,0.0884830453763296,0.1291856031300289,0.039540220489561344
0.2793505260180106,0.08124503426779621,0.10160337871194602,0.02153832621516516,0.09747608684708485,0.12392725384189296,0.11475691403471182,0.006543623522158065,0.17355885654123437
0.03551903992382965,0.08726556177177773,0.10725827717466373,0.04784330519086161,0.10651355133323119,0.08327240446308684,0.1539882229038241,0.29207894559534137,0.08626069164338375
0.022964318620695787,0.0979878086637674,0.14355531388426493,0.05736116114100872,0.11301369201826834,0.03836917215534034,0.15089430758262287,0.25697187580616715,0.11888235012786441
0.14086147561197707,0.11416951951435457,0.10376234874611139,0.08077229318252609,0.09555945302500073,0.30285856234953173,0.09158082884975804,0.004683141636077724,0.06575237708466262
0.21859647351680098,0.11698557210995732,0.12325663106563899,0.04789329982425942,0.11000105902134107,0.09555836836214567,0.09827237845129638,0.007957626498757761,0.18147859114980236
0.14222156195473193,0.14144502588311422,0.09140111189699225,0.026450174788083296,0.11998174853809429,0.061902276184024,0.21024910339223146,0.04951021788128956,0.15683877948143896
0.05355476650040266,0.1079270254188276,0.06857598180305753,0.2618568164063612,0.13425274341453067,0.1317607387115969,0.11309851584098836,0.07899853412057754,0.049974877783657494
0.13743254004179772,0.11628097036412703,0.2034873498761145,0.05550262542974344,0.12461332437728863,0.08664449810828974,0.13561119293043405,0.07060220947198677,0.06982528940021814
0.02992316175976019,0.14937177997967185,0.06360148797563966,0.1489034090774141,0.1267731009276347,0.10464665774160309,0.18338691980038044,0.07523077158586662,0.11816271115202938
0.19460104159692052,0.07337252883885709,0.06445365837344795,0.01472959671080946,0.07644999104289966,0.26753890263403296,0.08915239194613629,0.002310645484080142,0.21739124337281587
0.11592228045788004,0.11675911199307921,0.06916169001568528,0.2710609058323788,0.11816835697234733,0.0869770751821901,0.12922972956788603,0.025532577247282282,0.06718827273127093
0.10341323355354333,0.12689374370476486,0.06419925283230822,0.16756079776952973,0.11516468007389558,0.059322889350309334,0.10267576514741472,0.07276917569290896,0.18800046187532518
0.13689571163405667,0.11655263576620023,0.04892959584722478,0.31795739828540953,0.10215437793477496,0.06404337556977323,0.11214871547005512,0.019550759143964026,0.08176743034854143
0.0008648719036433503,0.15999692168282034,0.03877675774795072,0.016954603360086935,0.07806888040552658,0.1974423327660569,0.26961525591706753,0.05562208230272533,0.1826582939141224
0.09424545623396911,0.07862269795957323,0.0712464735695105,0.36171735749715667,0.09163337243404977,0.1612111708396138,0.07422416118300547,0.050950340022297314,0.016148970260824003
0.00380710922811889,0.13207106531170287,0.05128742083488494,0.032762817273308806,0.09171640040527361,0.11995823104168303,0.21676955524993932,0.03664669120057241,0.31498070945451623
0.07554259453939251,0.1426725173369877,0.11260657075733381,0.12377873026369753,0.1410519177993789,0.0933719209554416,0.11798122891698874,0.02438815456826321,0.16860636486251615
0.1299497845174312,0.1152033855522745,0.1779925695738275,0.007325104917869261,0.11543024396929409,0.0526966141265633,0.13370998676579515,0.023501068305440072,0.244191242271505
0.031539212549410466,0.15678773373050245,0.13893220476349435,0.09281350425050927,0.12827365829161877,0.051316545355385046,0.14928294566506636,0.1282113551419846,0.12284284025202863
0.14735829297615916,0.21067056493066613,0.12211797638221801,0.09160809720034042,0.11691300048752686,0.044815107707852665,0.11868303799480995,0.008013229583487663,0.13982069273693917
0.16788280031863534,0.0725187018885758,0.03144362512219204,0.3904821455344056,0.0853388530134349,0.08239846968289917,0.09639315500372009,0.034267319068217866,0.039274930367919104
0.014362046429465076,0.13548557277816167,0.09305615751038164,0.049980936247792346,0.11038381296815752,0.10869800910878713,0.23836039715689425,0.04252925940619003,0.20714380839417043
0.18840793086546395,0.10446797793119034,0.12895940748436938,0.07186617642407142,0.09442722602830526,0.2527570862100083,0.10886477042574083,0.025337465194161732,0.02491195943668884
0.05191373673482538,0.11072250844219134,0.121453545630114,0.0664546300408633,0.12875967907852892,0.12042966541845768,0.15673798503685857,0.10399196412300327,0.13953628549515762
0.15603194755039793,0.10115953172271928,0.12294267855772441,0.09431221557233505,0.11731751817572707,0.0799372425534639,0.08851406010926281,0.20057150123785059,0.03921330452051892
0.06802041862352744,0.10417100110709789,0.1554724698812279,0.007198455548632379,0.09973411562870509,0.1661307780670068,0.16737671816639724,0.005187074058474538,0.2267089689189307
0.17990993735190206,0.13992678452603843,0.05147710040358835,0.2097036315703251,0.11485958138947545,0.04417048174457048,0.0840686842942517,0.005055314436750651,0.17082848428309774
0.04528274560533289,0.17639403983110835,0.05784391416217877,0.1635356188540998,0.11285561010516627,0.17234156145497082,0.09946938862527659,0.02633724199998987,0.1459398793618766
0.044480990773717234,0.08864009298476654,0.0766649226615325,0.03899326185461264,0.08025465429709831,0.366048113695512,0.10705506024888656,0.007034218278780799,0.19082868520509355
0.09886572929357312,0.1306484427915087,0.04108283587749832,0.3717669543028744,0.09702803303140432,0.09449175507403833,0.0963308077169659,0.009324508157919383,0.060460933754217565
0.2164269267804805,0.1273095093230977,0.08387746019523466,0.0957691631726046,0.11290798040607364,0.07175479023589228,0.10503956879940256,0.1433081414348225,0.04360645965239154
0.16159368678216046,0.11533198329504868,0.1788003621808396,0.055221179709248225,0.10645779392751085,0.09099024052302145,0.10868357533029405,0.07650966475498264,0.10641151349689404
0.05244805955600932,0.11900307997082064,0.09558423716455161,0.28784418886532487,0.10928071808743904,0.06281595267817364,0.11794008516868869,0.11157797347758186,0.043505705031410415
0.07728596104693737,0.16491652761364103,0.06654026541307374,0.1569177494219692,0.11842195194049483,0.09839760451970064,0.09467663748077425,0.001443278984239459,0.22140002357916946
0.01028648813657816,0.11040279646715255,0.07745440911097708,0.13385806766398106,0.13597144392267593,0.08710854842311799,0.20542712026220258,0.10683699303134193,0.13265413298197273
0.29821024947823344,0.1083612097398096,0.0948241954788494,0.04811612797524592,0.11718450224849412,0.07348870789180388,0.12962346725866103,0.018515505038738982,0.11167603489016363
0.10443225570163495,0.1329047536520549,0.06981294792472424,0.26035863176597696,0.12921504203420978,0.0825358716997157,0.10767094929076614,0.03524515439591442,0.07782439353500285
0.2703315868361478,0.13310947866555198,0.1028625708222633,0.06865433372877106,0.09863721024687104,0.11391134376956012,0.11526090709508276,0.02427398683550021,0.07295858200025172
0.07011607892217131,0.0802302054554744,0.15790955518774988,0.007865631582239994,0.10969247072018135,0.0776517171550077,0.09823261754535588,0.214881833340446,0.18341989009137347
0.25674469144963724,0.11050298482849615,0.10491105870639583,0.13343739460365386,0.12455977423166824,0.07104568658396576,0.09538222433284645,0.03755573990887485,0.06586044535446159
0.23100976751804306,0.1496555147494362,0.11517582857745394,0.12555463081351884,0.11715958366852276,0.05064495794072773,0.09400052227146923,0.015599581199431023,0.1011996132613973
0.0035937558600467705,0.10487110232544443,0.04190051573141155,0.009827251165882367,0.07186407849926897,0.12034917915501782,0.18702419794245362,0.11275943527075065,0.34781048404972387
0.09759682905626349,0.13607154425801535,0.07677300726609677,0.21294312146254457,0.12145647646971945,0.027396202695172456,0.10063149972539098,0.12713112462543472,0.10000019444136223
0.2490943032740139,0.12313508533386203,0.08487229613748008,0.17018217092230567,0.11247615932550159,0.08778808666118727,0.10911345816053201,0.02672141669668643,0.036617023488430996
0.02995569454694073,0.11816974050523903,0.06363420829753713,0.017697419349709014,0.09314331365928907,0.31916449443397005,0.16011628885747659,0.005104418924303161,0.1930144214255353
0.05684202409969185,0.07395046764461981,0.13313232293619118,0.0010728820599273214,0.06855241186064227,0.20083094257507997,0.07292099818935219,0.014330442643205661,0.37836750799128976
0.11787850182924275,0.13529536414475404,0.20824404018321943,0.06122885510074444,0.11567003344706422,0.040543461141920506,0.09804323789626762,0.11475743286963098,0.1083390733871561
0.10508469000629839,0.12845032168966772,0.08943823375933498,0.1851439203590188,0.13320641680724724,0.08464703280840903,0.11959554367056603,0.06937595658572927,0.0850578843137285
0.01771384476603743,0.18232464154693098,0.14891655566501316,0.01837259125604378,0.10889795683132275,0.13502847109783384,0.21891099627908192,0.08335609648164093,0.08647884607609525
0.20095201290794798,0.09374341662075843,0.17114315147458167,0.051173372291299306,0.1062817943362357,0.18084585112615273,0.09035175007866492,0.0498594980807879,0.05564915308357141
0.24904615486140003,0.13766989786757086,0.08838895387435242,0.17086405618161168,0.11123434534805843,0.08662018193077813,0.09469471145640061,0.01265703122443719,0.04882466725539084
0.03714227787041738,0.1206931886359881,0.04689477896565752,0.2178878733320231,0.08960591653522805,0.25925717008156074,0.11771995377077794,0.033182478079665796,0.07761636272868133
0.12035850361721856,0.16013243003080282,0.06416059817316919,0.1447485894020374,0.12046167250592422,0.06263844098063666,0.14081743475258912,0.01462480787746974,0.1720575226601523
0.18644889394727082,0.14365752084608877,0.06810897615223604,0.24840100552206434,0.10203694553264724,0.0756289765318076,0.11986138167177755,0.01461956429140627,0.04123673550470133
0.10085150372490055,0.12820579653657752,0.07432494771570056,0.10607462841054699,0.14994118512715926,0.080165995894666,0.1553381940858081,0.025746525116185515,0.17935122338845544
0.07959813739714942,0.08953726061577211,0.17904112098249972,0.02917106117926674,0.12917480922473107,0.12143815028290032,0.14098928544366973,0.099369125796175,0.13168104907783593
0.026682566653777315,0.11861971238204465,0.06404668949890362,0.013048158355590568,0.08961297428838001,0.09387951080211043,0.10305481884926525,0.005718431993345139,0.48533713717658306
0.15080901273758274,0.17326390118056204,0.09454555349625915,0.1263451858636771,0.12561969088417663,0.05341646875576365,0.10082340405655384,0.023044957042285794,0.15213182598313912
0.13619293703072752,0.09940480483829305,0.15486468313992754,0.01453414412521842,0.10308423512285435,0.1811310168789538,0.10637834304229084,0.009906630598864034,0.19450320522287043
0.0678987114191395,0.14775243421408576,0.10041116905002961,0.3062425772601936,0.12557935301377718,0.06819999103677696,0.11581718281087745,0.024166804436168938,0.043931776758950915
0.10677175204149418,0.12609778263478016,0.21810088018227128,0.05963188717627199,0.12725200387970018,0.06498074505646641,0.12477201070125242,0.01191987476876454,0.1604730635589988
0.08496513102873215,0.15603845057638835,0.054523536670316904,0.20701009908663737,0.11581666587849038,0.13081120137311084,0.1536870551499289,0.007318998298785324,0.08982886193760976
0.08492264155029235,0.11362445917746566,0.2236969021819155,0.05809661791472968,0.12624179319143883,0.056595021091794824,0.1085738085394397,0.11840562844670643,0.10984312790621698
0.267059111077864,0.10053753845014513,0.15942728150464702,0.050116412488093176,0.10519362785304798,0.09740486459957437,0.09681811448957856,0.0591702840279473,0.06427276550910248
0.07132953343203763,0.16489561043920442,0.059644895166273665,0.13271716383585055,0.11454515280141564,0.09719600025632737,0.1688696773285222,0.08279276251914132,0.10800920422122719
0.2154529793611358,0.10552780677293992,0.142739702780639,0.04049976273450509,0.11964775220651715,0.0948180440319193,0.14002755167626404,0.07281526034553272,0.06847114009054699
0.040497563072047604,0.13782786699220662,0.11619299628595943,0.18197342657544532,0.14403577912229193,0.08298854796417855,0.1565038746100588,0.023173331742945304,0.11680661363486643
0.23531570147121475,0.08611360191941453,0.13942839365927037,0.07341189729142271,0.1210120549446075,0.07807209279036581,0.11011788976499144,0.09664528892185859,0.0598830792368543
0.11502526474884611,0.12589640246087638,0.0640112461136199,0.21878193106119603,0.1302861003410611,0.054375798273870124,0.12691027187100568,0.040234169253670314,0.1244788158758543
0.03432436719150253,0.07346914254025855,0.06625239756372198,0.16463566291731596,0.09709896999709607,0.04523361267921125,0.08975454366926604,0.40565235172052533,0.023578951721102224
0.19112012303201734,0.11291593602254668,0.1929848332958031,0.08455395202161724,0.12063353274212844,0.05108890874682448,0.0873297670361703,0.09000589544243542,0.06936705166045695
0.10663693207467832,0.14414669531663768,0.17821983273039121,0.08271175813736008,0.13006960481573285,0.13002237550811177,0.10351431885248467,0.04207310245585013,0.08260538010875328
0.09299536689706157,0.1292981951643923,0.17458076538359701,0.02704461036944437,0.10471354996875905,0.06278832245601045,0.13972360509721907,0.1918335114991405,0.07702207316437566
0.2885069873247537,0.12885372533503212,0.07114461832063568,0.08933365619509005,0.1109774738516794,0.0627023511168137,0.0917965363928579,0.010971836156387034,0.14571281530675037
0.03196833982023598,0.11756662184485238,0.07794676617360263,0.11158069465311067,0.135113946502653,0.1755409658753377,0.15003147828200947,0.009339239300131143,0.19091194754806706
0.10309876818617386,0.14713703666641892,0.08723284432734531,0.16462515543220638,0.11612176107752457,0.14783347842904987,0.10753452601033998,0.0183122804214618,0.10810414944947928
0.19408120609167337,0.1386347257721281,0.09260378025660203,0.08988856913458515,0.0949911022520567,0.23572478168373392,0.09693235993626766,0.012099511564529068,0.04504396330842401
0.008458984052681801,0.09288784372022131,0.10842880471293492,0.07589507406307239,0.10597207090395715,0.03639086034555498,0.10426581352911655,0.3584910029551453,0.10920954571731563
0.16890094222228524,0.14620121680089984,0.1308359781064321,0.07849805517640943,0.1312145802435106,0.034693991350260904,0.0871949601170089,0.10149921227346692,0.120961063709726
0.03327246750595266,0.09746278799377069,0.0467747551218041,0.040013691300758734,0.10404338596001804,0.22525051456166692,0.13974967818794262,0.004074789258386378,0.3093579301096998
0.15401850623585903,0.10547928149376411,0.1287011272911436,0.0314999282695148,0.12361851210996529,0.12934370419149413,0.20861959656282927,0.03615679317747363,0.08256255066795608
0.08507377749454527,0.11849339412598597,0.1614586078478969,0.11353237968071611,0.1383245428747919,0.059107064055019344,0.11887743971829873,0.11192511972297535,0.09320767447977046
0.28281125327914425,0.06316442575932313,0.047194703779517566,0.02633287164324231,0.11063459777395916,0.036774767246091494,0.08925388360590371,0.015979067581335337,0.3278544293314831
0.09348163665407444,0.12410481134990951,0.14772860693513085,0.05365968115464093,0.13006173222337805,0.12510918208461397,0.13403462656229223,0.012386467289377472,0.17943325574658253
0.09113936948345419,0.15119440310649415,0.0942111912837078,0.06234939476680714,0.12808284359057312,0.0425003722837737,0.13568933145459958,0.11610559730854338,0.17872749672204694
0.3373710320235987,0.11643352081809132,0.11749857577308358,0.016369302664511042,0.10018908339240262,0.054505608964081693,0.08725574979463974,0.03979169839889951,0.13058542817069188
0.017885610031100105,0.0740548011922733,0.04359893445735898,0.01804573194541825,0.0733070673441873,0.30442688589002165,0.07404752250260166,0.0026916247409037347,0.391941821896135
0.06458752454463844,0.1164896525772617,0.0964403161425705,0.0534371866621313,0.1064952023431399,0.053754940672112984,0.11232080240339674,0.26019762615518804,0.1362767484995603
0.19103226725045275,0.1304935332901541,0.1119529440661487,0.05498892218959361,0.13014812444745774,0.034927484111159784,0.10860039970862652,0.04906565179163494,0.1887906731447718
0.031538274501242906,0.1033823029614616,0.10321465450787315,0.022937814829003533,0.11664226583503479,0.12039103650620375,0.19139034425819812,0.07307490145787061,0.23742840514311167
0.07414915575800558,0.1104324116300146,0.13286112512711523,0.04527566702411465,0.1199996276159368,0.030062196961514197,0.09713318551862082,0.2675957954220906,0.12249083494258761
0.03571815230152527,0.07927857411289942,0.07380962083358404,0.1613294242499159,0.10732219958390683,0.031639761378062244,0.08719646975318314,0.35095873650358506,0.07274706128333817
0.10706475543917147,0.10848746661027435,0.0698834507556622,0.2688382016500039,0.10411680878975482,0.14561342574732444,0.11983627848980494,0.033492998971686755,0.042666613546317095
0.13950305088736034,0.1319743133581275,0.12092135495843441,0.13373359830218368,0.11423522744547066,0.15893826039629796,0.10577949473880348,0.06871229307228138,0.0262024068410406
0.029873499449301937,0.1373529355089914,0.1363012295917608,0.0952521541688864,0.15457365655045582,0.09141835462353975,0.13960559650607815,0.12457732308901015,0.09104525051197565
0.05799420130585604,0.18827511604222358,0.05735270871056522,0.15016755530383924,0.11142019172235544,0.15763906943325848,0.18729615890197202,0.024402622668551546,0.0654523759113785
0.21302855214363306,0.10811144461810507,0.04933297043699055,0.2413488454281635,0.10043695619695402,0.08816336145062349,0.08999762312822522,0.0015864729337948602,0.10799377366351032
0.08332243854774496,0.14353900497398553,0.12953920905823196,0.0748685578255858,0.1358198017168097,0.0919771811860663,0.16571401563669816,0.07786394321133723,0.09735584784354036
0.09029542173213394,0.11876398981331886,0.16263661265599758,0.01602507699332487,0.10313329246889365,0.06887980373948425,0.09163758515403446,0.022202373763682167,0.32642584367913025
0.11385818557431698,0.1064280406739055,0.08651667741062723,0.17523538173682326,0.13383842395167414,0.08424517335568749,0.18309561051859027,0.04772335359706156,0.06905915318131357
0.3839516713407816,0.12219362201910199,0.10190415963172865,0.01962461531449569,0.0970900802325378,0.0249730616354218,0.07355909702911735,0.02334675349011979,0.15335693930669533
0.12878163143826737,0.12794653489386518,0.037037648274254896,0.2718816776645383,0.08830029859318138,0.14649825355775783,0.10525297312758279,0.02015751657509714,0.07414346587545506
0.05994713104396448,0.10601949840230858,0.13892995001178893,0.02367931701556256,0.13323829665784645,0.10224298385498365,0.1784336040797836,0.1444907351745733,0.1130184837591885
0.007597831042599749,0.14028280443818517,0.08789867628654606,0.01995903731068553,0.09652566336384218,0.1976847021348251,0.2105105471318761,0.08829467263106229,0.15124606566037788
0.01932594382872569,0.0835339546338036,0.08771976521327447,0.006109727757276921,0.07258697672767513,0.043698220190012675,0.11631522953384012,0.3961695349639521,0.17454064715143933
0.130714637898591,0.1394597759011534,0.1177441697538157,0.07289630493586931,0.12344975053452016,0.12339486640606001,0.17556057637125752,0.04068921355422687,0.07609070464450601
0.027898891573833445,0.15878687565751712,0.07762885808775945,0.03310076992454577,0.11707993897285773,0.23284092998092487,0.21014954210094858,0.032250074233835975,0.11026411946777707
0.29356899538639286,0.07451787614363904,0.20254061610642102,0.012097216882178708,0.0831231357162856,0.1577809211569397,0.07383440673555412,0.009972453670755478,0.09256437820183334
0.08315329503225652,0.1055477821813453,0.24698681115223975,0.0388637489482725,0.11512539029564617,0.08512490714268135,0.10712537805114086,0.058239897839608486,0.15983278935680897
0.08353355602248824,0.1345724093834754,0.11623550431034553,0.12296225287240424,0.10972633599369974,0.2146955909092044,0.14139073218212156,0.049062950574101094,0.02782066775215979
0.1521195902627884,0.12347770973823258,0.06732610536734439,0.11064279277806337,0.12114919906896132,0.04380937907282478,0.12492411853918443,0.177335527683979,0.07921557748862185
0.26112717985515066,0.10928367416889588,0.12461067896203093,0.06639525577821918,0.11259269960172037,0.054336330623421726,0.08451925089772432,0.019040132953743516,0.16809479715909348
0.05595381093772924,0.15394502549007935,0.10616884596397946,0.17734922517592477,0.13460780185507712,0.09167303435810444,0.12377733336622321,0.08633161999131318,0.07019330286156912
0.20955127012885896,0.13012854126682344,0.19990572802755477,0.05076138651688982,0.10693308407697212,0.05766488879589676,0.08819895847260663,0.08268878915515622,0.07416735355924138
0.16914597402554707,0.07895507625073234,0.05579490022747432,0.29394560518488866,0.07843626680877497,0.19108108279380975,0.07243366685007747,0.05351261652857268,0.006694811330122779
0.006135755020063735,0.11756571782102132,0.07536793489709312,0.07923207607124312,0.11582269438842412,0.11418737673327285,0.18020368657145105,0.25266255336299015,0.058822205134440524
0.02249986262084847,0.13826956162203272,0.08658059640423987,0.10008325070866649,0.1347452312231738,0.053195990935556874,0.12300285421701031,0.054233815378003404,0.287388836890468
0.03559279521032329,0.1492720885914303,0.047952055204385814,0.03190812073201645,0.09025625484206361,0.04682712057793715,0.18927222297920657,0.2199821615088713,0.18893718035376553
0.025670453356870227,0.17381446765711006,0.07485807860435297,0.11837276974910095,0.1273763869480997,0.10409566595494307,0.168572319217226,0.039009861698749815,0.1682299968135472
0.035502525231636856,0.10194317673291775,0.07061544224397583,0.009551934135023879,0.10063478295669641,0.19009269670170162,0.07239856067504727,0.005750421839098834,0.4135104594839016
0.043092771974391854,0.11933982131350207,0.10960090953027975,0.04693458480093483,0.12314721328720414,0.2609308182257635,0.1361896576187007,0.010039360308987935,0.15072486294023532
0.22182778046018714,0.10949193484245584,0.06366616052819328,0.01642055287355467,0.08468527786548415,0.2016806831182767,0.090199811772442,0.0026716473041366183,0.20935615123526954
0.12062737514472821,0.12309784211787518,0.05780791364149094,0.09800830100052675,0.10648373752004581,0.16637244083886893,0.14720302970878482,0.0008448430541773341,0.17955451697350197
0.1682908693546176,0.10579370141108187,0.16647071273641914,0.05916424746063927,0.11139343465255248,0.1622847787466256,0.1217043015130445,0.038011571162006236,0.06688638296301332
0.19619151568264745,0.12388954564363941,0.09884089085459095,0.1605178931987762,0.12482340250565938,0.06240269483323543,0.12799472955407806,0.0639109047793309,0.04142842294804222
0.15212046132160234,0.10947690907646411,0.09027127811885387,0.018853038832437857,0.1134465275750738,0.1725444405682176,0.11710861463696008,0.009258141033202563,0.21692058883718782
0.09395498525040687,0.15168858966207194,0.12299808771626634,0.006453356498769935,0.09605701482350094,0.13266914969975266,0.18291294666922644,0.07756255196119523,0.13570331771880964
0.06325691830780795,0.07954160555972904,0.16550089870682086,0.013315870726850013,0.09190712056825685,0.13408870600120645,0.08033405257838179,0.04058006008073373,0.33147476747021326
0.11239659690954178,0.07572017378761008,0.17185517156756802,0.0033409560771970478,0.09114371050730342,0.07150265886731653,0.13682114839343976,0.038963556993794196,0.2982560268962292
0.023534725605014507,0.1216763430914104,0.10674012890831396,0.1560106072689782,0.14239544521152853,0.07071828417470093,0.1870830549928939,0.09581069890606268,0.0960307118410969
0.36168122774343264,0.09827767081722015,0.07435512326364892,0.03257384604349895,0.08836970834748509,0.051642579398675836,0.12541940595597342,0.004572445252377468,0.16310799317768754
0.10234655342936129,0.14927121241785016,0.06987675141036444,0.20993329391350912,0.11517371223684232,0.05837402438123195,0.1008027769366137,0.07915214278452962,0.11506953248969744
0.08948707216870737,0.151683343322804,0.08299320113862314,0.11526076425255942,0.12627559977423378,0.05172225905062494,0.1748285544561603,0.10936049211053196,0.09838871372575508
0.05355114107199363,0.12386945177974511,0.15704077072765293,0.06958178418527179,0.11600934311681933,0.0729023639295327,0.17433993526233305,0.16873883403100318,0.06396637589564826
0.16405755207187273,0.1159974203355786,0.10002054380213325,0.10842820599867398,0.12957957778683546,0.08414119950673415,0.17125660518781924,0.03959971835766067,0.08691917695269197
0.04060950896128795,0.11725077350260193,0.10544941135706955,0.0868103530424868,0.11976802839600222,0.08775273960929052,0.16341957498994245,0.1693947699555222,0.10954484018579648
0.08889152710331215,0.12430801105159663,0.12219980241120211,0.03077548869014447,0.0941466094293137,0.3403831342264118,0.10300987414275209,0.0045319918623904255,0.09175356108287668
0.13079144910333593,0.041075607622600145,0.12300402580683673,0.0050552046155171925,0.06943936831268593,0.27517970847053164,0.07329152491673965,0.005658824224988459,0.2765042869267644
0.07881880357630656,0.10081830281361072,0.09906872386817683,0.04219564237567321,0.10078320503880565,0.0257481551219943,0.11617403283773187,0.2997744578034521,0.13661867656424884
0.03819512698689834,0.13442133597019323,0.0627004250601152,0.23813943477583951,0.10073776153287013,0.04187042551941003,0.10543982352703836,0.22800576736415304,0.05048989926348225
0.06231053305029382,0.13501778542018816,0.06252639560229722,0.11004712125231901,0.10643861666254224,0.07519776757560599,0.13898402398174417,0.254361220460645,0.055116535994364425
0.09730060528994729,0.12647232135073697,0.052957880727129675,0.1810506675883502,0.13351037387976614,0.11896407107684127,0.14686852241439466,0.016779152336696204,0.1260964053361376
0.07549926129453328,0.12506763272457508,0.09032597948131922,0.17770808023450932,0.10360752001991119,0.2197472553980736,0.14341363405449303,0.006280011089394361,0.05835062570319096
0.0054716615223553535,0.09332461967716403,0.06985593762549963,0.04049090515080744,0.12133244170930296,0.1178208111054709,0.2228009504943301,0.2708426763828173,0.058059996332252284
0.050853906246500324,0.13360302522329248,0.11188028483981638,0.03288401543571401,0.1190951281981123,0.17520027293725007,0.18548258027051298,0.03707605282288481,0.15392473402591658
0.14629273108689453,0.16398461472348452,0.0842882602663203,0.11116100238762155,0.13843625999926826,0.10759837981544094,0.1220177791415598,0.011275080772673631,0.11494589180673657
0.09246101634266095,0.1212900288013775,0.19716152823211228,0.014653458957872484,0.12036365523153858,0.07742109180084429,0.18366460252531816,0.03884672593846561,0.15413789216981008
0.10133679282565881,0.0870579051231656,0.1129211796221623,0.04758708293942638,0.12118905344536178,0.24409220916549054,0.10878115831497191,0.016057537479945597,0.16097708108381711
0.019179809306163254,0.12217962090329033,0.04448285869002685,0.037054556100917846,0.10303307367211662,0.0503427607356482,0.18283440119393446,0.13691044544439152,0.3039824739535109
0.07288681965419859,0.1326975924810719,0.17454300295018857,0.017092298208757725,0.09564888723279404,0.15095217356324897,0.09505850312779007,0.010130104276040287,0.2509906185059097
0.026125906621863745,0.09985539924960225,0.1523110663497599,0.042367293297027764,0.11865744774068744,0.1342232437492889,0.16028233706657968,0.1884474765954199,0.07772982932977043
0.2092858908017681,0.11449655581777281,0.10316934506074887,0.08988040404986414,0.11599386002005553,0.05527203203962766,0.11152868890923495,0.1348381157703112,0.06553510753061662
0.10407206012673008,0.1275013421511696,0.11029831467920033,0.0836315566830642,0.11601972502122326,0.01947916663105302,0.07249370560450097,0.1959797864063394,0.17052434269671904
0.028326505957204647,0.12693370886069874,0.0657098129836206,0.11589075649781677,0.12130139085086006,0.2819757812209917,0.10143909108712183,0.02437953145649353,0.13404342108519224
0.12366147747199237,0.12072294192575983,0.08003728668569213,0.21528548560829394,0.10668642869633604,0.03656196499327833,0.09813765671653764,0.16367985309544256,0.05522690480666714
0.040251487299292406,0.0820647621795192,0.09499683670251972,0.034223980620613936,0.1481429286599589,0.11024615493964135,0.16377285182921744,0.21605774803496894,0.11024324973426806
0.062110880730354145,0.15139826850257104,0.0860565857836409,0.11723864635172386,0.13200135625497098,0.0975609094084496,0.21698345440780842,0.056342436768459854,0.08030746179202126
0.20228484273954828,0.06596080450207017,0.09336359793116329,0.04154927300407527,0.10601145415986757,0.21083993247330599,0.20933044829367553,0.04763070647659717,0.023028940419696827
0.19226060337929907,0.1231352064035353,0.1429106716479851,0.06626429898097465,0.1097708074194137,0.10098509214763746,0.11838535636070448,0.03977271592733555,0.1065152477331147
0.1253711472784022,0.15562005590954628,0.08987223964601958,0.16301586820373845,0.13056030157896628,0.06627078723720707,0.11426180658595926,0.063157284525744,0.0918705090344168
0.27012766285629913,0.12975080703806363,0.11559733940599394,0.06548560669945706,0.11329877991905979,0.03372105871924018,0.09921574934377757,0.10459006127754737,0.0682129347405613
0.04022621784072059,0.10025790403723167,0.07994837478336764,0.01531551147336152,0.09242203319105091,0.0778347360708717,0.1461182578019882,0.17613077630699905,0.2717461884944088
0.0953191744044631,0.1424530340837117,0.11121403929048096,0.13655953954854175,0.11360771369381502,0.22228842620454473,0.09483548392181156,0.06037452473425461,0.02334806411837664
0.1286456462985354,0.1406975886632447,0.06933193713678835,0.1344414024155051,0.10729981800514925,0.18454290437757984,0.1248089628832213,0.011369906101385913,0.09886183411859006
0.048665817628236484,0.12526985289835388,0.13430325122778422,0.1362285564934563,0.12739603670051816,0.2254635356224485,0.11507870160072368,0.047687675943506445,0.03990657188497224
0.19267914516317308,0.1083519477088082,0.07997066697070516,0.17454187325316647,0.12907624287951014,0.03603839186544935,0.10250196864193761,0.06856041518112227,0.10827934833612773
0.1495369740937312,0.1178146687487881,0.06832072447893074,0.10778045609304421,0.12350349378510421,0.057817790357232966,0.13466973716208,0.13828117537206486,0.10227497990902372
0.12446866397908674,0.12948207820348237,0.10903778369363855,0.04213089287729852,0.1324552270751759,0.06378954551707379,0.15923745186447025,0.033317508627273444,0.2060808481625004
0.20355552534544893,0.1056383440063365,0.07166044391762426,0.11265540987269683,0.11747308343218409,0.1070604040620821,0.1335450963855698,0.10857176046039606,0.0398399325176615
0.03550780944346818,0.10638789159513375,0.16528841619236642,0.01810626335898796,0.09816494021831108,0.05793174827202263,0.12220989083808466,0.2747972587405676,0.1216057813410578
0.15321763550905784,0.0913399726882733,0.09145926778595537,0.07354363104009909,0.1190176747850767,0.04808350046990658,0.11509253638018353,0.2431521423551054,0.06509363898634217
0.1125534551452164,0.12927744703258678,0.12722224795072437,0.1524768769508248,0.11765413486678543,0.18420162037933732,0.08964755147377512,0.009325619842048941,0.07764104635870087
0.09159838029171201,0.11904817897318265,0.10333753803795519,0.23321894406955881,0.12347857396312444,0.12742078296597578,0.11443913014120621,0.04657779770430582,0.040880673852979096
0.03113336474945803,0.12493165075247159,0.10117024660723688,0.04072157343063831,0.12659338650254504,0.20341081779537148,0.20816610593396342,0.053489934105211495,0.11038292012310373
0.04182191054885748,0.10211015097577025,0.1265532458234331,0.10840688254122476,0.1403958339761975,0.10988251951509519,0.20762237863748526,0.10922344777897015,0.05398363020296632
0.17868524180156276,0.14651323160146568,0.09830197271778351,0.1594773076828466,0.12031822192025189,0.03918608759186739,0.10180441423340292,0.055160411784686725,0.10055311066613254
0.23899237754885228,0.10172768741175549,0.05701254418476271,0.27675097410640287,0.09554201381789444,0.0978420816118652,0.0812294868702244,0.0246760722473114,0.026226762200931206
0.025359218315311276,0.11747093100589338,0.1057140345113438,0.07451004477031693,0.1446431241529253,0.14911086126527634,0.15186698039467586,0.1402052079670465,0.09111959761721067
0.10044353894526716,0.11559304181745844,0.04733923960641593,0.3362263091125084,0.10690295845647273,0.03322186794320691,0.08499657112520032,0.07464257701152233,0.1006338959819479
0.07478639201289582,0.10374455724915697,0.2016951764277156,0.007596908272654866,0.09338352691458413,0.174949949604146,0.1779724304323067,0.054872561075159726,0.11099849801138016
0.06160075283295543,0.10774743848332903,0.07380233329127847,0.017855750465401964,0.09296731115098043,0.11456657006008057,0.10142280192462803,0.015492103694198747,0.4145449380971473
0.058538989096088234,0.11963903658173884,0.12928326669051726,0.00371115987030515,0.10478442362838468,0.11334529969427859,0.19324854053589238,0.06659352106005244,0.2108557628427424
0.17285602261890878,0.1514349347815144,0.0992597610758178,0.05085669489151772,0.1066402654455525,0.15096487761311997,0.1545842447495652,0.004930868723207,0.10847233010079665
0.09893015016956715,0.14496832582547392,0.11113476858572024,0.14986508946106505,0.13817427517548073,0.03760639875118812,0.1285836175294386,0.0942194177570308,0.0965179567450354
0.1010822629478715,0.13158054585146992,0.10674101014049225,0.3215132013049303,0.11481338275243513,0.04836317026533906,0.09986240128706637,0.03929326317169803,0.03675076227869744
0.16357903268928156,0.1686561962480293,0.12280326924382007,0.06364202632513437,0.1257655672183093,0.08592472342927253,0.14406580316221063,0.05589166087643299,0.06967172080750923
0.3382199473588574,0.1526422669469175,0.0521276775171327,0.01953252998140126,0.08994748586830213,0.09164610379622724,0.1150888167565115,0.0027412534386800293,0.1380539183359702
0.04793517533450333,0.13942057789436668,0.1275680079184641,0.025817604526244212,0.13162252376411665,0.10598155456820045,0.21086211144486253,0.06865385110961915,0.14213859343962296
0.07755646622397994,0.1279999429245717,0.19833018940370747,0.0579313544098826,0.1169865627292843,0.06790266051286196,0.10580995596535932,0.16789252808807498,0.07959033974227768
0.02782284487654819,0.1560136733773846,0.04690036342895404,0.40868649434193083,0.08890025150475973,0.09644651737466574,0.09288977715974474,0.04067176283388124,0.04166831510213093
0.10507780418291747,0.10591432736782484,0.09672710590313967,0.21820345832437374,0.12954249625360512,0.04540815433317141,0.08449410800341756,0.14494791774844493,0.06968462788310527
0.027037456376175068,0.08794015524667143,0.054240752872332064,0.3033821092036914,0.11498201280839558,0.1107357401181321,0.07796715603841743,0.17477600894630765,0.04893860838987727
