0.1585225036773735,0.09281839710156908,0.10305617517717687,0.13236929169039582,0.09906162633453669,0.09602479737167191,0.14554056167689036,0.07587571979137557,0.0967309271790101
0.029463845401619133,0.11492761991845013,0.10805433890537552,0.13861711183329348,0.12582719100932824,0.10244639102200459,0.11917331230189422,0.15292938838245074,0.10856080122558397
0.10943367777721692,0.08846293783983794,0.09571656947028927,0.09569830032655711,0.10823236673196877,0.18126635932901225,0.16800166552763188,0.06182590010678029,0.09136222289070546
0.0443736455279102,0.12690145486441082,0.11825859300675073,0.11133707133902575,0.1195333219598377,0.08810488592368253,0.08767750448609812,0.20371736919132546,0.10009615370095877
0.011501911953381438,0.18133427586964612,0.11656811585423427,0.1397930898353116,0.12094544483469542,0.11237566688826943,0.06200830415610872,0.13660840153118992,0.11886478907716301
0.06028485389979221,0.12049542689295852,0.11759073505621842,0.12340595540953768,0.12030308209958879,0.08851530937008205,0.07504966169010155,0.19656796257111156,0.09778701301060928
0.020910919634241215,0.1532493611338024,0.10784599134284391,0.05270438359568027,0.06174790550471135,0.08618635304409501,0.00972591451586592,0.1987893203903931,0.3088398508383668
0.10285471631885683,0.10850431197975001,0.11320152185428346,0.12670531172718666,0.11367477490806101,0.0930749731922398,0.1308840112477028,0.11579772259883048,0.09530265617308901
0.31191340193249434,0.08408704457303921,0.1029587651339197,0.10263852958518364,0.08668946438663443,0.07820033138406397,0.10623456967546126,0.04731187048723042,0.079966022841973
0.09594138500103487,0.09137016843127266,0.09546283387403658,0.2241863432645035,0.10299206998501537,0.11499248186645611,0.07696842395142582,0.11913653674291212,0.07894975688334295
0.03636112680775847,0.10365013465533361,0.10512579262296266,0.12417241599329826,0.16136383331660556,0.09560075600857798,0.14904444220449067,0.1251274027299522,0.09955409566102065
0.034340776230940624,0.12396228599043706,0.11439650898360602,0.1355587960967045,0.11681744213583763,0.10214320609887974,0.11499708684485443,0.1525481547876266,0.10523574283111338
0.2893804131020498,0.08816118195307208,0.11925450245708191,0.09189763129554995,0.08358710396358415,0.07829494852140494,0.09737389893541226,0.06043353829913114,0.09161678147271374
0.04887381407501925,0.11571504871498245,0.11244133243712838,0.1569189355019521,0.11723682530675962,0.10893216178017028,0.11875248367482642,0.11630810171872237,0.10482129679043913
0.1241895376795013,0.09406300593601218,0.1071434866656022,0.12984008989352894,0.11637307809644837,0.09712474253615792,0.15862316829852097,0.07918386843399584,0.09345902246023224
0.046540971828267184,0.11719932639564636,0.12436622017846223,0.11731337347564831,0.12867231564520018,0.09384048251969612,0.09762332080245005,0.17301838454617716,0.10142560460845236
0.0033754868448126595,0.16698694483256635,0.17761338222625667,0.15112871098242434,0.08870998603691381,0.1344270341522191,0.018236710988866856,0.08871991161268468,0.17080183232325563
0.1813605833131947,0.10866869192207022,0.10193890161484519,0.09820943037424827,0.10788415333092359,0.0798891189514975,0.14612606934854647,0.0854556593506478,0.09046739179402631
0.03191546073478844,0.1472348512066117,0.11648568891839957,0.14002842838516727,0.11277892172410019,0.11709362193148447,0.11610158820304917,0.10867662155644821,0.10968481733995099
0.1453929986688502,0.10493242434321721,0.11623399138317142,0.12063624996619639,0.10967448784674629,0.08772780780220985,0.10301898006335512,0.11826597731792436,0.09411708260832911
0.015524282910925028,0.16594193614180683,0.11527460847059483,0.13020201959962222,0.09918535252606815,0.0987337325721253,0.04957851800358782,0.21634395228613887,0.109215597489131
0.1539784193072264,0.10713678734531551,0.11161025644154433,0.11236998701660701,0.11159585927962086,0.08894107928732187,0.1474881781701565,0.07776830930533081,0.08911112384687664
0.07167087809092418,0.11260749690231947,0.10278395364777014,0.12917413515681384,0.12395821183430482,0.09922073770250649,0.17133632483734665,0.09092856327451644,0.09831969855349797
0.03117262964797875,0.1592441768147926,0.10946378352762508,0.13843383566189205,0.11688710447076711,0.10316607189660626,0.08165951434657201,0.14698136356341782,0.11299152007034831
0.04237204964178334,0.10664659905916575,0.1171072286921005,0.1456789058698638,0.12477781718284688,0.10453405628077311,0.1373636678671906,0.12014511085413628,0.10137456455213971
0.29842833509003247,0.09345378524790186,0.10733423507490573,0.09771727192439521,0.0880932619771843,0.07617590963034869,0.09755220575301904,0.05847509815538094,0.08276989714683185
0.23610474953703067,0.08298860730136913,0.11989485440685582,0.1192995481708341,0.08949239416966027,0.1008212957923569,0.10449395208927431,0.05093600767907982,0.09596859085353897
0.011516129125043018,0.14663978325984667,0.11960597641188879,0.1395436966194162,0.12949435698335154,0.10949857670645295,0.05767498079693515,0.16420077121431176,0.12182572888275388
0.02212229863132686,0.2439051980278708,0.11443899470392434,0.12092912674270917,0.07314964862805957,0.14197287902922728,0.07846497897154812,0.07862502252419429,0.12639185274113954
0.3289331483507446,0.07327590890872568,0.11563370534155558,0.09447569705188774,0.08045899982547951,0.08202477805050518,0.09837302177774813,0.03887191973765589,0.0879528209556976
0.020479578701225083,0.11261609873313788,0.1141544606066222,0.15975711914425514,0.12982001240840835,0.11781615524654032,0.13685903663710847,0.09600231307939451,0.11249522544330808
0.017023004284012943,0.1461879869418344,0.11590391973480557,0.1338231712109067,0.12800291577379364,0.10255137276141264,0.06543758131695927,0.18086878989720637,0.1102012580790684
0.1488784893643292,0.11296871067949708,0.1171601973433839,0.12253274331484358,0.09569472224999291,0.10929599450202217,0.12261761656828118,0.06427108614159888,0.1065804398360511
0.10732590445347079,0.11049897063402973,0.10933284475733367,0.11650587462377215,0.1070220232896872,0.09167697297547772,0.1403866713460075,0.11755914454403164,0.09969159337618962
0.17951872259553156,0.0904918122371936,0.11028471388091472,0.11715931566382849,0.08913256281168175,0.11092074548999777,0.16151999615500454,0.03978446332460572,0.10118766784124189
0.03919914501443894,0.11233546806212184,0.10649565447305392,0.14878927122601743,0.11076540361318356,0.11569446756028695,0.1810002715438992,0.07948360851857654,0.10623670998842161
0.06044847163979062,0.10543474359378059,0.11637095121660608,0.14028075027788925,0.1149124150813029,0.1044147734634729,0.15950095954078047,0.09904634063639707,0.09959059454998005
0.06046401164623283,0.11876686955709707,0.11131202502718769,0.1433448965613276,0.10697759326759142,0.11534179028129958,0.15447541497994968,0.08409204287102874,0.10522535580828536
0.0450467967953856,0.12511256114492744,0.11211015301910371,0.14168503683182268,0.11266800342144938,0.10916740325366282,0.1363794127163661,0.1128515942711761,0.10497903854610618
0.0033539413558674176,0.24047618280751223,0.13397328595910185,0.10533813088167765,0.08146376864019189,0.098172073805825,0.019901527053252658,0.1755274813678855,0.1417936081286858
0.09679204913186261,0.10913861968179152,0.10946604733516167,0.12236289577146124,0.12386033723640287,0.09202386753267655,0.13983193407803649,0.11116313433597359,0.09536111489663339
0.039134973045344607,0.16573271518074703,0.10854124793162023,0.12738490068928782,0.11329508417692664,0.1037038152347307,0.11018820284302462,0.12397907543937219,0.10803998545894623
0.047376256758133756,0.1022032525388578,0.10335168966771534,0.15576699577482148,0.11408638775865126,0.11862698409031099,0.1881892428672138,0.06557519978239068,0.10482399076190492
0.039127247992639225,0.12116551628340182,0.11729543621980514,0.12928813788493898,0.11908432774819962,0.10360117565909414,0.13904959455808427,0.1281048262831488,0.10328373737068804
0.3245362111692445,0.07787177131127417,0.12089175416368314,0.09229408254292985,0.08095198126812445,0.07910120975887135,0.0831924593955676,0.050649822319997234,0.09051070807030763
0.018349501101808736,0.13722897593091268,0.11070892698978592,0.16208760887668094,0.1167535775856424,0.12233525358604547,0.10572169080592149,0.10522711111724692,0.1215873540059555
0.38337146045748866,0.06592885765265404,0.12572480063889832,0.08363419647718677,0.07146702343613466,0.08037059724782254,0.06848795035569863,0.03189964192928629,0.0891154718048301
0.04377169523515682,0.17536229604021272,0.11760133967076959,0.1246768365109575,0.09796011810189742,0.1235326626781776,0.11344116679261736,0.08997853678629729,0.11367534818391367
0.01389938608751451,0.11008191857337157,0.1311437448048576,0.15121543030457446,0.14316916433761112,0.11587737422949172,0.0739850563941221,0.13855552464978083,0.12207240061867608
0.0175458495536243,0.1229352716453595,0.11525357751778624,0.15860949943759384,0.11760578600425335,0.12227591483554952,0.13137945936078052,0.09638477534208094,0.11800986630297187
0.0971084946894828,0.11043325332008856,0.10280232791491876,0.12628878428219045,0.10718896966322654,0.11194518750299348,0.1712138556282922,0.06475307074624778,0.10826605625255938
0.27237158199486416,0.09021678296519037,0.10771200744616072,0.10796941386392638,0.0897189473445152,0.08071032373105796,0.1050902935352198,0.06112581471496501,0.08508483440410035
0.03902577895303731,0.12105655994254443,0.11666998434850163,0.13815824724012682,0.11927979470337284,0.1040595612262016,0.11773168621777454,0.14074034487721485,0.10327804249122596
0.043273673201341234,0.1102235708955518,0.10860135685842925,0.13164786358673555,0.13963915798884793,0.0990257420146914,0.14999732734665863,0.11858730899036829,0.09900399911737584
0.06301296888052843,0.11801651893275122,0.10655667159051253,0.12483497069721117,0.13880539739852768,0.09375410025389726,0.13416442934567777,0.11996224022773055,0.10089270267316337
0.11435766837939186,0.12528745517645265,0.11401182978339326,0.13160478732246492,0.09738211039137397,0.1187894464762987,0.12797184807856712,0.059563930540116654,0.11103092385194085
0.06011895787390703,0.11402671075588816,0.10459692659206055,0.12681508669964728,0.12057263798041795,0.0957297830397465,0.15422644821394485,0.12320306447301606,0.10071038437137163
0.0023451349713631544,0.2713059234937622,0.15871472997371042,0.12017886763720732,0.06562946617648219,0.11959900979804378,0.01614788419030156,0.1080421584610286,0.1380368252981008
0.06983341430084333,0.11361159768942224,0.09914841784466584,0.13998580791058088,0.12355074409055374,0.10061491107117197,0.1588211700809777,0.09185070683094511,0.1025832301808393
0.1439563209258274,0.11050743741853246,0.10661378691197719,0.10913234345724387,0.10490593032051249,0.09142130058875797,0.1682049832060236,0.07294461568905725,0.09231328148206781
0.06035111677189068,0.1135703177793655,0.10838639181847735,0.13304122844473135,0.1252743521426937,0.09659611455865913,0.14007417735393668,0.12360390287026037,0.09910239825998524
0.3289331483507446,0.07327590890872568,0.11563370534155558,0.09447569705188774,0.08045899982547951,0.08202477805050518,0.09837302177774813,0.03887191973765589,0.0879528209556976
0.019512089164899507,0.15928555337839326,0.11372629351762659,0.15759065150177654,0.11009951991239193,0.1293576111026798,0.10698482451771558,0.08588692293728827,0.11755653396722855
0.0066124102572192546,0.13846987092693772,0.1478200163171969,0.16806193859960059,0.11361301499219299,0.13366881141739997,0.03745878312242767,0.10622493556235235,0.14807021880467267
0.03347302991222631,0.14382312689954188,0.10763357524072349,0.13611636317533418,0.11098726429891194,0.10023638433151592,0.08578008657229108,0.17348591776216268,0.10846425180729252
0.003053451813459638,0.13982963196940665,0.18460145374908946,0.1027062854147567,0.10376306311103765,0.10137883997463658,0.008545969068003915,0.2018028842885671,0.15431842061104237
0.1516968358088533,0.08895350010238284,0.09484969103661363,0.11765524114248804,0.11147477524707283,0.09313900935280632,0.19413717276839107,0.056977186110770815,0.09111658843062105
0.13425307119757096,0.09802565763330322,0.1153873288754537,0.13700823205424917,0.10165073017578947,0.10832267387188345,0.13623973410351523,0.06954336779827734,0.09956920428995747
0.007862196118475169,0.24502572484253324,0.11216205776462719,0.12131541981923759,0.08713415908604501,0.10151059873791267,0.03911911375739583,0.16425842890374184,0.12161230097003149
0.08386695343984307,0.11024204991652575,0.11098498412296182,0.12870114686686304,0.11711479004030273,0.09923365198174001,0.15059215541295165,0.10134348114987318,0.09792078706893864
0.021298662728637247,0.11117352535176935,0.10182513450053614,0.10158441194104793,0.09219675318761679,0.3098769444815321,0.08025855716942094,0.06852282870319379,0.11326318193624572
0.038339516443565896,0.09349635926253035,0.0957038201224009,0.1504781069254822,0.10881980060959133,0.11554658600712604,0.2327969507248855,0.05847035979020701,0.10634850011421078
0.013008357387666925,0.11221472630286776,0.10699448484119228,0.1115368177202834,0.10412816857228929,0.2510681741690386,0.074813570621111,0.11504548923838852,0.11119021114716217
0.01688970750653739,0.10647690208365042,0.09896249416073899,0.12723181640352407,0.1105703150805204,0.11296453410532252,0.15580860643272118,0.1169137306850823,0.1541818935419028
0.15247540969477646,0.1362288740073725,0.11458379278704596,0.09172809283190382,0.12316530610716647,0.07532157228349821,0.06099872084554688,0.1529815915502156,0.092516639892474
0.02334248774684149,0.24571382678717124,0.1105700301332491,0.11900650700713288,0.07451423981095416,0.13808112980417167,0.07398251694593926,0.08485248856619888,0.12993677319834138
0.02034334053208209,0.10553015388065906,0.1279161602796743,0.15416970374818353,0.13382898945843313,0.1117966315256752,0.09785066101218616,0.13815660340330427,0.11040775615980226
0.011435388641928524,0.18877812097467758,0.12193984836714349,0.14414933008759298,0.10185063973285512,0.12350321480078559,0.06716824146112287,0.12084949947480594,0.12032571645908781
0.34713435427109457,0.07383534407791792,0.11895333899563428,0.09360830273030422,0.07910023887020894,0.07784207499509133,0.08305080286862422,0.038744293035163004,0.0877312501559615
0.3064853594487516,0.0716879963422832,0.10754862814670434,0.10401623503133262,0.0842020820859135,0.0868671967591227,0.11792073938434589,0.037702483093263114,0.08356927970828303
0.24885842963050775,0.07600399128399375,0.10777971162423299,0.1068123209150295,0.08907177794218768,0.09729807041775601,0.14604581167683137,0.035427780882431266,0.09270210562702963
0.1430766782392727,0.08930009510268723,0.1024051253698346,0.1277258986902007,0.1071849170664929,0.09547664197864512,0.17665963131109633,0.06687556020378572,0.09129545203798473
0.07873129358407487,0.10889839140281798,0.11638318238115719,0.12475232002409381,0.11970968465095787,0.09676695325867608,0.1531975911215262,0.10526800888964712,0.09629257468704887
0.03314567419847118,0.1509307681361134,0.12358284017871819,0.12956554774107068,0.10673584797181028,0.11184731243997413,0.09609072865619205,0.13893671759093043,0.10916456308671972
0.0277629543079257,0.15842624036859196,0.10109458268717764,0.13790807920473644,0.12395115304529053,0.11119674770790844,0.13636338511537727,0.09169850798229617,0.11159834958069585
0.034035706082095336,0.10309826294353552,0.10273821215257785,0.1410452811939444,0.1425471708745775,0.10265561719596371,0.16694195139678303,0.10302921465535349,0.10390858350516917
0.006608063402165879,0.24330237892046688,0.120185459705135,0.1440468648225475,0.09509642643422463,0.13136856488328189,0.05042688299562773,0.07729993463214424,0.13166542420440627
0.04493371988184582,0.11685764220058299,0.09189833884590441,0.125362276571125,0.1321370674271685,0.09497229948981208,0.1800929334763576,0.10913974911288833,0.10460597299431523
0.228926493931474,0.08540011577818928,0.11089997867436659,0.11107835681528504,0.0894700964633618,0.09388508961487992,0.13792134363141761,0.051914548183295134,0.09050397690773065
0.09958741154942813,0.1099153703762168,0.11437323152772512,0.13312152798371601,0.10624152726684181,0.09964872328566528,0.13157155781794264,0.10678719456128423,0.09875345563117995
0.21255448501668547,0.08388062857343352,0.1041612343721841,0.11735411244130389,0.09371748062433656,0.09297115551575151,0.15344566988516214,0.053023398523059435,0.08889183504808339
0.3347247796967158,0.08448523208534144,0.12560808265530057,0.08535355368713309,0.08149138256757488,0.07189186199460813,0.08518089967062735,0.040751555698602476,0.09051265194409625
0.029529579298874495,0.10064578986454598,0.10065181619864423,0.09730804208277692,0.10052560654140484,0.29975454662002515,0.09767536967148573,0.06828198305006276,0.1056272666721799
0.008702089443707811,0.14422439835982445,0.12964855371479375,0.12993279297992213,0.13272254406862252,0.10555889537039385,0.03548317252671026,0.19203739209002688,0.12169016144599838
0.10885281798933576,0.095409388165191,0.10493772836648335,0.13862796762098226,0.11526705872016674,0.10258707260145487,0.16516498662658916,0.07299728078624662,0.09615569912355033
0.027365972731876978,0.1630251262776197,0.1093102742489273,0.15941271374094113,0.10065643822332104,0.13652993383736742,0.11578114782872757,0.06846244169969683,0.1194559514115221
0.011038280185106055,0.13774305112869104,0.12604038882987012,0.133655818299523,0.12866459272181915,0.10746225217871198,0.05653089822605612,0.17960267223245174,0.1192620461977707
0.06825093367074762,0.11759128886143029,0.11808444541579576,0.13486512440880727,0.11946078637472679,0.10172277095758649,0.11262392683842472,0.12635540147172067,0.10104532200076029
0.08497161975727642,0.11142696863976383,0.11917186196794627,0.12604308100325365,0.11261600613490434,0.09838645574667149,0.13492417278842736,0.11434638030945676,0.09811345365229997
0.02933227057138763,0.1032753067791029,0.09123614594779576,0.1313676157898485,0.13409867709461742,0.10440925697978293,0.2330648022553484,0.07152164226198489,0.1016942823201314
0.05247985637485553,0.12513564819171671,0.11508069574533758,0.12665593028106456,0.11969627071028183,0.09468460283040343,0.10104451812727362,0.16476576367596027,0.10045671406310631
0.015646359442855865,0.1383205045614512,0.12077408233503416,0.16646669455206034,0.11290150726035625,0.12401956244601535,0.06923662463967366,0.12920458516774133,0.12343007959481182
0.06263376284844097,0.09964848179239043,0.09450088270755852,0.13871809852567782,0.12384238340860214,0.10443742124640476,0.2051026361519832,0.0719522205102819,0.09916411280866037
0.2343277808598764,0.09062597255010472,0.11144488287322944,0.10493968202157018,0.08514798574906629,0.08840075238570473,0.12103012459553898,0.06651003752939517,0.09757278143551411
0.026822901902877696,0.1175501455613721,0.12746936592327468,0.11188346434630307,0.13399610315941282,0.09655925250241432,0.08234708432332899,0.19499857185111677,0.10837311042989965
0.05474067376391182,0.1834234080177659,0.1220161523515627,0.12371684849684632,0.0813956405259967,0.14657395919849084,0.1112336350783516,0.05635770207153525,0.12054198049553887
0.1304690788147714,0.09218077683510895,0.09711122811836131,0.11589525028953344,0.11409241509297524,0.09472726588746898,0.2062406580533155,0.0592495089624969,0.09003381794596817
0.013407799695621744,0.15277794572040782,0.11662413965493475,0.12986601755885976,0.1266571700017253,0.10355041223931989,0.06142631378030786,0.18034550540195016,0.11534469594687276
0.03341602607150946,0.15497741356879133,0.11071681596470334,0.11386359524600777,0.1097542178111035,0.08646577692857822,0.07336381759179163,0.21397132272939792,0.10347101408811687
0.015925744603815087,0.18575510333180337,0.1143247481944608,0.1264018282575153,0.10644899082081706,0.10813734877468735,0.084404375927025,0.14635970613196356,0.11224215395791241
0.02572512517268322,0.10559181922494502,0.11426562335792802,0.15952266311090768,0.1277383463396196,0.11714534670914926,0.1500532657956014,0.09140296941885014,0.10855484087031565
0.12693350671961393,0.10328674678654698,0.11387111706707988,0.13148313968466727,0.11236466939531055,0.09663171577570384,0.12194575217759497,0.09702853140007088,0.09645482099341167
0.057134656265219574,0.12047790372806604,0.11850918397494335,0.12034962159536657,0.11987730484076715,0.09587350662004836,0.12590896241459903,0.14169350706054976,0.10017535350044
0.23369050199309582,0.08970400110786834,0.12016138995015509,0.10294842822282568,0.08241302008929575,0.10356282670532029,0.110740428740219,0.048566574507151704,0.10821282868406833
0.17487163929986718,0.13943383006136909,0.11832860047534104,0.08179232150977815,0.15160863207207464,0.08106661468585913,0.04164929689686204,0.11276378246462047,0.09848528253422824
0.05792174217532423,0.10830618421275597,0.10607463086868364,0.14750836296570943,0.12580535117424752,0.10548099898874508,0.15419904725098232,0.09411686921761701,0.10058681314593476
0.1304690788147714,0.09218077683510895,0.09711122811836131,0.11589525028953344,0.11409241509297524,0.09472726588746898,0.2062406580533155,0.0592495089624969,0.09003381794596817
0.31220258677302093,0.0758224118284445,0.09558491493332326,0.09916413643788274,0.08246750638983295,0.0792156513541369,0.13004596527370135,0.04024308699613257,0.08525374001352488
0.025757323385001654,0.11529706398932582,0.12147386746689183,0.1291211576705877,0.13685407635828215,0.10079107181847531,0.0819264125527778,0.18056879100163578,0.108210235757022
0.05931889981660151,0.11830544391733226,0.1234993899406537,0.12458511642349461,0.12311824644799706,0.10107008090460055,0.14392801573248007,0.10356549783207745,0.10260930898476285
0.01599028447273941,0.1300299148744284,0.09705755846444324,0.13767808154734018,0.1488335195173571,0.11265656038739524,0.17876163649305088,0.06803817128506312,0.1109542729581826
0.011584789914339559,0.1823827042034234,0.11963955232183517,0.15822211926612528,0.10023182035219812,0.13951347391009997,0.09253561432574743,0.0704228916113259,0.1254670340949052
0.03870801332350505,0.10224310900409007,0.09821384062163573,0.14216003582908496,0.14457410274204197,0.10112609014882762,0.17602010839697457,0.09522754056949127,0.10172715936434884
0.07179073388646774,0.10000958741598964,0.10206174425002552,0.13421741417288538,0.1200214008644474,0.10598996479859489,0.19922599160782636,0.07010598245914629,0.0965771805446168
0.18052374746615277,0.08916793022443277,0.10057765724488026,0.22583040499657722,0.08615066146818295,0.07749125635721339,0.07565537608837355,0.08411297123900079,0.08048999491518628
0.20967936660575337,0.0792575948662919,0.11443636944055031,0.11788268602333285,0.09420493512339596,0.11214237980265629,0.13749238511795184,0.03639845639554801,0.09850582662451944
0.013840656879190122,0.19074511129250968,0.10849076474937369,0.15569687509433042,0.0967907100464539,0.1403733448960107,0.10978018606257667,0.0580619044977038,0.12622044648185107
0.08209040418985572,0.09521633499650732,0.10092776660541543,0.1330356896291615,0.12354702821909663,0.10203754106553964,0.19917933541211355,0.07005224027592831,0.09391365960638194
0.04322446861062821,0.1132102613422009,0.10109034601150164,0.13560687424851417,0.1302165004965647,0.09973701760105465,0.15755477592738307,0.11610909395777193,0.10325066180438074
0.04851899553320201,0.1197462264857219,0.12199273090937464,0.12053117230600541,0.1212867408965765,0.09737193206814969,0.1227932410393982,0.14610543287487857,0.10165352788669314
0.03560382453628522,0.1139658143925868,0.10311246320061873,0.12622880406977918,0.1565239309162326,0.09474218043210375,0.13127378748852567,0.13536832062536394,0.10318087433850419
0.027391747340979943,0.11056599498719973,0.11349437904879024,0.1377174657165028,0.15480459116422834,0.102883658158313,0.11183339553706638,0.13421648263062255,0.10709228541629688
0.0989573482031611,0.10137705235726996,0.10227221433393514,0.11709271130708286,0.12792429895355753,0.08865725216828331,0.1586379771234235,0.1104186728068325,0.09466247274645401
0.09439995740597808,0.13558944083802071,0.11298189713367529,0.12608834156806142,0.10415383961398605,0.11711310643219004,0.13458764834502526,0.06527949215106903,0.10980627651199408
0.23051991400075886,0.08204335323075031,0.11170420425288581,0.11253916558855605,0.08877895283286268,0.09856797798975891,0.13659918119439618,0.04527288610549023,0.09397436480454091
0.02880968009863083,0.17015509216449767,0.11216572413767018,0.15483331638513106,0.08674834375179703,0.1504671593284131,0.12005291618357945,0.05446490480984371,0.122302863140437
0.07727505114385678,0.1164104010061378,0.11081861671611672,0.13330955074874692,0.11977581242969058,0.09201628361764264,0.1056573785248509,0.14676397212826855,0.09797293368468914
