0.08628342841127289,0.09081164838903534,0.11367265284589333,0.1018443494162468,0.11469224940964973,0.16847720122165918,0.11338567909017432,0.05385361322517331,0.15697917799089509
0.1219434942370317,0.03851481039212568,0.10864508007976319,0.09043553594100394,0.10561452088235146,0.005810827057781919,0.09026442909524834,0.24845953244328267,0.19031176987141107
0.11118952430674704,0.06501826535241391,0.08819283884709528,0.08336832070245485,0.2736794334478009,0.004672181709893044,0.06498680298695082,0.15294516924487783,0.15594746340176635
0.0680043265808236,0.016791908389175075,0.07876324621591292,0.053336360241910914,0.43568974134600236,0.005488910838909014,0.06659104923633062,0.11574748396932681,0.15958697318160875
0.10932256120518728,0.09206122446329124,0.09732332815769941,0.1651865106286915,0.04631299929474605,0.2332050649286003,0.1360663700315086,0.05786558840258434,0.06265635288769135
0.09127363937836859,0.2615647131354866,0.0851991357860614,0.09170811349189423,0.017343096486747988,0.0867845322385084,0.11245248575331263,0.036619220521966124,0.21705506320765403
0.16038443018621154,0.06486781661424389,0.13677428554635204,0.15542351051570938,0.05222388903832558,0.06586329291166738,0.1437605608620999,0.16496362596024886,0.05573858836514151
0.09083266390079912,0.062323399711966175,0.08331050303123805,0.10918985174418389,0.05311130001424086,0.024103233810785052,0.11512079106131279,0.08059289920676883,0.3814153575187052
0.12441515283198938,0.07405916832304509,0.11954560043585345,0.14436678884376755,0.28109919784043985,0.03152663015691673,0.11213794019539898,0.06878801638409414,0.04406150498849485
0.12350216631445689,0.09841858060870941,0.12587074674000967,0.15570424829243917,0.08240572689874061,0.09115771711426919,0.14513694141900296,0.09753426778155323,0.08026960483081884
0.08774875790334032,0.11215356523404163,0.10915885426919475,0.08599274770384609,0.025869549730401956,0.35519898410578743,0.09795416795400295,0.04466539634630897,0.08125797675307588
0.10226116719052174,0.08600688932578217,0.1131985023312881,0.06760966044516621,0.10608357547807636,0.01784849108500682,0.0954316361687874,0.10658248821425954,0.3049775897611116
0.08775236522767206,0.114916617065293,0.09014953613388849,0.10779791722921922,0.015439253872820982,0.41461690561178477,0.10371946987541476,0.03509365755592367,0.03051427742798309
0.0803465044208773,0.03190714914079943,0.08540635401801178,0.11923694412415474,0.10249157553000084,0.08684656024689147,0.13271384053747445,0.15190879763089407,0.2091422743508959
0.13344696914252138,0.11892571964639888,0.1271703411285963,0.19177548553385934,0.02744558748042079,0.10524568392039413,0.15884124573698047,0.0926699255711471,0.044479041839681634
0.06267239399681081,0.05233324844740673,0.10146991556357417,0.05078766646126267,0.4313076992217144,0.04044989276231246,0.0751483930292842,0.06637330340870401,0.1194574871089306
0.07374753766309872,0.05957809734232072,0.07939787265535132,0.04777320410739955,0.0670777321222075,0.004510039829626348,0.07830607458895268,0.11643331704025424,0.4731761246507889
0.1143298835941291,0.09534790673042925,0.11828716036157988,0.07623628280938446,0.3075991529245065,0.06020940731541122,0.08186419107760179,0.0574138859806475,0.08871212920631026
0.11667025998983682,0.3059508793639098,0.0948680669889146,0.08909917700884278,0.026827874593997932,0.13399693607665633,0.12540909993529678,0.054954568894798383,0.05222313714774663
0.11412465354562384,0.06714282336207215,0.12537537391784426,0.0953813421949788,0.18438976203502863,0.05819032303241143,0.11362899940010203,0.09631852185516908,0.14544820065676975
0.08526084502476931,0.14854057091813452,0.08831537732723922,0.0992071647599967,0.01285840636682948,0.37757395507164065,0.11156200593118194,0.03905178155660167,0.037629893043606456
0.09788485618567098,0.08244935964435542,0.10895343155272381,0.1096877145026592,0.027117374921824755,0.3154612006581515,0.12456087973896775,0.06544221513866161,0.06844296765698493
0.15664966513645354,0.07725415613359059,0.12543596691809147,0.18998884058590806,0.12630457185291838,0.026722649617052025,0.14751029402639862,0.09407073821722589,0.056063117512361406
0.10404074210735816,0.3088859401676926,0.10208196741864366,0.09494071355005929,0.027680680136361175,0.08178309782733262,0.11304776376767837,0.08312175591348143,0.08441733911139264
0.1522279203216914,0.06412771802011748,0.10438736923624792,0.1112808535151102,0.33678383380692556,0.05197634578693561,0.1021804471869479,0.05435710503128736,0.022678407094736452
0.09255894822483633,0.31633260255055284,0.09996642035334767,0.10689389167746584,0.020178990026499744,0.10760663161252022,0.11961798025190744,0.07676971002075873,0.060074825282111104
0.12849957647169355,0.05432125133923114,0.09268332760278576,0.12026793664637152,0.08508977074313352,0.010696629122264415,0.11149485805825086,0.2295878405445114,0.16735880947175788
0.10389858447121218,0.02958526429895374,0.10946574619495024,0.09911746259670902,0.27461128771526455,0.04402105206508061,0.09448641817856289,0.1890725343090075,0.05574165017025926
0.16221298535324072,0.07109185244971038,0.12365003318506718,0.12284453760544685,0.07798120020437586,0.01678648468162169,0.13070293204570557,0.1741804856088395,0.12054948886599232
0.07478545543332403,0.06574216276735494,0.1022195321773912,0.06427357293305544,0.1666440060852932,0.13177967331102627,0.09202578405820046,0.12854168634319207,0.17398812689116247
0.15184137006058812,0.05350108405104287,0.11981041947451442,0.12748187879767384,0.13636475474032264,0.1894603351363178,0.12792573211502664,0.05116759352438952,0.042446832100124086
0.11190611222229059,0.1233099860498949,0.12283699395263425,0.13350214646087408,0.04390105304048448,0.18686619974665927,0.12279190013171626,0.08500865992581981,0.06987694846962635
0.1419070560784386,0.0643269590768966,0.13541759536252604,0.11778167385713133,0.09758625644221298,0.015472619795761998,0.1141656398964897,0.1486744137371141,0.1646677857534287
0.08549349399097429,0.10582396369310164,0.09166938343037462,0.09827243082386865,0.022304899063219308,0.37786785605246004,0.11402170026911217,0.064691714008838,0.03985455866805117
0.11914076270808822,0.1226334632657219,0.1302234364972434,0.12210078328633307,0.17883808357915978,0.0637837512964295,0.11159467759761903,0.06791456676812758,0.08377047500127749
0.0746939049867083,0.35060086763854176,0.09477116503074516,0.07325718449591878,0.0297441525137591,0.15025017312050645,0.11522707406683157,0.0355674865718249,0.07588799157516386
0.09603916716387702,0.049137949909013295,0.13169781492644164,0.10014608857352625,0.09368078499359912,0.03271296399460362,0.10814543179976398,0.11792407159921235,0.2705157270399628
0.12514004139240725,0.07616181493991411,0.13347847035523921,0.14230612015167346,0.049534798153927424,0.1354257923881607,0.13560118289893322,0.10938403245284643,0.09296774726689806
0.14756386018432968,0.09605694830082324,0.12405696776265712,0.16056660616566748,0.06657560631456967,0.04262501764534176,0.12219260351098594,0.19629555769668494,0.04406683241894018
0.12529807576907917,0.09937184941005665,0.11311599380503405,0.10266100636498865,0.04476396145572875,0.21749009072666425,0.13891886723949795,0.08592905112492466,0.07245110410402587
0.08018672848840845,0.11307390684689038,0.1191147814346991,0.11562725880379802,0.03913136480479123,0.33963530656754276,0.1037374346931,0.03823630298698753,0.051256915373782484
0.13374793180734237,0.07181238219769442,0.11683651789573805,0.1564376560362147,0.10114922907278766,0.01241098406517654,0.10838958669436789,0.24360345249605464,0.05561225973462375
0.04268820982024025,0.030503534048047606,0.06416815915383146,0.03436172815196249,0.23007021524951812,0.14202069144976442,0.10263646746997325,0.2058757977985138,0.14767519685814853
0.11384851002615727,0.1804563885811504,0.12174512785227713,0.18557804230242894,0.03463519390635461,0.08552824951678302,0.14510549077246593,0.08854666559242015,0.04455633144996258
0.09859547689106601,0.19721954075594625,0.08763141284577029,0.09568499221690346,0.010518132872398814,0.240653591730732,0.10753359208215592,0.0681408901091804,0.09402237049584672
0.12381724646289237,0.09526466283660322,0.11955579380149832,0.10616567419560276,0.088479751029704,0.24003208400065743,0.11990893104877005,0.03676054052534783,0.07001531609892407
0.0839760745624875,0.24275790310158363,0.09312418723415532,0.0849180495860032,0.01617666748607563,0.25961955857650737,0.11229421623176322,0.039759732872303825,0.06737361034912025
0.11203420609228087,0.04822949483969163,0.1145893081782043,0.09811957439842121,0.22581168917131056,0.038392894730677835,0.08790319311432004,0.12690388559870885,0.1480157538763847
0.13131890710014618,0.10296021340778494,0.1107968382209678,0.10222320918462362,0.17827566400431738,0.009001392195758677,0.10090162451839252,0.13681832494113974,0.12770382642686906
0.19394753754686458,0.0903037921368351,0.10124191667086851,0.1529485557237882,0.17764123280510302,0.038011030729709155,0.10496228191822893,0.07447682267254627,0.0664668297960563
0.16089641086492104,0.07652318152723209,0.11808708074680774,0.1176108882432807,0.12075395294428744,0.18554487701661973,0.12378247693409246,0.05903206314591033,0.03776906857684845
0.09524793284449386,0.08688758417316972,0.10486629146752834,0.13245676847257506,0.103860856290851,0.005648133089936068,0.08956588350212423,0.28059432699299036,0.10087222316633133
0.12991888095510934,0.07165848751800356,0.1360038235041349,0.1608905891665348,0.044756604462697115,0.055390039293084135,0.12425499104143793,0.2038609432861159,0.07326564077288232
0.08731522332327786,0.08518101058390336,0.09947454598897472,0.10892954825127325,0.03342539388374389,0.3951288863540799,0.10358461182048768,0.04620796332971189,0.04075281646454745
0.04566146105831698,0.14099941616647974,0.07830146427502342,0.036459179855807856,0.13616364223142693,0.23584199078695908,0.08903091553151295,0.09164094818959796,0.1459009819048751
0.14329675631683345,0.06469818274237961,0.12663042300513247,0.16675185929976535,0.08873727001505359,0.09537189773016223,0.1231510983827006,0.14967356158057663,0.041688950927396135
0.11046849316367163,0.13167851912578485,0.10955744533118776,0.11455662105961735,0.07429043268012865,0.2761106403602753,0.11695736330554478,0.02897436765806043,0.037406117315729286
0.09163831699488699,0.10754837206135341,0.10642170325796611,0.1467472892334609,0.07528052855053054,0.2933148872909057,0.107736373630691,0.037400128287512734,0.033912400692692565
0.1344718952133122,0.06614557339013723,0.10519269911039007,0.1412025951425203,0.167305852192815,0.01789653138405857,0.10310526766562651,0.22305155459924045,0.04162803130189968
0.08243030595231601,0.11999634882737786,0.10716027722232797,0.12419396498049018,0.0294853976526676,0.32584800425310706,0.10783107096343413,0.04544876613010627,0.057605864018172886
0.1286580480320049,0.07199462127824494,0.13085181850736946,0.20890167544643715,0.0645482021274553,0.09369781370438567,0.14631448813224288,0.1071853614090127,0.047847971362847054
0.07104484303470127,0.24348950491519328,0.08537215656614396,0.0876292047702867,0.024473920859554157,0.30046405832687034,0.08261094520749972,0.0745245736155974,0.030390792704153218
0.0662810363665201,0.1467302003779056,0.0920726479360189,0.07062402228163138,0.015066398606467602,0.38501668886091295,0.09432102626641292,0.053751334271182914,0.07613664503294769
0.08046312015877514,0.08409736115843902,0.08863929314133982,0.0852779247917429,0.016690698249994095,0.4939159893367835,0.08847053959486612,0.03300375990838354,0.029441313659675856
0.09489007488107876,0.2183532781176174,0.09555111381349017,0.11045198449114868,0.01784904149213132,0.22684185344039512,0.12738191488514738,0.05869006772402646,0.04999067115496474
0.11595173231465401,0.16842527391780734,0.11169144877036959,0.1517808739832007,0.03175833132010698,0.14672848607755187,0.11764028910971702,0.12028746811682069,0.035736096389771814
0.12006056739432976,0.11949704068819549,0.12640894567544073,0.10437392821456615,0.04873726957385811,0.0963639969372417,0.1396478783977105,0.07258135460486485,0.1723290185137927
0.10440208150942258,0.06131386339006806,0.12715441981636813,0.09372902842950627,0.07438827904113832,0.041197456229246344,0.10727187700485315,0.12312709382830217,0.267415900751095
0.08713192772445866,0.04075340127342023,0.10973969828751144,0.08182421210790182,0.2372186842767214,0.008988282765732087,0.07857141869853689,0.1377963473793329,0.21797602748638453
0.10745734291148201,0.22569071906220736,0.1039552329039047,0.09411894816305051,0.016990933344511707,0.18250574447371304,0.12515264979552942,0.07433170211409935,0.06979672723150193
0.09054634255974607,0.057702382618602444,0.09839131523239791,0.08467555565968776,0.03956213270376549,0.09904544648218667,0.11413037808110717,0.07105636703415229,0.3448900796283542
0.13782100113327186,0.10551063406071741,0.10043746706628487,0.09934723451647048,0.11803264727270142,0.03987361400903902,0.1138900865138583,0.1284892292162981,0.1565980862113586
0.14304284992081426,0.15451756512871673,0.12088481223536367,0.17606379355626026,0.04380138991629182,0.05670820828684778,0.1414068162258885,0.11340347941403427,0.05017108531578279
0.11487637952125203,0.04757985007252324,0.1080032659286172,0.13699913500502284,0.12032730615991483,0.28299432872329533,0.11803078612369629,0.046696949088963956,0.024491999376714233
0.08529911049896659,0.32645742142441536,0.09159513753558231,0.07773357238995032,0.022046967605741857,0.07499128605974342,0.10967744225630864,0.12058944981230325,0.09160961241698823
0.09538791734093294,0.14107433663632193,0.11171410134255653,0.076125529415109,0.19257112902144402,0.012614639321800484,0.09244315807154929,0.07649188204562384,0.20157730680466204
0.11102471775089728,0.20215780411760342,0.11554141257245365,0.0981991277557183,0.05106730551507052,0.03179323200036129,0.1068220598896339,0.16201067268668953,0.12138366771157212
0.15772893151198422,0.15249244960822725,0.11973855586189854,0.16292147571271368,0.059489092463703985,0.03272055601735013,0.1289718691858898,0.1526520143662298,0.03328505527200264
0.1330069016522776,0.21185486217348962,0.11303831967949686,0.12660680665841395,0.08411581774325261,0.028213027682122537,0.12893198497989408,0.09657757645490232,0.07765470297615047
0.1485351057503598,0.05799246223558648,0.10509392232649727,0.07808199041210491,0.2129616032532583,0.007000859557427539,0.10798794837284052,0.11650226732782824,0.165843840764097
0.14096720133131366,0.07483895757891189,0.12871630518938035,0.1597292516572499,0.0898647280406573,0.05817140939823978,0.14363018085349347,0.12540174614668395,0.07868021980406958
0.10657909091132635,0.10542172710610938,0.10501270369921477,0.11297187517144507,0.037672934733549636,0.12080650769995639,0.1014306010590869,0.169156542361922,0.1409480172573895
0.12164802566808885,0.1874385783431445,0.09796338146888667,0.12772379440299697,0.016381699958489673,0.01563344499194448,0.12102394403202343,0.2412846314581157,0.07090249967630984
0.13559970280512915,0.15530743741400369,0.1079998143405394,0.06356911876444225,0.07505234990862082,0.05120267204671999,0.11275255839428473,0.10931566374937063,0.1892006825768894
0.10892332275264353,0.06726764583625493,0.1250543884561521,0.17517331917879375,0.07039594373898751,0.06749224467821888,0.11490272212549128,0.15642846866180826,0.11436194457164972
0.10875792706486771,0.13989489388828938,0.11158075783401838,0.132029219733815,0.1171699811678882,0.21750946419814918,0.09379809882166838,0.056988743109543195,0.02227091418176065
0.1189487632480571,0.1907659901953294,0.1048723137324656,0.12340636663142175,0.04464263114234427,0.015071799152987274,0.11131685885965713,0.21785751627722547,0.07311776076051213
0.11785593082092675,0.06113328076205667,0.1323208018470652,0.15378587209405042,0.16099248854630901,0.061956295471413264,0.11638040301420827,0.12968629644701415,0.06588863099695623
0.1478427681289409,0.1065220893210551,0.1338320312455433,0.13367645092782915,0.06286982067742732,0.04251177598900782,0.1402200174731657,0.10038356382749436,0.1321414824095364
0.13782808154819357,0.10755147267960012,0.11865147556561079,0.07145612096461552,0.123309252066562,0.11940721947505688,0.10716105333329175,0.06478305357863297,0.1498522707884364
0.10976197571114284,0.09745230533387012,0.12810370481428027,0.1260767200204441,0.1559733947363251,0.022396895606393328,0.10283939810263305,0.14669885131870888,0.1106967543562023
0.15171750841927978,0.04931268192667968,0.12968736070389167,0.15215330297243054,0.08514812662929795,0.03165979181580906,0.1247695735071014,0.20134329977419374,0.07420835425131621
0.1390246350128039,0.0702334386107576,0.1167843377681013,0.1266596791337404,0.12045456850341657,0.008742974850899565,0.11350988631220231,0.19358097975191946,0.11100950005615885
0.12686307761972102,0.031104133657281135,0.10831292963737364,0.114112167947992,0.10517034489589965,0.23997347616508388,0.10736205861751887,0.07172557636274139,0.09537623509638844
0.14459958330462758,0.08748523119413293,0.1277485119787887,0.16830982261258468,0.06822444655782112,0.06774176854940307,0.15047660885212769,0.12053513739167739,0.06487888955883687
0.1162959058210239,0.12306704540133108,0.12081520698935144,0.08388604950138046,0.1161599410942434,0.19514424157164903,0.09785469686334715,0.05049129851581683,0.09628561424185665
0.13476313666156986,0.08068899396761038,0.10737062464573373,0.15889245310445815,0.04231289887614633,0.08666783170490867,0.1563433990446316,0.10551985879407422,0.127440803200867
0.13459967685762805,0.09551443429893962,0.1147092101760268,0.08967418488979206,0.09853056993531091,0.051093668622061106,0.13145439682122315,0.18648752384543058,0.09793633455358774
0.10322804976806034,0.07918224457707333,0.09770826968202645,0.11176092065116054,0.07302942078716494,0.014471737607857147,0.08524791711100055,0.26019803436012084,0.17517340545553592
0.11698089171022913,0.10853313561099587,0.1222452621654902,0.13425046443555358,0.04523812650707123,0.194107876139726,0.14210353002034262,0.07058010330728248,0.06596061010330884
0.0932385516941518,0.1660029977663026,0.11204562571400711,0.10503234675235555,0.01957545360106744,0.01978185427750045,0.12742446890613754,0.16664852987921766,0.19025017140925982
0.07259528207789735,0.2576096522912933,0.09753401181878772,0.1300527808803187,0.019765915071160548,0.22011515705996007,0.10731928794385076,0.06498088698633983,0.030027025870391813
0.12581194457957848,0.0627533805376802,0.10666258678835851,0.1503493602604158,0.06680159994451716,0.28084434433233185,0.13335512652532036,0.04557138887704614,0.027850268154751483
0.15143629147835871,0.045385472045625146,0.10797297965461704,0.10608919752821437,0.17575339093169204,0.017929224984038233,0.1108031618228252,0.17400153185422107,0.11062874970040819
0.12704330903125907,0.12836232129086936,0.12167518444027546,0.09493350476260258,0.10149892346061366,0.04984061394513164,0.11106756964348176,0.12230922199790832,0.14326935142785813
0.06179447114515677,0.3563251335367979,0.07876906378434394,0.1096076889273665,0.004349975067933077,0.17134748468766745,0.1080104386914913,0.08029516044817624,0.029500583711066744
0.1122064314426564,0.1416350705020233,0.12482146050787725,0.1316100114254384,0.03078885246662672,0.09290705067125893,0.14346818592335583,0.10915726485698636,0.11340567220377673
0.09707308874076435,0.08367521575329782,0.11080359763777166,0.1240096019592567,0.059189195547106443,0.034913868066853385,0.10203067437911316,0.22092329199326302,0.1673814659225734
0.07039998199736015,0.24874259480764602,0.09903077351351482,0.07872702713508822,0.019969217347208832,0.1949828847442475,0.10090572481980149,0.035117129291069436,0.15212466634406357
0.10655153481261342,0.07619031236256403,0.11363756015985875,0.13124797298992297,0.03802899732259376,0.14036205790466352,0.12114409195511884,0.096869177628381,0.17596829486428375
0.11842812813115423,0.10230514766674859,0.11653032114592943,0.14539576649902172,0.027793593146321894,0.07833214964384949,0.14688925914454556,0.18449458130747173,0.07983105331495736
0.09258500387979474,0.1069294103146104,0.10747767835795323,0.12931119790005818,0.056634069023305145,0.01728650507699674,0.09317630339414386,0.24812809495814783,0.14847173709498987
0.07806644064390263,0.04182193411315264,0.08308943915228101,0.06461984467429453,0.2328868050812157,0.0018723618102683686,0.06588137630402775,0.31648873837348424,0.11527305984737313
0.09636574395671423,0.15449873702140762,0.12336218174214413,0.16355499338874313,0.03823647250227397,0.1621352012891871,0.1228785463295184,0.06308285483993951,0.07588526893007186
0.08538007841359703,0.13990537064912226,0.09461463282572556,0.10818883313379894,0.02701170758816704,0.3515960797041651,0.11338972023274387,0.04428461753652709,0.035628959916153065
0.1654747533714815,0.02075079522546359,0.10373525400711929,0.07269156312102341,0.17605492812894852,0.0147913071060551,0.07976048413608092,0.1401310939252736,0.226609820978554
0.07287832895540203,0.2848883054416034,0.08627902338008131,0.09629538362948677,0.015043604220167756,0.2497524970221016,0.1059309593923694,0.044549651757289276,0.0443822462014986
0.16638083798813505,0.05379248613695012,0.1298834642717611,0.12756450773660308,0.18246644910066168,0.024305840976638463,0.1131585900433703,0.11707215542254833,0.08537566832333193
0.07287382741794558,0.05564028560265342,0.11439219831010745,0.11274920363875729,0.16615958625100016,0.0056701217519443126,0.08645453018697541,0.276242606521714,0.1098176403189023
0.11256825898670937,0.09129839470500108,0.10385642591220638,0.16565031398965202,0.19682668503601422,0.018052838674943505,0.09715847423462647,0.13564338718207528,0.07894522127877163
0.13602224356143924,0.03991473284984729,0.13367863033787433,0.19006619557878382,0.1350311818407506,0.008362816255419576,0.11594066408768132,0.1816126416997698,0.059370893788433944
0.07215775249529388,0.1470543037880294,0.08826539289135206,0.04967446749320725,0.04122403352243754,0.021930929171640298,0.10505999572016482,0.06587224756159088,0.40876087735628386
0.11800620700588316,0.12242561149506055,0.11274009735305372,0.1661967841080005,0.05826493994716573,0.00712858113235425,0.10424030797465623,0.2588666650970763,0.052130805886749655
0.1472793584009847,0.027121564262745135,0.1039083002808829,0.08323564795645486,0.3595636874212726,0.032998055316900546,0.10260878998600868,0.07894709386821235,0.0643375025065382
0.1458549265115209,0.10959994701083371,0.09960108405350877,0.09937223642273839,0.039874068338169526,0.2929336084321586,0.12253119973489161,0.058953742560060106,0.03127918693611848
0.14771647953807182,0.07549640979331708,0.12191610692031218,0.06774610421858519,0.13838860386938656,0.02557137322900672,0.09267028114102131,0.09693786561607647,0.23355677567422264
0.1210021854077985,0.08343381451066682,0.12181777437114598,0.1655003323118014,0.05402280021923279,0.015041834255243818,0.12536237204893827,0.222296528326688,0.09152235854848441
0.14634453925435212,0.12318494248630414,0.12611283051218108,0.1747339162830576,0.05999220462461066,0.06434823957796519,0.14397651397721822,0.1079206817929751,0.05338613149133587
0.10829757213174253,0.21627911196255725,0.11414662861469767,0.1001318855091275,0.16617837326913054,0.022616748660060387,0.08043783118966273,0.07473471664724816,0.11717713201577329
0.0934540256524965,0.20433598189473712,0.11882166020644956,0.12741569182142687,0.019964392754943362,0.12396484443610212,0.13504005129980073,0.0708363032528417,0.10616704868120197
0.13922370806486345,0.11654850736300386,0.11945885761655389,0.12095205629591732,0.06129312054968119,0.15614276861947765,0.13041460742676286,0.08922926019365009,0.06673711387008972
0.13235633460009574,0.1192519369182105,0.1192368753811341,0.16284039620262994,0.040705536348217324,0.11763235770497898,0.15212687097846025,0.11657588488640502,0.03927380697986806
0.12274109390244399,0.11325100681362764,0.09306548572278743,0.14761568674749237,0.0627478542589135,0.021302393274482214,0.11805049269093221,0.0869576487555818,0.23426833783373888
0.13257579735197472,0.08393167484693238,0.125444761530494,0.13732176161547374,0.12025847127534356,0.1109123346420675,0.11728923482635079,0.10904560366680165,0.06322036024456158
0.10327088653755127,0.05804363152979786,0.13616636511439958,0.1366848453647713,0.17828612177530223,0.017039506892176384,0.10400971431115032,0.14703989166650808,0.11945903680834291
0.08390237747483272,0.17755181598589484,0.09601492765861613,0.0600326876627918,0.03702440831941079,0.022667887964227973,0.0977124957279258,0.09244814553488769,0.33264525367141234
0.13208658143353666,0.07332239173673115,0.11792547762622485,0.13415286890040068,0.06661675412688466,0.2648855255473321,0.13144159815778175,0.03913631692930842,0.04043248554179984
0.0932670162724989,0.1643277146917664,0.11905079222648962,0.10184452676529186,0.047804154774728054,0.23610200068176068,0.10764879675121425,0.04130756862358695,0.08864742921266326
0.11628511147190966,0.1121289449639557,0.12075481220341638,0.15712769812678315,0.05354597112947412,0.02411788798327914,0.11800208560198545,0.1128492421795716,0.18518824633962475
0.11438905989748677,0.16545677611131984,0.11304495691329032,0.1659670967280147,0.07788454065061973,0.02576126665324588,0.11242272480564501,0.18727694806266748,0.03779663017771014
0.1357632855888045,0.08319557712943308,0.10089967998977624,0.12356948801593463,0.05607934933923695,0.009549099676254122,0.11369598371654388,0.2195863272666503,0.15766120927736627
0.039089143938327506,0.12330594256717198,0.06422796386271452,0.03373602405184882,0.08807041021541051,0.35503439271305925,0.10183862803785088,0.13214904107368627,0.06254845353993027
0.08707725558294481,0.07033527288261547,0.09794969924547718,0.10039120819611551,0.041992027172146916,0.010197485400976829,0.08954054565242442,0.18895906797492232,0.31355743789237656
0.05074086187611587,0.13689846654644905,0.07590512322166039,0.06425053543525634,0.038184463531036446,0.4433389574275169,0.08826188060556028,0.062196400353223054,0.04022331100318157
0.13531233560548592,0.10355400808301836,0.11630298726718168,0.12213279082236494,0.08930405727123845,0.02267371448204139,0.11830777269569172,0.20121007127695498,0.09120226249602258
0.10347252181031831,0.06544896378770265,0.10074900016420461,0.13314392258942676,0.022730570686523333,0.15747557189524009,0.14591615035364425,0.11626121929197408,0.15480207942096594
0.17469112750040286,0.08477107285161684,0.12189708052478876,0.12207369614472402,0.22741435631112392,0.011774815726786186,0.09154499838528667,0.11360695931199329,0.05222589324327748
0.07861618407592647,0.08796440358717612,0.08465984215185085,0.07441105771406024,0.24977215093699603,0.002947501044387532,0.0626891462950956,0.2891372719469192,0.06980244224758797
0.11002422785050736,0.07294059680502174,0.09414419344023382,0.06747418290351813,0.1263040372100224,0.009480843690661203,0.07685453840260195,0.1847417330608205,0.25803564663661294
0.1361628738888097,0.043174996569733504,0.1256056111889415,0.13967246615776793,0.19920742830776927,0.03147128149608657,0.11974849399657489,0.11493421882353864,0.09002262957077799
0.09716336919200724,0.14404928594070235,0.11659179551370032,0.13909601767858348,0.028683072436381313,0.22610841204491616,0.12129013758155575,0.047101414816001275,0.07991649479615215
0.07983015503073561,0.28953317579288856,0.0944190877000951,0.09596966487438587,0.013438717483655402,0.14881502747076267,0.1310800247420061,0.06145011244320519,0.08546403446226536
0.16719825583258086,0.0668091540859345,0.10986231262804601,0.1332793208751913,0.10590704364763347,0.0059224588444074236,0.08859382812983223,0.20833843643896077,0.11408918951741347
0.09905976619041679,0.09470190472246835,0.10964870520092485,0.12137080718324499,0.09998924873540595,0.03372745010502342,0.11390509616616713,0.15822723407408143,0.16936978762226707
0.13546009583925725,0.09119849826245223,0.12851976479583507,0.15156781816563922,0.0575605573927768,0.15533304288977665,0.126754144411148,0.11202711870757316,0.04157895953554156
0.102967231922234,0.07075934455085749,0.11015975120032721,0.11898943911878664,0.08165355354813081,0.012102319688262248,0.10441421920538707,0.32401053671540386,0.07494360405061065
0.12931843108493105,0.06642001143909732,0.10245795835956946,0.0696284164056403,0.3020913298343452,0.0049276689025117976,0.09111412020556105,0.07597321969027661,0.15806884407806723
0.10087816304238188,0.08378796639893721,0.12408492872638797,0.18805766241032218,0.09108865326211567,0.023039398346217557,0.1137891541038326,0.21682546363762076,0.058448610072184194
0.1386978590327951,0.1935235166755774,0.10831741870927597,0.16105076146828853,0.02892941440937646,0.04807566172408529,0.1328934269136547,0.16106147743713584,0.027450463629810712
0.07750519671874034,0.2948122465236881,0.0908618312518434,0.08946532914108346,0.013223247028968349,0.18075016177395886,0.12526924644547235,0.04776530439453277,0.08034743672171242
0.10307779712620402,0.09784158990235321,0.0930195908813397,0.08843427906260952,0.0696346853024179,0.0173231812993055,0.10564340989506688,0.14041119280803174,0.2846142737226715
0.03942023218985717,0.09370997834445467,0.07999841756002123,0.055966793887997086,0.40771267142384987,0.05199685517351579,0.10159247027459872,0.08341531624938636,0.08618726489631917
0.08678222698179616,0.19229809258748923,0.09225495832315478,0.12427541922817253,0.010562740625078134,0.3008824452786863,0.11499329067094938,0.052176608191316615,0.025774218113356857
0.058762429699228486,0.09890792457290502,0.06456427818180108,0.05993434735448599,0.19448010206849034,0.006016587017569897,0.05774345924446884,0.12437527875782399,0.33521559310322635
0.08518369683057543,0.07366930866072767,0.11040256457973951,0.12270494305444797,0.03962217634961199,0.23020202025819217,0.11389942220837719,0.06820277574161582,0.15611309231671222
0.0962024799527156,0.10706076478473459,0.13168801042593126,0.13188132214807918,0.06816067878516512,0.02520449399782056,0.10943013906487979,0.17809945070918617,0.15227266013148777
0.08750884471730987,0.12541901010199255,0.10599333507303656,0.12500082077293104,0.05196500795632767,0.3080053749360797,0.11796158228878827,0.04352724411882961,0.03461878003470465
0.1519708071907042,0.047133889239588944,0.11645749591691534,0.13775871393746206,0.2407652506410004,0.026035136908451464,0.11052884289722377,0.11312596370888978,0.056223899559764035
0.09271838999868208,0.04663751849013015,0.10590454977945503,0.09691979027346526,0.31025233361055177,0.02130300869913775,0.07777253530974548,0.08424060127102843,0.1642512725678041
0.11898455794456925,0.10486726739342672,0.1254438686429392,0.10054883260447965,0.17591642408024225,0.1167539106351846,0.09011705893234723,0.11878738806850679,0.04858069169830435
0.10666353410067399,0.22369801823823787,0.118031708232266,0.12905665181638673,0.027958756067514023,0.1364773476059988,0.11874845422734688,0.07221048543702498,0.06715504427455078
0.1613915988733117,0.08589220065891344,0.12269594613706052,0.13692884587099893,0.2001839940957937,0.017620968723602068,0.1104791243254372,0.11833713423240523,0.04647018708247721
0.11420048572203417,0.06480219170890585,0.12615915381908824,0.16069413018978504,0.0765813628630529,0.02947815358361294,0.11907346654474447,0.24378524405190571,0.06522581151687067
0.17299106177172385,0.07639282607901675,0.12212506503711885,0.11213129433941312,0.19579207804394613,0.03111378494110297,0.12206901462977543,0.09213458254843454,0.07525029260946829
0.12643918219663233,0.08166980988227796,0.08598538157175095,0.048727240356467215,0.1012540537729845,0.009687803535184343,0.09137873391566453,0.06317255444022433,0.3916852403288138
0.16951225143505358,0.12116414368059843,0.1284320737998819,0.134519949173977,0.07922720287131767,0.013081866703192597,0.11748537201087493,0.13653040064529962,0.1000467396798043
0.12162549991763157,0.09209247572221774,0.12977332932729316,0.15426344526804883,0.03565424457896857,0.03710068270671831,0.13424606807074657,0.19258848698088737,0.10265576742748785
0.14307495760164904,0.0855619107759898,0.12235081316730612,0.1407101462223218,0.06743624906980762,0.07539578247463825,0.12105602428280467,0.2110493966117938,0.03336471979368887
0.12215382950058314,0.11937837901428716,0.13421827817171963,0.1403599734694663,0.04283892541273665,0.04396637357422121,0.1248901238307913,0.14950849563058263,0.122685621395612
0.1280145624273329,0.1380198002368954,0.12744479955526863,0.14193022393675933,0.05955869447897475,0.05092003729029296,0.13542097080908072,0.12912591081254612,0.08956500045284914
0.14373246277426263,0.05691147319019748,0.11225509051615706,0.08271648990237873,0.27153162879176,0.014426692090644478,0.08475988092908897,0.1019846721603687,0.131681609645142
0.09680099390375445,0.21412817658252184,0.11098016372516704,0.14970340880823074,0.021014661678044038,0.1657164691842303,0.13014366401973618,0.06776086747017233,0.04375159462814316
0.132342989928961,0.08522509216885106,0.11329943876504628,0.09916407998332083,0.25302527319334267,0.11320788732156677,0.10901467295995872,0.05498348759470092,0.03973707808425168
0.06804071600569105,0.16399948514465904,0.09597842336982863,0.06709978816536526,0.01867571810621753,0.37254683859186216,0.07925531070603385,0.036929118316865454,0.0974746015934771
0.0933754531220347,0.03080232525949539,0.08992538772499503,0.11083075000754727,0.4511246150156653,0.0027524267869634285,0.06394605417164728,0.10831776347615892,0.04892522443549264
0.14146414828915557,0.09921721489398912,0.09518300680537191,0.08650187648636726,0.2755871403656342,0.003652675780753758,0.0854131662791085,0.1314215440050576,0.08155922709456204
0.13158077058258733,0.061183656078792135,0.1216579267424593,0.18822125180012297,0.0621500184988917,0.15357925962063362,0.15288257961013796,0.082606937787105,0.04613759927926996
0.05654370571544609,0.15485946065669978,0.06732181174119388,0.07136700045798529,0.04967675358000842,0.36524725185500095,0.10333482041288206,0.07102549514350281,0.060623700437280735
0.12759475518826602,0.1816125659904612,0.11520543923264025,0.11923231195015732,0.0505469909909694,0.08323436544544215,0.14352956652589258,0.08005934881451286,0.09898465586165828
0.10304473400485577,0.19910580041981754,0.1077030502459252,0.11825625162995619,0.020556739306405485,0.1178580505072011,0.13278510042968691,0.12605661182670505,0.07463366162944675
0.11021942485689633,0.0322571654511915,0.10578026845170148,0.0861321793433235,0.06650997224577206,0.10225173101913909,0.11598803286599073,0.08207917104103489,0.2987820547249504
0.132237136381091,0.09723443885188408,0.13528093314604825,0.1643443762909584,0.05358513575647328,0.03289183065016658,0.11201003673038949,0.20026522897663276,0.0721508832163562
0.10906627991380054,0.055230496137181805,0.12280772490583308,0.10446414270711461,0.2942628767689201,0.01961412971054606,0.10181343514170925,0.09794996872042305,0.09479094599447162
0.1045753089532604,0.29816455305106043,0.09677333322783649,0.09299715399519282,0.02615346322693674,0.0877018672406707,0.1286119819344775,0.07348078991399991,0.09154154845656508
0.12619225044640767,0.021972359900229655,0.09468842098646661,0.07750715246251978,0.20835908259293467,0.018112429784258532,0.09095252331233454,0.11699582027733975,0.24521996023750883
0.0915705024136239,0.08761558961987932,0.12359940004969722,0.09752394120666202,0.0590888300914196,0.036123525195382304,0.1099016119526397,0.19949016306950643,0.19508643640118953
0.12350616092243621,0.16419741185442613,0.1094519831790343,0.08557434315298214,0.06306811651448879,0.1336553422942476,0.12659893233306949,0.03660222605774794,0.1573454836915674
0.10863964946766154,0.10062892698165134,0.1263150008773164,0.16762629711507207,0.031733628083423865,0.16088045547049967,0.13131181154454943,0.10892725445745423,0.06393697600237136
0.06048696094492039,0.02566992078133719,0.08172185361433026,0.06755438515096131,0.1647598588603635,0.29085146966761455,0.09281779455539653,0.15857477387010432,0.057562982554971866
0.12955826552980695,0.10685450402760004,0.11309373541005711,0.17126213116995256,0.02952790074863983,0.21475197747190514,0.1455356463223455,0.054617840486097254,0.0347979988335956
0.10194542986333714,0.05759150933157406,0.10460642925823604,0.05653408514277347,0.39586278937283104,0.009842539622492735,0.07459854715816104,0.07607012014077091,0.12294855010982358
0.06280322458032313,0.07542105765697311,0.08218313062725473,0.08958938133455296,0.039350498315778644,0.3869089070035489,0.09860647090593451,0.03222390652317857,0.1329134230524555
0.12108058293355557,0.09406960729566273,0.10473227646790267,0.12313366205425214,0.08564691424624447,0.1804137539172044,0.116826593576414,0.055448096737738546,0.11864851277102538
0.14016050496466204,0.06928174018631261,0.12888765374313896,0.1559657129393157,0.059161199839870414,0.06967068627762454,0.16711882667266256,0.11729049581212599,0.09246317956428708
0.12697568665331302,0.14454491871528266,0.11736445581380534,0.15435106886154756,0.035944511778350126,0.15936295140042722,0.13452995786194225,0.08938992381844474,0.037536525096887076
0.12225700901336016,0.21806651295491017,0.1019187586699881,0.17720470073990202,0.01947857301159171,0.09819462807992378,0.11380895760757159,0.08278478215237169,0.06628607777038077
0.12663467218650978,0.03479436162884717,0.13501387158464576,0.10772556301451149,0.1805453717274903,0.06486265338977541,0.11192172100334981,0.1104630961414816,0.1280386893233886
0.14365659619049717,0.10586429455987638,0.11420857554269104,0.12907318305860874,0.0599001917027214,0.08074379718421343,0.13677437537584908,0.19479960958680997,0.0349793767987328
0.1181784170322595,0.11264309210155705,0.12907830236684847,0.10062212016306611,0.08448663638147012,0.17362410569380668,0.12590896332150586,0.046238236603912,0.10922012633557425
0.09896817404418072,0.1398293391330199,0.10144661624939118,0.0631917162246295,0.2302629792426054,0.015231700583722715,0.07585089409900216,0.17983389668191194,0.09538468374153664
0.04154315431448546,0.05692343698248864,0.07923533600813713,0.03940922184062833,0.31733222027705216,0.12280726659056125,0.09208152470996733,0.17847668342177747,0.0721911558549022
0.10587424088062614,0.2853196630180179,0.11188044679801419,0.1335829498376194,0.07237477252876609,0.08080842732438846,0.10884941545177747,0.05783522096067096,0.04347486320011939
0.13625791001453835,0.060753329746144336,0.13624971470746713,0.16395591900487125,0.04001222866468164,0.09252493387920242,0.15253474930150904,0.12775295162664577,0.08995826305494008
0.11553513902254536,0.17966670017411426,0.12034873256785204,0.13739369740161592,0.03150233543740333,0.09941007235894893,0.12698676810305376,0.1320756988105529,0.0570808561239135
0.10390404168882966,0.02989303296607551,0.10413870356098887,0.06021673660379968,0.3216930010713926,0.015320193904381852,0.08299592366492986,0.07347766660560873,0.20836069993399323
0.15479905564738308,0.1323771729698386,0.13921278753891828,0.14000689854251128,0.08380739252325782,0.047670902547095044,0.12844647796910136,0.09059472363629673,0.08308458862559778
0.12224139087326964,0.0648562817995611,0.10521749246115612,0.07928584015839463,0.3190186036298111,0.02139753085572181,0.09154209156149475,0.11815131135466585,0.07828945730592497
0.06530712506820684,0.03645348224728148,0.07564239832939092,0.05509827993507769,0.019309978912499942,0.4512814941387178,0.08595898028526838,0.051723554887672114,0.15922470619588486
0.09430760133519574,0.13367977630100228,0.10293317359126601,0.11887188861474195,0.04227972219092797,0.25156553657934255,0.12266975367514542,0.08454022831332113,0.049152319399056954
0.12284741871850367,0.10534301307360648,0.10338534499301771,0.11769311348938345,0.09309515967996666,0.025511496503690098,0.10366734084399586,0.12082631967714859,0.20763079302068752
0.1009567586790799,0.20072823707049728,0.13537043748539704,0.1062211096222614,0.10224514592396554,0.044686729826694895,0.11589731860084664,0.08228085869001252,0.11161340410124486
0.08601477567840653,0.200876231583607,0.0876351323564754,0.06616523601921448,0.01443464150471096,0.3411960096119482,0.1051725183459959,0.03239564824842068,0.06610980665122095
