0.10118413626921098,0.1190906984357617,0.10788119133871088,0.12363225212141686,0.0536187817692202,0.11609122809593124,0.12097938899214772,0.13449621944808202,0.12302610352951843
0.1240901866501316,0.11348489721866827,0.10356841710985996,0.1405228827225448,0.056394833964657526,0.11070233586306844,0.07878949399019136,0.1348895321754006,0.13755742030547743
0.12881131755724853,0.11671696300665957,0.08611894664990949,0.1315909136598019,0.07457771294780736,0.09596981287097872,0.07325846434295974,0.11583130387024658,0.1771245650943881
0.16623148744124625,0.10997169262712998,0.10348264358048635,0.07905626293224766,0.15603891298093936,0.08220177988453466,0.063900219030606,0.08291389752005306,0.15620310400275672
0.11502045713282384,0.13162396487489855,0.10787937702918433,0.11186077521062092,0.05583590765212037,0.13249665454385082,0.14032835242236547,0.11098978801222865,0.09396472312190711
0.11849882986397603,0.1067566730535841,0.09396552149412281,0.14627762974653627,0.23453006606588445,0.11313542907660408,0.05406984304109957,0.08821133465389502,0.04455467300429763
0.07951158485322708,0.1079855271827209,0.11436020557298122,0.13084785088992582,0.10300615594020479,0.12034480239460914,0.10306535431833606,0.17200520878641942,0.06887331006157553
0.08191039554770617,0.08212846718730182,0.06858760981009822,0.09916201953205912,0.050990081301119206,0.07716994942000133,0.1453895409163179,0.15348133264838756,0.24118060363700863
0.1356630430926575,0.12354377846473545,0.13313383853775526,0.09386355866525371,0.11455423668157268,0.11315008423518202,0.07173535118505982,0.09965416526761688,0.11470194387016663
0.09846827524097772,0.10497395424928574,0.12225719410877674,0.1009758889294004,0.19802235937396373,0.10026637458131454,0.07136937739325772,0.09545635787722521,0.10821021824579817
0.15038289574051164,0.11929627588843557,0.07956285073526073,0.10066236881771906,0.1123055584827275,0.1063172221602684,0.10666734782381238,0.08631792218973072,0.1384875581615341
0.12182554083152664,0.11428952107621959,0.11535824974063852,0.08688801624834024,0.03470760236329516,0.11537751112540921,0.13225946012415027,0.1486407847162985,0.1306533137741219
0.0965348143021867,0.10609993377405096,0.08184274867096743,0.15070450724813886,0.11356897059026454,0.12430623093676026,0.11145294803654276,0.14523893275957184,0.07025091368151672
0.1128393533094007,0.12437586084268282,0.09082397644199126,0.09088121822654849,0.07841559975682667,0.11720503526261632,0.14213112354421412,0.13890734701295368,0.10442048560276597
0.07828818825979096,0.12634318082243567,0.1651899341431715,0.09351476798710885,0.1280393731075455,0.1424393782763084,0.11397244280645263,0.11325013766150376,0.03896259693568271
0.095252674976943,0.09287926955833754,0.1269076633328688,0.15328557130434592,0.25530436913895066,0.11051470850906607,0.04153800363740124,0.09863151455320214,0.02568622498888472
0.06561582612981552,0.10429273315371747,0.09002020692229955,0.20559038766406132,0.12043578484362923,0.13276146453668705,0.10123117408489317,0.10816924073561672,0.07188318192927991
0.10454522819602265,0.11761538306185398,0.16637423454070535,0.12330831686491679,0.15414774855459254,0.11352355056339754,0.057475428808536566,0.0922301154217297,0.07077999398824487
0.14162802924021026,0.13467338783755659,0.1521369092795047,0.09366301091505412,0.05975790224800117,0.13214837320949774,0.1032686148742344,0.10104862909874485,0.0816751432971962
0.10694191680218922,0.13766718169245593,0.13604708242520167,0.1022465735592548,0.0316061517449615,0.1335950320908245,0.12337412486585826,0.12339770898749457,0.10512422783175966
0.09726294152992465,0.1112600587764851,0.10191562689233948,0.1318084796427557,0.14413047730940046,0.11125724624946809,0.07992149395386978,0.14351201728351956,0.07893165836223727
0.12235701338999098,0.10606665359527755,0.0801938456789464,0.12762353201756507,0.14574119616083928,0.1162237051131379,0.11384475098559649,0.10076625301100006,0.0871830500476463
0.09573652889391242,0.14708633220710357,0.10405723168488533,0.09002846186248525,0.01839141494630765,0.12688190608613123,0.1428854123031257,0.12297059631355438,0.15196211570249443
0.1098228938249538,0.1013713714734603,0.09526091203886004,0.1404317554595941,0.055012860539022636,0.1070175615814865,0.08051585517580415,0.1703136620322969,0.14025312787452154
0.0600302940439561,0.08366143616661798,0.1034015880210899,0.17587391505050068,0.26357610929621944,0.10942217763305999,0.0487942529315901,0.1091135533438602,0.046126673513105676
0.11017711706207602,0.0990865633539988,0.054978490376223155,0.07084574468478519,0.04616267759551265,0.07895517252298474,0.19628172021685564,0.10538153707793894,0.23813097710962491
0.07155066139729808,0.10805770738124099,0.10712291480515608,0.12439856539422894,0.1143411999568655,0.1292478717247665,0.14525784336678563,0.13799334661689097,0.06202988935676725
0.10629487317462345,0.11421712467499523,0.10590041686345297,0.09443480657404958,0.1414878450280511,0.10330400533687756,0.11151716699973842,0.12990769939871596,0.09293606194949572
0.11571879171424919,0.059952292844263046,0.12424678277554457,0.07503004677239135,0.06443373124355321,0.07795375978417958,0.05274393920674839,0.1421973134196255,0.2877233422394452
0.07455216892458498,0.12591918417688353,0.14733070015570265,0.12060199905070847,0.149300285153968,0.11699630584227018,0.06446068178663651,0.14778204190081398,0.05305663300843164
0.12076554222640785,0.13063464176003023,0.10415772687391317,0.08887722569117096,0.09901156535598439,0.10866102815341196,0.11590812631207899,0.11528711489098026,0.11669702873602217
0.13747243825487737,0.09808508810407991,0.09753428261263174,0.07677236169851998,0.06543627670538542,0.10614382850638689,0.13797275464960201,0.14230683544827583,0.1382761340202409
0.08965632378895223,0.1132294418211605,0.09090643350945217,0.12932434400238105,0.17410675070224857,0.11249403589641677,0.10230972384293448,0.120494288664173,0.06747865777228125
0.13864114886734674,0.11068884184927763,0.05871474868977885,0.14150072562872681,0.10372967541087197,0.10605706368167807,0.07652271777800841,0.12909839294500897,0.13504668514930254
0.1709457907510364,0.1588474135283003,0.07860213096824904,0.1210241326124386,0.05536138612571584,0.13061995694872458,0.10737724142401504,0.05458928614289612,0.12263266149862412
0.16088383379636198,0.08385432658720188,0.03723040281953256,0.06899237098253876,0.08088848434186152,0.06241324248012816,0.15454068134961477,0.0733239274253588,0.27787273021740166
0.18174687882732468,0.08906932076212608,0.05721938853472425,0.0652350832633754,0.11077430999513693,0.06270138384556263,0.06088559803000978,0.09781932072528261,0.27454871601645764
0.10143210635709508,0.12245473701965892,0.12717066133788157,0.09209686895833387,0.10701607674106046,0.11886267982990455,0.12940180296991144,0.13109834947990703,0.07046671730624716
0.11931762349244772,0.0761053517412598,0.06235673678399036,0.06794730598492586,0.04840455186497983,0.06646680299833262,0.15707962158933517,0.12521876055178408,0.2771032449929446
0.07220722971513838,0.1088909813371674,0.12062131780508713,0.14057921597456915,0.17336447458814444,0.11263030279513109,0.07687566435334113,0.14476965725177263,0.050061156179648646
0.11591486038176146,0.1041630678187097,0.11538744549139401,0.09262800512828927,0.3512844914477797,0.08131830424329317,0.0415214046092835,0.042457214360967534,0.055325206518521595
0.13956627980992073,0.1282432091837651,0.08539524936052144,0.1086510529084091,0.09632418298152357,0.1189491216544452,0.15336804598428133,0.0870594234591703,0.08244343465796314
0.09149453149280662,0.10605551733419653,0.12567990163850218,0.12468148676736494,0.09828807338590877,0.11954953923050243,0.0917889365639079,0.1646638424613739,0.07779817112543685
0.1708350589964733,0.04967332173344732,0.045620237641920525,0.023474890579455968,0.17221490367879042,0.03166589446150214,0.06141744557873397,0.13186508864377663,0.3132331586858997
0.08714210955600683,0.1397975449169639,0.15892456146123338,0.1149317343808241,0.12302247501488499,0.11463727496006364,0.06856581042277708,0.1064389884253078,0.08653950086193836
0.11576199504116431,0.13175086027295105,0.14872342043251183,0.08291722972645174,0.03171170899322732,0.11890904652542644,0.09923191101772404,0.1408965431114975,0.13009728487904573
0.07982647106257394,0.08951091976398795,0.11819847230212266,0.15244862783382696,0.31314669871087364,0.10190535400223667,0.03789970533335787,0.07317040171096757,0.033893349280052804
0.09472225286433844,0.09271527291159543,0.09784969325011633,0.16614166713569786,0.19323862332151961,0.10971522509656555,0.05979202999680564,0.1277933027704012,0.05803193265295994
0.06616167049566642,0.08838594781465696,0.05495629645787744,0.16009669260485443,0.26646015126731987,0.10667084392974306,0.08565694215154408,0.12108302120373805,0.05052843407459983
0.08065527499664105,0.13370916929094886,0.1561743155451267,0.11914368872469844,0.07452710686735,0.13462037603666255,0.09940302379798065,0.12474953750064098,0.07701750723995084
0.19374159636254337,0.0933626872979554,0.04168265290200158,0.06748949800404763,0.08034980635099138,0.07598717106708262,0.18660196311182145,0.06268613749988797,0.19809848740366862
0.10584844673673406,0.11609113811252597,0.1409289197478669,0.1380886540678282,0.13450290958360733,0.11861047603751225,0.06717203015877275,0.10526655421551906,0.07349087133963343
0.10255791201636148,0.07815329536507958,0.05002262395176651,0.09768938123433868,0.07743915125715742,0.07321773271396174,0.1291298173204801,0.09144726638066003,0.30034281976019456
0.13752920603918486,0.1136869627178954,0.124775171249983,0.07778780466897754,0.08685306294407584,0.10551607006352308,0.09903777587234469,0.14535991987086597,0.10945402657314966
0.04204302210134241,0.1057538261233145,0.19423815689413906,0.13697041978171423,0.13972267502461316,0.1512963936451885,0.06611379887371653,0.13080772110799202,0.03305398644797958
0.1101202991209113,0.12274748413978898,0.1345734271231057,0.10822252508907977,0.0971779572868046,0.12623178138757196,0.11056375569635703,0.11524517845098853,0.07511759170539221
0.10812013981699126,0.11377515865875869,0.10935070263725748,0.07465008466140545,0.040378296807829055,0.10828386030690428,0.13538121021996496,0.14337038933972554,0.16669015755116323
0.052774903937278954,0.07380930875467488,0.1627504856605019,0.16120240058309968,0.2757450976218124,0.11155890958556547,0.031585815342564105,0.09915420000221493,0.03141887851228759
0.09590156127883269,0.11063929700237841,0.08385748323638047,0.12658027971018473,0.16609585098945379,0.09919867083214366,0.09236111776939439,0.13796447654486685,0.08740126263636501
0.13779374947675885,0.1126220391641911,0.11554769455011682,0.08498676814894875,0.14002340875318223,0.11967978592036228,0.13270222634694628,0.07951604784555694,0.07712827979393679
0.10316413261095873,0.0759230405332978,0.10169458027283862,0.12033097833281448,0.3214596282909496,0.09675691665970192,0.06248663471882093,0.07852111364049792,0.039662974940120055
0.12141929827304843,0.10601222263662768,0.0925505926919271,0.0985315203834637,0.0727052766284272,0.10772977604964834,0.1157258109773432,0.15131207178638445,0.13401343057312984
0.1654066170422939,0.10891295816864606,0.07515660905193837,0.06653995078045051,0.18307726600839694,0.07082441649193857,0.07398337078158403,0.10271451351770296,0.15338429815704857
0.10204607676121097,0.1255854486258509,0.10699241771261087,0.1014053819568866,0.15140186048675028,0.11077548498813632,0.11405535251126546,0.10152262302749533,0.08621535392979318
0.15282370148902277,0.051772818853369894,0.03437307972116836,0.055960948444644,0.08373066376770912,0.0407876780988051,0.15970637094061343,0.10173778235157067,0.31910695633309677
0.14167805553235693,0.11922921660317402,0.050440077380314585,0.14705968958002388,0.11353304284472039,0.10860742663125143,0.07820514424453685,0.10399219295172231,0.13725515423189952
0.07225875306625483,0.13266765042158005,0.13843262360750158,0.10597847766896411,0.1193117570160183,0.12685762537398584,0.10718339794989168,0.13856306670077792,0.058746648195025654
0.09923685651028498,0.11084536126810392,0.16172137309621656,0.09207814970317336,0.14913842513570771,0.1217576979343179,0.07191521404647859,0.14639013820092409,0.046916784104792796
0.09210420475942459,0.12316855530100446,0.0750500239804306,0.09433910495730091,0.08443085679200264,0.10707712107729479,0.17152830982885767,0.11188676391186099,0.1404150593918233
0.04808311197509283,0.09821094083897941,0.22641388109480087,0.1737305381453753,0.0626661119806889,0.1442054311843867,0.05071108616440411,0.12266656400974991,0.07331233460652187
0.15181466223312604,0.10979448257844489,0.15603887134094796,0.07501642186131015,0.19114348248291235,0.08971158106522219,0.05136809028140605,0.06014783556942283,0.11496457258720745
0.09431096343487781,0.11378845026639929,0.08812774633948613,0.15541558452368506,0.1815985130647421,0.10478284975246399,0.0756889221441755,0.1038326996278481,0.08245427084632197
0.09761135216394672,0.09295388757894534,0.09115486126105198,0.150036184963919,0.08209834517383698,0.11390631348797764,0.10473355879527718,0.14017268566731317,0.12733281090773202
0.08463005587346639,0.09221845054939325,0.07490470779006965,0.15328243521489568,0.14481552788263033,0.1093478058950234,0.1036791095154445,0.15705900770047546,0.08006289957860145
0.13411948165509727,0.13868281868572394,0.14846307460598018,0.09613144888177975,0.0819720633906047,0.13844118062280888,0.11841636671659285,0.08742637759960625,0.05634718784180618
0.13843063056127194,0.12899449628364712,0.1244983837454125,0.098586863071482,0.030419292645230963,0.1160464064690336,0.08152673900144969,0.13471248192326304,0.1467847062992091
0.11717664778659641,0.11823041400065905,0.11991831868087076,0.1299232014733174,0.11852849267154249,0.0947185521448989,0.06076588195784416,0.12261871663671338,0.11811977464755748
0.0870824775355331,0.13889243367665974,0.09769576839763544,0.14042459812546718,0.10710022604486541,0.12015600995772384,0.10302091660221717,0.10255648571337626,0.10307108394652187
0.11748234032022324,0.12650955457700222,0.17197380064624013,0.0975304255529272,0.06741206482695374,0.12665014926769205,0.08426456446897117,0.11115470063428684,0.09702239970570344
0.07071539698392408,0.14889901232810243,0.16323809755345056,0.07926978222787283,0.08113440650524685,0.12902375676622882,0.13397275492556018,0.12173501850554223,0.07201177420407201
0.12800927156924588,0.10450757654070565,0.11357600561561058,0.08833836952084866,0.10017681839371485,0.11205690390779442,0.11082613257674205,0.13628822024070622,0.1062207016346316
0.12019825181349346,0.0978948985965008,0.07827868761698466,0.13095797810915388,0.1501452590444103,0.08864957251480461,0.07769654726842457,0.14434850587673392,0.11183029915949376
0.09096386359633875,0.10250381334300217,0.14030040861165693,0.1155621311340947,0.06070449154368266,0.11819893806176938,0.10648891031043202,0.14879274788294064,0.11648469551608269
0.11017678244333211,0.15525081123091633,0.13938690684629185,0.1013429126436338,0.036838521534448894,0.12188367798820499,0.08918529683921565,0.09653268126739985,0.14940240920655654
0.07710454722164183,0.10569536676588158,0.11260609261937281,0.06974915943307008,0.08264007006127193,0.12081291470496251,0.22028674226027553,0.14182165980748923,0.06928344712603456
0.1197836430661398,0.10080190671331511,0.06254783362714877,0.08437482760396368,0.07688753371539338,0.0878725966593686,0.1788607086187934,0.11394905192255554,0.1749218980733217
0.10234347426202489,0.12460794938208265,0.1628062429938286,0.08967351203804659,0.05631366600245249,0.13068668014640433,0.09920751022339054,0.15507075426537187,0.07929021068639798
0.08107953811542722,0.11021217624822198,0.1445310888205751,0.104964292095941,0.1309160037188166,0.12818812102263302,0.10928439311373979,0.14010166234757696,0.050722724517068385
0.16186450430667915,0.09082527926376416,0.11135186704162629,0.12335539981422523,0.16931779117023968,0.07920578957502879,0.04326988091188525,0.06129286811871861,0.15951661979783285
0.10951920620270339,0.12045949237632807,0.11137755869951689,0.10098811716865747,0.04855145693314505,0.11880535871673563,0.1296462925368326,0.13473752882155873,0.12591498854452218
0.103428130899891,0.10144281084271656,0.11938259679807213,0.05615963405472532,0.041806221870763736,0.11609305485981464,0.2057786249015738,0.12122893154611225,0.13467999422633048
0.164391069019277,0.059041563317668556,0.04282227989012166,0.01347461868376515,0.08679898809526954,0.03425434685710833,0.14267513295118864,0.10609485337885018,0.35044714780675085
