0.29497349207867657,0.08744533993286836,0.04225485556934012,0.0648474588924994,0.09819710811132593,0.09599157384475422,0.09332168705037318,0.06859375481457523,0.15437472970558702
0.04180928477322288,0.06616634029574474,0.03980219540462368,0.056553457896277685,0.12431636083462765,0.10233485285144091,0.08090272744527509,0.40079061729741944,0.08732416320136784
0.2794859488699893,0.08669299556138381,0.053728883126857675,0.06521026333947584,0.10102606856109918,0.09741449518538851,0.09548599881462523,0.06772335242240639,0.1532319941187741
0.008030016587146124,0.048693893851066976,0.06957750610594307,0.1404008941839178,0.05634980476408727,0.06773925915607205,0.08182273412725834,0.3058463382150383,0.22153955300947004
0.10563737439924385,0.10960282740514969,0.05377876001566523,0.07706072334345769,0.1281611865574902,0.12205675617400706,0.11509383410098972,0.12086776344407368,0.16774077455992287
0.3653046949592719,0.048713101795234505,0.032515654302990145,0.05799752267002889,0.11357447439376993,0.088182175844163,0.06957806273082573,0.08252103861703984,0.14161327468667612
0.3120701578959304,0.05602433833173286,0.035213780093732605,0.039140255378832735,0.12167585202411162,0.08823428103916559,0.10565954631783547,0.2001313596464843,0.04185042927217448
0.029687913871905516,0.05750592473349725,0.2076764907785479,0.22982505640235082,0.14319216763487133,0.10189540917457261,0.10966782950913288,0.04538882749653265,0.07516038039858904
0.05704473065884508,0.1585663117338896,0.06481152042445433,0.11060421622485589,0.06751504224128524,0.13773340445160429,0.10200158301678432,0.0584379063391226,0.24328528490915866
0.29978499970369965,0.07684914959430793,0.08707586507830378,0.0787585137070677,0.11078200517096122,0.11462484721146442,0.0787662469007602,0.05385645792638244,0.09950191470705266
0.029153458446363783,0.08366167544004603,0.23266766722679222,0.29344104638461344,0.10410105622621846,0.08385527064138469,0.12315378527494825,0.024307136936242067,0.0256589034233911
0.04205531458087286,0.03641326471518173,0.13329393049566543,0.23457774835188563,0.14209141113364823,0.08949890011136445,0.08473173784706305,0.06572652984629432,0.17161116291802422
0.3199155626609402,0.0361789195524937,0.12072456969949517,0.05450248925375842,0.10457990592236573,0.07114721522457691,0.09070643996909948,0.1643142450020593,0.0379306527152111
0.11418195448158647,0.10668131054884505,0.048733312003911435,0.13617188811578435,0.1311012436454865,0.11815311884369191,0.11738139341883504,0.07749425411004214,0.15010152483181702
0.2034537455644471,0.06803260004346762,0.022264279744706048,0.03408086575534537,0.10092555511787021,0.0694087847722806,0.0832812883712629,0.28987670433985335,0.12867617629076675
0.32250607876275167,0.07811449453236002,0.03809761241685101,0.06124429025860486,0.10677070021472655,0.09710078074970722,0.07139393518535833,0.10400511732799426,0.12076699055164615
0.06897819190707305,0.11813172775935081,0.0467954347589371,0.0905212699454392,0.12542723823360305,0.11504265761586807,0.11828471451982296,0.06334474699525745,0.2534740182646484
0.06244377253714677,0.16767570859840672,0.08928031203403564,0.06490113359815593,0.1244524016931856,0.11260620542630136,0.1133257215727731,0.13299775541507622,0.1323169891249186
0.24840152209663457,0.06579543256590183,0.07282306376339483,0.12934063507469853,0.08952967552562015,0.11126599670239046,0.12143424841150213,0.08406608035526869,0.07734334550458892
0.28601740184442875,0.03585680986131267,0.057582928647519106,0.0393224316748476,0.12819108400877063,0.07383951269310833,0.050238505639757854,0.04237323186562597,0.28657809376462917
0.28720726162907556,0.06771801589551785,0.08669842256948701,0.09638397459895509,0.12623194192401357,0.10562677229750349,0.08424629433290992,0.04886490087457806,0.09702241587795951
0.354116484809861,0.049750553366357614,0.030206561577200707,0.04528683707008707,0.09625828871035912,0.07954223568293571,0.07879619643343505,0.07063731031806293,0.19540553203170077
0.3546161950709794,0.06988567668568224,0.03759510697187625,0.058168846793546274,0.11592558410605432,0.0940695108315418,0.07597070262590189,0.10561657279522679,0.088151804119191
0.2779978482861727,0.04841367952397846,0.04471127680074095,0.23205065311850828,0.08464721178121866,0.08222097772802041,0.14227429464154265,0.04116931026128984,0.04651474785852803
0.04043974850213056,0.07528198610705918,0.07973862024052342,0.0691086326942001,0.16443318746361632,0.11551344726868845,0.10801742587112495,0.26318758523202296,0.08427936662063414
0.32359818897161247,0.08623559134266556,0.03222530084540764,0.05157570030799071,0.10984756387422223,0.07586220400999727,0.09452331051054452,0.12982879180260112,0.09630334833495852
0.31303893296447144,0.10891860032775975,0.027512784110443816,0.06921181452681882,0.13888831316980943,0.10404066886965359,0.07649929530898203,0.11265396042633076,0.049235630295730325
0.06543325482639452,0.09607100546755616,0.052251386976713554,0.07536359883893506,0.1403565637420685,0.1257752689534932,0.1091746770203969,0.0977277361769508,0.2378465079974912
0.11088712873072427,0.11225962658110217,0.07136212272183297,0.07826103317447393,0.12492466076066921,0.12080540549446116,0.11681415541356888,0.08044219791060592,0.18424366921256152
0.0759611128420687,0.10895428066394282,0.05786576340759266,0.0826651257177939,0.18869902288606866,0.12511552420525773,0.13560756021658246,0.08738246580650179,0.1377491442541913
0.45004223495785767,0.04788291976333348,0.04694998503596504,0.04649853107833058,0.07200948857614212,0.09077887787977401,0.09962251169714435,0.061662921452180386,0.08455252955927232
0.07396982993672553,0.04203340229874084,0.09664136059903156,0.061363252461876294,0.14983992803992296,0.09518935556407443,0.07201038809417551,0.36976643537046955,0.0391860476349833
0.1964341887236806,0.037157278348903186,0.1847408203299404,0.04612378413914304,0.15043147574752483,0.09719045211608772,0.1564749691425081,0.044277322854687884,0.08716970859752428
0.16111445148063383,0.07870109914005365,0.05130611391400469,0.04760548627706601,0.12039035966331184,0.08955660736037178,0.07362777854204183,0.05573618079349126,0.3219619228290251
0.03577472963055539,0.0732742661985563,0.14030475532887896,0.25110021404636546,0.12207234374855862,0.12352491540489574,0.11154045941240813,0.05252582883412984,0.08988248739565154
0.12281980131744374,0.04887816084708805,0.028210031646130576,0.054825564510478784,0.10383882962564789,0.08174200398603017,0.07542547718529789,0.15017145062553253,0.33408868025635036
0.3606283592999051,0.11231164893333313,0.10130749590841333,0.06505735168502175,0.0548755518742794,0.09802232804228121,0.10990549535358769,0.03964746209331827,0.058244306809860175
0.04242032470735793,0.21071924089516428,0.05013442693486747,0.13795108569338374,0.15554984430593746,0.1127439644787555,0.139955347675268,0.054429440786185494,0.09609632452308019
0.06541780796771521,0.10494400739204139,0.07245502279638348,0.09728589183914023,0.15774461543218596,0.13273456887594828,0.1429074903754842,0.07096480582052674,0.15554578950057452
0.4150796094411333,0.06141487491519385,0.04734364836760143,0.061423308587318814,0.10726702878638557,0.10471433442639584,0.07467727602611496,0.05120433940248235,0.07687558004737388
0.2490979590131316,0.04868505298972806,0.12868488750682258,0.04815129589541991,0.11532187209307164,0.09065663216525666,0.0827028772437872,0.1779735941361694,0.05872582895661304
0.028169715109412796,0.13299719116480815,0.05138304835000662,0.06149660493208015,0.11607641219213978,0.12436249889642985,0.09283646213034608,0.32345547566904914,0.06922259155572745
0.07531562318125017,0.1463207481209801,0.04629347969763905,0.06516941799866724,0.11413144022294956,0.10455399925315001,0.09698617574480699,0.07157568127911136,0.2796534345014456
0.0927850039920728,0.262880695335774,0.11550276294520508,0.06951867940701051,0.10471435476331914,0.116149373022706,0.08941511603518197,0.05603925904578425,0.09299475545294632
0.02605884851902054,0.24542776691101095,0.12498557026065944,0.08403981449859932,0.10826277395982925,0.09527662654881867,0.10779039060591315,0.04692129808937667,0.16123691060677198
0.37160345141810797,0.11033693797025468,0.03600827889964702,0.15453403926456102,0.09057076425151685,0.08269375678357489,0.07642874098028246,0.03461245733950739,0.04321157309254766
0.11653590787942959,0.10948664289585512,0.0524172210179266,0.10991598420152245,0.12081109122850242,0.11756427479339719,0.11199746470915567,0.0850679207741724,0.17620349250003864
0.055786003283339734,0.23255846579915673,0.07869903230774601,0.0836812476595018,0.1239952900709983,0.10828813384929302,0.11812204937446835,0.05891252807166094,0.13995724958383515
0.06999992033621323,0.032762378126196694,0.04815739841695201,0.13211876173490023,0.07741186074119404,0.07344905734049208,0.08236759771905156,0.13926700287480406,0.3444660227101961
0.3671223046260899,0.051324537899591106,0.04813019640751856,0.06499498139093512,0.10980748851861355,0.0862505955460139,0.08617917254397507,0.08078639104745082,0.10540433201981185
0.07068050355064028,0.09038140675129662,0.044504447849468255,0.06663661156761491,0.1164365226003896,0.10917559724168575,0.11030006429381094,0.13673353597876814,0.25515131016632553
0.34498201599517636,0.04676577293007223,0.03432185607587528,0.051159161316967745,0.09039286636871703,0.08075578196553956,0.06126215641725916,0.26183366559837623,0.028526723332016377
0.25124680233736435,0.08214634905512976,0.04131023527558877,0.12388007674017176,0.10377478564264586,0.09790003259403934,0.09372571580820643,0.06770367992554012,0.13831232262131368
0.21891362036405668,0.0693847684919048,0.03796939639985094,0.0592964803839999,0.12975206408022985,0.09928658485353996,0.06703502542216089,0.18288484946848108,0.13547721053577602
0.32527042867352457,0.052829828426768095,0.036928842001244445,0.045197657642489175,0.09254648650533574,0.08057988248188759,0.08631266700084254,0.2048870423805785,0.0754471648873293
0.09738485658192027,0.04614717280795335,0.2472446114779342,0.04356905544890712,0.08402002324795303,0.09606932060519252,0.1097365813341089,0.1382847470296105,0.13754363146642015
0.010366946787361692,0.03564797526507769,0.29891963299843743,0.08513099163114364,0.11089281401125695,0.09260776808468829,0.06120543937357758,0.274657663383933,0.030570768464523695
0.298372605283342,0.06906194340645037,0.04868240610464237,0.10008520037207608,0.11465471029005558,0.09896970201202455,0.09066423899820515,0.08440720814651177,0.09510198538669216
0.1289690660920267,0.11464070026425344,0.05342386937523871,0.07797349342384251,0.11899193190348556,0.11768926091779337,0.11272700472429605,0.08745124171133005,0.18813343158773363
0.00822107996180118,0.03475730088729586,0.24411597141332553,0.20848009812194232,0.1926087519383666,0.09220623731344935,0.07840953908517087,0.07602568232732503,0.06517533895132331
0.23424539987592374,0.11978761198873882,0.04928277258318664,0.11863388840034444,0.10770099276209218,0.095632172194501,0.0966078699791959,0.06001746292711883,0.1180918292888984
0.023933816890384523,0.052796761156532736,0.09248458237277674,0.29108611247529775,0.12449885516302744,0.09663807759327504,0.12400597401611524,0.1356636526251195,0.05889216770747108
0.026854161211799857,0.10785833528441525,0.13664721188621495,0.08075164978726186,0.1552742086073379,0.1179124372954334,0.09206907240997177,0.05832850502566103,0.22430441849190397
0.040472531691401435,0.08092694274284457,0.11074588642406409,0.13823971627347845,0.18236876959450662,0.13910461945023442,0.1277727193214812,0.08738318741030955,0.09298562709167967
0.04172583265873447,0.07208708071408879,0.190005018067359,0.2273431542062537,0.15037012772011193,0.11905525568782283,0.07294158775804982,0.04991955620509472,0.07655238698248472
0.11181996038075181,0.07017540131818022,0.07338070407160226,0.09618702584822571,0.17644671165545586,0.11230556898815174,0.1291376808601193,0.08407050918064417,0.1464764376968689
0.29699047387263644,0.07028030871603096,0.17330653651698383,0.05241790103242061,0.09939194169952094,0.07263095455000279,0.0988014097485979,0.03759797069456608,0.0985825031692404
0.014557133989267912,0.04568321155417201,0.09320757708605117,0.34926163351962963,0.04809980958241964,0.12537347056940598,0.1858089840947268,0.054155213207603005,0.08385296639672378
0.09351728547139722,0.10385412775075731,0.051178004238674656,0.07352142570520719,0.12279484649459511,0.11650889915104164,0.11708328794316246,0.14860700821473447,0.1729351150304299
0.11699619589905226,0.10789351864904695,0.04964478777577944,0.07351580712095962,0.11726260336472653,0.11462025866930921,0.11146284663267396,0.13830455622173057,0.17029942566672152
0.4929745871248888,0.05146423955852508,0.029891043420319816,0.04540449591246548,0.09956516009321754,0.0811296364352972,0.0625054307238691,0.07873894289308833,0.05832646383832859
0.1289690660920267,0.11464070026425344,0.05342386937523871,0.07797349342384251,0.11899193190348556,0.11768926091779337,0.11272700472429605,0.08745124171133005,0.18813343158773363
0.40723837057209583,0.04350227896866942,0.09066380352298416,0.04728328446247267,0.14384776986881045,0.077434229331959,0.05107655199332665,0.10878333959207846,0.030170371687603354
0.21219611879750191,0.052547465671448496,0.024855146357560597,0.08348717333098361,0.13333054189392637,0.07568612488870606,0.05833928510786724,0.33740365573760484,0.022154488214400886
0.2732506578629541,0.07581943077532206,0.027007520103498977,0.055828294304126704,0.09429871874835068,0.0725015927152441,0.08614594881737507,0.05120631458675049,0.2639415220863777
0.27934980744691956,0.031212602529337812,0.06303133298262163,0.037871476524854925,0.13843465064834323,0.08489167188690298,0.08052490184903562,0.2380625599487597,0.04662099618322461
0.1561461259521788,0.05395249189563154,0.11168681361358207,0.12617111654156585,0.14448984602491324,0.10220632125991687,0.1304864213818471,0.06560356182437234,0.10925730150599212
0.046969425010459476,0.1446157440845617,0.03977509720197723,0.06177367602669873,0.10900395036630545,0.09884699371977236,0.10562102349480267,0.052437168312337086,0.3409569217830854
0.21569531289132515,0.07076107900336931,0.05141885108602687,0.07435783801980404,0.12602858185330687,0.10473762637312468,0.11172158499908373,0.1466110267455566,0.09866809902840278
0.3332965750001203,0.06961187499700794,0.04199677619988998,0.06484856829182553,0.10836645390231452,0.10776492312050279,0.13561662967270574,0.06085750274410743,0.07764069607152575
0.12908366297933507,0.11757971301654169,0.05488351888874882,0.08150910722468056,0.09507460157775434,0.12451936755767516,0.121641688997193,0.08926313844815942,0.18644520130991193
0.335807510539962,0.03970817007196099,0.09202761553736749,0.13307184643937098,0.13582594572903214,0.08860717421872637,0.05778142965713976,0.06082433820494004,0.05634596960150012
0.389668452633621,0.03687972100750137,0.02662488350151596,0.04366764266513872,0.05057555367962393,0.0766398840072242,0.07731387540276931,0.26713889004961555,0.031491097052990004
0.05175771611771845,0.07739905237067472,0.05557923430251719,0.08606100235180918,0.07785803382099456,0.1022868157509761,0.10798342589653642,0.3121709482056474,0.128903771183126
0.43544159711429437,0.11609222651392463,0.044697957923434534,0.04944826188449184,0.09062178076108705,0.09372999793940999,0.07528464489980531,0.04283422275672392,0.051849310206828286
0.07836564994923216,0.06378151247743068,0.0849826468768955,0.11846770625920643,0.2037670593470782,0.1421196273306569,0.11528608283516358,0.12229027802616425,0.07093943689817234
0.023199813404876733,0.10887215719727539,0.24999628850418532,0.0789585722330629,0.13101982600094322,0.13247451087534354,0.1684780064615298,0.04993357375454685,0.05706725156823622
0.23724017781099463,0.040710319235946694,0.0357552854384754,0.04567768577830802,0.13294670817132848,0.08707325105372243,0.06515773919259071,0.25802745063187543,0.0974113826867582
0.09523091452439604,0.1831998122464458,0.06267534030996542,0.07248664815842622,0.12277132277304155,0.11638425484015502,0.11094074404059683,0.07908196577069264,0.1572289973362806
0.318415805987529,0.0170994929604682,0.12111562016896278,0.047156181110921375,0.15477615698957256,0.07254067778605698,0.08493260610965392,0.03131699856015406,0.15264646032668114
0.03321697304612274,0.06371205337888304,0.08744894397606912,0.12638570884617215,0.10107313250451666,0.10309974723446809,0.12130167447676722,0.1411181606088662,0.22264360592813479
0.06679954626906197,0.09552151265126975,0.07179916136071533,0.07408355959252015,0.07940436654815249,0.1360101749610036,0.14182183691205597,0.1959598207981689,0.1386000209070519
0.08675525941677054,0.1541614577636468,0.04870787515443787,0.09984772851993612,0.10333202654915118,0.0841060372911321,0.11730056585732858,0.060947051667985676,0.24484199777961116
0.016391991877020447,0.3594223488064749,0.21740952556445814,0.05984053831257665,0.05529997273915829,0.09294443758122561,0.11389977758261045,0.04047245285854383,0.044318954677931705
0.02189237267450216,0.09236967440151685,0.14938418796183087,0.07490307580161952,0.11479430033683781,0.13942970315914224,0.10538749809913578,0.2361332279452196,0.0657059596201952
0.07062221053670498,0.05974689011459522,0.1311026354071327,0.10314043633804669,0.20598617989469023,0.12950917119630975,0.19100895965951406,0.051355280167854955,0.05752823668515145
0.11993161315891658,0.059295446737493894,0.09153999399620615,0.11439957535401135,0.15619582618883107,0.10581373336684842,0.10915052071123026,0.17261808706736823,0.07105520341909409
0.3346065073592404,0.0862811051570127,0.08841922151617056,0.07475891879936623,0.11797335688824788,0.11732872870882817,0.06849139249260987,0.04941648883658645,0.06272428024193767
0.24542533203527075,0.054030552385793205,0.06382551549361362,0.0874188571508085,0.14595053755131102,0.10816068667102637,0.08248491070630183,0.0509320927834059,0.16177151522246883
0.28858840618288145,0.2029565117024187,0.13621804042626226,0.0444163049422128,0.08104485751935074,0.08519318038179118,0.08384807772702611,0.05156816864522148,0.02616645247283526
0.08478297063019213,0.17527480582621632,0.06366571797408335,0.07446161011355269,0.14083184565455265,0.12358546470632197,0.08003127514738788,0.13192746575111094,0.12543884419658208
0.21797130005632748,0.07170418488020013,0.04054567231194859,0.06086112897432681,0.11471193922412747,0.09892145901814657,0.07957579763443155,0.0744375054534923,0.241271012446999
0.41333898886629816,0.07931748275794552,0.03423589166494182,0.054179755537341334,0.10882333979431476,0.09541051691748419,0.08050848396874327,0.04307639795535976,0.09110914253757124
0.32967670668440835,0.04052808883497424,0.024181547946698762,0.053042608528340716,0.14820416170725972,0.07859103672998531,0.1022091746852627,0.20390994436611534,0.019656730516954848
0.007475997210217293,0.08710415606297439,0.17466371460793015,0.04418492847783407,0.1805517946837346,0.10455373848455873,0.06753886241909803,0.1834711552781889,0.15045565277546372
0.11643475942103727,0.06978346444602258,0.05126673788307822,0.26520774538539515,0.1335834987317652,0.08367157252789453,0.09929856837003113,0.14126418708325647,0.03948946615151948
0.09428795707801622,0.12956088411133052,0.03212965352368553,0.04982406107708196,0.10872203003508607,0.08887544951710528,0.09727580951492189,0.31599006200466495,0.08333409313810762
0.04693141610727136,0.07779583956175011,0.04825405440957673,0.0976058568305445,0.1472547290528787,0.11888695837965324,0.13219611970921133,0.09728816548772394,0.2337868604613902
0.11312526493475121,0.10947190679617647,0.09035948080568068,0.07671869672611109,0.1256545628795301,0.11981477432292516,0.11740893635340659,0.07952426662476018,0.16792211055665854
0.10804030304288896,0.10802461153622778,0.052992572004599094,0.12162907070339879,0.12477228465382255,0.11931044890680674,0.11268367857911733,0.08416459208566533,0.1683824384874734
0.3527237490322817,0.07763868960491832,0.053264148633743895,0.06390139415630015,0.09195325718221666,0.10936750762049174,0.0829864456452157,0.06215131345494929,0.10601349466988245
0.39695353541051076,0.02875136345330086,0.10144534992507405,0.07496525199442348,0.11539507825442526,0.07671677677328903,0.08261921228006722,0.03760983696921443,0.08554359493969495
0.05090531616980797,0.2142356708265658,0.05583351586995641,0.06517966325607152,0.1244539639707058,0.10879601198139122,0.10682835360273635,0.15237912177820578,0.12138838254455908
0.01574650307548124,0.07964663307116104,0.3955413385401166,0.08005917711601974,0.16167744233892037,0.10721917155175575,0.08072746106364949,0.032127136183926465,0.0472551370589692
0.06037589496271861,0.11431931262222966,0.08914044093468117,0.14062653410346804,0.1410605154614154,0.11427747906759485,0.12970011464168638,0.05162493871551147,0.15887476949069457
0.41320266025333124,0.03396108305649135,0.03572682654660437,0.03839563811454571,0.12416250588561469,0.07092800264559966,0.0729450002233209,0.156753341082254,0.053924942192238014
0.3255737375038494,0.09973937104612457,0.03726514340420723,0.059853485218374414,0.11427297880732783,0.09702408010930752,0.07338332167385102,0.09526376185635425,0.09762412038060375
0.4877338811393334,0.046819110544338176,0.030265503184031855,0.045675642035960105,0.13404238818570222,0.07280213547180438,0.10383112462839601,0.050320059764345886,0.028510155046087986
0.38862770068917146,0.13461998583227067,0.03180278564343696,0.051752320676164226,0.09269536758171926,0.07388154367993735,0.08930964379032252,0.04632127575841932,0.0909893763485582
0.1934551568181361,0.1226731417120382,0.0402584599976911,0.12567747057736753,0.10175441029625004,0.10989679823167624,0.11589305160397691,0.10046885050530437,0.08992266025755952
0.07729725276328396,0.1796458413847892,0.08435107610332017,0.07771093215630474,0.08273621917259837,0.13637771251252923,0.12986215077800473,0.07999414056216674,0.1520246745670029
0.08711525547299047,0.2545410921731252,0.04675466525622032,0.07293235762580895,0.08386849712478078,0.11103855518963283,0.11225961299912747,0.07285808567643433,0.1586318784818797
0.013789053205025659,0.04620015797513618,0.3453618211132714,0.04999150928328986,0.19020656094562216,0.10491435088488776,0.13756529054909858,0.032140597286386595,0.07983065875728183
0.1289690660920267,0.11464070026425344,0.05342386937523871,0.07797349342384251,0.11899193190348556,0.11768926091779337,0.11272700472429605,0.08745124171133005,0.18813343158773363
0.3342760845606032,0.0934222210907793,0.050186475360307896,0.04950948600755758,0.06810963293069003,0.08620461902060365,0.0893055425995007,0.043867980128479776,0.18511795830147781
0.030242816181848556,0.10761757375559038,0.06023991282433947,0.19891346562880816,0.10229855692913553,0.0948007297896621,0.11178318974917946,0.1034016658837593,0.19070208925767715
0.2494798718571194,0.1295830372048992,0.0432458721862612,0.06987748191031609,0.10736872132368931,0.08147422394438673,0.0891531721137836,0.07066928811713576,0.1591483313424087
0.09021358444946337,0.1012907159025489,0.04964407437885473,0.09037039088146577,0.10938635906552512,0.12109602941456438,0.1294172821344364,0.15588626249198442,0.15269530128115685
0.26886885304223523,0.16168146819521423,0.06049683644113819,0.04786972185018642,0.05579987640063022,0.10505412761461365,0.1266385304948175,0.13216837470184783,0.04142221125931672
0.029733407267110257,0.07223344027297053,0.2046674919463534,0.11252465388374132,0.12091978925509313,0.13260256214041835,0.14722916503161335,0.08567051770393068,0.09441897249876897
0.31678713265928643,0.2821156673153696,0.028371028526085345,0.03976596128879826,0.08985030600741083,0.07407107334532749,0.0728661617897103,0.039182732118916624,0.056989936949095175
0.18895247325793474,0.27383112640082086,0.03602199541438016,0.06202853853021417,0.08324009811214257,0.08859327419332419,0.11355160411508404,0.0489225356723482,0.10485835430375105
0.1364974633853809,0.0522970761635696,0.07313198004020739,0.17397527369380575,0.1432252983938952,0.1069270454411206,0.13866200733679934,0.11401958102163808,0.06126427452358313
0.49042181231968374,0.026823916227202312,0.028256393546512066,0.03680247920080589,0.10333016135350499,0.07356596792587677,0.06163172332498313,0.15616103093878256,0.023006515162648553
0.1289690660920267,0.11464070026425344,0.05342386937523871,0.07797349342384251,0.11899193190348556,0.11768926091779337,0.11272700472429605,0.08745124171133005,0.18813343158773363
0.05317067555587964,0.27446695363010853,0.04953404429297926,0.07754639870479865,0.12081002953458879,0.08474063353848232,0.057986947105112964,0.03010685746695473,0.2516374601710951
0.04113934040251039,0.1436173384838997,0.34289878220697473,0.07069651295671199,0.14845946867892992,0.09765858096635809,0.06478956937341802,0.051231367446220644,0.03950903948497644
0.25315228546538254,0.09164114122160376,0.05987165225968726,0.07766194652640795,0.08727238052477264,0.12192499823882601,0.09936401121870754,0.07548319822419043,0.13362838632042184
0.1180365527688818,0.027028118755676678,0.29919785003248844,0.059414911431314284,0.13976305120394183,0.09053724211499087,0.08673859475326895,0.019946989501806237,0.15933668943763094
0.10909487611819879,0.1098773928487824,0.08067675573181131,0.07580374054852616,0.12630797260857513,0.12078396982309832,0.11619062783699032,0.0843559654535922,0.1769086990304253
0.11561217185030716,0.06287426298756073,0.11330551790822725,0.128473224100138,0.12257613190835286,0.10687169124832852,0.10674697199853121,0.16173271336383188,0.08180731463472239
0.2943220936190527,0.06466824689629537,0.06481658923098578,0.1611414698665069,0.08069334379239083,0.09505999211644804,0.09458842621395767,0.05358585058110849,0.09112398768325418
0.04695620840757173,0.07595825081452821,0.05480998911944875,0.11336845407015378,0.1316051148204446,0.10943748651647008,0.12428787396302854,0.23226504142565316,0.11131158086270104
0.06511557567444162,0.2984622969646252,0.04841433485496657,0.10246925508083111,0.08865433419273627,0.12577505489595098,0.08035376064448847,0.06774256778204843,0.1230128199099113
0.10700785362940868,0.25250532399761405,0.05358372142099096,0.07514824122573076,0.14144643507016946,0.11103295366521244,0.12777693721432912,0.05036507296593786,0.08113346081060667
0.01877070139166649,0.37008637700644015,0.15543926900259322,0.10148242384441546,0.09284578100358913,0.10980619704951451,0.07009306305427636,0.039990845072455546,0.04148534257504926
0.24166097577774434,0.05148992058867374,0.029262165036438137,0.04500298456985948,0.09687969074420956,0.08017952933773988,0.07567463440206142,0.22227967163085316,0.15757042791242024
0.06970652689780071,0.09187541802536314,0.11402366999723205,0.12592566449399578,0.16469258030399672,0.12304248730973828,0.13300753321004347,0.06568284236026241,0.1120432774015675
0.2708254330594888,0.048765661188015334,0.08601996323439172,0.0463515496721482,0.09610289839320034,0.08277779980209739,0.10116881304263413,0.21360308021005348,0.054384801397970646
0.1786257587827107,0.18534215631561698,0.04065872401572119,0.06665348929063664,0.08288432149586973,0.10420863515037598,0.09932604021963222,0.09829100592664446,0.14400986880279215
0.05548933618895025,0.09560664092080413,0.07120637168180018,0.07512136351779918,0.13890110054408691,0.09758362860039155,0.10742956967372667,0.19830546148786754,0.16035652738457368
0.07381657862730352,0.09177033748025709,0.04827658505273754,0.08743430580657359,0.12000656003172261,0.10973258692453769,0.10469835347146267,0.07122702688818405,0.2930376657172212
0.10172743016506482,0.10986059897817864,0.07073941897800556,0.07878127407660403,0.1411333895319058,0.12323321181062026,0.1303641923226233,0.08464984958762417,0.15951063454937348
0.18082124186693727,0.0992312272105349,0.10893602521279505,0.06193068901506852,0.1215424483361341,0.08531940965107104,0.09502565687500793,0.04162499007445274,0.20556831175799847
0.04797351372134003,0.158252956551698,0.15881644361349656,0.11652173199213778,0.11514162853533481,0.14272488770567981,0.0930122343415211,0.06581934455952956,0.10173725897926235
0.1289690660920267,0.11464070026425344,0.05342386937523871,0.07797349342384251,0.11899193190348556,0.11768926091779337,0.11272700472429605,0.08745124171133005,0.18813343158773363
0.01745208084119058,0.082717956099778,0.09007344235495907,0.04867636764570471,0.11295666809302925,0.1050627675720655,0.09487858087253011,0.3924194204304125,0.055762716090330205
0.1994540969191411,0.1151564020496197,0.03826616425554313,0.06072429423056641,0.11139841499167373,0.0909564899348793,0.08735954176719857,0.1894040888039316,0.10728050704744652
0.38126488890694704,0.06571951254047063,0.05497147605488025,0.05520835548337932,0.10302064289205116,0.08250676569440742,0.09735523104722184,0.051725067635846445,0.10822805974479581
0.12893901213319856,0.26894136167164456,0.09456620701729838,0.05978566579098731,0.08639745881622622,0.10333068421935977,0.10757096233208474,0.0533693581469162,0.09709928987228429
0.49732259554091446,0.0540002505699022,0.03352741989503772,0.060542901684391325,0.06940537961156663,0.08967135129647552,0.08915671783788802,0.04444963143450308,0.061923752129321
0.3721839590872589,0.039623763301065505,0.03684040372127373,0.04152761467768357,0.10262745412286683,0.07564189236538446,0.07918341578604703,0.1730360487717625,0.07933544816665752
0.08278443179139501,0.10366537233242235,0.12579673754340429,0.07676622007725135,0.15376333672307008,0.12486090089162126,0.10969686119585666,0.07609557067345873,0.14657056877152028
0.3081481381853956,0.03489815799055649,0.10955149421988077,0.13524756540253402,0.12958082074878852,0.06556790418146503,0.1226872171117082,0.06170385665914413,0.032614845500527276
0.02313373040879019,0.33170535231191656,0.07781913827679039,0.10062849773197731,0.1038365979893859,0.10077419161434371,0.07231912047233273,0.14251986022928895,0.04726351096517425
0.38545515856252094,0.057888273325510255,0.03650189581137626,0.061020795705726584,0.12323794428927316,0.08640508793334174,0.08895906848006412,0.09777242044285246,0.06275935544933448
0.06840279168437191,0.08006532796616178,0.0625935288173484,0.08801690037787042,0.114805452134967,0.1008197013430658,0.10500144395725387,0.05313521637993745,0.32715963733902337
0.1587005399153523,0.027262869004462342,0.390672489252823,0.032518114932507995,0.12464815831966329,0.06397693494617449,0.04388056802617419,0.013746901185223431,0.144593424417619
0.3830125343410351,0.062426187810918334,0.03798226433483491,0.18116904052279634,0.10361004987566746,0.07364811955798779,0.09614122515561967,0.02717839414844822,0.03483218425269214
0.02267380617642852,0.06937829421684681,0.09067223997185929,0.32427395496104056,0.15722966133545443,0.10268532904103067,0.11659175347515692,0.06888450624114716,0.04761045458103568
0.421466803578304,0.06799066236679634,0.03386827886312544,0.052550481152606666,0.08051787700902086,0.09878402795287851,0.11232840698405623,0.08392628242668847,0.04856717966652355
0.022073282667025577,0.19780855972297837,0.09900256207648102,0.07986490171289211,0.06839888992251046,0.15074677023626082,0.14211054708432966,0.18474020111895603,0.05525428545856607
0.04880510493656465,0.12330778026611118,0.10208171374102698,0.10280040782004508,0.1683025698849817,0.11720984139927525,0.10076443348480575,0.19353193493692164,0.04319621353026772
0.1289690660920267,0.11464070026425344,0.05342386937523871,0.07797349342384251,0.11899193190348556,0.11768926091779337,0.11272700472429605,0.08745124171133005,0.18813343158773363
0.021667985196340698,0.21286391959497505,0.08192806212011448,0.2204270151027904,0.09401011290284234,0.11346586283310356,0.0742718383924768,0.13706799821669577,0.04429720564066094
0.112793614193193,0.04446490170589477,0.10957123255646406,0.04917888698930809,0.11872641763549056,0.08796728934543269,0.06529131080223752,0.36175068413286954,0.05025566263910985
0.3355553458389853,0.03914381889211194,0.046797628069963765,0.0425465457875267,0.13092359452675842,0.08339221882758889,0.09287755463181568,0.20769384670535085,0.021069446719898535
0.04292651260464242,0.19559008737828343,0.05282021233155009,0.10395115707570485,0.1413424077536735,0.11413383671943501,0.0910564157111574,0.05683666398671059,0.20134270643884278
0.07813800156097102,0.10802638225983585,0.05853442797082856,0.11024835280110384,0.11641112289806378,0.13757862572009402,0.15002796979563457,0.08226277076040726,0.158772346233061
0.07127287370110107,0.1051441878758198,0.046931403557423264,0.07728484384550548,0.19429105558135595,0.1328850627191305,0.16269501827469812,0.09748109203637623,0.11201446240858948
0.2087403707663329,0.06251779079765361,0.0806716266537698,0.06264131647863909,0.10404386719176278,0.08737394965799401,0.09014760830984124,0.08859415497199741,0.21526931517200917
0.23975481797357567,0.08452362974680687,0.04240294766401565,0.08299537240873289,0.11899322096294951,0.10542810166206429,0.08155333470212552,0.1281410133362203,0.1162075615435093
0.08885695846703211,0.1070732352910883,0.055901458201276455,0.10934609260670687,0.1514102020760712,0.13321067797347433,0.0944315215442998,0.11245683589564219,0.14731301794440863
0.10257387668727513,0.1919400658665447,0.05252205998938813,0.07610932302770407,0.12887319423549334,0.12046342364293793,0.09232346119418293,0.08183771563220682,0.15335687972426684
0.5024199235035008,0.01859453836063715,0.11294759331808106,0.04733305848958025,0.13574966356114676,0.07670637742301058,0.058012093033664974,0.015654860648885122,0.03258189166149315
0.014753679942699377,0.32316232927982896,0.1604075050490108,0.10248172261281692,0.08945875310187652,0.09927113063407005,0.06189932174474796,0.11453484241275495,0.03403071522219441
0.034349221797855364,0.26567147813513925,0.18979582204402354,0.10469379934719496,0.17304357801892536,0.07934157157468365,0.08075055165746249,0.040491984595964495,0.03186199282875082
0.40349523693426853,0.10154571995023698,0.04141476456516526,0.059871077041756975,0.053823748376888025,0.10318051496660337,0.11589994113313835,0.06252603370902106,0.058242963322921476
0.33035732508215837,0.06504031978204737,0.06138129014641913,0.06919140363905844,0.11010632916087447,0.09612735913846193,0.08258727459804613,0.07586725053073569,0.10934144792219853
0.2542565838496161,0.03835409310296931,0.19395842442005143,0.0507148987248533,0.15996075954183403,0.09906317579518771,0.10123794421908794,0.06521705736470697,0.03723706298169323
0.2535454549064408,0.12556994890908987,0.046795517278059785,0.07063494506593733,0.14293227909564457,0.10321534202585052,0.10006015976370909,0.08782477191852438,0.06942158103674358
0.1751961462022766,0.12013542083878115,0.06354889386314441,0.07313375578913833,0.11495779041155339,0.09836551821315938,0.10670801997501494,0.14686447201565175,0.10108998269128007
0.339120520096823,0.049991939966020006,0.09007325584077423,0.04971497074312859,0.09324944978791193,0.07647644389601115,0.07174237205394467,0.04178329975599712,0.1878477478593894
0.040093611580177116,0.12273179460560024,0.14731272365331674,0.12873577065797678,0.13636075754351987,0.10280186110286298,0.11534683881741965,0.09556197378717655,0.1110546682519501
0.010601257835470458,0.03361951648534731,0.1179938403511042,0.17041358952746857,0.1449606112986812,0.0761967155412938,0.08323475777375461,0.3467286054774011,0.01625110570947878
0.08489933825838362,0.22236196031891806,0.17307822793639552,0.12041696285408575,0.13360470558712031,0.07732422586265031,0.0965479092594392,0.027210288494241855,0.0645563814287654
0.046691882013788134,0.0789661629820395,0.05530395778544548,0.11537543347527933,0.08183791589433644,0.11616667137134483,0.1292066098608647,0.26214998466224276,0.11430138195465882
0.279227209593375,0.07750040915283699,0.08780321330443693,0.10647795969990724,0.10066050313075692,0.115075125492179,0.07954036189574384,0.06381243899853932,0.08990277873222469
0.05146191305965104,0.08668860422228393,0.06087251747760794,0.19630554543612458,0.12401451901445244,0.13277057738195375,0.13232066384057747,0.11547670991041227,0.10008894965693649
0.26531740257138,0.06188459228116514,0.10401540507352092,0.12255575636948642,0.1152259686990967,0.09431911148272724,0.10292238225081866,0.04838192573938365,0.08537745553242126
0.04933898719883686,0.08353318999902525,0.09156751246699384,0.0953515833300036,0.14166847056700804,0.11238565002440552,0.12324933719639371,0.10934661756715391,0.19355865165017935
0.09223819368190252,0.1087639954112045,0.056625445188637276,0.1155800092540435,0.14547826156888213,0.1331243329543483,0.10158593049232534,0.08107881805500812,0.16552501339364833
0.4937278265049437,0.05680467875214553,0.043593764149712035,0.061005504335429374,0.07342894688000837,0.08497130602349201,0.08460509638752232,0.04045907979010565,0.06140379717664104
0.03643524985063171,0.07981555668491853,0.1608341231755909,0.2607517832705366,0.06490229597463294,0.15139702225744767,0.10146163873848013,0.054910179392418525,0.08949215065534301
0.13556042406349175,0.09341236770042587,0.2302701273817818,0.1212755769017258,0.12249231697344493,0.1121291298213933,0.09406629269474924,0.03582717792067619,0.05496658654231105
0.06012337116094343,0.08787715902081435,0.10600938943291227,0.068868310022837,0.1285655762462211,0.11478686339634168,0.12275287632585663,0.18548995352806277,0.1255265008660107
0.08570320100677904,0.26363399945395666,0.17226055548973476,0.0516682298268635,0.15123845066407657,0.09009245351171898,0.07286664731728629,0.06819210879280717,0.04434435393677707
0.21444170765690487,0.04158637557063707,0.04888371544150557,0.038825863763310285,0.10008124401850244,0.07581315516605348,0.08046932324736138,0.08649359306946973,0.3134050220662552
0.019685198614592947,0.0515147581195663,0.10925685676634538,0.04685073300087619,0.09851907618060628,0.10249657923904153,0.11093837801880695,0.09656754902894334,0.3641708710312212
0.31144464416448914,0.04514346307675143,0.24517150503233318,0.04210775314015704,0.08723433179063789,0.08643838581030916,0.10165769260624445,0.03362532047800857,0.04717690390106916
0.05541862622313811,0.20659434438940605,0.049309053242905694,0.09073066161904135,0.14531093359707878,0.12233181950605788,0.1261411046473315,0.08852524162841773,0.11563821514662297
