0.14801884099606988,0.13524169111780981,0.12046524924673778,0.10779523238196538,0.071478775527473,0.10923788344562853,0.09439435033404593,0.10022139425737471,0.11314658269289497
0.12594232153522264,0.17001929397509996,0.08781383788654014,0.13042499287656648,0.07840103231380412,0.09004726034316467,0.09071336751468288,0.10352849201676195,0.12310940153815723
0.15532879973690414,0.044567244999127044,0.07539293088222554,0.25717823909591314,0.03566482972285991,0.15664877140887395,0.05137184541599129,0.0894821781463771,0.13436516059172784
0.11236931081401036,0.15699588359581773,0.11184502200254609,0.11790615680928869,0.07729859190441263,0.09105784938866945,0.09135337987948311,0.12267452586456679,0.11849927974120521
0.10460883888956946,0.12254567985448583,0.09759880595920332,0.1391865887758189,0.08893602990252288,0.08424064216187648,0.09293197476812722,0.14774030707483501,0.12221113261356094
0.13048024869500938,0.1515859660474916,0.11626369297315238,0.1094433601254129,0.07270114869677952,0.1005716898146653,0.09285231609508167,0.10991912552356953,0.11618245202883777
0.09940454467064185,0.01794027344969401,0.14338453812201057,0.1499111559791437,0.10906179143102851,0.07520924617240987,0.1136751182586423,0.16075378414294994,0.13065954777347935
0.11846575413482564,0.15827759673099842,0.11358371009569053,0.11398842581106629,0.07516789262493835,0.09426302634094934,0.09180265308261182,0.11696305898323296,0.11748788219568661
0.17289897906930443,0.09993273766394649,0.12193004241444423,0.10670156738693774,0.06913003156929654,0.12264119925046167,0.095240393497251,0.09856366031061144,0.1129613888377465
0.10526680896932233,0.14376784804040266,0.1087499558143356,0.12623103456014395,0.08210735567840399,0.08730569793475258,0.09122266497174204,0.13488089171015272,0.12046774232074407
0.0442234158984083,0.00501654701417107,0.22299362786113605,0.22740448394906124,0.06787343546631229,0.02489941829986107,0.2900567179683816,0.019541352453319328,0.09799100108934905
0.113025076949456,0.15255277972740944,0.11137252737992552,0.11431903596253157,0.0960124754181541,0.08821223246144379,0.09026101540759507,0.11908476073174001,0.11516009596174447
0.12415021710886204,0.1561440110476051,0.11493796327858163,0.11146069805010668,0.07381060265699925,0.09724958976775928,0.09229258735426928,0.11316075204725577,0.11679357868856088
0.1229130631439831,0.1550986428771398,0.10837171967433172,0.11624553032496461,0.07203677720291182,0.09606874693135925,0.09310891315584635,0.11807588227020023,0.11808072441926311
0.12511809804399088,0.15557069135769588,0.11515146452087259,0.11110532066482644,0.07361838140074356,0.0977578411182541,0.0923782733474775,0.11260879010149623,0.11669113944464284
0.1160247758135083,0.15834220690648537,0.11293433309723343,0.11536635660611251,0.07591044876296012,0.09297995535214947,0.09160775589064048,0.11898397406272154,0.11785019350818875
0.24146485175817087,7.463216964729656e-07,0.04699797304532507,0.2794417959920979,0.013635954868978964,0.06076054676304843,0.009156163847374091,0.0012551114908088475,0.34728685591249936
0.1200592828215577,0.17439755753933914,0.09888883845730734,0.16258767750543898,0.06945259264261266,0.09040012208699279,0.07764930432411253,0.08952382619139922,0.1170407984312397
0.11072404357736358,0.15559850663329444,0.11128797205520514,0.11930525896281986,0.07807730572120065,0.09019221689900397,0.09126291777481495,0.1247038402918676,0.11884793808442971
0.14262764585064133,0.13914092906732864,0.11842466561282466,0.1071242368538549,0.07124156837334843,0.10693024946732299,0.0938494238817132,0.10541051031186828,0.11525077058109756
0.14209482039355628,0.1397553618560368,0.11833911842985866,0.10719261984554813,0.07129322922329229,0.1066518889419088,0.09380935220047175,0.10557541005727822,0.11528819905204907
0.12899933702729796,0.1879331095126953,0.10319519780741902,0.10857260412662133,0.07566090879580234,0.09686989837310905,0.08584918244830535,0.09481308672222799,0.11810667518652158
0.15196095842699242,0.10937033252794943,0.11987322050628768,0.14687623214276632,0.08098651914047539,0.09643102487957883,0.09397740314844964,0.1040160699369959,0.09650823929050444
0.1177789857135647,0.15517543175803175,0.10754494249101092,0.11686810001048487,0.07635579214025198,0.0924938322039048,0.09319469094495607,0.12214489038035166,0.1184433343574433
0.12453060182674185,0.14338058449604418,0.11513978810905841,0.133424065660823,0.08055548008274456,0.09287542169110391,0.09142614117162985,0.10841464435762767,0.11025327260422663
0.15001826284831277,0.13019134126129905,0.11952820582606205,0.10643142030021428,0.07060293089769197,0.11078542255441955,0.09435929519443204,0.10334260792853499,0.11474051318903332
0.15425441132770687,0.12478592687245775,0.12009085229069867,0.10622813156715309,0.07028821066121123,0.11298990734693908,0.0946081537295214,0.10230861093134737,0.11444579527296457
0.11061145935952132,0.1294518991419582,0.09386022776804148,0.1598281318173149,0.09373370242594453,0.08765571751143934,0.08196704983844201,0.12229870945643888,0.12059310268089933
0.108670521515269,0.15283128498470896,0.11050085657011498,0.12137789790383048,0.07925185293320645,0.08911051826940097,0.09118475896264573,0.1277196365132305,0.11935267234759277
0.1389851331079461,0.1394939984441671,0.10760962973679682,0.10930238121652935,0.07052102217100652,0.10417507252921478,0.09738885615600047,0.11351083188334733,0.11901307475499155
0.12082560530691679,0.17965720833788432,0.09515950628855208,0.12973990917511316,0.07832364067227529,0.09035023960092882,0.08465426118747595,0.09991192438817209,0.12137770504268149
0.11180621656156899,0.13835536635220858,0.08710084341158593,0.13276832542373826,0.08131422911192533,0.0836931453385239,0.09855988011321193,0.14484678563272682,0.1215552080545102
0.11277676184501954,0.15725394427347988,0.11197540277700425,0.1175879486643967,0.07712297156573034,0.09127215237785226,0.09137858722173127,0.12221311121655615,0.11841912005822959
0.11260230661680133,0.15714731893375597,0.11191990602687764,0.117722945872013,0.07719741225929079,0.09118039847934252,0.09136767505809056,0.12240887054369158,0.11845316621013664
0.11123608084025333,0.1560996976794116,0.11146711627456246,0.11884858770127037,0.07782192651176767,0.0904616790973858,0.09128890840253405,0.12404118742627655,0.11873481606653828
0.06210880636003791,0.08673966040397448,0.15993641436943476,0.07948647419257861,0.28868914040870397,0.04782500305167043,0.11388393271623339,0.060600027938728984,0.10073054055863738
0.1021548931316198,0.15312260882781512,0.142418785232066,0.10134642097774732,0.0741073557569099,0.08907651484190121,0.10522815315249352,0.11077344782715808,0.12177182025228911
0.12193675032400729,0.1541895704815698,0.10888318050900347,0.11463259380965611,0.07526632613738633,0.09476456853393898,0.09362541831213222,0.11880335245961106,0.11789823943269473
0.10208543557226914,0.12946603710148344,0.10016717503420171,0.13778826257624457,0.08296519145607979,0.08478003446300493,0.0909414668292697,0.14953586284274256,0.12227053412470405
0.11397383215128963,0.022281190000029833,0.053755895144369924,0.18968937451285717,0.10515241864513523,0.07207732873162324,0.08903538698231211,0.24617817425596997,0.10785639957641291
0.1111030385132954,0.14013627090056202,0.10162136722307118,0.14188907812880375,0.08097219356444456,0.0872213587226368,0.09163775122453365,0.12827217124303572,0.11714677047961701
0.1140480383642351,0.15484606251267616,0.1065415242503349,0.1192162588502,0.07754241301596755,0.09052608398609442,0.09272512513200841,0.12557419856121796,0.11898029532726552
0.1066790340758162,0.14850383835767544,0.10957890883146461,0.12390885023031427,0.08072220550975272,0.08805794808022856,0.09116909288127738,0.13143274550191789,0.11994737653155287
0.1973943166531491,0.05648483185393945,0.15203856597439128,0.1364915124225302,0.0781178923696832,0.11263546838236294,0.08891377693487044,0.09956710403492337,0.07835653137414995
0.13413369401550024,0.1463062076452787,0.11697611853706752,0.10863540834720554,0.07529517546759716,0.10098063443479509,0.09328131200852463,0.10910784625032484,0.11528360329370625
0.10477067074225747,0.14155831260996327,0.10839737153232816,0.12721976835258256,0.08270772232103876,0.08703881578171647,0.09126340534636272,0.13636327701456916,0.12068065629918139
0.1434977604505099,0.13812738515403342,0.11856262437716907,0.10701822573561631,0.07115904739606639,0.10738469977780857,0.09391397215759477,0.1051463082927162,0.11518997665848535
0.13543311077064937,0.14696338527258948,0.11719970300830067,0.10829003346318733,0.07202465291783323,0.10316725329442238,0.09327722931837783,0.10786761658912418,0.11577701536551545
0.10444298412120634,0.13986810059026125,0.10813736840110488,0.12794612723072465,0.08315281678073677,0.0868612305755971,0.09129975955241719,0.1374582136810542,0.1208333990668976
0.10435595602711813,0.13938133949908602,0.10806377479229635,0.12815107999898626,0.0832790263356938,0.08681383368626039,0.09131097581962117,0.13776810800950623,0.12087590583143167
0.08461339321833082,0.13017342960344494,0.17788309104247613,0.1052227649872991,0.07885458147187292,0.07828154543907852,0.11986632062144098,0.10334288427610754,0.1217619893399491
0.1505783175521533,0.12948616278386382,0.11960552936972198,0.10639695419036212,0.07055952325341334,0.11107710001868537,0.09439413238254535,0.10320039002821141,0.11470189042104327
0.13915889746267227,0.17443957302675359,0.08894662671224667,0.11140871690136596,0.08131584694723998,0.09467836401147035,0.08739536699359562,0.08587001309709945,0.13678659484755618
0.14241603075208562,0.05852784802997068,0.0757823091480918,0.15716051088315844,0.084259752378171,0.08447744180564264,0.1432203566547352,0.1351488564605028,0.11900689388764178
0.10873767174133248,0.1529444699330829,0.11052871286625744,0.12130291621122317,0.07920890638265944,0.08914592832478552,0.09118650792488926,0.1276102138805576,0.11933467273521224
0.17407116094778005,0.10339590274723603,0.12419213854482708,0.10355369378010781,0.06936255857424385,0.1235380987633619,0.09565111155891574,0.0940265456541144,0.11220878942941304
0.12067753264611848,0.05544155393056044,0.09061483220410231,0.13913075393699018,0.08316929940273744,0.0820667846197474,0.21370734314610282,0.09910602754118487,0.11608587257245606
0.13177533182452472,0.17981437714158646,0.09309586073831118,0.12146465734349192,0.07725166415937479,0.0963848341889502,0.07962461975118178,0.0807449989160965,0.13984365593648249
0.14746137096270873,0.09511367043216985,0.11804894598371729,0.09938029832489059,0.07705820271216535,0.10537728925990607,0.13934219085905739,0.09874226138469995,0.11947577008068476
0.15557396317236874,0.06657223918003949,0.20893699232167717,0.09344969409006122,0.07009946852017845,0.1055130858412321,0.1293134941793788,0.06787352285498287,0.10266753984008122
0.12082602419418131,0.05444379852286113,0.08893378884125568,0.14149229003445668,0.0836515328144372,0.08141879834239334,0.21308680401439464,0.100335634667462,0.11581132856855814
0.1389851331079461,0.1394939984441671,0.10760962973679682,0.10930238121652935,0.07052102217100652,0.10417507252921478,0.09738885615600047,0.11351083188334733,0.11901307475499155
0.11545651017930848,0.1582601370748613,0.11277539703146487,0.11571952901909839,0.07610177194118874,0.09268121077687563,0.09156469823669748,0.11949895674421218,0.11794178899629287
0.12603841869223695,0.19190030297545616,0.09880035077427891,0.11340225677761179,0.07834921924544228,0.09442058570312917,0.08353622893195702,0.09177350471808161,0.12177913218180608
0.13952391277784723,0.172331844114909,0.09438877242209487,0.10586403344226143,0.10687094472665777,0.09432262128299469,0.07845593631321356,0.0771503636146823,0.13109157130533913
0.10193122370612856,0.1110121604016195,0.09803933624378758,0.14088707262886557,0.09016322817304202,0.08355163724715882,0.09215501125732317,0.15952441920576496,0.12273591113630973
0.09239930673664977,0.04925588311050919,0.13648790666183125,0.13639283690438694,0.07550806199478349,0.07407091989118235,0.2575686558142189,0.06419575541918915,0.11412067346724901
0.12881406513881097,0.15295506407098106,0.11592998321590157,0.10990872945267238,0.07296234328652061,0.0996977219543812,0.0927058139201085,0.11069508627387559,0.11633119268674817
0.10328756330428296,0.1326830123815985,0.10111241126746538,0.13303766436653855,0.08519374551802263,0.08456026345399544,0.09183150381161546,0.14654507327577335,0.12174876262070772
0.12388068741415074,0.1211074885962098,0.10837395435115511,0.10043369706368484,0.09479807746057366,0.15967487888324763,0.08786862963694575,0.0993439648204572,0.10451862177357517
0.1284864433505254,0.1532114671507868,0.11586316397022538,0.11000533380641321,0.07301602462817582,0.09952583074452741,0.0926768756492224,0.11085352686172752,0.11636133383839607
0.1147599768020096,0.15810207558188985,0.11257594594162497,0.11617136998754185,0.07634727451400379,0.09231501022647785,0.09151342107236977,0.12015661858286526,0.11805830729121707
0.12572150422064834,0.19294351958628833,0.10005140283453622,0.11393153911110487,0.07347931102375778,0.09577889305685201,0.08433912761058733,0.09423943372008851,0.11951526883613668
0.1000951072361822,0.0550409057241509,0.07387060752896853,0.16234282786636584,0.1180308952990526,0.07417547649256341,0.08948050400703021,0.2082302082085319,0.11873346763715446
0.10473954132454948,0.14140656462526285,0.10837371959129265,0.12728596799743316,0.08274814591879608,0.08702199807248052,0.09126649658987403,0.13646285630851032,0.12069470957180084
0.11569235692328793,0.15829912490044903,0.1128417565024567,0.11557132300315838,0.07602142650856701,0.09280520048956209,0.09158244272005607,0.11928296002460499,0.11790340892785771
0.10998588363364432,0.16604872900012738,0.10912070888785706,0.14857547686887015,0.07609356107258199,0.08837187934262465,0.07798775317370055,0.10769053730050655,0.11612547072008726
0.11263529106814574,0.14630550882839632,0.11011150268180954,0.11075094253342439,0.11967971071677996,0.08480789310034405,0.08868956730660249,0.11558217610616835,0.1114374076583292
0.14938679312854045,0.13098255540682868,0.11943995501345146,0.10647315878844082,0.07065260212018813,0.11045647114437275,0.09431933445643588,0.10350514144494206,0.11478398849679977
0.15354603717321555,0.1257004868043791,0.12000034506725632,0.10625311217914953,0.07033879196636506,0.11262154816545396,0.09456894109985581,0.1024751419423842,0.11449559560194049
0.10526950932564257,0.11700644055461669,0.09384575013481701,0.13082298634671655,0.12565124350225235,0.12625229475374414,0.08758683920894206,0.10908582090971103,0.10447911526355762
0.1169014443040366,0.15205784029126887,0.10249846003954384,0.11977017236507397,0.0774180192785755,0.09077883750302412,0.09446232691692119,0.1268723944497357,0.11924050485182025
0.11095251942518221,0.14302851180173468,0.09153056480166309,0.12980100400521347,0.08088127546390023,0.0848565571941897,0.09628237371855014,0.1415002729089946,0.12116692068057185
0.12071981362402094,0.15771633374473495,0.11414353130389171,0.11288630049913954,0.07457668676149742,0.09544756131634674,0.0919928471253667,0.11532584759675513,0.11719107802824691
0.334017118740282,2.8451926811325775e-09,0.12769662584595462,0.18081861006430777,0.015283774420546502,0.07193494682150045,0.020275116695359606,0.0020682905278613336,0.24790551403899508
0.1530984076039867,0.020812719462227378,0.06606846263394785,0.2801731894313105,0.04183365830189487,0.08436231420658273,0.021905914333768695,0.04020461046851778,0.29154072355776356
0.10924485575181904,0.06497366558063362,0.0954214011562599,0.16170332989805689,0.09886031986927478,0.08863644890300458,0.09437628508188396,0.16443506808286557,0.12234862567620171
0.0830284491169752,0.09596240618809675,0.1704729073515048,0.13896057866540237,0.08864675858503523,0.07189354230660762,0.11845139539001981,0.1115146304709481,0.12106933192541007
0.14014276362874348,0.14196307560374258,0.11801874199315975,0.10746642072172959,0.07149032722056918,0.10563162906900701,0.0936591631159368,0.10620093596427939,0.11542694268283227
0.12034721316918523,0.15589981237491154,0.11408884263640463,0.11289737430576087,0.07777093344912338,0.09389767065805199,0.0921003096532188,0.11629480260323526,0.11670304115010836
0.17012788336150111,0.14036221561785336,0.10961382465761187,0.09919528560288537,0.06726971883124576,0.11773339611807943,0.0881399806300081,0.0867781308115468,0.12077956436926819
0.1536987426393551,0.12868695564327992,0.10390840178017362,0.15788568604179706,0.06743066429587481,0.10832073782708308,0.08012131648063424,0.08580739778893205,0.11414009750287013
0.10789167333816363,0.14625602631193566,0.09886780049379627,0.12759277893271279,0.08120413047488888,0.08573729106308704,0.09311152527790079,0.13855667715199932,0.12078209695551557
0.10588181956701075,0.1272194656847547,0.1037648064808611,0.1369924643315291,0.08731089121019879,0.08633675915028793,0.0925273564154779,0.1395457835351286,0.1204206536247512
0.16473249437267848,0.11092659140408463,0.12125686747446629,0.10624256810366633,0.06960856272026804,0.11842476504833954,0.0950641568017749,0.10008080801642975,0.1136631860582921
0.11731524542786224,0.13542455289340036,0.09045354451977738,0.1325000537899366,0.08535757627497968,0.08532734024462131,0.09983304103365648,0.13521180847029327,0.1185768373454727
0.09463837202799318,0.1372624888587878,0.1337113094800668,0.12893460701711565,0.08392273785831135,0.08192695418133054,0.1108819620312231,0.10390543582420171,0.12481613272096985
0.11864641462611336,0.17035430091580947,0.09315275095740154,0.1235379587524927,0.0736921576166756,0.09213139774730293,0.09588308710049936,0.11264151853956288,0.11996041374414208
0.10878301042689065,0.05233503062063836,0.08290534910742467,0.073802070664207,0.3653864735382344,0.11877086125882168,0.06307890198283955,0.06137845782236883,0.07355984457857481
0.2086982493536507,0.0018057430511817677,0.0811975791285263,0.252003699792168,0.022713184027265302,0.220027257297205,0.0484709550325673,0.03728029112857716,0.12780304118885835
0.11956821429575487,0.15805645350172112,0.11386175591251403,0.11343100376399545,0.07486874077981598,0.09484242003467268,0.09189473223847182,0.1161379969938011,0.11733868247925298
0.10314906400052921,0.12972995996599238,0.10667744990879365,0.13191989152905267,0.08564840282043094,0.0861351157010708,0.09158809900540026,0.14354688893209466,0.12160512813663538
0.10563157482614588,0.143530983980667,0.1030309183136673,0.128058766344591,0.08229603218352936,0.08594216484994098,0.09189360149992605,0.13875963288421514,0.12085632511731732
0.15502822102936206,0.09258720044005479,0.10343680219771383,0.10526378091905297,0.07943491756509188,0.10590701332246448,0.12660084907912794,0.112837863843943,0.1189033516031891
0.1057117294934149,0.14547075058059752,0.10903431178776983,0.12543269000264434,0.0816272218181146,0.08754360840969667,0.09119740038108458,0.1336903878902458,0.12029189963643185
0.11557563619882372,0.15517784563597017,0.11214810937988655,0.11331490717297425,0.09053022488738426,0.09100930517119164,0.090398747611538,0.11636815143912006,0.11547707250311125
0.065078473404529,0.0311052925228755,0.15944833570702974,0.177707732264531,0.07075497656796031,0.05486406114861159,0.2917981665407086,0.04352166584088429,0.10572129600286995
0.10249461785676221,0.09388698658715265,0.09585983835974561,0.1460586278399301,0.09379766309539328,0.08360495077885928,0.09268609056911296,0.16864797537467524,0.12296324953836872
0.1095186855242225,0.15413847924111293,0.11084112949643059,0.1204696402251643,0.07873396416590227,0.08955754871362558,0.0912112610112953,0.12639599741430838,0.11913329420793821
0.14193024926599232,0.15989071344934447,0.07467010640108286,0.13696246245850083,0.07867560342102982,0.09134242452178842,0.09105037459449838,0.08932472767020362,0.13615333821755932
0.10421267705330839,0.1380808137753445,0.10240850393667766,0.13056430549730455,0.08380628476934719,0.0852339976356155,0.09178936476534083,0.1425770316532081,0.12132702091385324
0.09837794839777703,0.12430147891461885,0.10290536186379486,0.12081252308776681,0.14807644380685345,0.07550911727206776,0.08681403874225097,0.13136595835069795,0.11183712956417234
0.09629233695932354,0.13580341502355964,0.13413041319937405,0.11107147210105701,0.08597139285434148,0.08183152984974501,0.1063518004430184,0.1259758461127876,0.1225717934567933
0.1557060427072149,0.12675988323580842,0.12132268569456361,0.11133706082064809,0.07184374045289994,0.1111623882497101,0.09424537738752693,0.09738570070233599,0.11023712074929197
0.0960334729924992,0.07884389908908461,0.058638111280677446,0.18053406139893133,0.08950819072120854,0.06117554174323222,0.10813222714857644,0.20109429390516234,0.12604020172062794
0.10890239314585377,0.1478916345808675,0.09960931604365712,0.12630004238529854,0.08058515660177205,0.08638511759772409,0.0932091687894027,0.1365771676846272,0.12054000317079712
0.065078473404529,0.0311052925228755,0.15944833570702974,0.177707732264531,0.07075497656796031,0.05486406114861159,0.2917981665407086,0.04352166584088429,0.10572129600286995
0.16650672692905008,0.15353213579591396,0.10055447668169415,0.09716777684994095,0.07092155091625514,0.1099619035239272,0.08155668220911627,0.07483071730458472,0.14496802978951748
0.10842833924544688,0.1395930111167797,0.10750531681124283,0.10919781213454703,0.14521643856415903,0.0799015882116363,0.08674125203731979,0.11501095420541607,0.10840528767345244
0.11975198219546619,0.15800935544287248,0.1139072911719521,0.11334159849034726,0.07482079475735343,0.09493899175518683,0.09191026911730983,0.11600513133514344,0.11731458573436841
0.17289897906930443,0.09993273766394649,0.12193004241444423,0.10670156738693774,0.06913003156929654,0.12264119925046167,0.095240393497251,0.09856366031061144,0.1129613888377465
0.10188317819060204,0.11855459885781021,0.15983533689334753,0.12826810399039537,0.0865355505534154,0.0848529584428307,0.10184747254045239,0.10173045657241415,0.11649234395873222
0.10129275923121143,0.10533894192710473,0.09628807225141633,0.14673912535121536,0.0878638377006888,0.08395632821435232,0.09133531730831673,0.16404127063861193,0.12314434737708228
0.12406297213394873,0.1458057718801886,0.1217637769836825,0.12978884623483825,0.08016590577812892,0.09389792756949089,0.08986700452493929,0.10451047064276618,0.11013732425201668
0.14719439676769064,0.13118785988353826,0.11416968122083582,0.10811346494435053,0.07180515154355105,0.10809912970044182,0.0961965805805618,0.10745156930457338,0.11578216605445678
0.1454348733122939,0.13582873359354816,0.11886203565330973,0.10680662405654529,0.07098301074886586,0.1083958949921091,0.09405354985443722,0.10457952396932986,0.11505575381956086
0.17289897906930443,0.09993273766394649,0.12193004241444423,0.10670156738693774,0.06913003156929654,0.12264119925046167,0.095240393497251,0.09856366031061144,0.1129613888377465
0.10716820478292861,0.14976803835526528,0.10982569847556127,0.12322351991306034,0.08032005163929908,0.08831706298426766,0.09116531005165178,0.13042317197703573,0.11978894182093032
0.09295689074664036,0.1316399797150015,0.14225832335909075,0.12186824969159221,0.07905229280911726,0.07992787968307091,0.1176060290301555,0.11263891742089864,0.12205143754443289
0.10350145140117221,0.051712811591440956,0.07960421757731649,0.06804656084623682,0.44276249560609054,0.06748598929602335,0.058145527753879905,0.05929946883042938,0.06944147709741026
0.13248228819551536,0.04556788509358888,0.06810126450866451,0.31530709606538415,0.08408496112061144,0.08826811616070306,0.045596000926107265,0.10195667031462159,0.11863571761480374
0.16516358401838738,0.11140421583256076,0.12044050731601912,0.10746942323164081,0.06668403388691517,0.11976817640699418,0.0946417989301398,0.10026524909588001,0.11416301128146274
0.11299761490520488,0.16574499978717708,0.07984227774023955,0.13662156358017244,0.08653432706450992,0.08318387749376906,0.09329396679159115,0.12206520846217839,0.11971616417515762
0.10468208562027519,0.1411218905733016,0.10832952267153133,0.12740961191831776,0.08282372301409281,0.08699093084760286,0.0912723903866316,0.13664895762162332,0.12072088734662366
0.14287298581229405,0.13885640279590708,0.11846378324808952,0.10709364048711695,0.07121807281037282,0.10705840243614971,0.09386773688318845,0.10533538542084109,0.11523359010604035
0.1067843018402314,0.14005806603295218,0.11262736179044719,0.11802965086747585,0.08259955906289233,0.09108974825957299,0.09445918561068528,0.13208061694966403,0.12227150958607869
0.10212009162758395,0.13459862175001072,0.176075965591068,0.08768713031622895,0.07369281655403985,0.08972974304726389,0.12633681032066,0.08937900670789521,0.12037981408524945
