0.10581682342609637,0.09631190140900582,0.12267888882056638,0.12217147231745651,0.07755413296660453,0.1042207360096599,0.12477371768936407,0.12236175505203672,0.1241105723092097
0.07429595217471811,0.13995741044295426,0.09230059847756189,0.10154900862746487,0.060406758942757766,0.2317929804380805,0.10085034710316669,0.09684645167256146,0.10200049212073442
0.08241604459640554,0.0758744731982166,0.11307278658896502,0.10306256847688071,0.0901881167292022,0.2423825864614896,0.10301124716390375,0.09441043291592943,0.09558174386900714
0.10838818218715814,0.07940025077786299,0.12949554925463286,0.130484354670991,0.07902290431045066,0.14006452044785686,0.1250616014242446,0.10889947307089787,0.09918316385590503
0.10581682342609637,0.09631190140900582,0.12267888882056638,0.12217147231745651,0.07755413296660453,0.1042207360096599,0.12477371768936407,0.12236175505203672,0.1241105723092097
0.10581682342609637,0.09631190140900582,0.12267888882056638,0.12217147231745651,0.07755413296660453,0.1042207360096599,0.12477371768936407,0.12236175505203672,0.1241105723092097
0.07254845925253667,0.09848181808840273,0.12139420720479266,0.07019088227771603,0.158710117045114,0.19411118864193597,0.11654101859010514,0.07852355146895168,0.08949875743044507
0.0971223123854718,0.08629351800745705,0.11544165080828712,0.12095635185790539,0.09049527258753086,0.10747134149377995,0.11358875372673438,0.12510996371729075,0.1435208354155428
0.10581682342609637,0.09631190140900582,0.12267888882056638,0.12217147231745651,0.07755413296660453,0.1042207360096599,0.12477371768936407,0.12236175505203672,0.1241105723092097
0.1079765086381886,0.07581571307076529,0.10769729288070694,0.1276649238080417,0.2063639643214422,0.05588834931501221,0.12926877378696075,0.07921491818265625,0.11010955599622622
0.10581682342609637,0.09631190140900582,0.12267888882056638,0.12217147231745651,0.07755413296660453,0.1042207360096599,0.12477371768936407,0.12236175505203672,0.1241105723092097
0.09613301647210452,0.07976308083854004,0.10557522072947774,0.11437995335339761,0.07632068324654144,0.17861434292237707,0.11672642051809445,0.11532640332663073,0.11716087859283641
0.10615149058006708,0.0942472831086076,0.11958483146839442,0.13225156179826866,0.07380166211166726,0.1024538529690243,0.12456245691493377,0.11428788720767151,0.13265897384136535
0.09043704540750745,0.09871413553339382,0.1465348076998021,0.10818080517313973,0.12478217589497365,0.05680948850175651,0.13339335806223876,0.12290768894654375,0.11824049478064412
0.059580530682188514,0.05158439680416931,0.07264627901518832,0.0771151609288197,0.3948008975757385,0.052290307976101603,0.0974779959847931,0.08418521362276789,0.1103192174102332
0.10975155619525605,0.08469654769570863,0.128861017445531,0.13214037629128642,0.07012775899415524,0.11058352363711231,0.12725808001794323,0.12976862389802982,0.1068125158249773
0.1245885262292102,0.1329882100072495,0.07627310018251922,0.09271008450880369,0.01945040945504731,0.25539739897178,0.09925462618212015,0.10267735332885852,0.09666029113441127
0.09142998232935141,0.05276015082770571,0.1124025479278166,0.09846870270685171,0.20197103897325616,0.07357131339386293,0.11083522240331445,0.10086895313912297,0.15769208829871803
0.10085750005359151,0.12297922560422102,0.11693470050777229,0.11653102799342159,0.08318023445848095,0.09965123500948657,0.12256301694823861,0.11439870779159751,0.12290435163319001
0.10581682342609637,0.09631190140900582,0.12267888882056638,0.12217147231745651,0.07755413296660453,0.1042207360096599,0.12477371768936407,0.12236175505203672,0.1241105723092097
0.09686161377365511,0.13387306529049378,0.11818402877007049,0.12441320548002403,0.10051488372032957,0.08282813178039596,0.10677452724113075,0.11930133796666947,0.11724920597723087
0.08943280120782286,0.07953200698761087,0.10951351892959742,0.1164806067563593,0.23345211536366484,0.05421924205971101,0.12036403331712121,0.0891220800736926,0.10788359530441982
0.09918973483127162,0.10686867740252083,0.11893228717235566,0.1235765722125477,0.13341828054327995,0.0712535579163827,0.137119534772682,0.09835401032784812,0.11128734482111147
0.0952001220771609,0.07430724136002852,0.10342780103986808,0.11528769799153689,0.1311730562735868,0.12719593910838725,0.11738482385092924,0.1162555723980798,0.11976774590042248
0.07460192951340391,0.10315568507710678,0.08672291660499983,0.0898108141418073,0.1656505819515821,0.15569456806139884,0.11180525716687562,0.1074675198455159,0.10509072763730964
0.3130878255179726,0.07631411200240605,0.10410554335119959,0.09787503104036732,0.0719416387194001,0.050881952112431156,0.10078374463292605,0.09309473442871012,0.09191541819458715
0.10581682342609637,0.09631190140900582,0.12267888882056638,0.12217147231745651,0.07755413296660453,0.1042207360096599,0.12477371768936407,0.12236175505203672,0.1241105723092097
0.10581682342609637,0.09631190140900582,0.12267888882056638,0.12217147231745651,0.07755413296660453,0.1042207360096599,0.12477371768936407,0.12236175505203672,0.1241105723092097
0.10078660416364939,0.12338968859175437,0.11684865636032438,0.11644845975173444,0.08325959845682278,0.09958112955004882,0.1225208807106591,0.11429053877865293,0.1228744436363538
0.10468524847403154,0.1045964682367637,0.10905318801660298,0.11131090555604856,0.07432128337619648,0.09228196814533,0.1337339175996297,0.16784959538186994,0.10216742521352717
0.10581682342609637,0.09631190140900582,0.12267888882056638,0.12217147231745651,0.07755413296660453,0.1042207360096599,0.12477371768936407,0.12236175505203672,0.1241105723092097
0.08539027469766647,0.11189602961501192,0.14100049077893714,0.10633449151798763,0.10853981508897335,0.06636984766955102,0.12452193125503712,0.1396773561453357,0.11626976323149964
0.10581682342609637,0.09631190140900582,0.12267888882056638,0.12217147231745651,0.07755413296660453,0.1042207360096599,0.12477371768936407,0.12236175505203672,0.1241105723092097
0.10581682342609637,0.09631190140900582,0.12267888882056638,0.12217147231745651,0.07755413296660453,0.1042207360096599,0.12477371768936407,0.12236175505203672,0.1241105723092097
0.09681446167390577,0.08583068632144657,0.11504027991367843,0.12083623582259162,0.09124563702831916,0.10756355166711899,0.11303661827432648,0.12518981398523543,0.14444271531337757
0.10652994775831925,0.10349843429777571,0.10866925923837349,0.1179432547503974,0.07146013410178775,0.09074872517097383,0.1347803399905721,0.15856323174774944,0.10780667294405104
0.10581682342609637,0.09631190140900582,0.12267888882056638,0.12217147231745651,0.07755413296660453,0.1042207360096599,0.12477371768936407,0.12236175505203672,0.1241105723092097
0.10581682342609637,0.09631190140900582,0.12267888882056638,0.12217147231745651,0.07755413296660453,0.1042207360096599,0.12477371768936407,0.12236175505203672,0.1241105723092097
0.08251126043628389,0.048473897979486674,0.07126180776863629,0.06428880048841232,0.44646310491962854,0.03074261018047592,0.0902134083499372,0.07664600915473717,0.08939910072240202
0.10581682342609637,0.09631190140900582,0.12267888882056638,0.12217147231745651,0.07755413296660453,0.1042207360096599,0.12477371768936407,0.12236175505203672,0.1241105723092097
0.06383143155530135,0.07975884057266809,0.08999811087195654,0.07166593828488445,0.3819261471415068,0.03086136331165743,0.0955856776845287,0.09293258972268192,0.09343990085481468
0.09426846857515024,0.083416093166588,0.1114816947288868,0.17248811133120315,0.0998837908683461,0.09600746427218648,0.14079393805540788,0.12579836952934956,0.07586206947288175
0.06679522548078644,0.12824156259391886,0.09439037645326437,0.10827616834169039,0.2996584960560316,0.08611019356263357,0.0844081970907445,0.0683627320683563,0.063757048352574
0.10581682342609637,0.09631190140900582,0.12267888882056638,0.12217147231745651,0.07755413296660453,0.1042207360096599,0.12477371768936407,0.12236175505203672,0.1241105723092097
0.10581682342609637,0.09631190140900582,0.12267888882056638,0.12217147231745651,0.07755413296660453,0.1042207360096599,0.12477371768936407,0.12236175505203672,0.1241105723092097
0.10616302467142608,0.09247593404401189,0.11728465503244127,0.1409211579653957,0.07121793638898972,0.10051406712356088,0.12396261496569493,0.1082253774645856,0.1392352323438939
0.10581682342609637,0.09631190140900582,0.12267888882056638,0.12217147231745651,0.07755413296660453,0.1042207360096599,0.12477371768936407,0.12236175505203672,0.1241105723092097
0.331608788211321,0.07450708251785398,0.10186132678480396,0.09453542183594023,0.07572557202191295,0.047611786719692246,0.0978139299385002,0.08914382415754862,0.0871922678124268
0.08266687246938242,0.08389834909915729,0.1510879100125215,0.12530110999006136,0.10364713499255072,0.1355670258603984,0.12760898440926666,0.11492936310638165,0.07529325006028009
0.15625484690499755,0.0758475268598252,0.10978925731667903,0.10927430138521742,0.0975581771363097,0.10830629997993886,0.11576571542772372,0.1119862851924095,0.11521758979689907
0.14270963317263727,0.09647527219481673,0.10848632068836332,0.13676289996881894,0.052754982554880835,0.09670730627248446,0.1243742189414232,0.10881147945408028,0.13291788675249497
0.10581682342609637,0.09631190140900582,0.12267888882056638,0.12217147231745651,0.07755413296660453,0.1042207360096599,0.12477371768936407,0.12236175505203672,0.1241105723092097
0.10581682342609637,0.09631190140900582,0.12267888882056638,0.12217147231745651,0.07755413296660453,0.1042207360096599,0.12477371768936407,0.12236175505203672,0.1241105723092097
0.0755307097413916,0.045966958600814595,0.08661329402030922,0.07810095663617095,0.35495000306844865,0.046409771723771746,0.09959043191551863,0.09553420725697775,0.11730366703659689
0.2538374373924085,0.0700093711419084,0.14894483759772661,0.08899447681844629,0.10191083396882095,0.021441758952707602,0.11165074430288145,0.08383132198460762,0.11937921784049256
0.06765369414731709,0.164717070264458,0.1016725557270826,0.09806532092992981,0.24329734745968837,0.04507005071071022,0.07460864301398018,0.10898452944380765,0.09593078830302611
0.3190337926283043,0.07643336663385016,0.10336343578305089,0.10811384793360317,0.06280777207164052,0.04150982096595127,0.10337754583718374,0.09387123490863526,0.09148918323778073
0.10581682342609637,0.09631190140900582,0.12267888882056638,0.12217147231745651,0.07755413296660453,0.1042207360096599,0.12477371768936407,0.12236175505203672,0.1241105723092097
0.059899964017060436,0.05539536091724331,0.06980270873580498,0.07533886041050387,0.3639484435678451,0.0990410377645793,0.09799719567896921,0.08401465035528038,0.0945617785527133
0.10581682342609637,0.09631190140900582,0.12267888882056638,0.12217147231745651,0.07755413296660453,0.1042207360096599,0.12477371768936407,0.12236175505203672,0.1241105723092097
0.1094381777782993,0.07068832195954501,0.14138981785237761,0.10921231249185182,0.100407794436544,0.11526765629901604,0.11365687778583493,0.11000017272172724,0.129938868674804
0.0668875411629845,0.057488971901402765,0.08313180563180807,0.07970820055906179,0.3384737273180449,0.08057620157988331,0.1055385772397592,0.09170927412331316,0.09648570048374217
0.18273062260701636,0.09424477478408909,0.09528700804884573,0.14477951355351418,0.04746016869835822,0.0852584744193516,0.12404231634906254,0.09260966482427947,0.1335874567154828
0.1021727083716832,0.09157504126871109,0.12080797998127306,0.12596229660617347,0.1457200496850683,0.062288349815991455,0.13383127578296922,0.09991347293602444,0.11772882555210584
0.0776064274660032,0.06400184785523383,0.0948423111656194,0.09983709927488536,0.15602423963207854,0.21867205676170232,0.09906130794178197,0.09313329895620738,0.09682141094648795
0.10581682342609637,0.09631190140900582,0.12267888882056638,0.12217147231745651,0.07755413296660453,0.1042207360096599,0.12477371768936407,0.12236175505203672,0.1241105723092097
0.10581682342609637,0.09631190140900582,0.12267888882056638,0.12217147231745651,0.07755413296660453,0.1042207360096599,0.12477371768936407,0.12236175505203672,0.1241105723092097
0.12898618103212528,0.07669799035464613,0.09750640607155377,0.10985480711843727,0.10688495113848866,0.10152302932526551,0.118745865841831,0.14391727438174765,0.11588349473590476
0.1112328222326649,0.09804613217142626,0.10993571520403644,0.1447058813432982,0.06564885977547151,0.0847623728931305,0.13373946158726613,0.12494819207354195,0.12698056271916422
0.08124588386781888,0.06364993467273256,0.10317385918694782,0.09398576880658621,0.2846335370875552,0.043876692485051154,0.10907540157014152,0.10612119978430506,0.11423772253886157
0.15144295696814133,0.0783343476283481,0.11305622695508173,0.10356607663357682,0.10169029030213106,0.10918062881917966,0.11655318800721008,0.11773226561519208,0.10844401907113921
0.1561675077747533,0.07087773375596444,0.103847848107684,0.13394262350105546,0.0854592779471402,0.10166755191267889,0.11334193003088473,0.0976723177614165,0.13702320920842248
0.1518723515242976,0.07565789351698061,0.10889050482108893,0.11765558131679527,0.09162921774495997,0.10698963254980043,0.11638487013866393,0.10770085487737839,0.1232190935100349
0.10581682342609637,0.09631190140900582,0.12267888882056638,0.12217147231745651,0.07755413296660453,0.1042207360096599,0.12477371768936407,0.12236175505203672,0.1241105723092097
0.05660314277579912,0.050549951718383106,0.07007700966789994,0.06520389791298485,0.46661308649206673,0.032347093265939264,0.09104094083274293,0.07724223786965166,0.09032263946453235
0.10588079001215008,0.09011105277790511,0.11472087297800541,0.15249329602250994,0.06841582851234555,0.09748553443154002,0.12265099870073103,0.10115278259301304,0.1470888439717998
0.10581682342609637,0.09631190140900582,0.12267888882056638,0.12217147231745651,0.07755413296660453,0.1042207360096599,0.12477371768936407,0.12236175505203672,0.1241105723092097
0.08438359753045614,0.07246726225450674,0.0943539930516672,0.10421743848149147,0.1097636806834998,0.22728346648813003,0.11756122078495025,0.09767019776768736,0.09229914295761095
0.20801872521718398,0.0642461689719598,0.09672571454398189,0.08636359316682664,0.1308335710013541,0.10396420938467492,0.10370524274395339,0.11310851419754892,0.09303426077251636
0.07502492852081939,0.04774522026766372,0.06643778157597245,0.07748140324020159,0.4398588089194611,0.027463227740541538,0.1037356097397228,0.06289892170439795,0.09935409829121944
0.10514826679765805,0.0750427349107891,0.1220481131520413,0.10837495824156473,0.07243579147841685,0.15294829786491917,0.12031821625908434,0.114076508721472,0.12960711257405444
0.09881428427999696,0.08260832403959321,0.15222700012542037,0.109982626656432,0.10386845253568282,0.053940282455231935,0.13491005784889123,0.14508626244580025,0.11856270961295112
0.07579073917689284,0.09191503691926635,0.1060018946811896,0.09690325295130792,0.09308752850307034,0.25876255397458087,0.10061883258823141,0.08625175887782839,0.09066840232763233
0.0786835840277962,0.18072979264234845,0.10390060368174564,0.1124241966198805,0.16278779396828633,0.06441541731038448,0.09623990091074153,0.10025576135562907,0.10056294948318774
0.10062550928151971,0.0755716180003596,0.1106050127613627,0.23088582731857454,0.07199944238637458,0.0648765197430632,0.09918996243105933,0.06909971492044072,0.1771463931572456
0.10581682342609637,0.09631190140900582,0.12267888882056638,0.12217147231745651,0.07755413296660453,0.1042207360096599,0.12477371768936407,0.12236175505203672,0.1241105723092097
0.09800991714072359,0.05569166643052429,0.0924529647371158,0.12170505096226371,0.16519310123418204,0.14952933867854812,0.11143806399753703,0.10518868362009093,0.10079121319901456
0.08295607485612401,0.07686825097171264,0.10380924645909484,0.09667043282230886,0.27860218747211646,0.049198077616315256,0.1140415824879296,0.10314095826961632,0.0947131890447821
0.09646430011691391,0.07998651805622518,0.0950048459373168,0.11214824899572735,0.12296581631284169,0.1124327918877754,0.12688161463751182,0.14863615046187725,0.10547971359381048
0.08274481022476853,0.12572267446141971,0.10853833790181093,0.1206445124360939,0.2455937122769133,0.03664721389571749,0.09902855474502671,0.08396925782994107,0.09711092622830841
0.10581682342609637,0.09631190140900582,0.12267888882056638,0.12217147231745651,0.07755413296660453,0.1042207360096599,0.12477371768936407,0.12236175505203672,0.1241105723092097
0.10581682342609637,0.09631190140900582,0.12267888882056638,0.12217147231745651,0.07755413296660453,0.1042207360096599,0.12477371768936407,0.12236175505203672,0.1241105723092097
0.10581682342609637,0.09631190140900582,0.12267888882056638,0.12217147231745651,0.07755413296660453,0.1042207360096599,0.12477371768936407,0.12236175505203672,0.1241105723092097
0.12969311287787502,0.07560640231668574,0.12044770447701107,0.11649063659335925,0.0704471667444233,0.15484277227359777,0.11834689669853637,0.09199227854304999,0.12213302947546141
0.052069199681715556,0.041036843451996895,0.0642703898088108,0.059781069952782734,0.5162095051600488,0.030776226936749806,0.08535141491574212,0.06293541779395288,0.08756993229820038
0.10587859454952038,0.0900987954148083,0.11470905181801845,0.15255323218071964,0.06840289354013235,0.09746876400372469,0.12264282262987942,0.10111877386979841,0.14712707199339833
0.059589054021637416,0.05392184109303142,0.07616250122312648,0.08266358124349636,0.20307748218489716,0.2750797797539265,0.10018863121570021,0.07177036179701428,0.07754676746717015
0.05777740124976877,0.06890428088398205,0.07658305530439803,0.06302841023278656,0.4246938595612388,0.06775536999086733,0.09431410319375459,0.071771230700418,0.07517228888278585
0.10581682342609637,0.09631190140900582,0.12267888882056638,0.12217147231745651,0.07755413296660453,0.1042207360096599,0.12477371768936407,0.12236175505203672,0.1241105723092097
0.32838437597590675,0.07479357955889941,0.10229194347103404,0.0951950231850021,0.07461934354598021,0.04827219935769735,0.09837394210695967,0.08992099070510735,0.08814860209341303
0.14322990173229386,0.12375116733878577,0.08510506030272981,0.1100027957018052,0.029807037743513592,0.20487796212721632,0.0958508551429997,0.11100883692278062,0.0963663829878752
0.06833608437940152,0.08548789227025555,0.10468567060692135,0.10245857220964294,0.20103227971118995,0.18486948175533321,0.08024474765848429,0.08681054024857189,0.08607473116019927
0.10581682342609637,0.09631190140900582,0.12267888882056638,0.12217147231745651,0.07755413296660453,0.1042207360096599,0.12477371768936407,0.12236175505203672,0.1241105723092097
0.19918867272961885,0.07265448251770838,0.1075118618976691,0.09745332364544196,0.10440394683028476,0.09213968482451355,0.11128445645612776,0.11359412648729288,0.10176944461134278
0.10581682342609637,0.09631190140900582,0.12267888882056638,0.12217147231745651,0.07755413296660453,0.1042207360096599,0.12477371768936407,0.12236175505203672,0.1241105723092097
0.10581682342609637,0.09631190140900582,0.12267888882056638,0.12217147231745651,0.07755413296660453,0.1042207360096599,0.12477371768936407,0.12236175505203672,0.1241105723092097
0.13145441142680678,0.07802232327798612,0.0939058027807295,0.12733631810895726,0.05040917740692206,0.17602047021225078,0.11865433250054862,0.10173599019555087,0.12246117409024797
0.14360901774832344,0.06720650734902227,0.0984114963779581,0.10063688469456722,0.10453336324576534,0.147202664345802,0.11154955544223537,0.1171779663874362,0.10967254440889011
0.10985478317881682,0.08440883243764835,0.12901791076670005,0.13242252489351583,0.06992392819606495,0.11075171852802092,0.1273026000753479,0.12996499900640998,0.10635270291747516
0.10581682342609637,0.09631190140900582,0.12267888882056638,0.12217147231745651,0.07755413296660453,0.1042207360096599,0.12477371768936407,0.12236175505203672,0.1241105723092097
0.06546137188947874,0.045395107814199115,0.09519028637279194,0.07910237630944543,0.39945593343265484,0.05294230964605116,0.08414387737053904,0.08445293891644275,0.09385579824839697
0.0945046692669278,0.13095576110374507,0.1165844353896599,0.11761441548004098,0.11251822231144563,0.0760830233732051,0.12767804847402617,0.1104954095701784,0.11356601503077096
0.10581682342609637,0.09631190140900582,0.12267888882056638,0.12217147231745651,0.07755413296660453,0.1042207360096599,0.12477371768936407,0.12236175505203672,0.1241105723092097
0.141108981252578,0.10276518480915008,0.09681589496813309,0.09261793813608325,0.11324042115307908,0.062109060264619126,0.13129420841104683,0.19204920089456512,0.06799911011074543
0.07647032574144447,0.17989166273092103,0.10352645342400285,0.1103526466425357,0.0878599066120661,0.08123236434516103,0.1529116040389063,0.09756531930505986,0.11018971715990271
0.09082067788291848,0.07110475862686522,0.09911680929419527,0.1132311702482001,0.15355352282169274,0.1340938328030501,0.10878544281110869,0.11247442841118005,0.11681935710078946
