0.11238557085148138,0.09027317670839752,0.13448806911318692,0.10646810985819126,0.14088343189765348,0.09581799761248745,0.11845596871218582,0.0795200661843395,0.12170760906207667
0.10369682803853253,0.14171279630111708,0.08334002975912076,0.09742997633374029,0.13568160777035426,0.11736997646865989,0.11658578358564971,0.11256295852314996,0.09162004321967547
0.12547419180100164,0.10093858521775695,0.08921794703843937,0.10757660915973512,0.07793547414924286,0.13526231040984005,0.12931657854216325,0.10384995242587299,0.1304283512559478
0.11303626669668261,0.1095144011595696,0.1042823738235998,0.12710720003711165,0.13618372539678034,0.12958584502699363,0.0911423051822939,0.0902999950782812,0.0988478875986873
0.10077572107542176,0.104876659737744,0.11107863629350016,0.10355312780969617,0.09926760542608319,0.11822220184843261,0.11983645699646095,0.14452944959471486,0.0978601412179463
0.10345354129487566,0.1045022942045077,0.08437769448817688,0.09090652844068597,0.16616100176106585,0.10652450435033312,0.11749189196236065,0.09272953454972248,0.13385300894827173
0.08776512894642564,0.11897549262332245,0.10577485871443071,0.10548401610514342,0.11314162394113224,0.09832565499190106,0.09173054617724015,0.17613421608759447,0.10266846241280987
0.11736507200181344,0.12384162238851985,0.1026115470226694,0.12213363733400207,0.09931292399621468,0.11385087627932723,0.12470276516603453,0.08359980719243203,0.11258174861898668
0.1089862928960715,0.10111540192035463,0.10478761743284609,0.12681458471480647,0.08445390493482587,0.1038251643858437,0.10799417818690533,0.11007351409854937,0.1519493414297971
0.10542554932117859,0.1053119320890369,0.12631250636873617,0.10676509415836545,0.09079786984679211,0.10417085728820093,0.1280571703671408,0.1202671416015309,0.11289187895901813
0.11307809890845087,0.12508687025383394,0.1121573980208962,0.09515272184843311,0.09002434507696333,0.1107797386379586,0.12814073749233088,0.06523858264898803,0.16034150711214498
0.09798260212842724,0.09443726170886535,0.07774151180617477,0.09407735079076596,0.11265506160941123,0.10370451929925643,0.10019088340275135,0.19340823084553085,0.12580257840881673
0.1141812819558297,0.13624377186929879,0.13933265898777802,0.10326384685665307,0.09524506082819212,0.1050896701709137,0.11931789327818272,0.05965165701670535,0.12767415903644652
0.12407818484208792,0.11441961522847033,0.11803217534500221,0.12035657983254959,0.1078623591897752,0.12632732671419486,0.1092604209168137,0.07493549834245086,0.1047278395886554
0.10210077142500157,0.11675512563369406,0.08812097308512297,0.09806627334872488,0.11102996036415376,0.11836368163101456,0.11362643662067333,0.0982220357250954,0.15371474216651945
0.11777816264213846,0.07953242057538144,0.09367739044729519,0.14087721330651334,0.15516529374824573,0.10224347784980804,0.10696264813858565,0.10072025135800348,0.1030431419340287
0.1311057387778519,0.10198281944440135,0.08017951443195215,0.09126988266617915,0.10483408937737947,0.12334283795313877,0.10642383419971273,0.11624335055539871,0.14461793259398573
0.11457666690510344,0.09346171122736247,0.10234623156073408,0.10485993376458043,0.09697711624662524,0.11015486707184106,0.10985225687549055,0.17906702240465053,0.08870419394361222
0.10520328345838313,0.08120283352548678,0.11796866359039225,0.1063499902695992,0.1414248820993406,0.09831376951408437,0.12034998753895221,0.12042212358348674,0.10876446642027467
0.11334781641497314,0.1109977406026742,0.09249501126512905,0.09648651089688116,0.162015107151719,0.11506331109599462,0.11279396873373605,0.08132520180636205,0.1154753320325308
0.09847046907297193,0.1201046362048415,0.10042270303352112,0.09493398895639571,0.1477726125086487,0.10013472223246667,0.12083672608585422,0.11463717780536231,0.10268696409993783
0.1182529210777738,0.09765194781966145,0.14667244806228416,0.09522520926581379,0.1170183990738395,0.09350222895123773,0.11284157802767314,0.10485256798823926,0.11398269973347719
0.10666699489539709,0.13876105872859362,0.12833221790344077,0.10627008241779179,0.14704136747128202,0.09887127805095186,0.12173983693070467,0.07775702891570209,0.07456013468613616
0.1296166090839741,0.09900726908220285,0.10203337959066115,0.11450698819139248,0.12554962085895804,0.11195991504884051,0.10883580113799925,0.09581106539142538,0.11267935161454629
0.1111576356031037,0.11534080669814654,0.10506096321760777,0.1266869135843346,0.07201950404223331,0.12272755500719167,0.12769007948897948,0.13267955730146913,0.08663698505693379
0.10287640757003229,0.10098418445847769,0.18428577866280546,0.07726475093648251,0.11628916618130329,0.09262563064982939,0.0993810966853144,0.15331124002908583,0.07298174482666914
0.10693123645944104,0.1101411503561767,0.13353802602934708,0.09365498965255925,0.08697652599442536,0.10650437606446073,0.11581304925953771,0.1055330909451584,0.14090755523889376
0.11311382291348322,0.10172213520786692,0.1600913226905382,0.1350494460038925,0.12330362803944701,0.12385576323911522,0.10959290638534168,0.07278610829702699,0.060484867223288274
0.11001066452657889,0.10882853110434375,0.10366423888751324,0.11001411340676764,0.10590325676679169,0.11523777317207229,0.11893625673597258,0.13056820595238955,0.09683695944757038
0.10991709631167608,0.12934835846809362,0.09218477608040691,0.10315793399441349,0.1132254046231639,0.10559810320592287,0.12718136290286558,0.09533699718683979,0.12404996722661764
0.11047310714004198,0.12058506979672494,0.16083691524495586,0.08702111214773844,0.09373472561126234,0.09138119873753925,0.07947875919890682,0.17342234003362864,0.08306677208920173
0.09240541951187368,0.08111454036148336,0.1042072533242454,0.09157449651261523,0.12631498871406263,0.10565886818784731,0.10490668905758331,0.2123908079149388,0.08142693641535036
0.11152696913920258,0.09216885610703064,0.08007002501492073,0.08934729301286791,0.19873943854575418,0.08995496189066636,0.1028263879159681,0.1259339999383459,0.1094320684352435
0.11319344180692266,0.09584778464165067,0.10137216679782678,0.108127389642302,0.1439346182783869,0.12131081009529966,0.10948838799059857,0.09589148926465331,0.11083391148235948
0.11980014445339009,0.10098541395369633,0.08994229818956266,0.1184921894612711,0.14081143543226357,0.12073690942243849,0.12309332085258158,0.0708950605379267,0.11524322769686957
0.11760747982513849,0.13622650560115018,0.09179221807445549,0.12261726519634368,0.1519234028640993,0.1001787389085913,0.10220321757107799,0.08083694502418681,0.09661422693495675
0.12214910575518349,0.09128939067116186,0.13216331247802257,0.12304755551042962,0.09054025776709095,0.11267297216076905,0.11698124464680631,0.12321147488884691,0.08794468612168922
0.11680705255018753,0.08560751799516762,0.10450205903138458,0.12481086475378207,0.1336940195489977,0.12153683044067932,0.11535707489320261,0.0818643446298381,0.11582023615676046
0.11745428775243559,0.1039017589247423,0.15781476817086973,0.10125685450888959,0.10131931357210232,0.11936047846800986,0.11411108006410457,0.08492081303674381,0.09986064550210226
0.11576161852212556,0.14285213411151357,0.08693926354424165,0.10689868216236052,0.11634988319965323,0.11222937127864045,0.12538421425982407,0.11203437424969703,0.08155045867194394
0.0873965358715564,0.0989316184931306,0.1234758361820299,0.08069496296518829,0.09231058434451571,0.09923016527534578,0.09325180557012981,0.22801800992659957,0.096690481371504
0.09163885704834603,0.0694436797411775,0.07557800370308962,0.08809237452897571,0.09925343136886693,0.08701532716621824,0.07384990775828358,0.31496147699895904,0.10016694168608338
0.10384733069841995,0.10382233926877314,0.101184780405995,0.08622308454213747,0.14866447153342197,0.10841363275290283,0.11334046570067507,0.1541890282287747,0.08031486686889991
0.10502507316338218,0.10957556111636252,0.1214971773553176,0.09383890532322332,0.1221835867132162,0.0903720561976335,0.11126377928526475,0.13395347810416056,0.11229038274143927
0.11399190073769998,0.10071311873746287,0.11901829874292902,0.10227074471119096,0.11966000361122975,0.12320830683195605,0.12754371214949675,0.06596602646891796,0.12762788800911673
0.10209349411105229,0.1221341750507799,0.08093743917661658,0.10202514481657377,0.10492230203094194,0.08928156110855079,0.10145756473052535,0.20110971532554908,0.09603860364941032
0.10389416222077748,0.11382487190031497,0.10199885854543726,0.0993787624600514,0.10494309353460629,0.11112659703738491,0.11674201045978468,0.12229594392638736,0.12579569991525574
0.09406496221951499,0.09743291078590054,0.09071946539579985,0.08223078942947683,0.18255362178165815,0.10548338158093735,0.11184009062032539,0.1220737143764156,0.11360106380997127
0.09859557238015482,0.09610566544597694,0.09132719021734459,0.09954453907035003,0.11508232203483686,0.09963166716660747,0.10893694421640844,0.16717593307563097,0.12360016639268996
0.10542922200079956,0.10202738077954769,0.17333624404214718,0.09376988059493462,0.12007578579105367,0.11346948666711054,0.0935822035908534,0.09915147760007818,0.0991583189334752
0.10850562310127819,0.08922421022325343,0.13445164936762935,0.10810585874637259,0.141490159384374,0.101245118118862,0.1075312838249544,0.12103478535076516,0.08841131188251085
0.116834725093186,0.10534664744575435,0.15580521612035134,0.10516828752769136,0.10342249721206809,0.11084363072799532,0.12668763759010793,0.06679363801132228,0.10909772027152327
0.12408353758193187,0.09533539521949048,0.09853967090924948,0.12145786250405444,0.09871409948254424,0.14087782973901847,0.13144661633659493,0.07798881723425351,0.11155617099286252
0.12069365632313511,0.10549538709315721,0.10676196241963938,0.11637745555837055,0.14398716739260894,0.10243808177542864,0.12286813701559889,0.07237885159326474,0.10899930082879665
0.10138489123748955,0.10215586073565536,0.09359991916696232,0.10333341575908778,0.10757107909666001,0.10647268650676316,0.11418819301581447,0.12824055722393535,0.143053397257632
0.10403047015108662,0.15308958383652754,0.0682432674059309,0.10118119542492364,0.10246570658429338,0.09119010795477696,0.12127790554093988,0.19230062068666834,0.06622114241485273
0.10572013689768282,0.11117518992012614,0.08528162194367378,0.11578573270858909,0.08418739794506941,0.11614894806401732,0.10350750286452087,0.16410539353709372,0.11408807611922683
0.10718791508687049,0.1096361515412232,0.14408906013564624,0.09937509631026586,0.08736303236947895,0.11195534461624392,0.10281733079531348,0.14514255432610665,0.09243351481885125
0.11788079450523888,0.10590050967284927,0.11217590010879575,0.10467454231541773,0.12825328054838744,0.1176636724699615,0.12835390807956773,0.07292000489915161,0.11217738740063012
0.10954112091917623,0.07359903543291801,0.10437925845562629,0.11796129721463085,0.14650960524131976,0.10854165715092783,0.11746080701471164,0.10576545645722113,0.11624176211346819
0.10304607524924536,0.1185313165011382,0.10835851471779612,0.08779744335792382,0.10616019104520996,0.1168952896669484,0.11226506333545071,0.12961501472883227,0.11733109139745508
0.12307140935068094,0.11752810692158473,0.07621125226728791,0.10145289980305866,0.11130499412707044,0.12315278267579897,0.12499554506080095,0.10104936802465607,0.12123364176906136
0.10121768397077291,0.12794000925338597,0.09382377351050745,0.1260606900382347,0.16900510740563324,0.1195386453948271,0.114373693236049,0.05347582635692542,0.09456457083366425
0.10132764357776093,0.08052310294252553,0.12320836555846575,0.11048229369457391,0.12897935615989728,0.09646719207920468,0.11477667801530356,0.1653289004504599,0.07890646752180853
0.11279314954438562,0.08932560996803925,0.13300393656116452,0.10343815511830368,0.10250563758340576,0.11208506716711504,0.11766863882697931,0.10946711553139644,0.11971268969921038
0.11582288152949165,0.11162607724242753,0.11478688936716717,0.10422385360837504,0.14525854832559157,0.09957846464525348,0.11016177192373582,0.0804591366625375,0.11808237669542025
0.11741222364106464,0.08984632173228768,0.13104519074197263,0.126425913868102,0.11252832516424997,0.0996632490167823,0.11578947911331154,0.08291066486275837,0.124378631859471
0.10172558244970903,0.10910247617123418,0.11333790264419268,0.09413659803950336,0.12809681497610792,0.08360993410103794,0.10017795940481633,0.16111047062660752,0.10870226158679101
0.09325683180134793,0.1129148210951097,0.07916412715004291,0.10394917629997336,0.12485018754868223,0.07749274516034825,0.09419390035288451,0.1901639302003261,0.12401428039128497
0.10195582308262811,0.09842208931678886,0.09530269196344916,0.09901164722668393,0.07411388312633409,0.11665240000134396,0.10615326929035813,0.17232594030825418,0.1360622556841595
0.1136300367945038,0.14025647366757737,0.07937862340862334,0.12397342642532472,0.0996390310544412,0.11786691445230284,0.13352300479211845,0.06452660984083224,0.12720587956427606
0.11045979617619699,0.08433020065913317,0.12335132618156693,0.1004076805192698,0.0988047078716346,0.11651998906063048,0.10512784372116124,0.1804776008825787,0.08052085492782803
0.11570007872922916,0.09695291995708462,0.0978592290176065,0.10544305414164838,0.14018480007152567,0.12543246757930857,0.11635735280398112,0.09260983033738497,0.10946026736223115
0.1319118187121653,0.13607213093772727,0.1245947160758511,0.11299709880775237,0.09196643562110517,0.12498967172534016,0.13742782769684972,0.05260526513560038,0.08743503528760854
0.12458691963206668,0.09983823349113911,0.09950284128931708,0.1256541038003568,0.12850396136279976,0.13200100517332952,0.1275163363674219,0.07320192199466985,0.08919467688889932
0.11294832539470827,0.10333780709473857,0.15265966534072967,0.09736288181934238,0.11199947615108906,0.10670792597761285,0.11684723483600566,0.06921732288411399,0.1289193605016596
0.12009014822473607,0.12741068002797384,0.1457302545160782,0.11854763366789726,0.12094764138225239,0.10170707050984529,0.112856801335754,0.05103157977723477,0.10167819055822808
0.1158241536283295,0.10984388911902171,0.0981889744615363,0.11235348085954851,0.12384590332742473,0.10638523452408878,0.12049089840949356,0.13219816868930281,0.08086929698125406
0.10306859465185521,0.12387841203667106,0.0942469187145606,0.1206283128184763,0.08621692512247779,0.1118181294312282,0.11525601328113065,0.13075736277036448,0.11412933117323572
0.12026074473410997,0.16020015973259524,0.07724261047113151,0.10875797622051782,0.08700705479315969,0.1344186350753898,0.11793638523780929,0.05839329495361445,0.13578313878167225
0.11465038576212531,0.08421174139517934,0.08819706945691604,0.12532917416045553,0.11353760243292906,0.11893797916336228,0.1283672207239974,0.10441102720791294,0.12235779969712218
0.11010882202064287,0.11410595237072184,0.11581629898146921,0.1047846095919573,0.11717743430312887,0.12359304639244385,0.10714252293501286,0.0665926991474227,0.1406786142572006
0.12029193764080194,0.12513303311579702,0.09560066541644062,0.11287991282978338,0.09163684371575724,0.1037323786786697,0.11287652091490506,0.09564126847552011,0.1422074392123249
0.10710623338023423,0.08379286973414428,0.14438360335890202,0.09301429293373022,0.16326373963290572,0.10259097808894789,0.08404701642047897,0.16123480364403392,0.06056646280662281
0.1096348917360183,0.11493336517701558,0.10186131796673027,0.10364653783136128,0.10995984525876396,0.10997015675191683,0.13022382136354876,0.1084253114891409,0.11134475242550408
0.11405678817956211,0.0870892192441195,0.1470528969740773,0.09622376934985845,0.09909095716057785,0.12661645126680482,0.09918646266495135,0.14243929600778907,0.08824415915225954
0.09872921848208882,0.10952324134355168,0.08804852946037438,0.09205802624475144,0.10165050237801354,0.10818774283052009,0.09301050712153007,0.19494292612891498,0.11384930601025489
0.12130127324594538,0.09666405369552233,0.09276891462483339,0.1018745483185285,0.11936976970049236,0.11142870713967734,0.12074972756790003,0.0912073787033858,0.1446356270037148
0.11164209519039663,0.12294503988469312,0.10588602101160342,0.11882985786740781,0.11609130498632603,0.10456846749196275,0.1293175005373073,0.0880403269300629,0.10267938610024013
0.1266924734391455,0.09716002843517414,0.10468141843161506,0.11900907456561245,0.1074863545080335,0.11457441283226717,0.12634000323708866,0.09541681265206192,0.1086394218990016
0.11742671134033204,0.11363117437356247,0.1048428972381855,0.1337388670456154,0.09706712929031064,0.1133287880092813,0.13449748508541098,0.09386228464514261,0.09160466297215901
0.11654563025991964,0.13454650909942367,0.098403659011439,0.10380032337202412,0.07969060348611252,0.13074678974779577,0.13275387671382236,0.08393181828343872,0.11958079002602422
