0.04420131378476636,0.05304837612387739,0.033383265250033885,0.03066875210955541,0.1426858565764793,0.3726193457234382,0.03681914726233857,0.2379177582468184,0.04865618492269246
0.07537032310761092,0.04089518431876248,0.046292858446788356,0.06507233281130946,0.39725802947936906,0.0734449424877268,0.12935943753477772,0.06562873143527663,0.10667816037837859
0.091173671923677,0.03509287402698829,0.03063401731334554,0.014327932967651615,0.08805236206486973,0.2525046597021467,0.3470939784759921,0.047027835113126575,0.09409266841220248
0.06755174598761991,0.03817304301636349,0.07571256619202739,0.04574781473856252,0.05761005773979125,0.05634861594419111,0.4968385209277259,0.06074594348647316,0.10127169196724521
0.04970018147026806,0.04028584392520189,0.0624413838939273,0.4004000731365471,0.07778401451415144,0.015082505481970857,0.03288985448473853,0.00988846223539637,0.31152768085779853
0.0534661296347283,0.2537130077484759,0.06241029536659382,0.02312295046526099,0.030372663339498247,0.05819829851651979,0.04291348798236542,0.11439032586608093,0.36141284108047667
0.04972385927329931,0.14590534361101118,0.02436375091606253,0.005949672108070323,0.0029265409806242064,0.34020166944740277,0.08154281837558518,0.31337222821998645,0.03601411706795824
0.06365402554906226,0.14659401062141836,0.07360726428284717,0.1205363928157301,0.09736780421606002,0.06826466349614461,0.04634773631456637,0.17116720943287475,0.21246089327129636
0.06374748263280698,0.10135134859245674,0.1474534807273217,0.28568785480808195,0.06668491004180324,0.059398811109409054,0.02930399382411707,0.08274489742419784,0.16362722083980538
0.05153020199693708,0.07420765023144243,0.07677374031364659,0.1441577846381493,0.04668913052652762,0.33538120840939206,0.04198843481163544,0.13358027281547188,0.0956915762567976
0.06480513234946543,0.12108416706119181,0.11746319281722899,0.2460801018811319,0.037955532263964996,0.16664700144134983,0.018614901002213788,0.047629802613608385,0.17972016856984485
0.0685986256693957,0.10215209027772161,0.1396059791602863,0.23316980672561996,0.1016036647284942,0.04841112358492297,0.042801681561502825,0.11348134033660488,0.15017568795545153
0.17160628294468874,0.09686325286353108,0.09495033085684806,0.008805490721556161,0.1596243547434932,0.012793183624848088,0.01485952022628278,0.030615944597655525,0.4098816394210963
0.1141836824291882,0.07027187814426757,0.1174844278357866,0.15051213434072505,0.1238240870768978,0.04097788950212886,0.062235494311228795,0.07614698073988556,0.24436342561989166
0.07114020545833616,0.2930480000857653,0.14399632278005528,0.06793787741857543,0.09074436535943815,0.05748990469913637,0.02986705490740277,0.06280790414099859,0.18296836515029188
0.0673934800285534,0.09784093651580143,0.17921011335554296,0.2913168701903564,0.0839202667693678,0.0741564571079139,0.022411581379760747,0.07130744918525454,0.11244284546744886
0.0434181399283739,0.07240542334717627,0.01643010292434721,0.021150538734060087,0.010638976075007064,0.6637214260230088,0.03299775839563531,0.10481861557166834,0.03441901900072305
0.42135120885727334,0.05861770523879206,0.12631595780103647,0.02915545726528036,0.04948867070149249,0.032804477312775866,0.0038610183765225453,0.03750246889196351,0.24090303555486334
0.06720523735957439,0.2865265656483953,0.03874910432364372,0.13267942068309355,0.036321596298823484,0.02112851969913161,0.02823541729770987,0.11778147526610366,0.27137266342352445
0.07730599722799036,0.1789456361756635,0.05308580143806485,0.18246651262014768,0.20615093932314385,0.05006457791313406,0.041401300971132614,0.11678043149976512,0.09379880283095805
0.34496456967347466,0.10480475442150161,0.14759397670658128,0.01793438519063498,0.061774165025802484,0.05893218538108055,0.04745161463143402,0.03810086034085886,0.17844348862863166
0.09920691973317734,0.044172886400424376,0.12370586866258586,0.007275149681382777,0.017616920400314578,0.06792618674079125,0.5331671648099678,0.06275024855330742,0.044178655018048546
0.15461074461878685,0.0511728066962334,0.12080275639195714,0.08545709402235489,0.3197690776390461,0.040659005638455946,0.08787413192261588,0.030495162733327964,0.10915922033722181
0.09231704371849318,0.04915918910852552,0.09061639332087641,0.141572871537863,0.3623969375241349,0.03608896213650153,0.057338036800878865,0.061034555890142485,0.10947600996258411
0.04259610936339492,0.03958298169547498,0.07254121092753081,0.03673907695097021,0.05859543669647141,0.08380765953313214,0.5552676374682343,0.059551350538000404,0.05131853682679094
0.1588665683980309,0.054701554179016454,0.42936544612304517,0.07045774317717057,0.009284718324044693,0.02838017223256302,0.0641902432133304,0.03534133422365993,0.14941222012913885
0.26164531589012535,0.05798498646729804,0.0556802471022109,0.04302371568934987,0.18169173024501736,0.0636246566641886,0.18754849975320056,0.04593687263333498,0.10286397555527443
0.07989796497857758,0.21976164642647836,0.07455579416591473,0.10152708579339931,0.09138856021207753,0.05330193956630278,0.033600131510432056,0.14477427063212286,0.20119260671469472
0.05330113198991088,0.22375661491154797,0.03587847481673893,0.06037811616395657,0.12079322547906135,0.047240276901033114,0.04374361005088889,0.24345686524537344,0.17145168444148892
0.06300072349951658,0.2734872461614568,0.04880666785599177,0.07186518996082146,0.02771445504968915,0.16506805491690274,0.022589506310463022,0.16840334998816667,0.1590648062569918
0.05969935805057314,0.25888214323027725,0.03671235587609628,0.02428760063719845,0.03038721425037902,0.10020478313964315,0.017391953939090786,0.1248275400840086,0.3476070507927332
0.11725714665561722,0.043800849070250565,0.12069763272771995,0.08506936576050698,0.2623968022380547,0.04232433536433927,0.031632976796379934,0.03870754561038136,0.25811334577674994
0.17812981646897907,0.08031074846286675,0.0752149102863144,0.07563690806531365,0.11374628500644261,0.021545130776244096,0.06759740752424555,0.04458592721774989,0.34323286619184395
0.06483519410328382,0.22778393125338317,0.0730619300320385,0.13911242660019954,0.0685402275313849,0.058994677661013656,0.08800961012413548,0.172594007330603,0.10706799536395793
0.07075759076518412,0.43397587634110285,0.05220078132698094,0.1562059292566755,0.02018382459554789,0.1015974162533476,0.01936831424810574,0.05140638746164256,0.09430387975141276
0.19551075672221274,0.0767512002876691,0.22197608821383416,0.004727887562230238,0.13981885867848054,0.01146728751673018,0.00501914824461567,0.04828813101339752,0.29644064176082985
0.08460938140145795,0.18218423550297713,0.06962339372796605,0.19033342163654274,0.024583634084120922,0.07255641976455103,0.0257777809864346,0.12482465576759894,0.22550707712835072
0.19368833170164892,0.05648302910414094,0.1126982760353273,0.17599219079800912,0.06172755682275358,0.03492155616264028,0.13444160635658478,0.09472289218577147,0.13532456083312358
0.08993906740853486,0.18760761602701734,0.2581402822045095,0.10023788537089788,0.04538542154429509,0.06146242375019754,0.018672264773336927,0.046993332675726605,0.1915617062454843
0.1028293898035189,0.034938665601516004,0.2301098811609248,0.14268474924199767,0.2523793997653251,0.020647949209274753,0.02317869562957312,0.03123275732837193,0.16199851225949777
0.23283005266232804,0.047744155816049405,0.21560466446697443,0.04770251065775969,0.28140712396339834,0.037360121649080445,0.03507379970684819,0.020442215324472043,0.08183535575308944
0.12358440822767357,0.04586748461393455,0.0985593165891866,0.12789909958992027,0.11388991438141316,0.03726997089773783,0.269163026797165,0.047499777833445556,0.1362670010695235
0.06284594267560355,0.03357957987195529,0.10669651213730395,0.0156962569210753,0.03401778563158067,0.10589682630385257,0.5478386389448814,0.05252185182049591,0.04090660569325145
0.1310668639359041,0.067610014905818,0.15291111078923292,0.05727360030821415,0.18464212680298017,0.051483619876840366,0.2390495077952627,0.05048928890683966,0.06547386667890792
0.15976741435237488,0.14609879465543796,0.07875687111000403,0.06637516764906216,0.19388769840598288,0.03273930984627897,0.041532854157882555,0.09627516874529261,0.1845667210776841
0.09332742174564208,0.05507159230205682,0.10353242402905276,0.21209544875548883,0.26261385874132026,0.03680628819821117,0.07148884768265976,0.05504195709666166,0.11002216144890668
0.374065253221763,0.08804631069410311,0.2529931413377708,0.08507032045987394,0.002053853864806731,0.04263590866146521,0.012208508907727794,0.0766508347066361,0.06627586814585332
0.12571585623701031,0.08129911449181225,0.1116648547971244,0.27676062676101915,0.03795177794573536,0.046380588723083434,0.0814880834016088,0.15343962011366388,0.08529947752894246
0.43604962301431355,0.2476997737133434,0.0201392975262025,0.022385891465797805,0.00879493872939742,0.044225362813556664,0.051360971001490396,0.0660367592060467,0.10330738252985161
0.29137325471140807,0.07685218933490916,0.07985085084458203,0.07989099961670847,0.048592559190066636,0.0954193038383111,0.0011765722930645657,0.06558590782896145,0.26125836234198846
0.08457703838041919,0.10599423356607307,0.08187656677920258,0.12402896026380399,0.10665147008877897,0.16589373939819185,0.10264768238987786,0.15940794618963675,0.0689223629440157
0.048491928629546384,0.07242961849097863,0.11427329545007385,0.43530003470132167,0.047419396147616553,0.0901750163552062,0.039963952570336275,0.07876985726773901,0.07317690038718144
0.06794616551540143,0.1018784045167586,0.05355496938877793,0.0686617644772721,0.11113753565284375,0.02553692094492045,0.029693611800003503,0.0448168244246891,0.4967738032793331
0.04106100069477508,0.03246816905956162,0.04884106401596223,0.030391098032279882,0.21815165311193271,0.12112969072798795,0.3926294500178595,0.041351597674646266,0.07397627666499469
0.3698781687446873,0.11155416692306164,0.07896927313785686,0.1803087125937665,0.026950759128847424,0.021720755815003424,0.11130320998220404,0.016038186474489156,0.08327676720008358
0.032488290640341755,0.06322722647727974,0.02219514343903239,0.044243421042951876,0.01832564734012854,0.5057260290145393,0.062432128235061245,0.20846784354163864,0.04289427026902643
0.3088850219793176,0.050727692211248565,0.18565422151334152,0.031175675993222834,0.05030900593923301,0.03066623542255931,0.1886635192475603,0.0215642402589948,0.13235438743452207
0.07999802021359227,0.06041381190560621,0.1448938207866123,0.08891972100816797,0.19520321290834877,0.035537900571899164,0.2213154837455673,0.059025179922749034,0.11469284893745695
0.09819898732093028,0.1970778818995059,0.1301325862966813,0.03269101877298702,0.03652361901649043,0.10053365748443227,0.013252719656351017,0.11314700444004609,0.2784425251125757
0.3940163570760313,0.09324378612685469,0.17730269123920972,0.028398271283405246,0.08819555495096877,0.03745163654838064,0.04019744781230971,0.032243807646609945,0.10895044731622999
0.04363187007843228,0.029712143749005753,0.05799257529096605,0.047640837532047405,0.2105811702548455,0.15118938426104597,0.08348757365183979,0.24619540461332456,0.1295690405684927
0.09120965626513655,0.047111101002565804,0.09672218987328113,0.034477847433292096,0.19213072813276674,0.09651582490205675,0.3342795968045274,0.057114972500954736,0.050438083085418826
0.04604676585622127,0.07096015229111598,0.06430036839993676,0.016107065000718384,0.019662791110437127,0.531356532559159,0.05012011876912618,0.15423897502718084,0.047207230986104375
0.05502360668312752,0.28395144843991144,0.033800547390866825,0.005401469845743029,0.0350984459548935,0.08169770596312234,0.01138904327466902,0.28333350145194686,0.21030423099571957
0.04156572264511334,0.0672735135023985,0.023476680507877656,0.04566148479851186,0.03658730948227831,0.6249717252983106,0.022049851404487744,0.10214847762184998,0.036265234739171974
0.04404176407371944,0.01753397991022154,0.009567583848938804,0.00532907686191588,0.27946401931060644,0.3012102770486582,0.2420388299446624,0.017192285199410042,0.0836221838018673
0.08205550865552436,0.05895498461518058,0.04939590254414187,0.09747765714150598,0.054670219223960814,0.11823106267257022,0.028686619318865885,0.45903861937211615,0.05148942645613419
0.3294314004935486,0.05604665672492896,0.0662903816524207,0.1071007129314363,0.1401646530209256,0.04724366857317691,0.04635126501106395,0.03386398710816022,0.17350727448433878
0.11307124726522684,0.15254877309313938,0.19718145848084376,0.05430115613982187,0.04533036479430241,0.03719598634452597,0.0797415954275769,0.05229206866618411,0.2683373497883788
0.06585258489910435,0.10541534210396357,0.10275175321071946,0.2554440838717095,0.07869249303873876,0.04011049284367208,0.022839450334557754,0.05593982591766644,0.27295397377986813
0.13880061362700372,0.06800945784750692,0.11032912303839643,0.08782916576216597,0.10443135616010213,0.09004537131585459,0.0039554902857634,0.05436768118107482,0.34223174078213187
0.14655539640027596,0.09163151972486527,0.07868527882280478,0.01895258586673758,0.13825604054720564,0.017638706188487945,0.08030797871175675,0.033960853435772625,0.39401164030209346
0.05072293817554132,0.031812287658004,0.041281254495624434,0.010938826030870638,0.0933369955269568,0.10530856059337484,0.5444131519987678,0.042287938732662345,0.0798980467881978
0.3201795216600425,0.06599217943719232,0.04784808302575357,0.06254507720935203,0.09848232780899624,0.0301161700403532,0.05327316422146127,0.06193829802886689,0.259625178567982
0.04999083026114015,0.08156264575664107,0.05986157542408097,0.08522782773506278,0.015110544906822636,0.5198828165223074,0.026643721697307637,0.114572290060999,0.047147747635638414
0.060003053531653416,0.04975669150710069,0.10742740871609056,0.534014294591287,0.025075807372867465,0.0903637665374164,0.011599148075088979,0.03397899063900495,0.08778083902949053
0.0767772906444852,0.17201627130047126,0.1012076451639543,0.14360991490286967,0.045747240158395513,0.0724472667435549,0.05015571521407449,0.15523195128724085,0.18280670458495374
0.16481445086965063,0.051734159266823315,0.10045871224496683,0.17418465710103673,0.1823746579317238,0.035022142631675475,0.0743705733201107,0.05481956854115159,0.16222107809286093
0.21815531595050838,0.0688342024995896,0.09549861281631995,0.009932126918300666,0.024988182022422523,0.08662591595761626,0.34452867719643293,0.07815767092137638,0.07327929571743337
0.0509416677376301,0.1661641261138946,0.21787708381866247,0.1679945818745411,0.03514175942697385,0.07699246766422214,0.14802442224478105,0.0437748034845222,0.09308908763477243
0.06302708236523241,0.22906864240981084,0.05314051345425628,0.280307669570965,0.05527579684982803,0.027981599390653842,0.017647133181653965,0.10909146093696508,0.16446010184063461
0.1315569011697129,0.08713703747620372,0.07481894440698213,0.11141526707286202,0.18897971415970036,0.20066169598885733,0.06458831314919934,0.09073318774838855,0.05010893882809362
0.05947113059817071,0.032869280496187626,0.11437280834315844,0.027837063514467065,0.05755714898385222,0.07009601037598545,0.5206610286401611,0.051565129310705664,0.06557039973731171
0.06854983257239794,0.027248019747063507,0.019713963752741658,0.021445561405835423,0.10127271536669276,0.1437050102112045,0.4653395663782405,0.08621426102408629,0.06651106954173747
0.28700689136228413,0.04642689695019195,0.22129699159855262,0.009228364938251302,0.1313576560081076,0.026074551103071896,0.0025746413280337446,0.04179157836424877,0.23424242834725803
0.07324159185284466,0.043540930003067045,0.032856652998653264,0.12177171028809058,0.12531363884779836,0.1841463713803185,0.07399780977249741,0.30084606573581874,0.04428522912091143
0.15031561736427232,0.05056505876122894,0.09732559201257329,0.0974587716712532,0.30598085009019466,0.03274336876360737,0.021330232202841515,0.04849201351102228,0.1957884956230064
0.061496601165127125,0.1716240794929007,0.04842081764122715,0.2853927763405696,0.04600539671645632,0.04470730058819324,0.030107738386559002,0.07150620788336835,0.24073908178559844
0.12522330714667293,0.0508844089719342,0.29791004492882744,0.09113391309836733,0.16292629915853188,0.039576357320224284,0.07582579464181234,0.03958600936554279,0.11693386536808675
0.10344177922549426,0.032679127638949396,0.017738319139843618,0.042296397106341706,0.09751054626621476,0.06045367885567837,0.48966122792867656,0.07829665331975022,0.07792227051905111
0.09461438782914629,0.08001086581317156,0.21420553491864971,0.27202406720605743,0.12009638676615926,0.10939927574769771,0.0141385144595254,0.0329101257180991,0.06260084154149345
0.061846278855769876,0.06373557803161052,0.09558303796994382,0.3587342696774569,0.03789237927447145,0.17257285544084658,0.030845093230615416,0.1185671821149501,0.06022332540433528
0.22303079190671682,0.0697556158113455,0.13115462328610425,0.09950050695442386,0.1898940915140587,0.04931954667971731,0.05987868407650635,0.04263212702757815,0.1348340127435492
0.05984862855818526,0.28104195369971446,0.09360293164693777,0.265844413135701,0.021269948047942102,0.0975792116842872,0.02335670782947327,0.0596731468721761,0.09778305852558285
0.07812322392158035,0.08370427808510726,0.10428341115664785,0.3410579079509115,0.12770051925457038,0.1082798116568043,0.021082953634464534,0.07264583806333524,0.06312205627657845
0.08039799611378882,0.11073088463044939,0.10864316732478156,0.31366697402508975,0.04436293261683651,0.10313861587543775,0.021821754648675612,0.07631973593657011,0.14091793882837048
0.20324681363163344,0.07300120116101959,0.36632615777359173,0.030104958163827456,0.031086077367270207,0.036236543276522565,0.01114330849139702,0.03195538128104672,0.21689955885369128
0.09027757927849235,0.053012952062544916,0.1424166633617797,0.13754811342986176,0.24067889756747027,0.11424474806156465,0.028571966886791474,0.11732073041039133,0.07592834894110358
0.047589048264874055,0.09785703125660432,0.07521956546653419,0.3809493004709161,0.009069532211790337,0.2779778634487314,0.027531424740065147,0.047579399028112736,0.0362268351123718
0.31371471928759814,0.05461442724243106,0.07797675867433036,0.06437189139479803,0.06899381694506933,0.03417119049297671,0.12130191350057151,0.03429220442522243,0.23056307803700238
0.04344547855407257,0.029565748816987824,0.0659263172638793,0.027679674302064916,0.02927957834779937,0.11891835332974908,0.5573637485274444,0.06230153279372185,0.06551956806428057
0.09329843358858998,0.04533329062274958,0.13425576572807307,0.056579608153413986,0.3994591887284578,0.04885028819003475,0.05424689569336643,0.06442686602035573,0.10354966327495861
0.1358613067590346,0.04223444436404363,0.26206402276446994,0.04393001504828145,0.36389539594849674,0.03728658221606675,0.007766169651799833,0.025697923826451575,0.08126413942135549
0.330218798134999,0.1477375780552556,0.26258232234178963,0.027560981636991305,0.001018365267935663,0.06077115217978832,0.009895804914549949,0.08477234695684198,0.07544265051184863
0.07866004922707243,0.1478475824626061,0.062329111088475164,0.04379195030155311,0.02497481311322618,0.018845105942856013,0.12207115889609015,0.08660749954144671,0.41487272942667414
0.26231278542967,0.06419674539787978,0.23650848651635337,0.09449951116891357,0.10597080690370307,0.055241820835857214,0.07309111171512048,0.029298089473686107,0.07888064255881648
0.0627652231106358,0.03601382960263529,0.06509067720223007,0.025807242503673843,0.5058744659441748,0.02949626782381821,0.061801647762596966,0.12027764781557364,0.09287299823466137
0.12728014361067383,0.15126466805425406,0.10399510158394211,0.11287744683551916,0.04265507054736206,0.05260055381436776,0.012117537117477676,0.21444589709768383,0.1827635813387195
0.050629677914424076,0.02124247321070651,0.026520469326447915,0.008484187080554624,0.35897583293791363,0.20647990203801517,0.22465250572571116,0.05266282743905337,0.050352124327173474
0.12035340124218262,0.07044864852354472,0.231637380125323,0.03382120979518369,0.040673311311990694,0.07341279178242253,0.3027333297621775,0.04825554299202348,0.07866438446515174
0.1372599450788783,0.030423290096951106,0.02613235446674772,0.01878968450977406,0.29265341133964357,0.09120191190295097,0.2101502371113102,0.09260457486692582,0.10078459062681822
0.05131143130125785,0.0685060520867793,0.0590258009371839,0.3787254093528725,0.016712465912130343,0.22368090388897874,0.026943027010579306,0.11840974882342174,0.056685160686796264
0.06269110595663627,0.1599581746697517,0.13190970691009218,0.10510012808682602,0.07921013114337348,0.0741379225648174,0.029441653348593933,0.1164595524890268,0.2410916248308822
0.16083259464321117,0.0889351732909837,0.13490824054542463,0.23359456130007525,0.026335493235245856,0.19885532671066986,0.016387296587333133,0.05509479853043867,0.08505651515661776
0.1237220551277916,0.04544488242941258,0.22374598052708028,0.07007745157049693,0.18256367454436484,0.03368431833951512,0.018164126702846728,0.14543498396931068,0.15716252678918124
0.05414710582138107,0.03414486960055677,0.04866384503489591,0.030168157145903308,0.1800033499879183,0.08749427073180183,0.40616929339666324,0.07073879463285312,0.08847031364802642
