0.09262117350070904,0.12964224181221085,0.034671459295566524,0.010891514271619272,0.031104578584667683,0.48068363031331024,0.019548248856440183,0.04142828407955111,0.1594088692859251
0.12347329493789778,0.11748544954371648,0.04030261416326824,0.042963282656607586,0.036910927809491983,0.2604431436167299,0.10734658983643504,0.16704720690033728,0.1040274905355157
0.18574708311337096,0.10732616108620956,0.06581995992076833,0.060042959541028125,0.09501195072479475,0.11946823385051823,0.20715470124001803,0.09513607161989131,0.06429287890340067
0.09190745021675444,0.1573115139644453,0.06316573579926084,0.14262281025046772,0.05543716879918661,0.0964671163057713,0.283098336410202,0.03925282603317044,0.07073704222074155
0.04736537626202516,0.18902221895829371,0.0823250987596519,0.2535918505924182,0.08335088530969277,0.0075315566643071085,0.020779366987976913,0.28207920032593964,0.033954446139694644
0.06879054221184361,0.07103179795510867,0.054441330081627375,0.1870761777379173,0.02662384437008204,0.42740678887790184,0.06254622056803744,0.06617159758624463,0.035911700611237135
0.016472118422143037,0.10980851331337033,0.10325704752482993,0.25383763001219256,0.25083635424807843,0.0011078512687224627,0.005335919265486465,0.1861387284790003,0.07320583746617647
0.19607055181897284,0.31172529407054683,0.025049408002186968,0.07374611587995432,0.14350848798463064,0.009879585192017868,0.14153701496432702,0.018833882765831284,0.07964965932153222
0.08095299675660907,0.0936557503259217,0.04859628862358406,0.15641951650785582,0.034642392132392535,0.2623174963645556,0.049500250861952456,0.10586241682436297,0.1680528916027658
0.11444137408320242,0.24171228676275044,0.030275269454924602,0.3086098039184668,0.10285982522090979,0.0842519287130723,0.05445611484354009,0.02685954512813658,0.03653385187499697
0.17170241072736858,0.2769253425284119,0.07417457779576464,0.11966428179546906,0.05093305187088946,0.05367899989059142,0.0677029834069227,0.13677738276652499,0.04844096921805735
0.07582150726115806,0.2443410186086843,0.06691093220768447,0.21812532573395513,0.15040001210312126,0.08558986415333482,0.08319786184882215,0.013356488402890632,0.06225698968034916
0.14461604488252025,0.1954960322820601,0.04825028369519221,0.2287181947670649,0.09488802821824256,0.07742696154691897,0.09355859053040229,0.060594812935662656,0.05645105114193608
0.2076944558485264,0.07368241587865275,0.07419488386826432,0.0804302033022652,0.21783250989220826,0.05420087909888074,0.02435402630824703,0.030442027114422912,0.23716859868853238
0.0839445392661124,0.2258910537873237,0.048835729828568014,0.07932147844110561,0.041175679054101064,0.03342315996075015,0.039922941577137654,0.3996469905067679,0.04783842757813354
0.18218852451041578,0.19234895457969348,0.05464748198472963,0.06893915421908627,0.08217278781077268,0.12529138894959285,0.11189264199740785,0.09774871473436934,0.08477035121393213
0.13837568223125662,0.1227540722063607,0.055386120831492504,0.15072074540633573,0.12576053013143715,0.127947989655925,0.1990743674473009,0.03253106975169284,0.04744942233819847
0.1520272606255799,0.11640572529728654,0.03104502723842938,0.32504156287846675,0.0774339714335759,0.03325196928938436,0.16249797775600597,0.03492562297451172,0.06737088250675953
0.017932198965944637,0.1110746064257085,0.09481774761330242,0.2801580932516772,0.13666073246138713,0.001627491123990666,0.01822686965736527,0.28703912478256716,0.05246313571805711
0.1333519251203504,0.06971723117275086,0.30851988705445926,0.02854343649406631,0.24438745492799063,0.040840194249485484,0.02727769347551581,0.09391507570414581,0.053447101801235436
0.055437410310541245,0.09122757498989235,0.04058643605125748,0.1451077095280707,0.41752584961819245,0.008031059877687876,0.198377128646306,0.012921169392891731,0.030785661585160013
0.18243098105411026,0.1197731115910543,0.06597827410664052,0.07203508457428888,0.06227997309593574,0.14302236370823937,0.08208858128215728,0.1587681389448232,0.11362349164275054
0.09104942020247687,0.17510751573291072,0.20452944727828848,0.09537448661564522,0.21053019617363655,0.041785991556444024,0.056536793849268574,0.06292421337986691,0.06216193521146272
0.05806237802401556,0.04379704917612873,0.05191359284304817,0.1286414738953102,0.08417421965187794,0.16880693058764293,0.062497947604552746,0.03161352581735999,0.3704928824000637
0.14917296498343444,0.0555035692646203,0.0593291992037937,0.10154990061927975,0.13900023259950758,0.31636609290237755,0.03086776718760169,0.10020486833434182,0.04800540490504319
0.03143966696410829,0.1783601997692512,0.04023347685792369,0.06640388384479898,0.5498610083409389,0.04735822941132256,0.011385795547730558,0.01897983242170649,0.055977906842219365
0.04652432980629873,0.2303586448206475,0.04342960295758086,0.08831114127516122,0.4856464734825036,0.047364652213001866,0.012111823236327103,0.023138660475314096,0.023114671733164966
0.019225282701574805,0.15180142968119822,0.060992179421973235,0.1696255893972656,0.3052064774873751,0.03853510079474876,0.18322499251941451,0.002025045923670216,0.06936390207277947
0.1789740527620843,0.13292373360170892,0.04653463169290139,0.16525330358935228,0.05932023527525001,0.10639252770929591,0.10427994388424777,0.15295557551078995,0.053365995974369494
0.16827486369910707,0.05949722820393452,0.05316361619094612,0.18042103026498954,0.026760550647387915,0.09213314573961268,0.08054187130164255,0.07169505571103439,0.26751263824134525
0.046477193916598304,0.18420896037839338,0.051545562713266546,0.04352989181105652,0.04379430957170968,0.05723681756275431,0.018193632645761692,0.5112578008501555,0.04375583055030419
0.11344332860197831,0.11416946247378146,0.07267773282299138,0.10222948225756238,0.15841333928966705,0.12824316024862853,0.14666093098031333,0.10297497658653652,0.06118758673854106
0.15321676397218925,0.287184244347326,0.04510311754012981,0.08344763072955837,0.2771579389910703,0.05029542014113717,0.04323483943454917,0.027605835672815337,0.032754209171224596
0.08875945000425933,0.12032075658419832,0.12707928785179282,0.08666232398487202,0.024217485921044987,0.1474077422219251,0.09592117421947344,0.2605043759097047,0.04912740330272936
0.12317682801903006,0.12527507340838576,0.05239920534350451,0.18473555264264643,0.043503761288477105,0.1860084725281713,0.15649306093695922,0.07857368703678314,0.04983435879604244
0.02772510179906676,0.23840646241517396,0.07821054638596785,0.30482549752800336,0.23963220153463183,0.011122409638551082,0.010011904673926013,0.05685076556994903,0.033215110454730114
0.11057376034909315,0.19952765904521907,0.0660166965672201,0.16445995860654813,0.11620677791137683,0.2026396611417299,0.018729136811548728,0.07174779789818049,0.050098551669083634
0.1549484149379696,0.19855525801636664,0.05590364339835796,0.14144846493022742,0.03386310572259044,0.1734895665879277,0.08784001849743271,0.08201961051310193,0.07193191739602561
0.04887801514387985,0.04889486771655927,0.04007472969719157,0.5342780245477771,0.16227752156659328,0.024148179671286633,0.08067830032767825,0.015797245269797658,0.04497311605923643
0.14422243079135444,0.2273310050722902,0.05187520278656104,0.2055377776581584,0.04621585401892211,0.07034298770902779,0.13737689183315638,0.0734541661518655,0.04364368397866414
0.023415731949915378,0.056544157198880896,0.01237258243659587,0.05556716750295734,0.06887511540828958,0.4884701722221744,0.053034666269061476,0.11284653652147475,0.12887387049065033
0.07677793378806268,0.07121211369621479,0.050168114843067824,0.14301013634285667,0.3799422086355196,0.03235139337111114,0.20805612172618237,0.00855444058606372,0.02992753701092121
0.038557494643487004,0.17335538748379328,0.019124236686203375,0.057569124224517376,0.18660460590586989,0.2729889184576238,0.02295738887563184,0.025687406652469946,0.20315543707040354
0.11218336014242697,0.3494278519712104,0.033111696831125005,0.1709711945362972,0.05352107070634953,0.1446217997605358,0.026214265643965343,0.0580456326798223,0.05190312772826746
0.06002592554113859,0.009863620006483395,0.032066230234956826,0.5405747345850318,0.012615177540819178,0.01823524053079432,0.1445731849079572,0.03995077650915866,0.1420951101436599
0.19775861212328794,0.14987838608036916,0.055196929928530127,0.007408849294028605,0.32670146414891893,0.14090821219386954,0.00799323899975867,0.0906908719334087,0.02346343529782839
0.08469960313461146,0.14333595378409872,0.029001594260206636,0.30211770931559667,0.23171458502613387,0.01510592614436824,0.12384552490719009,0.012397539614089287,0.05778156381370494
0.2118388523126952,0.219960609556156,0.039975366485029445,0.16636629012509585,0.0812063998507978,0.026128846712299633,0.1349619679269601,0.04247516814198835,0.07708649888897756
0.15783624327776377,0.2600782710972215,0.04536039877701701,0.13251462134748712,0.07128431116673295,0.1051860818636118,0.13515055740883805,0.04810258667529541,0.04448692838603247
0.04658417980377985,0.2024239643621083,0.06468932697090372,0.4382188735759412,0.06878969008244225,0.005595808153897989,0.04971010352336671,0.07871049399553476,0.04527755953202511
0.05711309394256336,0.1267072947554889,0.04347521283066729,0.1793018502014465,0.2856730440112878,0.02297151149231001,0.15090596713184515,0.023332269781934343,0.11051975585245673
0.12618499092110483,0.1596181323460323,0.07957482861620317,0.06863443566946949,0.11182629915474872,0.15902983285029929,0.18195584128307218,0.05312123547734291,0.060054403681727014
0.12758849517949594,0.058912107061479056,0.06750062209784331,0.0662018931386411,0.14069092925122495,0.1837716989196778,0.18622092668739768,0.012370592891232282,0.15674273477300793
0.22114757314016523,0.08269915890376743,0.064529117080226,0.265673045395679,0.04601067788422053,0.015966224382775656,0.06930759643971833,0.1177001468894453,0.11696645988400257
0.1531381874209763,0.18714814098552754,0.042998179989970596,0.10755293302905733,0.14126886262880556,0.1528364770576244,0.10769112146023356,0.06181846746444999,0.04554762996335469
0.1767163182800793,0.04690837115924592,0.0593525897775015,0.19817865582756977,0.32155632625801456,0.011221282351224512,0.10918703550036535,0.023200822248071296,0.05367859859792773
0.1432623032999293,0.07496802184424582,0.09434426633075955,0.17004890461075658,0.05376811289812689,0.10200425192242213,0.09891730670903864,0.17676472534120427,0.08592210704351688
0.052594279332446064,0.01333211281216487,0.030328768351214796,0.15708605738171486,0.014916285414295091,0.03212261600520794,0.10650335170789682,0.004434533592080319,0.5886819954029793
0.12169050369867351,0.05494562257624663,0.055485350473961616,0.13588862969498453,0.04341518210198678,0.2990097037341906,0.04670454611141255,0.0743694457730532,0.16849101583549056
0.031945502257042936,0.2267893872352941,0.052378643251243244,0.16854454989202414,0.2973069673193251,0.023324645022615834,0.14422720881889362,0.005770465714531148,0.04971263048902991
0.12731708512489157,0.22375490187863312,0.0534503796581249,0.14676236739794574,0.184343804973345,0.09870015179948338,0.023276310878356965,0.10870750075304009,0.033687497536179334
0.06527312104084164,0.17482559753683516,0.03193308626236905,0.14839612282522305,0.32366146654260636,0.04842187461613537,0.16329706813235056,0.011488289845739708,0.03270337319789913
0.029575509057934338,0.16578595901915746,0.06700916410459926,0.2881586390536044,0.2814694844279058,0.006268697938424011,0.007864366829570134,0.1259351092342352,0.027933070334569366
0.15809860135743956,0.18022192043299556,0.05824983365577766,0.08091036176294539,0.06404144002823803,0.12566249592182166,0.11452064702493142,0.15372136658353022,0.06457333323232055
0.1507505298623584,0.21509243634029174,0.04343460054307879,0.15637596693840203,0.1684979428478882,0.06645611956422771,0.10971463620074869,0.04793974458042397,0.04173802312258051
0.052166734588478376,0.05079090387516696,0.033802185600524844,0.24492621332150297,0.04673539164494379,0.2173491236397016,0.05368635294158991,0.0062822486801089985,0.2942608457079825
0.09608177608087354,0.08491434559841589,0.04454640912052198,0.05083442122938317,0.0510962707230549,0.286263761672267,0.193630586485016,0.09407472845144238,0.09855770063902514
0.03133433961502261,0.12512081155455387,0.022400162728733505,0.19527744649207424,0.299967014483197,0.0031515041291448735,0.2791503790850279,0.00554300978072129,0.038055332131524726
0.019119553135478758,0.13514298020363638,0.12472988895988167,0.24571166778217038,0.26656462819234644,0.0011986680554782762,0.006715946306454546,0.1666787689897962,0.034137898374757315
0.08833282650012238,0.23847829315475835,0.06403204604994545,0.17452865010780727,0.07679441443594909,0.026967978227333735,0.033735809082198455,0.2611732501935467,0.03595673224833856
0.1451096397191213,0.1210777763726927,0.03698506133063698,0.10115464887863264,0.041855322040969034,0.27078839447288044,0.06765329849073386,0.07247490748132657,0.14290095121300642
0.053688553888482204,0.17703342626509685,0.059992114729857195,0.21219489300522454,0.36319117514307037,0.0381651974759207,0.03787191629991742,0.03365806488177398,0.024204658310656674
0.11209293199759003,0.10934037432788181,0.03599494168774959,0.015270245277232844,0.047374684323786366,0.25496807358629675,0.04083220232157492,0.0665088840752754,0.31761766240261224
0.09248173820064431,0.23013809374375116,0.09368694815610477,0.06545692702005611,0.17615110937537468,0.16647551685011325,0.04783113981755999,0.05193659186937464,0.0758419349670211
0.12218563662717012,0.2061953971339515,0.0651721706962164,0.09692199285538033,0.08184346007088099,0.14740046011683142,0.039787646164508104,0.13294532692149572,0.10754790941356544
0.0631690948479994,0.18784707498818287,0.08566680050848018,0.13560850863697127,0.3031955546577882,0.026707220280805785,0.05199775392435039,0.1035028344779864,0.04230515767743556
0.141019138235726,0.22811154929918373,0.05064171134919384,0.10629677250440157,0.07172682661238962,0.12299578943225146,0.18527706660018392,0.043268306927760514,0.05066283903890942
0.08333510455752229,0.286032145282513,0.07174738119607736,0.19424895235654746,0.04986410959556079,0.07013720290925865,0.06796316015425248,0.13831908975628268,0.038352854191985274
0.09540218077487567,0.08608703331274055,0.035138863589713125,0.35906916621959617,0.08699391521511422,0.140312149471056,0.0697572000820202,0.07317580861736596,0.054063682717518186
0.2104505309842771,0.07842820997114379,0.04449219548894415,0.24773978974319902,0.04910027245068396,0.05861852263132858,0.11034805576167765,0.06369427330850715,0.13712814966023865
0.11187619751204125,0.12385637574967134,0.03443626889887213,0.2711437738763853,0.14293157845074556,0.04563573129362144,0.08473643204006981,0.1294279472620571,0.055955694916536104
0.09625519745343432,0.12961603517801767,0.03270276682734055,0.10699536823487549,0.04519639001126504,0.2723053144677741,0.025244811658470718,0.056822038245649874,0.23486207792317212
0.06788248527813379,0.07795117042064308,0.049039370372272066,0.136613141580507,0.020341152617447317,0.162372360584175,0.027647012408277754,0.41912663018598123,0.03902667655256283
0.18869765068635605,0.22271123449128202,0.05508131907083719,0.03905909411725612,0.04977291218355634,0.11279812002887558,0.06889234723278938,0.2023997151970709,0.060587606991976455
0.02317617387605429,0.12792065792477078,0.14652207226725342,0.22709142306901964,0.2190595267556018,0.0028227835213554386,0.0026591899751742913,0.2249079397274688,0.0258402328833016
0.083647437698382,0.13601876593653203,0.03949138826363163,0.33466325123239277,0.05440407622038065,0.019429306854839443,0.2379943948461751,0.016339208073084005,0.07801217087458237
0.015778895507932312,0.13575071825984156,0.09458456709963133,0.26903181687453226,0.25928107297469594,0.0015627159739182793,0.005285233941554906,0.11723352764770911,0.10149145172018427
0.21270048824283275,0.12165220836753025,0.05959957942369415,0.0636850827073542,0.1415247354750336,0.11774372343400302,0.17511795052479776,0.06245708150400236,0.04551915032075184
0.01914770454872008,0.18813964466381558,0.04704695184232335,0.3360618956239192,0.2626891428726288,0.01054583802799607,0.011529433247255172,0.09870985021948543,0.02612953895385633
0.04984021473176195,0.041998172100493225,0.6458177714998138,0.0380858310818882,0.021507145781608842,0.050167823661233034,0.03808975996006713,0.026671817061431374,0.0878214641217026
0.09576797312347735,0.07930010759891865,0.04468356468544422,0.26744241051538015,0.018312095632976703,0.15391365711463156,0.1184507680349232,0.027718445880128673,0.19441097741411942
0.05932095537646948,0.19156439614913648,0.08764065083472734,0.24237238061761288,0.1210911632539075,0.020507114228023274,0.06256733654938437,0.1535563717726399,0.06137963121809883
0.016224599383331303,0.12741423910054642,0.03242984285617275,0.15688491862610973,0.42840081133005653,0.017579668961167184,0.19191028764627416,0.002393305130575935,0.026762326965765946
0.07167258810419486,0.013813355106682789,0.016224223292285758,0.030565394448400163,0.10728555645023889,0.25183856168531327,0.05963824489503492,0.36977995320868695,0.07918212280916252
0.08880528546132255,0.1580686424444541,0.3655045791675655,0.0470991422854366,0.07396667372994871,0.04881134772525494,0.04780784196276816,0.10659315519914962,0.06334333202409977
0.24177277605192235,0.11992483257338094,0.04435695167544107,0.10166997735110224,0.08200038608419162,0.051839189968304576,0.07739053466624653,0.2049700736755894,0.07607527795382125
0.05020822298338309,0.06136917733663277,0.03218910965571268,0.5528994569577805,0.09751188048841836,0.08928227922769245,0.014665414258832561,0.03255219207421194,0.06932226701733563
0.2587382203952939,0.10765742401257435,0.061784679210243665,0.08569897120807775,0.043311287539928134,0.11346377513930295,0.13068296249214142,0.1205842315156878,0.07807844848674995
0.054021787118175534,0.10763073500046717,0.09513804021694028,0.137353108761297,0.27232449315767787,0.035310861701446046,0.053076897283407094,0.1751598415407749,0.06998423521981403
0.05946720997291197,0.034548210082329715,0.04690116551303722,0.1326229971368145,0.0329614362246439,0.034869194086932495,0.5706880593048101,0.03448300924374756,0.05345871843477251
0.1101430256404638,0.21330269428411544,0.07379314926874417,0.06657958929488832,0.12370440178101409,0.14714313896187026,0.02345744403200377,0.1659545876461555,0.07592196909074465
0.037094334048504644,0.13715073985043627,0.07274831529955421,0.3104076320869163,0.12638934150130227,0.006800533837254385,0.012072880726299128,0.2594823674858872,0.037853855163845616
0.09507526418996536,0.10520811458746492,0.027424483704307636,0.08632250924349107,0.0347010133391981,0.31683240503554333,0.043401300560136864,0.09412711011753207,0.19690779922236065
0.033450584247233774,0.04390839239287527,0.0866691859137244,0.013579746944790437,0.10151261206585371,0.44176198956548385,0.02460414892638101,0.018920718409904603,0.23559262153375293
0.08974805840535714,0.14472446864569483,0.03127051720256254,0.05989243786642235,0.03962839765880853,0.23199578595593026,0.06662729014194445,0.13973916888328564,0.19637387523999428
0.10944922237667697,0.0822953921896815,0.04964204780482296,0.07925600557448985,0.050475713105099664,0.20134220819091475,0.1116423887420111,0.22835173519118102,0.08754528682512214
0.11627574217830193,0.16657360821427344,0.07928360392565297,0.15486506320380133,0.057972221266307265,0.12473354909850563,0.04843604903453147,0.2012029911088439,0.05065717196978206
0.31152877535310414,0.031676722428806786,0.04175880992282946,0.19026817215502034,0.08177826947398856,0.02609735497489034,0.17492164790795942,0.0706201180546126,0.0713501297287883
0.0812943934450835,0.05139946483533484,0.036591807865718695,0.16152853970754652,0.034756449260232976,0.18024794657997675,0.04522414761395296,0.05166077567751113,0.35729647501464273
0.0698204840502014,0.0835942686462562,0.03544256471055154,0.10047778648574679,0.35552784957811495,0.08589976508285319,0.19466747204696108,0.03546436411871947,0.03910544528059546
0.14215832015940133,0.1363437017323519,0.07195405601377823,0.02611606717071964,0.42563222258868544,0.015361597081194153,0.007963713623969092,0.11338452236862401,0.0610857992612762
0.162194195312938,0.12010371773201868,0.03956142725701183,0.3274775476929454,0.05581437832193081,0.10699473256553639,0.0672975568422756,0.057734257246661626,0.06282218702868167
