0.07659733840816897,0.14982612154130917,0.1138089813183194,0.07204219370908264,0.08162690404366141,0.15878858615661726,0.10631003485177269,0.1666947323088043,0.07430510766226424
0.11598739358439092,0.16597724407934253,0.12962006155191103,0.06629350771999325,0.09676177371597738,0.14626356356577638,0.06303679678787899,0.1470455130200217,0.06901414597470774
0.08124750439047601,0.08714736224545187,0.13373878313456036,0.06642359237464435,0.11273791463114541,0.17551754202343825,0.100461117759604,0.16565166681132584,0.07707451662935395
0.06589709764978988,0.06230652489854658,0.1401942433932082,0.077980569256467,0.0714702126921367,0.3521424025938696,0.04742023381439755,0.09667656666025877,0.0859121490413256
0.10353810200559778,0.1656723335828296,0.09189344661785552,0.09118274309717127,0.07469657158898856,0.13532376854823372,0.06814793604520124,0.17222078059273763,0.09732431792138473
0.0853632385797638,0.09391723504785827,0.13380073816543073,0.06733622375892152,0.12386450700263825,0.18620300432995807,0.08042686728854093,0.1432298363763956,0.08585834945049285
0.09677667993899323,0.18389149932954532,0.16247252306869556,0.1070002140374511,0.10008589652713538,0.13873516248632264,0.042569133947874066,0.09799030104341884,0.07047858962056387
0.08038005009163018,0.08094502729076877,0.08896034663510703,0.07941305414603368,0.08686438253100158,0.2800100663408931,0.04664386633516817,0.1759548981397497,0.08082830848964775
0.08091904202482418,0.08158633427876476,0.1374012912659962,0.06542896889062383,0.08617754734278776,0.29014713426161487,0.050080048829569325,0.10947634132041624,0.0987832917854029
0.16256822427813708,0.07561014566736458,0.12275039251897972,0.06261508188888412,0.12671446037965176,0.13392100824458833,0.1100520622513443,0.10579526117488891,0.09997336359616123
0.07831518788255111,0.10463165574985665,0.13015177021066018,0.09023456993517137,0.11034531534890941,0.15406503716830017,0.06823490298727582,0.1907338514673356,0.07328770924993967
0.04882747812884553,0.04031029075895736,0.10881752182526856,0.08468550717571895,0.06578603758096814,0.13283786802803432,0.24566956545413254,0.17555986063070958,0.09750587041736507
0.13187020750148146,0.05634452145086421,0.13704611348921686,0.06199068814829319,0.15814226430245693,0.15023467022507875,0.09725536849211502,0.11273342531492632,0.09438274107556725
0.07725420125762632,0.05729385106615755,0.11911022528099396,0.08837012772748387,0.230322395135097,0.20430434917882026,0.05854940404893592,0.10008982131472614,0.06470562499015907
0.08576583131069133,0.1466624956169306,0.12825754521749838,0.07039883485474772,0.08982545541086225,0.17901166894604884,0.05553056083109925,0.1581693409083977,0.08637826690372398
0.14246224286249198,0.14262059568457353,0.101260313811534,0.053912498844069116,0.06586210951748499,0.2636786150100071,0.03333910740514363,0.13617504267261735,0.0606894741920783
0.1880396417949219,0.059340189755471485,0.12094093402608286,0.06937621273658014,0.08518579056983945,0.16152627746341428,0.0588458234392528,0.11160807465255707,0.14513705556187997
0.09803653900166047,0.11497563892308636,0.12202666895702895,0.08071296334405066,0.10242435018772166,0.22754374335942054,0.05914558501593422,0.09515987153662936,0.09997463967446786
0.07676585419118505,0.1249531209257254,0.13520030659046822,0.0791085795634187,0.08078725001374265,0.20816856160638975,0.07334678531306188,0.14321096177343431,0.0784585800225741
0.07711949836045427,0.07911304437768485,0.10880142421469356,0.07303768373251765,0.11810228095344677,0.1662132754310614,0.17604000457370986,0.12801082141540074,0.0735619669410309
0.1272160636261116,0.1359149200533751,0.08568570655017659,0.07195824668263111,0.08665220533153306,0.11720942279438906,0.046869946747589354,0.21754190372482465,0.11095158448936947
0.08999897292578962,0.10630940039080965,0.1203666235055741,0.06910087744726229,0.09123071153225108,0.1897075858542231,0.0917076462766218,0.15238643464533466,0.08919174742213366
0.08240336744304176,0.08839347301546374,0.10146243889351782,0.06607458335847928,0.08746633385687086,0.15985884565229952,0.0998434507501837,0.18826513342485598,0.1262323736052873
0.08723360563410576,0.15487516470374316,0.11457374180438044,0.08599157740078718,0.08511181085263936,0.18077475036695448,0.08085199357887886,0.15788576860952844,0.05270158704898232
0.15171838129320026,0.08448956546400505,0.10875666830430226,0.06078892074253501,0.0827442782752315,0.20010579702378703,0.0686292673806051,0.16891124168642024,0.07385587982991348
0.0743762302877966,0.06985452462100601,0.13746207749301728,0.09818544543952616,0.1394452333265199,0.14932121098066278,0.08412001249427582,0.17741615457902457,0.06981911077817099
0.06612577775702476,0.2660896285442359,0.11074133831214888,0.07544669131612085,0.08545359172563742,0.12315125578539958,0.05544346112165594,0.15484060169358052,0.0627076537441962
0.11436004340739782,0.08917764174569486,0.11592459239224907,0.05069783216829025,0.06610942716116722,0.2263995404927005,0.13794094450096958,0.1399241395030356,0.05946583862849516
0.08139157997702025,0.09829795809539431,0.1439059165802712,0.07838053505951066,0.08537516860748656,0.17943984269056348,0.07771685931123534,0.11015160749606238,0.14534053218245588
0.07051889211443363,0.05271700929187803,0.11398506463502138,0.057582554909448226,0.07520206340096179,0.18373434997895513,0.1225655136415792,0.07995201374001562,0.24374253828770695
0.1660631618387304,0.08970911612807723,0.1308667933865351,0.06537455589809349,0.0874900191445776,0.18494930930913092,0.05134715163765343,0.1394822571031135,0.0847176355540884
0.07407779613007541,0.10472831642313231,0.13547616000693344,0.06872317228309356,0.13813827955600372,0.2131448542061619,0.03933568719926645,0.1565506229206424,0.06982511127469089
0.10832974040940208,0.058182554560742665,0.11727925305309805,0.07316164871729326,0.0750444675782299,0.13223530783726126,0.08459655903733125,0.18115171193723908,0.17001875686940246
0.09036096461421746,0.10634410572554542,0.12769070521230116,0.07423667395813448,0.0950328395897926,0.1909147355826387,0.05836967140211267,0.16558178858034453,0.09146851533491292
0.16038524225629783,0.11105642263582517,0.11398706578066431,0.07002899700804328,0.08223173097505965,0.15529990841869964,0.07312603717992414,0.15929765033073476,0.07458694541475128
0.07832891216780723,0.17746252629251844,0.08740527072052384,0.0672497772638595,0.08349817974727991,0.15905864119854474,0.04039608583247537,0.17359828572845382,0.13300232104853715
0.07928023942265429,0.08705252323957301,0.11522182940823407,0.0889516323338463,0.0860289226277577,0.17148941561426148,0.1202364118331639,0.17220915992432392,0.07952986559618531
0.09380272596794642,0.11619735313636276,0.13509684704595046,0.07051831261916637,0.092349195360445,0.20795023807174184,0.059639394181562076,0.12842969509213117,0.09601623852469393
0.09228275692851347,0.10741220991112792,0.1443580043102336,0.0710483888406958,0.09305911346002337,0.19119674437798206,0.05796235042587194,0.15162445182281428,0.09105597992273758
0.13397599055750772,0.08007847467607769,0.09454718001890318,0.06531120195627942,0.13510010936390854,0.12248216914147304,0.05066761657264903,0.21649740695900113,0.10133985075420027
0.08228083766418602,0.0963655654963093,0.12145368663960009,0.16109602467519957,0.09415043312731253,0.16595414366445416,0.054167216671257123,0.10523542811234438,0.11929666394933684
0.08157793781790586,0.09124387300260406,0.1383558742936779,0.10274783830221061,0.08558310972871302,0.17612759903233324,0.05139138905980653,0.15498701830184436,0.11798536046090431
0.07612505557058014,0.16185821874230377,0.12287933024685034,0.08812591149742262,0.12314652023706722,0.14658781339207255,0.07788587918808032,0.1324125934767406,0.07097867764888238
0.07408628841998222,0.08264022425395941,0.11045882106310767,0.059549488362035864,0.12230974208156907,0.1662028162793868,0.1613731932799812,0.1487536213656243,0.07462580489435344
0.07823261329193275,0.1881779236839883,0.12830141647868584,0.0721109426988759,0.1096322504780438,0.1596459051290647,0.04812156434632581,0.14011707052063296,0.07566031337244988
0.07973717590447209,0.08249768451145414,0.09652946120036088,0.06728821911422424,0.08482520388439584,0.2834976137234117,0.0494873722456996,0.15543315286917808,0.10070411654680334
0.06172344563787079,0.053369827871837035,0.1373147498794722,0.07894975991030714,0.08619818082545583,0.19936220855380274,0.11700999316341926,0.1857479779721292,0.0803238561857058
0.0696174756398239,0.07621668389671404,0.14641748658209333,0.07983989131109036,0.13626549000977084,0.14889672721267652,0.07795108923492326,0.10509634430930088,0.1596988118036068
0.07528627743667733,0.21551564914934976,0.13489455624051427,0.06327866145809141,0.07948087275132902,0.16593095276068534,0.08774413833522876,0.09882871227317512,0.07904017959494901
0.08465824377674959,0.1007298218572049,0.10975628060137467,0.0673955725311875,0.08779741968595578,0.1859851838837714,0.09061255798933883,0.14647116924265083,0.12659375043176643
0.12398031391073867,0.12555556729137735,0.13958648680248628,0.09259540685534036,0.08962945713656661,0.17780710885462495,0.08156046680951601,0.08772748518209601,0.08155770715725365
0.11722671311880932,0.19469694793840717,0.07314980025310609,0.07435469075698471,0.08809521354145533,0.1536738833586472,0.06919722010439032,0.14942106270932856,0.08018446821887136
0.05916381404543223,0.1333171811780847,0.10577956486567963,0.11569021676508684,0.07958981895718414,0.19487401299415286,0.05002285150613404,0.18169952081485044,0.07986301887339513
0.14209949652798248,0.07975438786119769,0.12135763360576628,0.0671547102080731,0.10396694135277217,0.17575868290264804,0.04634413961770112,0.11435917712883299,0.1492048307950261
0.12053701113160198,0.15269445782626365,0.11109295472439207,0.05674129106198724,0.07323356783338575,0.22537787328670497,0.05007991584436831,0.14252370040003712,0.06771922789125906
0.07597524070308716,0.0660454196368977,0.12057846576537236,0.06443684166666014,0.08148017321512453,0.15374760249040068,0.07036873890821614,0.16115756837717027,0.20620994923707103
0.06221005609976694,0.049122654902521434,0.11668020639442607,0.05154311035412392,0.06635481694307621,0.12736149356823176,0.14083235782329617,0.14163451678271635,0.24426078713184116
0.16121857905748918,0.09438230524987408,0.09458980177304921,0.07292793151870569,0.09022572824624726,0.19186543490352778,0.0532430453440775,0.15111609388448752,0.09043108002254181
0.12678585877849055,0.07843224911320784,0.09558039297464747,0.09875403555285327,0.08056511144108205,0.1633468013367336,0.10850162930278269,0.17283764773053487,0.07519627376966768
0.08127173627144561,0.12057987297061194,0.10875248950738793,0.09442516560422336,0.08213435876523047,0.13057212662639409,0.15482431283001238,0.12391776842393055,0.10352216900076372
0.14786862413531723,0.12138472021152442,0.1395056814192256,0.06108840000148439,0.08046053757614809,0.19996161216139344,0.04722877804725728,0.12867121943470536,0.07383042701294416
0.14583216542149421,0.13632606547125387,0.12979396803895238,0.06419073401411952,0.08303366384976553,0.1781570302394763,0.049563750805875495,0.13119131854920413,0.08191130360985853
0.10189586840529034,0.1147918220098161,0.12129840101374545,0.07330292560048177,0.1047379599585914,0.18436231598763206,0.0996619764445017,0.11190558380972111,0.08804314677022007
0.08607954348888869,0.06513165131944393,0.1274791270530099,0.0683061181318022,0.11203521252140924,0.22388258881438575,0.14849934067405937,0.09226524236232221,0.07632117563467866
0.06622595624755222,0.07920301010271019,0.07631905531780898,0.06602044039827841,0.07306713200709106,0.19673420760907245,0.1518912682779984,0.1845038656499803,0.10603506438950795
0.08868967830579004,0.11660040331423077,0.1516460463019628,0.08589230143904196,0.09257823054399152,0.20426372587378624,0.05879432022005036,0.10703777075181513,0.09449752324933113
0.08100296043958062,0.0877470980514089,0.12380978422931684,0.06835166309854995,0.08616299346712808,0.2609084585245693,0.05468402713626256,0.15537070336642805,0.08196231168675566
0.08097077399682177,0.0887384521982431,0.13441872586748915,0.0791380105790934,0.10836845632237603,0.1835265869635244,0.08159621539954566,0.11543952062630314,0.12780325804660328
0.08182504075204176,0.10055911218915048,0.13851742068588974,0.09286756988435217,0.0869301382524154,0.18976212789422572,0.12395692424966763,0.10266671951652244,0.08291494657573471
0.0974198089042767,0.06692262254309878,0.11466711314754822,0.0661009710253612,0.10709694648769698,0.19115559684516834,0.09834890208927916,0.07646183036965458,0.181826208587916
0.08312703550251475,0.09378879675524382,0.14508053255619155,0.10795737889142,0.08852624220558987,0.18073835097570357,0.0844469485197557,0.10681777459688674,0.109516939996694
0.0851683073529308,0.13767083711838454,0.11567654105974656,0.06876812957628352,0.125424584904418,0.17830609382427146,0.053291260059618976,0.15060193155278626,0.08509231455155992
0.08946149719078185,0.11071069968531157,0.13414646603101132,0.06681617549029223,0.08801185839091097,0.23607888277939026,0.054751035947817335,0.13070086963980843,0.08932251484467607
0.08006446221765356,0.07545695396350208,0.14719894509453404,0.06602243727745939,0.11521498192159763,0.17723327326594193,0.08206538732715461,0.05362132745317418,0.20312223147898253
0.09839227835736238,0.1774577240281535,0.13479561113792052,0.08140575218798148,0.07291175794007378,0.17668288505353488,0.05240190591127473,0.14495790174365283,0.060994183640045906
0.08294215684797727,0.08893029672557483,0.11537723788310739,0.0908453160165385,0.12604645806534667,0.1721232797524416,0.05235500179411484,0.16438363535193565,0.1069966175629633
0.0914820255381395,0.10829972541192336,0.14400378518514498,0.07096704960259709,0.09292649557293081,0.19225494612391145,0.058298313707311124,0.1508123948862914,0.09095526397175036
0.08762165977147314,0.10545037521983595,0.10658607276290573,0.08243281400786645,0.0913497332723302,0.18893303961891939,0.08790675141605377,0.1616444123032433,0.08807514162737203
0.07933660559446117,0.07855032125953067,0.1411332101920246,0.0631092121941578,0.0833292963446725,0.15185539985297142,0.04188320175829637,0.1787996604409502,0.1820030923629353
0.14503523546702046,0.11880723708829373,0.09666291068174433,0.0955949002290411,0.07897159390051949,0.11748811252774914,0.17165819304722965,0.12501051047347433,0.05077130658492767
0.08088950659214457,0.08150492261395832,0.13742247402249017,0.0654146066437261,0.08615692053392016,0.2903336689805729,0.05005465677934778,0.1094361693880375,0.09878707444580252
0.08785651617455255,0.19094852669471296,0.12571198722969615,0.07726601433524542,0.09267885924875051,0.16468484033079966,0.10652178069673114,0.07685829033477037,0.07747318495474124
0.07393284290404532,0.0738704801146828,0.11607678381408408,0.0712956837332482,0.0790388247241069,0.3284829505449895,0.06395502868987463,0.12042206811334792,0.07292533736162077
0.11662333255707141,0.23560454246806076,0.13978439955906674,0.06964758301431033,0.07437915782902726,0.1327928484194541,0.03843172370671616,0.0969212809343835,0.09581513151190979
0.07038835818213812,0.07391114849972635,0.07284748804952114,0.20765513979676478,0.093986183343572,0.12764166000044963,0.035154655035093026,0.17153264762042775,0.14688271947230722
0.08309021851428491,0.08171908736802773,0.15481639066116304,0.09081615919528853,0.08987161700164843,0.1723619062405858,0.1316934545241496,0.11669608422571709,0.07893508226913483
0.09267359197468554,0.08985696919518721,0.1428943440699877,0.06607267574309511,0.0942667949620855,0.25979964716050014,0.07838839939071984,0.06616285045335246,0.10988472705038656
0.08970040375979023,0.09742707601017923,0.12870681303846881,0.07387660582098572,0.09434364227825405,0.17819081717246776,0.11308533966281252,0.1365918617450859,0.08807744051195575
0.07482011408260031,0.0817409530650897,0.15659416935250906,0.08826888818511593,0.08239244239392557,0.2370709167259384,0.09639505036476965,0.10649546986868123,0.07622199596137007
0.07249338320502256,0.14166860258693165,0.13197378501903181,0.07172099731775257,0.07749193090106977,0.16612815447694712,0.12006918489359227,0.14201257420594782,0.07644138739370449
0.2015975987251174,0.07669694324820417,0.1284312602010138,0.06261569670133131,0.0851927473730455,0.17188991250514007,0.04702156086552489,0.1476460943524015,0.07890818602822135
0.1306795829418703,0.08463681444973499,0.11078602711857721,0.08911781512175425,0.07778568436602616,0.16391904719037168,0.11572424794465874,0.15305761630591233,0.07429316456109437
0.06989428452404157,0.17826372762550446,0.12660164032652885,0.07262442671939759,0.1387443193818635,0.13243113984278795,0.041155938183551115,0.15585549243377209,0.08442903096255289
0.0918910873591381,0.10047645724091764,0.13978162209698097,0.08548777946672324,0.13769256653437126,0.19748532356184303,0.05707513500907172,0.10061416392151974,0.08949586480943428
0.056241393147549425,0.10056950472744118,0.07844948394153974,0.10396979177320483,0.0599440157255523,0.09435180744498524,0.11692995757043652,0.1673269717504738,0.22221707391881695
0.07106487066131459,0.18129007655555127,0.13176304057916957,0.09116626109980053,0.07602617780439909,0.16161818959101634,0.0708148680355759,0.1423177701969813,0.07393874547619134
0.1209973543592429,0.05891333647533158,0.13099504538209816,0.05972541940119591,0.07465691712083859,0.3372155480666125,0.04479617313913076,0.10345721759190217,0.06924298846364745
0.08438081393840367,0.09896986057529937,0.13521109183456853,0.0655775573792684,0.08557600604161399,0.18382375195369616,0.05128790072856002,0.13468757368252507,0.16048544386606475
0.13265886058672147,0.07619640998876948,0.12130436930384227,0.0637767698340129,0.08098775651368932,0.16930079635385886,0.0441333935904479,0.14020505464609492,0.17143658918256288
0.08870743486699996,0.10957388641889028,0.14056671825551262,0.08253087027728523,0.09048147388328664,0.19784510357978072,0.05380356007001106,0.14667046710018708,0.08982048554804638
0.17115647282622568,0.0898545030445926,0.1289695773507997,0.06616198045834272,0.0866602866630173,0.18698523580090784,0.05392552549292978,0.1302024228080703,0.08608399555511408
0.07910214541502479,0.19082054760824096,0.12747201700750813,0.06283731932580734,0.11120501663482106,0.1660096603437015,0.051208751413535064,0.1324447919441538,0.07889975030720735
0.06804833248671043,0.058802898057612046,0.10399099931781418,0.059810200892205644,0.09323187591757888,0.3269990828232939,0.03888918287312552,0.14638904101772177,0.1038383866139377
0.14638947145142428,0.08318407921127582,0.1366438520040091,0.08458438539244391,0.08207037776676414,0.1697727598454751,0.069528800036527,0.14895463250903954,0.07887164178304103
0.1753321251596445,0.0901022627203314,0.14028801176210218,0.07651887402622459,0.08274041351624427,0.17334924622012618,0.07507478990305967,0.10699243510583457,0.07960184158643263
0.07591898225020331,0.09409687480337546,0.09867602537630478,0.09658944888717269,0.08474968315095906,0.17691345910578923,0.11842725887051604,0.17350979505947947,0.08111847249619993
0.08383093225068355,0.09914504391486,0.10943637221383096,0.09895418391093229,0.08831473962360142,0.17376770406214462,0.09174473130634808,0.17307585432154457,0.08173043839605455
0.14352596803427023,0.07933671716820487,0.14501752373121482,0.08574486981360553,0.11351429516998192,0.1622404563556862,0.04782729995603117,0.12147433527530334,0.10131853449570183
0.1183159381152436,0.07064965717962403,0.12230081566012935,0.06332680417900703,0.1056940065787001,0.22693645030681234,0.06540986777886491,0.15106389297813297,0.07630256722348565
0.08080975420312614,0.1305083965923873,0.1186703903513459,0.06869173909611602,0.11008468884778348,0.17846890216591674,0.07558436611894258,0.15325153162594363,0.08393023099843827
0.08583856231529223,0.08854738283210378,0.14324431292097903,0.10941569464844912,0.1329029278096861,0.19005794020316044,0.05663647317679457,0.10774172307752261,0.08561498301601216
0.15922041473868276,0.06774453541947469,0.14192992211270553,0.09952895711370846,0.06774309131314503,0.18568592901480518,0.06668244326568992,0.1559869205252988,0.05547778649648969
0.08607929465735442,0.13613908234037586,0.14983018458908964,0.07325795698850278,0.08775994852507757,0.17806763713880044,0.053752078454882425,0.15061145614803692,0.0845023611578798
0.07510224566139273,0.08951163630082375,0.13816933760061068,0.07289476214328426,0.08051498096176112,0.20856270430708043,0.09992508651192182,0.16013850630549525,0.07518074020762992
0.07882042739075579,0.07712778047326761,0.1090471434268619,0.06918320285732578,0.08505375975909375,0.23890065223367465,0.04551539955876554,0.17721048720108426,0.11914114709917073
0.07621822590126338,0.108225461048579,0.1267670400165015,0.08783883149527118,0.08317639156849416,0.2280263592938979,0.06566659995029227,0.1287549097038789,0.09532618102182176
0.09297270450094747,0.11587322074132467,0.10966754133873326,0.07523303822011386,0.09520726770480976,0.20629009555014674,0.060395874461194266,0.14698087684837172,0.09737938063435835
0.1275505051330207,0.06768748694212075,0.1218717346750492,0.06880533347103225,0.08261203708548413,0.21775874291168096,0.060601349198185696,0.18191147239135919,0.07120133819206713
0.06458862113242834,0.07271167693311459,0.10806855717284107,0.14276032724659507,0.12191777956970823,0.0950236554419635,0.05660455444313228,0.25359597825831265,0.0847288498019042
0.05457751775041209,0.1669968109264837,0.11864456096134018,0.05020091963460064,0.10633887964430255,0.19799008215337052,0.08818035440900955,0.1494460313329459,0.06762484318753494
0.08462855958832387,0.10498610574963237,0.1257875366221444,0.07950192457942017,0.08814345201959438,0.19080700061527175,0.08969494616188856,0.14916039953754764,0.08729007512617692
0.15116694413904455,0.08655175667001709,0.13914430134495293,0.08839080152178498,0.08229423828520893,0.17706445011737412,0.0465310600916797,0.14816410326135432,0.08069234456858337
0.06661672784946067,0.1363739724273467,0.08070924199076517,0.131324633872315,0.07068392852758372,0.2236317012489291,0.03160507709051213,0.18305264609222793,0.07600207090085964
0.07537456112768011,0.09089897794598788,0.1499449601371964,0.062390122643006383,0.08196142449283793,0.16764314884183404,0.12033279488480987,0.12867942530359386,0.12277458462305361
0.08670054718096294,0.11332485234629935,0.12848489502364843,0.07384955389856314,0.09230719404929054,0.2018315941451614,0.09879227898533705,0.11136910286155331,0.09333998150918388
0.08216649870647798,0.08535605854368104,0.11808568751181059,0.07954693302930234,0.12653748867009262,0.17159380089841303,0.07745810645884697,0.17774085448478896,0.08151457169658648
0.08182807581069729,0.09211281405216172,0.14663255224755334,0.07881120201475439,0.08876850761278161,0.2683850581773538,0.08374604090669167,0.07998602008217365,0.07972972909583259
0.07761892996577222,0.08139965781191492,0.12841958415910346,0.0832793771906674,0.08065822681003576,0.28471865567774945,0.05158729333838311,0.13427628931066304,0.07804198573571063
0.06846195810446631,0.1648417934675897,0.1122748356402909,0.10497695683450392,0.0892614433960811,0.19401404745374795,0.03963569519291965,0.1578140481723138,0.06871922173808671
0.06420091571416257,0.09147784403274184,0.13586483109777525,0.054764613047915744,0.08985490632593073,0.2902026267814331,0.06711376594110026,0.14242614194273928,0.06409435511620122
0.07371591241748847,0.2241380479405032,0.13054767758310454,0.08683125433098877,0.07731361217693516,0.14984042384162352,0.04420092687601076,0.1401565930121145,0.07325555182123104
0.08594475888937303,0.16557369231330016,0.13405004903609122,0.06721504614856422,0.08646233384814232,0.19175691069905332,0.053277588494421636,0.1271814308410403,0.08853818973001393
0.1487559033878554,0.0956602515801943,0.17265326838998787,0.08543001051071597,0.10851133662925876,0.18223007578356784,0.05164071262144678,0.06971468990112603,0.0854037511958471
0.08015425575634487,0.11429358654297155,0.1400649275480411,0.07288169590696546,0.12213789359139092,0.16294183691963898,0.045901306613032794,0.16254878274347537,0.09907571437813899
0.06723564584001736,0.0604727635651209,0.1650757625410001,0.05771823204401357,0.1691546195984319,0.132396142994512,0.140407025411559,0.1440309621812762,0.06350884582406889
0.05758641178854882,0.049308982881996526,0.10748561323753321,0.15826978052175353,0.06046728930479217,0.1112988915741549,0.13065077542954182,0.18337172778714006,0.14156052747453907
0.1268148443972048,0.07840291286047474,0.0955488377444925,0.09877881085978234,0.08055302958860779,0.16330796136284478,0.10854755915026087,0.17286709207632422,0.07517895196000791
0.09380272596794642,0.11619735313636276,0.13509684704595046,0.07051831261916637,0.092349195360445,0.20795023807174184,0.059639394181562076,0.12842969509213117,0.09601623852469393
0.09380272596794642,0.11619735313636276,0.13509684704595046,0.07051831261916637,0.092349195360445,0.20795023807174184,0.059639394181562076,0.12842969509213117,0.09601623852469393
0.12295219113228904,0.0641943260448802,0.11896985538309701,0.0624562388287094,0.1085028152932674,0.21252545229474176,0.04674560656457202,0.17251496444450973,0.09113855001393345
0.0640497721371408,0.07183211256482301,0.13044266699057588,0.06240150481581987,0.08949513691162438,0.1717069662654442,0.032208044815915514,0.17174358915713364,0.20612020634152264
0.06549467771012128,0.0755088945356041,0.1317314448145074,0.0895795483544738,0.08593788600673709,0.23540621930271363,0.08034667978861275,0.17414694210737044,0.06184770737985951
0.05946330095891015,0.15012110779341956,0.14648770600087238,0.11112252278736694,0.075004147547322,0.1334408719117007,0.10892502897357446,0.13415192651722135,0.08128338750961249
0.07950055780143318,0.09461033010164499,0.12147771172313715,0.09633128229207259,0.08590696282009112,0.18563070263748796,0.05095746705032187,0.15634068820219535,0.12924429737161583
0.09526666280786532,0.11392900446097104,0.12363538631145991,0.0891357979600587,0.09945223804280375,0.21206149996792714,0.060056025021317516,0.11079680153290572,0.09566658389469089
0.08519237484552315,0.13183632114899643,0.11853633624041553,0.08380705272885731,0.09019193944674575,0.19446139812831761,0.054852776882730415,0.15051294742861995,0.09060885314979383
0.07311573555574478,0.07507626009604042,0.12302452136337909,0.06565423140921028,0.162199508629693,0.15719793121154044,0.11211139699404786,0.16112320303336064,0.07049721170698346
0.07862968732349072,0.08452043560913408,0.13125809456714818,0.06374205955927609,0.08145804399439559,0.2523484528685053,0.05016357011645237,0.13100524399514868,0.12687441196644889
0.09130156434874738,0.12385622814220865,0.14217029181426954,0.07027585276878384,0.09201949348996413,0.17359616310566142,0.05333946093987025,0.16618863135622677,0.08725231403426804
0.08923504413264671,0.1408974588031905,0.14695659963038618,0.09486616520159587,0.07372192098685326,0.17096791996473074,0.08092554892791651,0.12329321008757588,0.07913613226510442
0.07277803779075981,0.08453803266051862,0.08727604563379375,0.078210109306862,0.08067248945234355,0.1559047509249656,0.12421566626532671,0.19030754189807306,0.12609732606735688
0.08330810005531711,0.0661575129485028,0.10384891620170356,0.07548460099125255,0.2097556175397268,0.22789895619032516,0.04014362599393219,0.11434569741754264,0.07905697266169716
0.08820661499342682,0.11783985665969889,0.12615728552770114,0.07529027112120915,0.13909213145230387,0.1730852116868237,0.053987512098681044,0.13910175833201402,0.08723935812814132
0.0843544404200612,0.1003419925503417,0.145584375594162,0.09217786382294597,0.12070613043597804,0.18484595266922343,0.05144140614472678,0.11007205017911259,0.11047578818344829
0.14811022776850008,0.09521203457393966,0.15505144066820273,0.09569993160899627,0.08701312253108512,0.15716986740692726,0.04329825170517696,0.0815575294003968,0.13688759433677514
0.07264633195380565,0.07416803916162305,0.1277955786065497,0.06267992119531779,0.0783724747546274,0.16446636549361873,0.0791504732976393,0.15056334251455467,0.19015747302226363
0.08346477452063417,0.08958338769883788,0.12187469772874782,0.07773994772036352,0.08652521328712957,0.1736075885500515,0.050995461825475104,0.14984555722438372,0.16636337144437674
0.09029408011498824,0.11256210320846555,0.1281245794092405,0.06614880754781965,0.08884547023756552,0.19758396581781443,0.09472938376867569,0.13180222136502925,0.08990938853040109
0.067158789378102,0.20905183826066098,0.11261375635827187,0.0648706065521764,0.07218188169317892,0.12467570795382467,0.12411521777574724,0.1618189141742918,0.06351328785374605
0.08970002350310498,0.08494517148686605,0.10997587662367676,0.07300740937107315,0.19171941598057154,0.19020948992161435,0.05361894022683981,0.11901846620963423,0.08780520667661906
0.07048163785878996,0.07148831091971553,0.12509000579085028,0.06242530250121559,0.10324486098848999,0.2677213027354925,0.072873190305502,0.12110816333863589,0.10556722556130828
0.07817189752056253,0.12057671791809682,0.13054766929947748,0.09769897435785685,0.11790028041649718,0.16317574034612234,0.046210283549454584,0.16624634661987683,0.07947208997205536
0.09380272596794642,0.11619735313636276,0.13509684704595046,0.07051831261916637,0.092349195360445,0.20795023807174184,0.059639394181562076,0.12842969509213117,0.09601623852469393
0.08162164838073617,0.09151259678353674,0.12005751623560083,0.06513899426177445,0.0844043516883853,0.250753763491287,0.08358291947801973,0.1392220853962091,0.08370612428445072
0.1204237121093487,0.0677790101327178,0.09755431442778657,0.07533216208590456,0.10926952763053305,0.1620457310191185,0.10964722605771941,0.18258984053598934,0.07535847600088215
0.06342932027935388,0.24575513838677643,0.12515634170624354,0.08119607813808506,0.06732486068819997,0.16933070884341517,0.03371155858750675,0.15648682987650106,0.057609163493918265
0.08813593079775528,0.0979436334929838,0.14017661829448266,0.08121740165016494,0.08957540376636296,0.20768019613021357,0.051113154862119016,0.11138228774345582,0.1327753732624619
0.12274482421627858,0.23890825016288597,0.07752220695096249,0.06914925772434584,0.06584905381188468,0.1352169835133126,0.05013914407878389,0.13442124128082303,0.10604903826072283
0.09380272596794642,0.11619735313636276,0.13509684704595046,0.07051831261916637,0.092349195360445,0.20795023807174184,0.059639394181562076,0.12842969509213117,0.09601623852469393
0.10403034675781209,0.05597864313835003,0.10947914104662781,0.0570615553092065,0.07214557995305967,0.33352092857669097,0.05596534147607374,0.14725658679611844,0.06456187694606064
0.08560527138925023,0.10309158004900885,0.1382842675602136,0.07952422458706089,0.08890422153924542,0.19085110607794106,0.08147129079626945,0.14391741620302081,0.08835062179798973
0.07898577748202018,0.07326143044760133,0.12109166517139426,0.11606169741205302,0.11545923162315876,0.15782499657522656,0.04951828396366784,0.1695993743467772,0.11819754297810092
0.23050272510392497,0.05215655910237762,0.12735289653773682,0.06224527674679361,0.08737311875862275,0.22249989826278835,0.04610986071949493,0.09750235220770276,0.07425731256055824
0.08477659913078073,0.09282268283471834,0.17545105438136943,0.07436626917156174,0.126010589060562,0.18350905700245942,0.054554071827112194,0.0419388849943007,0.1665707915971355
0.08990218706090719,0.10563422513208921,0.13686061164869134,0.0916591462842951,0.091012769087131,0.19289478924627976,0.05621906820158449,0.14640517766996855,0.08941202566905337
0.1951962292197925,0.04607168068105607,0.08683038271111132,0.0684197779219791,0.07646490640577137,0.24031955001163793,0.05082484073423447,0.167924710542249,0.06794792177216824
0.07720030532788125,0.09070713305338278,0.10121461751655962,0.08146351510816387,0.08504224001140474,0.1801471215136072,0.08790558946643325,0.16605041424886763,0.13026906375369973
0.11365009465019908,0.09364024346253425,0.12654910762583604,0.05198806281383372,0.07273383037829993,0.26461620613598846,0.03258068681669951,0.16198171922598123,0.08226004889062788
0.08164460337445545,0.07780970721096563,0.1415765581863494,0.06556205557876615,0.08490346878676952,0.24284692784183107,0.04480700945224378,0.08336875550259189,0.17748091406602706
0.08010904079065152,0.10393641728671012,0.12796567553983562,0.07312775169467983,0.08354501156914872,0.18676668780906025,0.12252278029078267,0.13880291558471491,0.08322371943441637
0.07345026059436342,0.19770175365922135,0.13123872981676096,0.059530724175220345,0.07813921930664121,0.14576069323763544,0.08389751425275183,0.15962117426472777,0.07065993069267772
0.07360247217304618,0.06929600156104591,0.13261308660311852,0.0614474067462503,0.09809360247307537,0.28602931941920745,0.06678173812254747,0.13648343202915725,0.07565294087255155
0.08156725560501145,0.06664357737052955,0.12248023538626061,0.07385167941111871,0.08726245674311135,0.15800002358986606,0.0940189177353442,0.11686108546704814,0.19931476869170997
0.07148340353608779,0.09546297407578073,0.1365188916079872,0.06611964489792503,0.07666965990854374,0.222530132505205,0.09433149780271932,0.16789107482720858,0.06899272083854262
0.057015680271849056,0.07608811051794352,0.10822557299662088,0.2132744218641535,0.08810632422626273,0.10848766589438703,0.10996547238469796,0.1668856715206423,0.07195108032344301
0.07457765554503804,0.09265480515653042,0.12564493523666984,0.10109793233939095,0.07947642896449734,0.17039643224428447,0.134549537816552,0.1453886856298712,0.07621358706716581
0.09269474722112507,0.11134874451607886,0.1191820714884219,0.06773172741913082,0.09124958007106372,0.19452537523381494,0.09000294599602472,0.14275239861701317,0.09051240943732684
0.06998171895113663,0.0715205549553991,0.11882955510609443,0.05795616565865545,0.07376098563499547,0.253842227217629,0.04021765190972553,0.14435755940085007,0.16953358116551434
0.07921871636667775,0.09431838896737432,0.12993204532720284,0.06065510144762165,0.21785888635816023,0.1481645714590105,0.06346116387028501,0.11505051998740341,0.09134060621626439
0.09516574343705737,0.1185930452880782,0.15490277837509944,0.09051765466829621,0.09964388211744568,0.21142929940599767,0.06087325145025011,0.07246425645308441,0.09641008880469092
0.07044188189435552,0.08213935367614925,0.12921744254263492,0.05927292472601956,0.07407318106987999,0.25232250375933274,0.04230516365506429,0.12868546059220579,0.1615420880843579
0.07960975312883789,0.09531958320518204,0.15271945170773296,0.08028213993051957,0.1130003590946528,0.1853429387314128,0.05150299548347661,0.10979571285717203,0.13242706586101333
0.13397599055750772,0.08007847467607769,0.09454718001890318,0.06531120195627942,0.13510010936390854,0.12248216914147304,0.05066761657264903,0.21649740695900113,0.10133985075420027
0.06052249654160638,0.06378569792066677,0.12261936448986448,0.1260506180163428,0.06772540537446886,0.12361331722114277,0.19993001773780458,0.15444121307426642,0.08131186962383698
0.10052817573190076,0.1550532772423092,0.1461480200203413,0.07010257390014786,0.07434553524721435,0.20608256369439448,0.0355028632356152,0.11470681866138889,0.09753017226668788
0.1262176874740932,0.08623572557842447,0.11483394102407359,0.08090199909761461,0.0885919043799825,0.23932456962980528,0.04535754372573503,0.13473253026556908,0.08380409882470219
0.1181808486998523,0.07351484246939655,0.12135175006153337,0.06585648714485566,0.08431666070055009,0.30514520059925593,0.07463560500112361,0.07805108753373573,0.07894751778969676
0.07723498206071538,0.06257473493383753,0.0847234919243645,0.09122301302160252,0.0822034374778884,0.33710497835636594,0.03633624118655706,0.14026352040604265,0.08833560063262613
0.08269620674024523,0.08869110449170907,0.10835435138233528,0.08429906210407963,0.11564813478705616,0.1739747547524836,0.0695216758842719,0.15620369279974022,0.12061101705807886
0.0982832133330267,0.03876424193891905,0.13283338889835697,0.0556811394376777,0.21285248638937962,0.125061825281208,0.05880829954405995,0.18310245434927472,0.0946129508280973
0.07682142679873245,0.058070742040888725,0.12936540043341452,0.07439888760423354,0.10675536111137414,0.2409245529761774,0.08311996905253193,0.14043804621502246,0.09010561376762492
0.07903461194512469,0.06958443658936264,0.11217512208230741,0.07794649311978898,0.129014133650913,0.15297133301155139,0.10798203901963548,0.19348802819002708,0.07780380239128926
0.06948608284678925,0.13384767544854229,0.133488111969592,0.0876798895290416,0.07453190357627293,0.1691883030102422,0.09137616534464359,0.1762219080638002,0.06417996021107596
0.15053218328558962,0.12477193051719403,0.1253002507788002,0.05643668799495236,0.09826406082623558,0.14789417197801455,0.07075787841595577,0.15821382986590585,0.06782900633735205
0.08428419138821501,0.140609505364356,0.1442329309463143,0.09119955758424388,0.11334533007473335,0.1808280893817317,0.05466431390715074,0.10685680505994503,0.08397927629330999
0.08925603468804037,0.17154032968109292,0.14389030305403908,0.08402510288400748,0.09190246352811571,0.1841890877573432,0.05373617976325343,0.09502384350358417,0.08643665514052364
0.0774946925869279,0.1279183073882238,0.1249023255930296,0.08748117805058968,0.0841162371145159,0.17323050752582472,0.07191924094727138,0.17342469266159113,0.07951281813202586
0.1183159381152436,0.07064965717962403,0.12230081566012935,0.06332680417900703,0.1056940065787001,0.22693645030681234,0.06540986777886491,0.15106389297813297,0.07630256722348565
0.17935128991441449,0.08072268641213694,0.13205555766156135,0.07588172723804003,0.08395109068875768,0.17791029793702573,0.0500592929414469,0.13811297002921682,0.08195508717740006
0.15532457351716095,0.09832734830170804,0.12648488986236098,0.06430258238441017,0.07920283615696515,0.1505244243052539,0.1012330525238578,0.15368684106967764,0.07091345187860536
0.08955326485336425,0.11471042353754975,0.12544145141503935,0.08445477540115291,0.09405855098190918,0.19676740374331017,0.0831305808426032,0.1206965189150339,0.09118703031003733
0.07188274477313615,0.15914671812232742,0.04906783055563144,0.15865621374396238,0.12140110905698588,0.1729591065020982,0.04767201423297759,0.16285585904134814,0.056358403971532835
0.1710419112644245,0.08886369038180465,0.12720383933847743,0.06511200784078262,0.08969977388438131,0.1886481306601843,0.0924179195562092,0.09405624813190024,0.08295647894183578
0.08775216018848338,0.10428198115383998,0.12038461344531419,0.07024783416768297,0.09700185072711771,0.19927247736997303,0.14950853904429015,0.08627456777790517,0.08527597612539344
0.14243808091200638,0.08272052240250234,0.1465859131062444,0.06423981001478993,0.08162026002765042,0.17467163112700965,0.048988025599482066,0.13867361006258275,0.12006214674773213
0.07096344898024237,0.28784127840016394,0.0790564596733274,0.1074696535906823,0.06669164839103583,0.09935329376708772,0.09355073194829706,0.14008146768430588,0.05499201756485747
0.07426601080140376,0.0642807881165838,0.08960841582373259,0.06256929095739112,0.21195828702672728,0.15095812659200278,0.07402650476756871,0.17359011123271606,0.09874246468187381
0.07863797638435334,0.07956782291808716,0.09943277621628525,0.07421217812192961,0.11695544494287326,0.15735734453187827,0.0795468745369316,0.17314142626629878,0.14114815608136272
0.07417021675519428,0.07544158143712952,0.14191854639584567,0.06232525591217577,0.14992487202022753,0.26676276458668585,0.044226553408270364,0.10966725424481388,0.07556295523965702
0.13775196950960186,0.1274769030164104,0.13090721007369543,0.06253283347047804,0.0802669507780315,0.16959670528276247,0.04582716357127627,0.13374161997139042,0.11189864432635362
0.08878679005935385,0.09083280546852164,0.14608683576907502,0.10841272504121385,0.07386060160399856,0.2008450175632852,0.08513973142333896,0.1388216396799865,0.06721385339122643
0.09654571333347832,0.11637315774049317,0.1470579100566166,0.09199721114031058,0.10183150386298521,0.21238089510153535,0.062185616845025216,0.07545657675933488,0.09617141516022064
