0.11935522707958406,0.13211247505058263,0.12047761017664406,0.11978170224593043,0.06652050168196054,0.09174420824422719,0.10881593874937029,0.11550274468520927,0.12568959208649153
0.09849376534976147,0.09618574059883471,0.11298580120392608,0.09577183405779523,0.12791128887268324,0.12320000495794503,0.13139155909323455,0.1096935652182391,0.10436644064758056
0.12874677815543548,0.10858596859684366,0.08973494349548618,0.10238288414746415,0.11618173795384767,0.11534391974276563,0.12310551052700582,0.1095563503344315,0.10636190704672005
0.05915124697467733,0.20623438968344512,0.07690627063460885,0.1152642197347042,0.09655540652357582,0.10442106395113648,0.13744265033866518,0.09671368799681414,0.10731106416237285
0.08938544064523206,0.08393955613709551,0.16200953213557867,0.0871598717656137,0.14383761570062856,0.09891671050068367,0.11579028952132737,0.11313698423184461,0.10582399936199575
0.12258041102929512,0.086660995268383,0.11421564437006108,0.0923295434336943,0.12007038732338034,0.14368234700795057,0.10965702171772011,0.10263949769888676,0.10816415215062873
0.1069009521618749,0.11634070909276913,0.13140906327240623,0.11723053953986118,0.13691747940005572,0.09631489510462382,0.07706589384856935,0.10169419966662886,0.11612626791321086
0.08873693278677935,0.16362032978631694,0.07653439351827139,0.2190447890344435,0.01807541823522543,0.13382513458057002,0.05905939969380535,0.1067487485776621,0.1343548537869259
0.14003668848930373,0.10814484560323696,0.10269243950424968,0.0988585517738745,0.11139254408341291,0.12407434050148519,0.09757042587953614,0.101068112823398,0.11616205134150293
0.0951639188245572,0.14196410724796063,0.10018546283557163,0.13466587051391102,0.0752186797145235,0.10309286386802376,0.12020596505849536,0.11311864993385191,0.11638448200310503
0.128123341321809,0.13669353250133284,0.07907811199526492,0.11824568357698939,0.10926414598188004,0.09578867405567221,0.10906002929773191,0.11200988484831968,0.11173659642100002
0.10707569081591083,0.08665118719742287,0.1308394326741313,0.09612196783678582,0.11884508707382557,0.12563498404603196,0.11681381821441704,0.10816744677920687,0.10985038536226772
0.12997345477936564,0.0956381382096827,0.09284013866989914,0.09837028267793269,0.1288017024082725,0.11675122261127246,0.11827381930149979,0.10901250410737225,0.11033873723470289
0.1210809403383964,0.10833713562159104,0.13244906424336056,0.09862436434775168,0.07862871988628614,0.1326402964166321,0.10809391197877356,0.10749143943252264,0.11265412773468593
0.09537059405244985,0.12785424200454296,0.11117231836726181,0.11725963819874652,0.0868907211971486,0.10446534498331235,0.12579620562483018,0.11427753473837399,0.11691340083333367
0.10477852910880249,0.09035548515926584,0.12773042025100556,0.09594880764816677,0.11523965967802503,0.12775574796382044,0.12042256998156962,0.10845720244992596,0.10931157775941835
0.0708642481062218,0.149189467158058,0.08583080948355648,0.1786365964814153,0.10705876947910516,0.1477172689584422,0.05120417486956233,0.08777535374466716,0.12172331171897156
0.09480481297992126,0.10275659272248099,0.09371326399858167,0.13046705773356967,0.12802240016987623,0.1123428983066217,0.10785376772853339,0.11472953958694031,0.11530966677347476
0.10997128229971655,0.10337675044140687,0.1289757131898153,0.0957643762652094,0.09467719079230143,0.1413620512064893,0.1132321927521862,0.10768493757254056,0.10495550548033435
0.09836315764021765,0.09656699520136354,0.12774102580769267,0.09252955259077102,0.12271094521720831,0.11520605639488406,0.12762649047780017,0.11094329356012661,0.10831248310993592
0.11830785195341308,0.10540441948059447,0.0956063796433025,0.101476593583339,0.1092064445902375,0.1398269481476523,0.11990799825711339,0.10564905037041399,0.10461431397393378
0.09890144189964829,0.09727133129731862,0.14818978689545315,0.09611315559884308,0.12751134938666978,0.09773139649391666,0.11273951507624284,0.11278327847917537,0.10875874487273222
0.11855026582993004,0.09713908051140611,0.11988172591274837,0.10570623783894552,0.12374687783724374,0.10117893515437411,0.0952343170929637,0.10756045800692987,0.13100210181545854
0.11897333643337023,0.0737417947899374,0.15935616859101423,0.08525030069155258,0.12084449295844908,0.12909287093665578,0.09764409296432497,0.10040488615869604,0.11469205647599973
0.12964834829499747,0.09785043103395197,0.1146133209433418,0.09186582958983543,0.10500703937140243,0.13925204449275688,0.11017388480317097,0.10432300037949753,0.10726610109104551
0.1428630565876572,0.09158300946097815,0.11124066595004539,0.09540479870573414,0.1164466588386847,0.11077326461728791,0.09852286421730912,0.10677372007000298,0.1263919615523004
0.12067477148607753,0.10238900475691602,0.14721180548684262,0.08370931331332383,0.10755616549200712,0.10239098713935403,0.10460946495072741,0.1098404154963669,0.12161807187838451
0.09565036029182013,0.07874430304916358,0.12287077811616791,0.09092803189091365,0.15945903875518638,0.1122827341348246,0.1242302807714929,0.11179210462238087,0.10404236836804996
0.09628346909878661,0.0883671432232724,0.1116985308397259,0.10113720356372159,0.1373979143154667,0.12237093301062058,0.1296884971850559,0.11099526992892612,0.10206103883442415
0.12546735653528332,0.19536161142428665,0.07481611068694528,0.14471387984515402,0.057179738097736334,0.09594237072478327,0.10080137094888121,0.1084448919350785,0.09727266980185141
0.1015628401083827,0.10763692010443071,0.10774734415779297,0.10325810769363368,0.11298938052133033,0.1195883574629913,0.1292300312718451,0.11210317189634766,0.10588384678324551
0.10875264953236698,0.09161837121375516,0.09782868086019132,0.10791316528820681,0.1400173382613577,0.10581545204961477,0.11979497856483202,0.11420014230531329,0.11405922192436195
0.12372442385481619,0.1024671451402438,0.09134829695275794,0.10325989211508406,0.11871716049995844,0.13547143969582473,0.11369092036390278,0.10464736097974418,0.10667336039766788
0.10095684858818212,0.127454314714232,0.09813719979929336,0.11735220663937745,0.09101234773016294,0.11978776834573618,0.12573400608482618,0.11102903859106768,0.10853626950712199
0.08715191636712342,0.1921979995750754,0.06199308265166848,0.16665018388080166,0.06014940719639669,0.10512689386316325,0.11998355575379338,0.10430767198171041,0.10243928873026738
0.0986768613451751,0.09914513574069168,0.10871875035347141,0.10194066111022569,0.13271997909295918,0.11318896932817918,0.12966200375173312,0.1130189720194702,0.10292866725809442
0.09594267677925845,0.17240897678489395,0.07855887392992768,0.1617969702948615,0.0577279514552757,0.09737307611960899,0.11311361866490316,0.10985065032961157,0.11322720564165906
0.10183765185739801,0.17524563896754217,0.08573166854942554,0.13483498946415962,0.0679722341055976,0.10859462807054666,0.11607977951398381,0.10937822915026985,0.10032518032107675
0.07036130129606195,0.19734565919528882,0.05031084225899766,0.22063897821395914,0.0368750392216354,0.12217923980616767,0.09035617868670225,0.09799182857287465,0.11394093274831245
0.07929944033578591,0.1009206159777201,0.13028573937343463,0.09635157602535514,0.14456800045425883,0.12627694214971105,0.1152687836059112,0.11436172572071186,0.09266717635711136
0.12719679778479923,0.08831220252621376,0.12748722199358395,0.09325694986019016,0.12530501943679187,0.12191569448976691,0.09426002753836416,0.1014299190915184,0.12083616727877165
0.09399652427713019,0.1004577913024987,0.09338365071285516,0.11180292821628474,0.12927397504067326,0.12021405622684213,0.13700362146288833,0.11289365636238445,0.10097379639844302
0.11057882091345765,0.07663026632740219,0.12454191790841279,0.09278334659215805,0.1418554332465425,0.13111281431630328,0.10858506035926967,0.10539937823965806,0.10851296209679566
0.09548510045436094,0.1193774672288308,0.09793878182253928,0.09924018883555578,0.12975820150359116,0.1036935577388512,0.14212572817697058,0.11098534465984448,0.10139562957945576
0.11941002188367877,0.08990709911155782,0.10464154592532145,0.09904030996521375,0.1302686369564979,0.13053258200538265,0.11034069714231709,0.10572228913863681,0.11013681787139373
0.1057992635204749,0.13792268734440796,0.0924707083980822,0.1649378029193662,0.06906843004278912,0.0911700359577129,0.09996717024622793,0.11689548084854802,0.1217684207223907
0.08141829252510165,0.17290246570858434,0.047765417752487126,0.22300877104509664,0.04107534737527315,0.12362372717913746,0.08869189760249341,0.10774169807695039,0.11377238273487589
0.12006011640136831,0.0909182853649093,0.11287868078865243,0.0968739071161591,0.1116116905238239,0.14328075926183062,0.11362915667354447,0.10543450200069636,0.1053129018690155
0.13733227012122448,0.09459440495869409,0.12886089389699582,0.0958302619721191,0.12643844259364295,0.10326576495530189,0.08136803491458007,0.09817174530865173,0.13413818127878988
0.09895211736508878,0.11364765633780068,0.12455227152450149,0.08646091727139482,0.13506171473273126,0.09184192166584697,0.12832870802920057,0.11537943938965212,0.10577525368378332
0.11742020458641357,0.08981784656946484,0.09576138610686713,0.10077183331366764,0.13115475260471435,0.1395553551989238,0.1157602522723253,0.10534896982443098,0.10440939952319238
0.12328628998514546,0.083789407600796,0.1732046415098073,0.08315159173174962,0.09177494783493952,0.13349968782220292,0.09433970672300274,0.09924239637227367,0.11771133042008274
0.12520184187687367,0.11537944293975629,0.09550202949444098,0.10181272702698486,0.09790793933154225,0.137523275398184,0.11728301980877942,0.10478395148350815,0.10460577263993039
0.08847547207013932,0.11142365392030174,0.10962404092328204,0.0925482974376619,0.13922066148100834,0.10083384447329112,0.13857345788865852,0.1159239156760508,0.1033766561296063
0.10212951000719535,0.0990533973813772,0.13270728247110994,0.10559018602318805,0.13221869905967737,0.10792909625529636,0.0905630995086381,0.10788333978703217,0.12192538950648552
0.12952171404217536,0.10876758301735796,0.08506492465977354,0.10790708317935328,0.12485845054069751,0.12349176510620308,0.10607527821421171,0.10573811108493114,0.10857509015529636
0.11533853794407982,0.09044461591382778,0.10758749496750608,0.09788225982386904,0.12112977381920625,0.1395508813623212,0.11644703241358724,0.10566970415531651,0.105949699600286
0.10375511311766067,0.10378051176728675,0.11816436370555894,0.1286544612458973,0.12530604945706794,0.1090226162411873,0.07478335629547488,0.10048759772380501,0.13604593044606114
0.09238201538246484,0.10777826876647988,0.10753286462661386,0.10939984832041726,0.1293635541122596,0.11425092395367874,0.11288437242671527,0.11538488521347744,0.11102326719789322
0.11869551452890992,0.09454532223085325,0.13334255268556353,0.09980959416667623,0.13317379613123426,0.10705430919636459,0.09027907215000953,0.10309472761182407,0.12000511129856457
0.15828139107239478,0.08774345782098708,0.14823878078797467,0.07995620908131003,0.08976656840033637,0.134599710175995,0.08430305104887259,0.10115634083202203,0.11595449078010746
0.12546735653528332,0.19536161142428665,0.07481611068694528,0.14471387984515402,0.057179738097736334,0.09594237072478327,0.10080137094888121,0.1084448919350785,0.09727266980185141
0.13287725014044963,0.10255113129425074,0.1929848685298378,0.08994277228879217,0.08982844463858852,0.06302281084777006,0.08318696911151555,0.10585684928503108,0.13974890386376446
0.11690197425886502,0.07932813499732637,0.1051637091782656,0.10266013951917753,0.14827815573890715,0.12473476330262649,0.10426797740368769,0.10663887424948176,0.11202627135166243
0.14670035765676545,0.08758226822215225,0.13130621823902047,0.09773349731280012,0.10612884689102157,0.09548352597730929,0.08684480661791068,0.11171260628267275,0.13650787280034746
0.11394316414094331,0.07118075524867784,0.12625855801638683,0.09649634528676032,0.15460011878353316,0.12384177761498551,0.10233176774894732,0.10447304512000648,0.10687446803975927
0.09084955781329355,0.09518823008643051,0.1030898021134214,0.11608497122044958,0.134029768264846,0.11033719044221696,0.13312435706259063,0.11736276098139108,0.09993336201536035
0.10516410324683363,0.1104921223906687,0.12880494002248769,0.09226785614476539,0.11151917324384064,0.10547161351880237,0.12414206127025935,0.11048087535941127,0.11165725480293098
0.10189472590037434,0.08286863152182199,0.11426533966336387,0.11580395419974428,0.15620766708145462,0.1136649323339058,0.09668486107348084,0.10905759994471553,0.10955228828113868
0.10190391064376554,0.08377244583868652,0.11998600913630848,0.09143290563791813,0.13930669672818918,0.12640238283025887,0.12414179180243916,0.10829791219210187,0.10475594519033227
0.10965535828164337,0.08332302849905715,0.11817298395995192,0.08888049184709053,0.1410305190368293,0.11780664911968934,0.12368373281530921,0.11027505941046377,0.1071721770299654
0.13375217350376797,0.13503519619022722,0.11212400884924563,0.11049746039300208,0.12424597998244956,0.0698668172922319,0.08515107769684664,0.10739844166469491,0.12192884442753416
0.10304090210575283,0.09894610687745359,0.0940583294231367,0.0999298349318785,0.1450024780711506,0.10546267633913586,0.13871592224970106,0.11250512574644672,0.10233862425534417
0.10183948928432991,0.09590117634860847,0.1248790478746834,0.1177411139188339,0.11888902585341055,0.11516285010839326,0.07818976463072291,0.10390693325281442,0.14349059872820324
0.12350391685723393,0.08299110552668676,0.11171832589981623,0.09223084914005857,0.1293427922479122,0.13611203264532415,0.10903419253649559,0.104295391874045,0.11077139327242765
0.11289724785111509,0.09740258618412045,0.11621753973510644,0.10369198279720741,0.12850495091732242,0.10272766030983664,0.10450413697490686,0.11082851952928446,0.12322537570110016
0.11018938821020635,0.10594725070815834,0.113188819164437,0.09675013408620763,0.12359823483128318,0.09429694650939742,0.11476614851100257,0.11579478075987464,0.12546829721943287
0.1163683003819345,0.08407115711790707,0.11357119956612272,0.09611351758701848,0.13834355034046786,0.118423870470311,0.10964222575800238,0.10862570117042324,0.11484047760781281
0.09891469111614326,0.11158373881215977,0.10804567137510308,0.11115369407457586,0.10426771633124032,0.10960349999608694,0.13100023589681917,0.1139791887137257,0.11145156368414595
0.13594079988860316,0.09827392371563475,0.1270743769336823,0.0948026635706382,0.09225958571783337,0.13740749755415607,0.0990558790766211,0.10119149020880351,0.11399378333402753
0.1159547302566769,0.1252842954570692,0.13492959601860732,0.10193458749522359,0.07072422137575639,0.13223280857746467,0.10500077949744265,0.1085056880960316,0.10543329322572774
0.12794894280542343,0.11909432045979672,0.11144789410492399,0.11147595232431563,0.08918590826201378,0.09805624400345263,0.10874752181397679,0.11258934604960029,0.12145387017649674
0.09186921757851078,0.16077162012868276,0.08369966927618376,0.17680766724336835,0.053558094823822455,0.09596728258489029,0.10317354476134227,0.11294654915940157,0.12120635444379775
0.056262224843842246,0.1932798145269556,0.07138303109163081,0.20894193308829756,0.03680937206982437,0.11709076896509636,0.08630672118647313,0.09238128897689009,0.13754484525098987
0.12147764039516391,0.08568875759706313,0.12475641708690295,0.09530777404476015,0.1322539335037878,0.12349010511734793,0.09770151739575088,0.10292480062021088,0.11639905423901227
0.11386873348990556,0.1063140139192802,0.12663557057280792,0.1147945956341928,0.11354891469364732,0.08486377830868264,0.1049695539478449,0.11576304515406653,0.1192417942795722
0.11867314503081823,0.0765064470354945,0.13071948466730796,0.0941214120119287,0.1468866436317103,0.12255941802472552,0.09599707504426198,0.10225793813794826,0.11227843641580458
0.09548149948644935,0.07699969773282439,0.10624109324470256,0.10133938448164215,0.16369924555143725,0.11802858399224792,0.12481277260582291,0.11259966677652233,0.10079805612835115
0.11530686880693121,0.18646356650928175,0.0720972537839878,0.17543526206944524,0.045485225090468075,0.09593362857005162,0.08315734900496696,0.10993274382857803,0.11618810233628936
0.05880578704153755,0.18303670232459976,0.019414408647483148,0.24641571428879913,0.023522181556896133,0.1721664454604427,0.07490825540473316,0.09652484115412067,0.12520566412138787
0.12819972272700325,0.0861050676634158,0.1293145778523556,0.08953530182544223,0.11114008992319431,0.14061906031639995,0.10220923525405295,0.10079188420573597,0.11208506023239982
0.11833208665447126,0.08970086452443306,0.13049625881544744,0.08832873125337558,0.11695531938733661,0.12869231623734578,0.10976855332369224,0.1053407032876006,0.11238516651629744
0.13550021291551717,0.10724211591337363,0.17638639889319632,0.09043076842310543,0.09884004074844598,0.06914910558367804,0.0841906755711222,0.10304336848831985,0.1352173134632413
0.11549513878804506,0.08558890137224018,0.12274535159873773,0.09549891710889273,0.12146981242580225,0.11968583034868585,0.11692034144099579,0.11092944681714047,0.11166626009945996
0.08696468677465569,0.1771227672523631,0.05154165388898577,0.22344494346543367,0.0392692541397873,0.11720998966523728,0.08475184782644181,0.10676778829880453,0.11292706868829082
0.10877794500526829,0.0768630310093244,0.12483499123284929,0.08991204326729334,0.1326718600236422,0.14178565901017395,0.11546839831288848,0.10463642764268292,0.10504964449587713
0.05244859733414966,0.15519905567642725,0.0541581237845416,0.09252757150011613,0.1449135787154038,0.1542542471341829,0.1607509690973683,0.10339773186548225,0.082350124892328
0.08754065935623179,0.18734425452884051,0.07208575951814439,0.1359536510447869,0.08065213352099856,0.10948873157446846,0.13204208827420907,0.1017017346291794,0.09319098755314092
0.08685097018859052,0.1782189479834144,0.10375961395907422,0.11937199117925568,0.07686299822903862,0.10857619257182442,0.11882920620234327,0.10562921710372092,0.10190086258273796
0.1310455403467108,0.09762873942730362,0.09021897576981247,0.14445389574906223,0.11595317352240292,0.08914182062888072,0.08256858036972357,0.10220730054443905,0.14678197364166448
0.0955414406607273,0.101751321447474,0.09680218105556963,0.10296461275276154,0.13055506789350302,0.1236228523445681,0.13805143451184887,0.10979465057958071,0.10091643875396679
0.13532775608791994,0.0872705413172148,0.15015313781276393,0.08785062625160646,0.09499412929667879,0.1253174694234207,0.09786988482874265,0.10330403536157422,0.11791241962007855
0.10976646954486169,0.08349257823237322,0.11042697367989109,0.1106051511535004,0.1436230117663575,0.10818077004117232,0.10097328876148186,0.11048256326669904,0.12244919355366295
0.17270318218743672,0.11308629051981618,0.17258161393112084,0.07618785843090596,0.08019097822062358,0.08570798489109625,0.06845660606442348,0.09308624470392307,0.1379992410506538
0.11866096480317025,0.08290178273063893,0.13823948486306284,0.09231426702027316,0.12100037317015348,0.12848357616694692,0.10266589912647617,0.10288810038568531,0.11284555173359297
0.1347158130185258,0.11049541298879183,0.11289639723467858,0.09719314212502848,0.09112888482984094,0.1382080401046854,0.10743334913494358,0.10633019862088389,0.10159876194262146
0.10501014329019424,0.10136827193047772,0.1494295196247887,0.09988674907500801,0.12436295134961915,0.09827596065620507,0.10098679889318019,0.10917855279045104,0.1115010523900759
0.09158659560386118,0.09372655788685343,0.1931987330669964,0.07430483539494853,0.1254470242220949,0.0839691992753311,0.10651598814630246,0.11365360965625555,0.1175974567473566
0.10669496458467587,0.0945627540804347,0.1151121515071369,0.11088240184117544,0.12447490395070271,0.10552901442182051,0.11716936249513728,0.11489927024868936,0.11067517687022717
0.14019174881519442,0.11667127203448034,0.12778447972599286,0.09731303989527255,0.1297495972471583,0.08098585552996744,0.07984054770516986,0.09915569509178336,0.12830776395498086
0.09804793618601292,0.08604983731054698,0.14461946270464274,0.09224191768869609,0.12828625333124902,0.1100498348088514,0.12011982568014361,0.11115612992773583,0.10942880236212148
0.11918267393265036,0.09587285340041302,0.13931663569913913,0.0886083819738111,0.09402968778626432,0.14376254271316288,0.1075967483966652,0.10537190042184465,0.10625857567604942
0.117159815424191,0.1355675734595319,0.10406108721481251,0.1311610318585107,0.07213103928374696,0.09706866246896384,0.1097109170341685,0.11514394749012913,0.11799592576594546
0.09438417862848997,0.1278883421540742,0.08622331879348133,0.11061049573598898,0.11051958989783683,0.11718944152788674,0.14210831150882744,0.10950637536862566,0.10156994638478876
0.08201464165535406,0.11562723157216444,0.0730988016521018,0.1889621424576647,0.11082932183589476,0.11945818455033202,0.07605376035656287,0.10467421065531789,0.12928170526460744
0.12871630539114237,0.08152923400181199,0.1541384005068062,0.08564562893411225,0.09656665740950289,0.13953365393215494,0.0986770930843096,0.10049277893223274,0.11470024780792709
0.10501014329019424,0.10136827193047772,0.1494295196247887,0.09988674907500801,0.12436295134961915,0.09827596065620507,0.10098679889318019,0.10917855279045104,0.1115010523900759
0.10400071963530165,0.1400931173318261,0.0837078584167494,0.16004694144611,0.0846254762139989,0.09168371895331573,0.10532354586595842,0.1171429685621574,0.11337565357458233
0.11966317075736828,0.0763396171330789,0.1761852002067463,0.07895625696335404,0.1062983300780551,0.13395397894211994,0.0925662406159845,0.09825469492947565,0.11778251037381726
0.14842015296638777,0.09367852876178275,0.1090271485550589,0.09768553214606812,0.12366812176207122,0.10801750745699638,0.08697579208673578,0.10091200229989605,0.13161521396500309
0.11887966099983945,0.10500863744418538,0.10433183864003633,0.10597872213325993,0.1231040258534713,0.11731907200716514,0.10649269359614814,0.1069563242662463,0.11192902505964801
0.10789192862092954,0.07457172628567749,0.13029472183844384,0.094887194511372,0.13320038350467184,0.13522146385441625,0.11181665316476493,0.10532110349086517,0.106794824728859
0.09800389015574894,0.0772576026920376,0.13873102833596498,0.09033935768083394,0.13717643880056113,0.12368774336715016,0.11989846478249222,0.10873911430205789,0.10616635988315315
0.0975925010274773,0.09058171131944126,0.12403928159773348,0.09282480532483339,0.13606095499083218,0.11428480629563183,0.12794401471879743,0.1110884530221516,0.1055834717031015
0.08821901851098844,0.18525904002898416,0.09035084354466043,0.18525702066080152,0.035441488080800734,0.09351073450583865,0.09067047222231057,0.10615864653889236,0.1251327359067231
0.11562947142404849,0.09725605120185886,0.08804742883963541,0.13192822478055807,0.1311814901505529,0.09794075645613799,0.10068318931830035,0.11131603180928906,0.1260173560196188
0.10069435435473277,0.10736884932892621,0.13336376027608476,0.11156145744016678,0.14897891624516305,0.10273170764002598,0.08343048786803627,0.10819161414030666,0.10367885270655748
0.07986626597189929,0.11260805968162514,0.09147097227009453,0.10344052060702873,0.13793951331900509,0.1222441591193722,0.1392411363827261,0.11765599098030811,0.09553338166794074
0.10586820578538582,0.08528158975811172,0.12535438792190592,0.09015345961237008,0.13163596702044242,0.12717794283507655,0.12005743026960325,0.10743792954256565,0.10703308725453863
0.06726534572214832,0.18785334156546027,0.10767911224180589,0.07800740473317976,0.10955717492423478,0.09604038002382487,0.13301577355377636,0.10707117256592186,0.11351029466964802
0.09024404753710824,0.10514081738453435,0.08186783647806274,0.15550552816289223,0.13690436340342424,0.11170735636573563,0.09720959320801241,0.11572132301758979,0.10569913444264029
0.11375178715613592,0.08208983095470124,0.08674978838633585,0.11270347188049527,0.143813515159783,0.13262853361856566,0.11304324621897997,0.10746303099342865,0.10775679563157452
0.1169698950926476,0.09064014123394228,0.10952289159526137,0.10478633137961178,0.14082817166881922,0.11999060353873475,0.10190726837300584,0.10635257718721802,0.1090021199307591
0.08431797153269242,0.1167265673923746,0.11169466032836463,0.08957551105044755,0.13470017575677148,0.11383700862837748,0.12870771647943272,0.11569154643409292,0.10474884239744615
0.12187226768471417,0.0906940399802098,0.11481000035173643,0.09559186135143839,0.1227874884838464,0.13143353444531122,0.10600746539210604,0.10365842088054356,0.11314492143009408
0.1520294399670077,0.092395976674488,0.1577176253657783,0.08195903638393677,0.09022929091792758,0.11668784148379745,0.08820995221633554,0.10007360013837384,0.1206972368523549
0.12595463043651808,0.11773454477770294,0.1324249650575852,0.11467022459605225,0.07357289907942677,0.08482031070766803,0.10437170004754848,0.11659657975238069,0.12985414554511757
