0.1579106306590393,0.11081336892528798,0.12268071901328749,0.07216974748037668,0.10660581896600944,0.15883796985660992,0.0768088201579284,0.06944978644049611,0.12472313850096478
0.22535960713515402,0.1408436873051653,0.08492043020837188,0.09835133700704503,0.07115315351521075,0.060847676294407425,0.07315175309232282,0.1537281093564882,0.09164424608583459
0.1177379777179252,0.10964165063068503,0.15753636944232177,0.15108571550411498,0.10158537247833603,0.08177927947404284,0.10185222850051974,0.10708044781017233,0.07170095844188211
0.1476385414883258,0.10270216092637456,0.11869572267520288,0.07931408320486709,0.11659338327748686,0.15058598067631937,0.08019307988724446,0.08228177509319938,0.12199527277097956
0.1650350478194068,0.13758245949598266,0.1021201770209067,0.09410462217832916,0.10602953374969008,0.09799676032468474,0.10034714791736495,0.10191358463942984,0.09487066685420505
0.1496658881447192,0.10182361225358345,0.11261449932640862,0.11542739110836801,0.09673785174290613,0.11123807771542386,0.1330967800678532,0.12750690759569458,0.051888992045042964
0.11426520488756405,0.0850949952938893,0.0887956573456875,0.14600569821217346,0.10709098807759461,0.07994867033299581,0.06729304421260021,0.15682026741065536,0.15468547422683976
0.07673984561143367,0.1663674586251512,0.2311526785006017,0.11240069096010095,0.07491781313635876,0.1301956326514971,0.06606819152092208,0.04981570468557859,0.0923419843083559
0.07961690223190392,0.10389655743978692,0.09998381948412682,0.10374197833972208,0.129661453922454,0.10318386850842197,0.11914530158631269,0.13846087335288762,0.12230924513438401
0.08333405062755932,0.11232795214461229,0.09875052888500635,0.10841885463115468,0.12533390289190235,0.10113456940801664,0.17193390151106777,0.11877435720423274,0.07999188269644784
0.14112578695768077,0.12024871985722167,0.09383111879150567,0.08455085036469508,0.11780640578958934,0.12714323365699445,0.09160511682587663,0.09844856299628046,0.12524020476015585
0.09946428732394157,0.13241702751827442,0.12352222164564079,0.0964225815858598,0.11409499068978056,0.13116639895692078,0.16094613675679842,0.08215699696937308,0.05980935855341069
0.07802317615225159,0.11263159063302537,0.09151887290213122,0.09705544379352965,0.12131275883182091,0.12872383268335263,0.11204750137351836,0.13925705272774022,0.11942977090263006
0.24182770032734702,0.12894985471690257,0.10612339640055228,0.09068091300067181,0.07562200959940722,0.06892957538357615,0.07087190453329321,0.1306783006264753,0.08631634541177446
0.07099097770742471,0.12466742952118097,0.11136845967488901,0.0821253439225275,0.12859973854257445,0.13092003238848882,0.1068237748707519,0.0981790443685704,0.1463251990035922
0.0925522893993911,0.10057801532617723,0.12163969574927813,0.08924611484337684,0.14698210071478834,0.10864014243849351,0.08492153309404456,0.08015190685095132,0.1752882015834989
0.10487826612198518,0.111876984888447,0.11864403953033481,0.10950958899530976,0.12956849010466484,0.11637241765777871,0.13805663016703798,0.09079595789598022,0.08029762463846145
0.13767439686193889,0.1168051925747819,0.0964342584526169,0.10057940767355268,0.11382485344032989,0.12698926375720013,0.13881514552324306,0.1032579697485031,0.06561951196783339
0.07576452555763019,0.14142320560092433,0.1442783664211447,0.09276737445163467,0.11498056251418289,0.13818993366558568,0.13519811527489992,0.08037294849525305,0.07702496801874455
0.10957462033244549,0.13064071957993703,0.1351338768778313,0.0786061711582471,0.10864254975308457,0.16443273011529044,0.09548409592368416,0.07837619536502523,0.09910904089445467
0.09441186026951293,0.10597226525354424,0.09305839219225988,0.0866336012243588,0.12900716363299622,0.1291490217924966,0.07709058649731522,0.0848219707297872,0.19985513840772884
0.09108593381635914,0.10140268367655879,0.09862104113544769,0.09159934704674973,0.1419859513493478,0.12018811199650749,0.0943765136408386,0.0941282339503471,0.16661218338784356
0.0880243183971004,0.14281249911537894,0.11531225174369697,0.08355120658895798,0.1331697714105602,0.12286976434139245,0.1318458783702872,0.07022577079336968,0.11218853923925616
0.17469174315840608,0.1107982085029983,0.09356342088972476,0.09906530194060863,0.09777050108119574,0.11890716028393637,0.12130247435073367,0.12500325646274113,0.058897933329655344
0.08162329726326124,0.11114423650143097,0.11235463026997183,0.07705106326484269,0.12357863804936885,0.1267682212161935,0.06195703510940805,0.060853290263057684,0.2446695880624652
0.10681703823310623,0.0867486805054461,0.09026743099563328,0.135552269240835,0.11386535790021386,0.0815184298667392,0.07047376399711316,0.14865083629619763,0.1661061929647156
0.2510129564818968,0.09265809906607253,0.05344673254024443,0.1561639426283193,0.021545045310114,0.03369584541494094,0.05459389344117876,0.29886616386876647,0.0380173212484667
0.08600426989519046,0.11052230438563711,0.09356396994312882,0.099472725001168,0.10602452849844816,0.15054801772626114,0.12987390525347323,0.1523810402222451,0.07160923907444787
0.15834363488188105,0.12528608806961686,0.11781526889550191,0.11196297215981244,0.08659407490625566,0.08830630531525263,0.17668637699420287,0.09369385498072702,0.041311423796749604
0.14720845588053735,0.056070931499400366,0.0637346184507046,0.2291537709532835,0.06020532817769237,0.06550591920490033,0.030819750993794495,0.17391201688459415,0.17338920795509286
0.08201341241270119,0.09918959484437027,0.1493946254134549,0.15456763582910948,0.08886098156270117,0.10132904981103773,0.06272428533032583,0.10325093206730633,0.15866948272899317
0.10808563389583857,0.08432645850868566,0.10710604665304475,0.11516259325218514,0.13172573994561462,0.08403596797589385,0.062211224054192264,0.11075445762513118,0.19659187808941403
0.124408794219884,0.08211058731928046,0.1034782240664477,0.17784887233532884,0.09605687251992191,0.08252309611128715,0.05162483421862932,0.11518148026933206,0.16676723893988854
0.11576162363191278,0.12365925027412306,0.10673145311603606,0.08245367127354249,0.12598965572097814,0.14689944188873247,0.1168997719546331,0.08333150902181238,0.09827362311822958
0.07351018339621122,0.15166236353437104,0.15187439582995088,0.09074565127163498,0.11243988442441533,0.1332377378416331,0.12507091072785628,0.07595872895297245,0.08550014402095472
0.08958458894348953,0.11860181729226882,0.11516423160722884,0.08584493914887671,0.136877657566777,0.14760927927552622,0.12320648125493328,0.07579463242766367,0.1073163724832359
0.11901121462670787,0.12477117641986883,0.1074848845857826,0.0858152036240184,0.10876019215670385,0.1528021573349184,0.14132489815293034,0.09945030512219942,0.060579967976870326
0.10570410348887882,0.13255426254294786,0.10567643519651794,0.07528958892366529,0.12294412297663036,0.14714424009950183,0.11121831000787756,0.087405720468637,0.11206321629534333
0.08059124854811882,0.11227864566364916,0.1152848650561669,0.09535216823889762,0.14930443894099557,0.10553630673541126,0.12710903832911727,0.08029161290388598,0.13425167558375736
0.134328655469954,0.11253189173169535,0.1344772250732056,0.09446280743034662,0.10762711331563912,0.14826130022533837,0.12029309947528959,0.07701626970923386,0.07100163756929743
0.08848839062975007,0.09360767412979447,0.09658714020353619,0.15396458136123894,0.08596655975433908,0.08384470657029551,0.08041281000009763,0.20931052668379882,0.10781761066714927
0.11255769717257384,0.0827044543755747,0.09461710996983842,0.19603030311015054,0.08479023690235694,0.07653747627719613,0.045336036015026976,0.1201749333920442,0.1872517527852382
0.066287795446974,0.09582543933528302,0.13764995248927986,0.21334564210879137,0.053608165493400306,0.0710540482130931,0.038762206058717136,0.1680457023954721,0.1554210484589891
0.07700561809703192,0.11335080946673677,0.08755520319717107,0.09509563452740337,0.12368160632686885,0.12405346112521078,0.10984539311674375,0.1375120493991089,0.13190022474372456
0.0772165227205353,0.13114495421408615,0.12724863836222144,0.07485355530185211,0.1226235568125888,0.1401929995025704,0.08621235572787689,0.07618979685666173,0.16431762050160717
0.13551947190186883,0.11517174839779888,0.09770207733039811,0.0802396391961972,0.11935024005608567,0.15051374615909696,0.10888004832509501,0.09626989241617774,0.09635313621728166
0.2668917950113048,0.1167463031132774,0.05996746933784881,0.1344422133040978,0.04406837589543897,0.047137373848658924,0.08857149771869603,0.19123960697307826,0.050935364797599005
0.11552807492776306,0.1185064690264092,0.091805705942458,0.07632064607893109,0.12685585302730254,0.1527331429848041,0.10910172944145051,0.09417219472332321,0.11497618384755841
0.07742987864908606,0.11741505575418117,0.10582323246725422,0.09515483212936472,0.11743671025371548,0.14241505242158312,0.14537331726133554,0.12203197222918845,0.0769199488342912
0.16981828386897105,0.12571450013373134,0.10834279234384643,0.12395257440172981,0.0908992469644898,0.07971539977715096,0.15579979028941113,0.09809866561208215,0.047658746608587314
0.09725154539326404,0.1005407281531342,0.08974516749099049,0.11716621773298995,0.09480432857476924,0.13721119186760414,0.11281029939211056,0.1819937251044542,0.06847679629068325
0.12144954852587105,0.11030324852625494,0.1078801304504615,0.08112379532959278,0.12861645018742898,0.14913762777109557,0.09578537156789091,0.08111965150802744,0.12458417613337684
0.10363552872116284,0.0912268405927872,0.10468535187462735,0.09363934005929792,0.13676553430481547,0.0940502140650691,0.05402600024034191,0.06797572823849272,0.25399546190340555
0.1106357540879771,0.0892180078955422,0.09203036494302708,0.17144955385952984,0.08981149696670941,0.08473727807399638,0.06279612839055736,0.16096885979694217,0.13835255598571852
0.08051986450631166,0.12139894303292968,0.15392972638985486,0.10248834869828637,0.10406428124057147,0.15828312543462,0.09310647998400556,0.08116838487769344,0.10504084583572694
0.13408113921614997,0.11961269327162578,0.0986737101702877,0.09474539029871822,0.12225478850072007,0.12846205937737784,0.10929345526215539,0.09431674644920056,0.09856001745376446
0.24328614599618237,0.12440138563282628,0.09496180098755634,0.1345745133072629,0.056843149092467404,0.053709406320057745,0.0863730652607189,0.14855696380225727,0.057293569600670745
0.071939156768819,0.08758825783252638,0.1380248011579997,0.2210833304944405,0.05101617918420007,0.0659636236440813,0.0435064080447472,0.1961289951099802,0.12474924776320563
0.15684717178412602,0.10829233749806862,0.13021627884503575,0.11683188307291541,0.09524505476905971,0.10385032914871524,0.0908231391124687,0.12556940270853192,0.07232440306107858
0.09696930642496045,0.09649071116369641,0.1491613800214768,0.11048168611313648,0.12024638879499709,0.11968429268800986,0.13017358035401294,0.10383007965368612,0.07296257478602386
0.08439854370861437,0.08853278461484398,0.11419456772533469,0.15628486804494635,0.09313832544924683,0.0785148158092303,0.05590523129179365,0.12951365198890646,0.19951721136708336
0.13759257443956072,0.1282481152901161,0.15806445819988227,0.1949789678476559,0.08726454529779064,0.05853204392132238,0.11098253320349223,0.061428928679384535,0.06290783312079519
0.0940942944598201,0.11454714123088335,0.10026810591750135,0.08821031580371079,0.1417544131400924,0.1363746247319391,0.12836821656417693,0.08471741344637031,0.11166547470550563
0.08701687027908928,0.09967637044840498,0.09262312246342679,0.11654569516425096,0.11891120635907894,0.10299183981091546,0.0826545050956277,0.13525471468067543,0.1643256756985306
0.0800770857877404,0.10827349487010167,0.11169990591937312,0.09180469440982097,0.11930133934881788,0.12062352192930285,0.06904164150004646,0.08331517909518565,0.21586313713961092
0.09929559275977758,0.10831864527707964,0.0930390684040765,0.07938818438141408,0.13632557279728844,0.14862027046536785,0.09812785857142203,0.08937102586516187,0.14751378147841207
0.08916967695653932,0.10729967228171335,0.10733202235052804,0.09544602495148313,0.1251544866584146,0.13815763553057286,0.1487623834073801,0.11301107607814175,0.07566702178522684
0.17940247024809206,0.12773367022212442,0.09699049685058342,0.12549338306284988,0.09423887156792154,0.08913418541723324,0.0982708802238711,0.11023855401123232,0.07849748839609207
0.11574322240354011,0.1114420351584892,0.10109540167611947,0.07226111154265526,0.12790760143647384,0.15035678002563366,0.08242312760700889,0.07597743407313147,0.16279328607694815
0.13389120591926706,0.11154417390492678,0.10096483448342754,0.07257792320512277,0.1170196225460997,0.15273654831120764,0.08465715890796864,0.09278344431752499,0.13382508840445484
0.09729164986676003,0.10785128937167926,0.12889035461237683,0.08139353068193815,0.13062704240222908,0.1404053098624115,0.07936659068640643,0.052245932890531255,0.1819282996256674
0.1235470770224747,0.1115306008859948,0.09877929387421143,0.08174240894608227,0.1278181493278896,0.14771011518086938,0.1042529816684516,0.09319785834976411,0.11142151474426204
0.07580498069899137,0.11188894938603938,0.10389295940427647,0.09703657532024679,0.12642234632462424,0.12381625870891455,0.13235419693875294,0.1257642145537511,0.10301951866440302
0.13666257282081481,0.15155060856283095,0.14733607701981566,0.11035851565448512,0.08340941247521098,0.08017210127159326,0.14868162680164942,0.08887089052806978,0.052958194865530085
0.08137761602541234,0.10071727225757927,0.11603929872086183,0.11320895123596651,0.11943686735205172,0.10543781960324809,0.08721073255016863,0.11512810012590331,0.16144334212880831
0.11941713875006578,0.10324829271837671,0.13003718162698835,0.10537976908012753,0.11999954886375101,0.1241163914567404,0.11664388411209985,0.10647546963487138,0.07468232375697902
0.258134096282477,0.11162259492704273,0.08045661231380637,0.14296521503574902,0.047027233417021426,0.047835172678809046,0.11010828394410528,0.1558586280667806,0.04599216333420844
0.10599850235425806,0.06892137705655528,0.13123400551743072,0.14334714611625388,0.09621704926461254,0.06370312210714778,0.055014417383126006,0.18421116723960296,0.1513532129610128
0.0790918012875565,0.10842351945725653,0.1132629542874068,0.08720531349497812,0.1498309928969832,0.11014169772221584,0.10329942635234134,0.0715269343934014,0.17721736010786024
0.09007666423742504,0.1349516042543272,0.12441125174283234,0.07540047114221436,0.1208621719726633,0.15136440145142283,0.1003330312454831,0.07911887416181933,0.12348152979181252
0.16524431041352547,0.1313006554490506,0.09777197010084565,0.17625855461691262,0.07920716152562642,0.06269931603621019,0.13336181975948927,0.09447170942863559,0.05968450266970415
0.13487117440376659,0.08587244295128933,0.10016859810687508,0.15334267537850074,0.10156460748730882,0.09868209530009497,0.06648628055959711,0.13288087038025875,0.12613125543230855
0.10864076137792296,0.10478263734802185,0.09909378895254589,0.08325606828211046,0.13077216875216702,0.15633500269182535,0.11132209479943746,0.09993690554479161,0.10586057225117734
0.13215960206430885,0.09874794486239857,0.1251751098549231,0.08792573526773927,0.12284874302789857,0.12713232025150586,0.07852937107959142,0.10737088269010124,0.12011029090153308
0.09309994650646271,0.10269203015331056,0.11797689473535937,0.09267112592982961,0.14245128219789369,0.12350189605456564,0.10838832713529711,0.09035553554919888,0.12886296173808234
0.07630702242573446,0.14685027808702622,0.19311977341926126,0.09634502886870056,0.09850063892932015,0.14417193337970216,0.07880093430073809,0.056312316569372245,0.10959207402014486
0.11645325453052835,0.09257593062501986,0.08940228593101766,0.11500394021707867,0.12363112796301874,0.09740406171490164,0.05782405276336558,0.07856168168460319,0.2291436645704663
0.13923501367471589,0.1165646269930854,0.10892604834277675,0.12576723701966327,0.09840395336626008,0.09327556321368784,0.1744791460034121,0.09729020972983528,0.04605820165656341
0.17375404832955507,0.11891026314292559,0.13929920880249927,0.1502557266688813,0.09093887025759588,0.0756871437023841,0.10375552890887019,0.08691635535524063,0.06048285483204801
0.07106460796954656,0.1004327960502141,0.10751430024011861,0.1207628321831987,0.10903816457967297,0.08199751756420189,0.09357618377191813,0.17103751885676857,0.1445760787843605
0.19539152660115514,0.13398116631683307,0.10941790304589698,0.10221052500608398,0.09062676763588456,0.08263357169587594,0.11903108237351001,0.10738295448182944,0.05932450284293084
0.09144835130258232,0.11964804328124357,0.10270204557636488,0.08860525007112728,0.13898593007374838,0.13701033785562397,0.13739480607446963,0.08049490470253687,0.103710331062303
0.07989707380575346,0.08477443178021442,0.13609598031833073,0.12442682516321675,0.11611470781683841,0.07410846719685096,0.07505468520785873,0.14165828133791897,0.1678695473730176
0.08243174454543435,0.12278116988916343,0.13306591390379588,0.09267525831899644,0.10474034002682464,0.14940771691739643,0.07320482663978932,0.08634691194041048,0.15534611781818905
0.1304605510026312,0.10490743759469671,0.14379130597138476,0.18621396368229334,0.07176694718117992,0.1174754492031479,0.0324771076422738,0.03486185965935586,0.17804537806303658
0.11853236437619775,0.11377153569081506,0.10632072299306744,0.08198222179949681,0.12626553053541295,0.155530461757292,0.11019582267499371,0.08487315198370422,0.10252818818902003
0.1252818977054373,0.09001570179973088,0.13294819373294062,0.09490128325576196,0.12721755646951569,0.11667779984207415,0.07104008139802441,0.1068367958356179,0.1350806899608971
0.11976147731435012,0.11122356945437391,0.09130637854008407,0.07775866530094812,0.12703379169060827,0.1525349980121121,0.10419774035280854,0.10042795473153164,0.11575542460318318
0.12307133311817646,0.11568068381962744,0.08702603338693536,0.09225351271112646,0.12199755301631234,0.13527210172379545,0.12482960307420043,0.11070104328278496,0.08916813586704114
0.11712723003551756,0.10078790760585316,0.09932727643143786,0.08265655037753507,0.13103002932770585,0.147580886948485,0.09129586321767451,0.09789981680647453,0.13229443924931636
0.12200701062739909,0.1009770080808935,0.09955293746315692,0.0847471253903281,0.12186540899033782,0.15658057035290304,0.11743488549286889,0.11381560696614294,0.08301944663596977
0.0833701693325105,0.07963659568887398,0.11552693352857556,0.18643983456360935,0.06722402171392595,0.062208453208281334,0.056493926785741035,0.2185216378126794,0.1305784273658029
0.10075768936158154,0.10572824719290674,0.09846203504178908,0.1018695260414784,0.13348482690609698,0.10879842580210007,0.11437593168219186,0.11991852579789748,0.1166047921739578
0.10712993569172484,0.14579557042313898,0.15456045770014823,0.08896993886407419,0.12031281519147952,0.10848749426527708,0.1033722657474535,0.06604852399837279,0.10532299811833089
0.09013364404550916,0.15229455855352172,0.17652719594379873,0.1070249999358846,0.08416645775447339,0.14618493722287593,0.09266583577233256,0.07883306629725056,0.07216930447435341
0.1077572558866351,0.12355350140933989,0.09875662601343053,0.10548427016539534,0.12411041881212193,0.11998708459500518,0.16097562651603964,0.08798208073879014,0.07139313586324225
0.09599876488622135,0.10023090591971467,0.10643946793615065,0.1029952330082451,0.1264611121193149,0.12980873481221525,0.0878681844463257,0.09781477248062947,0.15238282439118278
0.09659045505557223,0.07655041387298202,0.07045315693685107,0.24908829533049015,0.04214057611436275,0.043716313540002834,0.044277951939791706,0.29068076849439733,0.08650206871554994
0.27196386888839214,0.10802011800898548,0.08809212139780692,0.12509743136472729,0.03469834525737589,0.051819683668836665,0.07201302269121602,0.19107363018040693,0.05722177854225254
0.1032629447404736,0.09862958051649941,0.09969221682264558,0.10107380184568394,0.12831712065244968,0.12356812402711204,0.07261977514759024,0.08269017632770986,0.19014625991983578
0.09493334266009823,0.07513976823007813,0.14274072292364282,0.13081807108732937,0.10962614323386928,0.06776714125097057,0.06186866008969144,0.16306701856322217,0.15403913196109795
0.10500204129269042,0.1339929024786827,0.1526699180557026,0.07460905741179401,0.11472270355141545,0.13934804580446977,0.07925177837393457,0.059363130723492696,0.14104042230781788
0.08544862841309132,0.10462534615992564,0.09148214661121389,0.0882705021350153,0.14383700981878775,0.11620125706858919,0.09416832337886567,0.09079170378756252,0.1851750826269487
0.10093876777848747,0.1294966713244382,0.1344975385247448,0.10827056857966173,0.1305254083536788,0.10845415822003983,0.14512753931713798,0.06167480738312497,0.08101454051868621
0.09578210904788653,0.11693119039931336,0.11161492512812399,0.08761046754909195,0.1411792967571852,0.1364727103488069,0.11875908691688274,0.06986532209597406,0.12178489175673529
0.12442957691873602,0.14145575602922852,0.12369185602330098,0.0887095762961263,0.10841239107771646,0.12569559583664092,0.1350669057268682,0.08672681999491612,0.06581152209646647
0.10878192886962641,0.1322528844195878,0.10221746352932186,0.09254491900875139,0.1323194177856281,0.12474157411894286,0.12890532458424156,0.07527446698807684,0.10296202069582307
0.10776636712283395,0.13524446085183237,0.09195718799187728,0.09272532398385509,0.12171991888642275,0.12609515433455895,0.15495852494355938,0.09154029213027526,0.07799276975478493
0.13213782087934287,0.1267160235319096,0.11623189422854978,0.16907439440565555,0.09538893407553238,0.07127137259530784,0.1523468643677114,0.07841774073420156,0.05841495518178894
0.11942858723462353,0.1408464694307193,0.1187014933656421,0.09496137916483453,0.12221968659366718,0.10986506123737572,0.11908062362311543,0.07680497732229431,0.09809172202772791
0.22870642601166977,0.12535212464866627,0.08349602801091939,0.08943155105434608,0.07765143449336365,0.08256798425472502,0.07857240626308722,0.1501336487665226,0.08408839649670002
0.08813859757058085,0.09727322386006028,0.14081152394926547,0.11560942944150442,0.11685703264747625,0.10921790568445693,0.06748190442325429,0.06752538262576047,0.19708499979764102
0.1010118141422132,0.1239459698903177,0.09179696233796551,0.07953950538532557,0.12333290798784347,0.15433462013774976,0.12608798350149644,0.10389673971605058,0.09605349690103772
0.12073932967212515,0.10969541386292271,0.09643267879487911,0.08964047033403184,0.112555462955864,0.15166940718372346,0.14880985515033526,0.11209820763704655,0.0583591744090719
0.1306150778573295,0.13430344370287622,0.11347954486612177,0.09846805623900662,0.1180673497438222,0.113921499921057,0.12461188485555302,0.08240215818336569,0.08413098463086792
0.07771386449437265,0.12201563009233762,0.09989509840596444,0.08727971559533797,0.13543146966891853,0.1337057205323212,0.14030147386269695,0.09687350100440205,0.10678352634364867
0.2559296370637082,0.12784646258572843,0.08526023943488108,0.10314635614966083,0.0649640090172708,0.057935912300907076,0.09124479671147849,0.15606537122625994,0.05760721551010508
0.10072777995262712,0.09984623240211536,0.11541706609011206,0.08868559429063179,0.14195198101260173,0.12788822618437357,0.09166855418216907,0.09132992327867157,0.14248464260669771
0.1632371866997707,0.12171361839412403,0.12157893685680148,0.14459965202515376,0.09284539820586374,0.07628325050103064,0.1415764434435527,0.08794029125593084,0.0502252226177721
0.09964626327160704,0.1310078898600586,0.12056629258839972,0.10042646976756864,0.13037971195104783,0.11823999970410758,0.14998642230081238,0.06934567608380934,0.08040127447258892
0.14242117638736884,0.1307958027098798,0.09682932656832653,0.08319434477821515,0.11692873587478053,0.12133972091464178,0.09620755527765056,0.09200042284554565,0.12028291464359119
0.2840150416255633,0.115764288822489,0.10059257650571253,0.1049593194712261,0.0496544927628508,0.04922479766101175,0.08638456153761535,0.16131852846437078,0.04808639314916046
0.1691358661996831,0.11529635307133529,0.1197225327851414,0.15759392115196058,0.05180371692030682,0.05419003889000859,0.15552209987052698,0.12442893147074925,0.05230653964028801
0.07892298964342369,0.12744499409159624,0.14920762910834443,0.09351680927487631,0.12464619382432929,0.13282490991014473,0.13219539975689512,0.07180270354096013,0.08943837084943017
0.12296997162752504,0.13566973038092325,0.11362130998225538,0.11105393114674399,0.1032366940550835,0.09784382684376214,0.17548112506869737,0.08660015538738959,0.05352325550761972
0.12456633722442516,0.11645052662698867,0.0970471460348891,0.07309104553686659,0.12392894950422022,0.14789772969438783,0.09071018863938662,0.0894574013528789,0.13685067538595685
0.09311031336947546,0.10894568375579167,0.10319233057933945,0.10592810551484706,0.10969419693993765,0.13975614724458466,0.08023237920683868,0.11271864739646713,0.1464221959927183
0.06971818223161258,0.1210874372009713,0.11632990313367765,0.09545444731833619,0.1196277199251622,0.13080472736669133,0.1299425830043325,0.11971736187138822,0.09731763794782795
0.08530243387768449,0.10218630162809889,0.12447470887850644,0.13348434375549326,0.09789372570409216,0.1032076688886004,0.05481696617043109,0.08839217493684197,0.21024167616025125
