0.09320228609216126,0.1156040966384891,0.13275494817285896,0.10564967679911093,0.1356300426176568,0.09790525508485419,0.1551556284775448,0.08307277912688411,0.08102528699043991
0.1213075357976598,0.15812264728910416,0.09413695228877551,0.11720959446482253,0.16061508282747405,0.07610021428268292,0.10265654918157509,0.06839304657802009,0.10145837728988581
0.10091897344545764,0.13888879327255332,0.12446783187538336,0.11743118960058023,0.12393384879965176,0.08535138570136665,0.140606474503437,0.08019937544338605,0.08820212735818407
0.12290718488409691,0.12362981188943696,0.158701394349423,0.10893665592212858,0.12289650408290971,0.07276049760592823,0.14850568505301318,0.0689794537966456,0.07268281241641794
0.1045357100325743,0.13224156265512,0.11838888680861,0.10930198174310225,0.12366711598831098,0.08935066272419301,0.1423362865330451,0.07895217070075278,0.10122562281429161
0.102568628336535,0.13589281630893982,0.12411646220407287,0.11880420913263301,0.14194563663198276,0.08467404560822626,0.12424164549233842,0.07903059584096575,0.08872596044430624
0.09566312237567347,0.12200521537910136,0.12728389266168813,0.12030859196468852,0.10322863080036337,0.10630847229821609,0.13415064236511046,0.07467609738427251,0.11637533477088613
0.10162020126706946,0.11487235890088077,0.10490963177244654,0.1328476033048417,0.1594483783421814,0.04699629641440025,0.07724969881671521,0.06538429308242245,0.19667153809904225
0.07063824591756174,0.12653454921167598,0.13669920945305924,0.15230038665723633,0.15204548523644035,0.0877944890280186,0.14168580277653403,0.06274724427329374,0.06955458744618005
0.1071867602874918,0.09345882292449618,0.159892639471409,0.110635003950959,0.14801998473229602,0.10438453169578621,0.15195632051102761,0.06371736379236029,0.060748572634173874
0.11258305818182034,0.09486638581194466,0.07415309609598288,0.11876292482961315,0.15053686868935756,0.04330665575839943,0.10777535934863201,0.0640600307978826,0.23395562048636734
0.11117821000246159,0.08192188943106156,0.13157584479711096,0.15891499508987314,0.13904139610457614,0.11557554857935598,0.12401643486264803,0.0544962815603246,0.08327939957258808
0.10503094872516662,0.12685820819297197,0.12349066782691465,0.109060965820942,0.12657896040363448,0.09604113151999727,0.1437201583746622,0.08220224722178457,0.08701671191392628
0.10810128770843223,0.13986886928085449,0.13824426416912702,0.12435313733000912,0.12329084786471438,0.07647950242520972,0.11829079204469524,0.08244184325034624,0.08892945592661157
0.08486603089317292,0.11277146846992615,0.11051204630434323,0.13099027007037745,0.13521061749310595,0.13181971304826182,0.08864132276620884,0.06675071207983987,0.1384378188747639
0.1111454165143541,0.12891231018013782,0.11437171598691792,0.11055143528575523,0.13084600346227263,0.09064443931080757,0.1171894271852049,0.07344700963624984,0.12289224243829999
0.11949053516326459,0.06812787566925736,0.08552511255375954,0.061253582265908234,0.09093032499961194,0.2946733698929734,0.14845039194672424,0.06925025720365117,0.06229855030484949
0.08256638334530102,0.060000081528877265,0.16501530529450945,0.20206538822230588,0.08958676823726808,0.1293458043442189,0.13480562271184848,0.056271274891130985,0.08034337142453983
0.08411839800322506,0.11745584779358953,0.14709359538688313,0.2280468349054068,0.06953573052183813,0.10782252840553008,0.12607331568770253,0.05206270679826655,0.0677910424975582
0.10091897344545764,0.13888879327255332,0.12446783187538336,0.11743118960058023,0.12393384879965176,0.08535138570136665,0.140606474503437,0.08019937544338605,0.08820212735818407
0.09734066635800631,0.050822243261366334,0.17802805384186526,0.14661232540999175,0.11179271999483893,0.15089464750475856,0.12427301288290366,0.059849317050332494,0.08038701369593666
0.12870371223705906,0.104652471680925,0.08693058479190756,0.07997250289161309,0.11650301070072637,0.11692835075974906,0.22273427366743062,0.06261944614850316,0.0809556471220861
0.09548870674953124,0.16035213876595975,0.12344676533797279,0.16436580482814078,0.10262427045197375,0.07702716069101699,0.13909249930819687,0.06541339740070767,0.07218925646650011
0.07174211810190156,0.20687058431732763,0.11498621015608083,0.13586941488310258,0.09733996091981618,0.09515641015952858,0.09114104536469451,0.06958394575362854,0.11731031034391955
0.09251478519916533,0.08194600233078135,0.1497456508701665,0.16895936869043005,0.12012105411891046,0.10876198840630245,0.1265436415475283,0.06485648770183816,0.08655102113487749
0.10318904967659993,0.1448447126520487,0.12061532206985481,0.11674790873056345,0.119563040111019,0.06934708575289945,0.1622615894001512,0.07844844371360611,0.08498284789325738
0.10180147785144054,0.1444328357240202,0.12079184720148738,0.12304469496031321,0.1082523576817636,0.14991755975720125,0.10868067176977325,0.06587543651066506,0.07720311854333546
0.10180344323023242,0.13619301192460886,0.10789228118192086,0.09686317416513683,0.12377277239627155,0.10990077196144243,0.13208988620867865,0.07732548575772408,0.11415917317398443
0.10083259770108462,0.12837868010944076,0.11597255399568167,0.12121606449452126,0.116057844469571,0.1119442227303753,0.13609102168287315,0.08520497803125614,0.08430203678519614
0.11720804519915275,0.1035668159448057,0.1110876075776402,0.11126595808834604,0.12106491870834653,0.10966940156291698,0.18192552336095683,0.07113836051334861,0.07307336904448636
0.12475037698633736,0.18896914359069963,0.11253450612225908,0.11859394659223908,0.11180235510299256,0.05776699121481097,0.12221779830332502,0.061972511200974086,0.1013923708863622
0.09679223597224741,0.16875651872576794,0.13402628176797018,0.12042533767338037,0.1556732492727917,0.05343552566888787,0.09653469815551202,0.0890628376561267,0.0852933151073159
0.10149701013746408,0.23038323463998547,0.11084628495366859,0.13237533827219147,0.08879298705583645,0.06676683238014991,0.13233595358126035,0.07090559755812124,0.06609676142132247
0.10756670889123299,0.1771837713747629,0.10676459856028875,0.10737199707629524,0.13562980312754205,0.07228970933910021,0.1339419611729288,0.08519805315248745,0.07405339730536153
0.09468811975355347,0.16037038967233588,0.12949884889178911,0.17642188441876103,0.07998064439723354,0.09718042171605605,0.13184194121400195,0.06202083882708556,0.06799691110918342
0.06013757401628431,0.09798990339899072,0.11213688118664507,0.13650597335365947,0.16473475256671163,0.1371243842927743,0.13449822402880038,0.06300811852344859,0.09386418863268546
0.07946347920331528,0.1634618148019235,0.10089948622002227,0.1347387356562808,0.12386600103691918,0.15180671150502978,0.09112678831435715,0.06982414968958604,0.08481283357256592
0.07304383288923162,0.1327847851403257,0.13372385377043683,0.12772911812934776,0.11875929427129128,0.09308279402705132,0.14368496281122697,0.07627045023992947,0.10092090872115901
0.12511726023185674,0.12484575038363839,0.1323861180485526,0.11717151176259792,0.11674980346411763,0.11287570285485055,0.09101800684469474,0.09153459744982646,0.08830124895986495
0.1258382655385878,0.20036462614833397,0.08053656834129587,0.1346365761230843,0.156191831637066,0.06529554803479376,0.11862875722483678,0.06035188515195167,0.05815594180004979
0.0953342702903681,0.1843365518435173,0.11874106577484562,0.11767049263696666,0.09877270078023376,0.08349152004503797,0.10042252063290132,0.10228302659320054,0.09894785140292871
0.09579529493972705,0.14171372002470597,0.12590750519279045,0.13784413961215436,0.08287804901367686,0.08186122433218838,0.14240238333889313,0.06924898764671776,0.12234869589914603
0.07955520902017052,0.10419447168544022,0.11399389898934004,0.12393819706191524,0.10441555599258733,0.10716700100247722,0.12826430605044012,0.0718240635668717,0.16664729663075756
0.09549508541524139,0.18355816541979453,0.11884265433272623,0.11768358156788356,0.09926415312010335,0.08351200598295794,0.10112772136207289,0.10177408229592759,0.0987425505032926
0.1199799260366733,0.11908088078482122,0.10208910903520907,0.12423049431074767,0.143594443398523,0.08871970613265005,0.12395554653239915,0.0768198003957324,0.10153009337324413
0.0953079167665777,0.11426547886691468,0.13386296556495067,0.14158101366342213,0.15231571540188768,0.07241984168786565,0.1253660368353034,0.07700125428730221,0.08787977692577588
0.05583048778657287,0.18765940931491606,0.15801690352288936,0.13342083042964412,0.12429474978188108,0.08706210495284046,0.09515320152551641,0.08489382214304464,0.07366849054269502
0.08935936679249097,0.15758839320410747,0.08241150084428848,0.1022745144708314,0.1808488465095585,0.13825248183814445,0.08930757014501327,0.05835744423975159,0.10159988195581393
0.10310405627219345,0.14459989904302342,0.12083695447278615,0.11680580022901606,0.1198082378106332,0.07005156964405061,0.16107778149141583,0.0785467610269575,0.08516894000992375
0.05800350889935809,0.08047430613493096,0.08549755209277544,0.11997970342722414,0.1266360898415097,0.12289732322363316,0.13653623927193478,0.05951659096056496,0.2104586861480688
0.10617174894604302,0.13747342016858613,0.1000926951780947,0.09040379234763422,0.12730757650849797,0.14834928849677198,0.16377338059116944,0.06944874892251082,0.056979348840691633
0.0584273421712325,0.06728329248122297,0.13550400695502574,0.13755238993890898,0.07369052159392757,0.18765021197333728,0.09145488731322336,0.05305132326580033,0.19538602430732133
0.0974058299600199,0.1478840303164108,0.11200425474102223,0.1305173703261806,0.15829636935904365,0.09877645535381264,0.1054344331793682,0.07014220477007553,0.07953905199406643
0.0850916095100267,0.17419888144314458,0.09413353099555781,0.1582673662404388,0.16698832946475098,0.05444272037600884,0.08878978218200002,0.07598885139370377,0.10209892839436856
0.07074855596101648,0.13317567849716758,0.1215863872551407,0.11935126578434334,0.13215584523777033,0.12079973377318502,0.10803993789061027,0.0716252384915872,0.12251735710917912
0.09643595059901859,0.17968230527820941,0.12065706088918082,0.12589715371122706,0.1530191222217779,0.06599676148753718,0.10748299295870373,0.06217116628950157,0.0886574865648437
0.11306854930243061,0.07345746428081369,0.09008004030892526,0.06309776791882463,0.09649508297072316,0.2965021927581411,0.13954146626576383,0.06672877333668588,0.061028662857691846
0.12239688437932011,0.10714617314500059,0.09562564231330987,0.12120026023274388,0.14771988657357968,0.09128226740701077,0.10276423544299318,0.07951899953761661,0.13234565096842535
0.06793422135189466,0.13024480354378976,0.11186531319612847,0.1469429121168078,0.1151200746765471,0.1432644440189341,0.14413629079908333,0.062404096934970316,0.07808784336184448
0.07499283253241124,0.14001233252411052,0.13000549611395462,0.12693943075554573,0.1269538627114136,0.09140318479787314,0.14256604853155821,0.07822534847331203,0.08890146355982088
0.17669071235213676,0.07587192905890983,0.09218351485459485,0.11217920486451594,0.1170024511482507,0.18075777249236366,0.09199842858560141,0.07782784087659754,0.07548814576702945
0.12013122753485521,0.11907750016962504,0.1046930366007016,0.10185801361297453,0.10813282888659742,0.09834160756520643,0.2061173494815872,0.06862827516073244,0.07302016098772018
0.10091897344545764,0.13888879327255332,0.12446783187538336,0.11743118960058023,0.12393384879965176,0.08535138570136665,0.140606474503437,0.08019937544338605,0.08820212735818407
0.08188059364581547,0.10527561829971477,0.1177376153164695,0.12552742570944783,0.11101420770284427,0.11036136446884932,0.1323096781970012,0.07334604669279304,0.14254744996706467
0.10091897344545764,0.13888879327255332,0.12446783187538336,0.11743118960058023,0.12393384879965176,0.08535138570136665,0.140606474503437,0.08019937544338605,0.08820212735818407
0.12301814920302985,0.0904635338406881,0.10070347954504104,0.11529469752290485,0.13558329334168243,0.11532135759253913,0.18964282343643987,0.06577406985378643,0.0641985956638883
0.14756591027886404,0.06260911896647271,0.04314812364924311,0.08228382702864626,0.1266603617987643,0.06493163842069491,0.09696264241976223,0.050921488942524705,0.3249168884950277
0.10232583640764974,0.22290525443984086,0.10544064024752176,0.09605074431186579,0.10379269657188055,0.07149315893412832,0.1292362263278407,0.08848145000197068,0.08027399275730161
0.11687676369021967,0.10066146103262867,0.11940579499539199,0.10366703418103575,0.11807884888452069,0.09979864805538152,0.15739309240994948,0.08483190154777148,0.09928645520310075
0.08425579259117984,0.09982910643548232,0.11580988717262237,0.12505577753815167,0.11497024518043165,0.09946082439710578,0.13322805673221932,0.07255653724483534,0.15483377270797172
0.08136126410210603,0.10455693459002435,0.11738860353316406,0.12557317061562082,0.11058517161919999,0.11094079928565233,0.13212765218941483,0.07314349758482605,0.14432290647999155
0.15101747246643513,0.09559682417648115,0.10319883578219853,0.11201574802858401,0.1036510095100676,0.07713560877210203,0.09813699331080532,0.0760930186554347,0.18315448929789155
0.1449188190189159,0.07177001996200812,0.10374287597225829,0.08381145197042607,0.08970806590739155,0.2748483239661576,0.10627752908296523,0.06170340918313367,0.0632195049367436
0.10722391540865682,0.07957755612945877,0.10076082410418204,0.14149217081834126,0.13871122066752548,0.09930563125591584,0.12764028866484434,0.07392988086969067,0.13135851208138483
0.12440572107878207,0.13747321420775807,0.11191826444540214,0.11324048228427691,0.14295636552849889,0.0962300701477018,0.12173114161374105,0.06782957374880014,0.08421516694503901
0.1021210900718673,0.2343157284954761,0.10257232747341727,0.09419720948453593,0.10085464725402384,0.0698354048169083,0.12692897465308248,0.08984365106002312,0.07933096669066568
0.11459295231975541,0.13351746733512204,0.13549683056013512,0.1200605901731439,0.11100391045149449,0.08690530255037636,0.17345786367135715,0.06792497621389411,0.05704010672472137
0.0690089036475942,0.04531458577680261,0.14582188116734768,0.14584541807384196,0.0968022858592068,0.15589398372285276,0.16139001995301844,0.06102313454305158,0.1188997872562839
0.10043820169132595,0.137920117405268,0.12249249642478549,0.1180293604972012,0.11742990783487589,0.08453967244672045,0.13834785500222802,0.0794337415950111,0.1013686471025839
0.10091897344545764,0.13888879327255332,0.12446783187538336,0.11743118960058023,0.12393384879965176,0.08535138570136665,0.140606474503437,0.08019937544338605,0.08820212735818407
0.11577788818665996,0.17368984653942088,0.1184928467948384,0.10239278945954561,0.12670563842886373,0.10539085916676329,0.11150831674040433,0.07517028792829926,0.07087152675520464
0.10905894888042687,0.10859206660305802,0.12630822213710197,0.11309448263956068,0.11765800196586963,0.098926358483258,0.15361449951135345,0.08389555387918084,0.08885186590019045
0.11581790765289872,0.12426704760340472,0.11848286876613283,0.11075773163131249,0.11748652884462722,0.12604467141885742,0.11092814372845089,0.08907920685044524,0.08713589350387052
0.09052461108143299,0.11962765292334476,0.07689406750580959,0.10838065481938419,0.12467092844537697,0.09522262953843906,0.11983604509091095,0.07210153829470976,0.1927418723005917
0.08249115827975222,0.14463379292236087,0.11968470190255354,0.13478664654138703,0.14355835152642202,0.07786950123255548,0.12667427577925436,0.08336549332527075,0.08693607849044376
0.10925986085932145,0.11377303081684464,0.12808683248875108,0.1202510460577461,0.12706329671978112,0.10185699409531201,0.13327168444784607,0.08327486746894791,0.08316238704544966
0.106998484794529,0.12743929049319813,0.12134173119502169,0.1172769384262015,0.11631548730275458,0.08284315828665834,0.14973726635204218,0.08556730812724213,0.09248033502235238
0.10091897344545764,0.13888879327255332,0.12446783187538336,0.11743118960058023,0.12393384879965176,0.08535138570136665,0.140606474503437,0.08019937544338605,0.08820212735818407
0.16483507784023535,0.11289500478246987,0.0944255040415836,0.12996350163677617,0.13513909871299126,0.05727869768469132,0.17984836139631333,0.05424626751473035,0.07136848639020875
0.10091897344545764,0.13888879327255332,0.12446783187538336,0.11743118960058023,0.12393384879965176,0.08535138570136665,0.140606474503437,0.08019937544338605,0.08820212735818407
0.10665662154076283,0.07672895107041329,0.14061694349319523,0.1373440922554201,0.10990135133791747,0.16109880392304451,0.12176509292043196,0.06606704481261046,0.07982109864620411
0.1319928393618834,0.07815515901678398,0.1029511733956049,0.07552971072355229,0.09124774402501701,0.2000756649615515,0.16166917275360196,0.08150092209149463,0.0768776136705102
0.181596596980287,0.07162639112658668,0.051789181349917814,0.09680591451561305,0.11898982582843987,0.05337661260054546,0.07997513232835597,0.051890830668433065,0.2939495146018211
0.06330978543121484,0.2414822413946923,0.09417746651600538,0.13089010140743781,0.12655254720629247,0.05838298757924299,0.11581785925026072,0.052834072247662546,0.11655293896719103
0.09976962318400712,0.14296284045164223,0.13510002449301212,0.13994011366838782,0.10751247221651823,0.08861349938718072,0.14290578063317583,0.06946804843981282,0.07372759752626311
0.09766567009743887,0.22509661686548219,0.11247179782685479,0.11397123705191876,0.12422370097245931,0.0496060065739983,0.11798759665761287,0.08507733569236338,0.07390003826187155
0.1025718373651535,0.13588418858858461,0.12411469421894188,0.1188064477216646,0.14199054022641203,0.08467233258048619,0.12420526947177501,0.07902792395936428,0.08872676586761795
0.10083576821992253,0.17423033627850903,0.10008415070667033,0.11639158100429181,0.1180730642642388,0.09835792880107001,0.10339489580020345,0.0786715672852578,0.10996070763983619
0.09379872240698273,0.11299295788439596,0.10173870839851264,0.13443863487824134,0.17250280984094743,0.06918372662370509,0.11832617923494493,0.06952142327136318,0.12749683746090665
0.10091897344545764,0.13888879327255332,0.12446783187538336,0.11743118960058023,0.12393384879965176,0.08535138570136665,0.140606474503437,0.08019937544338605,0.08820212735818407
0.07916801309243722,0.12881226630055495,0.128960941287628,0.11873200444921772,0.12920791702800943,0.10182338280517382,0.1455007899245605,0.0800127277553187,0.08778195735709977
0.09122904371504831,0.13710402279237724,0.11602745816714281,0.10628140417600805,0.13965339638246158,0.08153618784100189,0.1416320847676675,0.07892947803874706,0.10760692411954564
0.10401950849099088,0.1306156731831487,0.11292502301511649,0.11266505399054466,0.11530405140104394,0.07742527389910532,0.12592898401785657,0.0737258555706032,0.14739057643159023
0.07601444087304955,0.11403865267624086,0.10081091117764034,0.11361619276468278,0.09419253863054355,0.09362656252209121,0.11429240126607809,0.06541659685383748,0.22799170323583617
0.10948546030841576,0.13483188650354586,0.11735721885443712,0.10581199952989645,0.11360738549043466,0.13607275880967734,0.12271570963164953,0.07751322791288158,0.08260435295906175
0.13812389131664224,0.1795959388772789,0.11202798229693678,0.11329995191950575,0.11253513650090823,0.0503682768574737,0.12603640950376185,0.06239532651595181,0.1056170862115408
0.10091897344545764,0.13888879327255332,0.12446783187538336,0.11743118960058023,0.12393384879965176,0.08535138570136665,0.140606474503437,0.08019937544338605,0.08820212735818407
0.09368032253236092,0.11536961217788089,0.1149956320363012,0.11754655282560506,0.14208803059777617,0.10619457802657062,0.12837737244751837,0.07469741663964995,0.10705048271633694
0.06788464758813488,0.03694738499638942,0.0410497697693074,0.09871055387537524,0.11399845456759444,0.17081626453579155,0.11294065884186717,0.049368872671933066,0.30828339315360687
0.11574428532980797,0.12500862893091777,0.10307793979036006,0.12608934516296608,0.12654910232249103,0.068386986877695,0.12539478986600006,0.07583261006893986,0.1339163116508222
0.08933563811954974,0.1428141466979147,0.10987607494336321,0.11747446644707034,0.1440869011728785,0.11462618379097207,0.12020433271599769,0.06565440792362527,0.0959278481886285
0.07998908073125953,0.08387952158612942,0.09503090449290623,0.10481927038733065,0.12153269601298987,0.10944813776251967,0.11501839992557693,0.06912629132047791,0.2211556977808097
0.07592833052281506,0.12335851576685702,0.11869587601987902,0.10313567943707631,0.13529025138032358,0.09681727511517024,0.15392539838279687,0.08084205763150337,0.11200661574357847
0.08643627819955853,0.14796207805820458,0.06493119410624326,0.10999798022524516,0.09817193491383412,0.0876920572793047,0.10909325824058917,0.06218584698736899,0.23352937198965149
0.14531665383256073,0.1544068555681748,0.08962172123194327,0.09827484918653108,0.18593154615056784,0.07908463506176523,0.10555112408179053,0.05951053727250682,0.08230207761415968
0.10491310276043368,0.13107101879383146,0.11728165857547575,0.10808972726201778,0.1234095292230042,0.08990978204049475,0.1423312849503939,0.07880455157943261,0.10418934481491589
0.0788554004947017,0.05072601738473196,0.10514183873350529,0.14135097471078578,0.09717719414580561,0.16620476883022692,0.10296759724867326,0.05087490216308655,0.20670130628848296
0.10617829912377079,0.10683128927710062,0.11049608576016429,0.11339106734204916,0.1253311883278176,0.15155943493612947,0.13459932688337353,0.07433082443447976,0.07728248391511479
0.10752183333548575,0.22508521204887935,0.06211686439623417,0.08573284850429853,0.09410507445808503,0.035234207678880795,0.08527719784486182,0.05670025837286639,0.2482265033604082
0.07995609459952097,0.11456039045486659,0.11745904856540534,0.12492736470041799,0.13595149803112638,0.12302538555256781,0.13112464615203673,0.06839624898163156,0.1045993229624267
0.07818050510141168,0.11520781785098183,0.12420140307656287,0.13671308435609228,0.1539479738398597,0.07473926699346402,0.1660939217564689,0.07455193950670408,0.07636408751845457
0.1045357100325743,0.13224156265512,0.11838888680861,0.10930198174310225,0.12366711598831098,0.08935066272419301,0.1423362865330451,0.07895217070075278,0.10122562281429161
0.06939392045810273,0.09356150262331957,0.07040515580275115,0.11301097492519924,0.09352103891972753,0.03726188830881689,0.1111670757296997,0.07667184540665299,0.3350065978257302
0.1025718373651535,0.13588418858858461,0.12411469421894188,0.1188064477216646,0.14199054022641203,0.08467233258048619,0.12420526947177501,0.07902792395936428,0.08872676586761795
0.12744578895034198,0.11023168880745741,0.14973142816887428,0.14079658692341843,0.13001826082016665,0.09226998903490886,0.07047046940831621,0.09395607152264235,0.08507971636387389
0.0503990228845359,0.06425012577827025,0.11274324378196861,0.12721227848628844,0.08924101052738798,0.14031725116663282,0.14000601719501807,0.06472699123338795,0.21110405894651008
0.11499326406323433,0.20605789850854764,0.13345241079001444,0.15065851796371152,0.09126812548663545,0.04044308650092325,0.15915231833872004,0.0552798500494559,0.048694528298757415
0.09795788634650947,0.16315118494125108,0.11927996180579153,0.14886627462056887,0.11694500251405344,0.08385704676392546,0.12275680537699847,0.06913373845530574,0.0780520991755959
0.1004269678242458,0.1379359199304174,0.11134845844523063,0.11187026456437178,0.1283949241643608,0.083560648538876,0.12935335078960533,0.07377460472006601,0.12333486102282622
0.17780856694200878,0.19972543822461575,0.09892741384803222,0.10531357883203618,0.10845844559924517,0.03784077703195281,0.10611304242148373,0.050576024208376945,0.11523671289224835
0.16509588534929007,0.058468451889525236,0.051070727891600866,0.08519899707704288,0.10250770238707885,0.066568785057241,0.0901059233313285,0.05116408770626143,0.32981943931063123
0.10146703686170518,0.13205534940012462,0.12077194554145791,0.11669964637273272,0.14603600512327075,0.07989494890017977,0.13669863940002336,0.07798353143236221,0.08839289696814352
0.1216966010711825,0.09829283433216814,0.10419688518258302,0.07693541557157046,0.09569631972867361,0.2015502593053431,0.14691954290164488,0.07695232008971942,0.07775982181711488
0.12690110207549224,0.09568284338909223,0.12443815389325574,0.12015331310364058,0.09489108542909441,0.18502057495841065,0.1368033128877423,0.048766076012133085,0.06734353825113872
0.12449754132907169,0.1523461660140822,0.09348816060956389,0.07157927400726646,0.08569957595366338,0.1764647719371868,0.13902268167425325,0.08331079322423152,0.07359103525068071
0.10611537081802552,0.13557898148312184,0.1259873885868524,0.11418201947994576,0.12148469631257681,0.07885410197158814,0.14854317925566332,0.0811458257059345,0.08810843638629169
0.11035584797683301,0.1020207941382123,0.11128428932067429,0.10925816784929894,0.14156836609312431,0.09179884882667387,0.12854589457310053,0.06319927813427724,0.1419685130878055
0.0591985500258812,0.13878070411691693,0.13424645445140435,0.13582602413179976,0.12828985591234987,0.09752798928953978,0.1414777066868147,0.07601416240165233,0.08863855298364104
0.09172443488297222,0.16826114410331097,0.11621137633632302,0.10677066118756612,0.11391030671803944,0.1436700573068022,0.0952681484291998,0.08153132311907631,0.08265254791670992
0.06969645587457321,0.06493246888531697,0.09127175935683612,0.11907971697760374,0.14334241638791242,0.18245937619546646,0.12634068026550163,0.05145047374164421,0.15142665231514524
0.11937914145028083,0.12143851246021116,0.12455312374108918,0.11149805743694358,0.11377382108972094,0.12193088370484502,0.11430973528267457,0.08444627360773051,0.0886704512265043
0.08060457365442909,0.10352356731513596,0.11686916047499267,0.1256274426686915,0.10995590605988308,0.11177631394095298,0.13186008708052352,0.07284752236818591,0.14693542643720534
0.07357084419268176,0.07745173294964115,0.14688830731653418,0.18061452982241932,0.1383332204985965,0.11752141845574111,0.12908108269615307,0.05604513205611311,0.08049373201211991
0.07224412815433576,0.22065590593142845,0.09479438264249777,0.12729786031263607,0.11140638612910324,0.06274615105439979,0.15736020202607734,0.07902757243097035,0.0744674113185513
0.1025718373651535,0.13588418858858461,0.12411469421894188,0.1188064477216646,0.14199054022641203,0.08467233258048619,0.12420526947177501,0.07902792395936428,0.08872676586761795
0.1008449887724458,0.12865588812545917,0.11619784331271782,0.12113275219141502,0.11626761453723455,0.1111956554258452,0.1362292834981764,0.08507713092628859,0.08439884321041739
0.19331171998573823,0.09545636606148329,0.0796952052977592,0.0998088243303638,0.11663191941073581,0.15988407863880336,0.1359020757618321,0.053479212226456525,0.06583059828682765
0.10057019757192305,0.12024944228537608,0.10691619149080167,0.11533122966853555,0.1377598864702132,0.06657004347387906,0.13715025662312594,0.07692261260456615,0.13853013981157933
0.10091897344545764,0.13888879327255332,0.12446783187538336,0.11743118960058023,0.12393384879965176,0.08535138570136665,0.140606474503437,0.08019937544338605,0.08820212735818407
0.09766567009743887,0.22509661686548219,0.11247179782685479,0.11397123705191876,0.12422370097245931,0.0496060065739983,0.11798759665761287,0.08507733569236338,0.07390003826187155
0.16002533713114733,0.2151631675835112,0.08170338817752236,0.09204349151791637,0.15402643256207818,0.08323933925112381,0.08812265916529827,0.07244148182456535,0.05323470278683711
0.0984358312795449,0.22963814845481786,0.0909917869313379,0.11784689026646995,0.10806307635762182,0.05817722520310179,0.14097894754073925,0.0743010974911397,0.08156699647522679
0.10712310055077283,0.12207277344870067,0.17114560471265325,0.12531694705671462,0.13768231740694134,0.05210567580227194,0.1482570344668617,0.06625373199448309,0.0700428145606005
0.10885858145194882,0.10445071495832499,0.1403903915753969,0.10848525499491342,0.1293791092596481,0.10182281243552528,0.14749827977767738,0.07862666005765015,0.08048819548891496
0.08774798728458376,0.24292664058882094,0.09226926575199017,0.1263781202551888,0.10994725550114952,0.0713108313792007,0.1288287170911473,0.07050987433414117,0.07008130781377764
0.07902175630599972,0.188691136864222,0.13165510067926908,0.1424414290577745,0.1091802606597005,0.04049836766958042,0.15024410398552537,0.06653722773219957,0.09173061704572878
0.10443928434041154,0.12590652214511763,0.11607444449206471,0.11721977483712327,0.12757099583628956,0.12747695211614044,0.12617246790619038,0.08382352699462148,0.0713160313320411
0.08697885803938175,0.13172514631665175,0.1198427739649085,0.12991381619861744,0.11494064583036633,0.08820014171096917,0.15822172250252345,0.09279613932455218,0.07738075611202937
0.07626155052020418,0.07144377452174185,0.09248082280218077,0.10733979779378722,0.14186474970745744,0.21290791042702054,0.13524621709800588,0.05458939272581054,0.10786578440379153
0.1036635182217629,0.20636010134378222,0.07523866875807202,0.09670091353105721,0.1257435252463839,0.09064693559127807,0.1524859628772234,0.06881002960498246,0.08035034482545785
0.11445908477097998,0.11767651592416002,0.11146881751528558,0.11068852170787831,0.12357730965686509,0.10973393638100576,0.11217832445325197,0.08640453650685226,0.11381295308372097
0.10717000027671952,0.1426558339111075,0.12145894309602663,0.11453374476244972,0.13257558015487067,0.08089292411485978,0.1508231537921094,0.07827644820503504,0.0716133716868217
0.10555910524238284,0.11181631128460168,0.10351928232698342,0.12097284770898487,0.17712494362354203,0.10796764181142683,0.08657802248856027,0.07135799520913477,0.1151038503043833
0.11953430386290533,0.17641240522307836,0.10883145924623851,0.10623760753472174,0.12766777355528725,0.08406014413749437,0.11841047637917372,0.07506917071879425,0.08377665934230638
0.09131777770580261,0.0795331934912744,0.1370627407734906,0.21366886024868223,0.125239812635395,0.09920886296822327,0.12883874371509343,0.0552355911112176,0.06989441735082084
0.09290481739170182,0.13858157672685492,0.122917641905827,0.1251685696427729,0.10041964718538625,0.12453197724801968,0.11971954019302596,0.06951329802414942,0.10624293168226202
0.10144171480705043,0.09889670962679394,0.09356957770468016,0.1251568136055017,0.13037244479549023,0.07093466622729656,0.11820437576419492,0.06546343738479374,0.19596026008419834
0.07772467300282465,0.21619500612491294,0.09285286867124741,0.13517543949015984,0.10787344799176544,0.06352112505600943,0.16008306299372055,0.08555737509350207,0.061017001575857745
0.09786972736458495,0.135258907348793,0.09886081286940455,0.10684022587859637,0.10144435487625704,0.08774226750169602,0.11298971265553755,0.07125185155076233,0.18774213995436817
0.1183075266152297,0.12449777578511217,0.10367739410493215,0.12320670785763639,0.1139085337449694,0.07616494989887437,0.15317665373284442,0.08144454470783313,0.10561591355256837
0.09259300232383093,0.06714249121222128,0.1287562479193002,0.12873485753925756,0.11121290092020703,0.19046673446075335,0.13935018828917786,0.05985708662446088,0.08188649071079085
0.13262481714395472,0.17639762046645682,0.09549015260798471,0.10532949942891867,0.12635459466816742,0.05136529211360479,0.15183988639846763,0.0711773106048501,0.08942082656759516
0.10091897344545764,0.13888879327255332,0.12446783187538336,0.11743118960058023,0.12393384879965176,0.08535138570136665,0.140606474503437,0.08019937544338605,0.08820212735818407
0.10692325985951912,0.137239803034272,0.11442055534673985,0.10737870823325339,0.11917459205111423,0.07395000683827356,0.16478185637677226,0.07673550292655633,0.09939571533349932
0.05415290645222918,0.0875085204782987,0.11499503238764086,0.12858748486386518,0.10715404065825838,0.13035631628714126,0.12396345415215924,0.062159255878035315,0.19112298884237192
0.13455812345377807,0.09927259200830978,0.09785532806961932,0.09828346525759056,0.10305799315257062,0.16747213895285526,0.15131705089747616,0.0752598086004838,0.07292349960731642
0.09924394253804873,0.07947172284760513,0.0938232956797001,0.08525734847431549,0.14303814485814872,0.236548906411727,0.1356847063980218,0.06827950857593999,0.05865242421649306
0.12304576264597435,0.16974288615118902,0.10352084508956949,0.09959723293315219,0.13282921387757687,0.08920941578424164,0.12348655960653122,0.07348058656210003,0.08508749734966516
0.12747703936188867,0.07933963356248756,0.05995138909625155,0.09043884640028714,0.15889363687144484,0.11956401554744499,0.11354227599706573,0.06006226482779342,0.1907308983353361
0.11074169613432194,0.20412854321597293,0.08491065319869695,0.1102850133033816,0.11002372794696917,0.048794890623584296,0.1543996731523852,0.07745311586083446,0.0992626865638536
0.10091897344545764,0.13888879327255332,0.12446783187538336,0.11743118960058023,0.12393384879965176,0.08535138570136665,0.140606474503437,0.08019937544338605,0.08820212735818407
0.11448361943420131,0.11247017749956212,0.10454709082753906,0.10487964173147475,0.10737359810557101,0.14771436661960902,0.12944060331670557,0.08567072196829183,0.09342018049704537
0.13265092646028198,0.17659081220933745,0.1397774489673738,0.11005279231675529,0.12466282150976306,0.08705512063412134,0.07982927124866392,0.07985839589362864,0.06952241076007443
0.09626153590653928,0.11230773160286449,0.1841078273666583,0.1278082838818139,0.1791336400701291,0.06597335898931912,0.11453684887990283,0.0610271982218746,0.058843575080898325
0.11405621090645601,0.25932173212087445,0.06624823119111632,0.1111155598530052,0.09050639208816479,0.040732972799189616,0.13908188568782287,0.07342311135943246,0.10551390399393835
0.10091897344545764,0.13888879327255332,0.12446783187538336,0.11743118960058023,0.12393384879965176,0.08535138570136665,0.140606474503437,0.08019937544338605,0.08820212735818407
0.13065654163602533,0.06986338186965915,0.08229832551243042,0.055944688384275854,0.07706123628142843,0.3072656126267415,0.1385721333516412,0.07116894787198079,0.0671691324658173
0.148280620742127,0.16615999960878527,0.13700573188098464,0.10581758949970192,0.1176417783640245,0.03961225382572466,0.13532320835914471,0.05315111157011546,0.09700770614939187
0.114285221348007,0.1807151317444855,0.09417205006473141,0.13092728923160782,0.12253266111795852,0.055041937550169305,0.14423490806014436,0.08447900279558936,0.07361179808730668
0.10091897344545764,0.13888879327255332,0.12446783187538336,0.11743118960058023,0.12393384879965176,0.08535138570136665,0.140606474503437,0.08019937544338605,0.08820212735818407
0.16794394708806185,0.16800106853902927,0.09955749344557492,0.10114622599680635,0.07390835462804633,0.03349510309943765,0.10877746147941485,0.04395956250462434,0.20321078321900446
0.09833118458102658,0.2262410408814278,0.09436352004596797,0.11702251901220374,0.11458629453773088,0.06046373971928424,0.1433558512104205,0.07507995434549071,0.07055589566644764
0.10788833146338511,0.11334681265084627,0.13028292595555047,0.1100810400356023,0.12646151411457643,0.09864819277745307,0.14832548138857318,0.0805212417780186,0.08444445983599454
0.09797661767121872,0.20851261960066547,0.10099227562331031,0.12680172520554414,0.12253520278407942,0.0578272470803499,0.14257222421035412,0.07530711238634792,0.06747497543812997
0.13042113125388663,0.11356715875598351,0.08129774158745756,0.1082834647613557,0.07170621510187809,0.05839492863270324,0.0863053967987892,0.05804654082177448,0.2919774222861716
0.10133975773728887,0.128704287904876,0.16809907428054763,0.1527019252811837,0.08727173420922334,0.0956879691564958,0.14505053851806485,0.06049961468067263,0.06064509823164712
0.1009983422546299,0.13919674961028827,0.10718374069130232,0.10817885857281494,0.10644849794354812,0.13885947772280902,0.1329349422943884,0.09435297658996472,0.0718464143202543
0.10143590053657181,0.13267121852834116,0.12110728350913146,0.11674636775782547,0.14410337463067166,0.08032627820583518,0.13708670898706007,0.0781423212346471,0.08838054660991608
0.10575907692436583,0.15212135263073542,0.11945680728457847,0.114930557724428,0.10920274432383327,0.102532512468963,0.10703159207565245,0.09553695423363795,0.09342840233380557
0.1405946128033244,0.24972607671486405,0.08883279463186988,0.1113316753926516,0.1129881973262501,0.04545050224611369,0.12553434439495206,0.05771896715021899,0.06782282933975524
0.10293889429460541,0.11322579003707543,0.11872880809051989,0.13111646171339472,0.1559168713126454,0.08179820473709325,0.14072553741153473,0.07748830440332495,0.07806112799980632
0.1140143933729678,0.11583900518851424,0.1104660776715453,0.12182625490299552,0.16589359293589515,0.07003078839500133,0.11430508471973307,0.07312553271763715,0.11449927009571048
0.11216299505417783,0.26040510901240427,0.07229755655587454,0.1214318176159418,0.11449288205690933,0.05853341216477983,0.12468567661152857,0.07617922866673284,0.05981132226165109
0.08480503133919788,0.1276854546028213,0.10852527088960824,0.15184710983011407,0.07208197873555279,0.13615570801141177,0.09239825088145397,0.06639795561177415,0.16010324009806579
0.07451248789372696,0.1379379826232769,0.1313022453320042,0.12411776283530973,0.14105632731397658,0.10586836963767972,0.13242439456191726,0.07727005289254707,0.07551037690956158
0.10162020126706946,0.11487235890088077,0.10490963177244654,0.1328476033048417,0.1594483783421814,0.04699629641440025,0.07724969881671521,0.06538429308242245,0.19667153809904225
0.15264841849223917,0.24272873048769886,0.06715943602751225,0.08837085815675479,0.15442957496624207,0.05396297956608159,0.08991351655758952,0.07067830765418258,0.08010817809169916
0.10639274020387136,0.14097862400069103,0.11909590724580292,0.11403591164610279,0.11763869577420832,0.05938688114994617,0.1852588360321581,0.07683351561728201,0.08037888832993728
0.06466881892885071,0.04766038285820679,0.11894436482839106,0.13015054376808602,0.0829208201819945,0.10807515169294513,0.10463959379243531,0.06477327313663915,0.2781670508124514
0.10091897344545764,0.13888879327255332,0.12446783187538336,0.11743118960058023,0.12393384879965176,0.08535138570136665,0.140606474503437,0.08019937544338605,0.08820212735818407
0.09133745432945449,0.08538434974271686,0.07340630960498,0.10141927847359215,0.1430995752612999,0.07211120428254436,0.12292442080571954,0.06328421642530262,0.24703319107439006
0.10232401243963131,0.09831833980754807,0.10728126711656293,0.0952105913346642,0.12991865892498536,0.16730930110590458,0.14280203895721105,0.07101858256029081,0.08581720775320177
0.13500109603429378,0.2036938247889326,0.08042126634467252,0.11884878138491729,0.13876659323619345,0.09735913834066591,0.09427272654337172,0.06729886236158966,0.06433771096536305
0.12546235525930205,0.07450407948153864,0.10276090489601225,0.13849484973670226,0.18016102377824642,0.12990142311988195,0.11769335921033423,0.05566761730703929,0.07535438721094291
0.10091897344545764,0.13888879327255332,0.12446783187538336,0.11743118960058023,0.12393384879965176,0.08535138570136665,0.140606474503437,0.08019937544338605,0.08820212735818407
0.09958141578677611,0.1174747158068179,0.10381800197871378,0.12517252063514353,0.14692155821829242,0.09609697425562946,0.13201760832556553,0.08012389485455229,0.09879331013850896
0.10091897344545764,0.13888879327255332,0.12446783187538336,0.11743118960058023,0.12393384879965176,0.08535138570136665,0.140606474503437,0.08019937544338605,0.08820212735818407
0.06646962289259316,0.08589310937784556,0.15731973087617124,0.17934787322266818,0.10720278190240351,0.11692043477008018,0.13715880060709376,0.06396093290768953,0.08572671344345488
0.1280692748603554,0.08781863852224044,0.07843829793633257,0.10094305826169325,0.12018650510813267,0.06356193575011725,0.0965494129846949,0.06089240022057193,0.2635404763558616
0.10232133804635535,0.1283953067245385,0.13215979721384905,0.11721151224390798,0.12747641760355197,0.08838745294370422,0.14063922250999963,0.07872163618553484,0.08468731652855853
0.06480676087381444,0.1794404196899273,0.10260638134786006,0.10628303573064934,0.09342256808903936,0.09716441968116989,0.11439571383303278,0.07143265379373148,0.1704480469607754
0.11786542288744699,0.0907656598818281,0.24034724791947795,0.10992043307045958,0.11510981273171468,0.04921085269330854,0.15559328538954373,0.05295272089141815,0.0682345645348022
