0.07820900144259364,0.043206012068426815,0.12134742537521569,0.2076620651184954,0.12927178777333176,0.15856807881528123,0.08658447412093125,0.13663255033587,0.03851860494985428
0.08280657425560689,0.045799496296746504,0.1382337734330326,0.14876573129152096,0.14028076604035392,0.15946878025029562,0.1074844016680508,0.13566272444997735,0.04149775231441541
0.08160664507059945,0.07197034839838372,0.11882551463243113,0.18248765550802726,0.13295629924498722,0.11569407267091514,0.12034048729223952,0.13538250232315738,0.040736474859259186
0.192682424079787,0.032711756588528255,0.09986145935107262,0.11561008450661485,0.10239828207403422,0.13157490383855272,0.09550164393835786,0.18051017288990748,0.04914927273314492
0.08280657425560689,0.045799496296746504,0.1382337734330326,0.14876573129152096,0.14028076604035392,0.15946878025029562,0.1074844016680508,0.13566272444997735,0.04149775231441541
0.08239736947027894,0.08389521836486157,0.10673024501341516,0.10574382162015716,0.10686663195493033,0.2675634108047229,0.07417396987294145,0.11501581984425241,0.05761351305444002
0.3223388303970412,0.06668447256175182,0.08602119222296163,0.08213656643959295,0.10050038138863883,0.07390696658891005,0.09911332147440925,0.13715006483804437,0.032148204088649844
0.04159330877117099,0.3249581928130553,0.07960203629765865,0.09898727716759963,0.09289418985808168,0.07223701384911076,0.10235662177429383,0.12144010796808684,0.06593125150094227
0.053482719234246946,0.11291399889602494,0.09695250719970483,0.07994818565987531,0.14305798087361918,0.164739297939933,0.07348972420229118,0.1669169554436015,0.10849863055070319
0.10984377252489852,0.020392682149729346,0.10948863868075644,0.09803485058511945,0.1015802676947601,0.09743655828067153,0.252066379369496,0.06250290333609129,0.14865394737847717
0.10289131376759615,0.03992973861567679,0.12957524633578804,0.14140350518760977,0.1324433152217971,0.16876938379511133,0.10970931815071867,0.13555257311474425,0.039725605810957944
0.07280810791766905,0.09051939395175573,0.1276132838609091,0.12932117921475625,0.13414138592526412,0.1495401817037141,0.10265079418327432,0.14226327387855994,0.05114239936409737
0.08280657425560689,0.045799496296746504,0.1382337734330326,0.14876573129152096,0.14028076604035392,0.15946878025029562,0.1074844016680508,0.13566272444997735,0.04149775231441541
0.17332070786387563,0.027357449855414714,0.12340031002738039,0.11572889069485202,0.1512946262701683,0.12172760973998066,0.06899137059434268,0.13092977337359982,0.08724926158038587
0.09937910280969005,0.1017364731067204,0.11438999195545226,0.10976713071804588,0.14195935771510002,0.17943618049384427,0.09776804868638685,0.11098771929368596,0.04457599522107427
0.1256243708380508,0.03457278491906869,0.1368074837607415,0.11341524853399504,0.12056262208342156,0.1006501456468597,0.14670554792702606,0.150297984063003,0.07136381222783365
0.0955625736188837,0.05931540966624301,0.11942294853828785,0.10410765709092729,0.1366473812392422,0.16224071548478805,0.07639656895138075,0.09801310381085437,0.14829364159939265
0.08280657425560689,0.045799496296746504,0.1382337734330326,0.14876573129152096,0.14028076604035392,0.15946878025029562,0.1074844016680508,0.13566272444997735,0.04149775231441541
0.03727440709401639,0.04684311677676928,0.062037128088350414,0.14478251113621673,0.06441981245369323,0.19656996545593042,0.013226892638970346,0.1679926574055505,0.26685350895050275
0.08280657425560689,0.045799496296746504,0.1382337734330326,0.14876573129152096,0.14028076604035392,0.15946878025029562,0.1074844016680508,0.13566272444997735,0.04149775231441541
0.06227359887938286,0.10589252491523071,0.08201705426287205,0.07321979453043727,0.0859765366876278,0.2200795073644423,0.09981101989986996,0.18573203863422671,0.08499792482591025
0.10817099375841549,0.03956213401129292,0.13594653230843148,0.1394203103291768,0.14376608135457483,0.17502652351071143,0.09308451696016488,0.11845931621513427,0.046563591552098
0.0643885862973471,0.21882549940248774,0.06493886176300386,0.055816278091089515,0.06606766534665588,0.2045972899805986,0.02495076286802136,0.1380027838274754,0.16241227242332057
0.0619977820727636,0.07966827932483435,0.10935359457289266,0.2053099850207302,0.12344816385060477,0.07520193052851908,0.1609944659182124,0.13709312540933505,0.04693267330210784
0.0991668409580514,0.05869726420209289,0.10784884189717119,0.25092494795046555,0.10827081827343232,0.09664118383128484,0.07473388637400434,0.16755049099941746,0.036165725514080004
0.1324638441603565,0.06240896299548677,0.1274373926238983,0.13371480217090986,0.12993292657263567,0.14757199877410887,0.08814667613143094,0.1422132632584032,0.03611013331276983
0.07321052767277537,0.0590517027429913,0.1281593149235423,0.1225699892032563,0.13494093742269833,0.1479983317347525,0.09605194936749391,0.16269112981374348,0.07532611711874648
0.11606758526393561,0.08350082697351495,0.1262044509587461,0.10833074182807785,0.12405816803107074,0.1187054464664584,0.10851858441740032,0.10425173928360058,0.11036245677719543
0.06743236812695445,0.3151062269224858,0.09307507924076652,0.09860228196425258,0.12819306473512593,0.06736232763309292,0.11473844762275291,0.0845252227327067,0.03096498102186222
0.15556501439065296,0.05308216566547161,0.13512892763353548,0.14277866042916795,0.16211100059245398,0.09723283607630857,0.08481630749348758,0.11338863878555856,0.05589644893336321
0.08280657425560689,0.045799496296746504,0.1382337734330326,0.14876573129152096,0.14028076604035392,0.15946878025029562,0.1074844016680508,0.13566272444997735,0.04149775231441541
0.058182200136867125,0.06179789045181002,0.167410480101123,0.1592985873766569,0.14040006890987833,0.11319661233336809,0.11156055496967181,0.10462558943140692,0.0835280162892179
0.12224570800563078,0.04087484307156659,0.1509712953364064,0.11629216437598873,0.13480046409355836,0.09955310000583527,0.07215440114997985,0.1785628726041756,0.08454515135685832
0.0712865188690347,0.04161668145767441,0.0994636108949709,0.06368747965011659,0.09642508641360174,0.11928592112381968,0.13758804996178653,0.1338306612401036,0.23681599038889192
0.08280657425560689,0.045799496296746504,0.1382337734330326,0.14876573129152096,0.14028076604035392,0.15946878025029562,0.1074844016680508,0.13566272444997735,0.04149775231441541
0.04328306444720548,0.030086134370559996,0.08377012130831295,0.2044642605752196,0.10399778033632319,0.18737717665803863,0.0505709564732294,0.1137261557851754,0.18272435004593537
0.13679972652451347,0.03878090432182565,0.14143575069055656,0.13967711789560647,0.13865026176378026,0.15509935123268334,0.09068377461866473,0.11871938495028074,0.04015372800208881
0.06107421650008713,0.0669022454044624,0.13940328306179722,0.1933820437225345,0.12062710118637208,0.09900656212276399,0.10429739104738188,0.13085916981823623,0.08444798713636463
0.10762584973812028,0.0874469793534804,0.10258161823959515,0.09730072441342523,0.10842898141150155,0.24106395889245447,0.07376173444261269,0.13412670899810056,0.04766344451070962
0.1367717313230029,0.10280207100982457,0.11224813216962215,0.09789784277741813,0.10892611899267914,0.2181930773395734,0.06205921094148803,0.11052722242641529,0.050574593019976445
0.09637027041642694,0.06447495758885435,0.11127204274533957,0.17680492858372002,0.09652341466213742,0.10148209061404741,0.05339784598798697,0.16480578804198018,0.13486866135950715
0.09752944486038656,0.07589659366054068,0.13680620314488942,0.12693545017555993,0.1303612871933812,0.16586452871500354,0.13514425350831452,0.09662497708731299,0.03483726165461123
0.10440278840544716,0.039335829175751603,0.1326902503946434,0.12170876576828066,0.14339622783497777,0.13750686205741128,0.13659077113343673,0.14665906770059467,0.03770943752945681
0.03349744356435351,0.28384330550907655,0.1014391962423133,0.08357718963087607,0.09100155361870232,0.07433649833542659,0.19417348456149433,0.11419076811924173,0.023940560418515573
0.07633695273697705,0.05131473429885977,0.12074039780675093,0.1203456282062463,0.13095139395815303,0.23419617795480563,0.0773811162033889,0.13132843796684335,0.05740516086797507
0.05133594210898137,0.037428401069635665,0.1150890249390299,0.11517896704877749,0.1323023569132248,0.27862008322702464,0.07288670759021924,0.11815090003467939,0.07900761706842745
0.11268948703091926,0.07294752000506924,0.12264162076325813,0.15832852907713343,0.14098051097913508,0.12668624421344,0.11418258692421679,0.09894917072648664,0.05259433028034135
0.0836495283172972,0.039220697454403014,0.13144248841404235,0.1381382095638066,0.14182907851528437,0.16907307282521333,0.1029424257163462,0.1450931331993064,0.048611365994300625
0.0914979231666293,0.08038948148493763,0.12706083765695564,0.1481709658143409,0.1379450667998461,0.1492423858732168,0.09434542910184196,0.13260067549043833,0.03874723461179333
0.07021596742572515,0.18331624658378898,0.11577077686165559,0.1322811125632369,0.1335815966014203,0.08126274831466213,0.09939793818691316,0.09596000442724117,0.0882136090353567
0.24641636788977073,0.031337472875601326,0.10969326710985321,0.07435646160129332,0.08077404081006267,0.07276094891746089,0.17607081790340748,0.1570924000743985,0.05149822281815188
0.0673357304959979,0.11993642506757889,0.1351049803634539,0.1725998967713218,0.1457028059073517,0.08531901238276818,0.11673658121986125,0.10441584321700857,0.05284872457465787
0.08280657425560689,0.045799496296746504,0.1382337734330326,0.14876573129152096,0.14028076604035392,0.15946878025029562,0.1074844016680508,0.13566272444997735,0.04149775231441541
0.07911648264223463,0.045710612896989376,0.13536827754072212,0.14681310477616483,0.13960079816101625,0.15586274425755306,0.10910581891137539,0.1393965108915511,0.04902564992239324
0.08280657425560689,0.045799496296746504,0.1382337734330326,0.14876573129152096,0.14028076604035392,0.15946878025029562,0.1074844016680508,0.13566272444997735,0.04149775231441541
0.1439947264265756,0.02030925000669971,0.12288647678680127,0.07278509231481545,0.08921777344635949,0.06194067645649879,0.22154614394881067,0.17373665698290597,0.09358320363053307
0.28203966640118355,0.051607372345312263,0.1001400062788355,0.11420368120081174,0.08069340305492158,0.08363997913460709,0.09138960263189415,0.16241094120373528,0.03387534774869879
0.050951232470299285,0.06489829580267535,0.10173673319503096,0.1419128350996981,0.12482022345628434,0.09890557805528533,0.08077842581718382,0.23584162457782057,0.1001550515257222
0.18458451757652275,0.08390838783199116,0.14836251606167472,0.11061266749915205,0.12571461826859662,0.13437825946990725,0.06838951454623417,0.11165807838662845,0.032391440359292804
0.08280657425560689,0.045799496296746504,0.1382337734330326,0.14876573129152096,0.14028076604035392,0.15946878025029562,0.1074844016680508,0.13566272444997735,0.04149775231441541
0.07396329415768203,0.30471385333172507,0.12368180543634455,0.0834924515186003,0.09423134654208613,0.09719081882153881,0.05976430104361128,0.14257555260318644,0.02038657654522541
0.290376149219024,0.0420384101985515,0.10230971431448498,0.10831631779689939,0.10754851963756573,0.10594022830117766,0.06694735264269402,0.135353567570861,0.04116974031874172
0.5448653249427641,0.038401662999971775,0.07670920218854552,0.05020684023343616,0.07159308145371844,0.09362803983724098,0.039247132734852135,0.06195228310194923,0.023396432507521606
0.1720061925310102,0.16149130035674875,0.09050434622281324,0.09552460649850185,0.07290202771376213,0.14091285836220066,0.012520239921105089,0.08808734634535514,0.16605108204850294
0.0719809392446547,0.09317063094083511,0.12024073175381383,0.12373006248613816,0.13576626164707153,0.1428785643116515,0.0989683435062365,0.16120051983947828,0.05206394627012045
0.0854258017315639,0.038639212826041054,0.12925362605744187,0.1312360666626276,0.13261913695819968,0.1895762824082936,0.1129489160869686,0.130229624179793,0.05007133308907069
0.24509134369017138,0.05238589380899646,0.10052085478794959,0.15130937008658304,0.09846012585799128,0.09189086308932377,0.05627348162448483,0.1410193887203739,0.06304867833412571
0.07800287810188415,0.05020123942330564,0.1226187882559422,0.17180268781378782,0.13626297578513114,0.12936442737060705,0.1309562765063216,0.1450796386498424,0.03571108809317794
0.3750395145126651,0.07920619430138216,0.12780375140759792,0.06352409957998194,0.0774953747276357,0.071875062656944,0.06332895689617747,0.08750254774348754,0.054224498174128215
0.05745912554752064,0.11021462980105041,0.10599599721875153,0.14745362521334568,0.12034574595070523,0.10584215848121238,0.1341161494144226,0.16255809382606265,0.05601447454692891
0.09910996937107275,0.14696524689466536,0.10857453449343413,0.12850131283692123,0.1431855400035236,0.15257510592534665,0.06935557684269417,0.10282878341969498,0.048903930212647106
0.23846438983086304,0.04277244404186187,0.1350875138137847,0.09983621521663039,0.12180567084899524,0.10498031763876749,0.08500547651012898,0.12700040474219385,0.04504756735677454
0.11267697382756697,0.034185445392699555,0.1351197404274889,0.13115682354299577,0.14962600441774923,0.1974014009869641,0.08047264063269265,0.10595330301439794,0.05340766775744483
0.04390900204571104,0.09876758322007977,0.09960147191918722,0.14346111739967077,0.11739249910865103,0.18646081562885164,0.09878989065968401,0.17532113384088044,0.03629648617728407
0.23153091284577318,0.05638183498460697,0.07448756100216779,0.074749507236067,0.08704775016202608,0.1377542141709636,0.0831286685572784,0.1969529750953932,0.05796657594572376
0.08127148483944628,0.07667454456927224,0.12440644265454252,0.11763298166595054,0.13946696668896788,0.11253857885553677,0.13168539609026397,0.1709649899445885,0.0453586146914313
0.21081042647361656,0.06521392370850645,0.1122639452404085,0.18077316114561656,0.12547907493728863,0.10013513301554444,0.09320828827113804,0.07808663514620225,0.03402941206167851
0.11503296108498477,0.04175709891734066,0.13522658786391878,0.11615714583575416,0.16189095286706692,0.1311432761099971,0.08671822528261104,0.0961550103410575,0.11591874169726907
0.06802981763837372,0.031186521998340266,0.13840434757310516,0.15602473162704153,0.14940971341998377,0.09880029385856419,0.17389239869471818,0.1278827977042011,0.05636937748567202
0.08468240876670213,0.04143716833388603,0.1384588396207428,0.1380998577007297,0.15901814314103083,0.15962792414476704,0.09521630218995512,0.13238996867609473,0.05106938742609154
0.5089002915986126,0.024978895715383753,0.08078140744452976,0.06646942562107491,0.08242665805827536,0.07313393991952051,0.08283372354843639,0.05338835244118628,0.027087305652980436
0.08280657425560689,0.045799496296746504,0.1382337734330326,0.14876573129152096,0.14028076604035392,0.15946878025029562,0.1074844016680508,0.13566272444997735,0.04149775231441541
0.1031678153205643,0.03986170485245257,0.1294615120288102,0.14130390468392992,0.13234009034128805,0.1688815913999665,0.10973362979525707,0.13554412459385917,0.039705626983872214
0.08280657425560689,0.045799496296746504,0.1382337734330326,0.14876573129152096,0.14028076604035392,0.15946878025029562,0.1074844016680508,0.13566272444997735,0.04149775231441541
0.03719707435904167,0.3440758050071475,0.11970008759004448,0.13258244264341984,0.09570442027806902,0.09035426543996379,0.03383521595569282,0.10636506776603945,0.04018562096058143
0.08280657425560689,0.045799496296746504,0.1382337734330326,0.14876573129152096,0.14028076604035392,0.15946878025029562,0.1074844016680508,0.13566272444997735,0.04149775231441541
0.06973887664616746,0.38045725844966966,0.09062985653040945,0.06948699077254167,0.09287284709914516,0.06546249382070478,0.12708193327539216,0.08272410897368597,0.021545634432283772
0.048965809431088136,0.06355579311167552,0.14003081787143024,0.19201590446860728,0.11703789854634054,0.10957282740591832,0.09505499395406476,0.16735519696721868,0.06641075824365647
0.29515922965256997,0.018456083434007356,0.1046652561077089,0.08258419358638756,0.0924476296407802,0.07642672388847464,0.13075967565560248,0.15302900360098518,0.046472204433483745
0.12275644275897744,0.042511915765206076,0.12792324154205023,0.1402326709802897,0.14724107053977661,0.1725334166993819,0.07846479924439863,0.10826672978094044,0.06006971268897902
0.10778713968169118,0.05613531806288366,0.13988301067851264,0.13461394119323503,0.12943268979548844,0.14864821489072141,0.10470304829742143,0.1440640787868999,0.03473255861314638
0.11104429287549873,0.034896447685662246,0.12396343208756551,0.1301784226276187,0.13420426947903588,0.12256529450460091,0.11224460496387077,0.15325136333928793,0.07765187243685928
0.046785714433853653,0.07538624639761372,0.09100801382292968,0.13257375379634595,0.09120204056905401,0.08034479103969087,0.1034062617162248,0.16796685309542272,0.2113263251288645
0.12244776663674779,0.06475844916152619,0.15198202632481575,0.12180094089472059,0.12943571144889632,0.13417975550742955,0.09965078759706687,0.11635397174567608,0.05939059068312086
0.14441328069233839,0.04620960099129026,0.10888599972582123,0.10632037021770165,0.13227073417817997,0.1999549689949199,0.04308012324521354,0.16897725337224703,0.049887668582287936
0.13427730875606575,0.04082785440261756,0.09927052005892445,0.08575199034828455,0.12574442561155938,0.25271383973155986,0.05548132297712625,0.09175568293547874,0.11417705517838338
0.11462089740524879,0.19725734347533108,0.10556525662971507,0.09512008544631294,0.10326562474503549,0.10215323171410186,0.09894862128902267,0.14445912065463618,0.03860981864059597
0.13865361835046833,0.10207892119276922,0.09935951611576166,0.14636021200750662,0.10490233345605891,0.15841687357842846,0.034886649906302906,0.13668953045708984,0.07865234493561409
0.08280657425560689,0.045799496296746504,0.1382337734330326,0.14876573129152096,0.14028076604035392,0.15946878025029562,0.1074844016680508,0.13566272444997735,0.04149775231441541
0.04256682257211183,0.16482743365348204,0.10130929070067762,0.09806617320191668,0.1038522377984284,0.11171055074010296,0.23245160746558624,0.12415611635917884,0.021059767508515317
0.08280657425560689,0.045799496296746504,0.1382337734330326,0.14876573129152096,0.14028076604035392,0.15946878025029562,0.1074844016680508,0.13566272444997735,0.04149775231441541
0.10012764591496058,0.05238953752236733,0.1274527722217,0.1393804765889981,0.15019689794017488,0.13802947966460752,0.09447006481134401,0.13036036958479297,0.06759275575105463
0.10634922160094402,0.05539917683408766,0.1270307426457359,0.13808343166589568,0.12365623983733957,0.12161537254941644,0.13164269590303643,0.14824866467173742,0.04797445429180693
0.13033800894448097,0.031092598109656033,0.1387632475501472,0.1263009909305733,0.15195870597693284,0.16117279169448318,0.10855094817048773,0.08500248482107436,0.0668202238021643
0.1100579176629256,0.04871694441015825,0.10624410245825622,0.1039339227060303,0.11092050332918495,0.21361140638486176,0.10143175237094977,0.13309002077313545,0.07199342990449777
0.21564286634912846,0.05256203054041217,0.10882633182672363,0.13916158924221358,0.09599305291914324,0.0949709367959949,0.05666037993210968,0.1813434593130853,0.05483935308118897
0.1016282458483566,0.040082104794331226,0.13572009580103417,0.14221958064196985,0.13879427621800103,0.1199247262126532,0.09388373817525848,0.17347400524633114,0.05427322706206427
0.03197111414431997,0.04946439852851048,0.1042755544528956,0.07886000774077571,0.11239148909324519,0.3109622508617786,0.07406144170382999,0.1270157710006001,0.11099797247404446
0.06929553981989078,0.07093283595516953,0.1290998137465795,0.11818017147624538,0.15374549965285075,0.15754808205050452,0.11290623210064671,0.11774143900480039,0.07055038619331246
0.31389725538044205,0.056895479281399826,0.09876243425325826,0.08692865216425139,0.08910540403046015,0.08970671970069821,0.08271571063152953,0.15437969966531442,0.027608644892646122
0.1261605082124704,0.0882722694804249,0.11566623186469338,0.11466409999745784,0.1676235548308356,0.18067736522738512,0.05954605395884741,0.08848243107561908,0.05890748535226631
0.09830579216764955,0.06453342750363045,0.12550069516881873,0.15126641411553823,0.1388175395781759,0.14778033114838962,0.09787844281522638,0.13211107048983836,0.043806287012732814
0.4940447705330507,0.034327657910208434,0.06997722578256389,0.06639070557596577,0.07274659248546538,0.0687072765415821,0.05159918428436889,0.09815563541208695,0.04405095147470781
0.12564152766166456,0.06056240431458206,0.12470899852557325,0.09804543854256954,0.15215081960293528,0.08720114237751297,0.14701113258101706,0.09053046111230767,0.11414807528183764
0.20435348252996266,0.16852877660685162,0.09000344649103624,0.10569512030562574,0.07433980615190273,0.08941374433015441,0.040039824262156076,0.14579198380744904,0.0818338155148615
0.0802032813682511,0.09411320866648716,0.1278002700129256,0.14074783416364733,0.14613320521365106,0.14140294672399398,0.11099369545064879,0.11838737478786894,0.040218183612526014
0.1200500627629449,0.16730220488790679,0.09813778742541956,0.12995462397182697,0.11085591937578425,0.2192492521225082,0.02370360493040367,0.0888215380935165,0.04192500642968911
0.08914520128827219,0.03417836704636571,0.17292811276897058,0.06980307786936055,0.12001758708300973,0.0713346176278591,0.15573122292006006,0.21893835313112694,0.06792346026497519
0.05681663461766203,0.08930995772578025,0.13265363396903446,0.19643133553425754,0.11573665801817794,0.11209579493441528,0.07581114961442433,0.15716036506358974,0.06398447052265847
0.07158010547615934,0.05063319177191131,0.12637685746452842,0.17752915849729903,0.13431157763258994,0.1824077115300112,0.09770007601858677,0.1062508378418177,0.05321048376709631
0.09036987488712857,0.04287478193098301,0.13908949959261155,0.13975150578541554,0.15312424148654266,0.15110553292829873,0.10161043953471537,0.12947890485885105,0.05259521899545352
0.0689196418066793,0.23238821761948303,0.10397689376497561,0.10112979038556814,0.12794421042921356,0.10424076726958464,0.13676366440416682,0.09235457502452475,0.032282239295804094
0.15963571883600738,0.14744234277124466,0.13747214776337668,0.11680689369724555,0.129097073287353,0.12099682647865075,0.05798027066921862,0.10277517660153869,0.027793549895364634
0.19792847238059405,0.057501462771666186,0.11538470623988374,0.10658226346744844,0.13293209576195794,0.14385110913106722,0.07969766054139231,0.11120329678574421,0.054918932920245855
0.06487597797250545,0.09012340056939011,0.11579679267879171,0.12450037359934703,0.12640842524274268,0.1386741546543914,0.11904523007069255,0.16279643867939353,0.057779206532745535
0.1072695697227211,0.03973866675854169,0.13607689763953681,0.13976666479757835,0.14368744417293675,0.17458575025365963,0.09353680111570338,0.11897443622098448,0.046363769318337834
0.1582257669699999,0.07207669588440155,0.1380402858582929,0.16798640583402843,0.12456107149754002,0.08154896990760763,0.08563742028127978,0.08698963227408735,0.08493375149276246
0.12401359481606285,0.08843083123937817,0.11131382102089422,0.1494739467619099,0.12292017388048652,0.1481810491556433,0.06077558887329721,0.13554561595769885,0.05934537829462908
0.22075183790304242,0.04748930761330559,0.11959470608553398,0.10572521643053952,0.13400753148408884,0.09065790022031865,0.05997698198795473,0.16286401434241685,0.0589325039327994
0.09260835540684748,0.039586318617286585,0.13043627074293404,0.1456546665146018,0.14305132492777467,0.1462127193892182,0.11921974674483478,0.13668794711000232,0.0465426505465002
0.07513625021639253,0.042420827380815096,0.1178169933695395,0.1732911132281433,0.13372469736389014,0.23754582166469448,0.075999688962824,0.10502342591671104,0.03904118189698991
0.14833189103642475,0.03768637901856329,0.13378718805886872,0.13847840332972494,0.1578075315612886,0.16849417651568724,0.08402745453254883,0.09353722848323083,0.03784974746366269
0.08280657425560689,0.045799496296746504,0.1382337734330326,0.14876573129152096,0.14028076604035392,0.15946878025029562,0.1074844016680508,0.13566272444997735,0.04149775231441541
0.09707462646473175,0.08778663625250453,0.1501896893519765,0.12660300598332971,0.15696943099512975,0.15390472065182992,0.06308403814153139,0.07751382540422688,0.0868740267547396
0.08280657425560689,0.045799496296746504,0.1382337734330326,0.14876573129152096,0.14028076604035392,0.15946878025029562,0.1074844016680508,0.13566272444997735,0.04149775231441541
0.08066805425887479,0.050919286140492924,0.1331082973428616,0.14657876532142164,0.14504696125686545,0.12173412991987458,0.1127042007008542,0.15330540160387363,0.05593490345488111
0.07459926894352507,0.031574112385197216,0.10743505113419986,0.12513497517764724,0.09720190699405422,0.21225133720360603,0.07158064285944989,0.11403226902748474,0.16619043627483565
0.11030290368964275,0.15692438008380452,0.09633141878672151,0.13377678750996322,0.1022706497652871,0.09892883340964477,0.043470273900290214,0.15977109676628587,0.09822365608836008
0.0605046329981613,0.14414462861147245,0.10189251590880317,0.12617529343790987,0.11880372960438594,0.08898465508138621,0.13780814235660474,0.11386940043821193,0.10781700156306444
0.32305517161223907,0.030752307225675957,0.1094503531795834,0.09604793628057534,0.11918030223590707,0.10578816936799086,0.08332731096632968,0.0909682763356695,0.04143017279602906
0.15337792831321534,0.04288220259991241,0.11557296790279266,0.117696640225096,0.14770025734630923,0.2054102848145456,0.05627263234975951,0.09058144024314764,0.07050564620522153
0.04040465933217682,0.48855864469949833,0.06749433893835242,0.05041027571074258,0.06608835208665041,0.07119779634025208,0.08242361996512494,0.11379579842368603,0.019626514503516358
0.267013241340531,0.03414384872035987,0.10892645140851066,0.10872019206902954,0.10771861569876383,0.11841478459223681,0.07863764122935885,0.1434589759657947,0.03296624897541484
0.10689571761927637,0.0715882699601663,0.11929121465558375,0.14043971229489197,0.13157475029944313,0.19117276774738437,0.09250345298289359,0.1133671631842565,0.03316695125610405
0.1867145978916072,0.06445479329968788,0.11562559759425452,0.12491029868648822,0.1499186995097884,0.09778115676733712,0.06372180675042309,0.0954993775571309,0.10137367194328278
0.06977295506034205,0.05553714575637125,0.12145506428087677,0.18053378755273117,0.13180944369012168,0.11258934145133614,0.13610113285418055,0.14128677268318604,0.050914356670854394
0.08280657425560689,0.045799496296746504,0.1382337734330326,0.14876573129152096,0.14028076604035392,0.15946878025029562,0.1074844016680508,0.13566272444997735,0.04149775231441541
0.3887925848863741,0.042527088471356105,0.0871450716862812,0.07886824010071604,0.10130908839220987,0.08319302899785123,0.05895778646281138,0.08513643702730805,0.07407067397509198
0.08684383479231234,0.0450472035001642,0.1322837407719488,0.14613744639743062,0.14046477693651205,0.17119676395432373,0.09873454894320526,0.14029346006780966,0.03899822463629338
0.08600358514558533,0.07310058098059669,0.10210140041866783,0.1295675566391554,0.13222473635236867,0.21490401047305754,0.07266809520004776,0.1186717846432259,0.07075825014729491
0.09360834793122319,0.04639813035567911,0.14578501934257646,0.1480324688926591,0.15005456959920258,0.1549459050699902,0.11837150127947066,0.09976384020418481,0.04304021732501393
0.18183512893364107,0.04984227755499493,0.08152425243557476,0.07986194023988354,0.0830754390614921,0.06201639464182208,0.3367620837606528,0.09400043605368451,0.031082047318254157
0.09720183035295275,0.04922440677482442,0.13908453978509885,0.11208369591221251,0.12329793553051806,0.19753971008215832,0.033984619362214,0.13090735064292017,0.11667591155710098
0.3345563876377022,0.08146330388789548,0.06492940814002732,0.055925680377962306,0.060534340709816135,0.1988932874482934,0.03446648899250349,0.13177895298853137,0.0374521498172684
0.07808000868921879,0.06668042228096988,0.13312470987980604,0.10563826516045582,0.15779829718844107,0.08852060467988339,0.08026660563340308,0.09433811035145112,0.19555297613637082
0.08760205530186088,0.06632569378850545,0.1295668278131823,0.1320306174920625,0.1412892713681566,0.1764152684314063,0.0900358849955044,0.14277891142941376,0.03395546937990779
0.15527833664053128,0.03975566828375263,0.11388777832636361,0.132431200767015,0.1489980652322902,0.17916891887315398,0.06926377626578878,0.08990262498623991,0.07131363062486461
0.09520812429756025,0.06046884974160033,0.12788177441014548,0.15116097004739312,0.13947404313931414,0.15023982253446436,0.09930386657056305,0.13305000550654694,0.04321254375241235
0.2671078264511976,0.1311907182259683,0.08657042256575197,0.08026470790627975,0.0833672238948827,0.1774882475552785,0.05898570127023304,0.0938803369462199,0.021144815184188082
0.08280657425560689,0.045799496296746504,0.1382337734330326,0.14876573129152096,0.14028076604035392,0.15946878025029562,0.1074844016680508,0.13566272444997735,0.04149775231441541
0.1468363859426722,0.0336384114657901,0.13271898063672005,0.1369599558136028,0.14109863674270748,0.14257725799554233,0.10159873609565105,0.11922419302821123,0.04534744227910283
0.14184228443386057,0.044551643968670694,0.13454083008794285,0.15130846529607686,0.14755493705655143,0.10621395711106978,0.10139465394773285,0.11872686127828384,0.053866366819811086
0.08484630727784448,0.04694021880767026,0.14342091966814016,0.16649303536874413,0.14620300904953784,0.15180112981110852,0.10882831517932495,0.10981216725320382,0.041654897584425754
0.10751736736671046,0.2128003364862366,0.11943762543430896,0.1117898794394873,0.11199938620653387,0.10702878303734316,0.05744504034535661,0.06267075088929143,0.10931083079473165
0.11714454463184128,0.03758798987329256,0.10935043270670107,0.11582419199450557,0.13910717463535816,0.23216386484991638,0.06983095477511901,0.11261064431669494,0.066380202216571
0.09674966172653725,0.07077166098298628,0.13335057127829722,0.1208312409490941,0.14165057622804092,0.12719766918172007,0.09724848652110364,0.16173068971794247,0.05046944341427804
0.11155257870958328,0.06406687256151755,0.12937768140914543,0.13922604624557802,0.14119664981901572,0.14399305018249164,0.09310641477923537,0.10462521054149575,0.07285549575193723
0.09594557426481005,0.08626383684924976,0.13397344031615185,0.1306507537041001,0.12766571634362592,0.1731823986210521,0.0785668259395683,0.1371276777485998,0.03662377621284219
0.08280657425560689,0.045799496296746504,0.1382337734330326,0.14876573129152096,0.14028076604035392,0.15946878025029562,0.1074844016680508,0.13566272444997735,0.04149775231441541
0.11875669041654187,0.02945614804189775,0.10983569578195107,0.19637229273030335,0.1098898633089072,0.0881923367233548,0.07546530637464623,0.12935017598552653,0.1426814906368711
0.0697575123760315,0.04392511681993271,0.11734857772700007,0.13360226451239535,0.1421585831289468,0.21172840196124842,0.07991533984774224,0.13833212224856828,0.06323208137813466
0.0915000672052561,0.08904228802815288,0.1278724778779247,0.14115564747227397,0.13653339730499128,0.1493159676795502,0.08758214319402753,0.12758182831745216,0.04941618292037117
0.43845022007889356,0.06874689681311287,0.06443186263709519,0.054510827058659866,0.05781796962146366,0.1071127769688724,0.04471877820378661,0.14608472146857113,0.018125947149544727
0.10560367843235045,0.04222241015345287,0.13657684801494407,0.13001523482913055,0.14548874241439,0.16451533186117573,0.09601312131953958,0.10750187938438356,0.0720627535906331
0.07489094578911525,0.19216615026510012,0.10346304090159499,0.13973425297761502,0.10919515760772618,0.08318125202789217,0.07939621145898142,0.16315968497501251,0.05481330399696233
0.09417676078117311,0.09564216618854267,0.1347756561606304,0.13164463758365855,0.12883985313771254,0.14163302885775464,0.08541901171028186,0.15735029033801315,0.030518595242233118
0.10061440519442821,0.06767274797664528,0.12376689772672961,0.15123924396101765,0.13823664570563257,0.14591734165920925,0.09692242188804455,0.1313526487364949,0.04427764715179799
0.08763657435886751,0.03964394389331339,0.13455039564543728,0.14051076203104992,0.14250130172735345,0.1727521143293331,0.10158325115038525,0.140379947467036,0.04044170939722414
0.08280657425560689,0.045799496296746504,0.1382337734330326,0.14876573129152096,0.14028076604035392,0.15946878025029562,0.1074844016680508,0.13566272444997735,0.04149775231441541
0.07903951052288359,0.05026087273070007,0.13199873512657292,0.145649311388035,0.13679357970633466,0.15686600926577418,0.10318041966993756,0.1382194673771566,0.057992094212605476
0.20160371815165093,0.16244286371854347,0.13048826650366985,0.0753756820413591,0.10753651710103328,0.11906444805937366,0.06399330824495124,0.08279909994473399,0.05669609623468441
0.14489900157115346,0.032675882576154364,0.13875176840656964,0.09574428746986204,0.10652413987278901,0.08466091996428425,0.18303720246871333,0.16460182985375746,0.04910496781671644
0.09386881794680114,0.02322401085015822,0.17019436899152784,0.11608709740048385,0.15988819124776946,0.20253168514367048,0.06748640269015156,0.07795692254733166,0.08876250318210566
0.0959281817362201,0.07734427477631942,0.12366125650308268,0.11438799805704192,0.14017496260995263,0.19393424809873772,0.05694624664893125,0.12060557490803721,0.07701725666167711
0.04692078831710237,0.3879791625302757,0.05056428908213808,0.07067470172840785,0.048032184623183545,0.045588622837872246,0.22074360318642858,0.11234755802024514,0.017149089674346623
0.09489536691484528,0.09226251771692362,0.10862008403814065,0.13898871820451988,0.11448165292226141,0.15825851478822586,0.06173519578490685,0.1600690845287668,0.0706888651014096
0.042416064353560205,0.05236521416695483,0.14969067923689763,0.13038059411633687,0.13973056627139355,0.22615519090361047,0.06295908432240578,0.13355715087370795,0.06274545575513264
0.036581607237104324,0.05489032276086945,0.12190746827690797,0.07670312084275475,0.09268525399380977,0.0635077854078832,0.03919334122726127,0.07494275524607452,0.4395883450073348
0.10534287826981838,0.021810670138168533,0.12283953557674505,0.09562819744983973,0.10822309146129265,0.13043871154772776,0.17153556923017996,0.17077739417442653,0.0734039521518015
0.287977159011764,0.03296820833117297,0.10545983852316826,0.10460295538059954,0.10412854454846132,0.11394727742726131,0.0759682269756602,0.14292098883937635,0.032026800962536024
0.23488708045159534,0.05308620773205808,0.10959830487925122,0.12777483677848933,0.1461120696987773,0.08341241629138572,0.09007242554715485,0.09446182990321285,0.06059482871807534
0.08280657425560689,0.045799496296746504,0.1382337734330326,0.14876573129152096,0.14028076604035392,0.15946878025029562,0.1074844016680508,0.13566272444997735,0.04149775231441541
0.17544148056800699,0.06619581302719597,0.15092557444980392,0.1088197214652686,0.14983179266523347,0.17505311088373096,0.060798025427261204,0.0842153408820252,0.028719140631473683
0.046511034232719434,0.15245819424945153,0.09788058252995972,0.09929461378224524,0.10882150564838967,0.08017481493068508,0.19877644645508996,0.16114320026766069,0.054939607903798704
0.1076568330500259,0.05353838757704971,0.11692350580887156,0.1290914132657121,0.12843767617639282,0.07794936425571163,0.11348862129733177,0.2047838834588606,0.06813031511004393
0.08280657425560689,0.045799496296746504,0.1382337734330326,0.14876573129152096,0.14028076604035392,0.15946878025029562,0.1074844016680508,0.13566272444997735,0.04149775231441541
