0.12050567507823684,0.10223957929722839,0.13464742122621406,0.09551775633382364,0.0925243065426593,0.10777549268248575,0.0992048355188976,0.047475029119278624,0.20010990420117578
0.12021336339947535,0.08995764113886395,0.10701307124674946,0.11812107574128772,0.08780125671949572,0.1250100877679831,0.17402575077290985,0.056732260156835766,0.12112549305639908
0.1262126413558005,0.11988358689340789,0.11689326045121155,0.12234838666823444,0.1000588870562059,0.12682435105257053,0.12369980890212928,0.053040051658452936,0.111039025961987
0.13315407873571802,0.10456042835840389,0.11065005063918955,0.12261887367795958,0.14824828669711135,0.13782431033599465,0.09557226431241699,0.06299100453539998,0.08438070270780597
0.12416922299338988,0.12130403837795256,0.11534226635077684,0.12467989745956147,0.11361596618107794,0.12602026129077779,0.12024890387910714,0.052671390364617154,0.10194805310273924
0.1262126413558005,0.11988358689340789,0.11689326045121155,0.12234838666823444,0.1000588870562059,0.12682435105257053,0.12369980890212928,0.053040051658452936,0.111039025961987
0.1119204844466224,0.07055462951875181,0.13737554480824632,0.1344696480411053,0.11667213778596054,0.11925268000119482,0.09755194575171859,0.11497107647988147,0.09723185316651874
0.10312774461100148,0.09793855912057793,0.07605112840927282,0.10041193045261247,0.09798082968395445,0.08684778347101675,0.11428455080988024,0.259239518402165,0.06411795503951867
0.12918806277998554,0.11978186600308789,0.11685698486143432,0.13348885980681746,0.10324515805243704,0.1357906137715732,0.11056976493038533,0.06671403206369592,0.08436465773058323
0.11879886861322486,0.1105490955427589,0.09747121788147095,0.10945530831140386,0.2349751947694396,0.11432134849430808,0.09216378049409775,0.03992263538866748,0.08234255050462841
0.11903421723224894,0.1271233688848724,0.10186904098303988,0.1149800933392674,0.07644961549682742,0.12560109402136357,0.15777918622841028,0.08641756787501327,0.09074581593895688
0.12476792714822282,0.11478240426663035,0.10739301374762385,0.11616438447310902,0.11455145370379205,0.12030215868900578,0.10935236997815252,0.07216267764155553,0.12052361035190806
0.0942892873767302,0.10615728031320677,0.09345254707441365,0.09077424603094582,0.17995988729789406,0.08981883408584652,0.19495963523825552,0.038539139218458196,0.1120491433642492
0.10934932163077704,0.12309241506026262,0.1065725530636366,0.11618237351526071,0.0837073812637109,0.11456292029321702,0.186820319393998,0.058268434633597176,0.10144428114553994
0.14101329823176834,0.12412939147350954,0.11219963823746688,0.12609463656560913,0.08533036868774939,0.14194292140101103,0.11054744926090099,0.04886408307667187,0.10987821306531287
0.12293019113949304,0.12562607354492555,0.13122971948254256,0.1180531148012316,0.14217732939131486,0.1251923987737877,0.09439681372201131,0.06293183237197351,0.07746252677271988
0.13005654944632883,0.12731198534529367,0.11915674110220431,0.1245570604833905,0.0948249812009883,0.1275459810227072,0.12556244171679012,0.053841995839632985,0.09714226384266407
0.1397227878237484,0.12235122383624386,0.1074437709461733,0.12717015489291622,0.1600527955833165,0.12645994302133137,0.08953934695090177,0.04076085165003749,0.0864991252953311
0.12306581347636429,0.12292804444953427,0.10823730292005042,0.11788756764010055,0.09106772842851966,0.12611210150277188,0.13664580168489607,0.07423341037202684,0.09982222952573609
0.1174469157979214,0.11440458711069361,0.13873257487011473,0.10069129505567681,0.1038188633065434,0.11466391857045859,0.09930069919992852,0.04886563074298058,0.16207551534568235
0.12361685934975723,0.12154417266393532,0.11491713068859366,0.12514724217838097,0.11692493825378993,0.12572543833691263,0.11940440808601999,0.05263185441592391,0.10008795602668637
0.12282635471657495,0.1137536108799706,0.11053689389400283,0.11629608556546873,0.11201969107174448,0.12103796516096617,0.11381960004858988,0.07215713428939151,0.11755266437329077
0.12881050644467462,0.09085016016167731,0.10425788870164572,0.11856168539868239,0.09428073028166571,0.12760503407648086,0.15393095109163,0.04730811309086481,0.13439493075267853
0.12242481129352174,0.108805663319629,0.12976901002096722,0.10166867622218441,0.09516069138937662,0.11491282210733084,0.10626506918531635,0.04838949841746202,0.1726037580442118
0.1050610231982723,0.1122247833049257,0.11967296415920009,0.10795200696272166,0.14407797012390655,0.11142673494218987,0.0776334778418189,0.15685303997101843,0.06509799949594644
0.13928141112425993,0.13822054143391452,0.1064216047049064,0.11535204840736428,0.06179446853199335,0.1406767399839053,0.11749277344796379,0.07574271199640448,0.10501770036928802
0.11028617734847464,0.15669429362144108,0.10408010007250053,0.1253351350116564,0.07339866543733269,0.1247841126712062,0.17344147370585547,0.04074487505273504,0.0912351670787979
0.12449275057432667,0.12628670336620743,0.11165271262051152,0.12084412165084923,0.08432805561462205,0.12895053267935264,0.14416812826932845,0.061079018517245585,0.09819797670755646
0.13661489663707846,0.11601203800185485,0.10888072830795799,0.12253040754735395,0.09240440854874708,0.13745412470722523,0.08599911619390005,0.1099526227999343,0.09015165725594815
0.141557806373092,0.12422299596059024,0.11200266961816252,0.12616710211522408,0.084761700711531,0.14251094358323366,0.1101062958781508,0.04878617346769023,0.10988431229232552
0.12157410319406552,0.12458807572861441,0.10807471378147356,0.11893813450648598,0.10349535734103965,0.11781806596026452,0.10698071744715819,0.10416493036377017,0.09436590167712809
0.10186187010531415,0.09813501786928001,0.10811374628256885,0.11458312772812511,0.22622633908662826,0.10112796309466987,0.07538616124491034,0.10113758689373413,0.07342818769476935
0.12044391645441627,0.11737926896292665,0.11645755636873395,0.12092273903754353,0.09206311265754596,0.1250565483496321,0.1450109918044405,0.052267369264074125,0.11039849710068698
0.1267800938694069,0.08673979557583898,0.10458203935276349,0.11853245455131595,0.09371473834011008,0.12658990907806267,0.1564831005748609,0.06032807531019616,0.126249793347445
0.11553067334402027,0.11294843203438885,0.10278577139406993,0.11884274690421377,0.22212878231711752,0.11857420014749766,0.09171354170958344,0.039653724466341266,0.07782212768276733
0.11187950018102934,0.1091142001875108,0.11414030443830962,0.11063049697890619,0.10357965169679702,0.10313870700019422,0.09528650043139658,0.12123166519661,0.13099897388924628
0.12329277065343423,0.10865368254502888,0.1092363547815471,0.11574058775285075,0.09951673439540738,0.13459465585339578,0.12738968732999248,0.07377612397693639,0.10779940271140696
0.12854187252688676,0.1268291093318024,0.12673606384009872,0.13323697000088808,0.09977955209684171,0.11506836403592206,0.11560064034917726,0.054207584144042066,0.09999984367434096
0.1395655138063566,0.12162727796019897,0.12029545557181336,0.1342612351437164,0.1118419569467121,0.11746948360878125,0.08364514194356186,0.08627544277790287,0.08501849224095658
0.13584091153289302,0.12767859266172973,0.12538835527570333,0.12080744815494122,0.11863454993709183,0.14002972400092684,0.09144840776590703,0.054012737869989134,0.08615927280081787
0.1262126413558005,0.11988358689340789,0.11689326045121155,0.12234838666823444,0.1000588870562059,0.12682435105257053,0.12369980890212928,0.053040051658452936,0.111039025961987
0.12595680954558428,0.12029435310262522,0.11907388415926495,0.1237266382126292,0.09772109129971623,0.12916427149915638,0.12260590972328954,0.04920007974215237,0.11225696271558172
0.11050925637463678,0.11475622625751618,0.10295352467131151,0.11364894332410007,0.10483967855622613,0.114036250052251,0.09543872272854541,0.13222920147006112,0.1115881965653518
0.12574697073078506,0.13516550164243885,0.11909352984229445,0.12968800463617222,0.07979251462012325,0.11707642419271029,0.13874479161035044,0.06504657457664405,0.08964568814848145
0.08760013522937231,0.08265892484559961,0.09011933202514788,0.0944539819327646,0.11047440029724183,0.09017886286938986,0.053912752773497864,0.3379377765274652,0.05266383349952084
0.08542086128148052,0.12025826911049357,0.08880742427786546,0.08897800511008054,0.07344565179185313,0.09529922364385884,0.07841570978025264,0.22153026980072343,0.1478445852033918
