0.09998654450316384,0.09104747004523944,0.1168576497018679,0.12697725703131918,0.1286661529043445,0.10127303082547894,0.1183789120071649,0.15046736853547146,0.06634561444594987
0.104435097689911,0.10847354220060328,0.12109119285832058,0.1136602700431462,0.12767738871791545,0.10462449349686166,0.10983978572475611,0.11765295112062425,0.09254527814786151
0.11647726679069577,0.11072462583779162,0.10783402190085078,0.11883219259612442,0.1475356799950909,0.10368446289020351,0.10696997661441561,0.09249623712399857,0.09544553625082881
0.08097663686899403,0.15874758085958005,0.1167264974662461,0.13657307170773078,0.09348747912151573,0.09406219079807432,0.09260019395487855,0.09055751788454695,0.1362688313384335
0.11825431630516496,0.10607756765718969,0.08739843454062951,0.12730881633278038,0.16905037960037037,0.09935050238462638,0.11252320659633401,0.08763200872550442,0.09240476785740019
0.11468069085732356,0.10129697576249426,0.1604242288349488,0.09654000883499736,0.12339538666191151,0.11945358287652692,0.08760590672581527,0.15003378755785032,0.046569431888131986
0.10825949708815996,0.10055487479057124,0.14435890503306228,0.11076493141552753,0.12000071911349298,0.10624664583005373,0.11214380708593241,0.11028642843587999,0.08738419120731984
0.0904905413714061,0.11016746975653834,0.11728835602846462,0.108857550157801,0.12571267461881422,0.11429150011027518,0.11517451313658382,0.1397629557369416,0.07825443908317518
0.104435097689911,0.10847354220060328,0.12109119285832058,0.1136602700431462,0.12767738871791545,0.10462449349686166,0.10983978572475611,0.11765295112062425,0.09254527814786151
0.104435097689911,0.10847354220060328,0.12109119285832058,0.1136602700431462,0.12767738871791545,0.10462449349686166,0.10983978572475611,0.11765295112062425,0.09254527814786151
0.09745681883618638,0.09529830998816875,0.09377009610113633,0.13048676100185724,0.12813782094051587,0.10132430636368711,0.10169943082581762,0.08852837747461721,0.16329807846801345
0.104435097689911,0.10847354220060328,0.12109119285832058,0.1136602700431462,0.12767738871791545,0.10462449349686166,0.10983978572475611,0.11765295112062425,0.09254527814786151
0.12892192435921113,0.11343126141444808,0.10597337084710769,0.1316006490734912,0.1373187201591213,0.09530140502001565,0.11056587473508106,0.09445354352954623,0.08243325086197763
0.108265227438138,0.10023980855104057,0.14588486482116605,0.11057356532348701,0.11963167797105752,0.10617012352473819,0.1121180514251282,0.10996103686479247,0.08715564408045189
0.09989549229406998,0.07549565195429735,0.2046390772570589,0.11211912878442158,0.10225715324119733,0.09221681250376962,0.11440338147477987,0.13880255147940382,0.06017075101100149
0.10577859143850736,0.09863085910703367,0.13173103526368451,0.11671800157810948,0.12590202490760413,0.11342398325492702,0.11462923496762605,0.11143166593538094,0.0817546035471269
0.1119892588518398,0.09234589531225908,0.1901116383482874,0.10709689993749107,0.12033135899381749,0.11336076787501542,0.08719035506925114,0.1369027587222648,0.04067106688977371
0.0858877270846034,0.09390250804565885,0.10282060755398302,0.12404162724355533,0.11263587347002163,0.10403968672185183,0.10324646295760981,0.10963369064842061,0.16379181627429548
0.1439775281240555,0.09256911259177641,0.15195427409000267,0.10813335355364362,0.12544882178129682,0.09978648840250326,0.09979367976037114,0.1079478734227428,0.07038886827360778
0.10951735892123622,0.0955654638758892,0.10653374421072348,0.1178960886630621,0.13731326459084822,0.11260364182181648,0.1168232997748111,0.13280137384787036,0.07094576429374273
0.104435097689911,0.10847354220060328,0.12109119285832058,0.1136602700431462,0.12767738871791545,0.10462449349686166,0.10983978572475611,0.11765295112062425,0.09254527814786151
0.09280497823453977,0.113423620055868,0.15192349156388224,0.1284722389056063,0.12582049581781055,0.11778796152222908,0.0913957073529043,0.12544719343133195,0.05292431311582779
0.10445658372294735,0.10574862200500339,0.11161839731848228,0.1189965773237533,0.13315611367889466,0.11020752833302273,0.11174021463875207,0.11801778640437305,0.08605817657477112
0.10437972735048635,0.10579097879198786,0.11176556213105276,0.11893056228918841,0.13309344395789205,0.11013005818188276,0.11172890116838978,0.1180257620609519,0.08615500406816812
0.10017166405117682,0.10881984947962976,0.09765704120355446,0.09651517596040343,0.13147970260617994,0.10789637402521597,0.11470433995855106,0.1448058574301088,0.09794999528517971
0.058351732783568866,0.13310590220082566,0.08999302508604475,0.06260620984358865,0.06247498561488144,0.12801166203127112,0.10324514140409381,0.08501948684396181,0.2771918541917638
0.1638624743652339,0.09968582670952576,0.13075962331923266,0.15701006252076122,0.09518753923580359,0.09090601194950411,0.1226316863246415,0.10710636950451731,0.032850406070779915
0.08542442497404405,0.11634849417467803,0.11099910550774329,0.12423043377558556,0.10994048181726528,0.1261323336075586,0.12289732841707,0.11707335277219715,0.0869540449538581
0.10767183810439485,0.09230714650001065,0.1889373349754874,0.10510986435313459,0.1092969059289423,0.10324709765649491,0.11091888355044983,0.10118030652501414,0.08133062240607135
0.104435097689911,0.10847354220060328,0.12109119285832058,0.1136602700431462,0.12767738871791545,0.10462449349686166,0.10983978572475611,0.11765295112062425,0.09254527814786151
0.104435097689911,0.10847354220060328,0.12109119285832058,0.1136602700431462,0.12767738871791545,0.10462449349686166,0.10983978572475611,0.11765295112062425,0.09254527814786151
0.09017693239727585,0.08641567384703014,0.12730111180457745,0.124790485699807,0.10446233100469543,0.10451403491813542,0.10294916274470889,0.10309816319760833,0.15629210438616145
0.09725806710566087,0.11339317134348942,0.09479386460541128,0.09524109087016043,0.12261902910020493,0.09647972053600495,0.11207501253899595,0.14421562697921367,0.12392441692085852
0.1165553506878844,0.11073540788201745,0.10774343540506909,0.11885609554284386,0.14765169110242105,0.10367050051342641,0.10694382643744722,0.0923860157625856,0.09545767666630489
0.104435097689911,0.10847354220060328,0.12109119285832058,0.1136602700431462,0.12767738871791545,0.10462449349686166,0.10983978572475611,0.11765295112062425,0.09254527814786151
0.104435097689911,0.10847354220060328,0.12109119285832058,0.1136602700431462,0.12767738871791545,0.10462449349686166,0.10983978572475611,0.11765295112062425,0.09254527814786151
0.1163110888530426,0.11070156858768836,0.10802685029846987,0.1187809686768052,0.1472881688951663,0.10371392953507579,0.1070254652166485,0.09273249274773486,0.09541946718936851
0.0759909861489611,0.12340191527748512,0.13495563054071552,0.15150789180369134,0.09624102526783189,0.11488892769147518,0.11032185619466507,0.11181808767351153,0.08087367940166316
0.104435097689911,0.10847354220060328,0.12109119285832058,0.1136602700431462,0.12767738871791545,0.10462449349686166,0.10983978572475611,0.11765295112062425,0.09254527814786151
0.0983821571480829,0.10869521893020746,0.10635165686165904,0.11395237655447682,0.13088717396803298,0.09707935753089003,0.1077520744946371,0.14338441149663006,0.0935155730153836
0.11908341504601516,0.10392297813405917,0.11137603187531413,0.12244390387664743,0.127487395651006,0.09940022100087519,0.11465615812832863,0.1136231757525455,0.08800672053520876
0.104435097689911,0.10847354220060328,0.12109119285832058,0.1136602700431462,0.12767738871791545,0.10462449349686166,0.10983978572475611,0.11765295112062425,0.09254527814786151
0.09190935745440763,0.08605658616967454,0.12963643772082808,0.13483011610477688,0.11678309141419267,0.09168522156133323,0.11760802305466878,0.16978075262144368,0.06171041389867447
0.09000974401443847,0.09996038911875223,0.11722197763961655,0.11701895204464673,0.12944756335066002,0.0977156417291894,0.10279294167349716,0.11202620370532645,0.133806586723873
0.09161856621117198,0.10716918815463783,0.10286481016302489,0.1205161060821723,0.11524054648673969,0.13003251152142847,0.12480220753490028,0.11434961668758992,0.09340644715833472
0.10790937045295274,0.11369922208891853,0.08275229761659929,0.13198844809447507,0.10220145532474563,0.14369799314736756,0.11609437532349354,0.11343775825973856,0.0882190796917091
0.10034257697759678,0.1047631848090816,0.14899189661366347,0.10896283695709875,0.12354768088424672,0.10166928756530817,0.10736776267482097,0.11204544203691714,0.09230933148126641
0.14210497472398023,0.11830749148174753,0.06832555590138568,0.11459222161669602,0.1897159486097041,0.09529272385210596,0.09412514295341062,0.07555536672468817,0.10198057413628159
0.11062819173340932,0.10771583740999813,0.10065154634902544,0.1247748474815218,0.15313071259333982,0.10855378212144778,0.10946345413349162,0.09595834308894456,0.08912328508882165
0.104435097689911,0.10847354220060328,0.12109119285832058,0.1136602700431462,0.12767738871791545,0.10462449349686166,0.10983978572475611,0.11765295112062425,0.09254527814786151
0.09215512832065505,0.10709578467097564,0.10362493789396406,0.1202446193186054,0.11588779388352484,0.12887520630733182,0.12422504409108963,0.11456501219892112,0.09332647331493242
0.11506973339766217,0.10161761648156604,0.167058831082702,0.11379022762366757,0.121224792531833,0.1159034140476356,0.08598069249379701,0.11489127082984334,0.06446342151129335
0.1033746445173354,0.11192022548772358,0.11978410808537525,0.11343822037656952,0.12219967895723433,0.0976586513989101,0.1084678438029239,0.11677616846981538,0.10638045890411256
0.10447018243321042,0.10574123058176162,0.11159271718645891,0.11900805738941929,0.13316699534663673,0.11022102861513648,0.11174214193043731,0.11801635908808272,0.08604128742885649
0.09830645797263371,0.1086972258408559,0.10624168411945478,0.11401009499617733,0.13087981576291605,0.09700034367484918,0.1077100970905801,0.1436332998680153,0.09352098067451775
0.104435097689911,0.10847354220060328,0.12109119285832058,0.1136602700431462,0.12767738871791545,0.10462449349686166,0.10983978572475611,0.11765295112062425,0.09254527814786151
0.104435097689911,0.10847354220060328,0.12109119285832058,0.1136602700431462,0.12767738871791545,0.10462449349686166,0.10983978572475611,0.11765295112062425,0.09254527814786151
0.10789900690524894,0.11359984355710366,0.08363993459087937,0.13155013389797685,0.10303110638607156,0.14221974917017308,0.11599215817089696,0.1136857199838537,0.08838234733779586
0.11138974860894273,0.10360024688934096,0.09938614244403671,0.1279793231497849,0.15297872658986236,0.10418393304183775,0.11039074994115039,0.11341623475976244,0.0766748945752817
0.09997432379280556,0.10890855466081291,0.0968017645173251,0.09590998973588276,0.1314615174206264,0.10795865009579843,0.11480253207053497,0.1459838850784065,0.09819878262780739
0.085338197337254,0.09337171759395074,0.1021461622680227,0.12447131219604061,0.11202037898911767,0.1038881226370446,0.10290549341082618,0.10920835573457936,0.16665025983316414
0.0881475149153264,0.10382505118952505,0.09737000684763597,0.12562545655303806,0.12111447096257748,0.13676486991263442,0.1258759791885065,0.11438033062215798,0.08689631980859815
0.1082642683859391,0.10031156816104164,0.1455356133360823,0.11061738204440648,0.11971600483694217,0.10618793282879165,0.112124183820638,0.11003530489336714,0.08720774169279151
0.104435097689911,0.10847354220060328,0.12109119285832058,0.1136602700431462,0.12767738871791545,0.10462449349686166,0.10983978572475611,0.11765295112062425,0.09254527814786151
0.104435097689911,0.10847354220060328,0.12109119285832058,0.1136602700431462,0.12767738871791545,0.10462449349686166,0.10983978572475611,0.11765295112062425,0.09254527814786151
0.104435097689911,0.10847354220060328,0.12109119285832058,0.1136602700431462,0.12767738871791545,0.10462449349686166,0.10983978572475611,0.11765295112062425,0.09254527814786151
0.0885655341177034,0.12253401530056089,0.1402012388280555,0.13382678495711228,0.11358107181303213,0.0972843900799152,0.10409504942485222,0.11809651016438834,0.08181540531437993
0.10826093666520903,0.10049302205220567,0.14465693839239688,0.1107275721551031,0.11992851644677287,0.10623196809365011,0.1121389932043681,0.1102226894776787,0.08733936351261558
0.08652438021681219,0.0866438125380569,0.21421137338987828,0.10513422807136928,0.09630560293677759,0.11741564981920467,0.11527974993377314,0.09443757683803482,0.08404762625609324
0.104435097689911,0.10847354220060328,0.12109119285832058,0.1136602700431462,0.12767738871791545,0.10462449349686166,0.10983978572475611,0.11765295112062425,0.09254527814786151
0.099954055622528,0.10254908477130857,0.15250649547782705,0.10878379909030007,0.12333737853318893,0.10135193032571559,0.1064856956366818,0.11192244443363723,0.09310911610881278
0.104435097689911,0.10847354220060328,0.12109119285832058,0.1136602700431462,0.12767738871791545,0.10462449349686166,0.10983978572475611,0.11765295112062425,0.09254527814786151
0.13538413733414068,0.1117360352464072,0.10088146861264524,0.12779044653986107,0.1565529273964813,0.09624218852432849,0.10145500625423887,0.09329097259010345,0.07666681750179372
0.09152130497542087,0.09750217326110833,0.10809544677961275,0.11540076818925156,0.11642529178785659,0.12772739788406048,0.1291868784000844,0.13235300246764284,0.08178773625496219
0.104435097689911,0.10847354220060328,0.12109119285832058,0.1136602700431462,0.12767738871791545,0.10462449349686166,0.10983978572475611,0.11765295112062425,0.09254527814786151
0.08196637565311639,0.126814247613769,0.1510629111116914,0.1499674561410084,0.1050238850469787,0.09284231952317101,0.09857262039474111,0.11480728857978457,0.07894289593573943
0.11778655216714186,0.11090128376033226,0.1063175890884392,0.1192192955002902,0.14945635854007067,0.1034409252007336,0.10652557476913727,0.09071222423354074,0.09564019674031417
0.10203148715046158,0.16257413394063933,0.11804193559965866,0.05363006732315597,0.12891711070270295,0.11139038713757667,0.11429385443486458,0.10845256094863016,0.10066846276231017
0.10789725160184475,0.11358673767456695,0.08375667029989393,0.1314926503359167,0.10313907244943925,0.1420278733783786,0.11597858147504259,0.11371760565687905,0.08840355712803823
0.104435097689911,0.10847354220060328,0.12109119285832058,0.1136602700431462,0.12767738871791545,0.10462449349686166,0.10983978572475611,0.11765295112062425,0.09254527814786151
0.104435097689911,0.10847354220060328,0.12109119285832058,0.1136602700431462,0.12767738871791545,0.10462449349686166,0.10983978572475611,0.11765295112062425,0.09254527814786151
0.09935981660108094,0.10922155784594922,0.09421699139936579,0.09410117314621257,0.13131039057759356,0.10811185841730157,0.11504836020575054,0.1496476876212313,0.09898216418551453
0.10826643710938694,0.09971999233631205,0.1484434647257782,0.11025224518762405,0.11901604363367414,0.10603471195665855,0.11206924262332535,0.10942030842754284,0.08677755399969776
0.10360647035695468,0.11988803789991327,0.12099492938913292,0.10536546354958694,0.12730360449383238,0.10455651860575892,0.10973142686511252,0.11613836007513227,0.09241518876457605
0.1140812764675812,0.10267798184355387,0.10087360439827908,0.12299926391214581,0.13656217307508492,0.11558606706511276,0.11148845161733896,0.1166153144270627,0.07911586719384066
0.09992140643837295,0.1025144894218985,0.1527374811776168,0.1087520072451897,0.12330362001062688,0.10132292066609856,0.10646004977686828,0.11188609456305516,0.09310193070027316
0.104435097689911,0.10847354220060328,0.12109119285832058,0.1136602700431462,0.12767738871791545,0.10462449349686166,0.10983978572475611,0.11765295112062425,0.09254527814786151
0.10083413718647949,0.08439252543166305,0.15110705482695044,0.1189916930441282,0.11497698036771305,0.09716212495027593,0.11731690116889304,0.14933168329778,0.06588689972611683
0.09225927943530292,0.10708293943602508,0.10377238375422382,0.12019173588458049,0.1160120207706215,0.12865174128127066,0.12411249699703893,0.11460597629387127,0.09331142614706535
0.09713071834277903,0.10408348843536565,0.1796915874690215,0.11816962777066282,0.1094985764566027,0.1011036701345669,0.10580500220311484,0.1073527951002124,0.07716453408767408
0.104435097689911,0.10847354220060328,0.12109119285832058,0.1136602700431462,0.12767738871791545,0.10462449349686166,0.10983978572475611,0.11765295112062425,0.09254527814786151
0.1226257929444513,0.10341971380036241,0.13250306615379723,0.11550738214464924,0.1389780139820638,0.10489995088863906,0.10788965349905506,0.08343711792231057,0.09073930866467143
0.1863358952214618,0.10867673066064316,0.08613225201433529,0.1438728862722899,0.11985454883123133,0.09195286495762416,0.12470627689684965,0.1009826029075845,0.03748594223798027
0.10020967383882956,0.10464884654200217,0.14992318391719142,0.10882914161703401,0.1234067353444875,0.10155552858374378,0.1072726411029976,0.11189097110551344,0.09226327794820056
0.10825820205736025,0.10060547302532898,0.14411567028920425,0.11079541563590267,0.12005969417193078,0.10625852496170855,0.11214765436738101,0.11033851834591583,0.08742084714526765
0.1381175876355613,0.10499049148063411,0.14096123166270105,0.10332912079875657,0.1060703491631466,0.08196084329636737,0.09350688528037254,0.10446836337723252,0.12659512730522798
0.11269913759984375,0.10769006864205992,0.13703134134117123,0.1148320577183739,0.14135861118852697,0.10150812148957362,0.1031911157636083,0.08624048804257038,0.09544905821427192
0.104435097689911,0.10847354220060328,0.12109119285832058,0.1136602700431462,0.12767738871791545,0.10462449349686166,0.10983978572475611,0.11765295112062425,0.09254527814786151
0.104435097689911,0.10847354220060328,0.12109119285832058,0.1136602700431462,0.12767738871791545,0.10462449349686166,0.10983978572475611,0.11765295112062425,0.09254527814786151
0.104435097689911,0.10847354220060328,0.12109119285832058,0.1136602700431462,0.12767738871791545,0.10462449349686166,0.10983978572475611,0.11765295112062425,0.09254527814786151
0.11737823039747623,0.0857190172428064,0.165811682571669,0.11761958798694656,0.13213434099734211,0.10614381475154684,0.1139816837487081,0.09580123194149527,0.06541041036200941
0.11908702878649373,0.10392201555064264,0.11137394225967463,0.12244570302840557,0.1274872011870236,0.09939902841040886,0.11465715090568741,0.11362216098936835,0.08800576888229522
0.07808221654316656,0.08581713972463322,0.09253300680479591,0.13052812519410284,0.10291679519791329,0.10106751833205141,0.097560123991354,0.10230925732034764,0.20918581689163518
0.104435097689911,0.10847354220060328,0.12109119285832058,0.1136602700431462,0.12767738871791545,0.10462449349686166,0.10983978572475611,0.11765295112062425,0.09254527814786151
0.104435097689911,0.10847354220060328,0.12109119285832058,0.1136602700431462,0.12767738871791545,0.10462449349686166,0.10983978572475611,0.11765295112062425,0.09254527814786151
0.08505441483877935,0.11651936832749503,0.11100665316152909,0.1247329094820034,0.10943996160433761,0.12649045849213103,0.12297064081663583,0.1169190773037288,0.08686651597335986
0.12157432846925914,0.10462078100636145,0.18015053019598323,0.11108705792884481,0.12317243510439979,0.09973811848672298,0.10471982965490584,0.07236642532838229,0.08257049382514048
0.08484245309891476,0.1118100436917646,0.0771588995533728,0.0874814949091605,0.13249055638907306,0.1150606113229418,0.1170299048380921,0.17383500451869685,0.10029103167798352
0.104435097689911,0.10847354220060328,0.12109119285832058,0.1136602700431462,0.12767738871791545,0.10462449349686166,0.10983978572475611,0.11765295112062425,0.09254527814786151
0.104435097689911,0.10847354220060328,0.12109119285832058,0.1136602700431462,0.12767738871791545,0.10462449349686166,0.10983978572475611,0.11765295112062425,0.09254527814786151
0.104435097689911,0.10847354220060328,0.12109119285832058,0.1136602700431462,0.12767738871791545,0.10462449349686166,0.10983978572475611,0.11765295112062425,0.09254527814786151
0.0903627484986705,0.09209774407465543,0.12223708088327434,0.11184932628201309,0.1300545734924535,0.09806793417074218,0.10839161293927684,0.1305995044293843,0.11633947522952987
0.10022969542804289,0.10466605897406056,0.1497828702348906,0.10884926329674606,0.12342797728207915,0.10157268304266613,0.10728698567679447,0.11191421687713843,0.09227024918758175
0.10456052767668604,0.10569286404177458,0.11142468122500011,0.11908288928044235,0.13323780477440542,0.11030923545002315,0.11175441107676443,0.11800676015242738,0.08593082632247667
0.1029783430546251,0.1307762590097059,0.12114750603654456,0.09581280656471898,0.12722000946528633,0.10479204169078225,0.1099184304215951,0.11470078143939731,0.09265382231734444
0.09627510419820502,0.1176224845090974,0.12922396249796544,0.11818201556366276,0.12196133819580597,0.10174597492547015,0.10887218762622998,0.12021705540031385,0.08589987708324938
0.10824691491279725,0.10093944608259287,0.14252337229547443,0.11099484354687433,0.12044691695578998,0.10633397029053264,0.11217092543291779,0.11068117295765101,0.08766243752536966
0.104435097689911,0.10847354220060328,0.12109119285832058,0.1136602700431462,0.12767738871791545,0.10462449349686166,0.10983978572475611,0.11765295112062425,0.09254527814786151
0.13225534333704397,0.08798866509772267,0.13596704128383721,0.12226283143822364,0.13214667178063155,0.09629436398938408,0.0976554992578285,0.1265755123756594,0.06885407143966903
0.09824166501062759,0.09077262755237452,0.19263913756530346,0.10788235247847304,0.11648831223821843,0.10615266253648899,0.10810793210204674,0.10192231103001848,0.07779299948644874
0.10788789138034212,0.11352553602073545,0.08430065311472862,0.1312252356679169,0.1036387310465644,0.14114147084779255,0.1159148911380196,0.11386399937973911,0.08850159140416121
0.10286907115139876,0.07665512349861317,0.24496879801484153,0.0999659229358652,0.09124121726456753,0.09442455222763375,0.10390284307908333,0.08729728355427131,0.09867518827372528
0.1048624681830664,0.1055394467994691,0.11089171655353741,0.11931700432454152,0.13345794641939698,0.11058755009710425,0.11178944817115279,0.11797337225102195,0.08558104720070954
0.09749609533918648,0.092527584410735,0.2320468092636161,0.11371521378668646,0.09759081922342137,0.0984221486050511,0.10249792504069462,0.0952788393613014,0.07042456496930749
0.09527787726449222,0.10489870799728802,0.09110961061639451,0.12848352444479966,0.11734716799920457,0.12537536555683879,0.12279063129512513,0.11221704879720777,0.10250006602864929
0.09413290218773544,0.11404529563106568,0.0570669479894256,0.1466082202001944,0.06564719911367585,0.2092700983428605,0.1338559373165276,0.09818930465292046,0.08118409456559449
0.1045012469593481,0.10572445724806573,0.11153444206274475,0.11903406547635464,0.13319162941791776,0.11025164455694185,0.11174646398379522,0.11801308106513993,0.08600296922969197
0.104435097689911,0.10847354220060328,0.12109119285832058,0.1136602700431462,0.12767738871791545,0.10462449349686166,0.10983978572475611,0.11765295112062425,0.09254527814786151
0.09222584162406335,0.09811414050901117,0.20600271402890843,0.10115636459582944,0.11472569729851186,0.09448570396054636,0.10131810865674536,0.10292279621836403,0.08904863310801996
0.1544004228074346,0.09507013899583346,0.09636237811427878,0.12184808422794315,0.10560938615048428,0.15649338230456813,0.10600029819948782,0.10319550682000245,0.0610204023799674
0.08088898934447304,0.11488177066991317,0.08644464302028515,0.13439149505812756,0.11607566640146606,0.08359776632976135,0.0924526178239551,0.19348860961540107,0.09777844173661747
0.0989317187603131,0.11970674839306324,0.10849908635754746,0.1291396174122922,0.13914037657369496,0.09870397919477132,0.10808492838037798,0.10188024093474192,0.09591330399319782
0.11244604826573572,0.0926026240631448,0.16862566011890248,0.11973330894015388,0.0807645983929756,0.1371853159012925,0.12094961496029283,0.09085634815046395,0.0768364812070382
0.13085512169472294,0.09342456941013182,0.21006296441091668,0.11511267263977176,0.1324690489188046,0.10945891661991598,0.06276877387825985,0.10589861867768237,0.039949313749794026
0.12276279538442508,0.10336109583423651,0.13277871856194204,0.11548426733208166,0.13902147217600921,0.10485651078523489,0.1078327090799057,0.08320009794856544,0.09070233289759955
0.10024367543105928,0.17109697212840247,0.11924517097265586,0.05703060220648348,0.1279956268010266,0.10882220679320564,0.11257939826014669,0.10687286427898723,0.09611348312803276
0.104435097689911,0.10847354220060328,0.12109119285832058,0.1136602700431462,0.12767738871791545,0.10462449349686166,0.10983978572475611,0.11765295112062425,0.09254527814786151
0.07235149914491433,0.041512501633397696,0.21083914932211897,0.08427226889506739,0.10019785869872506,0.1602418413989841,0.07577265196995243,0.17229458733085865,0.08251764160598139
0.13288679373838377,0.0985012351936027,0.08499874412449941,0.15111498421459743,0.09939921429663233,0.11764121481840456,0.15140518872166356,0.11149384851778334,0.052558776374432986
0.10932827466188773,0.10697237339736983,0.15737646294496518,0.11509053377070837,0.12599686678591432,0.1129395998241205,0.08822747273816672,0.12106386271439425,0.06300455316247307
0.11938944340771072,0.10384167046252464,0.11119951030968094,0.1225957339232313,0.12747073602191153,0.09929936329604826,0.11473996401295222,0.11353721966833569,0.0879263588976047
0.11261350288481953,0.1077343907854872,0.13653144829163608,0.11485732109394999,0.14126342851793716,0.10160342821235606,0.10334885209215128,0.08659655094264462,0.09545107717901802
0.11160073596823643,0.11380360141801256,0.1182249119073358,0.12490711124792059,0.12246839386782322,0.09696833365310774,0.11363425166719553,0.11714026428950434,0.08125239598086377
0.11670073075498007,0.11075539505307792,0.10757481589474216,0.11890031787637052,0.14786719176802068,0.10364430853329328,0.10689501076644481,0.09218213308127125,0.0954800962717993
0.10390071263522827,0.11033763163447356,0.12052393882801925,0.11365039894169993,0.12496146510381716,0.10100558979113512,0.10923449988930534,0.11731137671969749,0.09907438645662392
0.104435097689911,0.10847354220060328,0.12109119285832058,0.1136602700431462,0.12767738871791545,0.10462449349686166,0.10983978572475611,0.11765295112062425,0.09254527814786151
0.08462783069818575,0.109914467708498,0.22015439115646285,0.15210252934017296,0.10039673244890612,0.097247565633516,0.07629140624511395,0.10859383538437128,0.050671241384773115
0.10895280813146342,0.0927725236024648,0.13771451598624898,0.106578029782885,0.12224910206380064,0.10577836104620035,0.11750675675892423,0.1308961489430289,0.07755175368498383
0.1017452803257739,0.08857508017567255,0.18894156461152392,0.10974429733879325,0.11239981967266449,0.11120124951667232,0.1130620367453604,0.100038764683082,0.07429190693045723
0.11062002601281988,0.10771773581638251,0.10067713823380646,0.12476255690817777,0.1531012780163037,0.10855140523579944,0.10946610255305071,0.09597532683705033,0.08912843038660927
0.10288133221849695,0.11313051819308939,0.118952791030018,0.11304149160674377,0.11953734791607695,0.09470055793053911,0.10759772745856815,0.11609175714344822,0.11406647650301942
0.12476926428252695,0.0863894108372107,0.2523629299230687,0.10318871893922898,0.09239404552488302,0.09869802481715333,0.1075916783226147,0.05724690844071514,0.07735901891259839
0.104435097689911,0.10847354220060328,0.12109119285832058,0.1136602700431462,0.12767738871791545,0.10462449349686166,0.10983978572475611,0.11765295112062425,0.09254527814786151
0.09028143122933933,0.09563436631821735,0.15505831165909004,0.09385757671069876,0.11888279335269299,0.10469247430816196,0.11195224683645112,0.1320178341077314,0.09762296547761697
0.10055134033344293,0.10581419733394697,0.10204746898844497,0.10126813421929921,0.1436576377091375,0.10126626017968132,0.1043551920586907,0.11796052264928793,0.12307924652806845
0.1082564544442387,0.1006679808440506,0.1438158983695552,0.11083297825445854,0.12013243858147171,0.10627303962847141,0.11215229291692341,0.11040280504361989,0.08746611191721049
0.06067760389088148,0.06744914177258253,0.10595403477660008,0.10733584020034696,0.08038935201863456,0.07485888628542108,0.08341222893354272,0.13139536868241597,0.28852754343957465
0.09175677648376253,0.10809614415112821,0.08411122068551156,0.1330639185441755,0.08979823955371553,0.17363103784394762,0.1267069897497481,0.10434628649976109,0.08848938648824985
0.09592389964979005,0.10453086517976555,0.08851498938658646,0.13394258955604327,0.10540954342231033,0.1296685575892925,0.10876687226250707,0.10876065228583742,0.12448203066786738
0.07268494894238646,0.09486550911892666,0.08805951282790475,0.13960705768764767,0.095641168835762,0.14570772479429162,0.1432432469757695,0.14550489156666652,0.07468593925064478
0.11078135804132443,0.1156243297858021,0.11777920283483977,0.12582050305058437,0.12007718730865068,0.09317529968543097,0.11325779984221214,0.1168760444017375,0.086608275049418
0.10822752242218873,0.10132656286570102,0.1407075806664749,0.11122197768443004,0.1208912650172226,0.10641467839641998,0.1121929836556228,0.11107579934651603,0.0879416299454238
0.06671830925314802,0.07781148683292212,0.05437004352768382,0.08937337226497434,0.130074918581573,0.10690173164692744,0.08263881435614753,0.13825742213143796,0.2538539014051857
0.10460218235350982,0.10567097692554546,0.11134864299960075,0.11911658910825773,0.13326962366596612,0.11034907623274909,0.11175976894079877,0.11800226927479963,0.08588087049877262
0.104435097689911,0.10847354220060328,0.12109119285832058,0.1136602700431462,0.12767738871791545,0.10462449349686166,0.10983978572475611,0.11765295112062425,0.09254527814786151
0.12918832044851344,0.09058100935983249,0.14019977566570452,0.11617283256086262,0.11396339247657684,0.12252329649120978,0.11170510068112731,0.10501864457317976,0.07064762774299327
0.104435097689911,0.10847354220060328,0.12109119285832058,0.1136602700431462,0.12767738871791545,0.10462449349686166,0.10983978572475611,0.11765295112062425,0.09254527814786151
0.13260500587602886,0.10541069432338429,0.10477136850012246,0.1274133017287652,0.1400020099196238,0.09509702481108184,0.11891777308990352,0.10301911963859318,0.07276370211249682
0.1504560094322656,0.09077675954120733,0.18848811093689324,0.14910488417166554,0.08953523763987027,0.08523162427827996,0.11574503748442129,0.098975877587418,0.031686458927978646
0.104435097689911,0.10847354220060328,0.12109119285832058,0.1136602700431462,0.12767738871791545,0.10462449349686166,0.10983978572475611,0.11765295112062425,0.09254527814786151
