0.12851045051332718,0.12478332952691755,0.16065491946101793,0.11159178874559113,0.12285883206345005,0.18658547729385053,0.05665563159030628,0.05879673929220643,0.049562831513332885
0.19066800535870576,0.03832426231202007,0.1629296914778061,0.21168683063119564,0.002307843255409525,0.01102589103465471,0.08875583588343912,0.2704202637780409,0.023881376268728008
0.15294380730061832,0.1299953684744108,0.09781654640496325,0.11537753910400615,0.15104646919324805,0.1837850735464238,0.05189779815182499,0.06295534395727319,0.05418205386723151
0.1254614321178277,0.12535452642842518,0.10104071045236103,0.1190732059467229,0.1406040903962874,0.1259662516454156,0.06590044031291876,0.07811983724884332,0.11847950545119806
0.09152161501515814,0.1296503664142085,0.148900275483295,0.10760873341932715,0.12680972253419753,0.18627288461430327,0.06057498832061614,0.09865992341886813,0.050001490780026074
0.1247713765033216,0.125728459799974,0.10167352596265054,0.11991562997785282,0.1398862306175681,0.12719627729099833,0.0650971828135223,0.07787471699954258,0.11785660003456973
0.08180040417773062,0.08236595842829435,0.08374248703814625,0.051107648047718494,0.07204001776626244,0.02479271799050906,0.08742552902862448,0.08244577457861152,0.43427946294410275
0.07335132380782712,0.11265990944935474,0.2841423310243288,0.1095015988508554,0.08761478750864345,0.1350727434831217,0.06798544762476849,0.05917760058648621,0.07049425766461408
0.1411344089439819,0.07422166471727283,0.055095420584442716,0.05525161970968088,0.12011163297162279,0.03524198274935197,0.2921634832404127,0.10600474226541425,0.12077504481781998
0.1745556953470826,0.12686864444130663,0.08962847133839602,0.1069517707645223,0.1511953579474096,0.21177279197528118,0.04467590713548001,0.053996537387889974,0.040354823662631704
0.08116599045429607,0.12038944326227506,0.09964942073259918,0.12915758213560208,0.05614864599117511,0.025658218180062017,0.04138039456880609,0.2520754375045801,0.1943748671706043
0.09660816131739253,0.14480897461046266,0.1090485139426337,0.08938726843357349,0.09970952831730556,0.13538921344259686,0.1153690560630183,0.11780495305558102,0.0918743308174359
0.12349657054833413,0.12641049482873426,0.10285213272841642,0.12147953607225093,0.1385365621423588,0.129497172797458,0.06362543515492146,0.07742103405262142,0.11668106167490454
0.0459718819804844,0.06410031796787423,0.23610821108127097,0.18692088580974542,0.015849608826947827,0.008931228474607018,0.06209130373853588,0.33687146812527985,0.04315509399525439
0.14359365786628245,0.06572275294123413,0.0533385874374483,0.3448226700607133,0.005554975915981545,0.009488048698811275,0.06163833073067376,0.29003190751549845,0.0258090688333568
0.06533515408933759,0.06746108743649083,0.20944584475529626,0.01834801804361761,0.0038246988724509033,0.009595118095092088,0.04194408180573584,0.2910096322891907,0.29303636461278815
0.12349657054833413,0.12641049482873426,0.10285213272841642,0.12147953607225093,0.1385365621423588,0.129497172797458,0.06362543515492146,0.07742103405262142,0.11668106167490454
0.07964495530491554,0.11898570564168498,0.1663560060328022,0.24858294350247126,0.09308027326400149,0.09786931693920513,0.04194878445553587,0.1047517146631387,0.04878030019624475
0.12665930576692214,0.06772284588910749,0.047094102076826794,0.037603723183899644,0.07159534436060672,0.012040172086303718,0.2881943467928549,0.21007571244102832,0.13901444740245036
0.1402579394658029,0.08448996735129131,0.0651092294227421,0.0632819027043693,0.12973105163932286,0.04569115255448577,0.23924788277605136,0.10210184717219323,0.13008902691374125
0.14404759748536214,0.1294236715028116,0.10053936198177547,0.11657714879189,0.14991318904261153,0.1605258552194355,0.06003203256122767,0.06934991459483449,0.06959122882005163
0.03509682251998155,0.10110855893540506,0.3667914251671296,0.08609601209353422,0.055754658920521644,0.10171531727301882,0.13600488691794413,0.057110358041482935,0.06032196013098207
0.33373455134074187,0.025114936032067988,0.05073356490472136,0.02117818145689448,0.0038713876606788077,0.014462134492361993,0.3883395766481334,0.14927097822535354,0.013294689239046581
0.17999011637678242,0.12588897549226744,0.08749994680185276,0.1048843641018869,0.15062833318595303,0.2172552953294111,0.043183366614076325,0.0521045493650636,0.03856505273270654
0.13648039770104842,0.1037384527221486,0.08370868785440398,0.0829686537403237,0.14138694724515075,0.07145351588538967,0.15066515232253833,0.09337199794167615,0.1362261945873204
0.09769735859356377,0.10021080294916286,0.0875072103746588,0.06517197237122595,0.09878742805681191,0.04822640207869341,0.07282757658867024,0.0748062738790929,0.35476497510812016
0.4564210731944259,0.09031491998559453,0.05869806134493046,0.07272728727819834,0.05688935776721027,0.0939327147719795,0.04733692003646608,0.09115852956927904,0.032521136051915915
0.09512085526720611,0.07234364818154045,0.12055286294857133,0.0546252212390339,0.08490847671239161,0.02826276349707028,0.3556770248131979,0.09785192659172347,0.09065722074926501
0.1188645665061075,0.12348646527745007,0.09620424413003693,0.12389850075721189,0.13490340631137585,0.12540870468538579,0.06220789314119569,0.09437239716260477,0.12065382202863152
0.12465212146114157,0.12579274759951425,0.10178325614525453,0.12006151269852172,0.13976126813165843,0.12740994296957195,0.06495883557313305,0.07783232208599916,0.1177479933352053
0.34644729791311785,0.09107827692983968,0.061062477278590176,0.1918523999147024,0.08329027579769394,0.11961937279497481,0.037104562200309055,0.031312701983113554,0.03823263518765852
0.12349657054833413,0.12641049482873426,0.10285213272841642,0.12147953607225093,0.1385365621423588,0.129497172797458,0.06362543515492146,0.07742103405262142,0.11668106167490454
0.09074742421613262,0.11797762760166802,0.10013564851727051,0.08246788904169271,0.09571300956639454,0.07624615143791359,0.03823738490466345,0.06760137440754214,0.3308734903067225
0.14904064092018912,0.1287199743337328,0.11913635475310819,0.10485375158953603,0.12428976243569123,0.21801143128369752,0.05930693647773905,0.05601329088072563,0.040627857325580406
0.07836804875878912,0.061076825493407184,0.31906650295374733,0.007751455304507634,0.007634362985347483,0.004223241623372109,0.10338388479303895,0.3750893491318039,0.043406328955986256
0.0437097870776536,0.07999644574953381,0.30775951805703833,0.05853091842739656,0.06154009685334588,0.0327004836730005,0.286521547723899,0.06663981608312719,0.0626013863550051
0.12349657054833413,0.12641049482873426,0.10285213272841642,0.12147953607225093,0.1385365621423588,0.129497172797458,0.06362543515492146,0.07742103405262142,0.11668106167490454
0.13465462456968827,0.12958208791021375,0.10248745126814301,0.12078555278300696,0.14551403206830751,0.15163878143204038,0.05931709217388451,0.0720061283296607,0.08401424946505483
0.10109793654222049,0.1233284880090515,0.165191392251247,0.12005506927701141,0.11534419227930785,0.1302441551650129,0.06733971776347766,0.07368998852122914,0.10370906019144203
0.17997632203697425,0.12589149449103135,0.08750532933402316,0.10488953979738964,0.1506299792864693,0.2172420538735229,0.043187007590879255,0.052109186038890386,0.03856908755081976
0.10520799462535037,0.11698776883708327,0.17216768305205984,0.10855081959640979,0.11966124261909088,0.10919222970495475,0.08201481639011295,0.07678122427731628,0.10943622089762184
0.06959139067513546,0.09380406118788069,0.05326127746165115,0.03792453728159049,0.05270579541434487,0.03187483060410431,0.028318120997737933,0.18781491817583604,0.44470506820171907
0.07344838311615949,0.09890787581333337,0.06396497045781652,0.06953409672840966,0.13166373348645588,0.07409515759879369,0.12781356992159124,0.23683575095666454,0.12373646192077555
0.09818031281383179,0.13172472773460298,0.09466871657323188,0.11436697982431769,0.1460407895419196,0.14827575417450642,0.06222819174324671,0.11648389228268154,0.08803063531166133
0.12596819063787054,0.12436482916972347,0.10079155064315488,0.1168191729034876,0.14080188832632823,0.12195398407407358,0.06991801303718183,0.07910519386409516,0.12027717734408473
0.127110529251105,0.1229457427391487,0.09982729895236907,0.11375558164538392,0.14158083289380166,0.11688585304784532,0.07500704826787673,0.0803385630685221,0.1225485501339475
0.07679499958669439,0.10380774041322925,0.3054036080337218,0.09075397105058702,0.06264862188465793,0.2087223228679631,0.07178427841947839,0.04131569418482483,0.03876876355884345
0.01975114800232504,0.10674890697396995,0.4433729656313843,0.0517754244135909,0.026921329375589706,0.02244857301590934,0.12529058110088703,0.1282251287897496,0.07546594269659425
0.2583191963807471,0.10929200283326203,0.06678525885284929,0.07794999057497388,0.15041109672286085,0.1943218409829408,0.06134624636980937,0.04812832534029446,0.03344604194226223
0.14141835118255286,0.07063267887829333,0.05164454273318558,0.05271679914974583,0.11629559263167132,0.03191791767019275,0.3114071742301225,0.10739442164356601,0.11657252188066987
0.12475121776128678,0.12573933391085176,0.10169206702346607,0.11994028374449377,0.1398651258097713,0.1272323723897412,0.06507378701325495,0.07786755129200931,0.11783826105512478
0.12349657054833413,0.12641049482873426,0.10285213272841642,0.12147953607225093,0.1385365621423588,0.129497172797458,0.06362543515492146,0.07742103405262142,0.11668106167490454
0.05939308126246224,0.08018957223139271,0.07148545059164298,0.016976766870042174,0.005294752516609675,0.005631029341505257,0.062275149730177067,0.28508698903451557,0.41366720842165233
0.13828093831902646,0.09672253384915687,0.07704303919476484,0.07490905005426308,0.13816452872776805,0.060764486031033654,0.18141153023641302,0.09690327501266983,0.1358006185749042
0.1662910447857526,0.12827048245864778,0.09286478388654223,0.11018193836404881,0.1516788788075111,0.20231874572446015,0.04718591615503547,0.05714274574709156,0.04406546407091034
0.027259926534937615,0.071084425456939,0.33553209631831327,0.03455874553424234,0.021315196608144234,0.007480554227365696,0.17310439146752177,0.2782881089204855,0.05137655493205059
0.022565372414963505,0.049346218100858576,0.39056506171676103,0.1518681484076785,0.006915175598575358,0.007448063877359312,0.21848460808701942,0.13425679097763096,0.018550560819153416
0.13678721818454406,0.10276914654891023,0.08278900384242811,0.08177974327213917,0.14104837227778066,0.06986278887250472,0.1547652458743867,0.09388586652921488,0.13631261459809152
0.12349657054833413,0.12641049482873426,0.10285213272841642,0.12147953607225093,0.1385365621423588,0.129497172797458,0.06362543515492146,0.07742103405262142,0.11668106167490454
0.16490779751883175,0.1280628051764397,0.09398833625360581,0.10958167310565815,0.15320353149978153,0.1915146257639043,0.05195547004314327,0.05989945923507664,0.04688630140355879
0.13128637755888894,0.11521470630125137,0.0944639167097155,0.09935925950637436,0.14257404053274816,0.09424148651264931,0.10517546115937564,0.08647645414840983,0.1312082975705868
0.22806733234227727,0.04851434135214568,0.25999624001940935,0.03277622040200788,0.0024802869931644413,0.007810925505408599,0.07600790204944725,0.3058575662098592,0.038489185126280294
0.01664453375287046,0.07792809193883622,0.2293242856201562,0.15912501329103282,0.028224448902460775,0.01509066922989659,0.03957327700394369,0.3870195923950595,0.047070087865743813
0.12349657054833413,0.12641049482873426,0.10285213272841642,0.12147953607225093,0.1385365621423588,0.129497172797458,0.06362543515492146,0.07742103405262142,0.11668106167490454
0.07139722298269628,0.09249445229264149,0.13990221659782343,0.0483240793845597,0.04367350516101789,0.024210152245550533,0.037536040729457036,0.10364051093434025,0.4388218196719134
0.12349657054833413,0.12641049482873426,0.10285213272841642,0.12147953607225093,0.1385365621423588,0.129497172797458,0.06362543515492146,0.07742103405262142,0.11668106167490454
0.12349657054833413,0.12641049482873426,0.10285213272841642,0.12147953607225093,0.1385365621423588,0.129497172797458,0.06362543515492146,0.07742103405262142,0.11668106167490454
0.0938924458647209,0.09201439210293912,0.14651691953118695,0.07000159222940915,0.09710394909398001,0.048177498002314294,0.2556262996424841,0.09116841403243403,0.10549848950053146
0.26518808240228847,0.02475233505294741,0.29764601213075553,0.016739990870424767,0.0021079059755110103,0.00616829239025989,0.2419253233655773,0.13296102535071372,0.012511032461521875
0.10550296153638629,0.03895057444221351,0.4429281224310036,0.019154319263887738,0.004525570644934142,0.018765285874553058,0.24254240723650247,0.11430985131179527,0.01332090725872386
0.03539689973839163,0.06709837631392232,0.04055468719868188,0.03068083906351327,0.06311787675574472,0.021877437847466794,0.08938846339309185,0.29814963358158536,0.3537357861076022
0.01703039298812549,0.05509643199907419,0.38887931966166106,0.13102591845250652,0.009517562156804127,0.006233957256129802,0.19357328358584344,0.1747096441163175,0.02393348978353782
0.08860194962765859,0.1153022193121987,0.09897748079822849,0.07781853007753371,0.09264162273383937,0.06998198288158458,0.038738916965803144,0.0674659085264366,0.3504713890767168
0.13789233079610955,0.11182033737901347,0.20629618090811577,0.0933141098491605,0.09175383465578833,0.22766567112538535,0.05252034178698519,0.04193130431704628,0.03680588918239549
0.10481483209950691,0.09484770694614257,0.06907414049026415,0.05534890604201095,0.1011753193303968,0.05571569964208767,0.07050981908235228,0.06757496870390924,0.38093860766332943
0.12349657054833413,0.12641049482873426,0.10285213272841642,0.12147953607225093,0.1385365621423588,0.129497172797458,0.06362543515492146,0.07742103405262142,0.11668106167490454
0.11722459754693082,0.12022368079807973,0.06459816640559579,0.08244342634514584,0.14404109474164686,0.1903360348365559,0.04393837766424726,0.20591409388915818,0.031280527772639635
0.04294006516183509,0.09002267300095368,0.044126836489771094,0.0469385076206103,0.11947581117844198,0.07163152665503651,0.14751098913099445,0.3545265237639537,0.08282706699840313
0.050240423294822166,0.07166228451998864,0.20059968959033803,0.0293629326071087,0.004811018092322316,0.009959992334242449,0.03761232148717691,0.274111270263432,0.3216400678105687
0.10074973485476661,0.123228253363848,0.16641131380656882,0.11997773479961989,0.11499635633854961,0.13021340439351128,0.06736149119897587,0.0735817174477988,0.10347999379636104
0.12349657054833413,0.12641049482873426,0.10285213272841642,0.12147953607225093,0.1385365621423588,0.129497172797458,0.06362543515492146,0.07742103405262142,0.11668106167490454
0.14034490261161428,0.08353656201304627,0.06417920438918807,0.06248074028396247,0.12891042065363828,0.044650472415549876,0.24403612105669015,0.10247483629709864,0.12938674027921182
0.12349657054833413,0.12641049482873426,0.10285213272841642,0.12147953607225093,0.1385365621423588,0.129497172797458,0.06362543515492146,0.07742103405262142,0.11668106167490454
0.12349657054833413,0.12641049482873426,0.10285213272841642,0.12147953607225093,0.1385365621423588,0.129497172797458,0.06362543515492146,0.07742103405262142,0.11668106167490454
0.1246826849430488,0.1257762809555365,0.10175512343186754,0.1200241166373827,0.13979331975497652,0.12735515246346754,0.06499427892601081,0.07784318826353488,0.11777585462417468
0.10031460436549011,0.13451263093081933,0.12377524569575704,0.10568095855268246,0.12979507102754023,0.20833788663724992,0.0628753269749064,0.09063643046415022,0.04407184535140423
0.1315587696390115,0.11594926689758799,0.09451730278958674,0.10058498900283626,0.14339736249837295,0.09633030900106665,0.10116137631243811,0.0857995303909469,0.13070109346815298
0.14214291185770367,0.10412389284207783,0.08941446993215606,0.06922996358623391,0.09721356535496815,0.16331791613461116,0.04834322361811483,0.25912853793826673,0.02708551873586772
0.19134049481072157,0.12333518696750545,0.08472193129534171,0.09930935257102086,0.1528029169489649,0.21025798195112064,0.047993154269914566,0.052471950835322474,0.03776703035008785
0.15148430821244185,0.12940670809282653,0.09855079945001038,0.11438213214368224,0.15184540906112368,0.17279223685223313,0.056908951042604315,0.06577293351723468,0.05885652162784324
0.03306784673466523,0.06306782665060236,0.28639508301058175,0.04570771747399865,0.044130780510368346,0.017419246950219004,0.4020991212498773,0.06131288243575873,0.04679949498392876
0.19587888553078803,0.1092628829781667,0.06814292895826031,0.08770424391114869,0.1228029440322967,0.13582436497443412,0.049377691338001795,0.18140607861077362,0.04959997966613003
0.12349657054833413,0.12641049482873426,0.10285213272841642,0.12147953607225093,0.1385365621423588,0.129497172797458,0.06362543515492146,0.07742103405262142,0.11668106167490454
0.3859064003797685,0.09456461878211843,0.07586989867916775,0.0874570441717993,0.10379379392392835,0.12449160604281913,0.03901054363608767,0.04448284338156716,0.044423251002743684
0.04120467764698753,0.10056551435832461,0.3625147685569842,0.08096367631002224,0.0597432926429091,0.08969817058131059,0.15651651489857893,0.06028569303718236,0.048507691967700335
0.12349657054833413,0.12641049482873426,0.10285213272841642,0.12147953607225093,0.1385365621423588,0.129497172797458,0.06362543515492146,0.07742103405262142,0.11668106167490454
0.05041930913789231,0.11702971350749698,0.2079602301934226,0.09175940051471082,0.09782975643678093,0.16326055866522332,0.06363549185148994,0.16260143527377421,0.0455041044192089
0.07578397340896104,0.1172553374689249,0.11650407285025954,0.09288728720871575,0.10813627694561147,0.13217979724687648,0.06571909648728215,0.22555424801353494,0.0659799103698338
0.14474782399025385,0.12386650984821897,0.0842529418936495,0.10177453552497638,0.14399095637934112,0.15591682023646966,0.057610842585712384,0.12921069413389283,0.05862887540748526
0.090533725604663,0.12660649358480994,0.15871918848046518,0.10727884402831551,0.12696471549720775,0.16742958846113484,0.06318224262803955,0.10257073284988276,0.05671446886548146
0.1331942431197687,0.12416498802703729,0.15820499065531876,0.10974664774167563,0.12280620218637972,0.19431097193166544,0.05474982802596002,0.05665578935944299,0.04616633895275146
0.14561081828683464,0.1303725836290282,0.10013103825967612,0.11795545161878285,0.14961861379017996,0.17176551850749813,0.054799596792035964,0.0664957327420222,0.06325064637394202
0.12349657054833413,0.12641049482873426,0.10285213272841642,0.12147953607225093,0.1385365621423588,0.129497172797458,0.06362543515492146,0.07742103405262142,0.11668106167490454
0.2204353409779605,0.02973055085136637,0.16031145278539702,0.023624538729399503,0.0030967054792716275,0.06010326206563399,0.4063770538343725,0.08131335563872243,0.015007739637875986
0.08871953587845004,0.12819519524564724,0.09288623146046436,0.11287748577934735,0.13884343377824915,0.13052525993485753,0.06520608872685156,0.13088751381261451,0.11185925538351815
0.03129066660427724,0.05149034096815921,0.24624115774191405,0.03907938472668881,0.03463362082210847,0.010010858162275938,0.4873005642829522,0.061211684857479576,0.03874172183414443
0.38849556020013054,0.09421043014154219,0.07415692942567935,0.08531929351345237,0.10523031965482638,0.12690610902243746,0.04027670104452439,0.04340933411957252,0.041995322877834786
0.13886144149986507,0.09387893935718007,0.07428925465640697,0.07196114290186854,0.136514278596206,0.05692181355317175,0.1943569301777228,0.09820359306961234,0.13501260618796643
0.33252362451283646,0.03434084286032556,0.1545667633081082,0.006331452925245039,0.002752903652033352,0.011675610237086102,0.1229346231451362,0.3117657763554298,0.02310840300379932
0.12349657054833413,0.12641049482873426,0.10285213272841642,0.12147953607225093,0.1385365621423588,0.129497172797458,0.06362543515492146,0.07742103405262142,0.11668106167490454
0.12349657054833413,0.12641049482873426,0.10285213272841642,0.12147953607225093,0.1385365621423588,0.129497172797458,0.06362543515492146,0.07742103405262142,0.11668106167490454
0.019865530324144218,0.06811481359485382,0.27869448492484733,0.1744040374219943,0.016309509132428235,0.010554648415394802,0.10959220596515627,0.28723105594139975,0.035233714279781274
0.14134897347143455,0.08176217028129923,0.03591885513922416,0.03248924048007463,0.005961295854470964,0.006474425193947035,0.03430620292125026,0.27340279382223537,0.3883360428360639
0.17242245004520998,0.12691389032012293,0.09115139463535556,0.10682458876901402,0.15291792745876587,0.20045439573525892,0.049505593885594674,0.05697387477925409,0.042835884371423945
0.09971012150525123,0.11327696781696843,0.2536767838092186,0.10351516493963343,0.10232408756071672,0.14915919253683677,0.06724306920870614,0.056381147796885626,0.054713464825782966
0.1362597128874857,0.12325746526304536,0.15869275595870055,0.10800489274108273,0.1214367324468378,0.20028020342089828,0.05341069964233894,0.05477954368353156,0.04387799395607905
0.11284331051536108,0.11493427597233401,0.2278635066580144,0.10212326827863472,0.09808822867960924,0.1965947392607078,0.05646116402810297,0.04869460452378573,0.04239690208345006
0.0252073338240624,0.0671312306095384,0.23272112661442435,0.24233354026647336,0.01489573735559544,0.013579047282264873,0.06591942077373725,0.30624752609775907,0.031965037176144885
0.03374151408285498,0.07889749870689931,0.20892425067925227,0.044220178398810935,0.03365555091057974,0.015691510128511908,0.10957966819186232,0.14056607435409443,0.33472375454713404
0.15846243525454645,0.12061040409365771,0.14172417594732603,0.10048949479031533,0.12356815374068601,0.21522510360482783,0.05118053564889733,0.05022757466356459,0.038512122256178616
0.14155893420851834,0.06802522424113464,0.04917838461803579,0.05095544566938804,0.11327148040900982,0.029583465114126056,0.3258133699158449,0.10846549802726352,0.11314819779667884
0.11032884217287671,0.12802100447287046,0.12888358048799942,0.11667579309585431,0.12442839141631605,0.13167621292581325,0.06954243690484178,0.07867875783581768,0.11176498068761036
0.05267139093940279,0.12277629308130643,0.06709041610796698,0.0840051738797627,0.1381279443682221,0.13398351870508488,0.06611471657537715,0.2688472440671658,0.06638330227571118
0.0976839403826983,0.10838169822999237,0.07793047023378784,0.05964515481611051,0.09440933690306408,0.07759064042446749,0.04103815850282061,0.06164123081059201,0.3816793696964668
0.29483896088949263,0.050463836457815804,0.19890443230233504,0.013881680518427983,0.003999619433131115,0.009933207639370152,0.059235102771950536,0.33004991797329497,0.03869324201418175
0.22097239596419183,0.07730508131605668,0.04420146935105062,0.02934285061407278,0.046580887601000896,0.04435124448070434,0.05012496230509378,0.3061100703247534,0.1810110380430757
0.3980928594341305,0.09266769958743397,0.07255448605506232,0.08295637759940326,0.10461193258127251,0.12115220784237231,0.043010258672088846,0.043445708409432376,0.04150846981880391
0.12469115629457439,0.1257717157022491,0.10174732708191662,0.12001375249098727,0.13980220047891265,0.12733996981413054,0.06500410445329834,0.0778461999546391,0.11778357372929217
0.033988714047139906,0.06581862751983926,0.3229483733422917,0.017800962310360362,0.015248860731356756,0.005431196071719695,0.14354230824590436,0.3125521056105948,0.08266885212079321
0.3678519426521902,0.09654732947911811,0.10160629078316145,0.10546409135058817,0.0935631406766394,0.09097264466467149,0.03724872038208319,0.047477773535050116,0.059268066476497905
0.15023179501431747,0.1301991986385229,0.09872207085069566,0.11637126978814048,0.1506253568975791,0.17949042055004263,0.05294967173269615,0.06424092680301528,0.05716928972499027
0.10734166391870686,0.12091930024751439,0.06650863096596142,0.08507081155560509,0.14226143628981183,0.1752450194434149,0.04747802990729281,0.21906589008896826,0.036109217582724354
0.12349657054833413,0.12641049482873426,0.10285213272841642,0.12147953607225093,0.1385365621423588,0.129497172797458,0.06362543515492146,0.07742103405262142,0.11668106167490454
0.14149789622119543,0.06849446655769637,0.04962365546077226,0.051271702850573676,0.11378323074656725,0.029995780522757535,0.32329695241649065,0.10827220592136462,0.11376410930258218
0.12349657054833413,0.12641049482873426,0.10285213272841642,0.12147953607225093,0.1385365621423588,0.129497172797458,0.06362543515492146,0.07742103405262142,0.11668106167490454
0.13957899625073467,0.089574837546099,0.07009578179579691,0.06779795409473648,0.13363546985548327,0.0515245455341587,0.2145526727036097,0.10005819750394622,0.13318154471543503
0.12349657054833413,0.12641049482873426,0.10285213272841642,0.12147953607225093,0.1385365621423588,0.129497172797458,0.06362543515492146,0.07742103405262142,0.11668106167490454
0.07181408702564397,0.0675815034100062,0.07229478882172324,0.04451409671380507,0.041610077735692946,0.011107498223269943,0.11958567694825532,0.14624751499542185,0.42524475612618157
0.3622957722560238,0.06516374126270581,0.047724383674967875,0.07832235587809237,0.02483533967886775,0.037224298042801834,0.04299720985237751,0.31799051584468935,0.023446383509473753
