0.04138240364193543,0.4697341649257525,0.024599070265766538,0.05759816608450082,0.1140136403266282,0.0842778294305323,0.14129229779316235,0.0007833159967321305,0.0663191115349897
0.05844584497084101,0.036337131080763446,0.002757148370772717,0.594425781664627,0.04762438218064479,0.08199951122675504,0.12808029379074257,0.013611595895234946,0.03671831081961852
0.12429912991037788,0.04605707237181266,0.15737278997324972,0.0781436210201204,0.13027041567578732,0.08773357053039915,0.11251439588707218,0.12743389155763057,0.13617511307355012
0.1325201699106856,0.039228229986007536,0.16250184433980389,0.07547417664592712,0.20562556245164862,0.10099437920994662,0.1272925838650113,0.015692983469385167,0.1406700701215841
0.05978203887235627,0.04664109377826739,0.02205929555434996,0.23478065760958144,0.07165737294916386,0.3209697365847876,0.10773136797907479,0.10068439180953008,0.03569404486288862
0.049643134473285826,0.40783023512494604,0.13139766797981972,0.05516394960573909,0.08421295675236938,0.06513893522816949,0.08143095355802733,0.030115559454303494,0.09506660782333963
0.10999255551650255,0.053964835943930034,0.07773249082483535,0.3004840695604272,0.13881700035754654,0.100034224364275,0.12201696779867494,0.016311473423110172,0.08064638221069814
0.11845900157783534,0.04880628500463225,0.14607085731374694,0.07793571237499373,0.11976553328645552,0.08488191627387054,0.11067884497176202,0.1650561733430236,0.12834567585367998
0.09608519606114785,0.11365857352135895,0.13769624645419787,0.07453699687152973,0.2073612855098476,0.10414351375556895,0.13462007339297188,0.006189780549172431,0.12570833388420477
0.1370065332752287,0.037387333217596894,0.17536906215536618,0.07666879988017143,0.16806188411168388,0.09458252772898591,0.11807603181524666,0.04530343926694256,0.14754438854877783
0.12241410342747318,0.049877723033117355,0.1581451400798877,0.10427705641773033,0.1385643755164376,0.10632175394007037,0.12141452287307215,0.07061543896748879,0.1283698857447225
0.12047080318716996,0.05640284625706401,0.17180829860902022,0.077945862766322,0.14080231060169446,0.09025675916375638,0.11274297489199707,0.08731657305301899,0.14225357146995707
0.15536237395003757,0.06376506721487242,0.006316560471970686,0.15180052330995547,0.05254297038326853,0.372744868488388,0.10001692451426471,0.08130999468972715,0.016140716977515547
0.1407280189242448,0.0691876281287416,0.1496822401267285,0.09241552074528596,0.13937978644997623,0.12252197486585036,0.11141279843098906,0.05140274102717498,0.12326929130100854
0.0946069886210688,0.11877447079781848,0.14704872018915138,0.07546655687005359,0.11044481260188194,0.08219425057942632,0.10472840663442388,0.14582105646811136,0.12091473723806419
0.12202826922526709,0.045271503381805966,0.07501160370706883,0.07866093369032913,0.27762408517202813,0.11916865846927993,0.17306068005314876,0.0031652285586052653,0.10600903774246691
0.0852106733941882,0.0691033206723206,0.034395619001070764,0.40250976096254537,0.08717358005210561,0.07879017444829291,0.10936953180700071,0.0706869841336854,0.06276035552879052
0.12077768305147228,0.05573098206147294,0.17220029369589943,0.07519972215995065,0.19295459498703252,0.09938077969204288,0.12335633370679495,0.017168024973793782,0.1432315856715405
0.0736106378292959,0.25961724374308776,0.14725957984454183,0.06652164957470345,0.10423525612572948,0.07557908937734241,0.0946386991751284,0.06751453971020656,0.11102330461996424
0.08602947781301712,0.05854531957150109,0.08246747880677002,0.07057630749649747,0.0718185889253432,0.06796307317892213,0.0996672841452916,0.37874344527256953,0.08418902479008784
0.13717013682521806,0.054656488880754216,0.04232701832363552,0.11338504145818669,0.08112750554273913,0.35079129369663464,0.0981502217221787,0.08751799242709389,0.0348743011235591
0.20024894586225997,0.1615078505629175,0.12220210420989168,0.0648044417142778,0.14050700462021568,0.0972464702497345,0.10436688886360722,0.014337020317627994,0.09477927359946763
0.10805226739894129,0.04974640461675595,0.12725261464943868,0.1273430741297661,0.11810003968209105,0.12535775905084248,0.12493544997380927,0.11531004089252898,0.1039023496058263
0.12255556411653913,0.04687571592531886,0.15395586186284851,0.07805234051975664,0.1267678051811101,0.08685195318134586,0.1119504271665503,0.1390330597078334,0.13395727233869714
0.08367712985158911,0.18530408640467036,0.13941275293202618,0.07078236481539554,0.17716043984638144,0.09553392329966814,0.12136574589162612,0.007335675655406386,0.11942788130323673
0.06507038868101774,0.3674089331368024,0.10955128812537314,0.06187894063362359,0.08600396693944849,0.06898707039115479,0.08864696930871335,0.06683846085136165,0.08561398193250476
0.10122526946016143,0.08039101421620265,0.15080475843000418,0.07622072159807781,0.11288426953339158,0.08279770554144511,0.10628706029707068,0.16269782337710262,0.12669137754654383
0.11672894345590916,0.06193973611222797,0.18197260718255348,0.07539816587096382,0.1787872259031408,0.09628700335463895,0.11851458521457302,0.02368351590436059,0.14668821700163223
0.10772106674702725,0.09307674345795595,0.18123722011824706,0.0758114810393659,0.15421622202235585,0.09257257902006764,0.11262384966053744,0.04056427650637071,0.1421765614280722
0.29121258584172716,0.1152549214612994,0.03555132677414428,0.10070737327593204,0.07626248789186368,0.22230049558830967,0.08788799106036627,0.028997781125430683,0.041825036980926746
0.08745132586125144,0.17002370017093382,0.1559519454964091,0.07069734924681713,0.1686868907533344,0.09346726960940664,0.11617238919504068,0.011068416267410864,0.12648071339939587
0.09700829363647577,0.131073669748118,0.14228686253814285,0.07397754357115834,0.194318381296938,0.10104208185060574,0.1281704201930316,0.008088659623553747,0.12403408754197598
0.01741319492716677,0.6118225429679867,0.043672812863884636,0.05569242899803237,0.02887388819387271,0.06911913381078993,0.0946852894519175,0.021798888005005568,0.0569218207813438
0.07571777492151972,0.2328400326593152,0.15697265371854272,0.06760444955198236,0.10908660145118869,0.07732648773739087,0.09610549255889739,0.06620495430787716,0.11814155309328588
0.0741076257631837,0.24216098769645233,0.14103512475903854,0.0662235560283553,0.15377715254345317,0.0876710550971264,0.11071823667193421,0.008330714765231647,0.11597554667522474
0.10784212672353,0.08750032684048854,0.18397510072481338,0.07574700192579897,0.15298123896059665,0.09213587878730874,0.11205272424318373,0.04340014598016084,0.14436545581411928
0.13854673537385231,0.06419694551265943,0.032619765087299905,0.11856896472295375,0.08854773662551617,0.0645261695809541,0.12882034404810255,0.0473077781522942,0.3168655608963676
0.12984235058095986,0.043159014408934465,0.16797343878150714,0.07838665571563654,0.14431833586956924,0.09072753888814739,0.11449514915096626,0.0888763866585469,0.1422211299457323
0.12626368140943034,0.04508107861056585,0.16118320686812296,0.07821227112484741,0.13456278867066826,0.08873771578919291,0.1131628106425906,0.11423836485105571,0.13855808203352601
0.08128164258363152,0.31551361421112967,0.13759704472951897,0.06010271502263257,0.0882807491560057,0.0687604255727835,0.08661111517215044,0.061736780608837936,0.10011591294330972
0.26469888795214175,0.07152811855068203,0.03932746346482479,0.10066690956277208,0.06996506762693482,0.08611749789047002,0.11736496974882182,0.061447623747603784,0.18888346145574894
0.08602947781301712,0.05854531957150109,0.08246747880677002,0.07057630749649747,0.0718185889253432,0.06796307317892213,0.0996672841452916,0.37874344527256953,0.08418902479008784
0.08602947781301712,0.05854531957150109,0.08246747880677002,0.07057630749649747,0.0718185889253432,0.06796307317892213,0.0996672841452916,0.37874344527256953,0.08418902479008784
0.11979747068594203,0.048450224295401086,0.14646765535697456,0.0961295212298655,0.1254078403084867,0.09626244314906496,0.11769949536369366,0.1247206130689525,0.125064736541619
0.11241053128482505,0.0507195375035653,0.13366256653026728,0.07657725633347189,0.1087846157165085,0.08154493560471983,0.10855258789718462,0.2073759145524717,0.12037205457698578
0.1211111152720039,0.05626549031722881,0.17738241268572116,0.07540877488096022,0.1844125906300128,0.09776455197766602,0.12058955410920763,0.021781385961083255,0.14528412416611627
0.1910425785871753,0.13203291829995725,0.1138770745485133,0.07592752725330147,0.10317517204268307,0.09075216793839797,0.10180839334950477,0.103520460774427,0.08786370720604002
0.25893562339982407,0.06426102277199426,0.09633277119081612,0.07210196418089761,0.10273754081352211,0.08374775753204271,0.10566032957056158,0.13697793200312577,0.07924505853721586
0.09482757165935872,0.05603857743069535,0.09939101556118708,0.07269718594351872,0.0833946082128487,0.0723440411204238,0.1024328301330107,0.3229798496322451,0.09589432030671179
0.05497107478303609,0.33239579131512376,0.1389474608344828,0.06222762763286483,0.0910969216099924,0.06535682479388576,0.08496022966325677,0.02954077053182132,0.14050329883553622
0.13376775922777284,0.03352262397135089,0.12669074684876214,0.0756416798854029,0.24334436999293782,0.10859582762160104,0.1441052482003636,0.007243054985070906,0.12708868926673791
0.08702734105086234,0.05792768367909559,0.08418759656462559,0.07051034340871368,0.0726821576647276,0.06836049912698665,0.09993892354393814,0.3738073429244316,0.08555811203661882
0.08182085632209805,0.16916565645612358,0.15626721594498003,0.0801402819215104,0.12961746832051002,0.12395045693391486,0.10852007499953771,0.035594416416035515,0.11492357268528987
0.07543394142619363,0.2629252799980223,0.13689896522033526,0.06576225954753821,0.14537716671294568,0.08543815015481478,0.10728182119452905,0.01052411407373704,0.11035830167188414
0.024536983168401253,0.5921220687741321,0.006264972164566743,0.048917595520275546,0.06188199478990509,0.0957713726336236,0.12978448489358635,0.0004901983647068694,0.04023032969080238
0.08009723647334471,0.23477897034444364,0.15663576627854428,0.06815124126784493,0.1235215515784183,0.08137241490554438,0.10014445415250199,0.03714093702390352,0.11815742797545424
0.14265443804200542,0.0299676730135382,0.1545760603669546,0.07481740560548443,0.21223299897175515,0.10155574292309977,0.12969209400226564,0.015302090938918175,0.13920149613597865
0.13292462819399764,0.04088174365321694,0.17231109542231202,0.07754857574499209,0.1516280959675166,0.09206129158753984,0.1155688634459693,0.07138948814903744,0.1456862178354181
0.11973843426349269,0.04929909573274587,0.1369050848924592,0.09009744407547797,0.11652013636628544,0.08471735906235568,0.11192827559020448,0.16759467891309957,0.12319949110387907
0.09615318594306066,0.0855350106446048,0.13709447607658545,0.12717328678571152,0.13116690413003207,0.1418952512356891,0.11141355326218323,0.05093167511090352,0.1186366568112297
0.11014121758816947,0.04755947929362243,0.13126602860405978,0.11839712756809088,0.12115894811690407,0.13060208803256138,0.1222704384004744,0.10491374738605219,0.11369092501006539
0.06555218310182635,0.534435127161976,0.04081838948103885,0.0524658557409358,0.07466630295672598,0.08240787094023966,0.08923457996376864,0.01088085922862754,0.04953883142486112
0.11289863956698713,0.46221099623756334,0.05234294165265826,0.05097384533010829,0.08601263082663042,0.09554818982909428,0.08670608382934504,0.005396906162475908,0.047909766565137325
0.35154541496257047,0.06372449317754697,0.019294216617096845,0.05373018630615539,0.06121224403423073,0.3009189373358318,0.07671240599083788,0.05104825665855806,0.021813844917171882
0.3344905532268509,0.11463708258208154,0.07141864782865426,0.06062780182484129,0.08511987491694693,0.07955530857954769,0.0907422146468038,0.10187422497465737,0.06153429141961625
0.10442047260586425,0.07811911353718494,0.15969156402077564,0.07677043196537026,0.12008683329890256,0.08494527229562375,0.10758509757964237,0.13603526452952222,0.13234595016711412
0.12730808011981767,0.043649942218100556,0.1621343851908364,0.09527019546498168,0.14357804063387367,0.10034179048568836,0.11999063374197678,0.07418931656262598,0.13353761558209887
0.01576543974690451,0.5929588944665364,0.04333014887107713,0.057163259671227006,0.028744366340402217,0.10121934863347469,0.09015699982723065,0.0168040711434437,0.05385747129970355
0.16457852452286767,0.09190192500402461,0.13304925784851748,0.08121090293239693,0.11468666981781143,0.0895766927013044,0.10999540501326503,0.07292631625660648,0.1420743059032059
0.12850077612152563,0.1396447639913712,0.15510487666325692,0.07344376248093577,0.12042441329039226,0.09683055905042597,0.10228719107399513,0.0669882493772076,0.11677540795088959
0.03525200883599638,0.5555917008552104,0.07357739322731759,0.04846532453181237,0.05310152240150967,0.07897827863254799,0.08507720020157906,0.005126584128693897,0.06482998718533273
0.06949715071271458,0.04130477336254376,0.011941901838569103,0.5194074627749915,0.0665786367958289,0.07688677919995285,0.11195038924948923,0.05399988154934051,0.04843302451656948
0.1183472496225042,0.047391335161752646,0.14272468767128269,0.11512413063376226,0.12873691399374568,0.11115877369229987,0.12414525543223089,0.09305869726670087,0.11931295652572098
0.06781122809807892,0.2841800958502769,0.1223799895345658,0.06438375936047497,0.1507536309267099,0.08645587426358732,0.11174033329298617,0.005760100516131052,0.10653498815718898
0.12728483399756507,0.13346013405893525,0.13204909486131367,0.08677514093376541,0.1087005843192536,0.08232137286936277,0.10440984774577446,0.11820770690041266,0.10679128431361712
0.04593078238120945,0.08801061985719554,0.0724558134854925,0.1926248599287004,0.11153635851188672,0.261850909265722,0.159519784323493,0.005207639831382602,0.0628632324149178
0.12164988482537065,0.1593059830192387,0.16164405207469476,0.07105232280286682,0.12694007404984878,0.09688475017078817,0.10156093815024468,0.04160426230077171,0.11935773260617577
0.08517054379810214,0.11765845563433049,0.1518198582947424,0.08727450626887905,0.11026206579261284,0.09665567843849732,0.10958407440288277,0.1230856824034899,0.11848913496646311
0.13807433810060013,0.0897495778873134,0.15509600180078176,0.08258747754304603,0.12378804705473649,0.08989112351369799,0.10935312465649856,0.08877895985440803,0.12268134958891762
0.1164933807082742,0.06648919889045962,0.18216074123574577,0.07684576242118928,0.15369093586149132,0.09259656491586916,0.11350622611732926,0.05225982981984653,0.14595736002979484
0.16541796064889605,0.049802840301342244,0.13745063163695112,0.07741552838834581,0.11904920035679174,0.0976661597102878,0.10861866773599647,0.1289757719028689,0.1156032393185199
0.12349123760917725,0.05368859501895412,0.1595841502124454,0.08086082450040541,0.138464866491955,0.0860082963714736,0.11176995901889597,0.05926020318475833,0.1868718675919349
0.017752219133669537,0.6045451956227051,0.04866655013448071,0.05553098649638736,0.030697697096055188,0.07421253253697617,0.09071102437231375,0.021853053013833817,0.056030741593578265
0.0048264410388107575,0.5000110182888869,0.003940080408200004,0.04982372475938052,0.006348501307710037,0.253118704148147,0.15709926388366663,0.002890039015868826,0.021942227149329207
0.3310383983967411,0.13858945931389302,0.0002873518154490029,0.06171308975813608,0.027094974571048137,0.2890721242712726,0.11508670402872663,0.03109012572454448,0.006027772120188981
0.15954175480153898,0.05361261523848205,0.1473239485640946,0.08386351419585686,0.12681800509908112,0.0908847847749078,0.11303503669662414,0.10212191845192255,0.12279842217749187
0.11870366446071719,0.05770871850906947,0.16755998603953728,0.0780479657139583,0.13547024094260804,0.0891282300426372,0.11200241372075749,0.10163751476294515,0.13974126580776988
0.22179996402496868,0.038129360846517135,0.10611242218922644,0.0691118413972114,0.21676756894784796,0.10051041118780026,0.13536897808873347,0.0071254651075147385,0.10507398821017992
0.11129799986307548,0.07098961019454779,0.17728439128720064,0.07738496665605386,0.1390358835242322,0.0895125995525397,0.11056984252335794,0.08126974607073574,0.14265496032825664
0.24437787480304896,0.38487734440059856,0.02360258986129933,0.03923615780637175,0.08150141425719183,0.11606786817999537,0.07820428181028871,0.003249203630696323,0.028883265250509188
0.12140413240994279,0.05755682848341296,0.12757460529023257,0.15760616641255892,0.1304399265464792,0.0961976321831338,0.12158821151699482,0.0748960166258903,0.1127364805313547
0.08602947781301712,0.05854531957150109,0.08246747880677002,0.07057630749649747,0.0718185889253432,0.06796307317892213,0.0996672841452916,0.37874344527256953,0.08418902479008784
0.11826088797807983,0.04903277846729843,0.1428375524851735,0.095009655239149,0.12144826360653856,0.09484082364868242,0.11692060328152905,0.13810968762410566,0.12353974766944353
0.12826994315802287,0.03782247649074741,0.1642189270125589,0.09261454767150847,0.17432328080218928,0.11633718510305163,0.12202655048419155,0.02671282595690448,0.1376742633208254
0.11400536355787155,0.051516452407202505,0.12628183074005922,0.08910697420842921,0.10778899324523106,0.0818598332763748,0.11005870835947847,0.2037010675280615,0.11568077667729171
0.02599693623743815,0.606936110604998,0.024053369011582115,0.04907133757490458,0.05737823793792102,0.06969915117674445,0.11230339626556762,0.0010065539793747437,0.05355490721146922
0.11250257764195461,0.06189181652840522,0.15352779060017005,0.07765184381266656,0.12127119246739408,0.08555609615869204,0.10972854098100054,0.146884656433151,0.13098548537656587
0.137559224870886,0.03682711818076071,0.17522441129538271,0.07647358561363075,0.1706540571472268,0.09496078137681546,0.11854664884359505,0.04216061211527875,0.14759356055642373
0.04022913455346188,0.049232296964829426,0.0733462462468983,0.09001286641442945,0.06935863778469013,0.056330521739951116,0.09453616538215925,0.2841218140300205,0.24283231688356002
0.11691948371673926,0.0636625468032493,0.16016692573078126,0.09942394999946451,0.13240722780106226,0.09288124555450583,0.1145467205445247,0.08768618725253356,0.13230571259713927
0.1942337148611565,0.04836329652543156,0.14103521337873737,0.07439480888183465,0.12806388440487218,0.08675860567836884,0.11075016086751992,0.09678958228153767,0.11961073312054138
0.10215775084981904,0.054850875825622654,0.10429790884011005,0.08548626679393735,0.09045438900537776,0.07553911518422556,0.10580330283699042,0.2809927562271639,0.10041763443675328
0.22157146008637693,0.059563698391255804,0.0035469086485433953,0.16324486287154574,0.04831201937230348,0.3334675456013658,0.09767457946059098,0.05805085039784257,0.014568075170175237
0.20842787256464268,0.056218795013005175,0.14798173670706463,0.07220217378090488,0.1515477377460329,0.0906514566594734,0.11297687997707662,0.039444831382652014,0.12054851616914762
0.08919747239755106,0.33226015962925404,0.11359626501089848,0.07803689787984372,0.0855249057977091,0.07970631579488131,0.09086945045429835,0.04942310537789404,0.08138542765766985
0.11041318505405673,0.051329823639451454,0.12965977293700146,0.07613377290236366,0.10553880661891542,0.08046834906334549,0.10785205192134413,0.22097090266813413,0.11763333519538756
0.09456753407445406,0.13084744708166282,0.172760536765415,0.07475151909205673,0.1291222879133145,0.08623587112693558,0.10572952813181623,0.07202290845485071,0.1339623673594945
0.32490722763554447,0.1363127795902657,0.00048267424997381947,0.056982844453400856,0.021168310057724973,0.28450310436981513,0.11029976044510457,0.05840807063795007,0.006935228560220472
0.14217152677508474,0.06600969724671145,0.03707479130823416,0.251614105684808,0.08239596347740596,0.09779219765670365,0.10903691102927175,0.15660406353132444,0.05730074329045593
0.11790849200265878,0.06368564071990321,0.18349643924834688,0.07613675614038255,0.1650729668727891,0.09448999007990218,0.11559832202339244,0.036623729836292356,0.14698766307633251
0.07607312346288518,0.06140915080256846,0.08268185944925532,0.07319367863248294,0.07271721339301201,0.07107582271706119,0.10051699813155386,0.38259388430915386,0.07973826910202712
0.08602947781301712,0.05854531957150109,0.08246747880677002,0.07057630749649747,0.0718185889253432,0.06796307317892213,0.0996672841452916,0.37874344527256953,0.08418902479008784
0.13169764994099128,0.044989654740927865,0.16926845195512852,0.08875485627562403,0.17863121798263606,0.09697482057561217,0.12107717480427255,0.026853577331840017,0.14175259639296744
0.4261084757425415,0.04966125613829154,0.07413869283845875,0.05627738289018445,0.11519551540636092,0.08358866838706984,0.09648365752466087,0.028708648242284224,0.06983770283014794
0.21265655484955945,0.3023398402080601,0.04338288489427875,0.06531240600582856,0.07844378254800603,0.123877380623446,0.08889629571752733,0.01201274114779473,0.07307811400549903
0.26562709626635267,0.0457930489655326,0.12872357820868144,0.06913847495638394,0.136915665899426,0.08580058005900605,0.10920049548619731,0.050300014919711,0.10850104523870897
0.3461053030466705,0.15342137720411098,0.06962288186716896,0.05675013958758501,0.09008525234743957,0.06879646424182012,0.08980841959729984,0.06535616190880372,0.06005400019910142
0.11153606914839358,0.0799676610454231,0.1555080072763768,0.08145555361416797,0.12827543616001294,0.08492184441818418,0.10950927842777343,0.06984096377367226,0.17898518613599568
0.12310314582973654,0.0535812468713427,0.1757832889705935,0.07771964581922108,0.14779621099182924,0.09157732189920204,0.11380487770901587,0.07188589966092836,0.14474836224813065
0.1299621270739074,0.044288140527342555,0.17695327480115589,0.07577586358044218,0.1814610849373598,0.09692921856515639,0.12012358704708997,0.027712359809759824,0.14679434365778601
0.12624681340387892,0.048370696964100325,0.18156162250578037,0.07661481527281631,0.1625336383024969,0.09380717891447825,0.11579621869546623,0.046499355760612655,0.14856966018037004
0.19271384527459703,0.044793115882161776,0.15026210217832722,0.07431957042315002,0.14063514772527805,0.08920814188731278,0.11268188315541694,0.06938672375465826,0.125999469719098
0.08602947781301712,0.05854531957150109,0.08246747880677002,0.07057630749649747,0.0718185889253432,0.06796307317892213,0.0996672841452916,0.37874344527256953,0.08418902479008784
0.10776796390444915,0.07681312687729622,0.17310725743095542,0.07692687017036975,0.13187849878983615,0.08792474069773916,0.10918525591372368,0.09619111411966007,0.1402051720959704
0.1362573742105121,0.13266952534136647,0.15844530944461807,0.07252672033925968,0.14414514547117196,0.1033438667858445,0.10716518170010086,0.027126542622684695,0.11832033408444166
0.28407295066523064,0.06547231202619458,0.11789844011926824,0.0680179177227635,0.12867362152233977,0.0858512151223026,0.10621005996739025,0.049321594616699695,0.09448188823781073
0.1135957893600224,0.060929920506614665,0.15544416792364116,0.0777768266791136,0.1231529008923035,0.08607487840845886,0.1100926373999136,0.14066152014627392,0.1322713586836582
0.17335028561799726,0.04229543146931377,0.1597734997918579,0.07535213633114583,0.14993651674601327,0.09122095365807555,0.1146010987225121,0.059957283682646044,0.13351279398043828
0.08128714674040859,0.05833525378697648,0.13165415773712486,0.085884763590583,0.10487912584715342,0.07443289212433556,0.10468265479473776,0.13090506087189419,0.2279389445067862
0.11441190224562885,0.060064100960474875,0.15581124550539274,0.09487220956793845,0.12872132080253576,0.0966795799298133,0.11652177040166266,0.10443917029157558,0.1284787002949777
0.11537267218186752,0.04970894512254359,0.13957673420375136,0.0771170518778726,0.1136638059424367,0.08310991137642153,0.10956540903932793,0.1874494540296793,0.12443601622609944
0.06894239006574693,0.29884212560383255,0.14783818443967497,0.06307825978696457,0.11006207758712129,0.07498511352795441,0.09326847454431979,0.03334731570494719,0.10963605873943828
0.11906905177602091,0.05757343478877755,0.16877170657898674,0.07802418531261594,0.13681064751627184,0.08942402430126661,0.1121734844233197,0.09772010183826879,0.14043336346447188
0.07381450793075235,0.04201395332594284,0.006716760357034582,0.545056161971265,0.05836293995743418,0.07802977580071545,0.11464485817861088,0.04036165916179802,0.04099938331644662
0.04141284336599866,0.04533877168982529,0.0015029964733744457,0.6055034792326753,0.032724201674775515,0.07167650978435296,0.14476443468884884,0.023321266300566818,0.03375549678958211
0.0593624524865391,0.3334957602684881,0.14936775097364663,0.05909771061781665,0.09807179820912158,0.0697727669367633,0.08702374563255173,0.035087656731165574,0.10872035814390736
0.11292724035407743,0.0659902386056737,0.1495728719058337,0.07582557344887796,0.2156073800480303,0.10475112140472435,0.13371631840863643,0.008607128274326125,0.13300212754982
0.12150098622102863,0.047332698636075365,0.15185146566075053,0.0779525586974022,0.12468666997202049,0.08630620139824367,0.11160415115874885,0.14615945265019814,0.1326058156055321
0.22481655106810985,0.0460473920160823,0.13665252708340522,0.07344454774929075,0.13223580380702968,0.09972621343200094,0.10858029306994244,0.06622446650637967,0.1122722052677592
0.11751413060893788,0.04729647313282548,0.14927418864463693,0.08614657662407088,0.1247961576334743,0.09962110442808832,0.11423360714445725,0.13755709573604635,0.12356066604746263
0.12011120689762729,0.04911381779843919,0.13820424606940487,0.08952838474901069,0.1174227812767024,0.08494888940023256,0.11200705081545707,0.16465450610569207,0.12400911688743381
0.03731952115465332,0.5748102705433222,0.04350756416706513,0.05461177802011959,0.06207624626497524,0.08213719550371552,0.0867948850978044,0.009918606998764698,0.04882393224957993
0.13703626895488955,0.03207560747653226,0.15494996517806492,0.09051960594727249,0.18717312666263808,0.11597039454941928,0.12390971977634073,0.021487204318136652,0.1368781071367061
0.03318660184681929,0.5831557788471018,0.037604757070225356,0.0550355983214351,0.05667686027583716,0.09391611974535811,0.08654652126906691,0.009842374044998348,0.044035388579157904
0.10668038700619169,0.045022313321985676,0.1415966307961742,0.11096321077087094,0.12643329731431807,0.15008833959682352,0.12256890041429362,0.085478510496053,0.11116841028328918
0.09236874480357575,0.1358436240643057,0.16619920614882633,0.07431388874806986,0.12115198596719973,0.0842776673589365,0.10430773287626345,0.09116491329780169,0.13037223673502102
0.12319790008731984,0.05351019254970418,0.1760500969317191,0.07769324769704218,0.14826742759988457,0.09166220585107308,0.11386632304129712,0.07085578064974983,0.1448968255922101
0.13202971248602566,0.040457402234715355,0.16769315506529556,0.07523597691509384,0.19832969012694512,0.09973387533997047,0.12498193346268772,0.018294804535342695,0.14324344983392365
0.12697698154569895,0.04470555809082588,0.16254041504147124,0.07821975495151806,0.13621115386207247,0.089102866656102,0.11340233735973924,0.10944856362454636,0.13939236886802583
0.18070412426980254,0.05725043405346745,0.10824211798769312,0.07249332983732841,0.0970875055437475,0.07803422174520946,0.10493431791454205,0.20459654055178464,0.09665740809642485
0.12218785521839577,0.054550274411622635,0.17435199537361554,0.07783055352298639,0.14508174266385196,0.09108175298592729,0.11340256384872983,0.07764802368723954,0.14386523828763104
0.09329139957667831,0.11439848220444597,0.14235677867935712,0.07508909413946181,0.10634321872423913,0.08080965042378548,0.10397248643861982,0.16538475400828426,0.11835413580512812
0.13469658406525503,0.039507297059478634,0.17437195664336236,0.07731502312528817,0.158372930236321,0.09313536064999713,0.11651252451533549,0.05937310418807832,0.14671521951688382
0.10932430471928085,0.08280341729595142,0.18376620490439902,0.07516834140074562,0.16538267919954341,0.09436653431950276,0.11483202979452704,0.02941470976578185,0.14494177860026805
0.10910988440528469,0.08317813330549644,0.18334595858333444,0.07505438213608086,0.16693876614550032,0.0946382529853065,0.11520648805296214,0.027774641157428892,0.1447534932286057
0.21442218921759948,0.34945890045052114,0.0024249483150447647,0.02786949967833008,0.01827118077155886,0.2489627197897922,0.1209095344801085,0.007464951807608782,0.010216075489436208
0.12779636045536824,0.04775387309683047,0.18017271475413454,0.07643870446023715,0.1689351891991048,0.094992143615912,0.11729638202347338,0.038831572243389546,0.1477830601515499
0.08602947781301712,0.05854531957150109,0.08246747880677002,0.07057630749649747,0.0718185889253432,0.06796307317892213,0.0996672841452916,0.37874344527256953,0.08418902479008784
0.08970323856151001,0.04655369091620706,0.027606262597869996,0.4051300140129204,0.08110947300314152,0.07676308076681522,0.11146562411292534,0.10182095235428383,0.05984766367432658
0.0961157996178516,0.10823997436090071,0.15466930506478918,0.07564643423597621,0.11416523598246682,0.08312312497414291,0.10518399979997244,0.13664345132325856,0.12621267464064165
0.12540957581653167,0.04552462886137845,0.159554369224772,0.07820735527868165,0.13270037736487464,0.08830944077087623,0.11288356365350477,0.1198903469742466,0.13752034205513397
0.131161986558196,0.036317364089524885,0.1299195850945469,0.07562975378659774,0.24011334603805393,0.10825264746549519,0.14295500178819884,0.007365486706548366,0.12828482847283815
0.07060357994926605,0.3307362311498074,0.12893716993275017,0.06279967493225742,0.11319498513568517,0.07609033362691868,0.09533427684161651,0.02371907080263463,0.09858467762906391
0.1299556503198087,0.02908064641833692,0.11230223176296628,0.14427506782300867,0.1958972117286495,0.13147751026010543,0.14440407369759498,0.008166871892537285,0.10444073609699218
0.16449905399485476,0.0437934675535429,0.1544569102270493,0.08310057758257162,0.1432546841905646,0.10339485661337887,0.11564514831062789,0.06841257681056735,0.12344272471684271
0.06454716960853037,0.05551196637692951,0.08081913678973647,0.0751371781317144,0.0680097692486724,0.06397111581493416,0.09805453971064536,0.3788997657456405,0.1150493585731968
0.0301732719157554,0.3739006163413379,0.06372382269568423,0.10334189187408638,0.054511853743942816,0.18957279278780262,0.07614487951869015,0.04894210226520857,0.05968876885749185
0.08602947781301712,0.05854531957150109,0.08246747880677002,0.07057630749649747,0.0718185889253432,0.06796307317892213,0.0996672841452916,0.37874344527256953,0.08418902479008784
0.12378117015414362,0.04564930555860153,0.17552097860168828,0.0836043775848352,0.17329622371592193,0.11034881350090812,0.12023930620981772,0.031041048924082076,0.13651877575000151
0.13341776563464788,0.0365283993646204,0.14806726290577552,0.0751845713370345,0.22222691814967185,0.10423403983823547,0.13401061408912973,0.010868267865006671,0.13546216081587806
0.0474591203748432,0.5207330292231643,0.06852599277054026,0.05331563235201242,0.08151351960564712,0.067126838072406,0.08786614104078679,0.008119165176462599,0.0653405613841373
0.18856934976740045,0.04163046719283392,0.15605261699451345,0.07406280382460982,0.1524846617694614,0.09120433914749919,0.11463098563522799,0.05097827142848007,0.1303865042399737
0.14241823100256448,0.03602772385936339,0.1584102896801066,0.10238699497358761,0.17247616530666857,0.09606740598766055,0.12202712489945212,0.032982735326470954,0.1372033289641258
0.1032170022704439,0.08040101003909096,0.15870921882761768,0.07659495437568199,0.11875561373811576,0.08454304220608876,0.10718864867546411,0.13909058246886144,0.1314999273986354
0.11591717867924207,0.07474340068854664,0.150515058004385,0.07946257164996046,0.12730595573315384,0.08832049530211394,0.11236403786651165,0.12390957868254195,0.1274617233935444
0.1264860187982578,0.044962822945287834,0.16160334191278583,0.07821093883144736,0.1350574036715933,0.08884902690203393,0.11323590796778366,0.1127697075654552,0.13882483140535515
0.12993051347076348,0.04298005378361106,0.16784903715390653,0.07808188220764017,0.14351164942673347,0.09059821685315929,0.11442741968944063,0.0899493601485134,0.14267186726623196
0.1659778214021604,0.05059164326509761,0.16572873931726329,0.07446909669809937,0.16046496980780647,0.09307624661850357,0.11535970717546784,0.03937438895525797,0.13495738676034347
0.20998184331807102,0.04749527568092112,0.12194899801414605,0.08665678996523286,0.1250202045583829,0.11463735854481431,0.11209318136751417,0.051142561810065656,0.13102378674085202
0.08035670311333563,0.14310107715647308,0.14931976215226742,0.10165576712832501,0.10963071439725225,0.1111801755461086,0.11155876722493374,0.08131673490033837,0.11188029838096591
0.07442373125408383,0.09334645133210197,0.07316803445748717,0.23062700055054666,0.10928838554731214,0.23388636458145293,0.11806320342320521,0.014132100567769973,0.05306472828604005
0.12169482918171766,0.05525526334947741,0.17421270163121236,0.07782610291289263,0.14448907706219016,0.09097510698235452,0.11326956049274824,0.07858156822057921,0.14369579016682787
0.13270317596790726,0.03044623230008578,0.09976159405830314,0.0764211702070034,0.26707933864107675,0.1137993130900287,0.15829966329921577,0.004710105237204217,0.116779407199175
0.13222433672380327,0.041432105037577334,0.17144974946111155,0.07779634488568306,0.15000675847527453,0.09177652562768972,0.11531949580868767,0.07509952962914664,0.14489515435102632
0.3309811074968138,0.029014794915423952,0.058574696995278806,0.06468354553532919,0.19293444017315697,0.12357223631436824,0.12816448435105127,0.004332838500543897,0.0677418557180338
0.11958388704237503,0.05736404607196518,0.17049205652762875,0.07797423342503788,0.13880749245397792,0.08985131212204145,0.11242533424184482,0.09209338667190765,0.1414082514432214
0.15779275665969214,0.1092654206260139,0.006110095992915628,0.06539984031889358,0.036017499489253584,0.38041154495609336,0.12004118579274876,0.11244230798891564,0.01251934817547337
0.2912230714565817,0.11454929024482167,0.029645766061383694,0.062432360905771915,0.07723988713949519,0.30577466143352067,0.07782608445085931,0.00424791910912059,0.037060959198445265
0.07703720841601869,0.28871726746656784,0.1357983219736867,0.06641597475472012,0.11373596086104691,0.0783217876848622,0.09762218079320885,0.03849595502734923,0.10385534302253947
0.2947029483143984,0.06873809968741207,0.05803514867497336,0.07386966842326577,0.08308155550259691,0.14582290055789882,0.09710206844480983,0.1293836972121936,0.04926391318245125
0.07854091082353763,0.18069877032484338,0.0919899781709465,0.07951463152593884,0.2044156133739143,0.11969078649953661,0.14528276320294178,0.003072673381560446,0.09679387269678053
0.14140676620341608,0.03181980684322285,0.1631281946923598,0.0753804443575966,0.20082890051620392,0.09955881099166342,0.12574902099922955,0.01992135103176682,0.14220670436454097
0.08602947781301712,0.05854531957150109,0.08246747880677002,0.07057630749649747,0.0718185889253432,0.06796307317892213,0.0996672841452916,0.37874344527256953,0.08418902479008784
0.08668579173677686,0.16588371051779843,0.1652622690533414,0.07233751156792545,0.11863513815021864,0.08253237995562,0.10191757281849552,0.07930828481930528,0.12743734138051843
0.12310837951432085,0.053885822474289476,0.1770499514882358,0.07757753340457696,0.1496867979682814,0.09191994104127477,0.113999455099889,0.06740876295996834,0.14536335604916334
0.11854924553940661,0.0668188699758228,0.17455694983075007,0.08915063280878859,0.15297432519911136,0.0929980378492498,0.11486568981423172,0.048906783439049396,0.1411794655435897
0.15594186760818343,0.05779398602749708,0.008410944832627538,0.1650954114044494,0.0589626535579566,0.36070396449902425,0.09286992093399414,0.08208446526733033,0.018136785868937244
0.11393774932911911,0.07057203704077497,0.17785699169877836,0.07731720048826489,0.143605286163316,0.09077223482931052,0.11187306091241285,0.070775871919043,0.14328956761898037
0.032081768569501845,0.5089060326532476,0.08198152019731246,0.07755001725324966,0.055856885386678407,0.08758677229109918,0.07859438238113821,0.014523383717750698,0.06291923755002206
0.11251411305304782,0.06505835687968099,0.15061618148557562,0.0779214785258645,0.12057847261224557,0.08564473160655699,0.11003029416998127,0.14876196233827613,0.1288744093287712
0.17055583134617472,0.046859690458412845,0.13757271802608276,0.07958760848209119,0.12424752956263863,0.08363213502398072,0.11136298207942186,0.08133595364106136,0.16484555138013599
0.11568545288698062,0.5051728768457854,0.021407043996624926,0.04630087713598665,0.06568534444332452,0.13349468593065017,0.08099807535931773,0.00243705266955859,0.028818590731771367
0.296918446374242,0.10907913867877445,0.027577794526572302,0.06471376632291337,0.06857692105765155,0.27367086260947715,0.08017234272542266,0.053615491295518986,0.025675236409427548
0.11518489674358971,0.048394668218419305,0.1443492586316022,0.08567290328298804,0.12012174420777709,0.09783191579554916,0.11340577402292078,0.15434168721497407,0.12069715188217961
0.11937604859778983,0.05745141051000372,0.16979586299258995,0.07799686171098584,0.13798483194479075,0.089677178471555,0.11232193428519575,0.09438105093118765,0.1410148205559015
0.24011339086537786,0.05194633696452999,0.08764612690353635,0.08640610544502665,0.09704908295010696,0.17764150200067877,0.0994242821811252,0.08862263267897967,0.0711505400106386
0.08602947781301712,0.05854531957150109,0.08246747880677002,0.07057630749649747,0.0718185889253432,0.06796307317892213,0.0996672841452916,0.37874344527256953,0.08418902479008784
0.05994776373185486,0.3189194360781556,0.14295941424862627,0.0606143856887858,0.08900978563988167,0.06817724519854419,0.0862501422187159,0.0694957853619065,0.10462604183352926
0.12140117981554609,0.05489461688778787,0.17300872148388094,0.07524468929066798,0.1918179965525695,0.09912966742537731,0.12294621960982889,0.017918705336333565,0.14363820359800783
0.172646966366882,0.03378858730885739,0.06331630045291348,0.21307773912942327,0.1920362932860671,0.09592606508949109,0.14184851859322886,0.00470172324207866,0.0826578065310581
0.3685231785032063,0.07570736707782609,0.0016403361874978886,0.045330222565760914,0.05479700570985823,0.33023016692975277,0.10806998401272945,0.007098277077031867,0.008603461936336468
0.11005643999530035,0.07973862631330546,0.18071861701164704,0.07487185746238571,0.17465432324057192,0.09609470204688104,0.11741976060498809,0.022353564405089846,0.1440921089198305
0.13000161394893192,0.12850735036749608,0.1673895484886457,0.07150474209074634,0.14574674913964616,0.08944655656509175,0.10852020842724625,0.030965747466952288,0.12791748350524354
0.1159116644004274,0.043843564800299696,0.14019819661832966,0.12193310126990671,0.13262658481377967,0.13203403758406063,0.12100869175100255,0.07797587815441921,0.11446828060777449
0.0415659590224941,0.4648754386776826,0.10582331923638577,0.05208030480012558,0.08838726286761328,0.06762051194583618,0.086734261074689,0.00638581395303999,0.08652712842213343
0.44054916483558754,0.06806263154534149,0.05237327053111592,0.05498311457616009,0.08721345515120286,0.07610607685343304,0.09190239581583326,0.07652871776471822,0.05228117292660759
0.17284899552837715,0.04376557072689389,0.14254614390680784,0.08339681754555427,0.1382980776485215,0.08382974788571503,0.11388481744721445,0.055692178666367366,0.16573765064454848
0.028276191977930205,0.6309763953649133,0.024961778836285555,0.05132171807640091,0.05196108719305927,0.06907671908994545,0.09402385034333312,0.003504159417263503,0.04589809970086876
0.11307483896076616,0.07209921890029013,0.17687686044313455,0.07734060769951225,0.14171192618220776,0.09039467641805964,0.11152348346181891,0.07437832628354328,0.14260006165066727
0.08703036245714635,0.05792583199590911,0.08419280049463368,0.07051015059003435,0.07268477674866787,0.06836171084541699,0.09993975793363181,0.37379231693401677,0.08556229200054306
0.13936379551421693,0.03480742176924787,0.1729980699662654,0.07584668554196518,0.18106690426356864,0.09648466679617083,0.12066291271370289,0.03195113725384691,0.1468184061810153
0.12732907823087283,0.05548430933212817,0.026667123412574986,0.18159842060842116,0.07142589817014082,0.28398089533877086,0.09196415899543547,0.1209897096564836,0.04056040625517197
