0.11559812848704472,0.09022303419614863,0.091997160315619,0.12098935941049183,0.1090836364877671,0.1075005122079999,0.07597638296949137,0.1630911424371199,0.12554064348831762
0.10262361596950414,0.10342149069001194,0.07992051111548386,0.11639034249614472,0.0993962209434212,0.11032150609311599,0.07812752670186361,0.1995499345688292,0.11024885142162537
0.112058736476149,0.0721109788403797,0.21250692693542106,0.09698466376294519,0.055629623836507665,0.07234630645702184,0.19861904123624688,0.060544459457954454,0.11919926299737414
0.06977641599912454,0.2941173195166074,0.07334963622467205,0.11492095911461148,0.08997668742699039,0.18953753298653087,0.04439661433080375,0.06628148950039958,0.05764334490025994
0.1010910781413415,0.10905326409667455,0.08263047097185579,0.11368917650084859,0.10154121308875025,0.11690666860324987,0.07418732494147184,0.19245986527313774,0.10844093838266977
0.05843978708031985,0.3673902346121667,0.06854526489332784,0.10707758466809043,0.07168892277184558,0.20137105547517953,0.04968151657256819,0.030178847499114453,0.04562678642738744
0.1272102205576412,0.06602158341102785,0.09412570375538137,0.11763124762065358,0.12477881464700036,0.09374788869553485,0.11578726804392764,0.13485434894182294,0.12584292432701025
0.12147785108912147,0.06779358999739449,0.09528971633748785,0.12295132761075873,0.09962421651984048,0.060962033041990306,0.15262054767494274,0.15094315420733315,0.12833756352113077
0.08982387971743516,0.2250114486597102,0.07624258490414922,0.12313302391665659,0.08989964763411085,0.11013851525290792,0.07116254580777882,0.12689646506379604,0.08769188904345525
0.0764396910226036,0.35369675731367084,0.06835183134121349,0.13018365314674757,0.13003085116803864,0.0908060679088843,0.02895454071937767,0.061531555069705625,0.060005052309758215
0.13005964707886963,0.076563876814657,0.09926119491455054,0.11841570207324477,0.1273326077695006,0.11118768017002212,0.07603381140792148,0.12712704400786062,0.13401843576337324
0.0753498601566552,0.3413558560185049,0.10409651092819533,0.08336130202357082,0.10026880756770384,0.12713012865720635,0.06417128797748245,0.03021463259570072,0.07405161407498041
0.10550285679481264,0.11695253096120047,0.08080690210347613,0.12063191372603266,0.09131530080186125,0.09276489918987792,0.09357983508521957,0.18391737410181233,0.11452838723570696
0.11297669735584735,0.16891527947399373,0.07432827427552169,0.12428182568605622,0.16843308961023093,0.10488227676029045,0.038724335355335315,0.07409692821966511,0.13336129326305923
0.12685250038107868,0.06528741215292778,0.08727506491364102,0.1152035457183219,0.15396822684250508,0.11011605236493767,0.05403038955597961,0.15383109482092486,0.13343571324968342
0.11760319479930938,0.08763018248442471,0.07804807585188028,0.12462699656204705,0.10401462062100032,0.08551853479507117,0.11545546263400835,0.16601729381059893,0.12108563844165983
0.08816724651860965,0.14814381552148623,0.07560094759233522,0.10808764159766916,0.12039142050943892,0.19561964513074506,0.042222354907370384,0.14336816507954972,0.0783987631427957
0.1329099811865914,0.06494305026493115,0.0933977596488657,0.1168034168460667,0.16930427822991181,0.11247331527152156,0.10643545189929321,0.08653846458349417,0.1171942820693243
0.13068209543641354,0.09463645742920168,0.08767797846845686,0.1179566628096305,0.1499084177106515,0.11061093093289835,0.0635238996932976,0.1162198003916568,0.12878375712779314
0.10805930898789855,0.14164659189148496,0.07673258676394391,0.12127282273198549,0.11479374923553672,0.10303569510538667,0.06732887714524054,0.15371065534461478,0.1134197127939084
0.0788925352149773,0.1916714124254307,0.07854389063361135,0.10126501666420319,0.12081018433055747,0.25279651767369477,0.027967997628277855,0.08568412398110786,0.06236832144813951
0.10443987806289991,0.1306754588719059,0.08041322914419335,0.1234838400031761,0.08506198862069902,0.10309030955497712,0.09796379535286344,0.1611470281140279,0.11372447227525717
0.05750162802256129,0.3229856916607536,0.06878225362188334,0.10473754630267322,0.07702176603315025,0.24370529669358384,0.04412835582748622,0.03305528248696882,0.0480821793509395
0.11994209776071242,0.0887508614856,0.10197363751075565,0.1199241721526494,0.09495765283453628,0.08360696832029561,0.14774029063608168,0.12339615293632322,0.11970816636304571
0.11525672333393057,0.09470254139515864,0.07843336585606292,0.11923523010041392,0.1344313892378388,0.07159890989463301,0.09508268895928355,0.1703777475936955,0.1208814036289831
0.10523013643738605,0.12464474474452814,0.07756614591840479,0.11634579286780056,0.11434237768528431,0.09272888467022433,0.07357352556567785,0.1838926288549202,0.11167576325577377
0.12127603206864805,0.06708228312774243,0.08324307686720427,0.12245482689128113,0.12149315451221214,0.07551210828116996,0.12006436702360172,0.1656140928886529,0.12326005833948739
0.11796345939510074,0.05825799832978027,0.20322599935484129,0.09142973190201055,0.05051121539702941,0.07447374759130222,0.22314006580363424,0.05372311214057227,0.12727467008572904
0.08484341696987414,0.2203753720779542,0.07226855822577476,0.11394198849375531,0.09157261375708793,0.1502540211204796,0.06566530240533687,0.1236967771531044,0.07738194979663275
0.08630377190539444,0.27670650686676546,0.06642912498462802,0.11544389689086933,0.10868927270170414,0.10669647438036163,0.049499696125096054,0.11281136820398828,0.07741988794119264
0.11771510177871425,0.06229487649304575,0.12390064361574522,0.11287713644416196,0.06933530842855788,0.08410675190114027,0.17748490635164324,0.12756962578145364,0.1247156492055378
0.12348162619286063,0.05538817685237582,0.1534346181872636,0.10509577563182747,0.07849344475634852,0.060966994158741496,0.20799421115121305,0.08678550607585783,0.12835964699351168
0.12003281571375261,0.11136982897173268,0.07800052535694345,0.12181842487445975,0.11872538996952352,0.12235343535517407,0.07542713689850422,0.12396803499602131,0.12830440786388833
0.08135170139398401,0.29796578865698703,0.06577741807274698,0.1211914680070828,0.11390006672394593,0.1073221432796961,0.05034791973503394,0.09250588423729696,0.0696376098932263
0.07173343874870135,0.19749811690751354,0.07205480402168815,0.11077810334217708,0.133336119722123,0.23978942108096937,0.03420331113119914,0.07621727834345458,0.06438940670217373
0.12702914437349977,0.10947827437459845,0.0805811129850401,0.12007051357845218,0.1723712967507726,0.10955820394401271,0.041314119660600473,0.10872836103938306,0.13086897329364075
0.11558260869219072,0.12404268365832287,0.07181370636626587,0.12105518874797298,0.12810481741683236,0.1065857289118168,0.0676711090315329,0.14391234528674177,0.12123181188832376
0.121985231611013,0.06933482910511633,0.08366129948660032,0.11553974947717256,0.13303923915369942,0.08471892759774491,0.0874978932616078,0.17696045693193996,0.1272623733751056
0.05562256892326379,0.23004373683556764,0.07515851850480117,0.09828558710593914,0.047517292954842784,0.29237503229465206,0.115705761503711,0.026119817782908603,0.059171684094313885
0.11358510196847808,0.03996818785646205,0.20310974919622102,0.09136421115903744,0.049313308157459025,0.06397712486176739,0.2363410732926695,0.07587405434187945,0.12646718916602603
0.09154414650435468,0.1184006279091329,0.07550086657044291,0.11081217557707394,0.0857833137504065,0.1886615973139831,0.08226138168373949,0.15435831694836102,0.0926775737425054
0.12843042112620565,0.0525735661502972,0.15065536443390196,0.10667785118417365,0.08594546704090188,0.05904014483747013,0.2144451516388806,0.07292998706936298,0.12930204651880595
0.10211635810821679,0.1235220890095065,0.10233031609439834,0.09964086152846692,0.14901263054048627,0.10279025673969029,0.08965756103073952,0.10619617614909604,0.12473375079939936
0.11978479217309691,0.07158851928655419,0.12056697932891425,0.11407228541778065,0.07910738944764638,0.09473282462242642,0.165037842508067,0.11304820289269189,0.12206116432282232
0.09307890803570851,0.13628878279463333,0.09685319159935725,0.12013439923340592,0.055284733274558524,0.15454402823668886,0.12924649759158277,0.11875464893743344,0.09581481029663137
0.07636656907559283,0.3257374774269185,0.09307569820581689,0.1000863251134602,0.08779161571631966,0.14282397000823244,0.05971365222128088,0.04790580321285851,0.06649888901952002
0.11651262504870956,0.043234980818221934,0.1943496658351024,0.09317221487712196,0.05226386780786968,0.06276537790234787,0.24039798919677782,0.0734766500993921,0.12382662841445678
0.11903770201702657,0.1533526907049289,0.07450314323419027,0.11757588580204059,0.18794548171821232,0.1034284069416646,0.030367379643922193,0.10334385381635718,0.11044545612165745
0.11315695329678409,0.03573359377280494,0.19288579708548695,0.09098853789314117,0.05070043375676664,0.06666930908741336,0.22282980297526608,0.09140879020868632,0.13562678192365038
0.1042552539784163,0.17451728699726687,0.0644997510354464,0.12347799789250512,0.11519053092832794,0.10860025348962603,0.06997208098410165,0.12907915316917526,0.11040769152513435
0.10233925159195745,0.17914505173712192,0.07274154260645016,0.11767263517255085,0.128236796875987,0.10356210350543894,0.051010980512748764,0.1449079819165424,0.10038365608120257
0.07688800139002658,0.2678633108971469,0.0708509498143049,0.11326569426791078,0.06963576026479437,0.17775208963537814,0.0965166718023812,0.06478897663940385,0.0624385452886533
0.07819519676681182,0.23279945613777056,0.0704335232527772,0.1205544583405449,0.15461905770896442,0.1554608932883522,0.035565717692369554,0.0828735218640314,0.06949817494837794
0.1458143330506803,0.08014068080600736,0.08071364449662004,0.09240304241318896,0.24045820755701433,0.1772128148837251,0.01313914918235868,0.026149680940861782,0.14396844666954348
