0.08452328380788715,0.11656415726365459,0.10047361700369357,0.08471359803796714,0.18596664809770622,0.15694322149408813,0.034805803247820045,0.1245667995343979,0.11144287151278524
0.11780587587398356,0.10925904784594624,0.1258375020856595,0.12888351860564284,0.17476896558255006,0.11840354054573206,0.04664755779587631,0.11737927081756787,0.061014720847041536
0.08589884466999494,0.12569077083296268,0.10706197662796113,0.08069990162896047,0.14705173446578942,0.17155729648668303,0.041755677672153775,0.13443938952870538,0.10584440808678917
0.118306144290181,0.1431182041611393,0.09066162205747302,0.08527885726209343,0.08161084730403384,0.0565697693267763,0.05961835100512596,0.09225400358485565,0.2725822010083214
0.10900966612535606,0.10635613559371032,0.11716027712896714,0.13571122043545555,0.12448637078347874,0.11006217774618032,0.04960860942175044,0.15357183864894655,0.0940337041161549
0.11009621068567503,0.1119228511998907,0.12354313007131845,0.14313116219270006,0.06722065212420718,0.09689304290518713,0.14510616291548237,0.13862132578591005,0.0634654621196291
0.10777568460762864,0.11304451430059735,0.1387142315964105,0.12028220226703919,0.140731480590452,0.13695862282701357,0.06119279073666244,0.12632042679049757,0.054980046283698715
0.07992956596939829,0.1121526721954302,0.09130252917359881,0.10660026380944725,0.15455258406208175,0.13427683053192307,0.03851141759340707,0.10570844248957732,0.17696569417513622
0.11278555794028401,0.08459868833279623,0.15016704514529558,0.08738132617729488,0.06587146128128513,0.16529851743811289,0.20888001444946036,0.09098499413080212,0.03403239510466872
0.10683557753560187,0.12042577232731318,0.1260724866922789,0.10117718687597264,0.05791333850924407,0.12769371898424967,0.11175455129747007,0.1872578654793291,0.06086950229854048
0.151714907326065,0.10999993225264748,0.12470577307821266,0.10447480652143208,0.12273560757307582,0.10853890229614292,0.08033106696963904,0.13197028088838603,0.06552872309439901
0.09807366505053562,0.10936210347173064,0.10828561613443151,0.09887075153257824,0.17293308720585387,0.12308862750316213,0.03854643133541877,0.14395962367127066,0.10688009409501864
0.11712397248869681,0.10305134000708184,0.11358894755688642,0.13102110019284577,0.15012497503798314,0.10825839137612969,0.048249224478520036,0.14339286619612812,0.08518918266572818
0.11041734757805671,0.10951505874579981,0.1365718455040643,0.12382059531933669,0.108758962356359,0.12792558671014595,0.07591294748440967,0.14760269560269054,0.05947496069913738
0.10308392138084488,0.10335272836791337,0.11771512537513294,0.13250835912286682,0.14030385069408827,0.11320166953323585,0.03886970211278613,0.1522649373459172,0.09869970606721451
0.12394874676819602,0.10722464014830883,0.141343501831236,0.1096150218507659,0.14403530253109106,0.14267280599698906,0.05259254983506947,0.12738058561125612,0.05118684542708751
0.08627487286040329,0.12502952693425512,0.11615102770877024,0.07819654714344167,0.15102385789882958,0.17829590567749573,0.03666859608820532,0.13611971870107026,0.09223994698752884
0.11043579643876662,0.10764095156212827,0.1337296102951756,0.10148717517878299,0.12999832606891817,0.14407337496162312,0.04066201963021914,0.1614167692093192,0.07055597665506684
0.10453016091184543,0.086061836893963,0.12052430433836976,0.11664420675502636,0.03729744599610898,0.07230012242403766,0.3525860602803729,0.0662660569103669,0.04378980548990898
0.10331028208493936,0.0888534861776608,0.09241610696888787,0.08189728606359138,0.026185646347103783,0.0633720301338162,0.4347050686173622,0.06386360771269661,0.04539648589394174
0.11061678619134481,0.10686641166959814,0.11321254401980967,0.11053566375195815,0.16202859406660577,0.11506777506626115,0.04394434538453625,0.1476582758462817,0.09006960400360443
0.09045676914617713,0.10872531827580313,0.10011162223499319,0.15914776948475076,0.1176998802742738,0.0932581172961705,0.04158120059032493,0.11187595588670259,0.17714336681080392
0.10025446112160145,0.11488766071537497,0.12456468067217431,0.09742304960245658,0.15429915569839064,0.14628592858937972,0.04347311584957309,0.14500502461673637,0.07380692313431292
0.10712414324728549,0.11647633900773985,0.1336486684030676,0.11171904073852422,0.15713749466357832,0.13966181647932147,0.05376806885985539,0.1229372606350264,0.057527167965601235
0.10015294737169977,0.13847627865640008,0.13049895121447064,0.07040457609358423,0.15703976617961976,0.19846673409674323,0.036069888873015904,0.11095403562274786,0.057936821891718504
0.09386343704790301,0.11060032856377057,0.09623022669064048,0.10608037581931279,0.14990940528734356,0.09623595827166687,0.041323533180273875,0.11753145734169125,0.18822527779739753
0.15900463069769186,0.08992258892730715,0.15825519758433862,0.09699796346654387,0.09527422087303204,0.1259832699662249,0.16650147970298287,0.0703068584296828,0.03775379035219593
0.13070861586606997,0.09776382951255003,0.06709409221722794,0.14908624927446598,0.021647931973393597,0.04191640827887937,0.36149636018162684,0.06913451333179406,0.06115199936399226
0.1542216908923963,0.09385263110731744,0.12735855572609864,0.1633574789668751,0.09517783998583225,0.10164345449202523,0.07675819507377594,0.12649713668058457,0.06113301707509453
0.07927718658402316,0.12418098216980927,0.09271192849493527,0.06644739631725334,0.21902928957509973,0.18201166865971877,0.027310759446319294,0.10260972648855192,0.10642106226428931
0.11370946089588302,0.13049784784191495,0.12156160749609185,0.10131701552593592,0.06488916881490535,0.11442666113517219,0.08043079923244463,0.1847226462371774,0.0884447928204748
0.09689072811797579,0.12211588592101068,0.09269180286491957,0.06807188035368451,0.15564389868522122,0.09358952553178274,0.04284886486987428,0.11140331603717539,0.2167440976183559
0.09081681319559586,0.12003237783494125,0.09555910983801867,0.08342242014998402,0.15057497870556985,0.12572727850353435,0.043355347366430576,0.12382892834683641,0.16668274605908903
0.1292465997399207,0.0958168853301385,0.14845330017182343,0.08868397797477366,0.08540986297199556,0.1702588636102854,0.11815906362605177,0.12444990457325313,0.039521542001757885
0.11142760550369264,0.08819916720976355,0.127773384336668,0.10487730588407089,0.044370084859596835,0.07315111596813485,0.34687173255093473,0.05828086754927007,0.04504873613786855
0.13421285204622632,0.0917330614524502,0.10910590826610693,0.09021936832050208,0.02984475297614449,0.07997332721755494,0.3554766959880582,0.06132475915158326,0.04810927458137355
0.1065191266625158,0.11860256572584071,0.08623618799776846,0.09457805426110984,0.12745689117706996,0.06851253076667069,0.050489531393922614,0.09919572793501386,0.24840938408008814
0.08549308200763368,0.11301132893643247,0.08895510408874242,0.17085076054022316,0.10029965163891569,0.08208499417660968,0.04451091825583409,0.07604152142832284,0.23875263892728596
0.10143529579745551,0.10301187239067287,0.10840827786837859,0.11404881414115502,0.17283728459709172,0.11205818582696463,0.036505095872742525,0.14476262027189157,0.10693255323364763
0.16527926345832086,0.1086770533348617,0.15011115375242182,0.10990400694055684,0.1561803137991085,0.12155922077236377,0.07017433069030875,0.07857898733478669,0.03953566991727108
0.07927964877070962,0.10197991722321224,0.0875883548603771,0.2742978262964548,0.09619383627490007,0.07999284458333238,0.03590348017307052,0.07140043376677223,0.17336365805117096
0.09336965591265649,0.11888972017327697,0.07190894626870288,0.05245234228774041,0.12808927552229074,0.049794784197628054,0.050195366120049566,0.05824954426604195,0.377050365251613
0.07953486246168395,0.10960512204673258,0.09022691839646409,0.06362493005392973,0.20607672186762702,0.14352894760861656,0.030181456727474004,0.10648385670610805,0.17073718413136393
0.09382752928127347,0.11843426812697633,0.07677039524039611,0.08687539223536911,0.10639538540790776,0.05697531692343596,0.05156194890967027,0.059238206074271015,0.3499215578007
0.08619094990191241,0.10539720252012397,0.09880212201563467,0.1285048614944373,0.15191014618472,0.1013426021875733,0.035803643603035624,0.11483246565552585,0.17721600643703686
0.08164819799129745,0.10776070589054017,0.10175723628089871,0.11560996358836813,0.17540847833020387,0.13335808158293969,0.032235654240302856,0.1258151427984542,0.126406539296995
0.14526202500898314,0.10880851765389367,0.13215275409699032,0.1083395145144247,0.060900269793611635,0.11540071853842741,0.09443801204343531,0.1754127990642993,0.059285389285934464
0.09103933566208026,0.11961864876006405,0.11236106368920402,0.08364808157261716,0.15019025303304037,0.14849861720978133,0.03934684206768806,0.1442573363313597,0.11103982167416504
0.10033881325399263,0.08992886608764437,0.11616279880858672,0.08892570616842521,0.03659322163016394,0.11471801919502635,0.2907332596217022,0.12523915340422495,0.03736016183023352
0.13418872107765273,0.14116611902182816,0.09936316471706429,0.11052699821766317,0.05724484788943657,0.07260512642947632,0.09386480882815605,0.15420898234375446,0.1368312314749682
0.13481394620183804,0.10425873033932721,0.11930962117924365,0.1580800103050326,0.08219278366225322,0.0972730904638119,0.07506921229745284,0.14861568427019056,0.08038692128085
0.10624419179403838,0.10547635983650087,0.1034296007662985,0.13098982747616436,0.13610920764572418,0.0904239437971035,0.04211811187358766,0.13544953627072695,0.14975922053985566
0.12578959254916078,0.11167620869498911,0.13952880191998762,0.10297588190184437,0.15654930337242676,0.14868624741489458,0.04283030590863299,0.12051447641204127,0.05144918182602263
0.19493171960452427,0.09342840253085805,0.14181611481901382,0.11212551117676824,0.1158783068686949,0.11426282510213441,0.09052834942325472,0.09128694436965919,0.045741826105092455
0.1364962707160877,0.12345649656744422,0.1081312358177332,0.09513986918961521,0.11137806252192455,0.08916783871291956,0.06462848578940657,0.16094859891741842,0.11065314176745061
0.12607001987668878,0.11083039462167253,0.13328424140646786,0.11963577353470063,0.14127195203258236,0.11551132073157995,0.08303283185969175,0.11439171991779223,0.05597174601882383
0.13403382472009526,0.09294957066657945,0.1564382534851877,0.10710501330086752,0.08958532776548117,0.14618169599301312,0.13040146052638357,0.10437644755558727,0.0389284059868049
0.17127337799053824,0.10319481434143056,0.14948663600020698,0.12710296916757322,0.1487595742883132,0.11130309209091449,0.06805797282191559,0.08042669924322567,0.04039486405588213
0.13106329551270243,0.11209624187431765,0.13467264406067211,0.07655496668782473,0.09405929811538899,0.15054123572398084,0.0729758465812023,0.1719154978746155,0.056120973569295414
0.09339153443676092,0.13121686591436085,0.1168479757613482,0.07020821961257658,0.11342747626003001,0.17366608398807148,0.04822108634587848,0.1563400034434144,0.09668075423755912
0.0849303619300677,0.11688720876749487,0.09158834768532292,0.15475708539823743,0.10488721833949542,0.08129696017309755,0.042511038124434415,0.07290589321558792,0.25023588636626176
0.11160263131893178,0.12163434289649534,0.13515044262206094,0.10167781298970441,0.1698198757477363,0.1459245541948414,0.049405258788779736,0.11126055256964373,0.053524528871806316
0.12831945579214907,0.10218542817005227,0.11066369457370547,0.12575427781385182,0.1430374018919544,0.09962068860798312,0.047691969768282494,0.14805835831794126,0.09466872506408008
0.09435950727492125,0.10699858936596669,0.10968160914101281,0.10161785207013009,0.17646314152099662,0.12377928689515923,0.034264646929813736,0.14262534512112865,0.110210021680871
0.10681799058687858,0.11144555165437635,0.12281276960388265,0.13544257659594852,0.10679938674470835,0.11597098543601858,0.06517136972823927,0.15529209958726817,0.08024727006267957
0.08566159788667856,0.11284698961159541,0.08854837260018722,0.08147699383943324,0.15823007466578468,0.0961373091480277,0.03959103475921654,0.08820686238185155,0.24930076510722518
0.1257401665592645,0.106916627918803,0.11918571131219595,0.13489595545556113,0.10479118729021258,0.10043032910984617,0.05403621616309615,0.15938057047941373,0.0946232357116069
0.09529443970948788,0.12671200825662318,0.12831939730118136,0.08654910330770664,0.1609241201391017,0.17456076526582417,0.03467419686955606,0.12539324293026755,0.06757272622025147
0.1726536730301735,0.11855312035145989,0.11435389297880875,0.10798302921647218,0.06927879978107432,0.08592229842771404,0.1318980108670953,0.12210612269830208,0.07725105264890002
0.1170740288202738,0.12106514718056681,0.1491838398519478,0.12580109624098065,0.1557612204381477,0.11850010436092644,0.08045759854694184,0.08690722643148362,0.04524973812873134
0.1042593145851413,0.11187430119487234,0.10295760800730691,0.08270977103083815,0.18479385276892699,0.1169224610319371,0.03949069070940281,0.14426547379166438,0.11272652687991008
0.14581884136266554,0.08290075532335513,0.15977764999725985,0.09099239184992686,0.08880870477458518,0.17918279096984582,0.14837506676184967,0.07270519577963913,0.0314386031808728
0.14645824536387242,0.10443268011456008,0.13888064940048836,0.11352696141165665,0.14742762703798912,0.12025347884959127,0.07072906735226986,0.10847513616265002,0.049816154306922315
0.10123275322445424,0.10252122891202854,0.14083496329699444,0.10943832202616326,0.06434406918077272,0.12576816031766277,0.17825069289819037,0.13408515694476,0.043524653198973584
0.09495180472885782,0.11136114210277233,0.10452022987531777,0.1285852691277646,0.13293247046976092,0.11233806433235731,0.04634553717533901,0.13784499221893262,0.1311204899688975
0.10811807710998216,0.10379909728254431,0.11582464508971053,0.1115094943891247,0.16895027787121872,0.11749006811253108,0.037564395630461385,0.1483462985125397,0.08839764600188742
0.14332176950008924,0.11938169327464927,0.0895945089354162,0.10970758732589268,0.02892019818193414,0.06130948473019881,0.22044904744643148,0.16718697183795117,0.06012873876743698
0.08341993462053478,0.1144273127016409,0.0900295897826473,0.05634983300544249,0.19302900756856167,0.1328726865724825,0.03329669151617342,0.10426311509006092,0.192311829142456
0.11004314470097488,0.11535815041201787,0.13457636147445132,0.07600112611083382,0.14009090425204035,0.1777212591141848,0.046068902939380894,0.1435977142762107,0.05654243671990539
0.0981695316017198,0.11272868499021198,0.10182111946275041,0.10014071780947252,0.15043048717389804,0.10165518386980715,0.041695809819162495,0.1330845510891739,0.16027391418380374
0.11681939456343989,0.10882309553002734,0.11459824070936457,0.13651721542594106,0.11157623241212088,0.10250771511070333,0.057408944380332116,0.1536790031104532,0.09807015875761758
0.10146485039952467,0.07878562912096963,0.11824516201470446,0.08683459100357022,0.035310010326658085,0.15965781148923894,0.26693376190844775,0.12094566206448347,0.031822521672402966
0.1436683599791432,0.10486905674906633,0.11423266129078653,0.12007181996447591,0.12860974668293726,0.09867930099309093,0.05618729768933117,0.14754408455515533,0.08613767209601335
0.08503677694994677,0.11551591490030921,0.10805812671784136,0.13266087372935076,0.13379629469140697,0.13664629859634425,0.04518976126580215,0.13355345936543747,0.10954249378356103
0.14284444473005975,0.10346075903094291,0.1406137471708919,0.12137763746707368,0.14699845489284888,0.12061748201450002,0.0654933949589606,0.10943230565395601,0.049161774080766295
0.12579294688218054,0.13047770411559467,0.12134655899726036,0.11098472591933602,0.06339787221892325,0.0959699676382692,0.07258100114191939,0.17781648449615817,0.10163273859035837
0.09743533260656517,0.10857246179764928,0.10463485952567224,0.08027665694409979,0.19656519981866652,0.12281163846431115,0.03358551409748747,0.13992329382640514,0.11619504291914325
0.1211266648841403,0.09349929504103609,0.09738899896545378,0.10767358459412968,0.027042721811691248,0.08023424930650237,0.29691430775668404,0.13427033338474367,0.041849844255618864
0.13854024524251152,0.1212737223267668,0.14444035097600594,0.09602179650964415,0.171650240378899,0.13657112596113966,0.06429082333851255,0.08496591141020475,0.042245783856315645
0.09585000894944162,0.10474926519960492,0.10480679195581873,0.11800975193630263,0.16264169671627576,0.10996274443552496,0.037807954253188635,0.13958129350946527,0.1265904930443775
0.08243363205650511,0.09866411000073821,0.10132945898780339,0.11110303529568977,0.033827160602805044,0.0692380349912752,0.35178658545971925,0.11149576981486753,0.04012221279059653
0.13672052114897457,0.134127214513331,0.09061396865422759,0.11748928776618454,0.07371437335394937,0.060784522333487544,0.07101075685030016,0.11855976716163341,0.19697958821791176
0.08445150016904578,0.10558140634109393,0.09167657556113613,0.1741431806118153,0.1186445900300862,0.082654396169014,0.03924222533411734,0.08549856389924478,0.21810756188444655
0.10217078530609809,0.12186866711791573,0.09807805591938433,0.14983107567496548,0.08467569368240513,0.10129305396245274,0.07527932742153118,0.13474317336041314,0.13206016755483418
0.12963192281256758,0.12673634983306745,0.09843895372927729,0.09565609501845485,0.11254634397929604,0.07666590989912826,0.05940134627734942,0.14567315927813196,0.15524991917272726
0.1000907583387158,0.13321847327205363,0.13427859130866954,0.07393370990384729,0.14726542897923103,0.19732459382912623,0.04994226647443669,0.1134668610073637,0.05047931688655614
0.1118800945409218,0.11976034341893745,0.10630512434287638,0.15965177745441336,0.07854295252971479,0.08327042517235254,0.05681146491000338,0.12956188453725245,0.15421593309352777
0.1254593033452076,0.13453572106891884,0.11455719329475607,0.13179179551731532,0.0647716960997567,0.07830314304260709,0.061456863740839314,0.14279879875244453,0.14632548513815452
0.09283536463629068,0.11453835965410751,0.09882864834506765,0.11192345007583777,0.13799209995597767,0.11090400865471851,0.04507872884701852,0.12680846153151168,0.16109087829947
0.10857317833797307,0.1234819912448848,0.09323756284626512,0.13324256943982668,0.08841635268019166,0.0705781716168376,0.055533208663486655,0.09895599349556022,0.2279809716749741
0.10704137184832441,0.10541213523429334,0.1440778815852587,0.09351508040519267,0.08168314546791422,0.16723152103034797,0.10326975677211414,0.1531951789077383,0.04457392874881635
0.08420088504652322,0.10485953384762614,0.10426002413948925,0.22924339528261628,0.09746751865348642,0.10033651873069704,0.03896182485875716,0.11152755500401845,0.1291427444367861
0.08974264147913076,0.11441326860002521,0.08283094219592561,0.1286308569781396,0.10308823937691663,0.06252815447182229,0.046895106458562874,0.059961145972324825,0.31190964446715214
0.11985879093581268,0.11822903467774987,0.15674418135881032,0.13361510603329987,0.14553323214953576,0.11325531921473868,0.09007057424538152,0.08044927571554618,0.04224448566912505
0.0997872157572346,0.12110313653904459,0.1066683147865552,0.1181186533006936,0.11003704310693553,0.09860422871959061,0.04839936014511189,0.13133205384792782,0.16594999379690614
0.11574478675836132,0.1152516935135051,0.15851328958642508,0.13706325150324558,0.13566104635847823,0.11964643868042894,0.08993396224771509,0.08613573511487578,0.042049796236964886
0.12850285634332348,0.08894125003312614,0.1476322217207687,0.08595097211690951,0.06977611634247444,0.16759360048010288,0.16991933630193792,0.10495714443471803,0.03672650222663884
0.1524143742921977,0.10365746922610579,0.14039386363119652,0.10408222456903614,0.14607528424242106,0.12754844972964552,0.06999286838352582,0.10825940918512585,0.047576056740745575
0.10173896440794765,0.08309207776121665,0.10644034290589256,0.08608435791870528,0.030527488915879447,0.05853430077024661,0.44562223172435106,0.04257033370837376,0.045389901887387014
0.10740141520147546,0.12364688986445423,0.1096754888443679,0.0906927759128822,0.1243905753561148,0.09389672533319258,0.04573227126165561,0.1406259990955217,0.1639378591303355
0.07986949803175097,0.10702237672875885,0.10344689253045541,0.19985651288832007,0.11189797063418098,0.11275454915770276,0.039728125443653534,0.11677387682258611,0.1286501977625912
0.12813290240244743,0.10004253472093633,0.15932208854473284,0.11584568734000156,0.11378354268922193,0.14900784807202794,0.09340992271509689,0.10147019543088508,0.03898527808464997
0.09985216959521337,0.11670134932003566,0.11043207519660848,0.08247347191506221,0.2095648787804111,0.1447747040674948,0.03366209903977597,0.1238265029423896,0.07871274914300878
0.13873043360581247,0.09683789345811754,0.13671625972470064,0.13460824368871585,0.05800963900931666,0.10058936874604589,0.173067391401403,0.1110166364221566,0.050424133943731346
0.12861969411111196,0.13051222379731364,0.12075876783313921,0.09258212855259497,0.2182243176132015,0.12462232173558822,0.03546686908124888,0.09241930814524668,0.05679436913055491
0.11352718792614523,0.09500571973593304,0.13844397160965133,0.11570542105392727,0.057659550120450966,0.0915465141351575,0.2581311960618714,0.08479602327080293,0.04518441608606038
0.09894211041495216,0.13293319909160375,0.13521975783634968,0.09367412504361072,0.1562899903773298,0.16932577181871045,0.04880556450823498,0.11037277927894118,0.05443670163026714
0.1325672322330426,0.09144284630787602,0.14744449778749266,0.09527685852003948,0.06483004057273371,0.13638402790168822,0.19180225020038674,0.1000234299204873,0.040228816556253204
0.08533510751875477,0.0821242508939161,0.11696950874125407,0.09381505086814246,0.036753696143915056,0.06835302484889995,0.41989791199372156,0.0599517345210701,0.03679971447032595
0.14402984096687568,0.10626796848375786,0.11713865407688434,0.12724639846073726,0.1354392839360058,0.10110474862364675,0.07267505022717356,0.1245619888137206,0.0715360664111982
0.10713387827694547,0.12684681376922938,0.150197187653493,0.09490179483512386,0.1326740277499816,0.1802952653666844,0.06203122210015304,0.10229291001510572,0.043626900233283555
0.08679671179061822,0.11561365888052176,0.0810562528164251,0.06145604249230328,0.1572714874429212,0.08320972561331201,0.04244463091559759,0.07459364075962237,0.29755784928867857
0.10126615286145986,0.12361235754467569,0.1152742952044764,0.07654210717057253,0.13628584773441335,0.1150675934600356,0.0401738610046354,0.14565836515194286,0.1461194198677883
0.0881312220377281,0.1050735533937615,0.1114078536126112,0.1630184641790483,0.15076907431043557,0.12136816118673217,0.03814213399177097,0.13116805850926325,0.09092147877864898
0.09351865643318291,0.13081242541667149,0.14714071852337676,0.12649537169263078,0.12405397105899361,0.1253543540111197,0.11350675580480425,0.09252653132810902,0.04659121573111149
0.1532542573635218,0.1397747013449199,0.11588489450986035,0.09651102550397446,0.051982483567613834,0.07663937300656722,0.08578130423884629,0.17822314122344604,0.10194881924125015
0.0949432913066518,0.11904824264130104,0.11555427567443537,0.09858486094919518,0.12935572666601902,0.12891345728848916,0.042844519235232394,0.15002399371737923,0.1207316325212968
0.11241421460933688,0.12394675469908677,0.10390693608701178,0.09674517357298325,0.11840569084045176,0.08422526340223885,0.049928844142973876,0.13572446352172576,0.17470265912419103
0.1353264579846869,0.09786136678434876,0.06863799491964097,0.08817716548149558,0.019749032545385542,0.04735290798931701,0.4099778897399522,0.08451187883701472,0.048405305718158285
0.12968180182171568,0.133451351665556,0.10823445463211549,0.15718045189916657,0.05245179523588143,0.07312324076591255,0.0702838146600044,0.1362574018079549,0.13933568751169298
0.10691282635830418,0.11184468749765113,0.11680840488499826,0.1178161559033437,0.1267064399705277,0.11430787000058788,0.05064717671983556,0.15687082285817408,0.09808561580657767
0.11289011333829345,0.12858855811737555,0.12673143764546804,0.07295313124628323,0.07096780871253595,0.1525837990608256,0.06919954752959014,0.19224202833446913,0.07384357601515891
0.10442850391821075,0.09522862438073833,0.14868879910263463,0.09378216092058449,0.07179387496231168,0.15658233054370005,0.1764933448965502,0.11550888684235794,0.037493474432911886
0.12187014313603688,0.08884784924449533,0.1588896818391883,0.1139096182143433,0.07470586997598287,0.11578341582898366,0.20927841142535697,0.07871912249972786,0.03799588783588484
0.10091068625006962,0.10781569190881617,0.10673293430146635,0.13307289434914604,0.1305482011584556,0.09395083515150982,0.04101671752101785,0.13450179178796207,0.1514502475715565
0.1778994568680821,0.10037760962895247,0.16147345862216544,0.0978190163977203,0.12821944453925183,0.13596232477693085,0.1038711097831674,0.061640046302114726,0.03273753308161486
0.08753901470094244,0.11305396059633221,0.10756914843878164,0.1257566957717764,0.1512969597555494,0.13471115033965472,0.04299514928774143,0.13367994070987896,0.1033979803993428
0.1071647942198526,0.11068082208915618,0.14640519801887786,0.08876351227980327,0.11195847826196666,0.18399362088249074,0.07225612832798796,0.1340188682643821,0.044758577655482586
0.09599167079163884,0.11926328960475502,0.10549657644002207,0.12236702211574423,0.11333921991747171,0.10300228771228703,0.04707724445239744,0.1284960964429354,0.16496659252274823
