0.08289782049315496,0.16810823500339325,0.0769166004361627,0.1203131061560701,0.16282587059587064,0.09794641504892328,0.06393039581580089,0.12932454865714202,0.09773700779348206
0.14194105533844747,0.1417178843167063,0.05997584791824242,0.08609036092257054,0.18747044378743646,0.0923402099364724,0.03804207445735474,0.1391696177352578,0.11325250558751188
0.07350581717933703,0.043051439685409455,0.27006615000111356,0.10295710259280137,0.07708601336516234,0.10505693240408913,0.14301928646544348,0.10387823568949095,0.08137902261715263
0.08493655238957794,0.15122977885836553,0.04833652427366125,0.08236456828108184,0.09050881399365841,0.26422195102444834,0.023784992756474874,0.11249062487513066,0.1421261935476012
0.07272335431388303,0.13903353902025345,0.1356935959889746,0.09099573170164726,0.1401975641683665,0.1777683252237167,0.05528540013254019,0.10456113329926693,0.08374135615135131
0.0606888086081891,0.2530979887489299,0.08447175432287507,0.06872706939847409,0.18008834238583912,0.19215775146920064,0.00657912797786192,0.09773268794890978,0.056456469139720376
0.12290487367438081,0.05260966222652053,0.06893684742443384,0.12522336474224496,0.1202205507995548,0.0901164448744574,0.1881735692456634,0.11031574679487326,0.12149894021787104
0.11863442266799133,0.05826984114709529,0.11550088534721074,0.12213789571015803,0.1258359767994001,0.08429591526034963,0.1437022506945989,0.10652213841955449,0.12510067395364152
0.1169231157197607,0.21410726810778247,0.06443708239168039,0.11534439572058348,0.1423833249149456,0.08009062598868631,0.04535250205625685,0.11148145035910566,0.10988023474119847
0.12652963103744394,0.2036772979473683,0.05054421114620102,0.0878266128475688,0.11137118331201164,0.15437280377410484,0.01840555290355784,0.11587998933871192,0.13139271769303174
0.10174109175950587,0.10754260704707914,0.0819966183707188,0.11281613876890496,0.12554288047237633,0.09577103941626147,0.1716216626275282,0.10566794659007467,0.09730001494755054
0.04210457628782851,0.07963933935290671,0.1390092377077616,0.08512294054833751,0.126620801660972,0.33857233264943026,0.030219520503012003,0.07689990975740112,0.08181134153235027
0.1084912106883585,0.12314510128794309,0.10164070514265,0.13344846684749043,0.1968482496735858,0.07512937121399975,0.05857807921438535,0.09348973546562776,0.10922908046595942
0.105153893330441,0.13648930788297953,0.0743735775091333,0.14078605585304724,0.09298502723352407,0.09684626977776291,0.04811042913295966,0.11085537050938359,0.19440006877076868
0.15996679154458845,0.11766405375279022,0.07559079293540204,0.11066774628405229,0.12082643087241092,0.08958591947956716,0.07279617677031897,0.11940357211627049,0.13349851624459938
0.15473118480022396,0.09615402634638763,0.058479457222076536,0.14216068729620066,0.1617693948554699,0.05481449478333519,0.0639110527996964,0.11123818949140078,0.15674151240520892
0.07436439038814296,0.21909478922530787,0.15099951315859356,0.07875851209579367,0.11258702892830315,0.1365451616835189,0.036182201373036654,0.09450388714677549,0.09696451600052784
0.15309471534803018,0.08236840169535231,0.05478192857218858,0.13730896464986883,0.10187489380345367,0.08413818006085273,0.16525287090784524,0.1166171105529386,0.10456293440946983
0.1688295085643482,0.10038423892862201,0.07384354171087702,0.11958955161840013,0.16101850167370158,0.06554658152719463,0.08219712313170205,0.11866623795496756,0.1099247148901868
0.06820196420598207,0.19445045279238535,0.12082371729905772,0.11291030629659514,0.06416338461598525,0.08506680947451024,0.04085035738545518,0.09833589058198122,0.2151971173480478
0.046895455356560756,0.08411769631728729,0.13199491670285834,0.07811566437757456,0.19787318535375334,0.26746173939273693,0.018036634411597984,0.08149850701678443,0.09400620107084634
0.09547455568924774,0.09572163899162973,0.08667505614539626,0.12676348603611887,0.1008728346788715,0.18117872818317038,0.07295940916262503,0.11998883335341777,0.12036545775952266
0.06209299597007697,0.15192553186707528,0.06436764787831994,0.06636297363309235,0.2381486021601712,0.22354120180363513,0.010038610009562863,0.1096001477342674,0.0739222889437988
0.16859166921691013,0.059714424532924075,0.06431072451566473,0.12525290132761338,0.15495606135811843,0.0727385867156653,0.10345405827369884,0.13014707589683885,0.12083449816256629
0.17415575100815017,0.15181315056692868,0.08753389135700579,0.10973198174454475,0.14354106773896644,0.0435497106258392,0.04843869702293053,0.10612631578251375,0.13510943415312063
0.1609957516463092,0.1513931709809131,0.14924263674362345,0.10413210454385168,0.11574356812098112,0.06812381516652287,0.029113466503699104,0.10478188606041001,0.11647360023368943
0.1882753549886004,0.09974018161889057,0.09163739333159847,0.12792391245411583,0.11866340179241475,0.054360270625436496,0.08487540329943222,0.10766587094215889,0.12685821094735242
0.11377552718835944,0.0423600537827144,0.10265122022192698,0.10521370319830732,0.06707103375086028,0.11899160412374743,0.2010041703751022,0.1305733103557298,0.11835937700325205
0.07950227422900906,0.0727060505140595,0.04119175735292279,0.08736575149744426,0.15870508859270455,0.28545834087390715,0.0812681300795311,0.10449762083414131,0.08930498602628033
0.05416999836757649,0.17786671364970055,0.05450127880696113,0.09092040834590848,0.11793074071677133,0.2758987136819699,0.0498458657838173,0.07920744059162683,0.09965884005566801
0.11861579252483666,0.055278220031981885,0.0842827727710135,0.11033563159466002,0.10614088442492377,0.12435582944009464,0.20266783829229673,0.11957141568825276,0.07875161523194012
0.0968967114277244,0.044717124877749065,0.11000418932682786,0.11447897356167981,0.08288592317634769,0.09898585654821052,0.23693109436183737,0.11164112429909129,0.1034590024205319
0.10057139247216812,0.07690655904027346,0.036829494240584064,0.1049662915136698,0.0991955881178112,0.19620806190412862,0.17912228854150716,0.11259539974475596,0.09360492442510156
0.07461482325486683,0.18055569196953872,0.10412787649191409,0.08732010476267164,0.11297328812465572,0.186917060841118,0.01202855155867095,0.11671452433628499,0.12474807866027911
0.06830592509737447,0.2343694722976688,0.14113492675993508,0.08794600824815384,0.11032601589001506,0.18045916733598819,0.014561073703265403,0.07154195767224643,0.09135545299535282
0.12389265893202796,0.12326356117652128,0.07560022210204892,0.10400909493447778,0.1459389770562574,0.09531394122446062,0.08069177039074936,0.12334083523167579,0.12794893895178075
0.13778693338430495,0.08770538448853656,0.055945360502441234,0.11151372967438494,0.19953591141769492,0.12146426932330424,0.06935616562470477,0.12119241485347088,0.09549983073115746
0.12751974054129112,0.09850884436837874,0.11022365541739187,0.11606781964118477,0.20024623454246257,0.07457924726089941,0.06293314743263195,0.11113922024911749,0.09878209054664205
0.046241180202806854,0.20809646260545037,0.08999110971282749,0.06761192359745337,0.07166376671637045,0.34786545920402445,0.015234240489434529,0.09119003287784773,0.06210582459378474
0.07514513578993608,0.032211196749455225,0.1590440645430193,0.10129968550216012,0.07514710158374054,0.1190448894205547,0.25523616981857306,0.10317061813534802,0.07970113845721295
0.06386001518423763,0.1321634676405433,0.0625420220428411,0.08335436575946986,0.07718345139072384,0.3477040203421813,0.03482470389898363,0.1088710529725541,0.08949690076846527
0.11078762135391007,0.05993081395701035,0.15489909906939095,0.1212094030104253,0.07473612699817075,0.07396776749377988,0.19306624177658446,0.1113205349282661,0.10008239141246213
0.09891640549982215,0.06332530647186389,0.2783007131946505,0.09076798251317937,0.14641211487431902,0.09430501801310365,0.03639761852891004,0.10644701261694461,0.08512782828720673
0.1807213973400353,0.08081960859569821,0.09169538054363352,0.12987993925233457,0.08359925301195743,0.06978468514951469,0.13693964489822574,0.12008818339287876,0.1064719078157218
0.08623670561831398,0.24166689856420367,0.08724772489442208,0.10823217477772891,0.09193853360438864,0.12210213710953756,0.03907224950184479,0.09187052386170845,0.13163305206785186
0.07657352015767384,0.13111171644335395,0.13361674004397087,0.09417016965211304,0.1662010647344838,0.16674260847309438,0.03833784937846294,0.09929379292568923,0.09395253819115801
0.09190693734091314,0.05571703928260915,0.18047018950057714,0.11103205197809808,0.06485395751970097,0.08583267437073698,0.20705403851865647,0.1107582821790869,0.09237482930962128
0.15990709917857093,0.11729827142198362,0.10142800111006516,0.12809926691533355,0.10987733589180267,0.11279954578442071,0.041473536124009634,0.10309160346707262,0.12602534010674107
0.0948806009523832,0.051362084098785954,0.2847370477483287,0.09769897462647342,0.08494846555876058,0.07397378804137518,0.12423398739206315,0.1033593664763035,0.08480568510552627
0.14659843249198842,0.17963636703909835,0.08068984446731732,0.11032467404310414,0.11631543175667292,0.0741130048545578,0.05541168549379225,0.09473071365937906,0.14217984619408974
0.11880263217134794,0.102307304252363,0.10419272832633715,0.1181535690300286,0.09296201187267202,0.0948479008676301,0.04167862689554098,0.11786910930841092,0.20918611727566927
0.03366881237029066,0.132601771858438,0.05728255410753469,0.07108345153838087,0.12535210789190362,0.3875511882720322,0.022581446144963626,0.09784935461616466,0.07202931320029173
0.10488083782972824,0.26642991920152964,0.05704380342301204,0.0730485580308072,0.07874716891931045,0.1914048386541365,0.013381647017358389,0.1152434607396029,0.09981976618451462
0.14140314806534351,0.0859207881647346,0.04877254095035943,0.12933428207134928,0.1155534668248165,0.11363621293776072,0.12830237318651305,0.11702508299046711,0.12005210480865569
