0.20230226598542653,0.09647295728801708,0.0892821673785537,0.060904781824969244,0.0989115463268556,0.09659981584039583,0.13579784869420342,0.1316491800847181,0.08807943657686056
0.11296495095825988,0.11667632832213264,0.16469225956716796,0.11575653070730225,0.05668829163640011,0.10087262317380237,0.11682383862272454,0.12296997967088212,0.09255519734132811
0.09557485914345186,0.11426951037956945,0.08186434352394657,0.07552954047071266,0.09281002406335505,0.10416186687068935,0.17752303561279562,0.1215896254243337,0.13667719451114574
0.11069151409583892,0.10607934247193651,0.11795280267526191,0.07062767000919996,0.1148234417795515,0.14034864563224203,0.10462081055690692,0.152025521696769,0.08283025108229324
0.10468255267776395,0.16288264164665975,0.08963859666525371,0.09313003119459114,0.08647576700131206,0.12026710445248513,0.1210568075677529,0.16334297120351124,0.05852352759067012
0.10524481728711738,0.08265998043924523,0.08490475447563274,0.07531101949692881,0.06810758013152383,0.1023808351905804,0.08918415925542204,0.11227195306359368,0.2799349006599559
0.11327881173977992,0.0938010062527573,0.085875161046508,0.07765939513987241,0.06454823773681541,0.1175525374060737,0.09843511585476995,0.1569396574284948,0.1919100773949284
0.13508201075138157,0.1253275956400922,0.11642026914789004,0.11886314445846025,0.09799234313747561,0.11345917059579262,0.11328501073165664,0.09726611098992954,0.0823043445473215
0.08417283074268421,0.13840666923591396,0.07645942631030193,0.11637806043468013,0.09201938123908587,0.15547637131215272,0.0617536429928738,0.13391929144472872,0.14141432628757863
0.09038749770509724,0.11228080170973181,0.13009374114471925,0.15377378536722333,0.13699426903529263,0.10880301876321234,0.08843333297418948,0.07352154966509782,0.10571200363543616
0.13537926888559781,0.11501575791764596,0.10228655407259478,0.1209196451642997,0.07108537755324901,0.12593281799174336,0.07472042548629611,0.1080173645009484,0.1466427884276249
0.10267862854139699,0.11069147926074298,0.16381678618783127,0.12434151444284018,0.08923030994219187,0.1145834596217088,0.09705800737807929,0.0895611285818317,0.10803868604337696
0.1081695009049846,0.09658837753923784,0.07907960945662602,0.09255947090527189,0.07711928805636754,0.10556758730302414,0.139979597081594,0.1175613778926931,0.18337519086020082
0.14202577537483516,0.1094580917715894,0.08792558778761284,0.11848664356612243,0.09534162252704596,0.1126293854625348,0.10351790938761052,0.09427519885117373,0.13633978527147528
0.08303742916829188,0.11905194817869906,0.11651711511299055,0.2101298273959652,0.08065603588921069,0.10933190462392502,0.12648308533317024,0.08174525963640437,0.07304739466134312
0.07594000960595874,0.10407179575480896,0.0938671838111208,0.06885348085788891,0.07961682541444166,0.12619482032888465,0.09426695297257175,0.1353446288525273,0.2218443024017973
0.13358362699677143,0.08890730529931361,0.10442559958311641,0.11081805261159072,0.10825741489082835,0.11333434348541123,0.06864520325847674,0.14270836839107465,0.1293200854834168
0.14816005823060163,0.12709677825857335,0.0863352900666733,0.12031605104424366,0.060983930021133115,0.10506847796856202,0.12704975042825392,0.13979863462132372,0.08519102936063531
0.08217441472980523,0.08820298766430867,0.06603753280384712,0.08367416204021583,0.07285408882668708,0.1269825445088427,0.08777709956727864,0.1333633271236155,0.25893384273539916
0.10156807348886715,0.11708368272920733,0.1082399280932833,0.11898759984058056,0.09791446247218544,0.13177487372908925,0.059437725872998774,0.11506095557648781,0.14993269819730035
0.12453937821136163,0.10390430610553485,0.12645680724665717,0.08640750704988491,0.10645516307535795,0.11870757091138785,0.06433000844226829,0.18904544638848517,0.08015381256906227
0.10399462374958285,0.08831139922853393,0.08599373199442738,0.08172862955487958,0.0918745585297537,0.11565482240142279,0.0800339662990406,0.15395207972785072,0.19845618851450844
0.1031744010010772,0.12245078709607994,0.129134714573678,0.14292829720847508,0.11124895189960489,0.1248800333818504,0.08425769672976573,0.08539138831384174,0.09653372979562704
0.1342643039618023,0.12454232078296552,0.11019683379760487,0.16597941486435028,0.07424935403044348,0.09333142515583231,0.08525539867029369,0.15627937925536903,0.05590156948133851
0.10101424273335419,0.097408574892845,0.1567581126433566,0.08118007653091484,0.07793414575531049,0.12850373835892565,0.11060522910959013,0.13011406803588044,0.11648181193982267
0.1329672452537022,0.10012447391458101,0.06980293791292037,0.11976513686104494,0.08058419829997161,0.10796163147262017,0.10745133207703213,0.12114292948841564,0.16020011471971188
0.13695876715910757,0.1820943061470186,0.09554607616621591,0.09000939428064485,0.10049451650722036,0.11523623030180112,0.0876136336202405,0.16435022055277862,0.027696855264972498
0.11629290107880168,0.1180795255051477,0.09516619213585699,0.08866015721691405,0.10925331328478961,0.1302798332646237,0.08253479158283879,0.142160983534376,0.11757230239665144
0.18139569832586933,0.10685702382453562,0.09132654748824642,0.08212166490601641,0.07762306357265719,0.09702155222408393,0.0873687503588797,0.1499291171171779,0.12635658218253346
0.14183744485543373,0.11820440126310834,0.09800669161338944,0.10895329431012156,0.08669704753296005,0.10879765623791159,0.0747606683077035,0.15625636735352186,0.10648642852585004
0.10288000959986188,0.10898712018061156,0.12857297223537936,0.14955248420938624,0.1086484439239756,0.12342440626472417,0.060268873005724644,0.11721293849076815,0.10045275208956839
0.12862598129364863,0.13486160318729015,0.14418207590151189,0.14857196774166112,0.08700042885814085,0.10493086001522119,0.10780743396451009,0.09014353750792281,0.05387611153009334
0.10478368849816126,0.11620921028017732,0.10076858935836223,0.09185887985649725,0.06644709636436309,0.12140262663046758,0.12478069287913279,0.13677700635588116,0.13697220977695734
0.09890637234885258,0.10723390385955027,0.08868887395579399,0.1550925150102975,0.14498160761015522,0.08509518126416728,0.09929604695571115,0.08690801287987515,0.13379748611559694
0.10529716740890031,0.12897884511052335,0.13074908310250713,0.1239245220853427,0.08391502382321576,0.12427790306332469,0.09972777812197824,0.10454001483876678,0.09858966244544108
0.14036368881259131,0.11929144152429015,0.0984962124107787,0.1101557137409898,0.10048358447268059,0.13169560063437483,0.10289756433099495,0.10279071780838188,0.09382547626491781
0.09148288896603017,0.12511556239906904,0.13580941344895836,0.1278150244468772,0.10603307954426251,0.10093111742884293,0.1173595893941574,0.10671990554998319,0.08873341882181922
0.087406148844122,0.11190882270348246,0.1217098160246447,0.1506685772279225,0.10831863940681781,0.12295633796512483,0.06398636534758113,0.10988362777788974,0.12316166470241462
0.09744719199021716,0.15427105635953473,0.07221912214682676,0.0869396126119642,0.08375111814750365,0.10513428412714253,0.1697469016717079,0.12666471842806545,0.10382599451703771
0.1148592934210706,0.12142425987222656,0.12254792503455963,0.16267542258780932,0.08582535561109471,0.12990588938790584,0.06707022760567195,0.13840568379908522,0.05728594268057613
0.16678670534821569,0.11530872376157338,0.08570607691895878,0.08355968800612612,0.09458341132942044,0.12276019749572846,0.12284660056995834,0.10934892905352202,0.09909966751649683
0.10227384265977281,0.1097183876627239,0.07814445804627651,0.17605270757613908,0.09864427800191435,0.11914880577208076,0.14308939697751408,0.08569162267675368,0.08723650062682485
0.11126064864193248,0.12365546114684693,0.09756455470720271,0.0884388645773176,0.07122283418768621,0.09890577378841155,0.1592916358626674,0.17554858753371586,0.07411163955421922
0.08001304742118298,0.12156057947053726,0.066571716885453,0.08881720890006727,0.06235917166210214,0.1422961223427827,0.11813717444194383,0.14552323214950744,0.17472174672642338
0.1597743072919953,0.10566483491365514,0.09191005567505112,0.08141071303707524,0.056522850913887784,0.10778549379656012,0.13319438132533673,0.14535290090386824,0.1183844621425703
0.13121783087949723,0.08824096917955686,0.0922792080734881,0.1302148431259398,0.09513939968375622,0.10515445897438554,0.10349725854343543,0.08842911686376415,0.16582691467617663
0.095559063490753,0.10845236149736304,0.10315694009220122,0.08230642662082631,0.09625147657041198,0.13333910555355946,0.08806080070852536,0.16837549381764016,0.12449833164871943
0.11798266256529673,0.11386144470205939,0.09486011359058989,0.12550289586179267,0.12010512169647003,0.10908262886003195,0.11887005495754599,0.09668913348043522,0.10304594428577825
0.12416464091267632,0.10207306443437421,0.09043921077941695,0.12395800280528003,0.0870545980188379,0.13063700696066197,0.09435205885358171,0.10402466399422645,0.14329675324094446
0.08183334220884364,0.11431678770146357,0.09129837696391753,0.10686923251829583,0.05907183543678012,0.1150826547501513,0.19801325996190056,0.12614059531013597,0.10737391514851152
0.18932464982411265,0.11535445548998376,0.1069677904574751,0.08647565932516466,0.08735021213544292,0.10155505339390818,0.08518624503490402,0.13491117120136945,0.09287476313763937
0.12036165916349406,0.11096310726524528,0.06808572861538055,0.08212945305392062,0.07314131599916661,0.10431083348854135,0.1212292236664357,0.16342758644854397,0.15635109229927188
0.0806208710354595,0.07744461011388921,0.12097133420753621,0.07865543100066646,0.08758834138335063,0.13733603291646332,0.06612727645923405,0.1515945460762307,0.1996615568071699
0.14623811021350544,0.1013298048114513,0.08861386369135797,0.10382890471144014,0.08031607174195192,0.1185054995397385,0.09967335925428526,0.10168340976346552,0.15981097627280397
0.13084487993907523,0.0929625189920167,0.11131418360584304,0.08100486574723854,0.10056623673871772,0.11124004673634764,0.07626896791358807,0.17106882635952614,0.12472947396764694
0.12624198147432694,0.1147642492807055,0.08270299574631401,0.12862910802482125,0.10067206437585619,0.11473016707167223,0.0841528730764442,0.10951184900836715,0.13859471194149253
0.13022516224170802,0.10451589551103503,0.1153649877844929,0.10917315991276093,0.14157634259406032,0.11181059149060112,0.06037698033479589,0.11557340233785186,0.1113834777926939
0.06637328615112843,0.08309659167597255,0.0723502305538819,0.06400801852518567,0.05019473378699477,0.0676855237262145,0.20425707794273065,0.084066970508053,0.30796756712983847
0.10282357563507884,0.131407221447461,0.05091687039808645,0.08926798359183684,0.08757962002376653,0.11995070226867473,0.16293788197112444,0.14761116929989795,0.10750497536407326
0.16060465369729962,0.12210149294245554,0.12244587028471238,0.10974362896554486,0.07906200068583631,0.12800392761927767,0.08112780495559456,0.11295618605862516,0.08395443479065397
0.1395989865359278,0.12871235858477617,0.10083225765226651,0.09268677350987027,0.08316465286857662,0.12966222917879058,0.1187995753388772,0.11676508963396275,0.0897780766969521
0.09159393803172078,0.1151569441705268,0.13182667462420883,0.17084458559686733,0.09059770146677286,0.11119132463641357,0.09940413745875215,0.07941411908936286,0.1099705749253748
0.11725779547501508,0.1415605761677292,0.11266941335043562,0.09674765351149028,0.12755544361960441,0.12370996694253644,0.09010105884330011,0.10244102183505367,0.08795707025483508
0.13968761050801914,0.11642003014591651,0.08872012188880701,0.1266493897023451,0.12655693566704376,0.08796339458850289,0.08766685760936284,0.10151080840130643,0.12482485148869639
0.107411954029531,0.12061539423227452,0.057444528364783025,0.09502873016833124,0.0956064647785692,0.10327424030466752,0.18042312850242945,0.09310796628883188,0.1470875933305822
0.0919342348305781,0.10201023261409453,0.11147407913861614,0.1682048814577628,0.14218652043827337,0.11276323517968907,0.0727360136099535,0.08545364620091152,0.11323715653012102
0.1784725009271457,0.11663451663717576,0.08047447330439807,0.09639746740557602,0.08255040170704331,0.11998251271164943,0.07749985503427471,0.13573873335724082,0.11224953891549616
0.10708242012597725,0.10851836332351726,0.14367364631773202,0.14640955854098023,0.07096889934833417,0.12058052247524882,0.0775624014113671,0.09909954551320255,0.12610464294364057
0.1580997992626192,0.1076791660493221,0.09814626048991291,0.11888968696358702,0.08831345384790713,0.11153192268888625,0.08537864155042783,0.12649477254008776,0.10546629660724977
0.127683758440409,0.10727768198923977,0.12673444254755176,0.1256745940644566,0.10056454060570207,0.11133559592853604,0.07054636852114056,0.09152592195988452,0.13865709594307968
0.11179170994081111,0.10112464964816555,0.07899092602336365,0.09382695285541655,0.0828960530220285,0.10282509442548905,0.13875152140108174,0.08390964384001602,0.20588344884362786
0.10331400163813614,0.10277531422227824,0.10204170254864235,0.15386282266191517,0.10944277840084539,0.13156829348278964,0.1060309754337882,0.10320400443805496,0.08776010717354983
0.09509291084874062,0.148514011855612,0.11099509529320717,0.1251968108236811,0.07950214315847955,0.11690258311908748,0.12284930487486162,0.10016078137421315,0.10078635865211738
0.10649636279662665,0.11395014527603038,0.118182413999481,0.14862139809884092,0.10322848963253428,0.11171518643849236,0.06047708145588524,0.09457724377112608,0.14275167853098295
0.17016336471828364,0.08619852921580852,0.11469450924195045,0.09977590325234208,0.10089450337757777,0.10321943717736755,0.06807697456010407,0.12063237691749103,0.13634440153907498
0.18736594174685575,0.1365014225370024,0.07562518249197316,0.10044063364395694,0.09217862511587294,0.10656285895710765,0.08765127685893992,0.11844010827320921,0.09523395037508207
0.16696160282875558,0.10257369520918354,0.08598545521325908,0.08124008549922913,0.08005250222060352,0.1063414049787102,0.08887477272503506,0.15218465912400936,0.1357858222012144
0.1421566605652866,0.12322338872416995,0.12229687969646001,0.1298763047060656,0.07291480144044497,0.10634463952166151,0.11795328434995737,0.1186565080490344,0.06657753294691961
0.1200721014821811,0.15729652966064847,0.12418996714722408,0.08497668579120667,0.06893622287606159,0.09922612781807272,0.14204079023541114,0.13828147358903184,0.06498010140016251
0.10797544097507257,0.08625975671329683,0.07687355607160366,0.07118353938631795,0.06537404219052459,0.10034399210435341,0.1459486968445578,0.11610770863127806,0.22993326708299508
0.11238529142809094,0.1258100698863792,0.1174017411261748,0.14784754893887095,0.14135174983013837,0.11901691067525272,0.07791863858734034,0.0944314697717552,0.06383657975599744
0.11206396495175926,0.15759060406329858,0.1030712996790143,0.09686019926848884,0.08629222786592315,0.11352478010264934,0.12969230116221053,0.12755061042978247,0.07335401247687352
0.08414619639447547,0.10287567917810346,0.16686662762628235,0.1775430733140828,0.0997593881759863,0.10125310221281471,0.06305063390605703,0.12859047653452735,0.07591482265767054
0.0674550972066017,0.06405796562011039,0.0973975961898799,0.07227101813511674,0.0779304999310633,0.12949895503000072,0.06886884059996046,0.14586877824946723,0.27665124903779953
0.10232792951856656,0.13093020711784245,0.11020600253120254,0.1391852401575403,0.10419401338702187,0.12748833628173994,0.08078419748494442,0.1406083037659692,0.06427576975517273
0.09473327462076214,0.10959439847095853,0.13722587769379885,0.14560904682194595,0.07774926952940915,0.09055142859914785,0.14389811896070973,0.0823786700335722,0.11825991526969555
0.13650120214699826,0.1072399459307886,0.10256059515854597,0.08970379227039772,0.0905855735577477,0.10130350387572162,0.13874052137590606,0.09300902337078353,0.14035584231311052
0.10968494388904654,0.08518385350998876,0.15653243003355768,0.08397993208997745,0.09738663353588473,0.09202154911162046,0.10251263630640346,0.16024959931313215,0.11244842221038871
0.10227777977537066,0.12202058968217495,0.10137749867668157,0.13557857295708745,0.11912727021943399,0.12004785255253553,0.1053447366995595,0.09617765643949204,0.09804804299766424
0.10905023114228952,0.12268612843813897,0.08888019467418136,0.09235781054898551,0.1285573840404102,0.11857763394599193,0.07376835402024035,0.16392398117127013,0.10219828201849208
0.13437231170096947,0.13843249893517637,0.07962978068676342,0.08365683930166479,0.10736022755213377,0.1250660779031593,0.11893823143052167,0.14134600354949015,0.07119802894012112
0.14593236183620903,0.10384775385861368,0.10185135972391464,0.10746925236173559,0.09251311147373208,0.11995877741540319,0.0551061872902612,0.10112371379039554,0.1721974822497351
0.10597451138053432,0.09793090183810188,0.11691884955319658,0.09573025983585413,0.08619175515484058,0.11372233041316626,0.11790185421561235,0.1286722124731012,0.1369573251355927
0.10737599764577375,0.1270506304770507,0.13744731915955585,0.11501229471604357,0.10418169878725243,0.12119315415272819,0.07425984451481497,0.09767763864341715,0.11580142190336339
0.09925658532535066,0.11218361399071604,0.08901708664993814,0.09226695448402177,0.10347298690270373,0.15590699795555385,0.07425060967571973,0.1701130488677699,0.10353211614822626
0.10639557793256038,0.11098338535123341,0.10867451406792034,0.09613512159562136,0.10885820259293326,0.1394414015725398,0.05284296586899651,0.1941408255157583,0.08252800550243665
0.10325453939386342,0.10426917941632374,0.09647772311562879,0.10837619659863516,0.09015198477099727,0.13314258379346508,0.07058089834570774,0.1546116743145387,0.1391352202508401
0.10748853559792815,0.10924317869824485,0.13757838135182612,0.08024573693900404,0.11404403991395362,0.1401427083239132,0.09406791145140948,0.14367710715402204,0.07351240056969842
0.07049903689463739,0.08334160898036276,0.1068280082705958,0.05779718071193252,0.07827397508180046,0.10718557860643059,0.1598924807207945,0.10589349813401035,0.23028863259943563
0.13611452266527274,0.12757525662829466,0.09637726634102022,0.12018981631008928,0.09778933618018999,0.08142720612914879,0.13818359344930228,0.10267430718076458,0.09966869511591757
0.1381775999987114,0.1319072890289151,0.12006999233625582,0.13641688426151824,0.08626027901473572,0.12093217649251058,0.08410743694980116,0.10154262157873163,0.08058572033882029
0.10906034828122757,0.117025976190938,0.11446019894449296,0.1053023235665651,0.10748084781926437,0.1549544410530139,0.0695192434038027,0.13720186011358507,0.08499476062711032
0.13548873712997242,0.09209493177018728,0.07190613892746965,0.08703793720109941,0.0974512014141599,0.13397391697014413,0.07551017061071859,0.13654548602139535,0.16999147995485328
0.10428182348939287,0.09636300953646519,0.12522577625710754,0.13543601547824002,0.10116493457774513,0.11369503080686459,0.07038946208152892,0.0865891920453622,0.16685475572729358
0.1594075777557051,0.12404189029527456,0.11865254869568792,0.1183277067584138,0.07969483758943012,0.10867841954358021,0.10122959836423989,0.11734435364400093,0.07262306735366739
0.11253312415026562,0.09437454689878809,0.09960168187527975,0.08896671173322446,0.07528760984059,0.12774053016611692,0.058375839429608195,0.16568252276427484,0.1774374331418521
0.1329911626967402,0.16389697562466515,0.09202281459265009,0.11599232212413964,0.06444268241144967,0.14164299854995493,0.1058075847506375,0.12605702162586585,0.05714643762389693
0.10453278108442084,0.11800898234536583,0.14859632482284868,0.1348935799409912,0.09533866443242815,0.09613369245132926,0.1351264198974286,0.08996109421486115,0.0774084608103263
0.08279080712429218,0.10790974165429205,0.16686133541641937,0.15039157071660958,0.06415333057546205,0.12189269784777039,0.09118119945015206,0.09565587997148355,0.1191634372435188
0.12216774955570504,0.08952945359431057,0.11961691675001106,0.14950269226702542,0.08959395752965216,0.1061441493356563,0.08797197313522104,0.09079263252090784,0.14468047531151057
0.1711203456604278,0.11255987003627943,0.1395189255116871,0.09356548582233896,0.06095553760091856,0.09791880199035148,0.11168168501213305,0.12181821824361823,0.09086113012224528
0.1261416929233018,0.11288285395589716,0.12004199700153458,0.09645496177208712,0.0683957425223056,0.11426661898732088,0.11770793218582783,0.11516908421655796,0.12893911643516703
0.13022266793302786,0.0927211451241876,0.15228800520857716,0.06965912283749295,0.09363152979041267,0.08282046647437961,0.1469339817346556,0.10540957367679986,0.12631350722046678
0.11546247351637295,0.1012439043216617,0.1323589809475236,0.15750781537339698,0.07202868979397518,0.10829410166212845,0.08371644686855761,0.12724034438431767,0.10214724313206573
0.11950353883557759,0.10564394356408811,0.1138063368298332,0.10592782168557369,0.07452407145218427,0.11114169771148368,0.09633293566019076,0.14007604175449137,0.1330436125065774
0.14547013776659065,0.12551624589379037,0.09027638312116938,0.09259451749623408,0.09579156836989544,0.10240675061965232,0.14767182305975743,0.10315840634808625,0.09711416732482403
0.12327123356071774,0.11233350703987259,0.0638501997139121,0.11591684482348867,0.05890526710774088,0.1251498315100504,0.14065620134249301,0.08655470860176691,0.17336220629995772
0.10524225031975244,0.12198651157581815,0.15742873842995975,0.13055549586350434,0.08819791553790601,0.10708730803735027,0.05324932195357174,0.17641726556373583,0.05983519271840144
0.10901440802889419,0.13064507373166995,0.14379943267199588,0.14329307122239396,0.08925669469137003,0.11347891613207912,0.10238399961067855,0.09287486183967449,0.07525354207124384
0.09445522544462644,0.11411969142301377,0.12987697787201646,0.1324065266557026,0.12487647491421482,0.10725252209673586,0.0907203214293837,0.08764461446039867,0.11864764570390769
0.1273401053424059,0.1255063696021872,0.14224173593308456,0.15662340376900125,0.08064816537602808,0.1122305531519694,0.07479753500843214,0.11498920307961763,0.06562292873727388
0.12320368515126624,0.1108902006363372,0.10858022712837523,0.1570248572533872,0.09985829277244739,0.1138791155887911,0.07312732262818211,0.09012182532520156,0.12331447351601194
0.10483534153038787,0.12417547167632609,0.11425509053748924,0.0956724201476038,0.0944363657729832,0.1232412952617385,0.1059062516562518,0.1290988622130903,0.10837890120412912
0.1316764097615644,0.11599056303096143,0.14204876067961442,0.10746725634457432,0.11279944475329994,0.109777172284597,0.09905885853047484,0.11749187915810555,0.0636896554568082
0.11893389999014603,0.11488400153228451,0.11395151509936181,0.1092363262967208,0.06937005243334628,0.1240690218484226,0.07825020929485155,0.14297739813522545,0.12832757536964104
0.08917436258083551,0.09906352879338991,0.12695786418201957,0.1582293537772401,0.09510170390802651,0.10394612957203309,0.06676445060379399,0.09985910552819187,0.16090350105446952
0.18234946919585715,0.10449083805482517,0.1036882433873736,0.0911291384136063,0.058691972109144196,0.09450980841760202,0.09539896998690127,0.15509598413368195,0.11464557630100848
0.0869870707053465,0.1376397001840769,0.10322199813164502,0.15551487913537138,0.10540950848720936,0.11214867540855104,0.08203117106918527,0.10344472861076941,0.11360226826784514
0.09246771798962583,0.09994615594686995,0.12470992181302186,0.0935439286110042,0.06790018457170185,0.1303729939196195,0.13238757146533395,0.11453604241354583,0.14413548326927703
0.12153751029771857,0.10590309444904182,0.10100015477324464,0.14523138974933886,0.11450130229808586,0.1054438522518939,0.09865266967927515,0.08830460237804233,0.11942542412335884
0.09177876751735521,0.09615850671575166,0.0923542599874258,0.09513366775959826,0.10455073272641564,0.13038044087923753,0.05541493328832975,0.1950507481053144,0.13917794302057174
0.10739768552270416,0.11121248694400439,0.13634926682230075,0.11946636212590232,0.07453482299862647,0.12426737562432766,0.05295914609719513,0.10447714260625236,0.16933571125868677
0.12087728637175844,0.11306391037897767,0.1369535235036419,0.13112266016529683,0.08209016759399568,0.09418182159672776,0.11975380896971353,0.09288899405994305,0.10906782735994508
0.12251009512138915,0.11126104627925315,0.10148649051545007,0.1448954073701601,0.08390531988556825,0.11670419364153099,0.12884191407280093,0.09524711860388697,0.09514841450996027
0.10665456180602306,0.10925692299348742,0.11003156399912907,0.12560891749315303,0.135913399555555,0.1253552225833499,0.06551302956619783,0.0961891680154026,0.12547721398770212
0.10467030934964594,0.08417454136884339,0.09528214401589404,0.07823986075426576,0.12286245147056297,0.1332099281498157,0.053236951170061754,0.1734100799646349,0.15491373375627546
0.1173356277228788,0.14067436437944336,0.10738769991477053,0.11747440385072687,0.09936301363040123,0.11604317188579912,0.12820325550599934,0.10634048453220984,0.06717797857777097
0.11576785162157839,0.10159037770739059,0.08923889586787036,0.10800812273406857,0.11788105684841997,0.09541474128763265,0.16291079422025836,0.07986856987375972,0.12931958983902136
0.09481469680132458,0.11541830653683953,0.09078672140990363,0.1702114579461119,0.10212964586250649,0.1246435868352798,0.08431132162197551,0.08353436857221015,0.13414989441384842
0.11125752787257026,0.11061338183530854,0.07692100917363405,0.11783807877949247,0.07468950556082614,0.15814000387628135,0.07725252044990731,0.12191075295758351,0.15137721949439636
0.11436249874493487,0.0999659155482318,0.10771738838569771,0.15289687335608668,0.09199605624536557,0.10520400440801092,0.11711881179722483,0.0839110463196322,0.1268274051948154
0.12629968221104856,0.1175863929035182,0.058147714878979344,0.0748395868494373,0.062157334466885684,0.08671630611284559,0.22001057354604173,0.08192956116120174,0.1723128478700419
0.12172527026471906,0.09671498852055138,0.11014462818920806,0.1339833995816562,0.14149248650267973,0.10417988494603124,0.06823062814460032,0.09792678061378451,0.12560193323676952
0.09749722198694753,0.10640247917697558,0.15258952810295745,0.1525739742740758,0.09319098101679389,0.11337438402481809,0.07575595552798947,0.08995135556739701,0.11866412032204521
0.11095176674959467,0.1071986039387144,0.07517919589424886,0.09483521908336723,0.10941342681543305,0.12221545251805403,0.10040459907753824,0.14081143776408833,0.13899029815896116
0.09423286113461127,0.11764094103963559,0.12919824411548192,0.128356955849358,0.10329624983118957,0.12620103010193703,0.05760771727644967,0.09637655099975001,0.14708944965158696
0.11019776523927398,0.08896102402509261,0.10055253236720336,0.12276937378908843,0.10172201721872827,0.11317922220441912,0.09872177266420377,0.09129059276194285,0.17260569973004766
0.11526011275149449,0.10822076751594346,0.12435141456480096,0.11533480388131707,0.08624493296871122,0.11806363864938478,0.08201877017422561,0.11132237833641445,0.13918318115770795
0.12464415859070353,0.09217694663367755,0.09750951140026205,0.1704845221338583,0.1066276603833755,0.09614790000154284,0.09949498611023545,0.08842967990377766,0.12448463484256705
0.09697799582156857,0.1186571081192136,0.09410430289382297,0.1513956224688164,0.11089856398771573,0.11307581433058152,0.12281873146179845,0.09074331065480355,0.10132855026167914
0.14925404265799858,0.12717853734239484,0.11347409664011042,0.11653697074403717,0.09419202066459555,0.1217392846754242,0.07623361222769254,0.1431182409648444,0.05827319408290236
0.10165298590158482,0.13480343579283857,0.08791768380232773,0.11148778303672056,0.08093693439392635,0.11861243492579567,0.1086582230525008,0.12387616682112486,0.13205435227318058
0.13984434018106093,0.10153244940371736,0.13376752387142546,0.14214012172784987,0.09560128000603728,0.08899653396216661,0.1058015996050267,0.09526485978381873,0.09705129145889708
0.09489093126191984,0.08941365571820431,0.10142957348979977,0.08555818794107244,0.12603663294538145,0.12605933742744505,0.0653810256425314,0.14524638257099262,0.1659842730026531
0.10566692904360214,0.11803876256369994,0.08990354379292632,0.12389945847020868,0.07054109997374329,0.13626451967141087,0.11372132093095684,0.10228461827661872,0.13967974727683327
0.1387651286008537,0.10453204714703268,0.09927368449178514,0.12689549534052105,0.06639884554497304,0.114804291191605,0.11995094994301397,0.10200112245900035,0.12737843528121515
0.09394189663483128,0.1394975539606126,0.07308401057140441,0.1718209615642502,0.10884141901910543,0.1361650933541763,0.09700943092893348,0.10722953486335708,0.07241009910332917
0.10087793326331762,0.11214259317506516,0.12742465375085132,0.12908054275665148,0.09802252976734334,0.11464601235300644,0.08774326925133145,0.09429149332904373,0.13577097235338953
0.10004276221174095,0.11273123122406027,0.1237135740749431,0.13648007383243121,0.15305081915683147,0.10744239423811229,0.0845869984000156,0.0802692052705725,0.10168294159129256
0.1455341116413096,0.11369586840316692,0.1247270767043233,0.12771878226800257,0.05488230684860446,0.12856510758080414,0.08063745595507517,0.13370244233914821,0.09053684825956554
0.1531754889319322,0.09715893053570719,0.11138904979354446,0.08568586382857574,0.09577083067268433,0.10689957897244258,0.08707791839920274,0.15737126858637276,0.10547107027953805
0.12507039664765354,0.1093903386402894,0.0772757314788881,0.11656422787636433,0.07351046472358694,0.11333153806628427,0.10905963398966335,0.13788090071839604,0.13791676785887405
0.15487682770875397,0.10128248292485738,0.09941866696804476,0.12003408099644453,0.07334789056511971,0.10352544258641984,0.07961612786720211,0.11772253286236194,0.1501759475207957
0.12343442506835743,0.13825204190149706,0.11150954282316118,0.1109714252298798,0.08771756868621743,0.11933200588259825,0.10469662102092647,0.15550222607138375,0.04858414331597855
0.18458629399781545,0.12554256288929963,0.148314754043244,0.09075911042043137,0.06434175440232644,0.08618783213165494,0.09426797470326038,0.13447954557955166,0.07152017183241613
0.1384280308288622,0.10347551185150124,0.10615086711482126,0.08410284489370562,0.08578471373281871,0.1299757243961048,0.07805894595685302,0.1294764182419529,0.1445469429833803
0.13988097911709527,0.11955552517644802,0.14753193819606558,0.10190552661773589,0.08308357965927225,0.1208461995561144,0.10209582756886987,0.11293490762739773,0.07216551648100093
0.11260693517542897,0.11139675285914367,0.08200194199279237,0.0868422595805353,0.05125418180853946,0.11424145370260569,0.14934957168931548,0.10745272566728585,0.1848541775243532
0.1330315607726195,0.11539252720509365,0.11459102022750346,0.09367671962261924,0.127614883749654,0.10920240201385979,0.06191702523164024,0.12986327462644542,0.11471058655056465
0.10706262123714906,0.1208779594583927,0.11342855560191056,0.07393363588699227,0.08516745022987511,0.1283180023146595,0.1630695007983868,0.11209988122340157,0.09604239324923243
0.1778576053913865,0.10615911436490556,0.1249617047343972,0.11131069475756634,0.10288687468121449,0.10480822741719027,0.06574037723492472,0.11092586196331615,0.09534953945509872
0.09248301743088383,0.0974477869012668,0.12787897520518166,0.1250536569619796,0.11138399956163574,0.11560466830311224,0.08070709925252202,0.08072286301714594,0.16871793336627214
0.11205092484889663,0.12272650342604578,0.09664822976484962,0.1725494793847462,0.06827577009241063,0.13353566326814273,0.08820631471566968,0.12639131524251035,0.07961579925672833
0.14774042723936434,0.10747100207596293,0.07197506634974064,0.09001820969274373,0.09837378241797577,0.10098854038960846,0.15093546438902583,0.10037276831831815,0.1321247391272601
0.08735323832151835,0.11535485287554159,0.13616747185008657,0.14812215934541761,0.07195883240309225,0.12182311273721919,0.0993838330866631,0.1181578928672309,0.10167860651323046
0.1176606898465331,0.09939653708334861,0.07304512052617512,0.0699824945452277,0.08396796293726887,0.1351400510782684,0.11456436566826234,0.1226857939496321,0.1835569843652837
0.1268879173801414,0.11676475187152778,0.1137507203628584,0.12222606220013867,0.13022348876322776,0.1020137268919823,0.10324765033453559,0.07931348671828771,0.10557219547730046
0.1388897629617756,0.09950121587554223,0.09600218689510254,0.11864734446839209,0.07822279819718746,0.13910460792712226,0.09631164363187861,0.12971994472352097,0.10360049531947829
0.0846141560701323,0.09885890174052354,0.08308666973197919,0.08375977666543517,0.0906545076378693,0.14404121544175855,0.11322241026047457,0.13168148859336296,0.17008087385846435
0.08297096105047747,0.091160980878614,0.10039918018716219,0.08298698958338374,0.08040197375556846,0.13309085757462266,0.06869237074859956,0.15557153802750723,0.20472514819406473
0.15407645992090538,0.11092715066222847,0.09308204023001491,0.06669594307970246,0.11165255100897224,0.11123078981185001,0.07379332853197638,0.15931135741467733,0.11923037933967272
0.16289913613355933,0.11705789173993864,0.10512989481124012,0.10945979336071161,0.08035291581927692,0.10500658036132937,0.10122389877382688,0.10818371256759814,0.11068617643251893
0.09632154811774297,0.08010266267826999,0.10408814426596563,0.07936588840822241,0.10118032960734853,0.11154173956820453,0.060167772576704415,0.2068843387954833,0.16034757598205826
0.09640525413821897,0.10886490536919198,0.13751008932787548,0.13041512530054625,0.118126834022654,0.10388219345102201,0.1160993725435912,0.08564786905755285,0.10304835678934725
0.14956823404631855,0.10847453417381825,0.09053456479772078,0.08463879486999436,0.09388405843133212,0.12108212441369494,0.09779492568906091,0.15366510674098818,0.10035765683707183
0.10912821350326822,0.105852054456728,0.11239033050240936,0.09716671497399086,0.07650179374050647,0.12172287133940031,0.06681424805671717,0.19225893973263544,0.11816483369434416
0.11001402012322063,0.1349431344311889,0.1264606928429465,0.13359412138306812,0.09013732287217495,0.09713106976459773,0.12849075177775762,0.11974657689010271,0.05948230991494289
0.13914355146633742,0.12602300603458796,0.15997550835665078,0.08446860823479563,0.06274249717414082,0.07878962111643245,0.13281690037666377,0.13992437925980672,0.07611592798058445
0.1421284546429859,0.12230908789896204,0.11618525923703589,0.12079765343602995,0.09698663051466122,0.10121788584175538,0.11155959222403304,0.10528812218296639,0.08352731402157014
0.0969392737628061,0.09527827190835243,0.10522039260095623,0.08512058006790628,0.11113045940615285,0.11907028405104893,0.05813755356217654,0.19363526737436873,0.13546791726623195
0.10962661255757918,0.10559863559451525,0.05794101284874465,0.07601773956557,0.05937333260647212,0.09247468618353026,0.18587602379525178,0.11496453260441682,0.19812742424391985
0.21662078532911178,0.12178375853391833,0.10357224421465783,0.09085505175619352,0.05799628895059485,0.08511217285729833,0.08759108789721716,0.13238208093471343,0.10408652952629473
0.13840608116684525,0.126938479255667,0.0985111656305687,0.08515693081095928,0.12088488579571133,0.10385396722828577,0.11673018766696902,0.1184808555090487,0.091037446935945
0.09495305601332497,0.1007395134921749,0.14721672286233847,0.13310964199358769,0.07690415842394684,0.11657204862287136,0.06838708340543967,0.11036956705775121,0.1517482081285648
0.1316751168331127,0.12853416428669515,0.13654578789039018,0.08668262616193766,0.10317182426499209,0.13036813334022143,0.06547904462982042,0.12031738837978535,0.09722591421304498
0.09909722462706215,0.12698059346644808,0.13164302124989966,0.12504014495557858,0.0835819547548488,0.12651425274983402,0.06495304846681953,0.1300877661059865,0.11210199362352276
0.13043013110202265,0.11853872030403478,0.13714859464613394,0.13132162853641477,0.0740106787492426,0.11188417596791965,0.07849057466172675,0.12082347149969752,0.0973520245328074
0.15025389740375397,0.13041291557648485,0.12861372605726254,0.09699673542572017,0.10891707747676653,0.11805294333432932,0.08503568792830463,0.12770709942759814,0.05400991736977978
0.1292766596176558,0.12748697535631237,0.12032835592535385,0.14212024891778685,0.10321132807332727,0.11191276070600713,0.0719124425498146,0.10759061724839829,0.08616061160534387
0.15210948183690481,0.1034863219397877,0.11041689761151086,0.08399141473531492,0.09678292706450536,0.0991667389793686,0.06568351721165845,0.16538671942845004,0.12297598119249929
0.08163302479652579,0.13132992549965847,0.09284627239095267,0.1537930153937537,0.11628743239876575,0.10736073702266069,0.12926684195804403,0.08943748534514101,0.09804526519449797
0.18950269786423757,0.11104963321849774,0.1025093240441166,0.0863736363592774,0.0706998695159675,0.09415404435299018,0.08504800997344546,0.1327039848497611,0.12795879982170635
0.10645232953134433,0.12622154595033452,0.11377858150827129,0.16833780575281931,0.10855896936486036,0.1238733789088995,0.06764854793468272,0.10617826143264064,0.07895057961614727
0.14909326870720843,0.10794479198632116,0.08944605511310989,0.11860393493885872,0.09126465028970619,0.09515723921519499,0.1120324023318318,0.08969326726860155,0.14676439014916726
0.1023052765641916,0.09776567614055685,0.09029709161013955,0.0733706401672695,0.10880462098764444,0.13232806137614986,0.07391577290026241,0.15731753381296973,0.16389532644081603
0.13987229565617745,0.1189755815120976,0.1115750894831125,0.12618195915828487,0.11363400564201431,0.10819320018609448,0.11742521310830621,0.0953887224508005,0.06875393280311214
0.16157894885656962,0.08725046095365235,0.07742809002064042,0.0672075696534285,0.09272880639880594,0.06740519510659972,0.17511993552223135,0.08331759179629133,0.18796340169178072
0.14021691336844497,0.12004114845205184,0.13215412366256818,0.10255054990526025,0.07638388665480729,0.0723287888032695,0.18173698576669375,0.10488478387712287,0.06970281950978137
0.11282655485251275,0.11455666534084709,0.13501572077701554,0.14891401020396466,0.10729850711561656,0.11888296302799146,0.07460252206433308,0.08744640462046675,0.10045665199725212
0.16825809078490048,0.13239254456259478,0.12304453047057969,0.10481422772505578,0.07748002333071716,0.09738490343055556,0.09023680321694914,0.13906682442871215,0.0673220520499354
0.11599776990608425,0.1116277075855232,0.12038673375799291,0.16183929438456035,0.10696909548985593,0.1094429894197318,0.07487209703232463,0.08858189060566095,0.11028242181826603
0.13289486235302075,0.12195381906702944,0.124866515311687,0.08926856515616267,0.07558390427176222,0.10524108015683448,0.10422523039594611,0.12187028825589974,0.12409573503165754
0.12068562394602665,0.11582063438776262,0.10934940298056521,0.10701660801430572,0.08282724605155777,0.13221614204157597,0.11662363981933384,0.10520762613800642,0.11025307662086586
0.10322338915973638,0.08586003003629532,0.0962663045929748,0.07127827503439221,0.08028168316968654,0.0967856691146871,0.09637505193764757,0.11403961500736241,0.2558899819472177
0.21951918681010354,0.08995689914408818,0.0933359233905751,0.10155014274618084,0.07474255179458976,0.08113756164586432,0.0907387325095547,0.1184717772490305,0.1305472247100131
0.0951543320837288,0.1073364007710042,0.10690113327954463,0.17463898785796775,0.11966453744974366,0.11051066724604064,0.07889557164791648,0.08711498100018966,0.11978338866386427
0.08280005992976903,0.07199743724597318,0.09395975859579168,0.07157017540973748,0.0815824544265032,0.12624363553384296,0.07614581556412996,0.16544556027906634,0.23025510301518623
0.13738284456998748,0.11142958726685022,0.10777512464824124,0.12097404512070353,0.11669089647180282,0.11153009971462069,0.07291860860394443,0.09547547156449565,0.12582332203935392
0.14251038182072553,0.10940778707087756,0.0946531858981976,0.07157988445781692,0.09792859309350736,0.11940960765510851,0.13412379024168597,0.1270677170000335,0.10331905276204721
0.1000114128804659,0.10942761181193365,0.08003242754446245,0.12335880579824499,0.09028022186917535,0.16717460399345305,0.08075458189859569,0.1120212463429922,0.13693908786067674
0.11569109014136571,0.1207208728153697,0.11073951151797762,0.12158401522570894,0.06300808661705094,0.1317975427448165,0.061016253316405734,0.12241425877919161,0.15302836884211315
0.0952797854290779,0.10557159333008431,0.1245305923715706,0.17591119912650455,0.11786222456230107,0.11306200252245525,0.06992590418579502,0.08847920531352221,0.10937749315868904
0.08147541994836403,0.12133366071728513,0.12479062263694352,0.14398441854813743,0.11327745673322381,0.12418930423834475,0.06470909541028706,0.11061914147191364,0.11562088029550067
