0.13316607950013412,0.13977533371518183,0.06453357999344364,0.12097735919727359,0.1497447784403968,0.15081475511161224,0.05121318626672874,0.12209965894438012,0.06767526883084883
0.12475626560022139,0.13744461312002956,0.09499015884502517,0.07926528442859382,0.15092011701532057,0.15550860724406873,0.03912811601159589,0.12219978838760191,0.09578704934754301
0.11304274701012844,0.13341758364996809,0.0683346230130492,0.11738942314091598,0.1524355828491664,0.1507582459781316,0.03478536992914747,0.12653459358507285,0.10330183084442
0.03371712308869607,0.02406694542791492,0.056705168649534676,0.09704538025133243,0.0018047345747192382,0.004660508647350124,0.5058428164111498,0.11719280758663982,0.15896451536266284
0.15499396010112731,0.12075431002050789,0.10354964356954566,0.12832953444806824,0.08705188645219897,0.0858702422746588,0.18557433085262584,0.10674221131210841,0.02713388096915886
0.13942677934878525,0.12164811405978986,0.15258052972300498,0.1398549657794219,0.09878890814844722,0.09683950309733641,0.12054289119842111,0.1038226869429341,0.026495621701859207
0.1385586284543799,0.12115803692445432,0.14377207844844725,0.15083340872915632,0.09855249021577835,0.09593942808943234,0.12130556819930306,0.10369082312249593,0.02618953781655241
0.15357872885550183,0.12689259574453368,0.10068578533446558,0.12762091983279442,0.09615228848048568,0.09513028420758356,0.16150344312713313,0.10821127121377787,0.03022468320372432
0.14168429882356073,0.13114932900941048,0.10664388050087827,0.14721519479264664,0.11804456359559105,0.1159900296571623,0.09513045527661464,0.1101372630104529,0.03400498533368301
0.13840664482306028,0.14012667077800747,0.06877032672720763,0.12524489178599,0.14479041838965262,0.14572994889250238,0.06022736088085521,0.11963391361416109,0.05706982410856335
0.11381085585968813,0.13313501452156817,0.05511225417813095,0.1041089849515638,0.15447875898719118,0.1544981856524626,0.03226492578129823,0.1311554461802125,0.1214355738878844
0.13116465077847309,0.10797737533638395,0.221150693398118,0.12081138699410192,0.07736032867243801,0.07680411813775843,0.14798137869846065,0.09550077288040648,0.021249295103859506
0.1496941800973884,0.12355553741133578,0.09347928315903804,0.15652702735262672,0.09579276515067314,0.09308528773646768,0.15417742399067028,0.10691186521915896,0.0267766298826409
0.12929924996939043,0.1321180814953087,0.16163308907273607,0.07769853957930141,0.13750770256469602,0.14172992518248786,0.04734626901709706,0.11304365557637619,0.05962348754260626
0.12433871608756149,0.0987619777018252,0.23775984238140635,0.12418013020163894,0.06495983320939547,0.06409721300754072,0.17621830005516378,0.0908005744259368,0.018883412929531218
0.14165013724061334,0.1375512254977865,0.07667787835972206,0.14627165179474508,0.12981448024372033,0.12866681446318218,0.08318439881069668,0.11416548249731469,0.04201793109221912
0.10428889765517957,0.12539659745502582,0.10718829479521791,0.09712530495340206,0.14780887374119725,0.1451792055559463,0.02848742904225374,0.1260859576710738,0.11843943913070347
0.13315576020331624,0.0922985651749229,0.10161899110173217,0.15801519191760224,0.05201471049451698,0.050729509501921205,0.2844971471907356,0.0961168508146542,0.0315532736005985
0.1526133028121425,0.13566625691657455,0.12186013928211607,0.09970970719475747,0.12019617128636749,0.12299490650950246,0.09822732323038963,0.11194988427778672,0.03678230849036306
0.14809190985001475,0.10640749813972454,0.10766274841805655,0.13015677457015296,0.06681842183210329,0.06573088825245431,0.24534043975903477,0.10220218838077837,0.027589130797680505
0.11795511783014025,0.1322219221138126,0.05803091419596793,0.16979426070987658,0.14636965162353463,0.14224694175188585,0.04366840279365278,0.12048313032596254,0.0692296586551669
0.1317517487404209,0.13548623647939306,0.06630388307740426,0.1621856928392401,0.13893749223177895,0.13649141843482482,0.06150989109921536,0.11664364009659971,0.05068999700112278
0.15160995756839715,0.1300424918249299,0.16327332500319944,0.08559332878886217,0.10792444080762637,0.11241095892137565,0.10871805561124792,0.10766986061654855,0.03275758085781288
0.1471507768507558,0.13997137704252013,0.07731902174861423,0.1231415529708243,0.13540355180764024,0.13654837146161544,0.07828371859491584,0.1166943911202758,0.04548723840283817
0.13307075481872557,0.128728234235994,0.07124247831249349,0.20170384022780383,0.12050903882560321,0.11563296013620182,0.08435692503738236,0.10981591824992622,0.0349398501558695
0.10401071892669252,0.1275837051827637,0.052853895449458045,0.12822806824169916,0.15108075603256524,0.1473670108502321,0.029070893917184957,0.1313829763655886,0.12842197503381572
0.16198006023867575,0.12891322567294347,0.10554800770359324,0.10444353928697042,0.09833186681681638,0.0996592928787541,0.1606285278055062,0.11003928203307474,0.030456197563665643
0.138130823766368,0.0913094496245412,0.11092749468376568,0.11464379891486642,0.04891148524886333,0.0492931646857534,0.3109671935954916,0.09890381958266004,0.036912769897690316
0.051477963206429445,0.036464622908671675,0.07807092854928724,0.05765020480587731,0.005505447166881737,0.009319230604721148,0.48754906518260394,0.11096214804418075,0.1630003895313469
0.11871323277471228,0.12908479922386515,0.059571272495519655,0.2053077382480325,0.13714027265802606,0.13116660873206418,0.05172161274466334,0.1148935381733615,0.052400924949755366
0.11882431819023381,0.13485870417709928,0.059316090195363526,0.16273138597722892,0.14624128890931634,0.14292013409490048,0.045959147061603305,0.11972509001129805,0.06942384138295628
0.09044591057863839,0.11949429051604282,0.0498342314303862,0.1210481137166327,0.14327900174038408,0.1379319020257135,0.023530669320914525,0.13417304408424938,0.18026283658703837
0.1188377860024767,0.1339716861252749,0.07080429082379856,0.13396542018134758,0.15030949999761192,0.14807135998314838,0.040313996584534564,0.12325451143839979,0.08047144886340755
0.14725064349289838,0.11320113572521691,0.09872892857046976,0.1590281530596571,0.07865311237700127,0.07598499733316465,0.19950774413395952,0.10303052591579798,0.0246147593918344
0.1509277887112684,0.11975248607634086,0.17965570408306428,0.08673292714768899,0.08688574622108032,0.09056584760827158,0.15391449333238297,0.10329407575573457,0.02827093106416804
0.12272361391495067,0.07947778443313402,0.16300629615326798,0.12716315023056737,0.04065088493195573,0.04189722921388756,0.30211682798922895,0.08956703596995468,0.03339717716305315
0.15178688442720714,0.12438289035841255,0.09951030178617874,0.13700593646183037,0.09312809564416984,0.09139864436146665,0.1668290843384276,0.10719541971247344,0.028762742909833775
0.0781255769721707,0.10864547423606197,0.046613073019357056,0.08703594555499061,0.12839439542571987,0.12409608628380053,0.018566401091098195,0.13976331785222437,0.26875972956457667
0.1418098668840745,0.12184987684860143,0.08461247443988197,0.19271546334079415,0.09824954220353749,0.09391659012027846,0.13547987716589835,0.10529449222938782,0.026071816767545785
0.11215930968549874,0.07194454941156807,0.1786354861838806,0.13562729870092946,0.034780018907764595,0.03643311429121834,0.30734998533820473,0.08448161565926038,0.0385886218216752
0.13607029428646733,0.13954616578831147,0.06719293280798451,0.1289184002447021,0.14563507581770696,0.14611328283489597,0.05769435199910067,0.11994932684641905,0.05888016937441191
0.09587669459614533,0.12364391749503763,0.051167474862537234,0.14237286474681962,0.14723240959624465,0.14139863410619255,0.026752761342245215,0.1302403317714412,0.14131491148333655
0.07460451815843523,0.1061067966080071,0.04654419052383537,0.10324229324993488,0.1267916249807653,0.1207529624967727,0.018038566435906938,0.13882259034777764,0.26509645719856495
0.08204975530498476,0.11198468186056153,0.04823340581533788,0.11001091234765037,0.13502629092608462,0.1292518359299458,0.02016404112870084,0.13775737578171643,0.2255217009050178
0.07862044467834646,0.0710880354662873,0.33960083560127546,0.19075890537389847,0.042829690785954944,0.03850275011055842,0.1565630597887748,0.06858105653667444,0.013455221658229625
0.1457691278136524,0.12558059813522301,0.12060708250853751,0.14266705382319353,0.10234357868745009,0.10039400898653368,0.1277653995177271,0.10680672719229199,0.028066423335390753
0.16055288856980007,0.13284729541172055,0.10381600376332305,0.10167508424936685,0.10432634482941554,0.10635658988118835,0.1458742777833102,0.11083785766400729,0.03371365784786808
0.15349375362144135,0.12248564424839763,0.09968991295926229,0.137869565216824,0.09119141447228572,0.0894562338051798,0.17182020360875064,0.10704476774790367,0.02694850431995489
0.0905695952148058,0.07183321677713743,0.298287255306221,0.14757885377216437,0.037296308049564006,0.036549325022115574,0.22792473509327937,0.07541833146513678,0.014542379299575586
0.12066521394007725,0.09099317147502091,0.2411415732125647,0.1096317167538995,0.053050527054321193,0.053743116491677324,0.22007701732902055,0.08838924388347548,0.02230841985994296
0.13251166633327152,0.08539607247382891,0.11003070673029001,0.11206490685123578,0.043020850283001046,0.04384883470695661,0.3330945821954962,0.09762457521481978,0.04240780521110018
0.14958511458427357,0.138055763705251,0.0816298979804916,0.1287789185537541,0.1280164155977793,0.1283155011221304,0.09107317359755435,0.11475410717470363,0.03979110768406211
0.1310930910364349,0.13474798335410842,0.06895940428422238,0.17578224820426677,0.13202394243819962,0.12868059725434866,0.07050399505032183,0.11350934134946393,0.044699397028633604
0.12017985104871087,0.1354018863862594,0.05801672837387223,0.13182462685770327,0.15247347435430555,0.15115102597546623,0.03996249491958249,0.1252555369520371,0.08573437513206295
0.13456492860889824,0.13386677755912244,0.09352079018326535,0.14976868008750466,0.13174583986191435,0.12954524142833793,0.06992583678027094,0.11355513025507345,0.04350677523561269
0.1467216162033204,0.13530172318787473,0.11006292192164085,0.11918619805292052,0.12392130689246157,0.12443079254650134,0.09006749168804873,0.11246381038075026,0.037844139126481637
0.15680468650477908,0.12055868808079083,0.1479562006105972,0.09014972549738366,0.08537673401932862,0.08830778814588695,0.17596008046505876,0.10542585519185455,0.029460241484320342
0.13276403301008224,0.11162402964943076,0.14012500083462032,0.18596333647437271,0.08490282292553768,0.08096566471106495,0.14312628139316433,0.09856700767021094,0.021961823331516115
0.12387683773983738,0.13054669247896,0.1512598183918147,0.10245330466404101,0.1371806841198742,0.13704606202728,0.04808172799036844,0.11331868888679668,0.05623618370102757
0.12991149387605339,0.13807679893704258,0.08170616110450771,0.11080185062294068,0.149363510352716,0.15042247017824883,0.04751894844750698,0.12154626874257092,0.07065249773841292
0.08668702308200849,0.11655102382042969,0.049446651451239054,0.14103522933081922,0.14125305056327203,0.13399378237434748,0.022800729670254993,0.13263828077335024,0.1755942289342788
0.14423394706374199,0.1451095287843626,0.07195178480583815,0.08279888527190564,0.14970912699344743,0.15734661536423813,0.05592289784334831,0.12100098274890718,0.07192623112421061
0.0850225767199555,0.11401276357200534,0.04695961320477299,0.0714292096071568,0.13268862369356316,0.13111312696955144,0.020129366774715537,0.13743991625979346,0.2612048031984859
0.1300862524292662,0.1381907906449162,0.06328020917073308,0.13354061120778327,0.14850393277269727,0.14816971914448088,0.05055232277291393,0.12143053184594278,0.06624563001126645
0.12901159367655907,0.12790787409977747,0.11903689145812475,0.1640334573074077,0.12239807143330321,0.11849162145654525,0.07312162514515406,0.10898052572337187,0.03701833969975656
0.11922951936486516,0.1337440342172458,0.058209034533322775,0.15448033712737788,0.14893134168626668,0.1459045441237589,0.04251259292949825,0.1222990187091791,0.07468957730848559
0.12373630147364674,0.08120828203932978,0.09948432486926644,0.15762898158799146,0.04104901884821798,0.04083349853427334,0.32364539360839983,0.09304179040513254,0.03937240863374191
0.10535869894187307,0.11456142365088118,0.255401274407238,0.1198025246997466,0.11343932325134332,0.10545332740847073,0.051993216163456334,0.09794213523341129,0.03604807624357955
0.1523639756318005,0.1426244266830902,0.07984503878763065,0.1006847932555196,0.13848501958503945,0.14264084363427357,0.07645188115135788,0.11795603307086829,0.04894798820041993
0.15700413941659044,0.13469127818916168,0.09328962158549382,0.11887141156746724,0.11390716889970588,0.11445310150664902,0.1221486363459049,0.11230965094263691,0.03332499154639006
0.1185890806799778,0.13183669679591062,0.08140409513864659,0.17043306556052695,0.13975158924618855,0.1351398800300019,0.04980024365900004,0.11555381006023402,0.05749153882951358
0.1533201720391598,0.1274223011594285,0.13169950607554512,0.11019331957220281,0.10077424890954877,0.10152005994921891,0.13788677388187992,0.10789480636178723,0.029288812051228935
0.14185201233712297,0.11537019876645992,0.09242335078780577,0.18306919585127512,0.08352893671657373,0.07972683072588059,0.176704210650949,0.10232130271631808,0.02500396144761483
0.14685472373090938,0.1088970472336967,0.14278940637383133,0.11716330329510127,0.07119234778552845,0.07108102713265489,0.21469135833391154,0.10112338511225101,0.026207401002115372
0.1273758585131067,0.1360882403360311,0.06434698245699742,0.16308664124466687,0.1410852029961566,0.1384388935979839,0.05704114669960147,0.11709095765885746,0.05544607649659844
0.1428342229961123,0.10555870257837445,0.0988610682199479,0.16749415068468787,0.06879251186464247,0.06622304564750518,0.2260447468410679,0.10006677181557994,0.024124779352081887
0.14934618179764833,0.10073781713626072,0.11957055435125946,0.0896219827546249,0.0572700952159255,0.059077562087423624,0.2835774863907695,0.10235440042509493,0.03844391984099303
0.07454006656185548,0.10603635538499036,0.04628067382757837,0.09662592026686372,0.12595854533108644,0.1204372931545849,0.017897870008443718,0.13938209578948185,0.2728411796751152
0.12107115429244324,0.12187108332033991,0.19797007498534025,0.13404314704795472,0.11029594533064364,0.10710097493754063,0.07363005434430404,0.10212551874645541,0.03189204699497806
0.14652686072841495,0.12401808980534873,0.0889832366590557,0.1705753255667046,0.09897683216779289,0.09561246229753778,0.14161133551289604,0.10675771680013486,0.02693814046211454
0.11217301992928903,0.07114237151749392,0.15864221122506802,0.13122985600016138,0.03318953877862003,0.0348983678766362,0.3265051590986149,0.08652359156083315,0.045695884013283374
0.1333429369834277,0.09418637252016258,0.16389038242054688,0.13416082324485815,0.05608836147658083,0.055955435202824165,0.24373220454150177,0.09378417210435881,0.024859311505739102
0.13872736043478848,0.13419575797697456,0.0734100700315085,0.16599448007176157,0.128272402629411,0.12564313052021173,0.08050579540918738,0.11334625912528347,0.03990474380087327
0.1408532844829642,0.11373424537248077,0.08881206373999674,0.19852085647461037,0.08392036418397976,0.07968684408349122,0.16969909125725832,0.10164053449733763,0.023132715907881046
0.13383067739081597,0.13913290000572892,0.06561284981961447,0.13027520941724566,0.1469434690644793,0.14717153370877714,0.05473431318074531,0.12055674695152442,0.061742300461068766
0.1524347827213444,0.13539423030525646,0.08718259063769257,0.13100971504487663,0.11901518070273988,0.11870042384492761,0.10859157729860293,0.11279472126153495,0.0348767781830245
0.12418193428628115,0.13104792131283924,0.06260789159537301,0.1942388894892432,0.13575356790070536,0.1308662513528875,0.057856571971038044,0.11458292447120749,0.048864047620424976
0.12074026094404378,0.07808176834215995,0.14934793495314924,0.09544638082610468,0.03688345413335034,0.0390963401808374,0.3313432709056546,0.09271424930503498,0.05634634040966496
0.14501894553225106,0.10806260647613926,0.1374549584728031,0.12879541517725845,0.0709773933069973,0.07013879665780658,0.2138146632514518,0.10055063724013376,0.025186583885158802
0.11455649940613367,0.12852481024231358,0.09195627603180308,0.1664630495807732,0.14103145446030507,0.13559583684702523,0.04362036393601599,0.11636728258535424,0.06188442691027592
0.08346740180890701,0.05311150200507764,0.09701325370876651,0.06929329575628214,0.01549707232602556,0.019172746418038542,0.43077007800428385,0.09774202694716715,0.13393262302545156
0.12162149882023077,0.13695334070169685,0.05969739503914179,0.13880347250502909,0.15019789349965781,0.14877719000985642,0.04414669779479156,0.12248866521012043,0.07731384641947536
0.094573553434437,0.12138974204315156,0.05071508118199749,0.11447633133898176,0.14575234168099127,0.1414407837096497,0.024329858373083806,0.13548386843535756,0.17183843980234978
0.11704118974013955,0.13563731574773122,0.05701979492412431,0.1236147009871718,0.15336166001016263,0.15243090522695307,0.03753142027319201,0.12640147693542353,0.0969615361551019
0.1321369038439484,0.13580099950809202,0.06643669993756013,0.15978095622457053,0.139364838152262,0.1371071975472006,0.0613958501568656,0.11686216064049498,0.05111439398900567
0.10503103475608004,0.12301119970074215,0.15540788657835766,0.09659906575901311,0.14241952040777472,0.13948673989653118,0.030649010138373175,0.11773493702767164,0.08966060573545627
0.10980826783563939,0.1309915324134812,0.05421779548009705,0.11957272509018567,0.15311761093511203,0.15107153290358843,0.03148260209646325,0.1306111092414176,0.11912682400401535
0.11738234278727876,0.1340823947105719,0.07015180137616016,0.11755690291571315,0.1526990748730872,0.15149763995346852,0.03683884469885625,0.126040271697698,0.09375072698716608
0.12968942731910202,0.13714726696069948,0.06365386348994845,0.14476549236941635,0.14590654332646705,0.14463128996450902,0.052870892808556086,0.11995351700588242,0.061381706755419076
0.12192205767852156,0.13152198657301287,0.10353428876809112,0.14335430618721903,0.14023781009590533,0.13705918773005513,0.04914242658354372,0.11586526874397014,0.05736266763968103
0.15382457338746144,0.1420229101672638,0.08212573582483078,0.10242545953551463,0.1353397956005379,0.13910531234617077,0.08202850871756338,0.11713865654356947,0.045989047877087796
0.06372359983879043,0.09897312401255809,0.04356660597481368,0.10145435135167645,0.11520449783387998,0.10843579003786674,0.015772561422466493,0.13700802545965188,0.3158614440682963
0.08007238251803209,0.11043675706398963,0.04794640372807187,0.11309052177088018,0.13339781577988633,0.12716004765707772,0.019675121028839795,0.13764535564240477,0.2305755948108176
0.130512341558658,0.11752963409838803,0.24016050618320897,0.0951737636774463,0.09437026851937697,0.09458661530109998,0.10357524311639044,0.09893892394209404,0.025152703603337212
0.08940254168256058,0.11510838134293812,0.0477460089461594,0.06442195379479225,0.13412516042722408,0.13435242208037404,0.02047731184293772,0.13838375571667053,0.2559824641663433
0.15387630030379063,0.11484576188108374,0.10794757842434655,0.12209413920151209,0.07735654345058256,0.07654302453253779,0.2148297808270884,0.10507525308971337,0.027431618289344994
0.14207151178815772,0.11317072465972831,0.09093376540498066,0.19091857745858362,0.0820856434382844,0.07817483588546659,0.17770445588581774,0.10170650444017136,0.023233981038809567
0.14188309235934216,0.13309954661253492,0.1050529727277872,0.13964806302957186,0.1226224301492262,0.12121369359626771,0.08834723958216291,0.11148858512924785,0.036644376813859104
0.14611457481636314,0.0961735605654032,0.13283651968137442,0.059627199833679256,0.05084528086610702,0.056757073343938,0.2848283218440247,0.10041755454060423,0.07239991450850604
0.12558955162985438,0.13825524613528287,0.06138954250607962,0.13212917869877167,0.1501730307998995,0.14968217932203365,0.04668047890289692,0.12228619359872363,0.07381459840645767
0.13235159739144445,0.12324762196679677,0.10121667980691285,0.19800731885211442,0.10534053327754317,0.10029316887376483,0.10650420184946467,0.10463297368167947,0.028405904300279367
0.14802371339473444,0.14319509478052414,0.07779857692336418,0.10452525459461848,0.13995934123718337,0.14363003632030205,0.07304139972631685,0.11792985646283814,0.05189672656011821
0.12498051175544907,0.10091954285996459,0.20020207228553233,0.1582950266885066,0.06858965981825667,0.06657139894949478,0.16846542883737048,0.09164452657060095,0.02033183223482461
0.13937517674551772,0.1420150464037128,0.06771045693871817,0.10460093569447715,0.14996560258908195,0.1533516065718523,0.054319251215816766,0.12209943293240455,0.06656249090841865
0.11258232870121761,0.13247422429323275,0.05498279459859942,0.11716670046450837,0.15381727542482662,0.15244915542204537,0.03285137976795784,0.12997827357179273,0.11369786775581929
0.09078844995215792,0.05499200911284174,0.09312571551939579,0.10243835621693936,0.017848468108003928,0.02100813159655435,0.42180476785847604,0.09384077550259547,0.1041533261330354
0.1397014779381717,0.14027601005252066,0.06981538932162752,0.12455344556216626,0.14382923682719892,0.14487915689130243,0.062226207277769986,0.11926692795361889,0.05545214817562357
0.15267232698407288,0.13610916095617795,0.12021171112309775,0.09927853597217957,0.12126414412671256,0.12418623685566214,0.09667885432086991,0.11224429128124207,0.037354738379985236
0.08785588897227566,0.05386038000521417,0.09457719248276458,0.08659408432579453,0.01657073521272337,0.020001405204731686,0.4288795363250903,0.09574662967439374,0.11591414779701192
0.1473244597232859,0.1416081914988063,0.0758606080813604,0.11232800967989287,0.1400296267372636,0.14256292565617204,0.0718543715411325,0.11821653059330899,0.05021527648877742
0.1368087488762504,0.1404113177347522,0.08752666749435606,0.08324929548799735,0.1507354995965941,0.1563264219817088,0.04735872936350318,0.12193678866678011,0.07564653079805776
0.10304881075124589,0.1283829630046481,0.05280735461586705,0.13904937511368773,0.15025925548856175,0.14590873146333874,0.030218531883510577,0.1286220504262692,0.12170292725287087
0.11861174388118341,0.13421009370297274,0.07178220090635469,0.12566182455835875,0.15140435957996853,0.1497144563623364,0.03899454949394701,0.12430941298396854,0.08531135853090994
0.07277984449617857,0.046191184929450645,0.0830405493229487,0.10634264072100656,0.012024262586176565,0.015629863884237677,0.43226630180637476,0.09413979480318978,0.13758555745043688
0.16345592586500302,0.129381971171545,0.11417113616326359,0.08543149102580778,0.09468611703866758,0.09885227667641473,0.1678048335288237,0.10926159875989822,0.03695464977057631
0.1266045790935605,0.13970025086358434,0.061159956069301545,0.11231180377270088,0.15325288378438975,0.15472003957779487,0.04392246765951411,0.12443925852528843,0.08388876065386552
0.1439273433209626,0.11901816260096382,0.13153154944361203,0.1404061820315156,0.08785951120529184,0.08596645415301739,0.16149985089811744,0.1033005883323681,0.026490358014151238
0.1347821036915137,0.10433610522912068,0.11128671768018182,0.20950765780543637,0.07394987332225117,0.0699623457640884,0.17980779910330166,0.09660963628784298,0.019757761116263196
0.14537250744348826,0.09642732958054455,0.11881946183131438,0.09014768916519066,0.05273595222360162,0.05447105633087181,0.2997546586779786,0.10130250004587053,0.04096884470113965
0.12271270185470125,0.1131196319708518,0.20859521120807825,0.15006071394833867,0.08909757708203266,0.085828402735896,0.11088758405929572,0.0962570439490769,0.023441133191728827
0.11241842135856556,0.13235350200852503,0.054977402976004376,0.11987044938322126,0.15365110357937714,0.15203513723785825,0.03301331781299007,0.12968254116913921,0.1119981244743191
0.15905348622094637,0.14376806365037334,0.08921781943486422,0.08466729348342118,0.1324927661636966,0.13957873405465512,0.08749500131998202,0.11609844807407148,0.0476283875979896
0.1429089681029455,0.11004133195891992,0.1832764202507655,0.09708787989396801,0.07236895898240335,0.07429604591790218,0.1918271258896382,0.09921341696826248,0.028979852035194875
0.13288042323080362,0.08739714075757775,0.10490084701169151,0.13791998639514932,0.04628028973508221,0.04610073573648019,0.31375243182031143,0.09642511716641577,0.03434302814648816
0.1506518546281434,0.14045885789251808,0.08393531626251755,0.11610778826010142,0.12925825082388945,0.13096311557022045,0.09123828906293878,0.11505791016087265,0.042328617338798204
0.14816881030941173,0.12143953687411164,0.09309911978777956,0.16361072490589482,0.09281658370408614,0.08976118545039752,0.1593085610661503,0.10586897003882223,0.025926507863346104
0.13661137267875054,0.09942519909042297,0.09407634833451578,0.19400589497993878,0.0631602932265557,0.06024242927506553,0.2331960768942638,0.0965890191182896,0.02269336640219738
0.1547822642606078,0.14315901635475275,0.08513050143252339,0.09574426234146814,0.13394348604156522,0.13881766120562178,0.08495525285378491,0.11649390793381896,0.046973647575857
0.08593695023678183,0.11451753183850398,0.048265853546691974,0.08844274534392722,0.13611045376312958,0.13274585292874141,0.020646403521269268,0.1388255579024583,0.2345086509184964
