0.0861806286772947,0.09768838944437308,0.12974688504976964,0.11004376691000244,0.13050780016234612,0.10710304727798851,0.12631161242841354,0.10276176307046876,0.10965610697934312
0.044483604175130885,0.057185406797641704,0.03981542889262941,0.29890519541898947,0.13005702143846865,0.12164122002442883,0.05389649995217844,0.17693497807208355,0.07708064522844905
0.07179847745582525,0.08682660581769915,0.13992232792611825,0.10921524434376324,0.1546955676358759,0.11342972261313074,0.1288676747935158,0.09070225753459182,0.10454212187947987
0.07401864395514639,0.09326809248545946,0.12300367484266128,0.13934405766426813,0.13874043164512387,0.11509042620342864,0.12830050952373165,0.0862302991312398,0.1020038645489408
0.10397932899439337,0.11014161192703144,0.10737197668439102,0.06576544861850213,0.08582157235093803,0.13041730647594124,0.12326907133546545,0.1347408785262357,0.13849280508710157
0.04582471110317459,0.12694345962408024,0.0326737660303056,0.26375279104868515,0.07643700800584058,0.12668711389859966,0.06541529421365712,0.18823950377933762,0.07402635229631942
0.17121905648978775,0.10826194223112089,0.11276226300867338,0.06660578657764266,0.12660938023980622,0.09983376225851841,0.12344853594232791,0.10061659798085164,0.09064267527127119
0.09634351688200675,0.10860284538545052,0.10992736768347772,0.06173848684855743,0.08979165005700875,0.13200988275712153,0.12666130910287834,0.13513236316238417,0.1397925781211148
0.10035504167279564,0.11834315633520955,0.06267553517626745,0.0755490752746324,0.03425316484560662,0.20282101834929245,0.10124236447190328,0.14012032437183383,0.1646403195024588
0.11027867278802243,0.10741929449002284,0.11618721482651163,0.06473768300746004,0.09212362745841811,0.12340933968246372,0.127571665223822,0.1259610101452778,0.13231149237800155
0.10989185012909414,0.1050243411434462,0.12493453793710281,0.07879278563518387,0.10692147059616046,0.11019198452137809,0.12491715223292683,0.11908714096192846,0.12023873684277915
0.07723588371161115,0.09268084570982714,0.12756228627897623,0.1347189902751643,0.14490903912278966,0.11203146636499917,0.12284259046887354,0.08721626976498913,0.1008026283027697
0.09085250683793855,0.1013690196417663,0.12551268258764928,0.07134584774760926,0.11025724208013211,0.11709610560481516,0.12970295427760692,0.1268440365173528,0.12701960470512957
0.11219499665300402,0.11355437723360788,0.09690062434909212,0.06783821378027337,0.07352955881519559,0.1389794452854797,0.11793449347208047,0.13554125723470198,0.14352703317656484
0.11547483480453391,0.11618908518305095,0.07702989354660836,0.07351727489572067,0.05153075788398165,0.16722149404474526,0.10804093599809439,0.1352993553965375,0.15569636824672728
0.11627931094424056,0.11196027250386076,0.10764394322276476,0.051998031834471437,0.0765775017534185,0.13841426410561933,0.13338391119484985,0.12154265773345725,0.1422001067073175
0.08848097423577943,0.09971371557786836,0.12803573338085092,0.07267122138581648,0.11433582855272284,0.11581381041203664,0.13062343620012373,0.12493845591101249,0.12538682434378903
0.10223537102395798,0.10772910847184164,0.11483755208573738,0.07023732100582451,0.0947751541024629,0.12190783190030108,0.12462550811319369,0.1316563795203797,0.13199577377630103
0.12335849009675619,0.10929502396101892,0.11747820953499555,0.07652526369012817,0.092965183288652,0.11360455598651865,0.12057406222766653,0.12168813110845729,0.12451108010580669
0.08014912170265764,0.09337566358030698,0.12884856693342725,0.13007299335013897,0.14331277251795219,0.1100527468814011,0.12258618902977259,0.08966507925573937,0.10193686674860385
0.08064200376945908,0.09301427126744116,0.13549643807857228,0.09479101261068863,0.13480938320965755,0.11000069924706064,0.13126260394373596,0.1067330150002339,0.11325057287315067
0.09487416599956451,0.10173650463968349,0.1264852370573796,0.07394143488581788,0.11030975614297034,0.11440226116200675,0.12640342684617759,0.12629610420230822,0.12555110906409161
0.08535816543960284,0.09636337584062789,0.13218722757650747,0.10085029286541801,0.1308117247045388,0.10800142986665894,0.1281467663902693,0.10628466947677116,0.11199634783960555
0.07747500403581997,0.09794676116261458,0.11248037300013645,0.16955113839124,0.1289478558147039,0.11198848118996996,0.12095480523945161,0.08299148113233583,0.09766410003372766
0.09219737073488272,0.09572221318459069,0.13588954174166776,0.07919556979088875,0.1273118403829475,0.10970650081142923,0.13002608657048667,0.1133016215551555,0.11664925522795117
0.08960462011397176,0.10026662161295412,0.1271932133864678,0.06775625540734764,0.1108757889757454,0.11827450186053286,0.1281767117507374,0.12863677502301915,0.1292155118692239
0.09887632294514193,0.11010132926876103,0.11582619029007703,0.1546875267814899,0.11531172815394826,0.09678012327552249,0.11151107185800303,0.09617107082787628,0.10073463659918003
0.09893884934965115,0.09811552231393954,0.1339604904192417,0.07639863299107867,0.12047517098605502,0.10949055753972763,0.12729983948120205,0.11657067039902036,0.11875026652008398
0.07304696451642746,0.0971346923489655,0.09604509313580174,0.22685286259151574,0.1167975676985133,0.11348702310518705,0.11118002672515286,0.0765335357881037,0.08892223409033263
0.12965432899832044,0.11522920275694011,0.09437736215361298,0.06469465725171035,0.06387436029540396,0.14252196608606207,0.1188658262815409,0.12616302725698114,0.14461926891942808
0.08614094776808039,0.0957172758739787,0.1348445187804935,0.08127980109520822,0.12565302335187686,0.11044635990060565,0.12921211287208276,0.1175163733895953,0.1191895869680787
0.09955564390526495,0.11843041008679274,0.09989912404042318,0.20969064010088,0.10286125435019167,0.09094466368946458,0.10198873353768512,0.08573222463600816,0.09089730565328961
0.07419042813484726,0.09602212369052678,0.09455927804773817,0.24549042944315214,0.11718373580912518,0.10873177458850943,0.10204326577631524,0.07593919681216997,0.08583976769761592
0.09780719507053369,0.1037942378556372,0.12535217636608068,0.08230104144076977,0.11087221973401744,0.11066133297958035,0.12556615695351947,0.12246689696556497,0.12117874263429647
0.08465188768756245,0.10000746171113147,0.12063723636069336,0.14268551246958905,0.12882062488294568,0.10679683720090281,0.1216694246095024,0.0918687194453968,0.10286229563227596
0.07740283987998657,0.08768537039184472,0.09651431899571032,0.22583639000924635,0.1615808673863983,0.10322618841029553,0.07910477048299103,0.09039487109645515,0.07825438334707198
0.08277224966055223,0.09741099095287002,0.12519334670185003,0.12932560403785795,0.13261096242438794,0.10840305947334483,0.12492229069064005,0.09418251032659342,0.10517898573190358
0.03169044434085249,0.29093582953567526,0.015291069720352353,0.04668705572164041,0.0013862467305640724,0.13303594823126721,0.2910191028764719,0.13823862094345346,0.051715681899722754
0.2878119340686776,0.12424556021812538,0.07926649390783048,0.053325014667127975,0.036119946418668725,0.11501694514260352,0.11777097011218303,0.07780541854207464,0.10863771692270857
0.07793306521745724,0.09169919104653775,0.13505103805478672,0.10258419451980512,0.13872600893668963,0.11079131299589678,0.1314983739289829,0.10114186642214369,0.11057494887770013
0.06552010981798635,0.08749164201424686,0.05780982212211048,0.386481301173143,0.06306791192897566,0.10610403685141735,0.07590669721246462,0.0851517562729553,0.07246672260670035
0.09946529072950396,0.09423674094796908,0.13837485706784827,0.06367546831759756,0.1296193235316604,0.1123907174916285,0.13624271311580402,0.11035081306748391,0.1156440757305043
0.11244672082318796,0.10832553827388564,0.11428062824785122,0.06408614615956643,0.0892444297699812,0.12493011860730059,0.12714719398462515,0.1260582720789543,0.13348095205464755
0.13965734824744894,0.1224528102091376,0.07997943062396028,0.04681057216547365,0.040081635800400604,0.17328198417377697,0.12162124213136828,0.11665100931026873,0.15946396733816495
0.1262543526856454,0.09889749630861623,0.1297840439169684,0.05536214062004349,0.11925001920108635,0.11250180801870747,0.14012846767036838,0.10614312250856602,0.1116785490699982
0.09256251238295347,0.10386214348886198,0.12015087398148404,0.06476907492290827,0.10184798608535146,0.12347450503280206,0.1276947848947356,0.13198713089989253,0.13365098831101063
0.08684902445650992,0.09687250918886314,0.13285424261508663,0.08731661120670405,0.12589537444620227,0.10955185353153472,0.12951343883941213,0.1143213933496931,0.11682555236599397
0.24113746656290072,0.1201219360597761,0.08746946791090295,0.052534506922676714,0.04567972475024174,0.12197345535360149,0.12478168006521624,0.08819613880143344,0.11810562357325051
0.14684443402402317,0.12165480911102163,0.10060255256479544,0.10369328039801728,0.07307897285662247,0.10937588460906411,0.10928282039355271,0.11657970798889643,0.11888753805400674
0.09332162426457924,0.0961470895830976,0.13554515988605056,0.08192404571116624,0.12769422055286136,0.10871799130042183,0.12897365821558934,0.1121915585142369,0.11548465197199693
0.13471768039743587,0.17842662908237703,0.03799934520922728,0.21697317759948667,0.08053814543053145,0.09398796226525753,0.06469309695059801,0.12299912080903148,0.06966484225605464
0.10468735575412345,0.11047286282143286,0.10492590357786379,0.06340963885685764,0.08282876199687107,0.13454962784325838,0.12116971780418018,0.13596629252043171,0.14198983882498098
0.08591104378011016,0.0965958358205151,0.13293050138285165,0.08183389062294041,0.12427670875775454,0.11123155699947941,0.13068905205229808,0.1173378008663209,0.11919360971772976
0.09829353946678683,0.10412579926491201,0.12464993209321736,0.081026246708882,0.10950933553598696,0.1113834780015634,0.12553504358367168,0.12344047076871201,0.1220361545762677
0.08058317870495448,0.09468382858660657,0.11657742252960544,0.17561736590612187,0.14089038446055804,0.10758905512974876,0.1090010809169048,0.08239302655474989,0.09266465721075003
0.10449370328681308,0.11921912069931358,0.06888734460411024,0.06664748606202377,0.04235612865693308,0.19007968259343563,0.10653370632363762,0.1376917763556319,0.16409105141810112
0.08217540139127405,0.09223639780115334,0.13850420785011963,0.0918066709993064,0.1354870557185444,0.10848589940522402,0.12852851655583228,0.10874243333264261,0.11403341694590334
0.23604915921735867,0.11686742161412318,0.07503637625923325,0.0416080821726788,0.02735095804436866,0.15246620808343778,0.1226566162034957,0.0920552396581736,0.1359099387471305
0.08654195004085558,0.09684968995726635,0.13277255594734608,0.08334610913710173,0.1244132986286342,0.11066809385534254,0.13021093392208496,0.11664569999558717,0.11855166851578132
0.10175154016515453,0.10069055558192253,0.1303265898364007,0.07826546638249254,0.11633562118631642,0.1097012551944344,0.12746594443764217,0.11680501992282068,0.11865800729281611
0.10801909204675224,0.10608215005937634,0.11885216478805198,0.06480470504307105,0.09577122172486434,0.12183698761251148,0.1286501373852668,0.12509287230806523,0.1308906690320406
0.08832718329355267,0.10054926335945776,0.12530048944203118,0.12384219927430166,0.12774859977730874,0.10536502180574092,0.12300046104191842,0.09913889925711401,0.10672788274857455
0.11605595541197349,0.09806122661441417,0.1349451713658229,0.08772621078935272,0.1312431433120768,0.10152131136060362,0.12058999802333448,0.10423977218602871,0.10561721093639315
0.11039736496309911,0.11166299184132916,0.10555653855413162,0.07094676136546775,0.0830618242822871,0.12795725268765312,0.1202917141395145,0.133738250857033,0.13638730130948454
0.08920044348455143,0.10659807506357434,0.11408324465296016,0.06023467359268144,0.09579132558974685,0.1309829937234637,0.1299631385886055,0.13427656757251008,0.1388695377319065
0.09462114520662591,0.10488582748931179,0.11873743711006442,0.06703909816716302,0.10050024688418457,0.12253431199613107,0.12813390401562827,0.13125636261779658,0.13229166651309432
0.35797697351411517,0.0908692404226429,0.04175622051365321,0.04668296761367274,0.002386717868634629,0.13949609811807284,0.10294793989234924,0.13029718746269062,0.08758665459416869
0.07688572718502487,0.10173120647876073,0.08765463776557088,0.26157255231730636,0.10407980318724647,0.10517169215962281,0.1026588116759709,0.07529408065988981,0.08495148857060712
0.1514530466125015,0.11133449459237697,0.11253850941673205,0.06388601481473503,0.08251392708809024,0.11691906197495046,0.12761423338948974,0.11079385827467608,0.12294685383644792
0.09286797569452182,0.10256134425872827,0.12631285766479927,0.11314169901415592,0.12347029206316362,0.10416423558022021,0.12266459474870779,0.10536960773803188,0.10944739323767128
0.11553944840912389,0.11471779010291866,0.0975158783713868,0.05618140218293547,0.06846801339612464,0.14636471086378675,0.12438826656284525,0.12847232350896753,0.14835216660191103
0.1311759373107848,0.1159186005110558,0.08396357491067119,0.09776981623529074,0.058297905990341715,0.13878510658425783,0.10476050833831961,0.13015640840910433,0.13917214171017397
0.12686773868578785,0.1705114981241559,0.043573194184818614,0.12734198111217818,0.11034180618303707,0.11305284092061167,0.0940138437936553,0.1381197058155817,0.07617739118017368
0.09823003005863672,0.1040676634890076,0.1248663847495603,0.08161711245541552,0.10995207819438814,0.11105412385205443,0.1254825860092923,0.12305883252941048,0.12167118866223464
0.10374198391657768,0.10179548836155118,0.12992065375958586,0.08627590042433426,0.11806956253297558,0.10652071040878935,0.12484590120386656,0.11370058003322159,0.11512921935909781
0.1258979228552955,0.12621318229359768,0.10586652501111916,0.13140224585856383,0.08655576086794936,0.09592713313722402,0.10609157758966221,0.11422999730647045,0.10781565508011777
0.08505583243933201,0.09637919900373776,0.13060531400176045,0.11526619682113744,0.13326364636200927,0.10679410811362544,0.12469081947034866,0.09979531941569357,0.10814956437235534
0.07384558497328723,0.09528036988663786,0.1075298994441587,0.19620148091283998,0.13195465880419424,0.11317930421945466,0.11196739920700327,0.0784623571424976,0.09157894540992646
0.07224670252245739,0.0981350986823757,0.08353832411319946,0.2740223432808419,0.10176882693595397,0.10959909502432814,0.10235970248932962,0.07506814974106563,0.08326175721044822
0.32826558218167107,0.10597933883262185,0.05805610610816186,0.028232444207918067,0.011551533139401294,0.1455808832225577,0.12332912910886491,0.08787229503874472,0.11113268816005854
0.09607864413001159,0.11619962508411978,0.058382237341737676,0.08648374089226453,0.028466824568573842,0.21124302753310964,0.0964372020261162,0.14342839347677497,0.16328030494729173
0.09552513652465078,0.10397994590106872,0.1207820290537694,0.06746279172891911,0.10221816733794005,0.12092119091792887,0.12641780733090208,0.13104235846793008,0.13165057273689093
0.09503100523939871,0.10566380915596084,0.1169357226638752,0.06577739257625163,0.09818432334567477,0.12440438048308179,0.12788452595638874,0.13224426764182415,0.1338745729375442
0.20376435606183066,0.11722181050171336,0.09225132538153402,0.051894997199568776,0.0505787315035918,0.1307393160327105,0.1273557093507294,0.0977275203732767,0.1284662335950448
0.06843830492544223,0.0951771327929466,0.09111880902284818,0.23699540495263807,0.1145107327368997,0.11916600528003492,0.11169153845643154,0.07620743507547581,0.08669463675728299
0.08928088922778483,0.09886678080350902,0.1303211548374544,0.0792820410359176,0.11894017633077163,0.11198771986347766,0.12957427764977733,0.12059680620356635,0.12115015404774121
0.08211052534432135,0.0940831731997606,0.13419854411910226,0.09820623177335326,0.133888831804195,0.1093020319615185,0.13007804197591033,0.10574966797551331,0.11238295184632545
0.08872414048273429,0.10393249490262473,0.11946725593639672,0.0636101009051282,0.10228890274000146,0.12527447011101986,0.13064853983852678,0.1318059458049234,0.1342481492786445
0.2504313875400495,0.15990354807431298,0.07217488168023607,0.13465976845056535,0.07409632741467494,0.07337347701269416,0.08985782770413624,0.07629357756704537,0.06920920455628538
0.09029676624258398,0.09911707524625106,0.13087325914272685,0.091519494782481,0.1235367884749079,0.10798741211541267,0.12736652595716494,0.11366269864048163,0.11563997939799005
0.08868654303720726,0.09871121881295135,0.12876978556070626,0.12112961866350576,0.1302513329769563,0.10443664164534235,0.12125928397531809,0.09969180092792597,0.10706377440008674
0.08137713444631504,0.0905827419700687,0.1393261432765581,0.09515347507014231,0.14333956683965773,0.10948339248819262,0.12958804945731003,0.10146435102199097,0.10968514542976449
0.12802102875370128,0.11089979295149999,0.10946196911488541,0.058076610990493084,0.07862240584585542,0.12992125391910192,0.12937143770604662,0.11991504915304269,0.1357104515653736
0.11763460455683201,0.10838974558444674,0.11842838004203744,0.07438396297296013,0.09556369910824382,0.11478086656610642,0.12397523433868325,0.12198498552592862,0.1248585213047615
0.08169522672465916,0.09381861806140764,0.13304095008147032,0.11084722684773068,0.1367416052648269,0.10850656670708943,0.12705457730502306,0.09948652934778239,0.10880869966001035
0.08424489229119193,0.09141447251792682,0.14148318887607175,0.07505777683796161,0.13463569136597778,0.11101556806429413,0.13202866439532132,0.11277113293343462,0.11734861271782004
0.10178572972039561,0.10662695378713848,0.11892753309465977,0.07478461873891225,0.10026822276883578,0.11670631953566046,0.12469643709799468,0.12868366278968865,0.12752052246671433
0.09701761126797766,0.09480929000015233,0.13747053044198812,0.08693162417937839,0.1358057871633304,0.106193686318916,0.12650574147148028,0.10563574304918381,0.1096299861075931
0.09700643954982367,0.10265315936803804,0.12568331649880626,0.07544747941306813,0.10910616501183397,0.1136237150607331,0.1253604456030736,0.1261247834050018,0.12499449608962142
0.23518356764484513,0.12768768256227236,0.08463136527865046,0.03620468932230668,0.0948633888847672,0.10337751305561632,0.14840161828547946,0.08596333780630472,0.08368683715975765
0.10900814949749915,0.11082768891098986,0.10851231600686832,0.07176725569147685,0.08655739508191866,0.12495389799605226,0.1212031457143049,0.13291319747690933,0.13425695362398068
0.08957445816362097,0.0943455750543779,0.1373350916017534,0.08030220555495558,0.13066638629102378,0.10965834419648397,0.13052686074064904,0.11181742960102421,0.11577364879611107
0.023048755230200973,0.2808998410936512,0.014180167530307394,0.22465500292828264,5.431644567437032e-05,0.1295627493962278,0.142155636800374,0.13340964555414475,0.05203388502113676
0.08137184868441205,0.09342058178718789,0.1356225398292665,0.09092677989046914,0.13305253217562454,0.11014309376002392,0.13146158270412844,0.10933343119941434,0.11466760996947312
0.08500575201893479,0.09632402099320804,0.05836601118494574,0.14181974677555123,0.1632649524110807,0.12190443524427592,0.08824347801603467,0.16186737231884252,0.0832042310371264
0.11109393933212545,0.11674666979639244,0.07368001235858618,0.07045701581362505,0.048023160343634165,0.17713310450385022,0.10634839913464506,0.1363731401231039,0.16014455859403753
0.0767641748730954,0.09424769246472174,0.12256065684790231,0.1453079179742475,0.137034287308722,0.11241133433176997,0.1240669237963325,0.08629607690651285,0.10131093549669572
0.14164565694371833,0.10898360972811853,0.11414779903730277,0.056380603391058735,0.08202320161709094,0.12343341339108715,0.13088360921283967,0.11328397601771702,0.12921813066106677
0.10685171037293768,0.11253327620225001,0.09989740861012768,0.0639927454290684,0.0773512094720515,0.13859784660457802,0.12078074417562899,0.1361497979132505,0.14384526122010724
0.09933587161813011,0.10589501067089879,0.11788952137867086,0.05910974648675169,0.09512970715991616,0.12787252558321668,0.1320206998311211,0.12704861779249396,0.13569829947880072
0.1816197263851181,0.08328419403616738,0.05277481714782308,0.19167953737903795,0.011295367655211754,0.15843380426844153,0.06436720197114935,0.1291626567221624,0.12738269443488848
0.07564509514444845,0.09430534184930557,0.12237068267054178,0.14071026425782962,0.13709232899667212,0.11377436375351253,0.12709162426443418,0.08692626661022947,0.10208403245302618
0.10498629614321105,0.11284059214260563,0.06138294042376027,0.09628747998903202,0.03231635560728605,0.19726233523575556,0.0949457156517665,0.1400664738423501,0.15991181096423282
0.23883208208030693,0.13610393834350412,0.08485375361381331,0.05824981947018635,0.09794863740061978,0.09341755779317563,0.12176393133870829,0.08905397780800002,0.07977630215168555
0.2917800191450128,0.11365900549314216,0.07059735633085205,0.03895850497376363,0.02224240751382363,0.13930565204602147,0.12003286141582785,0.08231156129426652,0.12111263178728997
0.06966682921018776,0.0956261229864651,0.1042151803355067,0.1890917341488035,0.1278053699338558,0.12045690672489939,0.12224107675070912,0.07783056439253927,0.09306621551703331
0.07687487834622807,0.0951530073721142,0.11901809467937256,0.15580920375590604,0.13476771310589783,0.11236991929420355,0.1220605692730257,0.08438525829381256,0.09956135587943941
0.0964379896768267,0.09773131392955552,0.13396266477248644,0.08248666691377303,0.12471684011340951,0.10821456762600735,0.1279171995298134,0.11291133075808035,0.11562142668004771
0.08378457669145926,0.08720898008616579,0.14556066310972607,0.08690276117461442,0.16671975381201712,0.10857128268299805,0.12332477438877303,0.09724289525179103,0.10068431280245523
0.08784319710548055,0.09767649256826409,0.1318458036439412,0.09548235955670901,0.12725337080890695,0.1078336687004043,0.12783666621455778,0.11029537917860462,0.11393306222313156
0.10758580769664677,0.10367791081293347,0.1261223438102869,0.07578285668392087,0.10825790970604064,0.1114459305548892,0.1264779186401964,0.11943294633288216,0.12121637576220368
0.12393677035614181,0.11260053923394402,0.10415551697071714,0.0649314020020338,0.07563525628367983,0.1317219573912413,0.12272172797336574,0.12616739641931315,0.13812943336956315
0.07838379866566401,0.09138465386569931,0.1391627856753081,0.08160018128864145,0.1340360829344964,0.1115196713032242,0.13256432150940392,0.1135508916005253,0.11779761315703734
0.09084925263784115,0.1016998257700734,0.12475633665660946,0.07031744126693928,0.1091124386750159,0.11800347067308033,0.12976252608499295,0.1275934279990656,0.12790528023638192
0.08051890399175127,0.09307241053292757,0.13491688441501856,0.09829133376217092,0.1355702268465069,0.10985321298606855,0.13082741135932932,0.10479911709782247,0.11215049900840457
0.2147613256582144,0.11015698236019757,0.06539035733753372,0.09050289211610348,0.02116063267207445,0.15933488089071532,0.09368270465084244,0.10669594386089247,0.13831428045342611
0.07317458248612498,0.10263043411528623,0.05829408874331995,0.3783429611289437,0.06429623002074315,0.09829714448798797,0.0759060738968557,0.07780561844803391,0.07125286667270446
0.1413388230659104,0.11804629699172009,0.08900880460235878,0.053890158327023596,0.05208774558450142,0.15443157400457405,0.12243574368719229,0.11826715018970928,0.1504937035470101
0.11723050831469918,0.09502757982951675,0.13186435544135444,0.07527517053187213,0.150855632672008,0.10502364193864205,0.12461193009047407,0.1029328049167414,0.09717837626469196
0.08953262571429593,0.10179518970817325,0.12405152331736524,0.06832256052772483,0.1081997229033762,0.11971480755245767,0.13040743121453865,0.12858467328937087,0.12939146577269736
0.11062298061818464,0.10197470748464603,0.1296951766172063,0.07604144580195404,0.11179940878781092,0.10896645373753211,0.12451891464171068,0.11719041516753892,0.11919049714341638
0.08124312913216909,0.09905689661159893,0.11688547948151402,0.15590871345878035,0.1292282738280199,0.10897267092137224,0.12122255321550536,0.0871772541524712,0.10030502919856876
0.10926634744625625,0.10595953181856199,0.11864776076014157,0.06294169717883609,0.09418080484624941,0.1232303510166899,0.12721510759372093,0.1258188863992791,0.13273951294026473
0.10228607907566285,0.10950286148429123,0.10878473469464602,0.06528613017841739,0.08762504087471233,0.12973546887281642,0.1241464745512167,0.13458142846756424,0.13805178180067276
0.09707887072537413,0.10385342131930385,0.12679020883152145,0.09644757091144851,0.11710240718728093,0.10573499582512087,0.1236482622978753,0.1145930256100615,0.11475123729201342
0.09813007189972671,0.09215656920595129,0.13132078152985807,0.09775696412479724,0.1683120014891342,0.10622543184221468,0.11434380721283886,0.09934816712462487,0.092406205570854
0.08616827245106574,0.09665174903065016,0.1329432817287544,0.08296564628324886,0.12462256938578475,0.11083358633680541,0.1304252955563523,0.11671378865779075,0.11867581056954761
0.06560572221215685,0.09109775874109294,0.09877314584394457,0.2368612776263862,0.13785079186467622,0.11495414264761082,0.09467039880325274,0.0769242858140586,0.0832624764468211
0.27362362058960216,0.1364362655027826,0.08265234587620904,0.04181942370061411,0.07172887477851668,0.09718034558044682,0.134942931689917,0.07709390394531067,0.08452228833660096
0.0663798744849227,0.09136348840565507,0.06432571108909065,0.3550160386841317,0.0749836767270085,0.1081048356540778,0.08519548133415351,0.0797275326000658,0.07490336102089439
0.1582249717599815,0.11851239924355615,0.0703353547422953,0.06490122961116403,0.02944232157929196,0.17829953670471343,0.10667028214830028,0.11762574910340255,0.15598815510729488
0.09496869050264144,0.09792647085565603,0.13270568065787058,0.10143802276485371,0.13103761003269523,0.10479219824280102,0.12368532974486075,0.1044377415781178,0.10900825562050338
0.0840004380564393,0.0950728438380763,0.13418105315468062,0.09201323907135489,0.13056349146907434,0.10931692967726177,0.13010200254129115,0.1101140093448036,0.11463599284701805
0.10779264690230246,0.10088957493625882,0.12880092231528584,0.06384315703650444,0.10950263673691905,0.11586363858768596,0.13305173054825004,0.11699400769159878,0.12326168524519458
0.0765927972381303,0.0932669133316445,0.12618068109590483,0.13436997978513288,0.13895416564901056,0.1123389293847092,0.12628353346627788,0.08874459995626367,0.10326840009292616
0.08337359286461259,0.09372969866323096,0.1369457275817837,0.08484488210447187,0.13063106338086572,0.10979231951954675,0.12981658296232268,0.11380457865800736,0.11706155426515831
0.10445685668462429,0.09534892724359674,0.13703816756954748,0.06692634517473926,0.12822079856797008,0.11044433380271473,0.1335134647059553,0.1098323885403812,0.11421871771047092
0.11934239475907527,0.09473951026128964,0.1313798444004555,0.07895620171077705,0.15409605908419086,0.10345092838303717,0.12032319511745358,0.10273359206669035,0.09497827421703053
0.0877092512595332,0.09764933454519477,0.1317664554906166,0.09663231557953866,0.1276320668096905,0.1077110008689371,0.1277179439934961,0.10963904550612169,0.11354258594687137
0.11217382498399242,0.10741514054532038,0.11687274830760368,0.0661957862580353,0.0928477916822818,0.12163917567021039,0.12707297529343609,0.12500060853984207,0.13078194871927787
0.13680653403557524,0.10692611925847258,0.11795999124482488,0.05224906952198932,0.08940113027281447,0.12235164897214473,0.1390816696925399,0.10982632328734092,0.12539751371429794
0.09316195738441406,0.10193204631130102,0.12554540824717117,0.07408201621818929,0.11032321403818268,0.11522949930947674,0.1285001857769981,0.12580250358368603,0.12542316913058105
0.11527302858632388,0.11289953443167007,0.09775864897911797,0.07036576614202544,0.07402263547456121,0.13674121515964724,0.11544962179557398,0.1350740034711997,0.14241554595988046
0.08511924764956896,0.09609905075614783,0.13260108352841485,0.09925030374361406,0.1308571434414065,0.10821271876267265,0.12850413602560717,0.10692050112377934,0.11243581496878859
0.09734906765253813,0.09460872115215163,0.13807208774862043,0.07885167121995994,0.13286308459178772,0.10790127218459517,0.12919824201192706,0.10866666455551766,0.11248918888290228
0.11112025772501184,0.11219580680020981,0.10332549619686071,0.0701696772891603,0.08052304132937381,0.13053531095739604,0.11967414115583458,0.13430743981654644,0.13814882872960635
0.07918949467475743,0.09234009189402619,0.12926970533098162,0.13514675132304207,0.1459081704688705,0.11007031737986069,0.11996235888027296,0.08765806084784929,0.10045504920033936
0.26189933075025207,0.11744014098937922,0.07904531970449996,0.03957864764286877,0.03310209974860172,0.13397087436643287,0.13050468243992583,0.08272940374472025,0.1217295006133194
0.08707008911371887,0.09699917685264252,0.1327362318342681,0.08845897818047797,0.1260906930245356,0.10925339122248438,0.12924860169710314,0.1137537981223208,0.11638903995244863
0.07955406327053395,0.10206152894060298,0.09320971940474836,0.2444405499740199,0.10898300999425413,0.10403906106390624,0.10403878958888657,0.07645959063843993,0.08721368712460802
0.09741108370219465,0.10354633399981313,0.1257141795748604,0.08263227863283305,0.11154125286208667,0.11046969401497699,0.12568596336011564,0.1220956993393386,0.1209035145137809
0.08394643120170951,0.09390799301812379,0.13687001329380957,0.08590553490817665,0.130670246357171,0.10937298530554611,0.1292837063094429,0.11338125004114367,0.1166618395648769
0.10345694882961891,0.09303306694497719,0.13826278836145228,0.08186820689703066,0.14756708287214026,0.10554946298401942,0.1252744370779104,0.10208253917689337,0.10290546685595743
0.07924671041962354,0.0943518591295031,0.1285722890084792,0.1217469140122881,0.13689316387533854,0.11058135099733413,0.12802098472795614,0.09430969699295104,0.10627703083652625
0.07760345348553706,0.09461627758460749,0.12487226763439878,0.1332687675570572,0.13680692617604953,0.11200257523498443,0.12713718351727155,0.08991579854692129,0.10377675026317267
0.15227073790907897,0.11859353641837755,0.09056766990424954,0.0938842698296639,0.05958836230839796,0.126539693827767,0.10836882467334445,0.11917695032765908,0.1310099548014615
0.08470958210162283,0.09711784658211631,0.1291732709410354,0.11428160420209794,0.13198148488434766,0.10760120516329576,0.12635567646786924,0.10026405061366943,0.10851527904394542
0.1156859722324911,0.11642916491074197,0.09925310768943292,0.04822387741155983,0.06602080458237596,0.15014412671085675,0.1324781288587348,0.12168619763225065,0.150078619971556
0.07566398473052673,0.09581651068283475,0.11696523076120957,0.1556465687970182,0.1336853327840465,0.11401080617918365,0.12455920975829655,0.08410380820485747,0.09954854810202655
0.10930453332601268,0.09305779781582936,0.13763247798742703,0.06388978923935001,0.14306688992748365,0.10877236279591884,0.13407468551528642,0.10498386479875077,0.10521759859394131
0.10909680699567054,0.09308634967189433,0.1373147044142012,0.07112281048000185,0.14754806397905004,0.10674037616547648,0.1290629248602441,0.10361940656474684,0.10240855686871474
0.09091660495933938,0.10003992873118962,0.1287314096853568,0.07762798835770225,0.11590214960169228,0.112801928759744,0.1290817797193783,0.12243359166505384,0.12246461852054356
0.19873479820379103,0.11279287417558033,0.1074313875158061,0.05099169640019319,0.07640979025162146,0.11211650210425761,0.13377374195781466,0.09589469618886244,0.11185451320207307
0.09625533907888578,0.09495128807709681,0.13618003238756546,0.09698902196460535,0.13921301260661464,0.10493769341523392,0.1234960627334918,0.10169489475336108,0.10628265498314511
0.08258505174962733,0.09660976460702257,0.12727698366141232,0.12290793144456218,0.133532771120808,0.10858285331282143,0.1260616500720834,0.09600389909513969,0.10643909493652315
0.08179770054546119,0.09283599709523949,0.13655505183983302,0.09657810875230881,0.13564901440111124,0.10877820022787255,0.12906315644486918,0.10612842485995644,0.11261434583334819
0.08759649960854458,0.0950860745609771,0.13079186735756512,0.12599372399413722,0.1397654629150731,0.10528898134021099,0.11902813936846997,0.09362536927515296,0.10282388157986895
0.11655857774489393,0.0927975660585042,0.12947295590397187,0.06854386995644948,0.16502600663669142,0.10625598093763301,0.1223923651411616,0.10653394811152746,0.09241872950916696
0.10234185352389434,0.10565861663197866,0.12083505791923221,0.07477235777546447,0.10182125033553217,0.11557471009421594,0.12313186055875401,0.12862193510666853,0.12724235805425962
0.10298807849883385,0.1131640459499736,0.09784928455346531,0.06002455277308926,0.07572041400074978,0.14394259594096614,0.12176690578074513,0.1370727206417241,0.14747140186045282
0.1583948615327543,0.10916896079313133,0.06768859371747503,0.12422454529334066,0.0324472463663861,0.15600844337615774,0.09131020687930021,0.11958119858361742,0.14117594345783724
0.09646780162957413,0.10334908729679342,0.12454457136684516,0.07702020747177589,0.10889869413714692,0.11360379589572296,0.12679501627258263,0.12517225228609571,0.12414857364346314
0.07905884372941026,0.09176113879011494,0.13535945402258817,0.1065216164003604,0.13942817752427344,0.1096841544909642,0.12895976685520988,0.09971439019264022,0.1095124579944385
0.10551140709965597,0.10951159430753232,0.11079443109575511,0.06984898690408119,0.08955662449184716,0.12470851494007733,0.1229594800525466,0.1329141335670276,0.1341948275414767
0.08068732612862654,0.0932000397515123,0.13475583975933383,0.09869873976714551,0.13545366392118452,0.1097768004382158,0.13068829528451636,0.10468684729238686,0.11205244765707834
0.09785471815863107,0.10747101076360265,0.11489944756665454,0.0566715643722189,0.09142736041108059,0.13208553876011375,0.13252003967183754,0.12807740015586594,0.13899292013999495
0.1064275943898096,0.09754608840667099,0.13374351452086675,0.061283222306568595,0.11906314867264063,0.11425551858513482,0.13646955789147164,0.1123413212376748,0.11887003398916218
0.15303009854906738,0.11967117045270365,0.06859618968444416,0.0617422662143348,0.02745531115088179,0.18486041178652712,0.1067275910697374,0.11930407866863553,0.15861288242366817
0.08834243997730229,0.09696877545256484,0.1334524280259472,0.09641933584162476,0.12869447361085734,0.10680613072703683,0.12609679229064136,0.10977390354174026,0.11344572053228501
0.10544699939888062,0.09816537372070577,0.1337987249580506,0.07252668357528046,0.12136629620322355,0.10966493135157175,0.13004571820198463,0.11266137139123168,0.11632390119907089
0.20433037713845817,0.11801235928850294,0.0923676288428472,0.05813985903591649,0.05184721590816208,0.12699547952692203,0.12324558169590556,0.09869037608041858,0.1263711224828669
0.10870942331666779,0.1100298004818211,0.11469074893652544,0.07893793494448235,0.09433461225433282,0.11605825546408877,0.12126822044818941,0.12888310538012446,0.12708789877376786
0.07793306521745724,0.09169919104653775,0.13505103805478672,0.10258419451980512,0.13872600893668963,0.11079131299589678,0.1314983739289829,0.10114186642214369,0.11057494887770013
0.07945626043643311,0.08847108954398812,0.14127221376084462,0.10066171471572999,0.16270019146280276,0.11034043500150426,0.12306754716236963,0.09327352528645423,0.10075702262987324
0.07995673661992568,0.09292821153936415,0.13435541245653712,0.1019041287174889,0.13658555177396714,0.10996741365052382,0.1305868847461105,0.10267173997776242,0.11104392051832024
0.0966917262162884,0.10469968304407644,0.1255317190519498,0.10836127421593468,0.11914734694560532,0.1035431946263868,0.12178370119612607,0.10924935593596079,0.11099199876767175
0.09690066447098135,0.0992061598517221,0.13080873379288338,0.06732075837280187,0.11337949887480674,0.11549016228505916,0.13016513981034813,0.12160685721760346,0.12512202532379377
0.09089450132545569,0.090848940931393,0.12783460730430027,0.08783171802703565,0.18552743056077126,0.11038146633233707,0.11294260004897354,0.10482761289816482,0.08891112257156868
0.07032229267024098,0.09673637372579187,0.09650300485993668,0.2166344433377246,0.11926952239734734,0.11802780878586054,0.11611192860892881,0.07668468348926712,0.08970994212490198
0.09105166724812731,0.0952614145911354,0.1363223897570883,0.07881463992570975,0.12803923185393792,0.10998322340075502,0.1304570613327096,0.11328393228217555,0.11678643960836117
0.07708663647364877,0.09200774837387915,0.13243105621456244,0.11231851849314424,0.1397189432798198,0.11148928454873518,0.130576622880604,0.09635097812041664,0.10802021161518975
0.07108302544749559,0.097275496410125,0.0922694901472989,0.23460901974272327,0.11374855033962972,0.11540094091396519,0.11176858720558437,0.07613228443061232,0.0877126053625656
0.10984149631720187,0.11436805890741904,0.09926693210816191,0.05422507925014428,0.07116188312703993,0.1465628982208878,0.1264895318303523,0.1292191031652141,0.14886501707357874
0.09352006403538497,0.09683553763835111,0.13430933482333293,0.07427921674827076,0.12263264314539442,0.1116207467676497,0.13097168399606748,0.11636070106641376,0.11947007177913477
0.08278618927657554,0.09744356384980052,0.12511891586519433,0.12954887523287376,0.13256835336384898,0.10839126517232907,0.12487823284818762,0.09412748177477444,0.10513712261641577
0.14457004206029114,0.12134518847010362,0.10966697505565437,0.1164802133543294,0.0866868563790288,0.0967212640865683,0.10691335400753894,0.10956591233756457,0.1080501942489208
0.06150675414225759,0.09435760578422538,0.05696422572321252,0.37575480361413754,0.08451087853900664,0.10610790490247825,0.05435915187120372,0.09508473397053907,0.07135394145293919
0.10685171037293768,0.11253327620225001,0.09989740861012768,0.0639927454290684,0.0773512094720515,0.13859784660457802,0.12078074417562899,0.1361497979132505,0.14384526122010724
0.10648014614238145,0.10448814439732847,0.12143056477120433,0.06013711231729129,0.09700706142193453,0.12364474320863277,0.1295883319637174,0.12444077739682739,0.13278311838068235
0.16037317357956396,0.1167635200164066,0.09435556165210242,0.07122054278412032,0.05912284911428752,0.13177619608472316,0.11707218486277117,0.11457551585496539,0.13474045605105944
0.1193174330259028,0.1145005121528584,0.0856051871222379,0.07414392987364198,0.06092410642937413,0.15144362392360824,0.10979315456661591,0.13482808300856608,0.14944396989719458
0.07854075090626243,0.09173780615397359,0.13719334818162288,0.08935329154068894,0.1355372935501626,0.11106719170742575,0.13298414191047367,0.10875443738660327,0.11483173866278683
0.09742620717507737,0.09922069784143894,0.13186335683008718,0.09988578984132325,0.1281321862007631,0.10437290303016217,0.12333837034714745,0.10604870676948853,0.10971178196451205
0.11309128447469897,0.10027603421852709,0.1313609428495456,0.0691944122982122,0.11341522483453965,0.11060370797362924,0.12832883810022588,0.11476417623868418,0.11896537901193714
0.08364879443923053,0.09936683153665138,0.12074048921555823,0.1428712642939216,0.12969836997653053,0.10750654491893848,0.12217373707678265,0.09124176062591212,0.10275220791647453
0.11560483016238181,0.12107897762570041,0.06526436402498849,0.06374570666955943,0.03057676007203014,0.20064685794494694,0.1042376232757325,0.13242954128126683,0.16641533894339358
0.17538006002107523,0.1190520685033526,0.08099219693044832,0.0519302679097039,0.038067167130783855,0.15895934258847955,0.11928126995043781,0.10790232155204756,0.14843530541367117
0.11460034374142485,0.1171287886594591,0.09143310812106502,0.05381335347962341,0.06172683232865941,0.15585012542422808,0.1227818738657021,0.12882113303564302,0.15384444134419503
0.10743598264279906,0.09647386786394835,0.13551352131412894,0.06562516048474598,0.12464531637276459,0.11096739395419868,0.13381570498497558,0.11040263088978848,0.11512042149265024
0.09773646052114308,0.1088866296163915,0.10872585387785731,0.06044821804216229,0.0879368204558653,0.13398723802608975,0.12433613777732534,0.13603841330625313,0.1419042283769123
0.10901719121117505,0.09946006380034968,0.13289554297723258,0.0809117262789148,0.12309833373194985,0.1061230025701747,0.12628897024209304,0.10978639226367086,0.11241877692443936
0.08627408314832981,0.1046212158199427,0.10547381819464469,0.20022446365175786,0.11671325998156586,0.10148328168575894,0.10915226882467143,0.08254324256767254,0.09351436612565611
