0.08821647195521805,0.06932022723742592,0.21811872378076944,0.06365819842924555,0.08564927470159366,0.10440459800272157,0.15194445081310895,0.15296774162727841,0.06572031345263833
0.0756595918967256,0.178172424859249,0.07354953484718253,0.11680020706335521,0.12092001929369016,0.12437278168473409,0.09351647858185774,0.1042019986349542,0.11280696313825149
0.08535902463914645,0.06330609307778219,0.2428373809654879,0.05127431144426123,0.08343165533828627,0.10402875594224807,0.18421535688040838,0.11860635034617367,0.06694107136620576
0.10880796762989775,0.09624568671685398,0.09369719921489371,0.14026408032354376,0.10731095273827308,0.1182645754538459,0.09809823531316009,0.10671102636700065,0.13060027624253104
0.11466862546677752,0.06991663137407184,0.0963005252932513,0.13831782705269755,0.12563359141014183,0.1158242485403012,0.11036927175417528,0.0990551897682939,0.12991408934028958
0.11803175018634256,0.046454230731588,0.20012431896627372,0.07116412863921459,0.09208977336010954,0.1079193999434203,0.1611865395124103,0.10710783203101626,0.09592202662962485
0.038348411117783,0.07762032558906085,0.286318828758807,0.02820712099588495,0.07606295700609887,0.10578964277688525,0.23955339559387331,0.10649996953107133,0.041599348630535465
0.04239849517447249,0.3814475780134839,0.04174219551440254,0.06872359953126779,0.09143969587683914,0.09518429151582487,0.06592148294633567,0.1527950297756252,0.06034763165174838
0.10737870419063962,0.0826010323402585,0.09481575427210848,0.13483030025540743,0.1242220141562339,0.11978253797593263,0.11216081910008013,0.0956084369893279,0.12860040072001136
0.12895652823385517,0.04709178313385609,0.15261178084454885,0.10538199738925023,0.1124471102660169,0.11156131874987901,0.10997747631112391,0.1251425505717535,0.10682945449971626
0.09021605338231838,0.11933791175394926,0.08207923932374817,0.1297225701008783,0.12906366486652623,0.1237551083261299,0.10428792935417774,0.09840410158619184,0.12313342130608014
0.1288305916084472,0.046310731251517016,0.16569803389170926,0.09381948733527451,0.10620773122611243,0.11126088721422933,0.12726173669946653,0.11275304825813319,0.10785775251511061
0.05546793748748402,0.08931076348267109,0.17386773363754163,0.05290064361844061,0.0769038469132856,0.14957558650446612,0.2495794083458783,0.10007093471042199,0.05232314529981067
0.13093009380746914,0.045305006163832075,0.17338819545918063,0.09672264122971495,0.09422830837380784,0.10770423719629452,0.11113915290479981,0.13831134014281407,0.10227102472208699
0.1241595295616542,0.06259529628234566,0.1068214117634681,0.13637037686078426,0.11366029418192741,0.11385541671113958,0.10968792924097637,0.10160419655079415,0.13124554884691028
0.1286120305018539,0.05164526262884628,0.12408498766286087,0.1219955593382459,0.11780740641970344,0.1132271797996119,0.1187891245033081,0.10005347872753521,0.12378497041803434
0.10862164371684013,0.04731371995018677,0.21958012370752086,0.061736630129181715,0.08385085431233623,0.10436705011132565,0.1769863136970032,0.1112081414654577,0.08633552291014768
0.02815033140783339,0.4491806866327683,0.023568769930024724,0.03935240818191516,0.06420252378684697,0.07033792310193884,0.06571812965872734,0.2245065513040441,0.03498267599590127
0.09981188645310252,0.04813835058117325,0.22592658275270802,0.05652810691189836,0.08149300595812055,0.1057767110104902,0.20558591684840596,0.09380769168433754,0.08293174779976363
0.12745910070298824,0.04699551717401429,0.16665220149782237,0.09527801265264514,0.10645077135626274,0.11098544591288313,0.11851132016422021,0.12396629929477491,0.10370133124438898
0.1269080800123368,0.05709718860531727,0.11000821485602412,0.13701322127799245,0.11449604074040971,0.11221454276215252,0.11085048160010214,0.10259889790456411,0.12881333224110086
0.080569576171992,0.16305276491210982,0.07371864482255282,0.12488421883593574,0.11924344522222907,0.12208128757568586,0.08973659701855297,0.11002916098352962,0.11668430445741224
0.06366347493832912,0.2409990568070909,0.06403160585953861,0.10572853941854493,0.11332346703471867,0.11939366603940578,0.08448249918947336,0.11066448995262645,0.09771320076027216
0.1058134799765202,0.08330755627688428,0.09326583792907998,0.13367780661714213,0.12805911351744317,0.12011725102434768,0.11263656130945181,0.0949345862185534,0.12818780713057734
0.11855154750448003,0.0484567580644106,0.1952330588640536,0.0803030802520829,0.0897772289723446,0.10621564917974607,0.1288589073827498,0.14257947730541357,0.09002429247471894
0.12010442677286014,0.06385776318493815,0.10175489776135188,0.13834649345498837,0.12085511322321617,0.11426826713260434,0.11087277260820672,0.10012818673467368,0.12981207912716045
0.09148859307281676,0.12039734821665116,0.08346518233828998,0.13100437189619116,0.12387832052841176,0.12357022115753523,0.10331041591381707,0.09954690982727295,0.12333863704901392
0.12005136556927154,0.059866363089673726,0.13947022504357154,0.10397425580196823,0.10599174893338063,0.11897028057782748,0.15014302886797345,0.08003049710434196,0.12150223501199141
0.13659750265319576,0.04577754953141555,0.1383004240093343,0.12125850472712611,0.10440599253462246,0.10891355477249827,0.10890349510829146,0.11725387967387606,0.11858909698964006
0.08626839703769058,0.12441013621328001,0.07592533814541605,0.12890929578405189,0.13790884547333407,0.122408086079468,0.09950468181615553,0.10193335790490148,0.12273186154570241
0.11646488070448328,0.06629248701788475,0.1032976698685142,0.13197883294227708,0.12518814577573564,0.11689460816026254,0.116621891997575,0.09473780005745708,0.12852368347581047
0.12703185953809745,0.05372576381315539,0.1348467023904288,0.11323597966040051,0.10884244274452663,0.11508114375143215,0.13309736278680565,0.09090833704918383,0.12323040826596952
0.10490574556734737,0.047343305781991724,0.22179904000114345,0.05918560873347928,0.08306792938778625,0.10517438669966313,0.19298356207338094,0.09991436052251253,0.08562606123269534
0.1312100825961948,0.047612770896017564,0.13886153617596997,0.11234784924789372,0.11488957398020128,0.11217329894179108,0.11805718963674257,0.10730600062638944,0.11754169789879959
0.0368581844934147,0.4121359593834391,0.034405646017839665,0.056507191502578435,0.08120072349826817,0.08546966168789431,0.06445208512963889,0.17978280376789577,0.049187744519031
0.09197534976280426,0.1184208293004116,0.08375332758927138,0.1311442803419253,0.12452390291007341,0.1235109987942935,0.10386064872829444,0.09917891788829758,0.12363174468462858
0.0795711400484058,0.16560750019530998,0.07231297584158423,0.12729511081089237,0.11908925161184998,0.12129976229772783,0.08900604274689479,0.11076181446014151,0.11505640198719343
0.011619318191650095,0.5873937040275523,0.008061187398566922,0.008135992337705455,0.06777802080278161,0.032983171339875196,0.0669002084996318,0.20805127916309896,0.009077118239137715
0.03656118894748008,0.12845559736500808,0.27062956059447574,0.0326233735088483,0.09533361976615935,0.09372349083674286,0.2012036812866438,0.11201661266719516,0.029452875027446673
0.010719483720308972,0.586167521376923,0.007787238648635705,0.008035616410389941,0.06666848149786257,0.03317243918314936,0.06995769424467653,0.20853141011493578,0.00896011480311829
0.12799728586586484,0.046064426640137296,0.17319684159495816,0.0903852086307475,0.1019657205055934,0.11018035166298522,0.1276240973242474,0.11795698848682086,0.10462907928864536
0.10771940139279416,0.07119216141640543,0.08992593879164419,0.13172098514822772,0.14639032851999664,0.11712808435067172,0.11367068037397567,0.09477168889779132,0.12748073110849314
0.07306615849926743,0.1878108250009578,0.06873547539431589,0.11776777760836822,0.12197630186336905,0.12169133294378744,0.08707528798273022,0.11074366660484457,0.11113317410235946
0.09287479556772159,0.11765600806910496,0.09242781594518353,0.12632121708458047,0.11722308697674877,0.12636216377848208,0.11613924508348365,0.09039231103980024,0.12060335645489473
0.05045414096772181,0.32269138100109646,0.051788426264594685,0.08524211965288282,0.10460454428383459,0.10829819281231928,0.07132454637951129,0.12655881249219383,0.07903783614584525
0.1211653293165349,0.05460582313678891,0.14458892661309247,0.09735225503580136,0.1132012536379135,0.11791602670054795,0.15088112965164222,0.08166189409099418,0.11862736181668443
0.09262508059994311,0.11266782701580112,0.08028560446364726,0.13345472546372714,0.13079031470775584,0.12151149388011084,0.10074296047320884,0.10244186086168101,0.1254801325341249
0.12239259827658212,0.06001829134391532,0.11089313349124615,0.13041068430984473,0.11947157192046663,0.11516810412649958,0.11749140867705922,0.09616871879219059,0.12798548906219567
0.09848265289061241,0.10768631280317424,0.08873539021927189,0.13521956599373403,0.11748426030019125,0.12211022602673104,0.10439117319221038,0.09989834431639856,0.1259920742576763
0.09706274200559695,0.10704455484691165,0.08738903559942746,0.13373905581402779,0.12215081607632235,0.12251256820934779,0.10572912292675207,0.0986250243859993,0.12574708013561467
0.11440961353833679,0.04244477305164634,0.21784137978494333,0.06969955667280585,0.06906027349860831,0.0929517718856658,0.1425722858264348,0.17043948940651152,0.08058085633504729
0.056809897912098166,0.2903651676176479,0.057952653183353055,0.09467944931429055,0.10574378594898522,0.11335727161051283,0.07843913651519839,0.11726415329370028,0.08538848460421367
0.11118276264215267,0.07437547192600406,0.09791469720784735,0.133527094047298,0.12638233869578164,0.1185315976467638,0.11470643015552044,0.09462473468190041,0.1287548729967317
0.11002621406446471,0.07959488067970556,0.09242648208182143,0.14009699454739744,0.12284136190772095,0.11727091867183637,0.10711727702991393,0.10044444168818657,0.13018142932895302
0.035936741093351196,0.410755198719714,0.03316362036724229,0.05020867926686232,0.07163447547779574,0.08419322187599161,0.08662684212260824,0.18824802002607366,0.03923320105036097
0.12608587709400595,0.052958093572511945,0.11320665898042089,0.1285044473471221,0.12598567042179706,0.112827121691963,0.1134450298906849,0.1023436527719984,0.12464344822949576
0.1333789023485448,0.045999907428668135,0.14262415628060673,0.11462287625728991,0.1099286232150166,0.11033107415043693,0.10951879453990643,0.11947314016167221,0.1141225256178582
0.10920678430013382,0.06669688336262446,0.09619354772030246,0.12440332515921426,0.14934071130321355,0.11835815835768108,0.12023199977133776,0.09014068956824188,0.1254279004572508
0.06599146780520944,0.2533882204514883,0.06326678431995854,0.1044025853966547,0.10628632932551851,0.11471606104254735,0.07647001745852484,0.11924947768679843,0.09622905651329992
0.09748361085875716,0.0958997450302048,0.08274597855388363,0.13414636176614939,0.1375377831014938,0.12022708653976581,0.10579359494175149,0.09894734868572312,0.12721849052227083
0.05740700656668693,0.28084693385789933,0.057843130249881934,0.09529021380890211,0.10973637542529409,0.11396922166315743,0.07548870113882354,0.11914692309543666,0.09027149419391813
0.12463109163872288,0.048633226133474296,0.166566220114884,0.08837026324358609,0.09893239576618207,0.11305616687203257,0.1609230505607932,0.08642501965489995,0.11246256601542502
0.1184399073413468,0.06008195013297748,0.1067316441796881,0.12655221627817942,0.13236268492001327,0.11618348342175822,0.11929612852798488,0.0939960250539507,0.12635596014410114
0.11725209929400678,0.054554598838727146,0.14691055586744836,0.09266067005131505,0.11597113074771713,0.11863815279110827,0.16074985261162425,0.07858934694961102,0.11467359284844204
0.07194684051190099,0.20108745537511655,0.06808366154383817,0.11565060559856738,0.11671748904355199,0.1205678728864497,0.08446847454291344,0.11301572548411769,0.1084618750135442
0.07046606622312922,0.06523666505060814,0.2153363768406976,0.05247092503391296,0.0742296816697856,0.12580696869982166,0.24533060477507737,0.08640065216345176,0.06472205954351572
0.0575880963257888,0.27615315736359064,0.05959605656856903,0.09635663779935084,0.11002217970218099,0.11633123398829463,0.08045883220676026,0.11361371927106499,0.08988008677439979
0.057574952600502244,0.07712165950205742,0.20362387491947223,0.0491401985274773,0.07602222671510908,0.13810586981880077,0.248446599322226,0.0945408859218787,0.055423732672476245
0.09408899393770614,0.10419235724294106,0.08408760280680344,0.1301559783358006,0.1354666134752179,0.1228858282484288,0.10853216287061203,0.09558228319144474,0.1250081798910453
0.09211965892787133,0.1206499962603651,0.08059168963840897,0.13408264382661017,0.12335942619850783,0.12162048091878935,0.09759855127769756,0.10520965307655601,0.12476789987519356
0.10596167575211728,0.08157983767689657,0.10919019407498258,0.12026979812503896,0.11902670686724715,0.12416935712606587,0.13379457793982474,0.08259167329037852,0.12341617914744839
0.11908217881593318,0.050013122557886903,0.18410994867552474,0.0875674252715311,0.0958808279629168,0.10849324182914748,0.11838098792702294,0.14560099332768786,0.09087127363234913
0.10805356829232056,0.0743748653694269,0.09485199674120877,0.130162637204957,0.13680326724507927,0.11914186806697136,0.11653901576772578,0.09251701032374261,0.12755577098856777
0.09976962450074606,0.10248904493018773,0.08630958380304139,0.13415245464455533,0.12282757731274996,0.12090921193155309,0.10167330602722431,0.10305481937185917,0.12881437747808297
0.12443058982872605,0.04710997619787097,0.1796237919852164,0.09218539204606406,0.0939938386934945,0.10748583411453079,0.11499334947296591,0.14487670709834252,0.09530052056278877
0.12799414150835917,0.05495826818647436,0.11469844217849938,0.1275830752770826,0.11890456942834415,0.1132561051027862,0.11243969133642129,0.10196767360879522,0.12819803337323768
0.09808632499622255,0.10569638294701299,0.08434141727872436,0.137440988929865,0.12239603412129822,0.12047153625562401,0.10048681869933901,0.10375359545358236,0.1273269013183315
0.09849616462071621,0.08579365739669559,0.10409393769568694,0.11321070290284757,0.13378253317095035,0.12704794400069272,0.14004802908338496,0.07761626112527498,0.11991077000375082
0.13160393713170682,0.05013671130654085,0.12155872448840466,0.12869689280931673,0.11451054502907593,0.11103487557846176,0.1113894642256903,0.10700960836195894,0.12405924106884418
0.10226461055305552,0.09662203408275712,0.09194433703456728,0.13188900158850214,0.1211821409863853,0.12197657047550022,0.10802102653194721,0.09769654270944139,0.12840373603784389
0.12808685729176675,0.04654441401026984,0.1683592335715258,0.09527597891399493,0.10382348890155375,0.11029940574824955,0.11820342981053278,0.12593896437205807,0.10346822738004859
0.1284148287286563,0.046544173923161715,0.166835465633268,0.09087975294916369,0.10163580000718402,0.11163311431449056,0.14456793616090985,0.09770840197180015,0.1117805263113656
0.10621009251943132,0.05306292984202691,0.20838297539132508,0.0732986741840222,0.08082485209450266,0.10171411350283283,0.13651643092790264,0.16250364801410416,0.07748628352385219
0.08957268692336469,0.1197668800796996,0.07833524712642602,0.13156591562133715,0.1322311191004116,0.12201955337432228,0.0995281825535509,0.10284346274069778,0.12413695248018985
0.08356970962756081,0.14048645024601014,0.09554961168531921,0.11538559562564504,0.11042026108842291,0.1306887265093914,0.13408112032990335,0.0804112812182089,0.10940724366953831
0.11183093973206859,0.04412483292993807,0.21911487877520663,0.062273775596217905,0.07893688086438916,0.1023885834161588,0.18568365777254306,0.1062089895053004,0.08943746140817734
0.11858908856194779,0.058912555637723664,0.12786154018383689,0.10930439805415619,0.11995262935503548,0.11902491344818712,0.14093339009530645,0.0835126253080622,0.12190885935574415
0.13091181580231978,0.051348757362882906,0.13317353492098286,0.11842658387461391,0.10752407298397958,0.11291065983601546,0.12412698627009126,0.09760724621042244,0.1239703427386918
0.12541657461840425,0.05146568146604832,0.1252674107400661,0.11263420581673289,0.13090902613201663,0.11511399670975488,0.11996677438672494,0.09855032238844491,0.12067600774180715
0.12868272242402493,0.04417203218497639,0.19197120943564783,0.08275041617381676,0.08739230097974353,0.10567823676454811,0.13084431474683617,0.12806459759564906,0.1004441696947573
0.13277652276608715,0.046614629865361745,0.13775727172231847,0.11681626604879693,0.11307159981959376,0.11081488029687458,0.11008063513546956,0.11618163128509483,0.115886563060403
0.13055960248438367,0.045553079030500813,0.16654316876571926,0.094902344687967,0.10257083794278309,0.1103416577321511,0.12711485805970082,0.11354285231744708,0.10887159897934717
0.08259739601876942,0.14870941359162118,0.07467255162505908,0.12696676603441953,0.12480728283996297,0.12255946095479803,0.09302275341503145,0.10738417956670299,0.11928019595363538
0.12552985020614427,0.05337208189775411,0.11223936388917433,0.12872453082029914,0.12685461856641286,0.11297073743380197,0.1135914624130851,0.10188339406554721,0.12483396070778101
0.1195851922531546,0.06244221041908177,0.10156882488025715,0.13620909000543732,0.12535754154286735,0.11440265980698368,0.11215825697537961,0.09925943004465189,0.12901679407218664
0.13585955857671547,0.047499387895878355,0.13034179512071284,0.1267266109237192,0.10615965046670948,0.10931738490541733,0.10953183200697499,0.11228959658716893,0.1222741835167034
0.08976427493503376,0.130584474213798,0.07938444705643377,0.1326854846642704,0.12048325986869886,0.12185250825509038,0.09507686898187129,0.107018681922045,0.12315000010275846
0.1264551028135302,0.04511802344002092,0.18744614784980498,0.0843592722433114,0.09175225985321288,0.10694200748978226,0.13057589384737422,0.12811972520707146,0.09923156725589159
0.08419959679336142,0.1401474490361453,0.07831688478454,0.1264585705187322,0.12625549397148042,0.12437769550703248,0.0999107040538834,0.10087740560550203,0.1194561997293228
0.12322926909296535,0.0612251001797579,0.10640712868780218,0.13364020570354734,0.11905842596448007,0.11423766935494513,0.11136118550560636,0.10046838303515482,0.13037263247574085
0.034965181069663905,0.27129861059965515,0.04613362272334959,0.047264505995523017,0.06059685657101977,0.1516539702829508,0.19572860818818583,0.1729172987320695,0.019441345837582422
0.03319799549915676,0.2534824672277787,0.013076730648652621,0.03797294312972947,0.052938145980587104,0.12262680301549726,0.2506976325998514,0.22650197112187662,0.009505310776870087
0.09506469294695526,0.1098862345495466,0.09494448021847797,0.12286401909203616,0.12037665541051223,0.1267187383343902,0.11871282036285875,0.08871218042173386,0.12272017866348882
0.12974344690391895,0.05991440124071934,0.11132376084832844,0.1434007496529243,0.10267302357124952,0.11073569094681879,0.10644741743656254,0.10495565757192811,0.13080585182755
0.05672968770044968,0.2854954203466588,0.05663949521444156,0.0954144769979658,0.1087239459462959,0.11269833824218117,0.07476312466062669,0.12127665859597118,0.08825885229540924
0.13383684710625202,0.04987942072566897,0.13867682399703724,0.11779489472857259,0.10133390070160801,0.11145308628921102,0.12382731566703814,0.09953736364435463,0.1236603471402574
0.12262769754910646,0.056172308635852285,0.10946120031263418,0.12335919536025215,0.1336584961737087,0.11487656950015816,0.11478448980730777,0.09856855927374303,0.12649148338723717
0.09390582008035209,0.1036964537063601,0.10639345772984084,0.11424536994460106,0.11525855006701229,0.12943916615089807,0.14462979549365548,0.07654113839367077,0.11589024843360933
0.10984461391738382,0.07667625302814547,0.09298531109286867,0.13359938236382585,0.1304223239452935,0.11796594606012178,0.10983242234621786,0.09823781359900909,0.130435933647134
0.12394583374056212,0.05036034399746061,0.16721792758846735,0.08705570750250251,0.09752154029777495,0.11415961107344398,0.16394373547595223,0.08169178028474487,0.1141035200390914
0.08657524340225602,0.15825398874946872,0.07806555159508265,0.12902869365492678,0.1093369098530409,0.12054013547717828,0.087264272370009,0.11307192293946909,0.11786328195856864
0.14149777842217043,0.04460954232788674,0.14880232187876474,0.11859271263691464,0.09146503669739796,0.10636205559065093,0.113410164350505,0.11482967451978994,0.1204307135759196
0.054600544135000574,0.308301037461371,0.054912970900652815,0.08929994008282266,0.1043184549229173,0.10966533110307913,0.07206073201741714,0.12373512360140425,0.08310586577533517
0.11106494942770984,0.0727024146320917,0.09777541085315089,0.13207698959484834,0.12991219215580743,0.11847216102663698,0.11583855105531819,0.09380938161126966,0.12834794964316693
0.10878839546361158,0.04923711232270169,0.21973523466344783,0.06245451224391566,0.08593623990649378,0.10542585262465075,0.16842856323342095,0.11403050383720169,0.08596358570455605
0.08574585412648801,0.06192474729699471,0.2320405646610618,0.0569862026628809,0.07303489737329978,0.0939331632268426,0.16489627570158152,0.16963896824571512,0.06179932670513557
0.1280316518645408,0.0485309752977158,0.14348628141886285,0.10429048640043724,0.11804945756765062,0.11386385669224576,0.12736903999100802,0.1002567166771412,0.11612153409039778
0.08274712184465563,0.15174132005798657,0.08067931199213241,0.12395005485564946,0.11847055155665619,0.12559655387532567,0.10239019314595714,0.09843066304167665,0.11599422962996031
0.07026374389721075,0.19885735280016062,0.07118584072910644,0.11360003261827945,0.11886534937529968,0.124511704756472,0.09551657481899811,0.1014892888956675,0.10571011210880547
0.12155433698472963,0.06008060239724362,0.11656966255201025,0.12401286038239384,0.11847058836455364,0.11667197532297556,0.12424473566841136,0.09181446849278292,0.12658076983489913
0.08394585970832107,0.09388727500881434,0.13504622086048296,0.0857551550196698,0.10058755917238378,0.13575491756013688,0.21170667325883374,0.05854649389928288,0.09476984551207453
0.10739225735219322,0.07726533705024714,0.09434963846027646,0.13157332850874434,0.13347631275302027,0.11946803191607376,0.11523435883074823,0.09333113069244196,0.12790960443625465
0.08861300361315576,0.12576161804173033,0.07805132450830159,0.13134725283980053,0.12858124137312213,0.12217781228688991,0.09769675083367119,0.10436236322048091,0.12340863328284768
0.13700856431273414,0.045682582119506376,0.15261059239437016,0.1096893140089187,0.09635560414848864,0.10906583445223843,0.12363857640478552,0.10701149101274939,0.11893744114620868
0.06525823488749616,0.24136318103679297,0.0642719213663705,0.10359799134214737,0.11198279046779551,0.1182132769617779,0.07958765647416412,0.11507630964296411,0.10064863782049137
0.09630565399335632,0.10521719027058207,0.08273567853011386,0.1356077883495385,0.12835198383840896,0.1208008797563102,0.1019078058156168,0.10219083082775238,0.12688218861832104
0.12636024139060334,0.05329357644433232,0.12733862245476055,0.11690080898240922,0.11718736449703511,0.1149184510921164,0.12624600934262223,0.09419255734860917,0.12356236844751163
0.09994076470346457,0.05711222358553977,0.21318056579067332,0.06924888716830684,0.08080769170990862,0.10155605354135722,0.14301959442892975,0.16209605325522206,0.07303816581659797
0.1335030079238697,0.048927477338384186,0.12825845560298965,0.12234712020729348,0.11287005638273996,0.11128264337155809,0.11105767999600481,0.10873241015740383,0.1230211490197562
0.1257357622253996,0.04753033366783293,0.1714637903301798,0.0922303547580151,0.1049486471991971,0.11079453472492072,0.11974188539289664,0.1264629574053866,0.10109173429617152
0.04622709634766332,0.3579030386999238,0.04622089110713764,0.07641931249998561,0.09686275169565746,0.10069040476251173,0.06764590938601588,0.1400355154157014,0.06799508008540321
0.13099101029694551,0.04718964754744426,0.15971673547577891,0.09610427019048902,0.10404969871489911,0.11230391877892487,0.13521683841889032,0.09883711950863285,0.1155907610679952
0.1104689277520462,0.08730156758549328,0.09345220118253085,0.14392778324407762,0.11125080278394511,0.11712040047108095,0.10165744305300378,0.10436084819781781,0.13046002573000445
0.10542860429409921,0.08875881043972056,0.08910118578964908,0.13974838077696253,0.12266186081748705,0.1186055322114547,0.10463360773030898,0.10156128763309435,0.12950073030722345
0.0851416859978036,0.13316403454874276,0.11080056927646043,0.10989008974117136,0.09668094167735518,0.1296599493042622,0.16360706519053822,0.07169367024956372,0.09936199401410258
0.09101596598716216,0.0581119624196475,0.23647434814718268,0.05373270312020217,0.08355996048403325,0.10385421730047649,0.181827963274092,0.12028277703300745,0.07114010223419638
0.0824886918733639,0.14905672308572324,0.07739077535012463,0.12533446300962453,0.12334748366006755,0.12430894140358308,0.09795302369592072,0.10224237057814296,0.11787752734344936
0.10426068357814817,0.09679588761168652,0.08885759133712484,0.14117302104329377,0.11577010792834601,0.11893367246068169,0.1007440743075408,0.10439023437514801,0.12907472735803016
0.08506711261608724,0.139263772464179,0.07610709259022493,0.128956142493603,0.12596369032332766,0.12249227675111572,0.09478232551353222,0.10629496220985823,0.12107262503807203
0.11958758382291362,0.06452616244206717,0.10686066276226108,0.1331203056911617,0.11893191557290202,0.11604123386661692,0.11609016386069497,0.09588092948260046,0.128961042498782
0.10674169670602858,0.04986847637708103,0.22289335141960098,0.06402143482055087,0.077727499848411,0.10001310180411781,0.1529885777585647,0.14655809451452148,0.0791877667511236
0.1205452318876696,0.06416836617836282,0.10329973474557742,0.13411799336830002,0.12115182250734235,0.11503896968705184,0.11115826477505615,0.09977951354134273,0.13074010330929708
0.05995474890823238,0.07634854571734723,0.19673500683258696,0.050801572350773906,0.07382047508774968,0.13620908017215436,0.25056199854552214,0.10101573335822404,0.0545528390274094
0.08368979819445964,0.06349436672211323,0.23799600831121392,0.05319413035061787,0.0769566045601858,0.09764611128185363,0.17595749796086982,0.1487021442304086,0.062363338388277456
0.13700856431273414,0.045682582119506376,0.15261059239437016,0.1096893140089187,0.09635560414848864,0.10906583445223843,0.12363857640478552,0.10701149101274939,0.11893744114620868
0.13248707138284582,0.04824039686207842,0.13837880785333442,0.1122595843900898,0.11288834174358657,0.11239800477034811,0.11777636769070748,0.10545601887242172,0.12011540643458762
0.11250350352328337,0.06899328564558153,0.09917649699640431,0.1304335251881566,0.13261690887941327,0.11792766197705394,0.11720973193587995,0.09325285835867293,0.12788602749555403
0.1275168496132388,0.0546875370794587,0.12481233533268349,0.11792540335243928,0.1162850025686621,0.11510141803139447,0.1215597235015758,0.09559483819391307,0.12651689232663427
0.10974324471827292,0.07704284604077714,0.09675272595902377,0.1338166326905901,0.1261122145514627,0.11902701688122076,0.11408222429146042,0.09472606911130747,0.12869702575588468
0.13585955857671547,0.047499387895878355,0.13034179512071284,0.1267266109237192,0.10615965046670948,0.10931738490541733,0.10953183200697499,0.11228959658716893,0.1222741835167034
0.13406760114283053,0.04622309612714268,0.16417700041113048,0.09905199106388253,0.09139425289925647,0.10934105416228074,0.14146857025109846,0.09731802820191042,0.11695840574046762
0.12732963753909202,0.0561540934671646,0.11093824619032272,0.13601421318600102,0.11517353366508853,0.11212087523159221,0.11117459433296763,0.10275526681402124,0.12833953957375008
0.13108261480770841,0.0557621095493434,0.11434337171469862,0.13929656100563617,0.10586690495703305,0.1105868817108121,0.10870637403368949,0.10504933252696168,0.12930584969411704
0.07210892315988288,0.20480213771473257,0.07048138074714187,0.11475888475842451,0.11317731315799752,0.1216983814957393,0.08851293729840715,0.10827836791021879,0.10618167375745541
0.12819710100717654,0.052669154304663617,0.12178090907496202,0.12417962461651899,0.11718434099936353,0.11329607440030783,0.11831618525481195,0.09951459176101674,0.1248620185811788
0.08063377788685694,0.06407467894126247,0.2441582420210748,0.05010243799217854,0.07666416212246302,0.0973070114284017,0.18425016682297546,0.14201411315294687,0.06079540963184014
0.06232742031924219,0.2615478694776081,0.06872314743198076,0.1002738300442906,0.10227069516937971,0.12031665163287042,0.09919308621253749,0.09965229294304283,0.08569500676904789
0.12485864025612471,0.051316639367439916,0.1370489843510255,0.10544556963292528,0.12074200236362469,0.11570545428669704,0.13408484457094264,0.09181922139079425,0.11897864378042596
0.11134041870980164,0.08120207303842557,0.1266862702713032,0.1159247440753375,0.09804116516529991,0.12244731641525704,0.14351020375441603,0.07945641096738243,0.12139139760277666
0.06265962538735204,0.07618463822389072,0.24718823939847226,0.04413258114571192,0.07177751443307705,0.08435831842282317,0.1948746663203237,0.1738150949234448,0.04500932174490432
0.09187969811168732,0.12341060123646408,0.08061395631141675,0.13410660094505508,0.12130415211725405,0.12161124431852575,0.0965866724104165,0.10606279070383534,0.12442428384534505
0.040454465388831205,0.08032516642836461,0.07718227383387923,0.03906846586678569,0.060299438426522016,0.13009675498435683,0.3323506287435866,0.2136444906383235,0.026578315689350318
0.08658395849905838,0.1351411634231784,0.07707637648783523,0.1301367591322883,0.12531903748155251,0.12235177747822468,0.09535974600406673,0.10610494805458826,0.12192623343920739
0.10636889853419244,0.08583767059287306,0.08965887092651346,0.13947742046602404,0.12411440048070514,0.11831090284511925,0.10573850807508568,0.10085314340260661,0.12964018467688035
0.11327668699975353,0.07051949575930029,0.09501957623240721,0.13733084227618306,0.12886334477936048,0.11616081937687915,0.11086919577688548,0.09837444734405802,0.12958559145517276
0.06949377697843324,0.20112508666288753,0.06633828158980522,0.11415189690154555,0.12279179365398137,0.12116989614576983,0.08559824642189758,0.11126942275672595,0.10806159888895367
0.13277003324836567,0.045147485252093535,0.15685419578519957,0.10697785435572542,0.10249332871467498,0.10911758186585564,0.10918031573938107,0.12949754415165732,0.10796166088704688
0.1067429829413264,0.0820468113979399,0.09052093521480982,0.1335374937810733,0.13096581142026198,0.11884276485638649,0.10850549700921114,0.0986474159761115,0.13019028740287944
0.07334445029363813,0.19665666593011455,0.06904341789950025,0.11699005070652391,0.1159786822644951,0.12068203211644829,0.08479584748116864,0.11301438963397586,0.10949446367413533
0.0955481522795536,0.10887264071551238,0.08244871350201184,0.13562596508850322,0.12618728753400174,0.1209959857358357,0.10064734071674446,0.10315803897400355,0.12651587545383358
0.061288474155016044,0.2452804525626896,0.060610480653068316,0.10401528910301,0.11766663924466157,0.11780312846039698,0.08000674333605333,0.11538324816857437,0.09794554431652973
0.11457562324641753,0.06531175842800803,0.10154031522064245,0.12893222955826625,0.13353548741999124,0.11727433033558314,0.1182683690246788,0.09318413757451566,0.1273777491918968
0.08129128827590859,0.06558175569177657,0.2362652894065802,0.053708894333387956,0.07546749531151288,0.09570254339404584,0.17402334037697606,0.15819662125061099,0.05976277195920098
0.12753952683797706,0.05291340405127895,0.12319694893582174,0.11887961022822492,0.12083338297064465,0.1143683721202936,0.11926082620603196,0.09816580589633046,0.12484212275339664
0.12775972092566365,0.06190105436534848,0.11516390552293615,0.138275700453252,0.10217628994294857,0.11279789421303009,0.11166596928568041,0.10009345427705914,0.13016601101408154
0.12163253775656564,0.06367549244994843,0.10316600194719842,0.13973621128977812,0.11676021947659654,0.11379863545155605,0.10993699127001566,0.10106375698021808,0.13023015337812313
0.12737898006884996,0.0462274111471406,0.17346526410226748,0.09626798137994184,0.09630190989878475,0.1080297311862901,0.11251261062119604,0.14089336479454193,0.09892274680098727
0.1328371498868923,0.04386202720431608,0.16944384020777312,0.10166432709903743,0.09241623781677251,0.1063495154656337,0.10996426860745263,0.13994281742391398,0.10351981628820821
0.07397294046255552,0.1792212823843581,0.07391340181434704,0.11716537616160604,0.12204320842841972,0.12556597183343013,0.0986965775852859,0.09950366699811297,0.10991757433188454
0.1322319545801952,0.047493813429399324,0.13160297650849573,0.12031791456237728,0.11555770769699385,0.1111109494270981,0.11081246978700339,0.11233514844955528,0.11853706555888188
0.07742412388290146,0.1726622733323601,0.07162728371892439,0.12199965357813547,0.12071398175687054,0.12205035229730359,0.08876567715321132,0.11021280329429099,0.11454385098600221
0.10281037890843803,0.053561841702495776,0.21977251666029066,0.06423897239957957,0.08218097564008513,0.10246041328686963,0.15392028856402554,0.1440658088035462,0.07698880403466948
0.054271227439718746,0.3268455316976224,0.05491285379352914,0.08531244027284839,0.09895999903911103,0.10716537627192357,0.07387629128729399,0.12256504211453699,0.07609123808341571
0.06826765370320681,0.20583541296764776,0.06610426093319934,0.11074493475867613,0.12370449981387392,0.12158450216118928,0.08542316047509452,0.11054708904131516,0.10778848614579715
0.11582242917555323,0.06446259414004647,0.1029032716522618,0.12932574593608476,0.13119736991321954,0.11695990938111867,0.11810873230884522,0.09367603240505414,0.12754391508781612
0.12757845489433428,0.05375839367801216,0.11494767587310423,0.12706080830307886,0.12180389231953655,0.11309560750256138,0.11294581451119233,0.10219950465668565,0.12660984826149446
0.01828480961129347,0.526182996411067,0.013588234414921983,0.019236526564492516,0.055135391986022846,0.04868942934265199,0.06868077413881842,0.23235708435253924,0.01784475317819253
0.11390394835104738,0.05936372358859059,0.13671658122858513,0.09578737606582183,0.12262641688376098,0.12129410398608642,0.15711978509245172,0.0758751465637651,0.11731291823989087
0.10761313462048287,0.08185900201259932,0.09041782812889837,0.13883355135262013,0.12652156714729942,0.11789073693629726,0.10733304848564673,0.09983202555278459,0.12969910576337126
0.1272167106918249,0.05033411029098072,0.11971276115837937,0.12278717933244049,0.12788529500753873,0.11284614762156998,0.1131869228971667,0.10509598017819415,0.12093489282190502
0.10716596005112256,0.08709320431663647,0.09525245200084564,0.13667756556126534,0.1180948560704197,0.1200016855149952,0.10985025225519292,0.09718394047654348,0.12868008375297865
0.08061083895332703,0.16238633987606688,0.07443358369957433,0.12190532735459496,0.12044675447110074,0.12287529819721561,0.09041484941673102,0.10915993067329981,0.11776707735808972
0.037671192666552916,0.07488982444299618,0.09927458792880485,0.03664289993567597,0.06150707068567041,0.12529229159433977,0.3271754800283727,0.20990171924055626,0.027644933477030852
0.0797393554136421,0.15887225295668392,0.07834746302202804,0.12169372877268074,0.12109216283499925,0.1258906980480132,0.10184577532616308,0.09820351098461748,0.11431505264117214
0.09596242670958079,0.09946379263045567,0.08179462706058899,0.13369782113496198,0.1374207085910251,0.12059758591201426,0.10490151375405676,0.09938502135442012,0.12677650285289638
0.08590850347376315,0.137929435253188,0.07970213179116291,0.12779834503087414,0.12320875602346597,0.12414226947202273,0.09978640757758765,0.10140364646366994,0.12012050491426556
0.12289327929008383,0.059548916960681014,0.10669620424098519,0.13125938317627547,0.12359844305148242,0.11433504312746878,0.11264302466009461,0.09973893317262354,0.12928677232030514
0.11629725141076415,0.06202347655757227,0.09874407678613913,0.1320262312507223,0.13713338172793155,0.11516657362725509,0.1143288542596654,0.09690581316501334,0.1273743412149367
0.12021110472412817,0.05978469010917575,0.10294930356927967,0.1335212462462023,0.12924223522368325,0.1142256522160217,0.11341331220694191,0.09883873719922069,0.12781371850534656
0.03341043018872558,0.4224198456265677,0.031047389731744535,0.05024791511889771,0.07476598833372758,0.08220648215922281,0.06947785969501341,0.19317010932961454,0.043253979816486154
0.13080418288352927,0.04279974743043721,0.188494350493197,0.08423584277671743,0.08644782309021955,0.1052722546320179,0.1395526242392899,0.11813590883276419,0.10425726562182754
0.11996455996067897,0.06180688508750504,0.10786921474566817,0.13027318038585373,0.12330103155617304,0.11589966610818996,0.1177190124043276,0.09520596542679866,0.12796048432480486
0.08325462891458187,0.1571944184362036,0.07630094164595393,0.12398871525301051,0.11742173832180663,0.12261940566771852,0.09042553341135451,0.10976273028194244,0.119031888067428
0.06806310491366176,0.223390467827552,0.0653477602398231,0.11054146910838654,0.11385374851879419,0.11885273630789024,0.08145785505152572,0.11506422340908166,0.10342863462328482
0.12894213546887925,0.052142836256186494,0.11628852954379121,0.1302660209246366,0.11868540453063862,0.11187372687656465,0.11223660815243285,0.10427307491891047,0.12529166332795982
0.04239849517447249,0.3814475780134839,0.04174219551440254,0.06872359953126779,0.09143969587683914,0.09518429151582487,0.06592148294633567,0.1527950297756252,0.06034763165174838
0.13814729866366712,0.04463783572283044,0.14415253331438163,0.11916236149246046,0.0997421462765755,0.10780803610779306,0.10795425899613614,0.12150021148861044,0.11689531793754522
0.13367221819829753,0.04670106253812079,0.13540663619686574,0.11950729314341828,0.11156341691447302,0.11042964296435014,0.11007296901658499,0.1148868118918664,0.1177599491360231
0.09458738612113281,0.10805860376167477,0.08152608613193117,0.1345136120788278,0.13020714415098136,0.12113213365560309,0.1016354783587843,0.10206699125368457,0.12627256448738014
0.13609686107401053,0.04521576416781359,0.14321458955463617,0.11737520284505636,0.10409781489229347,0.10894619362777146,0.10873208630542912,0.12044428226238608,0.11587720527060329
0.11248919974208893,0.07361813301918053,0.09531519146752652,0.13419233610817607,0.1276317879311707,0.1172900935864356,0.11010089922555345,0.09860600408342712,0.13075635483644107
0.1322582606694309,0.046485345213766134,0.14074017283254953,0.11442144555988493,0.11313238628610874,0.11095998424113857,0.1099188979864234,0.11798649206245086,0.11409701514824679
0.07123743281104992,0.20023923177621983,0.06757946444998846,0.11534013049068777,0.11886408776473245,0.12086095198868803,0.08501187482595729,0.11232645879542014,0.10854036709725613
0.10637586120170621,0.08242027771462423,0.09865373600884164,0.1295384590101514,0.1249746619107248,0.12161294587763011,0.11873666202133386,0.09072764104516638,0.12695975520982136
0.01645751438657077,0.15289986219502497,0.006682089947161302,0.0166667206352565,0.055434291872992196,0.03955675090240331,0.4354985536355871,0.26846180138039205,0.008342415044611808
0.12043759806253858,0.06414150398707712,0.10201021828183687,0.1389931983092153,0.11931650544461629,0.11416931519309455,0.11044635307589624,0.1004578200315942,0.1300274876141308
0.1300521877164886,0.05199509386829373,0.11723273557758211,0.13130520176441943,0.11562530085794875,0.11144891430781796,0.11166857876280917,0.10495245372256512,0.12571953342207512
0.09742661338175278,0.10116798756763884,0.0958931821572911,0.12572910754539113,0.12234785633268917,0.1255975209988893,0.12101276037775888,0.08786019402475657,0.12296477761383218
0.1170676552919127,0.06630946176014693,0.09868332012264829,0.13762518266685927,0.12522962632050008,0.11512452870462997,0.11121628490925912,0.09908954272762473,0.12965439749641886
0.13037369133335588,0.04729508614258542,0.14290513374837402,0.10872418528810106,0.11610276080710702,0.1123783393694799,0.11769548828732095,0.10974088907640789,0.11478442594726788
0.05784534918795431,0.06361823787334404,0.2770658242611346,0.03635827336979917,0.07280764889121662,0.10401685319189065,0.23090292814786376,0.10354920196192609,0.05383568311487077
0.13225169527339622,0.04993423082550099,0.12499058338993994,0.12338165432069496,0.11518120375473229,0.11176533671717527,0.11160983605658902,0.10686627895553309,0.12401918070643819
