0.12474779641391427,0.12634903028992087,0.06269426238794183,0.03640112319161068,0.08017897446064635,0.0984484867726293,0.23387588692302344,0.10540575605505104,0.13189868350526227
0.1170137132603259,0.14503151089350155,0.11313152277942275,0.1351500477453489,0.1000008591834805,0.09650141164696384,0.03341823724910754,0.14189684910416106,0.117855848137688
0.11315989056729082,0.1760936769298016,0.12324823012572272,0.09935149099234919,0.08149412843928251,0.09596887764502698,0.06038116442931423,0.1273584790563844,0.12294406181482763
0.1210532576631479,0.0651227150216088,0.07672007866587462,0.1711587451690367,0.1917179459631375,0.11584953246914897,0.010668747964930628,0.15465386948937493,0.09305510759374001
0.10357810791584544,0.06368778226916212,0.17043419562877957,0.17402041198127058,0.14461071159991828,0.11894180322947574,0.009474051400881782,0.13525609158232657,0.07999684439233988
0.09254212480545783,0.02283797186447135,0.013105636097142243,0.004892529130055022,0.08124252402316585,0.06406297808350847,0.5891349438499636,0.03764791759859988,0.09453337454763579
0.10561619437224079,0.03049976471872899,0.017461809449565553,0.005482040260999269,0.07460238366549336,0.08099252817898905,0.5430503371596497,0.052079066703892514,0.09021587549044079
0.08483832513463414,0.04463524787338291,0.21472923482316134,0.1579829849286726,0.16669852139172667,0.18099785590427864,0.007333464671518197,0.0980312389661041,0.04475312630652137
0.11837539316357922,0.09865294009798793,0.11972821411022505,0.16591875904685963,0.12630784829906738,0.09949423033550693,0.01754354919489168,0.14563623495856992,0.10834283079331225
0.12846025800106858,0.1449949446521204,0.06856399149887417,0.04723578827191247,0.08258575439228694,0.10260557342971051,0.17690188540890692,0.11776310943264552,0.13088869491247446
0.11157170828356773,0.10357467598175053,0.06810879665827736,0.03882910160290697,0.08197790406092699,0.08602165990733905,0.28358760071633266,0.07958302023669539,0.1467455325522033
0.08432288135211252,0.022212373928352475,0.009348947093621806,0.019514519770010452,0.12084318118764152,0.0513393126539104,0.5308087062168122,0.026857571284631624,0.1347525065129069
0.11327872966070002,0.13392419542081105,0.10768488357529808,0.055623137184294534,0.07645746687087289,0.09218580337146946,0.18090180214383003,0.09537295769259574,0.14457102408012823
0.11364138112459093,0.04748725939593588,0.035473952393873735,0.011047790075531742,0.07484283880840858,0.08027087655064204,0.4594497274501101,0.06358402590960968,0.11420214829129732
0.07395414642159116,0.017046043050034196,0.06523913256679682,0.13583257707430377,0.29097803727705124,0.29363246272099097,0.06746968212404751,0.034870638223152436,0.020977280542031917
0.10382989072453817,0.025204765363004675,0.01311484579142379,0.0038203617555361974,0.07294803711971377,0.08789602457596753,0.566381863039411,0.04812840474621225,0.07867580688419272
0.11654561777798587,0.1335532452747825,0.07872325745818913,0.04522748829437556,0.07885928712149774,0.09476234172653118,0.21359430809685187,0.09891793199420242,0.1398165222555837
0.12376975852341064,0.06612715420412098,0.0339737036948652,0.014890102446469907,0.07857526548992143,0.09500344668736582,0.3931321940159642,0.08148200157149432,0.11304637336638752
0.10994630506745001,0.11879910145683016,0.1190966875848019,0.1642567163225535,0.11594004641674292,0.10130537507328698,0.019322615082655564,0.14661426268931713,0.10471889030636183
0.12131441395716243,0.15261186257028433,0.13186378828062686,0.09892207673367205,0.084277283150567,0.09384376451365312,0.0608125531265876,0.12859051035379002,0.1277637473136566
0.10398715252422079,0.15796738109949549,0.14756060335204366,0.13425947649771078,0.08680527623672026,0.09584787249313702,0.032709107655571217,0.12964426685151095,0.11121886328958984
0.11107873140831175,0.03622071735192343,0.017451685289497306,0.0065745005505883775,0.0758604514479462,0.08935002439252748,0.5127018268035374,0.059793269227549135,0.09096879352811889
0.11827954688686411,0.09760760009799972,0.09393429377043837,0.16997513835835862,0.1459613699242749,0.10456404393232775,0.014974440240344278,0.15248598150572581,0.10221758528366627
0.11559120014458198,0.048681141035192665,0.020411661314429282,0.009637940520796699,0.07867472791569334,0.09195839090797724,0.46577149889328195,0.06983974214143675,0.09943369712661014
0.11179921031907043,0.05516996965518355,0.036921172332962646,0.01394550838304299,0.07740079086778444,0.07835515997767685,0.43982852268002876,0.06510176723483428,0.12147789854941608
0.10254046226871534,0.036075138311069836,0.02741368470844691,0.008707247881843615,0.07645145239601887,0.06934893615865857,0.5184115878203731,0.048224415641458344,0.11282707481341532
0.09368051948280283,0.016480641588763164,0.008405327576650202,0.0017352915669010002,0.07045588608067244,0.09019385135767838,0.6210124197147766,0.03536690177747495,0.06266916085428041
0.0889084040777886,0.1164885195374682,0.2253883611189004,0.15043638096283224,0.07863620755132984,0.09639219368953643,0.04824650205543766,0.08838039919292552,0.10712303181378112
0.12046510440811657,0.04716834213955193,0.03163704513840595,0.010028666985025202,0.07484432333013048,0.09165638899533536,0.44948569337608674,0.06926672647359443,0.10544770915375334
0.11164093283586152,0.03784554064243651,0.017640440957918446,0.00695816368010144,0.0764039051636445,0.08964663712161414,0.5065513559097966,0.061223766324134586,0.0920892573644922
0.1248181304920531,0.12699742573043796,0.06406887447163902,0.03690020475936293,0.0800416405986177,0.09838573996385318,0.2309072822365461,0.10564297401068122,0.13223772773680884
0.11327209179650172,0.079951888498332,0.14491742170029678,0.17212020212414345,0.13246848690242108,0.10436459455719337,0.013114944459259226,0.14121120833591252,0.09857916162593988
0.08129258039995493,0.053208364753636606,0.2579787903701403,0.19540024446706614,0.1133335166416289,0.14154620745033028,0.01841257261733716,0.07875453648138772,0.060073186818517886
0.09230334551945346,0.015603907809698649,0.007885132049811156,0.0015465116444388202,0.07023336111102162,0.09094962316539257,0.627060844690062,0.03383425985349973,0.06058301415662216
0.1103956240622115,0.032497744854065876,0.01819832076977142,0.005765381073330863,0.07391497105347565,0.08890550662152709,0.5248317676849014,0.056424639922387256,0.08906604395832894
0.12079203756843697,0.059262613977695645,0.02795075052905206,0.012711070832032595,0.07868364461338793,0.09398017422552572,0.421435737146427,0.07721130377607076,0.10797266733137134
0.0987844485751711,0.049705112825775284,0.02749151617295739,0.02394076245112282,0.09606650159086853,0.06621113175671124,0.4483555154921846,0.047354264223082615,0.1420907469121263
0.12389312241311978,0.10079977305372091,0.050191922423188984,0.025985657285709896,0.0797664012963868,0.0950952733253061,0.30209592162322985,0.09468268206590578,0.12748924651343194
0.12256028512209009,0.16240935074791357,0.10978599968181187,0.08852579047675453,0.08458517772139156,0.09763952015747872,0.07559383804411197,0.13018958422048219,0.12871045382796556
0.10696452600451133,0.029217443811822535,0.015748519534696883,0.004570987600701239,0.0727774203186504,0.0885347185967682,0.5478998685971778,0.051450675892960596,0.08283583964271103
0.12780628440508682,0.15453427455547278,0.0774902704727799,0.04874246796714913,0.08056465356023694,0.10026065113962741,0.16411759402032483,0.11633624144329181,0.13014756243603035
0.09688226675562256,0.01967423915807949,0.009510081214745543,0.002303200354173479,0.07151597080604027,0.08892049190775508,0.6044335244052993,0.039484755749214055,0.06727546964907018
0.11146688465640513,0.0569655542569123,0.027090130316250044,0.012842839112901036,0.07983393895376112,0.08177605834306091,0.4488843397656031,0.06841571574169401,0.11272453885341231
0.11590591765177738,0.04263790776726101,0.02309495480304209,0.008419625221739453,0.07582718699526418,0.09075875637130086,0.47931101305946733,0.06552071882692866,0.09852391930321909
0.11119397568127194,0.16402004723818933,0.10377930507998682,0.07186599009050039,0.07830549263545071,0.0995831701501474,0.12534019482588057,0.11092129209647668,0.13499053220209614
0.11361358220032064,0.04705476144656715,0.01929223917568252,0.008254394216742462,0.07717087205925659,0.09087280070683829,0.48330068386727376,0.06551020153911646,0.09493046478820212
0.11792134628707153,0.10511527204223285,0.12284446805152627,0.1622399586940754,0.12015921605540351,0.09792576790348811,0.019207628180617303,0.14443321220595842,0.11015313057962657
0.12658918177301545,0.10630670543140573,0.04352788294355633,0.023812534298119224,0.08023228178983995,0.09878784604623984,0.3040025301932637,0.09630953686627038,0.12043150065828946
0.12554705931160884,0.07836443344412881,0.03715427277543614,0.01831794528644082,0.07994163032910107,0.09700691201411438,0.3582617333475444,0.08817680464708332,0.11722920884454217
0.12542929423755664,0.07282924507635215,0.037629534601207,0.01691948010605571,0.07899047995742514,0.09598960268037265,0.3706078242184672,0.08528354971526786,0.1163209894072957
0.09637213370080955,0.02306014163556129,0.015420898179259249,0.004392964556255413,0.07596181305595885,0.06935030065735162,0.5841130568953538,0.04041101246984249,0.09091767884960777
0.11859403816810293,0.1715460143605574,0.09370181798779838,0.07491691809589109,0.08169199757846678,0.10128918899688978,0.10295160630568288,0.12550757034925233,0.1298008481573585
0.11542127577978516,0.13503108929738,0.09495876017444634,0.15538233072535382,0.11982064236702357,0.09962459982697187,0.021836770747900896,0.1496624172853152,0.10826211379582319
0.11669997677634314,0.08880411738846779,0.03860848988522947,0.021937338041515524,0.08124479630053336,0.08952852658985029,0.3539452141148198,0.08456032109277038,0.12467121981047032
0.11665765867458178,0.17105329667273375,0.10331685159485042,0.11656169126531922,0.09308123089107816,0.09731579572687189,0.04440204096973732,0.13865001968291998,0.11896141452190752
0.11510841345326284,0.04585099090477179,0.020421552569983986,0.008987056219098566,0.07784444607300618,0.09134495591178277,0.4744102700652207,0.06779588800366575,0.09823642679920751
0.10051594531520158,0.07600199120554695,0.04541339501108801,0.06542040606817068,0.11131688330699774,0.07478901791808634,0.32044674633062536,0.052439082745621146,0.15365653209866212
0.12223283166822836,0.12821684431861236,0.06693985616219277,0.03255570059074592,0.07711823500432713,0.09385178830266788,0.2503260471538485,0.09754280175842332,0.13121589504095385
0.09073070904647344,0.014471365913245144,0.007472489673243925,0.0013267313521057832,0.06958533160460378,0.09230676985930353,0.634150969368063,0.03186201540239888,0.05809361778056247
0.11708619316845816,0.13171716105741296,0.12380841389040226,0.14357275083885915,0.10312842637949038,0.09518035065263514,0.028211020837800766,0.14103738460084034,0.11625829857410082
0.11232565062616556,0.047841824644196285,0.022496598096386017,0.009792124024654543,0.07826038277120449,0.08492343192067033,0.47503163906080176,0.06619627222891096,0.10313207662701018
0.09911727109705058,0.02144760611791749,0.010153690011906904,0.002831209642192616,0.07284451146247223,0.08780788458480737,0.5913056357505746,0.04293120960927115,0.07156098172380716
0.1239435452090346,0.14272905452363174,0.12067736625068697,0.058914814614065614,0.07612487658502369,0.0944251137416622,0.133805761192055,0.11241189414733699,0.13696757373650323
0.11808462388395674,0.1004464019736085,0.12025137272906121,0.1650697976431534,0.13021049858303055,0.10051203112098395,0.01602328739715973,0.14433865396683906,0.1050633327022069
0.12606377733792215,0.14935244252634447,0.051985763554737364,0.04473768356055474,0.08504146470519629,0.10565291625121248,0.19121076656090386,0.1190851049611239,0.1268700805420047
0.1072524897034645,0.13375751428203683,0.16819757485224066,0.14373210748041035,0.09194680956909757,0.09169990020609046,0.024697257017795887,0.12939153650120158,0.10932481038766213
0.12812243107043797,0.0779096129231281,0.04680496644540639,0.019124311861485586,0.07824968556936278,0.09620258990872199,0.34450863752937844,0.08808584511489352,0.1209919195771851
0.0948250893967445,0.15084112509892503,0.17227348493680253,0.1328885032375385,0.07892142693976746,0.09978093823429107,0.047365580860198674,0.10976625513268877,0.11333759616304344
0.03254792081698182,0.0005073792040721095,8.909449852233315e-06,0.0011768340361606006,0.578154693406113,0.18146284769074097,0.19911779154228337,0.004196898685812417,0.002826725167983412
0.11824532880840932,0.04810766621246357,0.025726918153007265,0.009882622408141438,0.07661333942506944,0.0918164850976521,0.45721158940857753,0.0697364723894389,0.10265957809724043
0.1174313584840906,0.15180964019164314,0.11192374835607648,0.12721022585210318,0.09637956466502262,0.09669719319810459,0.03845198415159894,0.1403981765359589,0.11969810856540157
0.10691475264550536,0.16972801903664178,0.12505486486107928,0.09222680389766456,0.07785088025601465,0.09963196064341379,0.08412077985655653,0.11592505168351026,0.12854688711961382
0.11891110475054406,0.16935352616718324,0.11600470583419357,0.1028426590467106,0.08661081096748204,0.09534556196550287,0.055514834373789845,0.13210590362559407,0.12331089326899969
0.11639132654213351,0.1302882321389518,0.12369019058238195,0.1486664457772432,0.10747829229573534,0.09526139390623346,0.024293870044773295,0.14123614341839005,0.11269410529415735
0.1151251174143909,0.05803266016820451,0.025859415734554192,0.012412038512285417,0.07938860227317725,0.08734547894511034,0.4402507562126196,0.0727773748173421,0.1088085559223158
0.12188533679684554,0.18561292650340536,0.08196164430352408,0.07149653827657616,0.08350853069461495,0.10092944136272769,0.10139271791096705,0.12785360803609452,0.12535925611524465
0.11748472699870832,0.1072025561360575,0.09693273947784116,0.1669886226325532,0.13641081061397944,0.10235018892281829,0.016670889810665713,0.15143397916434612,0.10452548624303021
0.08976723525324563,0.014677975490233757,0.00658447935347621,0.001315181846051339,0.0712108063429957,0.09160949491101082,0.6357113946322953,0.03191887861209628,0.057204553558594905
0.098064575401077,0.05645351013328028,0.05704388145505545,0.15279047351988015,0.1476664530124562,0.09044786794652536,0.22741100153320018,0.04876704322807925,0.12135519377044614
0.11848578190004426,0.17070200802050195,0.12372395299163597,0.10198325942044874,0.08502512138854734,0.09355416242050084,0.05426351634010268,0.1295442512250555,0.12271794629316278
0.1233058747921197,0.044601768117975775,0.08516770783245886,0.152613634604652,0.22919168311195207,0.13426819943794757,0.007861468348009151,0.1402869252384187,0.08270273851646619
0.10965891432864888,0.03300358447323589,0.01678308498242567,0.00579750371776399,0.0748359628647379,0.08881418042300981,0.526001382090541,0.05678023526642468,0.08832515185321206
0.12389818317861072,0.07767334613767747,0.03467507125243569,0.016368865380796144,0.0789770013528928,0.09583338852090383,0.3746104508189862,0.08448194536129472,0.11348174799640248
0.11492959046801073,0.12217682868250117,0.06742175171646175,0.16551635393343592,0.14003238634182238,0.10543264973901996,0.019181177582453638,0.16071583932397854,0.10459342221231589
0.11284499477232524,0.04001520371064777,0.01868639002771935,0.007524589895024064,0.07669937384313773,0.0901107012778339,0.49688418178125354,0.06312813476214534,0.09410642992991308
0.10711438921049173,0.08267221859591174,0.13857530430966533,0.17694428054597025,0.13703263228228704,0.11019298705360707,0.012179227637651098,0.14453091415774627,0.09075804620666945
0.025876374097873637,0.00027397873862073215,2.881003452685937e-06,0.0021309550113190203,0.5152960779655392,0.1566842133374717,0.2937968324590075,0.0032050135000131603,0.0027336738867021777
0.12157279482385207,0.04424691112885048,0.03430900712123953,0.010181642241095407,0.07445347773528466,0.09155239643004581,0.44673743893244916,0.06935444828848725,0.10759188329869573
0.11284499477232524,0.04001520371064777,0.01868639002771935,0.007524589895024064,0.07669937384313773,0.0901107012778339,0.49688418178125354,0.06312813476214534,0.09410642992991308
0.11148113238914907,0.10123044116568058,0.13039070436950706,0.16922792317350857,0.12239681355645053,0.10148862977482502,0.01633010185718485,0.14493317760537347,0.10252107610832091
0.08435282491112046,0.012279362186696086,0.004865055594887765,0.0008265203880348892,0.0715684279066568,0.09608452776620169,0.6540656352772659,0.026761153124715085,0.049196492844421326
0.12241030211515808,0.17961320246229254,0.08778863710714187,0.07455476500917023,0.08368403225068848,0.1003821484202108,0.09647466040465656,0.12843683458583874,0.12665541764484278
0.11944595931741801,0.14349426409888802,0.14569688697342004,0.11238531606007514,0.08633959911700868,0.09158997206304394,0.04699511421340056,0.12907289803242103,0.12497999012432454
0.12208545698521432,0.06021508703420009,0.030879377720515706,0.013173585676094682,0.0781251899606565,0.09404029485827421,0.4137311514739017,0.07790179985519725,0.10984805643594549
0.06616862792971631,0.006216219337095721,0.001921275537460466,0.001880972486621164,0.1179726011353575,0.04685267130234555,0.6652532953300384,0.011929053984313721,0.08180528295705108
0.09610223811752812,0.01909193010086455,0.008760966726316237,0.002262336888647362,0.07245160341501478,0.08833495252186468,0.6067032778626731,0.039366318682649636,0.06692637568444153
0.12251636956099769,0.1600260427700978,0.1151573330291994,0.08986165477781129,0.08419699553495863,0.09669528446509841,0.07322789349200141,0.1294617938656359,0.1288566325041994
0.11288707212186681,0.03999261127239912,0.026621530617383076,0.008214617713808105,0.07436256039711366,0.08364700567132492,0.4911111676089949,0.060899422325683496,0.10226401227142594
0.11583097101350502,0.15482162744125125,0.1096686103287931,0.1340175119654808,0.1001000965740323,0.09624610950251804,0.032434683673621206,0.14140840210423902,0.1154719873965593
0.1181185881753028,0.1847546173472595,0.08608940576879404,0.09724846859257281,0.08961521063900725,0.10110977539672646,0.06415813511868418,0.13728365480028046,0.12162214416137253
0.12757611389698176,0.07568394509296666,0.049867999071576886,0.01674051026484449,0.07584774384193586,0.09436856006181212,0.3588452391359951,0.0827380101122393,0.11833187852164773
0.11605295097596917,0.1365445976786798,0.11468289976447803,0.14753802502669455,0.1081246321017656,0.09623411997748281,0.025166282515895384,0.14319068722560935,0.11246580473342527
0.11846527432661073,0.09770007932753733,0.1063336978817691,0.1688188269369428,0.13418892958161155,0.10172299619027837,0.016673491203773993,0.1496261058471919,0.10647059870428423
0.10320836582744493,0.163805674419215,0.10317348127235652,0.14390506105622763,0.09851158798090047,0.10607408736789209,0.031195055858787332,0.1423356247290413,0.1077910614881347
0.07163096157286235,0.007544590206293066,0.002033278047338618,0.00024642004796838324,0.07734320072077668,0.11121747115829805,0.6790839583467498,0.01713581823964459,0.03376430166006852
0.12155494889754966,0.1669467189656567,0.12026084932704793,0.0881402119089323,0.08241692797858778,0.09485324519538796,0.07184105168265721,0.12674102559415654,0.12724502045002392
0.110115023679131,0.12287083167568326,0.1426997335870134,0.15623313336124747,0.10605048500850826,0.09627585342837414,0.0204757814675592,0.13858375566443695,0.1066954021280464
0.10575586111479633,0.02646757843810744,0.014842369066779505,0.004200664913742523,0.07258739100239807,0.08816252956071513,0.5567286278960676,0.04981080294948461,0.08144417505790875
0.10487098622459862,0.03358411085791894,0.01511961347298193,0.00604829040237951,0.07756161437989503,0.08084419172449554,0.537110049537353,0.05452542573342851,0.09033571766694902
0.08999877100055165,0.018016818534278656,0.008193872256300553,0.00246971937359463,0.07849638806909692,0.07170933106490823,0.6233240252261943,0.034840711329700506,0.07295036314537444
0.12015174671343178,0.1788421838902784,0.09940827675731546,0.09002842599491974,0.08546186958977131,0.09836046049824206,0.0713195968577882,0.1317817209458172,0.12464571875243574
0.09149652453129585,0.0771690755441816,0.18764324262351054,0.18351450351772214,0.10420483786532364,0.10596171795524001,0.08407700082659257,0.0633624566088949,0.10257064052723885
0.12847405497426648,0.10491763684553652,0.0478202764085939,0.027144917601466294,0.08138927210637542,0.10025303355741848,0.28424286234082335,0.10084941813819698,0.12490852802732266
0.12055854068161247,0.0988989542570976,0.03659021532434725,0.023647728216531754,0.08232448195601076,0.09598261985651192,0.32683854808539303,0.09343033261050841,0.12172857901198682
0.11941169739379869,0.08578798243846619,0.12043647497374131,0.17005734769856726,0.13628020565478047,0.10233380008829629,0.015022935124840176,0.145358014218008,0.10531154240950173
0.12325859643173133,0.06859708344983756,0.034245201235304015,0.014313061869545401,0.07773487671360546,0.09446986990713742,0.3959266992442396,0.08000544874288211,0.11144916240571712
0.0871452679387823,0.014268697914726736,0.007667773472241276,0.0016237521093803492,0.07522840571029893,0.07508519719577422,0.6431472239432523,0.029697931869735197,0.06613574984580871
0.09010259240550607,0.14223173707443307,0.19838305949139903,0.14567720640810225,0.0789587821268205,0.09875017906324905,0.037646770362838956,0.10407230184171053,0.10417737122594044
0.089502499508733,0.1135978693986595,0.225975350288528,0.14783996985758613,0.07860121510476863,0.09500561810742181,0.05489544262728835,0.08441777052458117,0.11016426458243338
0.1263661119486495,0.15967035227522905,0.08675701486179117,0.0642253844899146,0.08294909903574298,0.10121961030499078,0.12255619715253348,0.1248785820295583,0.13137764790159018
0.13009317116657296,0.13894939528989825,0.09743969173587307,0.05196149145031179,0.07960920230995265,0.09820670353588828,0.15335273907163358,0.11543483782577219,0.13495276761409725
0.12132954134030897,0.06721626878254351,0.0937914620390239,0.172450979733786,0.17422881754273623,0.1130036418607649,0.01128508915939303,0.15037827825455188,0.09631592128689148
0.0968588393728258,0.16554553890179322,0.1477194865641193,0.11112211045663095,0.0781219341297873,0.09951119330228052,0.07737609353978514,0.10048910985965104,0.12325569387312679
0.11687914658266206,0.07200940798801651,0.03969668218264188,0.017617877516126538,0.07863855442116097,0.08571783960244099,0.3894669328848168,0.07719346931764344,0.12278008950449086
0.10351120138952256,0.12936839214993773,0.15581616510696614,0.15438390259119236,0.09607351012130155,0.09763351320411949,0.023341945276645192,0.13402291378553505,0.10584845637477996
0.11926694667254495,0.05271990394493859,0.02468408758257549,0.011808688900429258,0.07934316673481956,0.0935386960435421,0.43704382567296335,0.07542888881663375,0.10616579563155308
0.08242905344649139,0.06840271910173314,0.25499059992138334,0.19286903083102167,0.10126452612058749,0.123343811708988,0.022091977395469448,0.08383174383557689,0.0707765376387487
0.09833785891819756,0.07173339165498631,0.18502741805709058,0.17787666403968735,0.12921135016688293,0.11616791354949761,0.010635838839001169,0.13143013396369763,0.07957943081095895
0.12467004571579822,0.167729814224063,0.07738021184820972,0.06729147405407747,0.08489119947702206,0.10333531111558492,0.11709531588485529,0.1284358694841932,0.1291707581961961
0.10462409737059168,0.028720798676021245,0.012921611342268949,0.00429999645808654,0.07431399980501192,0.0880437049819004,0.5565807021278014,0.05058739779936345,0.07990769143895439
0.10444667527536496,0.06102837437986449,0.031604208074608196,0.017342013703689114,0.0839806752281594,0.0727328534469296,0.44220114125078064,0.05831085509895906,0.1283532035416445
0.11377370000553792,0.07902088958592725,0.1290894692062072,0.17418509602337204,0.14193780986693214,0.10733548720655646,0.012548105282600181,0.14545505467177786,0.09665438815108894
0.12849146167409214,0.1339443528924742,0.06086120634839959,0.034330142776357896,0.07993523385477652,0.09982298236777915,0.2291239127071437,0.10661192972989995,0.12687877764907687
0.07306611881368082,0.03181101356823593,0.21668933642482627,0.14781753784489823,0.17647059132633916,0.25726672929961675,0.01199926061306029,0.0562440948756574,0.028635317233685103
0.10261930120069324,0.1602288908598495,0.1556834367536878,0.11636884183471193,0.07822312656675191,0.09661749462815411,0.051491990463807424,0.11908344274593613,0.11968347494640798
0.11163574150072526,0.09887242656307282,0.1417031451346882,0.16763364893225619,0.11868441591754673,0.09982222991156446,0.016438917651199637,0.14179479136200326,0.10341468302694344
0.11601274277173325,0.07517101330559728,0.035978638222952136,0.018048970040882698,0.08005494918781307,0.08664422250471869,0.3880912856267466,0.07861116790673996,0.12138701043281636
0.11793223609434288,0.17577554414517246,0.08191630900732906,0.07207968288714874,0.08294165436650822,0.10357190290227475,0.11072238310901365,0.1263012677056113,0.12875901978259902
0.09430757521872805,0.042321731251812066,0.054449345816595135,0.1883730589007143,0.17381051798762814,0.10960772361963948,0.20009722658556994,0.04398562633988363,0.09304719427942938
0.10604052686263254,0.028363389076946483,0.014943117763082645,0.004341156398101034,0.0727833722887669,0.08841651352722461,0.5532270186359801,0.05046193462553753,0.081422970821728
0.1093477331589348,0.06703922475009101,0.1409988744531523,0.1744820155118266,0.15316475840856525,0.1160552640087515,0.010104819544523129,0.14269666522789737,0.08611064493625803
0.1165030252469655,0.1376338923844078,0.10573401039876697,0.1458739400276675,0.10782842292867388,0.09789374919977563,0.027867426257084365,0.14602929313973106,0.11463624041692734
0.10239369285467231,0.04477471759944815,0.02388586693694116,0.010750159852159269,0.0811000043502666,0.07039228807200494,0.5000888250044365,0.05275126837935593,0.11386317695071507
0.07744211734650285,0.01290564926251772,0.005387329029130515,0.004397073004881786,0.1028004420941449,0.05016476686700084,0.6277901749262745,0.021364904369488198,0.09774754310005873
0.11651852479250237,0.12351574775948042,0.1314711572521404,0.15128176939206317,0.10881169132955802,0.09477124716267453,0.02237051784137599,0.13962310151757215,0.11163624295263301
0.09802874254898346,0.01828540802894808,0.011789271147991482,0.0021547006999423964,0.06836346958453227,0.09050053240263019,0.6049673579092444,0.0380295436776615,0.06788097400006621
0.12162098231032296,0.06472012250828844,0.09501234852914375,0.17168591966282234,0.17692573936633468,0.11421504809955174,0.010945315137254656,0.14935949103993082,0.09551503334635054
0.09827247616472194,0.03663244243533292,0.020617171532270943,0.010447400306941579,0.08449860440599716,0.06579479535597856,0.5212167277995445,0.04651787765321331,0.11600250434599914
0.11865275807056885,0.050727228029899825,0.025666538422882718,0.01050041327425529,0.0773336214528118,0.09232901403217013,0.44953282940332034,0.07156949406292183,0.10368810325116917
0.11739449713072174,0.11485300612110776,0.11688692537655576,0.1584329801650281,0.11653039882207962,0.09760833455507228,0.021302282244017284,0.14549374986156435,0.11149782572385303
0.12151624362796686,0.06209111497924144,0.028980755942068875,0.013478559610298384,0.07899231755739795,0.0944982001260235,0.41209474513639327,0.07896427578836508,0.10938378723224473
0.11749613932739034,0.14138247299018392,0.12591048452354583,0.13223860488298242,0.09653231223755936,0.0945136434629918,0.03445174940132779,0.1381817909945385,0.11929280217948
0.10527098087916072,0.15409849723486435,0.147984118913386,0.12944843496196942,0.08487116126704321,0.09630895368044655,0.03781061529055394,0.12887216037562058,0.11533507739695525
0.10956585332818579,0.1356586758300713,0.11486625296869994,0.15463108985302557,0.10740499794680891,0.10036393459589238,0.023864504828037564,0.14525288894253163,0.108391801706747
0.11597895221150208,0.060157187789952216,0.117298340959668,0.1704843105285783,0.1741969045333728,0.11903865035201246,0.009588209871833802,0.1452813240908747,0.08797611966220571
0.033872441529061284,0.001039556514022557,1.699357187190151e-05,0.0167983958274248,0.3861988508396841,0.1394430137333078,0.39973144953801903,0.00623425046318006,0.016665047983428587
0.07837350989752963,0.03768382673444973,0.2505729134141971,0.17242370875517887,0.1437052396588763,0.19236198221376188,0.011283258924153439,0.07211363887791834,0.04148192152393468
0.11985580727366611,0.1737455365996747,0.08973077622236542,0.09661542229863467,0.08949966810320471,0.10141444539814436,0.06727497679820006,0.13733584423606052,0.12452752307004938
0.12395243041899079,0.11972657580191377,0.035264760019063084,0.02690931044760564,0.083550997355559,0.10220506997397372,0.28739662650120484,0.10247444632473325,0.11851978315695581
0.11538313563133007,0.15997938098991027,0.13549369352673596,0.09762272423393965,0.08046567637723169,0.0946700301601018,0.06398464039914865,0.12550989089023246,0.12689082779136937
0.06803427153114679,0.00892497149975425,0.001376577807520486,0.017390584413226027,0.1758892960055608,0.040001088878834884,0.56361504923888,0.014945447907116287,0.10982271271796058
0.11752857062449111,0.14218902071313788,0.12542081283804732,0.13150875242355128,0.09625658439655514,0.09457654408443446,0.034925851826976086,0.13814056537888217,0.11945329771392464
0.11683604403934829,0.12423274235293154,0.1066053699051332,0.15556633813092377,0.1155515248306049,0.09843932733176819,0.02308685876343762,0.14771664981377033,0.11196514483208213
0.1134148189098101,0.04002200036437965,0.01962428063555407,0.007588204198069438,0.076279998882796,0.09015492723685127,0.49490668796339327,0.06320593451401331,0.09480314729513291
0.10606271488487255,0.04067501702435508,0.019924568869834725,0.008439967509487207,0.07889265680209219,0.07724213142029131,0.5092021597387448,0.05773015051894629,0.10183063323137591
0.09521265695177493,0.06075686680871464,0.162934747862531,0.17709353830077013,0.15898155172802902,0.13920530846940007,0.00873684130052635,0.13156231489107936,0.0655161736871744
0.12319975364468168,0.04910643775176865,0.09271670151085631,0.1601906492330696,0.2090606310875365,0.12758714072335167,0.00861606378117074,0.14243018233956325,0.08709243992800154
0.11730987788115214,0.16907065889029707,0.10977365342011679,0.08464762399206201,0.08115240503332415,0.09884775461417343,0.08405063065057178,0.12627634126233786,0.12887105425596465
0.10462399770033141,0.025620672416051853,0.01386355739238356,0.003955877397892816,0.0726944729289112,0.08802011891047194,0.5627285578508802,0.048717856652982804,0.07977488875009416
0.11836892258291865,0.0990998325902771,0.1097043386919957,0.16771575293948113,0.13123281300364567,0.10095266750080957,0.017116534038667332,0.14859432198810743,0.10721481666409738
0.10335994521010339,0.1556830278888441,0.16641415053265415,0.11358054726815392,0.07648178461249948,0.094106887593614,0.05248282663301398,0.11681677371744148,0.12107405654367559
0.08880231547489698,0.13129032089957562,0.18582571312498575,0.16202336228302638,0.08637288057920882,0.10692621120754599,0.03349163228123551,0.1069111086762947,0.09835645547323019
0.08101554411155071,0.010518944813995457,0.004903342265785729,0.0006956464364225619,0.0729546283713035,0.08968880163665305,0.6675691304239756,0.023151002240803378,0.04950295969951004
0.11123489415689847,0.16057181386112568,0.12281936037452884,0.12304450088925929,0.08905603477125913,0.09759263729269203,0.04184771806433804,0.13532945813937705,0.11850358245052144
0.10604052686263254,0.028363389076946483,0.014943117763082645,0.004341156398101034,0.0727833722887669,0.08841651352722461,0.5532270186359801,0.05046193462553753,0.081422970821728
0.12100311530914663,0.07363232882429167,0.02779070412241967,0.014768158069481938,0.08000807558929976,0.09560089415168314,0.39609119571134244,0.08211046235378526,0.10899506586854944
0.11825342541007672,0.10065799212355638,0.11085461048071948,0.16689353098079962,0.1294276171163697,0.1005041945046364,0.017495660585834603,0.14820980745095821,0.10770316134704884
0.12722708920308412,0.11003640768075018,0.043228475327917626,0.02805269330288686,0.0826706609981704,0.10157600971311466,0.2806519872377677,0.10295185399495586,0.12360482254135258
0.11893659124931022,0.12705104644744417,0.055612731856839036,0.036056257706550625,0.08123624281158975,0.09682446227293212,0.25134310517341624,0.10047535876193765,0.13246420371998016
0.11689849401189138,0.1229639437673447,0.10712190062947807,0.15623188905719884,0.11609369081978088,0.09844780862822321,0.022753391378300857,0.14770152884236512,0.11178735286541698
0.10426058576753178,0.08166215286782443,0.060774015763746546,0.05749589356028904,0.09784683910763785,0.0786455013940444,0.30130928584889777,0.06039628251308469,0.1576094431769434
0.09086767891690718,0.015388450157026161,0.006906255710836376,0.0014548292740003141,0.07145260017947228,0.09079348954380745,0.6310685042205315,0.03318669332833289,0.05888149866908574
0.11979685816875311,0.06570582057511458,0.036109889462583596,0.01508648931512966,0.07788603349806338,0.0890906589134443,0.40214738611722306,0.07776167290887638,0.11641519104081195
0.12221580987225665,0.15946211373099803,0.11693528843890043,0.09181420611498174,0.08440978465480446,0.09637548228922264,0.07054494538707752,0.12971046513738346,0.1285319043743751
0.11098082495102389,0.14371722084332703,0.12960561722450054,0.06782852046628275,0.07473577110561307,0.09291543999258846,0.1391205657682108,0.09971162460875271,0.1413844150397007
0.09742211902602656,0.019577445092608236,0.009671800419327168,0.0024146688937876767,0.07184043858816588,0.08839831289668663,0.6017329313334263,0.04027350480241316,0.06866877894755842
0.11599601891850835,0.054865079980417904,0.07247414795848268,0.15855227453636828,0.2288908619485958,0.1295476245218237,0.008183294666670811,0.153300468455222,0.07819022901391047
0.10320836582744493,0.163805674419215,0.10317348127235652,0.14390506105622763,0.09851158798090047,0.10607408736789209,0.031195055858787332,0.1423356247290413,0.1077910614881347
0.11443890301373978,0.050618621181191224,0.019345488055935733,0.009191064210424265,0.07843999635639894,0.09168276336109242,0.4706731040170904,0.06857208876288333,0.09703797104124383
0.11998868744137421,0.061049295839919276,0.02576632910733344,0.01295785610176597,0.07971259586370848,0.09445725292294034,0.4206463791336681,0.07819717077332076,0.10722443281596943
0.11662498575927144,0.1477714061358574,0.10501180180811502,0.1364658536610763,0.10214170659870099,0.09782899181325393,0.033036583229406544,0.14418135993807532,0.11693731105624304
0.12234843820808328,0.05788453329402777,0.0936496432739139,0.16832515102278936,0.18938763409909365,0.11890792993712529,0.009927866901896586,0.14726567726671203,0.09230312599635815
0.11701954484773364,0.11183050596789328,0.14113407657341068,0.15502615491914917,0.11098347214355443,0.09473752072756064,0.02036576221440947,0.1379951696394931,0.11090779296679554
0.10937012220874977,0.13772296431129175,0.1258449458527439,0.15237355482244655,0.10483266712085305,0.09787972304443109,0.02304147263115329,0.1414228956155645,0.10751165439276598
0.1193281195287884,0.08737557550651419,0.10056903736306422,0.17238268716942126,0.14648035602019843,0.10481410209621685,0.014579300993720798,0.1511731232905725,0.1032976980315034
0.12962932720784842,0.13105076807978788,0.06761033629483827,0.03594418558760554,0.07961451737268271,0.09941213274701473,0.22028111153930796,0.10726001978043241,0.129197601390482
0.12042426964151672,0.11324372409635804,0.06317811228731636,0.029369165985183646,0.07731798490839718,0.09120351656561282,0.2809913566354519,0.09157322555407858,0.13269864432608472
0.10462280286567395,0.15330191135146753,0.12315274740054756,0.08528623430336142,0.0788544527256481,0.09782173237630655,0.12051736169355766,0.099324759255261,0.13711799802817612
0.1043750434728643,0.11656399318035525,0.1717421128625645,0.1584491731992467,0.10003038498357082,0.09575935734716721,0.018903647557403105,0.13193227868790974,0.10224400870891837
0.1228549975455319,0.07635839785794611,0.031977626172796904,0.01578558710776977,0.07935582009191094,0.09578208846186409,0.38235928736363084,0.08368014769519079,0.11184604770335853
0.11355266472914051,0.04167564332704893,0.04105498042952003,0.00917428729891538,0.07109606976310702,0.07931613952631444,0.4738375165365662,0.05814074005886773,0.11215195833051982
0.09596130453858502,0.02510398699636417,0.01651156037976308,0.0060174899573051605,0.07989690106041536,0.06558201745648516,0.5683507662299808,0.04136209043997178,0.1012138829411293
0.10788824167387634,0.0337366016038309,0.014915694165805208,0.00544001335580388,0.07528742476128021,0.08867732535666732,0.5332459117302416,0.05553138171922118,0.08527740563327331
0.11493406870710604,0.16934903790026926,0.09657349142176437,0.12839857135622101,0.0994975234833871,0.0980425900168548,0.035705291592356976,0.1427883727768279,0.11471105274521261
0.06435070812122784,0.00949367739928605,0.013156408270682887,0.11689579700618484,0.3328975544529629,0.1972041067262779,0.2173585726655909,0.025184306480611176,0.023458868877175562
0.12463046145898131,0.1746771793541472,0.08749159467576295,0.061670253229730375,0.08080113167311964,0.09921555944446152,0.121584505303393,0.12181130023923627,0.1281180146211677
0.11567049620310088,0.18807325551718898,0.06364166789960779,0.10302368755065627,0.09685321607416703,0.1073925130020646,0.061556555546427465,0.14545049088972764,0.1183381173170593
0.10895433031399283,0.13937370681187003,0.12553646376739314,0.06923320273519666,0.07629183506177985,0.0926620204750274,0.1496014889444112,0.09473487364860857,0.1436120782417203
0.07291784293619674,0.029123685504421997,0.2311044757687919,0.15520097119905765,0.16589060231964156,0.2493948861366574,0.014378034848447732,0.05207894451253495,0.029910556774249957
0.11769858444199101,0.1460975503847152,0.12265982439397129,0.12799335228821856,0.09506209820813077,0.09497154007706039,0.037310048343492656,0.1380202231646573,0.12018677869776274
0.1180928468429442,0.10225557570049815,0.1238452574148049,0.16340587019333694,0.12166461895412517,0.09822578322429902,0.018586474534588778,0.14428784365133107,0.10963572948407173
0.12073189677363357,0.0583202271102905,0.031327197545940044,0.011213003276516018,0.07578398891022801,0.09253829526282842,0.4317379439812679,0.07258810305538015,0.10575934408391537
0.1027415899364205,0.11658605669643772,0.14407940868896899,0.0835115314430784,0.08047753824444666,0.08589480493342033,0.16396207844522384,0.07425309380297736,0.14849389780902633
0.09818360482546684,0.02486065406353832,0.013880615465554205,0.004344333757878248,0.07625787085168145,0.07331265198919351,0.5786815875324852,0.043784746138146154,0.08669393537605595
0.11661134648069364,0.04422143105505703,0.02383751353705454,0.008839403924631997,0.07607542047517145,0.09106613302268635,0.4728015991396832,0.06678106381183825,0.09976608855318354
0.1268764759978354,0.11282230530225934,0.04229028778845891,0.02877186111788055,0.08312231202576702,0.10212411903112929,0.2764845088314592,0.10409718068549363,0.12341094921971674
0.09955494214485684,0.11189089198028294,0.17250285020076497,0.16645820914686757,0.10115689973423071,0.10082901438732213,0.018171039306556825,0.13194698742801786,0.09748916567110011
0.11950276333242767,0.1624406351504817,0.11315957517901942,0.0756698788391026,0.07923076123334173,0.09754260961394236,0.09861084813812332,0.12201486034370738,0.1318280681698539
0.1105962185453893,0.033142753870643554,0.018171111053579676,0.005912366340021823,0.0742149144655203,0.08897431845284111,0.5224479877961831,0.057038106657223746,0.08950222281859753
0.11691839962085258,0.11720138598331299,0.11005076353198089,0.1603515414776768,0.12195824294579455,0.09882109838659936,0.019480720858388527,0.14688425266006225,0.10833359453533199
0.12240379789820588,0.17422303191140076,0.10187962251945117,0.07959700015401994,0.08282729659497756,0.0979101419556599,0.0861765940988356,0.1275403793596862,0.12744213550776298
