0.04091304404216863,0.34582995714498216,0.10288929836186134,0.11102911943759154,0.023498947042820777,0.06022348665310171,0.11428374827328636,0.08920352774731873,0.11212887129686881
0.18480109594264338,0.06285214418107789,0.13268809763157538,0.10833990023573202,0.06346979810319887,0.10383993889884356,0.11470593846185544,0.10308793711671389,0.12621514942835968
0.14779060214070144,0.04895265511152095,0.11481202614692072,0.10282771463891145,0.2234802861486076,0.044265611108939375,0.11442831262321322,0.09479809593481194,0.10864469614637333
0.17697785115385944,0.055179543196592094,0.13004912455075282,0.10520308981283748,0.12793186884349772,0.06726929502180176,0.11514451391410936,0.10031255419602657,0.12193215931052269
0.18515624739461298,0.06232050259239647,0.1329710995979099,0.10807815832046984,0.06636897657850481,0.1011241512633841,0.11473664499058271,0.1029810489122091,0.12626317034993007
0.07819771224450837,0.078036363342605,0.09628677230442284,0.12284974822647204,0.017627137280898847,0.2846676210873267,0.1431358446911162,0.07361398760169288,0.10558481322095727
0.15535237472300173,0.05114957045091492,0.12166556419048713,0.10416757827721929,0.18742098223673723,0.053161959688952876,0.11560098201773839,0.09644308487873876,0.11503790353620964
0.07922678690005676,0.17418225372926713,0.12298677241097096,0.11790606225900259,0.10370100891441596,0.04481804578669732,0.1260491807060357,0.10141919673194975,0.12971069256160386
0.06460070379362391,0.053574730028401095,0.09923031404505032,0.11342483462030446,0.21803835342291755,0.13564283778807187,0.11571042432331939,0.0706315094933478,0.12914629248496368
0.11657844491052423,0.0659193967448731,0.12656930087320517,0.11512453595922784,0.049119519730774025,0.1845428658053974,0.12010912001904976,0.09173633541526838,0.1303004805416801
0.07117523326225508,0.06533364171226463,0.10518878745560166,0.11991499579179543,0.07875660427165825,0.23254944958205828,0.11969339917992124,0.07580580132551061,0.13158208741893482
0.1340034854354102,0.056451726539383316,0.12464579414007422,0.10757177908932952,0.10241503248695975,0.10324683902350236,0.10894018794236249,0.14743288831224896,0.11529226703072919
0.15155697597557607,0.0686703552662513,0.13403475119978217,0.11203478897147291,0.06038651769360349,0.12336267765052168,0.11876877745106752,0.09967436434201922,0.13151079144970568
0.09172794940928418,0.05579659550742394,0.11791735459412583,0.11116305059430236,0.1234011834161603,0.14237469638140657,0.11214930820186199,0.12461848308307662,0.12085137881235829
0.11518138653190645,0.04422956086411681,0.09601126251250465,0.10083250315872976,0.3188226485903644,0.030886398125209297,0.11280322092282596,0.08839413063101531,0.09283888866332735
0.15810821294711638,0.05410488165743874,0.12887289044560632,0.10608743223248134,0.14678576694487644,0.06860476108369307,0.11731027293090306,0.09757945891736841,0.12254632284051627
0.16267279079798658,0.05164165075978483,0.12284232127961048,0.10391351415800198,0.1775271992316834,0.05335130944698282,0.11494369422733904,0.0976117432587758,0.11549577683983507
0.11449096980440415,0.04455254752679744,0.0977738101659305,0.10127386124231304,0.3125184964480326,0.0328719129969595,0.11361491845227793,0.08808288224945177,0.0948206011138331
0.12375294701839541,0.08099521520900448,0.13290148276520614,0.11071726697313221,0.09995928645140185,0.06882181381184782,0.11265200227086412,0.15188153906387336,0.11831844643627458
0.16040290849308142,0.08412811682009502,0.1375687819238324,0.11110195578017305,0.06515789839969598,0.08531955304483758,0.11880207682424854,0.10577978329450555,0.13173892541953044
0.0640456540605155,0.23769796988619216,0.11761016531487484,0.11699967744978217,0.06237455243985034,0.04687730798344819,0.14009901319783782,0.09120037340702263,0.12309528626047632
0.1786698007363899,0.06798217931589932,0.13399593411656843,0.10926478607535317,0.06170178521796407,0.10092506521386208,0.11572501033282567,0.10392355046937989,0.12781188852175748
0.1792440242025417,0.06711647447916501,0.13430270441009506,0.10892275708337414,0.06529390448109655,0.0977569715878356,0.11575673889991639,0.10378385393419716,0.12782257092177837
0.1334742567318347,0.06221425676885254,0.13293205009578832,0.11251386675749242,0.07035612289407119,0.14067097548103297,0.12059132057738513,0.0946040515717016,0.1326430991218411
0.16341808251571796,0.07329005294202874,0.11988761212834236,0.11504099448700499,0.030790884314142175,0.15920459383758495,0.11465923564354086,0.10402322197237024,0.11968532215926762
0.15989351164832474,0.052924035676490816,0.20982633167348452,0.10536849287009797,0.08825322948262933,0.06094246301444236,0.11688965431960856,0.09199483577453965,0.113907445540382
0.18293600739232352,0.05769725474372622,0.13272594554056025,0.10611355425469149,0.10072429080844536,0.07847805558435371,0.11505102930363398,0.10159850026535457,0.12467536210691103
0.17493229967605248,0.05454770917991669,0.12905719592520784,0.10498010172763307,0.13579792043074054,0.06463268602645038,0.11514342903526976,0.09989945279340146,0.12100920520532782
0.06781044460921232,0.047570796107918006,0.0901433955484386,0.10774724482735387,0.32113245900753734,0.07111709689528649,0.10755232495526441,0.07224693718451199,0.11467930086447693
0.00100936151357231,0.13995792690504213,0.02599143519983588,0.18440510240283245,0.12681927761210196,0.0796819888312504,0.11800486418596094,0.29985228252058044,0.024277760828823502
0.033806186963680145,0.431056696114136,0.08458359543600664,0.10696938229867088,0.012596414350901973,0.05204890861294517,0.1035688000156257,0.08477661669359306,0.09059339951444034
0.17081693087370828,0.07030572416102769,0.13263077233662904,0.11087185407660162,0.05262322469682481,0.11505437927588402,0.1162256477694169,0.10332841323122594,0.1281430535786817
0.17198767636318993,0.05374458683449582,0.12761017215829978,0.10469287872956494,0.1464481263165709,0.06136006558643361,0.11512181920949538,0.09934457851773366,0.11969009628421591
0.11518138653190645,0.04422956086411681,0.09601126251250465,0.10083250315872976,0.3188226485903644,0.030886398125209297,0.11280322092282596,0.08839413063101531,0.09283888866332735
0.1481708056502804,0.07597148628769107,0.1373251544403564,0.11113683141787016,0.0867731044718222,0.08133502406224519,0.12070951121552582,0.10669843238925474,0.131879650064954
0.1525480655659429,0.05404103819843997,0.12875677521575732,0.10672416840044985,0.14922004505659212,0.0708081575893267,0.11812235729090864,0.09666923531709792,0.12311015736548463
0.06280392053977212,0.04926153667694738,0.19883851711900377,0.11821560362939167,0.2005104041182173,0.06583557242828549,0.11770196756160274,0.06952664005743286,0.11730583786934666
0.17955650583102986,0.0653767548043839,0.13485088217317423,0.10807042973856552,0.07445417208575487,0.09049907024267416,0.11589089016521574,0.10351271719513032,0.1277885777640715
0.15766535812136387,0.07901537919116135,0.13668649764579605,0.10990599138299563,0.09224791301663077,0.06994759714258558,0.11967518794361913,0.10479239802440521,0.1300636775314424
0.1555971660026891,0.08927979986893697,0.13803944274644797,0.11164923462050852,0.0641579498208128,0.08313579364994902,0.11945953885781797,0.10621846181156569,0.13246261262127199
0.05268747114500555,0.055337020584563086,0.11731984615122011,0.11447606016930623,0.0944243845199104,0.23211247235360263,0.12905559764794228,0.07331410716171383,0.13127304026673595
0.1599770591831031,0.06905647765040683,0.13322833309511553,0.10816588536818465,0.11883098475715968,0.06295425604396829,0.11876919618778087,0.1028754175489048,0.12614239016537623
0.16852579717862817,0.05290278503379111,0.12586924865861215,0.10438666520293045,0.15834864099172533,0.058054020347596956,0.11507269062023955,0.09870241022910407,0.11813774173737213
0.041570008260385094,0.08537836508878716,0.22601563665352395,0.14739406986408776,0.0791699391192945,0.058971534577689444,0.17044928228696002,0.12170618949327668,0.06934497465599544
0.02916681823782762,0.04800740813477813,0.09901657208054475,0.11086099819274242,0.17049426321289096,0.24334084156824373,0.11976578853923157,0.055663830192404805,0.12368347984133611
0.10534006048028453,0.052457628170628066,0.10223185259485118,0.10433499091027602,0.2928777772254237,0.034627737047888116,0.11797998023576424,0.08985678177888139,0.1002931915560027
0.08897569602780137,0.09184663573111096,0.11338979930996322,0.12251161067420258,0.035209899373113994,0.20856943462638977,0.1200153187911918,0.0896023333844329,0.12987927208179342
0.054837532621486794,0.3355340471228529,0.10568320842781102,0.11047765386187743,0.02717570238576859,0.048318868713020414,0.11393808770414855,0.09598473101545257,0.10805016814758178
0.17743838028615003,0.06774756998752036,0.12800405707213278,0.11114100246192489,0.04365536181496755,0.12953105755031236,0.11455733738328973,0.10371194445758196,0.12421328898612034
0.15004080264305772,0.05019486177874851,0.11926662248397457,0.10237119091759143,0.19405806518093174,0.04982332494216784,0.1355529776701785,0.08807568881334354,0.11061646557000615
0.12483795837567362,0.05367937754633808,0.11829749314577186,0.10855667898961395,0.18537208171342254,0.0803243521304253,0.1146196967928,0.08769371140750591,0.1266186498984487
0.11779730972009748,0.04453748941085683,0.0975030371272834,0.10096628338185631,0.3115720709564627,0.031784673807965354,0.11296582451142152,0.08873016983046429,0.09414314125359212
0.16146904439657475,0.05244681730583173,0.12498687515957911,0.10468630353780776,0.1670542799509432,0.058032851463265984,0.1157755778624887,0.09761367333889637,0.1179345769846125
0.18148344184823184,0.056916990159202006,0.13210786833527496,0.10582611885826333,0.10843524274173356,0.07491155878234616,0.11509348441746114,0.10124071333609634,0.1239845815213906
0.1845429607094531,0.058904435787259755,0.1333216556516028,0.10657953021862744,0.08995727113440415,0.08418401726671328,0.11497174629705216,0.10205465530722814,0.12548372762765905
0.11165354009985963,0.05958188322674631,0.1279854422759432,0.11332948844432345,0.10041497405588451,0.14341607900068457,0.12069175508873725,0.08728604820729095,0.13564078960053016
0.15117994135758986,0.05219278412731456,0.12460182348453996,0.10543202646603826,0.174320226631095,0.06040378344331845,0.11711579784861414,0.09608731393229465,0.1186663027091951
0.1748585691350225,0.05636249212323511,0.13178772135639213,0.10613815854248947,0.11587669903925595,0.07465564950964679,0.1158698765970403,0.10023358031592637,0.12421725338099138
0.16630826202352914,0.07500672600079901,0.1367740839552226,0.10954484058980278,0.08001744223861482,0.07946034974538048,0.11822099922711397,0.10464226280714119,0.1300250334123961
0.17977603846336923,0.05948247347359079,0.13122851617693268,0.1067205681828638,0.09199981132467984,0.08250076619604908,0.12134280831090467,0.10164657368002562,0.12530244419158432
0.14225555870710316,0.06816514077652625,0.13116952110001626,0.1114725407277457,0.10843784165393655,0.08916506541101528,0.11873419100198519,0.09704415204472648,0.13355598857694506
0.16706249490320982,0.05257337139563126,0.12512600293666112,0.10426431499345973,0.16321859063579136,0.056789656735059944,0.11504506250879282,0.09843922992450534,0.11748127596688862
0.08571184026576502,0.16646207199956456,0.12659193421486245,0.11510116399618693,0.09300906357086434,0.04427995259579252,0.14926064968773886,0.09682795923240761,0.12275536443681767
0.1813877430374895,0.05687708143915928,0.13207346001689213,0.10581044223249562,0.10886233552080944,0.07471662913551413,0.11509529148230109,0.10123323469743234,0.12394378243790642
0.09590906605433847,0.17457765352275245,0.13089689483940034,0.11637153972230886,0.03213572568084288,0.0854426497558163,0.13977651095296986,0.0949779866374259,0.12991197283414505
0.1746914759319078,0.061616478913566856,0.1337149524268703,0.10874714867377855,0.0720313905461427,0.10392861671509913,0.1161278474170254,0.10123909225343107,0.12790299712217815
0.15313447616316883,0.0498560640536427,0.1177398333217591,0.10320488392812564,0.20730076070155082,0.04718597082182005,0.11463905293646097,0.0958108408062645,0.11112811726720738
0.1508462196265107,0.0846972634549537,0.13231265146124696,0.11416963370811069,0.042136235206581475,0.12337297339524396,0.11814795179775948,0.1038731623330622,0.13044390901653083
0.035621851950066986,0.04697071883606954,0.06775894388866155,0.1141622446027337,0.3728383613759916,0.08107988762721992,0.10460040398912678,0.07015287120914826,0.10681471652098169
0.06099922418981927,0.05056666641748914,0.18550075362861018,0.11212436359717733,0.0876515248100118,0.09042298017106042,0.1039458152487324,0.2238389832886154,0.08494968864848411
0.10683292625224862,0.10774296480741953,0.13045445938512368,0.11679035901441419,0.10946412100366835,0.06747330567156788,0.12338360953877592,0.09938628127824291,0.13847197304853898
0.17295978484115404,0.06341623373646384,0.13271266878842866,0.1096677885139476,0.06174517343338328,0.1142777455944769,0.11601606448825562,0.10142166116244793,0.12778287944144215
0.15761741727530162,0.0782897053007977,0.1364524688335517,0.11172847019547948,0.06039999107012398,0.10103632538687345,0.11875434121082058,0.10362087595185394,0.13210040477519758
0.11434180682599311,0.048463425306179864,0.10090748764077685,0.10262660448330814,0.29703432550022985,0.03354498720073652,0.11532562456261104,0.089850330599812,0.09790540788035255
0.14617938897675323,0.07300219218502882,0.13028788351224055,0.10894353900133631,0.14064324914032747,0.05381579278154155,0.12047874919458162,0.102647528103131,0.1240016771050595
0.1845638866044763,0.05902538750901381,0.1332825162747264,0.10676467752134393,0.08922371341867864,0.08450218060016462,0.11496408494050538,0.10226148110798111,0.12541207202310978
0.1590666692671855,0.05272100747599112,0.12281406503722454,0.10453908321112594,0.17642770938555954,0.052258669500105236,0.11518651444591754,0.10207735159737484,0.11490893007951569
0.14470336771064563,0.053525719112965726,0.12125092155662949,0.10676503984440998,0.17453104715218837,0.06913620328399238,0.11383858911242022,0.092598006900613,0.12365110532613525
0.08292645111375474,0.14450685950561806,0.13217659734409573,0.11952032854069951,0.07363674706585883,0.08000610376251975,0.1263246625886835,0.09708428133996123,0.14381796873880867
0.16251056979154851,0.06026327904481418,0.1343222736820928,0.10927334789051409,0.08309982379207138,0.1041524719165205,0.11781520285996115,0.09911850393867061,0.12944452708380685
0.16558918234397355,0.08064518728079016,0.13572729798118308,0.11130348039051768,0.055069474465778,0.09815806636504609,0.11751697953516849,0.10551392536682669,0.1304764062707163
0.06941867888954521,0.05690897289749758,0.11881633037874322,0.11372212341198364,0.13980010883471486,0.14628112522111295,0.1521864178728717,0.06878504122354943,0.13408120126998138
0.17293286116860865,0.06377608450283259,0.13257744822071316,0.10963470457430592,0.05988134496301073,0.1158530121857626,0.11595161632340796,0.10162823456905805,0.12776469349230038
0.15219778988923802,0.049694735938805724,0.1172326344101187,0.10313796156578002,0.2101474915613035,0.046651175193572564,0.11460361725692192,0.09563897929276333,0.11069561489149626
0.08944099784831006,0.0553243038921318,0.2569666924715781,0.12305785552709407,0.07318821964878151,0.06749620137752656,0.1333649526808087,0.11084875200641625,0.09031202454735289
0.1698531224560603,0.05321314517631489,0.12653770925372343,0.10450085520622888,0.15386369830204247,0.059263748169152475,0.11509450175154512,0.09894115542990056,0.11873206425503187
0.16300852401628893,0.06644126349982937,0.12968699605386402,0.1118109537885535,0.04874761751844875,0.13613241784201166,0.11632629912783087,0.10073975187142337,0.12710617628174953
0.16483281199963198,0.053093443627805194,0.12528668361235237,0.10446711335964796,0.1631712873383638,0.055804754021206,0.11509685042780733,0.10111482553824058,0.11713223007494471
0.178874787136037,0.0650208609724755,0.13125810094438084,0.10976310017985609,0.053732966427904684,0.11701880438801888,0.11500777855860216,0.10315006835011205,0.1261735330426128
0.10104899665104043,0.06430762426645642,0.12577835023572367,0.11545660216901653,0.053729003155151965,0.1985584889597121,0.12162811823691688,0.0879291884631818,0.1315636278628002
0.16854985134814507,0.05290830695447621,0.12588141231853756,0.104388705690665,0.1582679653220249,0.058075387095883724,0.11507311409410544,0.09870673584591326,0.1181485213302489
0.11807582738155499,0.11846255101507773,0.13757927518254365,0.11633406675739864,0.04755081264800812,0.09764003859970617,0.12305592442140369,0.10349351434893173,0.13780798964537527
0.054604789669356175,0.061166070920498194,0.08213685260655582,0.11206143737332967,0.058055452613782456,0.22108664596359984,0.10849033230671908,0.2103217999577852,0.09207661858837361
0.09917363949835874,0.09265836694390706,0.12109866170652904,0.11459671832964946,0.17202626954025732,0.05364711520397387,0.12059819989508995,0.09517002008439603,0.13103100879783855
0.16455210770952663,0.07196473025856857,0.13569229344985725,0.10882594749711821,0.09653066272510447,0.0714298158681818,0.11847751218072962,0.10391828836178042,0.12860864194913302
0.02938486882989218,0.05729176327484298,0.09400472785905824,0.11628590202929234,0.045408239615047176,0.3606723507206384,0.12086550110587417,0.06158802122173382,0.1144986253436207
0.1724877862313737,0.07104193354354042,0.13191144523092527,0.1109784739929035,0.049553701323694306,0.11662869873088473,0.11584826253309995,0.10413177521027277,0.12741792320330536
0.16699515105651563,0.0644633289369288,0.13190174168368196,0.1106307790084793,0.05697105050320084,0.12373938615343737,0.11644267281469524,0.10078484275698336,0.12807104708607744
0.18015655830628663,0.05633407732779399,0.13152595989938695,0.10561424286778305,0.11462884584602921,0.07228510647284404,0.1151182523238488,0.10096214448885754,0.12337481246716968
0.18347963523095165,0.0641760833660273,0.13176652389103458,0.10902703383746139,0.05698621518523821,0.11066633187770425,0.11464151594654741,0.10332346080156835,0.12593319986346693
0.09956141795460847,0.05407848544379577,0.11243342645048378,0.10422350988626285,0.090308400579293,0.117954553706266,0.105167253632865,0.2181365689724595,0.0981363833739657
0.12371169927194776,0.07118882372311956,0.12824781320600087,0.11053256141006446,0.09291581174258357,0.09387682002705185,0.11088819216505326,0.1485143036763805,0.12012397477779813
0.14103229671107415,0.047872012975664735,0.11102883816038435,0.10236668512755646,0.24367630334084556,0.04095974395965236,0.1141328227617433,0.09347245205417115,0.10545884490890788
0.07430461898664706,0.0649119461249356,0.10087221449375768,0.11649024711763149,0.19626761672364,0.1162649175906918,0.11847055081091724,0.08011658218409219,0.13230130596768705
0.1854675252157616,0.06039110010975517,0.13351298091900976,0.10719366631383931,0.0785513523756093,0.09141659297802812,0.11486556538432578,0.10252638119880397,0.12607483550486706
0.17874719214441107,0.05577728104599151,0.13086409429559917,0.1054177192883049,0.12082790508891371,0.06986930215107129,0.11513580410470942,0.1006364660264168,0.12272423585458214
0.015327599383312357,0.07907918757412796,0.053595694119555205,0.1362372570259328,0.006901927955144449,0.4479103529533508,0.1292110778516077,0.06667682547537869,0.06506007766158996
0.14311511576957436,0.07663281492923972,0.1331120070037782,0.11394104653302173,0.04964060773198744,0.13171704876694526,0.11932300283404963,0.10031165187324316,0.13220670455816044
0.0235274803576362,0.12360576388792278,0.03516038017976703,0.1702420475137825,0.004960243357144983,0.396153259025193,0.1121698504982554,0.08587597325578084,0.04830500192451736
0.0728912885845205,0.06674669493529227,0.10463749121121342,0.11933259668807135,0.053917859361701036,0.26067427890753453,0.11878170322553228,0.07670087933950955,0.126317207746625
0.12885610097535136,0.05972367201337451,0.1338262363789302,0.11192036714656961,0.08950759482862869,0.12741041804581443,0.12192804380500245,0.09358661610497192,0.1332409507013568
0.17533815166997568,0.056615019034778925,0.1320593684638096,0.10624095012234051,0.11315012961530924,0.07587263523527808,0.11587318349250457,0.10034016472275241,0.12451039764325096
0.1797042315033266,0.05614281524982736,0.1313079824734391,0.10554760303810108,0.11670544324662535,0.07146327610730936,0.11512526502923388,0.10084183701805832,0.12316154633407894
0.18550101362454738,0.06056109536907845,0.13350141761935605,0.10726666182836841,0.0773706869975921,0.09224963612619642,0.11485367033802407,0.102579337140087,0.12611648095675002
0.18544474216192008,0.06165351384258853,0.13324840796670945,0.10776100788943775,0.07027208135177238,0.09774003664839966,0.11477855236999403,0.10283638243866085,0.12626527533051732
0.16039699893998435,0.05465336592241099,0.12972498193160467,0.10641675684633894,0.13931084908011512,0.0709845456578371,0.11728051712136135,0.09792389179998555,0.12330809270036192
0.17935590981656713,0.05600844054479768,0.1311504612850171,0.10549930249863602,0.1182115568300739,0.07086898571936161,0.11512939881260083,0.1007724031923416,0.12300354130060416
0.11180488136027045,0.06402593166442377,0.11941191682084358,0.11576565919789776,0.07896430100516601,0.16935353287762764,0.11943782834508902,0.08730387314845578,0.133932075580226
0.17920985518752572,0.055958280584303806,0.13109183578604358,0.10548014089324227,0.11879664536445494,0.07063337667120258,0.11513056336855004,0.10075821065437192,0.12294109149030508
0.17528831485171956,0.05465132476879476,0.12922844716012402,0.10501712031431755,0.13447133191445707,0.06506526979441009,0.11514464689324995,0.09996521095243667,0.1211683333504903
0.1740927200624264,0.05924189573914838,0.13403673025455373,0.10756148311925834,0.08938294175105,0.09114694335809985,0.11636965943641829,0.10075131749490324,0.12741630878414179
0.1664034375465351,0.07379299233081807,0.1365304420521306,0.10928191857350249,0.0843552657211956,0.07734712391699176,0.11822823678391636,0.1044236982801316,0.1296368847947784
0.06179676827677285,0.04707548598104578,0.0937851578005791,0.10261283741173265,0.2166555982462223,0.08037743389323725,0.10123192202131436,0.20608541604556174,0.09037938032353403
0.04657791692795341,0.0971402542183426,0.09381334357460247,0.11072838234700111,0.07418241883294045,0.07189640322746642,0.09781468439679053,0.33086583625509525,0.07698076021980778
0.12126766208825925,0.08012252747652927,0.10112117624321247,0.12348477970010528,0.02615298605575588,0.21820528127979852,0.11708178131586762,0.09889496069048824,0.11366884514998349
0.11590795068841937,0.09364538517717545,0.12391420709753213,0.11951699831832978,0.04212588449947321,0.1529487156326077,0.12021767375473043,0.09749983805263328,0.13422334677909872
0.1649579437929581,0.06132824675838328,0.12874995361483302,0.10994356107049236,0.08608078451885033,0.10486929950841657,0.11582625357223071,0.09833395609389878,0.1299100010699369
0.17668843250303898,0.05507737616219138,0.12989550785142187,0.10516914196593309,0.12913887117320452,0.06686394482490567,0.11514594806540042,0.10022597183437648,0.12179480561952767
0.1838830101115135,0.06384044757754616,0.13201514459675376,0.10885206862158421,0.05852281175814892,0.10896966941273907,0.11465479822734304,0.10324066196874286,0.12602138772562851
0.16061696539516337,0.051232055115696284,0.12175518005359587,0.10375572149128305,0.18408076805386572,0.05189232465588109,0.11488723440067887,0.09721958479455996,0.11456016603927581
0.1846774037213835,0.06300926362472399,0.13259328506908083,0.1084191798521099,0.062645443166866,0.10464957068739966,0.11469724680962286,0.10311544057023998,0.12619316649857315
0.05635951533057931,0.06178441266135055,0.09588551947711817,0.11477776737307,0.05257541998652526,0.28508904505269045,0.11310486251135425,0.1097395611007258,0.11068389650658621
0.035404638017844124,0.09678097583335725,0.06244056266088382,0.1615526528099705,0.16683336377484825,0.05021264382452876,0.2290994676889916,0.1296302287971787,0.06804546659239709
0.1632575491092306,0.06340863728515965,0.1328644096909844,0.11052137877325235,0.062558984723729,0.12129756077450253,0.11711698884184281,0.0998992041527373,0.12907528664856144
0.06898498125409923,0.06196419723005774,0.11469404809619033,0.11631683056534392,0.06220803048598363,0.24884785427513148,0.12050273425595531,0.07565330812974252,0.13082801570749583
0.06326271198598431,0.058679232308421585,0.10771701324791276,0.1133000607234879,0.07624946688646239,0.24035158392455125,0.113570384779093,0.10794872217905045,0.11892082396503645
0.07266995198420617,0.060570598592710134,0.12404164352650393,0.11562569312471425,0.07655147028015136,0.2093780226473557,0.12645600209265406,0.08047756703199449,0.13422905071970995
0.18442982080319528,0.06329984201538069,0.13240224618604446,0.1085689996615497,0.06115529479310885,0.10616417803029092,0.11468138098303197,0.1031556183721782,0.12614261915521993
0.10555592533816953,0.09026574228151611,0.12229215516851376,0.1202083288943714,0.0695285885747131,0.1340213806480782,0.12404438288788806,0.09414733919246954,0.13993615701428042
0.15430648119986243,0.06679389552725856,0.1290292451733317,0.11268610578441689,0.047598727102600935,0.1455307345576346,0.11704062166782725,0.09934028065334892,0.12767390833371872
0.16903877691372582,0.0650068893221407,0.13374066386314265,0.10749842336474029,0.10915033978596106,0.06911841088639431,0.11747082706078044,0.10284272894901834,0.1261329398540965
0.1752872493635332,0.05656409849006153,0.13196901621844737,0.1048501828053071,0.10966804053913766,0.07449281335912032,0.1324905876986359,0.09259501886947301,0.12208299265628403
0.1559899263849373,0.07250335719193744,0.13655464685696242,0.10996551863870581,0.09329583625071795,0.07849623254999781,0.11977045381441513,0.10262259103579156,0.1308014372765345
0.16097985083639477,0.08100961657202146,0.13754251724746344,0.11043240680719214,0.07525960142662512,0.07919510091790789,0.11900852028126212,0.10536231404677009,0.13121007186436293
0.17606773763176062,0.0654449393738613,0.13076562581957715,0.11024608754507365,0.052038340109782776,0.12139237180963147,0.11522098242802943,0.10256902486449475,0.1262548904177889
0.010751551656470742,0.09701190058631466,0.048684555320999544,0.1644080477461275,0.0832153067090434,0.06360479404990159,0.21730153864130375,0.28007737461024873,0.03494493067959005
0.15539681420163484,0.051211676761483214,0.20965553149758612,0.10448598756581795,0.10389195511186315,0.05535359090951706,0.11707430121298923,0.09112238267982335,0.11180776005928501
0.05940803215484066,0.2948964500678221,0.11188847470066283,0.11286543491490507,0.04405127821805691,0.043704865036044684,0.1202270135477093,0.09917662374691776,0.11378182761304063
0.008640238192708044,0.1913238083857561,0.05727325714094436,0.12078646579265795,0.1651374386381174,0.05678303509226082,0.0893035291320956,0.22798847655022836,0.08276375107523144
0.15903399642463015,0.05581656629913448,0.13158977044421524,0.10729556372587606,0.1260946672365911,0.07864852849115504,0.11792992472581855,0.09794105594875528,0.12564992670382413
0.16557575510779665,0.07919576637897906,0.13006459383714244,0.1129603218403581,0.040346869642131605,0.12350275607219269,0.11616192263905517,0.10523654981546855,0.12695546466687568
0.14244596714840993,0.05080984719297235,0.11751537850593853,0.10474441012561396,0.20667811756743037,0.0558736941149462,0.11290607833634303,0.09200666704046488,0.11701983996788072
0.13160846622242653,0.06751982884718538,0.13119305900866382,0.11023194745373166,0.14458339017732919,0.06614374821670611,0.12273380195256482,0.09846552728840367,0.12752023083298883
0.11881802359170875,0.10144799562338754,0.12978318802253988,0.11260217876881673,0.13485812065677924,0.04662818716094105,0.1254550015456689,0.10463594465541355,0.12577135997474428
0.12196862903882842,0.04510068190673594,0.09998409584995303,0.10118885036930104,0.29951961364121615,0.03324220862301364,0.11318509508465925,0.0895947360622645,0.09621608942402798
0.12450488561926515,0.0596732697415851,0.1335546841490732,0.11224556956690206,0.08970659439678447,0.13150760258933972,0.12241829212583755,0.09276854532152541,0.13362055648968732
0.17442595949547854,0.07160259125625838,0.1309861400151426,0.11112205379370287,0.04695942498973841,0.11845850687793502,0.11546247504317105,0.10438614120496352,0.12659670732360953
0.11449675880241572,0.044549968456953686,0.09776012559185061,0.10127029162980133,0.3125681375448124,0.032855836327549626,0.1136085057121371,0.08808528357478458,0.09480509235969507
0.09107128756305743,0.09606395615710166,0.0777961712289938,0.13636640497312244,0.011570877531074409,0.2806647771686234,0.11516034403720743,0.10120314886844693,0.09010303247237254
0.11660053790336387,0.06828218418668636,0.12369052345995796,0.1138672752128647,0.04052249311680874,0.18282524867210434,0.1429031078541031,0.08494033184520104,0.12636829774890987
0.1392432988700543,0.0709590285174543,0.13356455930788122,0.10859118906572002,0.11545421969210723,0.06893669277723898,0.14637603640260488,0.09105327695348087,0.12582169841345817
0.14993624595798363,0.07382639270831132,0.11826559698139853,0.11643983726608864,0.029779110354830284,0.17469452841245894,0.11552364097639918,0.10162329651143327,0.11991135083109616
0.15294874037429781,0.09426926278792853,0.13758915171306293,0.11251309291885363,0.0550998494519551,0.08890734756138345,0.11932098321256734,0.10661490859930896,0.1327366633806422
0.029266601422069344,0.06642623313284611,0.07617599722657035,0.13226969481695502,0.09543108008534462,0.30883191098072516,0.1172943795798545,0.05599088139678984,0.11831322135884496
