0.11089150936740876,0.1011118937327619,0.07815675738787249,0.08887047470291247,0.08639995894502879,0.13943459738481503,0.17266325238053545,0.11652524699215801,0.10594630910650703
0.1112207822650179,0.09750759265213842,0.07766817745339566,0.09401465191369147,0.08597294652213798,0.13773633715071196,0.17012536614846366,0.12004800462970104,0.10570614126474193
0.1074223465535555,0.05760567803679544,0.060990257466476926,0.18093672139674088,0.0752584885867485,0.10578129773933802,0.1271860893422109,0.19053267928010245,0.09428644159803144
0.11831144981964765,0.10034118199137393,0.08845593541292536,0.0959787368839616,0.08940979689483247,0.14503500421857876,0.1527495628157893,0.08850039455890951,0.12121793740398135
0.07649366250754554,0.07940261028481754,0.4696165690586687,0.07062501957155265,0.04264808304973323,0.026786306945935524,0.004142391807590398,0.14716056918533885,0.08312478758881753
0.11637929258093255,0.09974473483622742,0.08312829015240267,0.08725580080488271,0.08571473782251819,0.14204900282665536,0.16828376572087603,0.11092461254399748,0.10651976271150758
0.12303423096798577,0.19790354927676915,0.21945502563081565,0.14764763214774998,0.039743008820402714,0.0015010088662426836,3.2097708972572786e-07,0.001774100640898061,0.26894112267204623
0.12685389962807844,0.12444306874272686,0.1051763499066306,0.07181843557716311,0.09559289536808524,0.1571818518317596,0.12070851899215557,0.04788475147380103,0.15034022847959952
0.1109215159384027,0.0936582180153896,0.06922870160298523,0.10310125989631808,0.08541124132827638,0.12693443547544828,0.15817830840843347,0.1506760240247497,0.10189029530999655
0.11327585758165555,0.09724336701273305,0.08180769818484655,0.11002022584148576,0.0846840137712269,0.12371987508872628,0.14670828427259172,0.14456156910523665,0.09797910914149748
0.1402784703069797,0.13797826119134685,0.12079492388821537,0.09168695197673886,0.09892249995522935,0.1325921257590713,0.07848114800577843,0.04758844779274098,0.15167717112389908
0.06594564767071111,0.12707055510915125,0.38610637797244457,0.013983509686385905,0.05420527177198331,0.05438344311606558,0.022600306349653654,0.21367688909458862,0.06202799922901603
0.1115822220823355,0.08900448981921782,0.07586400006003723,0.10779749528715149,0.08468775459440107,0.13276187389730962,0.16349676811401756,0.13011673248827485,0.10468866365725493
0.1260361581332591,0.12362231238429207,0.10411031454268489,0.07224311276576197,0.09519813322494612,0.15708132568728717,0.12410921978974347,0.04980213433753399,0.14779728913449122
0.08023610550579942,0.056312407422444345,0.17181216575319577,0.08057143984469274,0.06341536393212674,0.07743316273631719,0.07457745978305697,0.32015558806954714,0.0754863069528197
0.11111864800169481,0.09334811484763565,0.06876576291697852,0.1040831430278486,0.08543270789953367,0.12629036051030634,0.15666779843163045,0.1523725569340261,0.10192090743034575
0.10230094513328476,0.08002017144763206,0.09186937993275653,0.10404611719722172,0.07859068845057923,0.09990834354092511,0.10972284775103147,0.24253620572485687,0.09100530082171221
0.12396471758323217,0.13894404800584922,0.11613577189188312,0.06929572136342568,0.0931529872914682,0.14535454296346703,0.12642702541119574,0.06406421056470725,0.12266097492477152
0.11087099654403297,0.21187025754224642,0.39070476302198837,0.038124226562418685,0.04028565084775606,0.009267617221778235,0.00011380263390206146,0.041299348354668156,0.15746333727120912
0.1146869307593703,0.10864111229828471,0.08682606178257203,0.08102225308471983,0.08887549654362288,0.14905901929943255,0.1667608478123026,0.08842506396134957,0.11570321445834554
0.1060188666654534,0.09902164687514303,0.1374274592619845,0.06828929620185592,0.08496289259852151,0.1370307993106357,0.14029155922555658,0.11569596625524463,0.11126151360560475
0.12006913805476227,0.05289350804117438,0.06758371523440466,0.19769550897997779,0.07480341039603088,0.1089049477234656,0.11419145494420528,0.1630888768890665,0.10076943973691271
0.12076866838674505,0.18063557534401667,0.34090516919742236,0.14284689318397667,0.05042106103542712,0.019438877684993177,0.0010619400416585116,0.002499537639448851,0.14142227748631153
0.09303129153458463,0.07589802574630103,0.17494694827242308,0.07022248011107411,0.07475893216405732,0.11335178462379353,0.11723584999585902,0.1874528620430513,0.093101825508856
0.11348342657834731,0.09028187374275555,0.0647674217498847,0.115170723688983,0.08591842476075066,0.11857835615141056,0.1386551087640118,0.1696324425747747,0.10351222198908178
0.13812523762387413,0.15637872067177597,0.12959522530540607,0.22277504827074124,0.058167993316784655,0.0007349064635411379,2.233696600909603e-08,0.00011399458029285804,0.2941088514306179
0.1567169731322163,0.10291977069131138,0.08234829702561774,0.10549080519294891,0.3471576763045537,0.026989361513980306,0.0012150962648355588,0.0010444148626501532,0.17611760501188586
0.1248380634036423,0.16141280197823257,0.16552348225536787,0.06356517142221631,0.09155659905793574,0.13656276495369646,0.08803096079649292,0.027190009603441565,0.14132014652897432
0.11279268969422511,0.08643568821517846,0.06419929017815063,0.12025231779554939,0.08481508624207496,0.11689468786798429,0.13774780248444343,0.1748841234662848,0.10197831405610902
0.1112560368518461,0.09760070798564983,0.07779007767548742,0.09389268756897812,0.08600199196802333,0.13786913331505454,0.17014270531367237,0.11963198849938106,0.10581467082190717
0.08133063394087979,0.06394827000415827,0.21720965771916498,0.06233715660238054,0.0659274050987627,0.09502349801934129,0.093488818124583,0.23955756311942875,0.08117699737130078
0.11027895701438913,0.09711363696289882,0.07346753752925078,0.09517635079320601,0.08561662946454957,0.13341926007164315,0.16839345685966467,0.1336528437403233,0.10288132756407453
0.13103047828474876,0.11276534222501683,0.10499398895066171,0.08837997590951822,0.09617133520976268,0.1511759928262504,0.10966881770492537,0.04996160761055602,0.15585246127856003
0.11493512197519168,0.10976029204403746,0.08803342198810388,0.08033900492794181,0.08921025609587047,0.14900163469189218,0.16512578560247146,0.08634312495474895,0.11725135771974216
0.11343493269691006,0.1047909471475068,0.08411235152302537,0.08542853183579424,0.0879248754628807,0.1451825965588633,0.16868225707356377,0.09801274499037212,0.11243076271108364
0.12104555895283681,0.25036806698654845,0.2751369748201878,0.0780326773312038,0.03916965883554665,0.004714909084265539,1.3919313617284554e-05,0.012249761029190011,0.2192684736466035
0.1088684542301494,0.28252746350541874,0.14729453831670467,0.028046266265425678,0.08664161725887258,0.1089501033305069,0.09217099952258649,0.06941000426248377,0.07609055330785168
0.11128148361329131,0.09296369539039906,0.06830837396822748,0.10518315454448653,0.08545129052646816,0.12543195320531572,0.15500092913311375,0.15441249373124188,0.10196662588745616
0.09069852408295369,0.07991168538842414,0.02345811176072733,0.5433273643497828,0.05273227677237091,0.05234502664784052,0.028301377108444385,0.04700526863258395,0.08222036525687237
0.12629918607939725,0.09494886381466085,0.09398728416878512,0.1135902929195407,0.09201144062653005,0.1426549170949093,0.12518981459451817,0.07392316708175277,0.13739503361990588
0.1018011096013351,0.08850427785648146,0.11073099546048275,0.08004607655043473,0.08125384331021146,0.12618984425721624,0.14879652302793936,0.16622249154021781,0.09645483839568103
0.11250096248287063,0.10044428168438152,0.08124797559771026,0.09058674531093214,0.08694594020635645,0.14153026548312042,0.16934259049110534,0.10808900497086028,0.10931223377266301
0.11118837920988738,0.6238688836244142,0.11249739774720126,0.0016349616430564311,0.06344649223166152,0.020456883344153794,0.0020724472008881107,0.001601223403432389,0.06323333159530496
0.12025768343115334,0.20579116142683215,0.12543956039939377,0.04358642049061204,0.09308523647229226,0.137175660429512,0.11004759820713951,0.05553627420473587,0.1090804049383291
0.12236245123037971,0.09091143829986652,0.05940551440834874,0.1426850133105552,0.08757344821045913,0.09640613433120244,0.08447762493050992,0.20546199258806538,0.11071638269061292
0.1056836207072196,0.39655464892458775,0.141769702174948,0.018118927205048225,0.08477206997549847,0.07126297424212315,0.04391071142842876,0.07988596070557973,0.058041384636566336
0.12468963259874404,0.14281056478503784,0.11087559758312422,0.06480840104665808,0.09493378626374487,0.1504592563726684,0.12336494863688378,0.05519532708117736,0.1328624856319614
0.12409926070822079,0.08714774382489926,0.0889808990708411,0.12708051857890865,0.08979886632698512,0.13760981139596437,0.12835627555594023,0.08638008710965171,0.13054653742858893
0.111168909433471,0.08421490710028606,0.0654367899767299,0.12014266284115145,0.08363354524040001,0.11884006587127106,0.14515352909357992,0.17145791493957788,0.09995167550353264
0.09636806239086386,0.33334050605825866,0.43500823758433554,0.00568842823879374,0.039766103074842594,0.011605821883794306,0.00044358660918466185,0.004671534146655245,0.07310772001327141
0.11155322680820227,0.09833191560288816,0.07874374648275834,0.09297319155434114,0.08623842489266849,0.1388874982971998,0.17015708271379712,0.11641550532476014,0.10669940832338463
0.11035588324457964,0.09357202857035914,0.07306206390603871,0.10015723766009486,0.08502032111308551,0.13187546475835354,0.16634903353746258,0.13723848501255628,0.1023694821974697
0.11412427604520146,0.09863066841368284,0.08303493703012674,0.09453327409004204,0.08736737876860033,0.1418469455448547,0.16437999746822024,0.10390176706732683,0.11218075557194485
0.09780481396353162,0.09018595455462873,0.04645413779102536,0.29648890866590477,0.07201031484459841,0.10633007341923745,0.12724394291225247,0.07531123831857973,0.08817061553024141
0.1113169157131128,0.09775791127266363,0.07799563438867609,0.09368935256748641,0.08605158718956556,0.1380917021218295,0.17016386327282174,0.11893298511616673,0.1060000483576775
0.13169883429757437,0.11814159892707377,0.1075933521351186,0.08162306692174744,0.09694587953925472,0.15308354174531721,0.10552696938605617,0.044962616657559656,0.16042414039029804
0.09610972259979327,0.0698188063453416,0.11551780276826767,0.09811536188989252,0.07413213959702081,0.08709096534786825,0.07899898917695984,0.28995736744813455,0.09025884482672152
0.12609717156624256,0.11301216344575121,0.10060013958143778,0.08472866218601498,0.09425036384749146,0.1524571387025527,0.1271620063518455,0.05848039555915585,0.143211958759508
0.11173914691919305,0.0921873242752785,0.06731868618682775,0.10766620945348689,0.08552617872288076,0.1236270653788563,0.15108993456594547,0.15866527379480666,0.10218018070272454
0.143966583912663,0.1481379251951798,0.12840336061252597,0.06625644795744841,0.10180670520417785,0.1389325320882944,0.055120957629776896,0.023541868324388638,0.19383361907554497
0.07414815422475546,0.060389292794810784,0.4062510662093091,0.07639238527104672,0.04742654784045486,0.036445939351139406,0.011342547015345187,0.21659005106658302,0.07101401622655536
0.14586382376886478,0.1159287202022194,0.11960486842539571,0.06525078673299238,0.08846582265005005,0.16084199454536188,0.11521757132648332,0.05071451614582249,0.13811189620281003
0.10329775316718824,0.2057177707125262,0.33087814685098843,0.07258179287160804,0.04135507708295936,0.009489841140337234,0.0001141777228627972,0.07132850293131476,0.16523693752021493
0.11142235489027848,0.0834620933084405,0.0647309721080722,0.12235316379158578,0.08358400251109001,0.11741956207104816,0.14215575490541116,0.17485093667547058,0.10002115973860315
0.11630217022917932,0.1118540535908293,0.09034551729093014,0.07886461564299785,0.09002213470117755,0.15083696226132057,0.16090661821998842,0.08010455497766274,0.12076337308591417
0.11996394015787822,0.11622561176551759,0.09544406803926904,0.0759745482710094,0.09193337468464247,0.15498808090749303,0.14906178758366564,0.06679007681685847,0.12961851177366618
0.11831024556623769,0.11464976203194395,0.09337755930184376,0.07710027887852537,0.09114979098110815,0.15306085372553666,0.15418284582124345,0.07227283538242028,0.12589582831114068
0.12221033372377961,0.10665065017037294,0.16318472064496878,0.0698693749563064,0.09300111044073485,0.13983981251765157,0.08758105044249449,0.06430782432289942,0.15335512278079186
0.12330353887893207,0.21446924327465341,0.23869372132927869,0.12388140247037198,0.03870508298175176,0.002040190618954267,9.91162831927062e-07,0.0011967464730306568,0.25770908281019533
0.0717888052800936,0.068551626744369,0.46027966458577746,0.05092492549549064,0.045097453745058434,0.0369484047521833,0.010465719643905073,0.19214037468980338,0.06380302506331909
0.12160120181195803,0.10860345906680445,0.09208513210848558,0.07745170835881347,0.08776264988489957,0.15229888720885137,0.16044965550870027,0.08412945182906295,0.11561785422242421
0.07841710907185076,0.05645674680854657,0.19122743863007804,0.07295840957330248,0.06236183297205248,0.08135419084430683,0.07849276085611755,0.30477458004770835,0.07395693119603704
0.11581475511363877,0.1023029591024061,0.23492944153542092,0.0735533155589184,0.08370911387654945,0.10437104310686789,0.058570310555224346,0.1030039456403364,0.12374511551063772
0.1322677525741987,0.443844400939508,0.11958932900150358,0.03501400374414981,0.07652768996118417,0.03954126486113388,0.0107822952973202,0.06860731073867117,0.07382595288233046
0.11175918853667928,0.10360718869083646,0.08099606596732653,0.08588611543222846,0.08708438102377956,0.14263578959133869,0.17244358981057895,0.1069846890491325,0.10860299189809965
0.09964121536681618,0.2133243758201293,0.3189888723297962,0.07967053991630602,0.04230749528121616,0.010095289438945866,0.0001537231472193857,0.07186277177477488,0.16395571692479585
0.1166443859152098,0.10330085661131627,0.0852342926888691,0.08292637236893671,0.08638313739240931,0.14498077606737494,0.16892652448161952,0.1030735370382101,0.10853011743605429
0.07519344175894521,0.05847406318564687,0.3852576482856354,0.070203009041385,0.05368345818898154,0.050097946851560916,0.025484714298581557,0.21521037029279574,0.06639534809646781
0.1174424983700687,0.1087618572131868,0.075569858792598,0.10437785022505115,0.08868416244329519,0.11163812986828248,0.11898480919375178,0.1773555656288146,0.09718526826495127
0.1098886119147564,0.07872167494843625,0.06593370667661544,0.1276078764584982,0.08183751323987923,0.11840647926084262,0.14759888646582234,0.17197574080390796,0.09802951023124162
0.10115772700973841,0.08929791798027016,0.11417437614401359,0.07831866807710851,0.08132961414372505,0.1258479461030704,0.15016425444211093,0.1624073822872326,0.09730211381273035
0.11396562150768157,0.10324759731627355,0.08438825414496158,0.08786281687324204,0.08795290200095716,0.1446222361654719,0.1666739065708469,0.09816602260477887,0.1131206428157865
0.10311734272040667,0.07968810096541586,0.09147802645490795,0.1011532947521966,0.08021302363626766,0.10541568164220212,0.11619991563246902,0.22753317415123686,0.09520144004489733
0.11098162246135741,0.08944632872670007,0.06780745493735177,0.109994655425341,0.08461996458409489,0.12389659938305149,0.1535991703020408,0.15869976341982617,0.10095444076023645
0.12336173862757278,0.21335822966537935,0.226002753642533,0.1277351691441805,0.0405346305925301,0.001654551217979078,4.662355817373669e-07,0.0026018807290747533,0.26475058014516867
0.13522030870940394,0.1163942934888702,0.11017461417184736,0.08560967967073306,0.09806673241878645,0.15064374347351223,0.09331399203183809,0.040549321754330646,0.17002731428067816
0.12794273897983655,0.15804986464293183,0.18357072764940496,0.19726969058726906,0.048251116077221344,0.0008668142495296817,4.927883695731276e-08,0.00014915046552042968,0.2838998480694492
0.11392386737344096,0.08995327885047423,0.06428690876241576,0.11677411049973437,0.08602780816753357,0.117588364336822,0.13592976393281378,0.17160799009703284,0.10390790797973254
0.12566388624617805,0.2246807185526669,0.3024757375900297,0.09366826118018363,0.04188082327944828,0.00882638886373809,7.876577711135217e-05,0.011057979807448796,0.19166743870319522
0.12657622914102162,0.11862421006176477,0.10303683972036275,0.0781076086652139,0.09500113929928007,0.15485364804719584,0.12396438533298193,0.052932740109886633,0.14690319962229245
0.11162806731427692,0.09234036779026367,0.06752689807333057,0.10713631933261376,0.08550595537311806,0.12399056922663905,0.15194260967680887,0.1578076405276937,0.10212157268525542
0.08012273718441025,0.09128985178361597,0.5027316809005565,0.0549126402081704,0.04609427071393193,0.03303144851101859,0.007524878819949698,0.113476554767865,0.07081593711048155
0.14416393890789259,0.12026801621026158,0.12084439965017657,0.08161355573705603,0.10105173566875546,0.1423008805293924,0.05704817414630475,0.024515631727946196,0.20819366742221437
0.10057743698093095,0.07606024851798099,0.10265985778453596,0.09839022345117077,0.07845268997790392,0.11476404478779502,0.13860518683385062,0.19760348561697663,0.09288682604885505
0.11559482015709764,0.1057870170497454,0.08737390111345932,0.08581120830610726,0.08898550364270634,0.14713265312905846,0.1625319918110683,0.08952654814126114,0.11725635664949612
0.1105944564283969,0.0902429810994788,0.06906447367278191,0.10744779462147919,0.08459628809200405,0.12586303131875828,0.15761769889008428,0.15360945361309178,0.10096382226392485
0.12242196138683321,0.09696436921722575,0.18403498376606078,0.09739775650748929,0.08318906440118552,0.11081146826898493,0.0842513015352765,0.11464448294513475,0.10628461197180909
0.13641884662782458,0.08439635791972834,0.052972843589177206,0.18409765163808378,0.09012715375308356,0.08183879586976171,0.04444134061503433,0.19069755516612621,0.1350094548211803
0.09953532670658401,0.31541728504981464,0.4203318011845311,0.019403311645959157,0.04655180035813772,0.0185262108333135,0.0023475095521995957,0.01762736982448829,0.06025938484497203
0.11321538203539898,0.1020265404705748,0.0828540467869588,0.08893624209129843,0.08746073314898319,0.14327364290420283,0.16828738452353495,0.10275620198082537,0.11118982605822265
0.10892722022570696,0.06834649146918569,0.06489193325824645,0.1502308121306969,0.07888519482220725,0.11409733318564824,0.14121866377080447,0.17695449984302405,0.09644785129448004
0.10546412238183045,0.25075035090915054,0.2753909727144981,0.06544283989492676,0.04038974471575137,0.006836012763116031,3.929994238248864e-05,0.05986761522333645,0.19581904145500775
0.11753541828244013,0.10515067608791072,0.0874683030672394,0.08109191098147649,0.08694762417212831,0.14707947731001778,0.1672160613888186,0.09658461877432083,0.11092590993564787
0.11786055385338641,0.08800589129716141,0.2788253712905285,0.04971093305565932,0.1011552609488909,0.13641672511225544,0.0906298733491201,0.03171062019566326,0.1056847708973347
0.08171031111852033,0.061290144930015035,0.1739432178846211,0.07461471804304452,0.06546628366562868,0.08473434766737968,0.08445075181807997,0.29664733789771824,0.07714288697499246
0.08235994394053121,0.05531915267710793,0.15984892473934953,0.08879596408925211,0.06358189255161718,0.072045979023364,0.061283748105693314,0.3392194185953626,0.07754497627772206
0.1189180889528127,0.08723302024034434,0.060339620218051726,0.1336572955817094,0.0873108481593884,0.10744488196593516,0.10786357854060091,0.1877445052700739,0.10948816107108339
0.26963529579572065,0.07840862038497981,0.08279393379420098,0.12041628008185323,0.08052578717833193,0.113953857058198,0.032744184839394015,0.08450671838639064,0.13701532248093073
0.11205302471164756,0.10432082375956404,0.0818242325306743,0.08512076695787224,0.08730343245445331,0.14346702359717156,0.1720570798623232,0.10438823026917177,0.10946538585712202
0.11616521143568044,0.15232828045337746,0.10824429480396941,0.06282701951926914,0.09053675347964325,0.13662183327249158,0.14140477416822783,0.08947357544312888,0.10239825742421199
0.1210891906650688,0.22561156486543718,0.27225400335945515,0.11460341218510846,0.038917253670158684,0.005088444302581909,1.871119774924995e-05,0.0049918748774045296,0.217425544877036
0.11011467726659348,0.0826090608972254,0.06742241046445907,0.11994316229308095,0.08281296662258607,0.1215041327027051,0.15221622621948025,0.16430006318269358,0.09907730035117612
