0.02455935528555314,0.11484055744790556,0.13807225471849607,0.1387938190688074,0.0788027683525947,0.1487286742572115,0.13830112665281977,0.12811652696630474,0.08978491725030724
0.11295129420460161,0.09426149293376852,0.11728490179735247,0.11165517736226348,0.11899554190580264,0.1160151172585675,0.12034073112697068,0.09913698992238962,0.10935875348828351
0.11015536613600106,0.09730339334620335,0.11490027955574451,0.11528345135680303,0.11728113076857721,0.11543952831927691,0.11211908095590917,0.12078235500233643,0.09673541455914837
0.14027210258923997,0.134407871953922,0.09913574062840542,0.10396417001713996,0.1123864254893196,0.10746699648640756,0.10570425235707781,0.09291892291579971,0.10374351756268785
0.06131567379072053,0.10152658276727612,0.11488149349382877,0.11523517131226695,0.12034277538005111,0.11320229484492288,0.11150549084308231,0.10950901593146699,0.15248150163638435
0.13457949383937426,0.09018184292053093,0.10930956021272951,0.1051890127385664,0.12368960524112872,0.1066603252471406,0.11008565451025303,0.09788001786221845,0.12242448742805816
0.015125217040447758,0.12176203863011915,0.10336240467776514,0.13895362449244134,0.08340798788678527,0.1276032822679913,0.10208296833285756,0.1996608866553717,0.10804159001622077
0.13806407400225654,0.09052580466292552,0.1081178606871867,0.10499137258081419,0.12336453928547152,0.1068223377625001,0.10998238044298846,0.09737100657937305,0.12076062399648402
0.13083887661000224,0.09074232352175593,0.10938322731673454,0.106441391687441,0.11915005738912553,0.10822489430011321,0.1109001344357824,0.09925259804774984,0.12506649669129533
0.13486879639672575,0.09057591326117974,0.10882065840933497,0.10501463623164671,0.12389297309798676,0.10689528265736713,0.10970840700487317,0.09743210682884239,0.1227912261120433
0.1393193159802769,0.09073395580182102,0.10762425986910777,0.10524289453813696,0.12293224064729795,0.10697428902985044,0.11040194032965167,0.0975703982942401,0.11920070550961719
0.14053728995771922,0.09335609432177606,0.11901602994327402,0.11228744321954369,0.11057059781962693,0.11721206422558468,0.10706123944045716,0.11148829214496069,0.08847094892705755
0.0978129803759538,0.08603071792986643,0.11891864343711807,0.11562567468181335,0.13535795885527785,0.11718674152282878,0.11550356887297976,0.1384372350638827,0.07512647926027922
0.12190874422152033,0.09134101679700733,0.11059058501548473,0.10751965329357073,0.11792873846644801,0.10917768925606454,0.11126254404055147,0.10062073526280478,0.1296502936465481
0.12066199537899396,0.0921712384107881,0.11343592282228292,0.10873999446025502,0.1176131432110843,0.11095481902308209,0.11366272563813419,0.09998578928276243,0.122774371772617
0.07612001230486652,0.09640561262959803,0.1153440031890685,0.11468609922721928,0.11569013936459889,0.11294269432187948,0.11458802510797465,0.1093554907457492,0.14486792310904542
0.13698394797092242,0.09050317053645891,0.10840264530911414,0.10496384685980203,0.12358170660661062,0.10677239992184318,0.10985020469809866,0.09738842028741172,0.1215536578097383
0.12782890940896233,0.09471858317165645,0.10664159899524339,0.10962140175867237,0.1212159427124971,0.11027144650391646,0.11446989437439449,0.101574625134087,0.11365759794057047
0.12191391534616237,0.09624128983774687,0.10668281394290906,0.1112667357790836,0.12077218876224764,0.11140030917511383,0.11578091864458885,0.10324328219170457,0.11269854632044318
0.13280880049971547,0.09378777579009696,0.11421653933710856,0.11143551103302336,0.1118812224125626,0.1153186622542423,0.11489925130956102,0.10182887111816764,0.10382336624552206
0.09086069391938144,0.09618913453527266,0.10961087668760912,0.11480171416504777,0.12363091332322414,0.07284739164569458,0.11915490247292708,0.15063440930756358,0.1222699639432796
0.2548386714741048,0.09621948771196533,0.08840088430630234,0.08297713174186427,0.16158773427850306,0.11039102268268979,0.06884904254878693,0.06176589362386329,0.07497013163192011
0.1199420057209047,0.09171331491675083,0.11093566456233395,0.10703310033778614,0.12152676624717301,0.10862949521880431,0.11057678997732383,0.09982646313839376,0.1298163998805295
0.1272084691063499,0.09109340013227611,0.11001806905571061,0.10595890177507006,0.12288279107482054,0.10772139779770588,0.1100605777448404,0.0985509417038843,0.1265054516093421
0.13343484082351828,0.0915867242709593,0.1149117152219621,0.11822238723422228,0.11707035799857281,0.1151917569387289,0.11244700614146412,0.08330215986698834,0.11383305150358387
0.13870114520988022,0.11835529057761174,0.10398134268917614,0.10581740692243324,0.10353320925065927,0.10920271710483066,0.10744557161052178,0.09665187144908038,0.11631144518580651
0.1190879776969415,0.0956119220251722,0.1255236806532654,0.1262274012817603,0.11132306861441787,0.12771993673474627,0.11159778475648259,0.08555769231489081,0.09735053592232307
0.08439797812787543,0.09558520708286687,0.11483134922544687,0.1128202281559783,0.11892920257445831,0.11203493687536153,0.11356729189201947,0.10657374521502942,0.14126006085096368
0.147460255972345,0.09135493299916796,0.1059891784823105,0.10426459124276773,0.12427924093995184,0.1069610352671241,0.10859160016361165,0.09558575863360604,0.11551340629911526
0.11990190780373566,0.0918154234698383,0.11352542999785127,0.1091678899440397,0.11844964406012488,0.11068367048002227,0.11109329520080846,0.10223377995936533,0.12312895908421413
0.12493253161471628,0.09130602542745658,0.11033578993417181,0.1061788508761668,0.12304053280575855,0.10788797386444365,0.11010074028944239,0.09878786305042529,0.12742969213741862
0.1098494550460858,0.09375839339445269,0.11800581169793291,0.12019197969771872,0.12151548035514322,0.11724734595061968,0.11161125596514442,0.0842269270726359,0.12359335082026664
0.10559610044736455,0.09372165396675054,0.11263507679259455,0.10822538627215768,0.12536960024987245,0.1093183074645911,0.11054677497820076,0.10079072646627156,0.13379637336219677
0.06151577407523622,0.09582039389584647,0.10742526221551359,0.1272839850923213,0.07460238602074666,0.12670109573055896,0.12436367270235531,0.1543899265501475,0.12789750371727396
0.1336877234641787,0.09061974171043989,0.10895361347976977,0.10587123289806617,0.12069777306883382,0.10765197060388752,0.11054101454905463,0.09852521218772782,0.12345171803804182
0.12879698546036886,0.09102421866687588,0.10982057572339932,0.10546787388522345,0.12451022482385134,0.10726590188341141,0.10967106235629054,0.09792569483582618,0.12551746236475295
0.12980798966425144,0.09048161639260453,0.11091489522840399,0.09412387024131576,0.1962720612377029,0.09789680764864694,0.06606962050910463,0.1561002143866849,0.05833292469128498
0.1401263894570159,0.09329653979094947,0.1126295904298296,0.11084396698796302,0.11302914128885523,0.11289144477659314,0.11215594536302537,0.10391300849677414,0.10111397340899418
0.12820272212355216,0.0910048706327713,0.10988029064523007,0.10586388465267675,0.12283702353623145,0.10762915925350292,0.11004523805942017,0.09845564577398681,0.1260811653226284
0.12986148730747246,0.09417905058100474,0.10665139403545026,0.10903908065179159,0.12137139881439897,0.10983632383925111,0.11399045515578654,0.10101447183179352,0.11405633778305076
0.06723129838442421,0.0899264582980066,0.12878367030828075,0.11228302864396215,0.14962967050766735,0.12258766961115146,0.09994784392854687,0.15812032886737873,0.07149003145058191
0.08164107419544593,0.09688289392838995,0.11440966966176386,0.11215021909124111,0.12063604659705851,0.11210925011485769,0.11198018163695683,0.10566930134899616,0.14452136342529
0.12383509335519953,0.09034097399280729,0.11100324744707536,0.10779359408816003,0.11765290800224454,0.10862044809292554,0.11209260689319155,0.1010145463566899,0.12764658177170618
0.08777030473506968,0.09292064915227786,0.1115885984206012,0.11678889692098691,0.09187921927145874,0.11776808131105683,0.1175129279998743,0.11757563733756217,0.14619568485111223
0.09426409094716759,0.09493142420378742,0.11354454772665683,0.11029662843270281,0.12153405556765116,0.11094606790850405,0.11156465368275963,0.1034399680886865,0.139478563442084
0.12633836263734172,0.09062767577555164,0.11368347448944499,0.10785107586673903,0.12076482739633332,0.11035139281206711,0.10736423829279522,0.10650306979864053,0.11651588293108639
0.13211508464352092,0.09343406405810838,0.10749833370767559,0.10806271006383504,0.12326788135283583,0.10189876404160286,0.11301742775598798,0.10368677653647185,0.11701895783996154
0.09731957252522043,0.10025488520652447,0.11027192109868239,0.11727680648858241,0.11804600156523075,0.11425976256454033,0.11715551558636265,0.11843531017384008,0.10698022479101653
0.1380104818810341,0.0905236119377147,0.10813213004421479,0.10498782277066698,0.12337655606756066,0.10682326627247103,0.1099729565859906,0.09736735164395648,0.12080582279639068
0.1315759374247308,0.09529153342548759,0.11393753329132324,0.11171167255037291,0.11354787489398628,0.11512521007252613,0.11502260613982196,0.10309753996305909,0.10069009223869196
0.13078168492917433,0.09678406648519045,0.1227486402379565,0.12729773892671023,0.11384058999005076,0.13104472592318991,0.10491248786062514,0.08632326181739802,0.08626680382970464
0.11158443505431796,0.09893288791773042,0.10674647968931389,0.11408695833173355,0.11981853487264821,0.11344435045964403,0.1178836066657335,0.10613644348209228,0.11136630352678613
0.1389412730556156,0.09317596127974738,0.10657140666501154,0.10103629191725365,0.14193904355472584,0.10721011210997873,0.09965219220317194,0.08955203456645257,0.12192168464804276
0.11603688019140095,0.09239366256403188,0.11148717070952041,0.10687663493565984,0.12520737204294347,0.10834927946385631,0.11007494730999799,0.09937536610550189,0.13019868667708726
0.11525678990699605,0.09258716317306627,0.11214369149588553,0.10734724041774756,0.1262880322268111,0.10223034587556139,0.11066257929868217,0.10298494877973043,0.1304992088255195
0.13300187328321392,0.08438761087977124,0.1098443330076833,0.1164604423567311,0.0961447694525122,0.11065882224996924,0.1254869527721779,0.11823352945584235,0.1057816665420988
0.10534466711281669,0.09354256709861886,0.11239417290277666,0.1089307177677284,0.12043108402756221,0.1093316299406457,0.11109724244213069,0.1024488607685309,0.13647905793918996
0.13924115279786664,0.09069447144380675,0.10766791901929106,0.10518312151824093,0.12298732936121008,0.10700438260410827,0.11031952025758078,0.09748216367698519,0.11941993932091029
0.13742269247804342,0.09051145566858915,0.10827772617205784,0.10496306831239545,0.12349641162221592,0.10684036003462594,0.10988670308573124,0.09734098400073092,0.12126059862561016
0.05704110971050425,0.09251219736058874,0.1156261983107406,0.12179875868640459,0.09764176251332239,0.08360264931116228,0.1219287915166997,0.15400364022861604,0.15584489236196133
0.12257494784351852,0.0917236636425157,0.11375315972265256,0.11152196318656477,0.1112640880111289,0.10706961127737667,0.11743457363991401,0.10602068432151136,0.11863730835481752
0.13452153664706226,0.0905885728270377,0.10883056855017896,0.10544673698552907,0.12217075612012845,0.10731485887253267,0.11014868040438415,0.09796044117098777,0.12301784842215902
0.12172529166877179,0.09174155058151758,0.11078449812713732,0.10620403652168221,0.12496923321029385,0.10785572887665357,0.10985341742120512,0.09867607396955981,0.12819016962317875
0.10210816272303057,0.09384593995396506,0.11285509021172152,0.10922163149573016,0.121753364897961,0.11021896830240697,0.11124876361485962,0.10221808306127551,0.1365299957390497
0.128832849033342,0.09083659891787854,0.1096411182112858,0.10698484859288575,0.11753271059469046,0.10874538097107415,0.11130680035317297,0.09996796837092019,0.12615172495475013
0.1382423548767337,0.0912391244922726,0.10741323469120029,0.10621530508899324,0.12096527283999688,0.10785999410356868,0.11141721007346463,0.09851484570353734,0.11813265813023262
0.13129114897287952,0.0957196901690273,0.11686309736497384,0.1108394205869791,0.12724049586592942,0.11970922895372353,0.1011747452887068,0.12313815916177699,0.07402401363600342
0.14568494426733175,0.0914068130959436,0.11108911116052402,0.10686845153654351,0.11733534904637839,0.11025320571437243,0.1090308104409196,0.09921054682368473,0.10912076791430192
0.14222037255214046,0.09134212268007308,0.10927129947605548,0.10679640833680788,0.11821283909420781,0.10925420639862342,0.11049804200765727,0.09910724506519326,0.11329746438924133
0.14458362764822108,0.09138989353625622,0.11147710582908205,0.10685577165480688,0.11752926048899776,0.11035325818928628,0.10874785748048092,0.09924816337816833,0.1098150617947005
0.1376560734516409,0.09051891154161278,0.1082081598653964,0.10496587074801957,0.12344803721797182,0.10688010045285067,0.10990991613367838,0.09731778211498791,0.12109514847384144
0.10797718304010558,0.09127930560198405,0.11143809915689568,0.11362941101452251,0.0986553090442151,0.11448515515949365,0.11666823750611528,0.11040379241577879,0.13546350706088942
0.14183646334131253,0.09195022039704309,0.10862641899222232,0.10704776791638011,0.1194019432861839,0.1092305443075134,0.11102067854606268,0.09916376416966181,0.11172219904362012
0.07642956574561903,0.10243160439630905,0.11996718199398122,0.14363075870098574,0.12087448716853466,0.12260091899879423,0.12163437904663478,0.08282366123837219,0.1096074427107691
0.12966290759077614,0.08655515760263621,0.11151940083788364,0.11149114037018493,0.1058476739747275,0.10926033641190597,0.11810874066432951,0.10720609998588797,0.1203485425616681
0.12107323278831379,0.09321073329007427,0.11897988970360403,0.1219305057338652,0.11685110377081798,0.11946928570276279,0.11088833889631777,0.08353547059037623,0.11406143952386792
0.11778052494823273,0.09206513146411684,0.11120936180982938,0.10698494642602789,0.1232266818241226,0.10860044481602549,0.11033437375081236,0.09960088038428501,0.13019765457654778
0.07004687399762081,0.08387088180927997,0.12081404147373075,0.10453544552663196,0.1854128298408004,0.08805804150022666,0.0924571107105666,0.17081676801953236,0.08398800712161052
0.12833228807209812,0.08692374252934894,0.11111036250419377,0.11331930953630139,0.09712685847172742,0.11139626836888626,0.11971700048009942,0.1097582496057546,0.12231592043159001
0.14178462386749444,0.09213966076759306,0.11584287618259426,0.10940930625786205,0.11618179763339993,0.11371901644163733,0.10662599520435363,0.10798865129828004,0.09630807234678518
0.13062075853478847,0.09089367650706126,0.10947741966028213,0.1052969077971617,0.12433144045784879,0.10733825048418638,0.10963121848077863,0.09763604047019647,0.12477428760769615
0.1459432592010561,0.0921754888784188,0.111355306902289,0.10749700793459609,0.11516771822500198,0.11013211191533877,0.10888940411578664,0.10041981203843216,0.10841989078908039
0.2165746001464682,0.09438975130411044,0.09192281985554163,0.09046590176436216,0.16033668612391963,0.10806300030652476,0.0827677756828385,0.07144037535190984,0.08403908946432487
0.11837792139206887,0.09655119591627637,0.11906952339470733,0.13109491160584735,0.09573825963250622,0.12355781235432368,0.12497514572461114,0.09130416318670324,0.09933106679295571
0.13720148317653952,0.09173818036144449,0.10703976501449397,0.10763175374845046,0.11937446978004718,0.10865942593292098,0.1131096965910406,0.09992472850874862,0.11532049688631418
0.11401036542141406,0.0916224455381135,0.11226737616512299,0.10843153596979714,0.12119975657917927,0.10899421801155744,0.1119601891876955,0.10140596674768361,0.1301081463794366
0.08965551232696056,0.09470669913394403,0.12760177053216679,0.11979764610888653,0.10183210691509725,0.12601260867670203,0.12899774862999305,0.1042726712255322,0.1071232364507176
0.1202336278814638,0.09668510188225919,0.10667640203519502,0.1117264743209021,0.1206270305400779,0.11179293872943952,0.11613330994973109,0.10367289440681576,0.11245222025411565
0.10347172989165777,0.10093186385020396,0.10707588065516975,0.11634967230306503,0.11899603453516922,0.11388129323499536,0.11949327011997281,0.10926317744729717,0.11053707796246896
0.08207657642604481,0.09365209452062011,0.1122766012408856,0.11590221317120848,0.09629881355804866,0.11654341727153049,0.1159322470821521,0.11529531229102323,0.15202272443848652
0.014572113428188413,0.1224526745345254,0.09945160520904145,0.13814425296054544,0.08664870186747425,0.1245660284502596,0.09822995655678268,0.20631692561698553,0.10961774137619724
0.10202872823180335,0.08365668871645697,0.11022897609073351,0.12112050565500047,0.10895103871518043,0.11219127441142367,0.1281230383456924,0.13848081174662355,0.09521893808708563
0.11913096763473059,0.08959014140482739,0.11190261256892269,0.11020545438345193,0.11066283757255452,0.11003892360116091,0.11470819895763469,0.10444012167270351,0.12932074220401382
0.12357588231117078,0.0887328626170365,0.11194262836688766,0.10969541795222432,0.11362736577071984,0.10891025820523553,0.11492498413237308,0.10378001454398633,0.12481058610036587
0.1380955871038186,0.09053153159559053,0.10809632630759956,0.10498881184022578,0.12335485360688665,0.10686834267535998,0.10997982580488676,0.09734236061669717,0.12074236044893495
0.13687043291122816,0.09056676829372162,0.10833140650364975,0.10543058398226361,0.12187792449254735,0.10723474426753614,0.11035531757425611,0.09791509876007559,0.12141772321472173
0.010577707776883548,0.10286493954508562,0.11432788884540118,0.19643792257830509,0.2908320832863666,0.09771551486449176,0.06435469049732086,0.04331615022721149,0.07957310237893385
0.12124119935908999,0.09158019950446789,0.11078094827069433,0.10688480338422224,0.12152258011527628,0.10849834082161881,0.11053329400997813,0.09967086180216829,0.12928777273248415
0.12067752353447773,0.0931334191275258,0.12092268227536294,0.13330839051350354,0.11313349290923673,0.12328948294926102,0.11295985615614641,0.07790059556471383,0.10467455696977197
0.13965080024322582,0.08797623547267912,0.10914750101757871,0.1100598318939326,0.10617061709010889,0.10934883521074669,0.11659457085247195,0.10430520499761996,0.1167464032216363
0.12454844864901,0.08379320495234543,0.11007604330311975,0.11813716179554691,0.09715005031065634,0.11092548934362852,0.1274271598780304,0.12362243203548677,0.10432000973217574
0.13457289847523163,0.09239911027986965,0.10773793877624539,0.10735506735866572,0.12328697353263739,0.10186590409080996,0.11258346067853738,0.10275463119786625,0.11744401561013662
0.11560922595366081,0.09446486840231061,0.12202791632169278,0.11409486543204923,0.11152101223357393,0.11944288445224882,0.11949597750299105,0.10135767256923134,0.10198557713224139
0.07920794754699087,0.09783483984836834,0.1146017790748488,0.11218718358757233,0.12269823605094994,0.11113346228551572,0.11151695310047673,0.10592757195406677,0.14489202655121053
0.11638154036388777,0.09287100993505472,0.11610975708003914,0.11145086474211978,0.11111764299380293,0.11525261359641487,0.11415256265376533,0.10285817292829232,0.11980583570662319
0.06180532749874329,0.10142187805937149,0.1147350465765493,0.11517272465326135,0.11929720959853407,0.1125407101929329,0.11140590849762792,0.11009540757746805,0.15352578734551167
0.03186297243714046,0.0808165537663615,0.0935975983884227,0.12957280264234836,0.08079201242733923,0.10887992512923618,0.12917122282574467,0.20691804573535766,0.13838886664804925
0.1182371278845627,0.09213087655292296,0.11123164801206033,0.10661101733594762,0.1251315582527339,0.10812840885039565,0.10998693761064988,0.09911342706605895,0.12942899843466799
0.14315264969765298,0.09155309095858638,0.10971541227433113,0.11054261997703069,0.1061015524008177,0.11160966502386797,0.11345152239562693,0.10405988487011454,0.10981360240197162
0.13714619084925486,0.09136201560850275,0.10758792045202899,0.10676511898214786,0.11942794489455344,0.10832538994820999,0.11192999446336989,0.09917128602492671,0.11828413877700561
0.13862461509836693,0.09105811378158978,0.10747958337809899,0.10623063783687141,0.1221253323335384,0.10739129248791958,0.11171767137030042,0.09868567926706022,0.11668707444625441
0.13137015247601944,0.09278932575610212,0.10786507221172471,0.10953468957630581,0.11483479074614882,0.11051905109104292,0.11455445636775552,0.10218240741772217,0.11635005435717843
0.13671872585923864,0.09107180994189205,0.11067066605331656,0.10687746556659357,0.11779963600960451,0.10946929112423733,0.109860537230985,0.09954234202003288,0.11798952619409943
0.12290222783295472,0.08961518727875835,0.11168350765979145,0.1086684133329675,0.116814418012041,0.10866585927920132,0.11338619360834551,0.1021422957922188,0.12612189720372133
0.007823768186461072,0.09147922985096686,0.056820935317778515,0.09616800093522666,0.3162694070165088,0.06943685177393837,0.02330908676037689,0.26064494710009944,0.07804777305864341
0.08482160910184204,0.10115259256953542,0.13358683178289202,0.13343176520029895,0.10550562190096528,0.13447076595940713,0.12603649034732065,0.08978525504241208,0.09120906809532647
0.03647197114568765,0.09737811068903073,0.12441690603466142,0.1819110837425715,0.2104350219309307,0.12361116094896869,0.08932666592502018,0.06287018301501685,0.07357889656811221
0.08233828292542057,0.09724433682134721,0.11456354888609166,0.1116218755051554,0.12428423090153878,0.11150238858571809,0.11151617244118406,0.10462462703383417,0.14230453689971004
0.06547629561729428,0.09939082855615455,0.12778902455773258,0.15798832141761454,0.14218735870775673,0.12527207981578492,0.11251621129079986,0.07304626990183488,0.09633361013502763
0.12374786872688846,0.08149453158383291,0.10991386438319084,0.11134644952308559,0.13619693171892847,0.1088274518623078,0.10920834018611895,0.13618817474746206,0.08307638726818493
0.13424576517810086,0.09019751123107678,0.10937269604985889,0.10520754373174897,0.1237280343369103,0.10668200937891352,0.1100773784753349,0.09789939500900822,0.12258966660904747
0.029967194233132596,0.10884403385640279,0.14118039841113222,0.13539799049954837,0.08205612186749844,0.15015139767600263,0.14066998328071617,0.1231744296646635,0.08855845051090329
0.11721656899340867,0.08793202926908007,0.11321278258677105,0.11228775124511207,0.10731264778133294,0.10934669702833388,0.11799287175357626,0.10833720702179928,0.1263614443205858
0.1426102782478259,0.09281789881472052,0.11028963313561173,0.1088448426640155,0.1149645026576644,0.11153969352139574,0.11153120026344464,0.10100158329801988,0.10640036739730174
0.13836327660226247,0.0908085998764953,0.1077750999715114,0.10571880057891604,0.12139316099963048,0.10744732434157295,0.11083924398081324,0.0981172206282308,0.11953727302056733
0.13766579773368987,0.08945580750587201,0.10880650705572648,0.10714746318001676,0.11542638547484967,0.10816547233289397,0.11260445211789376,0.10018176477270768,0.12054634982634989
0.10516716343927461,0.0944126792929495,0.12155547781584934,0.13697102778618397,0.12600371744798555,0.12205121116586816,0.11238557601173473,0.07760976964179565,0.10384337739835847
0.1357946431526003,0.09107471563929576,0.10866779515807508,0.10605714578705483,0.12342731571409442,0.10143368277857313,0.11114308168126907,0.10143054315199647,0.12097107693704094
0.12614300967147465,0.09111540364938751,0.11013243141014017,0.10640256241927988,0.12123595501190404,0.10813253389800874,0.11044328568576968,0.09914201219600095,0.12725280605803438
0.1383566594935022,0.09083356032175982,0.10774547367305039,0.10575634445714514,0.12129663265701263,0.10752968701266417,0.11087898672513756,0.0981280406661832,0.1194746149935449
0.04175584878459663,0.10807087252237908,0.10964076664993265,0.11959361152088015,0.10806416020562641,0.11338270482836789,0.10755073139229686,0.11884749541633811,0.17309380867958232
0.07209721063120106,0.08494025455614497,0.10823291530026592,0.12300324835821748,0.1193555897771581,0.11062483712106258,0.13006178829695966,0.1530944287956629,0.09858972716332735
0.02840765566653225,0.11280769002169995,0.14040071769172804,0.13750574896566223,0.08348565533435981,0.14840246949824523,0.1424766692114118,0.11864402090709798,0.08786937270326269
0.13466072157844308,0.09264874992396806,0.10700129108194557,0.10776392307402415,0.12048646913788087,0.10889235711317512,0.11292697523826417,0.09995146109432901,0.11566805175796997
0.14147808495869788,0.08746609159778518,0.10919053756078152,0.10841673747664567,0.11084878999348032,0.10797369241781034,0.11491118096967863,0.10232626918062027,0.11738861584450022
0.13945992486484968,0.1091943189552932,0.1073659149471123,0.11366465962024142,0.09238919282460979,0.1124207452093086,0.1169738561932198,0.1073907571702235,0.10114063021514179
0.13619852959662007,0.08530846565382827,0.10959075988661475,0.11584011667691506,0.0953926681825834,0.11095609035148417,0.1245490334407629,0.11557105612776776,0.10659328008342357
0.10516201644732077,0.10004545833551286,0.10748917369373152,0.11719700672726685,0.11419067379913155,0.11567731690723874,0.12075096169595377,0.1098042676070304,0.10968312478681357
0.11741850692971027,0.09741129970924994,0.10669988583944416,0.11249465797359805,0.12038596944221974,0.1123369426829998,0.11671571940350584,0.10446168049474756,0.11207533752452466
0.12887644171610554,0.0910224871274789,0.10979576395157581,0.10545885663189626,0.12449935977446003,0.10729937583369371,0.10966580198615822,0.0978948306995272,0.12548708227910427
0.08845405375825266,0.09608479201477953,0.11391935926412726,0.11098931926106605,0.1216835606930593,0.11057586261925369,0.11146647238028329,0.10465820107319239,0.14216837893598588
0.13749451328141402,0.08968719748295628,0.10867966826657127,0.10763070136372128,0.11417023143208099,0.10853784221810696,0.1131231808680679,0.10074857347028761,0.11992809161679381
0.06458670822389415,0.09465628652540765,0.12039997172472283,0.13431119483662063,0.09328708885669279,0.12629265805853124,0.12046746283370889,0.09635606058258657,0.1496425683578352
0.019156492840870874,0.09655686967816572,0.11687713746562566,0.11115249205662255,0.16618376991402642,0.11769654246895278,0.08654481330413277,0.21383426180184348,0.07199762046975977
0.12694674631268507,0.0912015082115929,0.11007896899651938,0.10564518549072865,0.12464833913727115,0.10743459400130449,0.1097018107056218,0.09809480215932698,0.12624804498494954
0.1013441170087321,0.09254768471608717,0.11278646605629179,0.11134925219612896,0.11193963123062849,0.11228951571501561,0.11372087008391829,0.10537697787227081,0.1386454851209268
0.1109109041964223,0.09907292599881708,0.10789755851129239,0.11613797609468436,0.1135136104249745,0.11452998600661425,0.11969267175526095,0.11026740922170995,0.1079769577902243
0.10347172989165777,0.10093186385020396,0.10707588065516975,0.11634967230306503,0.11899603453516922,0.11388129323499536,0.11949327011997281,0.10926317744729717,0.11053707796246896
0.02248626275448458,0.08217196496589127,0.08009391501537488,0.12576534825616012,0.09247618896424603,0.10184061380472127,0.11235849674838944,0.22632281159140308,0.15648439789932933
0.13778014444324904,0.09164983122854609,0.10731875352455522,0.10624750270477563,0.12134594014375814,0.10708076329566459,0.11127013043126603,0.0988882923986119,0.11841864182957329
0.11925453599948967,0.09201208227615836,0.11111064861844222,0.1064907880479782,0.12509109037311833,0.10802731166690932,0.10994815220753724,0.098995344619408,0.1290700461909587
0.12749843285582696,0.09083571832751107,0.11492043993539498,0.1098134581599367,0.11496583551050889,0.11221403212701497,0.10931429070896087,0.10617475040546925,0.11426304196937632
0.12665593708661588,0.09125062861757736,0.11425073023107642,0.11879065075243551,0.11777827964312347,0.11461654170614122,0.11365530226532439,0.08232188928279545,0.12068004041491036
0.1458846996184544,0.0925724109673277,0.11279114474958622,0.10869945454087933,0.11095790809803187,0.11269188090822968,0.10907822920497527,0.10137695587442498,0.1059473160380907
0.12589460771040564,0.09129633235931278,0.11024688027081103,0.1057542191524876,0.12472887140098692,0.10745658803148206,0.10973257879720817,0.0982410334679165,0.12664888880938938
0.05702154339737168,0.1012668719836874,0.11517462876083423,0.11753586345351795,0.11342689831047424,0.10812970498946177,0.11315433429506096,0.11727713589514903,0.15701301891444266
0.13561710882672207,0.09054057878566073,0.1086817481979032,0.10498532689920848,0.123793062467906,0.10684611689356023,0.10974501946070069,0.09740579344133153,0.1223852450270071
0.11573984798422722,0.09465908746650037,0.11118057972784721,0.10651945071235451,0.1267874419528491,0.10883094660067712,0.1081790321816407,0.09834739184122902,0.12975622153267477
0.14436845558602104,0.09049932261444919,0.11171030835016417,0.110169136634974,0.10798940630273683,0.11191056112750246,0.11309439463983452,0.10354569265116055,0.10671272209315726
0.04589068646691705,0.10794274426008839,0.1127049958869678,0.1195703576848714,0.1104458451874583,0.10723250577448906,0.11018649555983112,0.12146372962024321,0.16456263955913372
0.14267759991856657,0.09219206086370847,0.11197738290792293,0.10649264350180888,0.12027215754471095,0.11160255071325496,0.1101401004873382,0.09594673523608678,0.10869876882660225
0.034958630092087266,0.08434080071254242,0.08416528071298963,0.1191067244882979,0.17862707387452373,0.09563749927672521,0.10194244391804046,0.24535337985399872,0.05586816707079467
0.13884754958821194,0.0909388108701693,0.10752604352675428,0.10613296179962495,0.1221467517189697,0.10738366284382689,0.11163505513991608,0.09857101280332115,0.11681815170920577
0.10877244215797766,0.09914127637753578,0.10732983846441002,0.11599690384260508,0.11539471554221732,0.11479961940013056,0.1198256588151349,0.10846705248388379,0.11027249291610482
0.1408702825172631,0.0895687364876191,0.10806282884350628,0.10631925692355093,0.11841776820649312,0.10738643338805022,0.1119709882633367,0.09905522836004765,0.118348477010133
0.1292765179928378,0.09119880486562675,0.10961045353982814,0.10566090409842678,0.1230742976818489,0.10674235827715833,0.10976346262415222,0.09856571148422748,0.12610748943589364
0.13899750795850344,0.09143524547182204,0.10695035922653018,0.10593768400473334,0.12233780026224611,0.10799177845941338,0.11117967325460665,0.09788741633127614,0.11728253503086879
0.0750863484363501,0.09629699572655452,0.1300424367768188,0.12824357151820762,0.1600794207189583,0.13617079901057888,0.10012766154755581,0.0985850084253767,0.07536775783959933
0.1450989707055159,0.0959260293702184,0.11597873142665638,0.11020179610652653,0.10974601919066805,0.11443679366351532,0.10675887660178877,0.10672185896042667,0.09513092397468402
0.12679740418970464,0.0910598895203978,0.1100292520567372,0.10636151110265739,0.12109931154890048,0.10813301542708753,0.11045423831754704,0.0990859428889378,0.12697943494803005
