0.0800098325434329,0.13435794976795948,0.09244636032864322,0.09831965036727976,0.07162991661600403,0.11292787114591867,0.05150851122363991,0.22753342605201807,0.13126648195510401
0.08215747164862018,0.13826017479002173,0.09223219802185978,0.10098844498190786,0.10577948607094519,0.11855984685788468,0.04962963995901846,0.17856785749729867,0.1338248801724434
0.09366124550171227,0.004017775976819931,0.22101201717157645,0.14716546920679122,0.0461510082067677,0.08608807195152647,0.33074256720180734,0.027597307009466065,0.0435645377735325
0.08128995190241621,0.13521602317854825,0.09296243067340842,0.10094554239339677,0.07332870363213666,0.11384044506309993,0.05036533975958274,0.22020785435862222,0.1318437090387888
0.43975150332373564,0.1609792019296076,0.07122248960425888,0.04086575017149682,0.09076082411952406,0.05930975647386355,0.04282561711109625,0.05194795512708866,0.042336902139328475
0.07635891093531687,0.137804542845489,0.0860366131520816,0.07298575955205429,0.09489609083568802,0.11093682519886709,0.06975674152966725,0.22620983647764767,0.12501467947318837
0.4865644333679489,0.08508629183440293,0.08357940196416025,0.02005183372427273,0.03826416317521121,0.07878651469316945,0.15958783652474415,0.017822929694354065,0.030256595021736315
0.10334535268169824,0.1415636783049585,0.10763509957323909,0.15572561759759088,0.11482442023517943,0.12548424718163648,0.03497465765826179,0.09198571323983233,0.1244612135276032
0.08259679802228743,0.13839670515197175,0.09235568226024284,0.10197898005247209,0.1042483301111537,0.11860374680308382,0.0492660513747036,0.1786188772333774,0.13393482899070738
0.09856867657910591,0.15105463142704278,0.10512610106423659,0.14375372117002283,0.1063075707014146,0.1196016667783446,0.044118632443193716,0.07338856312337805,0.15808043671326086
0.10651582483658144,0.1412891964272044,0.1071212933100167,0.1635964053586067,0.12297348314121503,0.1258820698891815,0.03310566278768439,0.07943270754836741,0.12008335670114245
0.0968040662795626,0.059903360408859095,0.13343557520931576,0.2717100548677372,0.06584426891277019,0.13245712963863646,0.11207416371149588,0.05503012380715799,0.07274125716446485
0.06544923449712378,0.12272510659750686,0.09002315031517143,0.06634960600571227,0.05037751449610476,0.10232740878148783,0.07955343600509467,0.3058882449984825,0.1173062983033158
0.4151945428023527,0.04416066258449435,0.11007239367055566,0.11010098866999933,0.07482357315249237,0.11000001336244354,0.05575072016132069,0.03297563447081823,0.0469214711255232
0.09046780738188331,0.18748527210528534,0.09313067171192667,0.0976799375882003,0.1008870713584135,0.13671004747294338,0.06194412484918829,0.11219572429327933,0.11949934323887977
0.06283357876676622,0.1228182711830884,0.10128092707922477,0.0522418246381623,0.03911085722444268,0.10305865920558566,0.11670963908381389,0.2960189250174405,0.10592731780147564
0.05271977936223319,0.08108241631415204,0.0953522889838881,0.04586887672534549,0.5028694573113218,0.10340140897407646,0.047775418680414385,0.014416247478605445,0.05651410616996306
0.10440681351493723,0.13113009460485145,0.12613965168937671,0.06987126076202221,0.0821938550603878,0.1869503018445188,0.2029718670449141,0.03799358819115792,0.05834256728783366
0.06410045308353736,0.1217112914724594,0.09166674985828392,0.062083606527189965,0.04718209498599559,0.10170797792529318,0.08768010995866012,0.3095541030323126,0.1143136131562678
0.10512458662708464,0.14800884045873902,0.09817250076866986,0.13987593823155167,0.12641918606854466,0.1227400361054866,0.038602572573552006,0.08557459533706209,0.13548174382930941
0.0710470407042859,0.12758185652609286,0.08917557192298271,0.0795663435558328,0.059528248160328444,0.1062170680129556,0.06340095822815947,0.27868520292378113,0.12479770996558119
0.2556128914840418,0.003392039056327944,0.14120557676731482,0.027293638855300336,0.26026407593211004,0.06127026341195144,0.22357749721515582,0.0033343421581959556,0.024049675119601818
0.09035213893884597,0.08945615622133202,0.13749562321318767,0.23057798939248175,0.07003221674365524,0.11298513564970579,0.06058505063283115,0.11511165153719399,0.09340403767076637
0.09370251211581149,0.14126688000886914,0.10025923642449837,0.12886247146012694,0.09238166215329452,0.12182860651335276,0.04151147021459395,0.14724261738475786,0.132944543724695
0.04184128225324224,0.06897385213543376,0.1388693011487433,0.030114855200746315,0.5073870686737041,0.08420055710895398,0.07801425012257572,0.01113962738596576,0.03945920597063486
0.08405705882013996,0.14041187528005547,0.08293117116754249,0.07842620392595952,0.08524608736537592,0.10927744054836029,0.062376493921577514,0.23135927951602941,0.1259143894549595
0.07217261184587388,0.12885290920140582,0.08554954074967364,0.08117361384897752,0.06090448389998954,0.10710807573783175,0.06262186503593452,0.2762439184380354,0.12537298124227791
0.07702658247370676,0.1349660352419831,0.08752741386171503,0.08952536040365998,0.18636001103067076,0.11995840462338876,0.05065577714694908,0.1276250337012738,0.12635538151665276
0.11234621344509806,0.002859086602292881,0.27586517447638975,0.05569427631424634,0.04743870651731496,0.049100965912975726,0.40434143698492303,0.02022933647908997,0.032124803267669255
0.29157206099930816,0.18275762903974102,0.0936040323010416,0.14602681025550182,0.08055891225038762,0.08653857183438529,0.03702570182521664,0.037894697013653444,0.044021584480764424
0.10651582483658144,0.1412891964272044,0.1071212933100167,0.1635964053586067,0.12297348314121503,0.1258820698891815,0.03310566278768439,0.07943270754836741,0.12008335670114245
0.10651582483658144,0.1412891964272044,0.1071212933100167,0.1635964053586067,0.12297348314121503,0.1258820698891815,0.03310566278768439,0.07943270754836741,0.12008335670114245
0.08053349738224397,0.14206980208892464,0.09105070089875306,0.09603972007086198,0.10012822837131578,0.1172651037385386,0.05714353141493316,0.16993736541104254,0.14583205062338628
0.08680916867096038,0.1397869616270853,0.09439819860780578,0.11200609385443093,0.11719211467587819,0.12146100029077311,0.04487502064640922,0.14950162450500626,0.13396981712165082
0.09796250251442444,0.11986698321936301,0.11448779571260814,0.17162976179570663,0.061776633838320945,0.14402053348882773,0.09361118017703228,0.11669580276417829,0.07994880648953857
0.07483073781674213,0.13067452097032925,0.090032375320033,0.08744805955869737,0.06468415695238099,0.10904885069846297,0.0574411616488976,0.2577536264499653,0.12808651058449136
0.08744248422779462,0.009386052487244561,0.1266738936293363,0.17860658588156067,0.11928648304576651,0.1501370115939696,0.2932907994660368,0.009467343257248786,0.025709346411042087
0.09712677034840093,0.021166504535532,0.13536334523327564,0.2654683437936363,0.05030241171059011,0.11127478164005046,0.25187121039851323,0.02584831203268487,0.04157832030731638
0.0642068134577837,0.17908759578542296,0.12618391037160748,0.07218179311406263,0.10056792564124928,0.11169429738058695,0.16423953741826194,0.050051321188693924,0.1317868056423311
0.27477750440350107,0.17668918849007634,0.06737181244655606,0.08249780188908289,0.09940358059386917,0.09141951672483417,0.03835112993078493,0.08490401025093629,0.08458545527035904
0.13981338502371252,0.0034232447744760985,0.11165017937190234,0.0606042816996544,0.12807849700035112,0.1946231788146677,0.3055487887539608,0.023492095735219366,0.032766348826055676
0.11628900692250421,0.1826008220674575,0.12289932651140696,0.10416344535260245,0.0507562803045942,0.18200744332813976,0.1416261702487506,0.051140543315707256,0.04851696194883711
0.1057635716365976,0.07390337367778298,0.1377572650575274,0.14257750234566635,0.05650212930266293,0.17525905796542474,0.1525702624158395,0.09689419717258126,0.05877264042591734
0.12814747057632106,0.1630869405467389,0.07130710927525467,0.06098304844182498,0.11927385020506309,0.10187567705847529,0.0697764407673987,0.17636216821929004,0.10918729490963323
0.0984313141104229,0.1864222385938519,0.11423626507074319,0.06704393537604444,0.03511959602440554,0.16265611268254518,0.1958643504916104,0.09151987459603388,0.0487063130543425
0.07547684823551531,0.012092306214687673,0.11669429192578275,0.2881715156114393,0.0796526737681525,0.08181175292235542,0.2813774672058293,0.020452242682549266,0.044270901433688614
0.060756503610087186,0.11912086316842325,0.10514224037489571,0.06110334665000839,0.38241554903689495,0.1116734222839219,0.05919861017294912,0.030740681645633202,0.06984878305718634
0.07230967911064813,0.13022052810772686,0.09154695988102395,0.08159665139857357,0.07459294395486189,0.11190493642163564,0.08456006372626702,0.20625491174672683,0.14701332565253603
0.0930260464540983,0.12017280135251977,0.10661821156474882,0.18436640286675374,0.07830444406968158,0.1254765479104413,0.05290278755997779,0.13619265678937315,0.10294010143240562
0.08276696112647548,0.18854530163102798,0.1016014667795272,0.09173569381886489,0.11070641259458931,0.13805213659823082,0.07482040985230104,0.12423487891247549,0.08753673868650774
0.07524731706761344,0.13839021083060882,0.08915506225531904,0.08440484865501585,0.08407962175351945,0.11310299539530415,0.06538170190134017,0.2096380839921168,0.14060015814916224
0.058669004039875516,0.09253094251219723,0.08234257139188411,0.058117224709350844,0.46569027075662167,0.10991172723180449,0.0409647700525838,0.021341814608338876,0.07043167469734347
0.06726225126060413,0.1242762691558273,0.08925303881610953,0.07108408970163718,0.053756128923195486,0.10348538954548414,0.07251814181819048,0.2980810569897854,0.12028363378916629
0.10505954287606238,0.14829953307991728,0.11563770594375355,0.18534156876458208,0.07464934259066759,0.15162048671950526,0.06582720997106416,0.07760922931760518,0.07595538073684248
0.06517260839039617,0.1263274702504652,0.0905079480362519,0.06106788360723885,0.05443127012499849,0.1043197232387935,0.09162603994071328,0.2910885504539665,0.11545850595717617
0.08366408757222604,0.1388188118384935,0.09283537621523995,0.10443555160719897,0.1067488540694174,0.1193106064223648,0.04813995205153393,0.1719337280165626,0.13411303220696283
0.10129400154794138,0.20483630353185175,0.11945191420944497,0.12434516505324007,0.07322462541566231,0.14426615271170715,0.05595774175981349,0.08977904309443556,0.08684505267590337
0.4841660129252409,0.03721745543245586,0.13046157047466453,0.015391987823385434,0.04560240190867265,0.05536190627545262,0.17691203574724434,0.019324090143498836,0.03556253926938486
0.09457560264075922,0.022103555215322424,0.14062404972663217,0.293837997287734,0.09351674967230623,0.12085737593062207,0.11589773763576461,0.03974738506612523,0.07883954682473406
0.32732358084174057,0.17464566144462232,0.06455439853814991,0.07503533965337844,0.10368879623954837,0.0836078619681261,0.035820265591936476,0.06477652359164836,0.07054757213084939
0.3791155043404521,0.17333656955365337,0.0619028965585219,0.05265543009437082,0.08832534080839693,0.0718662365950778,0.0436628982345437,0.07122352177366544,0.05791160204131782
0.08915881569899126,0.14298146435117062,0.10329656493174189,0.12807819093437525,0.08115160107826547,0.11995138776829595,0.045509126343245,0.16720580207889368,0.12266704681502094
0.09925331912766312,0.0172217764378913,0.14287246045012728,0.27501841468565336,0.10329958343157152,0.12881212075664236,0.12039380908847408,0.040622050706335185,0.07250646531564169
0.0710898466946363,0.13581182243455614,0.08912557724842725,0.07233961726069489,0.15206864521043836,0.11630173932213272,0.06935092936955593,0.17031482094330663,0.12359700151625184
0.10093256471276718,0.0008414025997871307,0.24493972403967687,0.01848651862335116,0.13140949972826022,0.0940599440260515,0.3436628760885198,0.018133234441770535,0.04753423573981568
0.08757045055953742,0.03280702302012443,0.13169418493953863,0.3546199676947209,0.07827401924966389,0.10735312374112416,0.09106951595623573,0.04685736694351933,0.06975434789553552
0.08231281927373989,0.14243289209907262,0.09815457666810855,0.10946099636986502,0.10040656519306652,0.11966869488044785,0.051332121379692175,0.17348975331685243,0.12274158081915491
0.10229584501891814,0.1418491466604985,0.10679643394398924,0.15249714758877012,0.11178957388491771,0.12529576999729916,0.03576281919536798,0.09765704815677372,0.1260562155534655
0.10002683370870231,0.13618761425397705,0.10277197223119257,0.15149462670257194,0.1689767976668204,0.1252484876058955,0.03169545204743369,0.06644817728921204,0.11715003849419443
0.10540362890422554,0.14461899889361654,0.09839443985108075,0.14032633333386502,0.12634942754983627,0.12404141242945456,0.036404357370807716,0.09794428324391709,0.12651711842319646
0.09356447555092061,0.14116028280231638,0.10043205635267673,0.1286761025712507,0.09221886014398768,0.12176931416800901,0.041545108390445985,0.14769255650541244,0.1329412435149804
0.08708328615466766,0.13636957700927735,0.09230692287052561,0.11574139345521169,0.1823600102626831,0.12362432358259223,0.03934892244240667,0.09635540364230889,0.12681016058032682
0.08054123568076182,0.21737719779667933,0.14920622525721397,0.07084943606130079,0.03370715560137976,0.13114629200971042,0.1417531796439612,0.09582768155459825,0.07959159639439434
0.10651582483658144,0.1412891964272044,0.1071212933100167,0.1635964053586067,0.12297348314121503,0.1258820698891815,0.03310566278768439,0.07943270754836741,0.12008335670114245
0.07697671480007777,0.13228832003558025,0.090842128393053,0.09189250001554021,0.06753858108981349,0.1106593311188203,0.0547670987323683,0.24546236711621014,0.1295729586985365
0.07652408079113074,0.131949181912741,0.09069428654672988,0.0909729926195328,0.06694602903220075,0.11032535371633904,0.055284079801843154,0.2480223024239585,0.12928169315552415
0.09839263053988377,0.011570779670597907,0.13486176526920826,0.24975627448784046,0.07187884688185665,0.0675383452596864,0.2928724601602195,0.02530235521558213,0.04782654251512496
0.08476039990524285,0.14395104199374506,0.10440929322399556,0.12835662825664992,0.15741099415326446,0.1244355674170539,0.04499874101783086,0.10354402314123311,0.10813331089098437
0.0695671960109544,0.13507304257061367,0.09084363833625227,0.06884601584044647,0.10553667692090458,0.11309388490360876,0.07746447609341198,0.21595155131756114,0.12362351800624678
0.06501456241654911,0.1223571850061843,0.09045396583216485,0.06512814815734422,0.049472385240681864,0.10209732479825118,0.08167153778641574,0.3073324602890344,0.11647243047337431
0.10651582483658144,0.1412891964272044,0.1071212933100167,0.1635964053586067,0.12297348314121503,0.1258820698891815,0.03310566278768439,0.07943270754836741,0.12008335670114245
0.08645771394748392,0.20754050100019028,0.1034304037713523,0.08899274323225186,0.10899469350750506,0.14672464507925473,0.07988766875059487,0.10068708644510053,0.07728454426626644
0.09038467360934742,0.16020779919131203,0.1019508543302579,0.12991796534427152,0.0816345244078857,0.11561334801596916,0.06106658203274828,0.08105989618003133,0.1781643568881767
0.08119714315165648,0.10947205639658586,0.1968327803469271,0.10889153079843139,0.10110498196896488,0.1476601118928809,0.1834498552428021,0.0270336381604197,0.04435790204133152
0.07799336616646091,0.13615450849599423,0.09053201067906778,0.09170688805763721,0.09336872020318641,0.11528035175434109,0.054849868242963645,0.20794216502666898,0.1321721213736797
0.089155133311444,0.018320184756664044,0.22458521131270107,0.2758850740350049,0.04970339384501841,0.08901943909953763,0.16153236298046147,0.03581480697555429,0.055984393683614214
0.08304592519686425,0.14412076836552404,0.11054031232421561,0.12601503349457752,0.06803910873435953,0.11697397588553166,0.052185973714516144,0.19127657548586643,0.1078023267985448
0.04798076074063282,0.012547879498299231,0.16967432928859771,0.026572010001716894,0.5647816774858375,0.06864965753757284,0.08481794443729569,0.0007995723553674425,0.024176168654679846
0.09725651300349547,0.06552165878016093,0.11356034575583863,0.24985170487974262,0.08247856933675894,0.12599147324704266,0.07341843471714546,0.09060659877715775,0.10131470150265749
0.07739825200992756,0.006763719299194111,0.12317465251438564,0.26976011907619996,0.06187343263350159,0.0788266015821109,0.3417166418957844,0.012214956716849343,0.028271624272046592
0.039063792514119684,0.08024963547709624,0.07125660048887812,0.03420506257042085,0.4342144578596663,0.07411524562143827,0.18306955104514402,0.007197169645478135,0.07662848477775845
0.10314884160632554,0.14105033342857404,0.10911867096014179,0.15624917874054786,0.11520101502211733,0.1253728547606374,0.03478666707931328,0.09103557033355729,0.1240368680687855
0.07219368966752963,0.1327866114633798,0.08937183243904438,0.07883631303782407,0.08232871591934837,0.11113046755841476,0.06495465526132134,0.2406852122795375,0.12771250237360018
0.09728017748632545,0.13871628659359017,0.10057385457549424,0.14174078135885496,0.15423353211019752,0.1254808199192018,0.034850322474854506,0.08291245288810649,0.12421177259337486
0.08128637289771506,0.008031042291309453,0.23157083637547746,0.1815138189111106,0.03875528457896296,0.06783677208159157,0.3010525336613453,0.037285017936199545,0.05266832126628799
0.09808130437988011,0.14622586121173783,0.11424026864500748,0.1434067546565133,0.14125493483863405,0.12680820308807442,0.038389101649222684,0.07623054805186284,0.11536302347906728
0.4289195497322071,0.17791775658969397,0.06466679894493053,0.0547879879280521,0.08146103286532537,0.06841659877530266,0.041611460522515825,0.04224097704834321,0.0399778375936293
0.0738642796489699,0.1340583790909247,0.08970618962334753,0.08244988336836709,0.08822861733220773,0.11271396157845957,0.06158217569841029,0.2280111137976805,0.12938539986163272
0.34149050708572143,0.08077716809910074,0.12353293012129767,0.05669243185513525,0.03638975974935349,0.1403426168619828,0.16746092006653845,0.021168928657032817,0.032144737503837444
0.08020370680164483,0.13446561746590135,0.0926474475981454,0.09877914412159454,0.07191434294674559,0.11308132337386079,0.0512915784753722,0.22625828358399622,0.13135855563273915
0.10456313975858851,0.14046993887846634,0.11026258434264792,0.16073373021002532,0.11965073662319871,0.12548478537788435,0.03367282694875906,0.08367545568536473,0.12148680217506491
0.05350146548732413,0.14431427506614042,0.07029592426366403,0.061540512949977234,0.12573565655296134,0.081459499592455,0.20116737032423093,0.03406426710947783,0.2279210286537691
0.08557508951878852,0.1363767689947515,0.09157802463656073,0.11165943567069099,0.18094688101815845,0.12317570162160103,0.040785496794358826,0.10233321409374928,0.12756938765134065
0.08593936121053809,0.1378970514816053,0.0957173579509179,0.11103955777516268,0.07989933684894274,0.11709976932879457,0.04658367211665692,0.1925702520631368,0.13325364122424496
0.08622269190599269,0.138144906387064,0.09541917536735184,0.11141782877966878,0.08019586874756705,0.11724441226658376,0.046490770733770566,0.19152833740359013,0.13333600840841112
0.10879891199593672,0.017339038480607073,0.25509195303187965,0.07964752749338312,0.0505994344290438,0.11382760237865243,0.25091903277121747,0.04618342560803353,0.07759307381124628
0.3157908676097137,0.14304100005079526,0.11951462103220623,0.08326394950668038,0.10684079330313644,0.11207907317179899,0.042376373410636305,0.03320345215027873,0.043889869764754
0.07389416483682563,0.12994221295793448,0.08972129602935575,0.08549785491872451,0.06342462911078502,0.10834166480059922,0.05875560511752569,0.26306735689993976,0.12735521532830993
0.10774987080913993,0.10281096117114796,0.09642320679156646,0.20900220537959754,0.12107368896548243,0.12893366685202604,0.040371604109493316,0.07598975828065965,0.11764503764088673
0.08164220665401978,0.14541411795743822,0.10302256070351797,0.11615323805553823,0.13879958778931697,0.12314860205638745,0.05114490655280382,0.13027474492591806,0.11040003530505943
0.06329301705549563,0.11051827292769478,0.07863809411924576,0.06759940496152668,0.38615605682182164,0.11285619664817481,0.045090614703449466,0.046317467160016924,0.08953087560257422
0.42983790360536295,0.1662280045976029,0.06700226684795556,0.04216398559452328,0.08799555753657003,0.06100009168066504,0.04700750619183219,0.0527437950091229,0.04602088893636522
0.0628729947772639,0.1230935607703302,0.10678826317494026,0.05147788787692694,0.03826678204479997,0.1031328119793931,0.11827832562904106,0.2905831820820796,0.10550619166522501
0.2411370966405779,0.18580836176754736,0.07748626657672406,0.09844335788212688,0.09845855346565824,0.09891545488295095,0.042316048778849424,0.06530882143690636,0.09212603856865885
0.11733239340493505,0.15547119101848358,0.0756246272095395,0.08261671628419683,0.0985884105207769,0.10773643474729015,0.053374307847149104,0.18743924761909403,0.12181667134853484
0.04706198376130117,0.08049942348680378,0.10940668031132911,0.036849363674507106,0.49944278303117456,0.09479396751550272,0.0663724259165729,0.016607325409595666,0.04896604689321293
0.07513644936782048,0.13363760981791048,0.08291161735976589,0.06159229695698609,0.04820303649339754,0.10012333823594875,0.09246494962063301,0.28425934528104896,0.12167135686648883
0.10651582483658144,0.1412891964272044,0.1071212933100167,0.1635964053586067,0.12297348314121503,0.1258820698891815,0.03310566278768439,0.07943270754836741,0.12008335670114245
0.10298225907650238,0.14494482834249947,0.10727423624952849,0.15483275744266667,0.11497387950979614,0.12394799687726349,0.03708166509662051,0.08080504663273742,0.13315733077238542
0.0968268163257164,0.14196205555241886,0.10254514305731559,0.1369172046361554,0.09852675401729157,0.12339795112426111,0.03951212361480438,0.1288303425196237,0.131481609152413
0.09902682634364653,0.15130825804264045,0.10391969784034734,0.1439502916659977,0.10653583911153212,0.11991476615366041,0.04395174784335285,0.07409855209069949,0.15729402090812308
0.09126376818630007,0.19204008794649785,0.10746120623844375,0.12588309463165887,0.08942769331598299,0.14082669040140397,0.06524615997243902,0.10438266295247817,0.08346863635479529
0.06822013969825283,0.008500675109521159,0.22138554796264617,0.0400294568884715,0.03883447746307969,0.054632822062842895,0.4624906376228159,0.018087364939748368,0.08781887825262147
0.0964185040206823,0.16426162884052012,0.09534784081668722,0.12029880148696048,0.0775282589620884,0.1386625776439545,0.0574413879077327,0.13937824288342263,0.11066275743795163
0.08286566179834622,0.1547554108050767,0.08834579155664514,0.09404497758527564,0.06838554662745838,0.12057820098872396,0.05741592139055657,0.212899572163008,0.12070891708490943
0.08721284111792638,0.14294554720901811,0.09570939036673792,0.11229803066726968,0.07985912998015825,0.117630673152767,0.050240167768271414,0.16874724040916092,0.14535697932869038
0.07892264298165556,0.13323616039457375,0.08599477383716998,0.08312544153055211,0.06353009868405778,0.10676044019674769,0.059284193664577996,0.26344309480419265,0.12570315390647266
0.1014870544294272,0.14205153536985984,0.10599921263681938,0.1499578575227048,0.1094925310941307,0.12510794464195396,0.036382906046862305,0.1023154529707645,0.1272055052874773
0.437245970259019,0.15263587425186873,0.11044494848709303,0.026404512872402783,0.06913286207886939,0.046955994799761834,0.0744971883207947,0.04566153665297606,0.037021112277214524
0.10651582483658144,0.1412891964272044,0.1071212933100167,0.1635964053586067,0.12297348314121503,0.1258820698891815,0.03310566278768439,0.07943270754836741,0.12008335670114245
0.08222609947497249,0.13579800113686366,0.09347621851851289,0.10293913207352719,0.07461219496278763,0.11451285096447866,0.049541802963976526,0.21467853242048843,0.13221516748439258
0.10666435783820834,0.12057939487365148,0.12667482770462368,0.21150209232572614,0.08178530980377725,0.14726917019855262,0.055242957563632296,0.07185794121339349,0.07842394847843469
0.09735261112776779,0.0807656642529078,0.13133574133480916,0.27438136361395943,0.05516173316658165,0.14154425908588716,0.10649661013810048,0.060146366165448495,0.05281565111453801
0.08043186264748302,0.13285580136101896,0.08754759560824861,0.10048525832374537,0.21657049072580023,0.12157265078943837,0.042269334814098246,0.09523139868472662,0.12303560704544055
0.10513886500075305,0.14072373013087172,0.10931812554251182,0.16158430504169868,0.12062468554263317,0.12561030308212004,0.033507610583644896,0.08240048258248446,0.1210918924932821
0.08341094096363726,0.0877053258946441,0.1961637283401864,0.11525404874294438,0.13590923505152244,0.107267285720756,0.08412311340374899,0.04137074586929846,0.14879557601326196
0.06721097204848366,0.12142984941564626,0.07701075979515953,0.07235320777491391,0.32064306538005377,0.11564392384792439,0.050422660114971624,0.07286972863936116,0.10241583298348561
0.09532484952781385,0.1853792294538573,0.1055365449448985,0.12262268620119403,0.08991427881622294,0.14983268582835435,0.07013613900735892,0.10023047347709785,0.08102311274320224
0.06575146487952824,0.0012477777436106325,0.14837118377468891,0.3306833208863335,0.0898497794609978,0.07044709266319311,0.26154760854806874,0.009573770664921806,0.022528001378657195
0.11337972551221114,0.1381245038020749,0.14438166372176078,0.1226021217618508,0.048239389726692256,0.17230071909644096,0.17839600981057088,0.03166043441614665,0.05091543215225177
0.09143229532463347,0.04980566479674592,0.13514630857263246,0.28635797219877734,0.06445747894464653,0.12876347880894506,0.10299697437536513,0.07023984566843738,0.07079998130981674
0.09445054613121799,0.13125458955869207,0.09299766294217933,0.1311841603244279,0.0785083714754458,0.11943488713379169,0.051086617853067416,0.1796195859481794,0.1214635786329984
0.10651582483658144,0.1412891964272044,0.1071212933100167,0.1635964053586067,0.12297348314121503,0.1258820698891815,0.03310566278768439,0.07943270754836741,0.12008335670114245
0.2241250044279989,0.17171669511362278,0.07400576705853561,0.10939152279919345,0.11385803211016461,0.10267816636548281,0.033657043630709406,0.07497124234206042,0.09559652615223212
0.4234062175466439,0.16972330123273274,0.06547278214048341,0.041777138001409454,0.08471722727955987,0.06122075213780679,0.05217846471233162,0.05282163597096262,0.04868248097806956
0.10651582483658144,0.1412891964272044,0.1071212933100167,0.1635964053586067,0.12297348314121503,0.1258820698891815,0.03310566278768439,0.07943270754836741,0.12008335670114245
0.10269333908058027,0.19980645346376666,0.09623608467998757,0.11980178254470143,0.0839364823166769,0.14561244977184765,0.05405635047071117,0.0925237709741094,0.10533328669761897
0.07572078448347867,0.00620965368153053,0.19266840746075423,0.26537767817654395,0.04088976159642032,0.059160371972302395,0.28692829502561185,0.02901438452516386,0.04403066307819425
0.04563496138666338,0.09240699662172258,0.06365290133441863,0.03790912401210763,0.4393868512096149,0.09093008883704355,0.15395668639835058,0.004782743441463222,0.07133964675861544
0.06342079566719726,0.12018129227158668,0.13018351025593097,0.055564381813046716,0.04108335480727993,0.10402418118383348,0.09532236855936667,0.27907649421700786,0.11114362122475036
0.06695934832993496,0.12405106425673089,0.08914639170451966,0.07023034889072355,0.05317559871498014,0.10325769494981807,0.07368473795277797,0.29970054747592134,0.11979426772459338
0.27810279914659947,0.16465878410753126,0.12849445906837634,0.07564181229816828,0.09819924533151357,0.08325929542049797,0.030862407004037366,0.0630308691268097,0.07775032849646611
0.09904444091149422,0.14484913699742094,0.11099997266186368,0.1571124823253632,0.09983674349208486,0.12466282365443321,0.03839528916351655,0.10728808440120609,0.11781102639261724
0.444789797882242,0.14269496004111284,0.08303235217981503,0.07796795659871004,0.06204349939003815,0.07659193964341389,0.05400845225978599,0.02652075259205981,0.032350289412822315
0.34334348631209305,0.17928905453079477,0.059385243871327036,0.047376347499654164,0.10288317678915115,0.07321337267758082,0.05823028755246784,0.06816433832181602,0.06811469244511516
0.10514230751470459,0.1407252171078516,0.10931252367772404,0.1615893751915083,0.12063052393492096,0.12561103265166973,0.033506617502616305,0.08239291893556584,0.1210894834834386
0.23865926105598909,0.17372199917662992,0.07181326353874035,0.10103067449597103,0.10944201940647454,0.0994640854346842,0.034886109265377975,0.07817271983228755,0.09280986779384531
0.09187748349983216,0.133483973112427,0.10446309502302553,0.17721947489367254,0.0713210679615862,0.12109046883859605,0.09416226755008324,0.052475463246741814,0.15390670587403552
0.10651582483658144,0.1412891964272044,0.1071212933100167,0.1635964053586067,0.12297348314121503,0.1258820698891815,0.03310566278768439,0.07943270754836741,0.12008335670114245
0.08853817040330371,0.13632761516299488,0.09307059526366908,0.11971853179642265,0.1834252829029718,0.12400024261146458,0.038073489861654236,0.0909286674813513,0.1259174045161677
0.10651582483658144,0.1412891964272044,0.1071212933100167,0.1635964053586067,0.12297348314121503,0.1258820698891815,0.03310566278768439,0.07943270754836741,0.12008335670114245
0.07839125475016713,0.1332871580087756,0.09151472699572799,0.09485810467741602,0.06943029157148432,0.11171862832850182,0.05318625511393332,0.2371924981281391,0.13042108242585468
0.09991508443494578,0.08770507074353871,0.1118515671610265,0.24410657950674064,0.08415879840019025,0.1284073430717166,0.06129168811058395,0.08658594609397507,0.09597792247728254
0.06441988580448255,0.12188309389848524,0.09124275995312654,0.06331781739153486,0.04810821651015295,0.10182802732949892,0.0850965563399515,0.3089109264695869,0.11519271630318058
0.0689817785072037,0.12581010321956118,0.08896255573201618,0.07502377516526736,0.05648363919191734,0.10468781498248181,0.0678458434427666,0.28968365640476385,0.12252083335402202
0.0717593066035249,0.13543163458878493,0.08960213868876422,0.07501481620559615,0.11087088120749587,0.11427812623977822,0.06866921582624798,0.20748328454538767,0.1268905960944199
0.07295025306224386,0.12917233494039904,0.08951925080601619,0.08356059181538456,0.06215918701065588,0.10763844556806397,0.06015220514084413,0.26827775323355824,0.12656997842283413
0.1636667579570456,0.16090208603549438,0.09667398068471739,0.07818709845515598,0.06223948210018043,0.12728571322851795,0.07041871741766692,0.16811312726329183,0.07251303685792958
0.09479809074932442,0.1425528576675987,0.10526258490952463,0.14671996890757563,0.13926521443372405,0.12550540440007427,0.03776186585010632,0.09123888826834213,0.11689512481372984
0.06784072211821914,0.12478559026654755,0.08914803194969544,0.07246421134839165,0.05471668236752506,0.10388632376876021,0.07077339789917497,0.2952960712995319,0.12108896898215404
0.10477166011054952,0.14056302956530964,0.10991877283412906,0.16104239796869105,0.12000291987902466,0.12553104960911335,0.03361318791821157,0.08321137892187254,0.12134560319309869
0.09653273722931895,0.14263594793237167,0.09782973823319781,0.13463604929468104,0.09708462902012693,0.12361274306302601,0.04040491864688912,0.13518221364698443,0.132081022933404
0.08000393685640224,0.15552445288955877,0.09696204782166323,0.09069874925828687,0.14544224696219224,0.1429485502886568,0.1109576555485909,0.09021367032814041,0.08724869004650848
0.07006852435762355,0.01406076734478282,0.21271624305655515,0.10684884635404368,0.031903810620174396,0.06710837713898156,0.3820737348375369,0.025113297921802197,0.09010639836849964
0.10160128828925448,0.023261487418937046,0.14234900577949097,0.2788844060806087,0.05865018043059019,0.12937759638113736,0.17035652005952598,0.039359854107338395,0.056159661453116905
0.06344866915674864,0.12142158250940188,0.0933664220382348,0.059317926343940675,0.045022308559454244,0.10162969555156502,0.09416765938301112,0.3094167189424377,0.11220901751520594
0.10413732903334548,0.14117650599971662,0.10854267508420275,0.1584042614810042,0.11741125673628423,0.12556066042074507,0.034303285225079,0.08748346063857815,0.12298056538104452
0.09042812227121318,0.13990507311094305,0.09895735344385052,0.12146964848344337,0.08697176818099646,0.12000846949017963,0.043417349277770446,0.16538336461451122,0.13345885112709202
0.08585631324336722,0.13584295425502954,0.07085572802490274,0.06018014837743845,0.2924852902055269,0.10852124887549697,0.06160665376655344,0.08717203363889892,0.09747962961278585
0.08425085199189887,0.13699078023280234,0.09463229964971996,0.1072994111535376,0.07744350218306711,0.11593805018883198,0.047882145733912605,0.202692178257198,0.13287078060903143
0.1107956106110991,0.14782370034332862,0.12675119201845095,0.09598082608727677,0.04324194616243143,0.17641561643864714,0.1984315088288925,0.053203040442607846,0.04735655906726569
0.09322932392985495,0.14029625107419966,0.09793295568593689,0.1290073773176982,0.13631402328689388,0.12452893425764118,0.038982231319607576,0.1092524555901953,0.13045644753797234
0.10518349013231613,0.14074297747195433,0.10924555099224492,0.16165001428632758,0.12070038176411957,0.12561974108061283,0.03349473260421975,0.0823024909220758,0.12106062074612915
0.09339661857402494,0.11543482033727963,0.2282919773231513,0.1257466821833565,0.10694462729313488,0.11427901082073959,0.02960329956288195,0.07473120204508954,0.11157176186034172
0.07723856252786561,0.1324479175457646,0.09111126744180298,0.09251553568282772,0.06792189957618189,0.11087468423952912,0.05440878818624184,0.24373849836246228,0.1297428464373239
0.08902172109352345,0.01844133361969456,0.2678712571111614,0.12031164691809915,0.036900177954499735,0.06542789048241011,0.3261242356213227,0.03125450117774948,0.04464723602153941
0.07063485050027472,0.12723935086060645,0.08907503570046836,0.07865911067052068,0.05892941760418687,0.10590440535723845,0.06422300807316088,0.2809642221064967,0.12437059912704702
0.10840903299441575,0.1443957492401974,0.12898330676206898,0.12727142525091353,0.04501368858380058,0.1732746628204985,0.16381500077530425,0.06288010241016428,0.04595703116263681
0.08779910555130743,0.194817268769127,0.11306531349366257,0.10366433169047178,0.10993204162696686,0.1368457706297608,0.0809820727609648,0.07716203967843228,0.09573205579930648
0.08502812218010769,0.1226790229606257,0.14801264856154536,0.18408538507720074,0.06159487697267386,0.1143505257526805,0.05621874886489389,0.14176807304965547,0.08626259658061673
0.08524146923590924,0.0015211314434163449,0.15344628048817752,0.010206399951240166,0.41975460599533276,0.041399888082818075,0.26575620254420795,0.0005243392663726447,0.022149682992525285
0.08991880189238037,0.03790257854309603,0.17769311853714362,0.2313706109901401,0.07146190950685455,0.0901424206607387,0.10332117217910979,0.0865694990765404,0.11161988861399652
0.07449206709684342,0.13399993952146602,0.0895040574159781,0.08409713593665703,0.08490481411406053,0.11250814171148427,0.06025936844697418,0.2304997452826021,0.12973473047393433
0.07078699437140862,0.10131533592713982,0.08019581745726419,0.0879920636856409,0.4060026307414591,0.1163326840773804,0.02923719911234873,0.02353393391072917,0.08460334071662902
0.10651582483658144,0.1412891964272044,0.1071212933100167,0.1635964053586067,0.12297348314121503,0.1258820698891815,0.03310566278768439,0.07943270754836741,0.12008335670114245
0.09051457129483825,0.14042482795677622,0.0963537215422533,0.1214135510436493,0.12644142948027084,0.1233470864879045,0.04154624656672482,0.12726102486928867,0.13269754075829412
0.10510048939295182,0.14070712930568363,0.10938060939706273,0.16152777234324112,0.12055961350663381,0.12560215325545995,0.03351867687849791,0.08248484718416725,0.12111870873630178
0.0812893994866488,0.13523744175368757,0.09285266938407855,0.10088855179985119,0.0733026503124768,0.11382754444023135,0.05039831005213317,0.22035859288011472,0.13184483989077786
0.10336661146658065,0.14156389042430828,0.10763211205563743,0.15577777267128123,0.1148759804868938,0.12548830075676423,0.03496256288068874,0.09189696426567971,0.12443580499216593
0.0739804737330982,0.12999745370304353,0.0898171960454927,0.08571263121628077,0.06355697295960537,0.1084157992280267,0.05859919369055545,0.2624901978768516,0.1274300815470457
0.3568137768957813,0.17435105616774813,0.06280758918706021,0.062022655447903786,0.09497091099596326,0.07714600896127376,0.03967585762684084,0.06849756344902723,0.06371458126840153
0.09025712077610866,0.0057641829889929184,0.2515415841672293,0.12963621623392704,0.043209772041141514,0.05480701116340211,0.3621654401140341,0.02390655959531118,0.038712112919853124
0.10643770213248742,0.14567355088601056,0.10387843235814931,0.17603716996098565,0.11719764305546565,0.12737075672028927,0.034414090628964306,0.07769341254163788,0.11129724171600992
0.07268065117683065,0.13669816564665824,0.10217699395950201,0.0945407713828375,0.0559388741538194,0.10939069930390498,0.06619194997254581,0.25543723962244247,0.10694465478145902
0.10002894030795134,0.14604774343974258,0.13707647152956892,0.04957935823921054,0.1063814965986521,0.16921724758242848,0.23792693775834373,0.01818150077143753,0.03556030377266485
0.09455116914423933,0.14148795081398305,0.10090917794358338,0.13102212454797493,0.09398646321109196,0.1222830569567561,0.04096294518087137,0.14216541247554412,0.1326316997259558
0.0815277956230832,0.1299840747195873,0.13990519982248564,0.16119306366348918,0.09504373337253275,0.11851690322171754,0.06869914026523466,0.11191343598637309,0.09321665332549671
0.08495896777020977,0.13737490385922432,0.09510320958354002,0.10887064075527308,0.0784687983697099,0.11643149890336979,0.04732192576249914,0.1984214769031342,0.13304857809303983
0.10603417283910277,0.0885315639942326,0.10143257081092351,0.23856780551943854,0.11259893415551119,0.12859883399861885,0.0460797005403919,0.07127966157630354,0.10687675656547711
0.0939471231448284,0.14009179022122326,0.09837584997419586,0.13120557554577453,0.13998344117978237,0.12479915281624887,0.03821126461628299,0.10386595515293606,0.1295198473487276
0.10651582483658144,0.1412891964272044,0.1071212933100167,0.1635964053586067,0.12297348314121503,0.1258820698891815,0.03310566278768439,0.07943270754836741,0.12008335670114245
0.0769899820751938,0.14159085849776373,0.14264238649684438,0.13373681223098335,0.03595101457315647,0.12245870876234029,0.13611017164842806,0.14125171471834014,0.06926835099694979
0.08384215880247502,0.1367996637987093,0.09418831645420651,0.10630649897169277,0.07681520736858423,0.11563202125990464,0.048259685836341736,0.2053931075433525,0.1327633399647334
0.42159867440473925,0.1249277864907246,0.1664111250755083,0.03302779024056549,0.045858707263430686,0.04393649619947667,0.08584683260321922,0.041156231951493975,0.03723635577084195
0.09735461914357509,0.15744818977985778,0.11731840151902197,0.12854601407931301,0.049939576090675085,0.1566208879027846,0.1185134949897928,0.11266569819245224,0.06159311830252734
0.08651930694221893,0.142484994915861,0.09036414723159852,0.1223161450377747,0.2020056714747126,0.11414156985965118,0.042100503135449725,0.04338603745996784,0.1566816239427655
0.0979717625427126,0.08759998588558726,0.13320598575625148,0.16042073672388205,0.035914301347571835,0.15219178551377474,0.2524753303581952,0.03932903321222737,0.04089107865979748
0.10651582483658144,0.1412891964272044,0.1071212933100167,0.1635964053586067,0.12297348314121503,0.1258820698891815,0.03310566278768439,0.07943270754836741,0.12008335670114245
0.06130474022152269,0.10828412676875838,0.07880398159777469,0.06319956887945868,0.4004996808406161,0.11147254983108133,0.047446458240044065,0.04363728032523597,0.08535161329550793
0.06614229029305148,0.14007219084942493,0.07424094415168954,0.0811906558812888,0.24412170160527566,0.10106168003534148,0.06995754055407144,0.0343158731422723,0.18889712348758425
0.0829727836109622,0.10840141166146104,0.09003726093816122,0.10050958164549299,0.2971711193666427,0.13210210002932296,0.03323279712364023,0.04705712368372786,0.10851582194058883
0.1051331944204729,0.14072127995700828,0.10932735423458419,0.16157595296901253,0.12061506880018147,0.1256091007754161,0.033509246274415073,0.08241294313868237,0.12109585943022715
