0.0019151790205193212,0.02002609028299531,0.23141685582713087,0.05956481805173278,0.03744528602361782,0.05956527811045704,0.20641180115617289,0.2340380266878723,0.14961666483950178
0.031062841595702318,0.02202723440588475,0.26918574288061503,0.07186902191927605,0.0415530126732469,0.07186959411411291,0.08974003697071566,0.2435601136207756,0.15913240181967084
0.0022946533947960815,0.021844189637898744,0.26691378779856906,0.07257983384795755,0.05030675916103065,0.07258028952851324,0.1296915717835268,0.26180170337072145,0.12198721147698639
0.0027425390882656405,0.02937296324544772,0.27380928181519376,0.07449990075154032,0.042872285928505914,0.07450067492520109,0.09077952725736634,0.246288872067478,0.16513395492100122
0.003104101664586998,0.023435181239347846,0.2890575504575506,0.07154166197152931,0.04408573536636379,0.0715422314691649,0.10566520921490562,0.23476204792638944,0.15680628069016148
0.0028924741953591884,0.023959100161518712,0.287390088945723,0.07446567332558994,0.04389344498774877,0.07446626697504732,0.10015851718262288,0.24613055293843725,0.1466438812879529
0.00485755454799884,0.021181905797368297,0.33615852372217797,0.06729350874683337,0.03770641850594956,0.06729390694007405,0.06880921704740929,0.23624935852424708,0.16044960616794146
0.0006503240491142584,0.024074503592458357,0.1262534858570171,0.05967221417780357,0.02063111513474989,0.059672689111704924,0.44959518236018264,0.11045556065057054,0.14899492506639875
0.003104101664586998,0.023435181239347846,0.2890575504575506,0.07154166197152931,0.04408573536636379,0.0715422314691649,0.10566520921490562,0.23476204792638944,0.15680628069016148
0.002424715980082532,0.023867358198916413,0.2895997846713462,0.08106425946766412,0.046940049013400785,0.08106457188620468,0.09104689908967196,0.30008493086448945,0.08390743082822379
0.002695307049046837,0.0304567866210238,0.27407731242236305,0.07191353525646323,0.0424553901601954,0.07191410879638925,0.09614981981090891,0.24712123736545064,0.16321650251815886
0.0026420061886836105,0.026099774097492482,0.34541032654759224,0.07152071209375117,0.03866269872041903,0.07152116490311676,0.07818790717647511,0.1960970450474134,0.16985836522505626
0.0019585136395053448,0.03240820863907414,0.27569343341881125,0.09121883232365231,0.061204349601746026,0.09121938781374482,0.05896983566565673,0.2614085559818596,0.12591888291594971
0.0027511137122706703,0.026866473399346686,0.3049816567023098,0.08293722815303227,0.04696014854341623,0.08293775763550514,0.09139297992812447,0.15459471722047594,0.20657792470551883
0.00273894692987576,0.029489020451836722,0.2736275044597806,0.07452974057459148,0.042856545213464124,0.07453051704262828,0.09060686337396451,0.24640222777659163,0.1652186341772669
0.004699078633923901,0.022530772006932917,0.274091843076194,0.07287403306418376,0.04326200705043718,0.07287443657607003,0.09585292063745675,0.2486618855493912,0.1651530234054102
0.009362823682990185,0.031722374024238165,0.24661509149314273,0.11477131994597799,0.047331417145518674,0.11477227094225158,0.022851977896812033,0.19537362209135334,0.21719910277771537
0.0020075319598145147,0.020994498591716603,0.2542604124161388,0.07197001494352545,0.07397204617430791,0.07197046058668938,0.11867290430415521,0.26589238870875187,0.12025974231490018
0.00300398409809797,0.022954527323853762,0.30051191782335773,0.059939983358348485,0.03309018306615329,0.05994045046103799,0.13192813468855083,0.23683480462351167,0.15179601455708833
0.002878915059926846,0.022079733591576348,0.3037078855717207,0.06926921248967104,0.042652107122311315,0.06926976549326885,0.10169368801174779,0.23192585679942077,0.1565228358603564
0.0024570717927572855,0.04347665998725483,0.3066039110391865,0.09322318868324153,0.04182047859463209,0.09322393193492344,0.06987407572042471,0.18214285048008608,0.16717783176749348
0.003104101664586998,0.023435181239347846,0.2890575504575506,0.07154166197152931,0.04408573536636379,0.0715422314691649,0.10566520921490562,0.23476204792638944,0.15680628069016148
0.002948107406159079,0.023122830915529205,0.29839790861686877,0.07927822834491076,0.04770347181204632,0.07927885642802542,0.0941355655099344,0.27277272523040225,0.10236230573612375
0.0027888280380791914,0.023505240219229232,0.28927787932118465,0.07540822013562383,0.045140415437330765,0.07540867950807806,0.0995670789973459,0.26024649954478163,0.12865715879834674
0.0028600098587463953,0.021968271987901706,0.3048645757067143,0.06907559099800353,0.04252550087972792,0.0690761425154383,0.10131183565273709,0.23174177406290886,0.1565762983378218
0.0019116888142465388,0.07888866348745253,0.26216046472826143,0.09498237892400001,0.044651472585033575,0.0949831484150378,0.03841728190167327,0.15687356049898052,0.2271313406453143
0.003104101664586998,0.023435181239347846,0.2890575504575506,0.07154166197152931,0.04408573536636379,0.0715422314691649,0.10566520921490562,0.23476204792638944,0.15680628069016148
0.002671438280529067,0.022631292526023795,0.2745074777453547,0.07566570214577861,0.04349264635756827,0.0756665805269318,0.0929280522092732,0.24889705849650356,0.16353975171203702
0.0020527042149788813,0.02024566548719185,0.37767606687765615,0.06068442619477158,0.03472551815586814,0.06068489840010924,0.06873771174586005,0.2286405092454943,0.14655249967806985
0.0031331053959666854,0.027614648130786082,0.32274029993872805,0.07994543439464345,0.04819304918313549,0.07994591232355576,0.10342762285284716,0.13320804760124197,0.20179188017909522
0.0027202652677444793,0.03001464749358618,0.28473698883906096,0.07752411046525441,0.04583836531516237,0.07752473070095821,0.10497778104369694,0.19067772921208456,0.18598538166245193
0.003104101664586998,0.023435181239347846,0.2890575504575506,0.07154166197152931,0.04408573536636379,0.0715422314691649,0.10566520921490562,0.23476204792638944,0.15680628069016148
0.0025795587873096706,0.02211335720503441,0.2623708918894095,0.07247073066001283,0.06631475224858578,0.0724714710596774,0.08381842438239967,0.24732767174621503,0.17053314202135575
0.003104101664586998,0.023435181239347846,0.2890575504575506,0.07154166197152931,0.04408573536636379,0.0715422314691649,0.10566520921490562,0.23476204792638944,0.15680628069016148
0.002815967078938717,0.030509095266938912,0.2735530878934378,0.0721132194276748,0.042555666581844405,0.07211368005182572,0.0929379638284996,0.24624142866897128,0.16715989120186878
0.0018476810313081723,0.14960370739553364,0.2575747304721162,0.09289981500243705,0.04944875515354882,0.09290055459968265,0.022408912439741083,0.10538696912800007,0.2279288747776322
0.002598255047068395,0.02195911202462165,0.2617666250598673,0.07087096536408304,0.04139505951801938,0.07087133894609944,0.1370813881972775,0.23713442256734,0.15632283327562324
0.003104101664586998,0.023435181239347846,0.2890575504575506,0.07154166197152931,0.04408573536636379,0.0715422314691649,0.10566520921490562,0.23476204792638944,0.15680628069016148
0.003104101664586998,0.023435181239347846,0.2890575504575506,0.07154166197152931,0.04408573536636379,0.0715422314691649,0.10566520921490562,0.23476204792638944,0.15680628069016148
0.0028253394739174535,0.029644533250903868,0.2807215204147127,0.07242884944503725,0.0430665618278332,0.07242942615960846,0.09904521542038075,0.24121089992293074,0.15862765408467558
0.0019121161705794728,0.06707093997603573,0.2610566506778011,0.097635847093408,0.04525246045632012,0.09763664076418571,0.03726676731354841,0.15837665176401836,0.23379192578410316
0.003104101664586998,0.023435181239347846,0.2890575504575506,0.07154166197152931,0.04408573536636379,0.0715422314691649,0.10566520921490562,0.23476204792638944,0.15680628069016148
0.002915361067948591,0.02618479986240935,0.2884390950182477,0.07536742868848394,0.042143240857252566,0.07536802928610446,0.13355634947512718,0.18921551213253393,0.16681018361189226
0.0029271465623550825,0.024683978723644653,0.3062579212355971,0.07678717774093179,0.04764976965867226,0.07678778106697,0.10370955650298337,0.2903287538289157,0.07086791467993003
0.002910092521341148,0.022459234527290883,0.2704456606173369,0.06881417822795481,0.04179635884862667,0.06881472908566467,0.14476118400303026,0.22756183346597236,0.1524367287027823
0.003104101664586998,0.023435181239347846,0.2890575504575506,0.07154166197152931,0.04408573536636379,0.0715422314691649,0.10566520921490562,0.23476204792638944,0.15680628069016148
0.0017192157645830094,0.021690885509282037,0.3234106232457014,0.06946736089348225,0.036646694865843134,0.06946754172964502,0.06037825310471336,0.26371219311403,0.15350723177271974
0.0027967197152625367,0.022909276942874437,0.2813657115658363,0.07336036865509289,0.04364407336436926,0.07336077245166898,0.10010768968128443,0.24236643213156148,0.16008895549204963
0.0032919640215045543,0.027673832992888458,0.3306360709525691,0.08019991486595343,0.048791880620503325,0.0802005423881489,0.10711475836435565,0.1276396529465055,0.1944513828475711
0.0030610687892466755,0.026685977700013474,0.3067065334396526,0.07667980208858992,0.04579662777103031,0.07668040569203353,0.14561967750439406,0.13031464926586203,0.18845525774917737
0.003104101664586998,0.023435181239347846,0.2890575504575506,0.07154166197152931,0.04408573536636379,0.0715422314691649,0.10566520921490562,0.23476204792638944,0.15680628069016148
0.003104101664586998,0.023435181239347846,0.2890575504575506,0.07154166197152931,0.04408573536636379,0.0715422314691649,0.10566520921490562,0.23476204792638944,0.15680628069016148
0.0044182654606242915,0.01976228295470566,0.41629681293965204,0.07487704332297164,0.04338870324144014,0.07487761862043978,0.049656306825167494,0.21711690803506853,0.09960605859993037
0.002580479340192472,0.028688183057194422,0.2909864802335545,0.08225500182848657,0.04170562573886486,0.08225550278970424,0.12575465862596888,0.16337065978644152,0.18240340859959248
0.002779103942078469,0.030526869233030354,0.27997162149183935,0.0726782868526742,0.04296257308833002,0.07267886750548427,0.09800430821421219,0.24117530406538457,0.1592230656069666
0.003104101664586998,0.023435181239347846,0.2890575504575506,0.07154166197152931,0.04408573536636379,0.0715422314691649,0.10566520921490562,0.23476204792638944,0.15680628069016148
0.003104101664586998,0.023435181239347846,0.2890575504575506,0.07154166197152931,0.04408573536636379,0.0715422314691649,0.10566520921490562,0.23476204792638944,0.15680628069016148
0.009323334068282391,0.020229336814067564,0.22406650542897746,0.06630695062778526,0.045525849174407634,0.06630734951753788,0.16231903720244056,0.24340834040969242,0.1625132967568089
0.002972863605619356,0.023258626813853652,0.29589479046873207,0.07598878236812084,0.04638147737759831,0.07598938566654966,0.09957532765801708,0.2566836185417228,0.12325512749978618
0.007141385009642269,0.022938205622818505,0.27527272020032617,0.07509006009518958,0.04315538730308147,0.07509049618360485,0.08969255904284228,0.24265640255197263,0.16896278399052225
0.0033577363273122975,0.027604070955166805,0.27866426477516343,0.08523470925595478,0.05831421352541879,0.08523537192832364,0.1280674036787476,0.19175146078401714,0.14177076876989558
0.0027490368226346005,0.02366810497306597,0.2704109468739752,0.07121263991395749,0.060137702745131465,0.07121320605979256,0.08983414708922693,0.24548109877462476,0.16529311674759103
0.00697117443183664,0.023287822089577272,0.2861233169870654,0.07966076788636393,0.04525678715095307,0.07966140243481055,0.08871440049078082,0.26996376397105953,0.1203605645575528
0.003104101664586998,0.023435181239347846,0.2890575504575506,0.07154166197152931,0.04408573536636379,0.0715422314691649,0.10566520921490562,0.23476204792638944,0.15680628069016148
0.0026387893188269964,0.022556224866797994,0.27472573307381615,0.07559037281236498,0.04356687940298217,0.07559092710857868,0.0926501783909086,0.24919346785386867,0.16348742717185574
0.003104101664586998,0.023435181239347846,0.2890575504575506,0.07154166197152931,0.04408573536636379,0.0715422314691649,0.10566520921490562,0.23476204792638944,0.15680628069016148
0.0029337908576071176,0.02260661757654096,0.2731580751133882,0.06922246546094271,0.042122954823864876,0.0692230191638993,0.13840135561362615,0.22900635600971994,0.15332536538041078
0.0016762466539768119,0.01752170278804625,0.19473567837913128,0.05691208401326198,0.033696245249008085,0.056912536711814954,0.3000524016546797,0.21179490878942564,0.1266981957606553
0.00263426878643123,0.02343130747604268,0.29133248063308126,0.08161728008254358,0.0638287968480894,0.08161792584203181,0.07980802979539148,0.29557832356236247,0.08015158697402615
0.003104101664586998,0.023435181239347846,0.2890575504575506,0.07154166197152931,0.04408573536636379,0.0715422314691649,0.10566520921490562,0.23476204792638944,0.15680628069016148
0.003104101664586998,0.023435181239347846,0.2890575504575506,0.07154166197152931,0.04408573536636379,0.0715422314691649,0.10566520921490562,0.23476204792638944,0.15680628069016148
0.0025968525556126815,0.022590192910321518,0.2656077263464995,0.07306964080434243,0.043607600843198806,0.07307010957892636,0.12390782598038282,0.2649632850901492,0.13058676589056664
0.0021640075600001395,0.021916903687813138,0.2911727426453285,0.062251006739047654,0.032282538930525344,0.06225171918552049,0.15012118171539848,0.22566752978594154,0.15217236975042478
0.0031720985707911695,0.02763690870807201,0.3450333478086038,0.08688284715355686,0.052970696167637416,0.08688352174823406,0.10109757917495994,0.1475529786388328,0.14877002202931197
0.006447869514587291,0.023074025543323395,0.2949558412158317,0.07880964275310937,0.047193345514894514,0.07881027024964897,0.09315204850587906,0.19017423851405368,0.18738271818867222
0.0018759606357946549,0.08483922066351457,0.25884781061604,0.0948392200465565,0.04402688272876507,0.09483998854431645,0.03621390631813944,0.15746953273263584,0.22704747771423742
0.0023979895453654695,0.022146016339719674,0.35747003000309224,0.06793418573300765,0.04080165021088216,0.06793471639304237,0.08132316425497307,0.25937638311633726,0.10061586440358
0.003104101664586998,0.023435181239347846,0.2890575504575506,0.07154166197152931,0.04408573536636379,0.0715422314691649,0.10566520921490562,0.23476204792638944,0.15680628069016148
0.005852677487326635,0.02134499591146749,0.28934650006609103,0.08294444128664143,0.04319373580134623,0.082945106813817,0.10001631134159521,0.2868976269409618,0.08745860435075305
0.004536650305713322,0.030167027120402787,0.27209726070467855,0.07184508058407137,0.04235849815206427,0.07184565451010382,0.09516925879160619,0.2482481358700089,0.16373243396135082
0.003111844447596924,0.027064489618912075,0.30630624814828805,0.07767997087833316,0.04417492209470598,0.07768058656482343,0.09985434967301467,0.19430108567521007,0.1698265028991157
0.0026609165411800428,0.02237337604775762,0.30436565237985436,0.07201349807491227,0.042503468291124,0.07201407578700049,0.09508397792266626,0.24360277232984762,0.14538226262565743
0.003104101664586998,0.023435181239347846,0.2890575504575506,0.07154166197152931,0.04408573536636379,0.0715422314691649,0.10566520921490562,0.23476204792638944,0.15680628069016148
0.0021505962032967716,0.04438065979868616,0.2662140690290951,0.07647421552115392,0.034207945699823814,0.07647494778390578,0.1584696419089551,0.1606088424449509,0.1810190816101324
0.002597965970798525,0.022288568629915375,0.26136715726522186,0.06994370932116382,0.04238589192576,0.06994382885283223,0.09558912797266973,0.2606155706720372,0.1752681793896013
0.0030293091469054435,0.024065022771892697,0.2991836008383891,0.07425670305919434,0.04599536589168171,0.07425729014192521,0.10521303240224393,0.2616672843836207,0.11233239136414691
0.0022057133171831615,0.048982015865738714,0.26074921720644534,0.0742913756317717,0.0407727166978446,0.07429177635558604,0.08194513204658402,0.2528736839674697,0.1638883689113767
0.0025701073067593877,0.022001213070119565,0.2638781298859551,0.0698213064842698,0.06226237252780984,0.06982176108544934,0.10482843334468643,0.24380803951019456,0.16100863678475597
0.003104101664586998,0.023435181239347846,0.2890575504575506,0.07154166197152931,0.04408573536636379,0.0715422314691649,0.10566520921490562,0.23476204792638944,0.15680628069016148
0.008766163916681296,0.022593185082585746,0.2740268499047984,0.07518421390986663,0.04296808683168926,0.07518464312619111,0.08972843707410133,0.24543122032239947,0.1661171998316868
0.0024973914385358824,0.021568487425797814,0.34299413403249,0.06498648027151305,0.03857314838194285,0.06498699116779678,0.08406859397540417,0.23004134324289335,0.15028343006362604
0.003104101664586998,0.023435181239347846,0.2890575504575506,0.07154166197152931,0.04408573536636379,0.0715422314691649,0.10566520921490562,0.23476204792638944,0.15680628069016148
0.003104101664586998,0.023435181239347846,0.2890575504575506,0.07154166197152931,0.04408573536636379,0.0715422314691649,0.10566520921490562,0.23476204792638944,0.15680628069016148
0.003104101664586998,0.023435181239347846,0.2890575504575506,0.07154166197152931,0.04408573536636379,0.0715422314691649,0.10566520921490562,0.23476204792638944,0.15680628069016148
0.003104101664586998,0.023435181239347846,0.2890575504575506,0.07154166197152931,0.04408573536636379,0.0715422314691649,0.10566520921490562,0.23476204792638944,0.15680628069016148
0.017809602370507424,0.021270845987668475,0.2592208403038083,0.08368738398184111,0.04476475247069054,0.08368772260764018,0.07792460324832347,0.29876750301779403,0.11286674601172648
0.0023473970889137945,0.017520288395532,0.21837445790770238,0.0611190300159024,0.03769783610070699,0.06111952674026592,0.25862179389129586,0.20277746831617108,0.14042220154350948
0.0028838597815693304,0.023089773058578834,0.2775535670437263,0.07176443982157922,0.06147695551099195,0.07176501158354781,0.09203526464815703,0.23826977554654025,0.16116135300530934
0.003104101664586998,0.023435181239347846,0.2890575504575506,0.07154166197152931,0.04408573536636379,0.0715422314691649,0.10566520921490562,0.23476204792638944,0.15680628069016148
0.0020521582965759093,0.020444734852129425,0.2350806700889799,0.0652825058048756,0.05118683283122008,0.0652829106683309,0.16627164143831627,0.2383736066045413,0.1560249394150306
0.0018329081090403135,0.07854342463765672,0.2534030895814485,0.09774187317586373,0.04389510495695484,0.09774266841264599,0.032314801088419665,0.1601297450440808,0.2343963849938894
0.002954749519602192,0.031186758448739253,0.2809906136466585,0.07263846842154804,0.04310645184416332,0.07263904870908267,0.0955657485983557,0.23861371581019553,0.16230444500165486
0.003104101664586998,0.023435181239347846,0.2890575504575506,0.07154166197152931,0.04408573536636379,0.0715422314691649,0.10566520921490562,0.23476204792638944,0.15680628069016148
0.0027830882627573935,0.03566797928407477,0.2714023609132569,0.07190804641093253,0.04247132189884279,0.07190862158852089,0.09256649474232105,0.245261123312414,0.1660309635868797
0.002372875317162895,0.022190870456307923,0.3364151749683372,0.06436951396129877,0.038026998266117405,0.06437001890349324,0.08105514264258262,0.23693507492411428,0.15426433056058556
0.002574540167224871,0.028296380148804173,0.2445206493183901,0.0672788579562952,0.039115151976414714,0.06727940222482344,0.17616795557843623,0.223002844229469,0.15176421840014223
0.003104101664586998,0.023435181239347846,0.2890575504575506,0.07154166197152931,0.04408573536636379,0.0715422314691649,0.10566520921490562,0.23476204792638944,0.15680628069016148
0.003104101664586998,0.023435181239347846,0.2890575504575506,0.07154166197152931,0.04408573536636379,0.0715422314691649,0.10566520921490562,0.23476204792638944,0.15680628069016148
0.0027952174242057443,0.02290672542003695,0.2813230523614489,0.07337093538539076,0.043642033872421,0.07337133825405863,0.10007668325895136,0.24240694450492972,0.160107069518557
0.0032657885491128025,0.02782789695273129,0.3317937740613217,0.08049806972759416,0.04901068532209049,0.08049869845338979,0.10731115525237256,0.12213677123226357,0.19765716044912363
0.00485755454799884,0.021181905797368297,0.33615852372217797,0.06729350874683337,0.03770641850594956,0.06729390694007405,0.06880921704740929,0.23624935852424708,0.16044960616794146
0.00293593889464838,0.022619520883101513,0.2733993293408195,0.06925870958744632,0.04215226190083037,0.06925926354214527,0.13784159896501844,0.22913121592175592,0.1534021609642343
0.003104101664586998,0.023435181239347846,0.2890575504575506,0.07154166197152931,0.04408573536636379,0.0715422314691649,0.10566520921490562,0.23476204792638944,0.15680628069016148
0.003293173893574959,0.0277032052367511,0.33096248630134656,0.08027059292208318,0.048834972250531954,0.08027122090814039,0.10712702576845597,0.12676083827619075,0.19477648444292517
0.0019152665494181062,0.024029418928682076,0.2294961741385179,0.06391468301100123,0.03486443213176043,0.06391504176503902,0.19786087987136236,0.23351512667323707,0.15048897693098176
0.003104101664586998,0.023435181239347846,0.2890575504575506,0.07154166197152931,0.04408573536636379,0.0715422314691649,0.10566520921490562,0.23476204792638944,0.15680628069016148
0.002914758937950877,0.028109734266777032,0.3125999877459293,0.08299623867319043,0.04613884866480771,0.082996738034619,0.09263157805981088,0.22636687995462754,0.1252452356622873
0.0015719664110142404,0.018732043878327453,0.3184744256752498,0.05620334236978173,0.02997291328072141,0.056203545024688835,0.1405293254475221,0.2262868683494653,0.15202556956322913
0.003104101664586998,0.023435181239347846,0.2890575504575506,0.07154166197152931,0.04408573536636379,0.0715422314691649,0.10566520921490562,0.23476204792638944,0.15680628069016148
0.002737556735703251,0.02368743494788096,0.29339436239583255,0.0770712491859669,0.046224439428790946,0.07707166070934351,0.09770998990370396,0.2763604703090213,0.1057428363837567
0.0029970519803836936,0.028451906353084255,0.3195161206808093,0.08124497990716793,0.04639087123935171,0.08124562128576442,0.0999964832632899,0.22198924901106507,0.11816771627908373
0.003104101664586998,0.023435181239347846,0.2890575504575506,0.07154166197152931,0.04408573536636379,0.0715422314691649,0.10566520921490562,0.23476204792638944,0.15680628069016148
0.004047174492553496,0.021983342715160527,0.27031548972387953,0.07546639667207393,0.05977675135731764,0.07546688172686584,0.08520480723897939,0.27438054996749184,0.13335860610567787
0.0020642508818219433,0.020988531177247416,0.23565509058708448,0.06280390624821354,0.07290884311527764,0.06280439996496277,0.14327922383943348,0.2393607433453778,0.160135010840581
0.003104101664586998,0.023435181239347846,0.2890575504575506,0.07154166197152931,0.04408573536636379,0.0715422314691649,0.10566520921490562,0.23476204792638944,0.15680628069016148
0.007245965971551423,0.02227089473324308,0.2651287629509341,0.07059466345603017,0.04162764758872895,0.07059523110450021,0.12950182292053317,0.2339947519627111,0.15904025931176777
0.0029394627617691828,0.02120656138864789,0.24070529143825,0.06482213506597616,0.04341824954720929,0.06482253163874489,0.18468919084833801,0.2706412357011265,0.10675534160993803
0.0029582588178844785,0.02417695048971691,0.2809329176688972,0.07091884931452201,0.04348455419278171,0.0709194126093749,0.10240437607569595,0.24295911401055117,0.16124556682057567
0.011961305223375815,0.021692473503008503,0.25921336338776785,0.07449410356268564,0.061501164586324986,0.07449457087843288,0.07996088591504355,0.25138173511777834,0.16530039782558237
0.0024686744020669875,0.02152715849079759,0.34592691106743567,0.06490512572299967,0.03856008892804961,0.0649056366458833,0.08154298128029193,0.22979588062122605,0.15036754284124923
0.0017761863657988531,0.08591552498357453,0.263356735494467,0.1004604173946409,0.04217076305263968,0.10046123203632935,0.05582457385867793,0.11613408250554631,0.23390048430832544
0.003104101664586998,0.023435181239347846,0.2890575504575506,0.07154166197152931,0.04408573536636379,0.0715422314691649,0.10566520921490562,0.23476204792638944,0.15680628069016148
0.00281793509897579,0.02882910725363429,0.2811085076400153,0.07274072872891445,0.043319827388413584,0.07274130857773851,0.09821035531741833,0.24085754427313036,0.1593746857217593
0.00201254783076023,0.06487520131763475,0.27100111932635695,0.09489130826110286,0.046200367501543445,0.09489207606156025,0.04477127427411287,0.15481431680234986,0.22654178862457885
0.003104101664586998,0.023435181239347846,0.2890575504575506,0.07154166197152931,0.04408573536636379,0.0715422314691649,0.10566520921490562,0.23476204792638944,0.15680628069016148
0.0028370428586880977,0.02376403361512051,0.27590257010124564,0.07269185886322144,0.043244250376313347,0.07269257887865542,0.09699140760233325,0.24594440163054485,0.1659318560738775
0.002635016560608157,0.06938802929350216,0.21671791705508828,0.06396561590513432,0.03517996072204302,0.06396621958561421,0.1254533805235191,0.25830627244992477,0.16438758790456587
0.003104101664586998,0.023435181239347846,0.2890575504575506,0.07154166197152931,0.04408573536636379,0.0715422314691649,0.10566520921490562,0.23476204792638944,0.15680628069016148
0.003104101664586998,0.023435181239347846,0.2890575504575506,0.07154166197152931,0.04408573536636379,0.0715422314691649,0.10566520921490562,0.23476204792638944,0.15680628069016148
0.006996665545531647,0.022057793829252617,0.2757496957917417,0.07671004157125158,0.04460390612435025,0.07671065167110089,0.1244534171346029,0.18808202663817516,0.18463580169399327
0.0023180706465734872,0.02047223380702174,0.2897856978560523,0.0739072463392776,0.04276917863199616,0.07390764732187882,0.11772264133414644,0.25534787591659386,0.12376940814645959
0.003104101664586998,0.023435181239347846,0.2890575504575506,0.07154166197152931,0.04408573536636379,0.0715422314691649,0.10566520921490562,0.23476204792638944,0.15680628069016148
0.0011747502260859445,0.04570545839953504,0.2775238054019691,0.09126564452370504,0.037435354434640127,0.09126638496259687,0.07280680667279103,0.17143569098867428,0.21138610439000258
0.002662473937883313,0.02261488106015959,0.2741573787820207,0.0757688627153299,0.04348028563641217,0.07576974877515501,0.09262580723225931,0.24921805341855974,0.16370250844222028
0.003858751622258468,0.042230181939642224,0.2766821416663607,0.07784247694252093,0.04482985813901133,0.07784309407244161,0.08212454492347554,0.20572431580542225,0.18886463488886696
0.0028021705803761335,0.02921743485650025,0.349987248028661,0.09251860145644693,0.053831953488684976,0.09251931901655404,0.09295336478147524,0.1958912402570733,0.09027866753422813
0.002749476709830607,0.02835919611027,0.31491799897007416,0.08258138456163246,0.052105003279765694,0.08258203373810145,0.0956222870091364,0.25587930425230315,0.08520331536888594
0.002962940167847951,0.03043853768222857,0.28150956140875927,0.07260636047059386,0.04317891416648383,0.07260694046097181,0.09617775404261768,0.238470863022106,0.16204812857839102
0.0027509870749987085,0.023400097233491023,0.2800396479304935,0.07341462381886377,0.047513996180842004,0.07341520852908158,0.09787429148590392,0.2524580115382043,0.14913313620812116
0.003104101664586998,0.023435181239347846,0.2890575504575506,0.07154166197152931,0.04408573536636379,0.0715422314691649,0.10566520921490562,0.23476204792638944,0.15680628069016148
0.0012533762074506604,0.03838036582280307,0.3108951961382513,0.09531293588639063,0.04086639224813938,0.09531371009488904,0.023837342165647767,0.175173830576239,0.2189668508601892
0.0017509551111159658,0.06436969591778414,0.25419335028315365,0.09825156960036874,0.057965378239870045,0.09825236848341412,0.03180693648615745,0.16701137671218722,0.22639836916594866
0.003104101664586998,0.023435181239347846,0.2890575504575506,0.07154166197152931,0.04408573536636379,0.0715422314691649,0.10566520921490562,0.23476204792638944,0.15680628069016148
0.003104101664586998,0.023435181239347846,0.2890575504575506,0.07154166197152931,0.04408573536636379,0.0715422314691649,0.10566520921490562,0.23476204792638944,0.15680628069016148
0.0025589889068649498,0.023161503943360143,0.2739463236344777,0.07432968244707223,0.06445541891243196,0.07433027409583326,0.08982858525525612,0.25038023914271607,0.1470089836619876
0.003104101664586998,0.023435181239347846,0.2890575504575506,0.07154166197152931,0.04408573536636379,0.0715422314691649,0.10566520921490562,0.23476204792638944,0.15680628069016148
0.009061544796070435,0.022840939230128265,0.28072189562719657,0.07296845197849795,0.0433446717253811,0.07296903318320778,0.09815198568041361,0.24060917154702074,0.15933230623208358
0.003016018016031253,0.024182376387017035,0.30089810247530496,0.07477115651072723,0.046359315854076426,0.07477174682612521,0.10505458845550757,0.2668767780768579,0.1040699173983524
0.0016377837243543366,0.05510835585343952,0.24516785110419329,0.08836741663083181,0.05301398495151987,0.0883681236031223,0.09084237761531079,0.1522720603333372,0.22522204618389097
0.003840565047073453,0.03191861502274008,0.31702266377615945,0.10786653609075418,0.04871830674399779,0.10786702742123933,0.05459511441937292,0.08679203000685691,0.24137914147180595
0.007278153775710739,0.02231843614531143,0.28373376277108714,0.0839381789441671,0.04689461387909031,0.08393902923771952,0.07835383080366314,0.28640851448542964,0.10713547995782084
0.0013022672640121598,0.05869018248864161,0.27102041307883196,0.11584483934876855,0.03980226591425777,0.11584578035375241,0.060030230788298326,0.11016137232572681,0.22730264843771034
0.001967231371019325,0.019145482026167233,0.3024531008613144,0.058913728710407724,0.03363106683839381,0.05891436420534704,0.1527061705958163,0.22330851072189337,0.1489603446696408
0.003104101664586998,0.023435181239347846,0.2890575504575506,0.07154166197152931,0.04408573536636379,0.0715422314691649,0.10566520921490562,0.23476204792638944,0.15680628069016148
0.003104101664586998,0.023435181239347846,0.2890575504575506,0.07154166197152931,0.04408573536636379,0.0715422314691649,0.10566520921490562,0.23476204792638944,0.15680628069016148
0.003104101664586998,0.023435181239347846,0.2890575504575506,0.07154166197152931,0.04408573536636379,0.0715422314691649,0.10566520921490562,0.23476204792638944,0.15680628069016148
0.0025370069889733954,0.02320918028176182,0.28173438504442627,0.07651123266922094,0.05963916141213754,0.07651171003726094,0.09081154545675153,0.27430337711011243,0.11474240099935508
0.0018198862998775255,0.15908673956166722,0.2580678654659206,0.0897476868448558,0.03916215976888283,0.08974824679660275,0.026804485172154974,0.10476298992025808,0.23079994016978023
0.0022220730411543943,0.025692842052830022,0.3409224552393213,0.06958078162014844,0.043015128919821066,0.06958132662272841,0.06667600266982103,0.25900428074468834,0.12330510908948684
0.0019759951301510383,0.08774884771969355,0.27946126420903883,0.10274392793032149,0.04363223774905713,0.10274475550147782,0.03219117938374113,0.11287577737881886,0.2366260149977002
0.0026305747919747255,0.02266109808150436,0.27447125746978807,0.07570351861206831,0.043520877022125835,0.07570411356067513,0.09317306065439128,0.24862321595169504,0.1635122838557772
0.0017170799073867073,0.034475696353755664,0.26415121436490924,0.10538981642060323,0.04705443122498921,0.1053906824258713,0.036833343469759076,0.18021350183378984,0.22477423399893567
0.0028692813104837013,0.0230359432280093,0.3162224448486548,0.0846274459908785,0.05127056163480397,0.08462810820453194,0.09204698677079882,0.13181353418990763,0.2134856938219313
0.004732403308941748,0.0230514444386625,0.2817253811988622,0.07096097493640956,0.04348832742376938,0.07096154167048811,0.10258433146237815,0.24113288730747862,0.16136270825300977
0.003104101664586998,0.023435181239347846,0.2890575504575506,0.07154166197152931,0.04408573536636379,0.0715422314691649,0.10566520921490562,0.23476204792638944,0.15680628069016148
0.003104101664586998,0.023435181239347846,0.2890575504575506,0.07154166197152931,0.04408573536636379,0.0715422314691649,0.10566520921490562,0.23476204792638944,0.15680628069016148
0.006355525793767282,0.02806204231432424,0.30101870489427957,0.082500882571085,0.0431771435815208,0.08250154141175696,0.0874531669958397,0.20683553194268675,0.1620954604947398
0.004577847580230739,0.0744418718397266,0.2551080231330749,0.09706792855368696,0.04402531552414909,0.09706871516382232,0.03458376298268004,0.1629848289887307,0.2301417062338987
0.0016365473754092268,0.08016087771976872,0.33892880240128725,0.12992593524972587,0.05595395512522177,0.12992696692746822,0.027615387992709916,0.1023457447813405,0.1335057824270685
0.002937834444202684,0.02462278492881323,0.3059464001057928,0.07657977277536578,0.047532593638793315,0.07658037484334523,0.10395065912250424,0.28766259462476745,0.07418698551641521
0.0030142710120683726,0.02326174765304838,0.29615462585418756,0.07624548510792956,0.04647355784308626,0.07624608979407783,0.09939614896909282,0.25861470398687264,0.12059336977963653
0.009100076867151845,0.022838610995109587,0.2806852024508402,0.07297274125682676,0.043341096063640165,0.07297332249277828,0.09811964675384828,0.24062900776826934,0.15934029535153557
0.005293065515415379,0.021819910304855392,0.25384638880695093,0.06514159398420992,0.03724063489438193,0.06514210553433177,0.16285851801318812,0.23378194660505644,0.15487583634161015
0.003016060633360528,0.02326525508015903,0.2960193114721376,0.07613265480710975,0.046419191084796585,0.0761332586591509,0.09956148642507029,0.25806330359954816,0.12138947823866719
0.0040828475026041125,0.029138264841290996,0.28924229645202865,0.06964238243576538,0.04089404574562366,0.0696429423900937,0.09075676912645286,0.2429647206613069,0.1636357308448337
0.05260909183313999,0.020200677273699393,0.20720842501628323,0.07026609111930147,0.04446655234585589,0.07026631099813678,0.13176915820323395,0.2635445288040349,0.13966916440631447
0.003104101664586998,0.023435181239347846,0.2890575504575506,0.07154166197152931,0.04408573536636379,0.0715422314691649,0.10566520921490562,0.23476204792638944,0.15680628069016148
0.0028953119599159,0.02295047282021198,0.27658575910595196,0.07571734218210582,0.043393386917606414,0.07571761438194004,0.08982720910213254,0.24327184343542543,0.16964106009470994
0.0027938509103173866,0.029914737206760657,0.2804659026206535,0.07265277293949877,0.0430317351391085,0.07265335336168377,0.0984295356356863,0.24091616082036016,0.15914195136593098
0.003104101664586998,0.023435181239347846,0.2890575504575506,0.07154166197152931,0.04408573536636379,0.0715422314691649,0.10566520921490562,0.23476204792638944,0.15680628069016148
0.0027971092253523708,0.022909938555478362,0.2813767627680986,0.07335763206899212,0.04364460237873113,0.07335803610593226,0.10011572192287192,0.24235593422029655,0.1600842627542466
0.0025103775086750533,0.024990177668986733,0.2984227323902249,0.08126925832909664,0.04703309162905812,0.08126989996798022,0.09342929470185903,0.3084803756874126,0.06259479211670678
0.016061260376900057,0.022122630491228767,0.26990195602584754,0.07166824603641699,0.04245292194474535,0.07166881954839958,0.09449007548882656,0.24742961529647586,0.16420447479115932
0.003104101664586998,0.023435181239347846,0.2890575504575506,0.07154166197152931,0.04408573536636379,0.0715422314691649,0.10566520921490562,0.23476204792638944,0.15680628069016148
0.0020093221281877053,0.02491341036747624,0.23048492642062038,0.06174996336376385,0.034554533485280516,0.061750449394564366,0.20952755928682132,0.22803468386168113,0.14697515169160444
0.008373897520352919,0.022522875123007855,0.27285378738862026,0.07223936749858506,0.04268553178482092,0.07223983487743176,0.09657874405290168,0.24854163483962552,0.163964326914654
0.0014993128406352704,0.31283190326849203,0.20651676990142587,0.07873246606633455,0.025937467306855897,0.07873308289655882,0.007488862450969321,0.10548216763414493,0.18277796763458334
0.0031331053959666854,0.027614648130786082,0.32274029993872805,0.07994543439464345,0.04819304918313549,0.07994591232355576,0.10342762285284716,0.13320804760124197,0.20179188017909522
0.002710804156551902,0.02950306803962174,0.32115743668961166,0.08602509352503508,0.047483038135766924,0.08602577022254713,0.09309951587601745,0.257826661691889,0.07616861166295907
0.0027539975628054617,0.028973773373014437,0.30725415718411364,0.08371561913835886,0.04372024459704963,0.08371628937317083,0.09110894618036962,0.21128118565653078,0.1474757869345867
0.0022687015771433315,0.021340403418818005,0.2499681943301527,0.0620778478579592,0.035992281878451333,0.06207833019986359,0.18956028162806984,0.2290402281073519,0.14767373100219008
0.0025777899760296885,0.02821018503626474,0.2964367242179557,0.08285640120433065,0.047949481955545166,0.08285706351108034,0.08774189132890035,0.21993400586155956,0.15143645690833382
0.002502677435739451,0.029318208154634623,0.30108413857528593,0.08756177320851098,0.04307641867985318,0.08756203292013616,0.08192089651228172,0.1761483852529838,0.19082546926057417
0.003104101664586998,0.023435181239347846,0.2890575504575506,0.07154166197152931,0.04408573536636379,0.0715422314691649,0.10566520921490562,0.23476204792638944,0.15680628069016148
0.0016813104332568253,0.03508692375315966,0.261428936570978,0.10612928950044305,0.046715856096112084,0.10613016262341345,0.03498745537349695,0.18191142338214786,0.2259286422669922
0.0017272379015924294,0.018633390715346376,0.22222946423880344,0.05791627558540482,0.03270626503375903,0.057916727372202104,0.24402501484712447,0.22277310205035383,0.14207252225541345
0.0029977757360095648,0.030026994856576516,0.3294035538901597,0.08427352882708261,0.04768378833012312,0.08427404347544903,0.09881860398415986,0.11049222175644863,0.21202948914399103
0.04741090388833994,0.023248647568822944,0.3038806362789172,0.06707890465078518,0.03457000631498722,0.06707943674025196,0.04988023481506825,0.2614323497030084,0.14541888003981907
0.005142333169508836,0.022991965177463755,0.2805451827798648,0.07087453834595057,0.043406062186373745,0.07087510459060481,0.10213035158295118,0.24199982435591272,0.1620346378113696
0.003104101664586998,0.023435181239347846,0.2890575504575506,0.07154166197152931,0.04408573536636379,0.0715422314691649,0.10566520921490562,0.23476204792638944,0.15680628069016148
0.002670611221692803,0.022753915138028505,0.2586213060331299,0.06369411870042432,0.0368422840256546,0.06369462101081559,0.18305763973752195,0.22109496091842196,0.14757054321431043
0.003104101664586998,0.023435181239347846,0.2890575504575506,0.07154166197152931,0.04408573536636379,0.0715422314691649,0.10566520921490562,0.23476204792638944,0.15680628069016148
0.003104101664586998,0.023435181239347846,0.2890575504575506,0.07154166197152931,0.04408573536636379,0.0715422314691649,0.10566520921490562,0.23476204792638944,0.15680628069016148
0.0016692095498324463,0.021415002512011713,0.21951057628269524,0.0603029793687986,0.030126499589506323,0.06030344647207211,0.24753132108672884,0.23684533778146313,0.12229562735689159
0.0018922812516502005,0.08205056002673752,0.26037335377826826,0.094917250865529,0.044317437490556444,0.09491801993166482,0.037216996172093585,0.15720707866223413,0.22710702182126596
0.003104101664586998,0.023435181239347846,0.2890575504575506,0.07154166197152931,0.04408573536636379,0.0715422314691649,0.10566520921490562,0.23476204792638944,0.15680628069016148
0.008985006012811174,0.02285063102450044,0.28160055966734804,0.07242549612210059,0.04334401070024136,0.07242607351507556,0.09963362136272257,0.24001172810413637,0.15872287349106393
0.0012938668262441673,0.031873363487472224,0.2363919504818801,0.10062761370468841,0.041589393833740586,0.10062867121573937,0.08028051101086486,0.18494896379754003,0.22236566564183022
0.003104101664586998,0.023435181239347846,0.2890575504575506,0.07154166197152931,0.04408573536636379,0.0715422314691649,0.10566520921490562,0.23476204792638944,0.15680628069016148
0.003104101664586998,0.023435181239347846,0.2890575504575506,0.07154166197152931,0.04408573536636379,0.0715422314691649,0.10566520921490562,0.23476204792638944,0.15680628069016148
