0.026973735510989198,0.07581612650913948,0.561531447204957,0.0077433380546424145,0.0267688580395409,0.03519604934486437,0.07581626896665632,0.11433737915073143,0.0758167972184789
0.024920566142734912,0.07518983304877437,0.5674194053484792,0.002693608456756052,0.02630256801067526,0.04121918387158648,0.07518997242496951,0.11187423018399843,0.07519063251202575
0.02758233653692145,0.07410887158432027,0.5542745951474423,0.003909780072632083,0.027002066223473117,0.031234955509885354,0.07410901606654204,0.1336688502128702,0.07410952864591318
0.027904494253435597,0.07483086167637538,0.5594253594992692,0.0038433386498802125,0.02700002409341117,0.031025971840063088,0.07483113365945603,0.12630729108586033,0.074831525242249
0.02752326603559531,0.0759852134966864,0.5650750030861398,0.0035645539114249904,0.027905710095756143,0.03138445572620266,0.07598535579814471,0.1165904165804857,0.07598602526956427
0.02695036723527582,0.07528463313501006,0.5599886763867169,0.0035929027491007257,0.02675636591847362,0.04482570410935749,0.07528477541684915,0.11203127829774641,0.07528529675146985
0.028196696282414575,0.07538137983654233,0.5633523461167919,0.0037383329234303726,0.02689495019865951,0.0362426871409677,0.07538164976041659,0.11542990978137052,0.0753820479594066
0.02124513426964536,0.06484960746033756,0.48083471988759824,0.1974324050557077,0.02299867614086964,0.03107182313756532,0.0648497534905431,0.051867728755116894,0.0648501518026161
0.027131319984532148,0.0747851860049002,0.5570842048460171,0.00791158318119788,0.0268793226463927,0.03116389011306737,0.07478532809015069,0.12547331547823878,0.07478584965550313
0.027096800075166416,0.07464376531361931,0.5755884888661483,0.00332628234526498,0.026768902391569514,0.030001859415083165,0.07464389389419886,0.11328557676377977,0.07464443093516963
0.06222124498462477,0.07712999654295509,0.5708041499348707,0.01519897381712363,0.026706763485015553,0.027676234831826862,0.07713010129188207,0.06600173096376034,0.07713080414794103
0.02758233653692145,0.07410887158432027,0.5542745951474423,0.003909780072632083,0.027002066223473117,0.031234955509885354,0.07410901606654204,0.1336688502128702,0.07410952864591318
0.02806238794948546,0.07497711553639634,0.5604560192541969,0.003818954647972311,0.02700140855395723,0.031040660120184128,0.07497741730437894,0.12468825594042825,0.07497778069300048
0.025105482970456422,0.07421223986078061,0.5658877407610813,0.008784719542115987,0.026690889456283822,0.030401159682550038,0.074212497831481,0.12049237042756672,0.07421289946768427
0.026118881330610615,0.0742762517284835,0.5641726736595393,0.0032659571372429127,0.030595402839142197,0.03047749527181161,0.07427639028951993,0.12254003686752502,0.0742769108761251
0.027846758029940175,0.07466422643516614,0.5581658757848265,0.005675144287463816,0.026870007852982426,0.03100438753101406,0.07466436818183768,0.1264443435972017,0.07466488829956765
0.02699220793529508,0.07505870123157536,0.5584763279288154,0.0036741780692814007,0.026869249473379046,0.03573174246493956,0.07505884684982853,0.12307938172549289,0.07505936432139278
0.02758233653692145,0.07410887158432027,0.5542745951474423,0.003909780072632083,0.027002066223473117,0.031234955509885354,0.07410901606654204,0.1336688502128702,0.07410952864591318
0.0279478511914527,0.07488647341604023,0.5598485511566466,0.003822829431723659,0.027002808207180498,0.031028176605937513,0.07488647983020413,0.12568982652125313,0.07488700363956158
0.02758233653692145,0.07410887158432027,0.5542745951474423,0.003909780072632083,0.027002066223473117,0.031234955509885354,0.07410901606654204,0.1336688502128702,0.07410952864591318
0.03293458003215222,0.07439683253279021,0.5561606877331057,0.0038154711634365347,0.026606627487455698,0.031041012681309363,0.07439697191693005,0.12625032567311048,0.07439749077970967
0.027784004124996892,0.07470720184781178,0.5584650968062891,0.0038216865394506624,0.028212406687707647,0.031011946011136705,0.07470734379573059,0.1265824496175683,0.0747078645693084
0.025059103625133406,0.07515304919882715,0.5563305024938213,0.003312858217341565,0.026935735998337176,0.03212897760018609,0.07515319821777172,0.13077255263044027,0.07515402201814125
0.022028123188099796,0.06721465053803648,0.49224053913433635,0.002088725065751497,0.18307425942740527,0.023726021299962322,0.06721476083410083,0.07519751382531552,0.06721540668699191
0.02776744244490879,0.07466966446390881,0.558248364401124,0.0038275159300279068,0.02794876149313987,0.03101951936358778,0.07466980592867965,0.12717860059483968,0.07467032537978342
0.028109273925076995,0.07516599258278504,0.5618536159518469,0.0037895767330250684,0.027005429158653425,0.03094107258827136,0.0751661324584534,0.12280211907087692,0.07516678753101085
0.028250580250567064,0.0753738408520661,0.5641895717683583,0.003787496405210235,0.027004690034426265,0.03096136217690384,0.07537398012051945,0.11968397174774577,0.07537450664420307
0.020798185994769406,0.06810206534283147,0.4967746281278389,0.1729735456377588,0.026484533845707727,0.026629281962973855,0.06810221197301553,0.05203275214009875,0.06810279497500557
0.02710220272457517,0.07522031249484874,0.5596283127462316,0.0036645025179488067,0.026875431177773076,0.03153774506458582,0.07522060246209232,0.12552991473307726,0.07522097607886716
0.02758233653692145,0.07410887158432027,0.5542745951474423,0.003909780072632083,0.027002066223473117,0.031234955509885354,0.07410901606654204,0.1336688502128702,0.07410952864591318
0.025693772288360787,0.07464946168852736,0.5486238544808021,0.03213244375672149,0.02869951003254621,0.030896453737079988,0.0746495974834707,0.11000479269055873,0.07465011384193275
0.0277762658150237,0.07468736899518055,0.558331613414058,0.00382392885505158,0.028145019775058826,0.03101850914157121,0.07468751102114733,0.12684175142662513,0.07468803155628366
0.02758233653692145,0.07410887158432027,0.5542745951474423,0.003909780072632083,0.027002066223473117,0.031234955509885354,0.07410901606654204,0.1336688502128702,0.07410952864591318
0.026327040544941824,0.07477509592221328,0.5764035038748674,0.0030057026042382942,0.02662778609142547,0.031741326390269574,0.07477522510065575,0.11156855801204152,0.07477576145934693
0.044799793268097486,0.0744057693485118,0.5555527547072419,0.003741339899727821,0.025718466370718188,0.030879075350753626,0.07440590123959079,0.11609047738791946,0.074406422427439
0.026570156903539883,0.074372221286692,0.5660349924837582,0.003443567814560442,0.02695002383258095,0.030413568437749953,0.07437251309224391,0.12347007237754964,0.074372883771325
0.02758233653692145,0.07410887158432027,0.5542745951474423,0.003909780072632083,0.027002066223473117,0.031234955509885354,0.07410901606654204,0.1336688502128702,0.07410952864591318
0.02758233653692145,0.07410887158432027,0.5542745951474423,0.003909780072632083,0.027002066223473117,0.031234955509885354,0.07410901606654204,0.1336688502128702,0.07410952864591318
0.027899048520427825,0.07484738726239513,0.5595461969647959,0.0038326670837677793,0.027006367580072577,0.031017047528065198,0.07484739702895356,0.12615596975314192,0.07484791827838001
0.03379779573680176,0.07705599119596586,0.5693802881518059,0.0031304240371103774,0.025866591063068628,0.04846169802452008,0.07705612167425484,0.08819428102213907,0.07705680909433357
0.04380534339978224,0.0743939912502297,0.5557607849268202,0.003720885727702158,0.025783821834945972,0.030857082413285535,0.07439412342006926,0.11688932095402182,0.07439464607314311
0.023977832249344046,0.0744556196964231,0.5465852094335354,0.01345664614751674,0.026287256734021134,0.037036960774392384,0.0744557709164282,0.1292884312570699,0.07445627279126905
0.02758233653692145,0.07410887158432027,0.5542745951474423,0.003909780072632083,0.027002066223473117,0.031234955509885354,0.07410901606654204,0.1336688502128702,0.07410952864591318
0.022521347010412265,0.06949838162956183,0.52737249324357,0.0038990604851760918,0.026695459162656327,0.027523971886237716,0.06949866287553319,0.1834916206307252,0.06949900307612741
0.02470462459143763,0.07370767273004679,0.5670029535269372,0.0023101020568639693,0.02780696750418751,0.028741082014605127,0.07370779888517044,0.1283103373527331,0.07370846133801817
0.027095521521343452,0.0746401273701063,0.5755483958592861,0.003327273829540796,0.02676931252334704,0.030002701974250354,0.07464025597873129,0.1133356179800924,0.07464079296330235
0.07168874467212265,0.0725491371307728,0.5380806970239683,0.003098409554545443,0.026755545306958256,0.02795208042230884,0.07254937826262531,0.11477621067440845,0.07254979695228995
0.02758233653692145,0.07410887158432027,0.5542745951474423,0.003909780072632083,0.027002066223473117,0.031234955509885354,0.07410901606654204,0.1336688502128702,0.07410952864591318
0.02452230072885547,0.07170395188503546,0.5357967614125172,0.003782029501320334,0.026898878553791652,0.032280897634410124,0.07170410919509125,0.1616064854024621,0.07170458568651635
0.027419036186379794,0.0755902565475554,0.5618660750372917,0.008560741562859561,0.026741365014823104,0.03678616746155137,0.07559039287067935,0.11185504083881846,0.0755909244800413
0.02758233653692145,0.07410887158432027,0.5542745951474423,0.003909780072632083,0.027002066223473117,0.031234955509885354,0.07410901606654204,0.1336688502128702,0.07410952864591318
0.02758233653692145,0.07410887158432027,0.5542745951474423,0.003909780072632083,0.027002066223473117,0.031234955509885354,0.07410901606654204,0.1336688502128702,0.07410952864591318
0.026073791207270432,0.0746920178304948,0.5556461491398069,0.0035478205228592456,0.02695979819023206,0.031718340005887184,0.07469216599058613,0.13197708048567,0.07469283662719332
0.026224526463018958,0.07630735489192698,0.5614474745527582,0.008537201275190615,0.026632145269204793,0.035456260736846594,0.0763073527480664,0.11277980620782045,0.07630787785516689
0.1947812896980248,0.061226650636255146,0.4499925949072652,0.0017153212509876893,0.024376860001991973,0.020545475248455892,0.06122660801123057,0.12490808586242919,0.061227114383359545
0.027667138562188425,0.07857581046933793,0.5759743309870768,0.01407715887029013,0.02672201189434249,0.03121211594724733,0.07857593266176124,0.08861887486522597,0.07857662574252963
0.0901125173866469,0.06922701347595299,0.5155478921368462,0.003036306969040907,0.02647332160190509,0.02669713169409089,0.06922712964464363,0.13045104063219573,0.06922764645867766
0.02471751370114392,0.07541234436077822,0.5563067684124786,0.003179877675706877,0.026938220890100357,0.03234266051646325,0.07541245244082448,0.13027734473841981,0.07541281726408434
0.02725118473100928,0.07539178626322059,0.560823682921959,0.0036380810898865718,0.02688018687848763,0.03159391604949049,0.07539193137899704,0.12363663390424746,0.07539259678270184
0.025982008559786423,0.07468452281521552,0.5556716508320022,0.0035581361769543847,0.02696139545973081,0.031715970023413524,0.07468451047345359,0.13205678530956488,0.0746850203498788
0.02758233653692145,0.07410887158432027,0.5542745951474423,0.003909780072632083,0.027002066223473117,0.031234955509885354,0.07410901606654204,0.1336688502128702,0.07410952864591318
0.1139221056543898,0.06487093009384155,0.4824294160896869,0.0026755632132856883,0.026292114804976938,0.023924701839288687,0.06487104662559214,0.15614259088307955,0.0648715307958588
0.026443401088063683,0.07615951161097395,0.5641233617286728,0.0033137966496777347,0.026769911348429917,0.03632408850444924,0.07615965539550947,0.11454595507991534,0.07616031859430783
0.09124407639804101,0.07019982853112561,0.5223536712488218,0.0028728728272377573,0.03112322028640108,0.026153872044318762,0.07019993954621434,0.11565204674173118,0.07020047237610842
0.02758233653692145,0.07410887158432027,0.5542745951474423,0.003909780072632083,0.027002066223473117,0.031234955509885354,0.07410901606654204,0.1336688502128702,0.07410952864591318
0.027023656598420112,0.07701023091600899,0.5691219246489867,0.007335869223054659,0.027717627796902802,0.03233306803687882,0.07701051194457227,0.10543619986037778,0.07701091097479769
0.025811977336618098,0.07566278581895378,0.5596517068393018,0.003326174414032055,0.026852243066223937,0.03655643628270321,0.07566310532576755,0.12081212283642338,0.07566344807997644
0.025555785277658036,0.07377587188672574,0.5464281246610952,0.0029261379721485514,0.026836062759379973,0.033815232892294565,0.07377611674755598,0.14311013613095244,0.0737765316721895
0.027789758245841362,0.07472678077794967,0.5586397384043281,0.0038210314866291128,0.02810888852111366,0.031000144653310885,0.07472692194926377,0.12645929394567798,0.07472744201588537
0.02726603524307318,0.07793366821037395,0.5755918641025883,0.006231517321591994,0.028755873735616718,0.031352315566378366,0.07793379393272165,0.09700071884738497,0.07793421304027096
0.027257268825348378,0.075371651208216,0.5607209780920891,0.0036683759168949933,0.026869146688783596,0.031539822800277034,0.07537164441836446,0.12382894559227646,0.0753721664577499
0.027954771020774084,0.07487335554887184,0.5604147806596915,0.0038259145495136647,0.02700255185577792,0.03104909711513647,0.07487349687873872,0.12513201437617805,0.07487401799531773
0.026288892450250387,0.07507899081415759,0.5728061881433663,0.0031240160231632585,0.027757167194025125,0.030347033518068372,0.07507928316136536,0.11443877370455884,0.0750796549910449
0.02893217438740316,0.07545433713343881,0.5631826414066979,0.0036595678116152206,0.0427598306656767,0.03050544901081388,0.07545447522332378,0.10459651783554152,0.07545500652548899
0.025085759247785177,0.0730333887312958,0.5407576176070513,0.003003093218467064,0.026835255877893097,0.03439592667203206,0.07303367646280866,0.15082124161882104,0.07303404056384581
0.02758233653692145,0.07410887158432027,0.5542745951474423,0.003909780072632083,0.027002066223473117,0.031234955509885354,0.07410901606654204,0.1336688502128702,0.07410952864591318
0.027547610353633272,0.07563972549737304,0.5624749243787979,0.012203679000126632,0.026783519309252768,0.0309981363860726,0.07563986414686898,0.11307214670962766,0.0756403942182471
0.028440344227998335,0.07638054372306735,0.5698933119260166,0.0036353115766098384,0.03962817203268162,0.030495456876200297,0.07638067783859888,0.09876487195029578,0.07638130984853138
0.02758233653692145,0.07410887158432027,0.5542745951474423,0.003909780072632083,0.027002066223473117,0.031234955509885354,0.07410901606654204,0.1336688502128702,0.07410952864591318
0.025109982595748103,0.07444111042013447,0.5514373118939855,0.008437035068307093,0.029063145810790978,0.03151535749037396,0.07444125810806111,0.13111303117886527,0.07444176743373355
0.02758233653692145,0.07410887158432027,0.5542745951474423,0.003909780072632083,0.027002066223473117,0.031234955509885354,0.07410901606654204,0.1336688502128702,0.07410952864591318
0.026696395621007674,0.07559707444370134,0.5622687704806669,0.0033812232963419293,0.030344713370993075,0.03594008026777635,0.07559734346077122,0.11457665503786667,0.07559774402087482
0.02678449526068427,0.07596534995172417,0.5646943676187004,0.004926908963790429,0.026858702442251078,0.03128876688160639,0.07596563672664478,0.1175495985095723,0.07596617364502624
0.02595193177421183,0.07617688790849628,0.5762252349398467,0.002875275757979061,0.03064312954195349,0.030600887055042426,0.07617672850337448,0.10517265918489195,0.07617726533420383
0.03431656284632759,0.07445553380544308,0.5565218892918563,0.003804625787675814,0.026494151594553973,0.031023300375640776,0.0744556731854274,0.12447207141443983,0.07445619169863522
0.1038654382653028,0.061685024512907305,0.4551915324823816,0.0022590336029890633,0.02654333738720495,0.0202371672433504,0.06168512211796131,0.2068477278673171,0.06168561652058555
0.02628230712817119,0.07433020996115818,0.5533680734488562,0.0035777155392351704,0.030288367992362134,0.03136833124852296,0.0743303548058254,0.132123772825499,0.07433086705036969
0.02642141830382123,0.07444869521362542,0.553964670880647,0.014081599592749206,0.02646685305537462,0.031061340657637836,0.07444883665818548,0.12465723371924294,0.07444935191871634
0.02547472333559268,0.07302786738546789,0.5409955684881806,0.004514029514339765,0.05753776980856511,0.02919646839377722,0.0730279976480703,0.12319705386015693,0.0730285215658494
0.02905679879389517,0.0767598390653307,0.5742427885989358,0.003699600569446264,0.027018650231722355,0.03067611401867665,0.07676021964522435,0.1050254758775221,0.0767605131992465
0.03323747762955493,0.07606771906096853,0.567947034507155,0.0036828817266569003,0.02755493795139334,0.03065662802755696,0.07606771110523351,0.10871735949791754,0.07606825049356325
0.02777652175184688,0.07469303008856547,0.5584087965864825,0.003824827430553853,0.02801220627446731,0.031011557456639357,0.07469317143297242,0.12688619784056415,0.07469369113790808
0.04308414074916953,0.077972328831397,0.5737965763738525,0.014992472010646461,0.0256091230662828,0.03055852601825189,0.07797243877767289,0.07804151779020856,0.07797287638251828
0.03164045590609556,0.07531415607690281,0.5608770451580483,0.009431959756198637,0.026468499612697094,0.030933260478930576,0.0753142938265104,0.11470550825642258,0.07531482092819401
0.02758233653692145,0.07410887158432027,0.5542745951474423,0.003909780072632083,0.027002066223473117,0.031234955509885354,0.07410901606654204,0.1336688502128702,0.07410952864591318
0.03209556300681149,0.07796363037592585,0.5719381878062082,0.006820062371305173,0.029297333689371943,0.035907843583575225,0.07796376146092539,0.09004914295081845,0.07796447475505816
0.02030071417804451,0.07189643219999851,0.5552029299529705,0.0018947962647455293,0.026710703737826285,0.032386007831449515,0.0718964473934685,0.14781473979418347,0.07189722864731327
0.026355273374005454,0.07526646946262032,0.5599693521125374,0.003525885267915797,0.028054370987832488,0.031504848392021334,0.07526661339564948,0.12478989838364048,0.07526728862377728
0.02758233653692145,0.07410887158432027,0.5542745951474423,0.003909780072632083,0.027002066223473117,0.031234955509885354,0.07410901606654204,0.1336688502128702,0.07410952864591318
0.19372912923426455,0.0617691098205442,0.4570324929476753,0.0018516605529315918,0.024396778666292005,0.020237975570205922,0.0617691794097461,0.11744397865651172,0.06176969514182865
0.02823816100176244,0.0754142097903705,0.5634400913454929,0.003814139682014984,0.027002506056680045,0.03090938885280248,0.07541457527297897,0.12035205015207755,0.07541487784582011
0.026281645023894296,0.07433009019685587,0.5533655714759851,0.0035775135046304547,0.03029316952713933,0.0313681666183529,0.0743302350403065,0.13212286132808768,0.07433074728474785
0.02758233653692145,0.07410887158432027,0.5542745951474423,0.003909780072632083,0.027002066223473117,0.031234955509885354,0.07410901606654204,0.1336688502128702,0.07410952864591318
0.02758233653692145,0.07410887158432027,0.5542745951474423,0.003909780072632083,0.027002066223473117,0.031234955509885354,0.07410901606654204,0.1336688502128702,0.07410952864591318
0.027942138530140243,0.0748664832594375,0.5597299733444455,0.0038174557768426223,0.02700402452956796,0.031011192010470465,0.07486662441888062,0.12589486713662243,0.07486724099359264
0.02758233653692145,0.07410887158432027,0.5542745951474423,0.003909780072632083,0.027002066223473117,0.031234955509885354,0.07410901606654204,0.1336688502128702,0.07410952864591318
0.02758233653692145,0.07410887158432027,0.5542745951474423,0.003909780072632083,0.027002066223473117,0.031234955509885354,0.07410901606654204,0.1336688502128702,0.07410952864591318
0.02758233653692145,0.07410887158432027,0.5542745951474423,0.003909780072632083,0.027002066223473117,0.031234955509885354,0.07410901606654204,0.1336688502128702,0.07410952864591318
0.026745579781779532,0.07613448886788758,0.5659732196978781,0.0034360038397077534,0.027917716077742284,0.031303369160719664,0.07613461532267747,0.11622000556788485,0.07613500168372278
0.027919872297215906,0.07505973550975358,0.5608568347204989,0.003797259810676634,0.0294285291655694,0.03094981928695163,0.07505987568470297,0.12186767332447614,0.0750604002001549
0.02758233653692145,0.07410887158432027,0.5542745951474423,0.003909780072632083,0.027002066223473117,0.031234955509885354,0.07410901606654204,0.1336688502128702,0.07410952864591318
0.02758233653692145,0.07410887158432027,0.5542745951474423,0.003909780072632083,0.027002066223473117,0.031234955509885354,0.07410901606654204,0.1336688502128702,0.07410952864591318
0.02758233653692145,0.07410887158432027,0.5542745951474423,0.003909780072632083,0.027002066223473117,0.031234955509885354,0.07410901606654204,0.1336688502128702,0.07410952864591318
0.02771080619477773,0.07532870899041362,0.5624113732846382,0.0036880460987715595,0.04175960324690247,0.030588173791170636,0.07532884837544941,0.10785506313789865,0.07532937687997783
0.027243559739612146,0.07538332107370845,0.560760051679866,0.009002818400719613,0.026665085128823676,0.03852067441518749,0.07538345843952148,0.11165704196385869,0.07538398915870244
0.033148535616253805,0.07511770290275516,0.5612381995873349,0.0037393127533832233,0.02759388930808367,0.030832003324528786,0.07511783845002322,0.11809415169536147,0.07511836636227576
