0.17424319562384558,0.03075343911698286,0.0943986928510483,0.09439810058406539,0.2907569771897737,0.06659003853399358,0.04612080999218635,0.1956754327509266,0.007063313357177543
0.14544350583286594,0.007811802046054456,0.07732201959583787,0.07732133454108829,0.20172944693623315,0.0516311827767722,0.0278979106682076,0.15549209961641028,0.25535069798653015
0.17849518686693222,0.01916488436024311,0.09625136622212634,0.09625060371290954,0.22788737521725022,0.06603258543568648,0.051920687983296326,0.25308093045008584,0.010916379751470024
0.29546306089395696,0.009095072519882692,0.08498558771517493,0.08498485850452957,0.24958919469630858,0.05968732658096657,0.042394937887171136,0.13627417785641874,0.03752578334559079
0.3004392910522166,0.01220113546583435,0.08307252193184404,0.08307181527075796,0.265631828958558,0.06089193081583912,0.04291269172524451,0.1445145966911652,0.007264188088540257
0.18569477292433392,0.010512270451835191,0.10268638307700888,0.10268553542641502,0.2960058828492334,0.07990176002746043,0.04640128365780497,0.16880533516007348,0.007306776425834574
0.25744738063430644,0.010256896589946924,0.08977317945314395,0.0897726300307516,0.28488510347658874,0.06562516840834531,0.04729850240368997,0.14790952354104162,0.0070316154621855404
0.2054837510337044,0.008025560538760862,0.09195797337932787,0.091957342181414,0.24976660981763607,0.07094172321291403,0.057255114601546746,0.21205190406001795,0.012560021174678018
0.17328943834973295,0.0109670082906299,0.09913213323933952,0.09913105228746362,0.330673348377011,0.06724369022454739,0.04451357804702038,0.16040815229229943,0.014641598891955836
0.20471073028565545,0.014135153152954478,0.09213592367234445,0.09213512985750492,0.2999541876082074,0.06646887608684598,0.04565050616840888,0.17639034503048945,0.00841914813758896
0.1961476519004943,0.011761998991728334,0.09579342480441529,0.09579244034596664,0.2955506476982944,0.0680176268844853,0.0457319537206658,0.17381169046117942,0.01739256519277047
0.18360654719693512,0.012670303116471852,0.09864901037984215,0.0986483436623431,0.3070836919867281,0.06772899136272016,0.04390633762776606,0.17115369651187148,0.01655307815532203
0.14886082489218924,0.025314441103298998,0.08892913468614722,0.08892820427246335,0.26978743769993047,0.064934901522763,0.04579613524042931,0.26177736992689654,0.0056715506558818315
0.19734897838470455,0.03896426172955474,0.09272143099244108,0.09272063305464447,0.2902362912302883,0.0656415787711296,0.045194023700453285,0.1693279699203422,0.007844832216441736
0.249098448399199,0.006659863013029029,0.09128208367518503,0.0912813257069121,0.25703482914199244,0.08081211750197702,0.10052786067621129,0.10307916334191221,0.020224308543581933
0.19880807220695293,0.012994681299822486,0.09409886185244022,0.09409805723150981,0.30113220210660363,0.06842736429086628,0.04569696712166766,0.17679343928014593,0.007950354609991096
0.1953902278957699,0.012955099110882341,0.09298596620330624,0.09298516686740889,0.2937000236079404,0.06731404054674621,0.045209067142240635,0.1915706144838932,0.00788979414181223
0.15694359761715762,0.009585334535630796,0.0921087419155182,0.09210794320688194,0.3030928604617171,0.06372703375600716,0.03939451289225536,0.15916389143900847,0.08387608417582339
0.23419909589036622,0.00915966316079077,0.0985251068044662,0.09852384548106101,0.2539120713940544,0.06735588750356748,0.05656483095433148,0.16842107828453798,0.013338420526824353
0.29559618233097035,0.011562287993028025,0.08446852408079614,0.08446780433505252,0.26612226652915755,0.0696746358369112,0.042194243486559695,0.13889911192894358,0.007014943478580882
0.1618711153038779,0.1712501979002717,0.08408077877675037,0.08407996207225377,0.260787200950793,0.059692350036928576,0.041142041282308243,0.13134097175908285,0.005755381917733518
0.19732277528902833,0.01188504807688019,0.09716887256693763,0.09716825300953195,0.29660130325211315,0.06886144133885676,0.04645603610593596,0.17688956865614136,0.007646701704574703
0.19704878906601264,0.006965459795649193,0.08745021604382232,0.0874494948883963,0.25526756366300724,0.08235758244538753,0.09274426650707025,0.18548139850978784,0.0052352290808665896
0.19353675157662786,0.011465452540030762,0.09429978426750528,0.09429896804183792,0.28872417098023556,0.06631293349797755,0.04416357076224862,0.1717684749249819,0.035429893408554645
0.2837792399159481,0.008514694703801727,0.08473537179238115,0.08473450020887159,0.24973365897907626,0.0624855256356426,0.09297334072525824,0.12722199491199443,0.005821673127025813
0.22806480668314402,0.006529465559439567,0.07949225262602311,0.07949157827353769,0.3814165444933035,0.05523831782918145,0.03812918564814972,0.11949460917818117,0.012143239709039784
0.18623834711671958,0.054815028736538624,0.09145735735812151,0.09145657157008584,0.2806550342829445,0.06529218631609206,0.04415859716824749,0.1788358206846781,0.007091056766572277
0.20471073028565545,0.014135153152954478,0.09213592367234445,0.09213512985750492,0.2999541876082074,0.06646887608684598,0.04565050616840888,0.17639034503048945,0.00841914813758896
0.0891141861108568,0.006615768374910607,0.09181278288757289,0.09181161414656937,0.24915118508157127,0.06955343775372662,0.04254751674053117,0.35217952747527265,0.007213981428988651
0.16000093175023927,0.008363316105324627,0.0974511661528908,0.09745054120115544,0.23778492493539757,0.06926058921737845,0.04521276924124831,0.27876397999552943,0.005711781400836185
0.20471073028565545,0.014135153152954478,0.09213592367234445,0.09213512985750492,0.2999541876082074,0.06646887608684598,0.04565050616840888,0.17639034503048945,0.00841914813758896
0.18571976341765403,0.05757226368252937,0.09129494926497532,0.09129416651175633,0.28517807057138284,0.06519478068356781,0.043662436834574575,0.1633955360584752,0.01668803297508446
0.19061054144230197,0.033742004514613,0.09391426301342913,0.09391345475906536,0.28791084849396825,0.07894722403344195,0.04440135050898907,0.1693539853816882,0.007206327852503036
0.20471073028565545,0.014135153152954478,0.09213592367234445,0.09213512985750492,0.2999541876082074,0.06646887608684598,0.04565050616840888,0.17639034503048945,0.00841914813758896
0.19146707624601603,0.011018076165148894,0.10164621480606928,0.10164542126121483,0.2963178952044326,0.06842391993262596,0.048991723639066266,0.17295192553357075,0.007537747211855389
0.1672922225208093,0.009987810729698869,0.0923575624521125,0.09235678280204163,0.286406235248381,0.066371491631137,0.04880267440732611,0.22258282659673076,0.013842393611762786
0.1378080439939999,0.022099465762282416,0.08587250128739131,0.08587177132551949,0.3664845531618926,0.05549148190175854,0.05332156145429656,0.188419052026085,0.004631569086774153
0.20471073028565545,0.014135153152954478,0.09213592367234445,0.09213512985750492,0.2999541876082074,0.06646887608684598,0.04565050616840888,0.17639034503048945,0.00841914813758896
0.18908167447775404,0.013182102141643975,0.09406725950035083,0.094066442409931,0.2943248548806573,0.06582557821039922,0.07061776028554805,0.17083148765577585,0.008002840437939729
0.19276413465470932,0.011633742592014308,0.09557917430516087,0.09557834788562047,0.28620620987578466,0.0676751047429994,0.06978850785401237,0.17330293729859095,0.007471840791107561
0.20471073028565545,0.014135153152954478,0.09213592367234445,0.09213512985750492,0.2999541876082074,0.06646887608684598,0.04565050616840888,0.17639034503048945,0.00841914813758896
0.20471073028565545,0.014135153152954478,0.09213592367234445,0.09213512985750492,0.2999541876082074,0.06646887608684598,0.04565050616840888,0.17639034503048945,0.00841914813758896
0.11767752643358792,0.008113494070730224,0.09076535918055455,0.09076463013394596,0.2723243528669271,0.06750145975900333,0.04217762742577394,0.27271945523503555,0.03795609489444141
0.321896743242867,0.008419534128750374,0.08731606570679122,0.08731532946474958,0.2344490281347914,0.07257294908730226,0.043874330508494756,0.13866738968539247,0.005488630040860895
0.2841055104608619,0.005842904107337936,0.08675518289077182,0.08675439000588732,0.26164233043533386,0.06643331557637647,0.050065591887099324,0.1533644168375485,0.005036357798782818
0.16640674818886766,0.011481774976015833,0.08862152087691783,0.08862062094105215,0.29298616454698956,0.06606930219047633,0.044467230552673064,0.2342259392661993,0.007120698460808292
0.1608569220114604,0.14955542542710312,0.0843302303602798,0.08432950955266295,0.2709418001001938,0.05959257734661941,0.03982655773446055,0.13781729280970909,0.012749684657510795
0.19591936489165548,0.013377942824758593,0.09561160909273402,0.09561095982996254,0.30482849666399575,0.06722532460568395,0.04485251728945585,0.1743561787623972,0.00821760603935672
0.18035012871725345,0.009797803314315517,0.09067878637860742,0.09067770304790705,0.35396333378568934,0.06432628900113192,0.040793114566959866,0.16284451412595644,0.006568327062178982
0.16874877615629003,0.010007514724864651,0.10304098308424307,0.10303997152652529,0.29865062950355437,0.07241672274486265,0.05976769725801769,0.1716240193722517,0.012703685629390477
0.10346201785830256,0.005952649507157983,0.09061024047846085,0.09060898399170385,0.24449041256330253,0.06541282539833514,0.04475331257278625,0.35016469589087734,0.004544861739073481
0.2478434920984202,0.009450431362633826,0.07982093894817154,0.07982027602919949,0.2729723540667788,0.05937697969695572,0.041260771284309716,0.20353216608962546,0.005922590423905319
0.20334337281792733,0.012547703690800908,0.09570586446024228,0.09570482922855268,0.2956187308455093,0.06727864516504736,0.046552285919487714,0.17526318939658025,0.007985378475852137
0.16457310927019286,0.006930807539033205,0.1027468191331364,0.1027460626608358,0.27262939576610956,0.06589657717152426,0.04336961519886145,0.15024610990103185,0.09086150335927458
0.19466718009745096,0.010599537852691911,0.10048987199953603,0.1004892743949848,0.2930763967905737,0.06946563472034169,0.047199637947119726,0.17671576965441482,0.007296696542886346
0.20328927117256093,0.012497626440276832,0.09583526582137884,0.09583422186327271,0.29546499055706466,0.06730831128162583,0.0465845672438159,0.1752139043205573,0.007971841299447007
0.20471073028565545,0.014135153152954478,0.09213592367234445,0.09213512985750492,0.2999541876082074,0.06646887608684598,0.04565050616840888,0.17639034503048945,0.00841914813758896
0.1871508091574872,0.011454156493643917,0.09008613853089853,0.0900853647145397,0.3291333618468438,0.06441318865181901,0.04068229073631198,0.17163041781016863,0.015364272058287198
0.20471073028565545,0.014135153152954478,0.09213592367234445,0.09213512985750492,0.2999541876082074,0.06646887608684598,0.04565050616840888,0.17639034503048945,0.00841914813758896
0.1702187483500155,0.011375218017871518,0.09531109766648042,0.09531027362184274,0.32976123451940303,0.06670844774559828,0.042966301222961946,0.16254966348919295,0.025799015366633555
0.18328298117541098,0.011769182124496866,0.08807024380643809,0.08806950318281925,0.290065537530245,0.06525693739180853,0.0464325224772364,0.21951846831642505,0.007534623995119842
0.19340122919858319,0.013242145136307394,0.09424796013862723,0.09424714688522012,0.3032750043917643,0.07794709440241286,0.04478066172004039,0.1707390463711441,0.008119711755900308
0.18375912836168587,0.01172346983211689,0.10051940701182031,0.10051888372146052,0.309067222767607,0.06998823820489693,0.04415310880335247,0.17275133005588272,0.007519211241177148
0.28595660853874666,0.008762286696251355,0.08124033295815711,0.08123965879398531,0.23774508032705943,0.06635943059181239,0.041655835647621355,0.19148202099718312,0.005558745449183232
0.19071865334645008,0.013282966368884102,0.09389481238871554,0.09389399754703082,0.2952823085976369,0.06586040111155497,0.06777886699400577,0.1712604639217957,0.008027529723926142
0.20471073028565545,0.014135153152954478,0.09213592367234445,0.09213512985750492,0.2999541876082074,0.06646887608684598,0.04565050616840888,0.17639034503048945,0.00841914813758896
0.20471073028565545,0.014135153152954478,0.09213592367234445,0.09213512985750492,0.2999541876082074,0.06646887608684598,0.04565050616840888,0.17639034503048945,0.00841914813758896
0.20471073028565545,0.014135153152954478,0.09213592367234445,0.09213512985750492,0.2999541876082074,0.06646887608684598,0.04565050616840888,0.17639034503048945,0.00841914813758896
0.2638253930667089,0.010506463971962783,0.09304011117964682,0.09303937763299464,0.24909708247798615,0.0652245802743785,0.04884782945142157,0.1698341138695283,0.006585048075372434
0.1654935502311398,0.027575660992824668,0.08904039772833376,0.08903964698447138,0.278540623242808,0.07230538464652307,0.0448503104937264,0.2264308964929884,0.00672352918718452
0.22242860777314624,0.13144218341445754,0.07592893730986285,0.07592827960191445,0.18961434040679617,0.05990895265188464,0.03139227526838697,0.20911924975784624,0.0042371738157049145
0.20471073028565545,0.014135153152954478,0.09213592367234445,0.09213512985750492,0.2999541876082074,0.06646887608684598,0.04565050616840888,0.17639034503048945,0.00841914813758896
0.1678762010405793,0.05814676453301732,0.08836631607065872,0.08836555395860039,0.33873453313148255,0.06090599145239118,0.03860208243181485,0.15254584752532827,0.006456709856127424
0.2213121298437498,0.02420415010327839,0.09497764955790267,0.09497699760651634,0.2517442120339483,0.09624336943812624,0.04203866725933911,0.1686777269429897,0.005825097214149596
0.16797198736763486,0.011240349575636702,0.09648605055227688,0.09648540507339855,0.3313879259081637,0.06736261208211662,0.05998718441256229,0.1618988050067389,0.007179680021471579
0.20471073028565545,0.014135153152954478,0.09213592367234445,0.09213512985750492,0.2999541876082074,0.06646887608684598,0.04565050616840888,0.17639034503048945,0.00841914813758896
0.08064948657237932,0.003853958524676566,0.09485420817220781,0.0948526356598783,0.1992216791157704,0.07230286271929941,0.05197552221854373,0.3962927725390457,0.005996874478198741
0.17367382332841252,0.009868114824182324,0.10474608551039853,0.1047453810738818,0.3036875646001274,0.0818940440249052,0.045442551421900367,0.1690552400218784,0.006887195194313424
0.21966373247884116,0.010242244294348547,0.0830470222863085,0.08304633740825453,0.2817983728991408,0.06326672990062208,0.04509780522943884,0.20709966850113215,0.006738087001913442
0.20471073028565545,0.014135153152954478,0.09213592367234445,0.09213512985750492,0.2999541876082074,0.06646887608684598,0.04565050616840888,0.17639034503048945,0.00841914813758896
0.1942369191869946,0.013416189781729418,0.09451608056091192,0.09451526206974699,0.3021590358971083,0.06682714816178513,0.04473906810571668,0.17397019919527534,0.015620097040731591
0.17893853207198207,0.010332245763418266,0.09789048614421218,0.09788964049355618,0.3216921659756672,0.07811960248530787,0.04896417359582598,0.1590618705320366,0.007111282937993717
0.19614273293644566,0.013320623392201268,0.09562276327272212,0.09562211474769189,0.30482360542417736,0.06734922585136839,0.04468520805245688,0.17429365744252134,0.00814006888041499
0.20129510824719357,0.012630075580319427,0.0943425292044634,0.09434171070977841,0.2932065316506084,0.06637485280477695,0.045800582448631895,0.17322041181407144,0.01878819754015659
0.2030216863490818,0.01266776483185444,0.09561628994093714,0.09561525907516821,0.2962458720928953,0.0671437286642642,0.046407746433892116,0.1752169487922749,0.00806470381963189
0.19208892954510048,0.006609744411445841,0.08783644441549836,0.08783511523313058,0.2599752166539617,0.06493759337568386,0.04735404632290846,0.2482147676327169,0.005148142409553761
0.1308360380654924,0.1534733089327825,0.08153180614577125,0.08153108088269345,0.2352886578447053,0.05708058460959208,0.033108331276856334,0.2223712653696913,0.004778926872415377
0.20471073028565545,0.014135153152954478,0.09213592367234445,0.09213512985750492,0.2999541876082074,0.06646887608684598,0.04565050616840888,0.17639034503048945,0.00841914813758896
0.18987723765424977,0.012189809863998499,0.09352468255973584,0.09352387860460531,0.28725528311266385,0.06785384331386764,0.06079534418633404,0.187517334392707,0.007462586311838163
0.18868155880244572,0.05265778490230812,0.09294563780407054,0.09294483459789411,0.2832971672572156,0.07646486018778197,0.045201871158305866,0.16067867055429735,0.007127614735680752
0.18701438661922865,0.03532345247959452,0.09557846670919766,0.09557763882577801,0.29310096756746606,0.06614241788797208,0.04427531538774909,0.16749449262945193,0.015492861893561949
0.1987165707041826,0.012979159953833821,0.09412986840657811,0.0941290636319897,0.30114577404379983,0.0684582337870676,0.045698827811252916,0.17679845920581813,0.007944042455477363
0.1607572207451102,0.007082443153515837,0.08475496766295267,0.08475423356447453,0.39463018273593287,0.056722046482267814,0.03544306375076967,0.13940056497023276,0.0364552769347436
0.18426718993789085,0.011291339930080942,0.09510790073570728,0.09510692356760438,0.2846111710716545,0.06943255931223387,0.04514201687163266,0.20800657478491355,0.007034323788281911
0.14506335623687866,0.007166269806530508,0.08289644867584609,0.08289574748953336,0.31680941520034417,0.05978073298215859,0.08607308014057163,0.21411144529514015,0.005203504172996851
0.20293844873960154,0.012608620756866412,0.09577726171125538,0.09577621994086344,0.29607858336098625,0.06717547571843828,0.04644246676854571,0.17515216988920343,0.00805075311423966
0.1796474999799227,0.010558298158461009,0.08912394679195856,0.08912316918089132,0.3488251396358344,0.06064196174976236,0.05720683799979336,0.157883938100355,0.006989208403021328
0.258661722188781,0.008847579768916631,0.08643974526356986,0.08643898751365477,0.28812620451397225,0.06930259852004107,0.03715738413920508,0.15954396008366414,0.005481818008195334
0.24163015500706644,0.008992751696897023,0.08622808074885045,0.08622735052603943,0.31486857127838136,0.0621889562685281,0.0422648283276846,0.14320634487362044,0.014392961272932185
0.20471073028565545,0.014135153152954478,0.09213592367234445,0.09213512985750492,0.2999541876082074,0.06646887608684598,0.04565050616840888,0.17639034503048945,0.00841914813758896
0.20471073028565545,0.014135153152954478,0.09213592367234445,0.09213512985750492,0.2999541876082074,0.06646887608684598,0.04565050616840888,0.17639034503048945,0.00841914813758896
0.24902628685311365,0.013021229427733256,0.08983555307734327,0.08983477268262864,0.2695561933915156,0.06416491340722442,0.044040477927139166,0.1728911107440579,0.007629462489244049
0.19402657783826394,0.013342712932791765,0.09482089289755492,0.09482007347741028,0.30267331760347194,0.06690154703699643,0.044774287830682595,0.17233024363138108,0.01631034675144709
0.16702346186171188,0.009650157654311485,0.09982047359951558,0.09981944635115596,0.28809979245594447,0.068001107537296,0.0606325633559315,0.16457866485986172,0.042374332324271395
0.19153214185739353,0.041436299575484524,0.09808267098703967,0.0980822361451385,0.2828597721705798,0.06638779610462818,0.0462920256940656,0.16824151182295075,0.0070855456427195
0.20471073028565545,0.014135153152954478,0.09213592367234445,0.09213512985750492,0.2999541876082074,0.06646887608684598,0.04565050616840888,0.17639034503048945,0.00841914813758896
0.20471073028565545,0.014135153152954478,0.09213592367234445,0.09213512985750492,0.2999541876082074,0.06646887608684598,0.04565050616840888,0.17639034503048945,0.00841914813758896
0.20471073028565545,0.014135153152954478,0.09213592367234445,0.09213512985750492,0.2999541876082074,0.06646887608684598,0.04565050616840888,0.17639034503048945,0.00841914813758896
0.13473987632674708,0.023163254253731207,0.09529228203774236,0.09529149695398148,0.2883099419417439,0.06880909593104095,0.04369889849168423,0.2275630811035061,0.023132072959822707
0.1920324644781127,0.013010879372611852,0.09736351003300592,0.09736293533112628,0.30693818186877947,0.06781198223047884,0.04429470955748858,0.17314587063830134,0.008039466490094946
0.20471073028565545,0.014135153152954478,0.09213592367234445,0.09213512985750492,0.2999541876082074,0.06646887608684598,0.04565050616840888,0.17639034503048945,0.00841914813758896
0.2627777013225507,0.011157367500097182,0.0913304073224155,0.09132961111702925,0.253048029423283,0.07423705154313248,0.04301919297707227,0.1663606888025206,0.006739949991898957
0.19347873396868678,0.013247271475765087,0.09423709508209399,0.0942362819144343,0.303257403569655,0.07785245602989885,0.04478559080377095,0.170783691720683,0.00812147543501199
0.24277366087372654,0.01145273452460262,0.09326830357104571,0.09326734101377486,0.2675577147728374,0.06562626537263343,0.043555639123657404,0.1698057261793633,0.01269261456835888
0.1707878443687055,0.03178890278393142,0.09340189419690616,0.09340110202605661,0.28957146365569175,0.07572490593996077,0.04628320192053312,0.19209994420472998,0.0069407409034847435
0.20183030548680728,0.1222404277755953,0.08961793308591369,0.0896173337356982,0.2505877722900293,0.06205809941899107,0.04161126752468924,0.12636936984932814,0.016067490832947773
0.17797478613430953,0.010088211371765696,0.09977968659462978,0.0997788393020076,0.2980766540361135,0.07044926213328626,0.04506189133262891,0.1698863681117779,0.02890430098348078
0.19003624444246583,0.012114226091670961,0.09372689828519383,0.09372609644207398,0.29226034882171087,0.06805160949260268,0.04455115789692155,0.18930263870759564,0.016230779819764587
0.1828344617537235,0.045607518928367986,0.09595021238314651,0.09594939325269176,0.295310783382514,0.06727553824186196,0.043818669503323686,0.16619016986472931,0.00706325268964117
0.1960529818006044,0.03608069386399037,0.09165198036400524,0.09165119209695265,0.29276297538872886,0.06598007949840418,0.04351620905655874,0.1746023573716676,0.007701530559087935
0.2713658834849511,0.010680470556835636,0.09327842446489622,0.09327776603149467,0.24709350237580194,0.0650572825019173,0.043237378280508,0.16949748076532548,0.006511811538269589
0.1642122323292269,0.01024237636716842,0.09013721941359847,0.09013646132601467,0.2840952434719826,0.06613570684816289,0.06146893863348255,0.22028383680500432,0.013287984805359114
0.19368098786933075,0.010894665151290908,0.08387838172976268,0.08387750567324394,0.21899212243581512,0.06102945301801613,0.030072182747051906,0.11853774101089919,0.19903696036458943
0.20471073028565545,0.014135153152954478,0.09213592367234445,0.09213512985750492,0.2999541876082074,0.06646887608684598,0.04565050616840888,0.17639034503048945,0.00841914813758896
0.20471073028565545,0.014135153152954478,0.09213592367234445,0.09213512985750492,0.2999541876082074,0.06646887608684598,0.04565050616840888,0.17639034503048945,0.00841914813758896
0.26081047548125064,0.009937480443641978,0.09447451534516359,0.0944735369450771,0.24817028384936948,0.07456436972191911,0.04280761010026309,0.16345738677269575,0.011304341340619223
0.24420819220554021,0.00993216847220123,0.09548905106866203,0.09548846685579675,0.2580116954058223,0.0774179116708064,0.045674130461179345,0.16711391969914322,0.006664464160848511
0.1471315852847739,0.006385278357787996,0.08560054313036754,0.08559996497820833,0.42100396591916206,0.08660257977463363,0.03585065808730554,0.1266128038135971,0.005212620654163804
0.20471073028565545,0.014135153152954478,0.09213592367234445,0.09213512985750492,0.2999541876082074,0.06646887608684598,0.04565050616840888,0.17639034503048945,0.00841914813758896
0.20471073028565545,0.014135153152954478,0.09213592367234445,0.09213512985750492,0.2999541876082074,0.06646887608684598,0.04565050616840888,0.17639034503048945,0.00841914813758896
0.1560642916823758,0.008690561143450728,0.08105174530997351,0.08105103751121327,0.2265236794593075,0.055365541418311216,0.031382490916826274,0.15991360397285723,0.19995704858568453
0.17315979334226841,0.010922562757899856,0.09837610869092898,0.09837526010474874,0.30035458224315764,0.10270096666172153,0.04473252792735807,0.15643733552233227,0.014940862749584423
0.17928503853371214,0.010107839010526554,0.08679827352290877,0.08679752341332399,0.35130470633542465,0.06068552784403769,0.05974717151565279,0.15858316426070496,0.006690755563708531
0.18580399202164433,0.012330855312998499,0.09534851768831142,0.09534769317307505,0.2939411918739347,0.06752699741514834,0.06108935870451938,0.1731267125151731,0.015484681295195216
0.20225711536655133,0.012607004356710421,0.0954938116754767,0.09549319971407914,0.29606069002147056,0.06709941191319241,0.0464120315197693,0.17655844241159468,0.008018293021155564
0.25831946909035813,0.011536243208363514,0.08702006144969752,0.08701933274935379,0.2891046924082086,0.06497237681510744,0.04646720733515349,0.14806118553003014,0.007499431413727412
0.1890933817567079,0.052579043540094426,0.09242488849014019,0.09242426129359371,0.2896326203552347,0.06620656078302548,0.0445213476303522,0.1659149250491637,0.007202971101687751
0.15078225451755778,0.008038067835460688,0.08497434134602389,0.08497362520937274,0.3302651819754548,0.06021884896000327,0.059885462189289085,0.20712610386978494,0.013736114097052846
0.34987417722252817,0.007642475483879332,0.07728594512077526,0.0772853143326759,0.22562731911958953,0.057908640618011036,0.04011302666999867,0.14625698028955988,0.018006121142982254
0.1994780120481702,0.013130148857097929,0.09390210992205482,0.0939013045522545,0.3009484170643298,0.06823065662520843,0.045654030973392934,0.1767411296513143,0.0080141903061771
0.20471073028565545,0.014135153152954478,0.09213592367234445,0.09213512985750492,0.2999541876082074,0.06646887608684598,0.04565050616840888,0.17639034503048945,0.00841914813758896
0.16800163458638187,0.011339258339254504,0.08829854799764202,0.08829798370977758,0.2916398601375156,0.06587525583600563,0.04433383797398067,0.23504864891612617,0.007164972503315951
0.14740186627767507,0.006939880004953228,0.08906301323665715,0.08906179073715803,0.3337183445456658,0.06588466651688024,0.04152841051394252,0.22124169991345022,0.0051603282536176595
0.1974373536886018,0.01297306998006755,0.09288962361942159,0.09288882761291128,0.297507925164384,0.06721757600355911,0.044692223458846096,0.17563849836229206,0.018754902109916483
0.20471073028565545,0.014135153152954478,0.09213592367234445,0.09213512985750492,0.2999541876082074,0.06646887608684598,0.04565050616840888,0.17639034503048945,0.00841914813758896
0.20471073028565545,0.014135153152954478,0.09213592367234445,0.09213512985750492,0.2999541876082074,0.06646887608684598,0.04565050616840888,0.17639034503048945,0.00841914813758896
0.3170368733026889,0.009629805034050644,0.07682195354371692,0.07682132073773039,0.24613012936913634,0.05836049221855726,0.04243107603356667,0.1667112211613433,0.006057128599209563
0.08726528313899613,0.11211437947439756,0.07253664034615202,0.07253624527242855,0.29190093643792014,0.04987569604386797,0.027011094373674337,0.28325788721096146,0.003501837701601835
0.14826209139275956,0.01919285366669828,0.08887841316997797,0.08887764039629993,0.3282489333474095,0.06372560559642491,0.04070328531623502,0.2101812477019642,0.011929929412230566
0.20293844873960154,0.012608620756866412,0.09577726171125538,0.09577621994086344,0.29607858336098625,0.06717547571843828,0.04644246676854571,0.17515216988920343,0.00805075311423966
0.1960287327284235,0.013385983739060239,0.0955672308890013,0.09556657976047594,0.30477136726921544,0.06721517797625269,0.04486138008228654,0.17438397088080634,0.00821957667447811
0.18145058721290397,0.04063999002228443,0.09495994683818128,0.09495896389325527,0.3016082376448451,0.06842042010771543,0.044740372696588517,0.1656889437107578,0.007532537873468152
0.19320722141938843,0.009364541821138063,0.10502337816470136,0.10502201136626343,0.28898286677887536,0.0702928409720926,0.048020698574325706,0.17315901088824603,0.006927430014969104
0.3001435262412228,0.010763693090107612,0.08498893718021576,0.08498846322220877,0.262106519483086,0.06285556612649708,0.043076228258145076,0.14448120705880654,0.0065958593397103865
0.19373107826361316,0.011928655988394992,0.09923006044672494,0.09922914465608379,0.30101776908733663,0.06787263191900901,0.045635911230090274,0.17352581092356179,0.007828937485185426
0.21893640629608546,0.007958505825094902,0.08853986304023655,0.08853930181947826,0.2895774085644368,0.06891238579462255,0.040144497902836244,0.19177761058233575,0.00561402017487346
0.1879738879267646,0.011429157116225249,0.09780373090446554,0.09780347225414121,0.3021191990765501,0.07211376975355499,0.04586722285301852,0.1777448177999037,0.007144742315376107
0.23663913052797628,0.010902131341586562,0.0880609535189506,0.0880602148782847,0.3164050205341399,0.06497950589509248,0.04526745764280594,0.1426042044067685,0.007081381254395056
0.18223765900001687,0.010733781899947439,0.08589484746279692,0.08589410467012293,0.36465951307220074,0.0602210386973639,0.03639374561540582,0.1672939294421887,0.006671380139956592
0.20471073028565545,0.014135153152954478,0.09213592367234445,0.09213512985750492,0.2999541876082074,0.06646887608684598,0.04565050616840888,0.17639034503048945,0.00841914813758896
0.1701756868452139,0.010045537836588923,0.102656348326764,0.10265539812976021,0.2978159814322228,0.07022933857157991,0.04473310057026774,0.16792170463861267,0.03376690364898979
0.20471073028565545,0.014135153152954478,0.09213592367234445,0.09213512985750492,0.2999541876082074,0.06646887608684598,0.04565050616840888,0.17639034503048945,0.00841914813758896
0.223019773643054,0.009176527775215793,0.08869744572556966,0.08869666158796595,0.3169432683716424,0.06737370696903032,0.04936027888796585,0.1506177377404303,0.006114599299125756
0.11145189266986956,0.0038466070757586794,0.0823744773096073,0.08237376285513849,0.40654072651736944,0.05784767382512005,0.028954549566763525,0.10549550359173554,0.12111480658863742
0.19921080178986428,0.01313961239921436,0.09403719547471512,0.09403622739273075,0.3007962517915331,0.06836616188599512,0.045749670094022366,0.17668966248315665,0.00797441668876826
0.20471073028565545,0.014135153152954478,0.09213592367234445,0.09213512985750492,0.2999541876082074,0.06646887608684598,0.04565050616840888,0.17639034503048945,0.00841914813758896
0.2936601956018389,0.02155011615211062,0.08859753638646202,0.08859699207172385,0.2664418821097187,0.0671527582965134,0.04774112822630012,0.12123238951217541,0.005027001643157033
0.2450970634581574,0.0052276763451287525,0.08464223392951305,0.08464121141501439,0.22762202107771778,0.08179468810158004,0.04666092746207539,0.22010522642616126,0.004208951784651909
0.158365595757827,0.010486853474833899,0.09121061670591712,0.09120984896418023,0.2915032671433964,0.0655785184062827,0.04467949674847862,0.21510985831467785,0.031855944484406186
0.17065248702281996,0.009397817096889355,0.08879994268588459,0.08879920065736054,0.27837783566119995,0.065146221256536,0.047461574859192834,0.2369615712021416,0.014403349557975122
0.13299026647244608,0.006928378096257826,0.08345302235558755,0.08345234708704163,0.260618278321633,0.0643930394447297,0.2339791101780558,0.12295555317805812,0.011230004866190248
0.19017658064102896,0.028196299608683025,0.09738631086689294,0.09738546274329933,0.28448206127706993,0.06697854188091083,0.04813194024937358,0.1712197016471847,0.016043101085556618
0.35229221823426965,0.00993834359150111,0.08016130929021069,0.08016063925668696,0.24553175258860996,0.05962301567060654,0.041657296908840645,0.12455095290247953,0.006084471556794909
0.15743327143179128,0.007078769399175284,0.09084924117429179,0.09084846874598611,0.4088387081018013,0.059555686532334895,0.03920220303464183,0.14047651729258484,0.005717134287392546
0.25693304520603466,0.009820876470883567,0.0944100019950701,0.09440917646800606,0.24322064735250448,0.07435181534849768,0.05221649067433789,0.16231182051839266,0.012326125966272868
0.23462519166522525,0.00905446729937852,0.0876900253485541,0.08768925457061576,0.3166493660343273,0.0589306343022574,0.04368287542295201,0.15546144301290543,0.006216742343784211
0.18790422780489532,0.010196586403063297,0.09956063637505157,0.09956000777944211,0.2817015242244672,0.0683166106034901,0.07157984196597961,0.17418002228234541,0.007000542561265269
0.19544796898822883,0.012528842548099545,0.09454123625578781,0.09454061605006496,0.30048085242116257,0.06886780686513706,0.04528628975459378,0.17668273756710887,0.011623649549816597
0.15069285792672896,0.007102436545166495,0.09082179047692313,0.09082130433952083,0.30696073260940615,0.06289571351100494,0.0347316646572493,0.174017717057131,0.08195578287686929
0.15247480745185868,0.027152327537341137,0.10556940170274359,0.10556867880957188,0.3014063976082814,0.07882961163545939,0.04320835677667262,0.15376533693407127,0.03202508154400006
0.19399961373733923,0.01229741726616834,0.09588706608347912,0.0958859240894306,0.3012144261164667,0.07021252008951996,0.04591506313303479,0.17700152116231446,0.007586448322246639
0.18680816663289482,0.011707633095212491,0.0959992537089161,0.09599841836102034,0.2954461269782875,0.06646233038326084,0.04467100809362076,0.1671010319975702,0.03580603074921704
0.19081119450244355,0.011625240861407307,0.09825192547558241,0.0982512585414837,0.2980664820169382,0.06713276395484703,0.04500678524641741,0.17178246280176515,0.01907188659911527
0.3670201487839379,0.01973257116349569,0.08275438329408877,0.08275388327248874,0.22243507900130066,0.06593372214193954,0.043125500882745756,0.1115332331415491,0.004711478318453898
0.1999731033184656,0.012502111272290348,0.09436544886637908,0.09436463519620146,0.2951269935182594,0.07730959917735272,0.04644234062818037,0.17198458256296803,0.007931185459903017
0.1962316188302868,0.013400981395218397,0.09548499380858701,0.0954843392240576,0.30466515311966685,0.06719640469125478,0.04487788434098019,0.17443535960535506,0.008223264984593385
0.19131264162198827,0.012556430713246436,0.09699475152968538,0.09699379408659396,0.30507906808883567,0.06883874851414569,0.044984007325808546,0.1753719663492682,0.007868591770427773
0.21739201671530772,0.11402082414092728,0.08581975342317565,0.08581900511043412,0.2370240853880996,0.05926134121088559,0.03763869423455656,0.1570368241071324,0.005987455669481066
0.30337822813279436,0.008854378466374631,0.0904508443036305,0.09045004236809316,0.2528874686510016,0.06263044102398871,0.046951190633332286,0.13815906966721095,0.006238336753574041
0.1815770731502823,0.011443216716832197,0.10141757619463414,0.10141641937021416,0.30431844776114914,0.07936222777191662,0.04498275248974593,0.1679039939816583,0.007578292563567231
0.15541374069660027,0.009342439920262277,0.09076483410706764,0.09076390065770985,0.27933919557261605,0.06837561627213139,0.044516764593418974,0.25527380343808037,0.0062097047421131165
0.1599353870258817,0.008537111369762504,0.0886235145626289,0.08862278557677161,0.2820825219507321,0.06724749079358554,0.046453427808376656,0.2443902353865567,0.014107525525704342
0.1951112582867375,0.010755207344544613,0.09894066713222056,0.09893967621241455,0.2915629704266545,0.08016993272916227,0.04721746171513682,0.16993649281408585,0.007366333339043382
0.19959829097057832,0.013194676809261447,0.09377613951010318,0.09377517999749514,0.30111914047757005,0.06810531936429044,0.04564829435462211,0.17681825887470512,0.007964699641374182
0.1840596770080096,0.009423681974591223,0.09244824166872524,0.09244743323570913,0.2716765052450402,0.06241558866217523,0.04297656294139371,0.15429978696813956,0.09025252229621611
0.17098398985687693,0.07870064545857278,0.09527048342133071,0.09526965927291069,0.2746007475493836,0.06399175319108315,0.04324788717833309,0.14941565665762094,0.028519177413888163
0.20471073028565545,0.014135153152954478,0.09213592367234445,0.09213512985750492,0.2999541876082074,0.06646887608684598,0.04565050616840888,0.17639034503048945,0.00841914813758896
0.19434246205070563,0.012288944237170545,0.09551533143224661,0.09551485809794154,0.30196481818183557,0.06984015272315931,0.04566379288018002,0.17732410445348515,0.007545535943275596
0.25548355737093126,0.010398167863663915,0.08885535774929715,0.08885460857219644,0.2826568831730171,0.06495231342450407,0.04662382098778956,0.14546220738526233,0.016713083473338275
0.13774445317655595,0.018327449531676563,0.08740866025284773,0.08740792784413874,0.3295950850138278,0.06226735532340442,0.03797829482830613,0.23392806761393783,0.0053427064153047715
0.20471073028565545,0.014135153152954478,0.09213592367234445,0.09213512985750492,0.2999541876082074,0.06646887608684598,0.04565050616840888,0.17639034503048945,0.00841914813758896
0.1953308919752287,0.013422294200847479,0.09563429098463616,0.09563333145550242,0.30475750162728843,0.06724578403787815,0.04486697825014783,0.1748871000090767,0.00822182745939415
0.19001382813841927,0.011209407035519951,0.08678207164468536,0.08678131996525901,0.355886012888366,0.06066727308567533,0.040621474152827644,0.160777567269789,0.0072610458194583985
0.24855941665499867,0.02216135545437713,0.08589136526758878,0.08589068737027113,0.24075686378544506,0.07952623474396468,0.0422033427284205,0.19017432303471807,0.004836410960215957
0.20471073028565545,0.014135153152954478,0.09213592367234445,0.09213512985750492,0.2999541876082074,0.06646887608684598,0.04565050616840888,0.17639034503048945,0.00841914813758896
0.2054837510337044,0.008025560538760862,0.09195797337932787,0.091957342181414,0.24976660981763607,0.07094172321291403,0.057255114601546746,0.21205190406001795,0.012560021174678018
0.1797685921815149,0.03148386058691849,0.10564401322246553,0.10564385912641655,0.2887046730816998,0.06875262709360239,0.04718890769111105,0.1658597569521982,0.006953710064073166
0.20471073028565545,0.014135153152954478,0.09213592367234445,0.09213512985750492,0.2999541876082074,0.06646887608684598,0.04565050616840888,0.17639034503048945,0.00841914813758896
0.143150532855737,0.008958467831386966,0.09048658708052339,0.09048567061876506,0.27735525662810273,0.06654024785349193,0.041828059328199774,0.23014435947376244,0.0510508183300307
0.20471073028565545,0.014135153152954478,0.09213592367234445,0.09213512985750492,0.2999541876082074,0.06646887608684598,0.04565050616840888,0.17639034503048945,0.00841914813758896
0.2510914604293304,0.010692090864289164,0.08893107256305177,0.08893050898128357,0.290602982859673,0.06676303022339757,0.046403015356268666,0.1495135659402207,0.0070722727824852685
0.15768903243899857,0.009714002277434701,0.09454726947734259,0.09454663850273064,0.299136711798436,0.06832476614744533,0.045072082985496864,0.22432030742411077,0.006649188948004651
0.24005442846582956,0.007264781645265512,0.08740843451703732,0.08740767090952895,0.30304692859702526,0.08608364321586726,0.03947732615790905,0.14396722496771328,0.005289561523823902
0.1964067637085082,0.013075304210331108,0.09271001919789239,0.09270922138709099,0.29132709881718427,0.06703899957080416,0.06320914677375285,0.17565801770821862,0.007865428626217393
0.19087497573304701,0.011424058247539564,0.09547978277804119,0.09547895724349016,0.2849805688496368,0.06760652248994052,0.0736144730474697,0.17315713128158508,0.007383530329249893
0.19785406573771427,0.013027225956663023,0.09294433406900678,0.09294353627076885,0.29773505956030094,0.06727307467031234,0.04488012770101588,0.1758409912655746,0.01750158476864334
0.17143794592619796,0.012431538644512444,0.08692582133589448,0.0869250915544163,0.2922451191192613,0.06437392746763611,0.04436870978073296,0.23372002029825323,0.007571825873095202
0.19264214860890805,0.010476789561868016,0.10052880420485662,0.10052799248522627,0.29254525096377154,0.0694459584879704,0.050910498624370575,0.1757810322939699,0.007141524769058559
0.1096877915643419,0.003855074897576357,0.08054250315316751,0.08054191771621465,0.1957749166453475,0.05777930103773656,0.027458861968459824,0.11856036125836851,0.3257992717587872
0.18040814171663833,0.011291555709265272,0.09044562347407172,0.09044483694947884,0.34272707601223146,0.0626494927972342,0.0391069750759939,0.16807899128952405,0.014847306975562262
