0.10040139708324843,0.18004359498100017,0.13214739671861508,0.054676012452452606,0.09824936950880749,0.10536746513971125,0.08055561392092421,0.15251742707043128,0.09604172312480942
0.0992275409223834,0.11220469093465783,0.11541551103098831,0.07218438978419221,0.09891270964456168,0.08673361958365079,0.061480186847120616,0.2103842107263683,0.1434571405260768
0.10583591619866861,0.07581377476297375,0.12052679650083836,0.05355845033552714,0.12186509242420318,0.2570354180021511,0.1263964023403279,0.027797766341117747,0.11117038309419223
0.0951468939272808,0.12915348617934652,0.10761719954228104,0.0860197736219419,0.12744277396461598,0.11473295548389946,0.044344047931453766,0.20476111430669286,0.09078175504248764
0.12068641088555813,0.08381196325880395,0.12985280108851263,0.07743445772268177,0.17617237205040617,0.11285914899516032,0.057895632750357806,0.09535675474072698,0.1459304585077923
0.11795421701498914,0.10738383443737376,0.10960854025166095,0.09431039126725772,0.12325594843713894,0.07401538414509432,0.05649408679903556,0.21456417397280428,0.10241342367464538
0.13690666433580825,0.11584202707736423,0.11962043731225185,0.07593588076494094,0.1111858757198544,0.0957811727085602,0.1428634118172585,0.06599377932935081,0.13587075093461076
0.1114390204814541,0.10182665793849709,0.1024205520709705,0.07982401954595221,0.11696337970301758,0.09418502336803818,0.08198913981627008,0.2225076423492289,0.08884456472657144
0.11857744563191704,0.09398691174764694,0.10959712946880279,0.12044800873900996,0.13656029076666104,0.0669049334999844,0.09134835672118378,0.12703526794426154,0.13554165548053254
0.09875508186130037,0.1039868876338127,0.11572004174107808,0.0686271012877059,0.12936296942040906,0.11935622119199597,0.09292795904449835,0.1949825589487577,0.07628117887044186
0.09678244476360846,0.1066624318121016,0.12548985947201804,0.07816245519282032,0.14293998148248868,0.14643864984050903,0.05307157931807352,0.1330796291412535,0.11737296897712694
0.10710578188797505,0.1558809685974076,0.097076915104166,0.11233544593533658,0.11088655853631253,0.1409005609884584,0.10734965809577028,0.09849408683133,0.06997002402324358
0.13220867612778758,0.11439056038036133,0.12115907756023818,0.09272073352562339,0.15392901066004966,0.1301814504323465,0.05074325289130075,0.10696139979551034,0.09770583862678224
0.111181228534728,0.11358782527818323,0.1051380253040487,0.06250093526273297,0.11945326152128737,0.08818303768181103,0.2014513369899588,0.06868481660465343,0.12981953282259648
0.10144440603061884,0.11366291859082663,0.11788800517912146,0.10232765041704912,0.14272945581022486,0.0755123678828253,0.07506834417460805,0.149981455354801,0.12138539655992465
0.13096879145857446,0.10365567025806233,0.10971015833525476,0.15618504938036612,0.12042011125465031,0.08563254925693407,0.0746811112554537,0.10397582963222435,0.1147707291684799
0.10911174990095696,0.11650365655424853,0.10686785516845732,0.08068232786182603,0.12386581945526398,0.1337341935905883,0.08587401536955902,0.13939490741911068,0.10396547467998919
0.11635085417429265,0.08905058419916333,0.12908993645197903,0.05179593591457554,0.15467679752813332,0.08995425940461739,0.13898508263563014,0.10853877402519417,0.1215577756664145
0.11461493035374909,0.09207527214306306,0.11729099551940096,0.05395602893277951,0.14996531857842899,0.0679576829276098,0.034335534553419096,0.24241192902016473,0.12739230797138482
0.10852761010701123,0.09741016006643338,0.11135908738534116,0.07019096531095892,0.12974374284288717,0.12409766554770908,0.05714792905967996,0.2004074113424914,0.10111542833748767
0.10262271488128734,0.11366872860144478,0.10291670230539281,0.08456439952343038,0.16371909166863527,0.12308968318533882,0.09667179888400956,0.0787542000668512,0.1339926808836098
0.07467514577467761,0.07703632675885559,0.0946803199990864,0.15508582963468628,0.12434999407007663,0.08680257250035102,0.2707213997876797,0.04130182453177983,0.07534658694280692
0.11538764701541866,0.10310861701843733,0.10575007892972506,0.18961802970934052,0.09851694675032267,0.06041420116488663,0.0969966194824771,0.07936888117550815,0.15083897875388383
0.08294094500528314,0.06391736198892686,0.100122924875907,0.08201409269754112,0.10703037948738532,0.053839112960732814,0.03396268066551331,0.3099301971800086,0.16624230513870175
0.10687831143865649,0.16727011675426204,0.12565039411514253,0.10037960234493247,0.12710011683624928,0.14567452973558168,0.05377561331248317,0.06398557356419186,0.10928574189850043
0.11872508572509088,0.1151321967671849,0.12345288694716962,0.11493486190170991,0.1685152843406372,0.16897422797356534,0.0308557955478793,0.05876002868923615,0.1006496321075267
0.09625185752614913,0.12192369670532778,0.10152534148604865,0.07358755748900299,0.1154515780382917,0.1494488393095251,0.08268542093180965,0.14702544521986755,0.11210026329397749
0.09566764919986454,0.08957367127933802,0.10616580973125567,0.11771122420630452,0.12360697799123972,0.11188973085891792,0.037978244782963695,0.20151303917000207,0.11589365278011377
0.09421175410651837,0.11207517734703515,0.0798105860038296,0.061110104883590526,0.08825678346822963,0.1055576573404392,0.3083286176372719,0.01986503329428486,0.13078428591880079
0.09613356115238765,0.10472247727047751,0.10170907595817756,0.06362741890533237,0.14881160314546024,0.11059090818063544,0.10714573718693006,0.14498761852528438,0.12227159967531483
0.10446643248652869,0.09530899157052634,0.11149362888981817,0.15582553869077562,0.1413288446690915,0.11031685968779559,0.03300355112136195,0.1467426341561004,0.10151351872800181
0.1006470480990909,0.107240038013576,0.10935427169321549,0.0872161111317696,0.1360354590022702,0.08199218759877502,0.03043637930543278,0.25861480972847783,0.0884636954273922
0.09872860499987628,0.09459974005342157,0.09642097505612383,0.09545803725618777,0.1160957981426672,0.08257996733785523,0.0947669281739925,0.20158528708932685,0.11976466189054875
0.08214222565540893,0.09268689308995225,0.08861881523249987,0.058608082992457324,0.11557627609279557,0.13246388047550509,0.04187166344144189,0.25081427151323127,0.13721789150670785
0.11717541751822469,0.13227676197813484,0.10916830056323239,0.1423164245528968,0.10528359956883017,0.0912738374059217,0.14833119072238576,0.02957782965814429,0.12459663803222948
0.11181511468970394,0.12815892150403366,0.12224963334767909,0.07724495925546546,0.14646509756377893,0.09028241844440595,0.0873527491514977,0.12823236351839362,0.10819874252504173
0.10483710782477666,0.0910596683519254,0.12857331093744095,0.07931558664712257,0.1335843299215694,0.1273559962856603,0.08008807205184094,0.09858123487965043,0.15660469310001332
0.09306123198368815,0.09483007478711909,0.11056968830450946,0.17249063007191823,0.12442973283951901,0.12853425961765627,0.09336454594949839,0.060188244828057035,0.12253159161803427
0.0783214361372676,0.10867447312191518,0.09828440735218097,0.06942723163378377,0.08859675315109476,0.09047186644307213,0.21624035990421586,0.09519016473713464,0.15479330751933512
0.09280306556326219,0.12157184054789794,0.09548126491439562,0.05025609932972114,0.13246668451500496,0.132534504572796,0.054432254958632374,0.2349905574195693,0.08546372817872055
0.10188687026695083,0.1006073285972392,0.10274693837455266,0.21729697213794852,0.10829950361424205,0.06944459454778841,0.1367095713248142,0.04470238689364581,0.11830583424281822
0.129711337611126,0.16212863749009096,0.09900923660510282,0.07038672111892956,0.10005216004945532,0.11880180743893147,0.13563150877291216,0.05978704202664912,0.12449154888680265
0.11671285315504272,0.10960733139001982,0.11969449096195776,0.10665911798123277,0.10200498844375494,0.12139540821061091,0.13809412894781384,0.047653405439182644,0.13817827547038466
0.12889546976458488,0.07777917755932498,0.12329631188993152,0.06256477997288962,0.16740628008155234,0.12031288846066683,0.055397590346794014,0.1474420203669127,0.11690548155734302
0.11706082059032387,0.11072625791108603,0.11675368352678854,0.11987505739231859,0.1274447170177693,0.10262994338296949,0.14484425345968246,0.0581472554058109,0.10251801131325079
0.07472651485928881,0.12635979333922173,0.07683259215908084,0.09549290423423797,0.11074124141379464,0.12270787980926257,0.27655137177920824,0.02119081522574673,0.09539688718015855
0.13504883190469844,0.09132864364924553,0.12956097521906318,0.10838357499188084,0.11798506100348806,0.07911515889772454,0.06541371157592808,0.16005223711199998,0.11311180564597136
0.11501627463839,0.14184221096429253,0.11249385638208126,0.11773790930785127,0.1443545551771295,0.10508979256528729,0.053562798359172666,0.0989404522973278,0.11096215030846764
0.12749933504026242,0.09442410029651616,0.10025876473052377,0.25635135604827997,0.09314479029989285,0.07469719549337465,0.03679951907896265,0.12107213198125905,0.09575280703092842
0.10705072396069733,0.13712264508788985,0.11995115228259841,0.13660998672929403,0.1254885851814582,0.11894863853692282,0.09234979250725277,0.048395487320408964,0.11408298839347757
0.09364910871846797,0.09175594984524982,0.11230533994198307,0.07356364846569548,0.12309806050946692,0.0827882619305139,0.0603357431261633,0.22984818029726353,0.1326557071651959
0.06826021709004633,0.06795358782856538,0.09970023308065841,0.08151415948911361,0.0995470635136032,0.10972943797139655,0.03763464540407986,0.30832616702999077,0.12733448859254587
0.13417678543974496,0.09092884355158372,0.12909497923410926,0.14845427001563674,0.16466939783341322,0.11295412862927767,0.03755988572441093,0.08046017258885532,0.1017015369829682
0.13774666394692206,0.07170446265727613,0.11510073705046231,0.1096226840015645,0.18073891006186146,0.09344267661080258,0.042267619985692784,0.11950629485479695,0.12986995083062122
0.11128838247352248,0.09393878471279475,0.09173662858452575,0.08751838126343847,0.10969504923881694,0.10308516091460977,0.062196556539261795,0.1839764983937592,0.15656455787927084
0.11422910088148165,0.10369099285329987,0.12181949585982749,0.10565861754763599,0.1364890887428277,0.09859040452099287,0.07368222641612655,0.11507972576331198,0.13076034741449596
0.10057975209473985,0.09106764665342763,0.1135212418277652,0.1132770776418008,0.13717067969669974,0.09193420012598104,0.07426331198848064,0.18045237804524392,0.09773371192586115
0.08432629754533454,0.1236479144886094,0.08472487464530293,0.06323231765913197,0.11264191267715949,0.11436118415100612,0.20028922034673421,0.07426809031269538,0.14250818817402608
0.07692887715478647,0.08734233309779971,0.09477377658000685,0.21361099477750725,0.10287548529078967,0.11073442833100071,0.12094179524561655,0.06955435676125711,0.12323795276123561
0.10265823798889184,0.0980204161448432,0.08693759559940435,0.06331899908167199,0.1192711526858136,0.07433898645570543,0.07486650038832464,0.23340678496243158,0.14718132669291342
0.11298200832302156,0.045209338526711086,0.1212747288428709,0.11614532988897157,0.17738097236727715,0.1033462353885012,0.08226220432167883,0.12207976173878676,0.1193194206021808
0.1357970517703964,0.13175784992378659,0.13173119537351885,0.09549946773921221,0.10719862211303215,0.09980173866623661,0.13663418268652247,0.051040738596045375,0.1105391531312494
0.11160995770211307,0.10908883316220558,0.11303201484470504,0.060373365140835744,0.1319202076598631,0.10817147246181254,0.05918926619486412,0.15139515628765193,0.15521972654594893
0.1322907233411981,0.09918295172564608,0.1306252646849506,0.0865471641703859,0.14421505385392241,0.10224515025506542,0.05904760438093074,0.10008734220880154,0.1457587453790992
0.13813590768031853,0.09489515315744633,0.14934275444906048,0.05948488691373413,0.0876067481494018,0.08886457785908024,0.1788611198146782,0.033552759191316346,0.16925609278496404
0.08893312012504094,0.1065858899609297,0.0929519927083527,0.20243963843126334,0.13256707838317938,0.13053812230954592,0.09338506933134132,0.04398639365702043,0.10861269509332631
0.11648467911820211,0.12075514705222905,0.12062098289741052,0.08129821265908903,0.12124068537260675,0.07168779459522191,0.06862018068577702,0.17235323812675027,0.12693907949271332
0.1117848879612743,0.14276914115674777,0.12200659582348994,0.07589005301179852,0.1238549005126446,0.07031655655091408,0.06566438202256908,0.1952752637143449,0.09243821924621685
0.1260575149447394,0.08985619384031036,0.11128359979189574,0.08187898771905737,0.1534078810651652,0.09748736848408508,0.10655541967014655,0.09067953122491125,0.142793503259689
0.1477717708813274,0.0998497333335382,0.14167293063739178,0.09724406262738101,0.1975632499913961,0.11843165681091654,0.044441307810781816,0.0426370899449695,0.11038819796229761
0.09389923369804025,0.1242091405666141,0.10102615043518111,0.13821120824286048,0.14465254802756192,0.09108159734017389,0.03943161629209823,0.18658800819644095,0.08090049720102908
0.12667758991504294,0.136537237565181,0.15631367604928795,0.08493599876749601,0.11325109539412664,0.11749491922158213,0.05000796199052016,0.06625650356355363,0.14852501753320954
0.11756346787003939,0.1379857974731693,0.11953294742959975,0.11025743726078308,0.12404814228470802,0.09275483190114354,0.07177316726872461,0.12196675281676624,0.10411745569506597
0.08708186560392069,0.09370509416911826,0.09824777441352178,0.14326262855220676,0.10982901828328558,0.07879384487225995,0.0662340674771424,0.12881944413565652,0.19402626249288799
0.1353481760526406,0.1097547745961036,0.11915340114892153,0.21236486086871023,0.12208112708150572,0.0763473040902859,0.02862576768023307,0.10601362997960773,0.09031095850199167
0.0917550811398717,0.08996049442076126,0.0966413613754971,0.1968659248279183,0.09557720676323894,0.07176130381620517,0.047335454283598664,0.16862576643325414,0.14147740693965463
0.0927373204965032,0.08733140626750378,0.09678555645329712,0.07983098686718344,0.10319294194990936,0.09078632925588559,0.2885448527194281,0.05548868681131088,0.10530191917897862
0.12620910373226502,0.1362513653589296,0.12859041745171293,0.10543658902732327,0.1195112251278359,0.08770110831639936,0.10321015220879344,0.08525169325461544,0.10783834552212503
0.09137725866081077,0.10634093940469232,0.10455991767190104,0.05286524403492132,0.11536872524611408,0.06768145512325348,0.02983578543132225,0.3244238119179585,0.10754686250902634
0.10143599324766173,0.17309158144603332,0.1372446205019289,0.12090517763735258,0.13260964737371597,0.14068787721277862,0.053377288495721174,0.06013307085643916,0.08051474322836859
0.12593599286993695,0.07285448876906156,0.09992095602544644,0.0823096894084064,0.11491332015659894,0.06715980264449295,0.06710334891474977,0.24491490165580795,0.12488749955549912
0.14399563839194282,0.15587893743606543,0.12049104466591376,0.07186725280797109,0.12206629587241334,0.10071820131608626,0.12370700529542489,0.04885084645591455,0.11242477775826797
0.1050669807026103,0.12308262554494699,0.10433698348939591,0.10616897161807272,0.13011381873177205,0.09387052081351473,0.06580620669459532,0.09520683593405692,0.17634705647103507
0.12757979269070388,0.12543172587927118,0.12654813814424218,0.16435972002007923,0.10717363932077772,0.13407216051320375,0.07178030752791247,0.05632348944646675,0.08673102645734276
0.10704392237039621,0.0970861333026436,0.11044242833260416,0.19434798845924095,0.1331468490873259,0.11412790418567198,0.04193454022551102,0.11387455426842218,0.08799567976818397
0.1203135020691664,0.10033147465955111,0.13088277311797428,0.06792431305594977,0.10314028504374184,0.076140704418252,0.16611427681375746,0.08758198636426902,0.1475706844573381
0.10721742860708278,0.0849019453856898,0.09477101001310324,0.07632270455092065,0.1115784054683749,0.14684272634400672,0.06792540155717115,0.1587167678013545,0.15172361027229617
0.08396060527232412,0.0862663714254172,0.09477460398216712,0.044523130652968444,0.0810427995106371,0.15426530823416845,0.24879337430672996,0.06343166188312417,0.14294214473246353
0.09003737798330914,0.11265377551634,0.10449844641101531,0.16203815822781523,0.12186142245031333,0.09202692557296215,0.054655715703564124,0.12452418416876658,0.13770399396591415
0.07737957905286354,0.11759820576443991,0.1206769995613703,0.05948954728555023,0.09963956977838921,0.14923695215368002,0.21247903995381556,0.05373188198757398,0.10976822446231722
0.10955826571371334,0.10041982346012408,0.1032833903185028,0.17541831865749227,0.09469378713826254,0.10116212324113476,0.07658076301797884,0.07405881404113297,0.16482471441165844
0.1179412144430751,0.12379405993660175,0.12332150558618127,0.0542084981971794,0.14105909091112,0.09061628835452455,0.04030701725980584,0.07929708714736293,0.22945523816414917
0.10110951719567263,0.10924586293208739,0.09359549144452302,0.048535395505552,0.13481372578957898,0.09908491509811952,0.0596695661257847,0.21446995672327876,0.13947556918540296
0.11730618069245273,0.10300357492793107,0.11820050871981945,0.09920771303991505,0.12076647328784962,0.14367940822560202,0.04488049498208261,0.14662607880016487,0.10632956732418263
0.09583100019656841,0.09045382957208364,0.08422609215945036,0.06188103533515304,0.08181314012010753,0.12061958590280035,0.2689681482454001,0.037770182751230175,0.15843698571720638
0.11312097663524852,0.08617444781622434,0.11497301449246344,0.15708518961451587,0.15357861056873354,0.16668271387471256,0.048323770312740814,0.06071788945615608,0.0993433872292049
0.07908584093052524,0.08850046764426163,0.07891175610998312,0.04110218125156826,0.06982457989295399,0.07716086830261171,0.05276434056740936,0.3742051914282701,0.13844477387241658
0.12008913520643531,0.09431793607800339,0.10837108721156852,0.08593560229515505,0.12836351966681162,0.11000196878574536,0.1077240599905319,0.11324002611285726,0.13195666465289152
0.1309850011336832,0.12601460906851308,0.1120591193744113,0.11612976296022082,0.13201073556414836,0.0938922234532127,0.07821029610831505,0.06923100909637124,0.14146724324112425
0.10531105254989552,0.10626580723329952,0.1338196832187545,0.08777450311912684,0.14686190808359176,0.08632799432214798,0.0662632461272172,0.12501222228511577,0.14236358306085087
0.09738269566485296,0.11720226843297872,0.12512738487557207,0.05475172967745198,0.11039841058997885,0.11757931451485602,0.01861661601605113,0.24558278147903048,0.11335879874922779
0.11098228610362743,0.07583342542317738,0.0936560739166818,0.22678164363722533,0.11495144008913871,0.13912602979281716,0.10409583120177135,0.025451393965410293,0.10912187587015049
0.09764226146673265,0.16129314643772488,0.14257785183744395,0.07355343508658573,0.14723598760624862,0.13277109508016982,0.04125980652408776,0.11925906756716968,0.08440734839383685
0.10334250250474962,0.12497849850550757,0.13026079937644308,0.1281714796281743,0.10375209485220808,0.13829458147340562,0.07733602635941801,0.057927227828664794,0.13593678947142895
0.11010190748492805,0.10444629244993675,0.12030992750792209,0.1292759696024431,0.11980539855884122,0.08147945631191345,0.07464815553764571,0.10984914890634391,0.15008374364002577
0.08473064389737549,0.11119165450176034,0.0992234974184029,0.09575850588385709,0.10206726180568322,0.06945141276259306,0.26211845047098314,0.04997000513545061,0.12548856812389417
0.08459498113512559,0.08274165990371389,0.10379267593011843,0.09480100569640683,0.09171040000998569,0.13777021872302717,0.04607090627177742,0.18611689662323164,0.17240125570661324
0.09196364932531965,0.05898806676928361,0.09514417624227002,0.09863869294087407,0.13967175832458076,0.071889263953664,0.04241430428386547,0.28951607762634984,0.11177401053379259
0.10253987738802382,0.08177925822362869,0.10241308550613722,0.07183674614617429,0.11782831873842718,0.08158176016631503,0.047615519023608326,0.24599196152076086,0.14841347328692453
0.1027484957260239,0.07893515842375855,0.10595322561778087,0.08520320000062649,0.13012948648433484,0.057288687908655045,0.0823649927207472,0.19384178561786305,0.16353496750021
0.09495663240991907,0.11868053976585757,0.13846698602583832,0.11013822765671528,0.12837896243964217,0.13968255131243937,0.038154601392631014,0.10642586818753497,0.1251156308094223
0.08060225174602985,0.1171949834466298,0.09266308653400311,0.04060949829771948,0.09644416989567157,0.11098526985231827,0.054842875088513286,0.3118932686029133,0.09476459653620133
0.10487474667042274,0.14190871930857593,0.11579130222850365,0.05243934641504989,0.10849227692532619,0.12221958891008705,0.0918764579053832,0.12150650400375368,0.14089105763289775
0.1213721742051224,0.19591562676578625,0.11066773137039541,0.060154564548183444,0.10920232963593572,0.1171768984523996,0.05775964200290381,0.14222952166344738,0.08552151135582603
0.11551048263076664,0.06589103147175072,0.10141312882240833,0.16187466336789855,0.1281148838730763,0.0709428028060425,0.13145989910337655,0.08533461002057796,0.1394584979041025
0.13796941804287233,0.13518759925766466,0.13722490431498605,0.09430977221046762,0.15356221745880547,0.10701705714774411,0.03948805709988732,0.07679140340665744,0.11844957106091498
0.09469772206793096,0.07897550127271892,0.0946091558979595,0.06010928100934948,0.11128498322599834,0.06525372096693378,0.1061608431084368,0.2461197021513922,0.14278909029928002
0.10246484772215386,0.16736911602456703,0.1334939220314901,0.11610214065147217,0.11493606328614742,0.08594566914623873,0.06113071970146657,0.11991005998804254,0.09864746144842153
0.08942227390208402,0.08440083854144258,0.09682561378285354,0.04952836862966889,0.11942934519928301,0.10376877713629247,0.09541621359277801,0.2850656048031821,0.07614296441241543
0.09982636559858256,0.1136731468719648,0.10192520825009183,0.15186333667687832,0.12267147891386898,0.08433388922269465,0.05999280714244298,0.18251136147842603,0.08320240584504994
0.10655781332182601,0.08829831785751541,0.11566776154931296,0.16727123030732186,0.10200782259063117,0.10039838896006424,0.03774089240347645,0.17431879171378414,0.10773898129606774
0.0971654948720503,0.11135668841842727,0.11780280033522113,0.05200187218074101,0.11520184392758741,0.24295457367933912,0.05626636263610287,0.1159823807079944,0.09126798324253649
0.09946637937927245,0.0665977860688867,0.12311190826879415,0.12963060567672427,0.11477226281539916,0.07296256116556159,0.1871827891703994,0.06554047579255808,0.14073523166240423
0.09006154536885073,0.05873324383813775,0.08975703622625934,0.16005333634794222,0.13034376706238876,0.07399702932591995,0.03152959032461324,0.2551531798539059,0.11037127165198206
0.13442509687612983,0.09524834323745231,0.10415678878088036,0.14239938856348974,0.13063596289273127,0.1534680998747255,0.02587665562016292,0.0988063668198524,0.11498329733457568
0.10949332699726227,0.09200405813130326,0.10590660550568258,0.12865364845003432,0.10441306319190018,0.05328417664464965,0.09038231570597004,0.20292632101735728,0.11293648435584058
0.09046744460135525,0.08381636831995963,0.0999053909237926,0.06344922481573824,0.1341810600010047,0.12933310387977182,0.03322439564959632,0.2253999547685257,0.14022305704025587
0.11796688555840856,0.12542898988491927,0.12060944593605614,0.06779137223270981,0.09529926643873211,0.10855221969293727,0.07233198779059098,0.19486914642659894,0.09715068603904681
0.11473917919897757,0.08130481367080228,0.09887072059582404,0.08427243569649645,0.111120040190411,0.07249757391864194,0.09126017325162294,0.19347535435249297,0.15245970912473086
0.09611736795867538,0.10349855310681412,0.1077462103509526,0.07144151332215447,0.11840831849871891,0.0833096259879922,0.08050144744572162,0.23288801415373006,0.10608894917524063
0.11127438227872895,0.15756399290695725,0.09963152081317901,0.11968819691417681,0.08627044600231504,0.0711882206814602,0.10312000343342675,0.15854279863763307,0.09272043833212296
0.10615854621861237,0.0916453216869227,0.12644328070290964,0.14471638025258668,0.13427014125368494,0.08893156977719797,0.13791766049136348,0.06601169337866562,0.10390540623805665
0.09838052920769814,0.09381285109961306,0.11211167178100034,0.22462265322713582,0.11736421274815591,0.11607851974904694,0.07786237293073628,0.05060349114137296,0.10916369811524068
0.1182858844515396,0.125732536164252,0.11389245758808947,0.10432613463507116,0.1393113987402389,0.08663909215440156,0.07146277785365907,0.12843537466415103,0.11191434374859717
0.12276114697147172,0.08957125794343497,0.1308389565155165,0.08794388946921439,0.17722426594246266,0.08317018514131118,0.09340139568395123,0.08225707095829526,0.1328318313743421
0.10637625553067054,0.10636218496090405,0.168189189717724,0.11805612610330567,0.09048996795503304,0.08766322559046873,0.09652036294867732,0.050142380734001686,0.176200306459215
0.09833811229919802,0.10656899972880496,0.09742612605351757,0.10377183277737168,0.13541446668196852,0.06963405903196264,0.1202478950263312,0.1672860898994423,0.10131241850140314
0.13260826969525633,0.09105639038129186,0.0957815686039355,0.07357378410983473,0.16370963187635618,0.08549118848140497,0.09410130167135768,0.14357256232486704,0.12010530285569572
0.11511780841441423,0.08735160229815041,0.10218760355870514,0.11390954901988846,0.07286587553291429,0.06786288109539977,0.2514526731195541,0.0401296397025474,0.14912236725842618
0.10573963741312442,0.08900363205319443,0.07161802480598747,0.03837545090209372,0.08000858188667806,0.10281110516673074,0.229142768555146,0.14014582461090072,0.14315497460614435
0.09604864077596538,0.0895623245460148,0.11123023348831006,0.1498454793552308,0.10246872640249398,0.11567406502581619,0.0972058838188642,0.09110347571543413,0.14686117087187048
0.10490699667760989,0.14025914025411765,0.09689965087207086,0.10212007918478876,0.11045222626263991,0.07894474301888904,0.1755299115755653,0.08153464085106028,0.10935261130325828
0.11822558002649992,0.1211785027523705,0.11583939630425501,0.060118101221055785,0.1617403155829001,0.11170674372450455,0.11225461289070394,0.10347394585137704,0.09546280164633314
0.09044350351575652,0.07579593099877173,0.10374012575470799,0.05109661147160652,0.134450215302727,0.11004038933049763,0.04457052138340086,0.29993820820910116,0.08992449403343071
0.12039461729333316,0.130713002046256,0.10895486197082353,0.08668358633512831,0.1445737625009424,0.09577428130355163,0.06313677814804312,0.13306481446539634,0.11670429593652558
0.11487210738691278,0.11497583210953762,0.10258510324557098,0.1263267878262987,0.11533234430013857,0.10268149926912278,0.04338586643838214,0.1770530359394348,0.10278742348460164
0.11256127224923912,0.07380351200857305,0.0999179152135275,0.09935698100659036,0.11910129815247943,0.08069240880861002,0.05118017680883391,0.21587405602264,0.14751237972950657
0.13575147847601518,0.08199763544499737,0.11833218250802195,0.07719669944517177,0.10715022702876183,0.07221391543881432,0.19038365588479986,0.0825510381624936,0.1344231676109242
0.11221208420689915,0.11269817868019012,0.11506306328226124,0.17493977135393554,0.09703440583733737,0.10454919470488395,0.06729056936228016,0.07930478332019353,0.13690794925201896
0.09024352032239263,0.08492714957424564,0.1036711329741742,0.05675671602744859,0.12256908402942868,0.1001848520409769,0.057043141213059555,0.23445081990963038,0.15015358390864345
0.08497496635675662,0.14035726375744753,0.10720289579784952,0.09162278044985998,0.09031717562115558,0.08384043652817663,0.032210124558143614,0.28650386885394924,0.08297048807666142
0.12749593597020262,0.08436113374747439,0.11558045502822319,0.08185523668798454,0.14398207676773409,0.09944668628209867,0.05009896598942041,0.17988689377719883,0.1172926157496633
0.09818092542441091,0.09930798253979338,0.11983169095425823,0.14860126871757012,0.12693331934560217,0.13994966695500785,0.04032397558799135,0.12325939351603599,0.10361177695933003
0.09336378924117718,0.11087823238974366,0.11195156229655273,0.04710421985700932,0.12634633729848374,0.11283716447975171,0.2278278950650637,0.08392997868567968,0.08576082068653827
0.12354187221824305,0.12501201647967472,0.12258797026097397,0.08412684484952022,0.12714398824629344,0.09492501111227142,0.09680888900305351,0.13410376206420055,0.09174964576576916
0.11371752686131865,0.11276947157682753,0.09145841842541387,0.13210222892898926,0.11304378187927827,0.10433791710995816,0.09844148348382344,0.1348788982252945,0.09925027350909638
0.11051760606502463,0.11618996352029926,0.11911349391940929,0.10733942814758686,0.11655654255387786,0.1042311400926186,0.06939013564194373,0.08739836508921094,0.16926332497002883
0.07924420516804072,0.09355146950600064,0.08338849901882132,0.1524375769097438,0.08890039810228474,0.12250229000928521,0.11250282089844728,0.102751819502871,0.1647209208845052
0.11339268866098977,0.17305658748456376,0.12261088659581908,0.1358173877975326,0.09982472731081286,0.09335872677532653,0.0942761383180812,0.07312684500338866,0.0945360120534856
0.11393595179017542,0.0791309604291419,0.10492084292909683,0.08607729921216511,0.13016966527621557,0.0633418545315573,0.06424276770388508,0.22818771182510647,0.12999294630265631
0.11110999743289336,0.11519352466339067,0.10564274329335649,0.13727244844109776,0.10794424759500655,0.10192198763515047,0.03312229545305725,0.13168598647982246,0.15610676900622497
0.11806715093304067,0.14305715222911172,0.13253438864083864,0.10656541610285636,0.13294651721200193,0.1154875482806668,0.05984797108916227,0.09810308423415914,0.09339077127816246
0.09059033380893572,0.1405043947168271,0.1445781683746343,0.14718891988427626,0.08876168432822124,0.09933310800798262,0.08832584191220794,0.08797877052910295,0.11273877843781178
0.08489825085634724,0.0743961542825999,0.08385546746678707,0.056252709459528205,0.13244911032793855,0.0805172626725252,0.07705414034817583,0.2688647807109376,0.1417121238751604
0.09908174210768063,0.09302591580643989,0.10809112159630042,0.09504575712651397,0.10430837559963567,0.10712398884189121,0.0525029557789125,0.2257081444490339,0.1151119986935918
0.11416030080157084,0.0953729882505957,0.11814530445250167,0.07041004282815284,0.14943003558420484,0.08910665116920373,0.158703173561643,0.11140147951892998,0.09327002383319738
0.11891145604888638,0.116481011010679,0.11795178803105714,0.04678305650271871,0.1260086389337311,0.2279527491107316,0.055585754851410395,0.11035935391862273,0.07996619159216294
0.08867333007450484,0.10929811302789899,0.10151189673124193,0.19424957481304994,0.10407776466318763,0.11110326654875043,0.07316276379868408,0.1001775007154151,0.11774578962726696
0.12288429915598031,0.09140903361322157,0.10805613770242989,0.08147675433533867,0.14452595317503644,0.09309511828666317,0.07664240371293021,0.14482089752087204,0.13708940249752763
0.09071689285892197,0.12012012929615173,0.10148706442405342,0.08504027468884208,0.13069085195384456,0.11762782838006837,0.11820308636093595,0.0951028659762752,0.14101100606090675
0.0622238791602272,0.05371295850828226,0.07833704332967235,0.1714044739165422,0.11040717126921014,0.07576709807642691,0.034051154058364376,0.24757317187364078,0.16652304980763374
0.10779203710125003,0.07568004324928229,0.10343787111580878,0.16144811918607457,0.09897925273386732,0.06951278391689225,0.08043178102884092,0.167958464515214,0.13475964715276986
0.12121557330564092,0.10979667237769745,0.13467531221452855,0.05164965820871168,0.13168976022351075,0.15506652846913554,0.07052773135546961,0.1246649853419967,0.10071377850330866
0.08437024812819016,0.086407648269203,0.09158290711073513,0.07330572226051614,0.08574509619128516,0.15400680476494943,0.2946477490656832,0.0177734091755221,0.11216041503391565
0.08558959957534408,0.09835981114162425,0.08691958679718408,0.06959947401299983,0.09864162491288679,0.1299317389933193,0.25646110042779796,0.04529108486640692,0.1292059792724367
0.10455406655955185,0.10182468453570369,0.11089068154242339,0.0759298373127331,0.10636864741121503,0.10024946741933949,0.12310258925258548,0.17388799963748355,0.10319202632896442
0.09198880484218563,0.1338349743569785,0.10500570942506797,0.06762401232945715,0.10340035395471316,0.08176746205424808,0.049911330048464764,0.2814944671567057,0.08497288583217906
0.10708881852944402,0.10486081863576786,0.09910762996564933,0.1787285959924819,0.11896983229570006,0.08185396778905485,0.089580716714848,0.09312704014790994,0.12668257992914403
0.12317106620790164,0.1444568803755613,0.12441451302357333,0.08023658209574187,0.15418623363759623,0.1486570731005301,0.05297845581930718,0.0817882424198274,0.0901109533199609
0.11518147221484847,0.10897355623321504,0.1252727345057779,0.1260974271336713,0.13891857108233327,0.08293898932130274,0.05057671344347033,0.1331913680878574,0.11884916797752347
0.13522368628027914,0.08099709783278522,0.10908857595785632,0.14247650211255772,0.12420314405472434,0.0916843620975903,0.08542677349834026,0.07019830569764961,0.16070155246821696
0.10177096832812237,0.09364107699969239,0.11116025530423572,0.075270001589481,0.12188471492704152,0.06483654766707879,0.06875617433427528,0.25288210134538747,0.10979815950468545
0.0939869200024794,0.13309995175189987,0.10001209494783343,0.13733743948491947,0.10133330294368607,0.09420692887679404,0.05654490940740514,0.1788098813335849,0.10466857125139761
0.1058320679199617,0.11759333302895109,0.11221608431057022,0.07458123195918973,0.13878800390885568,0.07983485606638774,0.046103061935906436,0.1854469353879792,0.13960442548219817
0.0883286568866886,0.1041650917783629,0.08519751399553592,0.0804498781979768,0.07950724055471203,0.09449192360525338,0.09505612928780331,0.24892791210707277,0.12387565358659432
0.07718316302651278,0.06896286585648403,0.08733317827104214,0.20405815830027899,0.08336844205851807,0.06978825637534747,0.1633116696390313,0.06818441796146395,0.17780984851132128
0.09688430622055823,0.0889112688255758,0.10063448127291717,0.0880089815812947,0.1153892680851366,0.06845802689783487,0.04821084502216916,0.29605815576209704,0.09744466633241644
0.11133893106876085,0.07955150780228112,0.10472870522964771,0.10004496918703099,0.12791036526025298,0.08575998608463975,0.11124007579833091,0.1603020236500791,0.11912343591897666
0.12248583876306036,0.06941358168911155,0.11076662907566022,0.1081539348002802,0.15688602579323352,0.10063646000068278,0.16539238349167848,0.05525927501736505,0.11100587136892777
0.09966918356587591,0.08880777308925664,0.10273597848826606,0.22611351241109753,0.11489389818637423,0.07698670368377979,0.08250481984093666,0.11053452125860579,0.09775360947580736
0.0965679581292918,0.10320377725084812,0.09853796240137745,0.09230840675489098,0.10415705135523103,0.09221408992009923,0.2343521610596876,0.03896560403207665,0.13969298909649716
0.14104133682089504,0.12246843380052584,0.1527969231653614,0.07324065555062735,0.12653139487524587,0.09389134430123496,0.06266144310538768,0.08010136629090504,0.14726710208981694
0.09517371768640744,0.09979564027187954,0.10685802317006433,0.07450788907833782,0.11515969670076799,0.07544312993966591,0.049981340312261924,0.2574026013590936,0.1256779614815215
0.08994189988729595,0.07760450789771929,0.08751076140776846,0.0765600021336884,0.10613455613223971,0.14925069035046162,0.032468403060195196,0.23558455781076912,0.14494462131986222
0.10321367330952154,0.1356329925735247,0.1136944885424569,0.061733777612499985,0.17717761412249602,0.1977060854659797,0.0733904393788609,0.05314285681614803,0.08430807217851223
0.10181803683706436,0.1029014210952439,0.0953374087658982,0.05000020437852223,0.128497911563186,0.08236221315420555,0.06878058667539234,0.2825418400190432,0.08776037751144418
0.09291609758184904,0.12875875022304417,0.09850188591632397,0.07528276956634077,0.10466510571932987,0.08840258555186455,0.05055862558802973,0.25999867699860285,0.10091550285461505
0.09345110046065429,0.09583726776458644,0.08885413106227646,0.05215205007528456,0.10072855386745633,0.09328567242582848,0.08672757341167092,0.2537845885826741,0.13517906234956842
0.09571704405614245,0.09582505603416742,0.09222507540883268,0.051547348805891825,0.12251741389905245,0.1363369675883145,0.08920545541419078,0.22342060713301606,0.09320503166039185
0.08600912075847245,0.07853101096518857,0.08938599519780448,0.05777560844599313,0.09284939162932548,0.05770163472577034,0.05847889529284417,0.3162409812819502,0.1630273617026512
0.13712980289986385,0.1540146626935238,0.14449420870600618,0.06194379409844511,0.10107990006478869,0.09792731017118544,0.04872181280138732,0.15317935034048127,0.10150915822431823
0.07474211384435715,0.12516104151094495,0.07220875173962077,0.04629286148443249,0.08623852213434696,0.15227281032722248,0.2540549201745465,0.04537285506508534,0.14365612371944328
0.10969978035008217,0.16995324176339602,0.13889121386878633,0.07090176795030599,0.11045340597623432,0.09320405017862743,0.07772613037125033,0.11236871661395488,0.11680169292736238
0.08910971058153622,0.08810984957798045,0.10363074995179729,0.2493261189308925,0.1048950885217953,0.07951883533546338,0.0834311825384056,0.07360192632469627,0.12837653823743303
0.13663442785459592,0.0974090615860246,0.10322011341063135,0.07096477411228143,0.10733616852940081,0.14712289858136016,0.11637424832657844,0.046824647678587496,0.17411365992053973
0.0732947678817694,0.09776161701682717,0.07649402996328619,0.0413023589323144,0.0867961087622945,0.0839247762477358,0.057129636399490945,0.3634832854548293,0.11981341934145244
0.109677396037531,0.11725956391045916,0.10800523022653345,0.06279454078369397,0.10849046846406661,0.17767169671920638,0.09535983262540189,0.11538404352790238,0.10535722770520511
0.1247715165000061,0.10672728020407929,0.12624687098837453,0.0670265609823748,0.15833953239314882,0.10194988778869969,0.08444281847148664,0.09918335169503924,0.13131218097679084
0.08387820949947955,0.07268552963849945,0.08186085410415767,0.0800019792844135,0.11119586795644772,0.08973655754342712,0.05494337859998222,0.32890286244051,0.09679476093308277
0.11111455205790784,0.11943420713309043,0.12729170074693588,0.05802310702175442,0.1591079034528292,0.10780264190752949,0.05783161759020506,0.16865247822485793,0.09074179186488968
0.0836466895103945,0.10306631001364407,0.09933655323590457,0.17606804690072395,0.09308180886997458,0.057277777595168465,0.060449173970108315,0.1606993156519516,0.16637432425212997
0.11973784232151563,0.08119544277744865,0.10705577563786788,0.12775064752748036,0.15237783655178527,0.20672151371171346,0.08918835378380763,0.03417305703359826,0.08179953065478292
0.1301687962134932,0.11669832724655511,0.12568981691643047,0.09237619682810799,0.1309739952896675,0.10322801297761097,0.07450345956122963,0.08027764959647861,0.1460837453704265
0.1322122154396717,0.14011242077307628,0.11231433268454115,0.20085652784632524,0.10407478740904975,0.100207980701484,0.05305327884605223,0.04238186317861418,0.1147865931211855
0.11414230245748903,0.10950480115636352,0.1237803049646246,0.06710203995493176,0.12823932380223904,0.11955361259111569,0.1183869600636392,0.08510357129584208,0.1341870837137551
0.12373090372801095,0.12318770944114209,0.10945585659147324,0.18539057037535486,0.12589675863510105,0.10857459230712918,0.041655987944532104,0.09484833185194676,0.08725928912530967
0.11411955644067477,0.08133191554921855,0.11271522153967967,0.13071816789667945,0.15314439956460354,0.13125797404196374,0.09412577184907434,0.03376263887648816,0.14882435424161788
0.08662763526768157,0.11373765540736096,0.09446314880484152,0.07315747318932643,0.10391112025003561,0.12151771240953796,0.042241012722101894,0.24771420071505343,0.11663004123406064
0.1062006687078967,0.1655151968788595,0.11202052014922587,0.09916240569640972,0.11647263077123467,0.0947415116119165,0.04679456749210287,0.1592165158050456,0.09987598288730866
0.10975814914038344,0.11962243280354223,0.11963692280310352,0.09654848737351929,0.14600914290789282,0.19743000634409258,0.03919040440899866,0.08544449263678272,0.08635996158168469
0.09333925207369277,0.08145959716802102,0.09725890536460206,0.06448524916847415,0.1123951019075674,0.07917799346384133,0.04364548063636079,0.31309873576839325,0.11513968444904721
0.09011626076497518,0.13010653054214694,0.10321486442204247,0.05889379259220898,0.1273870255716806,0.10814305693756236,0.0723421811954141,0.21579372863501547,0.09400255933895386
