0.15141106277180116,0.1286214685753098,0.0980176444823332,0.1308119687530939,0.08563693457487238,0.1109569965977994,0.08443586667136065,0.0726123095782296,0.1374957479952
0.11903372003108374,0.07633119097438765,0.0892921904203872,0.12535492440774854,0.14608658972411961,0.09916361113883172,0.10754450339488586,0.11611013273499977,0.12108313717355586
0.14936242365319496,0.14474486885559204,0.07509083271979365,0.12783785287395502,0.13948541038821083,0.09872233521614215,0.04897803456085171,0.06678360132101015,0.1489946404112495
0.12882391655750178,0.0984510610810246,0.11702252347959559,0.11932027112778228,0.07462886527208124,0.12616079488426357,0.1347981326395322,0.07872407711445248,0.12207035784376628
0.115675837015847,0.09737416994262255,0.13876868202590506,0.12615034622231883,0.05378789345042908,0.1377688587614222,0.10740316400631555,0.12376017600880039,0.0993108725663393
0.1049017267912204,0.07473147754110608,0.11310557840139775,0.10347566187749506,0.05316661017615065,0.10947212191282306,0.09890315686413415,0.19960590835528946,0.1426377580803834
0.09794696573599047,0.26574747983937713,0.03562973759315723,0.09393782328936762,0.1939696508984918,0.07714204952284451,0.020664650685634858,0.09000830807804634,0.12495333435709
0.12061008553474266,0.09659715600510012,0.11195436435049148,0.11220016751921802,0.10968401809430965,0.13366304523859196,0.07873513721022506,0.13131391759866187,0.10524210844865922
0.13214592117435842,0.08903768152267531,0.11169620908678189,0.12260221628075511,0.06171224708285539,0.13159990250481338,0.12195100489992183,0.09605870369294083,0.13319611375489782
0.08664478625190485,0.12992825615499096,0.1180567367315397,0.08055668282695656,0.2988822768634262,0.07904233524540052,0.07388160091350222,0.05521893231430871,0.07778839269797024
0.13378823828215314,0.08903615730824978,0.0985010941808158,0.13139104826572987,0.09171017390731835,0.1224005690442725,0.11284669782806804,0.08758005810105486,0.13274596308233763
0.10474411970244442,0.05509852922143452,0.11229634427805435,0.10271922171861432,0.2664888458096531,0.0859100542098513,0.12916635147765532,0.041597909186018134,0.10197862439627452
0.14364249699810638,0.10993335318497395,0.08743431860423144,0.13445420392360205,0.04054545816432125,0.16201947406391878,0.09917666256687337,0.08607479290515396,0.1367192395888189
0.12527510517853666,0.07941839307588569,0.08748359029247366,0.11041852335325796,0.098996634742418,0.11612522824978595,0.1587149805338497,0.11316383071732199,0.11040371385647037
0.0744280538796135,0.02897029391610288,0.10951704223858423,0.07683546641631799,0.34530809004870483,0.06463791819490998,0.11397768133018477,0.09843725885031172,0.08788819512527013
0.1257386566442157,0.11491197829562816,0.12169393990679456,0.11357781851083147,0.0748250176920688,0.1204220261339098,0.08749647256412711,0.11548263310427213,0.12585145714815218
0.09498064107154146,0.16146236823112822,0.07797017147725221,0.09537148029275853,0.17161950218242597,0.1436569267681161,0.10155354728063586,0.060145950726680414,0.09323941196946132
0.12973067495172072,0.08627295023493557,0.07215695386308961,0.11661586656102996,0.18297788204534735,0.10902530623122153,0.08734032621434346,0.06918071308850077,0.14669932680981104
0.1269602788787947,0.11349021822963745,0.09487262011607146,0.11445028761778182,0.11070252941404528,0.1039218831946132,0.15453146261002892,0.05688591176861546,0.12418480817041173
0.13148596373890012,0.10952148964005164,0.10976288434930802,0.11695225821982047,0.06573700411877946,0.1359575147969729,0.11555686971831435,0.08901016714565053,0.12601584827220255
0.11479783717083915,0.09268225469786918,0.10650826807208756,0.11403651320265566,0.09679783187302855,0.10436206553802015,0.12533339009279396,0.13275292153315782,0.1127289178195479
0.12695212217561314,0.07956759650277774,0.08926726006687637,0.12038867461687712,0.21981192155602905,0.10130424759677552,0.11012701194139636,0.05600888876357795,0.09657227678007681
0.0933104115892775,0.1807040180983889,0.07561582555287517,0.0940503968085492,0.09837490734809068,0.0985660294827666,0.2067017833467686,0.05363551435247116,0.09904111342081214
0.12797629052951023,0.07502742884466598,0.11578007711208275,0.12284051443907257,0.08655637951876084,0.11733782166293195,0.1551662921142191,0.0715725479459725,0.12774264783278408
0.11636248784534864,0.064957436099648,0.11890505340010865,0.12019558766595102,0.13911053936520199,0.10493105436523283,0.09090384838858394,0.1221531180967525,0.12248087477317253
0.13664717782346417,0.08751206556959329,0.06759303487794739,0.1395025174732269,0.07725832451793703,0.15326667268294938,0.11572342541804563,0.07244591586675732,0.15005086577007887
0.06534119319251504,0.2799576927935332,0.05265039751358206,0.07941880972537425,0.19252624777792982,0.11323444846997044,0.025108968146351798,0.05288790060821283,0.13887434177253058
0.08895453388040937,0.250683018845586,0.0974212202787444,0.09295144005906926,0.08215340706649042,0.07367454938906721,0.1505949184044112,0.06554187220043166,0.09802503987579032
0.09984281630621543,0.16325008163050608,0.1000526501359741,0.10234200102928898,0.14479757740462532,0.10753982204934152,0.097668979803482,0.057509856240571644,0.12699621539999492
0.12827415408567835,0.07236696807496754,0.08069748347213244,0.11936686746371801,0.05817857661839123,0.13087753959227513,0.09859484229656135,0.19046240960963964,0.12118115878663634
0.08425477719683362,0.3337087039750502,0.10880169073156347,0.09142776775387852,0.10666897555229203,0.08258513776648331,0.04757730864976575,0.03753514553101032,0.10744049284312274
0.06700026152617795,0.1629106427531381,0.1364277885624207,0.07594348664048227,0.1886403955618193,0.09012815650776766,0.08581674958951334,0.0848282241389876,0.10830429471969306
0.11839567959577328,0.09514354787565978,0.11665042999039028,0.11878522815498198,0.058987167820109924,0.11500907167090373,0.15066819403072157,0.1121649126919501,0.11419576816950927
0.13239367529922164,0.07410441875072797,0.10394632156558659,0.12577123969495452,0.06868090419177002,0.1191808173881276,0.1497794454956005,0.08656965388607618,0.139573523727935
0.09821705442003363,0.21642927384799404,0.07011700106066919,0.09304581744019896,0.22143636486631701,0.1073472734488562,0.05277907783036695,0.04314645517664331,0.09748168190892066
0.11425231364930664,0.09076819614123283,0.11378762582386052,0.1323780212224369,0.05277043078964735,0.14591971910787715,0.09008055201043862,0.1591038009404636,0.10093934031473635
0.12305866181488033,0.15532704169342595,0.09188142401413775,0.11220431551230796,0.06400454745102006,0.13966318822556498,0.1094572344120875,0.08650119135186068,0.11790239552471478
0.1351773480688388,0.07917065299194659,0.08188052261748156,0.12456782768060844,0.06026553554771722,0.1408924847541678,0.10049743676020739,0.15422838473707084,0.12331980684196138
0.1015656928331193,0.04071543199184286,0.14155099162112622,0.09293107197529615,0.2598775301382547,0.0925023057740391,0.0971570637862723,0.06837382649131446,0.1053260853887348
0.13037019234248046,0.0914152053956468,0.08728946222538612,0.11052437024798317,0.060190647277119334,0.13229336623380722,0.11129494088902264,0.15586962017290154,0.12075219521565272
0.08698919798208338,0.059609124200003534,0.15663808916174657,0.08616221965154595,0.16910532789010171,0.09028525787696617,0.07189970247088599,0.17418166923105752,0.1051294115356091
0.12272589950115391,0.12188666625958088,0.0759911636859978,0.14240033647869169,0.05435496665404041,0.16946139701320426,0.055605925267576205,0.16307532514833306,0.09449831999142187
0.10026155441063472,0.07415460127044714,0.10192665690762341,0.10341345377494716,0.2650660383295278,0.10269500933002508,0.1139916617962524,0.05688686426722576,0.08160415991331647
0.13819093384459805,0.1132096243103509,0.0911760442044338,0.12810341677331008,0.056354344109235704,0.14525169030187488,0.10441116420914877,0.09068735354780859,0.13261542869923923
0.12889580602778206,0.08947498593184967,0.10960175650910738,0.11988045705683947,0.07555272072645731,0.12583104568346115,0.13085565449139905,0.08896139413607836,0.13094617943702566
0.13672120895367926,0.07763449430193652,0.07918185417115724,0.1290815610713468,0.06925728891713934,0.15293106085385774,0.11229062804657976,0.10948664213252672,0.13341526155177663
0.13230950262001126,0.08853609688427798,0.11117962681675196,0.12336939132530349,0.06198110220124459,0.13287672887589133,0.12208388795263181,0.09370195790293556,0.13396170542095193
0.1392259668219669,0.08854362758606682,0.06904745382783882,0.13846153487163199,0.07716184569290147,0.15487709114091452,0.11877979127552547,0.0619966046589245,0.1519060841242296
0.12108620405569344,0.0794454606408236,0.09961765674452751,0.12171540322852319,0.09307840304948058,0.14817462291657954,0.0999694254771662,0.09995113671465276,0.13696168717255322
0.13529131205543762,0.08110981507445526,0.08308144847977678,0.1361067194409508,0.08177377739120777,0.14962106561279356,0.11696122122627255,0.05578480634765461,0.1602698343714511
0.12293889160998123,0.13205085988493578,0.09652294691928896,0.12928917741156656,0.10448074186463341,0.10602133833161116,0.09241938788680613,0.07352964313345171,0.1427470129577251
0.13137411866323218,0.08945594828371684,0.10079398298907068,0.1243349704133875,0.08063222120544684,0.12764173686678318,0.1283499166677074,0.08668761901304817,0.13072948589760724
0.10765195393746113,0.07028682585924965,0.10072380647652372,0.11267538281706746,0.05109782509835081,0.1214359809980518,0.08598105810413355,0.24359853268382606,0.1065486340253358
0.12145533241859756,0.08778546002117389,0.11319863751238517,0.11606020229667734,0.12322437606398341,0.10849942866043742,0.12688332697690044,0.07492033428767787,0.12797290176216683
0.12890951619644567,0.11783193620107386,0.08758745180511594,0.1177130924641036,0.10391196223429362,0.12065058715359245,0.1514555288965389,0.06275453401683655,0.10918539103199935
0.09626137079466589,0.16103376788910786,0.11117788145673783,0.07494469348823495,0.16307405920850968,0.11678339560589934,0.12124996049236055,0.06737214102661658,0.08810273003786732
0.11209212998472788,0.06948891589033035,0.080129682749461,0.13689108674084527,0.058771314676433095,0.14770505154300895,0.08587257146958298,0.17058886938005782,0.13846037756555274
0.13214592117435842,0.08903768152267531,0.11169620908678189,0.12260221628075511,0.06171224708285539,0.13159990250481338,0.12195100489992183,0.09605870369294083,0.13319611375489782
0.11942397423183437,0.06732716585745929,0.12409196555332842,0.11223357131429507,0.13470510454147855,0.10216236605595382,0.14457324885313713,0.07522043654959716,0.12026216704291619
0.1127938177313234,0.060581877466208515,0.10322548113895047,0.10805881305733271,0.13411184955724195,0.13735820297042511,0.10151492507884496,0.11796204243829206,0.12439299056138091
0.15041536304447267,0.11415451458816105,0.08530491778333314,0.13847507647550664,0.1185509332196929,0.10214561712608244,0.06969465373217776,0.0797998728551152,0.1414590511754582
0.11551262258721724,0.0619967976884162,0.12718195943778712,0.11178989974013848,0.15133664365678698,0.10530967065834514,0.10406176000534835,0.10025357553381976,0.12255707069214061
0.10880974786492752,0.1002212577490379,0.09195130854070353,0.12020458304072774,0.15387576496588115,0.09788015618285528,0.07675803263013731,0.12421412645084344,0.12608502257488616
0.11241174243793046,0.07649901743064376,0.12392888260920572,0.11098929855277888,0.11424649458044245,0.1125959779198833,0.13777997457240546,0.10736812397064908,0.10418048792606084
0.1288317473123304,0.09640675637934888,0.10880210850486562,0.13167754208534602,0.10257842662281576,0.09892856409634802,0.14429106895457836,0.055199611476330235,0.13328417456803668
0.12031718932828571,0.2003968468253122,0.10033917830592794,0.1086567436318193,0.07600965074790907,0.11076228835374956,0.07679814423746913,0.08029019141986989,0.12642976714965723
0.12901844746890934,0.08549516922451002,0.10038365914422102,0.12405936960468815,0.07387756135475161,0.12773664412872743,0.13213084340060274,0.09012932395719382,0.13716898171639583
0.0810886347594904,0.061655899275272576,0.0655174540921659,0.11813816841778979,0.11672952806860303,0.12755521178123286,0.04657017986653395,0.2181270773549047,0.16461784638400687
0.13858684173825742,0.0863961191329396,0.09772460732616141,0.14003723300919613,0.07122193818734694,0.14777652447280973,0.09888281556209853,0.08234100283683399,0.1370329177343563
0.11135545609662122,0.06519660187525482,0.11883799892234746,0.10958768229360961,0.1258589633266316,0.10685437582436548,0.1250317117964072,0.11944945275644366,0.11782775710831894
0.14114196740824045,0.08140796172385083,0.10181291067962533,0.13193197369544216,0.08512429475783972,0.15053127779301947,0.11292443999855593,0.06792943829112923,0.12719573565229694
0.11333225256555568,0.0708879351366677,0.11534520284893507,0.12095911097089364,0.0592211569003925,0.13486552081469114,0.07793669199467962,0.20401651845726873,0.10343561031091593
0.11749961996722195,0.0621553764637486,0.06902119251251211,0.11920025924692369,0.18825655182046006,0.12704607235237816,0.09662173122839919,0.1047633037526432,0.11543589265571308
0.1359824580278797,0.08558686119644543,0.09320777831955147,0.13237254461725434,0.06132425484666152,0.13426953647278747,0.12803969120791348,0.06995536512053872,0.15926151019096782
0.09074504722320136,0.048735271080835287,0.14188470565591602,0.09170813210778768,0.24930421855762971,0.0679997597669732,0.10180663589474985,0.11177177651117098,0.09604445320173592
0.1391831857370797,0.07822779189140476,0.10176472303695328,0.14308577094083375,0.08854468172311715,0.12507500639623434,0.10016648080137695,0.06733569259487286,0.1566166668781272
0.11229849333225651,0.09218551768045001,0.12280104865875163,0.1250206474649411,0.05224522258484946,0.13841762213812359,0.08898030791285982,0.18016751501289027,0.08788362521487765
0.12342815743746068,0.0630169415555975,0.13814408984968443,0.1064675338907965,0.10762152026000331,0.1194050217409161,0.14391834028134995,0.08032438608851787,0.1176740088956737
0.12426973209483128,0.070223285887347,0.10826898199174063,0.13207894659035693,0.07321698431313477,0.14672918640741375,0.10145893905556104,0.11372563252543423,0.1300283111341803
0.08743717272894114,0.05972044517781594,0.11810566483842393,0.0909194090165968,0.3117039387357377,0.0768982073391453,0.0764463816209191,0.07217871153097827,0.10659006901144191
0.1482253689870221,0.11320733587938592,0.09977399221671222,0.12941890395516523,0.07598746753121018,0.11733377144056915,0.09419416170500493,0.07908961039736039,0.1427693878875699
0.13445761871626616,0.07462062512013962,0.08050593650020223,0.10761980151277463,0.2258540971644226,0.12057653556052096,0.0633703560277394,0.09127620267260812,0.10171882672532628
0.11508405884673183,0.0722885143567693,0.09464835548814605,0.10731589747613064,0.2859199668196386,0.08990435025200781,0.04302033458496531,0.07068858994133546,0.12112993223427494
0.08434291621715516,0.11195097122792781,0.09657267278138498,0.09003782647007412,0.3081410015235096,0.0755752411717931,0.11978518611962159,0.03724908219025598,0.07634510229827772
0.10659689827058232,0.0929787292395124,0.06451629695922412,0.11262774995384085,0.11875176539943393,0.14473779110357632,0.15097745057446296,0.06022142267906294,0.1485918958203041
0.13209678169586586,0.08225901159472192,0.11069730897052592,0.12001649349603612,0.06626174743909938,0.12860879842756726,0.14694070026578357,0.07992169250746607,0.1331974656029339
0.11763933017668067,0.06232230617997602,0.12753187792858636,0.1140556965599195,0.19133337099320388,0.10224252544803202,0.13587724918346983,0.043243402184574925,0.10575424134555693
0.09006704500732354,0.09496850833867815,0.151440228102767,0.07716408124637238,0.29615716991906044,0.07797371642027201,0.04023859690535441,0.08244123495786386,0.08954941910230828
0.1318812454147675,0.07577662177442597,0.10061226025436727,0.12862445851928084,0.08563831936755972,0.1210306898975649,0.10104621848985113,0.14079268335895453,0.11459750292322811
0.06902162127830704,0.24912436870155122,0.08003179270250674,0.07844995612476968,0.10038461911450408,0.10243719179802775,0.22169745055644685,0.032004133932672416,0.06684886579121417
0.12292139925925998,0.0799136180320706,0.0982599128157003,0.11943522142170997,0.08038085087785975,0.12602187262215506,0.16755129322847398,0.08067454752513795,0.12484128421763248
0.13044992362952754,0.09042045087671764,0.11199441309966394,0.1228689613816379,0.06765964474310672,0.13029667304890216,0.12316335039393456,0.09391991246700156,0.12922667035950805
0.12265915939017939,0.08609513797336732,0.07710124971443855,0.13074092296315526,0.06651366833541193,0.11538265355017939,0.1338534308478128,0.07698923415713885,0.19066454306831648
0.12841843051657867,0.14700703016914676,0.09007971474682247,0.1321785820436119,0.10568125986360093,0.09821997520181674,0.05367364623590021,0.10249470748639596,0.1422466537361264
0.07891251465224051,0.03980451114911867,0.07928501594634757,0.0820313691626652,0.4009367212064114,0.05553918593889545,0.12541373317282592,0.0520373111806745,0.08603963759082078
0.13551163157693732,0.07339017399653587,0.07735169952494543,0.14100012581948887,0.06527361339683095,0.1343843087563654,0.10470221030870748,0.0925629082597081,0.17582332836048054
0.08316064442960433,0.08719184846756267,0.11315319947554787,0.09059432652404258,0.1999153432674656,0.07240134194284248,0.148738407999079,0.10117361302171542,0.10367127487214006
0.09811885801880889,0.08705131509544972,0.1687392098276946,0.08145601577405436,0.20677421446068103,0.07933521837885721,0.10559469785804027,0.07137885179878795,0.10155161878762597
0.12496289267309169,0.08920501486371818,0.10095413095518102,0.11800757725375473,0.15788636200069897,0.12327788603091677,0.09264680768317325,0.07684024165699416,0.11621908688247133
0.12427428916937806,0.09461277412047919,0.1027386720241658,0.12263463756435071,0.08117596114655735,0.13595149012584645,0.12406614520049643,0.0702412689650785,0.1443047616836475
0.1035649484765091,0.2083983113000835,0.0710304938870557,0.10737651009718148,0.08672688327295268,0.11720963996205554,0.1133355390403117,0.06398735943698165,0.1283703145268687
0.1335109401167501,0.1090366085300319,0.08520654871541099,0.12656990225521986,0.16793075032014437,0.09290147471823988,0.09800601502007278,0.067600210215819,0.11923755010831112
0.13214592117435842,0.08903768152267531,0.11169620908678189,0.12260221628075511,0.06171224708285539,0.13159990250481338,0.12195100489992183,0.09605870369294083,0.13319611375489782
0.14137249372709373,0.08285145907209027,0.08082562900779192,0.13016203991283035,0.10296780799503465,0.14671765430817518,0.10920562435801585,0.07004935935194696,0.1358479322670211
0.11594129738755649,0.17847764692251,0.07933922317417662,0.11937932011863372,0.07877395768281718,0.11652394811412657,0.08719119902810195,0.08649832073729148,0.13787508683478603
0.12529555267775652,0.09708473592318066,0.11864584004242795,0.11782196070182284,0.10318489429210265,0.11728723407155772,0.09257150493087235,0.09196827135140533,0.1361400060088739
0.10653512500947138,0.06972236535595028,0.0879614608086573,0.11760775284176987,0.25668900418958013,0.09609177016886061,0.08707761256196284,0.061226332844439894,0.11708857621930768
0.12587549222254354,0.06325697902355297,0.09489600820867021,0.12456522829654675,0.17977488668903974,0.13108387542912514,0.09351194657867296,0.04495906171832036,0.14207652183352834
0.10864963376449299,0.12940379698720003,0.0763397059156718,0.10543516562386195,0.1371471320648459,0.10172979027302974,0.1636040671549419,0.06271233438470225,0.11497837383125353
0.13214592117435842,0.08903768152267531,0.11169620908678189,0.12260221628075511,0.06171224708285539,0.13159990250481338,0.12195100489992183,0.09605870369294083,0.13319611375489782
0.1065832690655244,0.04763028180290204,0.10231140840559415,0.10521808252858778,0.21493469781861574,0.11016978874912986,0.12180832394928354,0.06686388982323273,0.12448025785712984
0.1050121210658419,0.09640074730615249,0.10527043776675143,0.10346488924217438,0.10056959779476592,0.10862186752266136,0.21091253520474076,0.07513296098566392,0.09461484311124775
0.12954146946703568,0.08350350301660873,0.11203335544489013,0.12315378876656902,0.07345875343619886,0.11973701171858324,0.13898511073596934,0.09095535391895615,0.12863165349518887
0.06333410995078893,0.05098798899296183,0.11617764039707353,0.09150571151101365,0.05331095016006623,0.0852966719989368,0.03389538389490824,0.43688885536660593,0.06860268772764484
0.09482433564123505,0.12212134589973783,0.11081992926323388,0.09411535263759176,0.16526103656020763,0.0781713731102473,0.17820008568226672,0.06055967577493789,0.09592686543054195
0.1289054772716473,0.10348269308029832,0.13039663355114364,0.12411027473183904,0.04274062197506832,0.10558875924385996,0.12131647851687195,0.12167346319021459,0.1217855984390568
