0.11412575264976947,0.09562372754255062,0.15788208610766327,0.11605575142203661,0.10802084612169209,0.08556107692098709,0.1049047086998756,0.08249021852271837,0.13533583201270688
0.11401319302419033,0.14209422103965116,0.09311948795389258,0.14020256281199814,0.05245324168512869,0.07633217412992063,0.11073039199093875,0.16615455830296347,0.10490016906131623
0.04652634900970331,0.06668492018879517,0.07336057423342233,0.06450984959345714,0.43447904966618695,0.16589747137291894,0.03811268346686398,0.05393827630873794,0.05649082615991413
0.1015251361776815,0.11817115155430395,0.11952322171582368,0.11754739270290071,0.055124578759979524,0.17229614893363734,0.07871048470815988,0.1537935862307281,0.08330829921678538
0.11811480006430575,0.13945600583788853,0.10878887292202859,0.14065195070399938,0.08174721201011241,0.10564872335125698,0.09667457326324112,0.12581919592885502,0.0830986659183123
0.1192901702263255,0.1421570609345857,0.11237492250605759,0.14622287786848678,0.03918368497557609,0.08781009309785066,0.11900296352255636,0.14175040623960258,0.09220782062895867
0.08291222193364131,0.1019073380506067,0.09983057591119578,0.09513641956518719,0.20064643342212118,0.19252146142661886,0.033724493962091456,0.07457000516105047,0.11875105056748703
0.10641866205712942,0.1351447307001854,0.142773155232782,0.16085784724854077,0.03831323006232286,0.0795108990246956,0.10060435298195163,0.14272079077901498,0.09365633191337742
0.1045626327078595,0.1373092537623585,0.135618220961809,0.1495501770006045,0.038845137697550526,0.08504419327699277,0.11585270484158205,0.13207604670560258,0.10114163304564054
0.06634479134946715,0.08193237314766287,0.08215095120643191,0.09531613973250086,0.31693705654838383,0.07153069117292195,0.04806445080331981,0.06764545656579923,0.17007808947351233
0.06606890601655278,0.08494826589525346,0.07315044190980015,0.08038191622243236,0.4190909693487774,0.11684950178771174,0.060312426567633116,0.07184559417711749,0.02735197807472153
0.11759488305158823,0.13750650700082115,0.11137413094119675,0.13808655123891697,0.0750067787148992,0.09003895628985341,0.1025911306563591,0.13378735203330477,0.09401371007306047
0.06087960447829208,0.07550241354687462,0.06985746399414396,0.07844384301842088,0.31073823323590616,0.13313144985344036,0.042123313090961935,0.0593814572189083,0.16994222156305164
0.08814506837215057,0.10651410122988068,0.10013270812515347,0.10309857769731691,0.03517966215265915,0.2592658914788269,0.10219320248606119,0.09527142755483768,0.1101993609031135
0.11146592004067042,0.1375439722706386,0.10539592065373349,0.14608588613827644,0.029781861217008893,0.08379661694523742,0.10964545710620544,0.15188715554305543,0.1243972100851739
0.14888237050039146,0.12609002603252276,0.12581709941436867,0.12284247783558204,0.03933656571574907,0.08461481400661851,0.1426020110689811,0.11199854077067196,0.09781609465511439
0.1096044134698438,0.13171370255843365,0.11204806303004107,0.13118432571281077,0.0734679976571298,0.14160874356913808,0.08585435279603021,0.12597090041723671,0.08854750078933592
0.11921742552142121,0.13543695748935222,0.09439855768214765,0.14243430031129145,0.03588890666509442,0.0740016613498556,0.12291259094561136,0.1570381490650948,0.1186714509701313
0.07841534402189343,0.08391322479765657,0.11223954736895352,0.09000292282306206,0.21554525233068542,0.12024372714581934,0.04706961225676809,0.06688236433935359,0.18568800491580806
0.07233885187086447,0.06641418671748021,0.1099958885365695,0.07119073765412881,0.06102632681658807,0.3919118589315958,0.07113376325240656,0.05063056009910372,0.10535782612126283
0.06726370222338382,0.05728748611254153,0.08466323061099128,0.05208784022052746,0.3433978284644798,0.05721811425110603,0.030762015435505996,0.04368661893743578,0.26363316374402834
0.09887656656800765,0.11527045348599334,0.09979677113009348,0.11401843254091205,0.05273895019462163,0.1360431374057994,0.09279889122777825,0.10916280381101416,0.18129399363578003
0.10665615259397411,0.13248083467316948,0.11815800453708526,0.13268524714623456,0.04978633177005264,0.05081289739798119,0.0798025840216871,0.11523110658009754,0.21438684127971816
0.14968970795208905,0.12020898510237894,0.1490998723551372,0.1469440722593168,0.036042238033667844,0.0659353945803216,0.10516784338922053,0.16046454492519777,0.06644734140267017
0.07092366727823013,0.07052646182793028,0.11396427566811372,0.05932852898369404,0.012825693098186541,0.4449698195696108,0.13200750266794725,0.040439350514426695,0.05501470039186044
0.11547477084641437,0.13922357778181937,0.13893410007372128,0.14909332911503678,0.06156606382687461,0.043227191703885594,0.047772697276101506,0.21398335971072294,0.09072490966542358
0.10015760662508065,0.11185102547798602,0.09576266412152173,0.11689328217921531,0.08579186182816438,0.12622288716255683,0.1116810530404172,0.1064860435818193,0.14515357598323855
0.05686836036284624,0.09623176166991487,0.09293996631986418,0.09079282623125888,0.06512579100485862,0.3991167584404107,0.07231129749380194,0.09938467153760037,0.02722856693944421
0.11521043153998818,0.12512455639916745,0.15016537294937093,0.14044715722396447,0.05105220174497969,0.0676808104099802,0.1843966166693827,0.09592554618966286,0.06999730687350342
0.13521822040188583,0.11614818157596825,0.0924199443449178,0.14015827405198833,0.09665214331876469,0.11623988476133196,0.07228324169646404,0.15467872039736633,0.07620138945131275
0.09245362498789494,0.08085719027730916,0.09911590802318183,0.08298384534427644,0.33308643483815586,0.06476974788377597,0.06913812983966881,0.07446472008837524,0.10313039871736172
0.09206332938245865,0.08937193811975457,0.12436849432192881,0.0942044118050784,0.2342529094376422,0.1514651799552744,0.04749073607047117,0.07872292124761072,0.08806007965978113
0.1094758426194966,0.12176898744038005,0.16402226364222808,0.13408384088394834,0.03441712666106452,0.07472479773308023,0.06800774131518579,0.2031606502631251,0.09033874944149135
0.12317800692382297,0.14323972640491964,0.09760565687492885,0.15545913675344672,0.04753449584828373,0.08183484515743794,0.13407347429061237,0.1407892903872059,0.076285367359342
0.10649320693624519,0.10602819092034839,0.11048647775301694,0.10503318571123954,0.131127188369228,0.060962542238989365,0.06227332881208439,0.09410516352701774,0.22349071573183046
0.11886649683420818,0.12741232577112496,0.10238881043089261,0.1357983739341811,0.06912616908650253,0.09636735499047104,0.12155815702420014,0.12763759054791798,0.10084472138050139
0.09536379058682365,0.11910637446584056,0.11057342537980015,0.11675500536813634,0.08001364348402919,0.107750686926677,0.08154192755646034,0.11022496471124349,0.17867018152098932
0.1192901702263255,0.1421570609345857,0.11237492250605759,0.14622287786848678,0.03918368497557609,0.08781009309785066,0.11900296352255636,0.14175040623960258,0.09220782062895867
0.10348070860862017,0.1324543676767169,0.10797074666317923,0.12734207794211,0.14773732700661543,0.10231886240316825,0.0876396904302436,0.12263171639928132,0.06842450287006507
0.12014985994142147,0.12793404241687237,0.10346143994656237,0.13695364567027687,0.06722531253157549,0.08594405787998992,0.1192515318920565,0.1287446234103753,0.1103354863108698
0.10206983424564542,0.1124619330413333,0.08177509638328005,0.11475985280262652,0.025011630260901457,0.03539866897041335,0.272762169643033,0.12620669529575065,0.1295541193570162
0.08382002679958288,0.09821517245857364,0.10263424492802503,0.0969634564814336,0.02616559848369859,0.3803395023510727,0.09016265927339967,0.07202502201551493,0.04967431720869911
0.10139464703556471,0.1161384680335064,0.10109179418895808,0.12456058959976864,0.06458463633412068,0.06015915574755168,0.12422843491078593,0.11264460373055624,0.19519767041918765
0.1263444397773894,0.13093691357996792,0.12710581166604673,0.12964763007205324,0.03703698703225605,0.08199384095123187,0.10669766941538815,0.17882538713562968,0.08141132037003694
0.12748954486021757,0.14492195434708655,0.11809284848011686,0.13298602009042582,0.05767680399069685,0.06867171756563335,0.07032266366671326,0.19480419439568308,0.08503425260342666
0.11003937851673053,0.14105476187321533,0.11573295369130003,0.14468487612478056,0.07070222689452531,0.1113561680438852,0.11827693481614077,0.1249823985783501,0.06317030146107212
