0.15237883780963182,0.10466187563977321,0.07564908564452501,0.14249134434550295,0.13417201791049935,0.1371531442146554,0.04866678293637816,0.12188385190516948,0.0829430595938645
0.08387961078865759,0.0623081999203615,0.09971186355420503,0.05305667537166325,0.1060827873770957,0.31792275801613723,0.06419057427121737,0.10572220176676396,0.10712532893389827
0.09690137054086163,0.09521212893078586,0.09365031904637301,0.1134149453626715,0.17193681215599388,0.16377559570327763,0.03763997137646966,0.10246059230194889,0.12500826458161793
0.1468229688421154,0.03859776179581104,0.07530113946556473,0.09021490918777479,0.032671544312405876,0.01421638064849215,0.46222555441208035,0.13067566424536722,0.009274077090388428
0.08078191464128352,0.055257460889338327,0.2698326905633168,0.035843569122576725,0.19114032954838103,0.056322435582389946,0.17226800449568172,0.10586376018602285,0.03268983497100905
0.10104756662998844,0.08462366061787414,0.09376648609877648,0.21372505663153638,0.12349064576908857,0.12919569051902127,0.08146796332200845,0.12208528207043771,0.05059764834126859
0.07847060505168352,0.16079995213818285,0.09327431234463868,0.143154727958434,0.0629172599048174,0.09275596474794934,0.21227266372359735,0.0845638310593323,0.07179068307136456
0.14585526961983322,0.09316444790325068,0.12270017706363058,0.1333606665156599,0.18312751638005853,0.08921626800305382,0.0835398887645083,0.11214872682536074,0.03688703892464423
0.09180215385390829,0.09047082347028072,0.10421589966519401,0.11275058467401128,0.13748028106419177,0.15879722589222794,0.10884173207283987,0.1393185426607446,0.056322756646601614
0.16560462649401173,0.15507892720926936,0.0738163010107348,0.1337164456158296,0.11207353327098517,0.08369098100477203,0.07444233142737133,0.11005327748850392,0.09152357647852198
0.11523006791684716,0.13185467334056797,0.08486381445472513,0.10526824991451288,0.15864807937260428,0.1371017240526567,0.038755187637740995,0.10193270843291012,0.12634549487743477
0.09016996935265938,0.11570599507248987,0.09212845902859366,0.11980656519769901,0.06434747566821723,0.158894523339466,0.18079947651910191,0.1389180929734111,0.03922944284836185
0.1466128093282343,0.1217915659699587,0.11409645037030004,0.10747881393975349,0.15753609239982388,0.10192109709691805,0.10263095315591825,0.10782768041104505,0.04010453732804823
0.10907895103764642,0.09311991310092727,0.09714384233656108,0.11557225658712415,0.1649738117075247,0.207323477516697,0.041666834550089786,0.09594498175483264,0.07517593140859695
0.11328791254573012,0.06374938056515296,0.15470266022874468,0.06776837200283382,0.11542818080967543,0.055045422408096144,0.2665421553120005,0.12260573321253503,0.040870182915231396
0.14362089493191804,0.09763270337036993,0.09690482142976103,0.11768340204965694,0.15772204838550394,0.1494902400338306,0.06588771168091138,0.11486815620487419,0.056190021913174015
0.03391105601779907,0.07735618564926672,0.1646733685308962,0.040090584088796545,0.16707058751483914,0.17315167136182963,0.0827299352045221,0.08537016036352436,0.17564645126852615
0.11298011833165678,0.1310146877912635,0.0722671166694462,0.2785226578674769,0.07337067288005701,0.04321758813545967,0.15465307047767055,0.10486847889761759,0.02910560894935178
0.11214927893042716,0.10769975189295106,0.08726127768043086,0.19746341787208307,0.13269785666360343,0.12491523744414242,0.07268454036834561,0.10739119158168435,0.05773744756633206
0.10916290872199748,0.14557612222835067,0.06974307918784985,0.23482520449439195,0.06338012163341691,0.07514914462560197,0.1652000412224569,0.10406594880163211,0.03289742908430218
0.11848517969149648,0.12197140311683285,0.08777201249961919,0.10990438466143145,0.1431602280559473,0.1485579424256336,0.06298635138462998,0.11415483744840642,0.09300766071600275
0.11626083465523958,0.15688758679596262,0.07883494418775946,0.15426403994458213,0.12959492307104517,0.1268507544250546,0.061613923992749765,0.09981304231102883,0.07587995061657778
0.09022581779968379,0.08903878021084453,0.10371531630580862,0.18791235388818728,0.13540650664962728,0.15850860163630887,0.07482830274371736,0.10384321210563437,0.056521108660187946
0.06574753166613174,0.23448974816328697,0.0829618081036323,0.14623331998991698,0.0739371229857861,0.08700629679048615,0.12490963923416852,0.10065384236969266,0.0840606906968986
0.10953124786106526,0.10369142220399019,0.12352967240702256,0.08895216621702283,0.17235774121744116,0.1412467543388681,0.09793768056841305,0.10758865760486493,0.055164657581311886
0.09197385284668902,0.1765588757947806,0.07417435573179874,0.1349614449397634,0.11217562782292366,0.11508879432161338,0.044703914060214456,0.10692091839971501,0.14344221608250182
0.1642030601759327,0.10348766013418037,0.08673981528427065,0.1585537184694206,0.12621228965059628,0.13174012249598918,0.07873063319295054,0.11355950078923516,0.03677319980742448
0.1811749749313091,0.08511528953748461,0.10827499986922466,0.15405048134645338,0.12290807867791316,0.08232624982558485,0.12583006552783715,0.11876506483410382,0.021554795450089138
0.11891859496918909,0.06858314286053437,0.05854750509056541,0.14587826428462183,0.021872416856011406,0.022237270006043124,0.452622302159857,0.09967177601308337,0.011668727760094338
0.12807941893538052,0.14076719983257982,0.07242141434868717,0.13730544969669967,0.11265016130133042,0.15107552211178743,0.06728059976423893,0.10980542487889589,0.08061480913040014
0.13510355972550114,0.11975130315978218,0.07659780862718624,0.16929315482362925,0.14944859032467112,0.11330715246146206,0.03732250486885549,0.10988358366939084,0.0892923423395217
0.11515444017647138,0.11387778752778399,0.09027725611347182,0.08740134307381396,0.1691292761482001,0.11309954877133833,0.03711972692417563,0.10896262522284587,0.16497799604189892
0.12441981622033338,0.09590791676611572,0.08871539332535933,0.12853905191712953,0.16620822193275742,0.1175946796396262,0.050104947267598926,0.1144273086909325,0.11408266424014701
0.161656598479203,0.08558987755980768,0.11473068789462605,0.0808555604506132,0.1291514079603725,0.1342452088386787,0.14612721275625692,0.11754862231234993,0.03009482374809208
0.0943324109637363,0.09534294386158228,0.09822797654295186,0.19223509413707487,0.10951152752935549,0.15110779647407724,0.10765026744935996,0.10323512144620295,0.04835686159565907
0.2796692406411001,0.11179804148853807,0.10904950596047469,0.13957586098028527,0.05593922650928098,0.043602428381580315,0.08216894929837489,0.1407893604878354,0.0374073862525303
0.16061774304947438,0.08079816038522891,0.1193620712257788,0.10918072241059484,0.16830561005806388,0.0993527720616683,0.10556893034000808,0.12161216284545397,0.03520182762372886
0.0888539671225244,0.13255173537957432,0.07795670302317163,0.07583267182462504,0.11379858073089762,0.17094977810695566,0.03952464874150283,0.10614276197837408,0.19438915309237445
0.16772232704967008,0.14189303411106866,0.07271005023392689,0.19428028510715137,0.10933236142681306,0.08743087029531381,0.07632931441123579,0.10639478626489489,0.043906971099925474
0.07388380799382553,0.11825407961565138,0.1099748021062515,0.20114185492346134,0.0725844885844334,0.05035517827359059,0.2485028183632595,0.09864419995756502,0.02665877018196178
0.14721094039292273,0.10605316877073408,0.07183237337931983,0.11148583800819574,0.10797655865075954,0.2060230275202666,0.05905298990059122,0.11711779686750984,0.07324730650970039
0.13446529181627112,0.12433518036948292,0.07914702591181587,0.10804942504665939,0.149603754898834,0.09797300047493722,0.04212192852490915,0.1127535346575597,0.15155085829953074
0.09371616816286675,0.15759961596352343,0.07353616028137977,0.09486397255792256,0.1174956998254507,0.11792593705111733,0.03499435211993697,0.1011095328335619,0.20875856120424052
0.0955574204773888,0.15898045581201406,0.07402864685914877,0.10035281514709841,0.12008733768752543,0.12149163555827204,0.036561486217492944,0.10131759796159652,0.191622604279463
0.0952403921850324,0.08126995364775552,0.3186632970842957,0.15265218003855238,0.06037804552102013,0.03386417256563572,0.08650582576854669,0.12299019328272093,0.048435939906440496
0.10974197846327836,0.08674668464466577,0.12525376212166114,0.09315932035863471,0.17626961891110526,0.1066140870606918,0.14146639507049852,0.11311365485994214,0.047634498509522366
0.13010593459103967,0.07103319674249034,0.16619339435660313,0.06669679631732182,0.2155660568110065,0.06892171178917135,0.12302132047915067,0.1181280028305185,0.04033358608269804
0.12432703620371355,0.12526317464282308,0.0936334529114271,0.11905611758327606,0.10498377214714594,0.0975098883348192,0.18362601105862134,0.11116317528301961,0.040437371835154105
0.08377613982642407,0.060423985645696336,0.25357245637558484,0.06848835555368525,0.10025858274254636,0.05810171268691557,0.2389841719523311,0.1054047050115513,0.030989890205265182
0.18859195996033976,0.08393140035958642,0.10863216952434512,0.16569315922754266,0.09565036051839715,0.07476961701849115,0.13711202747822826,0.11949792047651057,0.026121385436558977
0.19941683106780247,0.07328910338678118,0.0834758039876589,0.1163421487704695,0.08126579219446568,0.06122005798667907,0.23995571515664196,0.12517758226045525,0.019856965189045984
0.08761595306678334,0.15705937669807687,0.10126103363130756,0.1482367509274361,0.1377673163087569,0.13150876456503882,0.07651954520359662,0.0965554211027992,0.0634758384962046
0.11609135115602504,0.1714496577287468,0.07278270931935721,0.17060954925974214,0.10833472671139965,0.11514752701214272,0.07311356520878265,0.099350187035735,0.07312072656806888
0.11819342233140566,0.1176850561389099,0.09431847703800074,0.11112783816007159,0.1778338389139371,0.1337162558640498,0.041463043161780434,0.10469253976349441,0.10096952862835044
0.11128476451534597,0.08872591932345279,0.10402555968005638,0.14798685964233083,0.1788184437145137,0.1434751606645954,0.05143351200482563,0.1064212777168519,0.06782850273802739
0.13237172644887518,0.1006216671746493,0.08115331084420967,0.1517503079836402,0.1178640876392331,0.13746356797478668,0.09805036968763232,0.11934035032701984,0.06138461191995374
0.09003109984519636,0.10931430868176702,0.10147184830607187,0.15709772212644488,0.12514383073751364,0.1490545974904873,0.0896538850597598,0.14439343438968152,0.03383927336307766
0.0786523158089318,0.06356141342563461,0.18433200567842475,0.07475747634026939,0.19880357688098702,0.15941503773360877,0.1009776869877644,0.09908791434574182,0.04041257279863742
0.08949409538845891,0.05804359080631031,0.128282250361548,0.10823343947183262,0.17352049973409012,0.11390084804624105,0.06961491497287733,0.12202863784623356,0.1368817233724081
0.08625116849834191,0.11190878612243649,0.09650626055001799,0.1295298036760633,0.15739839137794318,0.17127817564966863,0.05065247272038121,0.09951865603548266,0.09695628536966466
0.1326805411296417,0.10917027640505893,0.08427171813923758,0.09623654780603592,0.16227738778521075,0.08705216784653635,0.03958970600116033,0.1182993698823383,0.17042228500478007
0.11210801160015386,0.11463740974574636,0.10798923450078247,0.09912357460658744,0.1898709283161919,0.150489573504524,0.047519179685722425,0.09916499831397084,0.07909708972632072
0.0917825867623141,0.15286999173489102,0.07604534711895437,0.10067291069964557,0.12326341189974445,0.127770634101929,0.0333033466073013,0.10258465355993239,0.19170711751528777
0.12601491314787716,0.13814008731839125,0.06879737749716014,0.14707335867718732,0.10741848532639901,0.1567225707953409,0.058355788199968193,0.1116081930436759,0.08586922599400006
0.09618579686798483,0.07375398148540874,0.13265962130201153,0.09119428225730612,0.1916832972774771,0.14740303335502525,0.08403000089757373,0.10842185667713335,0.07466812988007938
0.11693949624932089,0.13728326734031718,0.08365851510855794,0.1424518140786411,0.14823682888904918,0.11003250715140926,0.05060454022379104,0.11011238579999848,0.10068064515891488
0.1760412535357029,0.0790738611889275,0.09678813759871907,0.14563141634127608,0.0998433501346054,0.06575365313671636,0.19564214985490538,0.12088338891846977,0.020342789290677534
0.07632103956075482,0.07247907774765341,0.18953213683350287,0.07134585874759465,0.14874957670058955,0.19996368142738397,0.09416222113929046,0.08513949765040722,0.06230691019282303
0.16465512512130323,0.10867782418792538,0.07018012815420839,0.12259773439099479,0.10296403523238536,0.1785040230677332,0.07086634409139873,0.11957090229315005,0.061983883460900724
0.13087617573686441,0.1119908792377482,0.10471976395538818,0.15717899632622664,0.17052117618054263,0.12153157186385416,0.05746871072174706,0.10174682214245118,0.04396590383517762
0.10802323216449888,0.08772512953349827,0.10703576064657899,0.10483771421162776,0.18000107782619126,0.15184016078682094,0.060271518817421876,0.1064352547680823,0.09383015124527967
0.097305991660162,0.12974220270088074,0.07784959125265965,0.20419134618970566,0.08199050237300216,0.09885623697526817,0.14109914533506704,0.11777462583353336,0.05119035767972122
0.21890298294775956,0.04673431600496244,0.08503313001103208,0.03575971295866616,0.041497014491258165,0.04358621148708439,0.37570445478405023,0.0973785649675883,0.05540361234759875
0.11028436050283537,0.07557650141771986,0.1638394779762243,0.09803340128614206,0.18317615359670159,0.11751331783237433,0.11418851113450519,0.10682558329904063,0.030562692954456627
0.12504483856095536,0.1306843628914746,0.08001590906664793,0.1228420879965868,0.12327753983767605,0.15334840452231954,0.07425815858338469,0.11242908750379123,0.0780996110371639
0.23728398306825702,0.08141033080897947,0.06978799992190383,0.15194335618821295,0.08506296179795118,0.06492372209755683,0.14451454737981098,0.13742572393107916,0.027647374806248726
0.20649582993191554,0.09820922638742278,0.09193092364575889,0.07770524925490041,0.0835159230283846,0.05975910768367996,0.22315484874649938,0.1291190105665427,0.03010988075489573
0.10593920041733995,0.12654663064864954,0.07463405068296426,0.09998708217642475,0.13570470896934664,0.12203229838740633,0.026572829794467057,0.10500262445044058,0.20358057447296093
0.05939230905716918,0.05382604568459012,0.13954773261513007,0.04247182642630106,0.09914297070709333,0.21714308651504108,0.19802250162212068,0.10825735880422417,0.08219616856833034
0.15104064923797333,0.1171437607492007,0.0781919769072271,0.22407656615642368,0.12135846190512044,0.07166119330494208,0.08352478183253108,0.11234364741104637,0.04065896249553531
0.059364473035622,0.09405223197081201,0.09339284192367979,0.13071271413900828,0.04021599844958288,0.04327621463373085,0.4013785863415056,0.09856451443161929,0.0390424250744394
0.18728491359867494,0.13086200812416987,0.16721443589747834,0.09024904739286384,0.0886254720259621,0.05248591507708942,0.10331521660753135,0.1275763262046438,0.052386665071586264
0.1266534366017233,0.15213638707330449,0.069026932100429,0.1685694368548989,0.09070297030900548,0.11303796999883743,0.10127581123765955,0.11409933619153727,0.06449771963260459
0.2116953785976373,0.06687750436834004,0.09787852362598826,0.053584035047380164,0.07315256455744967,0.11476874050605484,0.226387627621725,0.11568838097651686,0.03996724469890794
0.14155047903687423,0.12313280937860423,0.07921384394803438,0.1270560703454827,0.12976239229863215,0.12063014283220458,0.07534571935181546,0.120738076922703,0.08257046588564933
0.11796902521881765,0.13457146838867792,0.09107109563715134,0.11869386191456859,0.11530503922401159,0.11417029886259329,0.14114455582563987,0.1123671562148888,0.054707498713651014
0.1423843152418681,0.09630178668424096,0.09900345351910439,0.10315557687027345,0.17060475257690488,0.13436265513033288,0.06506816184364272,0.11865029796178966,0.07046900017184292
0.11261279918612731,0.06637517190966502,0.11595135372718013,0.1084663683692481,0.10564718245798159,0.047708588546936305,0.30082550550556736,0.12001609905128963,0.022396931246004673
0.0875169304477748,0.13483060546992218,0.06778097352349273,0.2261216605968106,0.04923871735510945,0.042309396369148766,0.2398507472185033,0.10939885898397828,0.04295211003525984
0.17108243260608194,0.16172744984310508,0.09537201480669444,0.09007968162153684,0.07793421743014385,0.07625865656644712,0.0459037430014311,0.12538870810942612,0.15625309601513357
0.19489553588503472,0.05542044023927691,0.09198847822675375,0.07808864461696736,0.06143309355715242,0.04434256366799414,0.3477946117600097,0.11334071224226389,0.0126959198045471
0.10695348765390977,0.1264364217081548,0.09324281477602568,0.08176924882946933,0.13655461486763246,0.16669331885402117,0.08219922256684715,0.10907388390077971,0.0970769868431599
0.12166278396442808,0.13381169204270374,0.08137669546698247,0.09154635101983026,0.14637578491283557,0.10914966654587688,0.04206558576947004,0.10594130638519006,0.16807013389268288
0.11044388609165823,0.12142918109914357,0.07425673944461149,0.09677000023942654,0.10536364306555801,0.21795186080767456,0.05566799028848288,0.11183630861785908,0.10628039034558563
0.14046609171053026,0.13259859306044813,0.08296357225781571,0.1435808225874938,0.1505480498486659,0.11620590664797664,0.05409777153928557,0.1060605385507462,0.07347865379703787
0.05613526378127981,0.053942002081191265,0.12584627816061353,0.06484093494062602,0.1422769268140567,0.23304869727611233,0.04672169802098392,0.1125998229721975,0.16458837595293882
0.11288845353630177,0.11818900593304556,0.09333795742912825,0.09812483387033306,0.17553282825692548,0.13389109803750118,0.03840232434852867,0.10433285356601246,0.12530064502222368
0.1002058615753385,0.09743270843441505,0.10648269302706255,0.07521414885320347,0.18195742710386242,0.11860494366234331,0.07832807679084282,0.11598245623504529,0.12579168431788648
0.15631329044428086,0.11833224539170069,0.08793388232056365,0.11880187948682297,0.1613884216278814,0.0895194008588896,0.06476502252081894,0.11652600216731684,0.08641985518172501
0.08568804171606359,0.06644641741860562,0.12568004468600805,0.058454834663679456,0.1731262814258194,0.1983471046238836,0.08490386644905053,0.10706357080852232,0.10028983820836741
0.13822076454181756,0.14701845697943725,0.0669342877427891,0.20859373672753048,0.10851315923889432,0.09802103734350154,0.06326703887137083,0.10574389119256457,0.06368762736209425
0.09129564216711317,0.1256108697600092,0.09477291302477318,0.0592750707155447,0.15375567400371254,0.11653112227420452,0.037325409005568196,0.09562112911408406,0.22581216993499043
0.10952705262251611,0.1625687759640638,0.06779524901269339,0.1072405025571365,0.10624496925810505,0.09576831112929762,0.04162674122919908,0.1057920346763918,0.2034363635505967
0.08566537616518193,0.0950964966306368,0.14639798397511813,0.188526597747543,0.16739950971887796,0.1370650357317776,0.055519573217080335,0.08223390741172726,0.04209551940205707
0.1138156858574474,0.15347630470146564,0.07481050319441185,0.08472591884014935,0.1209456941113306,0.10730837860993103,0.04073736278767614,0.09917780916564796,0.20500234273194004
0.14512876247679884,0.07947872756508616,0.12161369004344291,0.05516384200265625,0.1069801914090814,0.16009000392553643,0.19149940489559647,0.11069206822261697,0.029353309459184504
0.13067206465085085,0.08365671197634426,0.10402227755971265,0.05843426642158021,0.08798367347410509,0.15715619349649493,0.23820652735561124,0.10641035871410957,0.03345792635119115
0.15456883903782162,0.08733202036710706,0.10303067765680803,0.11275471981746428,0.1651830976765606,0.07951580826639125,0.10422986217746366,0.1254693302308966,0.06791564476948692
0.22358708813943018,0.10034950510884288,0.0644677505281015,0.19812364453481215,0.06877235361997325,0.07461359097312216,0.12339050242109789,0.12282672257138516,0.02386884210323482
0.11504830063914634,0.15150577439407273,0.07171795375853923,0.08831976221807268,0.07802112149652017,0.17453916716564766,0.11713176930275714,0.09982367689892811,0.10389247412631607
0.12372718304971812,0.08488503391736806,0.0962689836434618,0.13114290914054294,0.12332666371495132,0.16850238608598891,0.10381338483392068,0.119285663134606,0.04904779247944213
0.13982146256912611,0.11836963749673873,0.09238768934331341,0.13542590202167193,0.16684820752282678,0.11675048986346277,0.05638710525280877,0.10779476371806727,0.0662147422119843
0.1706101445475445,0.07086471305816036,0.12471260049996469,0.1442749675101688,0.1482658640735449,0.08178026381762663,0.10995729567329765,0.12018044109507486,0.029353709724617778
0.1491189029894953,0.1026971582781655,0.08973269877838323,0.09583360057650693,0.15407328312493984,0.13808446991987863,0.06738460669132317,0.12004758856685709,0.08302769107445034
0.14384575590557938,0.1338576908432443,0.07192930635307496,0.13303728019991715,0.13339273651634156,0.0978064885048374,0.04372480192133952,0.11170522393004083,0.13070071582562495
0.13398453835864463,0.0713014495924583,0.09312494928291638,0.027025619633408483,0.03179017021632472,0.023825128613720034,0.4588094354316865,0.12118197858561536,0.03895673028522564
0.11793418029240327,0.12432739659965897,0.09130208782933058,0.104648265396227,0.13977621161278156,0.1610429742120538,0.07838222550516234,0.10867099276932995,0.07391566578305252
0.08435372602183754,0.10527927950931754,0.12933283483062621,0.08791542701440819,0.16814854052033745,0.1712073090725287,0.10082697421933079,0.0947722279880981,0.05816368082351552
0.1509913783287197,0.06582288485294575,0.09522053996092944,0.14512090898477673,0.08211155337589877,0.031182142552365066,0.2972106116769198,0.11804407597871214,0.014295904288732487
0.1384724395031752,0.10415896581260535,0.08851090909128563,0.12754197803187614,0.14859554993499832,0.16263034961426248,0.05508266388788047,0.1119653667170953,0.06304177740682108
0.10632326309339506,0.09299650428425998,0.08181278078044325,0.11062124098779813,0.13384186459950573,0.22534763219927778,0.048925998040995594,0.1059982541557134,0.09413246185861111
0.19412303925678176,0.07818879369852536,0.07131636601759009,0.05221121763203284,0.08526790449048649,0.1215936452760588,0.10458158529173504,0.15045873305184512,0.1422587152849445
0.11020183965349899,0.08250022921457476,0.10631903516635782,0.07618908242819614,0.19439861206828413,0.14032102665900503,0.06097999286594128,0.11391353986811144,0.11517664207603047
0.12930552849385896,0.06830720654895446,0.06545900699086742,0.21805174880081324,0.05579977305491754,0.01939800363524023,0.3134343436304668,0.11660482009464784,0.013639568750233505
0.10158302316333985,0.13731208387692226,0.10284259642366177,0.1860814411024091,0.13294998100778813,0.11814337410285584,0.08442492811111,0.09530044724217628,0.04136212496973674
0.14198342442162515,0.1125863940570258,0.07799735103709084,0.10996971254870876,0.13484377284692783,0.1568357987910472,0.05279786493463646,0.11653303287287257,0.09645264849006548
0.08780270876040565,0.07995602594462532,0.08264046969714607,0.047004798129685804,0.06163865835943555,0.04498005526992974,0.4256465581835461,0.11395361932711749,0.05637710632810821
0.12017242585039317,0.05966506895900695,0.17078187184883184,0.08675260720774991,0.20896833517621483,0.07148367658939374,0.12847060292072301,0.12044932766894924,0.033256083778737296
0.22697771270778208,0.08628554920380359,0.07376979027750137,0.127279480015795,0.06719996312145539,0.10840122925089973,0.16173258440940688,0.12558837930160424,0.022765311711751713
0.18512839534507197,0.07091166715364551,0.11505388244617139,0.09668272794240201,0.14081350650546756,0.08010032802031014,0.139525368921975,0.12725180920847065,0.044532314456485755
0.09684200796436225,0.12955367432917145,0.0863411623549552,0.09083975616137611,0.13434484276305994,0.18804630799022723,0.05026247920399641,0.10436438830924322,0.1194053809236082
0.17246092546407196,0.11731738363724746,0.0933402419969787,0.10792714218340738,0.1510777529799532,0.07998800018357889,0.09316499162246016,0.11871942951639292,0.06600413241590936
0.09938332142392171,0.07229782404778752,0.10028447177184385,0.06790722843002389,0.09339076740360812,0.23287424415119498,0.17352338003288484,0.12797243984980902,0.03236632288892605
0.20614000529109863,0.06251921105635344,0.11072025714974591,0.07482891103671901,0.09408697292011721,0.08733391862423791,0.2211152127800781,0.12271882992677807,0.020536681214871715
0.12633028731573517,0.10182722935031795,0.11810800459018145,0.06686789676090658,0.16197425786405076,0.1632321837416418,0.09942627160629368,0.10741923289129589,0.05481463587957667
0.17290640785763398,0.09867837180373133,0.08970695084135154,0.1917274208800679,0.14423293950804908,0.07175999433555229,0.07798630621883622,0.11704082119476185,0.035960787360015824
0.23953050368936565,0.06917710797685171,0.08126704108659648,0.0793441911329333,0.0718885173006173,0.09489517840238981,0.20661264074704733,0.13015071623097083,0.02713410343322757
0.1252283761220537,0.12586882713550782,0.10072235312722781,0.12559249986785168,0.16132375616199285,0.10473101392346533,0.08435412628332578,0.10906645489524457,0.06311259248333047
0.11209253632832655,0.1362167288659743,0.08070661746517627,0.08294581265340005,0.14074603307147804,0.11313094720106436,0.038375664137089045,0.10230620808188322,0.19347945219560816
