0.036660281496399834,0.10887718330644082,0.1591366526440763,0.1466506778230299,0.08769759471516266,0.14694726412982553,0.16446273442883738,0.12452213658659662,0.025045474869630945
0.028673508283363982,0.10972995472478009,0.1270629779524888,0.15872659305788875,0.2057370401156413,0.13877799830396662,0.1370854859642661,0.03888176372909345,0.0553246778685109
0.09013596928746435,0.11475594934811122,0.07619582891734115,0.13530708796345078,0.09276061770855655,0.09689408219548752,0.12086096155777944,0.12258090423677621,0.15050859878503275
0.09778445894983046,0.1639103086444839,0.08418270747334101,0.17897836032813377,0.0672102044939697,0.09409560245712241,0.1348329523624884,0.060979607545561025,0.11802579774506927
0.003917437309200968,0.08812394959331839,0.19050867320868248,0.05818505833069248,0.12053715489289207,0.11760147381384904,0.052260840475713055,0.0016289993101375466,0.36723641306551397
0.045856849954250135,0.14697096892288383,0.190921700794926,0.1170817777285215,0.1078741915709095,0.1659389294291237,0.11637294276320531,0.038652698824106844,0.07032994001207317
0.3872020619247101,0.08428092880799205,0.05591348916184371,0.07951710615883749,0.23736782760401257,0.01617638195513627,0.09762804872190006,0.037710775934074035,0.004203379731493723
0.07111923422173629,0.1483177484509902,0.09893317703963393,0.12046844445412136,0.3316312659567415,0.06441260460764144,0.10878298744583136,0.02660521710453526,0.029729320718768642
0.032714600836462014,0.08266742548307571,0.12023957822987315,0.08211682895869472,0.02385125361446118,0.16405503182188128,0.09645384044314081,0.15275601621388837,0.2451454243985228
0.06744438176968953,0.1211610666262392,0.09203806632870208,0.1716499338608454,0.14951909323747423,0.10131655635368973,0.12899931012004526,0.062098366900682746,0.10577322480263185
0.17383283350851578,0.127848350517943,0.11073514695851598,0.09694710156181925,0.09662624229219567,0.07541607712601361,0.11483877836859763,0.023680043259830422,0.1800754264065687
0.013152023515756818,0.14061106834653483,0.09370024044869235,0.21181498594135204,0.17258020570797683,0.15302230204736425,0.13916335326596171,0.034893691270014134,0.04106212945634704
0.31003971203405545,0.04971440262014513,0.09862322627574271,0.09592001169628368,0.06329507521061539,0.045213333160311876,0.11800425582477496,0.20240113749754474,0.016788845680526035
0.2614489254552777,0.06349595709584806,0.05557375965078487,0.11581556510177267,0.30308558529927215,0.020184476430812892,0.09767921501107034,0.0793036732854309,0.003412842669730539
0.05552282518569047,0.14061837183545126,0.14385930282425496,0.10595029448200678,0.206795577341497,0.09769745433168071,0.10747188040513424,0.05401766530283114,0.08806662829145345
0.3719555124392035,0.07439585783781288,0.07134487253438605,0.05573050685651546,0.02501068618681868,0.040329876699929317,0.0738457232265506,0.010638850785229094,0.2767481134335544
0.04263331894527709,0.11700024992968618,0.13880726653869555,0.1100175552257605,0.124903654105875,0.08582694611130919,0.12228818154634254,0.01868642529275528,0.2398364023042986
0.0905289833273919,0.1087206429103844,0.12219736284824818,0.19246270534942442,0.08375921732059395,0.13001283781632578,0.11881110806281385,0.12194433818777932,0.03156280417703817
0.07268868646747245,0.11594886099786184,0.17752126215629482,0.10359411188809449,0.12236587988063811,0.11680211599070718,0.14494081164419262,0.04672929605999108,0.09940897491474743
0.08054736923506885,0.10019093490020413,0.07562709003431893,0.09044963968522024,0.025877389947621315,0.13305329608556604,0.10505848273181007,0.16687947425223118,0.22231632312795932
0.008714523983852055,0.10613558440662851,0.11977469056884497,0.1262768048135038,0.09585331501149819,0.1503056146698316,0.07770729827841108,0.006034911948079424,0.30919725631935036
0.018998136587490923,0.08883050276125369,0.17807640321109178,0.076220392151025,0.07550313573464713,0.15136574054987637,0.0953391904254219,0.022529370435896024,0.2931371281432971
0.024889674949319512,0.1388665186388531,0.10461479058647434,0.12443405987962175,0.14980445905468143,0.14580160376936158,0.1254663276435157,0.13580839740128048,0.050314168076892075
0.06608789934924146,0.0945512747318416,0.07465237281545163,0.1411824710572922,0.14240405124947156,0.09121461429539031,0.14132328527508412,0.17949416327315584,0.0690898679530712
0.03788608274360152,0.11775296147107428,0.1446091072661149,0.12641137442188058,0.1660830131167204,0.12790112747322688,0.14407303883299094,0.03987494348537358,0.09540835118901696
0.008003987829692598,0.06471561702897832,0.20040312186445064,0.05585694352106085,0.23210094380607071,0.1324915305285912,0.11122852932377147,0.17776156461027248,0.017437761487111732
0.00903643702641847,0.0815659544332251,0.09714178035010189,0.13173924155417013,0.2665420454754272,0.08872665205638498,0.1046289104983237,0.016240576846292803,0.20437840175965574
0.028155074412467646,0.09254010892232052,0.07813126847582051,0.15673885963721765,0.26447720689415594,0.09094920785569272,0.09532537540876555,0.18905304753904206,0.004629850854517493
0.08020120770441479,0.11256858898201809,0.09250060621365554,0.06928312152997529,0.059316409691206384,0.08043331444522782,0.10760083299214067,0.06702945930109097,0.3310664591402705
0.165790631108804,0.09004705938141207,0.10462470571424283,0.17930541462362495,0.12302663146296035,0.07528939301063219,0.1492483038561976,0.07986016675626716,0.032807694085858825
0.04303647125485687,0.1419742519746959,0.11573471571447398,0.18798003402199834,0.19073976516271832,0.13163494575611998,0.12443509600800186,0.047975678703370134,0.016489041403764608
0.025342005485857754,0.11950213997749999,0.21284017941955638,0.09288867301509329,0.2030522254856341,0.13550773804925406,0.1140266062189405,0.020001880427595285,0.07683855192056864
0.04488219113814582,0.09720850914087147,0.08308033012135609,0.13520132813235428,0.07933938016115605,0.13826956373835264,0.12036023797476732,0.1889395570143154,0.1127189025786809
0.021438922774843744,0.07844710162079886,0.13682817591190966,0.12104273258670632,0.15733597404894664,0.09189924171288893,0.11520163624964769,0.2670405447583586,0.010765670335899558
0.03167130366968731,0.10935072523024814,0.08604542901684041,0.08632170766323473,0.20116320469646934,0.07426814182342285,0.10620262297822981,0.031085620570249717,0.2738912443516176
0.04008723310403639,0.1001854302407273,0.09258137941591722,0.1542022495743551,0.049726079750214064,0.14586425148132284,0.11556481574632421,0.1181347603110134,0.1836538003760895
0.03796908614785145,0.1537248597440856,0.21494744777423103,0.12363684274641891,0.14137332621525242,0.14835316231426357,0.09483936143025724,0.029202319621025,0.05595359400661479
0.02830617782117505,0.06327513039329832,0.0910332773753287,0.16568769921648607,0.19527321470860357,0.09986951612029227,0.1284075083292722,0.16852292229570318,0.05962455373984072
0.04394587106349202,0.12004113632369114,0.1578463973978321,0.1592950940691673,0.11953465615585122,0.12097792578855993,0.11246715526313356,0.02732011141936419,0.13857165251890846
0.06549339837664885,0.13878921283929668,0.10689529555303538,0.1707593183645979,0.1381388314973309,0.1328217441672587,0.11318013042264095,0.023105287432817256,0.11081678134637345
0.011138055562948676,0.12068574847922227,0.08592545344567848,0.10402119996898725,0.16220936255201704,0.13029075698536388,0.10498384950866967,0.20204379075905143,0.07870178273806129
0.020598785575550813,0.11338194107667832,0.12127920326337378,0.19445729932856484,0.16357083608683134,0.17035446678980182,0.10538930264525347,0.05846378494979967,0.05250438028414583
0.06486500235699612,0.11234686171750725,0.10513403510378544,0.14144099067204655,0.1964757624779135,0.06986324137903822,0.15335754970576362,0.033578185501711974,0.12293837108523727
0.10085910189018595,0.11571424065875353,0.06718450344395024,0.15651910446016482,0.3195928276907743,0.06537760610285649,0.08160203503646601,0.07785979216228357,0.015290788554565
0.03931551048121452,0.08249720998934959,0.09779366092469917,0.13800769774309388,0.10225736729765045,0.15579007609049483,0.11185973441189297,0.26392650529053696,0.008552237771067672
0.025531861085632435,0.07002539890796132,0.10157878904116861,0.14480013904992775,0.4400962361270855,0.042663804234221094,0.10265020409581037,0.07036846899468606,0.0022850984635070285
0.04039566800869451,0.10525689086860053,0.16024764453894566,0.14919211756029072,0.14138174535249112,0.11205612707689834,0.12148935790514083,0.16623166984399243,0.0037487788449458207
0.005781673778076281,0.07477392940153808,0.12622578002205687,0.06779788733239313,0.19120074465107365,0.1514570737150334,0.13923106984091502,0.12015863218174165,0.1233732090771719
0.055780904927022916,0.14844265470268767,0.08965059354160888,0.22642026122282086,0.16553791194700912,0.10083219501254438,0.14037354778559608,0.028964812050699507,0.043997118810010595
0.08484339867261009,0.12989562653557754,0.08971131738916834,0.13415552032919822,0.07914195711846443,0.11975865747468317,0.14275311625052525,0.0957865527494735,0.12395385348029948
0.008996901364492627,0.09267073994778187,0.09144256628973561,0.13002614198963328,0.26375132719358907,0.09860136946279119,0.13042829721896168,0.054186051070621556,0.1298966054623931
0.02719920460361096,0.16109756067031666,0.16272485481496546,0.10464252204855816,0.06821800438972093,0.17387648332783612,0.11164527308828542,0.03013861678128775,0.1604574802754186
0.23147970310180552,0.11889382475628207,0.08435137686871508,0.15769864694679459,0.06704274040911763,0.09362841758169867,0.10685935585310591,0.06855237110199917,0.07149356338048143
0.38312885917511386,0.10610841260843994,0.07646703900611218,0.12792433013334029,0.07097042998774589,0.041610333767272065,0.09354079442298847,0.08360160650230501,0.016648194396682272
0.020032042051066668,0.13742038029049938,0.09421847548492025,0.1721575763193772,0.14572937840165742,0.1343412154009492,0.12224755813147375,0.03244455876683685,0.14140881515321937
0.18145926724988326,0.0855690145708873,0.09441978999704455,0.08972510193208155,0.03231843873681795,0.08836309683655792,0.10325737401317264,0.16849872354674633,0.15638919311680843
0.5047584020558004,0.08599616562139158,0.08266355941485802,0.10029680286268682,0.0491118791064166,0.03600788576051656,0.08882161862665512,0.03415334743975078,0.018190339111924258
0.31838513080850284,0.0612503141723833,0.09072528626671365,0.08805904215132195,0.07774690689837428,0.05328335322434934,0.12044220049960525,0.07277023306605272,0.11733753291269655
0.0571732230338322,0.12483843116692676,0.09462116578407702,0.1974569000912859,0.13389885515109898,0.10267556168124505,0.15176154313633997,0.08003739491655786,0.05753692503863639
0.22926111100796828,0.10059048907829764,0.10123029572512206,0.09057937601275601,0.07062267311963076,0.0740668179376267,0.10118178526352029,0.16010461213496488,0.07236283972011348
0.038272434540063925,0.1009244626275887,0.07556695131102784,0.24376290043866974,0.1233729374347796,0.13282204213909377,0.13256233993473177,0.08995998462348768,0.06275594695055693
0.029852441741623017,0.09023158362686845,0.06340136420046956,0.19141334005838317,0.08045973586010634,0.12401015328249389,0.1542649034024157,0.09981904392163182,0.16654743390600815
0.0653616302276498,0.08643029713266857,0.18594798326287418,0.14473244708972563,0.11300816794803432,0.12214160838616117,0.12185854300558964,0.09973735780511635,0.060781965142180296
0.02279066351469268,0.08412299461235508,0.12417254946870034,0.14540992718138301,0.14449793536522185,0.15439959198753997,0.12604419195137162,0.06506826387394925,0.13349388204478616
0.0680672877565141,0.08990364861384192,0.08463015142809611,0.17006976463049758,0.15160347679216735,0.09800245862278478,0.11878225076827542,0.18916948351639565,0.02977147787142716
0.02325998410420913,0.07924527043659839,0.06803269962570513,0.1520902970744796,0.15857193361275354,0.09668002634953021,0.13106647191071089,0.04271558928785061,0.24833772759816256
0.007579046262598238,0.14345570379444564,0.10438860017742957,0.16541033731854143,0.3041082229308592,0.1338159973983566,0.10085908500691738,0.018953474797587144,0.02142953231326473
0.014901873497000772,0.08434971600662657,0.14552439172430207,0.14827125153304344,0.2739158967029179,0.09555704275008094,0.12410160408043652,0.019361939194225256,0.0940162845113665
0.020845915958784104,0.1321191415741171,0.0952602564694814,0.21297845965610138,0.1959254431905629,0.11625080960681289,0.12974811618497867,0.03234335333704286,0.0645285040221187
0.4732937190246245,0.07916410554590957,0.06829116870820832,0.06472857715700471,0.06137403544626069,0.02642777404392238,0.07894247608902062,0.10561401204706294,0.04216413193798616
0.1087006770013181,0.11578985200525904,0.06864799619007476,0.23844538739658128,0.25800862485676485,0.061333247422112346,0.1165733751323227,0.027476119237015414,0.0050247207585514845
0.057533069657567625,0.11934786158038546,0.08644494369363757,0.2260737129102911,0.2247945057009566,0.08377752484826295,0.13951859909274408,0.053058427550264325,0.009451354965890306
0.044419865068330455,0.11747990332515341,0.1506899289459607,0.14651386809337152,0.21708202671360025,0.09933195005405754,0.1492410833431016,0.06711277893667653,0.008128595519748002
0.002335790537253497,0.10628410926305414,0.10718983015052398,0.08389533458797545,0.04537177726030644,0.30171397170578895,0.06870895781194919,0.019907364782309384,0.26459286390083897
0.16644713624056165,0.08876202130101629,0.09502394071134206,0.0954076998665429,0.06535862592366777,0.06729854513900412,0.10975063075853986,0.2541444400384597,0.05780696002086566
0.011619412974191215,0.06829141124686479,0.20831660577756272,0.12029576108003527,0.19108675796472271,0.13072877052075585,0.10755889981034382,0.10902409296031139,0.053078287665212213
0.019941111217336382,0.1060063923183931,0.11325676311102933,0.13302705847752552,0.2950459321849939,0.0838951343317051,0.09926395830557848,0.08004043440010743,0.06952321565333064
0.1540960430733802,0.04480492990685309,0.07250067958905022,0.14193909377551703,0.18854230781609307,0.04966613297626205,0.16677686068112044,0.07001780620668133,0.11165614597504266
0.06346244900026403,0.11416028072084676,0.07418331858089244,0.1978049065521141,0.11791462269616855,0.09058669217283781,0.11861345463483926,0.038609385043229756,0.18466489059880722
0.03792720793254938,0.10147220698455174,0.08796728779147071,0.12190105489620895,0.1143490777591556,0.10635499964149582,0.11923159304131765,0.11805125980965882,0.1927453121435914
0.027467614078823893,0.07449894844759246,0.11599597904403353,0.1637831226791777,0.09357057648227152,0.14048807591360798,0.15781535800306476,0.0972334357762817,0.1291468895751465
0.03785775768017697,0.12614804736614305,0.12462637495433433,0.17690327287649374,0.09494410509347236,0.15939185007479176,0.1013492592329468,0.027287309553593545,0.15149202316804747
0.09777869733221606,0.04554539927366896,0.10359698971601718,0.16895512072782415,0.27212578906190843,0.03861956701487288,0.09653893368803297,0.1758252229624048,0.001014280223054556
0.09239184404914502,0.1370008096819998,0.07073738736962099,0.17096601279472465,0.2613509021784026,0.053212436031251205,0.10044505903784266,0.09255503150229893,0.021340517354714112
0.03428295229314266,0.11393396809042,0.08453573994325049,0.24664606309444484,0.150116187353366,0.1353608136042361,0.14711950706249602,0.06183083445625104,0.0261739341023929
0.023106783758350725,0.08776660824500511,0.10972213267097786,0.1598083214181741,0.4171344913369657,0.05384045167314446,0.11396591148520917,0.01169416681338175,0.022961132598791217
0.020759840720740476,0.09009089423713428,0.1347834125812151,0.1340559716640831,0.07583026842065706,0.15886271499124419,0.13054970338440827,0.05576506033080475,0.19930213366971275
0.08075340103273315,0.09111951114766698,0.06980232123425144,0.08525802005064094,0.055067789551833723,0.097339787597844,0.11228133675879652,0.20131780476120767,0.20706002786502553
0.032225984764020575,0.08951610920977619,0.131447381698485,0.08559761249476021,0.026416905972843286,0.17606193031634507,0.10779938478428343,0.1848766200676859,0.16605807069180026
0.049919473180020824,0.13391413390456464,0.15011443544887848,0.15815301946336036,0.14934204260409192,0.11057377972873843,0.1308506837097674,0.04422046477932623,0.07291196718125169
0.3524578592032141,0.08553418643626344,0.07917965151570076,0.09861294947450316,0.2367874516259869,0.021406919313988082,0.09951739400301927,0.024764810843625636,0.001738777583698714
0.09077892787837431,0.08987526878721906,0.24117004224250896,0.10849621586838226,0.16090202688030927,0.10548657725946863,0.11507201809178735,0.061504486146826,0.02671443684512419
0.023513249240896986,0.08275771261175123,0.1727243750187064,0.1124022256132321,0.17450790951878634,0.1410499945841558,0.16023703915920515,0.10147350052515647,0.03133399372810958
0.226582142388447,0.09778729558704807,0.08507103251501746,0.09505751139600749,0.05990847832277873,0.06810763289469736,0.09488821383328268,0.08007585386138491,0.19252183920133636
0.03212114928315273,0.09973753864663461,0.11526051824352364,0.15597944027479985,0.08384705186352259,0.14385502304912237,0.12219588821860926,0.04521320329773846,0.2017901871228965
0.05049064944923675,0.14119558224200898,0.10224601462980176,0.14590401796125954,0.07508824477531438,0.14060541272631707,0.15252323348188776,0.08624963597107353,0.10569720876310028
0.05817229739249461,0.13746353222588062,0.10123937660246696,0.09708531094117505,0.10927253508585999,0.11113632397760208,0.12466253733756406,0.2211732969198226,0.03979478951713399
0.02113909763448403,0.11738067579637952,0.143172774385295,0.1672076194533363,0.057464954903234035,0.2210570243416037,0.12181694403646211,0.036551900238759455,0.11420900921044576
0.023053012366720096,0.0751195850217483,0.14942214530057044,0.1613546538705983,0.09184802777175809,0.1543623187959918,0.1589609149555599,0.0954276065616579,0.09045173535539518
0.08926390360721555,0.1842301012967328,0.1309987100781064,0.13873875457369264,0.11987048371667068,0.12972142179987395,0.11498747459782414,0.07020018380719785,0.02198896652268593
0.09031129423052121,0.0811951375414363,0.10085694721326542,0.1954283877789698,0.1178491419220874,0.08410087972142542,0.16499670239132183,0.13543868245541543,0.029822826745557283
0.06209339517683826,0.10113681631410064,0.09208219679688534,0.09740087520993962,0.05802735428679534,0.14841964553728196,0.10476770897040037,0.318342368758127,0.017729638949631546
0.07628869101189202,0.10863791425962079,0.11166947569531621,0.09403291402363934,0.20679782049805587,0.07971099914687611,0.09336985318426198,0.22134621845603766,0.008146113724300035
0.01117873285216456,0.12292123561624273,0.17246831807239751,0.1092823999537359,0.10975822008320076,0.19406400276545135,0.11256341722797403,0.04209856871003195,0.12566510471880124
0.029485181673343644,0.0869733102917306,0.09448336316403039,0.18018810124906456,0.19011220697570488,0.10128190970012402,0.11406174796283418,0.1825544130566943,0.020859765926473456
0.030505335636997612,0.1027815901349518,0.12196354610492612,0.16355222596748656,0.3352768078841109,0.08447046062641357,0.08974959250307106,0.0350885380707568,0.03661190307128556
0.3174064091510929,0.12093112722893802,0.15522163815657306,0.0903100418737121,0.13659533899455703,0.058594082236549605,0.08016171464452963,0.016303732968109507,0.024475914745938184
0.03829549443522034,0.07046620927894913,0.20662481865863488,0.09665848181293972,0.27348429788343376,0.09935491149164644,0.1297519818978897,0.06416368504238294,0.021200119498903162
0.037425504202947886,0.09536455767183234,0.09722497855814465,0.1623496454850196,0.08201332379155936,0.11733266123255252,0.16815043428621115,0.0599117180923345,0.18022717667939803
0.06111993630883639,0.10890404805917468,0.08177966439929849,0.14919189730005541,0.0411860870060888,0.1864606662916688,0.11263804844288505,0.18546706805013988,0.07325258414185247
0.13187357435368294,0.13873877046503832,0.08668402163737003,0.1845129676002466,0.052803078760345096,0.14425567730108194,0.11886671625174154,0.05554686600973676,0.08671832762075678
0.04349465826198309,0.13828662466570166,0.08140665758034023,0.23961972049324257,0.19468560883768513,0.12327194665890158,0.12149443547868459,0.02682697270292796,0.030913375320533093
0.03541338023185018,0.08097116183105357,0.13458161418175396,0.1279572618585694,0.14561539887001737,0.11974259081305633,0.144529474387867,0.08596465930643706,0.12522445851939512
0.2215696269699502,0.08222548598967164,0.114097693389228,0.12224264529733202,0.2954461831141846,0.03584332371125967,0.08116524590778533,0.045859440300884256,0.0015503553197043732
0.5253134340959513,0.08365105683419007,0.07181939849104994,0.07244021558927217,0.0528556552324686,0.02745758678371052,0.08190029847916357,0.024356557027155733,0.060205797467038004
0.017045570126564904,0.09224678219072723,0.10200433266280272,0.1674040948082868,0.09078178770541746,0.1507554811882485,0.16338384035836997,0.04968661417731893,0.16669149678226355
0.011853732127097496,0.08324436732784148,0.1342011733968296,0.14910113317707394,0.2200071861065264,0.1219213027567005,0.15536325147606045,0.03501452116180134,0.08929333247006872
0.03397018574462632,0.1014892444780942,0.07582382986229519,0.14904329180154416,0.3321284379901837,0.06983144853009947,0.12262691946600351,0.03299057915812796,0.08209606296902555
0.0115602924659999,0.09402019248777328,0.16761209475464575,0.111804783032652,0.2323272350279403,0.14827886730849607,0.1475833519339314,0.0698078228521022,0.017005360136459115
0.07181792885009754,0.0975730952995389,0.1744739175157277,0.15752640718833935,0.20957201246948473,0.09948908798747726,0.13780287383993475,0.022251523684159585,0.029493153165240236
0.026352560151453392,0.06664828467950668,0.11881731032464443,0.05157376000930958,0.040170828803754326,0.10191608978344857,0.0777219133307148,0.03760196202147909,0.47919729089568913
0.02240595707231652,0.0933799077410392,0.11675264671795553,0.14621016425803998,0.3197060438801442,0.06403456183689078,0.11649007092367968,0.11501951510070339,0.006001132469230781
0.08201985968448806,0.11596990855384166,0.15176762885841252,0.1404554589990483,0.26665730943845406,0.08063782455343327,0.09977491463040826,0.04587779369613402,0.016839301585779818
0.04549886692750917,0.09206901520131124,0.08127407067384362,0.13239446169928862,0.044347475257000946,0.14584630807696375,0.12898375447823662,0.03133908783748146,0.29824695984836463
0.14430577518319504,0.1280862268419094,0.14531569699224686,0.1207376335032595,0.11750617935041097,0.11793391118235615,0.12070718810084809,0.0727524300978484,0.03265495874792556
0.08913335045821669,0.09234938637568975,0.07801642927977791,0.15280583394037087,0.08764711440270258,0.10428991677470346,0.11190888065083238,0.20216286902994843,0.08168621908775796
0.022737169945466384,0.06881767412235107,0.09493992456854307,0.18539866868358681,0.3414501983917249,0.06913255411771986,0.13335140946361745,0.05166171004839142,0.032510690658598934
0.092961503313595,0.09168108008227843,0.08268225986657836,0.0618317174060336,0.0344747115636301,0.09630461536067146,0.0972831751304437,0.1492763824666649,0.2935045548101045
0.03281805402085385,0.11159772918300485,0.07524382955407198,0.2011619145526609,0.15513299178080897,0.08683044963634007,0.160199206373526,0.13672094196284346,0.04029488293588986
0.012539164447865786,0.09373687431898803,0.17366122075198928,0.11113543396122715,0.1409448906549147,0.13163827234007644,0.10295654923130361,0.020315406087666698,0.21307218820596838
0.042532424459193426,0.06922217041773161,0.15309526235576884,0.07131060279610747,0.2937744824725031,0.07702892772976104,0.09310335985454103,0.1465261579353774,0.053406611979016076
0.17158901100401677,0.09153072141685174,0.08357172760005022,0.0923207487469297,0.07356566167056562,0.06319030406665695,0.10039667617054604,0.05004175816052284,0.2737933911638601
0.05722259598894658,0.13312195056097947,0.15068531239558206,0.10116226651298314,0.09064501492756444,0.14320929823007775,0.13329346269752165,0.12245408687422456,0.06820601181212038
0.08022790899703057,0.12266900607310267,0.10680256936952355,0.12795434061047045,0.07755470027064064,0.12292028389241776,0.1503623190914228,0.05911889694002953,0.15238997475536206
0.04769451683208612,0.10128441791999816,0.09484375144224955,0.13404781193645487,0.06317230735691509,0.13119234177149042,0.12111417335756332,0.06648260812586819,0.24016807125737424
0.09388269972062925,0.11995428060474872,0.06719543663500872,0.2094302558118478,0.032545900626531864,0.13122221870758047,0.11642976037246987,0.1295919373444603,0.09974751017672297
0.06586706441977087,0.1063345900955676,0.17024704938977017,0.17135998365289537,0.2167732969547489,0.10526403393971488,0.12317252729599022,0.03663544743065982,0.004346006820882147
0.0016823888104835693,0.0368981398317928,0.1469164688586536,0.04452378208485464,0.2429043201645743,0.17919854573087024,0.10349614504782893,0.23535712992075272,0.009023079550189187
0.13678007248733107,0.14296980328164932,0.15565555091279934,0.12281847258841437,0.2147792184172025,0.07531330513214228,0.10799111434732679,0.028877578856446224,0.014814883976688118
0.027916335510822676,0.09104396354798955,0.06789008745444251,0.16252811449436483,0.30941630019514604,0.0653486742206054,0.12755636941495746,0.0877999434197408,0.06050021174193063
0.0412815693301827,0.12418490354678353,0.08436469239595923,0.20775471604708487,0.08202774169227926,0.20054612899066457,0.10683493817723407,0.10986567277845184,0.04313963704135987
0.07547023291635295,0.12599392414469254,0.1664869105392244,0.12047582779072695,0.09735103923919157,0.13718268520016516,0.12457828363688195,0.12455361719203721,0.027907479340727247
0.0039437933887264565,0.10767896116542436,0.21149366513346138,0.03994397441220416,0.27064938465058197,0.11298963312964837,0.03761228078962971,0.0013139018730754428,0.21437440545724806
0.013956596044410794,0.10022317316338654,0.10828286369219926,0.20588435557385368,0.19875930719991186,0.12359718527755746,0.1251912128918382,0.11075657601970552,0.01334873013713664
0.020158118291257632,0.07407626486441017,0.12927062355631705,0.13512193697832628,0.24679051561591914,0.11018163182083511,0.14538206961463773,0.08770287353567176,0.051315965722625145
0.07042764446136159,0.16425931978257274,0.12885005459412616,0.1264032193919929,0.0879350760308714,0.14872839777075253,0.09943014539908142,0.03185208393298721,0.14211405863625418
0.032660596088015664,0.14674291667961406,0.1330245909640998,0.19239261598098287,0.09059139026689013,0.16248899621021798,0.14438536582506603,0.02978839091569266,0.06792513706942065
0.030201665008477804,0.07550641947315792,0.20206846652661878,0.11481446777178524,0.09876331726756082,0.13908919157315555,0.1490266339291246,0.10903977278967976,0.08149006566043948
0.3316632640138937,0.07203279753722845,0.1469273372321812,0.06956102283497809,0.11718265500048813,0.05453709733258444,0.08227886747291767,0.05589806389288126,0.06991889468284712
0.04389098690688307,0.15695542756180456,0.11531557852033962,0.12774431902557315,0.058419230924069136,0.19000108401050153,0.1018971102310569,0.019914762538069036,0.185861500281703
0.05919382647203178,0.12042815797946338,0.0751611329590078,0.18974496074913424,0.12309629514894636,0.10423059343288293,0.13557975978748213,0.03640206795089001,0.1561632055201613
0.216320126597474,0.0734379371477475,0.09338550363534852,0.08672018980767326,0.2945803309481904,0.03660853938824914,0.11931814796742468,0.059021852555889015,0.020607371952003437
0.0042511725590987735,0.0837599015071473,0.132042583607583,0.18558038465012572,0.33616249536354365,0.09565881317013875,0.11142863919396473,0.019164180133085438,0.03195182981531275
0.02379978076188578,0.11723046952634915,0.13022975733529837,0.188602926129159,0.15024525950738557,0.12492571095395318,0.16379490742701766,0.06402428824614043,0.037146900112810965
0.3328058673957062,0.07539001943684256,0.06779095947024823,0.11859530025446736,0.21180516307880892,0.029543567739246452,0.13161917288089045,0.020804579888042532,0.011645369855747274
0.01733295036085276,0.11119171213773976,0.19240772432431985,0.12319188800423635,0.19621285026100224,0.14365836674491173,0.1430818695341605,0.025959962142600556,0.046962676490176325
0.0924153599373055,0.12465900204750431,0.1078644833431166,0.13523753373206626,0.12157132099647538,0.10327946194270365,0.12316831787223,0.15376576027539215,0.038038759853206025
0.03351276766812825,0.0594980150530632,0.0850038188321142,0.1423418293026667,0.2815137782537425,0.07281328254088126,0.14462064640796193,0.16831472080208046,0.012381141139361484
0.050501377678808246,0.10740654355562325,0.09436944080815513,0.19537200430099863,0.1547144702928274,0.10662544245187909,0.1437828153832539,0.05656264204504652,0.09066526348340782
0.004202482385614896,0.11322955642034378,0.18830247826800095,0.054924523556236116,0.4528276826480331,0.07415425246776047,0.06110864632848268,0.0317893044908595,0.01946107343466842
0.024219818164270563,0.10581290043945292,0.08013014134824266,0.1829995648138568,0.320802607244598,0.06614322087165887,0.11503130093110762,0.005008433409883677,0.0998520127769289
0.492543148738088,0.05904647444243829,0.11142644510800559,0.0653475303457679,0.06822554044433327,0.033343189148716444,0.08977134735534438,0.02569098227728021,0.05460534214002588
0.05866723014705235,0.11387467864258959,0.07839495521998044,0.13000938559561084,0.06249327777293584,0.11097057522283756,0.1081993053694932,0.07090419923139776,0.26648639279810243
0.01681019154033984,0.11561236879395502,0.0734973632053645,0.11102598955119393,0.2454571775375659,0.08274969723893764,0.09347974331789462,0.2446209376820022,0.016746531132746403
0.2046896101411304,0.0924176452319887,0.07456757068845354,0.1457548845379572,0.11981084846307784,0.053192414135061226,0.1256530986178261,0.11411276544088585,0.06980116274361918
0.06340192316503004,0.15095993270622635,0.08035513822475432,0.18570027747215076,0.08600314006737732,0.15990729663793926,0.11468600016175352,0.08112373701243232,0.07786255455233618
0.06744785430575621,0.10743822000964846,0.09292967227279599,0.19854648237426184,0.06724438450265686,0.15911151062980647,0.12086358443835016,0.14709645522899217,0.039321836237731826
0.006339555821004451,0.10184811979759882,0.10227444999665376,0.10525909464222094,0.3803997122991674,0.09280112718372736,0.10114138145706246,0.06848621841015717,0.041450340392407664
0.04231925264407329,0.11190495506250098,0.146521329635988,0.14122039236724526,0.1994289363517712,0.10622415692026092,0.13207605801119127,0.05327199913021391,0.06703291987675525
0.05029947486645484,0.09811020889054019,0.10473924170258875,0.16107102081673422,0.11041617642383526,0.14428677179734614,0.12305194806316276,0.13169263669017214,0.07633252074916579
