0.13580651654200573,0.21050282167469103,0.10994396927999933,0.048850116300428535,0.09089037902288359,0.10138515429881569,0.11399668446820667,0.09394335783644148,0.09468100057652801
0.13496951977511576,0.06232645996179289,0.11435662003007648,0.08935127746964781,0.10445775094942161,0.08844222511287854,0.11717053623109008,0.15216940345332872,0.13675620701664803
0.28198378270917196,0.07844676531399432,0.11005353114724405,0.030772788601543324,0.06793259683617292,0.09455712204883886,0.14382169853058233,0.08835519961229897,0.1040765152001533
0.13341015000324338,0.04650603464665237,0.10654039054163751,0.03527894024637399,0.17295977463153647,0.127414267692788,0.1177109274949576,0.13829387944700064,0.12188563529581004
0.16302530074257293,0.0767623202526405,0.11067431933224793,0.1173132334519585,0.07959833911495504,0.10259439786474578,0.11555552239685035,0.11600068647948286,0.11847588036454604
0.09858067974673151,0.10420510203880824,0.11466979783698157,0.1381983232401231,0.042173021824628266,0.11158326918846401,0.13114926286559142,0.12453686949697403,0.1349036737616979
0.2543476916786872,0.04930948993169639,0.09967871106101761,0.028170951451956947,0.1526979599001736,0.09648718548047082,0.11824372954261118,0.10043785519610876,0.1006264257572775
0.18960818139304148,0.11697855817921743,0.1173327742374848,0.03685610051552265,0.09869883636520782,0.10383381003903384,0.1221554260033584,0.09893252233055445,0.11560379093657906
0.10344636845945542,0.1895932556060046,0.10635640769856812,0.05741200404394725,0.14064744645787797,0.13763019515105626,0.1007664681820103,0.07569611387576583,0.08845174052531422
0.18492996448010315,0.039024409991919085,0.10697744567225559,0.0670155388060074,0.22567140652146098,0.09027939811753816,0.08589864569305146,0.1024546947539956,0.09774849596366858
0.18705164478617672,0.12515816177411168,0.10976961194347502,0.05238208425930283,0.12692865101195502,0.0995343805593914,0.11004952184602812,0.08869878284038651,0.10042716097917277
0.09126729051836839,0.06991114439664388,0.12296570241802961,0.21353081475118385,0.09552495817800767,0.08358899905338851,0.10938426454915538,0.09960219595957037,0.11422463017565236
0.11186527260772833,0.13442474202250265,0.10147128189184751,0.026611493961401108,0.12773614352612647,0.15504589860094656,0.10221293324734763,0.1313327547806877,0.10929947936141204
0.14871860323459435,0.11349663083535866,0.10755937991685073,0.2225951459297176,0.03928428403707158,0.07737993682065576,0.10965573994373684,0.07896814252628719,0.10234213675572724
0.08224627490297312,0.2382671573014253,0.1043069090697883,0.05945040083821559,0.10025940089293738,0.09302224409474458,0.10952220477313838,0.11688783051192957,0.09603757761484781
0.09171730841538223,0.07480466748045872,0.08220177098331026,0.018164315165121438,0.05992869438615111,0.20133162407990612,0.12791460854153713,0.20304904956159162,0.1408879613865414
0.1642131725996566,0.06346731173194883,0.10841322821566966,0.04548136104099998,0.1902395284367581,0.12762011747313506,0.10374602365606334,0.09547321976178863,0.10134603708397989
0.0777800451698561,0.05568336945485677,0.09960799470443323,0.03093493843017814,0.2553487490549243,0.07883916850765682,0.09777020302644616,0.18264606438663375,0.12138946726501476
0.16601137909511646,0.08113673424259711,0.11056609082720785,0.04605354706999415,0.15590827063859014,0.10333453294960597,0.11586429647880636,0.11402066650053405,0.10710448219754798
0.05928520184852401,0.07664629190071842,0.11755326804647959,0.09132552381552182,0.21614553386285154,0.1341027028884423,0.09975858203450565,0.09834416807123934,0.10683872753171736
0.05922174262941649,0.13889537995885562,0.11433673770276809,0.04053242983596534,0.16359660289279718,0.10970996650984362,0.08514693548904528,0.17232933421963112,0.1162308707616772
0.23317065522398592,0.12864525389871054,0.09819502650618857,0.028621323578198164,0.0656042481233762,0.11033426694237337,0.146071638694269,0.09354651769913878,0.09581106933375948
0.1365261143230018,0.09612422495345764,0.10510489497088306,0.15139158174842107,0.16141786888938017,0.08803847719511536,0.08190154142764601,0.0890960689238835,0.0903992275682113
0.1471827969319253,0.07998554020793762,0.10590386652771788,0.1573350554418119,0.10051846356636414,0.07788473210928444,0.09950202034938127,0.11985422073986131,0.11183330412571613
0.19166534179114705,0.05652102377890542,0.10778079584205232,0.12599259485535894,0.024756966781991335,0.12040146544346049,0.13842359320775346,0.10977149585797132,0.12468672244135966
0.13160126776041484,0.20727331952961717,0.10627992051236641,0.026316467786705922,0.12018215457168414,0.10580854579229726,0.11789221032360526,0.08304429355188851,0.10160182017142046
0.08381563369735585,0.13619422127706554,0.10243073376963903,0.19463597218555992,0.04532760535868773,0.12193511796830932,0.11374329478715366,0.10168813000993253,0.10022929094629636
0.10237430370226804,0.13057960523016787,0.12143108773528048,0.1376769388735585,0.1314503245495776,0.08599343704224365,0.09872820234946168,0.08806228561803515,0.10370381489940704
0.12597205948609455,0.14405885611110006,0.12497172382652405,0.08078278688574729,0.11120169259703457,0.1303916047184548,0.11138276704776556,0.07449559602291692,0.0967429133043623
0.13639567777848993,0.09311902874086796,0.10531159336700892,0.08662543795786953,0.13084207075581075,0.08689923971082016,0.11023271373691784,0.1365295130263435,0.11404472492587121
0.21580217385318964,0.05000414234043488,0.10382486940210628,0.06774659704806611,0.19143473493685959,0.0840800195253742,0.08468907363293506,0.10160087880588742,0.10081751045514688
0.20458481354072677,0.0811970176824435,0.10457319289500396,0.02819452898234666,0.21295704881223412,0.08348332437926304,0.09518158354434114,0.09777717160554944,0.09205131855809134
0.17746643314075664,0.04962006825399836,0.1140257737438111,0.04675663694476071,0.08419970716034932,0.11042582940995634,0.1319903453993122,0.15909898136138567,0.12641622458566967
0.06853694037186647,0.0899597723223221,0.11396958352003406,0.19307566942232554,0.0987096814014296,0.0925883787190349,0.10439588168824682,0.12599484634979077,0.11276924620494967
0.12485722137126702,0.18952188610020373,0.11219184996136461,0.06796558859025319,0.14866172242281867,0.09068052979678486,0.09487920624252404,0.08353683029607056,0.0877051652187132
0.16911226797492263,0.06329330774751334,0.11152870546764965,0.10903624710719989,0.08740466977896766,0.09785197235848958,0.11833236135565102,0.12167597924473163,0.12176448896487456
0.22569994303383592,0.10790136318820258,0.1058418928628545,0.0514225934679341,0.03951157669826818,0.1043342931618298,0.13449538072368153,0.12216447719869022,0.10862847966470317
0.13867468594460305,0.05517963267539621,0.12520322413654747,0.0724425677813256,0.17141747635416235,0.07947000134005489,0.11814185755490014,0.10890000434604791,0.13057054986696237
0.07340217210850386,0.3337315552491587,0.08904508149341867,0.035173161705230584,0.06503719102962244,0.11178538590734084,0.11750337789355325,0.0893609466639085,0.08496112794926315
0.20347183497477697,0.03305174006722337,0.10094802333806645,0.02364092247683373,0.1957094136059021,0.08557224839116767,0.0985969810654031,0.143596703922745,0.11541213215788154
0.0891600669495748,0.08710216901936178,0.14857304290196516,0.048419510704619195,0.29528907811533683,0.07516057378572939,0.08996376483961442,0.07158856902523039,0.09474322465856803
0.08688923566763196,0.1134475011617993,0.13017032061505934,0.0946474724289868,0.11182258128214671,0.0894283380480448,0.12670417633949807,0.12093505798358695,0.125955316473246
0.18155601199643523,0.08633596799605936,0.10189061536371193,0.021026152275331157,0.20119828374825022,0.09098588760750954,0.11727946071705643,0.09679017341361618,0.10293744688202994
0.09483286212705934,0.35011442263279746,0.09404120721495131,0.018179767602509982,0.04667001782699758,0.11001574361839593,0.11607261373409349,0.08793051586237129,0.08214284938082368
0.19298689163191043,0.1238892186076303,0.1047080589659919,0.09170465084708494,0.03853079099410683,0.09594075183656055,0.14208835705178346,0.0982811082244543,0.11187017184047726
0.13540059416133457,0.10895098279456013,0.11747602795050453,0.05894451289013484,0.22737137924054363,0.08280353663669124,0.09282369394806132,0.08062945632816781,0.09559981605000197
0.12573699033467792,0.09383532537370469,0.1086432664912328,0.08032802902681224,0.08854955530650734,0.12039240043283937,0.13095645843931927,0.13350735449048065,0.11805062010442569
0.10643102439894787,0.09534746682631773,0.11903790737185953,0.06967208696235767,0.09083186323833707,0.09727389042613836,0.13582872540537563,0.14936989633316924,0.1362071390374969
0.2012195823256878,0.07719025821228381,0.10895995593932768,0.11330495905488086,0.052139708477191994,0.08551636446552317,0.12118093761632331,0.11711252162345036,0.12337571228533105
0.10296717552857741,0.2575853899127812,0.09583980629274132,0.03487940220518617,0.08720650320437927,0.11948822526866372,0.11014897209546815,0.10067745228938789,0.09120707320281485
0.09333728812333247,0.047113652876220186,0.12908125508347448,0.15140543600682455,0.11467599881008587,0.12173076579021352,0.11329203866810515,0.10016891097541697,0.12919465366632682
0.09419409298228848,0.059887295057801805,0.10457175544188296,0.2643058572146602,0.05720021220626376,0.10005894579634222,0.09924896884708682,0.10994463837861716,0.11058823407505652
0.0859074080408153,0.10588366366980735,0.10472720645627102,0.08414424238519198,0.058114090470649214,0.11352049443932381,0.12246130583984566,0.18530723465551402,0.13993435404258162
0.23339040130509817,0.044995697671135676,0.11517665838463749,0.10048251700572643,0.024021277383226305,0.1108134449725283,0.1456038981909532,0.11239791151971783,0.11311819356697665
0.12804102734443007,0.08332960078641233,0.10334157458607045,0.045412124125259946,0.14085626326813783,0.09914945474319274,0.11563784137815893,0.16231315876397137,0.12191895500436634
0.09196496451504964,0.07640218146140063,0.10820677346653174,0.09029120109973858,0.12540517782170826,0.13424031981417459,0.10478275495945855,0.1480921336472628,0.12061449321467532
0.07273300927436001,0.1339628179144143,0.11651060987342056,0.1613794571941645,0.14275869876402522,0.09114753764213179,0.10394029979359716,0.07991216462240291,0.09765540492148357
0.21804825679196302,0.08789505023632295,0.09695202748410836,0.01897496201790134,0.12321239640086178,0.1120566858975211,0.15813381757658254,0.08881581924166916,0.09591098435306979
0.11810140900640494,0.15845109937335092,0.10441447481797646,0.03939582795637558,0.1256911750064714,0.10194673123607877,0.12858017454856155,0.11633765702345689,0.1070814510313235
0.2115841476074373,0.0409347676872479,0.10459206426639499,0.10055256783147727,0.09091140334163866,0.09673303596713684,0.10396906834026814,0.13478831679120087,0.11593462816719809
0.0642953299691493,0.0372433192996839,0.11666355015303236,0.15999916985840432,0.09847191429341028,0.16577947314135663,0.08877424718578264,0.1394837715756222,0.12928922452355845
0.0686403527237421,0.09712239893141388,0.10794604830357973,0.09106666695141918,0.23443170601381577,0.08926135113675675,0.09340607726335821,0.11895162624542084,0.09917377243049354
0.22867957866348024,0.12613995057650065,0.10676392838614697,0.04797832618576539,0.1255384243322293,0.08480451733460526,0.1038389818982536,0.08250772979084227,0.09374856283217632
0.09941430856509886,0.094560496076254,0.11858898513738265,0.1864746571024184,0.057708968718136834,0.09656469645503428,0.11823803226502243,0.10525257509790996,0.12319728058274267
0.21732105424045703,0.051175526143679435,0.12645355757691448,0.03962266857915053,0.12299050026745988,0.09892889549752852,0.13075310494542,0.09418875986824381,0.11856593288114625
0.24894387605680426,0.14227146500481813,0.10283675923401829,0.04203459867521395,0.08916680005901235,0.08812018068097667,0.10192025289417646,0.09650242968130886,0.0882036377136709
0.201774278485256,0.08222433178285385,0.10166698317526568,0.059721231200601854,0.20134620529313785,0.08644696592776292,0.08801521797951926,0.09103009382336778,0.08777469233223478
0.17169771925427177,0.06203996220623604,0.10699231648480394,0.03210126220666681,0.1742989972169675,0.09105423076274936,0.10712528734449135,0.1423202830182216,0.11236994150559161
0.1266767011764162,0.040853430215652284,0.1227229369269972,0.14020664146286058,0.12171123128773215,0.09080578804459709,0.11155290167696874,0.11719736356371678,0.12827300564505897
0.14554520496805678,0.044912424327287113,0.09754393398369408,0.2287511721384922,0.12659245137691802,0.10830345921942956,0.0786723801686516,0.08110173934293997,0.0885772344745307
0.07595058743974223,0.032948951160441074,0.11234074978601254,0.11807298647330544,0.038765043296317095,0.18696947441138367,0.10270229274563987,0.1528313883257831,0.1794185263613749
0.1305052056593294,0.07205501054296755,0.10291900517512875,0.04941803573694326,0.21389342374403672,0.09624144139416357,0.10202991284916152,0.13099550261000995,0.10194246228825919
0.204642880224262,0.15277881043470137,0.10605096693500077,0.03740311419276038,0.11018831850742832,0.11770235680294122,0.11301214832405766,0.07135130467298888,0.08687009990585946
0.1698898229315512,0.13367030659672022,0.10118884371208765,0.05855188417406291,0.19080959044193072,0.08100156358533066,0.08287522166423217,0.0905951221922376,0.09141764470184684
0.07870714030341151,0.13592924635589695,0.11345926608443191,0.115881035569583,0.054322297662671576,0.20544386529323214,0.10690970104591864,0.09279087523332452,0.09655657245152982
0.08817946655784624,0.09786572437553441,0.11516322843359028,0.15323412548982934,0.07744854899976969,0.09490471888212294,0.10667871469785455,0.14143070316966863,0.12509476939378394
0.19559254522648942,0.06796697746601972,0.1111557498106484,0.09199866706807082,0.12690070424478853,0.09561112280153398,0.10846147798352042,0.09415628902825053,0.10815646637067818
0.12944738876219994,0.06463809196950729,0.10090193992405859,0.021704468346220095,0.2764032544036879,0.08113602835010664,0.09863570878799303,0.12786520797245182,0.09926791148377478
0.10714451820985584,0.0754145195740134,0.10521017373982973,0.08417600421541253,0.05884983782163902,0.1267206479623125,0.12391009734120884,0.17679129982986677,0.1417829013058614
0.08712936942756638,0.14754200120971298,0.1017800603880792,0.03171507285406788,0.12724864860040075,0.16029309297091276,0.11505976611998554,0.12530469013475262,0.1039272982945219
0.11268819609160186,0.08287468401903596,0.1026709832036395,0.1925180277215206,0.10167248630015048,0.10525968162016007,0.09429348051325674,0.1086472163225773,0.09937524420805736
0.08667562565779091,0.3220624562627305,0.09366938101820986,0.0236188898856951,0.07359209541472868,0.09767140932321257,0.11794193519169675,0.0976269241881419,0.08714128305779374
0.20194223937839284,0.05012140906772684,0.10718096382561153,0.042648844596386064,0.1888444228419948,0.096032837901856,0.09823756138106775,0.11253862466035351,0.1024530963466106
0.12856924807161962,0.1475521516376641,0.11367506754276994,0.060938753251095955,0.05622652692753053,0.10430342448022671,0.15787946376556264,0.1048251654654004,0.12603019885813013
0.07416585558761603,0.07642772141624965,0.10939458044046307,0.10519081756572142,0.21039820679954166,0.12827945812567024,0.09029149121947912,0.10836544414784144,0.09748642469741732
0.12088741972743965,0.18858915673218926,0.12524894008496879,0.07798769430370989,0.07198866574710697,0.1042089131805985,0.12789516701310433,0.08206389608344904,0.10113014712743355
0.12442672805380561,0.21535407529186046,0.11059303082860188,0.05989915527340437,0.08743949189662427,0.10311803949551711,0.11567581223593425,0.09110394091859046,0.09238972600566155
0.1541750468060696,0.036960098272597504,0.13248230657384394,0.20374358831609404,0.04442490557206404,0.10930516108143336,0.12489526486934817,0.06642778242365216,0.12758584608489715
0.08811855612081813,0.07907165835477048,0.10986651742195358,0.3149421759809026,0.0792334451202566,0.07827992262295248,0.08333508791049889,0.07836928507674908,0.08878335139109823
0.1699123810248101,0.08403369848084402,0.12259932890370051,0.029249742748014614,0.18555991371463287,0.07858345807543825,0.1016197654150575,0.10814511278111534,0.12029659885638676
0.12364203057997257,0.09724699111913586,0.13271506652538348,0.0530961303514176,0.033500727628782374,0.22686850480569212,0.1468115084213599,0.06857152437143656,0.11754751619681951
0.12777483483732516,0.09530934416376456,0.10699682108852944,0.03274202089717873,0.23678759440059796,0.09780455609226195,0.09312047459703293,0.11232399520291174,0.09714035872039757
0.09125380131243889,0.1456083315072232,0.10033296020686178,0.030471159475800477,0.045219726918853,0.12938884371529866,0.14036560841569498,0.18061971632667093,0.13673985212115816
0.15627862595175104,0.0254442439215195,0.10098594573793919,0.15376486852094937,0.19551384948456543,0.07445686545564813,0.07306753984810715,0.12036434997715874,0.1001237111023614
0.1595496781213661,0.13004072513732956,0.11678923698994814,0.11205681952213613,0.1490756770713858,0.08483378755790905,0.09223733254895006,0.0680386481159168,0.08737809493505834
0.07547020701802575,0.056684564423679036,0.11323867335572625,0.06459889048568919,0.2833254773381219,0.0843742297502103,0.09409664773546889,0.11906975947478138,0.1091415504182973
0.26325100720580813,0.0428841585233266,0.10419469831622485,0.09561953442670314,0.0437508389032703,0.08940092971928361,0.11986018225077189,0.12650218962265122,0.11453646103196018
0.22892966735003725,0.09825398062627848,0.11104119286853621,0.10903829928612419,0.11481056462253171,0.09269055905564226,0.08610691863587065,0.07962584627893603,0.07950297127604321
0.21653738058387395,0.06448137459024471,0.1008798423475254,0.024425249167374753,0.08446393567554104,0.11408736377539218,0.14329997823084759,0.1254370886403471,0.12638778698885336
0.08716672629058386,0.04925321932067434,0.10556900371766491,0.04279482442143682,0.06882538223956074,0.16581461538491427,0.1119834809969612,0.2006217686304025,0.16797097899780133
0.20139657832548696,0.05332171503823565,0.0986622157250941,0.02200032743602914,0.2597649698506374,0.08327331833156797,0.08442629834328902,0.10708802765272539,0.09006654929693425
0.16250107675503078,0.0797368958752573,0.10909750445189531,0.08116756801423519,0.13471387667602394,0.12903874057634176,0.108868293943773,0.09257914466069604,0.10229689904674676
0.18484175912825726,0.04683192562670516,0.11411659136500447,0.08065258599869125,0.0687757878944114,0.10114300141061228,0.13095026475597532,0.13227488809449706,0.14041319572584576
0.12624757179802013,0.05002579760049223,0.10208340963108249,0.07421045995707046,0.29419667893741436,0.08323238594706413,0.07986985751666399,0.09895522003465303,0.09117861857753924
0.07239170178398951,0.0723843663069381,0.12255908408224929,0.17731822694932342,0.20457687901249377,0.09566541818939422,0.08327952072083401,0.07701598898038474,0.09480881397439296
0.20303959728665755,0.07906466413370902,0.10893117313753657,0.04304557407269515,0.15184233382728,0.08830284214143354,0.11933147609797425,0.09604671706010375,0.11039562224261013
0.17044560467295308,0.09928504175524457,0.11533098224484,0.10931798643340913,0.08450489059918687,0.08782783856591243,0.1205818860614221,0.10091052612881964,0.11179524353821217
0.1043143872400239,0.060919760531038814,0.11675462258385495,0.1976765825947321,0.08736414786549819,0.08785933663273053,0.10832129721608857,0.11481229419332427,0.12197757114270869
0.07430374823329366,0.08252927464314662,0.11412303576796855,0.257338172507005,0.050528892999621634,0.08477039496187011,0.10890107359227623,0.11175140705881009,0.11575400023600806
0.10431031486592295,0.11369135168783402,0.11609322363120929,0.11356407778685484,0.1484195378714541,0.08518085812391356,0.10281811337871812,0.10750306038624281,0.10841946226785033
0.06265804052104833,0.121764407184991,0.11327446019718673,0.1467985966154085,0.1179302216669506,0.09068667279437727,0.11085012451992617,0.12605301415092038,0.10998446234919107
0.10406702147283124,0.10103205592962793,0.11172301959653592,0.07648416683280655,0.0983284703362469,0.09624259751105486,0.12374985785574638,0.15474095018160572,0.13363186028354446
0.16620915403292966,0.14149152262322343,0.11329715301993244,0.05529135182404287,0.059111155485357225,0.11115965462052589,0.1376392262354368,0.11241903242543233,0.10338174973311942
0.14697985351653742,0.09441714652947848,0.12122153240109634,0.09231348299634158,0.1004936027211818,0.09719493437231175,0.12729868335256922,0.10245012271965877,0.11763064139082459
0.05884586976124687,0.0525183750791424,0.1213467087938563,0.15835578817187804,0.14578246788720647,0.12060007829277802,0.09356251820422855,0.13123664706190621,0.1177515467477571
0.2116468107183467,0.10596087264944704,0.10689805303056095,0.018388812666369648,0.16128124818525222,0.09170446320498372,0.11132864099575544,0.09507582659945091,0.09771527194983327
0.07564426314630683,0.26582338308154796,0.09682198020568111,0.021273883633758317,0.13024795850765591,0.15132560858161148,0.09491564244084787,0.08427155156830024,0.07967572883429025
0.10935252531159934,0.1141095012380815,0.1113129538159053,0.14883050347024418,0.12086470964442468,0.08550229942121601,0.099526128942434,0.10442388049141486,0.10607749766468018
0.1466132194126285,0.09231798975504252,0.10197384319595874,0.0605503938133404,0.25111202794299226,0.08129027663027391,0.07964173384372135,0.0970489805878637,0.08945153481817862
0.053257069251441885,0.09487266308292873,0.0953813553547183,0.4366639788936613,0.030346667830815206,0.09682511685993662,0.07665889967359467,0.04975183794471467,0.06624241110818863
0.1330187867790339,0.03105326956276185,0.09700290123703185,0.13515264020611897,0.2051742921407671,0.08808133100165245,0.07498619418024245,0.1352515385126043,0.10027904637978712
0.08895914346861811,0.26778441623162846,0.10643787287656774,0.04088879551852668,0.11532771678912268,0.09627948402419295,0.10605171597827732,0.0888099913190258,0.08946086379404021
0.10067817194056146,0.07230424542077755,0.11502388660532926,0.039137637120672954,0.20571397805943925,0.1150130775869219,0.11266884836678444,0.1253062485414264,0.11415390635808668
0.06792853278553841,0.17833482219016497,0.11416570858776766,0.14465662372664237,0.05001300610113741,0.09743757020647946,0.12767385750130528,0.11058645231094683,0.10920342659001768
0.1515033269844416,0.06765934816408418,0.1039226161466729,0.0478866612485929,0.16240881018700729,0.10380961649928301,0.10759491926755711,0.13974652135306317,0.11546818014929779
0.07795506080234381,0.07567078434850173,0.11244539390059267,0.1151774019536476,0.12078664526657779,0.14222417959497824,0.10115103631800082,0.13529052334185013,0.1192989744735072
0.08198247198004628,0.06767242605165316,0.09690065427506485,0.058488496936895874,0.03911950154864801,0.16225305968638035,0.13029191253207115,0.20345883979602,0.15983263719322033
0.08159097502114543,0.15211845398615562,0.11200447280189406,0.1313948161550935,0.1724513621496829,0.07996371597210662,0.0944800757051113,0.08397276986143039,0.09202335834738012
0.12377377237292457,0.22655634060467725,0.0946142032829526,0.011899558948706182,0.20804115475213533,0.11218965285530709,0.07721495713376429,0.07512358984754736,0.07058677020198535
0.16737814195064252,0.09169134157707354,0.0939553288626314,0.0255693356566306,0.28867293100385444,0.09395817484985512,0.08209730989612446,0.07596401001693721,0.08071342618625067
0.11595085150037054,0.2035542735948268,0.11222922509441041,0.03141041249847724,0.1425814137878427,0.09853945793171981,0.11467471219941099,0.08662689795087625,0.09443275544206531
0.08962163965607484,0.07095565547356757,0.11473804330458448,0.30390809976864075,0.08354611734256391,0.07435760009760826,0.08878889523806438,0.07849825445690868,0.09558569466198714
0.14199843074612747,0.09374362420966982,0.11469452790637484,0.13319592466860203,0.08898322387968044,0.09173307398097152,0.11895791780538782,0.1010728345467688,0.11562044225641725
0.08263410155881555,0.062141311883002405,0.1250954825808903,0.10173170658120811,0.15913848221955015,0.08798492208600976,0.1075973774325818,0.14393097209194936,0.1297456435659926
0.257796136725496,0.0699699042713927,0.10459177851249479,0.04923390601027567,0.12415042996867176,0.09525783217905005,0.10544444866065798,0.0936026437295401,0.09995291994242095
0.1037867802359516,0.03971512284099785,0.1626739867626439,0.23467988019511532,0.024621553593797668,0.07652051043624533,0.13903670650272562,0.08735924069701541,0.13160621873550735
0.11213701637917502,0.11205753653087813,0.10692182070797183,0.03768961313877927,0.2625564502579482,0.10572818986724276,0.08891987548049651,0.08709460264406414,0.08689489499344415
0.10899152870070128,0.23184777977143156,0.09648642419669422,0.03322867168492838,0.1006180268866365,0.09671965995836464,0.12012228793021958,0.11100528951354922,0.10098033135747464
0.10762715346672787,0.3967912601869357,0.09956098063662244,0.007307085236638373,0.05812230128392513,0.16544258584006677,0.058025100585448346,0.0526303655876999,0.054493167175935386
0.256553595427882,0.07527581486431435,0.10105455657063549,0.04437181748968336,0.06229951608439133,0.10348864770147026,0.13669947792177714,0.10972066031150034,0.11053591362834574
0.22932299085331662,0.06950662948443377,0.10196254891587024,0.12640527369037188,0.018189055648205138,0.08552104333354171,0.12793129304295991,0.12797533211028073,0.11318583292101995
0.2108404566256135,0.09218834237614047,0.10363949161328613,0.013215609942205267,0.20068813081441741,0.09076416603927069,0.11408144406140035,0.09091986215975212,0.0836624963679141
0.16964781376184487,0.1463838571537178,0.10033641449218232,0.027522743277723322,0.20393106864154534,0.10234186937833696,0.09317756310253965,0.07253632968089137,0.08412234051121832
0.12085006993125759,0.05353306047083801,0.10909352466185696,0.2142263036941823,0.05960458863507861,0.08685072918674253,0.10683585463233292,0.1289758239819467,0.12003004480576436
0.14466931048726608,0.08036704845247504,0.10758358074054285,0.126567445974257,0.038665317353315305,0.10576256161642306,0.1274077908068272,0.1355077297064203,0.13346921486247312
0.1022050518264148,0.09642897952006528,0.10552039259172641,0.11893124471323023,0.15934964635834406,0.1221473938887077,0.09406754037381515,0.10321287381566817,0.09813687691202815
0.10607164009638155,0.07537737938095863,0.12131750502463512,0.1434745403011937,0.07778560018251912,0.08455721295884046,0.11744398435524361,0.1424056319465053,0.13156650575372247
0.18284061438433274,0.08916743988549908,0.11135325538988745,0.10956969430551777,0.1456160893865253,0.08214105215812664,0.09687390949702424,0.08326198167588207,0.09917596331720467
0.13177663541615506,0.07778451220885622,0.11043613680869258,0.04042677113806504,0.1823784894159548,0.10692135023036342,0.1156747837244901,0.12110314078534694,0.11349818027207592
0.10680916799807194,0.04512880762563181,0.09520655008084276,0.0351037042100322,0.05479101349669668,0.15442616282070457,0.1295220205199852,0.21445574476483675,0.164556828483198
0.09316342288554862,0.09553381329193411,0.11509263536056698,0.08597696125757931,0.061495854418121686,0.09175261138839154,0.13009887758769675,0.18147377441301224,0.14541204939714877
0.19257055977828766,0.05171545948592642,0.12053279630688805,0.06261291679205083,0.06969176362818306,0.10733088647933124,0.14874701227967632,0.11876362709893008,0.1280349781507263
0.07764186281467206,0.16830366924429074,0.10865952331991013,0.15698419360473323,0.03149980951703224,0.09651854123162855,0.13823587770489223,0.10822624919069142,0.11393027337214938
0.1846075959439808,0.09026576601651465,0.1052488909976012,0.030318421128872713,0.12923450810851864,0.11708912463927519,0.11889530607264798,0.11853903312010845,0.10580135397248043
0.1594747212333317,0.06518820576177964,0.11312866264892352,0.13307306876808855,0.10301272290921108,0.09441718220001771,0.10488506130251062,0.11082979817525325,0.1159905770008839
0.12122767806394392,0.0406380829668577,0.10299877122621488,0.14047071878267522,0.13023047783342645,0.13275503134497174,0.09433600250457104,0.1279645554775818,0.10937868179975718
0.10252521218559273,0.08477902300047215,0.11807322174399044,0.17686250383575272,0.0665232199823126,0.09152141614218134,0.11762832103038884,0.11924383406249799,0.12284324801681124
0.14135018591541706,0.04735993660633183,0.11370421912843802,0.0919325964449908,0.12330799147008904,0.08687833529191125,0.110155722794774,0.14908654655375186,0.13622446579429612
0.17986024326979033,0.04047087773727035,0.09943491531681574,0.09797679231123724,0.22422244182988835,0.08262172051531304,0.07627553969402004,0.10419585415900383,0.09494161516666118
0.08378951149800007,0.11017633822097511,0.13169945055964233,0.1383161622219927,0.07500214781227883,0.09469761960280175,0.12744634508330188,0.10975827220939809,0.12911415279160932
0.1946047067649558,0.12666058277846834,0.10639192808392788,0.062033082505381996,0.03730252330887454,0.10737554262950988,0.13695919729046555,0.11791003396367168,0.11076240267474435
0.07044365739000062,0.07953160705603561,0.11431036148784912,0.17697742154184107,0.08408662934443815,0.1067190536003645,0.10552557778410805,0.14131650487357422,0.12108918692178851
0.16263146150823984,0.04443751117763445,0.09636921212452047,0.018794324723100785,0.2763086817723878,0.09703812910418748,0.09080815076419337,0.11851051058251987,0.09510201824321585
0.14136907389487932,0.09618693893411595,0.10661338207122212,0.060237004226624404,0.09919693676689949,0.0884313724655797,0.11980600310139361,0.15918090747488597,0.12897838106439946
0.11100474512640619,0.08250490523633797,0.11389242199555294,0.08822432868289685,0.09568396939278334,0.09439643860743176,0.11169293962690537,0.16169656992656375,0.14090368140512188
0.1166412409573716,0.06750729204506735,0.1056773748655485,0.13326285586432454,0.0647505944108117,0.12652068799222702,0.11426809362350411,0.14715170063034988,0.12422015961079524
0.14475486632877255,0.058835250659754916,0.10193592246024581,0.05342299238499997,0.1336528251769088,0.1173232893272083,0.10958782298986665,0.1622493951992832,0.1182376354729598
0.2118827326403704,0.08511521777780899,0.09722611559059134,0.02352344184846623,0.10070488326971927,0.10626033615704977,0.1283651757106,0.1311669969760433,0.11575510002935059
0.13725524869111946,0.09179290908088966,0.09796511168010026,0.03399250050956876,0.2702955171836484,0.08997999719433576,0.09382583007740482,0.10101172215173743,0.08388116343119545
0.09199213862690185,0.055266171517700385,0.08830397923829693,0.021126475998786726,0.05485407596772559,0.1656687691263871,0.12336304189902321,0.2296426771666228,0.16978267045855544
0.08869276945062203,0.16146311982959816,0.11316859980559484,0.06067846869740914,0.18946567468757716,0.0999823852204393,0.10607757354107385,0.08672093064613418,0.09375047812155139
0.04884414017182884,0.0832012231600341,0.12026082143754248,0.25959843861065507,0.14086879710188693,0.11778576066239088,0.08498089707748384,0.059317982520750594,0.08514193925742726
0.22338387569199356,0.0993375267250181,0.10464978129904025,0.04140460697543249,0.06844042279110045,0.10605796142158665,0.11987491577871005,0.13073019062739602,0.10612071868972252
0.16590169686054979,0.09992660135782068,0.11355592345072611,0.042512818443953125,0.18962049955958515,0.09659671452095338,0.10650480548664167,0.08305847322545752,0.10232246709431259
0.19043510834716604,0.0722873888467845,0.11084257921153079,0.10340680588081841,0.14832822251504177,0.08449253771554825,0.10246063999305725,0.08466288007624272,0.10308383741381032
0.12363694061534732,0.146352148399575,0.0986879714179682,0.05347569717714806,0.13459094289660387,0.10912900335926516,0.10612597870255643,0.12263858928179444,0.10536272814974151
0.20120370213945726,0.11875103226308648,0.1103195483920864,0.022840471206644022,0.16433801985593846,0.0965648375531824,0.09963571350893013,0.09693341496680698,0.08941326011386785
0.1648697666739831,0.13777141080516808,0.11118802809413429,0.08054826970124705,0.1121523758770313,0.11557033733371241,0.10769097010609126,0.09305361720575196,0.07715522420288051
0.16140886375794747,0.16924515485616853,0.10351623844395276,0.04103498841255763,0.10812944886152338,0.0938589627039903,0.11351848366450552,0.10967794838090011,0.0996099109184543
0.18061235841301662,0.11311898605195803,0.10366258639882632,0.03862286438425001,0.06674299760392713,0.10033521176186794,0.13559060490107502,0.14508462808276393,0.11622976240231496
0.1755472071233043,0.06534814774274363,0.11570880304923088,0.14156182275184248,0.06131821330378317,0.0898369897575163,0.12291768470277908,0.10313167557532671,0.12462945599347348
0.07284706125083988,0.06985048739512134,0.133982475771525,0.17367907247709938,0.1325235618915662,0.08797812977511144,0.10716695819329064,0.09946371916720609,0.12250853407823999
0.07591116880373595,0.12813100280677966,0.11563155682261723,0.07809178913723781,0.08951167380984691,0.10411287064374948,0.1299788418012979,0.14961125230737368,0.1290198438673613
0.1573973135980381,0.034585156264784464,0.15800775411426624,0.04035888137792661,0.1869554133022343,0.08453681529015282,0.1199935139055207,0.08481944166756022,0.13334571047951657
0.1344986631288465,0.07909153495895123,0.11689343779389368,0.04990962516805156,0.05909164072840508,0.134829032596501,0.15516618859454656,0.1332517228887554,0.13726815414204901
0.07444777188960376,0.0795897493643924,0.16002878838787835,0.08525842314004295,0.10669958811760617,0.08744835792492067,0.13102839982487713,0.12551393013432632,0.14998499121635225
0.07946213513922272,0.13090462982902804,0.11314919926310318,0.07223648787027816,0.10835768678952168,0.09291834133166472,0.11355924145151203,0.1585894574361468,0.1308228208895227
0.13941732700503429,0.13036543808489567,0.1148111176571261,0.0826606557934703,0.07478681235735814,0.09498887529957079,0.13234271820746332,0.11206613702549066,0.11856091856959079
0.09482081927134019,0.07225170536750891,0.11768900395891062,0.14079180002839412,0.15424617587356546,0.09995007193364076,0.09660977944109193,0.1138745778454523,0.10976606628009572
0.1961506822348615,0.1347534768232899,0.10265048133279131,0.06831338600787128,0.1804963527125798,0.07452115831639436,0.08857885291520746,0.06643264490895244,0.08810296474805196
0.21390262736567123,0.0822377268542469,0.07694321343422407,0.03032226853968853,0.007561996985615253,0.12161507187517318,0.11780136664379015,0.21912504784230716,0.13049068045928358
0.13620613495221173,0.08545855100150405,0.1141169926469852,0.13501346848664772,0.0980537541629163,0.10541278168073126,0.11358738766597083,0.1031345395142302,0.10901638988880269
0.08073794797640353,0.06915389978254162,0.11586486187205332,0.0893300777269737,0.14212562584966737,0.11499577182689434,0.10484950512495365,0.15571412910831126,0.1272281807322013
0.10206477572318569,0.09645647744977674,0.12096374243703238,0.11968005867084834,0.09473244297471502,0.09316533011615637,0.12470350853114792,0.12495325754460501,0.12328040655253257
0.14745233210994943,0.2259545889659352,0.10345374123861069,0.028705780117031603,0.12770218409652326,0.08887670183509493,0.1084246100946223,0.0786798642726011,0.09075019726963145
0.0746745341808167,0.08906656716621618,0.10938181235675626,0.08477523070084747,0.2190775347650896,0.08922394543278138,0.09911427761080382,0.12898905924687107,0.10569703853981759
0.13638354013269746,0.15552232613391526,0.1003159445350011,0.018560759552241537,0.1673785062635114,0.10854917903615753,0.10924275834180001,0.10411245707433676,0.09993452893033894
0.0817316984680646,0.07591142392311404,0.10949304011819609,0.09318704723938924,0.13789202824854652,0.12328339844580055,0.10007499478374192,0.16038192062222761,0.11804444815091948
0.19177866921269468,0.04533248596186564,0.09547934018324651,0.019579139327089625,0.2926093370419867,0.08068353940693417,0.07929792690119969,0.10970255937266206,0.08553700259232096
0.08682433005551699,0.09236171722644793,0.117809624092092,0.1924617198059373,0.06280808162241928,0.10993841931696306,0.11636543166445085,0.09929538875181791,0.12213528746435481
0.16996210044832782,0.07430932626858884,0.10730927375840353,0.0836110633730095,0.10100450133609488,0.09553374653746351,0.11336603256281923,0.1375162736708546,0.11738768204443813
0.1422056102791268,0.12573140705977484,0.13254603369657944,0.06377483454908846,0.12326928836031915,0.10559501330740738,0.12421200579894824,0.07854167480272146,0.10412413214603422
0.10634068953609288,0.054960294532252506,0.09273423966421991,0.01862362421512,0.36870054970898497,0.08458641341489333,0.07710538055987505,0.11419418213837318,0.08275462623018827
0.16140580305623764,0.03552417502440249,0.10303673787939784,0.1209810287055154,0.12915351496049468,0.08954645956603234,0.09548522508032076,0.1462309547290814,0.11863610099851747
0.14515400602593467,0.1109241334473714,0.11586463729141479,0.05619486994961163,0.0728194202673864,0.10638791664762287,0.14456523723322204,0.11868177161300009,0.12940800752443612
0.10237758567724553,0.05232759422884731,0.11938946585386297,0.07167045623946117,0.1849407138480462,0.08268354817145411,0.10672474909336427,0.1437675385539331,0.13611834833378536
0.1773830310659198,0.11970604400993863,0.10302368623120393,0.021581263998709726,0.21557155772773284,0.09597409571898051,0.09681394562137001,0.07900891065636288,0.09093746496978165
0.08673194266700995,0.04299745070551652,0.09232762374949467,0.042614332711792186,0.04497531901421393,0.19176016064135035,0.12693306104933844,0.21165260400871974,0.16000750545256415
0.26469044574390865,0.139536203828085,0.10608377047209726,0.0815159970421319,0.06904097918541381,0.07651725389043654,0.106974008620771,0.07019072464783681,0.08545061656931907
0.18529919795832014,0.0596453780498352,0.10830293677543322,0.0648347710157075,0.18000585860286392,0.08980923829025084,0.10038094160835065,0.10968202680155316,0.10203965089768545
0.0947056879030264,0.09491219652219472,0.11052343346295555,0.06597524958707494,0.29401257039430156,0.07366129328335468,0.08126144127497449,0.09262340037338386,0.0923247271987337
0.09856953603726824,0.05834872720985581,0.11061888072362282,0.057940601678223354,0.18017493162989417,0.08971322043904532,0.11028156418138806,0.16474755979459213,0.12960497830611012
0.1012060225736847,0.08012527605107624,0.10026903205308306,0.049668787908982014,0.19314898903631852,0.10123167487238004,0.09952392833939634,0.16279541548123708,0.11203087368384194
0.2310519037183418,0.10189577012465227,0.09325912265558896,0.018220541233369077,0.12435713525578414,0.10102302895726929,0.10983758671820078,0.12442873755983379,0.09592617377695983
0.07947565792711249,0.06338496936474554,0.11987043212880734,0.1771660272473026,0.10528957288751079,0.12233399851119292,0.11040973167710026,0.10543969082694044,0.11662991942928759
0.15513822135594627,0.16062491546088264,0.10203340011226814,0.07914302037497893,0.07563400436347824,0.08849231889910696,0.11253031907025236,0.12024109809006979,0.10616270227301676
0.17747056262866842,0.07018320006132796,0.11244831072958206,0.07881346321945164,0.046169569291550146,0.10869391643737802,0.1404871126083253,0.12859056157506166,0.13714330344865486
0.14778743503518038,0.11583933066702583,0.10541954365409249,0.10916908524030473,0.11699980261800934,0.0905079628263149,0.09886482670741749,0.10851144827890637,0.10690056497274851
0.12288508818373418,0.06688211217154762,0.10946328433599904,0.0476780534002551,0.11748045875751967,0.1005785467471013,0.12428901163434947,0.1733647824029303,0.13737866236656338
0.1641531480831737,0.02638391575114044,0.1017760306529207,0.02907415386514579,0.17014073781274988,0.09325790697709602,0.1107180585340008,0.1607181290658839,0.14377791925788871
0.05102116118279484,0.10674960283483625,0.13734951792247194,0.15782058263309962,0.20903038132060103,0.07400848868746114,0.08698392145541094,0.08020685785274557,0.09682948611057861
0.26777582858655774,0.0990770067450355,0.10267803723491087,0.05937952640089295,0.11762573909687667,0.08018027463828901,0.09418427886210838,0.08792136097537116,0.09117794745995776
