0.1255367479267804,0.061964008551334965,0.0588020930569328,0.027771375947513288,0.08557693024862924,0.4459905194557255,0.04782775997699068,0.09576976707275149,0.050760797763341685
0.13979943384181073,0.10751544830601872,0.03096784048278456,0.01652280640814249,0.07411305102293371,0.39147147049598147,0.02810877721596733,0.17318493839484772,0.03831623383151326
0.18889215080587593,0.10801873116905963,0.04176586784473787,0.057580019445361036,0.08183229350268595,0.3352726276091951,0.02170996026534899,0.11286301198496103,0.052065337372774405
0.058477913701502855,0.19184257355220846,0.07468019805081437,0.04706538788300466,0.09456815701228583,0.27295624872397395,0.13173323916853,0.0708921476196148,0.05778413428806506
0.1520082461299563,0.07393789780083089,0.05889025838595661,0.021870998037182742,0.09119815455927605,0.3144690129303497,0.05276033585262197,0.17682155424184356,0.05804354206198209
0.0640676619561487,0.04854133696863011,0.058654446124825364,0.0849838567641909,0.07270800012810727,0.4721252212846007,0.06667673515913512,0.0886121707551346,0.04363057085922728
0.02446773612045165,0.03058260223560567,0.23376429771776017,0.012118068763548933,0.08116275798880969,0.13992399118567309,0.28011278459747546,0.07672829705528299,0.12113946433539242
0.028960800745474705,0.30523521559944167,0.08970617301246625,0.26805508834492103,0.07797240026291363,0.042412212173759574,0.02778561032816013,0.04417967122233372,0.1156928283105293
0.05006409320610839,0.07278251917804616,0.11390841609115047,0.1385385271942138,0.12789113388247803,0.07166273229896962,0.12233393986419405,0.19141720102876572,0.11140143725607375
0.04255839268812733,0.0661476377193319,0.07555519053435669,0.28135820528265926,0.08428908884822929,0.1879680180634711,0.009377869904135241,0.17873795591042976,0.0740076410492594
0.13753038872847326,0.07200380087049034,0.04609496729736951,0.22643957861733158,0.07985303078664653,0.02471754889064644,0.1595735580317351,0.1702109730461665,0.08357615373114076
0.05407095514863874,0.19439529278393297,0.09400793633295529,0.31792208234608993,0.08842854585097341,0.069688863268296,0.00804966999582211,0.05084629844426963,0.12259035582902184
0.12888907871785368,0.1025455149180499,0.04195271997083644,0.10952959650341905,0.07292171048194517,0.2452653178629265,0.11919098163477915,0.09080884684896734,0.0888962330612228
0.11553782150352283,0.11252760387575046,0.072916417192472,0.0725660094156345,0.1145730720152997,0.10173080718465438,0.08133863236215629,0.19053183651428032,0.1382777999362295
0.16470489992520634,0.07735163797464473,0.03929203012466762,0.09619880946262209,0.0822805766228563,0.0939255802717784,0.017014757056753274,0.3691635906198653,0.060068117941605985
0.18386918983345876,0.11888531681986864,0.04999561951694085,0.0802662813516438,0.09484536763802931,0.11955656553927847,0.17750460241384902,0.10358655026645384,0.07149050662047728
0.3046770998031521,0.1940319331317557,0.026204196769208415,0.02902450321959442,0.07044872869294831,0.251876861654671,0.013369258067876985,0.055265412391601515,0.05510200626919153
0.028745865643589903,0.06781282804565913,0.09943721636619463,0.2768000599125242,0.1905686094708652,0.08096754792470014,0.04087132419796614,0.12815536533016528,0.08664118310833535
0.07399280030032622,0.0735553118984905,0.1283407262625913,0.05077557128175708,0.10742318961435822,0.2111098811723524,0.1305296003038473,0.09887184577536838,0.1254010733909086
0.04237567759042605,0.027434084605253692,0.20470702401343374,0.030486309694793018,0.09288968045754054,0.20808440667741576,0.12322800519376448,0.1682408735387397,0.10255393822863308
0.026967985328931837,0.03695190183952433,0.20826484268144774,0.0058848778936358695,0.07899526506689752,0.3919287077454112,0.05981901076062596,0.11774378474270975,0.07344362394081577
0.2517922358718098,0.04955855192285997,0.04153906749901471,0.03761235324883874,0.11013427572874117,0.06075472261714876,0.09923957494890107,0.2772120359319523,0.0721571822307334
0.18838224764543346,0.3339411129499609,0.0496169182714171,0.017012282939056142,0.09794708900077347,0.028030924114072736,0.07300947472847548,0.0437796884427804,0.16828026190803028
0.02133695257525864,0.07449678698063084,0.20109280036970448,0.07878463297043876,0.16891386779876094,0.0685581419453243,0.06105773635600281,0.17228337460200602,0.15347570640187322
0.12139225621821782,0.16889881814048024,0.06629747750514929,0.06219895030780583,0.1004994085952343,0.13443452333752878,0.10347646479446626,0.1808510952461118,0.06195100585500568
0.020718297706668207,0.007634529582417786,0.11778872213254175,0.014486760233657706,0.3009296102271842,0.00698631084570053,0.009647955622785948,0.0012149839866733199,0.5205928296623706
0.011624857922752732,0.011457027777187156,0.13602119483946803,0.07876143344068555,0.468328946156029,0.041577415582411285,0.033801596772674546,0.016645575274120753,0.20178195223467096
0.0014184531290805883,0.01238828560088158,0.5279084567335027,0.10101857807876635,0.08232833788414044,0.024616938583953193,0.07048379062423057,0.03842295551094151,0.14141420385450304
0.06045694005381278,0.10227931752308406,0.043011444637382636,0.257234094628859,0.08210409018868069,0.07757278536576655,0.046002231240723924,0.26580946530381677,0.06552963105787361
0.047159150074620605,0.04513381424779802,0.09809018536328488,0.07981958316940498,0.09531980175004355,0.1732597567228511,0.33402296327729425,0.06296329340338312,0.06423145199131951
0.08289587178844565,0.04780400637221196,0.07770488054164605,0.028392439116321205,0.09397294451759665,0.1952705759875606,0.022724170186426963,0.38277989402394036,0.06845521746585066
0.13482116548094794,0.11613027693668006,0.092935063265632,0.05396327868686771,0.1085204117447112,0.15735487309745447,0.04418432680689282,0.19425407946285644,0.09783652451795737
0.03615250646061416,0.08388244156850057,0.24098563196990797,0.14001701615051024,0.09799713654520198,0.15468457962205304,0.052152137141445974,0.10578297929981915,0.08834557124194699
0.0452688212903708,0.21011931362264327,0.07277784822560815,0.3422128824648221,0.0612570620374659,0.15383758130510763,0.025655106920126902,0.02950721856573088,0.05936416556812432
0.1915808763193759,0.0680914548550289,0.028925590392343426,0.04188267496343534,0.07342403428637871,0.09237550133931201,0.3233575263150953,0.13352476389438103,0.04683757763464937
0.0315241049418073,0.04493058181029436,0.31448300311327926,0.0241954329141529,0.14011953440828273,0.13718030556786562,0.07957134441082453,0.14162243703787258,0.08637325579562068
0.17880281263315503,0.08250512683210783,0.04857788269787045,0.1638477693198336,0.08499665361341162,0.21317263978795983,0.06604463569588116,0.08890879510032808,0.07314368431945242
0.27790737024240575,0.1272712334021669,0.030509734607324937,0.12892258225093492,0.08949096315093104,0.11087601011752875,0.03208227709150888,0.14682820116951753,0.05611162796768129
0.0676531560776162,0.057971281635378076,0.07611434305447112,0.16465049668643347,0.08108196649492981,0.08080490966785454,0.3377152615697887,0.07474989724667648,0.05925868756685156
0.023596708191476037,0.13536266919596943,0.10373532613446533,0.32788863000499724,0.08041066462378317,0.050293971106951024,0.06523209855020719,0.13106974779964584,0.08241018439250473
0.01624219686325446,0.02931370295238048,0.1775698809207943,0.1467815032256086,0.1124984502724146,0.08060085059342122,0.21396722971683935,0.11053815578065014,0.11248802967463689
0.04382727818694642,0.05723623566562316,0.28035122674292334,0.08697023023977497,0.11249361300340317,0.054021782553084624,0.05294071885241417,0.19054770935889273,0.12161120539693743
0.024878503524832646,0.045045038460895505,0.24942538853828697,0.1437190713029983,0.12330948740969748,0.16793425698406197,0.05074555046206917,0.07745045689098906,0.11749224642616891
0.09012429616860392,0.15256417733379657,0.031647045159994634,0.2466389167481804,0.06958021314126285,0.2235423656332419,0.007661216297786777,0.11744668673146347,0.06079508278566954
0.18378904752802105,0.1084510664974296,0.036563590746483986,0.13727321221408198,0.09489554585820636,0.23825649583182776,0.020980536402224997,0.12082247447149098,0.058968030450233196
0.09127220993968992,0.3134037310354891,0.05375270789242884,0.11038546087942036,0.09909203479816898,0.055610583357599254,0.07480794472896207,0.10618040046407229,0.09549492690416927
0.07261242161303288,0.05047404411896955,0.22395285822599076,0.056667744251238085,0.12449586978926845,0.1845248749461358,0.08494967019448561,0.07201382973032512,0.1303086871305538
0.1614694781975364,0.20827361567993508,0.061104053588978434,0.08629397690843515,0.09622630428702315,0.025783703198140617,0.0651828247662837,0.13876384628839555,0.15690219708527195
0.07977029898452317,0.06356442330862284,0.04305390169624675,0.17191631065829757,0.07976459789421118,0.3386330814873378,0.05243799893638477,0.11984149547181601,0.051017891562559904
0.04413932996696094,0.1694733602111689,0.05701826220228714,0.46252135974485187,0.06943218010811479,0.013363758927102365,0.0032963466863875084,0.04794574249186088,0.1328096596612657
0.058473584753574705,0.0725058378615459,0.1185443655667438,0.08068775851311943,0.11531012207179854,0.0903538787897676,0.09499070956272065,0.2601444544673847,0.10898928841334467
0.10246296358872488,0.30128517137772376,0.05259603738834362,0.080965600251992,0.09120032629205109,0.1592323483261149,0.048304036762975504,0.0856682988041088,0.07828521720796543
0.03881960716399782,0.13709208698286526,0.22190428098079515,0.04723761267958304,0.1133050274074423,0.07756929244349386,0.15606327392589878,0.057350058332337715,0.15065876008358606
0.2099635951181865,0.1921204885215603,0.04296802957532228,0.0654930808212373,0.09256835130636447,0.1271776121251799,0.029950798002888624,0.17290506474461587,0.06685297978464477
0.07493005827805439,0.198572596830313,0.05560563724172838,0.14471897772849476,0.07513036778733619,0.17448908790409376,0.17147486485449256,0.052578554793052214,0.05249985458243477
0.01628236067890054,0.08409917787871961,0.3239818441549424,0.12871467841124587,0.0990543574535787,0.10785259839296286,0.02469024407940182,0.10198302564495333,0.11334171330529487
0.1800703995383799,0.15519593256962744,0.03532156017431788,0.021956074025239424,0.07651232015212196,0.30401185379308093,0.03906032526432288,0.14979734549907972,0.03807418898382988
0.0077624024274983,0.06830348606514308,0.32603543788434736,0.11367181034288358,0.14021088618924452,0.028542613112949894,0.056207146586722045,0.04564696793832453,0.21361924945288668
0.07613822742445277,0.05852742616054093,0.08047897979216607,0.13233003635059506,0.11591629741720634,0.19211065425248577,0.17317432295035476,0.08266719889255339,0.08865685675964485
0.005362692951804187,0.04900985269245587,0.41395650032296943,0.1327081487495321,0.0820350914357233,0.0240813117580935,0.057073633510144016,0.061461627160261524,0.17431114141901607
0.15933082501490684,0.05737646862696533,0.06026426381314389,0.050521029472600454,0.16501589990403262,0.2165776982945292,0.06275092635782328,0.15935085345579378,0.06881203506020461
0.02214393829515186,0.04092258967913521,0.2908654409053912,0.06966735888836612,0.08818889433850613,0.17840592263377175,0.09022822558474276,0.12464451975029948,0.0949331099246355
0.044492499203055653,0.033101210426890404,0.1506841995230235,0.034888852046457204,0.1515410543227853,0.16190420828360988,0.19405581791288914,0.12823844835747705,0.10109370992381177
0.14294081030679162,0.057585415350818125,0.04734234408904747,0.026536466791915545,0.07048208175465477,0.0759697933640918,0.366229499863635,0.14442030147152615,0.06849328700751957
0.033854808663286655,0.05484284440056426,0.18566832427068036,0.07408415721337193,0.08312707580453807,0.06747126508530626,0.22944743250866564,0.11736517389635587,0.15413891815723094
0.012788312061098756,0.031700136007173724,0.19624066184125502,0.46566155401171544,0.09251701812118611,0.016919276961144897,0.0521255326010275,0.02509571425023749,0.10695179414516108
0.06213398433953751,0.12159289718579287,0.0662450530438956,0.13399835230291288,0.07924871422394757,0.18642645509826636,0.24126444516337311,0.06388042454982867,0.04520967409244545
0.005644551904309701,0.014056844245371848,0.42319188100775573,0.012657531771482954,0.07404074208287764,0.01882630931002802,0.23612181510958088,0.08291857334623172,0.13254175122236136
0.013802079681198199,0.03470739127420194,0.3940124739266951,0.019157194026067036,0.09332467259726528,0.10051032850720998,0.04152498077124854,0.19021313577577267,0.11274774344034123
0.07901344392065975,0.07825249488435153,0.07494854232138105,0.1301714180144475,0.09685338539845872,0.1266592499756074,0.04097309320169051,0.2972676211936878,0.07586075108971556
0.09485545884422686,0.08312142085613224,0.08125878844281724,0.02371741094635363,0.11199124221106738,0.275880325566957,0.16131894414478762,0.09973027336976459,0.06812613561789344
0.04947206019066531,0.04348726073027429,0.0962417023153258,0.11691363673548516,0.10187673380750502,0.39498929321097637,0.041472467257878225,0.07873048586315066,0.07681635988873928
0.08724511211436221,0.07008306161789095,0.13174612100303348,0.05616787100368429,0.11305465906289015,0.13720615683907214,0.15874957023352804,0.10239502015352077,0.14335242797201794
0.05022088251511086,0.1152009446561702,0.08770809420491425,0.16731694828708776,0.08384040469569355,0.12072178110099725,0.23439948560748972,0.035557363330933324,0.10503409560160316
0.21583366855465527,0.04031198096003971,0.03695131688106442,0.057724123227443414,0.07373666227951213,0.3002026429382983,0.13628566281597412,0.09435252024528111,0.04460142209773158
0.06816663562105053,0.10171054651421553,0.07180441154898268,0.03231941811711366,0.09446342309832695,0.14205233471015288,0.2269205161981699,0.16960170601760194,0.09296100817438589
0.17861926010467113,0.08067405907131288,0.03525776592264957,0.024775462928572856,0.08178643882913461,0.19185203075721133,0.2589073749668665,0.09824818183905877,0.04987942558052228
0.050979975583828746,0.14866393383094678,0.08372566589720286,0.2851012344586897,0.0957126367588839,0.1283989079683732,0.018807774730906238,0.11844681063783923,0.07016306013332942
0.07895994774919633,0.05175965680864594,0.048322195393344314,0.27325541916696405,0.13418675648601994,0.18474535810859297,0.010249786449347478,0.15671293864586947,0.061807941192019517
0.0708235625150516,0.10502325962274918,0.05245887961279505,0.2396539322211951,0.09127883545923328,0.08169021486738874,0.07459021558272137,0.21003146311006796,0.07444963700879768
0.07918358608620392,0.16252801215485135,0.12129320770715774,0.13410523078987432,0.11046552291951856,0.12417153817521165,0.024344664511566538,0.1641137978980248,0.07979443975759111
0.09813908407889194,0.04091804739460346,0.06439817293580508,0.1580243898868484,0.09206915420138484,0.2969097415883861,0.0775687539157925,0.10220995855608116,0.06976269744220655
0.19913954019477478,0.06300993875228385,0.04441933211373857,0.1746256188240377,0.0800418972294845,0.03856970644129744,0.03926950434982512,0.27235484199127663,0.0885696201032814
0.1599161241833367,0.24729560986071666,0.027759108112867234,0.024759161604526958,0.08565461002497583,0.12276744001854471,0.05667361675486959,0.2327280906997787,0.042446238740383606
0.014778529634663072,0.016199279016844075,0.34097097394397885,0.02185910347829638,0.13604310042923531,0.24076086964301557,0.06454206124583263,0.07269642257202857,0.09214966003610552
0.0507892951483311,0.06918567202687269,0.10962566435026348,0.23875561772940948,0.09927229334829851,0.06746717288067071,0.13215705526676225,0.12254666672125773,0.11020056252813405
0.0055073170097285845,0.005913646217637212,0.3545453067713374,0.0051532973752705736,0.17208345313742415,0.2477667877586545,0.07866080332128399,0.033496190333910235,0.0968731980747533
0.2158735586678764,0.15605389452459184,0.04938182227742327,0.02788272171394814,0.10015587463657082,0.12336049930550136,0.04183585238167917,0.2261131974727056,0.05934257901970343
0.041669007898613185,0.037128520352422194,0.2293653378002187,0.047756147577431136,0.11444094039106557,0.22408421471656245,0.04285900711745621,0.1592861186176904,0.10341070552854015
0.005179434560178739,0.018901563116465212,0.5085869016435967,0.0076132545115316684,0.07953036769886113,0.07562358089433376,0.13042540519238255,0.05283317766873539,0.12130631471391502
0.11614798305231085,0.05664635189838232,0.07540394429015436,0.08254289298515459,0.13464119966854418,0.06363531220307901,0.25118532343663624,0.1159861335600052,0.1038108589057332
0.07574208950178907,0.0912375127881142,0.1169550876532844,0.06981285079815339,0.0959250551598963,0.07461112533835262,0.15409623729139602,0.22807799330286027,0.09354204816615373
0.0029302882908424956,0.009334084515655839,0.5448221537627133,0.02755445046673601,0.101317495414333,0.05507287815654227,0.07902369493334076,0.02804128721846381,0.15190366724137253
0.3135831110414624,0.10962298266218069,0.040665282133315814,0.11685736672020001,0.09331715132990615,0.020492405033419425,0.022012972346751144,0.16480886307993503,0.11863986565282936
0.03258578434653004,0.048741870205657456,0.22708068786540533,0.03261292095460911,0.10958785164977303,0.08467858167431715,0.0921540043085528,0.23251122213033773,0.1400470768648174
0.1375279956018079,0.1814407885404794,0.03470504884911428,0.039238860061937504,0.08532491545198673,0.2400282364163214,0.0732404330388775,0.14555104422896206,0.06294267781051323
0.009392886306190751,0.0556868957246296,0.07805385850293932,0.5606427493675712,0.09799303554863521,0.024166482026208663,0.019015080499412695,0.07583986658101748,0.0792091454433951
0.1515166743920738,0.06077041616654749,0.03154057717930219,0.03287159872170899,0.07211005955353944,0.37608242301541406,0.09086063710280691,0.15451174529667655,0.029735868571930526
0.052738877470386525,0.03727494606575489,0.09708402967178464,0.04671292096839914,0.17803764873946062,0.16565673952237595,0.1085571117629925,0.1715918678947644,0.1423458579040813
0.06973646683254921,0.10232779314350073,0.06507631267649497,0.03157882040355469,0.09369889742982947,0.3394797770480514,0.14456896916592735,0.0960986346992974,0.057434328600794844
0.13349964930724487,0.33085852831139334,0.04507420925064679,0.05667501867854869,0.10009795305838014,0.054168623695512334,0.06711439170937705,0.10886898641257099,0.1036426395763258
0.049231112517475493,0.038679283730723775,0.09200598268113817,0.07463005646259928,0.09421032069236783,0.1988785002469687,0.12309625140876641,0.2556622082734766,0.07360628398648375
0.24914011735276675,0.050412568823404245,0.03264421739532005,0.038416613976634005,0.08253283190475758,0.026731601906853492,0.18625893474436558,0.24398807678653958,0.08987503710935874
0.025127078935546627,0.012640714684029454,0.22163714036956605,0.1265982421363765,0.18996685962727936,0.18629244565547687,0.11848077768443122,0.017303956552576823,0.10195278435471712
0.1519127501834204,0.11553215376958494,0.06443216232360412,0.16593571520554395,0.11195442084301883,0.05916438606608245,0.06170637604828544,0.1730504919559486,0.09631154360451126
0.10253715543728581,0.05977446818463663,0.0651125320844455,0.22554270965294196,0.08674269482390888,0.13012708770363127,0.12915743599637003,0.1304091592958477,0.07059675682093221
0.10100866946774252,0.08261540090307863,0.05012152179010609,0.17922122022704098,0.0883970946666303,0.03045152887322213,0.060345284326607046,0.3227571459035874,0.08508213384198499
0.2782242952234017,0.1150996678778669,0.029525519087410645,0.017675231370263982,0.07856918645602727,0.2718762710760863,0.028954205765636936,0.12559213043272377,0.05448349271058261
0.017894641595627214,0.04516073900946882,0.1433669754963285,0.3524775088783623,0.11741919454209748,0.031165181718835325,0.06914555291975648,0.11940844804982216,0.10396175778970157
0.021514653727507067,0.050579613966943514,0.2080972448573999,0.06725799470158794,0.08561251503470296,0.30095594337178183,0.12152887984640837,0.04237119163717281,0.10208196285649575
0.03320334919295792,0.10193605194761472,0.16882061431324305,0.17394272335301744,0.1067059426387026,0.09185673745679347,0.08056656485081079,0.060938692689658396,0.18202932355720158
0.08516291230089151,0.1542287202064124,0.04425847217395707,0.25444934175549655,0.0885379830184931,0.14854921027444745,0.028539295401200482,0.12894621592724761,0.06732784894185374
