0.17124563321066133,0.11265496062632134,0.09705299627563278,0.05467233649011973,0.125289148849461,0.11765900644525312,0.11404708019091221,0.12402044051552359,0.08335839739611489
0.22640028777224944,0.15627675660251764,0.09152036124163665,0.06872104196867637,0.10614027933670067,0.03573348545954713,0.09322680725512184,0.15085016607501897,0.07113081428853135
0.11741292173821372,0.11135085439775623,0.10592553118248282,0.06531065494494001,0.12825398187701076,0.1502971894064827,0.11235614020443069,0.1112203418864478,0.09787238436223529
0.1696698992933434,0.10951010451222758,0.1010047745134155,0.05941558308362676,0.11789263865578374,0.13157072177872198,0.10250671977520899,0.12831024443485867,0.08011931395281346
0.16527988534032284,0.14193258403351586,0.09651983827314832,0.06065104382238345,0.13334393814605103,0.07302980395589652,0.11428862545750203,0.12825516949843063,0.08669911147274922
0.1404968094488788,0.10419819243567248,0.09867395861895585,0.05616703953766555,0.12379444740203253,0.13708433112063323,0.12849690833835894,0.1136059045291316,0.097482408568671
0.11156145556941803,0.08196572150600383,0.12140515296299403,0.26363643212266297,0.0711870431530222,0.048618007132071296,0.06465755930375786,0.12338728231753444,0.11358134593253533
0.07613842022926935,0.11921709702361698,0.11974367163424876,0.08503346273263605,0.11318516224933726,0.1318235172581627,0.13056420756447087,0.08819741854546165,0.13609704276279644
0.07600678672974297,0.09374331301060607,0.11950312511098748,0.19743710829266647,0.094298770639734,0.08835984369040117,0.09272446473581614,0.09784994595272367,0.14007664183732202
0.06487012343320339,0.10487848466669362,0.1163154943481134,0.11004914631467921,0.11355088394039348,0.15292439790194753,0.11722465054402663,0.08320919004186816,0.13697762880907458
0.10800655954909909,0.13306149996570957,0.10574821520332749,0.06558321069108325,0.1403183418980745,0.12630462641635373,0.11419885055340291,0.10971935174060753,0.09705934398234194
0.08954095967998676,0.11344722908619172,0.1061223291997015,0.06567497974285004,0.12126046294272678,0.14365595979901297,0.13733892844496934,0.10264663673921375,0.12031251436534708
0.06726217996776973,0.09966480800417576,0.1182711773652817,0.14966793683348667,0.10497713116796388,0.12357891055589776,0.10649084588987366,0.08790991082621646,0.1421770993893344
0.24779599594471244,0.13511171295205696,0.07577070868005327,0.061431048902219364,0.10742791102548262,0.04633768653063727,0.10372154746309792,0.1572801834326189,0.06512320506912127
0.06259369280161668,0.11045310131913916,0.12180566630232835,0.13307061249417412,0.11533390412723765,0.13294147789073343,0.1091655332692495,0.07963296767153466,0.13500304412398645
0.09848973094627173,0.10988762450686544,0.12135694781564628,0.13533382552755413,0.1109590771838111,0.12592097845455985,0.08627370362971942,0.11326696706821315,0.09851114486735896
0.088410200574022,0.10787555126801555,0.10949741396842182,0.07345842383964923,0.12724537924889945,0.16663320898870077,0.11669378143639496,0.09897324474451712,0.11121279593137906
0.11915629967718183,0.11623661683871227,0.10155275906078294,0.05932721862868295,0.13170730706079115,0.1323973266487096,0.12719617308538947,0.11043640279203094,0.10198989620771888
0.07054466629852796,0.11104951055780732,0.11345399607730818,0.08335278099872968,0.11751881848213207,0.15559226636574086,0.1296706577710396,0.08705251535588095,0.1317647880928334
0.08885088501343145,0.11563885102673781,0.10663775486417093,0.06537485367843664,0.1294292453723081,0.15026434677995382,0.13006239916200182,0.10001841995443199,0.11372324414852746
0.07266375225816248,0.10826559900055116,0.12105955096732969,0.13879404186133368,0.11600348878382799,0.13144148619443313,0.09782100907061353,0.09344685027840788,0.12050422158534048
0.08225911934635781,0.10271729556884292,0.12256223835671003,0.15620321064113576,0.10777956427534402,0.11517935928224872,0.09161529553941063,0.10232666978444761,0.11935724720550255
0.06919999663208652,0.13532199775123402,0.12389360806647416,0.08116696311965213,0.1344122792157361,0.1280063246629687,0.12346142708312269,0.08450481175170782,0.1200325917170179
0.16265401311451247,0.1161167473618903,0.09511152789720194,0.055171160102950735,0.1281145753278372,0.10444154117074818,0.12553283765210727,0.12161781633163436,0.09123978104111752
0.0676525545043366,0.1172354147944115,0.12160975636741249,0.12823381877734705,0.12357842182157008,0.13540336833492772,0.10193223494033936,0.08708795613949855,0.11726647432015669
0.10326606020841139,0.0836067843606777,0.12083709925688589,0.2719220391076939,0.0722135038931237,0.05058257229698843,0.06474432582070959,0.11993049148308099,0.11289712357242838
0.2957116765118045,0.10747988154232742,0.07372918319680205,0.1005540574792304,0.045658823328093956,0.010935783883745206,0.08389868608967453,0.22797988657092813,0.054052021397393714
0.07355437204211061,0.09370499352145618,0.10984653403862653,0.10512599766508295,0.10271746913719777,0.15595070618051418,0.1258436430886467,0.09226019776106038,0.14099608656530474
0.18029182000323415,0.10807400848079292,0.09425813911252988,0.05257424193117546,0.09845230867639583,0.06299793524316484,0.14837536478700394,0.14223532648217396,0.11274085528352899
0.17543347208950563,0.059179367005164206,0.12913258398329952,0.3388545229652499,0.0306448077583647,0.01210743674989498,0.03490244056629046,0.14696856765860705,0.07277680122362348
0.11124285041507777,0.09012789083443963,0.12474561396042594,0.21145113116289393,0.08403357377607862,0.06919004075999037,0.0735119381957371,0.12280647277903611,0.1128904881163205
0.12992311239743323,0.09394379620843729,0.12887839600001605,0.21653010324268487,0.07769871224143464,0.06856355754267392,0.06286546194907157,0.13334622908906735,0.08825063132918108
0.15859795773109905,0.08183618092024249,0.12599759950399222,0.2309268047004807,0.06393014616155496,0.044946958765217704,0.056590159772152815,0.14564741649006943,0.09152677595519067
0.10214611077281525,0.12048013625933814,0.10547771006125095,0.06287206882013464,0.13609626703218175,0.14130040811231662,0.12245840031932807,0.10501252679126254,0.10415637183137207
0.07174773160573061,0.12080710784214893,0.12059493475897187,0.08673848168805091,0.1179636126020814,0.13691848890491998,0.12724445669052928,0.08500721779685076,0.13297796811071635
0.07716494963109712,0.1086691811929294,0.11224523664579455,0.08106469926783748,0.12701423358670993,0.16699111193776509,0.11641266789171782,0.09311611291566775,0.11732180693048078
0.10053278206154191,0.11082092315212445,0.10268880715012375,0.0623883717158528,0.12122559920195138,0.140287701540428,0.13891508774986497,0.10700607881496309,0.1161346486131497
0.0781904714282189,0.12967516053052508,0.11352054802545182,0.06970251086498337,0.13767464367955715,0.13754854733993357,0.125049268384358,0.09479518801470749,0.11384366173226468
0.06919328368202485,0.10616970735281554,0.12111231629464063,0.14597832217111903,0.11337164024043349,0.12784840046613646,0.0994571398489446,0.0898968864085199,0.12697230353536545
0.16815857480758248,0.09990678947828464,0.09623846323638392,0.05264525221586891,0.11873043626181977,0.1250803323968186,0.12865880370905827,0.12032661966585186,0.09025472822833158
0.09820754908624207,0.0820302369840516,0.11442217922129361,0.24452117037626367,0.07584212525389651,0.05455241779209303,0.07881247126708935,0.11423861403391078,0.1373732359851594
0.12430480835862572,0.07920138180338802,0.12546846504224723,0.2907293614734394,0.06079341783412349,0.03823102588491801,0.05413934938897317,0.13137764416083184,0.09575454605345311
0.08721634463996346,0.07772897514156947,0.11619298128236438,0.33196166213395556,0.06383160695464757,0.03894095456055336,0.06001002512755795,0.10795351191739037,0.11616393824199789
0.06518666140451096,0.10144860241269682,0.11944319030511112,0.16032044622134958,0.10471411199730629,0.11797232677274723,0.10373639020771391,0.08557558550585796,0.14160268517270613
0.06403083785857662,0.12211551135248938,0.12127528496960564,0.09556887358333854,0.12969217176477793,0.14528843036031489,0.11734318468348148,0.07992176616463655,0.124763939262779
0.12043468709805616,0.11783202950001082,0.10276837525650455,0.06019550025116575,0.1338976767692057,0.13600679915789401,0.11999083108808284,0.11068675988687245,0.09818734099220766
0.29297946866187247,0.1271835567841529,0.08728526103536226,0.06364955303126606,0.0752288463742886,0.019849624114862744,0.08793715810643658,0.17492694967041036,0.07095958222134814
0.08381766306369219,0.12109377263007687,0.10950998636880921,0.06894272029222327,0.13652993878379255,0.1537444693458807,0.11963981783597753,0.09708178507005043,0.10963984660949717
0.07079831216309627,0.09712450373835411,0.1117047779387476,0.10323447070731007,0.10780091101295974,0.15881869798968642,0.12299767199291822,0.08949733836082634,0.13802331609610116
0.17889342332452873,0.12209779619997767,0.0947977804580396,0.05616843757013299,0.11437998851600721,0.0649167297280639,0.13274937559747707,0.13702006868326508,0.09897639992250784
0.08459271830574716,0.08775765698529249,0.10926257746193797,0.11988507470588794,0.09493124658909798,0.13456489966601395,0.12305771224816427,0.10102549131502514,0.14492262272283304
0.12088328555740556,0.11503758554450727,0.1058100524860484,0.06604580693988421,0.1291827988847826,0.14514143563590073,0.1093569042502356,0.11368306590753659,0.09485906479369904
0.12953698113494216,0.10899182949719165,0.1255078358586258,0.16835496562646893,0.09130683884717906,0.10661669783075506,0.06725061810350669,0.12882193860701277,0.07361229449431791
0.11225980287329379,0.0827051535180812,0.12000021119463646,0.24314043778140204,0.07481494888060501,0.053093284589682765,0.07022184343383979,0.12297150503268427,0.12079281269577469
0.08063675060968423,0.09917154190038686,0.11144810820824136,0.08810167971187428,0.11650561327247244,0.16792438432130166,0.11759208897280064,0.09543034940198813,0.12318948360125039
0.11615688856319735,0.1240219630237545,0.10433865496819734,0.06226691686613368,0.13729344124564055,0.1314227903788815,0.11659043169275975,0.11083688595672903,0.09707202730470625
0.28487221623544473,0.12758795433783313,0.09015375334220786,0.062205546682908425,0.07842654883853843,0.020960701874902465,0.09091600809514204,0.1709107307878217,0.07396653980520129
0.11151660742653728,0.07169690221926658,0.1136345592013087,0.3238635854324432,0.05718596765640286,0.03271424041718284,0.05486207123256263,0.12225721759097403,0.11226884882332193
0.151243023037595,0.11539874249109917,0.10003330143025753,0.05774866932031716,0.12861823199358224,0.12687842498206267,0.11255479104300081,0.12004340386262459,0.08748141183946091
0.1377742856690284,0.0894965334297128,0.1110730033078328,0.08480192243392103,0.10278246099306097,0.13475985739736007,0.10854732615206784,0.12154091023101042,0.1092237003860056
0.10830831777963557,0.07992293349931158,0.12399501378811285,0.3092742016509326,0.061949017442923415,0.038943222275903334,0.05529540318189229,0.12339151220052698,0.09892037818076142
0.1419094562196905,0.14855688092249034,0.10543217497849422,0.06293351451859586,0.1336110268340385,0.06853075227826844,0.11816825039553587,0.12730082480476876,0.09355711904811759
0.07335023681540866,0.10990671858821699,0.11428938987935688,0.08905374499150774,0.12633624821424358,0.16409373978077316,0.11260103760802569,0.09136716107425485,0.11900172304821238
0.0833668981821285,0.09172456975268128,0.1216567976667774,0.2279722681521966,0.08832461467033399,0.07347568821748858,0.08071135458892825,0.10471183083066558,0.12805597793879978
0.07051398650628664,0.10685126739957436,0.12287240927235704,0.16811001893021935,0.11003003569506546,0.11543192181673705,0.09315215974958872,0.09130883782161753,0.1217293628085539
0.07502215302514567,0.11052356598941455,0.11556116727566416,0.09518764852525498,0.1256901801874506,0.1583791277235649,0.10869107981079207,0.09353215598595677,0.11741292147675625
0.08056615110623104,0.0958368376866422,0.11087945790091887,0.09218897675964444,0.11173124866395229,0.16538333241782463,0.12010365563284033,0.09552861444722342,0.12778172538472285
0.17902343786502906,0.13372498260858903,0.09306912859395892,0.057975169027706185,0.13158590986183327,0.08361863158582894,0.11124132264901739,0.12814257456387756,0.08161884324415968
0.09543521213478168,0.12051701818880667,0.10963855591197615,0.07292720321600801,0.13430139174888292,0.14923692619688655,0.11086285216785347,0.10475030190512702,0.10233053852967745
0.08906625503104686,0.12016059803288344,0.10860563180417639,0.06817247786580304,0.13616821661512588,0.15304208000100242,0.11791759100902259,0.0997863922158417,0.10708075742509775
0.11612270581497197,0.11524956027777555,0.11122278497915868,0.08417244546585122,0.12224256533591575,0.14322966323785669,0.09760672115368518,0.11775486021463982,0.09239869352014513
0.10430252680488905,0.11620962758724078,0.10697656038161261,0.06660354068608722,0.13290505184633364,0.15060644030417009,0.1144298775155594,0.10655456828398874,0.1014118065901185
0.07108085019283132,0.09716910674006131,0.1170259368903833,0.14420718768101834,0.10384978197185583,0.12588768935790287,0.10721662170312814,0.0920657072202015,0.14149711824261738
0.16685045205935065,0.1303731518567669,0.13603317631853054,0.053951768538762344,0.09209573234314218,0.0376557100225861,0.11986524208901574,0.14936678631509737,0.11380798045674823
0.09100730295339289,0.09272327078453602,0.12264065600573754,0.21529953812201216,0.08933116108984429,0.07724063688006376,0.0792196970428407,0.11078812630904,0.12174961081253262
0.12493136855200876,0.10276479683942334,0.10588538104900895,0.06522077594253024,0.12136803484419428,0.15429828047288732,0.11381596869841433,0.1127384121753056,0.09897698142622718
0.2921133773241121,0.11282615863643027,0.086596763052995,0.057314438272890844,0.06833681468397682,0.01689624931111522,0.10305895354303045,0.1818989566734345,0.08095828850201474
0.16376259381644395,0.06622151746953281,0.12084067732089498,0.3051496834561446,0.04469742568954401,0.022705033097316304,0.043702146807890536,0.1448796867013236,0.0880412356409092
0.0747310049280336,0.10521028759963147,0.12306916289436838,0.17227173763629164,0.10769391095329317,0.11204622581809758,0.0900600739515502,0.0959861764593079,0.11893141975942606
0.0708186870198489,0.12447917692652179,0.11503570422879228,0.07531172034091688,0.133352236525933,0.1505431667821321,0.12317104551458452,0.08850864615236302,0.11877961650890743
0.15163000042992347,0.1510067483674223,0.11160764202245237,0.06318312790465967,0.12411721166444623,0.05345426500208451,0.11558539787073267,0.13570431719682655,0.09371128954145219
0.145905433412569,0.08614597523779809,0.12021943817239204,0.1712467673564587,0.08110499066072736,0.069978941563969,0.07646981345637448,0.13723530093815667,0.11169333920155472
0.09157779804881505,0.10466306282823824,0.11072032565823975,0.07843335109105236,0.1233351195933255,0.16493699221341038,0.11325312545412919,0.10145172044796973,0.11162850466481983
0.12964431755200462,0.11112446012124368,0.1090168239156588,0.07521309818137793,0.12069361982183104,0.1429232377710642,0.0997533886505309,0.12087244674871998,0.09075860723756889
0.09027854238110171,0.10377662384676029,0.11813177488301974,0.11751714037649492,0.11381024405719796,0.13782771635783356,0.09768315446648397,0.1064831293838349,0.11449167424727295
0.06878741396568737,0.11335221142981551,0.11363664504621412,0.08125453061074812,0.12452540716060238,0.16257386434627333,0.12422873665217234,0.08624453822655788,0.12539665256192886
0.10090101483114179,0.10123287012541438,0.12569721404698928,0.1966675533897233,0.09348088949983328,0.0927023370045688,0.07379633789402885,0.11702555890225186,0.09849622430604839
0.13582274553940368,0.11306122060940627,0.09738966625274241,0.057178058570455347,0.1205637651230972,0.10945526043513099,0.1396530659807872,0.11992479576018762,0.10695142172878931
0.21119286440745946,0.11889238377623125,0.0884800449396327,0.052971274236209426,0.12107152252116937,0.08153821910282358,0.11536789267822815,0.1358972922817546,0.07458850605649146
0.08339655624086528,0.08202325394630132,0.11555256968834399,0.2951091523559896,0.07224992660395563,0.04820878156621563,0.06965309503648728,0.10491475696348466,0.1288919075983566
0.20302973719330208,0.12926156973677191,0.09153941387879101,0.057908186728671686,0.11407814658641961,0.051285397340743395,0.121328230427029,0.14224180974799203,0.08932750836027921
0.07024015876160865,0.11153107299436449,0.11388190883020044,0.08509046497651308,0.12753890012198563,0.16630589109654825,0.11644789960875614,0.08822638759087655,0.12073731601914674
0.12919968007885227,0.07439638568845446,0.1220690321555909,0.3048280684272716,0.0557997977493128,0.032472041416033944,0.05124415942672072,0.13323779531375454,0.09675303974400877
0.06572653985257709,0.10765437356364355,0.11688740215567729,0.10695719927791697,0.1195522928728695,0.1571839366885607,0.11188480092695922,0.08499344738416491,0.12916000727763077
0.11216973943848979,0.09968556101062691,0.11835112503543825,0.11547681469116078,0.10729637801307544,0.12609740741998332,0.09363696855645369,0.1184467588198889,0.10883924701488294
0.11451843333475901,0.1124547927205089,0.10463827019404563,0.06262709917789425,0.1306645510911775,0.14912538119858565,0.11741719752214326,0.10875292931547054,0.0998013454454153
0.15405974524077848,0.10208885283563345,0.11546369296201964,0.097299659886586,0.10241218725873268,0.12327342097528747,0.08433345243791458,0.13517386730860842,0.08589512109443935
0.08403213653347086,0.11635213538256739,0.11008336943724639,0.07178900068185946,0.1338379030586743,0.1596065649702855,0.11712975047933287,0.0971542693304422,0.11001487012612111
0.0805271753714935,0.11945748777530639,0.1102761044731903,0.07014590137851977,0.13543565316180653,0.15615604021839072,0.12096676166351893,0.09501755568218107,0.11201732027559284
0.09137743310179436,0.10762267639369576,0.11327187768307166,0.08682998583503782,0.12340936619910026,0.15702916632283417,0.10689443101472058,0.10369801401431818,0.1098670494354272
0.10461845099778418,0.10172948644845607,0.10700059736121321,0.06866954506851763,0.12252133863215116,0.1635674447262839,0.11934107903339768,0.10480093223343843,0.10775112549875776
0.13585281690645823,0.06350576985603042,0.11225819271145097,0.3396952173032783,0.04632709694976846,0.02366318985635558,0.04605152177501332,0.13047726692380213,0.1021689277178427
0.06849447818450788,0.11093733749717755,0.11825137208096391,0.10966304126602246,0.12331644042602614,0.15099832796978999,0.10730833498437638,0.08818002920893601,0.12285063838219963
0.09638491142180829,0.1434767745748904,0.1125806594494788,0.06549223253381342,0.14151312175629796,0.10264767558990294,0.12464134640338408,0.10789129890012222,0.1053719793703019
0.08052318005809624,0.11334590631695757,0.1129763874653197,0.07791587758600092,0.10859816990066917,0.13706722655734763,0.13732795108916948,0.09544768308914596,0.13679761793729325
0.07949667175633245,0.11824323565552532,0.10988950742131172,0.06924926294692625,0.1317261445110922,0.15459315340335636,0.12638061778462462,0.09471271737377018,0.11570868914706088
0.09633724107042428,0.0988540748590646,0.12085223710742915,0.14308603965462122,0.10450640332515142,0.11480587837025498,0.0918224891119646,0.11174227392386399,0.11799336257722574
0.09939728527521081,0.06716772384286858,0.1029897174412223,0.35680800176463884,0.05220424066534176,0.02762486093768138,0.05661515114881722,0.11049823042342638,0.12669478850079272
0.35525711930275344,0.10337603557922743,0.11142323948017037,0.054258301277497444,0.04153784067283075,0.006662547298446467,0.06651700317320648,0.19134045380579423,0.06962745941007334
0.09307572299063317,0.10303283414121041,0.1224561202228089,0.15031398658027975,0.10641554660922938,0.11534503195567908,0.08785530277831725,0.11038012089799039,0.1111253338238517
0.1595690967902804,0.07201148938799401,0.12318319051714605,0.2823105071622147,0.05119137369861412,0.028814089967545673,0.048033127836776456,0.145262686200171,0.08962443843925756
0.10393758910986405,0.1311441932275236,0.10661046207422469,0.0631748974852439,0.14107136109490373,0.12208620327194543,0.12221750393776998,0.10746106011298785,0.10229672968553667
0.07366970883838292,0.10439430214475644,0.12329039347781286,0.17134042175588227,0.10772816389176933,0.11111432586530019,0.09174288220601708,0.09456654987317419,0.12215325194690478
0.0800880330739119,0.12191650380440207,0.11052152789877524,0.06908141274592294,0.13576900200975053,0.1510373219950869,0.1235704469868934,0.09506767964359097,0.11294807184166604
0.08102038537812395,0.11399850880764624,0.11256202864791653,0.08070978271090527,0.1306675955380644,0.16080495031747108,0.11196697644985461,0.09666065937335638,0.11160911277666159
0.10889501440233496,0.12858781263400884,0.1094762067877982,0.06191598957254909,0.1248402731312616,0.10262944011466518,0.13401816112515155,0.1167536573897701,0.11288344484246059
0.08104100179495745,0.1315364526815759,0.11217877280939086,0.06886146165216833,0.14123910656996677,0.13600983118991672,0.12251795345933429,0.09643734161843759,0.11017807822425209
0.07865397342651301,0.1307601189537545,0.11595976667293484,0.07029742702392061,0.13315934418576622,0.1304389849806334,0.1277707612784119,0.09573729452960589,0.11722232894845963
0.10869612268924067,0.1363955919603313,0.11002593184169022,0.06301338024933562,0.13444283639114582,0.09827434544635516,0.12817882736127478,0.11465725516550383,0.1063157088951226
0.10065295951196258,0.14273475453208956,0.11043631984306622,0.0647222409449708,0.14223049100054566,0.10285977963309069,0.12367784651793673,0.10923289436581246,0.10345271365052522
0.215244138827315,0.1402364698934956,0.08563383893514358,0.060359642417085524,0.12237037613509576,0.05789095072130821,0.10507362628977839,0.1389037594870252,0.0742871972937528
0.11485092446631108,0.09914560632338261,0.1268961300052588,0.18039684321413985,0.09237344500568358,0.09092608620868203,0.07387037755874055,0.12407713619049386,0.09746345102730763
0.07092926439896219,0.11739159790622113,0.11334329746471934,0.07647856999207857,0.1287727380126813,0.15869401284208418,0.12459126718086579,0.08827870336809124,0.12152054883429626
0.10535178441016789,0.1023764325997395,0.10160920164418867,0.06221760209769106,0.12107655124693566,0.15684846347632297,0.1347217240102806,0.10424696421363795,0.11155127630103578
0.1203022507948777,0.1328277073838844,0.1038797320882243,0.061081513935970964,0.1378266382981423,0.10547968298032125,0.12394651813372215,0.11478908884180705,0.0998668675430499
0.06430455919862338,0.10684154020333325,0.11758434415545278,0.11197800698799402,0.11626034714457047,0.15161718291012288,0.11429493235342585,0.08269694507308883,0.13442214197338853
0.25761188676646435,0.1316481495045591,0.08300199103805922,0.06223956084244849,0.0952574867454296,0.03085129089336087,0.10298609912460903,0.16035266507789261,0.07605087000717674
0.09876094763268212,0.10613676179291276,0.11829278848254814,0.11044554009955117,0.11541583283290059,0.13668180616776396,0.09592378515308751,0.11129667048128948,0.10704586735726428
0.17817315606958642,0.11916829887845548,0.09203371251797839,0.05551581439233331,0.12213924651469805,0.07960164511363897,0.13052332332006064,0.1296890776768144,0.0931557255164344
0.07858716445173584,0.12145281758602429,0.11149235253030822,0.06990199353645919,0.1345694103232735,0.14877186689924188,0.12593511708120733,0.09406983132694197,0.11521944626480778
0.13108051320546185,0.13891642852562278,0.10154326734625822,0.06159567230302485,0.14009989872110143,0.10136019839172679,0.11567883228538155,0.11744282505157783,0.0922823641698447
0.26694614602566613,0.11343630138693121,0.07397473740673474,0.06594123761956627,0.07209769353138573,0.020497768687290457,0.11860653987343815,0.19523306525594553,0.07326651021304181
0.2767971638193967,0.10683808868729679,0.14672706401922217,0.042035186958066094,0.05168567545952948,0.009394062805753842,0.08720317309478931,0.17688464255192718,0.10243494260401846
0.07064112865576294,0.1063956432362682,0.11209620628065158,0.08470299342122771,0.12186616615870753,0.17166086679299775,0.11995459807342185,0.08838459441347679,0.12429780296748578
0.11314796183234453,0.1297221629672866,0.11243368064194215,0.06139664802572956,0.12005285716518216,0.09245748399835692,0.1346646209297457,0.12109855531947443,0.11502602911993798
0.09096209609956452,0.12457792551742332,0.10923059290519314,0.068303678634507,0.13908472465008156,0.1440469827329508,0.11737147568230615,0.10131820419033176,0.10510431958764167
0.07497696072975903,0.0999742349196696,0.11822630619969167,0.13287413440449944,0.10972750101430999,0.13380487701340713,0.10370661324984225,0.09530535784908556,0.13140401461973528
0.06663595504152578,0.09981557563963576,0.11641297053033585,0.13124966098010057,0.10637156592088559,0.13695051947391673,0.11314855542567344,0.08651175697435125,0.14290344001357494
0.08411484846207877,0.09743805403287786,0.12415693558975764,0.21868627046142688,0.09293570538186535,0.08403263462069059,0.0783005780807259,0.10542049683244871,0.11491447653812836
