0.1046967943295415,0.13168734720859776,0.09326792936419907,0.1360234691007443,0.0694236751758364,0.1329853934780236,0.13801555429991605,0.0798860189529566,0.11401381809018468
0.0730475127468904,0.11424256341010175,0.07449184867755267,0.2188268301823697,0.023546831912754185,0.10350764017882837,0.19368232409955907,0.1061143126467653,0.09254013614517863
0.12516727096293181,0.14806617094009591,0.1281006355412261,0.13165397982978402,0.08534154755367503,0.07051693705757424,0.055117667691016205,0.12238644747687415,0.13364934294682254
0.12697375519635246,0.11917820248754767,0.14438655763267455,0.049071232313351476,0.2796432681567518,0.07044979335348424,0.023444576361011507,0.06496249910579348,0.12189011539303289
0.11583869824570185,0.14424492429720084,0.11651791203037093,0.16064668819367758,0.05921286034797424,0.06762817972780004,0.0657262922836868,0.1430762174718988,0.12710822740168903
0.10628093046839315,0.1463853965141272,0.1044229038686681,0.17820495223154628,0.05667103287736483,0.08651373662981106,0.08263294197097745,0.11749841854453781,0.12138968689457415
0.0935159714334252,0.11354013287054066,0.082192734889155,0.15984770245577654,0.039870580797855555,0.12150696154460904,0.20073018192040978,0.08726541539894782,0.10153031868928046
0.12960977416835284,0.1293852993667091,0.1300667190341672,0.13396234897134088,0.061256546191137934,0.05052485508849913,0.05502072965420215,0.1821479336727523,0.12802579385283838
0.07844232216613979,0.13029898817021357,0.09681576074386204,0.11474827543908454,0.11067158207916698,0.17236648783046016,0.13690542648804338,0.04856926412723132,0.11118189295579822
0.0784855667898501,0.13664412008209376,0.0978742893955609,0.17456046646375636,0.06885351391592576,0.13797666089778216,0.1267413761928514,0.06629087550789979,0.11257313075427984
0.1285092056305999,0.14574642936684976,0.13287387592010316,0.12649537811885203,0.07982360076212419,0.06423930967992299,0.052920427664607646,0.13461755169494044,0.13477422116199989
0.10625941195099152,0.1165341796716544,0.14619225263502603,0.22249561647550653,0.039465736114503706,0.043102140850268165,0.059066978950809694,0.13858051779702663,0.12830316555421337
0.09373880494150662,0.13253927895327797,0.11491455332419927,0.23167830537907363,0.03615827758398182,0.05472281894623484,0.0701791830658326,0.14633227534791127,0.11973650245798202
0.07171740352149601,0.11903458311638311,0.10813651887771346,0.2822186017698578,0.02933870881291305,0.06892563033027728,0.0937123109757177,0.11703419999213995,0.10988204260350165
0.09450331170845287,0.1421013495078869,0.09566114707730061,0.20385354350057536,0.046738504188884956,0.09402085901294305,0.10023543895482072,0.10869717545038456,0.11418867059875104
0.12425398245661261,0.14732254821098809,0.14145486121328057,0.1264629755525911,0.09853514443286056,0.0711576168345829,0.04984606674825359,0.1029339106567385,0.13803289389409212
0.16196626636730824,0.10794100996077875,0.17966993081235805,0.12582630099132622,0.04862968449868768,0.022784609281507006,0.03803761195736018,0.17831551329819184,0.13682907283248202
0.12083914600730815,0.03735530527884498,0.11815958701307516,0.028994121903921904,0.352558773162794,0.15881651849612477,0.09159105620677711,0.009457288597764346,0.0822282033333896
0.08759488562888411,0.12418904180735328,0.09174182004580006,0.11691435588813459,0.08546874257410868,0.1613572179080418,0.16682313854107247,0.056571633990461424,0.10933916361614353
0.18209082069831398,0.04037506923510739,0.17786751486371669,0.05381079368569313,0.01877407559565324,0.0022787080419153496,0.027715857846075147,0.40457056016805487,0.09251659986547017
0.10423242568794817,0.14973403297421742,0.11715095182650082,0.16186247872385973,0.0800331588133722,0.09536345949283974,0.07205629447340946,0.0918914459603621,0.12767575204749035
0.12804063869552523,0.13325876690980115,0.1334981656527465,0.14176014571067289,0.05401341312070798,0.04308742827408136,0.051279126389265094,0.18547023119139605,0.12959208405580386
0.10858277760789327,0.11316088451523842,0.08906865328219588,0.18054947027071824,0.031406601855451056,0.08369387850392873,0.13736084145455596,0.14939358030270858,0.10678331220730987
0.11556922421331589,0.12779953313560896,0.15691591035065722,0.17640317650685142,0.0711011616009583,0.05984148658106006,0.05359642010232851,0.10148930199217625,0.13728378551704343
0.056260404332548475,0.07047701934824058,0.09100472305856677,0.026585222675254202,0.4131513125619195,0.2004545269999177,0.042266304040061875,0.017144440885896322,0.0826560460975945
0.17341843194359527,0.11058865115124637,0.16117511088729403,0.09556487809405567,0.06251623018272545,0.02451642610677508,0.03466830593375773,0.2093271476001917,0.12822481810035855
0.0976360346582889,0.1420462344560257,0.1016415707436706,0.20979750111222417,0.042552928597669425,0.07515517527261817,0.08342719070627852,0.1305755862311017,0.1171677782221228
0.1349119342355538,0.09576441350863213,0.16466127251000032,0.18016018073060389,0.028553446217716067,0.02063802533820252,0.04722799923144747,0.2013937476105673,0.12668898061727654
0.10961350696233457,0.14723433166682237,0.10618610192323634,0.16384716588095807,0.060300588666634715,0.09085308583913417,0.08295398194885432,0.11596642215176207,0.12304481496026332
0.19382380271116295,0.08882003816403154,0.17089174055832881,0.08426827969770945,0.04702147586437582,0.013119113519902095,0.029752733757358606,0.2519173625130551,0.12038545321407561
0.08525607155229803,0.13623378974594916,0.09781983845384185,0.11728890208760893,0.11192503889320861,0.1624409246865918,0.12127933867273066,0.053842477099363,0.11391361880840788
0.11668485777045583,0.15162856819457016,0.12182748948557053,0.13859764093388616,0.08814972486391746,0.08557909647843015,0.06239318457293604,0.10365797322532466,0.13148146447490908
0.09608254185562332,0.13191546821585817,0.09623296299125184,0.21314182971313148,0.030080325625764386,0.059018295601485575,0.08371815576131321,0.1784162931620298,0.1113941270735423
0.0772817147166275,0.12783361483659006,0.09519317489886046,0.11830066792259986,0.09767858552048135,0.17257852555502284,0.1517407644183462,0.04962888838355425,0.10976406374791746
0.09650427203378899,0.08632990733188868,0.10788825396705393,0.05645017175237532,0.14857878778469355,0.1700197719726383,0.18772575616079715,0.037122612186237164,0.10938046681052682
0.10821730285159216,0.14541479409672006,0.10683689533146029,0.17806616262628194,0.05410115905039146,0.07849609353384157,0.07753146965179097,0.12894325413886354,0.12239286871905804
0.08734057301719017,0.09914614695148645,0.10052279798254553,0.062461074592727185,0.158426798477852,0.18248788933362622,0.16414139089543162,0.03726477405963373,0.10820855468950712
0.09655488816508562,0.14629094462312955,0.10202061473282072,0.18314206042901074,0.06283605763736129,0.10390904191830147,0.09325610663444793,0.09297418620158067,0.11901609965826206
0.09968041168437848,0.129871518915699,0.0877735470068771,0.16580087234872884,0.0504949482215886,0.11941588054325658,0.14625324275877108,0.09149719781130355,0.10921238070939682
0.11246637686990772,0.13463254525556392,0.10688041057625443,0.16366233237551167,0.04923011163337317,0.07591582383243904,0.08364637810197195,0.15256813123119298,0.1209978901237851
0.09986962221059402,0.14339530447218488,0.12812598293305896,0.1649056877342011,0.09154395752103968,0.09536615000196096,0.06648232795690862,0.08031572788690493,0.12999523928314685
0.10712573564556856,0.14088227078860802,0.1201133686592283,0.19318981472495256,0.04738331069131579,0.057297062109883945,0.06358566875593866,0.14440510406224272,0.12601766456226146
0.10148530536360868,0.13949941088720838,0.09806510293958448,0.11950347309668047,0.09961966840342777,0.14333006346109892,0.11275805326754955,0.06827860914392136,0.11746031343692036
0.07359557888826977,0.12359978728290848,0.0832721460018883,0.19898071095102735,0.03869826354232344,0.12388007249467696,0.17521907227894054,0.08204277091365762,0.10071159764630755
0.10024297674381133,0.10018493463317386,0.10628421158179542,0.1837858875660211,0.01930984913929919,0.021306511682296456,0.06107146548064102,0.30430066542569706,0.10351349774726455
0.09880680601510035,0.09996441159940776,0.14463155640068184,0.07884476006420649,0.2290491388586453,0.15470544673435366,0.05131987367551629,0.029162457736632605,0.11351554891545569
0.10716883250566782,0.13559023239108303,0.10789416860856811,0.18393620982374762,0.041324433006565346,0.05823835945247687,0.07199035723379435,0.17425562366765238,0.11960178331044448
0.10931953790367,0.13295725107709153,0.09506021110056107,0.16596022849032743,0.04948053071323752,0.10036722189778524,0.11466767722552883,0.11706934250998384,0.11511799908181453
0.10724514352102543,0.15052676482599378,0.10922150739340795,0.1400334226676975,0.09120484732403512,0.1108249860233156,0.07991990607340788,0.08594470775746793,0.1250787144136488
0.09210553701488045,0.12637825173897585,0.09677356691229212,0.08498994869084832,0.1433270910852039,0.1721204135998068,0.12224375264165314,0.049271491701627125,0.11278994661471246
0.09369546494374804,0.07742208270307253,0.10550236989090722,0.07366327612933966,0.07714655243154218,0.15971011028265075,0.2723896097394551,0.04123518257343723,0.09923535130584725
0.07798087418383255,0.10593450913952944,0.09490705045123499,0.23621659994578223,0.014228338533231175,0.0258705596784724,0.07141019264111742,0.2738495749350282,0.0996023004917715
0.06748186280938234,0.11867734096288905,0.09765857363156687,0.28874798885417113,0.022377934724168592,0.06345359868241375,0.09951197177767464,0.13786900518222434,0.10422172337550929
0.09692922222703242,0.10832337207272343,0.09423153126028876,0.0986771917286135,0.07992484491604714,0.15472189731813665,0.20058357246139835,0.0576031426287592,0.10900522538700058
0.11975889267428785,0.06191830151886373,0.11498339946383936,0.06057916543101039,0.0699581521041396,0.1248101644684832,0.30055820792324833,0.04760682387730677,0.09982689253882082
0.09893737525724715,0.1256142043618048,0.10748293847613467,0.19796328502747004,0.028767339867354483,0.04067574734420565,0.06731596368413388,0.2188756884144254,0.11436745756722404
0.12011785212472315,0.06670807694976454,0.11553780710196959,0.06296525470836052,0.06839605295302699,0.1176878877053734,0.28868668102744033,0.05414713222557993,0.1057532552037614
0.080888620499142,0.12151519509839821,0.0880982506808655,0.14094170078372134,0.06259493446152614,0.1513547250902876,0.18700144333314359,0.06227351957142402,0.10533161048149157
0.16594435666586296,0.10385569621052387,0.16082979345128456,0.1064789186760622,0.043540622958324504,0.01865768446254412,0.036732171039670886,0.23829041565521433,0.1256703408805125
0.1272396943822799,0.12822107184786888,0.1346542298196523,0.14985880097853763,0.04594575686745844,0.0355379026369675,0.04984928068708123,0.20103789942079095,0.1276553633593632
0.11452398731212755,0.11474093983074578,0.15196643830158996,0.20678036882020626,0.038917824891241154,0.036985015060472366,0.05467455386808221,0.15123929642168776,0.13017157549384697
0.08813816274319884,0.13651777308917393,0.09460883602271981,0.2338616114768924,0.03298569675131893,0.07474738656070379,0.09425953669843595,0.13422301947552648,0.11065797718202985
0.12150715162139462,0.12278914819177501,0.10773098272351656,0.12844432583641707,0.06821860198151203,0.10669256678576688,0.11247458652919728,0.10991254252737188,0.12223009380304868
0.16381006031572454,0.07303458998499657,0.22434193688425677,0.15880734727822,0.08248708223677365,0.06807372937838914,0.05044013003442357,0.04726353504334655,0.13174158884386925
0.10277409565425545,0.14821966670603526,0.10394295861544499,0.13964743735990603,0.08784728785694179,0.12340145658460537,0.09295757325931688,0.07956213069266967,0.12164739327082459
0.06761093873383038,0.09739664192528615,0.09222645827686941,0.18714845903165508,0.034257746600146154,0.13390529395638653,0.22482612622682985,0.0683711041417517,0.09425723110724482
0.14047919374294351,0.12233067517557268,0.1572133146573259,0.13879272110980193,0.04752482185500904,0.02974124354113965,0.043932453575797066,0.18551568127003423,0.13446989507237597
0.1990353542224779,0.05125223478738076,0.1948467038242918,0.051076873345489986,0.058219380529237086,0.004820275444969135,0.02061191819275855,0.31646534033581425,0.1036719193175805
0.07279809017547982,0.09837226301135628,0.0982051506999056,0.10640476715787167,0.07403064363932689,0.17510146195567303,0.2307624403508071,0.04332545357560508,0.10099972943397455
0.12727439559492157,0.1260431698588581,0.12660232345976527,0.1371748255488414,0.05955047288664028,0.053475565326781486,0.0594895330892764,0.18422765896960222,0.1261620552653133
0.10766204655178284,0.13861787133864248,0.10460619471161865,0.09311340002280179,0.13980155930460067,0.1414113119789192,0.08721028446929092,0.0664876062530046,0.12108972536933882
0.0807336593295538,0.13344191290583884,0.11942741048844567,0.1261264487634345,0.13645018349724328,0.15145710423539802,0.0836180329321251,0.04820311088263579,0.12054213696532497
0.05897024578644828,0.11481644108846363,0.07972936509639185,0.26257985774195997,0.021896244874012732,0.09385180873220779,0.16590783213338592,0.10914691344769978,0.0931012910994301
0.08137130140800401,0.08662300674232104,0.10502884926336192,0.05926828698702069,0.16461775587544744,0.19886101168844897,0.1782523832385532,0.025601673370720324,0.1003757314261224
0.05651458946520283,0.11024613310643187,0.08008550869597231,0.3044649796845798,0.01398842288792384,0.05846803316166099,0.12250432547569969,0.16265952909577763,0.09106847842675109
0.11178801587869798,0.14352755869968128,0.1351009329809216,0.1688369016783383,0.06729901204711274,0.0681086705744331,0.05916032599386258,0.11229196537741333,0.13388661676953906
0.11318689571050726,0.13105633327910518,0.12747226984182095,0.17520034971995124,0.038133052026392396,0.03939929393912578,0.05657613934929725,0.19339805604804092,0.1255776100857591
0.09266761867717199,0.1405626885671333,0.09964146730370442,0.2207242292153493,0.04069603537653397,0.07817340431824608,0.08821342827597389,0.12421133764231662,0.11510979062357046
0.11177733658165934,0.13209554149911637,0.11708245056826831,0.1674919653566513,0.04126998829232346,0.048238509481799384,0.06334090004517202,0.1964255874845666,0.12227772069044325
0.11928343014343923,0.15114904084477532,0.1282712708797512,0.12504834856024274,0.10492639039411829,0.08502454382089952,0.055904919154568404,0.09651721505201945,0.1338748411501858
0.07416196690248378,0.12673202980820839,0.08218288158376896,0.24651225632775034,0.027164958394733953,0.09207899683995613,0.13695917986180164,0.11447379433148858,0.09973393594980828
0.0694868603748443,0.11213708927612141,0.09866923297404491,0.07732088882389776,0.15350834313433667,0.20138875270074086,0.14809922399447026,0.03369708353141838,0.10569252519012552
0.12773957859779542,0.09906970115215319,0.11841121222668509,0.14663713304288195,0.03639896767115529,0.03056380415847293,0.05957864199708981,0.27110902228901634,0.1104919388647501
0.06480233280947185,0.10482476891207748,0.08892767755711699,0.15594325679303755,0.044511844684714495,0.14784357587796712,0.23411909097579162,0.06143102169847486,0.09759643069134805
0.08937969018096535,0.12534234483725004,0.08222223959371137,0.18572614071802265,0.03863692435301993,0.11647515346817301,0.16568438023444798,0.09363976149724373,0.10289336511716592
0.13010558020232418,0.11897072952766481,0.13765671746127636,0.14186377066850872,0.03887247808497581,0.02815816689904749,0.04811635817363402,0.2316735150524195,0.12458268393014897
0.08244748733847605,0.13767982211486451,0.09468005607074094,0.2206702983477895,0.04332265487890293,0.10133230430025708,0.11196896111929518,0.09703133551385927,0.11086708031581448
0.10751576809431523,0.13873258536473648,0.09904614335983979,0.12360338458116739,0.09014199498774611,0.13369689342718163,0.11123031409068189,0.07714429662570287,0.11888861946862854
0.10626410562645282,0.13390848344472062,0.09927181589896557,0.10452244993960964,0.10668031650445854,0.1476350295493919,0.11631196000427595,0.06738046826445045,0.1180253707676744
0.08902724640777193,0.11905219529461863,0.08412909332432676,0.15480530006338858,0.04712341609913853,0.13296525330092054,0.1920999887414173,0.0774014741551674,0.10339603261325025
0.06259253855971225,0.09773116126461527,0.07610579362446006,0.2673131962159123,0.008655077123499508,0.02550814372066892,0.0878294186492708,0.2877019162970758,0.08656275454478511
0.1603119152261945,0.07788905363311895,0.1289614193205308,0.11031007255468907,0.025716745872805882,0.011993810321911068,0.042009595523014115,0.3419342125444133,0.10087317500332237
0.2135681441860606,0.06101085172099476,0.2002164869791335,0.0629723444428142,0.0379707644249468,0.005702075249541252,0.023425504353947354,0.28098276130465033,0.11415106733791121
0.18511263658071156,0.047752241659181606,0.16689180947172477,0.06071044712083218,0.02445081877928793,0.0035904018686388106,0.0283682538998969,0.38893123031791005,0.09419216030181617
0.10006163730520985,0.13742772337294154,0.09670130203483289,0.20191821134447197,0.03606022141380765,0.07270132937664982,0.08984196393736493,0.15132848653055359,0.11395912468416775
0.1126021667965665,0.14151505850428858,0.11245898933696163,0.08441723859941315,0.1588098388624152,0.12680654310792142,0.06662652684152531,0.0718735523860754,0.12489008556483272
0.10112353531860523,0.14240802935423494,0.12329597458006868,0.1951265802059734,0.05852647463498717,0.07412216151609555,0.06826951395511331,0.10942061775126673,0.12770711268365498
0.07429828517519803,0.09556756571800445,0.10076492922146868,0.06124820204283125,0.16784751024371034,0.19838394696196118,0.16914629637718523,0.02948202936944568,0.10326123489019519
0.1532741967887142,0.12937877160687258,0.15560949226502202,0.10712490367716726,0.07360671838319317,0.03736986715157283,0.03946490579356834,0.16823819791865183,0.13593294641523776
0.09755378991370928,0.1357597559875762,0.13904189595613203,0.14003188359533583,0.12328732324085717,0.10837321579107455,0.06141780286597071,0.06345207985251998,0.1310822527968243
0.11095867081600463,0.12599426614541248,0.10280190779517447,0.17078058928753204,0.043151411277949914,0.07396404080353404,0.0928525478406934,0.16244602629146132,0.11705053974223782
0.09004134388977736,0.12627584236762404,0.11355311021255626,0.24353474090789626,0.029868810316810896,0.047219676473088196,0.06997939906914043,0.16293829152302572,0.11658878524008082
0.09488146281982435,0.13294494866234152,0.12140632126357048,0.22671953614753718,0.04089705609420386,0.059005758436026734,0.0693545724890932,0.1317391378359091,0.12305120625149361
0.1410677896696222,0.10577187388691058,0.15256099743597898,0.14280008199445407,0.03245493583389442,0.01977693085614206,0.04371479242909295,0.2367849488686755,0.12506764902522924
0.11040029898482973,0.14354148292515403,0.10475522433687327,0.16591816049754804,0.05415121975885533,0.08643761337163393,0.08523891377999677,0.12787659184299552,0.12168049450211334
0.10522210231134536,0.1240411992728981,0.10960446574520588,0.05734312501825602,0.23419939317321659,0.13766993133350322,0.05597981168001063,0.058426970112984845,0.11751300135257932
0.11084745148733417,0.14810612262746103,0.12306253997977405,0.16839175181812405,0.06694314035732514,0.07417213920376621,0.06384351618240208,0.11441961311053976,0.13021372523327343
0.08391856422576321,0.13468698238070073,0.08766590177896712,0.21567668228210213,0.037438772088476346,0.10368313127779986,0.1283588034324884,0.10203373013543127,0.1065374323982708
0.06751221012346233,0.12418627819188195,0.08426328369182225,0.2481309031382728,0.027929284594242182,0.09913342927369999,0.14599647868153895,0.1034028847356191,0.09944524756946045
0.07493365998176783,0.13035812992965745,0.10821385177809083,0.10111804906777001,0.15872663551390828,0.17520916945227402,0.09571084573594962,0.041555122465192725,0.11417453607538924
0.09722961245003743,0.11146533546131678,0.12165417961249136,0.22300204634136458,0.022798247766548926,0.027881838727064828,0.060004863468112346,0.2210128626827692,0.11495101349029453
0.12314351701655503,0.13926950813362823,0.12591140518508145,0.14123244012135058,0.061540324530107805,0.059117916002495406,0.05877661849741781,0.16122300622174504,0.12978526429161863
0.10905037337569241,0.1378804356133313,0.10161469794504667,0.10828968684242958,0.10565625039893319,0.13941928352775126,0.10501331134097754,0.07283282460866063,0.12024313634717741
0.18001413448480977,0.10612287687678884,0.1552509941370716,0.09113054375444261,0.07851597362212535,0.030140208504312597,0.03482783198902977,0.19987428896481796,0.12412314766660143
0.158512279887843,0.11096751061598566,0.14942674554573085,0.11071079919055,0.051274274875959876,0.024624550963282574,0.039363615232590056,0.2303343082070115,0.12478591548104652
0.08399711580353275,0.13972164273259113,0.11245640451095107,0.1910411526148982,0.07129236151582903,0.11439563789241719,0.09244318458226523,0.07408908721984546,0.1205634131276699
0.07395301166481845,0.12591035996990071,0.08545457013489428,0.19503290770521786,0.042838016489724275,0.12761818018030208,0.16829455972826557,0.07827102230026824,0.10262737182660846
0.11791124113597522,0.14640413527943974,0.13711442877308283,0.1468586733804805,0.08562120208787342,0.0714820059271212,0.05434760416147847,0.10434483374509688,0.1359158755094516
0.09273418346141608,0.14557994460521956,0.11050664392775038,0.1795358935898436,0.07486923462599408,0.10739939328140362,0.08531018713367039,0.08169623676836817,0.12236828260633419
0.06711661559513601,0.12191380763362976,0.08388269048479476,0.2206711003278031,0.03409136715034159,0.116994657716131,0.17021598457132162,0.08585093110859478,0.09926284541224745
0.08521675204822471,0.11921946496144492,0.09065829032772622,0.1167243614715392,0.0762784638897387,0.16168002813490556,0.18649463558956403,0.05645406307983769,0.10727394049701898
0.12381787035898201,0.13578882314496635,0.11965486006514048,0.1202932690767103,0.0844876778626127,0.09195251680494292,0.07438951321951102,0.1201932307149201,0.12942223875221415
0.22534321740874907,0.07674090668520753,0.19714717206368274,0.056695607798149056,0.09055326828336224,0.011804239259713351,0.019517937101404006,0.20406266161820663,0.11813498978152538
0.07030009855921908,0.11750869855154326,0.10758925291105532,0.10590021877833677,0.13390462143676815,0.19158587780136263,0.12835497051355257,0.03555686090502349,0.10929940054313875
0.09979500891947164,0.09753216008459246,0.09610654393671679,0.09397131092878103,0.06896378764067733,0.1446774967987244,0.23181181392009811,0.05973297961660632,0.10740889815433186
0.11848593381081396,0.1441396509105142,0.14055770548245994,0.1506013246003259,0.08212457326568882,0.06750223450025741,0.05336595553118261,0.10660986865017037,0.13661275324858688
0.1870394318054467,0.08828446109479009,0.1827260832270552,0.09794322459881948,0.03869433233571063,0.012811238182899741,0.0321466710751888,0.23402917358679,0.1263253840932994
0.1185047242169023,0.1444308540629967,0.1136462719211702,0.1356890475686917,0.0761721680081035,0.09160671409386849,0.07539745876225284,0.1169276932375058,0.12762506812850846
0.11308190018497082,0.14796945532753794,0.10826890058357397,0.14289508733924153,0.07849169001562507,0.10115972868548755,0.08108483159063527,0.10187224717345561,0.12517615909947225
0.09169183878968314,0.11654942496606613,0.12560662911719625,0.2487475051986193,0.028396772067001797,0.040918880876154584,0.06632584257164754,0.1630342023114543,0.11872890410217707
0.10392006949204452,0.1454991639049105,0.11803939252097961,0.1892445264715318,0.05896431457258902,0.0745616313561261,0.06889803542378606,0.11429720002725778,0.12657566623077454
0.06994621880707248,0.10258325476705699,0.10184165280770507,0.07385256445097259,0.1491415965519012,0.20582523069118094,0.16355587978380412,0.029881257811078466,0.10337234432922822
0.11767317068001175,0.12928098200291746,0.10799878635880515,0.14803582348251107,0.05843405074884392,0.08840829195817033,0.09345040661663417,0.13453534127712266,0.12218314687498351
0.18976189882915462,0.11365381819209697,0.17040544665895838,0.07718399114825823,0.10372585774668919,0.03096836521408114,0.028630367370343343,0.15368961419032015,0.13198064065009796
0.08847285037306235,0.13637245658930472,0.09808989620868876,0.23536000927923342,0.033142428101747314,0.06996927951874492,0.08810821492104258,0.13811954031421944,0.11236532469395655
0.1982089989408873,0.052317276032003666,0.18151993132868305,0.06155022199749469,0.02548647088570512,0.004038492159525668,0.026014524267412506,0.3477620446073694,0.10310203978091859
0.11609036703405469,0.05787438834546709,0.11683604921846909,0.0402784874193961,0.2071466103312223,0.17900749254394333,0.17192488168128384,0.017220546156186917,0.09362117726997672
0.22055094946574205,0.08751691680475467,0.21218180793280772,0.071594084946377,0.07053151787441951,0.013675676156302927,0.02360616257575734,0.16660513469265092,0.13373774955118792
0.10544557152682381,0.1211206751988521,0.08650882711977083,0.18056468286940922,0.03630091095007635,0.0966190605150659,0.14290725359476023,0.12357425836826058,0.1069587598569809
0.0649087707345442,0.12093365105543813,0.08482665677208516,0.22355430544910948,0.03298651449082632,0.11732175320808451,0.17093071315447103,0.08545418256788478,0.0990834525675564
0.10069308708797624,0.12187431646868126,0.1193182938417563,0.20590348483776685,0.027407252818058978,0.03363408239491886,0.060559237150291746,0.21263265934849707,0.11797758605205277
0.10323984027754013,0.14007203579137728,0.09525267538244503,0.15189919245265396,0.06939997787555302,0.12232333240257416,0.11588731418740884,0.08578979032642271,0.11613584130402481
0.06915080966409394,0.12145493941395157,0.09629013188139735,0.13434762688101673,0.08092741451972389,0.17173717322043622,0.17045216467429894,0.048617671509359896,0.10702206823572143
0.08105850829602794,0.11825288875151492,0.0871564209010292,0.1401870606413645,0.058636105257417255,0.14919871589959213,0.19790615799076186,0.06347238455153428,0.10413175771075801
0.13639420916276798,0.10419256127204551,0.1361552132355729,0.13892446609620548,0.030817811796377933,0.01935693381175511,0.045398234230706346,0.2715649759834063,0.1171955944111625
0.09613604070567501,0.14550577926789512,0.10344271141883865,0.19551203764175365,0.05403199703461247,0.09346985725957506,0.0891875232489125,0.10357490393155684,0.11913914949118072
0.18419007406321217,0.11418898790413794,0.17981948459394978,0.09023042817393911,0.07858387304065564,0.02491738187130252,0.03038671232617664,0.16042035650561084,0.13726270152101536
0.11470904233897046,0.1507279182351259,0.11862630536929158,0.1510418956877045,0.07533521113603796,0.08217117221709729,0.06586626575466971,0.11179565596658081,0.1297265332945218
0.20060225456573585,0.07527821257216655,0.16535828625990304,0.07437126981587454,0.045546592192529343,0.009775555860842774,0.02745685047923672,0.2911738667393482,0.11043711151436293
0.16989277789677473,0.1263677514090157,0.16478258227601886,0.08874161589048273,0.1012726705262491,0.03696885154083246,0.032578395431089445,0.14204218316358916,0.1373531718659479
0.06752252973887585,0.12195231752818136,0.088928906323146,0.1845112793646855,0.04718891396867869,0.1402272337333942,0.17930890597924387,0.06768409154126825,0.10267582182252621
0.08778645783473275,0.11858412207819753,0.12109639296085938,0.25583276497372065,0.028487253760908483,0.04499552555341618,0.06984508985564263,0.15615210834595822,0.11722028463656421
0.08577812055874424,0.13213077998375164,0.08704037962284394,0.18214979813435508,0.0501773510224956,0.12527969096767844,0.14901999634405783,0.08151518707010047,0.10690869629597281
0.10737415756872319,0.14230971472448495,0.11008083863797256,0.08504718612089997,0.16759708734971948,0.1319149249148435,0.06698422605857601,0.06586943957650623,0.12282242504827412
0.08055823631256065,0.12154976851511963,0.09560728397397521,0.08796274089354418,0.13506325880255485,0.18344640341108834,0.14346118855797269,0.0430097064605997,0.10934141307258484
0.1053139876423852,0.13250618996985908,0.1018955926138941,0.18329785290265202,0.03778821678266433,0.06641801909525802,0.08425759035317743,0.17217139719348448,0.11635115344662528
0.10441207991460172,0.10423182215149923,0.09294024475140693,0.10970551987293153,0.05957547033110841,0.1367113410890414,0.21406022056357976,0.07038017843380608,0.10798312289202501
0.17915677976200398,0.03673600189855893,0.19079954006834524,0.047994040380107204,0.023279029259608435,0.001957605008991083,0.025463388928467678,0.40167465401225816,0.09293896068165931
0.1195022906617683,0.13230938734785724,0.13248143814349408,0.16149701966370164,0.04295636172327977,0.039571280850551144,0.05366161685437929,0.18966726296462122,0.12835334179034738
0.18345132955756774,0.09985525759931768,0.1579881520486444,0.0905238895376383,0.06022555509776389,0.020655710042162125,0.03292051743165211,0.233036964457613,0.12134262422764085
0.06528148550538078,0.12182669377397766,0.08945707646099206,0.27939278683821317,0.02432241327445196,0.07886527722932073,0.11909815642654224,0.12090754544620101,0.10084856504492039
0.13886468885637937,0.05234732309075484,0.13090310011678188,0.048212549588616614,0.08626020695253774,0.11328896538717793,0.2854997244413951,0.04161931049572481,0.10300413107063174
0.09334090181505293,0.13419217963536284,0.08760158181865585,0.21822030089462296,0.033594813930670014,0.08391820605176968,0.11019734548600262,0.13138740921632489,0.10754726115153823
0.12125021001598386,0.14050958220293122,0.1194322038472627,0.09132529433769059,0.14105746901475172,0.10844219531162524,0.06207186309618781,0.08659355961091787,0.129317622562649
0.20145113245773735,0.09108533161051735,0.22521301096131763,0.08751006923978515,0.08578013543607728,0.021867386308465714,0.026994553233228687,0.1169650513006052,0.14313332945226562
0.17473374710089984,0.06548875482322712,0.15539464990405583,0.09813446738037335,0.01816628135188439,0.006474995930073605,0.03508425727127424,0.3420358850847906,0.10448696115342108
0.09102743920529728,0.07324409605706876,0.11051612889443159,0.047006562733603104,0.187946999227248,0.1803074594836277,0.1837056916094014,0.0247462745620434,0.10149934822727874
0.0864883217922164,0.13335341311171753,0.0980539332832409,0.24457803353540827,0.03030967126783631,0.06305019766989885,0.08500915964491129,0.14802439157354833,0.11113287812122212
0.18427533683228411,0.11195300366918126,0.16584057909256836,0.08784711158355833,0.08000807324696861,0.02659877627908715,0.031244064429851826,0.18207379444767144,0.1301592604188289
0.07566342992218754,0.08417144413297688,0.10133180249790132,0.04418663513813576,0.2458025893051108,0.19552864250672175,0.1278773800053227,0.025135049271665984,0.10030302721997725
0.07225647658442332,0.12954221862154866,0.10198176132704467,0.24590957834222316,0.038858788921237696,0.09727763846930969,0.11022318629251045,0.0932141580113094,0.11073619343039298
0.21451473492855336,0.08523779911110374,0.1787885758759119,0.06673809847542124,0.08006419672439717,0.01540300282084518,0.02379150899780742,0.2170911577418185,0.11837092532414158
0.13900116940177962,0.124459339510119,0.13570044396921233,0.11497782419252561,0.0827654094212192,0.060836418964247886,0.05468619371447095,0.1573210553095267,0.13025214551689868
0.11064293852738971,0.13664186348450214,0.09772164357301871,0.14854058266882317,0.06337557878235546,0.11272494849238997,0.11248980371098748,0.09992694533103279,0.11793569542950065
0.10654154089023064,0.1440096596556584,0.09950981916300983,0.16830780810450366,0.058078085769363706,0.0999273031092003,0.09637025395940398,0.10830570714432926,0.11894982220430018
0.1067522324012002,0.12868226181803,0.091409649608008,0.17774718697660882,0.03970271805893338,0.09372904553470564,0.12095615674716025,0.1296433814325411,0.11137736742281251
0.1066711397504198,0.12542264376876208,0.11042548871089199,0.17744443317875433,0.035663019587529377,0.04576815835494219,0.06785266814815998,0.21369603286867986,0.11705641563186038
0.061236258186132736,0.1136944768711814,0.07793365788693304,0.23777195832613265,0.023530868964052987,0.1045324112617879,0.1885031656297621,0.10026799117200336,0.09252921170201382
0.08691236946558223,0.1173554716107964,0.09633862889982142,0.07590358556545938,0.15178930967796703,0.18187261264281615,0.136744386389107,0.043059793389857985,0.11002384235859243
0.11543524538610299,0.1263665053373137,0.12280998876129058,0.163444451746425,0.03849518493819918,0.03761130935633367,0.05674628027496762,0.21709380795691788,0.12199722624244935
0.12198734624700718,0.12013658657620092,0.11367983938085445,0.08969605051353226,0.1197152420648151,0.12987878380016415,0.10122920752824843,0.07850320085404461,0.12517374303513293
0.10614484158251332,0.11101218160269433,0.09927444118291083,0.08819568721283334,0.10088581611265662,0.15542764564349035,0.1670128943903715,0.05809265556025453,0.1139538367122751
0.22229276766932404,0.05136232168054112,0.1927537700977966,0.027413360264966293,0.3298328361121059,0.016710467530666066,0.006664475889680818,0.05884184083103377,0.09412815992388544
0.09108143917897248,0.14042222007439942,0.12643766876540954,0.14443489876402996,0.1125797531831154,0.12181849089342962,0.07301208098248421,0.06298145466504576,0.12723199349311365
0.14144097200815473,0.11318346622863552,0.15830396025104657,0.0496632048393744,0.2674001254233363,0.056858367887372745,0.021130504366471917,0.0675079363631171,0.12451146263249076
0.10091700356546333,0.12622377618587557,0.10043615996065276,0.07706670325263469,0.16088819287893094,0.16236469595531103,0.10243199416985312,0.05381482208037149,0.11585665195090694
0.08728092489341592,0.11566627382947335,0.12856178060446688,0.26249230362552284,0.033236756234918834,0.05273508382258565,0.07239442924797407,0.12828692092174718,0.11934552681989523
0.101885857707955,0.13625234042112852,0.09178085395856306,0.1577578846533855,0.0570966317527091,0.12197630727013564,0.1302240665426565,0.09002132175171011,0.11300473594175657
0.09043031983923733,0.13323832480712303,0.08774050752281959,0.22810962033331483,0.029634412422945493,0.0765815117070331,0.10507466769691165,0.14258564767921134,0.10660498799140367
0.09898705207533766,0.14314662736652264,0.09828518679573355,0.13690379089425855,0.08750792363943806,0.13518226123599086,0.10959020823920569,0.07277773652536307,0.11761921322814987
0.13405744630273306,0.14002866915003478,0.1385978213594239,0.12626127522063232,0.07316124131495771,0.051855033377666226,0.048454662056189014,0.15290846487957593,0.13467538633878706
0.11085229704110879,0.15211241169892517,0.1179594079341682,0.13532450129345366,0.09590126205214232,0.10052067048927284,0.06833994797329636,0.08960507996551322,0.12938442155211938
0.11636474292305604,0.07544465230137247,0.11600128049926565,0.16974358458748381,0.010872570591797281,0.009135967794457156,0.051811140747795366,0.35449834170954847,0.09612771884522374
0.18731140844557703,0.06194299565261071,0.1547474566754269,0.07619306892466916,0.024644075683600913,0.00594850157047247,0.03094661116418777,0.35800107664970376,0.10026480523375125
0.0727605107234817,0.11591130800862302,0.09682287409164064,0.08807816076632946,0.1280404269019003,0.19213689584924967,0.1604337065843763,0.038760314581197004,0.10705580249320185
0.10823028446404914,0.14602346243558728,0.10229595058780357,0.15963504163314768,0.06525893590058672,0.10202863091326121,0.09155064648337584,0.10386302857516538,0.12111401900702316
0.09011939778779743,0.1447252519857213,0.10620272408905025,0.1830964942907005,0.06855424541522182,0.11192511330957126,0.09390592644510154,0.08164267318464281,0.11982817349219303
0.11259479655606693,0.1407071410071801,0.1288487248299974,0.17994037207152527,0.051640923059889536,0.05470885340678628,0.05883128538572907,0.1426119642492511,0.13011593943357433
0.10205554287919855,0.14826639391173557,0.10571821501850844,0.17695898478253266,0.06031857746915742,0.0959035726670772,0.08572117616555591,0.10323417715024419,0.12182335995599003
0.08588617354670915,0.12150557754205549,0.10836128419223774,0.24840150881631975,0.023767312373170552,0.041164221303120314,0.0712712999635513,0.1875656334606488,0.11207698880218679
0.07850304362375428,0.13155203381292715,0.09498925474801227,0.13612249840489654,0.08703805122623061,0.16099805132486097,0.1452823880515548,0.054956110690018094,0.11055856811774518
0.10640175488616244,0.12691273697485408,0.12080967506144623,0.1900938127287315,0.03222699124323752,0.03672706069792611,0.05918436562538958,0.20683510266138683,0.12080850012086576
0.08237367784294718,0.13824850440030562,0.09480015032549034,0.18909010940588344,0.05728173383386853,0.1243545881872921,0.12443351823822486,0.07770862169781499,0.11170909606817293
0.0872490040515655,0.12895424479895531,0.0975570643594237,0.23765928923220572,0.024690838787546725,0.05131949511222714,0.08021374503734292,0.18287508291565038,0.10948123570508254
0.11480257723411164,0.12106232972442192,0.1039602580691386,0.09549830856195711,0.10877325565040503,0.1414253000740051,0.12460889196892282,0.06996244497180172,0.11990663374523608
0.09344016682141325,0.14648146685067956,0.10679442942615042,0.1749951851050732,0.0724157261411577,0.11164670455040969,0.09082780254222537,0.08239329771401305,0.12100522084887766
0.08766211701594893,0.11608011438756353,0.09948016231567071,0.21480183949583712,0.02007166298003045,0.033766571693057024,0.07133672140478632,0.25047369107409784,0.106327119633008
0.07304718660613284,0.12802442734494268,0.10179568564936059,0.1069862718722034,0.13270986903485701,0.18115565402993503,0.12269547587656104,0.0421678135887208,0.11141761599728663
0.07667335085281071,0.10556851655184983,0.09763249423414237,0.07485208973015749,0.13673195975019026,0.19003162346440103,0.1758737304617766,0.03655277085412026,0.10608346410055142
0.1043009632125072,0.10130317832912877,0.10516667441937566,0.0638429581533414,0.15460596387470782,0.16601099427700125,0.14412711989593938,0.04647488728350788,0.11416726055449063
0.11495809632013267,0.12031560479104975,0.12432298474083625,0.04478267437576162,0.2872678756752443,0.09650870669403032,0.029364092484940166,0.06504170384791248,0.11743826107009246
0.08743704693861114,0.10096138645588464,0.0997309576619662,0.05066294496376015,0.22378973536423322,0.18497476729586904,0.1086437299057379,0.03652133973913263,0.10727809167480518
0.07991967084486003,0.09260024685113837,0.10160050440406514,0.07027319190652938,0.12122203459277363,0.1827149007172887,0.2124211536478672,0.03504836996839308,0.10419992706708443
0.1568696824954561,0.08549960183979606,0.16875411506120117,0.13828095227196255,0.02527289614302804,0.013239015942103647,0.040478366659356724,0.24960354946365695,0.12200182012343874
0.11829395915780709,0.04497036633904594,0.12672866753947676,0.03400168725906718,0.2958395381566748,0.1407918719089252,0.1260495767361491,0.017032053186128784,0.0962922797167251
0.09131754579103167,0.13466334201914335,0.11576710357954671,0.23232161696769782,0.04219485244023465,0.06566910263863238,0.07409684790915665,0.12319176558589608,0.12077782306866058
0.16922189215515682,0.11681393696807613,0.1774002169125879,0.10375669229946842,0.06478798644065463,0.026165893968325377,0.034801448124847756,0.16837882451693753,0.13867310861394544
0.11088481612631541,0.14994890609902756,0.11405985805594455,0.1619725165456615,0.06546237907357368,0.08377800569242293,0.07191177676001531,0.11488692782906214,0.12709481381797694
0.08655859816805289,0.1348049369191737,0.08746548086010213,0.19855085459033214,0.042269043899696025,0.11318964308817625,0.1361025994898477,0.0938588205825001,0.10720002240211902
0.17540324480687666,0.06310306747468813,0.15463403140262214,0.09399193554333096,0.017242825906895343,0.005965021920902337,0.03493046656556475,0.35208630367046956,0.10264310270865011
0.13181748466970275,0.14337928388016885,0.1369177154699995,0.12971005188583196,0.07782397130225849,0.05581434592763367,0.04906502621205076,0.14016275466448905,0.13530936598786494
0.10433169052074942,0.09483109588262352,0.13831194078258238,0.2324315364076592,0.02023105104742806,0.022624052403405426,0.057620854369255646,0.21396149226486796,0.11565628632142838
