0.12633151727854566,0.1249696187755423,0.12431795067296471,0.11345418342964504,0.13173367626193197,0.10244432028051435,0.04081663074171831,0.13692096162050638,0.09901114093863127
0.11177716441325279,0.09954985751328427,0.10280333505366458,0.04565629419175182,0.1347371883894072,0.10775892685719596,0.04042312378992918,0.23619661835772898,0.12109749143378516
0.12615515962489132,0.10465934113288627,0.1069868697944303,0.11271895812043825,0.14074393466945895,0.09232775935854302,0.050231927686160416,0.16604492902302706,0.10013112059016442
0.0925022602987154,0.10392395688619172,0.11009599576619818,0.058213928093166556,0.13203896697465553,0.12184023003227411,0.08017850998739177,0.1557182382453094,0.14548791371609723
0.10643462732450988,0.1176954175259209,0.12004829144533664,0.08732238394047585,0.12590109336462565,0.10777360995082197,0.06659817767439775,0.14990166577794292,0.11832473299596835
0.13181966295016392,0.12441355626835411,0.1262629186738664,0.17746981069240017,0.13192385224027378,0.09422959603989056,0.04069007355032916,0.0820408451088791,0.09114968447584272
0.07862576130587491,0.10528218986446386,0.10817527226184055,0.06999566017643068,0.10517339105380473,0.11813130340304785,0.17054518270132638,0.09552118841530682,0.14855005081790418
0.10063484611906164,0.10773669271486537,0.11107980380202626,0.06949787139210417,0.13653422467480036,0.10293937810759823,0.06988693635158477,0.17195032468186386,0.12973992215609534
0.09833186720552882,0.12004141709536935,0.12103668602284168,0.06925983879037607,0.10057140739260621,0.11037911886248385,0.07988334639906013,0.17527652641867486,0.12521979181305895
0.12189366239897315,0.11138833525631199,0.11523792564668121,0.11759367896249569,0.14892859798924787,0.0897705736287847,0.05186060547645765,0.13907013246187108,0.10425648817917661
0.12816239480060926,0.12847988124744078,0.12398897720047906,0.10371880976797283,0.11565100380897346,0.10902127778212345,0.03621920781735561,0.16146144486818237,0.09329700270686314
0.08818198360820616,0.12483454265481647,0.1224911748685678,0.1216857488612193,0.08618783309460105,0.13638971337736572,0.1375784167278246,0.07922033206141259,0.10343025474598629
0.16487879622069554,0.13472751855254947,0.11382538003704727,0.24421499170970393,0.07521470479462679,0.10002546700336323,0.022463475847771613,0.06940064716542292,0.07524901866881922
0.10018763168759677,0.10151568526344013,0.10382474927910301,0.07212457018352497,0.14745940485129327,0.13068778650419144,0.06911173586698408,0.14838731288651194,0.12670112347735443
0.1463796981300967,0.11112408693465571,0.10651527898248224,0.07703282517770456,0.11688691213396424,0.08324869903407134,0.029243844001570013,0.24031220480757418,0.08925645079788103
0.08856878184554323,0.1047236810241724,0.10918258147420966,0.06924783647349213,0.12897731841152962,0.11579327467666224,0.10472320675950947,0.1362844991045182,0.14249882023036298
0.13437040434329497,0.1079718430533465,0.10655258456829235,0.06931436143616233,0.12910312083665984,0.08803546285230292,0.03282627678446002,0.2334342014606637,0.0983917446648173
0.09653290528614654,0.10342723541442955,0.10716665749007086,0.07250105269885201,0.14219102640433223,0.1137186793447823,0.08022311444986845,0.15201644472905768,0.13222288418246037
0.12613269725280882,0.11712195535226504,0.1150046555517094,0.3379218904195889,0.08634002785644608,0.09102072196659351,0.03614634725646288,0.017111399777154177,0.07320030456697126
0.09222408639614016,0.10521780144104582,0.11003129709877002,0.05971440981720647,0.13349096651190615,0.11318645595360492,0.08219274086661915,0.15998167148600337,0.143960570428704
0.09020076777768359,0.10502515147728213,0.11230614730546551,0.053731180454951864,0.12493035598230516,0.12019211237252163,0.08278497059652733,0.15927380013492867,0.15155551389833408
0.14220819666324844,0.09578415948973713,0.08963434498880234,0.04085643286499474,0.1020183951446435,0.10050583667913082,0.024515664202387977,0.3181228305816967,0.0863541393853584
0.135534518977412,0.13100495307736032,0.1309848952872096,0.2654292727689464,0.09589068024917306,0.10390216130325318,0.024786323756520918,0.03574888100536617,0.07671831357475838
0.10976513202336757,0.10155241034104379,0.10442292892336191,0.05631962979012375,0.1427581049485277,0.1105174391374703,0.04731206594719028,0.20480200282645963,0.12255028606245516
0.08813925905237184,0.10787349726707374,0.11437408039289658,0.05450499062847514,0.11381722293591644,0.11432565504522756,0.09409294592399627,0.16144600949184304,0.1514263392621994
0.12787948458313822,0.10850156881740203,0.11026358773878077,0.09675743037864008,0.14368275109830878,0.0893275363913485,0.04291980370827916,0.17813474503908122,0.10253309224502133
0.15132004086012596,0.10873056502573641,0.10224295813671673,0.07197610395944751,0.10894542470216047,0.08213632555041421,0.026987751972288084,0.2624263922033889,0.08523443758972171
0.08613946427801271,0.09835620094289826,0.10881281480756148,0.23272700951539615,0.12114181455164914,0.10013748247690768,0.14343892465105726,0.025910853378846854,0.08333543539767045
0.07496570636867307,0.11623060693166687,0.09863534513726875,0.06378703778124774,0.0698847180316683,0.1278367599650275,0.2727075691227308,0.0627918201556379,0.11316043650607904
0.09361056711287853,0.10750384078584264,0.11156073453081128,0.06509026473673488,0.1276222476587662,0.10710116858245387,0.08565944182116919,0.16317295093215875,0.13867878383918464
0.10501858275791696,0.09816866606435827,0.10380843229792579,0.0442847909051681,0.13518316432687041,0.12456000589487097,0.04533680325816695,0.21343411055781447,0.13020544393690806
0.09197387630904119,0.10556154713169213,0.1117871842819201,0.055075145551411,0.1260993292421689,0.11428559985177467,0.08010614556760055,0.16804078275820586,0.14707038930618563
0.0897535579187387,0.10626207212134958,0.11111884776946905,0.06268336558796465,0.1260457243357652,0.11287962831288297,0.09516558649698514,0.15096228883744214,0.14512892861940252
0.10705839089405216,0.10001701328129638,0.10530547859038608,0.038457506949522435,0.12066031444648705,0.09979734628367376,0.04142589034047769,0.2607226767008954,0.12655538251320897
0.07741759539734959,0.11093419694381956,0.10710773253460372,0.06585730204814305,0.08347526929677211,0.12456081145415067,0.2132672852373024,0.07783094652799782,0.13954886055986113
0.08565365053328489,0.1031281576674391,0.11070116946009846,0.07326534144338337,0.1159079320451943,0.16230546828400658,0.10701886172521136,0.08631347398219386,0.1557059448591881
0.12295313363996023,0.11103644397946615,0.11218686952560546,0.08252738630235701,0.1434114843521904,0.09141051118139513,0.04220925605290452,0.18671616088574094,0.10754875408038016
0.12005246941222524,0.09882868211474331,0.09964592408556759,0.05583284458729876,0.13008917107341222,0.1379578252372072,0.038267606738455355,0.20828673594823907,0.11103874080285124
0.07444345792570452,0.10435457095035162,0.10462643217161471,0.09327247529750386,0.09370647436310713,0.10329467414422068,0.20807450334065647,0.0932265932322862,0.1250008185745549
0.09810774774981408,0.1026001491086241,0.10652069914543001,0.0631231955107017,0.14424466612291723,0.12022920682827996,0.06865958231146874,0.16215391255649653,0.13436084066626766
0.09347242266061179,0.10198135231717166,0.10849966583395836,0.057765426282361,0.13666542492206127,0.13824679449818256,0.07348328179886705,0.14543537716938373,0.14445025451740265
0.0885599135606883,0.10043609979358119,0.10757740913448825,0.07080362134679655,0.12819655445708647,0.18053497543393973,0.08202128957018427,0.09532923859456953,0.14654089810866563
0.0790219334034891,0.10846615150986666,0.1091686923813432,0.08140369925869174,0.09865814747760454,0.1048136373083444,0.1722862100851199,0.11311044923056635,0.13307107934497406
0.1308644019074647,0.11934295036293113,0.12277488723071057,0.15262787717723145,0.13891403359046542,0.09054724115900559,0.04494470137166645,0.10370670151317034,0.09627720568735433
0.14263967818974063,0.132429019715767,0.1360725323276133,0.2894310628009535,0.07607767947037682,0.10903277730475658,0.020524200716825657,0.017314407802017637,0.07647864167194894
0.13596118701103435,0.10357883301762877,0.10164175880365427,0.06517445764342324,0.12809519419615922,0.09198821473102552,0.031790067569774094,0.2447560222869641,0.09701426474033654
0.07747875897285478,0.08914493619396542,0.07842983104357276,0.08007246421917287,0.06565730846413463,0.09494951653417827,0.3961044487628635,0.021629131136383106,0.09653360467287475
0.11252487600677503,0.09597510119656395,0.09938748652378153,0.055247534730457404,0.11388149407718808,0.18853584198075704,0.03679012163653499,0.17961822610140624,0.11803931774653563
0.10076605254947375,0.10051631284216028,0.10179967857658118,0.09164907080282979,0.14709987097054986,0.12443019243228308,0.07963985404005157,0.13673529771288992,0.1173636700731806
0.09745343910670423,0.11396765062388771,0.11683881151375057,0.05751200395288783,0.10864554318312221,0.10357457195606212,0.07181547716877958,0.1972811824056123,0.13291132008919335
0.14812793720996628,0.11425856402582628,0.11236895264885217,0.11073096577006276,0.12178245802525707,0.084611007171376,0.033101748392238124,0.18393523480588167,0.09108313195053953
0.16157411058323445,0.12528119181763875,0.11247481228661288,0.11229541873432736,0.10023855533515796,0.0806603994274387,0.026710739798674416,0.2022567301237448,0.07850804189317072
0.08684074622970128,0.10199173525633719,0.11173069598833947,0.07908066963702022,0.10943977316172743,0.16101299890333384,0.08274560107207658,0.10954835680132517,0.15760942295013874
0.08419704632068704,0.1015553163812871,0.10584359144844585,0.07344921003418015,0.13042521187626227,0.14700299325280586,0.1208000535635464,0.09098365694719535,0.14574292017558999
