0.11617424316158302,0.10280037945336683,0.1230174484425011,0.12482050382665753,0.107700813207248,0.13381815989384058,0.10151402942845811,0.05425518581553326,0.13589923677081164
0.12233625055871193,0.13781544958262174,0.06846117127660756,0.05294064269059804,0.12718519140556703,0.0833906092906645,0.1810692857442372,0.13602111974175124,0.09078027970924074
0.10264742292821687,0.10282758691057749,0.0929719555145777,0.15667574817019222,0.09832131421757034,0.1359856954202902,0.09722737489628024,0.12322758361711335,0.0901153183251816
0.11182059254697284,0.10434850305841326,0.09483538390434339,0.1432053310001141,0.10656162123475893,0.13235590114896253,0.10337692197720662,0.07312058687223912,0.13037515825698923
0.11227902401341845,0.09262319058305869,0.12288933884910432,0.11974175106616847,0.10198581128812062,0.13514129178526166,0.10701410769211518,0.04941500727958372,0.1589104774431689
0.10974820240773753,0.09304212603652699,0.11905719838591784,0.13044727800339426,0.10026235461525647,0.13983552797329402,0.10083682551509114,0.05217956955852937,0.1545909175042524
0.1078236376666173,0.09277901509246278,0.12727799472656068,0.1354181977661745,0.10473506045552157,0.1500239212962673,0.0915921449499809,0.11185560622715689,0.07849442181925807
0.10754436570873811,0.09126584042632212,0.11557464210806286,0.13509312034063278,0.09839231368721936,0.1468197105824781,0.09855839369090047,0.05384043905576983,0.15291117439987637
0.10750035298568222,0.09109418735038455,0.12115864190244154,0.14083820503871883,0.1010247810827928,0.1548179765333294,0.09614639907747934,0.07269620063930783,0.11472325538986343
0.11971461422605524,0.09919261176226045,0.14060956121527401,0.1271024274696477,0.11474740626913481,0.13530751788620587,0.11256785120288737,0.07580403823986963,0.07495397172866498
0.13552919118984777,0.12334409337772405,0.12291646728242718,0.03356587285949233,0.12042807671324261,0.05784710754136072,0.22447214301354587,0.05265653996175098,0.12924050806060847
0.13483805804016927,0.11585851582027788,0.1404966197755995,0.05611430844877374,0.12064209544800415,0.06912934684618847,0.1947423484228851,0.07358630575953388,0.09459240143856795
0.1077616733654498,0.10550384037290346,0.08851419070993133,0.142286296786673,0.10315123169353291,0.12637054267882963,0.10567726353179802,0.09465795750431627,0.12607700335656555
0.12616293129849485,0.12055682884076684,0.10542279736353583,0.06293010136976933,0.1313355357504752,0.0742794667920408,0.12455380748985496,0.18866417594019622,0.06609435515486596
0.11061853806856359,0.10822599490069451,0.10313231116040199,0.16544544352941648,0.10492918557802004,0.13740018221844583,0.09575964831918667,0.08946234499519096,0.08502635123007997
0.13725680478784485,0.11529046040046666,0.1424565741971992,0.06938703425325153,0.12377046336936677,0.07528420676109998,0.17882532622624867,0.04819360455800589,0.1095355254465164
0.13429357459320923,0.117879914584173,0.1207852674363336,0.037754830115265155,0.11945178310369636,0.0584524512023789,0.24350475181030204,0.036367545993430526,0.13150988116121118
0.11160824081991057,0.1060003487903927,0.10149428830775924,0.12581591746908896,0.10935637700949137,0.11816004813599673,0.10103323567848686,0.12213948052182183,0.10439206326705182
0.14497668547577783,0.1348514530051459,0.1463874906557732,0.07821841775118615,0.1379268830224959,0.0811101053820629,0.10573339300990442,0.07378130154888556,0.09701427014876818
0.11126446410541513,0.09263914139698658,0.12640534327780026,0.13260898768131932,0.1034477798914233,0.14809616961999184,0.10310987160595264,0.06308817592775445,0.11934006649335642
0.11318224420342636,0.09798881749312534,0.12786015942717038,0.12137623175050648,0.1043656589912275,0.14737600034989842,0.10001717554230692,0.06513468222487924,0.12269903001745945
0.10666836547523295,0.09095027871935342,0.10588928306941325,0.15283800292388044,0.09864514694272754,0.14112950628034995,0.09870180977531451,0.04942085190278981,0.1557567549109381
0.100726015868446,0.0941355456784307,0.10515232129298023,0.154097966795695,0.09589318591355471,0.1644839516934015,0.08490101739361115,0.10504758403355896,0.09556241133032171
0.11018076507318968,0.12101004046410796,0.07531274404927522,0.08399099684428672,0.11078686083452073,0.09326563142542692,0.1473718063069968,0.15778339353952553,0.10029776146267055
0.12593921396206612,0.10806155077033074,0.1365666357463259,0.08825145341150609,0.11532505813897859,0.10326104720797769,0.1149784233860021,0.04997312456674649,0.1576434928100663
0.10002704077794795,0.1013259104634054,0.09396484138888606,0.13684870278624808,0.09758837269686706,0.12473958199413963,0.09526516974941311,0.16405068543975643,0.08618969470333622
0.11611613309218688,0.09784326484956662,0.13038280860677012,0.13785158620110463,0.11090352952385667,0.13969192869692318,0.10585515319483786,0.0691052281645118,0.09225036767024226
0.09860126860227954,0.1433729401701518,0.05382339668208755,0.027425664785547938,0.11287715192844804,0.06004617633324175,0.16662530316082666,0.23927154842363527,0.09795654991378151
0.12779312327878803,0.11760555693540349,0.1063880467531871,0.022292921181421923,0.11240338657761527,0.056411375126574646,0.2781547945914697,0.04097502916888318,0.13797576638665662
0.10250651170541651,0.09941864044062414,0.09512629831644685,0.14485574026408018,0.09893087615160338,0.13638915848414468,0.09301286203369687,0.12034637219248163,0.10941354041150568
0.10235389028933413,0.10368202146367594,0.09155051544587123,0.12088492725107854,0.1007983241123659,0.11587154189078326,0.10115356440404133,0.16850784985747103,0.09519736528537866
0.1301522139983891,0.11384415679647969,0.11944634942863157,0.03478872958224482,0.11529470146208558,0.05769204345113416,0.2657449410019966,0.04383433493321512,0.11920252934582339
0.11126865061710604,0.10369718571398194,0.10801153245534105,0.12352455674002649,0.10990729573417368,0.11804518863250042,0.09679120171032012,0.13540476185158457,0.09334962654496586
0.10119266160774636,0.10223661238866899,0.0946979809621042,0.10945454343511829,0.10097771443334524,0.10929556108230631,0.09731640598424933,0.19956673729142294,0.08526178281503831
0.1085336439108404,0.08927361125123212,0.11128931142757875,0.13373375912831956,0.09810454212198665,0.1307712540701616,0.10478447607545978,0.04111527039141599,0.1823941316230052
0.10885550929168879,0.09354020498442585,0.12007349173222161,0.14302790874187363,0.1040528322763452,0.14921205984883557,0.09522993220664215,0.08110761743476505,0.1049004434832021
0.11988640341756356,0.10033364434406496,0.13623933504077346,0.10419934397838476,0.10948176014741852,0.1263873681433918,0.11289214980278728,0.0575563964429518,0.13302359868266378
0.10839063967756889,0.14185927011044727,0.057617193585164456,0.01735331759700159,0.1313607813420836,0.05659583286150522,0.16447538864476835,0.24084587200245844,0.08150170417900221
0.11550858850380101,0.09614378047674288,0.13504440988307997,0.12407336425925171,0.10725839426596769,0.13989281972855602,0.10801753779162393,0.06461871385377072,0.10944239123720605
0.12688147147292636,0.10673773003651355,0.1405080705548548,0.12069532455487453,0.12557012978778093,0.11235141883282813,0.11514930623045287,0.0900005525827345,0.062105995947034386
0.09690110592415639,0.08979827233543188,0.11408453989550955,0.12483376314741612,0.09604770140037124,0.14267624895700182,0.07851263383314404,0.19467098300542954,0.06247475150153944
0.11992174633548928,0.12117792369864915,0.09408685715081272,0.05408527069935895,0.12650883267013155,0.07151722757434134,0.12928654460933434,0.21456291555583085,0.06885268170605183
0.10909543525183445,0.0914431590953733,0.12274054415008284,0.1305545165147893,0.10034209417072242,0.15031348658883648,0.10035328420606637,0.061036118763028176,0.13412136125926666
0.11520732132627938,0.09959798836591666,0.13030281667223245,0.10585600894976084,0.11718531285170823,0.10408846634430374,0.09642668108579226,0.17411087227482072,0.0572245321291858
0.09631971470931504,0.14711086396973025,0.050174280319260765,0.022106895497589582,0.11218142744535886,0.055594511012057306,0.16381241102104743,0.25254545313870264,0.10015444288693814
0.09207939906161615,0.1128015966226414,0.07564454055397629,0.09773376350644847,0.09329633265674354,0.08155310464420235,0.14170060554695466,0.22114620822654918,0.08404444918086794
0.12672406907988834,0.10571359516432151,0.14497087773954995,0.11833196870034553,0.1259859575588491,0.106919389386122,0.1159208253965041,0.09576309948755912,0.05967021748686042
0.12017299962238093,0.09840767650984426,0.11979621976540229,0.08851387933958588,0.10908440378681651,0.09415675799579204,0.11930745931141938,0.03239964961986625,0.21816095404889238
0.1179173102249662,0.09950417685607978,0.13766835331968652,0.10968819561285052,0.10846929868508502,0.13806075270037863,0.1082020407281679,0.06799961849416376,0.11249025337862166
0.1250103582262606,0.10940033033509373,0.14036232548835825,0.09869836902994857,0.11544343788265522,0.11762825653841368,0.10857737137736541,0.06194939856744317,0.12293015255446131
0.11316615642234344,0.09357766062506608,0.14692516401978306,0.11492843881457308,0.11054190187401354,0.13032778130951503,0.10297118366995837,0.13261985914414012,0.05494185412060721
0.12935636641091186,0.11421022854558938,0.13543914633292012,0.08856629341983274,0.12036778621121831,0.10029008619393247,0.11151290972013754,0.04890931312472163,0.15134787004073585
0.10017049180523852,0.10289353108430362,0.09026839408615407,0.1287174990649933,0.09809776450942091,0.11965390792534981,0.10081290761360373,0.17022430549582934,0.0891611984151068
0.10302807045077152,0.12132461079532238,0.07318302787725973,0.0634146585633596,0.10756131344371256,0.07911048785316588,0.14544035295073235,0.21662916665182919,0.09030831141384678
0.10408659768521984,0.08912420835441603,0.10921213161120623,0.14801935739986036,0.09724499190014707,0.15616335654730643,0.09340996453615448,0.06497241254376447,0.13776697942192517
0.11080981961075226,0.10750317826248014,0.10806420829881351,0.1597299002038313,0.10540120490781091,0.1418615589816764,0.09312020403098802,0.09275222736039213,0.0807576983432554
0.10541289665449487,0.12055793559161272,0.07751827079989469,0.05666785440286987,0.11118609706538903,0.07494045117766505,0.1380452873504485,0.23231813889105446,0.08335306806657079
0.10404588416842396,0.09547675758139472,0.11694160161421853,0.1426938373647951,0.09848152814897061,0.17182980644592094,0.0860547664980872,0.10375005758935364,0.08072576058883525
0.11707531806652445,0.10734826613887123,0.10743891489486179,0.12588844547305725,0.1144348350852889,0.1229022092398075,0.10401653256228209,0.10166076515444118,0.09923471338486566
0.113918745824031,0.09895610199606213,0.13554870260047786,0.11632483875866532,0.10585163568371296,0.1545070146522519,0.09856935757335746,0.08514135805350713,0.09118224485793432
0.10044670527775257,0.10550642459106985,0.08662984789321283,0.11001458176265401,0.09969742418157812,0.10843776645240788,0.10854216707218418,0.1903714917290978,0.09035359104004281
0.09926171777813621,0.09981771424744729,0.09569409102701325,0.11967420137962186,0.09831144435729673,0.1185696478801269,0.09290296780747498,0.19244468351525001,0.0833235320076328
0.10914793134683091,0.10697795271209976,0.09481045535095269,0.12421495551027044,0.10679365251279772,0.11547865375332385,0.1044189399131047,0.13057613552765188,0.10758132337296804
0.1156856869116048,0.11487336356797528,0.09365953588319932,0.09691925417125048,0.1153377465533502,0.09973851253669104,0.11871252823189647,0.15148076945699998,0.09359260268703244
0.10593177258544352,0.14075027873820717,0.05860024999559498,0.03043807761113881,0.1197770028257205,0.06518498607936911,0.17015399299259262,0.21715481470552303,0.09200882446641023
0.09418408966700591,0.11955629944800499,0.06787768344505204,0.09379410406829251,0.09590603803123865,0.07845050469491265,0.1617376090734853,0.19327784290475955,0.09521582866724852
0.09769695246235072,0.09468240393236009,0.111206642285905,0.13902471317328202,0.0945862228922818,0.15822131477455284,0.07932897362737891,0.16519741992761441,0.060055356924274106
0.12874106486667863,0.10491797867436659,0.15263269933820442,0.10997505707568245,0.12302833978884871,0.10610337819052627,0.1379283231301229,0.06998743017849128,0.06668572875707882
0.10284050945199652,0.11056075089862259,0.08680038080023922,0.07623739381907334,0.10572281465634997,0.08441225004512183,0.11545290548715613,0.23671008362178902,0.08126291121965128
0.11553258352480993,0.11587804398516077,0.09457803926237758,0.07174199093842408,0.11881815389444395,0.08377976251443818,0.12047018320070135,0.20307559314765156,0.07612564953199256
0.12581602832507832,0.11378907560379864,0.12010984702258647,0.09158303357887602,0.1278316856978007,0.08898579669618516,0.11122006031187276,0.15545258958191965,0.06521188318188229
0.11097728381591469,0.09516391385603575,0.13352787314202974,0.12938279729202531,0.109777490172887,0.1328073347237109,0.09334883053353804,0.12961883749671535,0.0653956389671433
0.12769467311584873,0.11077526967135681,0.1497207840005791,0.08855162234035652,0.1178106567509002,0.1157320025387449,0.11552683901711158,0.09296897297932394,0.08121917958577814
0.10273569812828702,0.08980556616732703,0.10156644050249013,0.15710647777056067,0.09470660312782936,0.14934400743466425,0.09268008520042743,0.05378548167052621,0.15826963999788793
0.11698362712973792,0.09771781068199152,0.13325737581565697,0.13423131055310986,0.11096245711336163,0.13902505015820146,0.1088920135657791,0.06547498880624439,0.0934553661759172
0.1024986914461588,0.11692382141659957,0.07508591105569093,0.09098760058565351,0.10310389460426943,0.08964349171431431,0.1418161493862841,0.18460646892398733,0.09533397086704197
0.10219689763226358,0.1294859552117548,0.04763072825957071,0.00428228091424259,0.14743724070939276,0.043255162608603855,0.14573985541209422,0.29243910609327,0.08753277315880736
0.09937484869343903,0.11999692243273218,0.067828856722852,0.09408003350596207,0.09996217531819473,0.08624119808382959,0.16063656322331143,0.17533547295545052,0.09654392906422848
0.13147003970155482,0.13042854851958444,0.09255942716845378,0.08076950011071161,0.13077332381815687,0.09153410785287125,0.14725154338072766,0.11301424601523846,0.08219926343270104
0.11383422377501579,0.09497266136704623,0.13326169428912324,0.13131640001708947,0.1082559639410831,0.14854901128853773,0.10381001058759298,0.07847062805562871,0.08752940667888286
0.11126072323028742,0.09336622613827965,0.13106833431572265,0.13185872387938216,0.10475222867095613,0.15238357473235917,0.10054052531917411,0.07762206220937902,0.09714760150445971
0.10229571019658662,0.09645686063472558,0.09886029844424003,0.1488172049367287,0.09829316132303584,0.1439254461233763,0.0894277224977595,0.10676946416211741,0.11515413168143
0.091773433487443,0.15303432297954042,0.04302088085626705,0.012166382639711327,0.10881232882470822,0.042214215238808694,0.15428562801067222,0.28766344977670333,0.10702935818614569
0.10786341166811415,0.11354881041860333,0.08293691287590992,0.10234764782319766,0.10692229666691883,0.10109297915012146,0.12542647679165636,0.1580720361961259,0.10178942840935236
0.1239542210209628,0.11475590741012696,0.11182369229824884,0.09396845468373376,0.1248866860060417,0.09491117693303246,0.11292751470243857,0.15001495278645152,0.07275739415896333
0.10528744713077753,0.13062923861751186,0.06688800689699688,0.04276191121412126,0.11453945158149399,0.0701717141484455,0.1593065200785685,0.22234055362605817,0.08807515670602632
0.10520870964877367,0.08983981134795489,0.11157719026387765,0.14309778892072342,0.09657982649171987,0.15090386628374078,0.09571411498997441,0.05563167291109705,0.1514470191421383
0.10109589963964326,0.12283673438507257,0.06380404529883203,0.1013533215054282,0.10059332852546594,0.08491655994203094,0.17354442674718037,0.15029299123909404,0.1015626927172527
0.10730197017073873,0.10080637132843118,0.10912695097868919,0.1561844916967062,0.10137691122495361,0.15792014471235483,0.09001238927639905,0.08451700558934207,0.09275376502238523
0.11287341862619638,0.09939580500064077,0.11531178192599119,0.13785294893479635,0.10947403350829926,0.13803665859793215,0.09766455406283629,0.08902337996860887,0.10036741937469866
0.10709536268682297,0.10935271621411354,0.08819770304179554,0.11106058321133024,0.105723105982665,0.10762874968501124,0.112951646282468,0.15580564518140563,0.10218448771438783
0.12504866678169554,0.10647938610056684,0.1376695267480955,0.11105540956523814,0.1259805639039718,0.10184065435495605,0.10846609035826832,0.12404003675867693,0.059419665428530805
0.10353754200278803,0.09450864922999468,0.09694169760802374,0.16041141145557528,0.09728750151362403,0.14330137765050358,0.09199069601971095,0.06705466533205968,0.14496645918772003
0.10286167657038874,0.09271190725305578,0.10735001161716294,0.1481038379274303,0.09851356994094977,0.15195547687672253,0.08778327192415135,0.09635683252346235,0.11436341536667634
0.12367011597845452,0.10450714209570654,0.13768737148504095,0.13248478664310281,0.1198479431171609,0.12454067580485323,0.11425965386990501,0.0699577222770064,0.07304458872876966
0.10572126601427807,0.09060137631540992,0.12172957636760086,0.1397546795577357,0.09949670902115813,0.16101387715067164,0.09268391141861211,0.08261129154875103,0.10638731260578244
0.10733450089336251,0.10635931062185407,0.08758169119603709,0.13898795785205523,0.10309857972217401,0.12373110419458964,0.10771436379702544,0.10377509663075218,0.12141739509214984
0.10470118992536885,0.11221596158061653,0.07896695475467894,0.1292923406627288,0.10126929620300745,0.10596134462639949,0.13103859536476284,0.13625581763594527,0.10029849924649183
0.1129697098414157,0.1085469814351004,0.1184008247803011,0.14648066507960233,0.10788754425864899,0.1418239620283531,0.0912884204999615,0.09899391681824528,0.07360797525837164
0.11662375815721869,0.10502463638677872,0.12737182565378066,0.12601754849397817,0.10896992208619317,0.1438127466013773,0.09839046925576302,0.06769288284072565,0.10609621052418455
0.09618946377446806,0.13830804656920512,0.056480363446444276,0.042123005873369535,0.10560558833596483,0.06532431450020774,0.16838231513844917,0.2246493195615101,0.10293758280038122
0.10436556654742836,0.11426842674553554,0.08451696192527887,0.06417606112033536,0.10893686432117905,0.0770993471223577,0.1224814275859909,0.24533160919624616,0.07882373543564812
0.11675587796087745,0.10042750694037965,0.13125940757873855,0.12816797226937052,0.11556419375202685,0.12566284812433542,0.0996001096720897,0.11247434286577895,0.07008774083640287
0.12739495029995626,0.1059698867671935,0.14396171412635078,0.09614140002161527,0.11656300024313977,0.10990319854291764,0.12873285521244385,0.05623172623384168,0.11510126855254123
0.09522463953087512,0.12146386536263304,0.07041375718943464,0.0464831407627662,0.1031325039629743,0.0660491341845025,0.14351836024676667,0.27147088310079653,0.08224371565925104
0.12065892999287016,0.12402807189663724,0.08939357375136452,0.03538140914030033,0.13315867153346322,0.06093621549267526,0.1365550448949732,0.23379422635817326,0.06609385693954285
0.10750454804414455,0.12021985015169305,0.06816333859934376,0.11216825215056005,0.10438361508262577,0.09874893615147758,0.16288004355525362,0.12064496739466173,0.1052864488702399
0.10287693765513599,0.0884922041151584,0.10561341098606473,0.15082835791175184,0.09565293129328088,0.15592042982159995,0.09261903864633657,0.06143671001274059,0.14655997955793118
0.12192961460159178,0.11375895612173385,0.12386277567627908,0.13141435089758546,0.11534461638623587,0.13253148373964857,0.09970509251971038,0.06664053600984082,0.09481257404737416
0.09491276400049135,0.1162613715492683,0.07187408996850876,0.09426483740605936,0.09611616286502349,0.08245480240182725,0.1501838112255224,0.20451138838826102,0.08942077219503809
0.11042194473435989,0.09266888098224901,0.1259798680709343,0.13692144038466514,0.10376830613434775,0.15077171247141552,0.10031682698308349,0.06992546599652459,0.10922555424242027
0.10105313230932478,0.09427024752982925,0.10197868731851652,0.15196138011391533,0.09676081533472257,0.15191999496978312,0.08656131363737618,0.10520033006938888,0.11029409871714346
0.11009420428759749,0.10634314815314967,0.09291874454246135,0.13385399267092754,0.10632896362599005,0.12363218357117396,0.10493071090075023,0.10165078813644651,0.12024726411150317
0.10610413340529427,0.10814327654836871,0.0923758240170275,0.09498680202939387,0.10685302232459522,0.09774097880011678,0.1080707819311849,0.19786577671457292,0.08785940422944581
0.12275598748261755,0.10364140545565691,0.12146064705486519,0.13062577403422784,0.11327598878069912,0.12082775601214557,0.12525497451103,0.036476705036975664,0.12568076163178213
0.12372411840869602,0.10380765851356,0.14289853132467434,0.10164306106741726,0.11344584716530676,0.11897933889909344,0.11816056605256216,0.06127578148540974,0.11606509708328032
0.11274033784247105,0.09821285962891894,0.1164661318971451,0.1439026510940383,0.1081395155345724,0.13975917787293307,0.0991434349696038,0.073678894123047,0.10795699703727037
0.11137847161239138,0.13311745968488006,0.06972687541023997,0.029967810738373363,0.1257533317092796,0.06245793941885331,0.1568538570424616,0.23355803212751727,0.07718622225600337
0.12167978492481395,0.0993680417229194,0.1325254144210342,0.11015607910406784,0.11105870329367366,0.1172274690936641,0.12374526989043137,0.04400389917665785,0.14023533837273772
0.10432010549534725,0.09918618317208851,0.08875225572944877,0.1638937501010411,0.0978376536005315,0.138612936983432,0.09685669518405493,0.06792888073856858,0.14261153899548742
0.1340902045837572,0.11101081246598743,0.13716569805404,0.058397394519955716,0.1205341277793333,0.06647712759547003,0.22594848327030945,0.05067360965160214,0.09570254207954472
0.11670145442970135,0.09694954225677561,0.14953553524885363,0.11240901750939984,0.1116576496846799,0.1305354819681387,0.10909574054989901,0.11222025915040411,0.060895319202147795
0.10509691966873107,0.09025631899276317,0.11962126514826721,0.13702612381354604,0.09796156309673792,0.16602575762411106,0.09266293074597842,0.07789602444770725,0.11345309646215788
0.10557584247546876,0.09153706888954725,0.10651729651920483,0.1518820627166594,0.09902895285687513,0.1482104626312103,0.09457486112053738,0.06211419741719965,0.14055925537329725
0.10114666717995147,0.09603059660220824,0.09958024939086214,0.15614317473660907,0.096608508459599,0.15128622730864558,0.08754766110649041,0.10505868826514575,0.10659822695048841
0.1122397720283339,0.13556795420062276,0.06709177073179698,0.028212578122017523,0.12757400770160743,0.0634000245506439,0.16186358369880502,0.2255459573794162,0.07850435158675616
0.11704775600520535,0.09830584177709199,0.1392715631867658,0.11575324492296306,0.11766846299313082,0.11454758024476708,0.1007540723632206,0.14024088778044339,0.056410590726411906
0.11789194422376333,0.1047343689213902,0.12654844562120415,0.12092624997176883,0.10953892766985052,0.13386822977407742,0.10182690051649734,0.05738292876042833,0.1272820045410199
0.10432142213574809,0.1585297716318287,0.04151880572383101,0.013431971764510607,0.12694744081132078,0.05558340642510362,0.16236998509297348,0.22989493849115425,0.10740225792352949
0.12173241167771841,0.10134436608681559,0.14577115057110474,0.11231227915272535,0.1134452158449057,0.12826802149454145,0.11675503492275895,0.07149542350939114,0.08887609674003875
0.09835752964529432,0.09017607702609796,0.11969443826160088,0.13308982948147807,0.09482595630690442,0.16920914653807675,0.07944637602452508,0.15412399353010797,0.06107665318591455
0.10635602842934437,0.09232533817422472,0.10542270650643765,0.15438645320841923,0.09934099832047107,0.14315794661008116,0.09609490509503667,0.05654278033760656,0.1463728433183785
0.10922993509316155,0.10122715320770377,0.09304489241883716,0.1535867012344185,0.10286855795288875,0.13484463414519124,0.10060919097132714,0.06168468732341864,0.1429042476530532
0.13370079625654027,0.1104918859354334,0.14755517290850736,0.1047025870608425,0.12498302900187153,0.09873935748905667,0.15226130430637133,0.04717118569291925,0.08039468134845772
0.10102449826096226,0.09186458964662952,0.10076644418367918,0.15491936341825358,0.0955618840916825,0.15701921355868967,0.08769502047229501,0.08289736373846934,0.1282516226293391
0.11231283269512053,0.12463392649786076,0.07814934232240352,0.05876072397696815,0.11734485910431919,0.07879159145488177,0.14595145301284287,0.19840584172660444,0.0856494292089988
0.10696865534554358,0.116725123699557,0.10494277429224663,0.1156633128634011,0.10780573064902836,0.07995847533732518,0.1034358374423454,0.17868605067934137,0.08581403969121139
0.10244230222766126,0.09710180715128608,0.09906599715507251,0.16225306960751806,0.09719176428125677,0.1476618034468287,0.08912107336094294,0.09095780995706886,0.11420437281236483
0.10761196007426053,0.08957287858739145,0.11658664994358085,0.13520214669876338,0.09846242077678337,0.14662459504887465,0.10060124967692034,0.05327418262802589,0.1520639165653996
0.09373368611290302,0.10277017033034169,0.08880134960776491,0.09302219670729146,0.0951072522474025,0.09170961315905742,0.10269294456784454,0.2602896499163904,0.07187313735100402
0.12647774547493237,0.13101080003034057,0.08679382087923931,0.035647081435547574,0.13876997927793164,0.06493136099279619,0.14935619118948382,0.19652741455291897,0.07048560616680954
0.10685363905662461,0.09790961891868415,0.09922811326430388,0.14914537054171137,0.10188835498449093,0.13940784113690682,0.0947789933567788,0.0784722633834808,0.1323158053570186
0.11065757605852489,0.0926102834761997,0.1242498662697471,0.1252746541584472,0.10133844041691072,0.14596061812444697,0.10241914847305494,0.058291723121250826,0.1391976899014177
0.12889811904049245,0.11869383655212963,0.1133684206215791,0.07902086489046901,0.13158143275480086,0.08428724877864803,0.12001872114200673,0.15802251356280372,0.06610884265707041
0.10101661141569414,0.0960539211119721,0.09944465345501219,0.1522088293674677,0.09692032590658389,0.14851421762726538,0.08764274820137134,0.11217249812108891,0.10602619479354436
0.10858726117190946,0.09561143761595674,0.1119465119661247,0.14353318299785417,0.10022226576186762,0.14435106361634084,0.09646827197869118,0.053910338000549264,0.14536966689070605
0.1263621858097631,0.11927271329713794,0.13204328094866985,0.11958194965044215,0.12062348681493888,0.12269289510372734,0.09924007733960254,0.07915762183121813,0.08102578920450006
0.13846049678606823,0.12123112161901932,0.1440867847653101,0.058925760685772245,0.12442440233042158,0.07150478086073023,0.16479513145964023,0.07499131766381512,0.10158020382922296
0.1077819918300082,0.11096130955899199,0.08016007236181541,0.16014577876467354,0.10127095561493456,0.1182477585731951,0.12409467838708237,0.08985315851039982,0.107484296398899
0.10629892935081232,0.08806447598307483,0.11054921317842485,0.13657769493758407,0.0966694701335916,0.14516270638858148,0.10069556592288136,0.04737766614797844,0.168604277957071
0.12273414658024391,0.12042289382602937,0.0943013437795513,0.09082396566502787,0.12220258636835381,0.09833615436733482,0.12858104893674457,0.13384584705879687,0.08875201341791748
0.12241396005259737,0.09797009055199384,0.155275207966424,0.089999433333341,0.11740713364561016,0.08982540846678871,0.1486981146046107,0.11694825301490462,0.061462398363729555
0.10175338836356361,0.13204859247460896,0.0639015302709176,0.020575560548332872,0.12067972792825164,0.05212032208060843,0.15125197374237695,0.2828644550724108,0.07480444951892912
0.10725120979899123,0.0993269216724672,0.10022468329732488,0.14361236063932145,0.1031809887727569,0.13622754359983577,0.09474909523583046,0.09236458759365078,0.12306260938982135
0.11847819659513026,0.09251252554051448,0.13057604492357247,0.04270072947694109,0.10955840072198013,0.05659085287306978,0.276013468924137,0.07417059746517705,0.09939918347947774
0.10640412452945452,0.09705550190042023,0.10945013105240249,0.13569561793671517,0.10396936602490932,0.1368555157409688,0.090228119173125,0.1211600136265753,0.09918161001542919
0.1034422915938299,0.08995945138020574,0.11104249136238449,0.14920228888824244,0.09728502501724746,0.15701352242870129,0.09069205499231547,0.07471049816867363,0.12665237616839956
0.1154209838743746,0.14227924763391692,0.06081259363554046,0.017726910021418026,0.13921305334544962,0.05959543683735926,0.1683955904211969,0.21677537422473336,0.0797808100060108
0.11890896305806936,0.10121550325832096,0.12866019048808594,0.13698621587820178,0.11465416946357475,0.13552882370677802,0.10732129982433998,0.07104291170848603,0.08568192261414319
0.09033632693208456,0.1240302274312423,0.050813375301881604,0.004734711253323213,0.12404981910040268,0.03344787626084707,0.14150585078043182,0.34723427944354085,0.08384753349624585
0.10802186933661045,0.13817171674462173,0.06065656911471378,0.039258684311092334,0.1183878943118063,0.07163548218296044,0.17307655091111362,0.19630637461408576,0.09448485847299569
0.10582105067997553,0.0947625657733296,0.08870442269968361,0.16494966256826474,0.09701581509928618,0.13449418654939418,0.09948678141950097,0.041484660096450625,0.17328085511411453
0.10339656842808072,0.10944541508086547,0.08771242147207753,0.15113051383095788,0.09959099302181633,0.10969164571703732,0.11639158972845358,0.14250897465886658,0.08013187806184467
0.10126515777207275,0.09546232968732478,0.11703380031295468,0.14228237585878414,0.0971350511112754,0.163392155091095,0.08170325784849103,0.13663249846275696,0.0650933738552452
0.10582346750830636,0.12091015287685054,0.07175304876572387,0.08615177062653012,0.1065357493318468,0.09030746197173473,0.15260586149432567,0.1660090718970529,0.09990341552762899
0.10770977481216337,0.12792407069103018,0.06773632665841132,0.06118349197734033,0.11232138898210657,0.08199658955163092,0.16288359524123006,0.18192670910652312,0.09631805297956413
0.10653256144801569,0.12454159971063634,0.0735712177611485,0.05361006472131541,0.11290582005157625,0.07493425859962503,0.14795321005246945,0.2194070081371274,0.08654425951808593
0.10114577127317514,0.09000947984845058,0.12021750570662078,0.1360493488499815,0.09811542752695136,0.16045195351279481,0.08329713773266914,0.1364142464719848,0.07429912907737195
0.10749893919855551,0.11129791938523104,0.08482520843365458,0.11151836467327932,0.10575761296709942,0.1065990837115977,0.11948209693575323,0.14825896341820793,0.10476181127662128
0.10290067049533652,0.15642343701168307,0.043130941637925295,0.01429065217838385,0.1247684433010529,0.05512449343760078,0.16286786072551762,0.23573251433533837,0.10476098687716151
