0.12532357601355795,0.13635907461162433,0.10650148395174792,0.1095633384817646,0.16227451035855545,0.13170380851299213,0.035358240735422534,0.0923518279900782,0.10056413934425684
0.11414925623896334,0.12526298845449824,0.11482420273278197,0.13104918732320278,0.21371531537566113,0.10970215833093222,0.055905440689907215,0.03925693785901509,0.09613451299503799
0.10543037008036582,0.18323849600882772,0.066722555443637,0.12251267958224532,0.13020584732499052,0.09847403161376174,0.04283088005084443,0.1573784310357139,0.09320670885961353
0.13656154563608516,0.12935321806527542,0.06636858827533486,0.13370520370699693,0.13450867848452353,0.11893213843727468,0.10136430695296318,0.09142728052807096,0.08777903991347531
0.09194144368042034,0.1346527894393683,0.06406199974458572,0.11513954387132219,0.13031659037692542,0.15317526683993749,0.06236047532169161,0.11257684775962984,0.13577504296611917
0.09544757399110072,0.09075619440326753,0.03089821042580242,0.10137803007929037,0.11917079000513654,0.15994127881693654,0.05255906474960015,0.1647673255551401,0.1850815319737256
0.0985449631910214,0.1684892071243452,0.08807778834720074,0.10378176782413866,0.11937774100344678,0.11187741590937182,0.06456268884357978,0.16239131745960966,0.08289711029728593
0.11230236620225624,0.0893544076240433,0.07686863040988486,0.09813066938733937,0.07773803928511365,0.11295673539396282,0.2526360945537985,0.08595166662854557,0.09406139051505574
0.11774690258874408,0.06078388548297683,0.06228226259374255,0.10724779730428846,0.08498516072360862,0.12747364758792795,0.16667736723363127,0.1196521927371177,0.15315078374796254
0.12956833371672621,0.20426104271705448,0.050216243149957686,0.0998817337110068,0.1301653442805962,0.08438990880031888,0.03963738382880016,0.10062651216856155,0.16125349762697805
0.10910062774955613,0.08311391111848791,0.07329091527160253,0.13747387946562858,0.1407344912385885,0.13108951053514104,0.08963330889511893,0.07501767874431414,0.1605456769815621
0.11197605179735533,0.09524872852410142,0.09880187967450622,0.10179706326795879,0.14036064685702346,0.12173302010977431,0.030368774474176657,0.10675382497352154,0.1929600103215823
0.12053029647213877,0.11956623450276359,0.04527135984299705,0.11447699265413942,0.13671717788953372,0.11334667788998361,0.06332370062962514,0.1834542735219623,0.10331328659685633
0.12199997874687037,0.15194889501185851,0.07887687681675842,0.0938630827738985,0.1087548093598615,0.11006725273883951,0.11012271102181874,0.04512993672336638,0.17923645680672817
0.10798992996854118,0.16287741073675271,0.06715811918264523,0.11637590510642924,0.15844822877296594,0.10075985518052112,0.07289808392332167,0.04385118591930204,0.16964128120952085
0.11344495266981447,0.07530678440577425,0.11771420223896184,0.1011204656205743,0.11194854134917809,0.12144387072541879,0.17732210804246282,0.08438547753052116,0.0973135974172943
0.09114546152190683,0.1365344570763141,0.161816197590006,0.11082457832883168,0.16998306530624252,0.11561165131553015,0.004898627802515197,0.09653151920483387,0.11265444185381963
0.0856436923961732,0.20779845342569994,0.2766280551671592,0.07788160672887341,0.08256932932914259,0.08603453347183147,0.052867635179052595,0.03782430034602996,0.09275239395603758
0.11449751921014845,0.2433156289556597,0.04814642258774474,0.12735685356588133,0.14976475668006498,0.09770102351436487,0.0468971021571813,0.03914666277642504,0.13317403055252952
0.10872841652572984,0.09870705943561382,0.044896360533968414,0.1213452703944596,0.1030144495730258,0.11845563687885312,0.14694267878939452,0.13977799559668044,0.11813213227227441
0.10242745611919728,0.10893499184152504,0.06928563401469572,0.1363363699460665,0.14348841679214355,0.1447083084956783,0.073265525456203,0.1316511135336241,0.08990218380086652
0.13272123843150355,0.18490366849481701,0.13426129571888834,0.09212067160596175,0.12195793544417784,0.08650431140967096,0.11498697574989307,0.049822338524756,0.08272156462033149
0.10762513417186166,0.060598063822678745,0.06048410170363785,0.09291554705173292,0.08892359151202589,0.12516523866024465,0.18459894702952906,0.14458413445986631,0.13510524158842285
0.12421714611955148,0.09431992119652316,0.035695037224606284,0.13261108314792472,0.11144957891716119,0.12871616333639882,0.15443556899854566,0.11284509302644548,0.10571040803284315
0.13684566643515683,0.1470268583759879,0.061581471265714255,0.1226803027896679,0.11384679964738113,0.10012497640882599,0.15284451120111833,0.06408308388738639,0.10096632998876136
0.08924769710375484,0.09772957225536212,0.08533976020173806,0.10506500529119019,0.17064036857242815,0.1354076469313291,0.004853775262800503,0.21592115557148364,0.09579501880991337
0.09578688084183296,0.07782427208742299,0.11563276675394625,0.1193269149107715,0.14412686732033572,0.12151464037419785,0.05928995764906662,0.06617085290433979,0.20032684715808627
0.1060353436044944,0.10198961980231873,0.060532591998328465,0.12217964034831784,0.11260531722193974,0.12984042870642923,0.12377777249956533,0.13141478878766868,0.11162449703093769
0.13350271289913698,0.13116816898956876,0.1261000393576134,0.152018158083609,0.13809717994994208,0.09738293710262487,0.04319053228752149,0.07582490851346678,0.10271536281651657
0.11793954448379888,0.0997019726374501,0.10952599412853657,0.13633541441409172,0.10322787378955628,0.12770749534801903,0.08007735101143347,0.08988896799633826,0.1355953861907756
0.12967776068228423,0.10868810440173317,0.14915801650230212,0.12036011167949871,0.12078442792125238,0.10356289356139799,0.03843169621322327,0.0651219361700884,0.16421505286821972
0.11000459314791017,0.12061786880718262,0.0873170923264316,0.12886680229652278,0.12795672012893286,0.12788254722465253,0.04529912151986689,0.09534892988889847,0.1567063246596021
0.1259159819695315,0.07892947152354113,0.06736996807978414,0.1308864058846712,0.11859689154931208,0.13936738958738612,0.1350971092652998,0.10895086012688955,0.09488592201358449
0.07100115199390288,0.054176251614247835,0.10373884320560611,0.07863835563915388,0.05450048001432466,0.09280350534018626,0.27429036906215104,0.10068837951704447,0.17016266361338275
0.11558059724538734,0.1200140334347738,0.07985145946682844,0.1139145295023074,0.30857532295584206,0.12459752719678112,0.012245110853779875,0.0357897850697732,0.08943163427452681
0.08775718645497817,0.05334602217816456,0.10894451681808916,0.11092249019230283,0.102457171175686,0.09561536637337326,0.07114814759362,0.21451102316698822,0.15529807604679782
0.11293291655550008,0.12790050554999435,0.07556792117900805,0.13411178762364165,0.10246270142072585,0.1271310280500515,0.1047597430944613,0.10096902205471443,0.11416437447190271
0.10658167099858377,0.08346839035450136,0.06639419273520789,0.17721859173982737,0.18543339938009282,0.1542123510786259,0.0301382955475954,0.057655827585532414,0.13889728058003303
0.07050020376260059,0.10504561872578665,0.03731817173461779,0.08032002325844552,0.06810420951461454,0.09295765538220707,0.4454366244386542,0.06070851569789865,0.0396089774851749
0.12335969744329407,0.11784470946478287,0.18620760068283948,0.11784336019548698,0.08849060237049354,0.06651944474302136,0.10984929976846274,0.12314206044667815,0.0667432248849408
0.09765661632594853,0.1174584524536866,0.04340912397261726,0.15206962272170418,0.15461059592388635,0.13497487754074364,0.0722680438386169,0.07406051634110385,0.1534921508816928
0.10294220306559367,0.10905219500333167,0.1921165550774856,0.10570660243916474,0.15966954404886372,0.11354829643726184,0.04898259283699535,0.03308601060202256,0.13489600048928083
0.11906976037195793,0.15606475254843466,0.04541689330211631,0.09740814914424444,0.10736415333207265,0.10722371670494096,0.12920993014673784,0.10597178932199862,0.13227085512749656
0.10201405771894385,0.08095953501361869,0.09733418074554913,0.09487079385579138,0.08648287754770262,0.12049991824948973,0.23417896468359176,0.06258435893815362,0.12107531324715926
0.11348466776331528,0.07002736845476883,0.06012727696968203,0.13568203749720778,0.11379192318669296,0.11185163649404396,0.15457042161208634,0.1679008844223265,0.0725637835998763
0.09563079188828001,0.10921855486450661,0.03738862147392663,0.18071771517341972,0.1005669521814818,0.13138649517008347,0.1535802434228334,0.11859006012024514,0.07292056570522316
0.12550248227356112,0.13527835582828115,0.054197600350364084,0.12337211894154405,0.10333918219687077,0.10142887590001957,0.14666701410829733,0.10876923992777039,0.10144513047329155
0.03308900826606743,0.0896459969615977,0.3211947781533339,0.08078023430120652,0.036697193751848385,0.11245584976797579,0.15876215382616532,0.03824297900944618,0.12913180596235885
0.11383911607601838,0.050654627637765674,0.10239907506961154,0.11001076312343998,0.11658578870125501,0.1421021454166127,0.06578306871395596,0.1501549735243958,0.14847044173694499
0.06618100110832142,0.06450110630983176,0.19529515838369457,0.12091996572974868,0.08978401044868627,0.07519144866953043,0.08679369552762468,0.08964490790529324,0.21168870591726896
0.13277430251991046,0.11152302356944148,0.05288114249979039,0.09847415083968018,0.08746280186001976,0.12617764831388067,0.15352941949525487,0.14694246978733735,0.09023504111468489
0.10856104283675178,0.07318039434827295,0.0864775442778085,0.11974024079621466,0.11175213634628883,0.14780890223809015,0.08931360893208252,0.16978318036474915,0.09338294985974151
0.0863292740490355,0.07898446713335884,0.08798905746614256,0.10190142406056775,0.06645063497231384,0.12903926315453199,0.18824527803581262,0.1158877999605833,0.14517280116765363
0.0947729828614028,0.12292379239979816,0.15539916064724255,0.11745964405632774,0.13808860022381886,0.125746127192062,0.05928621388381222,0.06687141209669849,0.11945206663883728
0.07781480252861343,0.10589583404180301,0.10198795811667521,0.09871114429521018,0.08491227545221776,0.0836252777374286,0.26016500582706464,0.02612200005108491,0.16076570194990222
0.08951146593797238,0.148778932266014,0.08386590302056224,0.14242574629692165,0.10479176891778112,0.1377797822648691,0.11305862637719531,0.10409327979593887,0.07569449512274531
0.08087191395131849,0.0630641569636228,0.09276972368705212,0.07564202425280155,0.07327736521432622,0.09475601473027277,0.27514781835981433,0.1505067121283877,0.09396427071240403
0.10272906513162954,0.10298058147545641,0.026339216913217636,0.0859984700249747,0.06778102058924278,0.07756215706688306,0.34375974791751757,0.14193424760519793,0.050915493275880484
0.13642058143738314,0.11053828221844987,0.0993930471368732,0.10357597669122144,0.1104127535560706,0.13866624024076687,0.04242277422779648,0.1170536374582647,0.14151670703317373
0.12279889090614667,0.13375603810420558,0.08565361873879013,0.12609516977650997,0.11533280131690941,0.12945758059480336,0.0529798459885848,0.15487355677812478,0.07905249779592527
0.08217722770903797,0.08211597683086595,0.1413616954725193,0.07752753158521554,0.0660413812321426,0.11093208914268073,0.0759655239936345,0.19122658535920467,0.1726519886746988
0.10829597945475926,0.08756233623848086,0.08219002774905278,0.11907440000039284,0.1734884670646298,0.12793779601838584,0.13713240848957411,0.06794551293706834,0.09637307204765616
0.1049448097959907,0.20804419317786307,0.12575811612739315,0.10916321606669388,0.11631688882777518,0.10209833800221964,0.0698603599131837,0.052391660921025464,0.11142241716785517
0.12567660939205463,0.14949055704589906,0.11061351705973677,0.09657098547963762,0.08582451149480187,0.10715676697043201,0.03757256758033318,0.16651252190585503,0.12058196307124991
0.11889505398818602,0.1267106368579849,0.08090334340002563,0.13233960870210618,0.1299845757805507,0.1416076942802905,0.08175198127245219,0.08820026684083393,0.09960683887757003
0.08649004944361598,0.1191894097160175,0.12903028149987225,0.09589567917440263,0.06418089434620274,0.1140936011906395,0.13182533025819787,0.09152120546814113,0.16777354890291038
0.10597038029293031,0.11928507294020353,0.12065609659231984,0.10067120639600807,0.172862169941143,0.09396624775155377,0.023210645503900538,0.1248187137021642,0.13855946687977683
0.06674974389436113,0.19111050900874613,0.03579750572963087,0.14536680357473733,0.15062312743400932,0.13298726002407027,0.01538957975373569,0.1270952873032714,0.1348801832774379
0.10029936414936436,0.10820367545448384,0.06324876912868228,0.14994391263204312,0.14136110927439027,0.08271284614956427,0.035040328583049334,0.2531175344412369,0.0660724601871856
0.10280000267272572,0.0925614451368475,0.09164329231969859,0.1319810533044771,0.14130685082221714,0.13853600579385517,0.06089330123990919,0.09307418940311644,0.1472038593071531
0.08551801281622677,0.08631635745902878,0.19250701757717345,0.0592189739610128,0.037621580645095375,0.10364476535624823,0.15965449490973285,0.17266332149546273,0.10285547578001906
0.10211266760118239,0.055547221920180946,0.14794454688169048,0.12119057349181905,0.07567526822549604,0.12043624665695997,0.06588606798312419,0.1345967838135827,0.17661062342596423
0.10850204614052232,0.10539145700353723,0.16634542320887746,0.10593558507752747,0.09941686463480244,0.09050991825674097,0.08016406592417546,0.03958421957039967,0.20415042018341698
0.07009551469295068,0.06228779868682365,0.04969925649412658,0.07891968601867731,0.04817477490612807,0.10072020085432964,0.38955010962881653,0.1290430856164515,0.07150957310169605
0.11680960893338745,0.15238539297186468,0.04849054316941309,0.15610851485524657,0.13693549132949892,0.12181761180662894,0.1149272796967028,0.0717986734666608,0.0807268837705968
0.10160987507978399,0.10429041585680943,0.11109722665178212,0.09899047372461299,0.09313428865805673,0.14295370388648718,0.027972842253748118,0.16891249245077475,0.15103868143794463
0.07892047145706656,0.11382998930507993,0.04579936047062235,0.1380018034293058,0.1479728528177997,0.18640471611286571,0.0382026528954481,0.1477052972258968,0.103162856285915
0.126543997758432,0.13559128344866564,0.05240914299167476,0.12225248548309475,0.120358240729021,0.13463893175936253,0.12584054072100256,0.06984000128830888,0.11252537582043783
0.10266053150681158,0.06108508575177076,0.36303658975697645,0.09130145234014514,0.09293190279283202,0.07635492959881042,0.06043406402341637,0.05398779253585368,0.09820765169338354
0.12260791312364105,0.18194858131263345,0.08528100623966521,0.1108386467125706,0.16362893068702142,0.11229397271956643,0.06426768694355252,0.033144296951020114,0.12598896531032922
0.10898715707366208,0.1597218449229433,0.09743609518815478,0.09512404892294722,0.07677480740964447,0.09305251307393714,0.2192758421444957,0.049079188970853005,0.10054850229336237
0.10871200144047861,0.10315826460867039,0.046869031341563415,0.09678756443113151,0.10143217184230029,0.10910202104949025,0.1697596288486923,0.15700431535537934,0.10717500108229384
0.1087411032746034,0.15941870469181565,0.05442214986571114,0.1245129540250352,0.15721327179380387,0.13864717600691384,0.061878822029283485,0.09865192035441704,0.09651389795841638
0.13184135034165612,0.1951636940944594,0.12907299082835186,0.08861919248637594,0.11029551674801787,0.09369042004694673,0.1023728092355251,0.06562596673488144,0.08331805948378564
0.047270582480528726,0.08522763749648525,0.09252819116937551,0.13293231595918484,0.08133324505301838,0.1768248319930227,0.04402286052479923,0.17856208777410534,0.16129824754947994
0.10977094352844387,0.11735657681400391,0.0522648297697813,0.09864373235401963,0.0720338071581364,0.0779138677384149,0.1257902118731183,0.3066921467015025,0.03953388406257912
0.11166999593976906,0.1167771005726898,0.09430277842063835,0.12798801215155495,0.12633706593921887,0.10941432722436639,0.06030048390637436,0.041612733938233136,0.21159750190715507
0.09555153186871486,0.08508226918601657,0.1233885659973194,0.14225677679753643,0.2319065578021869,0.1067114252242366,0.01690976423100793,0.08159911133231135,0.11659399756066995
0.09538196515464321,0.10293150118029352,0.07767628146317246,0.13546723042913178,0.11512673242597715,0.1341199233886812,0.07499449419585584,0.08359525569621283,0.180706616066032
0.14241580370611995,0.18512890379335215,0.060698444730285295,0.12116932916097235,0.11440001859983699,0.09798894109628953,0.13405145658081175,0.05022432284918548,0.09392277948314655
0.12895018704493819,0.13148538826143863,0.0482774659917064,0.1264613933241016,0.14908861567213813,0.11606242475970346,0.10718021694005464,0.08502992167476904,0.10746438633114991
0.1235117995044978,0.10907072111087153,0.08032013880274753,0.12608108757788014,0.12606083811340654,0.1321959452635553,0.12790091328510034,0.07953077090008148,0.09532778544185937
0.06696798190632554,0.07407655756570532,0.1527335136139512,0.0869410799059228,0.05473772060884641,0.10465452169502233,0.2051121851510812,0.058047058971288236,0.19672938058185693
0.13401084311480296,0.16546569219212523,0.07326577221347075,0.11426840672065257,0.11839452947115765,0.09642176765305932,0.05579370319853244,0.07246117179797434,0.1699181136382247
0.10570797545845852,0.16637314472051495,0.09221081861460428,0.10480428889137754,0.2313946450669191,0.11633592211017696,0.02844247118547576,0.05165965670521147,0.10307107724726149
0.06406327893253438,0.09931013000902073,0.042093022960237224,0.11271313910718583,0.14740398691066947,0.181596937313098,0.00862472564577474,0.1688126846004542,0.17538209452102546
0.10024408306449155,0.19705098602765536,0.24238109286207307,0.07536383849217147,0.09781007259123814,0.06696142900701174,0.04888431932579185,0.018827956056567483,0.1524762225729994
0.12039704808456664,0.1900809352294421,0.09500272791883652,0.10854226726485183,0.1580454215773194,0.12274083469527104,0.07138725773322467,0.05982351271710539,0.07397999477938243
0.12708970752161144,0.10180862261328993,0.058411047064843506,0.13323622190993226,0.1217604156680906,0.12420482979013443,0.1633499911913268,0.0761752116093794,0.09396395263139157
0.10019386855820372,0.06130471632565293,0.22187907449999003,0.10929910492823451,0.06629053896239036,0.06932107786508938,0.07342494195929587,0.19282901034273844,0.10545766655840473
0.11182981333487856,0.10069387225609483,0.022908649525978503,0.06035381470545586,0.04744714612262609,0.06040578040470415,0.4168058776217143,0.15149451313026735,0.028060532898280307
0.1194562796770381,0.11826738303934864,0.06957975417307391,0.1222931862348479,0.11719427842639057,0.14384087028366202,0.05451293109755712,0.09271318756692874,0.16214212950115311
0.11791488777869187,0.07174978998140524,0.05436240966645878,0.15098413334129698,0.09210147842539229,0.14090517197231997,0.08247483054773241,0.16134593895489965,0.1281613593318029
0.09343442887630687,0.13620763648922127,0.23524576952502807,0.12982597395887724,0.06536754786766001,0.1029783768733513,0.04492044998031742,0.05857492514230333,0.13344489128693449
0.06967442495027325,0.050877277928897985,0.17336017324337105,0.0851475646155468,0.05725783946305513,0.09146070617565732,0.18546600870506488,0.044164170617718025,0.2425918343004155
0.09959803737339928,0.08163997235083888,0.04079671295153256,0.15819522615204154,0.11828190407713528,0.14672397742500373,0.13558230245590777,0.11637425887966528,0.10280760833447566
0.12677495618024334,0.25488139598735543,0.10731326073951629,0.1207558200000148,0.14016822096866524,0.08123839488415235,0.061135051609817415,0.036814775769870155,0.07091812386036499
0.12765028410866955,0.1024626648649511,0.0994779718662225,0.127009832686534,0.14396238513300713,0.12672028281956235,0.04386067314678659,0.09909659449236384,0.12975931088190293
0.12732240280115514,0.19113034092994727,0.063095859592791,0.11934329175763018,0.11270998794217586,0.11076519000478247,0.07585225662994531,0.08029982050835413,0.1194808498332185
0.07798443388192627,0.11349236676913543,0.07240537691432462,0.10804277753749897,0.06913166759377994,0.09088167356935024,0.31652574107402515,0.054528097383544076,0.09700786527641529
0.09261955803998508,0.17518684814626995,0.15045658635881853,0.1144650426618729,0.10415660561174422,0.09093285398458872,0.16587111623599538,0.0353448928472929,0.07096649611343224
0.11565888702405314,0.1035389317361322,0.06873358865130084,0.1152157334587306,0.09412230193085136,0.12852759850291692,0.19148692738507841,0.09840621502036016,0.08430981629057648
0.11380694066284762,0.08969209419103864,0.10787219037278768,0.13457172453336072,0.12376342168766945,0.10676836431839094,0.10871435355500313,0.06189275333410671,0.15291815734479516
0.06920844954761098,0.06123701092937761,0.11225793691171078,0.0870945885212389,0.11473862644476325,0.15222456322677255,0.043015943856941796,0.24601821588987519,0.11420466467170894
0.15439688854602465,0.2821904118066855,0.117946342341664,0.07113936031943495,0.14752977792391178,0.09040439780507165,0.029810737804199936,0.03993689414339855,0.06664518930960901
0.10014191184144411,0.11597232070162762,0.10292679564873386,0.12532788540724607,0.20387186764825085,0.12313144451967621,0.04040149186869517,0.0723581628740546,0.11586811949027143
