0.08798617681474724,0.08579642580747653,0.12380080973189339,0.1422614853398904,0.09150898044412027,0.12914125986793926,0.14053509579484927,0.10606030045581509,0.09290946574326857
0.08109744727649582,0.17189892544710592,0.0689471835039386,0.12268814667604137,0.12809189836583104,0.10059703207898141,0.03760237618934916,0.10204980833701498,0.1870271821252418
0.1938015460229884,0.13281809196628125,0.0872803998811749,0.1284291194813863,0.05269836416697177,0.12657128594260406,0.028058961860008117,0.1188383475234376,0.13150388315514763
0.1257349921147726,0.0722783221236945,0.12128709237737971,0.1626947942846528,0.06847668892807172,0.12656482898267848,0.0905865505464008,0.12375440999968375,0.10862232064266568
0.06582465393138336,0.08494493863588091,0.08423221767670382,0.19876878566230394,0.1309130557623407,0.09981326977960832,0.14480326277433062,0.09050481833812324,0.1001949974393251
0.10682845647628418,0.0677315871871233,0.3053602158129416,0.04143112785266075,0.15034783495622625,0.08682834878808961,0.0901282209066167,0.061892208600694255,0.08945199941936323
0.1011594017382788,0.16358328915869483,0.11849993289400566,0.09160328191492144,0.09834548556656432,0.11654822281987527,0.05555814450044286,0.15821297471038012,0.09648926669683677
0.09622784504493037,0.10973129225539445,0.10704816887383883,0.13704570724362242,0.1717972433085294,0.1021858170146266,0.12476434132304652,0.08424558002504497,0.06695400491096641
0.1348264904394827,0.1426087100086109,0.07754522196526338,0.09415970214362528,0.1447872329530023,0.10645562799265262,0.07733213940768804,0.12996151374256645,0.09232336134710832
0.12557212507477492,0.11317733595347808,0.08376251073657008,0.09349749769131745,0.12771295094968008,0.0911012225413001,0.11558470137202877,0.14945215959951466,0.10013949608133588
0.14676196643371744,0.1132945955711303,0.04989047428294349,0.11876038713734006,0.11472094669543888,0.11551412022053546,0.06538174166470516,0.1551477322786733,0.12052803571551594
0.07731790996595193,0.04643865510832699,0.0818179720483461,0.19427000327316915,0.08838705210390663,0.09799299212061714,0.26203336614460593,0.07394556098668538,0.07779648824839074
0.09338415692144814,0.12206246732441707,0.15648227018846747,0.07247673257416458,0.12455374203612911,0.09871200634590173,0.05905834468707064,0.15267202625023482,0.12059825367216642
0.08989841665447425,0.09532950398286226,0.10357136683773872,0.15873818190729952,0.08399821038115236,0.1168445717950396,0.1629787203651745,0.10280019953167756,0.08584082854458124
0.09758541593561276,0.08275148795262026,0.07569935849097802,0.1687162531181833,0.09452149627687627,0.12529598602781938,0.1121913535583316,0.13846492896272367,0.10477371967685478
0.07381705911130862,0.1330995926810329,0.18107194747526734,0.13006569460252385,0.10115993990596928,0.11101903279435894,0.050706541312379505,0.1121775431296842,0.10688264898747535
0.09034451577735704,0.10812209071746408,0.1296513524232157,0.06004189553012342,0.09434003440545531,0.11672491143063209,0.19250694625238388,0.10057466309183842,0.10769359037153002
0.11589888146484605,0.07367994006320151,0.1472472363795501,0.18912983790911264,0.18575879924254357,0.09295646481113329,0.03928098702755484,0.08218473022864033,0.07386312287341769
0.14762704018461678,0.10922997642982017,0.07238856341400085,0.13017182197671026,0.10250898467337277,0.1154025604096472,0.09766044946802101,0.12201812625733587,0.10299247718647513
0.08058990766811193,0.12899453976626313,0.1653959434170112,0.1047276771093572,0.10014514101256834,0.12034164141085728,0.07099882554948296,0.12231657063903213,0.10648975342731588
0.21524605911056424,0.06911913219491961,0.21746516384323403,0.06638109819319847,0.16123047069751703,0.09249251982913144,0.032695770126930944,0.06912714299329563,0.0762426430112085
0.1299128781158981,0.07895451099141178,0.1134688071141741,0.12791588213042124,0.07371364354591681,0.125952395795298,0.09733139981541401,0.14478670455582746,0.10796377793563851
0.09018904614730326,0.08778865737948156,0.14534022548490186,0.09497161455638652,0.1188050459872586,0.11704501440342718,0.12739649089841695,0.10213886508219994,0.11632504006062418
0.06051957689010382,0.07802231539085806,0.13608303353229603,0.20101541211212245,0.11289565243231474,0.08639886143605796,0.1377892922005568,0.08341099363498422,0.10386486237070587
0.12605289351589088,0.09969529911123164,0.1087212611556914,0.16739027520674607,0.0629909025728891,0.1433668073592795,0.06191880358362504,0.11771409695823061,0.11214966053641577
0.14827922894302395,0.17625496447129552,0.0489967549233919,0.06514784120019279,0.10230912008529508,0.10211654131713892,0.09057332286324876,0.16057763147999982,0.1057445947164133
0.10775235611995111,0.09941559221163325,0.16058791992974175,0.10375854004314312,0.08093159131775296,0.12187946302178025,0.08481450669749847,0.13358345586578876,0.10727657479271034
0.08670255987342583,0.14720790418627985,0.06236236722846619,0.16543174245874964,0.1218306811704641,0.12698165483936827,0.05984418703245822,0.12201127903519454,0.1076276241755934
0.10894936305404555,0.1333394526772639,0.09611566806876724,0.11602126019687438,0.1169665757857727,0.11755192048606881,0.09021054835718871,0.13085776709557653,0.08998744427844219
0.11894729528783325,0.12925901635016962,0.0758580559243069,0.14276901566147662,0.14121089009400245,0.10289736084960911,0.05497233328078857,0.10010623578621435,0.1339797967655992
0.12784876994108596,0.1222304889254594,0.06072666014083638,0.15568230242270148,0.08878119779204642,0.10364328699015313,0.17661494540368586,0.08693914393085979,0.07753320445317162
0.07852813877543434,0.1141320034694115,0.1132806614959589,0.10802591266350141,0.10062729348484278,0.11586438899660512,0.15667465501690847,0.09958454797252576,0.11328239812481172
0.1948113714395654,0.22202423330131496,0.05956448153222945,0.07474156100765532,0.09502707104246454,0.10779920301043866,0.053593963537693655,0.10581386138006064,0.08662425374857735
0.10341599703268116,0.13448956768509465,0.07172347020783608,0.1090621572114735,0.13604722138509462,0.10813029620272407,0.06086815276840818,0.12908419973258722,0.14717893777410046
0.2743846245697065,0.06632955233181162,0.06453639953834968,0.12415127075436101,0.12333606198759327,0.13222541990944608,0.02153208470451932,0.1154732426610039,0.0780313435432086
0.13717846468395434,0.11650191921008402,0.08334020258124307,0.09988594482244373,0.06786715300262358,0.13217687606719294,0.06407922771194019,0.17685011460907893,0.12212009731143926
0.07580747672421687,0.09164983775098601,0.18538835924390987,0.09392577724379174,0.11733117953664773,0.12163638116908344,0.08713480704734615,0.12207199894996572,0.10505418233405252
0.1727409088223167,0.1704736604269457,0.03921938433982916,0.1059292901165782,0.14403342255597618,0.08144838330003566,0.13183866661439064,0.07657813606367064,0.07773814776025705
