0.1315691410620177,0.04392031604723808,0.08434287889735874,0.2986150325882153,0.09674817957515315,0.02001685341378164,0.11522568296117619,0.10076958824445699,0.10879232721060202
0.08334030266260972,0.014574442291640186,0.06241552784878946,0.11070986624194314,0.08263233163601214,0.31925817566905734,0.10628980527435965,0.10854131341192735,0.11223823496366099
0.09746020792276255,0.04153451380964263,0.10977574804247714,0.10797137926350625,0.13601982553728528,0.03071050934138392,0.16754155552721314,0.20001446687764726,0.10897179367808173
0.09480085431513328,0.06782985538916185,0.12942292502404854,0.20606677824001748,0.12512529075353798,0.08061031230048733,0.07175415910225572,0.12496634197068057,0.09942348290467723
0.1341838705317053,0.012942431870036429,0.05702340641400142,0.15582523977349447,0.06959634001585048,0.28624212434291213,0.09777480378765119,0.06917762955671529,0.11723415370763328
0.17041366263749302,0.3303536642207446,0.09798102823448425,0.029410137079154616,0.08894448422073453,0.047503065565507104,0.05085811414479536,0.07950251610585655,0.10503332779122987
0.14322727854041908,0.04487913844070838,0.026785988132761316,0.07946826994261859,0.07534718610999734,0.3568604727954456,0.09789227817168622,0.0567490137941671,0.11879037407219649
0.22299125239780263,0.037037222296560375,0.09069966510543104,0.14579775970358624,0.10097558766745612,0.08974964130368801,0.07177757915160811,0.11699709968859295,0.12397419268527443
0.054850856919204966,0.014288892624210797,0.03685354934825293,0.09690694439060883,0.114198955278156,0.35473762872436304,0.17701902895487276,0.06475732905461654,0.08638681470571412
0.04128366701554392,0.008174660503477276,0.09852659801231071,0.04697502252226879,0.13626039194207315,0.4447581409505774,0.05852232579628278,0.08641000259699429,0.07908919066047168
0.1596603020566031,0.056318794689457,0.10202881443411112,0.07487703114140998,0.1184851630530472,0.01913973533892804,0.11579806899266769,0.25227653579610926,0.10141555449766664
0.15927092976020815,0.23877528677595627,0.07176107551136184,0.042361618364796884,0.10334816894778977,0.05310237550329722,0.11115264034431498,0.11434660923201871,0.1058812955602562
0.15973968852744108,0.1155992444223351,0.09392440897960778,0.14430817726267364,0.11864534151562149,0.02338248650171976,0.10821979502185845,0.12709036882957855,0.10909048893916423
0.08659264845028732,0.022478432002767224,0.05397452907281183,0.2812738129203121,0.15524650462703948,0.13290560739608348,0.09628815505022874,0.08531167943171575,0.08592863104875396
0.051635344337337206,0.1924647550311022,0.4087688742145581,0.008103465998603314,0.05569264924090515,0.09825193136692718,0.003796960114605673,0.07725056949676236,0.1040354501991988
0.17428403594993827,0.22828782971780523,0.10546112359404058,0.009544155622353846,0.10455268887838243,0.023313721523769954,0.08450249499684488,0.17080329887003312,0.0992506508468317
0.08981617279758146,0.02300256554156466,0.05661612760083059,0.10854385291456882,0.10812544169355061,0.11213179574266717,0.20883392051764485,0.18972187705826926,0.10320824613332262
0.16217088803537885,0.18568638047397756,0.1670097126310847,0.052907670120443194,0.09616529136466385,0.07939053956823697,0.05759522661253836,0.08660828471300641,0.11246600648067014
0.17281025420662907,0.027665621455575985,0.09476761764419966,0.07694749166515977,0.12907847963910277,0.03390865834808562,0.11683194563835149,0.22566444646289163,0.12232548494000393
0.09959596148828263,0.02516061780776649,0.03224901810995267,0.15410296018961456,0.08781036629120938,0.19713110541964318,0.20796132179906138,0.08815601477927759,0.10783263411519206
0.09951838549580978,0.13192295444733756,0.0342152405076854,0.11452530983223291,0.13683055362450294,0.21183949680222827,0.11489100073857421,0.06702608494333438,0.0892309736082945
0.10679433150021755,0.01659922772670672,0.14579308091047974,0.0227555993554901,0.0819154438165431,0.3072158259708082,0.016431820772693884,0.11371288441439992,0.1887817855326607
0.10614509324444732,0.030295675001339117,0.11425911728292205,0.04878994895530562,0.12261365114299179,0.030747387225877523,0.15569901459322363,0.2677393597422559,0.12371075281163701
0.1033487206445214,0.019992940226768022,0.18020326701430042,0.09205941990478932,0.1200395574341594,0.03586125079174843,0.12065243632496707,0.22780293283331046,0.10003947482543547
0.04551727064037673,0.0039018035875398684,0.20710648930109296,0.02559389112836799,0.10157085480150707,0.43725752147082636,0.014001093793007263,0.0987879218161814,0.0662631534611003
0.11298584224786366,0.04980485698637288,0.08612519074780645,0.030722239217831016,0.08872854009896747,0.26855250456827817,0.09309862776038053,0.14839659856273804,0.12158559980976182
0.13931919047239583,0.016409310861930124,0.032408799166444124,0.046629249654776855,0.09918143375006207,0.16456992353802283,0.23306313688292155,0.1738728076388298,0.0945461480346168
0.09504666847045477,0.008324760378659096,0.10431053041034068,0.08557027875191503,0.12696903061262207,0.21178948296160585,0.12975164248565774,0.12183188846973232,0.1164057174590124
0.08712481984328337,0.08554133331164142,0.07167575667440217,0.27501853575058677,0.11196952492671582,0.060920919002601985,0.1110236275401612,0.097000640274205,0.09972484267640234
0.1532763120119106,0.009284693283610852,0.04116550220285466,0.12022632664709998,0.07918719111280383,0.31672685345715307,0.08560388237878352,0.08740305626917218,0.10712618263661129
0.12210249920916594,0.06445491773564777,0.09195518681213066,0.2635073821654123,0.10547055215152451,0.02562621943709129,0.10511416744633328,0.11491355334900089,0.10685552169369339
0.10922927948137971,0.0683016800195305,0.06064802874169556,0.03178914482173837,0.1411918431159905,0.02079862764074675,0.24328668427708297,0.2280204879067984,0.09673422399503723
0.03280578692565054,0.06682050228697446,0.33059656244163377,0.009792596874716671,0.10500422330571775,0.27394906776240024,0.003971466733394948,0.07389779151254972,0.10316200215696182
0.10994755724513267,0.06566634574865216,0.11514690846166147,0.08469993668409592,0.15259094620030492,0.09067914755235833,0.11471639216632885,0.1423533292941839,0.1241994366472818
0.07740783409197922,0.02785894729499534,0.03642820606986164,0.04969615267621178,0.13236086215346207,0.40673067406069,0.11514335495794314,0.07460849263166752,0.07976547606318914
0.11077339598748707,0.10498431180130129,0.04706603458536777,0.04248602343504972,0.13530280045710688,0.20004360326302495,0.16146932424898855,0.10847963040024657,0.08939487582142726
0.0838974340485123,0.025587774197758043,0.01962329202124478,0.03521065281582503,0.06555268668161403,0.3881090430528081,0.24042279619768647,0.06526693180447302,0.07632938918007816
0.08827349403701572,0.004686282944987786,0.02310206112110728,0.04295705516950651,0.16238940531436155,0.40010413442223025,0.1285567257892041,0.06841729369480817,0.08151354750677864
0.08661569253345473,0.013438036944778409,0.07604837844598418,0.04126545602916544,0.14046017739379454,0.41519722561563915,0.049782189139431186,0.07980169269973399,0.09739115119801829
0.19338017765211682,0.1429176069610659,0.10289625264141257,0.07845380104490089,0.12679170330026782,0.025252113683319772,0.08833784203632807,0.1356086429462976,0.10636185973429059
0.11714371785596132,0.08881364054005718,0.12317390152807395,0.11065721461555594,0.14483023195592556,0.02169058238473479,0.11947499388891496,0.16076774518410464,0.11344797204667172
0.1391839354909908,0.16157255096832898,0.09824951984275287,0.06368413155135189,0.11855041179231211,0.08860294343354246,0.08687553221204951,0.11226101383602267,0.1310199608726487
0.11177582158093828,0.017553679487043384,0.09335674241582885,0.3187800678945933,0.10714669188753286,0.00822617045699991,0.13517488722691476,0.12549890112598897,0.08248703792415972
0.11803406301007491,0.04866231762196052,0.07456116604383677,0.07979356947286022,0.11470102191937291,0.2434680921701665,0.06835483469423705,0.11370227295203407,0.13872266211545706
0.06455671774311798,0.004718133393500405,0.04643902903659725,0.20590926486711716,0.15028149855242606,0.30348349964234017,0.0912829981569075,0.04961937113893657,0.08370948746905692
0.1282559099730902,0.019793779072112327,0.062058219113516645,0.06489861522246916,0.1574300901986156,0.07487854009426247,0.16934522003819671,0.2082830891216286,0.11505653716610835
0.17279658261839706,0.08190822228572693,0.07159606366739875,0.11207718725319797,0.07887808164588285,0.2127747017201486,0.09886556436453238,0.07879062756935637,0.09231296887535902
0.11075021292750531,0.0295031474922626,0.01928428768379044,0.07194142708540494,0.1735240404769961,0.20633768705532027,0.2109060928130391,0.08848518444744596,0.08926792001823534
0.10402012985954666,0.026214746952324387,0.08566661293794131,0.28808121947342263,0.10364466635457648,0.049209412208576886,0.10083915413071738,0.10322289289029658,0.1391011651925976
0.17486540530837125,0.012900443868404339,0.030939954132840213,0.08062126157753231,0.08927316882229601,0.3711099929500456,0.08524558834791596,0.06701018431177712,0.08803400068081724
0.08697050871104273,0.007389126522146869,0.026627756281983262,0.09269020799484662,0.18445962671232807,0.255483540739312,0.20426546219805175,0.0848976316591391,0.057216139181149615
0.05051557171685872,0.014414142694998716,0.03059169812127528,0.08237020172941735,0.09978426409281244,0.43238511578317995,0.13742222528706813,0.07261402873204668,0.07990275184234269
0.11577574216239789,0.013909499634177943,0.08703998343555908,0.2516629552713017,0.10157225294764406,0.034005247217097606,0.1300524481747172,0.1591559478804908,0.10682592327661371
0.07335902800064688,0.10099941375670207,0.5251216056561233,0.027323055451216927,0.06922854447961156,0.018748753415128366,0.007115688066685141,0.08582008709050126,0.09228382408338465
0.06224684238689026,0.11172567050179776,0.26543040212851987,0.028633448311002355,0.08338932681679116,0.2299787524568613,0.018306158109182024,0.07859790847871446,0.12169149081024082
0.10127550610958647,0.01811136738991291,0.09250438191426909,0.19694903088997642,0.13048875868894952,0.007154920870971973,0.17038625404206562,0.1872188192410571,0.09591096085321092
0.11736127556109417,0.3260482026906681,0.10930782641058295,0.05176692893104121,0.10566009625425883,0.023439219065832628,0.08110040674945573,0.08387247061543633,0.10144357372163004
0.1668517223457614,0.04106603642333532,0.056517877133593464,0.043795418851753976,0.10036272394431373,0.19386485542979873,0.119110682904089,0.14010785921815264,0.13832282374920174
0.07435744993387648,0.10389420778414833,0.4222793008220936,0.07058609278589735,0.08068642750378856,0.0049814235079545756,0.016489875972042826,0.09585815302480176,0.1308670686653965
0.11247700881626828,0.04688656309451417,0.04133790994275619,0.2075990220012005,0.15278381190637827,0.08549117318525601,0.15697647236734813,0.0837945700823139,0.11265346860396451
0.11483740042016487,0.09779098509789956,0.1114281155118585,0.09629233390489551,0.13702552589809938,0.004695223580566467,0.14284516584727022,0.1865198758138742,0.10856537392537129
0.19005574684479007,0.0391299669379998,0.05855390247806926,0.09067441988675089,0.10490216627144677,0.21282927539454902,0.08475357659673582,0.09050969451680113,0.12859125107285724
0.12042150691520032,0.08261557831209275,0.06438410530858076,0.04734757065094744,0.09745032002354098,0.16653656571296946,0.15565392892740362,0.15993983523440256,0.10565058891486208
0.08617249353484131,0.03754937547384587,0.08414353600278628,0.08424896468560576,0.1143126704587839,0.4095657542509443,0.03328909571134321,0.07483188593546349,0.07588622394638589
0.06778453897951948,0.06337100446017797,0.19826324614519633,0.04632148590821073,0.0871992428594248,0.30066703606421435,0.04614705129751831,0.09100165986510506,0.09924473442063288
0.14080200535354276,0.0902919397941195,0.09225097698608624,0.06106993217527513,0.1223773055517942,0.0781286445788329,0.1387043575336481,0.15051149901782404,0.1258633390088771
0.10913267549203388,0.11473268209138833,0.07261291933297145,0.10862295787675495,0.12234846426510299,0.09605529428346414,0.1382938072263035,0.11268042751475564,0.12552077191722524
0.20497961310566373,0.11880853471524627,0.0442296154569937,0.007078087280587196,0.10718765676089702,0.06586805405212226,0.16834400419676973,0.15690233449694327,0.12660209993477678
0.12290034861020742,0.0709663269755345,0.09092022430749695,0.2356229386905726,0.12319341451758775,0.01650207195908056,0.1049384852470084,0.14104542551459562,0.09391076417791618
0.20101662459614342,0.08204417272063363,0.17429266784433542,0.01296285413907293,0.10108693084169611,0.11750116400777395,0.05122632636593627,0.1393164592527005,0.12055280023170774
0.09153880321053474,0.027338096588725772,0.11278275707970342,0.03289467490862555,0.13927065837082583,0.27089297182376765,0.09014821710497917,0.13161920522401066,0.10351461568882715
0.12949409082948257,0.058763251316269055,0.08994681862470082,0.14621791870782458,0.11666386718929996,0.02607610681761377,0.15944395557227173,0.16387354084330336,0.10952045009923428
0.1096988037177642,0.07098940747504255,0.04727833817945376,0.06575430019480627,0.11094424569712524,0.1671112158726857,0.20783894144604823,0.10833501735550327,0.11204973006157078
0.04227578628236339,0.2787194142792531,0.28089522758318847,0.014954628290598607,0.09460244639901876,0.1534637336894182,0.02385000534955357,0.05910491090940003,0.05213384721720583
0.13518642443627038,0.1898168303148731,0.08899472113376095,0.047920437298831886,0.09575809442911092,0.1566130187488192,0.07913427352792331,0.09482900216426832,0.11174719794614195
0.10849054273163627,0.10088408172118861,0.05797631999547705,0.045611557679390846,0.12476155211931594,0.33398640095998683,0.043773616334643016,0.0668224543262762,0.11769347413208527
0.0944722420585381,0.006751695769148303,0.027990682539411425,0.08697368137912505,0.10470516867366686,0.21229900110495992,0.2324834912181496,0.1450772377510059,0.0892467995059948
0.08153373000491541,0.010483370098176672,0.05065261968420829,0.033295427716603036,0.0955188364813853,0.542053404371204,0.04889601391003099,0.054696537525029905,0.0828700602084464
0.1427202823817858,0.06601411863792343,0.10148090101149103,0.06481956779394869,0.1353608997235851,0.04055555874109416,0.1125386871856025,0.22560524857963501,0.11090473594493432
0.08987757281181485,0.04109480646445506,0.10820309345712997,0.02655741753042677,0.14667075674337618,0.3817528881407272,0.06789360310619079,0.06767236787890828,0.07027749386697094
0.12613905649932666,0.028693338268089313,0.04930549381446433,0.09672708435045824,0.07152246609694352,0.33852121634711985,0.09400558044395635,0.09676490128399494,0.09832086289564677
0.1233343929306114,0.0021330231334144357,0.025661940203424077,0.19767110862392426,0.14617139770230186,0.30720829509535685,0.061408401972170366,0.0527858255293902,0.08362561480940656
0.13237722935016552,0.13114040479418557,0.05621691261040342,0.012263360195511636,0.06734554596315946,0.4455363012616929,0.022360286722417706,0.04199055307773885,0.09076940602472487
0.14945113235420304,0.06168569375326958,0.05145116320306612,0.023262315925085958,0.09856019774685548,0.28571522879888184,0.09499923873705374,0.12198551204906095,0.1128895174325233
0.11076921418605673,0.025768811821728035,0.06173837763664927,0.21157848922178557,0.15495943985259392,0.08950089319315713,0.11606870558814719,0.1121384055675863,0.11747766293229593
0.144542344673528,0.08829239125756384,0.12086777826408242,0.13514559651253058,0.11227433449344736,0.05266593914330498,0.07319655337747866,0.14174953232429446,0.1312655299537697
0.10469170159529129,0.02922405794176862,0.030927510435793035,0.011172223454856682,0.1019355282438776,0.22568973663116598,0.26174762670670965,0.15519980995647165,0.07941180503406554
0.10417848376974718,0.04539743546973613,0.09231045157530958,0.321653154680188,0.11320307800962036,0.01693270456059616,0.10356553211810397,0.0972776611312786,0.10548149868542
0.19011961313540837,0.02201730000226826,0.038477302245611,0.12451931944236065,0.15776316286888395,0.1356762606208058,0.09749820135973919,0.11539780111957536,0.11853103920534747
0.0828246060634494,0.061525492465255995,0.06401958283552293,0.076224652119075,0.09809562639749751,0.3597010976814287,0.09283724700599111,0.06660706017419298,0.09816463525758644
0.12626632866837958,0.08533046632764081,0.16948748040050657,0.1554624507077911,0.11795386288531173,0.01277828271057628,0.07011000293352125,0.14290246857415997,0.11970865679211269
0.0974898457582225,0.018573853416901126,0.08504965658866515,0.12118040275055832,0.07345588670716027,0.338412561529545,0.0704660073306237,0.08381231040853343,0.11155947550979058
0.11485295445241307,0.16159905161071572,0.11369707461690048,0.14044028421727925,0.12175602760286479,0.019967220391334573,0.09823881696032633,0.11295499813575649,0.11649357201240927
0.16679218652631414,0.03327747998181004,0.07968075030187256,0.19317206221089736,0.10800184917111148,0.16165758653312287,0.06122058838256661,0.08507994381323557,0.1111175530790694
0.07687173747573096,0.03406091147328564,0.04753696938666189,0.1307393934707822,0.1524266701548886,0.35477421873883697,0.07855990337000664,0.05151894706664808,0.07351124886315906
0.1281120084446338,0.004880729781977886,0.08301096790019458,0.17071807063139807,0.08430055624011205,0.15417388711675103,0.08892570806852561,0.1781566271244632,0.10772144469194384
0.06678876718169353,0.013549596549009118,0.018686840533747622,0.041579404400436025,0.09992689684764616,0.39820471966328713,0.20606554880854402,0.08773154951449143,0.06746667650114495
0.1233605717237653,0.01703015447813475,0.03069485246994728,0.04506595378888852,0.08391661133237466,0.20319848073843017,0.23769266346945664,0.15523844830204608,0.10380226369695672
0.13675716592564996,0.04038977689975698,0.11849433979605069,0.10601580432382413,0.1473748709920337,0.1997599920894059,0.05841543764507773,0.09335239022832043,0.09944022209988046
0.17015015074467357,0.17847352480968803,0.10624979773605038,0.0699375537521907,0.1267850886924194,0.024161278529872904,0.10795377395722668,0.11123758067163443,0.10505125110624398
0.1010128264225793,0.03960143598767567,0.020744617205402993,0.0585648751223575,0.07412048343123002,0.45852955205520746,0.10376044213710728,0.046747788262780664,0.09691797937565914
0.08982306100217397,0.03278064143294918,0.10488840432689679,0.267580343649168,0.10463556777634563,0.08273699090377039,0.1045902454461942,0.1252665684712939,0.08769817699120792
0.06525338002963395,0.006426479965670392,0.03141587070656767,0.198599295514866,0.13118773004128761,0.3006125359770863,0.12471396778587994,0.05833286226744225,0.08345787771156592
0.09876196767765111,0.004304577750316307,0.10062083622197326,0.03701696989524711,0.13888856767663912,0.35894033516463003,0.053178421428402706,0.11157461660524833,0.09671370757989213
0.13771545037129823,0.030794214743703852,0.21367770390110752,0.026024442594514183,0.11163368588574414,0.12160311721328194,0.03291315146455431,0.22129993284075467,0.10433830098504111
0.08954439253994417,0.011702943887823608,0.06160113875827409,0.22075742215910754,0.15441815398727812,0.1182063450315014,0.12599821458768265,0.09638782237499126,0.12138356667339707
0.10723422725621685,0.11923706121623678,0.11382351127299702,0.19815366819233837,0.11740103086970988,0.016980621927096994,0.10207328434165665,0.11293243057836143,0.11216416434538602
0.07382021426932613,0.08237145814353275,0.13948950415204994,0.014800040187533248,0.10195270298414467,0.3209079861519704,0.04380773111273611,0.12689940094377208,0.09595096205493463
0.14985243708604065,0.014260159830679693,0.030322351856257177,0.057877203988995984,0.12060091550707223,0.14517890585373125,0.2058978351214064,0.1654876390871218,0.11052255166869479
0.133844775396361,0.016614392092129948,0.028217719970087516,0.07010326505272658,0.07751170121959645,0.41625492838403133,0.07675655080902413,0.06660608650531387,0.11409058057072918
0.14322727854041908,0.04487913844070838,0.026785988132761316,0.07946826994261859,0.07534718610999734,0.3568604727954456,0.09789227817168622,0.0567490137941671,0.11879037407219649
0.07959476101394446,0.11010623198668022,0.12107182809423751,0.05529598154857874,0.08609037899227841,0.2073253353830529,0.10018050231742855,0.12026449425581996,0.12007048640797922
0.1411707846892711,0.03563977176904358,0.1624714754034263,0.053432329972413685,0.08328070840697105,0.22442141420583014,0.05074926144415289,0.12389237448377592,0.12494187962511534
0.1132076559190503,0.10086119665175386,0.0848460777846234,0.04852826547508873,0.11851222394834034,0.14580442371252442,0.1141945236038961,0.1546928726937223,0.11935276021100046
0.19866863081516262,0.1674695797041852,0.04988243226824249,0.05781625003015927,0.09756548923331558,0.05278204927647795,0.15741363429518218,0.11517436383739821,0.10322757053987659
0.11752755856612022,0.07247521889307035,0.03485024902977829,0.03047107726988448,0.09142833786700837,0.3537038739478267,0.12518698163892475,0.09064932565574312,0.08370737713164367
0.11712742463063203,0.0523228344993537,0.12032280847127785,0.10286481561585041,0.17401885678056841,0.007831837738888176,0.10697922808745515,0.20895315461494426,0.10957903956103009
0.09817908273853904,0.013600393179855818,0.12314411916867764,0.09219537712763774,0.15494959595405708,0.12239990765671131,0.11039396498218657,0.17218890717071503,0.1129486520216198
0.08007094255177685,0.16602013830072915,0.3148143032012701,0.05467037928673118,0.10303839680509823,0.04115174922712624,0.037703495617359355,0.09960266745417536,0.10292792755573348
0.05516692906042697,0.005675634236299171,0.04818909593501062,0.23048445487765568,0.07610457757917592,0.2832020197900548,0.1197391410392422,0.08712255023815975,0.09431559724397481
0.1224275541272214,0.09388390251164543,0.09818861015714157,0.04337067005755024,0.11120072961330273,0.26741373911125454,0.07742779525436318,0.0895490641411919,0.09653793502632901
0.14352582053741084,0.11619472093504606,0.06377732497337857,0.06502937039670269,0.07118366915784195,0.3047234451258188,0.06299770333372018,0.05365028633811106,0.11891765920196994
0.11998410778674795,0.2508797528298104,0.07102180097472123,0.08336349722945056,0.10821457142859901,0.07600716171887244,0.10242563091354379,0.08826295441976018,0.09984052269849442
0.1389685723444669,0.10202447410585941,0.02164162957584212,0.0169017832794429,0.10362040340500728,0.4457683299777357,0.042812222674794016,0.037174493817723336,0.09108809081912844
0.07658699085818266,0.0541568754014596,0.17398126551538037,0.06444091390821094,0.10562601313627329,0.20262964044857626,0.035250526239607595,0.11239680119776291,0.1749309732945464
0.07830394378230096,0.04205358996630656,0.03426559676350699,0.07277012543258142,0.1584642563860966,0.36161045850367307,0.1095461531837179,0.057958339458743895,0.08502753652307259
0.1566993874689916,0.051237322092533934,0.1345084168511426,0.027450862460364375,0.0906146006014902,0.2856250368432892,0.05416259538890004,0.10465451647895445,0.09504726181433358
0.12119394861680018,0.14632589227853704,0.20124875714946447,0.008660081494143622,0.06027292250957198,0.2787103681443376,0.024343700856603073,0.06585162815281839,0.0933927007977237
0.1308475569522324,0.042128450821941055,0.07654979380861814,0.20744717412358962,0.13016621880414167,0.026279400253324828,0.1426454978724384,0.11948923054071463,0.12444667682299919
0.10264082765475487,0.0069715437683191455,0.0814377057838908,0.11340086766782576,0.11576996976460126,0.21302456741078443,0.11775062310054762,0.15446125529513274,0.09454263955414333
0.12960292555476796,0.029096696217128782,0.057074496831726336,0.05404363462333597,0.11380838157514694,0.33072847598895416,0.07323791706591358,0.08477830753822511,0.12762916460480114
0.12410681419158644,0.11731055622825713,0.22452419455060554,0.06806133485593573,0.12305565666223094,0.011946170421101715,0.060077780415102054,0.1465856376428087,0.12433185503237182
0.15783353428402264,0.05196104077299918,0.10301739523530473,0.204470343229042,0.1206864846997603,0.01642354503947033,0.10481564767702083,0.1200375376609683,0.12075447140141171
0.1682536868463512,0.08247849822870189,0.08468746347947882,0.17386689932051225,0.12042623915116303,0.04271641471826593,0.06478722064097742,0.14002666233210667,0.12275691528244274
0.0691681176499099,0.3130282762820616,0.022626562844047866,0.01601049116023225,0.11196872050818747,0.2626775005722562,0.10674183769593915,0.036819887719745197,0.060958605567620276
0.1349585451272343,0.03963625348319086,0.0855182531354357,0.08636936961204815,0.14910602809603993,0.08992928529617496,0.13589340576073503,0.14427752149195072,0.1343113379971903
0.18880944678750533,0.08419572727693658,0.13069338439946396,0.07761232200557457,0.13577024134392082,0.02450785574800274,0.07794228683372345,0.1737815585201051,0.10668717708476744
0.10185156724505819,0.05998987412185858,0.10326453459857136,0.3153301242713695,0.11146521143607667,0.005880517327256504,0.0955403203678983,0.12215589230904768,0.08452195832286329
0.11761414637479857,0.3026241689452271,0.10363599251468054,0.093827249654119,0.09287436562577507,0.028354130877555398,0.07378870661371222,0.07527703293244105,0.112004206461691
0.0648159486042827,0.04737474158552146,0.4036710275240322,0.05857233830690745,0.07971847286375257,0.11272913832916326,0.009553945339187948,0.09271860551900195,0.13084578192815044
0.0816157075119839,0.01168877597498578,0.024623712432199556,0.039253375346255476,0.12673660488927174,0.4335721111127491,0.1444771321086361,0.06876223678107284,0.06927034384284546
0.062216529089231816,0.028992560820255236,0.09346778203744226,0.1468503622948495,0.08235181132121269,0.30425879097692304,0.08708001777760906,0.10402782842525683,0.09075431725721948
0.12348964216495624,0.046481246673042015,0.08919696775041441,0.12395920889603752,0.13014323602367475,0.09387403055322134,0.1499066950951319,0.11797049968673377,0.124978473156788
0.13732058847518044,0.009418950969036681,0.02941875003392695,0.06907457906327451,0.04282332085587115,0.5214831649831382,0.04098301057891319,0.0460431178793626,0.1034345171612963
0.1147811120100121,0.2367888744488945,0.10937563284864969,0.10494492105649095,0.11641662747062276,0.018630224367436655,0.09472003122015578,0.10205762443566813,0.10228495214206944
0.14773517888022503,0.03862342397472834,0.06177369438783067,0.21173710010660932,0.11689387765287325,0.09482938313946827,0.12256791683557659,0.09346336609149614,0.11237605893119251
0.19220260212839424,0.06601789734588853,0.0927825138372243,0.10885889042155662,0.10837517173160631,0.1330652353589118,0.06486065300031918,0.10081855041804945,0.13301848575804961
0.12622230274169183,0.04067329459914065,0.0371882505948016,0.013601963044543865,0.08098880421877373,0.49604249962336305,0.032003567823552875,0.05366615833551799,0.11961315901861445
0.19537813201387633,0.3082681728760716,0.06600765762515005,0.0058097141515853065,0.09242323210640287,0.06798187424884343,0.07147412259290721,0.09341613664796615,0.09924095773719704
0.09174096631320115,0.047129657853439054,0.08160066755539912,0.3004911204245091,0.11021939249377001,0.013916570431918074,0.13867088360729593,0.11801071358940997,0.09822002773105758
0.1424848206675687,0.08677349133105076,0.10213912808813978,0.1430423590149054,0.12606680137268253,0.13804690325125338,0.05151328184402482,0.10275752093949515,0.10717569349087945
0.13739825252740348,0.113604257178686,0.04963437983561894,0.019407152865278377,0.044698925190982314,0.4794269797123345,0.021314456168991757,0.03905152185929712,0.09546407466140754
0.07726131178313293,0.022937020614713904,0.052382315381655074,0.11941608087620119,0.1231139890169282,0.3577659613258311,0.09154662167734122,0.06343746417135332,0.09213923515284313
0.09153880321053474,0.027338096588725772,0.11278275707970342,0.03289467490862555,0.13927065837082583,0.27089297182376765,0.09014821710497917,0.13161920522401066,0.10351461568882715
0.057936576401363515,0.06507973077157686,0.03280431559571297,0.05180111102323682,0.10813447401437996,0.3954187940392168,0.17382621364371673,0.05757813592981662,0.05742064858097978
0.1851289274974958,0.09978453136424768,0.06521804224097695,0.049141827146587456,0.13668754724586,0.06672395093576,0.12573058853962482,0.15980257244615462,0.11178201258329266
0.1931030202780406,0.10027511047874743,0.05548112785603274,0.0014458704771028454,0.07003872738212921,0.403397308211124,0.02563519272309699,0.06664977777552138,0.08397386481820475
0.1351640477705557,0.007683131282081891,0.03347469965953497,0.04895127057896951,0.07935835143547375,0.42752250958692173,0.08900144445547305,0.09064220272010981,0.08820234251087955
0.13371981169565159,0.17152945392628158,0.16334378573196448,0.10812775795238194,0.11906853522886783,0.020347280363638563,0.06023627174437196,0.10857354227048793,0.11505356108635408
0.14588877497707017,0.054124679398214824,0.058941665250045266,0.2605709440742088,0.11361399720272132,0.04435308262432561,0.10354093808860647,0.12247375287372582,0.09649216551108179
0.13669992125268515,0.05829799702057061,0.18757716281441913,0.11889140625120516,0.12227410865396575,0.13396563306809725,0.04566716842171503,0.10971768992080021,0.08690891259654178
0.06515653774367362,0.06757326688051613,0.03894747911554237,0.14155595802908436,0.059687957898102904,0.3729013526518068,0.13182846688807706,0.04488047606275719,0.0774685047304396
0.10702874391795641,0.031210945309665204,0.08957414653420813,0.21165319163091004,0.12610611735602797,0.10125754397742448,0.09631121345101672,0.10103205992635948,0.13582603789643158
0.047875652029259815,0.030296883996059204,0.4456709282423715,0.008070105953310503,0.09718267670956764,0.1465683447162254,0.004773877203825736,0.1175750182712268,0.10198651287815334
0.10134999036628407,0.009224162231113458,0.044332922451965386,0.14960650448401447,0.144883351321368,0.3171116255926136,0.07548158929550751,0.07930813111850848,0.07870172313862488
0.1371035751144186,0.01620063273125575,0.1865924045401086,0.13451991102687524,0.07986716318365245,0.21672170190781426,0.043755156830825474,0.10437347997519507,0.08086597468985465
0.17571931654069958,0.17403988065892384,0.08974942902864376,0.07374945808417542,0.12378343785563779,0.044418409816729204,0.08489762252252787,0.12030733169170911,0.1133351138009534
0.06483357251800514,0.0641070047116088,0.48209795009432127,0.01521237939962774,0.08174131837064631,0.017123029147026084,0.007012946154595603,0.11937095160912302,0.148500847995046
0.1329880810537388,0.22109073069800766,0.06867454390740406,0.11636959732097325,0.10529341648508216,0.016238719805880354,0.12681411675957702,0.10802632338387004,0.10450447058546664
0.11366081188266296,0.07422621795876184,0.21745683807687674,0.03303010324630368,0.0848688190309451,0.19923513037972795,0.022834752723929375,0.09591669368216828,0.15877063301862407
0.09729249617366952,0.02304861963123935,0.027898299365850504,0.037451169088953275,0.09406499098491945,0.27427989098688044,0.2349518841956247,0.12419219318559416,0.08682045638726858
0.10988399932947894,0.11065759472067853,0.1042996182441604,0.10547468568622655,0.13695258271738173,0.020831824549364313,0.12279815214997665,0.173869486177434,0.11523205642529882
0.10004571793659907,0.020808397401861366,0.1793327485976617,0.19205945320908002,0.10011261062376121,0.039485034672106435,0.1010492948231143,0.15282789898931057,0.11427884374650521
0.08782297233895009,0.1737926213752102,0.17506191266981483,0.08501384040850013,0.09859860843318163,0.07800848530959392,0.06815793331503743,0.10269981738731371,0.13084380876239807
0.09844332011618774,0.03421329642478025,0.036696689749253185,0.1167838599604571,0.1319928926429332,0.2555542365088018,0.1404674410369494,0.09367434881670254,0.09217391474393477
0.06558057630680537,0.12123213090062089,0.040048898080685326,0.006920384734076028,0.13273966806216034,0.33449036757593253,0.1062350794408445,0.10995969392856038,0.08279320097031467
0.1838412093110429,0.12195336340514655,0.04106011288697064,0.02553237650199038,0.09331615236569452,0.049371508177587474,0.25843399431895203,0.14133832856129905,0.08515295447131649
0.16789041372235036,0.021672586312543624,0.05214947124687478,0.12389221201364163,0.09816717219182035,0.18028200955390938,0.09442461497592795,0.12294715558151342,0.13857436440141843
0.13420596190083248,0.004957009723687556,0.1508509176136688,0.11030037181439982,0.11017488819980452,0.10872547453541946,0.06477644095683123,0.18010808040420567,0.13590085485115055
0.08384616483517825,0.0573085048600874,0.1992364831167209,0.08805742154255976,0.13270294555012807,0.20745480471020342,0.04582156460533391,0.09092423915130943,0.09464787162847887
0.08672963824413132,0.07957813572272361,0.2967827349199081,0.023636553555292084,0.14298403900207599,0.0749514759411285,0.03597121341158233,0.15290334110394524,0.10646286809921289
0.11009483204463331,0.015859460584339583,0.03748626077902883,0.24497905930839112,0.10276529118295831,0.120807705313132,0.18509059751988666,0.08298668096488417,0.09993011230274612
0.15725468308449775,0.07611001584063577,0.1709104805655145,0.10769716689266369,0.11348479913039854,0.04564287261012826,0.07590941862947778,0.14615044090646612,0.10684012234021754
0.13734005297073779,0.20451551493492204,0.1112401805227803,0.04648457964150091,0.12973237891979292,0.01675408260501154,0.10748106709200796,0.13180170824529988,0.11465043506794666
0.05541028813295818,0.01586746747829731,0.19554145334285636,0.03419535408314192,0.11536225716461979,0.4312195428060912,0.015191295277175105,0.06615808940874651,0.07105425230611367
0.06403799852412352,0.36409534172062136,0.13090011649735167,0.027301808021573937,0.07422524384808661,0.1306493058715187,0.051166195998457176,0.06609114897140746,0.09153284054685962
0.19967117388088548,0.029567873942679606,0.037690837635348313,0.04288824108581362,0.07365211438278312,0.3475971204306391,0.07100371009265455,0.08101853905955354,0.11691038948964272
0.029402038657204903,0.11567849915142416,0.4754309778527093,0.011267741077141062,0.05118880101382683,0.08463376577707277,0.0013797597412782952,0.09476399798067588,0.13625441874866676
0.20276738474598335,0.2049426476198297,0.07776282893166919,0.019068756365769494,0.11740046778347735,0.0570682712581338,0.07959786705372762,0.12736242070240394,0.11402935553900555
0.07000622660452142,0.007646953507318264,0.04089788561004833,0.32226942184674706,0.07435358326132815,0.18635758037132877,0.11960497333929676,0.07802463322006545,0.10083874223934575
0.11142830497492162,0.08424234332362994,0.1528599947855955,0.035423413562758355,0.1345268047818702,0.08420975278211618,0.10410092327965868,0.16997142556229952,0.12323703694714999
0.09869067167414698,0.37039489045636936,0.06777863428427974,0.015474239533352854,0.11204165287330996,0.05420096024666252,0.09954917106486329,0.09166136817911562,0.09020841168789967
0.06004462518909635,0.013587147673092779,0.12901886842492266,0.014580448141902076,0.12510411984751005,0.4092550937080634,0.04349517063390826,0.11967135023431212,0.08524317614719233
0.14039702094573922,0.14311189555712076,0.043031065671425506,0.06155990078425905,0.12562107326275626,0.06662902675304459,0.16004333566100612,0.13655961680608644,0.12304706455856206
0.13416985197383854,0.012015464367166264,0.03869848084670508,0.06130834462478093,0.12808175044244982,0.18345456969240784,0.19965020551898738,0.12853686901832997,0.11408446351533409
0.16053289158012385,0.03224860584439097,0.04114830081659277,0.038553324926620273,0.11933551336756036,0.32140319697489056,0.08985151209846225,0.0740568038190701,0.12286985057228894
0.08168049143374824,0.003302904481523304,0.037812044891828864,0.11360409130551426,0.07559171136424216,0.44138645021648637,0.08294936977721847,0.06478346204569757,0.0988894744837407
0.1532763120119106,0.009284693283610852,0.04116550220285466,0.12022632664709998,0.07918719111280383,0.31672685345715307,0.08560388237878352,0.08740305626917218,0.10712618263661129
0.19535158284355925,0.11255528775432737,0.07062504141884043,0.17873069775673434,0.092680648628304,0.06559645374920475,0.07971091908394336,0.09242093744036496,0.11232843132472152
0.08486453759394184,0.04201204258746724,0.1261973906589868,0.09476178144914178,0.09768778402580049,0.16404568247299897,0.08819278467628107,0.1582159406077063,0.1440220559276755
0.13659109675690764,0.028297919825086903,0.05117440194045828,0.14013678371825808,0.08074356623028527,0.20015357277907087,0.1357958132467005,0.11401173465204777,0.11309511085118469
0.11432181561843435,0.040252913160040614,0.09869028540039804,0.20071490317198082,0.09372623405014109,0.17177645933590524,0.08518016741834498,0.09997243519471825,0.09536478665003656
0.14576334038030406,0.021045658505412883,0.04099587340267373,0.25810240382405775,0.09361230598145374,0.08996450664287786,0.12949597196105114,0.10530008240136997,0.11571985690079885
0.1390114700382168,0.005814334382206274,0.03716821677054194,0.06488790406257132,0.0567192754468386,0.461438021044769,0.0650373284495485,0.0675600897898699,0.10236336001543767
0.053438225119524306,0.10635890831589782,0.41610505436534523,0.007237486575098008,0.09962488498473221,0.11445205236276511,0.008142286375649505,0.11515751927209178,0.07948358262889611
0.08540512983848018,0.17126929794260312,0.3375231786051678,0.026064568911386133,0.12061469075922938,0.023165206886636758,0.028154607790078362,0.11224109755831373,0.09556222170810462
0.13748835107830706,0.010585905477365364,0.05403867744157084,0.26351781891832915,0.09371205368727276,0.027623330109256567,0.14146506002504666,0.1847726517578482,0.08679615150500337
0.1315034087153771,0.15381033060223434,0.17675770390598097,0.053240051904807136,0.1345539910942557,0.03282323492421449,0.05652811451527653,0.12130328351718041,0.13947988082067325
0.10670413378394401,0.005927082493190627,0.017843481231165678,0.02609730033612223,0.07097146119335779,0.5425211595234638,0.1017117570845874,0.05045110228106047,0.07777252207310797
0.1081155257515296,0.1349202404373622,0.038571487515317075,0.19669825905371716,0.09655661303985569,0.05323186456229181,0.16624270805604952,0.10747544486566396,0.09818785671821295
0.09578800373497076,0.03929763188466266,0.06535737744478524,0.1715113558318412,0.09962965407835633,0.21948120095340015,0.11005522611610612,0.11784180598093581,0.08103774397494166
0.0796236334742668,0.08924630005055306,0.12256590733383453,0.04958251462427923,0.10580469859611634,0.30936797766050333,0.06594824773447647,0.08179632993266613,0.09606439059330406
0.10838518897043631,0.08781874588981725,0.08484680729381727,0.02498436514476511,0.12602344718672645,0.3231205912436823,0.06869548453238931,0.0735638655498674,0.10256150418849867
0.22354264682930744,0.12899944813457928,0.06068722918020545,0.041467678075879554,0.10206928839259173,0.12047547394674023,0.10507674596359211,0.09994876645752337,0.11773272301958086
0.14390855713581074,0.028277472944187244,0.03688889883109612,0.03905113751289887,0.0754219015550266,0.29756763953111137,0.14376512119442375,0.11442398481829652,0.12069528647714882
0.09012748869744243,0.06714297559765932,0.10655067252455268,0.2188548426498574,0.13441629110892217,0.028183472485359174,0.14984538360789304,0.10795904985569284,0.09691982347262096
0.14323510301729878,0.10397022334219018,0.07448517375145956,0.19931394361711585,0.11266584406970281,0.04102096896733488,0.10006969839413667,0.10468366378886033,0.12055538105190099
0.07533567895213059,0.06334810864787434,0.2769289024463348,0.08688979281601635,0.09920862816729074,0.10608081337914137,0.03778185670039145,0.127222081818352,0.12720413707246844
0.12654396808269072,0.21021087002474384,0.07770126025807861,0.08281383007767988,0.12330482649217996,0.049327774531447176,0.11212321794833902,0.09743279260649458,0.1205414599783462
0.08182706777275528,0.0018252330439813365,0.01990783126109066,0.2266219148613519,0.10876644452102639,0.19484930264256162,0.2037384215481638,0.0828341968968362,0.07962958745223292
0.1193272344380223,0.09380332600869129,0.04634538502247998,0.05886743546432991,0.14202810893540793,0.27732314470186764,0.060838342771826676,0.08132803505163395,0.12013898760574038
