0.06250579971748142,0.03492913366321561,0.08823016529002076,0.059538155528093294,0.2848712525548471,0.14053153409793984,0.3040742258666483,0.01060765836865657,0.014712074913097237
0.10903127795627143,0.028441490906877424,0.14839689792849362,0.091136332203822,0.4552246010679184,0.09619938292416498,0.014824462859706974,0.028217342005892307,0.028528212146852833
0.1629084606967516,0.05594785072252315,0.05190359307548722,0.3881269385486756,0.07114523788690309,0.1199812767847351,0.056417377413329105,0.03889889255510821,0.05467037231648695
0.12927111996981527,0.12358543467021744,0.08371417587358736,0.022029663016686157,0.15358143479072583,0.18904257728818372,0.010256622397762394,0.15088354182462435,0.13763543016839744
0.0952083349291819,0.032542763424554776,0.05940978904716471,0.5169712491514861,0.10382580630124057,0.04585730803874127,0.04010584274495591,0.07454259399140388,0.031536312371270955
0.06886161504578094,0.03083008789283447,0.048640635881470475,0.06241158290345333,0.19390520299662395,0.12493730627940541,0.4179781141453027,0.012166267938857963,0.04026918691627074
0.05567732388500918,0.0046112935439147915,0.06540563339195653,0.02137275565358912,0.269225729865895,0.10668207000751913,0.3957042936667429,0.004708663249859563,0.07661223673551376
0.05178664925733004,0.013681300455938114,0.08170941894949259,0.010187921314996592,0.37556904209873143,0.36571220375733726,0.03645345687771234,0.04308268029370351,0.02181732699475816
0.16357270470628746,0.031573302021867096,0.04250072964155042,0.07416936978179832,0.5079987000298152,0.07699905921222888,0.03317434770033793,0.03091911465967115,0.03909267224644353
0.07866063778977316,0.017210874767140824,0.05181206910364599,0.08791932885141668,0.10874353586388132,0.21793206787294492,0.02339203237771061,0.35685384877181764,0.057475604601668846
0.03887236411380902,0.024043242500576142,0.10910285152772793,0.09686491415521903,0.28460982954245645,0.1984932421589699,0.09048219230155269,0.009693588602862608,0.14783777509682627
0.055953327491068384,0.005613193379049884,0.06744619991299382,0.042054979107586675,0.1966591364358762,0.19479161740505205,0.3784404502314102,0.009233284187814104,0.04980781184914861
0.0891128250612857,0.011575832890977833,0.059094766047267606,0.025578143542892767,0.07640797181015045,0.22035189870932018,0.0931636252683745,0.08988193192808776,0.33483300474164324
0.10274111378482305,0.03885159177640718,0.13375590116374755,0.07342345277959629,0.12597583533245152,0.22796066158635633,0.12787308899735614,0.02609381686722494,0.143324537712037
0.08736875749555702,0.03421759660672862,0.04142165680627393,0.04770242815864508,0.19535006095664906,0.31326952768645633,0.03978103982984663,0.12148125748206855,0.11940767497777477
0.07537618033273603,0.012119564534113399,0.12107453338842356,0.025217759003379064,0.0661164402164422,0.09579912501553835,0.48535586815507603,0.01945163792627289,0.09948889142801857
0.13164099677414096,0.4742250335681186,0.07110798157793828,0.11269952599831319,0.0061873063878289765,0.07464522285412373,0.09165166020133082,0.028359497347807548,0.00948277529039794
0.049777787113161574,0.003242086395490711,0.06663202301739969,0.03453565376711668,0.1469112065164532,0.06949327135352422,0.4417073745418465,0.009709584950212086,0.1779910123447954
0.04035445227420986,0.002391884153499223,0.10632110146277297,0.047466178903470296,0.23644077158115775,0.17905736897011967,0.09609963940799478,0.19205597174282651,0.09981263150394902
0.20917386433967836,0.008517252711307354,0.10237969903347664,0.11609665174214061,0.17702935216072324,0.17287578914502275,0.06514108940086163,0.05458078410175216,0.09420551736503728
0.0993284106561904,0.13196995637007028,0.25989910272123473,0.1434570291735456,0.07983041669462285,0.10325105145388375,0.09760394499873991,0.07651391120859795,0.008146176723114571
0.0692190706536172,0.011555371442388551,0.06548783932725953,0.025861068068508724,0.30667667216808764,0.0814407938487452,0.18539455550196512,0.030431742620698133,0.22393288636872988
0.09838334896553202,0.06518736162055683,0.04552991091612967,0.22146701624907053,0.040226905777782374,0.031057603202305818,0.05603389481098564,0.076959501515927,0.36515445694171017
0.04063488749549306,0.03451893495138229,0.07189915913719855,0.06449860452867373,0.37586177167744256,0.08514441314612763,0.2404341308703014,0.009518950586511246,0.07748914760686956
0.15085305019387296,0.036065603435346566,0.045160501088818805,0.04595933267641505,0.29262508943766813,0.1909710469920236,0.18461123539116053,0.03092790499803009,0.022826235786664293
0.09145129083737191,0.012777630676374926,0.05179165611125363,0.23804359064961914,0.2695895018882275,0.08789713357084576,0.2107410963155458,0.015145396574913192,0.022562703375848123
0.04566842776915098,0.003474086321247321,0.18360195157948123,0.02979766964898717,0.31975579050443353,0.13895037141562958,0.2202837450861563,0.012008409321526132,0.0464595483533877
0.038163709586537954,0.02848231132968332,0.5180002895959763,0.06006082003789295,0.22933597613133228,0.03507716026790667,0.01696706345772422,0.028294109198669638,0.045618560394276586
0.09026485417000314,0.01349055698878506,0.12089000163352287,0.049059307977420814,0.3210816765114873,0.1339721193010886,0.19322541798283344,0.022850659017793453,0.0551654064170653
0.032068771244157634,0.0033506860179559335,0.07979637019193696,0.005712575728670057,0.2802309475047755,0.17270979791351734,0.35266864621112365,0.010925255078673278,0.06253695010918967
0.08608371430985633,0.06204299985133354,0.1493105853458902,0.0671649127363998,0.14163078803910967,0.06822032710039344,0.21388606033440208,0.059944097759913655,0.15171651452270132
0.08575949022977396,0.00964323401930329,0.11061652141469512,0.23815369027319247,0.1613310839924899,0.10151229174318632,0.01570326423741263,0.1366584016920788,0.14062202239786753
0.07239671961235232,0.13208682253772955,0.44046350019531083,0.0698313504032732,0.0880058602673741,0.03450719859794668,0.05928780137363753,0.092237732696633,0.01118301431574261
0.07557874821108437,0.022134967329039384,0.11408650478097299,0.08451164432459773,0.219142982666691,0.08292118940852361,0.35200749424838623,0.006996185917722435,0.04262028311298215
0.05298538031666373,0.0032697132466333457,0.10219988251458596,0.09561646430726,0.24151184690905203,0.12605517521381363,0.32538857045660546,0.012662063527158054,0.04031090350822796
0.0541960563157464,0.0027987276943880848,0.07721572506075587,0.10032162275190033,0.061242613020187596,0.1580900034200122,0.41757032429800195,0.0048800155119628095,0.12368491192704473
0.04944767764444377,0.04455441034796035,0.10085722388161922,0.2411083230231971,0.214486213430505,0.11015526043420239,0.08962712567919695,0.05538640652708613,0.094377359031789
0.05848102222003149,0.001284909247060453,0.03631205636242035,0.010184921738230797,0.4161599233276428,0.14914893963072837,0.08123654720252824,0.08316453307591264,0.1640271471954449
0.06462193164784213,0.014621521429019133,0.17825032817357114,0.23265587052041092,0.28683886864096947,0.10687149161873832,0.019321379526671022,0.01998637993508404,0.07683222850769374
0.09093610289158861,0.012078006962956432,0.12822209656071928,0.18111956210326507,0.10048157886386333,0.13728204757213242,0.29473412093791346,0.014967776987974267,0.04017870711958718
0.11575024664098611,0.10406754354989058,0.14843573532054913,0.19706668467823432,0.3120297285519564,0.03875367785969062,0.042792380329665446,0.023628464018541535,0.01747553905048589
0.07537345444546885,0.004919972820802825,0.06348229640235052,0.02110373238577631,0.14962096435978264,0.13929904802970777,0.47858822328900413,0.0029476988833847546,0.06466460938372226
0.15663826772211806,0.0463971179884165,0.04696091830268601,0.07524959952239706,0.1501611824167124,0.18694693218300393,0.11115268586066773,0.1586567636644718,0.06783653233952654
0.05887623660794073,0.011213973648167735,0.044063841923820346,0.015047473865123956,0.1843529201015602,0.11429417442732963,0.3993992471414949,0.006325043266455367,0.16642708901810724
0.14722899851989737,0.0148000660316062,0.13321264408527347,0.11013393892852504,0.06763067770233727,0.15814413482244627,0.06166860642221134,0.198185521592857,0.10899541189484602
0.06704812898673992,0.0038533816019685405,0.08126079372327416,0.10513475939036511,0.18764490457199487,0.03775824439493356,0.32314636169455113,0.008724590969480235,0.1854288346666925
0.04707059931359722,0.0050663586261543506,0.1281946936396226,0.10562458936651704,0.4488676634470365,0.06444161290402702,0.007104279064800945,0.13867128511729915,0.0549589185209452
0.10589067960275311,0.11481520605287947,0.04900013835618222,0.05519165116607839,0.027819224136822873,0.4386821244236953,0.09718775337754258,0.03568611866318561,0.07572710422086053
0.04961294801262121,0.029726303502190517,0.07932250394749181,0.04711103689668817,0.3787781757364792,0.12879865414267544,0.24980626342246157,0.021541232309190323,0.015302882030201784
0.0759378817042518,0.023459608976481323,0.04980528053391806,0.021850706268089718,0.013105846529730661,0.2489907007951112,0.14846979316096695,0.027996430009941436,0.3903837520215088
0.0960590526497781,0.061402047139966644,0.08753546682605395,0.11559318019576292,0.0090830638025877,0.1950190962397346,0.35606636522933505,0.02516050959454848,0.054081218322232553
0.07793516887142372,0.06073985253850687,0.0839638300406288,0.20631694662706482,0.3114712073497719,0.0969176252082884,0.02973727128658257,0.035553591213592535,0.0973645068641404
0.21725247800481565,0.3499593145645099,0.0583143215992466,0.045266420211107744,0.016614864865505605,0.05806840164873841,0.1494906331565038,0.06914582532073274,0.03588774062883953
0.07581391129610199,0.017353286276405307,0.055855643960677846,0.04918173103710993,0.24343750093993743,0.1354090794951703,0.2828737226047997,0.009549979345912658,0.13052514504388488
0.08992504402651791,0.4559298911371581,0.09541293122740374,0.055557508769566714,0.16305678419372968,0.02919074681122419,0.02973607935116536,0.04260500136869049,0.03858601311454383
0.03445229866076342,0.022551015651492295,0.059346147268722664,0.09393322846878875,0.25203869443443927,0.11385959161019775,0.3531701061245888,0.0037678992945980078,0.06688101848640891
0.08046256558358178,0.4523494398344663,0.13906710105230446,0.06655035186690932,0.10773974946183817,0.07969215216880143,0.020295690660079305,0.039027936616008375,0.014815012756010812
0.16315684055555585,0.3356262898432823,0.04647130295077643,0.06740601532136592,0.16851798707925467,0.03160645662437269,0.0961050188789253,0.043195835486083266,0.04791425326038357
0.08180590681519058,0.0046675934591822055,0.06339076573718315,0.015261498672338655,0.5060517714490861,0.04667603705453086,0.1941875729617132,0.08014586411910694,0.007812989731668109
0.07986306449479606,0.007775932583728304,0.08626213678149024,0.05130500659506359,0.5193387723316152,0.09896265143489134,0.08654006627955839,0.019487157489606412,0.050465212009250505
0.0787365836999541,0.007022007169351884,0.13879817651137558,0.019159149587244902,0.343100401103903,0.06685739922987931,0.2584351951720703,0.024582773601157917,0.06330831392506295
0.08168280555237546,0.01622461963613592,0.022489319523992257,0.014688136506594748,0.030133670450762123,0.19437180264250312,0.43255074763368206,0.013271323370140703,0.19458757468381357
0.05293502052140293,0.078039590038802,0.2088180928817368,0.15655478555826857,0.28635922266258756,0.018234413136437644,0.012560460836223529,0.09063885470362892,0.09585955966091204
0.10566275028296225,0.034804953187872203,0.10319513534889822,0.17828263461506497,0.2970106783694289,0.15263223903697884,0.058393336333711514,0.05729081576029361,0.012727457064789451
0.12016389506048604,0.01654687437850545,0.294555727182283,0.15902593966986514,0.13405241515142327,0.16951490522048515,0.03269062829802762,0.025100668850685664,0.048348946188238644
0.1217080780119062,0.07190229873239003,0.03794786803502257,0.10199848083436162,0.296224461512085,0.039981066395024044,0.061112167445245134,0.20494510524337625,0.06418047379058912
0.07226913073357404,0.0025265573811813894,0.0712638305087303,0.07199979164477482,0.14176532566626773,0.1712154147677221,0.031057912526001537,0.07598127238194131,0.3619207643898068
0.05778874385465421,0.3460673785761508,0.1540533403111329,0.014387164597855912,0.1994294741388368,0.11510069669488283,0.02646595049312569,0.03702229317843825,0.049684958154922576
0.12144892864427352,0.08279514201373434,0.1278521686054454,0.3635990004267948,0.13123270984236227,0.05084211621639025,0.05756351834313985,0.04639557543141141,0.018270840476448114
0.10034607679526425,0.0468975417251847,0.04503109694709393,0.1971313678171264,0.051744737144791775,0.059574261621798706,0.20889303312372745,0.013029549015971795,0.2773523358090411
0.03325742131253851,0.08429231030725078,0.41658495870611273,0.3078130496345868,0.031812631895719666,0.06142267951216527,0.03450824751405293,0.009317280802838022,0.02099142031473537
0.176456439670014,0.15856344082047116,0.10037482791458974,0.2646145340226047,0.05776455977828382,0.055747431257700174,0.12674132356561407,0.04673552187805568,0.013001921092666608
0.10409016039052534,0.019314544486542948,0.15296861323991792,0.3238120498654809,0.1257835584682483,0.07690931535159222,0.021542843353915483,0.05723218661511126,0.11834672822866567
0.05332407470342193,0.03865221950161144,0.4119688893755462,0.09288646111273953,0.1734169349921373,0.0824879044370866,0.012322087242105345,0.023740507900506035,0.11120092073484565
0.1064175754546444,0.0021316760901600616,0.043470321648265364,0.01769017141233821,0.16124559454852125,0.1006214663246362,0.46340613766747296,0.03161504611270718,0.07340201074125435
0.04600349963208486,0.011697377734209423,0.07803390084493063,0.054389719893452045,0.3411958962775261,0.028454899685938992,0.3634958610582438,0.03634628024703242,0.04038256462658171
0.1878872136358554,0.05172790729008112,0.18247284172971304,0.22091360295349918,0.12176632907495333,0.05689843788559074,0.020769794003851726,0.04101103290172022,0.11655284052473523
0.08356794357649111,0.04543610681105855,0.1314716361639082,0.062158841017971304,0.20063772346812261,0.11526688996153073,0.2935325224552226,0.014490871220670073,0.05343746532502483
0.08198142549670162,0.06764134863077993,0.1168473000132133,0.22779029921558627,0.2323189249711759,0.14544927631646293,0.0651236463997855,0.04504148948794048,0.017806289468354046
0.12432642122942655,0.028289536753280036,0.036244012483717516,0.12468017252411158,0.0936600320085182,0.032895717675664404,0.03345160567513702,0.20158460780680174,0.3248678938433429
0.1357096675139003,0.06193608780320553,0.03106420359418677,0.34029838392596196,0.25576096169261753,0.06721449824527838,0.019254444342811622,0.05490438733624347,0.033857365545794514
0.05322105421997242,0.014391725999237432,0.052320825434681084,0.040137516554182316,0.1281395072453976,0.15872318283127088,0.40879565673199186,0.006754016652034408,0.13751651433123202
0.07346414991326644,0.0114799678478452,0.0760962733624739,0.0442411604601247,0.33470401112270726,0.1803801248339917,0.20621265544281542,0.013439943010955706,0.05998171400581964
0.028968252641803385,0.006187653380918139,0.2529274870769584,0.07434477669783157,0.30417190597430416,0.0894496578489094,0.010856004949674375,0.054322440279527574,0.17877182115007303
0.04187415773045091,0.0016591042913648572,0.05869258060799207,0.04711314549242638,0.2668734205881948,0.0782842306829456,0.26541328301624617,0.008097316751741341,0.23199276083863793
0.1785725231401616,0.08054584322892168,0.09932686784251131,0.3354663588332296,0.08049078404684945,0.10767375973994202,0.03883271475990487,0.0379363068814935,0.041154841526986015
0.02743091325732612,0.1411850775594579,0.21242275015827464,0.10464897886722897,0.37907627936246474,0.05321212392765526,0.02410220588694063,0.03883212228365218,0.019089548696999498
0.07638283668663967,0.012629804373068767,0.10148856450013337,0.21887033169648318,0.03439003721475077,0.11579687107253862,0.3484093448418424,0.025526267559825327,0.06650594205471795
0.04187415773045091,0.0016591042913648572,0.05869258060799207,0.04711314549242638,0.2668734205881948,0.0782842306829456,0.26541328301624617,0.008097316751741341,0.23199276083863793
0.1715023346099558,0.11648041010622134,0.15220623379162898,0.23566154125920513,0.11998050228825545,0.06821957104379889,0.05730172920926366,0.045392233278079126,0.03325544441359162
0.061337065882576126,0.002472275810809071,0.10075819001980309,0.034561791937439856,0.1332124669329544,0.1460335871004321,0.31707248980855646,0.017145121948652475,0.18740701055877637
0.09894658360527207,0.04531592118601572,0.06358630994994612,0.21440757402204538,0.3493418128646793,0.052471882060491616,0.08715984895859719,0.0708194697736939,0.017950597579258678
0.0840282974404083,0.05679728116918112,0.10244412674460142,0.08188430554148111,0.4829491319293906,0.0474189562779491,0.010988217895520916,0.05485796897816655,0.07863171402330082
0.09094617559344871,0.009085724770285105,0.12037906032236483,0.04252369046430704,0.1148156955579625,0.2718874928753567,0.25474473840855066,0.0224247585077075,0.07319266350001696
0.07296811667023999,0.10242846669498125,0.3663401930199031,0.11209917494550925,0.04342711158592238,0.11561810249826171,0.10876052762925592,0.05735503633111915,0.021003270624807183
0.03332069524248476,0.003267253045222101,0.04268503721804864,0.02558733777895959,0.23092774758475457,0.14378280027690307,0.47329630503012216,0.024417789076821586,0.02271503474668357
0.02460416821754084,0.0036362582109778206,0.14272573927071183,0.0764863953979504,0.28969809802693675,0.15712145552033838,0.10474752120863978,0.04369398399087973,0.15728638015602447
0.06004713179712202,0.07483107057123033,0.06045272632477128,0.12339269010374176,0.26304250249354516,0.20215370244129668,0.18424624349125462,0.010635123558305556,0.021198809218732604
0.11205299783066687,0.011554648755224953,0.19906464742099886,0.2686017235906763,0.17416654072288806,0.03549689802258594,0.07516565449367961,0.09093077701185104,0.03296611215142841
0.17171293903786933,0.09695032106423614,0.10905464247114204,0.07148591552109512,0.22245269824194014,0.05983678602653699,0.026030784863135686,0.11577210364132519,0.12670380913271936
0.020840176192092035,0.010696292098334254,0.06557518034236032,0.0274247855267558,0.30754916478294786,0.056177143034493365,0.30486342410224254,0.009382164894396671,0.19749166902637708
0.08285291077636164,0.04060012277313098,0.07681835515385493,0.4126477696433534,0.037033065444900634,0.04250895546832111,0.046595286866009784,0.023350431509522093,0.23759310236454542
0.09171659966374995,0.05173266673118552,0.09292260914797594,0.3738074414011338,0.1495718229162285,0.04437297437626181,0.04687311107436724,0.05950103186077752,0.08950174282831969
0.14671010006851481,0.059021233743639295,0.045036771231268515,0.0868414983171622,0.17337340547703728,0.09633587184145653,0.10103911687983859,0.04538826429637568,0.24625373814470705
0.03854169451203244,0.07368286149747258,0.1242305927162624,0.14542825142475385,0.13946369812060694,0.0955815514107445,0.349412259123856,0.005887725777450475,0.027771365416820792
0.21061796759083554,0.12271584256698607,0.06499563710687804,0.09569109446146022,0.06516767418381432,0.08337470291704017,0.07629103916566776,0.21795638645542534,0.06318965555189249
0.04189449821842627,0.11228736605862351,0.3549297762441648,0.046929971913863784,0.22849097168481614,0.12287232694083738,0.01346205595351907,0.03535844957275872,0.04377458341299035
0.05661706166933259,0.002554914684622428,0.12232873227242813,0.02315555297708322,0.30881960471128056,0.16897248721572658,0.2626804768115116,0.006212117304606623,0.04865905235340822
0.03991357178383851,0.02452181208303716,0.028699492351368386,0.018984421692356434,0.09906931981048948,0.1497389248709683,0.46162651082666817,0.005098061619062088,0.17234788496221154
0.021197883855744865,0.001310595816901426,0.0703960923917858,0.005566648945193906,0.24094119882218798,0.13208502347127,0.4275087816777458,0.0030563695628514527,0.0979374054563188
0.06283811300330051,0.01700941214195908,0.2637905416003795,0.1965838781503472,0.0646549740245022,0.17607989197540386,0.012891959029365671,0.13262600021555934,0.07352522985918265
0.07653433036895058,0.0831377607249588,0.1748202424672839,0.2994128299309937,0.1368980417937569,0.0986771369649287,0.013396797416241493,0.04060919394564264,0.07651366638724327
0.08851459514290999,0.006724774467353682,0.04474189385575272,0.2517121789123069,0.14453309549957363,0.1489475612420572,0.25652323912412905,0.011916389098313851,0.04638627265760298
0.03334526629731068,0.006667421065799737,0.15379804257892588,0.10926066784028422,0.13839412330005063,0.08317979325132346,0.29669775308745133,0.0044213843995608995,0.17423554817929313
0.0641491272025222,0.031170391805364312,0.09186024606505307,0.13749756605576538,0.46050594908872483,0.05490907306968459,0.009181089808601248,0.0922958601197228,0.058430696784561635
0.08236802465399888,0.020178932092097843,0.10197668226549206,0.08994340121655996,0.29195827881584296,0.04198445025235364,0.33363545518366483,0.016471618372509392,0.02148315714748045
0.1613639918417094,0.03992023683555002,0.3263278654977784,0.1522555582287645,0.07151373072289546,0.06605488766566837,0.11858027251467447,0.044086174088511704,0.019897282604447737
0.0694411700033224,0.07731686524400185,0.4428373680486666,0.04857665552442509,0.16158219967620305,0.02098479880497268,0.08992970653423545,0.05909430243555775,0.030236933728615068
0.0395140608823508,0.008071862032589973,0.08192045530360981,0.18443974419688602,0.46935386456005496,0.08800388593974891,0.01750421440476191,0.02388528919007785,0.0873066234899197
0.22364019093930976,0.0638450220624384,0.12273503793904424,0.28349474646697487,0.08883967715738221,0.05483241973987888,0.032183366980133854,0.04887728907968303,0.0815522496351548
0.050484543420227686,0.006892993575466861,0.157962476925576,0.08757970447355272,0.1846204354775414,0.1375865914022196,0.01615882143180147,0.21646943126568596,0.1422450020279283
0.1908067593842605,0.1202754812791464,0.04651512391382937,0.2781950107276416,0.04259159775255364,0.051782546720925644,0.10159839938249197,0.14907134342368758,0.019163737415463303
0.09723837089537186,0.4561585137154965,0.14075099881740993,0.09751499336557141,0.03524945418042796,0.03910988092673751,0.08058813696766771,0.03767611243519908,0.015713538696118027
0.060993393085524684,0.012128385877673948,0.12669247998045488,0.09619129449469767,0.17187021245634362,0.15225027374441982,0.23888071933078878,0.008711007910283551,0.13228223311981302
0.10785171978588341,0.01389643777495967,0.06996867905231446,0.03723618760734953,0.2671931180635047,0.09767241159388819,0.024784895284147998,0.3046030621617051,0.07679348867624702
0.04493176153163573,0.005223177567038029,0.11061785277906218,0.03388050965905878,0.1539270217425539,0.11110555533879567,0.4895021677335512,0.012721288947409828,0.03809066470089473
0.06898779506635368,0.08220043288773797,0.43754386719282096,0.07774461707396653,0.04342218541796872,0.17522462858094445,0.024715331369290466,0.009502920070637778,0.08065822234027946
0.19192677869661737,0.4197685438733796,0.10598818280585386,0.07661429820503325,0.022507754515511902,0.0602136976306189,0.05581409300075246,0.037373745339381904,0.029792905932850788
0.09679656884924355,0.010062797927020762,0.05468610278669076,0.0644414156004104,0.2554023711305249,0.25615308247635665,0.18324449951067767,0.012952928898404747,0.06626023282067052
0.05463267992377446,0.01057778938513487,0.14137469307918743,0.055665521761785464,0.0994124097216595,0.22861027950350268,0.37507672207751197,0.007391486035041796,0.02725841851240186
0.08185598795515663,0.029424477521814558,0.058546355076901944,0.15884162376396743,0.12040447697369656,0.1737653432778543,0.32664852006813666,0.005761810799932969,0.04475140456253899
0.05845019688826742,0.06257519101471053,0.46037829573573613,0.07358294069632236,0.14767841001772666,0.03552856691201033,0.03475990609909363,0.058715790960714324,0.06833070167541867
0.14547408035057888,0.48702186045595913,0.0190074504208022,0.026834581511758094,0.08529792079024147,0.044479306456113775,0.04353278834922978,0.1309603909133433,0.017391620751973213
0.19452558274540274,0.04127847363198111,0.041382606926664706,0.027213074028138263,0.09230519602709886,0.09676970118089541,0.13161941554494702,0.0831802865398381,0.29172566337503386
0.04472021878262916,0.011724232257368745,0.10247310904175627,0.09866759122807205,0.5392979569609806,0.08502639577633558,0.061083601686882226,0.025310583254452363,0.031696311011522975
0.17009575889531822,0.023269524106994403,0.20256222022706102,0.37609463678902494,0.02905706824228026,0.034872610518097806,0.12042465138821408,0.02174624146533412,0.021877288367675263
0.16041732767407033,0.1991516763318122,0.28319716098842646,0.08060312810301005,0.07543808131929199,0.06295149709143645,0.07635141724370609,0.028211672217270427,0.033678039030975944
0.019353227783662514,0.006465808384988847,0.19425193909272961,0.05654521809109118,0.12133946565955712,0.1322298652931664,0.4272557619255288,0.008195283882242338,0.03436342988703323
0.14674685021906483,0.25592950001944276,0.270128331269412,0.07286351904165755,0.11293501340123473,0.0297738119029896,0.0394310488844609,0.027026497165041546,0.045165428096696124
0.06792393988980656,0.005453553564093117,0.11975840479152271,0.024851142290647665,0.08793483883842611,0.07382455339006493,0.4436606861975047,0.0058023248434113045,0.170790556194523
0.06674440081115152,0.3096747230127499,0.40278666711230016,0.030194568495502765,0.024326061412290267,0.048110386773367576,0.03474119853118565,0.028848447382318464,0.05457354646913376
0.07086435017392248,0.041035584070976565,0.18973549945381415,0.4777706860269207,0.046315670990243564,0.06147640902133609,0.07530776705261132,0.011826425423852649,0.0256676077863225
0.08773362439350722,0.013378212663670293,0.08051302680623297,0.0731700100325167,0.4275720067157474,0.1266811458964278,0.15096335271859937,0.02360787674473762,0.01638074402856061
0.1042709571895583,0.18165854700846182,0.3063689142516494,0.19454667910584691,0.016660031770274506,0.06191155677668181,0.08969490344941496,0.028068389469486307,0.016820020978626078
0.13519364775572787,0.07898707458150404,0.024816544763642655,0.12904251828041718,0.47953337195865103,0.05435577793988311,0.017533880544159774,0.04941006821311423,0.03112711596289997
0.10167223936082004,0.06795477885650747,0.22083268750061638,0.023535299278966377,0.049316650515320005,0.2998711306138395,0.08176467663346589,0.08205007864865808,0.07300245859180628
0.07164218235907326,0.008990019030438626,0.06931515537865673,0.15582349431811596,0.27398588377557437,0.20935850996560293,0.011350988616160023,0.07918913446221207,0.12034463209416608
0.08330225422809572,0.02341806795638938,0.26212312516808584,0.02773194628000954,0.17466166280151862,0.16444127893518917,0.20593983067745972,0.02001841064827526,0.03836342330497674
0.023126533048316883,0.0011929883192573637,0.07963923307535935,0.05199107866130365,0.134989304183612,0.1311347404138704,0.3448748054323069,0.0051811992747180305,0.22787011759125542
0.15719078364973152,0.053588316688870104,0.10944928994338392,0.07983359730388494,0.06895432887004428,0.08811565479998158,0.04065830902659992,0.19744791587562918,0.2047618038418745
0.05578425277121387,0.0242560389415933,0.05576560051136612,0.005318578495194376,0.21126572280125014,0.08374206929679752,0.4894930291229797,0.0061703584808652885,0.0682043495787396
0.07195247989144203,0.01519940642469998,0.11891219492162029,0.21779222741581142,0.3257227017425106,0.11857819870802781,0.013558455044221596,0.049876760688579845,0.06840757516308638
0.14689101865639878,0.0737055867415304,0.11808859848671045,0.26040362989557225,0.20159290565933718,0.05674830754543464,0.03650527269340958,0.043532338285643214,0.06253234203596354
0.17140073334353012,0.010969332917727176,0.02879483569917117,0.10508535136419152,0.16014417351272778,0.06122523282193589,0.2995180259717879,0.05212769885888299,0.1107346155100455
0.10839334721581506,0.010394847411574518,0.0968057787779571,0.05471103244190103,0.3058778039692565,0.08151003520325166,0.005117577662015476,0.21055042488630352,0.12663915243192517
0.08740318487045524,0.034699007477646794,0.05429017136752334,0.12960500859200588,0.23316595259808062,0.17014965606007484,0.22974067898168762,0.012891141399379165,0.04805519865314647
0.14956532834243005,0.03237195967375633,0.13047708625053256,0.13738837817704164,0.24332229201775402,0.0802706874101511,0.02835167126506077,0.17789046463616165,0.02036213222711196
0.058877985634945874,0.015978721466770304,0.08678254534744599,0.027842647859065355,0.39163526144930444,0.07410811315756144,0.21310204184090606,0.027666748709771313,0.10400593453422928
0.11137021335974957,0.08835585117977411,0.09234286661155855,0.04046015013597451,0.08283084169885872,0.4259454487692496,0.09080256439965141,0.018756044983192912,0.049136018861990545
0.1378543169084139,0.043486594174932745,0.10459428511615206,0.22429357435481356,0.27177435455548477,0.08799034806549967,0.04356412762586856,0.043685004199820916,0.04275739499901387
0.0996902945357873,0.005277212544963612,0.061171954980920956,0.08085827062048746,0.032879855717478514,0.08061650812155167,0.4928017973545238,0.016907281485446596,0.12979682463884015
0.1048005882811876,0.05318682405051515,0.03580023218106115,0.1146730212110229,0.26938425903416247,0.25843618597454415,0.07050258866195468,0.03638899368594833,0.05682730691960358
0.08954225139599607,0.022095725329043085,0.0532491871587987,0.08017855885918591,0.35845053943707056,0.06540733390133015,0.07839613122321003,0.23582772577766387,0.016852546917701685
0.02226568299735429,0.11053306767546393,0.06163247953918242,0.044191693228526015,0.17784069787161294,0.1786712152311478,0.3591820697452344,0.0028507682858628994,0.042832325425615436
0.021067325421869804,0.009356177707468214,0.1427442308912986,0.033366555789598754,0.18476449086232014,0.13201879669871283,0.44414810531548965,0.00982363813246996,0.02271067918077209
0.04660270930280346,0.229323780039748,0.17265742455431013,0.08549477121093646,0.0293389652642816,0.15639838156517996,0.15569125617555366,0.02615108970192859,0.09834162218525803
0.03170223890666657,0.006395621095755913,0.06497611036037111,0.11900058034925802,0.40092682099868404,0.06104944444489252,0.0021906768154722344,0.16089785427593406,0.15286065275296548
0.09774525244015027,0.044115586870344004,0.06448348615126982,0.06990832244860105,0.0938387930693962,0.09760371831592497,0.4227568773671056,0.05819517867888128,0.051352784658326746
0.07086614364708906,0.012905694373708337,0.0779359487532992,0.046121922300712055,0.41952149503186087,0.10668775048151558,0.1797752911485104,0.04725280312991107,0.03893295113339354
0.02796376729466324,0.027198966928553173,0.4625893292222716,0.049251003815408555,0.27171052640250937,0.049351381890366475,0.040396181989480695,0.04474462980131098,0.026794212655435915
0.15120907107236,0.10802956944898777,0.1480391361342797,0.1989994054247112,0.11328991917382082,0.05402337830902506,0.051522451653877976,0.15546306967896847,0.01942399910396897
0.03017755412582214,0.006083349968308436,0.11712194916259266,0.034563366265335786,0.27832268921657566,0.35002047277151643,0.045485393051975076,0.023217718417855904,0.11500750702001776
0.08774673421562944,0.03808618129438776,0.03219069420503612,0.03430950682097574,0.34763482523397776,0.21642657401242937,0.11181456285125756,0.03149318310010118,0.10029773826620514
0.11056325106491588,0.007722054165564003,0.05902705930316101,0.12061535797807388,0.24080912776676877,0.08445021830924469,0.02495060755235579,0.2651015305186058,0.08676079334131019
0.06792393988980656,0.005453553564093117,0.11975840479152271,0.024851142290647665,0.08793483883842611,0.07382455339006493,0.4436606861975047,0.0058023248434113045,0.170790556194523
0.025001959269196686,0.01644380547289777,0.10337046414413399,0.04061330096298845,0.11682753314345158,0.17013695403417173,0.37660896081705303,0.02297207164022423,0.12802495051588245
0.11382549315373165,0.07074139769382481,0.4077818103934283,0.04214902138723279,0.20170876940609964,0.05907537666742957,0.03305976453004049,0.023488157711675287,0.048170209056537426
0.04819058591862433,0.055314716067231755,0.029250334298560388,0.09364190598241913,0.139754345300431,0.1851152388801268,0.40503523752120785,0.005816877525746034,0.03788075850565273
0.04508996230867953,0.27940686251553,0.11221767275988405,0.012565408628302433,0.1296021263911349,0.2599503618372723,0.08885105611345673,0.01599643739616419,0.05632011204957597
0.11675712715239706,0.0060571641220210784,0.06555174408322798,0.11093150322486023,0.2063999687149843,0.08670762863734904,0.07874665201951281,0.04652149998706228,0.2823267120585853
0.07669091921077309,0.0095634760886866,0.06488706630338929,0.08577949728980995,0.28341119477600335,0.16705648883916088,0.21427937142346842,0.033667476482136305,0.06466450958657205
0.057249494824202496,0.016217334677814745,0.17668911316953803,0.032221588587966477,0.282787760293118,0.11748378935532773,0.2501467557763905,0.045944424117191456,0.02125973919845049
0.061058189135323536,0.07790318087242783,0.059313243073418925,0.3843553850179234,0.06384069643438296,0.23452253141635662,0.024305341601443597,0.02796729341403281,0.06673413903469029
0.11885092364544697,0.07683481221712823,0.5061986667201824,0.031540284229879964,0.016314057755186347,0.08561694064476699,0.012814899180842575,0.03652999039678296,0.11529942520978358
0.16620084579168526,0.06763476219091037,0.1626210483327891,0.07298446423854794,0.16876721155590366,0.18992411327823652,0.03920863824548395,0.11116827827075786,0.021490638095685327
0.05117869856052146,0.023190655253418766,0.08270441167165561,0.08768087849791535,0.13642907247739514,0.06526202007049244,0.4880429524839475,0.01053164904026694,0.05497966194438685
0.10274817123578837,0.1989615206394102,0.023990655396562945,0.08869787155071707,0.16317708188380395,0.11015303749638856,0.01288323586374539,0.054296235527054454,0.245092190406529
0.14671010006851481,0.059021233743639295,0.045036771231268515,0.0868414983171622,0.17337340547703728,0.09633587184145653,0.10103911687983859,0.04538826429637568,0.24625373814470705
0.042014349943039674,0.006734360356007565,0.04817230583076467,0.04815614752070791,0.17472858323636853,0.14541567674098457,0.4662305083223323,0.0037378892408484986,0.06481017880894628
0.09417890182614401,0.017350784493873447,0.05505862668455624,0.06136489577027049,0.22557181790879818,0.11913891249999288,0.38939719006896206,0.011178331881041836,0.026760538866360897
0.18974421298034513,0.06349495267504164,0.05530195972549962,0.30432656287675136,0.047968534801142236,0.05010090489684801,0.14284607240201508,0.08114317211920695,0.06507362752314998
0.04983206805537571,0.0022143993683514237,0.13749548941456632,0.04055824681647615,0.044272874201069075,0.35486302290324234,0.07824934863180162,0.18417663015531457,0.10833792045380292
0.05209637745687254,0.010330419014632143,0.04114935385778534,0.07945882759093263,0.1796621471271748,0.18957143411196112,0.04161409043307452,0.047799534086130406,0.3583178163214364
0.05499238173347983,0.049400550755506534,0.355511372233338,0.11369491678556053,0.18881715591662826,0.10013807444919898,0.01973893211317423,0.03808800647392105,0.07961860953919252
0.07217089699232648,0.01433142908000029,0.3099880779388371,0.14016593486638904,0.32326752040020373,0.01278650102081126,0.03299699684043992,0.03990001795527211,0.054392624905720055
0.09320466068300566,0.007822958835885485,0.04489423548795154,0.027791215610340092,0.04408195052675675,0.15489623406184275,0.27544322969639684,0.01925595947577881,0.33260955562204203
0.1667700448536669,0.153568893897561,0.05428353672379733,0.10601305183620074,0.06085371437526895,0.06886903913276811,0.2817090766512873,0.05824486528968222,0.04968777723976738
0.12062853475164614,0.04554125446019768,0.07565825701372823,0.03332299052476211,0.16444766966830157,0.18635520171301856,0.03026298061121316,0.30902290821866535,0.03476020303846721
0.1504588066503578,0.09464971429865698,0.17388626081075012,0.1798672718647918,0.07513000555096887,0.07510723638746869,0.04579150391963525,0.16121313023120235,0.04389607028616809
0.03610581390292044,0.0013466782065574194,0.044465555413499586,0.09753820183286643,0.33300273616485604,0.18272752832612152,0.25823423265925066,0.002130274032007529,0.04444897946192028
0.15249414380086457,0.034119916589619714,0.12792905020641407,0.27961745157944284,0.06593420307809868,0.1933678668440845,0.0531662423542679,0.07330992975247859,0.02006119579472916
0.08135870597542422,0.01126846824322541,0.08577117409691282,0.08139806370091986,0.12688738793010002,0.13948811593085197,0.41539704333993344,0.026299746799515494,0.03213129398311676
0.05300522710261102,0.006968347057721228,0.1533992289880373,0.08535991581125357,0.07951511502282647,0.2728505288146316,0.31505415154764504,0.002713756318626746,0.03113372933664696
0.07016655947340232,0.19752622492553792,0.048006074135259015,0.167118673249223,0.3678991834832989,0.029510486167294625,0.03901084775232127,0.04352741564213641,0.03723453517152662
0.08989316853895453,0.01858743291310991,0.024450653154525073,0.0481238987959757,0.2056365418456364,0.307562923093837,0.07532934020069475,0.09029433347367749,0.1401217079835892
0.08861713312568566,0.5453105562769758,0.17123933246974068,0.038677860492829765,0.010570706437496412,0.02105202833268982,0.022000599411267124,0.038285795185272344,0.06424598826804238
0.08374104930934767,0.018255965261380343,0.08470059539707951,0.026870627313259326,0.44819641847265457,0.19126520540177686,0.0975884058723302,0.0335198336311637,0.015861899341007686
0.12070516091627885,0.04937750180440545,0.053468130010539544,0.07287398320477385,0.07769262614381155,0.22005216305994132,0.3394276892024881,0.025253581096287864,0.04114916456147355
0.23185080441532283,0.01750993641492538,0.09300371768006184,0.22352722114036264,0.09457865040181786,0.1230694878452287,0.04854608693060373,0.15101143451254928,0.016902660659127735
0.0939867922548548,0.1852496546360253,0.38457861783013864,0.018257897603966653,0.028000033775723535,0.03936608881862677,0.019993373596089593,0.22004365556279012,0.010523885921784644
0.061492089056944275,0.04883370998712181,0.4963803964040321,0.11661794023437883,0.08230647765039484,0.06674598573116718,0.05336363512249304,0.021697449820354136,0.05256231599311376
0.11479586450872253,0.004592018779233649,0.057782965477336745,0.3436958222584041,0.11061127059701435,0.13890942790065874,0.1712874333975226,0.016636270080058056,0.04168892700104918
0.09138881362397248,0.03070404447696992,0.10883691157665272,0.2092616595607013,0.2872003277929455,0.11988201630052515,0.055751239977635314,0.02338162471053512,0.07359336198006251
0.061157733260967774,0.0027234690082171015,0.12908773000277585,0.05384631436727105,0.07117587596150025,0.3558444768093479,0.08645762758964275,0.06432374398612395,0.17538302901415337
0.061294996194418715,0.0030989529400143588,0.08895988963661632,0.026391584044719862,0.201527741614533,0.1338832483969459,0.41578039698139224,0.019841987117843154,0.04922120307351648
0.046483370799347605,0.06523193584097654,0.10671952461969114,0.03430249025695023,0.21071047203888535,0.10317388830533558,0.37225288921486227,0.03688491873450741,0.0242405101894438
0.15597912903049793,0.09659652624216365,0.038310904436660874,0.06065738039184135,0.09358091735462658,0.08743053416048169,0.29416586516225834,0.10556521245254542,0.06771353076892421
0.11188409349093142,0.062339047551241866,0.047917510791126015,0.172770144780397,0.08592231946599772,0.1542999665663705,0.11992134154723523,0.013267498401919877,0.2316780774047804
0.04211355529040833,0.0029816166514338976,0.01763068740223671,0.08777232272244095,0.3362077728779427,0.09033486182075551,0.32123886123602524,0.015472120349178003,0.08624820164957868
0.040009506155799006,0.023968726064284268,0.5058037630110949,0.14398174800758334,0.015341113006492707,0.036976936396295824,0.020061872281164333,0.19482799233567819,0.019028342741607484
