0.3155210101338157,0.13463961202733854,0.13779712052728296,0.06858137138885671,0.05470162890503296,0.1524762771647246,0.02169472491879777,0.08000205631674633,0.034586198617404376
0.034320772502946184,0.10377067188195367,0.02137181807509463,0.027147275296292028,0.09705996360546915,0.15136321312318377,0.25177539318116055,0.10583209461210175,0.20735879772179833
0.15778681549896065,0.12541675664298776,0.12851727708346825,0.12240732388749766,0.06678393428156693,0.16136835912323566,0.0788307281215932,0.1317484826453683,0.027140322715321626
0.10531920927243722,0.09613545610594777,0.4326765779550712,0.06259640400275389,0.03404867647958021,0.06492092697716549,0.08453083334358892,0.06359757076281768,0.056174345100637624
0.09197506785409444,0.24394564273342334,0.11812171502658324,0.12418338121015375,0.06382159094641424,0.07901061627713658,0.10565884025587104,0.07554285866315338,0.09774028703317002
0.19016156080127192,0.0570985258685703,0.09822520233510018,0.21714702123479382,0.07224167657270036,0.17585206369599493,0.07747270046731385,0.09436208797135,0.017439161052904634
0.16867715521776336,0.09483990568887248,0.02550683915383001,0.18659755076902337,0.10348408126867986,0.1266209283602667,0.11191094050323003,0.17092429943429377,0.011438299604040419
0.19917491469320925,0.07345081216735554,0.06478869129208625,0.04038632292203501,0.07941370888876366,0.07555652523057767,0.18056966093092788,0.2082058336430407,0.07845353023200392
0.08604248370582483,0.056574510155495895,0.11464756759898537,0.050155424970474295,0.09323461092012121,0.074861556458491,0.35766988147836826,0.12732257966646177,0.03949138504577737
0.15995790301326515,0.08174476910576484,0.14729286423532248,0.09193601324665958,0.10611253123098054,0.06687252553481993,0.16567494029271504,0.09095972190277878,0.08944873143769357
0.15436947733250672,0.1248306793660554,0.029033319898716922,0.26208644039455525,0.016061703417493925,0.06275811988453255,0.06631537093345534,0.0687005070048067,0.2158443817678772
0.0676052489688645,0.07918722784087452,0.04817085483628253,0.08396776610388927,0.12446694305741894,0.1494481784937358,0.24787924924909974,0.09433046257597653,0.10494406887385817
0.22334113228075744,0.13339273333227558,0.057968592074218374,0.0858781393381562,0.08132832500636553,0.17850500094475397,0.07239929094047838,0.1304262564225306,0.03676052966046382
0.2180768567333701,0.11287012774976697,0.08940197888660574,0.08753016808363907,0.0632920561062787,0.12177767948728811,0.0631944754467987,0.102940604326709,0.1409160531795436
0.12863012929530013,0.08028103677839545,0.1040099183219896,0.060181254670715355,0.20223775945176523,0.1789299131399328,0.17028471849956495,0.06047816687884655,0.014967102963489973
0.06114175034085956,0.16710173845358436,0.028230795350253513,0.04791276724019385,0.013388763271350376,0.10979087237236802,0.3541167565309384,0.13466046546369598,0.08365609097675601
0.12856579082330244,0.07478072270260357,0.1509122435560054,0.08603829823930563,0.1439085177420541,0.1294588476700799,0.08474360066714266,0.10188484384395312,0.09970713475555308
0.07407699806177283,0.09476253929516576,0.07215399962434106,0.17832133233624828,0.057599940832309106,0.0929392428880269,0.07378309619965036,0.11019791079101927,0.2461649399714664
0.09793402801035378,0.20832404161847226,0.07564155833047688,0.06759498302100221,0.04098653380616351,0.10698587831423549,0.05604424583479093,0.09097830539224805,0.25551042567225696
0.07867487180215575,0.09248489505426742,0.2527017142321823,0.0959878727352048,0.1285924691315414,0.1007831224619954,0.06847946675072107,0.10342411039477754,0.07887147743715432
0.26240928372560945,0.04155388676769889,0.06416061322871268,0.016439225886809176,0.1492752935243967,0.21099958232761984,0.09496999393698102,0.05440922832674636,0.10578289227542588
0.030528928590981063,0.1360468925190831,0.0654756353003569,0.04101335509870176,0.04199583722764568,0.06781928871047765,0.3907039141480561,0.1073880488776582,0.11902809952703941
0.18036968868957523,0.10836465020436488,0.11442964698828317,0.08141390116973417,0.07453475524419834,0.1706218736106417,0.07710342240930944,0.10380601504603215,0.08935604663786094
0.22664438236848597,0.13104967918623767,0.09117637067022392,0.10953248143574708,0.06845991821768906,0.06280758363047054,0.02708496686413614,0.08823397402170934,0.1950106436053003
0.21237713537165748,0.09040542060348476,0.1183199376805578,0.16472942869467636,0.03433032159544997,0.0754540795555021,0.040021106719774824,0.14049619654266354,0.12386637323623306
0.07130223562673099,0.1603292273541487,0.027304950928903157,0.2696455853583533,0.2119092312583789,0.07281269349006647,0.07450864491456656,0.10689669245423998,0.005290738614612007
0.1616235891131162,0.17312043121754675,0.0225889227660056,0.11090185968264742,0.0490621186794025,0.09686956514985375,0.27061471663941705,0.08845048180899968,0.026768314943010987
0.15588671276188854,0.15285131334588034,0.061054345782382675,0.06535257627807964,0.06102107223582301,0.1795419355466483,0.15858002115476258,0.13784689120352284,0.027865131691012106
0.13278701191968412,0.1160723015312009,0.0811855018426768,0.12821104560813404,0.11858685489593408,0.09235532492707176,0.08422394340032295,0.1410260405780209,0.1055519752969545
0.2381440806984927,0.0657926313394576,0.04818439025905071,0.10187211322697463,0.08704027649599701,0.08971851222949252,0.1801253871015105,0.09897488672387944,0.0901477219251449
0.07703727918953317,0.18586817224028537,0.06520724993825745,0.062050694537220064,0.11475355291062178,0.15966327729814664,0.07631678055225231,0.1375572776451304,0.12154571568855277
0.06755534123830537,0.04043551642901363,0.04311005238036725,0.037366041514814964,0.1135545488178636,0.11513943023326285,0.3609954445409773,0.07875578451830502,0.14308784032709002
0.21361867795151068,0.13000447172930749,0.09131763491689183,0.0628965130028324,0.17398885210419301,0.0913803200689056,0.10224149870839842,0.12369921668720167,0.010852814830758823
0.1761428830542798,0.17003477033241832,0.07009628255443927,0.07570936144701723,0.0687471100811188,0.18355047771039257,0.05753762789251111,0.09885244257355545,0.09932904435426748
0.1813526251701101,0.2237621806550817,0.08359127841915599,0.08432699780212298,0.10425180308766456,0.10242929141129299,0.0949922305312698,0.09609918808600515,0.02919440483729684
0.04815432073098289,0.06388897703202735,0.027318321294020047,0.07166696664819859,0.3909143790443291,0.10080527492961405,0.13256183558902224,0.14707068826827588,0.01761923646352971
0.14467042971794494,0.057783390637593655,0.12542356946873154,0.1101007625485605,0.053741312562910405,0.0953321896502647,0.3301906337744615,0.06367308834630175,0.019084623293230997
0.17223973550446123,0.08934665093108073,0.270369701379432,0.07632063885375774,0.022404676010989288,0.10273221679768411,0.14967616571767817,0.07322310658567242,0.043687108219244354
0.11376920731794303,0.18587154666604622,0.039756254949685245,0.054713366935590486,0.02728725221510861,0.15871806058094448,0.032582505915318305,0.08705317150474678,0.30024863391461687
0.16494070451990386,0.06507430991044261,0.06286128527822028,0.020034842496325072,0.24793648981664762,0.20495414233651466,0.08876482208333958,0.07063362953518662,0.07479977402341974
0.10500681920821726,0.06929717545902589,0.09495625750933252,0.10907145276913889,0.1418650758874986,0.13472115136047633,0.22394503069026506,0.07056801472531989,0.05056902239072545
0.05354290892196675,0.1059567187865167,0.0579709728882812,0.09204997775241863,0.17825527604260386,0.09103216945224629,0.19162149848309148,0.16867789580961945,0.06089258186325564
0.08670938936080598,0.11527131511487099,0.09456818649324272,0.10875978021950024,0.06559138262910383,0.13931082319223756,0.07594373848126403,0.17995461826949719,0.13389076623947752
0.05453501226287475,0.11815659238683325,0.04428405704252366,0.05778932259515348,0.21261738260136517,0.11527639834281189,0.2790467257035461,0.08195388159712853,0.03634062746776315
0.08211482226229345,0.093155002005201,0.12434465088737003,0.02348850143034703,0.0797249002777042,0.1926663657531648,0.2558479634917075,0.13518653557619312,0.013471258316018869
0.11907424941596095,0.21187387907112035,0.14360502558329685,0.0910964852112494,0.041306787759400304,0.09253394224968985,0.17021658205993342,0.11975456809820735,0.010538480551141512
0.06531665467974367,0.15484894099992993,0.07298920842679259,0.10379923866699496,0.049171577462450544,0.08957548389042558,0.3200317449565206,0.0894589264631387,0.054808224454003386
0.09327147183397344,0.0709221913329528,0.13158496387677932,0.027450491895867044,0.10305434078641247,0.23298359906600707,0.12867887599837427,0.1282285027228488,0.08382556248678481
0.05847867826183371,0.05828984902607492,0.08956497506673859,0.03961147052575831,0.2048581263613338,0.0462371405286701,0.3383552612575449,0.08701192154781967,0.07759257742422605
0.12792957638274208,0.10877216497461095,0.09788087642527532,0.05648927147092752,0.24826995663050902,0.09729474825778352,0.09892310775270524,0.09745707025637455,0.06698322784907175
0.04257921098338078,0.04318323365236038,0.13566451025113352,0.043777983895066215,0.020926174941675424,0.117895623794805,0.3404975248849082,0.1992743782483484,0.05620135934832209
0.1469258161405814,0.11792638075558687,0.33718225633895926,0.12646051527698596,0.11408301859609472,0.04645864102448713,0.013632964083776893,0.06286994467496082,0.03446046310856684
0.10376197371060387,0.0557668982952837,0.06541066034372477,0.029664339042203683,0.04459965295382073,0.17877168297588608,0.28897229045327877,0.14129813265628552,0.09175436956891288
0.1203717250407964,0.09411660462079913,0.09920432661590493,0.05217549865149376,0.052296609444401905,0.1916181192759836,0.05242481199152014,0.0959365382778354,0.2418557660812648
0.12487877976486707,0.22299209291282673,0.018115580218407815,0.09201806955753287,0.03845243597610956,0.09758064440318365,0.17843660463594999,0.06891950777280904,0.1586062847583132
0.12160549706814078,0.10240417515353258,0.17758459849722374,0.05708728459424017,0.1594852479283371,0.10820025621727498,0.14450735480923937,0.09640742097074904,0.032718164761262214
0.07617169317491132,0.056422625533359395,0.10219434940849433,0.10785558743240038,0.09777240017911847,0.0807084864342364,0.02924859566438988,0.12574861152168867,0.32387765065140117
0.08215846744229544,0.11777678226535478,0.027718155959815177,0.05733744785113496,0.061224806042700426,0.09482221565669095,0.45520602943009053,0.0710040376562905,0.03275205769562737
0.08655539887786111,0.1018689205108933,0.12868281387926567,0.1576289858948476,0.2424498652970196,0.09050941824675367,0.10290839043763045,0.06935224635169535,0.020043960504033332
0.0649657670452381,0.06720901730369157,0.075004828155742,0.049951118884437075,0.05413191908192078,0.19519285189923904,0.3755743965994605,0.10037445044531783,0.01759565058495309
0.24548319116458475,0.12355572967588924,0.04202531358177349,0.08659600860500864,0.0902444591006798,0.06840800529213432,0.1362298507409136,0.17378629741543003,0.0336711444235861
0.09170044086236671,0.08398362046284306,0.2559778859853648,0.05604014020847602,0.038368604186182285,0.1614138000775224,0.05631715002073934,0.08659593276418137,0.16960242543232396
0.089391834381453,0.05333906360800572,0.23941653407900043,0.03979221568994814,0.22287082028154725,0.11975116267483905,0.12063833057793605,0.09249726069845927,0.02230277800881092
0.1351975690706197,0.05496459625916791,0.2562062268666651,0.04025086741654572,0.15923754501489604,0.06832458693442729,0.06987389449208257,0.11892263662967208,0.09702207731592355
0.13598124677761847,0.08002330867178638,0.15186015066354552,0.16271030315327958,0.048653526765801036,0.14752455908265405,0.03384557921810261,0.15046176498271369,0.08893956068449861
0.05556489831919298,0.07039777505222088,0.028045724666414817,0.06273902371924141,0.2922845412886557,0.1119606381561557,0.2966357989457866,0.06052864937362006,0.021842950478711796
0.07296590742807843,0.0800439768356314,0.059406682353831695,0.0746075531762041,0.18206015414707674,0.1437271852691801,0.21488002523601102,0.11604430781143482,0.05626420774255164
0.12098511250808884,0.1398176446494427,0.22834313673821235,0.06818625789062338,0.05188054392601665,0.12412169623175467,0.07963222530070127,0.10899020884428307,0.07804317391087713
0.24656291534320607,0.07901812311768665,0.041997210635597006,0.024233227665046205,0.05457481977241041,0.07568334744672665,0.34584158764654155,0.12259626740806873,0.009492500964716698
0.06555652380428374,0.08209327057358427,0.050616141968070016,0.04825449751236419,0.14177922073237503,0.16856852985810175,0.15801161286171858,0.15829015406495606,0.12683004862454636
0.10697878239951819,0.067128846053352,0.05261545641875156,0.0754967446420738,0.10564847505731129,0.2038147593343259,0.10487672251605851,0.1096193520137237,0.1738208615648851
0.10934912349466337,0.07313653849045476,0.02000562201182479,0.1747386265510024,0.09249971364668386,0.17011277924988408,0.16925066018648474,0.07504341783144772,0.11586351853755428
0.1767637336271363,0.05475376730416317,0.022683702434598482,0.10886469873784994,0.04520578187123073,0.09591020768841611,0.35134508737519193,0.12370266664450842,0.02077035431690483
0.10357346539497492,0.030059529318530995,0.07883415432412781,0.07829898877093207,0.09598809481583638,0.11545027668707514,0.3004618019468141,0.15794560679866482,0.0393880819430438
0.10080351705852807,0.05889711098856038,0.04045937161451519,0.09506246377666745,0.3311399680221791,0.10164338351616675,0.15468420085063914,0.10140006668646329,0.015909917486280636
0.13817237949722075,0.11375529218608711,0.05584500750985824,0.23350914161539563,0.05525387719420355,0.04728912310669467,0.06519432424121936,0.20419796140603086,0.08678289324328987
0.10061400894507246,0.14155508062428607,0.03469960159188692,0.2899627100571169,0.12767180643700246,0.09169138613057187,0.038527398369756195,0.09185340047536568,0.08342460736894146
0.10792311292564104,0.09990276485135917,0.04890244650656458,0.07645626809098871,0.1148642021924981,0.09338616374689752,0.25056409861078216,0.11447661291157868,0.0935243301636901
0.3019365339069729,0.09846600794425532,0.03415799056756393,0.08451671336306497,0.09251686081219142,0.1757864533213743,0.05345741846131641,0.09598025007422191,0.0631817715490388
0.09898561109676435,0.09872342242543442,0.05527746418827852,0.136173130981243,0.11664043432997438,0.14619039959381744,0.2103984118018485,0.08922338366837505,0.04838774191426435
0.09486662887219184,0.12577882684264263,0.023811543936643934,0.10480275335397164,0.36348441924720315,0.05535041366609581,0.10624739915045493,0.10419043518830164,0.021467579742494313
0.039538503177461916,0.11655978850697142,0.03852803297369523,0.06416746278481796,0.06890112921401588,0.09911493099991453,0.34921604747006435,0.14864726257649472,0.07532684229656396
0.07757470507112478,0.19682501243545755,0.19843281964708473,0.17765167278641378,0.06078026895904151,0.06771258047526514,0.08589664740699232,0.07183007099907714,0.0632962222195431
0.13234884026896357,0.04227163474178721,0.020755220333874266,0.058740998673140976,0.15602035511416645,0.3250448494654313,0.01906683892769203,0.06471178505541474,0.18103947741952944
0.08762569627887029,0.2565943573172443,0.02296680408054144,0.13552372693323742,0.1497119165936928,0.07070949913549048,0.08327272900820885,0.10555128028686789,0.0880439903658466
0.04027239997409345,0.03986441433491895,0.04501219976794055,0.04943999289647777,0.19878549426878603,0.12114238359097317,0.2567547296527753,0.1513222059117023,0.0974061796023326
0.14290074963960153,0.05515327536940245,0.13717564934327245,0.027218801202820348,0.1903838827589489,0.09913773382472313,0.18606224321970644,0.13286208514640752,0.029105579495117218
0.11441035466726107,0.15543319023395005,0.05305046415089607,0.13430680248389382,0.1242624691197618,0.19436204900876355,0.09720188610726384,0.11103843192739771,0.01593435230081192
0.09982941061891776,0.07329141129747896,0.09961898748914895,0.056707252260931734,0.05850903872480958,0.1466617785790909,0.10068046432549523,0.19281367196239105,0.1718879847417358
0.04947263794325516,0.08945106427332329,0.07359237802724565,0.05708357794993979,0.27796215447598605,0.07867383676925954,0.1399209971788126,0.142809308729493,0.09103404465268487
0.190015295365618,0.1549494802569223,0.1813320774892928,0.09823987250446485,0.0864618955697174,0.07688321320408016,0.09494036392546203,0.06946021924230007,0.04771758244214245
0.1029304942322689,0.06879852201789015,0.036626199684493356,0.03753670841549147,0.22627383196871853,0.08768253925047376,0.1919539853636223,0.20089954735523485,0.04729817171180675
0.1411645004706872,0.2255790387921158,0.02928822043427984,0.09440613240089146,0.010623356428665706,0.11796814575531829,0.18632311935859067,0.14973522044437576,0.04491226591507532
0.14300453415289563,0.14639481326446613,0.04095631287582092,0.1762768308117345,0.08265851413018706,0.08441389651379645,0.06609668847770206,0.10460800338739906,0.15559040638599816
0.052661697400443706,0.08045626395385246,0.032382123152780364,0.14272956820520455,0.14510317549730722,0.1128628881356611,0.2886422030281322,0.10981361181709558,0.03534846880952282
0.031582031843824444,0.0986847078996765,0.09199930051624461,0.06491341786532685,0.0588784971087935,0.09815205181737095,0.33836658213739584,0.16033330638338897,0.05709010442797846
0.05852897338151442,0.23080828744085138,0.07459792841735984,0.06762649548658634,0.07709883931724873,0.2655723602602617,0.06590024166125673,0.12656097826491358,0.03330589577000725
0.14937077789386355,0.1361798078364075,0.1367727583877152,0.06578023026202634,0.06531462103785747,0.08836912684611653,0.15270084937991701,0.08523613175858884,0.12027569659750763
0.06260375063824514,0.15239463222596866,0.014520888111882664,0.08003039879709961,0.12850096624254662,0.08062275295819808,0.35536598927137003,0.08032206517188627,0.045638556582803046
0.18737853470395008,0.07325028348133855,0.09535073791412467,0.06366001785720997,0.08806223899497684,0.07036614058492664,0.15096419857087107,0.1355099885946672,0.135457859297935
0.10417359516634846,0.038545625652158376,0.06716657918262632,0.08503040833131538,0.163859973499289,0.0901594654558341,0.2589737728786539,0.1161118993956909,0.07597868043808358
0.08106375662872767,0.12572832482679305,0.22245363995112188,0.06578213453475791,0.09456468115311929,0.1556601754576883,0.12107134095671579,0.08278385516491336,0.050892091326162785
0.08348619371561951,0.06921362117715778,0.2343910992397653,0.10933879162312678,0.17601712718201376,0.15133517297618104,0.03587906477491338,0.08852743192287067,0.05181149738835176
0.18532026073658944,0.14124683954894265,0.05093764996461688,0.06885322485103311,0.11059040789057917,0.0904481953558131,0.11376835557453353,0.16948605242005743,0.0693490136578347
0.1507364453362943,0.09814187647955282,0.09203745864967679,0.0889382095142538,0.10378673145993732,0.09880449766051257,0.08730037513777049,0.24502906919007902,0.03522533657192298
0.20171355350158696,0.06935153893431291,0.07573311562728817,0.061860526529692296,0.0725797489080535,0.13660320713224505,0.2523683374442261,0.11352384924648484,0.016266122676110217
0.12797501690285454,0.09959054221836894,0.027139176858243796,0.03217705790187792,0.18668875444452782,0.16685363893623475,0.12863421174538017,0.1390409674571548,0.09190063353535717
0.13851769213865342,0.1150049692895947,0.0901650468009003,0.15404644132417247,0.09211322189116289,0.09744968604572991,0.09433660395520793,0.09302069259144476,0.1253456459631335
0.15950344673292516,0.15993208295903896,0.020076638732735252,0.10501989084083212,0.11381015191435917,0.15230870854284237,0.14790882056851765,0.1096349749621753,0.03180528474657399
0.13973157653500265,0.15876286724720623,0.10757272484655094,0.06543192611335978,0.175654547932107,0.08070808580305364,0.07085316369032844,0.15696252155081256,0.044322586281578785
0.16021968431414124,0.03241933472597259,0.012767673559155764,0.14121768750072392,0.07060213116569293,0.11318709374132856,0.3228173708434741,0.07885756464740051,0.06791145950211042
0.12734065848595133,0.07132780529075451,0.07449271648700329,0.043592228950777266,0.11049432030564192,0.12760293034715725,0.20645918182987946,0.21260817861044556,0.02608197969238951
0.05677119584426913,0.1134159302410029,0.06706155405447563,0.12006470343744513,0.11221847429816208,0.16789867750571327,0.11400674700688258,0.1146053415079541,0.13395737610409522
0.06252302189903648,0.13608793270401176,0.06964114545337498,0.09285597700930076,0.22889858268925165,0.09147482342316082,0.1415745745931592,0.16552528989658633,0.011418652332118038
0.10478731018686738,0.0682118080359161,0.03453621369108571,0.1090940006497369,0.27395970490783733,0.07657510279911382,0.14261825504474213,0.12963206761983026,0.06058553706487033
0.10001606143533436,0.03470754696226717,0.037851644873541486,0.14891364074880822,0.06748783162340194,0.20092376274200152,0.200184068830928,0.12778068746398635,0.08213475531973097
0.18458581183407805,0.07998766074422857,0.2616916752385967,0.040472215048702846,0.061644821812816365,0.07763607199158286,0.22217333432552558,0.05712164143587914,0.014686767568589993
0.0656296070480319,0.09737329083746427,0.12351401530097257,0.09225212377497692,0.19794773934017806,0.09318441947656625,0.10649803876898893,0.2035196710281101,0.020081094424711104
0.1830295003213677,0.2518483570538515,0.030262439158104473,0.0771681119334553,0.038182185603924154,0.07176656862061015,0.15550950933416394,0.07470054748296616,0.11753278049155662
0.11017376423303182,0.0877014281889396,0.04166563295106054,0.08587800558036425,0.12057424653220983,0.12456202294732883,0.3050050579240114,0.11386442103098617,0.010575420612067558
0.14916314772049713,0.10498463803044487,0.058151192947192426,0.06470301075588951,0.10348957326760648,0.13804561844915916,0.1567369547514579,0.15724892147973246,0.06747694259802009
