0.220921017468368,0.05770615473627044,0.03793014870647252,0.07969623423323814,0.1538117956505675,0.024101778037356733,0.06464495350439185,0.09719093721805101,0.2639969804452838
0.08079995348403567,0.16884324643115767,0.11727135525612946,0.11907228840088602,0.17306163144416262,0.05162928856340523,0.10381596925315019,0.10983929115912248,0.07566697600795069
0.2170078208398568,0.1156728262635176,0.08589337790940661,0.10783787072213324,0.15631412924983976,0.04655460557354344,0.08897157008983288,0.11480801730116401,0.06693978205070565
0.03813219108805762,0.19623580680053285,0.07098882506185489,0.12403337285547521,0.07860641344779064,0.24525107618270944,0.11855605224523184,0.09878061500183573,0.02941564731651186
0.02176519016274081,0.05548985247630622,0.04585760615954987,0.14448158066912783,0.3784714721782012,0.014198578609874668,0.06953947200029227,0.11050034485555184,0.15969590288835533
0.07816412595212081,0.267385289146461,0.0526950814717811,0.07546948628305493,0.0669608883773733,0.09829092304811145,0.07533645063466997,0.18192464233849895,0.10377311274792855
0.11538278012237309,0.06687859871775614,0.2387482222658672,0.12194037043298427,0.10064150833074607,0.006430307295675944,0.15427759437219707,0.1348527356238405,0.06084788283855974
0.17437115082446977,0.13755747316054245,0.11986365714618767,0.04797420161286873,0.06334635700320736,0.20974339044230642,0.07572368674504444,0.11775904855565578,0.05366103450971735
0.11776725598581972,0.13698658457889112,0.05324944146800689,0.04459865022688506,0.030864759783175304,0.34119872331616036,0.058780518102271424,0.14251010101646944,0.07404396552232063
0.053490503651886234,0.14649774947190708,0.11723132938662084,0.07892208394030716,0.04700617271252038,0.24126190272387693,0.06097902338580469,0.21592281400438637,0.038688420722690346
0.13925660421926817,0.11397813789736734,0.2709204471339865,0.028200480667154883,0.1230045384956734,0.02873008519431683,0.11069312542818506,0.14196111784398957,0.04325546312005821
0.07356919756121393,0.1514926024431854,0.08498089870991206,0.13145193959416265,0.13281906620875972,0.054709947021563836,0.2316957929470778,0.10658142395435087,0.032699131559773734
0.183473935913026,0.1416758810982491,0.06656552759133481,0.04677556867851315,0.373016035860999,0.05587258476858011,0.02736209561263071,0.09711828281514256,0.008140087661524638
0.17840867908804803,0.07192489095203587,0.13494399781362917,0.1195339317630371,0.039325998084111365,0.2033112517170351,0.04734216593244187,0.14708407671835552,0.058125007931306004
0.08070504374666548,0.1083840193497942,0.12746086954483157,0.07318777100229688,0.06547546671328364,0.04328406210771901,0.17697719138724377,0.12370143497521124,0.20082414117295413
0.1290372557228752,0.07408224122850397,0.19782844325260074,0.030522907481460592,0.07878188166637484,0.23837947145266267,0.06216326250225626,0.12734628787237376,0.061858248820892046
0.05586221110575227,0.21243500913261595,0.019941060715353513,0.018745699152183864,0.5255954437289869,0.005182372427789507,0.03431822553017081,0.05587317337231728,0.0720468048348299
0.025770156210503662,0.13788539342174863,0.1947603002216088,0.04985725319218535,0.033645621515643674,0.05692539099009918,0.354203130784495,0.09621544306781131,0.05073731059590438
0.05749470254773006,0.17875366020526862,0.02919071375851892,0.21888512729857168,0.190580948191051,0.024051960057550874,0.06603979687396914,0.09640064127496666,0.13860244979237302
0.22490321350664302,0.10015112991004184,0.16169283233335574,0.11461212820543865,0.13504619303050922,0.030630293448872598,0.04041878436795635,0.15503808283973217,0.0375073423574504
0.1389983971004118,0.13327609901709736,0.2508631263613587,0.005653340220215076,0.04673210467335203,0.03730622662950814,0.14993030396958706,0.1353893353231224,0.10185106670534745
0.1213520276434364,0.11175236223096886,0.025164622568189188,0.14857162297888474,0.1768563957637973,0.07941354842371579,0.11677962213120051,0.1423124411709512,0.07779735708885596
0.15595846457090945,0.09096659201743411,0.32993719659875465,0.06891040049223618,0.08781283637947052,0.05362414823194059,0.0903946345370593,0.08834830501164577,0.034047422160549456
0.05971124869504189,0.07293829916806753,0.13945927886004908,0.19890117909672336,0.05995661544648736,0.044166383745429395,0.05567792663973553,0.08512566631192754,0.2840634020365383
0.11789830299481219,0.07990873764441501,0.15677867717301386,0.014194639921666488,0.10118731966155574,0.03503775437539212,0.21742324503633084,0.13786638065529364,0.13970494253752017
0.4691434725032028,0.07004957754488506,0.03538020225108358,0.07880821766578479,0.07180851069505666,0.029267349898307288,0.02808016245603916,0.08180508077455816,0.13565742621108245
0.3371759011563234,0.05035280215717175,0.06965417697527769,0.08186087104578026,0.0883255218316328,0.08255987929299109,0.03532411903430537,0.13792679393684734,0.11681993456967026
0.018030229369055812,0.09942705021305252,0.10648184857084864,0.2539405938661257,0.2564709977920392,0.010098309794980416,0.052775863044404646,0.1288203257041404,0.07395478164535263
0.07530545060180037,0.0595734585744915,0.24284666132455354,0.09657009725355209,0.09610270559140628,0.1959262385180943,0.08077958567823465,0.10186944252542257,0.05102635993244478
0.1658815186938144,0.09208587447243732,0.12232246818287577,0.014421508290814134,0.03849709103533838,0.06490479189784187,0.36330820076451426,0.10590793038841878,0.03267061627394508
0.011324518875999208,0.1108399790594854,0.0405454092062421,0.31450026793197733,0.2584683462385258,0.011522106279068958,0.10092993227429571,0.09345407224818551,0.05841536788622001
0.05640044482651404,0.12817995142441077,0.17675041007350623,0.027641155930843746,0.4084980900546746,0.0188700897086338,0.03467406525529532,0.09130613541079562,0.05767965731532606
0.3420154978406765,0.08928040109455737,0.045118497132662506,0.09015532885433204,0.05344836235735492,0.10325839448224738,0.0999121727334017,0.08369088545019726,0.09312046005457036
0.09535293073118896,0.10117741459175837,0.19306671800625672,0.13954342376070317,0.08492642453978466,0.1561599427632452,0.04681883728395258,0.16141628503076666,0.021538023292343587
0.03130826422523469,0.3345943215233393,0.06646758569121348,0.026554515888406686,0.018331184211781232,0.03595653291080268,0.38857120527533406,0.08359682760929876,0.014619562664589207
0.03722303443798058,0.1475706487567531,0.0682433176978194,0.16829481325122075,0.1121725796161936,0.16551765853792122,0.09404515357679867,0.1406806978193655,0.0662520963059471
0.0746256820605189,0.09161287797719038,0.06512494076670518,0.06111674563933084,0.352513885873627,0.034677826970686325,0.07359028004340894,0.12008566144569184,0.12665209922284063
0.12084705392176535,0.15634706232334897,0.03799219305393067,0.0520003659403643,0.2758082774528164,0.07238295583088904,0.06418796520096116,0.1109896408680925,0.1094444854078316
0.061801974158613736,0.10344973450220242,0.06309012918682809,0.31426411566915374,0.14184625878355944,0.024927340750965737,0.06286908408101288,0.17757308646715045,0.050178276400513505
0.026915980859443616,0.12265919401974774,0.06779996214575701,0.2506992123563521,0.2519584953766836,0.011177649633218578,0.06267733728488264,0.17183197549799556,0.03428019282591919
0.2281283774288807,0.10773665222437505,0.13074180534006538,0.02887963576186695,0.2581442772336175,0.01628094550170289,0.03449443686143943,0.17859231559437305,0.01700155405367916
0.01240290324431518,0.15232302055634653,0.09201454113679021,0.04941226059218273,0.11315065319248234,0.01180324537341394,0.27478583432874776,0.2502689356776349,0.043838605898086414
0.02092067120619243,0.04800694434668686,0.39001671942475236,0.01907847250829438,0.1711961161257867,0.12276129415699337,0.056369693907283545,0.0985998022527147,0.07305028607129564
0.0834433514616007,0.13012136292634613,0.06821481423321663,0.10987929374861231,0.3039139366218815,0.019300585073431468,0.11209068805920813,0.14585621820046515,0.027179749675237962
0.1878267480916922,0.15536218075406846,0.12812734595589967,0.103671668244438,0.03669711259831749,0.09896175503116834,0.09716297009307684,0.14936098808918066,0.042829231142158274
0.039001138874103336,0.26111832488992953,0.07335527799560283,0.13088009001567355,0.1713114409886309,0.012442460741010493,0.0679274440093822,0.10597557246160678,0.13798825002406032
0.4980912117631708,0.053819609156110594,0.09338872488274969,0.04523528584395642,0.016875560334169745,0.15813659888057405,0.02347628049001345,0.0901904660823784,0.02078626256687695
0.2735082463692655,0.12316788107997678,0.2083717367584481,0.14937767986111639,0.07132745062576902,0.014137642812424944,0.07270639928225887,0.05971630873252789,0.02768665447821245
0.05045785544716005,0.05987519966239339,0.36439557021891344,0.046793882912262,0.1931773223642286,0.014530530905543544,0.04081696859134471,0.10050859262283703,0.12944407727531723
0.03957541817228192,0.08862956574340157,0.030854506279664157,0.10531299598464683,0.47989411861946635,0.028631584984841987,0.1365929423547675,0.06381536586203107,0.02669350199889864
0.10537721514108485,0.14389504178778356,0.11665047991256731,0.10687546023769623,0.06721152582880767,0.18247127894803702,0.15327562790509647,0.08370521396812779,0.040538156270799146
0.45221739488658286,0.045394387677670074,0.02967735395620801,0.1356714500420971,0.028774135679408133,0.04595645647592913,0.07136330525194363,0.07871272984970436,0.11223278618045673
0.07260040325119264,0.12112994693402164,0.11975061677806505,0.0840782146867976,0.11746198799334302,0.1998468624451831,0.11151301153648507,0.14105648760680747,0.032562468768104404
0.01623285003852484,0.14310245899943816,0.07450234520320269,0.1315193533636685,0.18820361313063497,0.028029256610594366,0.3089465908643051,0.07482421205330896,0.03463931973632254
0.0424753045818965,0.11761268074803477,0.053266916338633404,0.0795556118546023,0.34656053277783444,0.013603993165473926,0.14133509441823286,0.06657089171388203,0.13901897440140978
0.15135044913693843,0.13310000257523816,0.3230214363033032,0.041865750460374475,0.07720062956980885,0.11884672166049748,0.05195951526986194,0.07994713066509933,0.02270836435887824
0.08317753960498762,0.248981087193713,0.08708790935691241,0.0724310013795172,0.0260546282491932,0.02866093812936994,0.22455112014597867,0.12866783598986908,0.10038793995045887
0.0136434485487555,0.08281112722466295,0.08587874821042335,0.13410084975273556,0.4008083211241067,0.010469222257113215,0.06823103975901725,0.07151254500896069,0.13254469811422476
0.12427191072349292,0.04855507672312611,0.3652307025684407,0.02835497496507791,0.014751165340700164,0.06546068526738788,0.2654929612188968,0.07644981953193696,0.011432703660940458
0.143679948252622,0.1823440058524567,0.05355675888699768,0.007727540887746391,0.17238784780315677,0.05046838160172531,0.23072923960641076,0.13768673100289416,0.021419546105990252
0.05243358013362221,0.07039120468050875,0.033222164763025114,0.05827172507909565,0.07380223259746466,0.044627050836073906,0.21641820688132973,0.1488159287153392,0.30201790631354086
0.1658815186938144,0.09208587447243732,0.12232246818287577,0.014421508290814134,0.03849709103533838,0.06490479189784187,0.36330820076451426,0.10590793038841878,0.03267061627394508
0.01284831466105518,0.0971228657730383,0.03890722227326207,0.03603399770193364,0.3822404609431229,0.020362886991613812,0.23584114748982518,0.09820021072171518,0.07844289344443374
0.018443795629416806,0.0675317815865279,0.16334000456782882,0.040133324186912206,0.4244030381662707,0.014153939950931844,0.03757645269678139,0.10426851206625394,0.13014915114907633
0.02882851960814112,0.049321248397737,0.08378412763621744,0.25353076711147965,0.29972942793437635,0.022078523450492566,0.15205008871494965,0.0759376760122746,0.03473962113433172
0.003346800295447717,0.07041510759522433,0.03554996065201498,0.26789571728411016,0.37076935608578854,0.0030158697479139474,0.08443966625356909,0.12210950120686719,0.04245802087906403
0.056102049705634933,0.17811650781720986,0.03287383373584359,0.07868304487648108,0.22499843747939519,0.007636872308446636,0.26271985026311345,0.12429934898257138,0.034570054831303966
0.1121600444338522,0.10875516485482357,0.27207014093551796,0.05051312410190636,0.03975172687158457,0.10169584511839902,0.044430931566606734,0.22652679162967435,0.044096230487635245
0.11608777463348369,0.044429182939094335,0.09973814914838385,0.14853122495881635,0.3403436481516799,0.043890467545930824,0.054232560747655624,0.06889369241425841,0.08385329946069699
0.03443122156943097,0.17603644324652565,0.06936817826898815,0.13209020719700804,0.11511038887861653,0.06114417191073529,0.1412024494423472,0.20031303608645012,0.07030390339989805
0.030750358803535882,0.06703042685662734,0.23170693650861396,0.06422835757048505,0.13220307339284817,0.04340174568477839,0.1876570115960523,0.11768264061219509,0.12533944897486385
0.014041715280940947,0.07083721243139711,0.3868758368914078,0.007642971143504064,0.39111469995858683,0.007073702373989604,0.040672418846196684,0.05899307968278702,0.02274836339118998
0.11452817712622186,0.09262582201756658,0.07956159478606904,0.3614806876605921,0.11669945486565696,0.019450214498509227,0.08957751592229031,0.0957325264103824,0.03034400671271147
0.006269880509234735,0.13651413199099216,0.07808189513091872,0.11722124723714034,0.20950027968926974,0.0035519416020126046,0.33259225006812926,0.08107423626819733,0.03519413750410517
0.17886574718019962,0.067232516089107,0.126126753085917,0.15747096071048558,0.14265957948060934,0.08346545424485524,0.025978157588226317,0.1866547400820814,0.031546091538518485
0.0328069134172241,0.3418273234436624,0.1275250519246979,0.0953632846205094,0.020701634498801958,0.1569996227413538,0.09017786238201793,0.12286408815362045,0.011734218818112041
0.3290242627896924,0.06674757414233101,0.18119569394097337,0.04916569420475131,0.09215007463372692,0.016093324161549013,0.043853281352443936,0.18752370024743817,0.0342463945270939
0.0995307642032232,0.10720885355043375,0.08574245325217027,0.1155209114439036,0.06530144398367543,0.16449389162943917,0.0602880622603833,0.15688352345778642,0.14503009621898486
0.28478681492088054,0.06296559982818538,0.09109529325936404,0.04160567715623308,0.010806451357997397,0.17539407707353985,0.07762074566048426,0.19031934885160193,0.06540599189171355
0.30572550161313355,0.08640215131072217,0.2663658084356106,0.09736726776966513,0.020131021891950828,0.04405345827996301,0.06759945276878165,0.08840966879491564,0.023945669135257485
0.1952583212220811,0.10418012319362906,0.022172626674344262,0.2792330455200718,0.10234424575356017,0.04070283000018062,0.07010784977188586,0.12385539123053342,0.06214556663371365
0.13021713258641662,0.10315704828458243,0.11178686726542848,0.04434188135600111,0.0889884951953569,0.032927881591153015,0.1473208244674442,0.23562839602424537,0.10563147322937183
0.09890268850339101,0.07044420212177689,0.07646751508363572,0.03984350655434942,0.144077028950923,0.42232197867686017,0.037026688344058735,0.09208249933279855,0.018833892432206553
0.14745925542640756,0.11343400948218067,0.09787587716130863,0.08883877719872357,0.0628901761912134,0.3334779369201752,0.03751266141208887,0.11031578988297697,0.008195516324925269
0.04050106877761794,0.08808699976468846,0.11662489681705847,0.029292353395971072,0.1209092790135546,0.016155572685792575,0.2925019717655975,0.10756969138532457,0.1883581663943947
0.060455078885436754,0.09313100381183248,0.13759005237853097,0.08459282262032149,0.21375006228357332,0.05573645800595251,0.03117974407976266,0.16769574156246084,0.15586903637212898
0.006522039312781746,0.06732118108505324,0.17635039919542536,0.0370194176935125,0.5440819146546981,0.01507935779654694,0.04272160954022486,0.09092395383525714,0.019980126886500135
0.07457121378892,0.12172752447813484,0.09260979686970196,0.039510587088641434,0.22731464182435937,0.1859354643420984,0.10505399588534244,0.10143930137913115,0.0518374743436704
0.40486542954419497,0.1254053936649593,0.05526319110443515,0.06901001648596422,0.14150386318287414,0.029783066848537387,0.025277000644012115,0.09191073024006452,0.056981308284958176
0.1317041161963734,0.11778099026727455,0.09405129243017506,0.15363416568390162,0.04436128142837245,0.11929959466037295,0.12945290479908148,0.1544026202915908,0.05531303424285774
0.37962226714314307,0.054879176898940375,0.07224549009726798,0.06312867786453859,0.12530388756102406,0.11781466478477233,0.02051096640798949,0.10666272017213713,0.05983214907018685
0.1447668795230221,0.15827776717340417,0.128720307754453,0.01415284412281362,0.04201402896363823,0.11737498772166477,0.2298729112126919,0.14866271917167953,0.016157554356632655
0.0486521418906456,0.11748517253295983,0.16154275860409878,0.031547027927389094,0.1508958694473791,0.008933824769489061,0.1486461817977607,0.20555855121489305,0.12673847181538475
0.009231539060123181,0.08642972257180541,0.07097391619281335,0.26233144344084897,0.3300499520931022,0.016740591741762807,0.03989579067339098,0.138112040265884,0.0462350039602692
0.03492575197698742,0.20051872662489809,0.02776970235060665,0.23096304842577065,0.14811446962031252,0.03346365980732174,0.18138035239504222,0.12998437764756623,0.012879911151494441
0.022154333423451772,0.07973497981383783,0.06463024614686425,0.0957053933194517,0.06221571753821192,0.022189474568346912,0.2815973284640753,0.15440430499403152,0.21736822173172873
0.00797666899955663,0.04610039129517829,0.07616556466118683,0.42073283561773467,0.26189658117102055,0.0033966838637933365,0.0890773999354655,0.08771581347553768,0.006938060980526475
0.1396942964698814,0.12757517799648896,0.061499285102316975,0.11711767283557901,0.11821549654039064,0.046142979213471234,0.047242742740084366,0.24841068467659047,0.0941016644251969
0.16791561747173556,0.0770780297376243,0.09752757415314356,0.06902052272211405,0.11716169577612782,0.1144145932172665,0.13231768879250982,0.18554626263393903,0.039018015495539314
0.04509624266982487,0.14378439222383874,0.16493721550184803,0.07868971362002625,0.10095644412807214,0.014386089528872941,0.2748964793493116,0.154425452352317,0.022827970625888313
0.05587341821213487,0.17957780747340038,0.12363392359747433,0.0509727339865457,0.33090169774123157,0.07955245455091013,0.0775972529824324,0.07513965010418798,0.02675106135168255
0.004941251686056841,0.05589710832104435,0.2103040464475017,0.06177222140204102,0.0905714645007208,0.01548951529065587,0.0644324447323458,0.05473525248430481,0.4418566951353287
0.1588046737770966,0.08210264886613465,0.13872599762374696,0.09370437846937013,0.26046552583481203,0.007209819490634028,0.04104858234472807,0.16857426041010892,0.04936411318336858
0.49305112805026746,0.09377007092525003,0.03398356553205566,0.06116550231668553,0.05090774220638178,0.05686872348113176,0.048381083258369394,0.1366140724751138,0.025258111754744638
0.022741573658250264,0.19211755534151184,0.037710399529198683,0.21089133767917878,0.1224343140687149,0.032215071152809804,0.1576601508647418,0.16131654121717545,0.0629130564884185
0.3405712740167824,0.10226934047408792,0.04002814311078759,0.12845379189514458,0.03899731339094374,0.11702763405712668,0.11503322175845732,0.09477669518681749,0.022842586109852264
0.030570550163670284,0.21790340396378016,0.14787451970980753,0.038332396609000556,0.08219405438563461,0.04120729223304364,0.33437639499135346,0.1006976378689524,0.006843750074757332
0.011527147256289437,0.08510259954749684,0.023879938770916435,0.2740557508482888,0.4720420635717191,0.009973827323253968,0.039898280255883496,0.053094786267899846,0.030425606158252048
0.010897787529732124,0.16447242381767888,0.2968834587937849,0.06256934309537167,0.10012384170236431,0.09162673413525467,0.11715270741837662,0.10871762522627837,0.04755607828115852
0.06397147897006737,0.1809184654520792,0.17772803836886364,0.04052574373723814,0.14229214896270562,0.016951634865146673,0.26511719772236025,0.08650163268906173,0.025993659232477383
0.16343571167561752,0.0800315830470062,0.05317193632402792,0.13024424311033775,0.1918674833200347,0.00903648883797157,0.06370529912297991,0.17296375914497622,0.13554349541704824
0.13816872290699828,0.06459821610308811,0.08242398433778604,0.14813073929139986,0.11390608883754959,0.14184771374479602,0.060708036889107225,0.10705007239768373,0.14316642549159106
0.13003247914029684,0.2823435047668773,0.09971141585019942,0.06635115247235544,0.0829451600035764,0.04697824134453693,0.10553328483270656,0.16349678393794595,0.022607977651505268
0.42768597896266963,0.13118793153601563,0.1812047758534614,0.02800474875047028,0.011785816323527529,0.0494373499972095,0.03413859420373251,0.09958325753776799,0.03697154683514555
0.2730346164495282,0.06114290792107011,0.2542662878593322,0.04810722626737838,0.015088634580734702,0.16499277985353725,0.09992519556660036,0.05380863434959215,0.029633717152226638
0.13762385039885858,0.05187722752675311,0.15271329235112954,0.11408534103519578,0.21756303505302024,0.09582433096062924,0.05383812956982284,0.12304653446837799,0.053428258636212554
0.030570550163670284,0.21790340396378016,0.14787451970980753,0.038332396609000556,0.08219405438563461,0.04120729223304364,0.33437639499135346,0.1006976378689524,0.006843750074757332
0.05256467356219285,0.12459065390111083,0.2620220305831198,0.017536198818103074,0.11426162537334461,0.04737029302797014,0.16813738293713762,0.17063570706666722,0.04288143473035392
0.06914636253360978,0.08068703030844555,0.03858922705014072,0.22578762776538994,0.0922517381040629,0.05131998995077001,0.07917667057232462,0.1904431817434756,0.17259817197178084
0.14639441488326502,0.06376182460540993,0.1296553081498524,0.03991903743696706,0.27842499919188407,0.022419417982845195,0.0859799465125647,0.15674355058068704,0.07670150065652455
0.03727704474663119,0.07806467761317228,0.1118461764578546,0.027652227353357456,0.31099449607574153,0.29093737545157833,0.031198596128530192,0.05838765898690929,0.053641747186225185
0.02842485999556915,0.042655640357444374,0.11786442141069353,0.12885649592441453,0.4707667936459852,0.056985478710057325,0.05397792783279781,0.042545224161614346,0.05792315796142367
0.0013964528856691893,0.10885674780492587,0.029476218133984402,0.02692975077305383,0.20963337729286433,0.04542055134532014,0.12433489718294954,0.10561815483930369,0.34833384974192905
0.06251647621581663,0.14614175014249417,0.11328186179901743,0.030478035693306454,0.16666345467145352,0.00487120039720747,0.2857712362447302,0.17291357370579863,0.01736241113017546
0.22831839637116277,0.040163279734763,0.07403395904335663,0.1681919768155955,0.028426195626237844,0.11294253890176376,0.05564587427573944,0.168095249061658,0.12418253016972303
0.2929608827801622,0.08757363647671997,0.30476941919377465,0.06060300814017706,0.021415741617708286,0.03883768927144942,0.026234516907051236,0.1058626019299247,0.061742503683032524
0.1380858584135363,0.06042900606822801,0.09973668561413185,0.024385498022837654,0.32870363850271517,0.146896724020104,0.08433127985994847,0.06443313814412457,0.052998171354373895
0.08921127094983615,0.2827592854876398,0.05713228600617953,0.11968975868279912,0.09720224690488782,0.07330568390589974,0.07824898290807673,0.10305773007273152,0.09939275508194974
0.02909783977724623,0.11385869605955119,0.05958616207364964,0.20994253691292417,0.19404185971941676,0.01111233257328464,0.24326297627000248,0.09957783812703432,0.039519758486890565
0.030539553934452887,0.1635982618865186,0.10967911078402202,0.16709284591361503,0.06744609058294013,0.2943530656976929,0.07137131963127961,0.08817419488585602,0.0077455566836227285
0.022942489745556904,0.12502666423905187,0.05145081749580724,0.01950190358289049,0.5309556426252214,0.0025330292389547605,0.10675914048593756,0.08320830582560913,0.05762200676097054
0.029452833639487492,0.1529960659710851,0.3646986801223917,0.04520532190368549,0.2842944814734211,0.023377015234782056,0.036233723283595906,0.043663083332365814,0.02007879503918521
0.1503278015864509,0.1330054791991588,0.14886408428645706,0.011343286264233607,0.3579231698139737,0.019676570761065885,0.03742578527675873,0.12010474942273075,0.021329073389170606
0.06865375730974556,0.11414600038420607,0.18673941782013656,0.09548268831051442,0.017329202707385288,0.29109807696158646,0.039876970834972394,0.16970495218946227,0.01696893348199102
0.47901876922833636,0.08397651357424656,0.06075095466105466,0.03561209216262977,0.015983033932077426,0.05397374538877848,0.08162451142987488,0.14470748503672148,0.04435289458628047
0.11335980081700292,0.09962035989744666,0.030922245275935137,0.24084369038633013,0.18530828617744846,0.013192515497057434,0.13108602508396114,0.1091764045065115,0.07649067235830652
0.05652815010142235,0.10967446618850014,0.1127214120573317,0.1382374324545114,0.027760639217138876,0.18849506982355604,0.1389842842031523,0.19373093892087426,0.03386760703351293
