0.03523128020497444,0.06424568865869068,0.07321559891231315,0.3221055021372748,0.13061082795253767,0.12089636345154686,0.04279135119719055,0.08908426088195866,0.12181912660351313
0.1737234573675257,0.10299987206036783,0.05031645053301314,0.2169967588998519,0.13888286349241186,0.16789418802664233,0.040179739158284385,0.08613284814876411,0.022873822313138736
0.014560408320748642,0.03588962219204896,0.029387658839632663,0.15753366884495287,0.1269520076953007,0.14880899845041184,0.385747233931377,0.00893870139803016,0.09218170032749719
0.01852391358705693,0.154783165522593,0.06288789584422926,0.10206516052331678,0.16377102675524788,0.10180141387086246,0.06922374519646135,0.05335581070277157,0.27358786799746077
0.4590943925404405,0.12826258316996697,0.01140758619361554,0.07098056401252213,0.07473628321731175,0.0645992704991758,0.02709875166707019,0.13644195466170228,0.02737861403819487
0.26294659979015766,0.07639571671196167,0.06939514182080392,0.05971497481839457,0.05963667718656065,0.03466401642861253,0.2020061865516615,0.21529696874384216,0.01994371794800533
0.08410321833540425,0.08723424910165728,0.4302267783792854,0.04860441500631895,0.12363335353609146,0.10846248572387802,0.018866063429463033,0.04969994890270948,0.04916948758519197
0.06198309940952031,0.09977110332208211,0.07246646121228557,0.01951648424867083,0.11188811362878298,0.06419556237878586,0.08384801332539697,0.45013878515114464,0.0361923773233307
0.20283768437886573,0.12608380033807484,0.08213409679064541,0.09199543705735307,0.12873105215154146,0.15187090250510918,0.11423790659428786,0.057168759059010005,0.04494036112511246
0.06792747145967319,0.10707365257330533,0.07739370401483818,0.07746502314201924,0.24906574576365434,0.16828893726074698,0.03984851468465097,0.13337156473485162,0.07956538636626012
0.3865833412408089,0.08072820859739127,0.009999347123695844,0.14229219701047902,0.08717717000574693,0.13084611618995914,0.04268719992988093,0.10472365108703846,0.014962768814999465
0.06829257922148768,0.12395322664665177,0.05677625178888645,0.08926906103362549,0.17006726251223805,0.3175950957429843,0.059245637124538286,0.054585452622974796,0.06021543330661322
0.05118747330466289,0.08239091662646382,0.09912716485694713,0.2245711616878615,0.15423823096437322,0.23242662147840307,0.04149766607927597,0.05933880016360619,0.055221964838406135
0.4865213603241991,0.09022418398145009,0.014135519574183965,0.049148682042153724,0.110716857464337,0.07326292155775681,0.09575638715839326,0.045329966752827,0.03490412114469909
0.10656716941610238,0.16277097362220408,0.16140196466791948,0.07849641915810994,0.15526346739513033,0.157217279459693,0.07199240406159456,0.054073205198085665,0.05221711702116056
0.06976448285590912,0.3652182593100883,0.025238037879050438,0.08355396720307866,0.09507092321004085,0.031763753080925765,0.16167230420758807,0.06936623383089757,0.09835203842242118
0.2706996554720221,0.10980009153136606,0.10675089800538451,0.025321913455975675,0.056777603540744764,0.06254382490931372,0.06558874710207795,0.29000065411070425,0.012516611872410916
0.018719565038884403,0.13057144058403694,0.023278386861155676,0.07740401701147089,0.19461196653915505,0.13360899088372757,0.1694331847832312,0.039252581182187024,0.2131198671161513
0.08523242010516541,0.06559912019343088,0.0070451792680299484,0.20601482746737534,0.17902149603244255,0.1126196945226051,0.18139733362289215,0.007850554837440368,0.15521937395061816
0.011522773153772328,0.0686565756254288,0.050176785945011876,0.15797898956369477,0.17971529782722606,0.15959075398880493,0.12505297448106967,0.008953782064105185,0.2383520673508864
0.08123920437321407,0.11551170878851401,0.043924760657733396,0.1316246375898096,0.20939475545366415,0.12310502662934324,0.020573930700688744,0.21938149219465694,0.05524448361237589
0.07544240958349323,0.05503000382713913,0.04798526494575608,0.15641283621896018,0.16426248198207088,0.2641135910623889,0.0401573236123296,0.13986272410563297,0.056733364662228974
0.010735258043544514,0.10582735987735543,0.05767043984414825,0.04363063715863774,0.15003830747668323,0.31897582477839365,0.12288741340257885,0.022564340652967408,0.1676704187656908
0.10689318283020215,0.10762006534953138,0.05925002397061013,0.12381146306965929,0.093116735135085,0.04781042559110133,0.1281155165356808,0.021695386364352042,0.31168720115377785
0.4317018959963976,0.17430391900322095,0.03807251967803909,0.07257579417022066,0.08694920108037336,0.061711358940697535,0.03780463689624703,0.07041795166114544,0.026462722573658334
0.059703954921122036,0.19508902590307567,0.20035263043575444,0.06138574373480896,0.11423192348454791,0.09778694725080611,0.034219396824195676,0.17523752371066956,0.06199285373501969
0.04809545133323084,0.11592879356682002,0.06257377852700824,0.1351375418824767,0.20723719452121092,0.23841158367551973,0.07221883944075881,0.04654356585155376,0.07385325120142094
0.09829714493471546,0.11884406237511608,0.08677991530249786,0.059991974072046796,0.15786720714982796,0.3025212249858768,0.04024733976031649,0.03448470155825409,0.1009664298613485
0.04940794896103712,0.04305290636162488,0.054916360694557104,0.03156450457106436,0.06053973007643726,0.046386979025080204,0.13745258988242967,0.5522208232925615,0.024458157135207794
0.04663191863046512,0.08268295563971732,0.0857015152934371,0.0969149928238315,0.14468586013193901,0.17621436929213966,0.0812381075324244,0.1547397643603511,0.13119051629569475
0.02653523930060776,0.07384878118414795,0.03374893333648643,0.1656992197776955,0.18485289727369966,0.1673228214859583,0.19134923627015796,0.0410105247870508,0.11563234658419563
0.02280208498034354,0.058665997239441985,0.046296374847792025,0.11969323968370166,0.19620351690889826,0.264232461919271,0.028162346358878324,0.05549473024364591,0.20844924781802723
0.38282373652235374,0.06513610730319726,0.041483150475101746,0.05799856796056511,0.1043301498932554,0.058175303804815885,0.06886142388666133,0.1918612283426777,0.02933033181137187
0.2388944721280876,0.12632488299291297,0.10949367975327144,0.10306379849398466,0.0933760283989084,0.10659343921804161,0.051210070914167564,0.147487180858167,0.02355644724245878
0.16041430718816982,0.07649740742606626,0.07920518986946688,0.13378841724858662,0.16638511414069904,0.2262123552373521,0.02467755393078668,0.07182299216848598,0.060996662790386603
0.0910206627340525,0.12730623577189207,0.034436057255188585,0.1681618239054492,0.21779902374204885,0.18107325865088267,0.07772744466026558,0.03874837621947607,0.06372711706074453
0.027218634879839887,0.04951643954135251,0.02497586954093757,0.267208306769928,0.10304618085461013,0.05132428674658296,0.03447386523717743,0.09705998999604078,0.3451764264335307
0.16686758532115578,0.0782226823522376,0.10596366349984299,0.08042322077332696,0.13375046798119805,0.2877490902077464,0.04155316729770272,0.07718799074235766,0.028282131824431848
0.0568610012524742,0.17994890591938417,0.09581548946632473,0.11059148968335088,0.1929789656691685,0.19633627760374348,0.028389360812536263,0.03231564064813933,0.10676286894487848
0.38852956713795633,0.08436118968081485,0.0903919469977762,0.035369796531176285,0.07241311999671098,0.05775336675697488,0.05671045529388335,0.20111752546371883,0.01335303214098832
0.08192172945325733,0.21355682660741063,0.05251005407823004,0.04214362483353556,0.10490775188072414,0.10363664305018155,0.24871827945625913,0.11738563737427281,0.03521945326612887
0.20384449518947026,0.12219730405086283,0.062458869412424754,0.10281295176609379,0.1559928172174456,0.11606947034039176,0.05622628175582778,0.1480245943297623,0.03237321593772088
0.1509692120408343,0.1870431106860763,0.13993542665880887,0.061043329849348515,0.16815299528948924,0.10206273957762664,0.02921274666009051,0.08250025663615732,0.07908018260156835
0.2479225065484325,0.054523220581942346,0.06308722957842662,0.14088116016317098,0.09448350139568777,0.18875003310465097,0.014955136768523745,0.16084080364193623,0.034556408217228864
0.10022985607375606,0.06583185342524296,0.08992600076566004,0.041692855970407144,0.11770228488004221,0.05807566083154536,0.1585151360450229,0.3219273912752902,0.04609896073303308
0.09904625597684084,0.07321091238053119,0.10710728705162488,0.11448109023176167,0.17708399552446918,0.11564412353591234,0.026933491569104795,0.20731618383033723,0.07917665989941797
