0.1196359110088746,0.10044522339374502,0.06874546409246741,0.13334285123068165,0.0380602828993219,0.1688816978422514,0.01873309126417094,0.12537198826433923,0.22678349000414777
0.06524916628988138,0.10002199252123499,0.052850792368070214,0.20451420317538074,0.14160304897732426,0.15462614120439983,0.15834142400991455,0.08066978098627742,0.04212345046751653
0.25959987167174425,0.10672931433923356,0.07281982008020714,0.12644168509910428,0.05758664886665545,0.11595017477776048,0.040495265576980355,0.12618719009162296,0.09419002949669149
0.07441095397588375,0.1496035657382985,0.08354277413783788,0.08238661309482063,0.10398632190601824,0.22236913472171382,0.03569582406690959,0.11578574193866194,0.13221907041985562
0.067220553978316,0.0795010810500469,0.03750158586539735,0.07186848195864008,0.34260373630657703,0.038927553943638345,0.09977723904102287,0.0864478736764469,0.17615189417991453
0.17276146361719139,0.12757094933743934,0.1208319953761433,0.11451877963914842,0.030196069786901907,0.1822800915971163,0.013797246817706157,0.13095851627852445,0.10708488754982881
0.12313214841733773,0.13549015635655884,0.08043483544641603,0.26437294371231873,0.10249483140581944,0.08180219077558598,0.061003232385494856,0.0922331596831452,0.059036501817323096
0.06991372176012252,0.09984985432828307,0.0889694575624671,0.09677150013356711,0.03130323083874175,0.2513359940515815,0.1695248670085281,0.09930857714336923,0.09302279717333965
0.21719050466901488,0.08774189669562643,0.13632407333715132,0.057747894040628744,0.1284031625631537,0.14493203589681422,0.07014242068841141,0.08852441345100144,0.0689935986581979
0.15425284551596427,0.09253275348773876,0.057951792326382694,0.17984935733109675,0.06754065767085478,0.18604197022515687,0.017601166555218827,0.14248372750585292,0.10174572938173417
0.09092661838438056,0.07453510960756425,0.15788206614333386,0.08363872248292419,0.2640586281733049,0.1270162670280515,0.03909056083475909,0.09593675133193431,0.0669152760137473
0.07036508848849156,0.07752007610093896,0.07926025321628943,0.1454047874367513,0.041137513092671205,0.1743815521667479,0.100070368223469,0.11749136713375834,0.19436899414088224
0.2357375261609519,0.16618871085915587,0.15945189806257035,0.04623440107074858,0.029043956040153158,0.16386735395051602,0.03253036202249642,0.09070133243907268,0.07624445939433507
0.10675179384822255,0.10478107533609611,0.14009446849574528,0.11510182619375846,0.07074945523004121,0.20137759614144699,0.06782044057646962,0.1238967015838975,0.06942664259432245
0.11312728075830421,0.10879102877753717,0.10561147431048064,0.08005319519552727,0.11385774738461,0.1251758276703342,0.14393480185480445,0.1414431969284212,0.0680054471199809
0.14893175349801877,0.2023773447716756,0.17889445172053295,0.08941703890314666,0.05379676765729554,0.12601105669650384,0.027866773123615157,0.11738797846472145,0.05531683516448998
0.06531372431181148,0.13246485735047678,0.14617599144421986,0.05270920377836668,0.38872290341102994,0.03617441084485527,0.03688537305207349,0.08649715412151483,0.05505638168565169
0.10857802326092618,0.2346163530132054,0.10308578132434836,0.08691702606023405,0.10907117506220643,0.0564670768850401,0.05596880169807264,0.1202161945832786,0.1250795681126883
0.1709516701407723,0.11243103569093531,0.052593547765264204,0.1259163065881784,0.08832590612011831,0.1615049692063593,0.04098994718857066,0.11323518701426265,0.13405143028553887
0.15591426211878903,0.1256892851405145,0.04363206953784791,0.06930371693025328,0.1493564615559411,0.21426708632192312,0.024923983205999232,0.12122721630237933,0.0956859188863524
0.12003332439780649,0.06962811403787535,0.09867264449803581,0.12368797589734887,0.16382024334259748,0.07949900698038363,0.06568816867194031,0.12260335557103404,0.156367166602978
0.13538652103068874,0.20505030515883696,0.052773251508193376,0.15772033974008673,0.040855082460142106,0.16527895896437883,0.05918239335503406,0.13728117052353617,0.046471977259102994
0.23734828703065988,0.11971638470504686,0.13271037788998463,0.10494902407638802,0.04189578380415735,0.14017257270159345,0.05012240350024653,0.1069936808985475,0.06609148539337574
0.15415363548404518,0.09913112732152184,0.04002145235099828,0.19383077185278452,0.07517478239236704,0.08165815649473553,0.0867795416596442,0.1415643513124195,0.12768618113148386
0.08454421856026495,0.10050092674193158,0.09234851597865178,0.11746286820704771,0.10131773467677622,0.21785479984753728,0.051429148502397014,0.12058411479722199,0.11395767268817152
0.12889120688140385,0.12944070822183962,0.07594985488109156,0.09840199274787666,0.10952292208747468,0.15441028936321147,0.03943839790955492,0.10476197589824278,0.1591826520093045
0.21272907792839088,0.1676888243135858,0.13224261617173375,0.06024768466001854,0.017170833643146335,0.14458001257943467,0.03292145217875828,0.11239392644309247,0.12002557208183927
0.09518607462774704,0.15936123845780797,0.05837315963508022,0.18014773079164945,0.07982603077615084,0.06453131612192521,0.05007528851354822,0.16420814250344187,0.14829101857264915
0.1214962471282589,0.11124465792298184,0.09635982532025618,0.11279119756325218,0.1998905705920467,0.15694819559181475,0.021860012702711023,0.11690733595705832,0.06250195722162012
0.11869259373382683,0.1144428392817826,0.07020891332657397,0.1476705396801133,0.04580683271487432,0.11112708089891978,0.16651131852225795,0.1477527404304984,0.07778714141115294
0.07507470680498649,0.09664443844329773,0.055837627902090355,0.06753765164129748,0.10319633361728074,0.0515834526617746,0.21629286838202003,0.10297578408843859,0.23085713645881403
0.15627230187396127,0.1217874222755439,0.10010850898885619,0.03612520864775432,0.13262243352051473,0.13320994332106081,0.09375530698107175,0.1272603527502735,0.09885852164096358
0.26157283596786157,0.08363696933113222,0.10348209281985717,0.0663569433656885,0.11564836508881865,0.1126782818628516,0.01298500719207949,0.13422160525574287,0.10941789911596796
0.16603295098999146,0.14563042817528407,0.06092221266995964,0.08595403202731923,0.09253160877725601,0.20132421497984898,0.05677689869095937,0.10483570460005416,0.0859919490893271
0.22457412398290136,0.14572423869699713,0.05485975572196208,0.05491550237268017,0.02233189318551351,0.11467394657540834,0.07155974151833813,0.08711976390101339,0.22424103404518592
0.1577299980050485,0.14988506050310227,0.12951958335802435,0.1679523123242621,0.05634655475102642,0.10374439805046758,0.05053838961763018,0.10775183900101093,0.07653186438942766
0.13412555871108306,0.14099792334801334,0.0644689677053522,0.18179545624290475,0.1283403147882639,0.09953257408592081,0.08018468864597038,0.10397423194779515,0.06658028452469644
0.10517902483566971,0.13244412663588215,0.1063653055141089,0.0910117006683701,0.11163596604595567,0.15155121562174143,0.06367130662611455,0.12495792212892205,0.11318343192323548
0.16472346051275927,0.12395893800426516,0.07974228544239999,0.09248494621583024,0.03830961805567116,0.16547024575645183,0.09761011857835711,0.133240660193135,0.10445972724113027
0.06300206587457495,0.17180491404728768,0.12365166158535641,0.18369012759669637,0.11781840928259509,0.0815467300086563,0.06224317411519508,0.12214067426339066,0.07410224322624753
0.13500022080521537,0.09027160088846081,0.04993964943832624,0.10205292474932355,0.08749362293567946,0.1047543444671128,0.06904395639322412,0.14294155766902086,0.2185021226536367
0.04758594516288123,0.13495782802196965,0.06691044231860743,0.15126640260599103,0.13815210291424063,0.06969560787884323,0.01556141073447761,0.1675462870142622,0.208323973348727
0.06752727918502441,0.15855752897657868,0.06591665604834253,0.05506589754274777,0.20451985321711483,0.1823401102067569,0.020890831218390877,0.11067728029443163,0.13450456331061247
0.14020955438084423,0.11811233693838218,0.0731854910292128,0.10395360662648896,0.12332719919384875,0.12428359426826659,0.07934300069291933,0.150776265192713,0.08680895167732416
0.22091235117909425,0.08713454600519228,0.08266041831108181,0.10446052971306148,0.09165623265393029,0.18750894474999671,0.04050674884116923,0.10528939096919991,0.07987083757727402
0.10043130252530029,0.10664648355411688,0.06549095775216919,0.13764423428969114,0.1055157767765398,0.1382415491466105,0.03116498863651564,0.11703896231250599,0.19782574500655067
0.23549826602496013,0.1422677678937681,0.0524321869428834,0.13149966968306367,0.06325350307345774,0.18917742643047752,0.008022844061263393,0.1052930060035015,0.07255532988662455
0.10733392391942659,0.14794492190748088,0.06634218504018531,0.14873014290230324,0.17027939189830507,0.11561334090437618,0.07393249668213232,0.09893486421262238,0.07088873253316806
0.12084790725489251,0.08830238947386086,0.1614520959446122,0.19299548491356808,0.05863215255597835,0.06338495425856731,0.1580890454077202,0.10088850462947425,0.05540746556132622
0.18733639455100248,0.12613492375638555,0.06307614196944097,0.0921434637821122,0.11224413413669503,0.08157027578428708,0.03969878461423553,0.11338749109597153,0.18440839030986952
0.18041158080942607,0.11759228277782545,0.1414751853895468,0.10520099346085117,0.05698226755209792,0.19821987890314455,0.046362413023761505,0.09395901395779101,0.059796384125555456
0.22274845028563242,0.12374649577134116,0.09676266373950869,0.15088177855355203,0.018471250961231558,0.17787651808013769,0.054571279403771426,0.09337649296888038,0.06156507023594465
0.24900355984919562,0.08215573048874415,0.10885750740045642,0.1024377649383195,0.05438327835467274,0.13883753876229762,0.08253420047299638,0.11179129528745589,0.0699991244458617
0.16719022119459478,0.19378673401471538,0.12277228970177716,0.07218906554762927,0.06603309415049556,0.04405237270075856,0.1240490926917034,0.08013391072856159,0.1297932192697642
0.06070433432107486,0.11535276069939866,0.17685383975279423,0.08451771302632487,0.0891714538296446,0.06412396230421887,0.07687404434690033,0.12216050510229948,0.21024138661734412
0.18293930835894404,0.0958784106489891,0.12603933273934154,0.05145015820149862,0.12548557728115511,0.0945865987675546,0.016529698883398225,0.11482665229125018,0.19226426282786854
0.09972792414723408,0.06970200988717502,0.07217768264691544,0.14051638718629791,0.1794487985347294,0.09324979246271788,0.16900330697661048,0.11928335930215277,0.056890738856166946
0.08469622493606173,0.12166113528649238,0.06853079499877326,0.03957371370082996,0.09415324374885252,0.06213929005405181,0.26147975632569065,0.13586078884577707,0.13190505210347056
0.10278831761640965,0.085179875513175,0.14957529564928349,0.05641779778877346,0.08215491329082376,0.12802781926973883,0.1631648524358641,0.1338536629511691,0.09883746548476258
0.17016529063174554,0.14923814992964315,0.13970918680247393,0.09068581559464879,0.07396944043592801,0.13987197942553334,0.07319735539448416,0.09010298898068365,0.07305979280485927
0.0780345602677242,0.08434640989793256,0.06562480139878556,0.0852729847793443,0.07728772405800834,0.08951346429479641,0.24407592948182888,0.16286207516696566,0.11298205065461409
0.11869259373382683,0.1144428392817826,0.07020891332657397,0.1476705396801133,0.04580683271487432,0.11112708089891978,0.16651131852225795,0.1477527404304984,0.07778714141115294
0.06677880940817665,0.08747844868847644,0.04350919613767416,0.06844964012598638,0.2065180755697389,0.06250586341543932,0.30242955403654476,0.10372891596226856,0.05860149665569487
0.0792116590413361,0.1103910632862245,0.08271284441175984,0.12788131208949602,0.1834206574084435,0.07531819348983435,0.10549173363875002,0.15447871067903943,0.08109382595511638
0.102381267535354,0.11977221119151849,0.05948083850342991,0.19181796025246167,0.05362868303905315,0.0932750712043876,0.1259772033370832,0.12838103924513009,0.1252857256915819
0.030372174590547873,0.08492220093420544,0.028919787082892737,0.10901488704430835,0.21536265651069084,0.02102673217397431,0.32024595393638416,0.07945332361599405,0.11068228411100227
0.05881204637664585,0.18331172600997592,0.09939264500752887,0.0856829885443078,0.11666349861023241,0.07848551391195115,0.12213513276090888,0.1140101410156334,0.1415063077628157
0.12257573500508145,0.10880968940003151,0.1618874669745781,0.10669742313898539,0.047547393677238516,0.20418958559904488,0.018538099341730827,0.09369415826336196,0.13606044859994743
0.07765647848609407,0.12230122718464966,0.10187196987434448,0.09481598243680166,0.13881093039772432,0.07305037938858182,0.09778183289879616,0.14426833025485541,0.1494428690781524
0.10914882945523267,0.18143406330274858,0.049906263619226045,0.09037480885480097,0.14101979773605836,0.100323981302123,0.13103438654929575,0.09983182434114646,0.0969260448393681
0.09723056755864502,0.09470024583678378,0.1548633176042178,0.07028396513946829,0.09675257968809055,0.0764220480328473,0.22930194436920728,0.11511520646163109,0.06533012530910888
0.18726657536313063,0.18461394992982558,0.07917441043546534,0.08024878124965555,0.13442752652573842,0.06931529081596978,0.06939032851363756,0.11785163361251327,0.07771150355406388
0.15789550116817302,0.13633280196504816,0.12839823649809848,0.08250248853364239,0.10929700922713452,0.11926066145611976,0.05839762746657099,0.12261410973159977,0.08530156395361284
0.0596821506302534,0.11233291701357673,0.06923023258965429,0.14152766735732758,0.08374690337076589,0.03719619357136361,0.28511415329564455,0.11881162910864057,0.09235815306277341
0.07865534923212737,0.09206369615206463,0.1494587988274085,0.23743766979035472,0.05527767389852726,0.13828360415008253,0.03502985588108117,0.10830295395358754,0.10549039811476628
0.09615092315732253,0.15007331207698915,0.0769616186067301,0.11033628414308377,0.1962349221230725,0.1500094021616006,0.0243672954603322,0.10279627158360645,0.09306997068726268
0.13128951156242477,0.1984634065129883,0.11399422929989306,0.10493257459127887,0.021713830174508522,0.20924338576866705,0.02098608201275852,0.11901146072640549,0.08036551935107546
0.07046480110498565,0.09611825511815915,0.12583933162728858,0.05527895098935116,0.23246817002120093,0.07954680143296038,0.16276773668340852,0.10894909024709547,0.06856686277555017
0.13562051364719255,0.09635253545111884,0.1229476399580149,0.10082156728103649,0.008179007571166337,0.21188805974497923,0.02555566645079274,0.08824731719430745,0.21038769270139146
0.2203310852225765,0.08994418517218768,0.04340134642185459,0.11752296734400708,0.03623523571787297,0.20508736913825462,0.014513030055742627,0.10217443130604657,0.17079034962145734
0.13536011215367483,0.07475480020671406,0.17803479767928765,0.1280125221016569,0.013422402678276395,0.11548088273692016,0.04435810934148907,0.12330304312252628,0.18727332997945467
0.19716391300068528,0.12051643096771646,0.07564102129832474,0.06939974515092785,0.06213655402849357,0.15109842593879372,0.05001594177156362,0.11755940486343053,0.15646856298006434
0.09087444023887055,0.11696615591546373,0.1761281753478436,0.1614799493811502,0.035679979681924996,0.07511355736047315,0.12966910600187967,0.1170791975292735,0.09700943854312061
0.14682439923762866,0.1086236391032399,0.038190078137400225,0.11005122894480167,0.024518602612117846,0.2576248143343674,0.01806510611877669,0.12774492604673213,0.16835720546493546
0.04838873291624354,0.07640997065678536,0.09287440093448542,0.10529968810161815,0.22829300733818472,0.09712344367497398,0.13286392452085272,0.11038392331117097,0.10836290854568516
0.16873229203364115,0.15688355223161138,0.1739518731206305,0.10658596922650519,0.04998780213709426,0.07096404551784692,0.06859645314978065,0.14864323535144117,0.05565477723144869
0.07415812050110089,0.08429028359902917,0.06102825100757469,0.17165685644612774,0.12794170187760537,0.03477813101756115,0.2377159079044171,0.13861476771050615,0.06981597993607763
0.07730802238457378,0.0959267283768336,0.1441139171337982,0.15980340325108872,0.12644455708749894,0.08866191701344667,0.11050067866257492,0.13938032534543968,0.057860450744745474
0.11896058439153674,0.10541214571532753,0.04440256023432151,0.06644808330277487,0.056822575410166255,0.24383966257519504,0.01232748749903357,0.14688156981174016,0.20490533105990427
0.11918674119543138,0.10919044066274773,0.1542701040424974,0.08344682793511149,0.04816239021119462,0.1510111702421462,0.029803635039388182,0.11717106075434429,0.1877576299171387
0.22485311121850304,0.12381604199169059,0.06879068721765642,0.12814285221546146,0.047112403229322856,0.1941668947439131,0.027821686428154302,0.10604733829038343,0.07924898466491469
0.22757881422243767,0.10932435535498197,0.1028007102501393,0.11372965632990246,0.025377523655706415,0.16981176640538642,0.06468731037749742,0.10290405491628946,0.08378580848765878
0.1987755887395819,0.12392931732881596,0.0855397462699522,0.175656390434082,0.11839874597678046,0.07578621693057543,0.034021863411745554,0.10597139025485357,0.08192074065361295
0.06646883849861324,0.06967601757922039,0.0460140977309978,0.06495269503201735,0.30883203848958557,0.06872597129269144,0.24013296507107781,0.10428633592637555,0.03091104037942082
0.11008499656422956,0.12469545472159131,0.11402114684141969,0.17563640323845733,0.09645381161366139,0.09862296037590251,0.08739807201211279,0.10016466456313301,0.09292249006949244
0.087695942602875,0.15541862189959127,0.03683650484822359,0.12846463361687363,0.10154073659450008,0.041430648634993524,0.11889396287218651,0.1292632965466252,0.20045565238413113
0.05132889584617004,0.18245418421698242,0.047851922872380485,0.127590298408598,0.2506749661150768,0.051576347718032045,0.041700794164512965,0.12188030922802943,0.1249422814302178
0.1923618007887684,0.15645343721812377,0.07920726562039,0.10988154138442886,0.1406458173691447,0.05611990126909295,0.04741025769975313,0.1165984716635956,0.10132150698670257
0.10884551692226825,0.11412308008861578,0.25602692794796167,0.0844365956093648,0.026128959955682332,0.19947306989760352,0.01708864385498422,0.08291558876848336,0.110961616955036
0.07234327364981723,0.10125444094867421,0.1584994168375848,0.039351962305205025,0.035320113531168956,0.15090910551982478,0.20552266869007582,0.11989739043573781,0.1169016280819114
0.19244052405691178,0.17458591021059358,0.09856103249505933,0.1279836934564839,0.053251810672677286,0.09087097473657994,0.03715872183205527,0.1071315526768926,0.11801577986274625
0.14681925831302425,0.1261363942059585,0.08691554225142957,0.07347052235786503,0.07680649626548582,0.0672292896822244,0.11283219937804713,0.14154012887814127,0.16825016866782405
0.10285532624493025,0.1691769472249969,0.11955832108793968,0.13312196135324608,0.19157028183739225,0.074943285566474,0.02590154243499626,0.08798539270289989,0.09488694154712467
0.25508228782887005,0.1071595628215873,0.0907866030954841,0.086406161263195,0.04915812402482167,0.12328792893266682,0.09563167467939987,0.14316318667634945,0.04932447067762578
0.19130976082133147,0.1305454424926454,0.04016795150330592,0.0676215552820177,0.12540054462984498,0.11113551016381285,0.08508580201797238,0.15538312115937314,0.09335031192969617
0.14442469735584895,0.1001335882286396,0.12377786344032472,0.07180659585094333,0.07807404844165235,0.10545899343727135,0.02233860045541229,0.1272052115790556,0.22678040121085172
0.2118810759165118,0.20920057231472025,0.09040412447946485,0.07646470509561847,0.07507823293234744,0.09215619191100471,0.048640868505531155,0.10276890439273316,0.09340532445206827
0.07471423347052904,0.1168695625335782,0.019201186023211716,0.1254085036174936,0.2232477398533407,0.13415079378076986,0.18691236361375016,0.0787063948788916,0.04078922222843517
0.11204636000485163,0.19391841725173609,0.1181167531562451,0.16962384555194188,0.05708304447577999,0.0777627260881483,0.00874762523835656,0.16889476381968857,0.09380646441325191
0.18715519537844846,0.17536831548909246,0.15112945276331247,0.11225698006214196,0.04125746571026923,0.1464501892861619,0.06195195047662222,0.09762985292478699,0.02680059790916431
0.1604971935139667,0.12575877903192062,0.09180769799256396,0.08859784117675645,0.06729899525584114,0.12754217411951616,0.09269390114826918,0.16571389214760554,0.0800895256135603
0.13466632360191486,0.11500832654343084,0.058599104699486364,0.07782254522837513,0.06003373241615929,0.13274485246851267,0.0393598168131692,0.1333930563674085,0.2483722418615432
0.1426896883856977,0.10848999754245818,0.03061317477696335,0.10539408017220331,0.1808241037485195,0.14496194366215878,0.03242204562976006,0.10116031527136965,0.15344465081086953
0.18328907924443807,0.11388330315466881,0.10761885176856567,0.08291433073957467,0.09655110790031673,0.13394574254961242,0.023000792833019507,0.10625619016079274,0.15254060164901143
0.1404124244282917,0.10713853081528506,0.2123857532443517,0.05213563836624526,0.18449578032481875,0.0790388295820219,0.07977621780801188,0.10434857790233482,0.040268247528638994
0.11310902904822107,0.098028760803489,0.06512343755204368,0.2126169714394762,0.026190034985229944,0.13191523074548073,0.05063564459870368,0.1433538052330351,0.15902708559432063
0.2118810759165118,0.20920057231472025,0.09040412447946485,0.07646470509561847,0.07507823293234744,0.09215619191100471,0.048640868505531155,0.10276890439273316,0.09340532445206827
0.10634888787855605,0.10503369358542032,0.0551424201501895,0.16013867730546963,0.10801843372037535,0.10010150282767305,0.10143688725107053,0.08137702767937209,0.18240246960187353
0.056104038122515985,0.1011825868248456,0.1166623548311459,0.14465968669313953,0.12193977685199113,0.13997152087134143,0.1024769653352851,0.12639588452474834,0.09060718594498707
0.17447975706472682,0.16787384557625773,0.07474524038521209,0.1183097076660804,0.04926954631783315,0.1040902019545769,0.09075733955438704,0.09748293842695287,0.12299142305397304
0.08822868577566967,0.10918330921182458,0.21287319145624606,0.11366855959910331,0.13197249956777288,0.08634071092533485,0.0426141651057913,0.11143254998970492,0.10368632836855245
0.09012759504019996,0.12891324768729287,0.0578722718202285,0.07315356926045809,0.30066381745423804,0.06043036309385216,0.11807293383305717,0.1044858163850365,0.06628038542563676
0.05297133425022218,0.10054197209872973,0.03912279257007321,0.14442777761252276,0.2712515629534034,0.07724625317371074,0.0893896244650745,0.09603471148155156,0.12901397139471185
0.059693814696896406,0.09504786248829052,0.08253215754327434,0.08289005018858046,0.1877939420296754,0.08299023575470514,0.23098288911247078,0.07374238285382341,0.10432666533228362
0.11351391296564252,0.06373699959115625,0.08917826478587366,0.08958772852740687,0.10080547962602464,0.17120774649418471,0.08625581364821168,0.1597498951343087,0.12596415922719104
0.24082342583934704,0.16555891579494972,0.10819885378425433,0.09130811848555588,0.06437229309895172,0.1123888774258402,0.03816841475019639,0.11677457411845793,0.06240652670244675
0.05213747373960459,0.08508805102987764,0.09447736968349374,0.1785772914636583,0.08601504067005859,0.11382316536973096,0.13139463088687886,0.10766120937296654,0.15082576778373089
0.08571532531413585,0.09068889321302043,0.09927347021428834,0.1169611476893434,0.051567349482565604,0.1075941491716192,0.16246197342049004,0.11340331100809786,0.17233438048643926
0.13849489135541435,0.07921889918538026,0.18170816607406584,0.053265347033079224,0.04510406967935477,0.08244032356571503,0.17981695079015023,0.09275453636163696,0.14719681595520342
0.1934717647018536,0.13809914315596727,0.04711385832972794,0.06412565180159618,0.013756335525610902,0.23422038941479437,0.05433456907819564,0.09749661171683377,0.15738167627542032
0.12340902444819633,0.12805958622458502,0.13185987341755026,0.06710835205498573,0.1302174224496431,0.05096832503488049,0.22335901877436684,0.09242086744874872,0.05259753014704346
0.09928464305922763,0.13527381116314383,0.10883293222381546,0.05071402981780954,0.18332338533764245,0.0671233510544079,0.1672039862133925,0.12260034177339703,0.06564351935716363
0.11968942884523237,0.10123189539515552,0.1096305835134455,0.1612358224117845,0.14158247804266091,0.05630363241904374,0.053058278123415126,0.11016121997120452,0.14710666127805774
0.10712534718624671,0.2003651759014573,0.04639050946790365,0.09397511170666056,0.013236338572413617,0.2672756022518931,0.07267877473205019,0.1142595278199799,0.08469361236139501
0.20508678093677624,0.12039509156042322,0.039525191054531124,0.13157340314284716,0.13271848781296805,0.2037008209686433,0.02675552671078327,0.06764029296788754,0.07260440484514004
0.23192510544439196,0.08068387244198792,0.06607350202909182,0.12952792880732325,0.09178603833998726,0.08757299206241238,0.03187338676704509,0.12218272716541412,0.15837444694234615
0.10787515565104548,0.08501195819731262,0.16773596486177503,0.14663837927623904,0.038106678498324775,0.139712402469932,0.08509185785125246,0.11314800417845867,0.11667959901565993
