0.12015283597255806,0.15632149569563844,0.05537145534580357,0.05018822239504921,0.1819667935510422,0.18503274067915698,0.03834809366922465,0.12737849717259622,0.08523986551893066
0.11573175319855332,0.15787632722961212,0.05336628666190074,0.137956550948582,0.17046712226906244,0.08229970735516833,0.0698081468122831,0.1147085688665847,0.0977855366582532
0.10318695912984738,0.11907451580142303,0.07419003437955463,0.1516642483343957,0.08496048134351512,0.09444660428725928,0.14846291131275038,0.12776192671479503,0.09625231869645949
0.0809666606245748,0.03019185984552839,0.05177051912828434,0.0899985920625237,0.1759366953598709,0.057322182118846286,0.3051476784100533,0.1082891188580646,0.10037669359225372
0.1001385089336184,0.06894781887748037,0.06741394170808318,0.06137313089416332,0.21941041608642542,0.1271248321421015,0.12387310000493403,0.11780200059211814,0.11391625076107555
0.11576308634213132,0.13269405870465845,0.10861150744821359,0.11167602316105656,0.08125313723613793,0.15299758249307835,0.04956652283569366,0.11627833801823849,0.13115974376079173
0.12347861501752873,0.2032215605567347,0.0760212934600872,0.04855052937229101,0.2006535757380823,0.14487933639303888,0.010874107027869983,0.09326261063854617,0.09905837179582111
0.10707026540768481,0.03915689260005812,0.06766043336466306,0.16276437763423718,0.1957538657623458,0.09871922502239938,0.12254372908166455,0.09502503794750931,0.11130617317943782
0.14611505606818634,0.12253797541853027,0.09024611278385279,0.11245932258221679,0.05937444224298583,0.14006306584142955,0.13198279174240912,0.1145690927707232,0.08265214054966614
0.1211379347571746,0.06654783469341448,0.1682995500157629,0.14442412577684302,0.090175850665305,0.1140227356359078,0.06724226453346661,0.12853664146728566,0.09961306245483999
0.10338796956355907,0.06770925014001981,0.10574680693348897,0.22348779788270687,0.10323989011753458,0.07956134546987637,0.07153844005234655,0.1045050229496302,0.14082347689083755
0.11202580634341137,0.06107980731806869,0.07313191985535909,0.183322217963327,0.10355630538103311,0.10140895314142538,0.14758699785118942,0.10860698390407932,0.10928100824210658
0.14111392562950528,0.20557451925222306,0.12376818570059796,0.07046076414194541,0.10003857079297689,0.16164292128719468,0.012652111522830292,0.13110278458443603,0.053646217088290336
0.12370397804799504,0.09499515757697015,0.14597994873893838,0.11560134289870927,0.08471054534885177,0.06315887140592219,0.16341716239325701,0.10603341774171049,0.10239957584764571
0.0881369262107482,0.04832350848472011,0.18826760147611568,0.08248285474502881,0.10784514358731184,0.1384037532372012,0.08135156148697466,0.11596153599546923,0.14922711477643028
0.09685814132719162,0.06979766977616587,0.1206738690278099,0.16900505095367635,0.0900612235443475,0.10523323499057562,0.08378776384898558,0.11372410275481397,0.15085894377643358
0.09995226658811106,0.3764308251588899,0.07565170609296855,0.03441691483808288,0.08976996033832703,0.14723075507918026,0.006321085118319838,0.09571376952477144,0.07451271726134905
0.1025833681798648,0.3519549478358533,0.06775527021140532,0.06250482242239762,0.06607614984847042,0.15259512876803497,0.010499407236268904,0.08956119174812231,0.09646971374958237
0.1131059679322108,0.11950632994969658,0.17691768245427533,0.04425619406036433,0.17865962743404637,0.10132621941546,0.05978539781342764,0.12037864844757255,0.08606393249294629
0.10865913730690242,0.06038519297958572,0.03332787002624639,0.10628409524177829,0.14840061888908226,0.17081782199954865,0.14169311709577184,0.13684913450488423,0.09358301195620024
0.11000153237085018,0.06243532486662223,0.0542719719690089,0.15802979582965568,0.0711997101110771,0.11453001850553302,0.19255628476157793,0.10156186732165061,0.13541349426402435
0.10645733076733403,0.03041232084717664,0.0702622847579517,0.11425907295889498,0.08907659018225662,0.12415965462681122,0.2699562027465287,0.11701606778112468,0.07840047533192135
0.1009280466550261,0.10266318140384813,0.10520685322212685,0.07509349585803853,0.09871361497680338,0.10734756988817669,0.14432372928171136,0.11220022431323674,0.15352328440103222
0.1051717337266722,0.039907089028578584,0.12980675579939957,0.16018195827471374,0.09840645488975065,0.08991727456319593,0.16213374065078356,0.10508729859088674,0.10938769447601893
0.09212132938541907,0.053220311461387615,0.0427570519573783,0.1001601734938599,0.11768902379463704,0.13327131703766945,0.24322150802246376,0.1012257293604094,0.11633355548677544
0.09628740443181556,0.31599003294507116,0.07297904830054865,0.1176001187497846,0.08959913330138815,0.09539638477342659,0.007045125995502254,0.09309339147884706,0.11200936002361593
0.10113810599427364,0.14252864174607274,0.10475386120715396,0.15241437227927748,0.11101967215026348,0.03887841099342473,0.12638904247518032,0.11864651623975198,0.1042313769146016
0.10953682307396677,0.159772752298045,0.0861536786554515,0.10797981078162823,0.210468449386387,0.10570785716767502,0.017344795183559126,0.12605967146363403,0.07697616198965335
0.09969990569512222,0.13226949489507425,0.14391899420182683,0.10157341002120135,0.09550723908095334,0.10778900610143637,0.0754394050141685,0.11393776906733159,0.12986477592288564
0.11828755597980216,0.1463459556475314,0.07859207861823857,0.07572179094649699,0.1667161908532142,0.11708878653051946,0.0797914753240705,0.12530003411538015,0.09215613198474659
0.1084559384901763,0.18173965916121437,0.0698873351801461,0.07001742069725381,0.21966873086473734,0.0999131702089505,0.0325844443743303,0.11333131251104069,0.10440198851215056
0.10954524482057577,0.0881178335250785,0.13567609414041468,0.0958959037864602,0.11968063810523089,0.1488664488258453,0.06476524126747667,0.12117271866250467,0.11627987686641338
0.0979950510875322,0.04213592582131509,0.10777876173399807,0.12357199827399586,0.11076160768022786,0.0855650443100434,0.18806161766849852,0.10851130488820883,0.1356186885361802
0.12981513561333596,0.21412687755904602,0.10272522083907087,0.08219065844471432,0.04651951638407342,0.18756778287072784,0.03499153812352242,0.10634889419877402,0.09571437596673511
0.12146704210483046,0.18499241462447927,0.08344502533525346,0.07550583180776455,0.13888166664010768,0.1560317829814445,0.03316810545509173,0.10705528547209114,0.0994528455789372
0.12013440237282023,0.13500238734822487,0.1527286210772897,0.13075991669352663,0.09684403667093706,0.13569959288092617,0.028728762661936396,0.1371046880638438,0.0629975922304951
0.11612916511836707,0.1316741213568264,0.09416658559366069,0.10537604107351033,0.13610706374800313,0.1313772918659176,0.05193414959562945,0.11718958653342919,0.11604599511465626
0.09328921054682977,0.04258358685073588,0.15424348700453383,0.13434224234717448,0.13445694867740998,0.060998135388546315,0.15310420775972425,0.10069190975871671,0.1262902716663288
0.11249513320763,0.039574386976767885,0.09414670969655527,0.17143842210109142,0.10959389430176399,0.11186434000816063,0.12855806194703653,0.12608799748450802,0.10624105427648624
0.13470596939471144,0.15143631638530464,0.11699919814311006,0.09030465842341441,0.07767967809928926,0.19313669627468202,0.024549468072002645,0.10414506648083977,0.10704294872664559
0.12164777015719673,0.06171413481987701,0.09009033079032429,0.2102870213394158,0.10506066195874049,0.07764304716044997,0.1275851093398008,0.11473846572630182,0.09123345870789319
0.11264530696386814,0.14001688799694945,0.1711184297137832,0.11380989796419684,0.07388672718487431,0.07834945164351313,0.08600835485605786,0.12317439854059926,0.10099054513615795
0.11156369360116698,0.054766399823998,0.10532682034010095,0.06503137778837903,0.24047664219475065,0.09763361972063106,0.1237363795890974,0.09560103598845675,0.10586403095341919
0.09099894776067992,0.04149786739639441,0.13177549287500087,0.13630404791699427,0.1057911036053207,0.08175229382125267,0.15096190454509584,0.11938131952161646,0.1415370225576448
0.11428141519002323,0.11840583123066022,0.09791918490517464,0.0886195902788332,0.12430862829958228,0.14035507581616982,0.09103982697408673,0.11654798552946498,0.10852246177600482
0.08962149354625171,0.08636839333733025,0.06962721824384356,0.11775332894469337,0.11689630038284936,0.12707439682774624,0.13114468784688152,0.12059652317600417,0.14091765769439987
0.10194578800540412,0.10931580728918,0.09944707547982935,0.10478631022952095,0.15590663803126795,0.08098760768079344,0.10767109798299425,0.12075463898880856,0.11918503631220133
0.14637298408500954,0.06191032631048147,0.04747523409099728,0.07756011632408298,0.10042385884150469,0.1658263673417765,0.1317945764301164,0.12047092412164097,0.14816561245439014
0.09848600501658722,0.049450303204388694,0.09577761250144451,0.10779336290993403,0.2486160112356126,0.08125504781975035,0.05672581846657352,0.11915973307121053,0.14273610577449844
0.10630325575511972,0.28894112600887695,0.10962748311976868,0.0539308329809865,0.07702177859745801,0.14808220248399487,0.0073143705952164765,0.0903488263957824,0.11843012406279634
0.12076752676974704,0.07455473685508011,0.06281805098763926,0.1646907773533994,0.117687802325946,0.11783694325082965,0.09913401314933941,0.1196906145186416,0.12281953478937759
0.10391128668564227,0.056945684169609954,0.07405959475078154,0.2734036789390292,0.08864343333194623,0.08160078766101055,0.07928424607070074,0.11267156991567025,0.12947971847560916
0.12111529349785403,0.1959945460698361,0.1212303531932127,0.0751666642602379,0.09606693637595763,0.1286693149047195,0.0383654896500951,0.0956839307403054,0.1277074713077817
0.11091992540606749,0.05919051537995756,0.0917882988265319,0.09155567468133852,0.15644013152826505,0.10687009652120712,0.16425414139203554,0.13009766849034748,0.0888835477742494
0.0891974849587156,0.0819109175408303,0.05393508365285123,0.0959877654162784,0.18135179010563196,0.08408142013185432,0.19763583704709045,0.11858189853443801,0.09731780261230967
0.11391682871086188,0.10054869761183649,0.08770087701397157,0.09856366829806616,0.13861961706292822,0.18058163462489066,0.06765863278225968,0.11715287755695598,0.09525716633822927
0.10521200202975552,0.03963348298770678,0.10387996004807958,0.05971147949878791,0.18046366880102105,0.08591361907017414,0.17899446664314508,0.11651589371874432,0.12967542720258565
0.07751822944602617,0.04029784335204839,0.0994535175196658,0.08462207487766589,0.07019170750782337,0.053532876793075994,0.3735314095250251,0.09394110072417224,0.10691124025449698
0.10582157319766707,0.1907655020980329,0.06451049828840272,0.10647043247333461,0.13924558170612353,0.0943339242783836,0.07365213447727288,0.11276405641970211,0.11243629706108056
0.11128953713610946,0.1266551007381378,0.12477546062978495,0.09836574352172618,0.14227084121037634,0.08280651610877161,0.03894447142439982,0.1258659198042866,0.14902640942640724
0.09733172645581124,0.09614575087670328,0.1869811546810741,0.09716063449064849,0.10221328466071362,0.14401238450597179,0.03784238826810666,0.12071204025530398,0.11760063580566678
0.11451435969373602,0.09395610147461235,0.1004290892592285,0.07628709029027457,0.07017692063091771,0.169547192877232,0.16938088066310533,0.11981160293343096,0.0858967621774626
0.11072636354556849,0.15828139994000495,0.0963542936430671,0.07348570914933329,0.17054032001346273,0.1523684470415131,0.030940847503291558,0.09521654945340478,0.11208606971035402
0.11926236889784674,0.10506432369840946,0.11194799512756247,0.1141048199033294,0.11132450581136961,0.16073380080830216,0.023714585352645878,0.09977528421421183,0.15407231618632247
0.11711314916695388,0.11233403900673068,0.09881942915817395,0.05660140186905258,0.16353291348102603,0.22505175516877074,0.016113227432022325,0.09600941221560023,0.1144246725016695
0.10604469248427928,0.12387043984169298,0.08972437734972473,0.11337953426209134,0.20494392907239808,0.08895419209164523,0.05271543396893378,0.11186981211994329,0.10849758880929132
0.1115714568998399,0.08336924006200341,0.1244520400229631,0.0743755628702709,0.1561626051138649,0.09919711766281193,0.13925965038910657,0.1243723039110652,0.08724002306807423
0.12957466114453522,0.11308445844289754,0.14102436421997086,0.0695903858198579,0.12154650320815591,0.1091326722062993,0.1094151991535554,0.11908436951156369,0.0875473862931642
0.11722682565375077,0.16895273439226352,0.21047508284744845,0.12308202541625113,0.07770006450845247,0.07612710084042994,0.0354440809534028,0.10803792520501383,0.08295416018298707
0.1170906390668444,0.05362549457131088,0.1401227553790359,0.077404772554671,0.1417804986177016,0.07384486959921345,0.1720856158741193,0.13482925482799382,0.08921609950910954
0.13106578233967386,0.1519798949188887,0.12882506332798913,0.08949572276374827,0.15303278145308094,0.08806497608706575,0.025936427913679505,0.08964226902541801,0.1419570821704558
0.12213104724143282,0.14567105492110635,0.14146359536161834,0.13477260487791146,0.07168673777529631,0.11503927161391225,0.04373361917165413,0.11069493242841744,0.11480713660865087
0.10380828609024856,0.08252479683102058,0.08084616211525199,0.13022400869046116,0.10892389605258956,0.14532253928160646,0.09992269124242638,0.1244504095144545,0.12397721018194074
0.12355076777959739,0.15970812890431318,0.1080775087402202,0.14299012809245656,0.09412189369172635,0.08255447812624005,0.06996802462325051,0.1382889969510653,0.0807400730911305
0.1323721317670278,0.039033487200041884,0.09929963821624747,0.10870828659330424,0.05396500126366066,0.1964212216083178,0.1472942837245778,0.1059569609872541,0.1169489886395682
0.11714954796700792,0.07500079518118798,0.12325331101787489,0.17654583282441047,0.10131610055066155,0.12775310682070165,0.047932344073928,0.11101487264958171,0.12003408891464577
0.15279763205614574,0.15686025287062547,0.0973817904353656,0.12204520728468045,0.09105920504013437,0.13290494308534315,0.0415594208212254,0.12930569333546146,0.07608585507101828
0.11169306608945818,0.04609416731326741,0.059209496361022816,0.12851690996542425,0.10928914719638098,0.1060561186512175,0.2479859357473928,0.1094683872649538,0.08168677141088228
0.12979934119423384,0.1476845241487828,0.07003962680270012,0.11041771506094973,0.09733458930334105,0.10365934221061616,0.13941142711752438,0.11565677699714066,0.08599665716471122
0.14059064706301438,0.05587564821008182,0.135974173821612,0.18151990122956074,0.08157665439277458,0.1369708019852698,0.0756385215703795,0.11493892044574179,0.07691473128156533
0.12145871653381396,0.058628548009481356,0.0823212471323797,0.08026099986023903,0.18117942361559947,0.12455638752432702,0.11831964016694639,0.12201909941934806,0.11125593773786507
0.1055734500671653,0.14884448852224066,0.10402608138251361,0.048226394809994376,0.23155800271715146,0.10358369354556979,0.019092451959568203,0.1321553008537799,0.10694013614201676
0.11056531161370116,0.03668559528584794,0.07315076797908528,0.10216778854713475,0.13418064574285174,0.13167891783781518,0.22507846986328858,0.09177180263803615,0.09472070049223928
0.12051876857195494,0.05534088106029598,0.09822837744624642,0.0788708386277217,0.19168294124148813,0.1492686938470981,0.11203806800603779,0.11329404433372552,0.08075738686543142
0.11816773475333135,0.23997384815055367,0.1923215493060527,0.03710965596339737,0.0838552520677196,0.0998716840338118,0.01961653652547697,0.0951996121466087,0.11388412705304794
0.12246377818221695,0.14909469780703852,0.12106048133850707,0.07603374894876204,0.12026573122929084,0.08585442218068944,0.0795977342257673,0.13345443827270134,0.11217496781502649
0.12412227947811316,0.06823108788737692,0.1011697318774399,0.13317939749119886,0.08394229165918148,0.16761377668539998,0.09752813540992394,0.1177375974559915,0.10647570205537428
0.10223422178670334,0.07370896440080187,0.04520220293903121,0.12194697883112508,0.1428469215208107,0.12376177808261472,0.15225006447862263,0.11754514873932449,0.12050371922096592
0.13665545826659095,0.09994831668069133,0.07294185231582791,0.12413269959403463,0.14970108266028084,0.11655108726375318,0.09736623305508497,0.10758235389393471,0.09512091626980146
0.11260143382318305,0.07582636787800319,0.14583733808438523,0.09293543881690124,0.1607236763332599,0.06074912094954318,0.15364479509353543,0.09890641108122228,0.09877541793996657
0.11552712509945068,0.08033701608620847,0.16255582445820282,0.11396398126849232,0.12223855618433999,0.08996977983044535,0.10212378133761568,0.1050341609668445,0.10824977476840027
0.10663556240862071,0.05595584560261236,0.09688790311190572,0.13734352061429989,0.14795883195165802,0.08285409647738655,0.14123815787843527,0.10313543819816356,0.1279906437569179
0.09807517096198813,0.06311702185275041,0.12278167966590607,0.12335260920535597,0.07616465743343213,0.09795396663866807,0.15822275042047163,0.11594930826319598,0.14438283555823164
0.10105310369740268,0.09635100616720181,0.052380131616647764,0.17726687933317073,0.11775134849922049,0.14579240372686286,0.054700398282225116,0.12427689940364788,0.13042782927362062
0.08561771641544384,0.11174393444431736,0.1300049694852041,0.13996608321858003,0.11336746454722817,0.14646928135040627,0.02519956741885894,0.11917632316106996,0.12845465995889124
0.1145115892548438,0.13736467490732354,0.07915399123263016,0.04332649748266738,0.1796767557127519,0.1214042629051898,0.08616992103542305,0.10591258451694714,0.13247972295222313
0.0917253038515094,0.11810200084279648,0.18875119674743535,0.0752111461267675,0.1254491985609409,0.14818049714435114,0.00847945743125055,0.13292756596994815,0.11117363332500056
0.13245550040534598,0.07466370231695812,0.04745462018509119,0.17157374764542413,0.11335463559094018,0.12088786778419269,0.1313239807112971,0.10320570329821717,0.10508024206253337
0.0880828692559504,0.192851951948393,0.04822699166264888,0.06253619899497737,0.10102706993400563,0.09552961725771623,0.1771480984638227,0.12132356089271135,0.11327364158977442
0.11709208495193192,0.10434617297292959,0.11585386832928381,0.10988020321417209,0.08140782375153659,0.11398571997735514,0.13693227716986825,0.08450524134477481,0.13599660828814786
0.09781259980620922,0.03776350520186614,0.10779886780566757,0.17744917109617508,0.09993174711474645,0.15361412274206773,0.09282999467824012,0.10447430124718395,0.12832569030784377
0.0873541459177835,0.042325658830051925,0.09584131710412613,0.09858105727323396,0.17521369226870873,0.07787334000035807,0.2306517699200863,0.09925840361949932,0.09290061506615206
0.12414977956067214,0.12078622177461103,0.22706859855567274,0.0941801930794659,0.06872936741189158,0.11629196398000652,0.023503352224796947,0.10077077119120235,0.12451975222168084
0.12751292523438484,0.14105084883531635,0.14054752560496062,0.0745625905275616,0.09161773877269914,0.17506537190784763,0.01720251284485637,0.13398095702897098,0.09845952924340247
0.12935200316039283,0.11281227849941351,0.07375317705352477,0.12373521838135766,0.06839422634304491,0.1736598193518061,0.10006266878565588,0.11299115565740862,0.1052394527673957
0.08832836471101098,0.058338472679351716,0.05689320315865091,0.1473897735570514,0.1737148574089734,0.08537788679636844,0.14242153246456404,0.09861241044167303,0.14892349878235603
0.09254123086731486,0.15642268013529287,0.10815995684998614,0.11048048890980189,0.07346563857677431,0.1014127699658411,0.09080384975206719,0.112798285374288,0.1539150995686336
0.13121289219769697,0.07155660807546899,0.08326408104146188,0.13205031070282985,0.10532406843680409,0.15371460775263276,0.07616257501462054,0.14678138792643056,0.09993346885205444
0.09665531397292786,0.0781568877818048,0.046830760479984336,0.11506964506481421,0.25468049569111223,0.09902240928472915,0.09040459698231888,0.09985303777990123,0.11932685296240729
0.09888193136377132,0.030735742756911644,0.03846283656180419,0.1835513209719463,0.13846889229410433,0.08276216539752163,0.24659594367905968,0.11606498515994641,0.06447618181493453
0.09946551515067818,0.1418107777216048,0.12080690595140393,0.1030093307037766,0.0810412549001074,0.07562715198981321,0.12207366781613682,0.11077602980843464,0.14538936595804436
0.11067497358267463,0.10641195620889876,0.0802325922397561,0.15354956817434073,0.07647388615151131,0.14127944015045205,0.0947758189925636,0.10849325098952056,0.12810851351028232
0.1031954909427164,0.051732711507195855,0.13399161521772715,0.12988533549919606,0.08099383938964312,0.16448472544102327,0.08261629768104932,0.12486027913436393,0.1282397051870848
0.1106590065155408,0.146525420072673,0.054032036717818095,0.04666495502897827,0.1384517903816613,0.21242395176810655,0.05596203437541058,0.09554365536136294,0.1397371497784484
0.1129560645797813,0.0874305193921151,0.1271908599071643,0.09859499107228929,0.112596248167037,0.10389973431395379,0.1499358476089172,0.10774155574355926,0.09965417921518271
0.10981148922018998,0.05781672953538219,0.11454425564582238,0.1852863747021578,0.06918876259588967,0.11442618531684771,0.1283459882781086,0.12867168565113393,0.09190852905446774
