0.08235377180821173,0.13119946331910146,0.132176096038551,0.0907885689906312,0.13555149052021517,0.091731141378715,0.057066806841526395,0.08810097465443134,0.1910316864486166
0.07373152886746775,0.16671034167588564,0.04277610533385733,0.17742826869801995,0.07038499585815806,0.18172597580084227,0.08200771012874412,0.14377735546647008,0.06145771817055475
0.0700341270120509,0.0380128822952506,0.040876597494672116,0.08619160049033052,0.09939508897985333,0.055465255246908214,0.15059198766667214,0.0824997435210612,0.3769327172932009
0.1368470304460402,0.19067839402148248,0.04208402057637987,0.11524685901372496,0.08857631645646508,0.028015619713469695,0.0720566163998256,0.06799340228959651,0.25850174108301555
0.1660926058054116,0.07091995661163206,0.030500675535249457,0.09599680208837828,0.11311897762509371,0.27294203847574006,0.07967133316284232,0.09514341228472241,0.07561419841093008
0.12100535031672927,0.0400865085300167,0.015631237631097434,0.12216341498899554,0.1160130949608873,0.30782619696991836,0.09295250274217547,0.117460390710451,0.06686130314972888
0.06921801215395303,0.0636076606205135,0.08173373364745774,0.10467543739470435,0.07896891640064434,0.0466545725715933,0.08155863047157613,0.12762455286214722,0.3459584838774104
0.023619613267403413,0.10455204879597307,0.4655411358133155,0.12728668677806684,0.09706993753536043,0.030564265401021713,0.06618496151858731,0.08179580568842426,0.0033855452018474153
0.15150399255336644,0.053150310467483114,0.1542153252345144,0.12728083015884484,0.13707154471476848,0.06690988650130046,0.10995885738154737,0.15574816680584955,0.04416108618232547
0.1252864454578335,0.05449833599089913,0.05466069452444291,0.11673823842562363,0.09605823525126016,0.05356428325976106,0.10841144116908612,0.16439611122109346,0.22638621470000006
0.06981342981330733,0.25098009907212376,0.02941678247945888,0.09152471714183734,0.11342697788346356,0.1408098593903398,0.10988840349894026,0.11293867092667693,0.08120105979385207
0.09676572675075468,0.07378412682805294,0.03983231755366388,0.0964497556472218,0.1262654209510555,0.2598884149490314,0.1546687437799125,0.11417833470264721,0.03816715883766015
0.08695523628521172,0.08774602976915291,0.06993990768856133,0.09736952507445822,0.11379704622603172,0.1488821561128457,0.12215854973688461,0.11520448907158343,0.15794706003527043
0.13537146406299608,0.20560632472088902,0.018496835505440897,0.09974908001484632,0.12694138102703104,0.16088521776575163,0.13992796653518233,0.08039618928838312,0.03262554107947949
0.08692329366320455,0.04077573256090956,0.1470341706395792,0.13115435114173327,0.08752040933224363,0.28044528881466374,0.11789839921867169,0.09711468057371335,0.011133674055281107
0.14402822789826675,0.07391039594421145,0.022119853514997293,0.11648332350980768,0.1322413151726896,0.231091468499943,0.0863671893982368,0.10449549399980938,0.0892627320620379
0.03031445174015814,0.18961730562976167,0.254522943085465,0.1540836510320346,0.14956798911766342,0.024769465154149222,0.06637361103224163,0.08253201816017779,0.048218565048348434
0.17984059887908208,0.07571928811249716,0.015184835898365535,0.13329552976451012,0.08099504871510785,0.11320582133223438,0.07884724318317736,0.09014406162473206,0.23276757249029348
0.06491327075504645,0.24675394223973313,0.23894402813963744,0.08242960387840946,0.10793878282479635,0.05124176494328964,0.07232373614690207,0.08631425309680053,0.04914061797538483
0.19865665619191597,0.059033449841901786,0.026185379033192516,0.08099146211199489,0.10973332947480774,0.08974564912489426,0.12990766858959882,0.116260995042338,0.18948541058935606
0.07351857983117135,0.0719725294278028,0.17410119333741828,0.09888454313015249,0.1734336307151143,0.10398305311473725,0.13453687841666467,0.11394073488663077,0.05562885714030804
0.12198827549669984,0.08061495499191883,0.2873316904867771,0.11882967243437047,0.10935173763464968,0.052523936136274964,0.08503347053565669,0.09709071772549611,0.04723554455815641
0.10675643058684302,0.04802949254291027,0.18433380924320056,0.11036530181836597,0.10927020716763125,0.0932123181841184,0.10695723455950094,0.1569843488735965,0.08409085702383305
0.12047291960994277,0.22688594531822495,0.034786069950434324,0.1764432764587701,0.08596494180489973,0.0744248002661027,0.08832679217653634,0.10558578675412539,0.08710946766096372
0.07679481377665166,0.10501999146548785,0.3084353065106921,0.08291326352442584,0.11373814341522749,0.023954751794742393,0.08782909619995148,0.14481773459704414,0.0564968987157769
0.1366461124323799,0.04619875198744108,0.2971871629977056,0.1312930600095761,0.08097634222191542,0.08793360260332772,0.06832364276538243,0.10406287187157853,0.04737845311069325
0.052443930643552406,0.018583081273801053,0.32967451956981986,0.11949598779157933,0.14725701631563962,0.08072144690272298,0.09424074493217227,0.13249457953133847,0.025088693039374024
0.06368941969968346,0.1351001707902389,0.03395279875670789,0.08982859581558417,0.08826197458154922,0.18610800042954537,0.07880062207543984,0.07941397698807479,0.24484444086317628
0.11710571767046302,0.029780635644457976,0.032821100074720715,0.12296862517271591,0.16092808859364802,0.043060917627776384,0.13340486309276597,0.09919500199738224,0.26073505012606984
0.1808991784353072,0.12873907716567082,0.06621746537790422,0.11709303987860904,0.1425508746270883,0.050068304065988174,0.07458939879555253,0.12395903206713939,0.11588362958674038
0.07650648803854404,0.06833142992607662,0.23553154728188672,0.1735412056566312,0.0907950595994002,0.06980173107879699,0.12276141671631953,0.11143419112920809,0.05129693057313669
0.08638574421154192,0.02296950655545797,0.06987086542608578,0.11597831050451113,0.1797864656364014,0.19718809888542013,0.14748003761857492,0.13010081348329508,0.05024015767871166
0.05834205897203878,0.10799439250058245,0.0745251801990956,0.08414356147139834,0.1622228631680979,0.09223645124456582,0.09138367586868133,0.0775701114627129,0.2515817051128269
0.08383147057218547,0.02999286721693713,0.38816794693628287,0.09026075222900959,0.08002050572490066,0.10264414014689255,0.10795947592739226,0.09628032630864715,0.020842514937752302
0.047326604162153875,0.11076804237547005,0.14277962653380186,0.16368249820680827,0.14409499456396532,0.09333932885597486,0.09505385645188504,0.10086645659124911,0.1020885922586916
0.05634866676715203,0.0578769507025286,0.11046861102933797,0.05336036765217137,0.0949795681390911,0.45052041976131824,0.08680865353227445,0.07005871624501818,0.019578046171108112
0.1971064168354333,0.04128886084391474,0.08599989442621055,0.1170852221847008,0.1271141800012217,0.08506393529570411,0.1549396600885839,0.17171385752727997,0.019687972796950913
0.066691980098005,0.21908301068167857,0.05954489544759232,0.1008292829574078,0.13787239423886652,0.09997775092298199,0.12806964485821515,0.10486999845416674,0.08306104234108601
0.12808288781521307,0.03385386718046377,0.025175090644262373,0.08105101592986674,0.12302493688233673,0.18615257347599176,0.11428482447592941,0.09985358831739727,0.20852121527853887
0.13253339214836315,0.04169803402279831,0.12833865568981107,0.13516519881625622,0.1132003846873616,0.19368884508368414,0.12612222834566308,0.09579578150836944,0.033457479697693054
0.15202493092148392,0.16176371378289514,0.03733564466167923,0.1451312828591973,0.12069906781526551,0.09627725596808756,0.09894697077705865,0.1012506827309746,0.08657045048335806
0.125630755386994,0.09050038879176542,0.07894803770215615,0.11796756158249073,0.08622346058054768,0.10581173949231247,0.08786154412174944,0.0823780576544243,0.22467845468755984
0.07839855376548434,0.162743270107344,0.2982117352431591,0.09941430462937371,0.10664176736433244,0.12336040816512293,0.048625734642416575,0.07475677552453545,0.007847450558231462
0.19369562440657953,0.062340600156819824,0.117707593678727,0.09831917137141329,0.14142795528612928,0.0741695623941709,0.15175536184601082,0.10802949214468764,0.05255463871546164
0.1168456216792962,0.06785834634826265,0.12180326726764855,0.1203401145125217,0.12354785474980338,0.08546219209081322,0.1591875833912878,0.18945493963400892,0.015500080326357649
0.10267314121451875,0.08067399213322356,0.027309259804890396,0.09231424638688279,0.10356609373915131,0.10441409076052273,0.07982310359788937,0.1542631429031274,0.2549629294597937
0.0675340125403703,0.15524343885606548,0.1936106668647228,0.10827651124526587,0.09869564551381449,0.07169543412021136,0.1515422202154244,0.0991123915394065,0.054289679104718935
0.1561869101037418,0.03084852354733032,0.0586193635112314,0.11452252399849439,0.12510195425869297,0.2256609264400713,0.10467287924060435,0.09157251974801739,0.09281439915181615
0.11162324564402971,0.09055776459035893,0.10058681218654457,0.0819918240748721,0.11274753081719714,0.1289327317135807,0.12444978337559877,0.10590984498955697,0.1432004626082611
0.09887633017463081,0.03152522516959874,0.1953808958282266,0.1195193369388583,0.12444068706958344,0.05212218623796599,0.14500418927240258,0.20100620085267337,0.032124948456060266
0.13124913060615517,0.11687826474162988,0.08544139287044218,0.11809387417967165,0.16352638121527835,0.06350807585914592,0.16633170651245033,0.10065835559718815,0.05431281841803831
0.11244077481594916,0.0788439495907422,0.15070476830793578,0.09960774175462557,0.16141042513094314,0.04658197572226808,0.1567155106510706,0.09650359095940862,0.09719126306705683
0.07820714544108855,0.07847141885609166,0.05439977419489025,0.15005327465218546,0.1369686775595538,0.19197029333091212,0.12601772458579516,0.1256742767029204,0.0582374146765627
0.12870594170700278,0.05351765307280556,0.18056240510092633,0.08790884023234674,0.15404714538096406,0.05137480028568022,0.0765511684671234,0.09883525864146063,0.1684967871116904
0.046447252608463,0.08110458784317108,0.33754768501819316,0.06212271818332756,0.15082366537600536,0.04201003188664854,0.09237261474968218,0.08826070653467537,0.09931073779983372
0.13349719160826806,0.17686259519106384,0.0821459150579735,0.10173905091970714,0.14190414427633305,0.06275625378186661,0.14839379281927131,0.1387597551381999,0.013941301207316634
0.047094870768956014,0.07552911289083487,0.19734567930943814,0.16570439241623716,0.13898533594000306,0.1537112958198571,0.06611670633788615,0.10579828138204699,0.049714325134740556
0.08858221268579973,0.06791568215058737,0.06480422334721056,0.11857674739792061,0.11414147619867515,0.17007057628893307,0.1545684397328085,0.15904387784952626,0.06229676434853879
0.15489834848969994,0.06823292379500664,0.08553370632224218,0.1130996285368968,0.08342957726933968,0.25799775896762095,0.07993685518655709,0.11245067812106498,0.044420523311571654
0.11209772859079542,0.02751882317292143,0.08679485482212883,0.13949556526438753,0.14199224601702579,0.08595347612433307,0.1220420090654573,0.10223647725873397,0.18186881968421675
0.1380151332378662,0.03602952374755095,0.030601021166248164,0.12555825624763836,0.08332832540869567,0.12313502620096023,0.08558510093403769,0.11891071251392737,0.2588369005430753
0.03515213038145462,0.04027098796045692,0.25727103369021204,0.14094331487093284,0.1367218247355275,0.1577285179476626,0.08820703663131135,0.12291794560122316,0.020787208181218906
0.12556390226308728,0.03660173484247009,0.2297218253535549,0.12542985479671623,0.14970188004559212,0.048472315097654935,0.09834547828279276,0.13383236218268216,0.05233064713544949
0.15832462525133179,0.07313203936064887,0.09532051227684511,0.09856044785472895,0.13508131306237378,0.14912877778385422,0.11537077883041628,0.12379201745414582,0.05128948812565517
0.1278288588921487,0.17046139001191363,0.12553437616728402,0.07098150951990946,0.12493707788427862,0.12743030057703295,0.10381790608208623,0.10568738363567791,0.04332119722966837
0.12540405148907582,0.27055667533141886,0.020308874971386236,0.11147441405319218,0.08157177892362757,0.06378660106471035,0.11558247161687236,0.16706928735767326,0.04424584519204328
0.14357192650466696,0.07017205703051056,0.07141822772426203,0.12593223957161562,0.1155965312213587,0.23566072736941904,0.09099403258752438,0.10910394349984764,0.03755031449079511
0.08346333063600725,0.04617806732059687,0.3892386564103458,0.12006130340370047,0.099428267323088,0.055146941335953464,0.0990616895007093,0.09389097511968532,0.013530768949913598
0.10112824376821698,0.06416941675340436,0.1297578180285788,0.12025477493647081,0.11337368924779219,0.261534440441528,0.09331888518324798,0.08132433631249987,0.035138395328261
0.1249820703675607,0.09911894307455006,0.06401170402412308,0.1729810464657151,0.10337671700439806,0.06661446765647096,0.14661483794170868,0.1578953094785638,0.06440490398690958
0.18926318252724475,0.08863176147786615,0.026991023303494083,0.09619033566110695,0.09833862673013709,0.20842164936399946,0.15369833543927638,0.07661833916943228,0.06184674632744289
0.1082378440405513,0.05735731864199222,0.07356129944092733,0.12209765803784405,0.08605046541320373,0.34349166252896673,0.08164758223662563,0.08276731737066212,0.044788852289226876
0.07752130678938234,0.0497054619083834,0.061544922984034335,0.14185547365555332,0.09629651943804952,0.2793912675287004,0.08943960817853532,0.13207778423172245,0.07216765528563894
0.05797155762061524,0.20351381483647635,0.030480327837552806,0.14846615919924921,0.12999137430904142,0.09436436779515787,0.10993043277835002,0.15531587788093873,0.06996608774261831
0.14950758307668,0.11036891528434722,0.012715249457807146,0.12056541795828725,0.1378007600035432,0.07364952772762799,0.13679272912611476,0.10455700586822948,0.15404281149736296
0.11632985191630409,0.05949486705757407,0.031446614499368315,0.09851626652499867,0.12297026224585861,0.12023138538314475,0.12256463036781386,0.12646739718280656,0.20197872482213106
0.179149960625966,0.18021445207133813,0.03361543721741463,0.14254694242047947,0.10423105527872889,0.07625785978611867,0.11879259733666646,0.10510660945540444,0.060085085807883375
0.07540823844276424,0.07084512566015716,0.10575153076127804,0.11659067879734797,0.11995627302844912,0.17716461993038557,0.11048995927837352,0.10293379460916496,0.12085977949207949
0.12021922222344217,0.09973622168287205,0.13818719793107923,0.08363981251424946,0.13761413158472294,0.16530943252322478,0.11298653939631276,0.1150498781258824,0.027257564018214223
0.06325727457449995,0.053041847228260934,0.11879865140122285,0.10348176098695083,0.10079700651352079,0.296920048211133,0.0856475582666749,0.1438181534446394,0.0342376993730974
0.061688104675635735,0.12097944905174969,0.055776164639335414,0.09379380693320162,0.1500052572077878,0.19557704830016429,0.11740728440301723,0.09806823180848856,0.10670465298061971
0.11377854333831859,0.051300612836161656,0.03668702137601323,0.0966525738992358,0.10305164000917673,0.058387532936660776,0.12044235761988968,0.08166402275315578,0.3380356952313878
0.08110839281116065,0.09991563982340368,0.33259663825115754,0.09861292291632386,0.13437973937317851,0.04958092421106993,0.07123205196092798,0.09540034814788485,0.037173342504893035
0.21970600697045017,0.11902612888753368,0.039530886570709196,0.11015423060851533,0.11397450218999262,0.16632699670368162,0.10496763340488131,0.09229552292904782,0.03401809173518821
0.049591465833944415,0.1651977709261434,0.15060178955512402,0.11163248352557764,0.10846431288694136,0.0334125671028551,0.09025020922210104,0.1173364405500319,0.17351296039728106
0.10808145764583853,0.061989965591143274,0.20256152782071032,0.10608426360694252,0.13316507337809202,0.07666782009169872,0.13908576825451402,0.13026876466814172,0.04209535894291894
0.04670724189942136,0.11569276712882011,0.06065610447145248,0.1012731433267749,0.1409647972382053,0.12958597049930562,0.1086977714378506,0.13150469844489404,0.16491750555327556
0.11083261437873144,0.11493702891536701,0.03156004176521638,0.08358659179139664,0.10098843244563915,0.16273699480271336,0.14433339324965622,0.11562828000717347,0.13539662264410635
0.05834681251767936,0.033478847592705724,0.2375667807858255,0.11422562618416739,0.09744493927944263,0.1932119400087302,0.09667580897926424,0.11917668771628427,0.04987255693590068
0.059518357116807974,0.13272742426987438,0.06081282190670175,0.12500105781539875,0.08156605038659172,0.2765453776986359,0.11387147880402261,0.11000383711802202,0.039953594883944864
0.13654461046907648,0.04732209724027651,0.1730031573305342,0.10016579418497039,0.11682679713780904,0.11973211203206112,0.07454713963295535,0.08917386818392414,0.14268442378839274
0.03154753061947143,0.04006364251055383,0.44722566288148013,0.1521242835951532,0.05689271073939182,0.050900225150103784,0.07142661978369731,0.1383815879501099,0.011437736770038546
0.14705983642466872,0.1393866768128673,0.017829701616571974,0.10534325967151155,0.06269865547233326,0.15257112038761914,0.10361829915341159,0.08214480478784046,0.1893476456731761
0.20633186714372784,0.14151369016367507,0.05389115397106512,0.09098345716492902,0.09163350771444236,0.18333106781465744,0.09878469598914598,0.08227771580213918,0.05125284423621801
0.1202553456456219,0.1134514298825847,0.060989493468154,0.1299443244099723,0.127531739885965,0.16450408880170722,0.1154207494910075,0.08496074054824158,0.08294208786674574
0.11323954452739744,0.18291012175968516,0.0554269538984327,0.127737543002539,0.1151626570267754,0.15737390427753487,0.09554125788120166,0.09775127924899636,0.05485673837743743
0.10003067361650264,0.09101278812207624,0.04294521447016752,0.07834585699249001,0.14381794998408257,0.08555185213125523,0.14174283898700865,0.10047801536314416,0.21607481033327305
0.09770352093763561,0.31731133135587086,0.0420722297987497,0.07055388778237152,0.07682075274575521,0.11635001820375344,0.07875815947788735,0.08606652441833952,0.11436357527963666
0.12604035013506829,0.06905471900958163,0.01891394197743825,0.105871204074235,0.0940055002157954,0.33425853604759315,0.1249607379278896,0.08845174367018561,0.038443266942213054
0.05457892313008366,0.07644206858831629,0.11990663007007325,0.13336637662359851,0.12756123467648628,0.23017268729936055,0.08001385797570704,0.148985870212373,0.02897235142400137
0.18110574845004324,0.0521591923668561,0.035713766166258994,0.10263987986401113,0.13473350336065537,0.11291879193726469,0.11817380495063422,0.14778477381351504,0.11477053909076122
0.08684723197531279,0.04802284507456132,0.3152095727145221,0.1385919078917729,0.09821981934211947,0.06675608245802667,0.08738404609189747,0.14244565029548303,0.016522844156304194
0.21194333082446196,0.0804534003097264,0.13341148409236941,0.09747268228955974,0.1026869561030773,0.10794358883301258,0.14646949538354426,0.11009480752077037,0.009524254643477932
0.08569502884956287,0.06400714890993968,0.12281306055878595,0.13587981339719188,0.1257710688910343,0.07315543768809386,0.12113178684622132,0.1274780442990291,0.14406861056014106
0.05602759496690705,0.083337023083904,0.3451057959921558,0.08094258906783935,0.1541074577408805,0.043057105022298016,0.112174518333942,0.10906315275294809,0.01618476303912526
0.06265001149118503,0.004983205263893811,0.5066188312036821,0.14353074425334644,0.09616154772747733,0.03435221777704706,0.049725551710654514,0.09419866631367224,0.007779224259041422
0.07446548905326417,0.18764770936420946,0.0758025754263037,0.07690202698231846,0.05489311071527631,0.19421702577453945,0.10182604608701573,0.0723523395415156,0.1618936770555571
0.10845682838802762,0.10917436341964439,0.0462574641061847,0.08031965154086879,0.10483348794344693,0.10459545694544066,0.06137470014531728,0.08079406922252652,0.30419397828854317
0.08422241182868247,0.27717690803984624,0.10699468765828625,0.09337750915144971,0.1127714571217144,0.039981602616475674,0.14023062545346313,0.1252720673289054,0.019972730801176845
0.08279346201447652,0.23180807133411166,0.02722525862465978,0.08507713962631075,0.09918902556033049,0.12935845741686391,0.14764701988297918,0.1648444075577928,0.03205715798247491
0.10662334451590309,0.15260861166652964,0.1313676645464066,0.09969533401990238,0.1290139668270453,0.06522997808188302,0.15654672226064872,0.12607123753673385,0.03284314054494738
0.0464943525382619,0.030172312219125887,0.452881389838937,0.1177154019758519,0.09176156305682769,0.04736948891068943,0.08682044962626767,0.09672729991526002,0.03005774191877848
0.1523499843657867,0.150617334247308,0.023484117191454493,0.11013943178429984,0.09380694381828249,0.1928245902236971,0.10586600084027574,0.10306138937745728,0.06785020815143829
0.06934627163662181,0.03459789974617602,0.21929826467725597,0.21805183553595894,0.11886985526579652,0.06640908235161112,0.09985216502583676,0.1623769390476183,0.011197686713124622
0.054057634273799726,0.18660175137496002,0.062413437306424124,0.1309694018067993,0.09279636085083763,0.07948603125112162,0.11762318104779262,0.18601337491633388,0.0900388271719312
0.14141265053299032,0.12442354528986342,0.056014904280345966,0.09965956880580036,0.06411122615773009,0.20361031605668437,0.11671686240435107,0.10177342344539132,0.09227750302684314
0.19306386308720203,0.05735236213621192,0.016435256018847776,0.08555214886775964,0.18629396688668018,0.07511661982950738,0.10283477560503239,0.1955220272186838,0.08782898035007497
0.1297337643694972,0.04829090083090973,0.06677672388872442,0.12500199460688852,0.09096016704113287,0.1266308083204735,0.11203638830829743,0.10160503121414333,0.1989642214199329
0.07847553520481408,0.035427958423828516,0.2897135864115246,0.1607689462753555,0.12329695597679645,0.04680619410323006,0.11724295929320903,0.12449422830499286,0.023773636006248818
0.13240747095933067,0.10032941269274513,0.03514710022431103,0.14395171309694044,0.17414159596572346,0.1334385739411264,0.13411760906377732,0.12756985440442273,0.018896669651622854
0.07842385466510314,0.07611249948741898,0.07427735203965143,0.1494127520852668,0.0752243953829241,0.2909375308804279,0.08493126320290356,0.07473402606455126,0.0959463261917529
