0.11035661017249605,0.10476027821159234,0.14645027421294146,0.0757009613483806,0.10207579879190963,0.09661595979301629,0.07767602205446093,0.10872687426596317,0.17763722114923944
0.09926374278018223,0.10846368032967185,0.07444352876973656,0.08289518556365809,0.08304623109542456,0.10661846983401914,0.2127310127485839,0.08469312899058556,0.14784501988813817
0.08800512106898523,0.06707350275570205,0.13176476040450644,0.14393822287883593,0.10293955037446974,0.14499017902261538,0.10328426097430614,0.09645960368486783,0.12154479883571133
0.10211515677183673,0.04294326145140571,0.18871452655663878,0.07756659758284445,0.10953621498672213,0.138245570293506,0.12003716856970918,0.0805230379707839,0.14031846581655305
0.08928026185096695,0.1789471716308281,0.13245946405740072,0.1299916109121765,0.08677502227541323,0.06187212744659515,0.11978079077398655,0.09212246766001798,0.10877108339261492
0.11822951500392125,0.01317956968010132,0.19485315440472883,0.12277524754532843,0.06664991906182784,0.08340072694677426,0.14957240310695386,0.08314563131361583,0.1681938329367484
0.13716636056049533,0.039882798858599806,0.19346703558764697,0.11364189107703504,0.07768739089544496,0.11827804607715657,0.1576864304732556,0.1131729383044055,0.04901710816596023
0.06013084491174792,0.3907835374793605,0.06353960991913575,0.0873734718611399,0.08752111253992519,0.03664570033868609,0.09510167235193219,0.06318304122410807,0.11572100937396428
0.11056429856359364,0.08151013600515489,0.18156348282266044,0.11764336275559727,0.11328940802897258,0.0516337446060097,0.042964240091115304,0.10116787495145763,0.19966345217543857
0.11055464338707939,0.021501816074363914,0.13358878719914868,0.11691513979036317,0.10507779849525385,0.21788361336926884,0.07213138486919156,0.10171901854225086,0.12062779827307975
0.07457648245251065,0.16266313845778704,0.10180414826767721,0.11460749483635901,0.08750376024821253,0.06130912116153361,0.06720839983202964,0.07319422836981389,0.2571332263740764
0.14322187057701766,0.031028582444746055,0.13854169955707393,0.16650030025075802,0.0996849889746202,0.06470599766487743,0.07871615258714437,0.11491768071993898,0.1626827272238233
0.15248259928162797,0.0689764315401728,0.09272151029659088,0.10358393701055818,0.1174912126189655,0.21004968939956167,0.06093396675125273,0.11598067355914247,0.07777997954212772
0.18365034589048265,0.03107714703989008,0.12327337416753882,0.06642362051232302,0.1224496056057534,0.173446625323178,0.08428258307249703,0.11810737251108415,0.09728932587725297
0.10327875437891482,0.024379491795763902,0.0878397151493339,0.23133009907416402,0.08086173434009726,0.19519528541875517,0.14706939370744507,0.07616392769472208,0.05388159844080387
0.10933495340894478,0.025282244385840442,0.0971155892506352,0.13727773070152718,0.08920390525795714,0.23119147641137297,0.0827507972438825,0.09636566522940127,0.13147763811043853
0.08945982800801904,0.12137999047967181,0.1343143121531755,0.11333596211698727,0.13585958176030358,0.052633700719637556,0.11726704786268467,0.10251952732458648,0.13323004957493406
0.10544329341510762,0.3913711539367371,0.09808139511895775,0.050757751624522306,0.07713413958115774,0.02282440768665424,0.0307718171749666,0.07863189318192881,0.1449841482799678
0.2643910771168811,0.03909696014014828,0.14279833860117996,0.05902078635454319,0.08331510959525941,0.09668861394934054,0.07908153590246819,0.13480168956183694,0.10080588877834228
0.1399656601138691,0.1281393372985974,0.09643840940408564,0.17552762515065415,0.12092862499811456,0.0639896670028925,0.08645397829070794,0.08491496718818654,0.1036417305528922
0.159810694078429,0.03489681968464294,0.11267785857960748,0.08286652626907275,0.1295849262802844,0.17762257573046278,0.08336541671425575,0.10497573512431842,0.11419944753892641
0.09566918610507331,0.08915264908609428,0.1078840100748522,0.08524758937134307,0.08771678327375564,0.18430068092364504,0.08148463007117848,0.11117468660137213,0.15736978449268582
0.09067550161687576,0.13433469370087966,0.0712455803895685,0.11163488318357001,0.0849087867639481,0.20571998196533736,0.13571910155338116,0.08617682399931821,0.07958464682712126
0.13756077084721988,0.09985765378486601,0.07802832670612043,0.10839905106626718,0.13944762481886475,0.1043266959583604,0.15065435429372753,0.10382951566362707,0.07789600686094679
0.11519393705212577,0.0498459821690527,0.16931131961899834,0.08494545791151575,0.07122599956982856,0.17870097490337936,0.09296552576308881,0.10980285960436191,0.1280079434076488
0.15250289513641596,0.015522962231804877,0.14469041511178862,0.1181917309948302,0.1399264326298456,0.04245434483057697,0.11742544231092071,0.10610776814476154,0.1631780086090555
0.11903423374985357,0.05208739332750845,0.11079994677846772,0.13120375124385245,0.13257921374033024,0.11260254325643872,0.11791899742910938,0.08931641495414372,0.1344575055202957
0.12191727533673223,0.09177531431628161,0.15914373689029673,0.06336417076340002,0.06486547866648663,0.14288720820700304,0.1160409691327517,0.10432816854406239,0.13567767814298567
0.16060433710229305,0.05921883369607472,0.08127684201034081,0.041365859548629674,0.061821283861844246,0.3564504978080376,0.07002570734291859,0.10409349023104036,0.06514314839882092
0.09281687662216398,0.29124633592271226,0.0955571237794483,0.0739112433196043,0.05223996865869266,0.053018357005033316,0.03500389433131391,0.07297024404376716,0.23323595631726404
0.1553970915499495,0.07441293367662424,0.09947042325750428,0.08437435478731574,0.12970719924611582,0.15341387752134192,0.04439171144791303,0.13103602896280936,0.12779637955042614
0.1695028599955677,0.015051544533387355,0.1263807149508459,0.1071115207556896,0.09103409019548082,0.06708135838259782,0.0847694389416837,0.17413317053724728,0.16493530170749984
0.12497930800629037,0.03285680696230948,0.23148913671519764,0.08480819481511681,0.09683672808509453,0.06396161705022056,0.08985174597653041,0.09242630668263158,0.18279015570660864
0.21258039261023445,0.1230319602355543,0.08576415310054882,0.13778364788454875,0.1340646160996546,0.04247395800303261,0.04072246864469612,0.13879604588898578,0.08478275753274463
0.12419737080383546,0.12796032555206432,0.12155533560674266,0.1589066205287429,0.11807631183243344,0.12323374273493122,0.046716390567722005,0.10843113462229342,0.07092276775123449
0.2031712084410867,0.03233164549746454,0.21297279315797465,0.09016713345181009,0.10785482553623316,0.0596655967879292,0.06887221057100683,0.12113363371848172,0.10383095283801315
0.10627206374959608,0.03181747544993863,0.14771150895075572,0.09594020912749511,0.0772602517376172,0.21473279614305418,0.09486535308399692,0.09019898264437838,0.14120135911316783
0.12422014415814042,0.02556433301040839,0.11228401194626463,0.07430453937495479,0.1163070775576988,0.11186409486989775,0.17350307571590629,0.08678773623172857,0.17516498713500037
0.16595326630081605,0.036590851279984266,0.12335208266581421,0.18867073101276918,0.06943634877658826,0.04280763242044846,0.12740861526879335,0.09423648265605217,0.15154398961873403
0.12103019376507103,0.024177380721048747,0.10983937214322509,0.08872783019314386,0.11029073446880393,0.10814851504930621,0.18234780496694283,0.09355707855688931,0.16188109013556895
0.1783630682865295,0.02468289801220071,0.1601817239214241,0.18115275312765775,0.1335921910850356,0.04338419408559674,0.0682068600603644,0.1375936849479924,0.07284262647319888
0.08967679911943845,0.12689205020901512,0.09111456724076679,0.07108235880886866,0.11733478768970214,0.22720612079689992,0.06787712897814163,0.12251296278006611,0.08630322437710126
0.09897351891093072,0.09657924986495818,0.07377422316690939,0.1828598864622988,0.12952583495451697,0.06459726297857622,0.09828917100657497,0.09187619564569642,0.1635246570095383
0.0892333531045993,0.03999640299093412,0.11027431262651409,0.2078810778623151,0.1062472302379982,0.06818388037912823,0.11523825966099333,0.11906398495891497,0.1438814981786026
0.11001610514266523,0.34999586943245825,0.11512931396124078,0.0793825836396559,0.051129172594312634,0.1151360707550395,0.04873032574826506,0.07341408690317298,0.057066471823189774
0.1480988229759048,0.21120183337139772,0.1121831958792943,0.08539785759342526,0.11909675781544175,0.08024162259393061,0.09488111232504814,0.09992305476282348,0.048975742682734
0.11596225575041645,0.10109635482008288,0.06325908185851277,0.14011533748122773,0.11269145389631376,0.1938802013344696,0.08655697707420118,0.12297292014318517,0.0634654176415904
0.11848786623326985,0.12297638379232906,0.14314441553249913,0.10254636079144101,0.0599097423104486,0.08811477768088653,0.13407851051308603,0.10093082695682955,0.12981111618921023
0.14687287605166455,0.05884574603112027,0.19785952715622254,0.1383982993219787,0.10416176385185909,0.060917177869542184,0.07865471838099103,0.08544572185110759,0.128844169485514
0.1675497299584808,0.09031999370316642,0.0767040712875342,0.14940631249199945,0.09726965048564334,0.06416107500299649,0.06501651336795261,0.12745804410900627,0.16211460959322044
0.09904569512187589,0.008764594999389618,0.14545297334632637,0.1274132140631499,0.08616798864881531,0.2756188735046557,0.07539407345695087,0.09167730482593935,0.0904652820328969
0.09558483547037278,0.09518344898393093,0.12134159485429889,0.21473090696420702,0.09554481906458147,0.04878800465639923,0.12099071192648096,0.10250099050442434,0.10533468757530444
0.17684797136399846,0.1467809476266925,0.0972687591012192,0.1061361523757327,0.1480244264517848,0.04189314916774387,0.062353244904465345,0.11572912084087823,0.1049662281674848
0.10579860109451311,0.016744454838255627,0.12616042581926024,0.19601863578075854,0.08986639003665882,0.09916612188049691,0.1528638344396469,0.1062885039350417,0.10709303217536814
0.14287261824521966,0.1405793037259455,0.1793017143315879,0.08467594037496173,0.09079326574749885,0.06708721489337566,0.07830095530842808,0.08845291294374587,0.12793607442923677
0.19685187137009028,0.03827962711653499,0.12666834520838713,0.12134278188272134,0.1140119089040131,0.11975761958320041,0.10942906604829312,0.1324058970027654,0.04125288288399417
0.1889465372328546,0.10987255154046609,0.11993511950651038,0.13503510609059657,0.09714999693501153,0.10901727192852,0.051617831658656556,0.1225519323090361,0.06587365279834816
0.09024408848626071,0.18481763570244766,0.09279726223081801,0.14918404848547517,0.08090680587006067,0.090390757494834,0.04506852876479105,0.11498605801254429,0.15160481495276848
0.1158065458699478,0.038864692125834495,0.14336523972380358,0.06105484125789984,0.10700560513079284,0.15045432454866528,0.1380018618719232,0.10910763179103143,0.13633925768010155
0.07830381702905309,0.1987368437881305,0.07049170575457851,0.11300148022511503,0.07762081848564857,0.11901084070779723,0.16118763189159732,0.08715758986331346,0.09448927225476615
0.1439471946041401,0.04251155016964105,0.05616136943259812,0.17222545528250652,0.10031498159246995,0.07256935603005234,0.17436978455229316,0.13030330799144121,0.10759700034485753
0.12396314876789738,0.12235559742168083,0.15925603736353386,0.06953834226726223,0.10174927527475287,0.07765340946339518,0.11816052660511411,0.09896303006478828,0.12836063277157536
0.11899175029488636,0.0697432077980975,0.11159217671519624,0.08569621701497837,0.11670030089795198,0.22384465627921443,0.043291612198808206,0.13177550610253463,0.09836457269833226
0.1414301158767828,0.08926687184575766,0.11207579296392456,0.13466630979075164,0.07475238259065096,0.09087312992827219,0.060199976294998035,0.09019615324115815,0.206539267467704
0.15520829278869783,0.05745615803789609,0.10421587468288289,0.10502880283034378,0.11436073328868956,0.040027910796135054,0.06630304021194265,0.10468869920616101,0.25271048815725106
0.18254784585151215,0.006484853805194036,0.143288559397329,0.06653556618139496,0.076463271044791,0.10733846387087718,0.15092091357895449,0.12300870338101606,0.1434118228889311
0.06615336364571302,0.0895389625572275,0.09807903903548883,0.18982647491037244,0.10461676158225504,0.04423137737831869,0.07512847138134773,0.09495891245010585,0.23746663705917084
0.08402941475230104,0.11193176694018192,0.08668876790712317,0.09368639259517964,0.05394260065731085,0.09567438144303565,0.1264249486075866,0.06741512881274579,0.28020659828453537
0.1032995459603826,0.10218830778835641,0.09577763188017162,0.2132525397212193,0.10193151011539908,0.09411834730979791,0.05960938083415132,0.10431663017379546,0.12550610621672623
0.07736035779071225,0.23801081805721372,0.10492791673960748,0.10095275406579811,0.1647269615979529,0.10360073500237031,0.05528395937154573,0.1017074272953236,0.05342907007947586
0.14314336859465004,0.1996985355904941,0.14459245089071074,0.10252564774542301,0.08538199636988113,0.04490984803097398,0.05487731262564046,0.10616585943704508,0.11870498071518144
0.12711322377193063,0.057422238445836486,0.14858762481901736,0.09891982608442196,0.08176961188047975,0.1806972844267899,0.10874105264011469,0.09222555232157947,0.10452358560982966
0.09794297364424487,0.07901292454401271,0.09087865539615377,0.16815044676008206,0.09633130599182997,0.09399549147137731,0.12758256620488576,0.08991140078682669,0.15619423520058695
0.09970046490936113,0.04603729132783241,0.07216484404703108,0.07398380259857364,0.09611206976198901,0.0833156182601601,0.1108883314602967,0.07797362994327754,0.33982394769147845
0.08282532749789255,0.01471557553036322,0.12253130556207292,0.07586421830466968,0.11459859495330661,0.24035104005972563,0.10674873765400622,0.09435013757907389,0.14801506285888918
0.11071697047129066,0.043672009483981034,0.12395853608423289,0.11735282757830272,0.0816962244032432,0.2546987931099109,0.10721911076893532,0.08811172989077869,0.07257379820932454
0.09468614153487435,0.1692275092058481,0.11566409099953663,0.07954178801919336,0.15002907659060083,0.07386590730597523,0.12223262511333487,0.0865592480170131,0.10819361321362363
0.07051663123207424,0.32979014269380064,0.11480347185194689,0.09349191351919933,0.07129874112721017,0.13296916789535562,0.059178230638678164,0.0671674247739495,0.060784276267785355
0.10041702595894685,0.05170764222424399,0.1102009150693431,0.12204271629903674,0.07437019266576893,0.16041957568991752,0.13978588978466808,0.094402542397648,0.14665349991042678
0.12312700647919418,0.12384396640776023,0.06775531563805623,0.21277846250439106,0.11264621563504339,0.05585322750103006,0.0478246206233681,0.14651315870734816,0.10965802650380858
0.09286029582455747,0.20989228766163248,0.07204664587732772,0.1435531385134106,0.1763847052826483,0.07627111023389434,0.07300020975519626,0.09946590949594171,0.056525697355391036
0.10995636349688342,0.10140142294545045,0.09140989958326852,0.08937235786521269,0.13957560637624836,0.2266322215247386,0.05521785554184636,0.10874029377397983,0.07769397889237172
0.25741957485945977,0.010660623225624452,0.14156904346160284,0.0848862303365363,0.0798164499714814,0.16590586354955375,0.09300555884251067,0.10965710267621863,0.05707955307701218
0.140900568196923,0.14117317450849107,0.08054496218978284,0.12609208720514112,0.09290013623721764,0.08896483627015472,0.05936254592274335,0.08720809741130796,0.18285359205823826
0.10101080444713444,0.04230317516778915,0.1544739629704357,0.1320470558333053,0.14460143503724363,0.1336225757980993,0.0698526624053411,0.13082750182352132,0.09126082651713006
0.09589500013199011,0.012457601009662976,0.10599871052059708,0.12080359013749624,0.09703270700342555,0.17915604084747216,0.20460821972674856,0.07758907030514305,0.10645906031746433
0.11582204648180267,0.04885731621666014,0.11887746917767622,0.076339745717098,0.10323496993827007,0.19460518934602086,0.12613352925582713,0.12106589778759246,0.09506383607905249
0.11192043388434036,0.16653267865575994,0.17047279061655318,0.06873635064748378,0.10203839248352735,0.08321670388412357,0.08783231411914522,0.10321419605620617,0.10603613965286045
0.10408756148724568,0.2055839685641092,0.10074394495705406,0.09721536503261086,0.13163210865953703,0.06529939603413944,0.06920983538310439,0.1115901926101545,0.11463762727204475
0.15997370992911458,0.027044412701588402,0.14121439250023252,0.1198987542918617,0.09418225645415963,0.039259342769996756,0.09461469991132827,0.10235248457615019,0.22145994686556789
0.13218491615432534,0.054037970136182834,0.13809994245636883,0.09586542036898343,0.0894574930551183,0.13154341964340002,0.10657356541528569,0.10597878748281793,0.1462584852875177
0.1530673842577516,0.01725630751903272,0.18024672013067491,0.09081156724921423,0.09065812553500752,0.14144122411618767,0.12269558033646862,0.09480648043769187,0.10901661041797082
0.1360836380142225,0.028006948386158127,0.11325454333497652,0.07385880623789583,0.08520161091692006,0.057919894510946236,0.10803805063605702,0.09714445332359593,0.3004920546392278
0.12611082920475827,0.09877553902591968,0.11031252021170564,0.07937981647388585,0.12113748575600791,0.23364893180939572,0.06553991701767171,0.10551740062241992,0.05957755987823521
0.18699198541578854,0.05552515811950404,0.12991309312077026,0.06894748808266528,0.107041485691505,0.11962464729363348,0.05996658406335609,0.1217346508543426,0.1502549073584347
0.1672655338573624,0.013999837306811294,0.10478446005451066,0.0969525661591905,0.08271958806363668,0.0802331722067773,0.14070548726821552,0.10212054075334266,0.211218814330153
0.10107654065606626,0.10887837860603981,0.16257341692841298,0.15004900497494936,0.0830647399384518,0.14354649553603796,0.10964345245693753,0.0823243700648234,0.058843600838280996
0.20967247307772155,0.14120282943874304,0.09223392070169811,0.09354308967793662,0.04599153613793771,0.09399555577115697,0.1061897786719751,0.0828830679493413,0.1342877485734896
0.0784039914154294,0.27250674171178785,0.06101885406362095,0.07825734739737829,0.08468383922940592,0.05715461083883965,0.10488922478065262,0.07379207651124482,0.1892933140516404
0.1895178824127435,0.03764974863109651,0.11262808237914562,0.11591185309320833,0.09762112473188557,0.051339333366871694,0.08291825859374839,0.17507902138057252,0.1373346954107279
0.12966230620170874,0.12633375720110335,0.16787890673386577,0.06571726143228564,0.11086884181664547,0.10875228843352887,0.06868262666840388,0.12836387980242633,0.09374013171003193
0.10179433713822339,0.06753379558947809,0.1567627558268542,0.11357936790106231,0.11898169589668356,0.07299947238058467,0.049807147585259365,0.1469353830474582,0.1716060446343962
0.1554678503579258,0.1822516727136038,0.11730293145812638,0.07443669953725655,0.11854566048440927,0.10612650216781817,0.05786607367729624,0.09689674332595354,0.09110586627761019
0.09611010388525966,0.17301189008159443,0.15302543201557162,0.15315178789132003,0.06291425093732443,0.03340304003378147,0.1784273659457648,0.08624445045739758,0.06371167875198591
0.08179337274339855,0.31808838223305896,0.07946388986616221,0.09654265742423723,0.10579074629631458,0.024309738255459606,0.09309052147156384,0.12538096101972415,0.07553973069008081
0.1628495091239114,0.013674548745993784,0.24826269904035292,0.07913292959660966,0.06354419866194859,0.07267175927483091,0.09465910032756127,0.15865204127388285,0.10655321395490856
0.04707490665327895,0.16727249240006606,0.12447071068638361,0.20794034985964052,0.10036485870777219,0.08531934329904985,0.09958929582919857,0.06645098051716511,0.10151706204744515
0.16662390404338265,0.08157510637333572,0.14179666716268804,0.14613575102600704,0.09993791970764576,0.06642805022228525,0.0464699705091953,0.11263358936797312,0.13839904158748714
0.11317569723119858,0.03865054678189767,0.07043913538610336,0.12615913609937202,0.05997854848684268,0.09915214238282871,0.17131289959650664,0.10542403590580855,0.21570785812944168
0.13234171803148273,0.062418811896552566,0.08918930573772743,0.14245897457608983,0.07572660073455993,0.14976498747207465,0.08970657091552942,0.10941908069921592,0.1489739499367675
0.10677003944461999,0.1660124541262337,0.10802922330483254,0.09025306915312285,0.10178056949436472,0.20267087797841654,0.059414169129758665,0.08422847742348483,0.08084111994516611
0.09511315417613568,0.042036266959558595,0.17734719400148827,0.06335595250164787,0.06742837255180727,0.2512736784259992,0.11011368838708614,0.0777915992662468,0.1155400937300302
0.0680949775608115,0.1950897515005903,0.06427508837988162,0.08483137633826421,0.12919329328115772,0.2506866878775455,0.05622288882704401,0.07869951069863503,0.0729064255360702
0.0818250252954461,0.07979013652014212,0.12010822718791352,0.05957922470896156,0.06587851786481173,0.31045933571912293,0.06808298965089431,0.06964551131952727,0.1446310317331804
0.11885108822631461,0.06155488080101056,0.21724157044373738,0.12530185804025046,0.12363822367833022,0.048773764376232896,0.09231291326069274,0.09514360232050983,0.11718209885292129
0.2151908284793864,0.004839651955008697,0.20067096508260365,0.05478500255972526,0.092287665227402,0.1380440964310481,0.12025312970937647,0.10136948999909345,0.07255917055635601
0.10504693397112792,0.1268103805979599,0.18369667864074848,0.06440471155475029,0.15451946715627538,0.03877586602992478,0.06604565770053054,0.1362798044390253,0.12442049990965744
0.08199992412343309,0.12743023456024308,0.08233065310898642,0.11408193247219299,0.1597506171622929,0.1563946539097862,0.09286733904739293,0.08558515518329879,0.09955949043237367
0.07095964174756901,0.11678802342545437,0.10033647718574107,0.0759526107608518,0.10172837164889605,0.12649102797975417,0.1551202083576307,0.08541615573884603,0.1672074831552568
0.1363514828781026,0.13081496794030043,0.1069509597819877,0.12936847300869925,0.11241795986505204,0.06388306420386526,0.09158314419534852,0.08803591140087842,0.14059403672576576
0.13118547995970342,0.2502435360921526,0.04840099929878799,0.05849732810694558,0.12082581580479262,0.10773803340154532,0.1316736811418137,0.07912436348883893,0.07231076270541976
0.14295769926102764,0.10266089572164777,0.07396032449695758,0.10801498739893749,0.14585377218390796,0.16477618043700137,0.06424235022285986,0.11525928019643095,0.08227451008122937
0.06356828819427214,0.24679730811060166,0.11025378636696437,0.09370814007092125,0.07870422342663284,0.08793150993215637,0.05123102321142429,0.08362143810136709,0.18418428258565997
0.1599741540552762,0.014504483081267575,0.16811972161742753,0.12784605255057008,0.0935764394076259,0.08734515613614534,0.10427197198647649,0.12621864797245708,0.11814337319275377
0.08990792482681054,0.09564868514914338,0.10190389377137611,0.09195969169889477,0.08466189552217279,0.06660944220770655,0.1770013193382108,0.13139109416666953,0.16091605331901548
0.10962902034749045,0.11410490794588131,0.16897049316176127,0.0869547090600394,0.09041684909958693,0.11412448617380577,0.14832826527763446,0.09821811576024288,0.06925315317355751
0.1002772737412021,0.026354817967312844,0.10881861730198784,0.09438601776477078,0.12720404512908806,0.08405756039472238,0.15549295566466814,0.08557912867987683,0.21782958335637104
0.10423309087518413,0.023106633131569302,0.1270909980431701,0.08121108386885932,0.06956199122319094,0.18314835983649727,0.16249658350566132,0.07914095231355547,0.17001030720231214
0.19161819127857083,0.06010551588329449,0.08361681879735551,0.08884541098428406,0.07853063976889484,0.18378015537999573,0.08546332577237088,0.11379544149300828,0.11424450064222537
0.2199685139191289,0.04208706076553851,0.11394317921146342,0.10394523542364782,0.09584358764273632,0.1079137624674742,0.09922176311574388,0.1227897975197818,0.09428709993448507
0.11982438246265244,0.16734043377895538,0.05175673865195362,0.0886739840560692,0.13281482341427442,0.09873249219864189,0.14729672725940232,0.0823764927884409,0.11118392538960982
0.1289816352459683,0.02418104489283046,0.19058115141584406,0.111116444122437,0.09137864755278648,0.06740662553640879,0.10512165216917967,0.09517809583729507,0.18605470322725023
0.1446673989725194,0.06368126846110526,0.12396454112154211,0.09214630145890142,0.12541200414913428,0.11331173385966588,0.11002467984522825,0.10370195453390836,0.123090117597995
0.11620922463165138,0.10951486542398059,0.1990128230245413,0.09144531866211958,0.09422479678700724,0.03934719674913114,0.11062912423779003,0.09456977447977832,0.14504687600400037
0.1535596198660777,0.13310924217381293,0.11577142877765229,0.09997732588645693,0.1365292454535156,0.06525191008150973,0.08282364199832169,0.1101932444553007,0.10278434130735248
0.10267419386862438,0.04010036432458756,0.16712542983186118,0.10554785453817182,0.0839536685747685,0.0961249487948963,0.21883823377902448,0.093372212271983,0.09226309401608275
0.11539988973339783,0.12071493404531469,0.09517030736216131,0.09703096899487057,0.07726944755089643,0.09004788304977997,0.18458172482367963,0.08834870050539127,0.13143614393450834
0.11724006916326683,0.06510442826062947,0.1320847289915246,0.0760791976777446,0.12345392687433064,0.1894267343460364,0.11072051635912838,0.0873734224725163,0.09851697585482282
0.10411605377416618,0.06686184031317527,0.11535728848801502,0.16645666505495774,0.07728507183884926,0.05419928797514556,0.10346384090028578,0.081849010623281,0.23041094103212423
0.11555443979993178,0.051163201759429115,0.09504325173617016,0.12744091833920346,0.13752665928669613,0.1937921248731512,0.08608162068983886,0.10110934185422528,0.09228844166135403
0.20091375718494886,0.01697008130057211,0.09621479102296353,0.08058654714407289,0.10541496982574068,0.08295544190742637,0.1668834699184233,0.14609896685516857,0.10396197484068365
0.13770914242784493,0.1321954722933003,0.13720666267833384,0.09041904985507306,0.10200086616917448,0.0642870181305734,0.10200107175960904,0.08111565108985158,0.15306506559623925
0.2128156942216326,0.027242625428837736,0.1857971387698384,0.10659090585685908,0.06378615785505273,0.1266517743362314,0.07990953257882087,0.09425597034946415,0.102950200603263
0.13693822211535336,0.02247990850850283,0.11540961870545224,0.08937884777171089,0.17574305155832978,0.15837970455672445,0.07823069230436658,0.11474219085546083,0.10869776362409905
0.1599741540552762,0.014504483081267575,0.16811972161742753,0.12784605255057008,0.0935764394076259,0.08734515613614534,0.10427197198647649,0.12621864797245708,0.11814337319275377
0.1638640443701392,0.15097553007378503,0.1046481637080273,0.11621361381171262,0.08710846233631582,0.06059959751193309,0.13700899803371505,0.1035510319542301,0.07603055820014175
0.09410146510013855,0.15638579947312775,0.08919819513142602,0.12206244327978015,0.05948089488346018,0.19751827001382813,0.08681627325555512,0.09815599769433396,0.09628066116835012
0.08952504909891652,0.08946943340017789,0.09877349530312951,0.09034189976243373,0.07104289127050337,0.05120753782858858,0.10635635042851303,0.11907942618471697,0.2842039167230205
0.11610096389345904,0.0870787061802043,0.15036190049542522,0.17671288699000728,0.07903663539970042,0.04697023412970238,0.0650900216886966,0.09095378600617539,0.18769486521662945
0.1672655338573624,0.013999837306811294,0.10478446005451066,0.0969525661591905,0.08271958806363668,0.0802331722067773,0.14070548726821552,0.10212054075334266,0.211218814330153
0.1725302598818822,0.01289063360616755,0.22222506839250192,0.08453021730568937,0.06736210840606237,0.05678230181693539,0.11620593145455359,0.1057538179924047,0.16171966114380296
0.13716332066671985,0.008879829829488034,0.15555281798578205,0.1371150495998372,0.08632045179646386,0.13802731003885582,0.11868319875834543,0.08474656688208719,0.13351145444242055
0.10683148609178272,0.01518804913240144,0.12326350540572968,0.1238895991314411,0.08140215485782833,0.26346385099686764,0.12826107960153663,0.08114086147133835,0.07655941331107413
0.10907298984616925,0.09160709667016209,0.152208447681315,0.1341450369191973,0.09553441009779451,0.0905875108384297,0.10639982410694855,0.10378228691890502,0.1166623969210786
0.21274277687561263,0.03728427207137374,0.19812012999458706,0.048189823254184604,0.08313100227165925,0.07785326100804495,0.162939683813281,0.09275601867742085,0.08698303203383605
0.21284408637479016,0.05872846620092145,0.10776952626914317,0.09303371129678044,0.07501555773488203,0.1804743918088159,0.0664487259669008,0.12810696950520664,0.07757856484255933
0.08673787608876347,0.11886575809023671,0.15627795323970653,0.10138357178163511,0.05653755255051838,0.05585379746882193,0.17539503034422713,0.08233194880817118,0.16661651162791954
0.20434191192988646,0.09077996329318189,0.05179948004821896,0.08680878785037337,0.13173212238631357,0.1925137118706767,0.038990957562495064,0.1654892820009475,0.03754378305790649
0.06216484552507873,0.013572947589058153,0.09924248086494192,0.2755580164301925,0.16491314770348645,0.07264135271324339,0.10969921711067991,0.11977858940287815,0.08242940266044073
0.1614147357151384,0.04711885005762348,0.16995005832187757,0.06789721632090906,0.06190574389575149,0.18225926220313418,0.11951123360740575,0.09993302060264618,0.09000987927551385
0.12392497954418968,0.14333543706230537,0.10242809102073995,0.11614364102571934,0.09947625608899369,0.14303946950662358,0.05891366699084705,0.12634641401554142,0.08639204474503992
0.17721878041143566,0.019840803153256266,0.11968309233274377,0.0800439254883814,0.08112401633732101,0.27119330059876007,0.07679089401904811,0.10924349947956931,0.06486168817948444
0.07992973787848387,0.07501113322031708,0.11792411748721754,0.22883580339876727,0.0886229254959338,0.09596335445941329,0.11979465308485533,0.08565655916308805,0.10826171581192366
0.09745573287372859,0.08475466569254646,0.10245691301510501,0.09699281623691232,0.11784639415125663,0.1478503526012582,0.09370502484934236,0.10374596619926384,0.15519213438058665
0.134956450260811,0.05167561166149032,0.16693186374900051,0.07058724771282535,0.09969183175508539,0.06981046891587872,0.10131295632696487,0.12028120822373091,0.1847523613942129
0.10433274969360508,0.1875885676270355,0.11661419442613018,0.14599097120639853,0.07501876947499908,0.07894769188609436,0.06948169195808708,0.08299243387884618,0.13903292984880403
0.15498998079648427,0.04784651569974888,0.10524103718428225,0.05543101494503258,0.0853268053473597,0.10410065489267599,0.1709506177845749,0.10311716489226115,0.1729962084575802
0.13886068466320092,0.025181517139379803,0.15760956514460336,0.0821456604848703,0.08297561027738047,0.1166625221718544,0.08618863582449467,0.112596540829978,0.19777926346423802
0.15285261904032618,0.08487118429215314,0.1159105910227159,0.18801133174004803,0.08379898955779419,0.07617951438005688,0.07934355969895901,0.11947794463804534,0.09955426562990133
0.1291858038693681,0.14377941159897897,0.22804894054980554,0.12150926739234669,0.07343866510433561,0.022761905516345365,0.1480415664921657,0.07402976409255664,0.05920467538409732
0.11406905614025298,0.21653887105261105,0.10320006180057888,0.09087361108381431,0.10606787875124564,0.09160870375111757,0.03418075368399705,0.07551118950624232,0.1679498742301403
0.08669645167694205,0.11559536979453057,0.08687552116693599,0.16024110100317154,0.11518750781553296,0.20646495218591301,0.039967943402823426,0.11527541339720233,0.07369573955694803
0.25020499551002384,0.011969700489710376,0.08374461690027102,0.13065102033758383,0.06275531461632189,0.20884586953798015,0.10041253479541175,0.09357660637573606,0.05783934143696107
0.10117150587488348,0.031061669463850573,0.15615646004864336,0.11074640073844177,0.08580344900404059,0.08252695333879025,0.18875724145544037,0.09591094238154911,0.14786537769436045
0.16000763941087995,0.017899429643347956,0.17843442706550663,0.06843522292258196,0.10506311990629108,0.0598049209006658,0.0715553429056912,0.12458237545886702,0.21421752178616837
0.1720023517058713,0.03640741961665866,0.1584414177206531,0.07348503055483298,0.08572594312325577,0.0827931389823361,0.1597279269926479,0.1392971173243932,0.092119653979351
0.13769646428993232,0.037899238953435554,0.12477128338160699,0.08807092382023328,0.0613235965703628,0.12044786930207518,0.12886454249929993,0.10093217327524762,0.19999390790780636
0.2300583674045995,0.007465489162586227,0.10001760837557526,0.06670634806247894,0.1474010946519214,0.05458065118806177,0.11128005346268723,0.1543459624685482,0.1281444252235414
0.12041475001910934,0.1768884577104476,0.11802994780021654,0.05869687766337279,0.07542424948153097,0.08927490978133006,0.0646096765004872,0.07986968187708442,0.21679144916642112
0.10500724623903562,0.10311236540670567,0.11120133133856125,0.1460969757565951,0.08702996245481072,0.17705689114806955,0.12506710785004901,0.0821165147123091,0.06331160509386408
0.09329206238266802,0.07150065603539772,0.23321044015700332,0.17536309461118937,0.09341787712143913,0.03845687707595363,0.09354087335414733,0.08430844573204778,0.11690967353015375
0.20880547492400478,0.02103276693146293,0.163502963107807,0.0626475729008651,0.12514502123596352,0.08864354231526034,0.11582674521349844,0.1310724036323841,0.08332350973875387
0.10354490638411266,0.09982852172330157,0.2059897767680586,0.09074508475356684,0.0917515221024834,0.10824637203128605,0.06813488778673402,0.11578214075791078,0.11597678769254616
0.10765256324739529,0.1917325338153318,0.10263828347386784,0.10593550044018551,0.10963749095674884,0.08799741915647218,0.07129179699438015,0.10544465981961819,0.11766975209600024
0.07001274624340253,0.1531185056262077,0.05536676752097444,0.06524005429644092,0.10150611849658925,0.36247323596612463,0.07479294586620111,0.06918337034981091,0.048306255634248486
0.14290940814780348,0.04162072153796156,0.08245806633004366,0.09453517929172277,0.08965048409355351,0.17164685606744715,0.12496406318136107,0.10634941355045646,0.14586580779965044
0.08490004220766645,0.2751962127236715,0.15745728012966265,0.1081189273147477,0.07073486795507844,0.054209740700050184,0.06978640304187927,0.0994904420703517,0.08010608385689218
0.08316588356295655,0.09419110201199983,0.11763891472011263,0.14467824806964635,0.05507182521112508,0.15815259507137472,0.09288135083169465,0.08176930300716047,0.1724507775139297
0.15786778160604276,0.11951739569468367,0.08851800901253494,0.07502124130098665,0.1416633431923492,0.07552651787770175,0.06300011049823935,0.11213896852309498,0.16674663229436673
0.06245629140625767,0.09979177052759515,0.10661106399515702,0.11515392885224636,0.069565549121616,0.2602666889605063,0.13231769480192793,0.08930078873980374,0.0645362235948899
0.08447093531322676,0.03218102653447638,0.18538719734543183,0.18857953096463956,0.061600298315871806,0.1660835277515775,0.09308475785876735,0.1035614840887477,0.08505124182726116
0.13342611744945287,0.10068801532872125,0.08955842126542822,0.13629781038995645,0.12006505731551632,0.1855102768745466,0.10547567388888097,0.09058149509924357,0.03839713238825369
0.14091907140132112,0.01697779006324868,0.06037035207473148,0.12018162575964386,0.08803243228954045,0.21929061521916357,0.11814036197609616,0.11083907205414693,0.12524867916210783
0.12767413133832142,0.22918976294360682,0.10695387167814807,0.08021414941670317,0.06916893467600421,0.08735472596984006,0.07994788967958825,0.09704927734156758,0.12244725695622033
0.10997228471635523,0.09370288902775754,0.11643189109217662,0.0886052353364871,0.1100766620726722,0.03711040709995134,0.07668395475886036,0.0935951753343256,0.27382150056141397
0.08824955560098953,0.22650915960877094,0.11091828549522616,0.13192303004883885,0.07230029002337497,0.08403263294263374,0.06360937854810812,0.09788468860244653,0.12457297912961106
0.14001606878285694,0.10358506676304331,0.1639052625994575,0.0742130180677648,0.14408931517959445,0.03973514269220509,0.042074400121300405,0.12479725162761023,0.1675844741661673
0.17645796590430796,0.024623464415637713,0.09435531851958819,0.07920853953732397,0.16332453413812373,0.07698630090880865,0.058460793452378666,0.21128857066028328,0.11529451246354788
0.17508944562904707,0.03165154714308654,0.1976314110683551,0.06076190794176575,0.1651375451458181,0.08056068268367549,0.06856562442258622,0.10834667644099201,0.11225515952467363
0.10882705862255891,0.2344600297375774,0.06675094275953047,0.17342220014009557,0.0855102623317029,0.042837537908776445,0.02880676125839229,0.08035501428885099,0.179030192952515
0.10188876646982259,0.006943856923881899,0.1634360093825347,0.14406073100848665,0.08791274106599102,0.13784641446911147,0.1571502007087258,0.1081450940406334,0.09261618593081251
0.1688928978012518,0.025830909919423845,0.1882403443820666,0.07229581027755093,0.1669408413684665,0.030922274674321005,0.076557120625408,0.1447504902153504,0.12556931073616096
0.08131018374998,0.06320522419061053,0.11411038258422838,0.15952088504765516,0.07408794735692709,0.24904321201029853,0.0807701645634123,0.07869408152693214,0.09925791896995591
0.09072038484794477,0.04046697587288969,0.1066834593469423,0.1428948423891916,0.11496608012833205,0.09778271847265119,0.0797123892869025,0.08582610531207968,0.2409470443430662
0.20148842676693526,0.025360319308653522,0.139837932031196,0.11348409820374654,0.10557495810759017,0.19929143945265662,0.04432819653821125,0.09785654304591528,0.07277808654509542
0.06013084491174792,0.3907835374793605,0.06353960991913575,0.0873734718611399,0.08752111253992519,0.03664570033868609,0.09510167235193219,0.06318304122410807,0.11572100937396428
0.12168685400867706,0.021222515049142632,0.16100123852207918,0.15202260863076045,0.1123170924980524,0.08776554597797252,0.12146883582842082,0.08294815460586086,0.13956715487903418
0.1538547858357071,0.041115535642725264,0.10381316801252749,0.08558560307693562,0.13417578339212466,0.16543313392213804,0.12199664181492104,0.11927512188916067,0.07475022641376006
0.07750772359013565,0.06875122823379361,0.10173198557503327,0.14892837979357995,0.06876695691442464,0.09336212275414657,0.14509787217152956,0.07471403706233606,0.22113969390502064
0.13072058465246458,0.014760995229958683,0.17073935658611575,0.07209478152254055,0.0811862666603854,0.06351171110149227,0.09820319651722166,0.1163129137740585,0.25247019395576253
0.1429438233737048,0.025270418076604833,0.17982372272518465,0.1156326349360096,0.19331436240618796,0.06468324050422153,0.06967681162837139,0.1115324082256643,0.09712257812405091
0.144808578828634,0.20927313412617102,0.12474540442467763,0.09335293108046742,0.0920341197289286,0.09270634563780554,0.06954012858116622,0.09566905051785017,0.07787030707429947
0.10619805420897734,0.09359373509513996,0.1569922696060949,0.076922373705879,0.17231162104773454,0.0943470872940854,0.0690287189403163,0.09531444390258158,0.13529169619919104
0.10330895380343062,0.04973613731969495,0.16044203149381434,0.1532973355839324,0.0931778161093057,0.0691956392028013,0.08333157382238719,0.15458237229385452,0.13292814037077894
0.13772724260963207,0.0067108457657687436,0.11662729376205143,0.11860894593864679,0.16143565264288265,0.11689518264193204,0.1244134189570902,0.11022929785674518,0.10735211982525089
0.08866510095965709,0.025667323894309025,0.13565111819411,0.19988206470911396,0.07934410549454891,0.08448871776569565,0.11352873802826935,0.10987420492148682,0.16289862603280927
0.16394097736126598,0.008432167430773683,0.12188368080979406,0.08673716364516526,0.22182764235413135,0.03857768453210794,0.0810183202213526,0.14894977715807625,0.1286325864873329
0.10780455239062542,0.14645369305503864,0.13210493908808316,0.1300297845759981,0.06023332554574453,0.06368772941528787,0.07869179632836093,0.08817246144591351,0.19282171815494786
0.15830170341456054,0.04229518667805599,0.10836832991415069,0.0756001928011542,0.07211681196931764,0.09252340120538462,0.11314104369583942,0.09778073129705799,0.23987259902447888
0.11419426194860144,0.11395332858172184,0.14725286567268617,0.13262229167783318,0.08733036377170052,0.11903235007338492,0.08991153352204619,0.08777085184338677,0.10793215290863896
0.24529360154279067,0.004652538697234666,0.16645111318171982,0.04916097203176232,0.06363998426730304,0.1764268199169996,0.08564679688196686,0.11656956690211522,0.09215860657810775
0.16338133642267597,0.025359252491620455,0.2051707405597041,0.10130351545110662,0.09047256636517938,0.04911092343266981,0.15781243007968995,0.11686066944406005,0.0905285657532936
