0.12423000366998192,0.14350477255818925,0.052237852593363394,0.12029511831740691,0.14200283216618087,0.07716374830804867,0.07198490906207287,0.16626479991012513,0.10231596341463105
0.09017944840412939,0.20102121000914575,0.10663987857975273,0.09528891789340445,0.0830958164972259,0.1730186677160226,0.09952278490203535,0.08999139855033778,0.061241877447946104
0.13029626287845228,0.1008093917198979,0.034686705571236015,0.11394317490427806,0.10139256757612362,0.1556482723149272,0.16603491709551166,0.08317758884604042,0.1140111190935329
0.11244077620423987,0.2670155763509721,0.11655341519116813,0.11014830740271009,0.07652623727719599,0.09107966570615376,0.05082147487073942,0.0993733454561922,0.07604120154062846
0.10248500198786942,0.10874202686613806,0.02790356400596486,0.1076121136201978,0.20010238025061486,0.10363247612495392,0.035520501025846106,0.10018353963131969,0.21381839648709525
0.09696737275706373,0.037773601028862416,0.04453242325318938,0.11999276537846672,0.10099253787704432,0.0953311276761931,0.21535713451021085,0.10368237922893762,0.18537065829003183
0.1171557997890607,0.18254383141776612,0.09359532319648468,0.1057211326778698,0.08203575586276696,0.12533676700525373,0.06517204595719221,0.07980928353184366,0.14863006056176217
0.06474024862000781,0.04281048889199265,0.3881665895941122,0.07167256333678897,0.049054866542370956,0.06258327819628974,0.20876608958392115,0.0707740202373948,0.04143185499712174
0.09667273818941369,0.08822667471238448,0.038046477750136004,0.11141515054892485,0.18848783696519325,0.13671932822781765,0.12655610311321056,0.13826462965218034,0.07561106084073917
0.12768245711625134,0.14241047084850794,0.0980263960635152,0.1194943439859919,0.07428422558928545,0.14012067065846487,0.02372339666442887,0.12898133567406994,0.14527670339948454
0.10860221892774306,0.02798838310700626,0.016759686755947984,0.11379982223330015,0.08217759606465536,0.19207031458807125,0.18087414577205607,0.09576632001227563,0.1819615125389443
0.1425468144830046,0.1663939635976289,0.05775200430078197,0.12248400661193799,0.09442963016793211,0.14002167513491007,0.03405079085361703,0.12199172745103763,0.12032938739914972
0.12619350737219676,0.10984729411183021,0.07107730639513567,0.12897478737596604,0.07010031566206786,0.22711615386454007,0.05059531837715057,0.1025217588626081,0.11357355797850471
0.12200576672076706,0.05906309317294831,0.0292382605147725,0.12745177558849277,0.09045957871972805,0.219079832312855,0.13014331623599631,0.14036659343277358,0.08219178330166635
0.10117450580134929,0.262381475559351,0.0770407970534925,0.11244906458319426,0.0875065157163541,0.13883499611276232,0.0795558719796078,0.08877459245944781,0.05228218073444101
0.09787560149366366,0.03736272310350069,0.040380129321912844,0.1030711477395602,0.1257566119850258,0.20383579948440153,0.18989415680666424,0.10367244411551972,0.0981513859497513
0.07266585030871438,0.07702858350285757,0.3737943930959726,0.08428338076910176,0.04832261000486543,0.07578416377651608,0.13658033013865103,0.08976441975999583,0.04177626864332531
0.12747333857548668,0.16982686106600853,0.09450858793451589,0.13011260675522232,0.09548441540488821,0.1374251564534379,0.04609610694461536,0.10554273881230813,0.09353018805351705
0.09652374519572234,0.15880871396871368,0.2905346664114889,0.09302444524193006,0.05493972541201444,0.08671362887202072,0.05644487211202759,0.10039393557813754,0.06261626720794465
0.1508727882864905,0.07445711228313666,0.0401718780644984,0.1432720516340176,0.10827574570749228,0.15527456018338737,0.07804313121158514,0.12195266217446478,0.12768007045492727
0.09499914671273861,0.04130187394478672,0.1775276595667908,0.10085002615784704,0.13909803691768788,0.07198500554454532,0.2177132764309254,0.08331362316254275,0.07321135156213553
0.08711506507764388,0.06298257369841731,0.2826482845991031,0.09111454805710884,0.0958072808270762,0.10260983095772859,0.15117717557693516,0.0737939783289457,0.05275126287704116
0.09786942161275365,0.042074256408525766,0.2500360505754551,0.10960288764992547,0.09859641368472989,0.14523898453091305,0.03579608765274929,0.1390823989160578,0.08170349896889006
0.10304589715507556,0.2274715674929885,0.03680392737620884,0.10295447818347098,0.07671250098195953,0.21309893289316875,0.06533902205723265,0.0916762984594447,0.08289737540045043
0.07994980171711563,0.05216751672269302,0.2909986830436389,0.08713934600973827,0.19446924787291806,0.05210023588388474,0.0654862901944755,0.10502015751034773,0.07266872104518816
0.08463337258004217,0.0958803855870491,0.2745152826259795,0.09375610441805944,0.08966227843006681,0.09233534409740184,0.11097919225435267,0.09373844923225243,0.064499590774796
0.08494245592964894,0.027790488194983937,0.2052368203808431,0.09644696127372675,0.06565636241903998,0.08132933278442996,0.2804681098754864,0.11017322177104442,0.04795624737079656
0.12511204591891348,0.10073226064572606,0.0774712939498781,0.11989999400317207,0.15663201735814256,0.11609675211685494,0.049079842287027754,0.11295052215506851,0.1420252715652166
0.13931988133071282,0.0927628772081563,0.06895055526484371,0.1287612390275795,0.17553120098676597,0.10277652557080941,0.04584517866951545,0.11954329908863733,0.1265092428529795
0.12152817341609536,0.132574724759108,0.060802361634083237,0.1082913230093021,0.05102658265616491,0.19303505469044083,0.03872860831323937,0.12689275261391253,0.16712041890765364
0.10973490772629897,0.02706267864136437,0.1429814897751771,0.11268250191136071,0.07712448065868795,0.12612473086760037,0.17991719839250261,0.11389564078206027,0.11047637124494757
0.09830391884213041,0.03835751125875735,0.05984474792767053,0.11150626768216032,0.1938354904141513,0.11031905138024002,0.17132422744478273,0.11230310050435056,0.10420568454575678
0.10186040892127492,0.05046907846662405,0.08923181199327261,0.11940666110125771,0.0944310770066523,0.10204696606399584,0.24198214602301923,0.11074883480652009,0.08982301561738322
0.1118652852687504,0.05945810443395284,0.23474567066560784,0.10864210111376367,0.11654955968712571,0.10960184660307054,0.050238530771937545,0.12240707896597598,0.0864918224898154
0.10882753504946346,0.10657087842979356,0.09410927356117416,0.10568575748640874,0.1897209807863051,0.12730559962366975,0.08771589198356065,0.08502702853916007,0.09503705454046452
0.11119789503947693,0.0780023468175457,0.016669102227066475,0.11099786122171285,0.15837806391606854,0.16396127171062,0.1699730744356445,0.10397322607576874,0.08684715855609605
0.14226827017386837,0.16434572779399167,0.06955657547663724,0.12443686253997364,0.09923350186562922,0.15767680325699027,0.06609632782827404,0.09320967977923404,0.08317625128540146
0.10360710657968768,0.04321860318093579,0.0795020456252636,0.11511669832781139,0.06756706036835891,0.08233547626854358,0.2922917850229348,0.09940678108859698,0.1169544435378672
0.17007174489116608,0.040828313934692495,0.051448413218744625,0.13009652432903177,0.10860563268457095,0.21328435832818649,0.023077244607019053,0.12012238256963821,0.14246538543695034
0.10155846606006798,0.025526523913951337,0.22790233761451997,0.10484217273999756,0.06846394128374178,0.10995525944382871,0.2077454797763687,0.0836305534473671,0.07037526572015697
0.11421442462084597,0.218858132319834,0.037320200836549945,0.12049902307380833,0.0746189048650336,0.09722847130545327,0.09520156691091586,0.13342256621778958,0.1086367098497694
0.09478375837591176,0.1083135247264747,0.06381780898628624,0.11366219692113465,0.18260239573746892,0.08995644741081561,0.0582362180705813,0.1350836462110059,0.15354400356032097
0.1034194482901925,0.09538356018378996,0.2214566132856152,0.10220768133111195,0.10676799916712935,0.17637710999498454,0.024104160280859432,0.11768449063591428,0.05259893683040279
0.10317088443030598,0.1427719576675294,0.10328274484091308,0.11207270030921739,0.07966910380202817,0.08136591283004324,0.17111663568848115,0.10690869733293591,0.09964136309854572
0.09817750014725247,0.047824334554927156,0.07238590385241685,0.11502928483058887,0.10060978970026534,0.0930452664711764,0.2687868799344624,0.13891664179481455,0.06522439871409601
0.1680885553873153,0.06864904132082238,0.02775127041704183,0.12021516304655323,0.17714373372169012,0.09018739629778509,0.10387281374238393,0.13028687319189466,0.11380515287451339
0.086803940076989,0.09092475147594166,0.16255403292300694,0.10473514521606771,0.07513374436546023,0.07887083847777948,0.2248478658012818,0.10373859402363698,0.07239108763983618
0.10470109172493079,0.06211621637396331,0.07405339914781693,0.11389369266400932,0.11471243764984913,0.192827534984667,0.11820678587757287,0.11972360927220853,0.0997652323049822
0.13026562076438883,0.08128672784851944,0.07278375875740067,0.12808871128459207,0.09147272571453448,0.13732855117724316,0.09544888708503609,0.1527308459116354,0.11059417145665
0.13112476047121283,0.04533635662000182,0.09252666022504129,0.13386099513277358,0.13089500688236122,0.0931318345183114,0.1564503881311924,0.1200328639825114,0.09664113403659406
0.10730190162186691,0.1901177502144549,0.058861663329556446,0.10788955484825342,0.10543547036231003,0.11947336215560979,0.14615752484085826,0.0807311141528357,0.08403165847425458
0.1067447705789808,0.025413742471427057,0.07547072719491695,0.10460563840408127,0.10798345431549927,0.13802774885508537,0.28300151860508654,0.08973496232274725,0.0690174372521755
0.09956204723129945,0.03508976447813212,0.10763284798159807,0.11104724335019511,0.10843815472723155,0.08356606629318704,0.23556508417906907,0.11721064515487305,0.10188814660441455
0.12319277624811785,0.10053040522683106,0.0930818837270971,0.13142313505098133,0.09819607870119736,0.1305421470660583,0.10017669797085871,0.13495650521755234,0.08790037079130597
0.08849820851762945,0.04679599707196419,0.37825638058522054,0.0941024828240501,0.08956790650638208,0.07492259031844707,0.05504231552404939,0.1098418218097373,0.06297229684251983
0.11106945931371626,0.24519123918037408,0.059378013736982725,0.1139921626017345,0.07450233563499684,0.12965199424060084,0.07472088546482807,0.12483899346438186,0.06665491636238488
0.09634128076924599,0.0992800809042192,0.26644343317661856,0.09834384303441161,0.06840542737380477,0.06693273389330694,0.1309588800934142,0.0909841554624838,0.08231016529249484
0.10967782360099343,0.0556919905692028,0.05453735917686126,0.12522723632388214,0.13279901080139786,0.15272681336358987,0.19735884442839516,0.10512942154981186,0.06685150018586554
0.11639856483150841,0.14915003536184823,0.14037664854843543,0.11490872382784321,0.08210146094654203,0.17495521074861728,0.04874527844219894,0.10059026155825616,0.07277381573475038
0.10349072445204449,0.07100505268502523,0.1024109801293328,0.12319486823798713,0.15184857361632412,0.12926227531462764,0.08147062206438753,0.1274113504026313,0.10990555309763983
0.15127104688171555,0.09545129595715883,0.02445513982210183,0.12500941056353762,0.16957727710748735,0.11294807924006778,0.030046549376391344,0.10007506060538264,0.19116614044615718
0.06412190133425145,0.11741065046008659,0.36792083719188423,0.0776382447422848,0.07585393429990032,0.05679835475133907,0.1295451340120306,0.0734717236118667,0.03723921959635627
0.11382723795174236,0.057760694006684786,0.2077803894610258,0.11574906375957683,0.15632857947031883,0.07294724479747611,0.10009623497822324,0.09177412590240595,0.08373642967254613
0.13134643242940744,0.07429887746331049,0.10076440733086006,0.12983453161931416,0.12028217217561239,0.12416453225771577,0.10284711062249723,0.14004162488893548,0.07642031121234694
0.10272693010528185,0.20035111861377533,0.07909791642778956,0.12110444006076658,0.07609612730618483,0.11886820198309182,0.049111476836054546,0.15848541688060555,0.09415837178644992
0.11053171237936617,0.21406984858255876,0.05814087832481143,0.11414487170706873,0.15992459821255292,0.09662203944959236,0.0343105134049189,0.11857256616265506,0.09368297177647576
0.11498845281155472,0.07829430293579183,0.050858631659748,0.12526762313213244,0.13628737216000164,0.11757724286246811,0.15812109543407438,0.15152300370988284,0.06708227529434604
0.07998462452839954,0.035242708876690225,0.30976920059940055,0.08651674525423442,0.05481936160631238,0.06333632172956137,0.20073756684262486,0.08512224438306877,0.08447122617970783
0.12729204577121403,0.03878456815630029,0.03080859567297614,0.1295536117828415,0.13837971709770294,0.17326356133826848,0.12435051586954989,0.13241464438751413,0.10515273992363261
0.09547055712656079,0.04079148732133853,0.057858230365827955,0.10611438636969234,0.20731087292160244,0.09847983621288549,0.21661238644849667,0.10115437586457356,0.0762078673690222
0.11502561852935238,0.15341382460390865,0.050792921547351044,0.11582703779693859,0.07438545744922981,0.2960072201064242,0.04604792575179859,0.0908730419054155,0.05762695230958123
0.11491307819186326,0.024433375154305742,0.053686780404877656,0.10924820419102414,0.18684201666219044,0.09412238259096704,0.2438268700698801,0.09004255744286886,0.08288473529202289
0.12501702015822302,0.03594225252364124,0.06942834855462128,0.1265268906156842,0.14066369858761077,0.16374963936615708,0.07751013908683152,0.1626258567238116,0.09853615438341924
0.117231192268089,0.13823350342118204,0.05213564513454607,0.11953927502820284,0.2264977981728454,0.0913404736925601,0.05618568113829456,0.09669991914332465,0.10213651200095532
0.1274913270087418,0.09404711532986047,0.014954008227224836,0.11827334410594494,0.17024133428742957,0.07845927320129015,0.16064297857684448,0.1077746191767776,0.12811600008588622
0.12591095878187217,0.03867080890383142,0.07598704211329164,0.12479535533627943,0.11371282885008942,0.11522252131041637,0.12337792516386749,0.11810769486307482,0.16421486467727725
0.13114907804595524,0.18522259516108205,0.07110724599465595,0.12650296269735603,0.09167931144871073,0.09514271733944583,0.027523174060206042,0.11624834121027373,0.15542457404231427
0.11937075004084728,0.0671936957703728,0.1147353919303493,0.11171041768102714,0.11328050287939735,0.07425451410750172,0.20404403188986805,0.09613419653643233,0.09927649916420411
0.1329381661622593,0.1187362498530005,0.07820574051201638,0.12704331860258328,0.0833682650613539,0.12706930481757459,0.052899087650986436,0.14244185805119045,0.13729800928903516
0.13239904437615604,0.06962547794456149,0.05496478256078969,0.1316625120907999,0.09655568816128102,0.15348963770858537,0.09750294765371921,0.1684053439533452,0.09539456555076199
0.09741556206710993,0.03554400948981115,0.11621866587483133,0.1043141064055539,0.15657730490125324,0.12218426565055103,0.207163958627154,0.09026223457192671,0.07031989241180865
0.10041956620396884,0.0380884258184066,0.08321305125856393,0.10410568688250088,0.12963528482714426,0.09993831003781346,0.2494800768845037,0.09992378918389817,0.09519580890320019
0.07635419185765616,0.2291773176355331,0.24605126992108128,0.08789163480120384,0.0581946292253376,0.059689336241591597,0.07749203820603055,0.08297533908784897,0.08217424302371691
0.13125006122169924,0.09290270435978835,0.020862832735648484,0.12133997013372604,0.14364227251060405,0.15242888458679396,0.11270935386003582,0.10904691140654903,0.11581700918515501
0.12072817407458829,0.24470139943111546,0.11158063372519426,0.1137860114184462,0.04978445599357639,0.11648477285160423,0.04443940602483199,0.13101604796278513,0.06747909851785816
0.10046853177666328,0.12717096883256765,0.13989560219958685,0.11477688765314736,0.08449176677086694,0.1001395552125215,0.15648720450120038,0.09844642631591403,0.078123056737532
0.1098884779166414,0.07867099717239695,0.1143020172212983,0.12369646715963534,0.1959133300687775,0.13129464835610616,0.060697354938953056,0.10346663696376886,0.08207007020242237
0.11084406020076575,0.10782929374216617,0.11634399749884845,0.12456822218202729,0.07652388927210592,0.11370234968228383,0.061480527438807435,0.16145782307080372,0.1272498369121914
0.09281104973677956,0.04282175222824578,0.11884438102776484,0.11770650271328882,0.12526086580890297,0.13470179031290982,0.19515840750909808,0.10635253070900848,0.06634271995400164
0.10372595752579716,0.09213792300649055,0.0884681013960873,0.11078318577486802,0.06402816146558375,0.09299500794606663,0.276901227241142,0.09630810271601521,0.07465233292794932
0.09265567239844535,0.05784682073068557,0.21643782639184905,0.10815810462035132,0.1714533878437732,0.08250261341625494,0.10317317549133924,0.09181532360700528,0.075957075500296
0.09417789881493904,0.04431745150505682,0.319041012732492,0.09562947134707085,0.06433344337782236,0.08487126465425109,0.1319741530165752,0.1141715758211229,0.05148372873066973
0.10304656948514257,0.1256601465458983,0.016502699523797442,0.11100113822532016,0.2709250079465214,0.1367859975105117,0.04089222669328623,0.0815830553389844,0.11360315873053778
0.1344098341532055,0.15516914513571148,0.08469364074893747,0.12178656754590168,0.14323940207055538,0.11530212856653244,0.03435272811055871,0.09369488143020559,0.11735167223839182
0.11327831858340742,0.04656262964039298,0.05080944067953386,0.11014682382677067,0.10842617504247676,0.12818022492692663,0.2553530860057425,0.10576760639486409,0.08147569489988503
0.10817090061507117,0.0288448615342291,0.12159156421755789,0.1107329405264663,0.13443948624469823,0.19718723090662427,0.08077276438668173,0.1427645779207273,0.07549567364794396
0.09575552391501203,0.06284761429110107,0.04697245293709699,0.11030763607181494,0.12203218492479473,0.0759969660930644,0.26796664092540806,0.09443288285675298,0.12368809798495482
0.09809855230593717,0.27449022542521734,0.09395214325054942,0.10342631391632447,0.09634249169834243,0.12788957616915225,0.045047840736447665,0.0873064221419562,0.07344643435607309
0.12535298189821523,0.02620750332404714,0.05896508112771092,0.12049373659301754,0.16738016200522185,0.13477703963578577,0.14929282348120432,0.12040172521454957,0.0971289467202477
0.10651450822885078,0.07385777297467415,0.13625872423941435,0.11897759000048247,0.10102842003859418,0.13395777374811083,0.14373051103768808,0.11910714774127473,0.06656755199091047
0.13363004741121068,0.08908138914544361,0.04713308769081056,0.12597107013679792,0.1767803544790935,0.1537228169581627,0.03264618042980996,0.13258331351180236,0.10845174023686877
0.084620670525281,0.04721384387083923,0.3952307473484988,0.090337215771588,0.05975479494185385,0.0740726129200065,0.08540334574228219,0.11475544485693849,0.04861132402271209
0.13922106546232782,0.10151291879633041,0.030463828831897882,0.12526606333511892,0.20337457940662249,0.16270724421491353,0.025753006558390298,0.12708251474034693,0.0846187786540518
0.09894672984342316,0.06413270615042758,0.11842597525345079,0.11399724207421373,0.08868678374486216,0.15491802911719912,0.1641920595070234,0.10240817151699555,0.09429230279240446
0.09197438956432953,0.22194700601139042,0.20483162777916641,0.10000088263617413,0.05467560104610231,0.08478534289655881,0.06805445492543763,0.10502027210863628,0.06871042303220441
0.052581971630119316,0.019007511876305075,0.47088394360699054,0.0735559851799868,0.11811183503972911,0.048585946940239266,0.07308631576296333,0.10053781164553958,0.043648678318127
0.176367911595159,0.12913895193418343,0.05695797270039715,0.13063631261843445,0.07775681057438334,0.16129719274390952,0.017682751526377025,0.10449989115010656,0.14566220515704953
0.11480935358430104,0.09416862001133908,0.13830513018841997,0.1069303445853898,0.07684157441579044,0.12436782263913977,0.02462895515436113,0.09995368670527645,0.2199945127159824
0.09521140499533963,0.1543377530921695,0.1799190781499973,0.10405635308110898,0.0763218468727544,0.08612037554144646,0.1405276786040279,0.10046080917753346,0.06304470048562243
0.11016569761906453,0.06979529261861155,0.03855106494329822,0.11004051480755188,0.12294616426859568,0.08866270119327767,0.24425651278249327,0.13255367121160358,0.08302838055550361
0.11244684297122857,0.08930829514009814,0.046094909719323784,0.11302317212706614,0.1654945271093882,0.12953156299760038,0.1816050635587696,0.08955617043627438,0.07293945594025081
0.07883921119676346,0.07485371221410253,0.3666533863746521,0.08770652264043105,0.08448413144171592,0.11303583361382412,0.047680753519194284,0.0984006929774112,0.048345756021905294
0.15334030085719075,0.09380514768796354,0.0243978143089648,0.1307022115716205,0.06511721161917823,0.243419719932902,0.04188909739768681,0.14184009283533708,0.10548840378915635
0.08417619719384456,0.12834447806124133,0.25482671355538805,0.09229633298719998,0.10196791666791094,0.09631497853382669,0.11043321281059044,0.07771521333005443,0.05392495685994362
0.10092502271487254,0.036076095789681045,0.053471629836372346,0.10818158427320546,0.12546829141263358,0.08942085099141245,0.2725237439458288,0.13131402485996768,0.0826187561760262
0.0973740122064628,0.30930368777301065,0.02293724546272465,0.10798435372902583,0.07637305652323212,0.18130286508666874,0.016277065003211553,0.10537003527077031,0.08307767894489336
0.13506656756297541,0.08457743161737537,0.03245431179064003,0.12863159532525303,0.14996229272848766,0.11152311526683971,0.10268588543855967,0.15658915963042588,0.0985096406394433
0.10248499202561508,0.026443447395744488,0.1290173991314048,0.11123659648041373,0.0851135709564596,0.1498322381269578,0.14910778031473937,0.10180259608838356,0.14496137948028162
0.10311330745648867,0.02853418460701142,0.3653078416057029,0.09681427407130688,0.05942363852945712,0.06487270103145766,0.09989752936069955,0.09960379915636715,0.08243272418150867
0.09261540953489102,0.03292389630899772,0.13975387221876534,0.10890606469998552,0.0845890519215583,0.09429773138149444,0.21877657632760691,0.10105049314893588,0.12708690445776485
0.1347600071635716,0.07633298799066283,0.10052409123738835,0.12345577984003887,0.12905388770005288,0.10406830638290678,0.08326612510750615,0.1394585150373497,0.10908029954052274
