0.07418742759446992,0.10456023281287796,0.13767193211276507,0.09296558179576493,0.08567684707508445,0.21028347484783924,0.17293554612801862,0.035479260720297404,0.08623969691288247
0.11601697528177603,0.11699238740151612,0.1104696085500801,0.08291371286261966,0.24868616299889382,0.03495845780967382,0.044421248812989984,0.1361002710890302,0.10944117519342017
0.10663792535946442,0.17853472306292065,0.12304994101952642,0.10747493117659791,0.09077355042514974,0.0909249410209032,0.09717393311000748,0.09755979768546053,0.10787025713996966
0.08662002159288369,0.10118714507000308,0.06986014868035878,0.09679094830613598,0.15438543676638555,0.21212517172918663,0.0853282022093813,0.0518328351323032,0.14187009051336186
0.08344048877033317,0.11606622792857905,0.11477545688684576,0.09710890096935632,0.14590790723419267,0.12656407060592714,0.12399977121383293,0.06399391064018183,0.1281432657507511
0.07164849807098916,0.10315479584816821,0.10562041431007181,0.08537253990429783,0.10670186534180702,0.16810819675559943,0.2321962603690975,0.07187504078222122,0.0553223886177479
0.10345172192146872,0.1047512351695571,0.08290232324334391,0.158669752985035,0.184463596824706,0.13205430310224425,0.07036394886872178,0.05259180177648831,0.11075131610843493
0.11186791970065031,0.09208508157484319,0.09259645571920179,0.08006338839614711,0.21577024810213685,0.09985567461438984,0.16276488355939178,0.036145094608231794,0.10885125372500737
0.10525130148804734,0.09035632936273337,0.11402078784627968,0.10035249600284142,0.19375491086381522,0.17531784447636237,0.10309146713414404,0.08369755060897166,0.034157312216804854
0.13736455950271453,0.10583299269580736,0.10215648213197241,0.10713333236303817,0.1527202919475346,0.13188165507141855,0.08632032388665373,0.10160891643075842,0.07498144597010226
0.07331321594590597,0.05202438183545588,0.11930133595840979,0.06504334431093944,0.1309060284497569,0.21404375442039045,0.2355206613323442,0.039513729793757,0.07033354795304043
0.18088138924744582,0.11058550838527907,0.15130379117587636,0.09691503996656599,0.09132342632885047,0.1265718087678502,0.07618490277035828,0.09297465804829892,0.07325947530947487
0.08864953078695852,0.08999437144639005,0.13307030448642915,0.08809739310300511,0.05160888682328068,0.20637857774139848,0.19172115615849994,0.09766249796420955,0.052817281489828456
0.12918660393405582,0.07615273045816146,0.05757493489790927,0.11318310134621638,0.15372022291407203,0.19870393346223536,0.058190675086904446,0.1454811894123289,0.06780660848811634
0.13240999411006302,0.10582858412093976,0.14979338257178518,0.1467063823649506,0.10177013730258304,0.07334514124664494,0.1360733567281379,0.06561976281243793,0.08845325874245764
0.09393572776377067,0.1521371489049725,0.14854616186986694,0.10964623850185333,0.10887807373174203,0.1589602174029382,0.13731622185826461,0.0461987609571613,0.04438144900943042
0.10709237495355228,0.07487537181910453,0.1946832344910661,0.09585469320504349,0.05751886059699069,0.06985601093265402,0.18200699058763745,0.07241817539083585,0.1456942880231156
0.13876044467744655,0.13685887092217122,0.10994223404806663,0.11869888370457603,0.12276097726718177,0.08956131969704868,0.09301739569160528,0.12004434473966585,0.07035552925223779
0.08808418235830744,0.06862716677174413,0.08427718456219997,0.08077413023038116,0.139175670951428,0.11152104521302104,0.234142293963959,0.05830849032523513,0.13508983562372423
0.09853849051131257,0.06700951590153582,0.12155966963214297,0.10722095390205809,0.08723803744179441,0.1802545402111807,0.12321813744455785,0.13610259922661325,0.07885805572880429
0.10604510470583035,0.08477272976650925,0.11308779168025529,0.09868094719366416,0.05840069554355957,0.08371493631025058,0.10849558427411615,0.05120608309191845,0.2955961274338961
0.126833490580239,0.11823426102524177,0.14670156985803795,0.10657819491225207,0.1170716008235924,0.060035436279965625,0.12728585386049943,0.05904238190613007,0.13821721075404161
0.09806353498082974,0.10267682622851608,0.10000209970816949,0.10135918652706442,0.18260457689818957,0.1612390517019862,0.06298647169999412,0.10081252305933393,0.09025572919591633
0.09234489798590317,0.10248096187002702,0.08981112975650052,0.08339638789017413,0.1223144005128264,0.17263814580725168,0.08691346907849225,0.1389742739711143,0.11112633312771047
0.08658692072000083,0.10191767404735992,0.14089601917218383,0.08587953545817799,0.09483253091045947,0.18691789328773237,0.20767249609106175,0.03638919600489293,0.058907734308130934
0.09282976857584167,0.09922234002462386,0.11150479443727583,0.13210651218212585,0.09703112762161048,0.1377673473403038,0.11722661258028622,0.07961083351996591,0.1327006637179664
0.14794986024926476,0.10282807076891241,0.11971445761601683,0.1283223918043738,0.13410172277110524,0.1498501113478881,0.10535981628364656,0.06600500609930349,0.04586856305948877
0.1124729269510329,0.107936755182797,0.07941811407416696,0.08745541816353569,0.12552797452455455,0.08717247198655374,0.07335671930636517,0.23847201826910047,0.08818760154189344
0.12430824575609851,0.0793781146804267,0.10817251605406263,0.08157595931535512,0.09428966916163546,0.12049011471375465,0.19614840301665895,0.14414848947836637,0.05148848782364165
0.17975463677493886,0.11189523277970365,0.08122497279701478,0.13045025465604496,0.09640127289360693,0.13424412381368744,0.06546280794966443,0.08489019626304595,0.11567650207229303
0.10699886674592496,0.1251042843393485,0.10279900716822454,0.07950606272099382,0.2579408437317669,0.08299238299490334,0.06859646343379511,0.12192287389894625,0.05413921496609667
0.1050891053501753,0.10379331627415023,0.1309210738433664,0.10205446847744838,0.15412773543419903,0.08239163183603071,0.19160856765639156,0.03932510535644621,0.09068899577179212
0.16554724986361583,0.10491928826640451,0.09883688432938521,0.10513373674275828,0.09550170272178254,0.07927250826252384,0.08185337645328694,0.21999313938495535,0.04894211397528744
0.16032679865007102,0.08277955325135607,0.07978186859173837,0.14079207152580872,0.06998549339656455,0.13917811060970364,0.05700358706273486,0.22375594283788813,0.04639657407413469
0.07608063989233273,0.09130842813092215,0.07468725763251766,0.07962960569503746,0.06755840007719165,0.09759303650816346,0.14474355890462243,0.038016912174853215,0.3303821609843593
0.08846316197380072,0.1033828521984174,0.15462874240895463,0.09198411525465762,0.11216119512713163,0.15846361588302568,0.06541686842334242,0.13747061642031383,0.08802883231035609
0.1321287481579576,0.10949559887891265,0.12041712163868797,0.09857728435116209,0.10138591069400621,0.03588857192062761,0.25590703172705087,0.05140782589671903,0.09479190673487599
0.08757330118812723,0.08245036696090303,0.07444065645270327,0.13612491644564498,0.1149074901086667,0.12864612291747257,0.1569882116121533,0.13522957909467345,0.08363935521965545
0.11010054038624735,0.09369993090155797,0.13442043047203955,0.088282871004689,0.08963713591954858,0.16922466959801352,0.15757449096361553,0.05158069848267869,0.10547923227160977
0.11867646807705133,0.09342223013318564,0.106085792919773,0.09429456365863327,0.11981319024493013,0.08258731276436354,0.1644426294731621,0.08294965269332912,0.1377281600355719
0.09220176640770211,0.15371164818122415,0.10071065260682327,0.1285293621473442,0.10831191914720052,0.08381631755491444,0.08882599955995964,0.17142876565424628,0.07246356874058539
0.09888376529281151,0.14731448395719246,0.0806407462619141,0.09282803462837273,0.07818112146690573,0.034741478067770615,0.1056045181618187,0.2841274973952819,0.07767835476793228
0.1403471291687446,0.16311687775085745,0.09499472333735863,0.08248791912958492,0.11051630810047774,0.06066196494674131,0.17554876191376412,0.09782913522372727,0.07449718042874394
0.10950650105010433,0.11308930297882813,0.07962511109008198,0.11907398733249636,0.09110934936582932,0.1695603268292439,0.12241720763393284,0.15571374093496324,0.039904472784519925
0.09122470313962484,0.10151493221188689,0.10092109139009638,0.10295251721693989,0.11894030583680615,0.132869910844677,0.06411548033003964,0.20440432610790737,0.08305673292202177
0.10706571786930925,0.11167813035607554,0.1661094531826259,0.11907834372021313,0.13538865409939901,0.10746993438647238,0.07279675032562499,0.09600816596031005,0.08440485009996973
0.09605269342231577,0.09155437868828042,0.10663273394490713,0.10341252306405598,0.06347551374218167,0.09268242307280995,0.1635691737326214,0.09816745020919264,0.18445311012363505
0.10428666069065722,0.07801570981334292,0.1878356817972222,0.0959849326533016,0.08249484609405844,0.16908423886116722,0.16238549906123362,0.042793376455098404,0.07711905457391836
0.21336655086529452,0.08668108459463081,0.1394140477133721,0.10058628195696408,0.11477012057511671,0.05884910325900869,0.10153208504305085,0.13147514968476184,0.05332557630780036
0.09540840266980616,0.0961573907083576,0.13465631808421563,0.12514774541616533,0.06991328124929486,0.13470802850665134,0.13583957779888567,0.0882950511680044,0.11987420439861891
0.1124609530440658,0.10508824119130611,0.12473027286075405,0.09781259221724015,0.15386817185619617,0.08137368414227385,0.2017172027725219,0.07591608914780264,0.04703279276783933
0.1104642866043975,0.15001955946324846,0.1277914135556618,0.08383392052362067,0.11436690543250232,0.07220708137009535,0.21617547351417457,0.0626520952901418,0.0624892642461575
0.1148984284706635,0.1368649085784519,0.14031309008113715,0.1275008254844555,0.12061620855793061,0.07840751398209024,0.0900107252465545,0.09461405821894185,0.09677424137977476
0.09692551307051123,0.11943007378701198,0.07741377785440541,0.12081806626421972,0.14318512590467164,0.07156200448995943,0.07799235374526327,0.06412412751296305,0.22854895737099423
0.1424257244779878,0.11140787495223216,0.10581195216050254,0.09465940258211496,0.08048870188984253,0.0923324677552157,0.051816294971238276,0.06876533256828903,0.2522922486425771
0.10242063692928295,0.12481866448834748,0.12078580895429043,0.09124494669797985,0.07653054755179416,0.16048466404811776,0.13751244479528998,0.12938168506885717,0.05682060146604031
0.0995189527416016,0.1473291232816796,0.09832800778013599,0.11381469004037925,0.1611504784254962,0.10079148309031576,0.0954613860189253,0.15231185244413958,0.03129402617732673
0.11672777007284375,0.11716630849494832,0.1279073006031428,0.10076144526742592,0.09048381213599016,0.07612906320258868,0.07341117242445762,0.2636741998229228,0.03373892797567996
0.10690302736134054,0.14565236417930497,0.10285199088070955,0.09529628654947474,0.12793301974822135,0.11041148116997068,0.12706120197794782,0.11256784500291538,0.07132278313011489
0.10038957161840655,0.08663452140727051,0.08264578929416734,0.10580705336888553,0.08630084521606224,0.22447575301483927,0.11337693851863073,0.1255193527530277,0.07485017480871013
0.11883033051354015,0.10655534905250393,0.09093538100864208,0.1221352361049312,0.0730228209013641,0.14598000599882507,0.09466080369710683,0.20349350898706012,0.044386563736026625
0.12074647934867588,0.12274012436975117,0.093995297504794,0.10394150615284294,0.08904897466068938,0.08290445455464117,0.081249622868499,0.2135807506468558,0.0917927898932507
0.12409694296955838,0.1390473101656873,0.09681959556066454,0.09493735805822916,0.12883359955295137,0.07291563907159931,0.10249519242480527,0.17524694123806325,0.0656074209584414
0.11933878703416001,0.11391248642253253,0.11058239140234875,0.10948432729258174,0.07627966551966424,0.07233982174701867,0.08024666032823306,0.16095062669703808,0.15686523355642293
0.09080208043768018,0.1545217636089058,0.12411001031218334,0.07822181705721899,0.1168340698859025,0.210585115452362,0.06551193403314019,0.10444172695850716,0.054971482254099834
0.11503210419410041,0.10660138868792753,0.12708883944771032,0.11789225240369967,0.10630813333813931,0.06038534544229581,0.06673305230187243,0.2072318984419361,0.09272698574231845
0.10227530743086088,0.1021215468822511,0.11157318459680772,0.13772376362489488,0.062301905342205116,0.09868611286971886,0.2477316833411721,0.08868883517101006,0.04889766074107919
0.0880297237676377,0.1676948383288289,0.14557672340447272,0.08839121905136117,0.1058508374454989,0.060122364037967564,0.1622096065808858,0.08352952525585033,0.09859516212749686
0.16205131509198023,0.10803406322289677,0.12588080566397772,0.14477154399254658,0.07356465532456871,0.08423413033421419,0.0897205636980893,0.14032231202906556,0.07142061064266098
0.09991689164684296,0.13772769587963785,0.09290334410178257,0.1218789763033104,0.10413598224663632,0.08316419972425444,0.1390018609509935,0.13847934926969757,0.08279169987684439
0.1137309335900084,0.09547379514265737,0.07321632568311735,0.0918085523893984,0.06081283341986826,0.11616564475306697,0.10721119304832107,0.22048754480715163,0.1210931771664105
0.08502730193998004,0.07684885070146878,0.10865134925059534,0.09507106756823613,0.09301310819838941,0.23401621724021804,0.08382488685397255,0.1360927299934531,0.08745448825368662
0.08178013142244699,0.08472462439360906,0.20005344302666198,0.09438779111528965,0.07640707989172678,0.1996416352473129,0.09149920343230415,0.12783367485441494,0.043672416616233556
0.12059823118249739,0.09844121040298047,0.11577679385937523,0.08203423300481079,0.08988664586192141,0.1276621061323134,0.242232272699493,0.05269020162420244,0.07067830523240587
0.11120795025952879,0.1510153427641047,0.1462071070642459,0.09402820727817063,0.0946910997822567,0.0803934032875481,0.15517307280082093,0.09694691754653267,0.0703368992167916
0.09112784528053064,0.1263671518982408,0.09123455711764163,0.09653342790849069,0.11308605826388984,0.14292694415491705,0.06585337596868661,0.17334290550517384,0.09952773390242893
0.11846088875078702,0.11382818889322131,0.06589350994731012,0.11323375075945985,0.10863802124447337,0.11102006301578109,0.07355017780432438,0.19776845965198642,0.0976069399326565
0.12103418588251524,0.0972344003869387,0.10433233753187053,0.13280928039333342,0.14847353014192854,0.0809348122239645,0.05965475813635562,0.10086466472392557,0.1546620305791679
0.09506123002073776,0.15236717270040614,0.08672459128865966,0.10495802736169518,0.1601608824237202,0.08305627813654017,0.07281489736038026,0.11939565379371153,0.12546126691414916
0.11172117116272451,0.09061851717434716,0.10824726670181771,0.11065826504212244,0.11079627803906988,0.04466338917378815,0.21495873403902302,0.12139472714215709,0.08694165152495008
0.18169869632195004,0.08891530650262126,0.12803226715061874,0.11895749706173941,0.09283446939475985,0.04129981376451489,0.20775816569951303,0.0889209915592827,0.051582792545000096
0.11354410981366703,0.06954456910784314,0.11190241807130956,0.09492718546178208,0.1664833929753685,0.14828149155923398,0.06329597602462718,0.08768136932975588,0.14433948765641272
0.09436901113859257,0.18104863967190496,0.09689714206482124,0.11829437488881318,0.0720057253322955,0.10807777652108941,0.1268599413783852,0.17705436000510819,0.025393028998989778
0.12965798850226004,0.08912246406214251,0.08322652078089604,0.10474050819925906,0.09650986590696083,0.12443533318685202,0.08090616688316092,0.24421923239680854,0.04718192008165999
0.13743411530303984,0.14780272670533814,0.10484479617842914,0.08401695699859131,0.09442559870371732,0.10783869109599648,0.0748212603407394,0.19333154074393302,0.055484313930215266
0.1209808062066483,0.09929587305750309,0.10393726919719427,0.11088295784604107,0.11054402591935893,0.07250045225555746,0.0826189334108141,0.183288515757233,0.11595116634964975
0.12219424952943192,0.08866555650150369,0.12128973187448318,0.12076164102427465,0.07291042724603326,0.09097766369385418,0.1584974315284521,0.03733168451788923,0.1873716140840778
0.09418855498449034,0.09910519557696924,0.09056756309464149,0.09755440643606722,0.05014142731659694,0.15862781432702147,0.09844984095441778,0.15716793592581846,0.15419726138397707
0.13614162407197855,0.08831838241317545,0.16688718528212906,0.13471562420534014,0.09853021189223493,0.09262709329516934,0.17790001815979595,0.05610084568114385,0.048779014999032776
0.13366689292304415,0.09516193287052366,0.12388534893233938,0.13763874375589077,0.0904842158660659,0.1635053095259528,0.11192177892672893,0.08565175239832623,0.058084024801128155
0.1290445475145662,0.13120528585564264,0.07695418128603462,0.11846057332211775,0.13343234611117272,0.1371428214347427,0.057185274719887456,0.16320175488719565,0.05337321486864019
0.10008501756610137,0.15991742394822875,0.08935650816284,0.11750270436417805,0.057393373294201154,0.09722254885810559,0.15166272482599238,0.12183126446226367,0.10502843451808912
0.08139109741619292,0.08823046512151173,0.12657295156699236,0.08811120778994058,0.05396580134365101,0.15086030889184354,0.1667699852697222,0.11701340614570288,0.1270847764544428
0.09154742926047212,0.0750847941400387,0.07371736759513857,0.10388633967141592,0.09338276412857656,0.11591710663449643,0.11224889041125961,0.19850617260477832,0.13570913555382372
0.09854520497677526,0.07762927829409084,0.06592426948500744,0.10526501523839064,0.13585992844995287,0.09388978437824158,0.21673605942939675,0.11319881178039433,0.09295164796775039
0.09034571691505185,0.12751221881414979,0.11052112712054095,0.10009267529869659,0.10832214118831467,0.1409753692994731,0.14924167213078787,0.11342923119181175,0.05955984804117346
0.09296506254988612,0.11851009520258925,0.1138202901370045,0.10878704038764664,0.0652089999666801,0.055415175501631476,0.21710940629425643,0.13548573913490167,0.09269819082540388
0.09546759078206479,0.09149323515124819,0.08758798216660602,0.08171591066571919,0.17624515584518816,0.09311333150915396,0.16113522281065187,0.17523258605131597,0.03800898501805186
0.06983729943373879,0.09514162827165402,0.09798062073997711,0.08057171896984867,0.09651258046010729,0.15243110561617002,0.20542978252014663,0.12198118017371022,0.08011408381464723
0.12332065619725373,0.1713822285264157,0.0967668524706894,0.10242211748874087,0.07944082198890003,0.09601513656430094,0.22368208487360577,0.040146537128489895,0.06682356476160368
0.11757821248494386,0.14817960145161246,0.11192661863802777,0.12804326742266012,0.10150825396577084,0.1536926168756748,0.08366032365331415,0.09544457711393224,0.05996652839406378
0.1509286786018007,0.14192870969086332,0.09162114036418263,0.11218687732161615,0.1746964084260804,0.11269252594535993,0.06467297639743057,0.11278166569089355,0.03849101756177278
0.06927010740981487,0.05009236655198185,0.07456068599159073,0.06274957645798906,0.09219270700814945,0.32840129958300257,0.05376601205355495,0.1281274389079725,0.14083980603594407
0.08500008765406612,0.16123828093958936,0.118388485681315,0.10435362327489128,0.10519980696004409,0.06976036911442725,0.19174566731299328,0.047796556778487174,0.11651712228418638
0.1445234390910452,0.08558099153913679,0.08779571864168238,0.11464286150316082,0.08676043825760994,0.12290717292605542,0.09036482557950877,0.21974570170983612,0.047678850751964534
0.10590155409018799,0.11675569756148994,0.09049870979937887,0.0946626083924834,0.09523944659909796,0.0882933354719918,0.1633957465247852,0.22033658864880024,0.024916312911784522
0.11396676058748795,0.14891134319816648,0.09838947215809458,0.11013321789441365,0.13292433000264264,0.08016199373131717,0.09193455464305844,0.15270781232927008,0.07087051545554894
0.09251918520696911,0.09506432693998497,0.11089760071581811,0.09798491845810249,0.07217822731030177,0.23235670381647455,0.11695395436590805,0.07739310574712988,0.1046519774393111
0.09431405377883957,0.08814845190820479,0.16027877713192426,0.09885865737170285,0.090878351077275,0.08610676453108501,0.24050121706376718,0.02746851122609428,0.11344521591110708
0.09170082727898261,0.10610421319554446,0.08806735103470253,0.09960896782870532,0.08537899974971452,0.1349128816174661,0.10122039904533832,0.23493000291340835,0.05807635733613784
0.15372054815722933,0.10614801890015989,0.10073831538740131,0.1080377200045196,0.1651965749638959,0.06643094566986248,0.05860264600975557,0.11060872269937692,0.13051650820779898
0.08883739330637512,0.08212977455444563,0.09746963484233599,0.08417709686967201,0.13678598192553795,0.19852322474113074,0.12065525540796994,0.041807176118099705,0.14961446223443295
0.12222386348311783,0.11690269646197081,0.1352403210441553,0.08762740177179595,0.16274701324121918,0.028233138956713092,0.09138539851069945,0.12192115545392941,0.13371901107639902
0.11630624301648218,0.10872890853920752,0.10495390994755,0.12392320675062385,0.10642022678478961,0.0686819859023333,0.13376583478337503,0.19304975545906253,0.044169928816575894
0.10954993157931887,0.16755039478068676,0.13178653569660295,0.1306799286322232,0.19977005947080237,0.05453650545865956,0.07049731119478153,0.09209673329210905,0.04353259989481578
0.11569908277476142,0.08617737808147712,0.1204951812773047,0.13720104091077476,0.16219334777103603,0.07443501944327452,0.09775572223777429,0.1357051018688669,0.07033812563473026
0.08351962264473257,0.11940336343296054,0.1196347202460523,0.0950953907030057,0.12067158783746428,0.1340887224325429,0.19968523579506878,0.08349880924446589,0.044402547663707014
0.1279060912703094,0.12457419872120228,0.09311856118374616,0.1215877336319251,0.18633470216778117,0.08009321815186878,0.09959338740751782,0.12352771890567571,0.043264388559973575
0.11415433268790459,0.07163631003596414,0.13759322372342378,0.11818018542682503,0.13764704634629701,0.10322502944843454,0.1649256762055933,0.04355116119061405,0.10908703493494354
0.12518474746371233,0.15065826391031314,0.13949987858862553,0.09356005529657697,0.14929108150739098,0.09219105141766819,0.12519577663275247,0.09275597928601044,0.03166316589695001
0.10680335462951278,0.10203697753038361,0.12749703822401726,0.10234337099489789,0.0952727478160718,0.09726134623110401,0.09437779821559168,0.0674575124200635,0.2069498539383575
0.11925380151608982,0.14317248250242887,0.09060951660646412,0.133571920485162,0.15143201934483164,0.06090756503968801,0.18360936375156134,0.08936801790389326,0.028075312849880855
0.13373902359502507,0.12413673335348585,0.11804348182539415,0.1267963442451455,0.09023884263032445,0.053544737640503236,0.1319978689860137,0.1058387593357029,0.11566420838840519
0.19261254151833504,0.11134407184033146,0.11702792241429529,0.10586708077109803,0.17526009114375804,0.06409105628787708,0.055155802685299626,0.09387635461339165,0.08476507872561378
0.10182859618202122,0.11951551182921422,0.09704125810129582,0.10133033680393193,0.13269382534820742,0.1294192275408331,0.100379832209481,0.17633857364141267,0.04145283834360266
0.0808759301972732,0.1322778565244871,0.0739777080856168,0.1380201912357964,0.12132116890542595,0.11403492153843038,0.1027376955306623,0.16185813719709477,0.07489639078521317
0.07579053811383848,0.0849151964942439,0.05804941677043585,0.07669876895333268,0.1277132164805915,0.2796476170166477,0.10124365328648355,0.15161627751669918,0.044325315367727214
0.10674140515867285,0.08051154855202118,0.09422133000543804,0.08603297114343923,0.07253468597598654,0.1786099742077659,0.20948033483559006,0.03934336068816973,0.13252438943291642
0.10469907640933135,0.11320558909287104,0.09064312731151146,0.13461597722834326,0.12678414716605196,0.1069260127127774,0.07064838884890075,0.11592693154533491,0.1365507496848778
0.09188397920220603,0.08080762099832756,0.10360668375788151,0.07734239644480408,0.14073015570447386,0.10280792199455496,0.2218024437388584,0.10976824269975809,0.07125055545913551
0.14439856190371628,0.11653000761085575,0.11966533359644617,0.11290537593159254,0.12593249429963352,0.0674814961611912,0.13735899507922456,0.12106750769008058,0.05466022772725945
0.10206088589560829,0.09140810796497983,0.12759997534106168,0.14904408381002923,0.10916620162553774,0.11047738412085158,0.1411209131934029,0.07213778151326806,0.09698466653526068
0.06893952325883025,0.07209941113274268,0.11059951320173038,0.0974152833281529,0.08736198189504085,0.1277368412080503,0.23663633899872538,0.10362021878022325,0.09559088819650408
0.14277301120436195,0.08731082633079207,0.15074143459086975,0.12235419143649535,0.13003667250884676,0.09489402495845733,0.11911695360626566,0.08758796643828258,0.06518491892562846
0.09330533421556482,0.1191918465445035,0.11470981180263769,0.07983557600253528,0.09488854963232318,0.23212628071050292,0.05475163366418475,0.1099713685067729,0.10121959892097505
0.0848100636359122,0.09374148270634457,0.08426239960822457,0.11507416506518257,0.08952621331701127,0.1810797591379154,0.13537551534980052,0.17981309314134905,0.0363173080382598
0.16663416600683742,0.12463685985414324,0.13772156748774014,0.12616882438431584,0.07558324992841699,0.08437718011302275,0.08272550189264284,0.11027080200154664,0.09188184833133418
0.07412111289836641,0.10700443286986332,0.09409941539243645,0.0875330007208193,0.08524093889467123,0.13267945990197774,0.2359883822455933,0.10314078401143201,0.0801924730648403
0.08965653774978628,0.13111121917199006,0.10346809856611054,0.095303619352287,0.13017044761988525,0.1060114056643821,0.23062298818398583,0.04825252575450451,0.06540315793706848
0.13002925269680474,0.11974840671864563,0.09538889071192654,0.1351358864431579,0.09755362388244326,0.12466760457596408,0.08063529331471754,0.1596029058237571,0.05723813583258321
0.10091976431424789,0.12430747180775319,0.07240216829371533,0.1015678484042714,0.11233043435192791,0.16019145540713092,0.0947394803211824,0.1099066924501621,0.12363468464960885
0.1381664248757326,0.10058336536456558,0.10604939480470228,0.10040695397670817,0.12824229314785873,0.10674007870032302,0.16940556072623333,0.11742827997939942,0.03297764842447684
0.11369153315063685,0.09130913638783678,0.09424733333517972,0.09186005882875714,0.06854648445277754,0.17332454202762357,0.062004795286416864,0.2125031598682293,0.09251295666254232
0.09252763324371176,0.10930729932673201,0.06064758056010339,0.08212420470846775,0.1473210486744697,0.11300251178311309,0.16025532184959188,0.169993778350321,0.06482062150348938
0.09083667610956565,0.09138602159811393,0.08262267068101059,0.09577458352821992,0.07838576181080943,0.12399871173889343,0.16071179533710883,0.0986454282767278,0.17763835091955052
0.08205388969277351,0.06301509532525605,0.08930794563127137,0.06707340559066528,0.0655325886918635,0.24650311085071927,0.1546831781575707,0.02264129451391074,0.20918949154596955
0.10599293212406165,0.09249202513561733,0.11541170933384026,0.09585421760596607,0.20296939506786393,0.04936833938516921,0.1316946532093923,0.05799548525182107,0.14822124288626812
0.08326022555091661,0.07842502053953132,0.09335766629406317,0.07853091659158427,0.17582905615189423,0.19206334225246668,0.1511948560869434,0.05897183290478652,0.08836708362781374
0.0985503901644992,0.10102500744886062,0.08098251151676213,0.08182688501498538,0.14553924735997206,0.1712004031512316,0.13366981624583726,0.07641339135074236,0.1107923477471094
0.14441443870622908,0.08524004416974135,0.17739912519560205,0.10945135232516033,0.10083051448269287,0.11333575089033472,0.06270416295693172,0.055150442850205206,0.15147416842310266
0.13230834307926304,0.10827397210677796,0.1275589305112458,0.0950290801542736,0.09362765918893452,0.12244534826141834,0.04369864376676961,0.15362429638414585,0.12343372654717137
0.08610416116147812,0.07252431080236614,0.061252726019189296,0.0717979858004391,0.17708540139040993,0.2852428195604253,0.11868802084999559,0.09808514169885574,0.029219432716840753
0.14004378037480406,0.12165644654311118,0.08289084950093444,0.13549253617662416,0.1144736325928476,0.039290472912287905,0.062360785210260616,0.16346567468306747,0.14032582200606258
0.0989754730376965,0.1618917362282217,0.09870018828289477,0.10810997214859164,0.07296303806857912,0.1619403149918429,0.1142304189870139,0.12692465118479718,0.05626420707036234
0.1417330783796012,0.0863016534032147,0.09179700773551352,0.1203800182986046,0.22862448164722923,0.13233868509086608,0.05293826658881565,0.051125151903282755,0.09476165695287225
0.10552217223030559,0.08013709617727068,0.08994076541257769,0.07975730338194054,0.1932833702621346,0.2205591687191268,0.06253453055610801,0.13540488214362015,0.03286071111691596
0.10235186237008768,0.15276434732479172,0.11450836643152491,0.14239497369717136,0.0977709133082099,0.06114731686004913,0.14394419763607638,0.1002433348346291,0.0848746875374599
0.09900144530095123,0.13447359259535643,0.09667700094073121,0.11846278775878018,0.11127258950765569,0.10988868668633915,0.07608054751879073,0.20241341100405386,0.05172993868734154
0.12194166357973418,0.10640185508083855,0.11544827360732922,0.12313558796211184,0.11818342456581883,0.05079311709447981,0.13895049949311547,0.12360228004263225,0.10154329857393983
0.10118250701407666,0.1335739332870289,0.07643713790943364,0.16842330362248692,0.09679220589816855,0.1092129975397571,0.08536425747942515,0.21023112828359491,0.018782528966028292
0.08394533483922496,0.09342339636174708,0.06848817383187127,0.0911507097736887,0.0786904438325121,0.21404100060823192,0.03857081036068657,0.227225054874589,0.10446507551744848
0.11329595137090509,0.09611041709629815,0.13022869216954147,0.10481817899252344,0.1650181152486422,0.0709279072043937,0.18959526899128343,0.07241413890614451,0.05759133002026795
0.11360642888751775,0.09328564965730324,0.11166702396739268,0.10346783741190475,0.06771613907410297,0.09944427113806026,0.09402045642759845,0.17607829843170783,0.14071389500441214
0.11498512119160069,0.0878547622144764,0.11731164917795016,0.10611689750893898,0.13094698128352056,0.15347780180434123,0.09228443071966182,0.07576866314771295,0.12125369295179733
0.1240099833308641,0.06212780635376824,0.10221506094612172,0.15142903216253475,0.15244621449380683,0.14388474752991323,0.07716078471620683,0.09734720270291368,0.08937916776387067
0.11761578426357579,0.13969875545456953,0.10891803226797729,0.1153474407023894,0.10097677410562327,0.04837317822290637,0.08491487116518794,0.18695699876755503,0.09719816505021538
0.11575489973378733,0.15817397532063002,0.11046200789327631,0.1360393651513892,0.0880008540831228,0.09413807727081484,0.1016014880146669,0.11942976264878742,0.07639956988352517
0.16362384491842075,0.10477968360583727,0.09661920897024945,0.10475617790518256,0.19399090345784709,0.04798838977442806,0.16804672396055365,0.08060145848700984,0.03959360892047134
0.13976069326956744,0.10690127564307313,0.09285936961532519,0.13194744907245784,0.2292203675638156,0.031088859329207626,0.1170328350043748,0.07578709204677542,0.07540205845540288
0.08348721724180712,0.15181161916435823,0.09240201324850146,0.11983299532298591,0.08233153399551697,0.13184672429289157,0.12150444023375812,0.13769814061036953,0.07908531588981113
