0.1500381462933177,0.1780516712570549,0.11700420664428997,0.014344071981366752,0.07426241713761816,0.26427191569696845,0.03738476864962673,0.1139291308939221,0.05071367144583532
0.07314031644329215,0.10011378554743523,0.09903955235814547,0.027954378811137798,0.21888669906449476,0.19424091856241243,0.10096821211622135,0.11010650032796204,0.07554963676889875
0.13170340060842298,0.18352122019914094,0.10527438548005992,0.037161239077114695,0.08910276807035189,0.22628686764409664,0.08442842912999911,0.09991052181863848,0.042611167972175366
0.12023423706928311,0.12585874453302046,0.1304472445820036,0.019736021601909248,0.10223178185087141,0.1995022606729933,0.11877623135632535,0.12089475298406711,0.062318725349526344
0.10094890841273278,0.1315345184785666,0.10749225519738494,0.05404530083346515,0.06822476425429791,0.13861894662589683,0.05038534300270053,0.13299468453147148,0.21575527866348373
0.05122798903289858,0.15273462355361647,0.1523099852363861,0.025950750510915572,0.07128792880010403,0.26201375772288205,0.05166291765462966,0.12115623691991774,0.11165581056864976
0.12593686579953947,0.15478865534084765,0.11326095759974612,0.07232820899387941,0.11043348947164389,0.19351459929525694,0.029419783193073246,0.11085651339907739,0.08946092690693595
0.07540936807899122,0.10426125286361192,0.12413838582864826,0.07186907738477265,0.08083373800816868,0.15899523033170102,0.03743842401429218,0.13380249274193148,0.2132520307478826
0.04214151319821987,0.08531557757918058,0.07546825580233274,0.2696855434123518,0.0724054451847292,0.04592325556865359,0.0592126882294686,0.10630325769209896,0.24354446333296456
0.07467215503301777,0.07630097613698696,0.09376899534133087,0.17381005469042743,0.12844366292006307,0.13625687543650414,0.0398723934499703,0.11226324632026485,0.16461164067143455
0.09140850578952296,0.09293233127060241,0.083371586116945,0.007113211170589696,0.14454468901221615,0.2558020631170072,0.08565385837313728,0.09300569739678351,0.14616805775319572
0.0673889945247698,0.1376094026882462,0.0831947047965232,0.1818338238490497,0.0839099710842599,0.19169152489583086,0.010772040952974168,0.07379695869261353,0.16980257851573258
0.07189514643628063,0.18521090403209584,0.1268096589914025,0.022302317566868915,0.06487486087484488,0.368534994666168,0.007635048297041436,0.10607236491670424,0.04666470421859357
0.0758494399988807,0.0996191858607603,0.125134280134052,0.11615813121926948,0.13590665811188818,0.10024966256890089,0.12467497867544268,0.11861741178970157,0.10379025164110417
0.11755452856888608,0.09352659778629613,0.10169423716701077,0.21551235576194228,0.10367932617824392,0.08216420993322508,0.13329810391777902,0.1070535313111201,0.045517109375496544
0.06925005093378943,0.11870264834096857,0.1478240348519704,0.016222196507118005,0.08983663538840053,0.066278808880769,0.2502052938647727,0.1281196586567399,0.11356067257547153
0.07867072743517158,0.15607513590164335,0.1254113333770268,0.05740565929502267,0.07158447394182374,0.27548058895241606,0.04088690782328333,0.13224619730565937,0.0622389759679532
0.1677868430913363,0.09131213109118598,0.07170038669910232,0.27388696901188786,0.0756179629635242,0.08233917637846304,0.05648884476573332,0.10308601279851863,0.07778167320024836
0.09990537716210625,0.09896210650954657,0.12843479654562442,0.09739300221808889,0.07047383563646469,0.19181332444630952,0.055135806615405486,0.10306603582628397,0.15481571504017025
0.08564040029767615,0.11738658052672173,0.07880683679313027,0.03767333270470196,0.05922869988090995,0.3719592698962389,0.029204527600710666,0.0643510195082283,0.155749332791682
0.08662382448140526,0.1137368669669797,0.11627489836823833,0.06427568384494538,0.14823474921638605,0.21476185634103237,0.07293750495287625,0.0921901882811011,0.0909644275470356
0.09135314858380639,0.15296775179357439,0.12941569515933182,0.10112481264649786,0.10984593653711326,0.1374285869339017,0.08057143055497842,0.13355319958047604,0.06373943821032012
0.20182390933689076,0.10213599108416398,0.1182513798369413,0.06512585227118377,0.09759909408223205,0.07454510629547097,0.04745393582474939,0.09323963269137174,0.19982509857699615
0.08710396787882374,0.07639835817676703,0.10653344628797086,0.17176616174124762,0.04781655899034065,0.023025622398111484,0.04876120481161026,0.08038935821882609,0.3582053214963022
0.09842423440411485,0.07478353890485331,0.1672511664758576,0.06096806766826741,0.18583605490767444,0.06792016030344333,0.09988117035367194,0.11310553626439508,0.1318300707177221
0.08220129023218986,0.1580308166925106,0.16300280300921974,0.0820388617629505,0.044882366786353815,0.193355378537737,0.04201635090560319,0.13456969164524132,0.099902440428194
0.0930215246998896,0.1633004781024768,0.12762496821697264,0.025933356904451754,0.06481643039862178,0.319268642650998,0.017002553748327525,0.09878630291074525,0.09024574236751655
0.10688857607914011,0.13367659363168413,0.1364465868902521,0.0811297629302346,0.11344311333559139,0.19478217922823146,0.04688101513705972,0.11487421243193911,0.07187796033586746
0.09084231917650261,0.11768986855996565,0.09462159158219748,0.15964092932108323,0.09234040053966468,0.13444474952401217,0.1215075582555996,0.10674252318868166,0.08217005985229293
0.0908831941529989,0.10180365284099258,0.09920220087705543,0.04332637618429832,0.11147996733236869,0.05571261916258074,0.1357355140941427,0.12246810518502861,0.23938837017053405
0.28644226945496554,0.11214450463638252,0.10885180037698218,0.06614260414776856,0.1431128532052877,0.032430310069100736,0.06861087531642913,0.12075654712401236,0.06150823566907124
0.12045197010097992,0.11050292292019785,0.19089402072885098,0.14570265028086046,0.08672480815862554,0.13021484259723967,0.024568820172037348,0.14313827903042045,0.04780168601078789
0.08972532021807467,0.13674106257081078,0.10818984455986241,0.05416985724463824,0.08077870254903484,0.299476352327726,0.025691038892819137,0.09032334465059749,0.1149044769864363
0.07805770010574108,0.08235930343318863,0.10500725748468605,0.1970350853314622,0.06573476976210714,0.14415555267235095,0.007310020304120926,0.08638234306504489,0.23395796784129808
0.07156451821889392,0.10917646161445961,0.10167700659132145,0.027140769363002425,0.11356056261063534,0.27964045579768376,0.12445313225957509,0.13501768745425202,0.03776940609017645
0.05683069533317454,0.09418665706026819,0.09116413650040034,0.026053851296341902,0.07832134287325343,0.354119046233028,0.05669856181981323,0.1060094123196023,0.13661629656411808
0.08474245413818919,0.18858732156105032,0.11250063020263873,0.05797664891831542,0.09446785888787668,0.12407075268027885,0.08393492700196468,0.12974664990556617,0.12397275670411993
0.06221249389892076,0.13232711747874662,0.1348449941453796,0.032424581442645484,0.09126282028953459,0.11766681007370144,0.22038021397941562,0.09889939867304148,0.10998157001861436
0.0924361269722025,0.08882373810572218,0.0805909171601654,0.10253111088844562,0.05802598935872979,0.26992726528331096,0.1630003593882767,0.08443893141220114,0.06022556143094573
0.07546190134691275,0.10469074468516398,0.0937577903496251,0.04581126414233788,0.0871514082416462,0.16115811313758727,0.0997783309245238,0.11807983431364655,0.21411061285855645
0.05881751991391552,0.11119218493346796,0.09895310219645059,0.18511638153916884,0.08690381352958233,0.18435789535330005,0.1396895630733116,0.11989094496790582,0.015078594492897298
0.07184480265508204,0.18687171925172438,0.1478080403044252,0.06675801644911479,0.1859701427718801,0.04333386655673594,0.03847153568520665,0.14954234360076724,0.10939953272506364
0.12844466322031156,0.19536957087999027,0.16259093717813636,0.027081935380811228,0.09737809994619663,0.06285788784348739,0.05070989911249363,0.16960119590631983,0.10596581053225311
0.08238841651011762,0.13107997931016166,0.07281512518496532,0.1736267344809516,0.06794172923854681,0.2773757403766501,0.03252636672330287,0.07284293446491462,0.08940297371038936
0.09468116873623007,0.12092384579668873,0.08753123774085296,0.13794021904235765,0.08790527161619195,0.014312117436263774,0.02381070531733191,0.1429439038610056,0.2899515304530773
0.10568554110159956,0.08574109317817209,0.1304352719316589,0.031152978772307497,0.11750777258077295,0.27444432288123677,0.0821814362282043,0.11574167789214114,0.0571099054339067
0.08345228515407623,0.10297910605432696,0.10677407462723898,0.043300705122915145,0.08478412563146397,0.33056521463434635,0.1402672681798631,0.09013289787407318,0.01774432272169596
0.09143600244657328,0.12656295062900497,0.097194843682187,0.18872397706798585,0.14702437263654902,0.034339434088697836,0.12481334371989004,0.11479656072821398,0.07510851500089802
0.12478163309281676,0.11931117583214475,0.1387446457911522,0.1166305614655397,0.07949480839684393,0.047442328430204385,0.16860487195456544,0.11225519062652488,0.09273478441020788
0.1359107746075726,0.11993137969709528,0.13463194332935133,0.0702160767866372,0.11557016554394749,0.21914851366617763,0.022605699790468215,0.12776877840899428,0.054216668169756004
0.15960139931285777,0.07850094771688496,0.1062470266686555,0.32815754686050325,0.10240940755192653,0.016583612066168766,0.06482350412838492,0.09323528406357266,0.050441271631045725
0.07263790086121824,0.10863153215358536,0.15780331386371585,0.009993464407938668,0.10639181840035816,0.12251240672446055,0.09236121836368232,0.11311649478445622,0.21655185044058464
0.06957454682533096,0.09702863557817971,0.07212497370922094,0.02174544117854275,0.07566544844811295,0.4463447655031125,0.04627488058860854,0.07387452903946908,0.0973667791294226
0.09460789219935173,0.09849440057253923,0.12240175463850671,0.021403182587761017,0.09495835479264647,0.2926625297238304,0.062423942702479134,0.12575873766554727,0.08728920511733816
0.07798606129210552,0.108902182883305,0.09321040951122427,0.059956104401463366,0.084880147027988,0.17377861226550262,0.23027259340449655,0.10679971765714219,0.0642141715567725
0.09495202959820369,0.12114017813505595,0.08548349125024761,0.23532018060395718,0.06691514110885607,0.08450604834932696,0.03972450314120412,0.08808625600762628,0.18387217180552215
0.09753064156554205,0.11363855597587073,0.13668438208081235,0.10124789071316408,0.22486000489458013,0.052076525986288306,0.041748369162631006,0.12620488747040107,0.10600874215071025
0.09924222449990862,0.1066147510739261,0.12430463888997344,0.12044298658678389,0.08110010589375569,0.11634419352579538,0.08668138606733723,0.1475904153627551,0.11767929809976453
0.0935564194520694,0.12677609794343916,0.16097483727727555,0.13437601758426646,0.08399032982268152,0.07863846047421062,0.12706864266636891,0.11402176333620088,0.08059743144348762
0.11590418125973212,0.1328231614179173,0.14345790010672424,0.11356198108938616,0.08452191450622117,0.17489430521778818,0.08732951612769213,0.0982098822214706,0.049297158053068064
0.13878423335702414,0.0942821284118933,0.10153948387674978,0.03642978830620818,0.09322554510634236,0.16358352121729222,0.2103759397385702,0.10420819215649661,0.05757116782942323
0.11167615991617741,0.14678802959944726,0.18690920781727574,0.036562853487493246,0.09631042924477469,0.04127312440406233,0.08060973721232235,0.08656596542286417,0.21330449289558276
0.07092155781918041,0.11446291382253686,0.10943860138763388,0.17248701988504275,0.12604743731907733,0.1781071792003418,0.059634622599970814,0.09666964761169894,0.07223102035451724
0.0929670230409525,0.14306314726355676,0.13523948794394514,0.061502015651982885,0.15621059061109635,0.10628586806119662,0.025378170968022685,0.14814460952086766,0.13120908693837938
0.05308380078547629,0.10041692841055305,0.12464513420461355,0.08355676571276509,0.07178590090628459,0.2056557049606076,0.09938421687838749,0.11656781201817362,0.1449037361231387
0.07578067908050666,0.11436531771720826,0.14246671280038253,0.12536003105584959,0.05662696217300176,0.12952752462033953,0.028409670522005746,0.14217948415732332,0.18528361787338257
0.08723762860834122,0.07620789688695488,0.13434443122120987,0.2118963825676002,0.08883338467516282,0.010595930041971445,0.2474536835267219,0.12122104432307412,0.022209618148963623
0.08362904331970329,0.12156030872062094,0.12521437593661425,0.07985604580866444,0.0658646963803932,0.18956551326554674,0.060020718816201905,0.10554660843444663,0.16874268931780856
0.07943561999636888,0.17921831777754074,0.1141865973558262,0.02141128189770487,0.10779187264609923,0.22113229467777132,0.057324337961953874,0.12328419613978832,0.0962154815469466
0.17183129195817917,0.11292001480743229,0.16314844017966917,0.07182961997943504,0.08601732017255943,0.11189385289938704,0.09813600675264929,0.1333493039258257,0.0508741493248629
0.10125318973807894,0.10836390419482399,0.10520965042115617,0.0724778091361619,0.10020009789744176,0.12596410180229312,0.059489859945588607,0.10612685787386644,0.22091452899058903
0.0765126729050563,0.16060055265004483,0.08373353824933712,0.062002038301236996,0.08406144115050755,0.3049695488755813,0.02801204958132339,0.09830286477336632,0.10180529351354622
0.13387073234060112,0.14041313023003257,0.09071316606982445,0.04548201142290507,0.12213118240330394,0.06545513506766239,0.1291631759250071,0.11179936159037206,0.16097210495029138
0.13171730407007395,0.11671568132609826,0.1000720896952479,0.02752091599497149,0.14925477016759325,0.13290822261969407,0.1630444683577858,0.1033082398241389,0.07545830794439637
0.07982245500832323,0.14549217241538315,0.1033317211992144,0.05796577701858269,0.0760539724365001,0.16148198065587327,0.10002664545528046,0.10235156828629038,0.17347370752455235
0.08170901156002806,0.09069239434824782,0.12292087181782292,0.04694756206546182,0.09281625421680768,0.28396433427052825,0.12333012704233055,0.10219229072566459,0.055427153953108356
0.1227221765367366,0.11790052475136348,0.16862677204146928,0.06117071325323217,0.12152494285008351,0.13843307674489314,0.10630432843043312,0.11977471558683532,0.04354274980495341
0.07881345220319338,0.09269556960840152,0.1288547218121541,0.02905541654595809,0.05808057460306567,0.2343497862140207,0.1107502331696086,0.09848186803103771,0.16891837781256025
0.06968576964238521,0.0927099046658721,0.12363058529753179,0.1836850820517143,0.05176760995279809,0.08739233893928873,0.0371850421782218,0.11338984424542081,0.2405538230267672
0.10048659279608184,0.125195406361326,0.11221323266687633,0.23816344681582544,0.11329222690377538,0.06477867915594622,0.017094026957312294,0.17128494123170399,0.057491447111152526
0.18993755376387708,0.12023957180220972,0.1503854750114222,0.06491621426217109,0.17588779243314093,0.056640290090864236,0.052751380059835075,0.12929663179175618,0.059945090784723605
0.1239299277664574,0.1380888370899357,0.09583946380281196,0.04961574296883108,0.1376726227001382,0.16020839936681655,0.03949193083080214,0.14135420672632934,0.11379886874787763
0.14456399549807306,0.1009944169756661,0.11738351955162636,0.13279293236544942,0.07163368618305901,0.17863005721584202,0.07986830996173538,0.09747406745935405,0.07665901478919464
0.06949566052916888,0.07073439934750253,0.11202138925139153,0.07185351896087272,0.14594859246561656,0.07922178449072327,0.23846713866973665,0.11309527637927581,0.09916223990571205
0.09172050904506944,0.12285528776879122,0.1344996760223408,0.08236265343769385,0.11374251512328389,0.10439646186972863,0.10933622062726267,0.15014967011225686,0.0909370059935727
0.0935111001652265,0.09766496203205888,0.11768129816940287,0.07807370872200997,0.10053688684033019,0.3273108735575759,0.05118955370944118,0.0934644807053613,0.04056713609859324
0.05933772655122868,0.06688777814464475,0.08520373393047333,0.062345074475895566,0.045277667107990915,0.25235052204970493,0.032418821920689685,0.08504648825732246,0.3111321875620497
0.10081111032543627,0.11489901203699736,0.08014468597454526,0.052262175087779306,0.15608352407496598,0.03803409412500231,0.28052566628275216,0.13582543923584126,0.0414142928566801
0.06023370580641024,0.10718974689853054,0.08727681900488377,0.008186984763952793,0.06302735647891623,0.3887221265756731,0.07793252331088124,0.08519510432839994,0.1222356328323521
0.07407266988298422,0.05558087676649833,0.10499279040124714,0.11195706379468341,0.05774697559095219,0.35969097700064373,0.08205253058769313,0.07682946128199018,0.07707665469330771
0.07373144235534036,0.16188733658585808,0.17186441698852387,0.10708196194242625,0.07127547947486347,0.0826427397849841,0.13236911310556712,0.10536964977983472,0.09377785998260198
0.10121003261514049,0.18860009097173477,0.12289801099795157,0.03623371806928779,0.14348241949398385,0.1791237440295066,0.04870879684927446,0.12096043010082895,0.058782756872291536
0.12385795591549009,0.18290807569190806,0.15145170462013763,0.039141978528857015,0.054964670092774365,0.12324987347786591,0.014195678470383452,0.1327740267337378,0.17745603646884567
0.05613675183711342,0.12835246512527196,0.10927128048364264,0.1526279309622427,0.08615636310804327,0.149283879248119,0.10748032704256177,0.1288960379927984,0.08179496420020689
0.10781465660046385,0.12570954011539412,0.1371618830312732,0.040872035147857345,0.10830412579288214,0.07078902574129081,0.10591820160731065,0.15696076620574614,0.14646976575778173
0.0724058293724033,0.10855461512099684,0.12211261571569505,0.09373429312698878,0.07461046189167075,0.07806928070758716,0.17458352618524162,0.15675587484262532,0.11917350303679121
0.17306950076258099,0.05544252111682139,0.060493949992723485,0.30064974196118005,0.05779639250983818,0.06679542222826669,0.06945526100278286,0.05937088526129508,0.15692632516451122
0.09922688428007213,0.12503987701672406,0.11627811102942165,0.021783271279579575,0.13983648229908877,0.07136893226426534,0.24185952265591468,0.13532759934266367,0.04927931983227013
0.0761511453785105,0.09509284611097622,0.0763272034828142,0.035140420398953626,0.06361065242205746,0.38332020791823157,0.02468023567099766,0.07902145290647693,0.1666558357109818
0.09207148975835026,0.08062730172491296,0.10821168555932674,0.08791760407236032,0.08224373468638833,0.20993562793135104,0.1313926204240176,0.10164308215663005,0.1059568536866627
0.07774713807348178,0.11062370397456123,0.11544756960436293,0.06015048054957304,0.23635984308997102,0.017688950342535554,0.0871779237169074,0.1399793810959061,0.15482500955270087
0.09715698617945594,0.0884228687083851,0.09003369103817566,0.18566679149383314,0.07391572758815097,0.10921270668116971,0.07345539937569161,0.12696086399032358,0.15517496494481423
0.0650911154472902,0.06679615939758386,0.07216860165914153,0.24489862514144714,0.0603692231303887,0.0532948166052119,0.12682334968029785,0.09514270549040171,0.21541540344823706
0.11622519519024792,0.0905382608687122,0.0791071888507177,0.051462384421001324,0.0418899701279555,0.24418622641764656,0.014418961335209667,0.08287629495682315,0.279295517831686
0.09131849210305942,0.07517090682949855,0.13934817982846168,0.20985651666252955,0.14256627531391827,0.023661646785565277,0.17259053243996728,0.09162986951322234,0.053857580523777544
0.14297577842682904,0.10186400514383148,0.0905834079029778,0.14593392295169672,0.13605984903242563,0.04457861418342369,0.01761131483382514,0.09322238613705613,0.22717072138793445
0.09327500503696834,0.08038677745405336,0.12225382643154951,0.12441767753699044,0.15420565384154705,0.061869839226580424,0.040614642237225655,0.11376565741353846,0.20921092082154677
0.09496123533598781,0.09878459157746593,0.0880049234214443,0.04805465798329769,0.12180710502634655,0.11525153924960584,0.21738579057969884,0.10202130247348234,0.1137288543526707
0.07821471356502395,0.1444705279285551,0.13514292330967284,0.122697964751782,0.07379944691296607,0.057168185251685606,0.04737215785539813,0.12237500259542151,0.2187590778294948
0.06489589576074249,0.17699886330173056,0.14329131104633575,0.07855444211712227,0.05315636799387188,0.168947450186697,0.13523352226331628,0.12351587221586979,0.055406275114314
0.0737050471735117,0.07913989528861719,0.09971797069416678,0.0934187864038979,0.13155538799415098,0.2658550342915334,0.10352162450332254,0.09654890399979806,0.056537349651001434
0.15699871164895088,0.09301414197274897,0.07369470700207652,0.24748527924555644,0.07260502638074136,0.12019769467039086,0.025952166527649635,0.07605910329410175,0.1339931692577835
