0.3297851868455518,0.15007241542336439,0.05880192543338286,0.05367020256941751,0.10783715182893834,0.07755559022807701,0.09878940096216944,0.06745380755460724,0.056034319154491384
0.1730053941171875,0.055151817620912064,0.07975731537184505,0.09728596090807701,0.09352574405105234,0.11638361407844244,0.17166438565566056,0.1530199392799901,0.06020582891683298
0.05025947918547499,0.19313008150386565,0.11230501980918188,0.09507301096045605,0.1297646010406924,0.10841596559713118,0.11109383763635927,0.06102691601916305,0.1389310882476756
0.06366935773494893,0.14731901803707947,0.18290418008763995,0.03528797286945077,0.13882208511997662,0.09135320456622986,0.08314539052376989,0.06919115019209339,0.18830764086881113
0.26214631091552526,0.1473840229674979,0.05157957525325119,0.051268191221519634,0.0864366116995623,0.06956346385578033,0.09881825822068922,0.1540217414668262,0.07878182439934804
0.046741725370246366,0.13681941632966274,0.071717736741999,0.21194884769433375,0.09995556442451738,0.12126990620667845,0.08044751459660639,0.07505076604616652,0.15604852258978932
0.18527352753579476,0.10826728606128311,0.051868462663417436,0.14016809401774302,0.10876595124270634,0.12236108512559223,0.07366445671986065,0.17482263254327898,0.03480850409032349
0.056835142601964726,0.165617327016914,0.12583826680683868,0.018754325031360614,0.2132424197438053,0.07846577626472108,0.12630307880941358,0.06233111530611954,0.1526125484188625
0.1268148270057936,0.13247688521703513,0.08447519006413369,0.0529313042583248,0.17004099112261564,0.10005127568477307,0.1450541984258867,0.12702489574260617,0.061130432478831216
0.3126008518073782,0.10853958585611316,0.05922885123726601,0.07452383456785061,0.0885387221319159,0.09669210425904588,0.11289998004990091,0.0878576462742281,0.05911842381630126
0.17673582153148404,0.1365231090057942,0.03761094690364163,0.23360024836419357,0.06529128622683705,0.09181580087880507,0.10612924754546342,0.029483590707266787,0.1228099488365143
0.06680553584987661,0.11282388155461563,0.12016460773268513,0.10976092263550859,0.10192951254837172,0.12037759514948936,0.12082817572622206,0.1275332299098393,0.11977653889339156
0.1362368843583245,0.14237557080315186,0.10878797371785322,0.11878724683998769,0.09207681780986166,0.12578274650104468,0.11795551752638289,0.10341856906947895,0.05457867337391462
0.08690077721210754,0.0394480575004604,0.08575129029930025,0.25732824635718093,0.08158351621189601,0.14712192867980886,0.11220395736491011,0.09240745633213554,0.09725477004220028
0.15450514970902438,0.09468925511545329,0.04491366495271102,0.1659116051408975,0.20698825466928397,0.10224973898636763,0.06351014672100513,0.12842999439618252,0.03880219030907449
0.13901822662660898,0.11853177567039573,0.09682923341252979,0.0784306277393393,0.08908636059347512,0.10593869707534766,0.17054745911180683,0.096081299345398,0.10553632042509864
0.04756142807855316,0.14830111051646502,0.06301640983360061,0.23376687918673414,0.08852799576598047,0.12228994230638957,0.09558729228732353,0.06935458506034602,0.1315943569646075
0.1369658401966684,0.09491299516830927,0.09625401828775647,0.17668052721845162,0.08003435461392494,0.13195595517933525,0.09758558982082392,0.055296676865338755,0.1303140426493913
0.20011094609502647,0.1616496309608764,0.08707247633969144,0.07693181439060459,0.08453723272026552,0.09663553233634066,0.0973193347904668,0.08940118208900365,0.10634185027772448
0.07480219885890481,0.19620270590320357,0.07937629313192208,0.1810306105040568,0.084429118010705,0.12105557688033887,0.08991663539449202,0.05912447332013318,0.11406238799624362
0.04158999548253828,0.008383729960212909,0.016225058739244104,0.09695703863602928,0.09662883137359098,0.10831090058758637,0.18703324069393923,0.43605439567646354,0.00881680885039529
0.13213234527200354,0.09654512349142234,0.1373837899344888,0.023270516555622723,0.18905171219407588,0.07219543522913373,0.16352397583243025,0.08517345278071599,0.1007236487101067
0.09822064321530237,0.14352020344468883,0.08227856060615078,0.20739355352507063,0.08137440280384078,0.13105875293896338,0.06274057200659076,0.06277015895916112,0.13064315250023142
0.17288849488932956,0.12929976930360645,0.10001982342632217,0.11084488915869478,0.08847464211276142,0.1260225407211535,0.13533027953302407,0.06522703599629097,0.07189252485881707
0.10287910939768889,0.056842368986579545,0.10224265084045929,0.21242224795788253,0.0867080630765583,0.14602614279980045,0.12224602905385834,0.0929885100170245,0.07764487787014822
0.2833800907409527,0.11577194081598881,0.038483756320002845,0.05896038134074776,0.23626909897157203,0.065414375543233,0.05952311345771417,0.10141349692208257,0.04078374588770612
0.08317265605636776,0.11766274602206261,0.12630906279012175,0.06632482660728264,0.18455933553722007,0.11320869429339075,0.1675230968962691,0.04525307766126005,0.09598650413602529
0.11604449139874458,0.1625686581942897,0.054753630382722705,0.1701670294044747,0.11099883133351292,0.13350635101341427,0.09180814264450715,0.10029503478065949,0.05985783084767441
0.10111866969387688,0.25506896497323867,0.04454040364123118,0.18984209244789493,0.08479738520003248,0.08937602722260594,0.06629054734648011,0.037954015052808515,0.13101189442183128
0.2115306321715947,0.10157285280028429,0.10160988633507721,0.10986321291294869,0.09779628796770011,0.13522794032819066,0.08379926901093916,0.11211813972426592,0.046481778748999274
0.21749623267968685,0.2781223694073942,0.035224759567672466,0.046154068806776416,0.17021859255175079,0.049934501756013085,0.062117805605154765,0.09210772721926509,0.04862394240628636
0.13389897805625117,0.16349605622450178,0.06630699249986419,0.1035133744533091,0.1244436915548861,0.10246333427693764,0.16263964998562527,0.07642688364888829,0.06681103929973649
0.0560371101341352,0.07337085376986245,0.07716031707110714,0.19378520731609813,0.1440445169535074,0.13569301187823604,0.08698786891188702,0.14510415208118646,0.08781696188398014
0.11194220051180791,0.1940065369122053,0.06110525527413615,0.22474063028794375,0.08978339036242167,0.11572729706798006,0.06838905111299094,0.04830772497760519,0.08599791349290913
0.10864597438334478,0.0807852508551507,0.1550371532554999,0.07210165705467816,0.15100843434708167,0.1173548472326739,0.1021189757569358,0.1490848679682576,0.06386283914637746
0.09828048417577713,0.026036772014376857,0.06957663792212469,0.27991306343263345,0.06670920084671238,0.14764210414031773,0.05225921620526263,0.14608929504213616,0.11349322622065895
0.24132259421872218,0.09315703953789978,0.07461441107320539,0.11008015841252665,0.14376183119228167,0.10681194881093985,0.05757036568256609,0.10609209505423849,0.06658955601761989
0.07286022204993413,0.17295327394790494,0.0702441768857755,0.13581673818291914,0.1155879726258681,0.10166631050205747,0.11194328016706544,0.052675064220642144,0.1662529614178332
0.1612542559900376,0.12061617193882417,0.10191843291939344,0.08989364764085694,0.08006644477484119,0.10641333537007487,0.09148703418339062,0.0661993659063645,0.18215131127621667
0.08203561155519397,0.07149887494380651,0.13381268191121523,0.11679965063204145,0.14157135142847796,0.1462588038797917,0.11357564166918523,0.06278115146502074,0.13166623251526718
0.15816640751771635,0.07014040097728665,0.11477133896383246,0.0930709935906,0.11499479171996742,0.13124276114114009,0.13391619743181582,0.13911286775509346,0.04458424090254783
0.08384629659220848,0.04530843578630137,0.11855153693980038,0.06152150763864327,0.13859527586259449,0.10297598798151157,0.12406993705001164,0.20662446101937823,0.1185065611295506
0.06289899835846964,0.03838297174943486,0.06378804912169563,0.07645766457250902,0.07671218041911826,0.12397466914424783,0.16518800286468194,0.3667571207566443,0.025840343013198503
0.18523762495014964,0.11707010378397338,0.05389442674840266,0.05021646641450365,0.17393699889791722,0.08410885693578955,0.18912521121742812,0.1029089090326788,0.043501402019156865
0.09563473625819856,0.1203197635096569,0.08890818385826765,0.03100703321503595,0.16600496250752914,0.10867420248914468,0.2679803847145952,0.07775978575394422,0.04371094769362769
0.14904351261482207,0.08493930803395999,0.0698972959716931,0.0357258433428489,0.15943044576146106,0.08498220183275722,0.114995079324282,0.2651295841011646,0.035856729017011056
0.14025758326227625,0.1071951897176275,0.1171438510408146,0.02821633022320318,0.14318946171154842,0.0886276230589006,0.20814699988558324,0.07322497543554109,0.09399798566450508
0.20858423375052756,0.1565211196433317,0.07000515258402494,0.051811646081402485,0.11041739854819554,0.08112218948503663,0.17412881388611381,0.09299167129075048,0.05441777473061695
0.07638529884772065,0.23237184993543378,0.08716721419442859,0.04737298372631524,0.18574332564831605,0.0759605822389074,0.10838525964022995,0.06126351013772006,0.1253499756309283
0.0764062619210331,0.18463953722483004,0.08501823515141423,0.09466241817271932,0.15167541908369303,0.09868889785301027,0.15762944061397854,0.06015647145841835,0.09112331852090315
0.13171394404244377,0.1434068350984481,0.05084818095629586,0.029883561507822343,0.1700039410825244,0.07185986497694734,0.21949145773212,0.11856590262293588,0.06422631198046225
0.04710925990791263,0.2274207277178836,0.07289067099636513,0.11350499020122205,0.11491239883903574,0.09746724559722512,0.11436329357289311,0.09664155125781804,0.11568986190964453
0.09441942753667715,0.10665002423609242,0.10978166508049164,0.03200133249380196,0.12841873027103493,0.09297806235380039,0.21438220584276177,0.11106359356510158,0.11030495862023813
0.10664001222478858,0.17374275753281196,0.07225615686206903,0.07932785075624083,0.08455063109833583,0.09133412611949183,0.12776706638752086,0.23331762324487637,0.031063775773864755
0.03537624412150287,0.16747889018355544,0.04294026664410947,0.25987528627050377,0.06990771954822907,0.09937941532128867,0.07413097760903598,0.03098498090112951,0.21992621940064516
0.07892493109250552,0.1193763730304926,0.07915541702677277,0.05583790156074239,0.1069363061314751,0.09815923620520846,0.1952124429103476,0.16276325768915534,0.10363413435330023
0.11198444896654552,0.1526312573158116,0.11972772032629603,0.07309868422574202,0.11481408511945801,0.11166486926513959,0.14028927512117767,0.06435981510593596,0.1114298445538936
0.08774126226558436,0.0887999621960474,0.0962092340670014,0.08116989472562218,0.18718538926414655,0.1062706090825064,0.13465732791642776,0.05248484967076561,0.16548147081189837
0.18573889800097435,0.20402066712300115,0.0540934247566179,0.11645609642531873,0.15918729038855153,0.09456394874984238,0.05558874617820735,0.0742277556617251,0.05612317271576151
0.06715153211276965,0.15027140126218785,0.0645421136417793,0.06976537898922099,0.09921241449795543,0.09659254211316594,0.1639550804818314,0.22886126681524296,0.059648270085846423
0.26616805955991635,0.18169214661639121,0.05997163778383175,0.09462764862544769,0.10650527548234044,0.09171878934884393,0.08043311639157963,0.062493262298342955,0.05639006389330612
0.08019662802736008,0.03325038970521542,0.2410836302269285,0.02576732064851349,0.10644859215685769,0.11607095480388686,0.18870452158335493,0.10384488525059667,0.10463307759728635
0.07036542668014374,0.11130987192208945,0.08533019755010329,0.05558322693574869,0.1121696985386011,0.11691177866138452,0.2431987147366151,0.12368648355741889,0.08144460141789513
0.1072147097777737,0.10673517961523638,0.10411146660789866,0.08891320617578648,0.1291200990030307,0.10129798018635583,0.12205003868620501,0.09874429635717652,0.1418130235905367
0.12022877226656191,0.15799795028114746,0.10072255561589527,0.15081885421054775,0.08023590003758581,0.12014589065707319,0.07399388781378044,0.06402665657453784,0.13182953254287036
0.08806563894508547,0.15275670223701385,0.08277284971579613,0.1738022133579268,0.09314947591946358,0.1293257034282039,0.13331623485091182,0.09616416139015066,0.05064702015544764
0.1626885909880806,0.23222187637592343,0.04619753514552322,0.07240123234901386,0.1456513352544739,0.07109865022872916,0.10389576521693783,0.05992867433896559,0.10591634010235239
0.16494043681603185,0.1320625017919927,0.06509161266016346,0.1094518811749925,0.1456102944109741,0.09073037839230762,0.077079173761067,0.1233177596298188,0.09171596136265198
0.07826044806158296,0.2593461379228543,0.05180212337362667,0.1424468944122433,0.10889672103439015,0.10121071202253605,0.13448861576194396,0.06441722940043143,0.05913111801039117
0.1210885967334176,0.12798439282866544,0.08974846973715866,0.04393369836867872,0.2014811705592627,0.10140976518178511,0.1236825691240316,0.08636298554151993,0.10430835192548023
0.16652642412336824,0.07515744804278836,0.07383122493970083,0.08793429850103503,0.0811226753028028,0.11518054978116903,0.11791906803081231,0.24181977284919132,0.04050853842913216
0.1291274407983654,0.07736270101084979,0.03393892226499353,0.28868204575776085,0.09687614425652984,0.12500469688867197,0.05855197907640226,0.08825649460042895,0.10219957534599734
0.23457858009293198,0.07271741704514106,0.05558627940701285,0.0703206279342345,0.08587426722652364,0.09205901904838205,0.09888336527850435,0.205284995801291,0.08469544816597858
0.15820496357484712,0.08094239716079131,0.08310587736555902,0.09392549098967605,0.13224482481518904,0.1127497337201161,0.09609328382243726,0.17622173991509574,0.06651168863628833
0.06799582615775686,0.09583332394718286,0.11550112806002466,0.16795371267243034,0.08794974158516766,0.14621597087929078,0.13337661037612483,0.06042249695741786,0.12475118936460411
0.030985699521488497,0.12343377425048256,0.05998594480338763,0.26223812703165605,0.07455374220243936,0.11752937982434512,0.10655171476362962,0.047225356978425205,0.17749626062414592
0.12518965966468087,0.10408043147121337,0.07992707622678634,0.15946810823530244,0.09774361999276526,0.12380836088333091,0.09024572788638445,0.07292244243767972,0.1466145732018567
0.2712729580329581,0.10321209502686035,0.03545117647308863,0.04759223165445711,0.16743857892453384,0.06078138923591044,0.15764685176601378,0.08141991282330514,0.07518480606287264
0.06697164898402437,0.04467905664061861,0.14181978913506973,0.1150662670019701,0.09422301264301258,0.16643449238490135,0.13404110137282566,0.16398764383841252,0.07277698799916509
0.08780127826003221,0.18423279549877666,0.05411766189785341,0.08408902803359215,0.12678550387226192,0.08983353603543964,0.16867649576883437,0.12780945746806022,0.07665424316514932
0.06871722907517193,0.1636578374776421,0.06357958193415329,0.07114437982857581,0.14981243439454536,0.09260507482029319,0.16357061794785052,0.09041851020885007,0.13649433431291777
0.07643247317763273,0.10811910910524476,0.0901788793576364,0.04479447702812886,0.15303026810451456,0.10468391178328951,0.21872423843338265,0.1015969996851061,0.1024396433250644
0.12171231283711559,0.11624701104972639,0.09544528706467525,0.19356115792570083,0.0864172304470171,0.13806099066592922,0.10862192319075688,0.04721767062793325,0.09271641619114539
0.22395679531620036,0.09658623864573025,0.030621948373716883,0.24092251769782871,0.0808854504669903,0.1057124076121293,0.11153976643569685,0.08151582953976597,0.02825904591194132
0.27506229088234174,0.07809758867035764,0.08830451387662502,0.09861116671614904,0.0982304488443168,0.11528399138960597,0.06981121582175054,0.1385005436811226,0.03809824011773063
0.12065248807603414,0.07909776100108999,0.037062437299609695,0.03382228835927651,0.1883960568133954,0.08096942935921639,0.23594413644523585,0.19465406425572027,0.029401338390421722
0.13198495287832768,0.06086857136172663,0.09457693784320896,0.14936049107986032,0.1430772420470971,0.1530131738508238,0.061451156268051504,0.1271898864286064,0.0784775882422976
0.1260972980895417,0.11227126835705332,0.06546869659380115,0.2113739768184689,0.09941761175029834,0.13581676348114768,0.06600586424249459,0.10191400840737763,0.08163451225981669
0.1001624364763376,0.08532074097300174,0.10896912768747787,0.0408036676988515,0.19850417545086038,0.08379064015374275,0.15602486428262619,0.08948979849086318,0.13693454878623884
0.09848663258144376,0.12227176704669561,0.0736092283926653,0.09186585760372601,0.15994317802745137,0.10164696810574231,0.15794378066102502,0.10375987270194538,0.0904727148793052
0.07903233234646102,0.22908920674407854,0.10868856872911582,0.10571989646017162,0.11783069934835251,0.10753306882184509,0.0820989317814717,0.060246606871938384,0.10976068889656537
0.22698591228901407,0.1528021951739812,0.05150149883143428,0.034795648284249,0.20763911225108947,0.06078405979928658,0.08850424346093207,0.10334671822615198,0.07364061168386137
0.20799539301335354,0.12496422667816742,0.04908481803281833,0.1561621844205668,0.08303797567540795,0.09746281384962892,0.06424950931234458,0.14108090195838327,0.07596217705932908
0.17674547479332117,0.0808664197607143,0.09941108744962374,0.15793986093956833,0.0838347902836238,0.147288762635623,0.07936275950177742,0.07088497271252925,0.10366587192321908
0.17734533337519273,0.08293275482382949,0.0722276486043381,0.04916255138602555,0.16045075785470098,0.08127058363813623,0.17203705057540494,0.10162240564564229,0.10295091409672963
0.09583424832904397,0.11037549182550939,0.10809427189074812,0.0636933580074147,0.13893353835324476,0.10656997949477465,0.21028503764065545,0.0976253648300172,0.06858870962859175
0.03975190712518791,0.020205683847843946,0.017758360600116617,0.05572976426049167,0.10327202453857269,0.09326571614422426,0.19951627823786336,0.45745094815529336,0.013049317090406099
0.08751121076863126,0.07632651227013376,0.16157223906109047,0.09208030985564346,0.09231147155127549,0.13768290690673568,0.1462438583795562,0.10776363689597546,0.09850785431095832
0.0787177178379409,0.10118957755764502,0.11562658300613793,0.14828187096107728,0.11872133221957738,0.13632069554343837,0.16333778100167537,0.06818506492303905,0.06961937694946865
0.06722946648868541,0.17029456368440332,0.06295993167502846,0.095073253762205,0.11708780074525553,0.11384871779014438,0.22358354969165342,0.09365488924272451,0.056267826919899976
0.16541495390043023,0.136795465111151,0.08262546995512056,0.16035921918244778,0.09631081723346385,0.12395562582380504,0.0649135941261041,0.11369689898605055,0.05592795568142686
0.07265999389561158,0.03742600093157559,0.22942409843353637,0.09479383286228114,0.09718592524048407,0.1540343588061635,0.09823524331399251,0.1139384306765497,0.10230211583980563
0.1669344272190962,0.19377910531288967,0.04342645012105,0.18813541599592656,0.09717293478284185,0.09609854378644321,0.07218836178908142,0.0749319109283685,0.06733285006430255
0.11447842143157165,0.08642814498224148,0.09041591618023458,0.03380363256087434,0.1577505052187468,0.11821451351648361,0.21247263214690246,0.14279407041011533,0.0436421635528298
0.047152020067042645,0.13504820186329644,0.08954613217535289,0.06361764094167487,0.10002080406489096,0.11521478851375999,0.1662156501002331,0.2206248329642946,0.06255992930945453
0.08197857494382536,0.27566098303469605,0.0690462628537122,0.014728435987083796,0.19883318589643573,0.06423216165364828,0.10145504738631922,0.019089275989191128,0.17497607225508824
0.3250156965244367,0.06999757735230334,0.04770355805008533,0.06209823098776331,0.09659024976545551,0.08619818868569477,0.13306137775216278,0.1306755648377703,0.048659556044327916
0.082308312546658,0.05841204137869694,0.13500962517022796,0.11080911816417864,0.08957402021359202,0.1340224430687394,0.10458754375447381,0.15050686890086462,0.13477002680256867
0.06941881476157784,0.08896131657526346,0.08083263700838605,0.1516675159974912,0.1026147511198503,0.1244928157860175,0.1397322161409781,0.16601201100344098,0.07626792160699454
0.1362893289861292,0.06011166622180489,0.09079467924245414,0.12642918689005497,0.2266165619482652,0.09716528348651148,0.12221822170592023,0.08052240444782412,0.05985266707103579
0.22408230912313912,0.15888029062318054,0.037758833216449926,0.08513069998764149,0.1180453737785546,0.08197820669616725,0.15895464840537946,0.0938243330833724,0.04134530508611509
0.12336079655144894,0.0899661710353759,0.120037655006203,0.034158057271285555,0.1890621626957999,0.08675790363055891,0.10156768673339307,0.1510221544919341,0.10406741258400061
0.17470004936167716,0.09303316396422934,0.07986008161049486,0.1271353020274361,0.08509013501258171,0.1189377823884958,0.07554945775905746,0.20178489796731172,0.043909129908715865
0.24785510808989683,0.08008766596193163,0.037721185106303214,0.0756960114070739,0.263280661001223,0.07217736466145092,0.06930396418438216,0.10820463499343858,0.04567340459429988
0.18990006774999146,0.13946452880316187,0.06777997303710719,0.07223592669397057,0.15853091210769796,0.08504568561183916,0.12778486561278532,0.047860811597027014,0.1113972287864194
0.09004225741202494,0.0881047496006483,0.09903350831524227,0.21419801573807573,0.08441335292746306,0.15334600859198888,0.0764966630295029,0.08108095806361248,0.11328448632144149
0.15886637348104382,0.16636754188534206,0.055997821977634275,0.07944579351648141,0.18470796363052247,0.07828388864941804,0.05014012903733689,0.15919761536663354,0.0669928724555875
0.046221643841314226,0.26813174616410546,0.07138698402092712,0.11036927892293202,0.18120003065971893,0.09943198558643924,0.08312704756858652,0.03319729970990625,0.10693398352607024
0.06075246550107685,0.2667290378014654,0.08485465319334708,0.08891287769411647,0.10242926549456575,0.09088508658299571,0.0792894212565169,0.04104653544931954,0.18510065702659637
0.12546352679808562,0.11854118191968788,0.06251412671187033,0.03650445828595276,0.15216140833772793,0.08455110452329817,0.2671657326622933,0.10945996016422987,0.043638500596854146
0.10785245007920495,0.2506570210104222,0.05270493461045981,0.10467467301915655,0.11594344175842075,0.08985587602932833,0.10949121964092982,0.12853812778623,0.040282256065847476
