0.020834638985633664,0.1136049541228857,0.09026473504704012,0.0139992023517374,0.18706655604146424,0.270003914199318,0.09380577737000166,0.16961294120334822,0.04080728067857104
0.2265852491476875,0.12217395217278693,0.09108235286405313,0.007707516236937402,0.056111209860336714,0.18760291241063576,0.11001901167609196,0.06274799362572149,0.13596980200574912
0.17738032375304538,0.05239304094583928,0.12446276317371412,0.0942359136205847,0.15656084265770107,0.08627977550871208,0.06497659480934095,0.06059658476252284,0.18311416076853967
0.1272998406784726,0.06847008989883059,0.14053463544897016,0.0811052702805256,0.1503180121611649,0.08212166020859665,0.09301080184108922,0.09754167880045699,0.15959801068189333
0.10987744111579152,0.10228271821261088,0.15752473197057446,0.04160960778270963,0.07645329735830324,0.11792839110812375,0.20332798438991942,0.06418021131291063,0.12681561674905648
0.09853229603030049,0.136484946212972,0.12824225444236345,0.019041413448788933,0.09326018200425489,0.1523789692107449,0.12191799679318754,0.10677233017700043,0.14336961168038742
0.137675073900396,0.089312890323141,0.11621524209432921,0.06194104527392994,0.15045527883252555,0.08036235942626706,0.17485097788131765,0.07183242320563178,0.11735470906246186
0.20224264630946895,0.09419042114782139,0.13231909824130844,0.003678971452083433,0.025588533393989605,0.24090280502528671,0.1033257181064272,0.030512346584747756,0.16723945973886653
0.09054877649823294,0.09547342871325619,0.12285315337366794,0.1903072522006013,0.06970316575722503,0.0775626023569341,0.1510654239531273,0.08875671370256406,0.11372948344439114
0.10162667440068583,0.10441652851766721,0.0938267741271193,0.014659588844244823,0.08523948273862648,0.29680489559964324,0.125486876961467,0.09498264999531857,0.08295652881522751
0.081315025276955,0.11372927856520336,0.09601166144715528,0.014965179055642508,0.0765537074981923,0.3202569431232436,0.09757683464403526,0.12156068202167813,0.07803068836789454
0.03232207472797161,0.14304557258883974,0.13605175120378873,0.07442212287813262,0.08816699079674377,0.07763437693414117,0.22485051005433565,0.1244524101038138,0.09905419071223287
0.02552875006721378,0.08749535551396186,0.16413111441887274,0.04934033549267574,0.13068293204587356,0.1236407387634521,0.14974732900064164,0.17440286697750187,0.0950305777198067
0.21342349570064167,0.0743052401210978,0.0915192136546687,0.009853028752078042,0.13839953707942135,0.16410186710585686,0.1596429665560566,0.03484010359114168,0.11391454743903728
0.1496225970985082,0.04850632580950692,0.12820602582252769,0.06437495135390069,0.2634505484245305,0.07718339063666708,0.07747068736900169,0.044150950043929306,0.14703452344142787
0.0748985257472048,0.06741520923796666,0.13632428403818267,0.2238183254888478,0.14815569438010787,0.03741929961982762,0.11854664914256087,0.10052061670462653,0.09290139564067523
0.06930431093722364,0.06825909379563737,0.14132455927078236,0.03389763337205053,0.13834821013637613,0.13982224638137866,0.11546342827041868,0.1787934614104154,0.1147870564257172
0.02235826782456336,0.0385185296266019,0.09899706756610353,0.04707033570624392,0.3076660905796601,0.09047294539971973,0.15845718960493047,0.18663394353273252,0.049825630159444405
0.045780508557545424,0.05794930382435049,0.17716297630080313,0.054734518385469576,0.2531023798429231,0.1195549586619724,0.10507438055563768,0.0753459967434728,0.11129497712782536
0.013643661696017986,0.12343279504908038,0.12647820656811692,0.06827756539375947,0.05304530592651798,0.13928750472936333,0.10800985188675344,0.305219350751643,0.06260575799874755
0.26083807156789,0.11198757933376152,0.07663772294621975,0.01813527991786248,0.08742502523194788,0.22505941791373715,0.07139716509996615,0.04495236888270813,0.10356736910590685
0.053411467229893504,0.25437723340859003,0.1227199357101067,0.018344931119915114,0.001478166034790726,0.27377581686196706,0.10607635001518034,0.0595930011990724,0.11022309842048413
0.13078080817498858,0.11825777296831298,0.09272414264148059,0.012652454576868586,0.07697685889877219,0.24607069310945975,0.16169207981573092,0.06718936574610486,0.09365582406828162
0.16037667440623507,0.08350926124988249,0.09719847534056934,0.010421994367012471,0.11407646516023184,0.21612888978245395,0.12647640273239363,0.0890531797714862,0.10275865718973493
0.116047440264765,0.1856030997958992,0.09729643375646324,0.01352208337494107,0.030689510443015367,0.2099132881490217,0.17816145669961184,0.06716532845698318,0.10160135905929935
0.199186888977496,0.07981403303387143,0.10136916655619488,0.0028342049566544105,0.06039178144238506,0.2716334723177585,0.12688692074662847,0.0302233492748511,0.12766018269416027
0.19245425627720017,0.06187033846352213,0.1283089499640744,0.03111592909810505,0.14714578572982737,0.12093370133775017,0.12780129238037263,0.047235649593428776,0.14313409715571943
0.05459841269496874,0.08773509468772615,0.1003032580416992,0.05456749286488308,0.11314368299269262,0.10421313553897159,0.12444442029563314,0.2653962194951189,0.09559828338830667
0.13718790379154178,0.06312897534139042,0.09692738423093568,0.01734428536268517,0.18001301869456077,0.19063972203473548,0.15250403836712922,0.05928060804625221,0.10297406413076936
0.05780174591697886,0.10959214987642851,0.09727666738998791,0.031766298868312025,0.12127994257058232,0.11445020900636939,0.16638978186232606,0.23922062343735362,0.062222581071661315
0.011926264644502853,0.35496103764429426,0.08060518454762507,0.007982276373890736,0.010810184826837757,0.17416820561914206,0.1587943190637547,0.15684673048031786,0.04390579679963463
0.08395862182333037,0.12690662531711186,0.12080955914191714,0.010613417531035958,0.02286750230523531,0.22033852337834636,0.20027084653070618,0.1061882163552829,0.10804668761703402
0.12209629621268038,0.07769624324792372,0.09860066252325418,0.024235923249074472,0.11279632030367752,0.18125239980265143,0.15985199786547488,0.11352532093284384,0.10994483586241964
0.13546699231631515,0.03890681547803202,0.097192319662411,0.06243991515477602,0.32805710381725567,0.07937814138321429,0.100608928371849,0.08065881403880744,0.07729096977733944
0.027973581929238822,0.14757708502087213,0.14088929068298248,0.038047050940595184,0.08059396330131607,0.1605534952617814,0.12351593278700994,0.2081915004080047,0.07265809966819935
0.061974492162666615,0.07211872705229205,0.13716137980852247,0.05426975433649891,0.18157086600421435,0.13828093685715687,0.11216066437905003,0.1333277468494517,0.10913543255014702
0.04702947532735532,0.0844130482834929,0.09847411718321149,0.07697553580193169,0.23754639069477843,0.12750245177020295,0.16376747291896823,0.09214786302574303,0.07214364499431593
0.1547298861854465,0.09158245781802189,0.12313384021187428,0.012278982014003305,0.05120900359140837,0.28070864849880117,0.11149030766517147,0.04624840787855094,0.12861846613672218
0.08138880752193448,0.09777247349478468,0.08706465691647756,0.054809076782566836,0.22471245547373242,0.09114735647866352,0.09572064604631647,0.1822418602774695,0.08514266700805458
0.19287220523947454,0.12774846806093407,0.10946842413194775,0.01914364885448901,0.04290216183762979,0.17204391767089358,0.13997994800250782,0.057107730941303704,0.13873349526081974
0.1229786060831894,0.1343002052516545,0.09486299621913506,0.07349443549453431,0.11388926650815852,0.11141137457943828,0.16912311334198812,0.09672074749923427,0.08321925502266753
0.2623951705847261,0.09171633706681122,0.1171030296365378,0.010189699497040567,0.07127698119357344,0.10664272699860668,0.1389974486210325,0.04759316592983818,0.1540854404718334
0.07513283025299515,0.07260868634949487,0.1443288957032576,0.07696898364264064,0.1085982564603788,0.12309929773679847,0.06655093938013938,0.1557366917088614,0.17697541876543374
0.13884782354417816,0.10777630821815713,0.15721194618231368,0.030877781645924803,0.0567711652163776,0.12371124968003137,0.1589218764077555,0.07132859766407683,0.15455325144118492
0.18302999136320583,0.11018946442184034,0.06807554457062183,0.005810523833035018,0.05883888791047659,0.3421600947244299,0.11919623778278599,0.04106830621951937,0.07163094917408518
0.022488972624292048,0.03583361435755118,0.10963080575376206,0.011166047178247547,0.353208905125107,0.15587679866359583,0.1407999172766429,0.12261943088413942,0.04837550813666199
0.01652266513544802,0.2774033117491382,0.07999864038019974,0.2832103623806678,0.06321000413453526,0.022890386802324775,0.026150802756090833,0.19282581114418118,0.03778801551741419
0.04776195388938489,0.21032526883220956,0.12520260334669128,0.027803110323417604,0.07828066667641602,0.16411131718245503,0.1557241366030235,0.12326667068106338,0.06752427246533878
0.03375101934601594,0.2058437506041527,0.13534219153983026,0.036122352006516804,0.025113780283559862,0.12361109770691325,0.16603538253420927,0.16072006304800343,0.11346036293079849
0.07976537641116153,0.06882705317725354,0.11865294885612658,0.07288560500463247,0.09940951957115197,0.08405810400433104,0.11826457587321342,0.22137001043184434,0.1367668066702851
0.026398971729021902,0.08976865331439532,0.12634358314598607,0.02353802584157083,0.10646364895323294,0.1492827429247189,0.10758662626190431,0.26796717379327184,0.10265057403589783
0.20934627448527496,0.04314296756304342,0.08088296092495312,0.0427488731899742,0.33303919327052195,0.07224245755750396,0.07649452758086843,0.04433176938982488,0.09777097603803507
0.08729355335746769,0.06403892216753619,0.07938988774916052,0.3928628431136845,0.0864065574938213,0.029759612840096126,0.03954584497908184,0.15250975861912705,0.06819301968002484
0.1177813927074859,0.11996313801436014,0.10356963584898077,0.01874983769379536,0.062249331818970306,0.2281406831496694,0.10258680235227398,0.13872721644059818,0.10823196197386592
0.14180168310693417,0.09320551371791504,0.13074111606756364,0.02117669168913829,0.06327515838164399,0.2146618677922221,0.12658322297901872,0.05236363817632058,0.15619110808924339
0.09982805010923217,0.09115591004287477,0.09955345670418754,0.004697836934664658,0.13966271209419287,0.281099942736988,0.12290238885521755,0.07404605350170627,0.0870536490209362
0.13990248158678598,0.07006677073522954,0.12570166947193503,0.015858682451172747,0.15443172135316427,0.17344975376332217,0.14634470451773426,0.05110149916909066,0.12314271695156542
0.20651655090128282,0.08648842918068363,0.09331058940716808,0.009828222914375071,0.21374435318115204,0.07788278781942654,0.1253680670497718,0.05246350791582277,0.1343974916303173
0.10962458052119704,0.09445286796579055,0.11255964396814333,0.05756205745098491,0.14516450538396877,0.11910069993944782,0.10527524254009679,0.13975950734839027,0.1165008948819804
0.20039637303453564,0.061679130311898256,0.10445708538576938,0.014786025854127178,0.16958825778644282,0.15435932269070676,0.13842800635311936,0.03298090732326702,0.12332489126013362
0.053935551533329316,0.16554444214946598,0.10973303681672736,0.16321580717986314,0.1177161204882985,0.07062028919104975,0.06580251241191573,0.1874384493351966,0.06599379089415358
0.11998409746497245,0.039422777362598846,0.07222533046996256,0.03781513923045637,0.43562666525639954,0.09470431503143355,0.06927445880914018,0.06932210270515317,0.061625113669883304
0.09629479013003174,0.16805262417133793,0.0759474182748149,0.012073689956221323,0.05703285260599755,0.29481455497134484,0.13225151916295705,0.10582871346642735,0.05770383726086726
0.2036077451858235,0.0804065281388175,0.09256938148056877,0.01062798347670254,0.16049259711631117,0.13058156006248273,0.1282610533471715,0.07927539615264874,0.11417775503947362
0.034419099339231214,0.18467575417298596,0.1216326415880513,0.09219514932115318,0.056132851731936495,0.09204281818943183,0.11088693267889149,0.22576245223399857,0.08225230074431995
0.04092330507640865,0.05337657546633142,0.13200018987145615,0.43963789531878533,0.06360447766462958,0.024798559587032875,0.07353166628082962,0.06643099313046873,0.10569633760405765
0.11174994677507376,0.059024731993870726,0.10866219733825853,0.027368893424635003,0.11084617470950797,0.19029648245442962,0.14150655390754704,0.12401756927865719,0.12652745011802013
0.03047667074089998,0.08456560412719538,0.13061443902383268,0.03668528297670323,0.1278093694841046,0.09700452334752563,0.18308330193278033,0.235782420601078,0.07397838776588005
0.16324155288096256,0.05317843018245538,0.12604897008763485,0.026397778008853724,0.11558498525430631,0.18976138232860482,0.08786898463084569,0.03668893015340765,0.20122898647292917
0.07432099188904624,0.1011546566368134,0.09884235869930363,0.02263671974359155,0.17991218085593408,0.21794551797654385,0.08063879670343822,0.15545482937539476,0.0690939481199343
0.07465154726831182,0.12242049839366169,0.14876703131231736,0.25019485693987426,0.02169614267716399,0.05554665020086016,0.10303971463551843,0.10664988539950133,0.11703367317279086
0.0740811721188371,0.1368402758954497,0.09163841423255341,0.21584873675176267,0.15706824587855114,0.053197206579947164,0.07028187428838938,0.1411347378230464,0.05990933643146304
0.09832475443063982,0.08072985026130902,0.1375627697710385,0.12096615621363566,0.08190257436125795,0.11739175769098302,0.1526826961619293,0.0894373708506885,0.12100207025851821
0.0740174845667617,0.04619299492342744,0.10356958232639858,0.05643679805974854,0.3012130001016566,0.0659972165968885,0.10737906659980807,0.17182673066289056,0.07336712616241998
0.05537067429729489,0.08179816879879177,0.1513194734767647,0.010553552090921821,0.10713273806578126,0.14535262852536876,0.15504072068252053,0.16704598901082357,0.1263860550517327
0.1730487726792637,0.08640354712062549,0.11823473889145893,0.009159497716780278,0.05693834827999697,0.23969759036896487,0.10899036049711493,0.07000303437486377,0.13752411007093113
0.15657487762407873,0.08556122649450655,0.17213485338365284,0.036599374700133795,0.04915856399812906,0.12133776570197204,0.14300052361171753,0.029687655870194635,0.2059451586156148
0.144833086319295,0.08483343822163682,0.1373447447970868,0.015696475084586603,0.06683872086780508,0.15548964974714571,0.138932510742483,0.10520892608895033,0.15082244813101064
0.019391149557319378,0.13177161542378243,0.14886681928662399,0.0370081136819768,0.029415294881159182,0.2501711566664367,0.14764554514965586,0.15535353292827617,0.08037677242476951
0.02778818947982661,0.0683703598386959,0.10266221146675052,0.21353640385144687,0.22279850190960607,0.024649304012460457,0.18314143478769065,0.07993371646436216,0.07711987818916059
0.12603166489136494,0.19674747529532835,0.10381868008530441,0.009965813514850453,0.018453722731725773,0.12513038524999054,0.26124707129444485,0.048749811568500334,0.10985537536849031
0.1572700905917878,0.062408425138346435,0.09991258171634382,0.005669208861372882,0.16714761074986514,0.20473907469235172,0.14028589238594746,0.05055123648765621,0.11201587937632858
0.2245389953973321,0.13683046578956284,0.09241911508532731,0.014118559577733452,0.05124211539697432,0.11919565653689274,0.1490766525592329,0.09371549276738296,0.11886294688956138
0.18242958312203703,0.06036744388356211,0.11298158552009911,0.025896121862883092,0.21053897814985054,0.08425248086662444,0.10839852720779636,0.0708945410856222,0.1442407383015252
0.00735803707400379,0.053049169095706096,0.10273050715052358,0.4173494103062004,0.07450426842760335,0.01912424585153324,0.17143544539490563,0.11266550789278058,0.04178340880674334
0.07851506697783432,0.07233214972749274,0.07537960253655725,0.06838345701097809,0.1814908023189703,0.07223760244098033,0.058104366916560214,0.2844826244632978,0.10907432760732894
0.08415731168342927,0.16889978195690672,0.09932042372266775,0.021303159934858342,0.04931861281049335,0.15111782865629902,0.16374053155144327,0.15879216753146544,0.10335018215243681
0.116129714049166,0.08477927077458346,0.11043002769923671,0.006750843758991552,0.09200846539284195,0.24638773538678863,0.1507138201136928,0.08926640143137761,0.10353372139332129
0.0741274560368562,0.13760385383332346,0.13019801829546035,0.05236169705610064,0.05760421525277279,0.15661375884352272,0.17163718631555377,0.09431485282456442,0.12553896154184563
0.12236769453175482,0.14027368016964034,0.11443567523875549,0.013865927309053052,0.049285519447720194,0.30272357907628505,0.08884650673721843,0.07988486852947939,0.08831654896009322
0.1020531932236068,0.07146516168218812,0.097927700547686,0.02109913354575972,0.08583383851316584,0.1425925980304892,0.10676082742282206,0.2399860142212208,0.13228153281306143
0.1036270733878527,0.1070340667219995,0.0891013851762041,0.3377252873922562,0.058669282267203915,0.04417869628358928,0.05705058356501417,0.11449509195942004,0.08811853324646013
0.010004851676057414,0.1774010223876639,0.12121795217335447,0.07444325546988588,0.10061498909972359,0.05207404855461558,0.09234405190379429,0.318216406723579,0.05368342201132597
0.15980536325284045,0.0790423743607004,0.11559462459091507,0.11932879334120589,0.06937601483376475,0.10295066382656966,0.09278429947996336,0.10598270696783614,0.15513515934620423
0.13731891809007288,0.0956663014823127,0.14783609736123496,0.016297761249530484,0.04838437911964074,0.16975083485742834,0.17375003103085182,0.06937795575377186,0.14161772105515621
0.044894650548603206,0.10016072110524972,0.08405531532880728,0.1571047381031262,0.1676913645432838,0.062283983739560296,0.07585129464997263,0.24838205841294556,0.059575873568451426
0.1683843868187003,0.13223173919949271,0.08708918677278495,0.018568248121328203,0.11968965564474444,0.175978124173734,0.12370987056151568,0.067353163664074,0.10699562504362571
0.1532640197182414,0.12328262180753465,0.11143603294316022,0.03212934289287482,0.0760881497008206,0.16279879210775694,0.11723159376183784,0.08228760311050085,0.14148184395727267
0.2114054164995616,0.061247793079803624,0.08715896303505173,0.010040399949379834,0.24232119133067867,0.12732739364248202,0.11037830881376742,0.02956635008374765,0.12055418356552748
0.09935404947811448,0.06879603384048048,0.1994486861068396,0.021890867347022166,0.12169742383556732,0.1302975576873369,0.15200078875358483,0.06537712279408249,0.14113747015697167
0.03722372935161319,0.10965567231270536,0.12568014795455804,0.10088934107513235,0.17323984749669272,0.13423965178312977,0.07670226303949938,0.1739754962732766,0.06839385071339256
0.10467041608639154,0.10713222489643952,0.1071359043366215,0.041329071014673695,0.10406685734732264,0.21541617266247,0.14170258355324927,0.07437715615113874,0.10416961395169316
0.1274862999356012,0.05741253113870152,0.13990741360552605,0.02938471539673505,0.17422042493483933,0.13177754297850577,0.17546250305960306,0.055259651653036444,0.10908891729745152
0.0414657992261018,0.09098850193184875,0.16101221289119932,0.06030393518580133,0.1031890952872268,0.1607462670626596,0.20735456980293324,0.08836764076816644,0.08657197784406269
0.23241718620331178,0.09177449893179346,0.08123103695255722,0.014201909945873907,0.08481846862355574,0.24803935896894838,0.11061418504282276,0.03188375504236757,0.10501960028876918
0.19166009710516416,0.06870039948064022,0.15067179479861656,0.012984377692675207,0.07008138340484805,0.17689334734735582,0.10027595013350953,0.03949717239437573,0.1892354776428148
0.06258461131270932,0.1698701768779467,0.09948946916202613,0.11874855088143542,0.08687475547966284,0.13349041449737079,0.12114731587166679,0.1250373776755873,0.08275732824159472
0.026564860757144124,0.09666779261614931,0.10769098899786873,0.05901867964619493,0.1451324571327435,0.11399470507913904,0.16361076973495586,0.23155614981340908,0.05576359622239548
0.04041415495866738,0.17211646109842973,0.16575753026536927,0.22620415213856956,0.017508618773000268,0.07438991003226693,0.13861444315853008,0.07424693960792121,0.09074778996724564
0.09334868642586637,0.07418266024298822,0.1082369766028431,0.032677535206202056,0.14570528107390437,0.229591354775055,0.11270403929680624,0.10715260750062967,0.09640085887570499
0.14143669221553581,0.07579824462779286,0.12952624667741044,0.008725905297301667,0.12424130742656674,0.23110667166109353,0.10904646067625395,0.04026463326541083,0.1398538381526342
0.04869958203605118,0.07415454516205455,0.17509792132071578,0.2404122653591155,0.07686386823579819,0.024872049197065694,0.12572966332530197,0.09467957846959858,0.13949052689429856
0.024766952578871123,0.10501809599324717,0.11520237443769103,0.2633905439495218,0.039165031366852655,0.03739040642680711,0.08409160076024902,0.2622492024432827,0.06872579204347747
0.12600727888281782,0.05888251325142315,0.09804951877491634,0.061016862535067225,0.20439676061078202,0.2434621266777948,0.04892029408273674,0.06680062957082812,0.09246401561363378
0.0765927699026391,0.1253572062784026,0.146140515752855,0.05202199046335785,0.039080780016698326,0.17813639012852267,0.15659486511944262,0.111401588892954,0.1146738934451278
0.21377962592701094,0.0644339027509035,0.11367799742782542,0.07390505428982111,0.18158606439296512,0.05581558919239563,0.08758505600430126,0.05610383864007795,0.1531128713746991
0.05917480219386086,0.06027478086964979,0.10918152856097968,0.02229031634765434,0.2572246945156533,0.12262027589322745,0.16556180253121294,0.12529993969145056,0.07837185939631107
0.1107031917761383,0.07663219041772525,0.08348301784234712,0.0199864826864676,0.18598912319873895,0.26144421280252306,0.05259758494179476,0.12375977206719808,0.08540442426706694
0.2202659860406472,0.0667269991699249,0.09136586841860123,0.009124733572590674,0.14808541597577557,0.16295830186399637,0.11452359753181658,0.061495236590344816,0.12545386083630253
0.02988381583810254,0.07497814823334605,0.08444187861347403,0.02902036302740407,0.15823620731267626,0.12194358105258417,0.13587454442252633,0.3100647411878145,0.05555672031207204
0.12596886823246178,0.11798243683740094,0.11114709845305198,0.1838791467929479,0.05651637226040606,0.05577142841917208,0.11810478283923924,0.11510045481360202,0.11552941135171806
0.21669223616503488,0.1196253408523738,0.10603761377205263,0.020016732337404086,0.03950792895731569,0.13218818508269448,0.0963306000768735,0.11661475018993178,0.15298661256631915
0.041735983397015904,0.12384115677035575,0.09914963201916815,0.15077349249770716,0.20276199244143908,0.05080414731191119,0.07168120833499342,0.18852995787427698,0.07072242935313246
0.1421728762562659,0.045948631822700516,0.06692874913627482,0.24256834228791088,0.1718999003226628,0.11067295496170089,0.020044777210092887,0.13023297726515495,0.06953079073723635
0.04158848589500343,0.11443126740240538,0.18251221174597831,0.0764131106080105,0.08870327457648404,0.054051417918954896,0.14690773075775534,0.17156054227233195,0.12383195882307611
0.0859974516736756,0.09374535089925674,0.15226407299672573,0.11475072013838505,0.11312351178125958,0.07135393111265682,0.17138006366595984,0.06769422243731726,0.12969067529476333
0.04807656324372556,0.12592580931428446,0.13665365740099497,0.02331874670432761,0.012965111991261007,0.2767713050366177,0.13793557028880607,0.1559007340426146,0.0824525019773681
0.006878497057766615,0.08016559985760682,0.10641133728572207,0.2165939683121647,0.09921193559352676,0.021558680623343946,0.08221470321100034,0.3384077803311774,0.048557497727691294
0.03778815655153286,0.11450120296702039,0.1194326772791769,0.20512478253475433,0.12155077955864176,0.028484463876704544,0.11264945899673733,0.19817540571022993,0.062293072525202026
0.03389645829942838,0.08332729861151275,0.08782385812252332,0.1319525738441911,0.2753196162125618,0.06260482372100305,0.10246782296071372,0.15080529842469345,0.07180224980337231
0.18089122760794132,0.12023471761803857,0.108650453856468,0.01715263447696377,0.048701002478753835,0.25502722804820505,0.09149734110810098,0.060098242273882614,0.1177471525316459
0.08357676493814165,0.11730225104646665,0.14190618964799329,0.03321064834483795,0.07834482749658847,0.2193180997559253,0.10714724696242499,0.09335191873887745,0.12584205306874427
0.04362164118485883,0.07906142653446323,0.10116229718846859,0.017588766332231155,0.17081553738474123,0.16371339059144677,0.2055059677290552,0.15765108047063867,0.060879892584096366
0.27085342390545714,0.07459075377325314,0.10739579029834873,0.0373534671230431,0.13943030088133834,0.11728185317893901,0.0962414462652481,0.03529340748289337,0.12155955709147914
0.17100633225531503,0.051374457245594175,0.10659072354947352,0.010489007406910179,0.17795149565367718,0.1845509244147209,0.130258922997795,0.05911912056248123,0.10865901591403286
0.21814657219399147,0.10961794544986907,0.09793826240809932,0.15004558820147557,0.05626419955189952,0.12371486724772629,0.03206489262709627,0.0704013837405376,0.14180628857930494
0.10200106371848573,0.12810733645867592,0.0940677284008175,0.01355331252480886,0.09264742256375902,0.22202420502642503,0.1688448026449969,0.09269896954717176,0.08605515911485928
0.11659219172149964,0.1659911650745914,0.1083948732239195,0.06694569523578754,0.03131657035936032,0.1259736988133475,0.10485314558189925,0.18452455127870915,0.09540810871088574
0.013264679776505105,0.25642903299726605,0.13747826695558774,0.14098231154904864,0.005484688176526965,0.0660809783228107,0.10401510544817198,0.1903586766221982,0.08590626015188467
0.043711649636806627,0.12513890280005058,0.1403977984771936,0.035212158863124086,0.062105304423046105,0.1168819659485243,0.1893789110195022,0.19707304922207555,0.09010025960967698
0.04422490466471821,0.07102489872125252,0.11355998126981444,0.015294115932527046,0.1607110553050919,0.1416517957933199,0.20537252563514316,0.16311329024475907,0.08504743243337369
0.07538651803718704,0.05890661302719063,0.13154970985828532,0.182529763131137,0.09982697767263461,0.053449144663588334,0.07335288342557321,0.2012722479424486,0.1237261422419552
0.19495204721959206,0.09048823639821173,0.09794276360262633,0.020270718362100867,0.1499359671399687,0.1776422354248701,0.09700899673569467,0.057593675108696195,0.1141653600082394
0.09109936758528414,0.09512887271882005,0.08046467586566973,0.03940103451069576,0.08077939944821501,0.2046302469197593,0.08997315152705017,0.24740941967252694,0.07111383175197883
0.0386022047892025,0.08172031501033837,0.11108150238069446,0.035909983176441874,0.26338985424420797,0.061969054067933904,0.1588988866874057,0.1602267164388118,0.0882014832049634
0.041333465256192345,0.12571679806254019,0.08624201312963764,0.027237235296631104,0.12917016357062072,0.07229429288969258,0.2154437052720488,0.2509106641896807,0.051651662332955935
0.20450891977894511,0.08232436736959343,0.10739552296647013,0.01757613947859891,0.12891359396118351,0.1390654747443125,0.13299630299372622,0.06712800754024621,0.12009167116692397
0.08519889856746139,0.1835483439430392,0.1264691725360824,0.02125176717933683,0.029376967566904503,0.16582550726901094,0.13795130590919727,0.14405705932080928,0.10632097770815818
0.1401186422370152,0.22268079725561638,0.06699533318615447,0.017865161018173786,0.030054425801319933,0.26783937564335214,0.06188402999578024,0.12301302584954317,0.06954920901304473
0.24110735756030666,0.07044223388268661,0.12411942283372852,0.026683859220642665,0.13343455141857663,0.07686241032920864,0.09945050226411135,0.055838012762018635,0.17206164972872032
0.18413751012079496,0.1539988628064427,0.10607650751084124,0.01656531706931858,0.029362671007043484,0.19557860865756163,0.14830220840770555,0.044937425626896586,0.12104088879339535
0.1225548725462506,0.06808130422129867,0.1056252514396322,0.07127878499201247,0.14023438708365116,0.06995182595383968,0.11718238603874702,0.17092725563761327,0.13416393208695496
0.12559897773036713,0.07656034435029987,0.09591003382346909,0.11298992477637108,0.17350473854005907,0.13948732518590698,0.09102680166795107,0.09572827709995281,0.08919357682562294
0.2226982056391362,0.07914025589940422,0.12226390541975529,0.051817523850784586,0.13260752661031291,0.08863661582452946,0.12189673316043052,0.02567147532861856,0.15526775826702832
0.05896016574363532,0.05453467066826545,0.1385436310965213,0.07487310429885158,0.16614100815297858,0.1613250251826996,0.14421565643645542,0.08883615031653742,0.11257058810405536
0.022775094449012975,0.07639759727317912,0.09161317324931319,0.3507832030687519,0.15861677492523854,0.026521888261021073,0.09482111683633505,0.11699285684133783,0.06147829509581034
0.1098727180971633,0.12862396297603165,0.11942327968589173,0.009125714231114386,0.037106057821603304,0.24358493697699712,0.14426544640374647,0.09442329613405905,0.11357458767339301
0.03209854839541371,0.03333892919453627,0.0722645638662015,0.30340048947257264,0.23366268023525028,0.014537491029963935,0.03948133220681311,0.2245447910742091,0.046671174525039494
0.025347659310488213,0.2751992061478133,0.12141346842157279,0.039279121868022966,0.01979681894579144,0.08672940661581623,0.2062802436719965,0.1492906915770478,0.0766633834414508
0.10902271480335567,0.1052741958286083,0.08529232276065525,0.020409532608391765,0.1085264003889352,0.14499257338048466,0.20662106869469063,0.14082488195034457,0.07903630958453393
0.1461161402970118,0.08718567883629147,0.10213709682662564,0.27908764690154114,0.04571429410758359,0.05372303027224796,0.07250758772305604,0.0776145307716819,0.1359139942639604
0.041953219838774085,0.24856337660896113,0.11894751839237548,0.07369311793840327,0.06831848323476875,0.0771043249176769,0.14192837648826123,0.16784224433594627,0.061649338244832985
0.02883260520281257,0.17865647359888556,0.08234432457834132,0.1427481545624568,0.08513065636022749,0.04149845989775914,0.14329373227110245,0.2496834284965821,0.04781216503183259
0.10205797022606311,0.13939726179394474,0.08423278725242771,0.04673449176357431,0.14221398065709293,0.08381368527617446,0.08252555021311406,0.23234900173159959,0.08667527108600909
