0.11972896612597744,0.14311300270263141,0.11042288930611248,0.08367181273550578,0.06637088656795094,0.12904881075977,0.12487786395853812,0.09509757004175957,0.12766819780175423
0.07160290584481349,0.12183068437345501,0.11768429163437193,0.06214629417841685,0.08435074356938478,0.10303837070792295,0.0886369779138057,0.18697003436693574,0.16373969741089348
0.06607425394544242,0.0716061491226878,0.12994064414055786,0.09417382469827351,0.1294146629613912,0.09295767206948007,0.0919208794875267,0.16251933164802246,0.161392581926618
0.10307650702639483,0.1051083122012574,0.15553788314467046,0.08334952088497129,0.07307306752065261,0.1040006588511167,0.10930922722037122,0.12092506339577841,0.14561975975478708
0.1057858510982052,0.14098093659264022,0.1301130478480196,0.06537973942340923,0.09294496407187376,0.1287486480622442,0.10814884940803567,0.09215008162436522,0.13574788187120693
0.08633851666306562,0.21335646722556398,0.10039870431959724,0.08932239113920785,0.11333555032311655,0.11943221327644342,0.10823700205723817,0.07363023870881705,0.09594891628695008
0.10803101343068734,0.11140303281502277,0.12500404533475606,0.12296817332558363,0.10263185526369635,0.10858834905121147,0.10988959061243471,0.10434217123298394,0.10714176893362372
0.07785679791843604,0.09394570855995149,0.12929388781359885,0.0880254374939644,0.13988253180208587,0.11143428203089852,0.1036746810641268,0.12137252964168622,0.1345141436752518
0.08655258642614187,0.1555775353304287,0.0891657806484782,0.11141353672648281,0.10263735027756078,0.14109850931461015,0.12845974773941365,0.08737460273453412,0.09772035080234959
0.09984543359195264,0.12048089695496651,0.12211150448986564,0.10904466259282357,0.13613193720944458,0.09430270888367376,0.0912452686297307,0.11972795310529445,0.10710963454224813
0.10616973857081059,0.16665842741648954,0.13001537223042103,0.08971620375900202,0.06599155600824375,0.10810429079747243,0.10557002144258935,0.092423998366876,0.13535039140809524
0.12363229517634068,0.1435297834010646,0.11137744267777937,0.10799224272396109,0.06222659764715218,0.11828964061573748,0.11236869361933699,0.10964202053505157,0.1109412836035761
0.19618907383371684,0.12489562807690162,0.08722662114189887,0.04356868315838334,0.11066262009906193,0.12174081395872277,0.07410181622929923,0.15569039663171821,0.08592434687029715
0.09344825971122088,0.09226529892473188,0.12785125907107844,0.11124106927571091,0.09689811717125923,0.09235878955650827,0.10062160847828117,0.11996167182952448,0.16535392598168477
0.1397041121419968,0.1125193011398073,0.10522458954989189,0.09902975264700181,0.10572374537186176,0.11533125514111377,0.11070128748444195,0.105273092278456,0.10649286424542877
0.10296820730817054,0.09649680988368577,0.09639708001204199,0.15498416956039662,0.10847839903104432,0.11470716868995363,0.11604562922333655,0.11895397124436181,0.09096856504700868
0.1199091086654942,0.14984889074802032,0.07235107524977018,0.12627763798683314,0.1641309686559579,0.14825874119398974,0.07352919612243286,0.0874739219625192,0.05822045941498246
0.12164885691247486,0.09666754390584094,0.10420172641526264,0.0802688648723,0.12200446334538977,0.1164194640117568,0.1084170418600517,0.11969752026036251,0.1306745184165608
0.10750562289200793,0.08515912267635577,0.08908601921589983,0.0863993368578879,0.22898463664749702,0.11514608511368078,0.08786717809213003,0.10178350958102378,0.09806848892351694
0.18242738084562007,0.1298271443411218,0.12277120506102786,0.0702243392233969,0.06232792970032793,0.11916147376954818,0.09211862320216367,0.10368769353476091,0.11745421032203272
0.09679529247735595,0.13062572152002191,0.112801165456475,0.18678237586547364,0.0699772097906557,0.12388413887627558,0.11606160295572732,0.08571224439145997,0.077360248666555
0.1156500713229796,0.08448972064309689,0.10501956169747169,0.1479182138027747,0.1346063785339047,0.11546193510161022,0.11700916445795806,0.08570897346814245,0.09413598097206176
0.07963734046622062,0.09119463091788121,0.12415860745169834,0.12024501945788614,0.12999864492367433,0.1075002078915804,0.11490793444809289,0.11338455404705233,0.11897306039591367
0.1404651853891887,0.10993136364918472,0.09930124012241907,0.10125230573120791,0.10666296582156794,0.11208500232294616,0.11021124072824494,0.1285453294055555,0.09154536682968502
0.15530111566213683,0.09654897958684987,0.10742864969536421,0.1545446480939028,0.0734596650684325,0.0936104144878318,0.08686551160776174,0.1155487656421818,0.11669225015553843
0.09456718902424421,0.11797763928282552,0.110570197100544,0.13757240827949202,0.12014321614440011,0.09593889196546683,0.12093891797120399,0.09574118064365096,0.10655035958817227
0.11933764636290979,0.13971336691105998,0.11219025466361558,0.08492207054044998,0.08820217258023438,0.11095664449150343,0.14160132548417723,0.09558563413113018,0.10749088483491948
0.11661719980999115,0.12542176781750017,0.10453321745201878,0.0720269993913651,0.18021497496172678,0.11305874367452516,0.10339849116491105,0.09207907137575488,0.09264953435220687
0.12147208772622359,0.11399877722798213,0.11947499240245602,0.1333664603089439,0.09335612558552535,0.12014797608932415,0.12559752789392362,0.08597100902247791,0.08661504374314337
0.10879743321277692,0.105191518884393,0.10763749695099872,0.09286234019685373,0.11816886005868321,0.11406106165122444,0.1211836451663647,0.11986309054971023,0.11223455332899494
0.08665357098710169,0.10956412508109763,0.1391103723532665,0.14549234851368864,0.1271495795283503,0.11420752434829555,0.10609195891210847,0.08678269196926736,0.08494782830682389
0.14639972038518698,0.11026293388901047,0.10117221860823543,0.08466380571341475,0.10803758804617286,0.1212163371862209,0.11466965536360219,0.1122553278966043,0.1013224129115522
0.08761327230817785,0.13487950872050153,0.10217948978929058,0.08597768535509638,0.07551361140827749,0.13026028650484045,0.1284451724895157,0.08265347322810969,0.17247750019619032
0.14234623823715964,0.10628738382793061,0.12503624208621353,0.10802403332794092,0.10444622774872231,0.10741448635036584,0.1116423052662084,0.10458476226420872,0.09021832089124997
0.09151814227540574,0.09768252449364477,0.16201323565885178,0.11456468627760451,0.10018226762782319,0.10792475605128138,0.12077853611935335,0.09886761915080126,0.10646823234523407
0.0934002532635102,0.10030864930091143,0.1105835084317549,0.1512191357439075,0.09936918868183364,0.11792725858834611,0.12128621810035851,0.11372528544035759,0.09218050244902014
0.11382459307515345,0.1179768755569982,0.12780740091327936,0.16274181498866927,0.06038953835843192,0.12452516860445091,0.12325706351747134,0.08215834309433434,0.08731920189121112
0.10226733896531127,0.11770523640172759,0.08723028131926447,0.08470541606267441,0.21960544650371153,0.10446532632609747,0.10012743633903609,0.10519666476216628,0.07869685332001088
0.11793069635601644,0.1119628180990957,0.11024369521766424,0.0835469559453282,0.10135860649974415,0.12463245958235064,0.10677977004924515,0.08502006493562876,0.15852493331492676
0.08194857711490584,0.1160013727145424,0.10426215753473354,0.10848562070528134,0.12287204614689488,0.11765355549637613,0.12374041576650556,0.08610105728901267,0.13893519723174771
0.10578397461094109,0.09054149397039364,0.11440347919008657,0.10728834730864052,0.1350146465295266,0.09224573314857602,0.10359209113411982,0.135690554496142,0.11543967961157366
0.15256022074141495,0.14610634457350022,0.10589683701516484,0.061874240866336645,0.14484040045372595,0.12168262303708978,0.09668359807880866,0.06902664779046841,0.10132908744349052
0.08950898374010718,0.10505030458788865,0.0971801718627298,0.07931287339537986,0.140458136365444,0.10383316639677592,0.10711422629580952,0.15145709088356238,0.12608504647230265
0.0993826249386665,0.11241379093814378,0.10796475992335007,0.1309134330982118,0.10624679765608279,0.13329588496093717,0.11106001938485006,0.10441874741671052,0.09430394168304734
0.10102149358249117,0.1124025614710976,0.1040993965056195,0.09679426776918569,0.1256554812244687,0.1157771761643193,0.12197471106902787,0.11781759267569293,0.10445731953809727
0.1723101194377191,0.09690791860772742,0.10269152079707551,0.1052894023388447,0.10596513482408076,0.12231343171463965,0.10477074826241245,0.09003607792131979,0.09971564609618061
0.07938427595599618,0.12018323521575199,0.13277264428985888,0.09117907747390751,0.12043241232947227,0.10893208195060529,0.10823104311624349,0.13067664323452846,0.10820858643363591
0.15417660022188986,0.10574826064663755,0.12167012869934148,0.08064813591013659,0.1078004789798949,0.13368062037988612,0.09786862499418926,0.09509326336564466,0.10331388680237956
0.2025307411066535,0.10614304764349675,0.10052217286913269,0.1024662688453065,0.09101666879773362,0.1197970968942305,0.10553286670863539,0.09003962202464692,0.08195151511016413
0.08531427245099628,0.15698643289128303,0.07590170894272759,0.07096791267499854,0.17502075658472516,0.10651883781908215,0.09158545893831449,0.11842691194516991,0.11927770775270274
0.10963979766677294,0.12358910079197982,0.10695267175761629,0.08759147789598264,0.11155719052211945,0.11486400198737466,0.11698473928089721,0.1231930956117701,0.10562792448548693
0.09860864409317904,0.14900625424477934,0.0863677718556346,0.1109651192559467,0.12225055546854846,0.11253559698324149,0.09987899707193953,0.11976584811937481,0.10062121290735605
0.09174096105874176,0.144438040104335,0.10035153478191443,0.09558411446732758,0.12964163054814645,0.1159179051457676,0.12260928762427574,0.10531936811517939,0.09439715815431203
0.07253434227075496,0.10754386373429088,0.11127235340566723,0.1182141510792934,0.1513823346604716,0.11161493750137551,0.11298695191135465,0.1078214164493434,0.10662964898744832
0.10551101806997847,0.12467885881214998,0.07951018162980704,0.10781555294533292,0.15027731782297493,0.12582326515244754,0.11416328050571756,0.09514689004103537,0.09707363502055631
0.12142096794413626,0.08069365210851263,0.11153504886854164,0.1512105146249025,0.10581768999755087,0.11181562174769481,0.11237293417579647,0.09799057015685952,0.10714300037600533
0.13589222436352244,0.10739914262179384,0.13936090380297236,0.10462031863773151,0.061192486649645855,0.10747919754691293,0.11152024247803836,0.07786862248486415,0.15466686141451855
0.11037064169063719,0.11342468512289909,0.10952183483147764,0.09821605125492738,0.12712895326472076,0.11359537670609147,0.12726508847979773,0.09776113122284014,0.10271623742660851
0.16083377473550106,0.1450593480407223,0.095957281080909,0.06496679220557397,0.06522416756516151,0.11321373201554874,0.10506128620247523,0.137716174279264,0.11196744387484414
0.1061833770396956,0.11033890726235451,0.11938905098030987,0.11040647513767676,0.08675945064614299,0.10395781098142404,0.12281028903574986,0.13530214660256204,0.10485249231408428
0.07421471635646744,0.10863615738640225,0.14423850587907452,0.13982581985244055,0.15947052738807815,0.09409400198145103,0.10409547081318,0.08232606368298008,0.0930987366599259
0.10102149358249117,0.1124025614710976,0.1040993965056195,0.09679426776918569,0.1256554812244687,0.1157771761643193,0.12197471106902787,0.11781759267569293,0.10445731953809727
0.09139557841373654,0.14255102921521853,0.10512169629921682,0.08653087089503024,0.14342320660636473,0.09917659736303541,0.11699706296700285,0.08244398444635954,0.13235997379403527
0.11543998208733697,0.08276127465192484,0.10755069909333091,0.1181364401685472,0.08281157746657632,0.12454172148182778,0.10060707737154967,0.12910246273567932,0.13904876494322702
0.08151460405910892,0.08229376323211104,0.09651681645519329,0.07244248850743094,0.14592963335812606,0.1017845056729663,0.10162639951601966,0.14839960753629314,0.1694921816627507
0.11127836958481281,0.11536938593111334,0.10648860589642146,0.08359437462233738,0.16197166238245836,0.11517703315355633,0.1038547651627756,0.10594715902660053,0.09631864423992413
0.07904364048675754,0.09999697146645474,0.11852453733699202,0.11995370518218018,0.1278225735760904,0.09688603160980415,0.10371948850204367,0.12798991805004775,0.12606313378962963
0.07083047334794124,0.09405404555417618,0.0885707576068554,0.18461420942934317,0.14683285228972073,0.09595198596407183,0.09893906227158406,0.1234987092345332,0.09670790430177412
0.09501285091169513,0.10673056428594861,0.10318832998249898,0.13034126346505795,0.11816061607079274,0.1303182306457211,0.11358998917116814,0.10630603630920492,0.0963521191579124
0.09090241009841676,0.09825502721076051,0.11033060950220225,0.11739790363567142,0.15577664638807814,0.11599585102630215,0.11196491393507768,0.10029128745476627,0.09908535074872486
0.11702721097892903,0.10325110069749466,0.11922916042337328,0.15686402121763562,0.08792710757496525,0.09791495437668794,0.10602643251556391,0.07767558659300632,0.134084425622344
0.07441669727529512,0.08675116381868325,0.09466126006588371,0.09101059389152875,0.11239641637930498,0.10723558180261616,0.10052602085834172,0.17211212861471334,0.1608901372936329
0.0695991710515743,0.10449797377509513,0.11252936317277662,0.10846386480896214,0.1430661015643802,0.10803275093518039,0.11655165482860054,0.12255499714700306,0.11470412271642755
0.09833743286844775,0.09135764904208606,0.11989244103616743,0.09501928416914796,0.19483320010759575,0.07797802741029158,0.09069847531508157,0.131736416960583,0.1001470730905989
0.15919189859560964,0.13198134533921937,0.10380141314387532,0.10295284711226377,0.07139308505120633,0.11222530090740356,0.1139456137584272,0.10349438629827624,0.10101410979371855
0.09061996499842573,0.10935382462173211,0.11798790504656827,0.13145301858065642,0.0788919402061131,0.1250440117857957,0.11395415676040277,0.122607357528512,0.11008782047179384
0.2025253795450518,0.11414276621296282,0.10491165591233309,0.10469318628000679,0.04584065707881968,0.11756002606088374,0.11737904311645887,0.07846019070858916,0.114487095084894
0.0946295355719355,0.09884348238543383,0.12798221070899363,0.13493407392226572,0.09349371765668779,0.12146385914062423,0.12160526006367652,0.10711529202094577,0.09993256852943698
0.11901608926851252,0.10504828598695824,0.13255852680795707,0.13271360920464367,0.07946957299756435,0.12217800697076235,0.1100635254899515,0.1021147922861031,0.09683759098754718
0.0924371433966536,0.1818409963325164,0.0994914174606719,0.08036939850667986,0.11790659658935043,0.1208768216535474,0.12277757241594744,0.09277011255458627,0.09152994109004663
0.1015288599104986,0.11336745635828437,0.10415305962772377,0.09324077520546685,0.12319055015144291,0.11450754331895151,0.12267356461507323,0.1124569936440878,0.11488119716847102
0.10102149358249117,0.1124025614710976,0.1040993965056195,0.09679426776918569,0.1256554812244687,0.1157771761643193,0.12197471106902787,0.11781759267569293,0.10445731953809727
0.1834440011757196,0.12458025610937724,0.1160935268695469,0.10237293094125106,0.044377277999364084,0.1236967580156858,0.07817433948337416,0.11590708327587142,0.11135382612980965
0.07900005901032103,0.09901331132123763,0.11787449941615924,0.12350582927134572,0.12674871216810676,0.09625552486048143,0.10294758326778519,0.12847629761846358,0.12617818306609946
0.10290611923057458,0.13308427777119733,0.12557773689252744,0.10295039420226694,0.08087025098912208,0.10672427117131282,0.11118111949770977,0.12729586872523668,0.10940996152005243
0.09734541317063167,0.11504625136734105,0.11039104662848599,0.08641635283351705,0.13928048908285964,0.11749811320491726,0.12465922725607503,0.10243206396436362,0.10693104249180864
0.13097211010285578,0.10492402737972806,0.11564217824762228,0.10659219507996004,0.10666799220973174,0.12478176230777456,0.11787533671407924,0.0945541652499875,0.09799023270826075
0.10126843635899407,0.15694645420195155,0.11465453488035156,0.09029600949639133,0.06329030593037233,0.11151194003757654,0.15142738981321646,0.08406380433665073,0.12654112494449535
0.09476288616727668,0.1051866070644936,0.13652061035061477,0.09355684157392652,0.10932592099497546,0.10997047079419954,0.11996691859284837,0.11660982718110302,0.114099917280562
0.10102149358249117,0.1124025614710976,0.1040993965056195,0.09679426776918569,0.1256554812244687,0.1157771761643193,0.12197471106902787,0.11781759267569293,0.10445731953809727
0.10975111330498373,0.1027939185561228,0.11332703219194167,0.12280087402758584,0.14072346402428026,0.125201562908918,0.10354068786817587,0.1019359039721867,0.07992544314580524
0.13857146704607107,0.1016310854714112,0.10317885881910938,0.06582476090202027,0.10020888717371694,0.12198609100968445,0.11404497450823481,0.11721474062069376,0.13733913444905813
0.15216678638413553,0.10908871849406143,0.14915139273381875,0.09527713105585824,0.12320571855738843,0.11963540271629299,0.07533483572120696,0.09661540424778121,0.07952461008945645
0.06557469168380577,0.11033285037873031,0.11951334856496548,0.09435841289460578,0.1714554591415626,0.10881812741238066,0.10408338850549004,0.13454512072901392,0.09131860068944538
0.12220329906540754,0.15664292385249723,0.0915413819989148,0.0769645027493147,0.15299646430268513,0.12077870229201144,0.10799401964255523,0.08895776167326587,0.08192094442334806
0.08458397944754142,0.1224775913181116,0.10180720571734649,0.11918243495940455,0.1313626287932619,0.11243435894784702,0.11797058017341282,0.11573339673757042,0.09444782390550377
0.19922495767033488,0.13750622790714723,0.10137244338534053,0.06718281437379914,0.08563383762312195,0.10817976961953056,0.09541360968307928,0.1078534404325387,0.09763289930510771
0.07284251768835444,0.1950295621769954,0.11388846578795186,0.07021708419795471,0.11815337902189164,0.1188389038641086,0.1146596928522589,0.08937009048013338,0.10700030393035105
0.1802408088023327,0.14700744004748859,0.07826807216404484,0.0534035102481599,0.14586701846883302,0.1168597321081476,0.09755318102046999,0.08318045183971821,0.09761978530080523
0.10491804384003274,0.0967097839604923,0.08537098792288977,0.11720990327961774,0.17313258223014263,0.08771972353157446,0.1080072279936554,0.13134507837210369,0.0955866688694913
0.07831840813755693,0.11464460462387245,0.10547138336881777,0.07750283905898953,0.1173080034245252,0.10577815085932508,0.10866208999585518,0.1516294926094405,0.1406850279216174
0.08714735561154631,0.11115023852503474,0.11044420946859886,0.1197130842055375,0.12093821039879527,0.11533961047558954,0.12221710691741859,0.11044433906230271,0.10260584533517648
0.07431665553084141,0.13139931392375662,0.17344744638105233,0.08794435537785239,0.12005644215871684,0.10451696656760308,0.09718869380816596,0.07989495106363463,0.13123517518837682
0.08255097798342963,0.1173410793254671,0.107315306353211,0.1060221631018422,0.11738159740286858,0.11842237296477177,0.12402477016361935,0.08537663563775104,0.14156509706703932
0.09277530067689976,0.1204475705511849,0.12047954582147317,0.14297107604707593,0.08430189714369228,0.11149263595058907,0.11858429260821675,0.10411435252926994,0.10483332867159822
0.09595981472140015,0.11094916025869868,0.13081099683979,0.0967039243568687,0.11187217646772903,0.1048602942394921,0.11844944394626793,0.11220619966992001,0.11818798949983345
0.13291977825587273,0.09756315167672892,0.10562863865248562,0.09156698341992382,0.05942040981939476,0.12286771841023818,0.12193975448653682,0.12476645315155337,0.14332711212726576
0.10511701946754122,0.16555553236955653,0.13699389763333938,0.06569939909444922,0.08948175516384528,0.11062936034607192,0.11274973066502268,0.07653271037119587,0.13724059488897783
0.08464688692882982,0.10527785839059091,0.09208935518371947,0.13512793220265037,0.1958820907833018,0.11487163860748782,0.09906625303194354,0.09161970164994859,0.08141828322152785
0.14150718227420025,0.1176396871052064,0.10744928872676414,0.1217764698895152,0.07722936125187657,0.11951526616104295,0.10915222710931198,0.11569770960742543,0.09003280787465702
0.1087684534617186,0.10518357508544025,0.11189923607915052,0.11987371457857836,0.11300139171162771,0.11033528772651942,0.11751929875400514,0.10584321739957453,0.10757582520338543
0.19829181637044954,0.0981355965891781,0.10036182267263916,0.1014419733522367,0.1375692020649236,0.10955409951149149,0.08467083153933613,0.09881356359024183,0.0711610943095035
0.08091774064357987,0.09993732813268204,0.09384966265600757,0.1443247779479017,0.09210001971115635,0.10672895538738818,0.10627229920613224,0.15794689109840465,0.11792232521674739
0.10160136510586847,0.12405375753212465,0.09768853194915138,0.09078451964298874,0.15616263392230836,0.11669455877005021,0.10721627651146061,0.11562830162829518,0.09017005493775242
0.08867161208925635,0.10227979915998413,0.12224066227529606,0.14814015794959198,0.12926306909420457,0.1062549504773463,0.10925224697053389,0.09653387796155329,0.09736362402223352
0.1372029086177249,0.2115977357344929,0.08443902158758905,0.06687642029503334,0.11101414203795605,0.1253493600301186,0.09237409977305151,0.09385658855548062,0.07728972336855301
0.07488744125343089,0.09362798197756494,0.10256637247439108,0.09677045370172743,0.13316243271473552,0.10997737095348693,0.10754827018052643,0.149257188684626,0.13220248805951076
0.0912119032778353,0.11683581799539144,0.11302654691944432,0.09135266470318792,0.13658001197117697,0.11024914102127863,0.12132382420718542,0.11575586517082752,0.10366422473367247
0.13102696348449014,0.14797258617590023,0.0923147476257364,0.10052186820966795,0.12980095424088023,0.1306642816112283,0.0953704460760997,0.0837367789278504,0.08859137364814669
0.08637225044879689,0.11813269813607928,0.10751992942975908,0.09308635831057455,0.13268219293617922,0.11014792514569034,0.12133439543261866,0.12888371633054563,0.10184053382975626
0.07002926114298172,0.10209361467886684,0.11290478802752613,0.21202513835775272,0.06114318618812909,0.13661341229064836,0.133014584936153,0.08541731412069715,0.08675870025724491
