0.10684505926435794,0.11885489264318518,0.0836682594243275,0.040286869280278255,0.17528047017766926,0.1254015427296009,0.11742460029163178,0.10001672007039313,0.13222158611855603
0.08441003201659743,0.10999836476853321,0.12801793988828802,0.2115310475556498,0.08170964099331095,0.052100898123588445,0.09242396733017483,0.14129313878996388,0.0985149705338934
0.1228358870948017,0.1723078226694885,0.11813415499148887,0.10402269529455532,0.062380415127954315,0.03907133764947802,0.0815921885286033,0.19566833373825662,0.10398716490537337
0.10983106847103392,0.12338066786197344,0.10338654947283991,0.04124203037121528,0.1538084359936107,0.12001562327636717,0.11655312174472347,0.10533957655229903,0.12644292625593703
0.11715665657448997,0.10282509313762868,0.08442222169115599,0.17688917898369924,0.10440506361505496,0.0700620203596357,0.1361606990744428,0.09594748751034743,0.11213157905354527
0.08078531232778755,0.14415279743191325,0.11480797554665804,0.057081282744782254,0.11879722006678439,0.09751526567376241,0.1328586165224623,0.12071696292078092,0.13328456676506886
0.11629101133804388,0.1039471988248218,0.09845120973882593,0.08039422885356141,0.15425386099060706,0.12527664393595175,0.11475880571261493,0.09509237124996413,0.11153466935560903
0.07155162699977592,0.11453365168875569,0.11983005692881062,0.1705518429913435,0.07098814535277341,0.08676001305607188,0.09514901602199544,0.16994057226080894,0.10069507469966466
0.14724738098886672,0.12331633838698419,0.0822812623840915,0.08704764044864965,0.1126937327356828,0.13787458869534439,0.10714243000792023,0.08849093173749274,0.11390569461496769
0.10680358785034359,0.1124132399055811,0.07893172151047428,0.04884277526896325,0.14075938078060043,0.14069231055061546,0.1430517986901416,0.1061635648538094,0.12234162058947089
0.09526544528767698,0.14278205684113515,0.13716657162127555,0.07931704824210394,0.14397295643474275,0.07270278542093718,0.11824535680997202,0.09682440798420343,0.113723371357953
0.12904096259379602,0.20760343323979782,0.10552455193111783,0.053289723559166564,0.09577853855072825,0.046011488263513305,0.0929099959553364,0.15990345326717123,0.1099378526393725
0.13963687005166003,0.17053767038101272,0.08373217525656836,0.06314587086181851,0.12115597864094753,0.07081012792572827,0.1084003986841705,0.12291726263888687,0.11966364555920724
0.08502637083760957,0.10341068189705223,0.08722335809909233,0.12970546644447284,0.15602020493986876,0.057735822043082474,0.14335008981369018,0.12214257873357914,0.11538542719155244
0.14297772307306136,0.11590969906673194,0.0975650233603712,0.0759657360178969,0.11748604840764724,0.1376614382807451,0.10613726236846144,0.09528781688499523,0.11100925254008963
0.08400671966393546,0.0956167435108206,0.11905826127278098,0.13200050231164692,0.10974114048201426,0.10110199693573396,0.13515791671440278,0.11059485993366043,0.11272185917500462
0.15406097340786795,0.11475106852802468,0.08135891413210292,0.07578724876783953,0.10679499527296271,0.14028048597686452,0.10290506405602122,0.09647911190791973,0.12758213795039675
0.14017140791089622,0.13124069742351233,0.08789530539618644,0.08168343820432565,0.1153856053874844,0.08978088041326511,0.11639885826700887,0.11903721946745734,0.11840658752986362
0.13953017734026518,0.09315812123428173,0.08677511557485229,0.07939473074501129,0.11735062546959131,0.1628077931377987,0.1087199705862532,0.09539482127957649,0.11686864463236975
0.1320103891004367,0.147737083470485,0.09657980329004233,0.0759645449640543,0.09025532492057624,0.11144452677001965,0.09923656061596005,0.13733040337890837,0.10944136348951727
0.08746072572075221,0.12140239987782368,0.12219382210282526,0.04709818260976718,0.14228765084885894,0.10526173097222002,0.14384553257367624,0.10554468964332435,0.12490526565075218
0.1397965439067209,0.11202410699126947,0.08472015245678394,0.10172509734703405,0.11421704822155966,0.1351180046526906,0.11255794172870204,0.08901457495392429,0.11082652974131502
0.10646659133421271,0.12069242527472741,0.09658020927979603,0.09129257702722472,0.11382332491190393,0.14292733253031661,0.11700198615845488,0.1058664068440896,0.1053491466392741
0.10296307401324933,0.1149322659286705,0.1556227155992179,0.12910793997733258,0.0984722694400334,0.06445575415998007,0.099756573943935,0.10954454360072129,0.12514486333686003
0.0986313232473679,0.11099529192520931,0.10472996264351063,0.0818701407330279,0.13230600630636496,0.11176818376276547,0.1308519303723391,0.11835906463801003,0.11048809637140465
0.12605666671437016,0.1362807686811434,0.07202448534929871,0.06366538936564065,0.13226185547665462,0.09217020040528284,0.15334022172786457,0.10996158694039004,0.11423882533935496
0.10983882940596905,0.14628478153656954,0.19072399321851577,0.06647377587828011,0.09339188409409195,0.09309889033363394,0.07499414905702013,0.12138444239478069,0.10380925408113878
0.11076326635688273,0.10698775129434014,0.09049116390468687,0.05131771404494912,0.1415299521891543,0.14791447314157263,0.1329130602768476,0.09869820549847501,0.11938441329309152
0.04556846076965287,0.10539414549953742,0.11216814392927608,0.14967929493774015,0.07929104931658582,0.10819908684161444,0.11658409684496636,0.17807564388261252,0.1050400779780143
0.14322680488381698,0.10857510104130098,0.08528362397284407,0.05926191804591064,0.12747739620090132,0.11817983860353755,0.11283735905845811,0.12907141511832246,0.11608654307490784
0.1020686181988773,0.11761938832587748,0.18993954757412157,0.08434610457163334,0.13413759998349892,0.05610769213989497,0.08673157676488498,0.113335700954334,0.11571377148687746
0.0854177705618016,0.1492723727011476,0.130455017226341,0.14186272981980852,0.09142429934106888,0.06478618217952942,0.10380216916104594,0.12749774503617797,0.10548171397307902
0.09983208424061517,0.12254363346941725,0.094588019852979,0.07469472166521425,0.09283931184207513,0.14482054035430694,0.11434400399952173,0.1435194334411334,0.11281825113473702
0.10940276888865048,0.10933092482896796,0.09532416188341038,0.07602911796050292,0.13052417028460062,0.10934984331066162,0.09990451140483685,0.15401163316195474,0.11612286827641448
0.1482856677736799,0.14890719576108077,0.0783634337194093,0.1013646384562439,0.07576428152273258,0.062178259653665614,0.11156694335531749,0.15549531289002835,0.11807426686784196
0.14589602524681464,0.13651362047617885,0.10228259786331824,0.09562208942328397,0.11956085209318516,0.051165554699702444,0.0985334331374193,0.12354409591040279,0.12688173114969456
0.08351095844376177,0.15094533553854458,0.1284846419949434,0.1752246197278865,0.09963601379416857,0.05946277457463514,0.061970364494020325,0.1347812730084744,0.10598401842356538
0.09712184819829567,0.10673262181603672,0.09652447520458503,0.04875592607934139,0.13261548152602523,0.13496480040155726,0.14272111781344451,0.11105487205448421,0.12950885690623007
0.1211610606972105,0.11614018604213956,0.11272765668828007,0.11755458921169254,0.10711749780633815,0.10127547160446405,0.10416112872234388,0.09679886190390591,0.12306354732362523
0.09494930810804121,0.11654252621196552,0.08816759440899409,0.06669117734655011,0.10546968765758218,0.14606463432911213,0.14833545362899808,0.10044429407569451,0.13333532423306219
0.11614854620443575,0.10782579575742547,0.08753455975007875,0.12609394450702885,0.08823400152154715,0.1209220416606503,0.1334773771054179,0.10073894265798639,0.11902479083542934
0.0719393864767563,0.1236123192943272,0.0758147308897075,0.0733943208727429,0.08023922435322832,0.13668895461784317,0.23004144038801577,0.09442211355491183,0.11384750955246693
0.10298821231552223,0.12140987092340638,0.09180402872334563,0.1463924945542936,0.09075273782174721,0.12355494862783796,0.10901028222328024,0.10615398220257755,0.10793344260798914
0.11062791144201774,0.07910884483143271,0.11110350742568002,0.06087220325534215,0.09878441886486722,0.2643178113718445,0.09944302112665271,0.0819438767054362,0.09379840497672665
0.08762877085814429,0.10666899135746001,0.10049506964182646,0.09870700340236331,0.11839766639492416,0.10936634498299458,0.12080035401545842,0.15231520361121897,0.10562059573560983
0.11579860041688628,0.1094490308139922,0.11999558610130541,0.08234252536077642,0.13983226194976908,0.0765769311913501,0.09758417310127998,0.13596698220908598,0.12245390885555453
0.08857557506044811,0.1464089678165841,0.0898817688356562,0.07264602510530149,0.1210047876392412,0.1101748963232221,0.13887843950807274,0.12054506852185431,0.1118844711896198
0.13757245558789305,0.11013454681031422,0.08182757667250559,0.08942573019979634,0.1255932458060293,0.10845843679100609,0.10460716564422566,0.11899710136999132,0.12338374111823835
0.11116647386509848,0.10464844990981507,0.1031615612945435,0.0862381923762277,0.12968451582313675,0.11761512798116197,0.11642468840481783,0.11224568200092248,0.11881530834427628
0.14717704892940278,0.12645919548819734,0.07664297633881255,0.09785669520120639,0.111742542547908,0.09017922787349418,0.1155368238561919,0.09661816174722919,0.1377873280175576
0.13117139718888426,0.08212115407285518,0.11147564527079583,0.06979799422795407,0.11596880568327454,0.19885330139994006,0.09155317369887868,0.09457480478370994,0.10448372367370741
0.1007088493247293,0.11158479348393156,0.15478553914052887,0.10466830690214675,0.1154922792681969,0.09218501540227293,0.09849473298321991,0.10610814712519673,0.11597233636977695
0.13236698383875437,0.12087554759029502,0.08079851621419552,0.06276836065344747,0.11855879454970926,0.16273441537870112,0.0933090863367159,0.11425175384507476,0.11433654159310659
0.132931022522119,0.15006011853349,0.09430632632854663,0.0628752284579218,0.1025891002154495,0.09171277273494823,0.10101764180446116,0.15533043063893812,0.1091773587641255
0.12100143814379434,0.13054902666901022,0.12153075526222669,0.07584785970779341,0.148426518816737,0.0636870440393341,0.11320026561695921,0.10202032428328138,0.12373676746086366
0.14861853319502652,0.15873512834889972,0.09339799703713471,0.08989907018390036,0.08099052348649492,0.033384063823751774,0.10807890082274009,0.1689880377702384,0.11790774533181353
0.10685583005959755,0.12069808934589867,0.12610472051717683,0.11452244324417188,0.08692334365283234,0.04448128730185618,0.06766891277635835,0.22650337932222075,0.10624199377988731
0.1181583474394226,0.13278260331241643,0.08245241261865784,0.1324928856859107,0.10797435200205784,0.09966042913218293,0.11026761697083169,0.10226408572025703,0.11394726711826299
0.07251241783040192,0.10060752236507965,0.2187640110576307,0.18474201872713944,0.06266055181535395,0.07106789567349409,0.06884269021963724,0.1225199108430251,0.098282981468238
0.1008571909824816,0.1278994111362838,0.09492328227619173,0.15367895106846188,0.09141256696939955,0.05530611878227245,0.07684299379642613,0.17992067581281235,0.11915880917567051
0.11482274546514097,0.10747831513567775,0.09680155748332238,0.04882857600312528,0.11753288156827292,0.21138339710544943,0.09552317027116557,0.09794761007893245,0.1096817468889132
0.08281001081034584,0.11585721108660814,0.07966062310556787,0.111866271849296,0.14349859887596347,0.07260844891342068,0.16168730627405692,0.11631130291089271,0.11570022617384841
0.13640013207289917,0.12139429007645545,0.10146960073783322,0.10223547186903932,0.09369221573752012,0.11282416879734945,0.08033095220405058,0.1290559133881077,0.12259725511674496
0.08670313772890718,0.16119721127498615,0.10778554026068872,0.08019009528878977,0.10998160000473718,0.0905143802097244,0.1114799616713923,0.1180623250993143,0.13408574846146
0.13603777989437388,0.11798077228239993,0.08377485336020767,0.07184643019941499,0.13655515125818818,0.07561776817389276,0.12831054059984257,0.1279451132704483,0.12193159096123181
0.11157597236934086,0.11196674013614587,0.09998344770611743,0.07140721160344499,0.1396988378555466,0.10784584378482882,0.12045040346867396,0.11656385499099924,0.12050768808490225
0.13540009731985497,0.1164845277337108,0.08571157381986484,0.12540933971594237,0.12305421188874514,0.07931715007084837,0.1003068773175058,0.11540043518640576,0.11891578694712197
0.10315748713273125,0.09338544696509678,0.08052217946099896,0.0851058417474345,0.11351224820582272,0.18193536678635838,0.14345039329492154,0.09563180027655298,0.103299236130083
0.10486525145952602,0.11732279052906053,0.1061493532884759,0.057824619153497604,0.07276094936039225,0.23983235769520772,0.10694719015146699,0.08879185301475993,0.1055056353476131
0.13498529970273118,0.14723232491067703,0.14003722817485648,0.06456059314192551,0.10565732697600827,0.06523183779776331,0.11699619548174456,0.12149782602052824,0.1038013677937654
0.12385124270794035,0.17322890705767913,0.18195611166865722,0.04532971446037865,0.0821631547930367,0.07406781458060115,0.06690531827414631,0.1444753219586477,0.10802241449891285
0.1028489532251456,0.12917831646366149,0.14154725253014264,0.06774226188020717,0.1018805607991281,0.1471560214877475,0.10518383342270576,0.08933285112258789,0.11512994906867385
0.11006128567741351,0.10615003774877725,0.09817443627495757,0.10339593335852633,0.10660043697100204,0.11419189349395754,0.09587805121073563,0.1446472433591521,0.12090068190547794
0.1338940967556874,0.1523367839227059,0.1390505234296168,0.07876012109113344,0.13353554228415815,0.05142721571359224,0.09133548507789047,0.10931044122834295,0.11034979049687273
0.11983244265337138,0.10809030653252412,0.08036991592503119,0.05268731564913124,0.13093875324096274,0.19307052065463848,0.10214418699049187,0.0959220107481364,0.1169445476057125
0.11667156292398422,0.12125744158193708,0.10119844801824336,0.15726070539000503,0.1097468878893043,0.08292861932527114,0.11477283913693616,0.07918311862958312,0.11698037710473559
0.08586684397829365,0.17795331408083068,0.1430855534152247,0.0990039777199118,0.09206822244728417,0.06413398944297267,0.10326383488890245,0.11837616652752275,0.11624809749905708
0.12159618477490781,0.12916987816855022,0.08165284532388999,0.12208585288557629,0.14563463556056536,0.049490989856261124,0.10565219377431927,0.12305404487464273,0.12166337478128715
0.10343403857532392,0.13915490490264124,0.16621684540432824,0.13402324605909743,0.10328047589775956,0.05142203876787882,0.09404679009479262,0.10502258818109796,0.10339907211708017
0.11503442819229077,0.12631998926220964,0.11472474443539708,0.11506217452844776,0.10921689023078895,0.12137027202452606,0.09909557951893021,0.09547974557228851,0.10369617623512101
0.14726068137035542,0.12333773592708157,0.08228402883681485,0.08704225492060351,0.11268962506692927,0.1378729784213791,0.10712644152556271,0.08848283638363057,0.11390341754764305
0.05784602487193291,0.11336785036550105,0.15551813766190764,0.2359256120555918,0.08256949531418195,0.09438258346769578,0.06867200723659744,0.10185964807105202,0.08985864095553941
0.11469511210302723,0.16022663392113604,0.10286398651919164,0.09774401284484417,0.09192206506245382,0.058814462779837186,0.0984565062764316,0.16111733631986735,0.11415988417321105
0.10127388335570038,0.11560452398331571,0.09356002007461606,0.2010906031077795,0.09829452710143964,0.06344316416774336,0.09419935420044238,0.11949981117531659,0.11303411283364644
0.10347674583070403,0.0995277590494031,0.0951668183002427,0.10489577711730445,0.08788528029228189,0.14955050727316632,0.12960725141323337,0.11418720299495784,0.11570265772870625
0.07692984971223,0.1297685122527222,0.09525158222163539,0.17281089315985265,0.06906950718270645,0.10426006076647386,0.1356810358583704,0.10397492530752017,0.11225363353848884
0.09556975578695213,0.12164365621454816,0.09024732798205098,0.07654372526734314,0.10058256635976259,0.11856186013224161,0.17696934950234403,0.1025446807193407,0.11733707803541664
0.08599084595372397,0.11065793621906621,0.12888087318029104,0.13261582967672828,0.07797120784880623,0.07403749901431898,0.10929247244906866,0.16955098896542617,0.11100234669257054
0.13136754251467966,0.1578483024415762,0.09244692262666972,0.10989355536203994,0.07689277290558244,0.08391008237421405,0.09017443712859141,0.14330895190562606,0.11415743274102054
0.14963556415676138,0.13687678408924356,0.10586696423171704,0.0689699333668584,0.1256589569266361,0.09244125575797174,0.10642879393411502,0.09336862824538565,0.12075311929131105
0.08828223607062909,0.12569367303681045,0.10435377538797275,0.07750533095013291,0.15183330114560603,0.061553605569091153,0.09916645145843887,0.17100637334989957,0.12060525303141927
0.09777782762576252,0.12115977736126216,0.16595623387035444,0.05710846183475097,0.14313198046511932,0.06639611285769605,0.11455285773844791,0.10511991366655138,0.1287968345800553
0.1089345322845147,0.11754468561700603,0.08476309380256102,0.06606834026582435,0.08869998936759234,0.1373431463258795,0.11855284899035086,0.1684082213108595,0.1096851420354119
0.18285092062436062,0.21582069187306827,0.09734864100920754,0.06450639133178263,0.0800885338479727,0.04441636011504815,0.0965735427013243,0.10886700613695816,0.10952791236027763
0.1090909333115393,0.10760817200093853,0.11594369040768121,0.045409736603928684,0.1000523325977486,0.19357300325789603,0.08583294070279213,0.12204077531511874,0.12044841580235684
0.08319527495125456,0.12508873544490698,0.10615572358711162,0.13722486797709116,0.07773091322558197,0.06196676685854083,0.20648474408070192,0.09524924347266223,0.10690373040214869
0.13938755749156886,0.12651119356664822,0.09413063949385363,0.11348714283776733,0.11181546956678619,0.07107492110715097,0.11640224524899921,0.10476737306639287,0.12242345762083266
0.09415429209234645,0.11112960900629015,0.07628423147919512,0.08207198392236949,0.11459543246127962,0.16302071641392937,0.14761474662219945,0.10341399105669442,0.10771499694569596
0.07904218299658236,0.10995187338392436,0.13236024880449077,0.11983303597606555,0.09396965097760429,0.14823242324228544,0.1216035228914068,0.08617403552490625,0.10883302620273423
0.1321875282085533,0.12102430735661711,0.11051360168203021,0.0701321312693839,0.08622311322571734,0.09118703771769678,0.0938331751243069,0.17582077820426648,0.11907832721142797
0.13217768833007074,0.14381273340316408,0.10152691184573837,0.08248372491948762,0.09391853958811335,0.05042435941050035,0.09354096252260491,0.18593090382164448,0.1161841761586761
0.08473074202705388,0.11943276935573342,0.10591206967436263,0.17619103789939303,0.06957968258491823,0.12143543208681096,0.10513876161061471,0.10620106481988136,0.11137843994123174
0.08159718516946753,0.13702176605044322,0.13233572330375634,0.17736246424613325,0.13181317042555693,0.037189734197543574,0.07058961198699554,0.12013113198514642,0.1119592126349571
0.09739845908030943,0.14683050244410717,0.10484887804070982,0.12238418660316486,0.09522698581122258,0.061133423432719235,0.09804595919910468,0.15941035832341224,0.11472124706524996
0.10471562079931844,0.10310280694044512,0.07988902695752274,0.06431753342626767,0.11746986343393107,0.18701704967988997,0.14233665184916622,0.09200899194630212,0.1091424549671568
0.14669016839925433,0.15908173790089655,0.14212193333410064,0.07609372670653698,0.0905973766020205,0.07580993881309406,0.08802937351789038,0.11387942085631457,0.10769632386989196
0.09841105587499593,0.10079657049713216,0.11690986740455983,0.07079194691160651,0.09342535349507713,0.17428011523423406,0.10439426770420589,0.12530274509912584,0.1156880777790626
0.10621168448637497,0.09097054854236956,0.10195325933186145,0.09665217757358903,0.10106738298199708,0.16644105354346828,0.1151105871476416,0.11491224776200336,0.10668105863069464
0.10411432566082109,0.11849325102762613,0.10650847113845698,0.12553705139035967,0.09436237482296587,0.10551565654272305,0.1076048784906873,0.12862015956710948,0.10924383135925042
0.08297599645586301,0.12061256534632374,0.08342945228900968,0.14381950878257055,0.11785212735100938,0.07317247681411541,0.13769942995127252,0.13139972859114227,0.10903871441869335
0.10752117015446028,0.1275149654997235,0.09132836300731306,0.139351503962961,0.0975177129822223,0.11685984535184692,0.10066911571447323,0.10612702776201509,0.11311029556498452
0.09129309574593597,0.12456421817250192,0.08718466577923571,0.06249474494401374,0.14405972573877068,0.07048887300422459,0.13712782850022234,0.17058338532814102,0.11220346278695388
0.14683056886605886,0.17401618019236684,0.08639712025369084,0.07514224511218351,0.10064877825674294,0.05916895687557602,0.09850980762846046,0.14136132066589233,0.11792502214902816
0.10435112178295279,0.1032236719870702,0.09205670646609015,0.07065763063697844,0.1599481696221157,0.1205527088189899,0.11214911295282799,0.1240499284187127,0.11301094931426213
0.14686940121146064,0.13688811950929727,0.10665974808542177,0.1390293947069401,0.09483527206586378,0.0815071590905341,0.09497152864404164,0.0862301037374082,0.1130092729490324
0.12172729740960503,0.11383551913907819,0.07844904807204868,0.07867565372595094,0.1117374203006722,0.1613041279167897,0.130319045987216,0.09419770744801888,0.10975418000062041
0.0825338979990704,0.1299655292241925,0.11524890185788261,0.09878884141063284,0.11683684063864035,0.07077935454419541,0.10094682357153517,0.17113313365036656,0.11376667710348413
0.12766237325870078,0.1174010144092799,0.07937159985436343,0.1597475184564404,0.09980122649389699,0.07987278367765156,0.10893048051240532,0.1056798731979804,0.12153313013928119
0.1684170473606099,0.2068234634209979,0.08669224790930596,0.06372237349129194,0.07188066683902361,0.03728969050320148,0.08714520661222482,0.16303408507243575,0.11499521879090857
0.14546643842422846,0.12826386471431303,0.0820697117630587,0.07053773365186658,0.11840082463589548,0.13121900675670586,0.12160053624890325,0.08542167357712105,0.11702021022790761
0.1520921750749409,0.14725088433027986,0.09262851246911512,0.06610153522380585,0.10026810173630683,0.08894358133886937,0.09743738551647696,0.13740645742588245,0.11787136688432269
0.11262188534152551,0.1209313939503253,0.09413145339367442,0.09747899891514256,0.10564872451598295,0.10932833443398289,0.13516291239900732,0.10440284683013319,0.12029345022022588
0.06392668435105453,0.12718405579514247,0.09840839232133597,0.07637321070071303,0.10907623712757746,0.13626152464065602,0.1729335180329125,0.11202494809850873,0.10381142893209931
0.09254664491517066,0.13558098287207945,0.15460796867943508,0.07609658982487294,0.09785230145645722,0.12598048851058755,0.08088016000498428,0.13060695432624583,0.10584790941016702
0.0880913027530466,0.10391171177302876,0.12921209613570275,0.07714043511755928,0.08487535289325028,0.1548474388090171,0.09612272417155386,0.1662726799105288,0.09952625843631262
0.13549183321990946,0.12156870716360339,0.0840285182338349,0.11498826851732684,0.11070764770156909,0.10898787821091853,0.1118473696412967,0.09673860704214789,0.1156411702693932
0.10901621780595037,0.12750178335168075,0.10194969445840672,0.049254245372844487,0.14078011822809308,0.07184219664829518,0.11695210296809767,0.15115543112481497,0.13154821004181672
0.13495125842914765,0.11395476214689443,0.09021286608552002,0.11636434366749049,0.1338099752140649,0.06919633659321657,0.10532622647893482,0.10542047686278455,0.1307637545219466
0.10373288971125949,0.1445777173953911,0.20152210505994916,0.0569648558062141,0.129794142279274,0.04482135216435441,0.08474875726654009,0.11417286335228245,0.11966531696473526
0.081771786682041,0.11607631850506263,0.10661048936727617,0.04335010054453417,0.12242435436063386,0.16437554288793274,0.14813988009182102,0.08932845281539621,0.12792307474530232
0.0998777711185177,0.16247961235520328,0.10726404299687765,0.10229892844558615,0.0775879516961997,0.07742196873547043,0.0931448938435868,0.1692077151643195,0.11071711564423876
0.08878117880311182,0.12353729222259185,0.08964893947700599,0.13032450943394777,0.12001635581813364,0.0812073135845663,0.16509660949717928,0.09552606477351494,0.10586173638994827
0.11497449205421838,0.10251495936723391,0.1013645728740802,0.16418729194024342,0.07871002244044527,0.07780085305428597,0.07250569594769914,0.18619570946801775,0.101746402853776
0.13962559523657797,0.11881932646334782,0.0962394245482789,0.06322855246221044,0.08103086836014482,0.12482777985392442,0.08776703964513503,0.18152376032459802,0.10693765310578246
0.1210374136845228,0.14985128063192443,0.0798039264342385,0.03610988241988069,0.11394561213169989,0.13885339807559816,0.12111193774234914,0.11330793134932786,0.12597861753045858
0.17720962823172867,0.13424297551550143,0.07326061060341645,0.06063061021475377,0.09772314431267111,0.12217087984363413,0.08671989172690735,0.13468733343864092,0.11335492611274615
0.07247889239903536,0.10060767583042857,0.21879295938964285,0.18480243717392564,0.0626441436558738,0.07103149789461263,0.0688231763834498,0.1225418470737764,0.09827737019925491
0.13599182919971767,0.13250140455378334,0.08047499544601044,0.1143522866162499,0.09626392428486187,0.12365108493255576,0.09749842803176166,0.10531518403598107,0.1139508628990783
0.13767061664387684,0.13785291919781587,0.07935020486759221,0.13020082799926097,0.12922355988335946,0.05785970505514084,0.09254801132793873,0.11909857448834499,0.11619558053667
0.10817553414124463,0.10962635977067318,0.0896481533737651,0.08598311653237084,0.09226773776018442,0.17747651080281016,0.1320930017548139,0.09390470347276243,0.11082488239137528
0.09389153519595468,0.11169340558524814,0.11150023035550417,0.222798270860595,0.09350517959436522,0.05557050941728828,0.11378363303074412,0.09731133605677385,0.09994589990352647
0.11451511544994118,0.12337459737206362,0.07783636720765331,0.09268833653277464,0.10107102508005572,0.15048514967177562,0.11944001207061128,0.1053410313972815,0.1152483652178431
0.09457978557015669,0.10370376001223719,0.08246076007670174,0.0436773591083101,0.14757180888418311,0.0984125928800592,0.1568626526990636,0.14793989066037458,0.12479139010891378
0.07451299586489284,0.1388138602129355,0.09960662444211549,0.14148808712535377,0.10679729044250663,0.06139532663509406,0.12256264214590544,0.14172526754981482,0.1130979055813815
0.10204130459277298,0.1427440862791403,0.10472536892422894,0.11365757917762392,0.0868347210520483,0.07949295764713432,0.15631059411575748,0.0976493112768279,0.11654407693446596
0.09237978472906216,0.1100595904814801,0.14093021261597352,0.14219854490717806,0.08545540403087541,0.12762558273570251,0.10806027666673146,0.09151160571136702,0.10177899812162979
0.17730074716977903,0.15478416253306446,0.09671343065158618,0.03678147738861907,0.11573631895654408,0.10084847670729365,0.0980851967691803,0.10235912976213352,0.11739106006179972
0.0863748027318028,0.11765813483424438,0.09261558807779809,0.11637339123716785,0.10238992547803087,0.05849686960425945,0.13001277140583442,0.17483654359104248,0.12124197303981976
0.10180364961687165,0.1702258887421897,0.11844005387388683,0.04502312228526741,0.10805570326090404,0.049352379928391366,0.09594903677192002,0.17858288292680433,0.13256728259376474
0.07172123948588617,0.11980648026906442,0.08952832579710406,0.12259849903539753,0.07702782744509255,0.12482243724367953,0.15249675658198328,0.13423080504250087,0.10776762909929168
0.11670573439628351,0.140633531991523,0.07777133373371985,0.060963638014019154,0.10348149474609224,0.161642330908603,0.11924765723202557,0.10957541522665028,0.1099788637510834
0.060554549522286,0.10308160309302129,0.13775940133696854,0.05961041661828037,0.20100182614669035,0.08214432655368085,0.12775080944846995,0.10244492350356499,0.12565214377703762
0.11186515137577785,0.12683481169530003,0.10347533581312247,0.08801097986238819,0.09296280203432321,0.10626037235653525,0.07415776264719315,0.1800969174691128,0.11633586674624703
0.06616530036175226,0.08328591606902068,0.12927844549491696,0.1284173219205574,0.07676467723195178,0.17306044559815328,0.08095223728022521,0.16181742525301177,0.10025823079041075
0.10324078188206513,0.1335563892508118,0.11152636639013162,0.209060306412318,0.07421451705237518,0.05008616590263474,0.10220057329127913,0.1182357944468097,0.09787910537157458
0.1511782303522155,0.11721507614785472,0.08135017333259413,0.07986592745460569,0.11266034423564386,0.13989884414384507,0.11256146287725717,0.08984399455151493,0.11542594690446895
0.10366782084476278,0.10761993652401915,0.08382147571350423,0.044636898251439426,0.1420344979189412,0.13498493958322913,0.1509095796417466,0.11174987717745248,0.12057497434490498
0.13633821367028892,0.1223262034987403,0.10022681907780377,0.10653469344106621,0.1277533085436052,0.08788213995591405,0.10524858721689705,0.09594917879370957,0.11774085580197498
0.04950370025578656,0.08856553344209768,0.08932711844654619,0.09973927113830601,0.09426160138153368,0.07723759080309883,0.19833332139607782,0.18955475951539846,0.1134771036211547
0.11310808934163712,0.07701449210377834,0.12195622431164636,0.09702968439464815,0.11480438955101972,0.15532678185440016,0.11332350322229634,0.09725700817125993,0.11017982704931395
0.11081869555511865,0.15076804922663029,0.0921931868275706,0.07318454417595661,0.11560759688537044,0.13412867250537194,0.09304870191885961,0.11687330047014692,0.11337725243497492
0.09384497499885007,0.09990788099261855,0.08223870984225634,0.13662990570930048,0.09847510995279406,0.07263171331814754,0.20884333774816777,0.09806083860275623,0.10936752883510897
0.10661783320245906,0.10592716840671558,0.159329781323828,0.08845084585970257,0.10283638471551655,0.12655806426581528,0.09828883579746824,0.11013951644848857,0.10185156998000616
0.06605036720169376,0.09363752881270214,0.09358202616509881,0.12430740605349931,0.11870853489473561,0.09942803862395432,0.1827636444045676,0.13384438204482452,0.08767807179892395
0.09332687029927572,0.096180688620494,0.2436662332756836,0.07282977596052914,0.12182790706294426,0.12123078924401935,0.06588231308302317,0.08621309800169462,0.09884232445233615
0.1365908551811336,0.15788942443221046,0.0910179333996996,0.07708272789418401,0.07319649014600524,0.09105981308147126,0.15570970933011918,0.0997607221709134,0.11769232436426326
0.08419874244609375,0.14752120586204084,0.07902363184081505,0.1302146963886346,0.09693803664806389,0.05352813246467927,0.1859660257057192,0.10364305702133457,0.11896647162261886
0.14178725658301103,0.11535348291711302,0.08144952663003044,0.08960637690490914,0.11420182265458408,0.13735606466216602,0.11348528446842761,0.09195535687903866,0.11480482830071999
0.07252676854142452,0.12112507980402439,0.07837924204956868,0.06769265237145439,0.12957374386703058,0.09083580829717315,0.14945218178509997,0.1827711860640513,0.10764333722017305
0.12222681939523006,0.13816521068082419,0.07885916648455299,0.17702767535945474,0.06755059393299134,0.09856307769676394,0.10413742787723262,0.09701428997723942,0.11645573859571075
0.08541653586635993,0.15348906644328839,0.11861225727484241,0.1378535076616808,0.07480957029453487,0.10194936798603027,0.07546236795521215,0.1482065345191683,0.10420079199888281
0.09736267372287044,0.13377407474958053,0.10356382414611538,0.13542675615263752,0.135125582146739,0.054251726561778235,0.11790477851701842,0.10019894840293053,0.12239163560032984
0.12872889331291584,0.10593140761637031,0.09259165435091395,0.04978140423534102,0.12633249886742828,0.18097687554259992,0.09966796586208448,0.091602721123188,0.12438657908915814
0.11476070469325983,0.13674887577241898,0.08641590642727133,0.07695056382441254,0.13184426598093177,0.09648688014268736,0.12132927505574674,0.10426584819605338,0.1311976799072181
0.08745973463352126,0.14880003550454093,0.09970600296617786,0.06791328263411794,0.0918572384618757,0.05907526977904573,0.14388141608677565,0.18648492951991044,0.11482209041403457
0.11975972117287381,0.11228034744836124,0.0786591432438785,0.08232303963751042,0.11982205175089257,0.14714854127595453,0.1428653175882885,0.08720828226180737,0.1099335556204331
0.16776756203870224,0.1560650490583544,0.14664473612501003,0.13679613888969358,0.08497543742143948,0.04423613070040364,0.06841432538357163,0.08910254203776136,0.1059980783450637
0.09144123849416612,0.17849618378819074,0.07426401774566839,0.1705612484068814,0.05541641966121402,0.047146753221917165,0.15144280597839913,0.12111452478460749,0.1101168079189555
0.15001592352712428,0.16099724653349362,0.08546274219876122,0.08131653166999128,0.09291185875416036,0.08128879747307133,0.11508060727691734,0.11718201282204792,0.11574427974443267
0.08558841655541187,0.10592326928234543,0.16462997290975953,0.08020982736577931,0.15029897694354152,0.11705739582777681,0.09850196474253199,0.09418070816907381,0.10360946820377968
0.14178725658301103,0.11535348291711302,0.08144952663003044,0.08960637690490914,0.11420182265458408,0.13735606466216602,0.11348528446842761,0.09195535687903866,0.11480482830071999
0.10753000025787958,0.11668829113888692,0.11625710457132483,0.06653448927617193,0.19366942482846428,0.04237435571852408,0.0957139766406037,0.13594358587886632,0.12528877168927832
0.0860494312127097,0.15811189799712896,0.13814142710815888,0.0625317892812814,0.12125711522868426,0.09518895646896462,0.1293531503267454,0.08450363419947167,0.12486259817685508
0.09967789081211147,0.11190188493929155,0.0918977041427521,0.09466306623902306,0.11316292566830383,0.12247386435314785,0.14248682973748736,0.10150775223627555,0.12222808187160716
0.08247145145736756,0.09433761092992587,0.09653477132760217,0.07096456460768862,0.12108439384720028,0.18547759030163846,0.13718982360639798,0.11391761478261743,0.09802217913956163
0.10332231196055845,0.13484787153706104,0.07731641075633693,0.08528124167835849,0.0943576302639641,0.05686091136395418,0.18419755962823134,0.13798491117011302,0.12583115164142242
0.11183542648280781,0.10137625722070219,0.09480010704548873,0.07062236269416215,0.08669638280231266,0.2479479492237685,0.0975981486974547,0.0797004176158489,0.10942294821745435
0.1689363971685819,0.1419334188416498,0.1219770214439293,0.056638491384170854,0.07472940826911706,0.09715869361052491,0.08361307616983553,0.15288884280412238,0.10212465030806828
0.0932501082306863,0.1057914430543695,0.10117610951404316,0.18314002725713327,0.0915290802386229,0.06553665851910347,0.13383607456893276,0.11982622396449609,0.10591427465261266
0.12833431604230777,0.11002809391186935,0.08310954424583313,0.07209685194197762,0.12370195059432569,0.16152460439331126,0.11518580394394062,0.08997352757662187,0.11604530734981267
0.1353569121461073,0.10628540315131574,0.08836339275042693,0.10289619725088128,0.11374107454194045,0.11361382452918328,0.11153337200024484,0.10495748183982952,0.12325234179007072
0.07871821551435713,0.15753997548788387,0.17932153091779604,0.1702899191627676,0.05944668650470277,0.056407499135511345,0.09279167064747236,0.11642804386371226,0.0890564587657966
0.09494930810804121,0.11654252621196552,0.08816759440899409,0.06669117734655011,0.10546968765758218,0.14606463432911213,0.14833545362899808,0.10044429407569451,0.13333532423306219
0.11657733462098163,0.11260458650636825,0.11080585557118157,0.0597559556307097,0.16187966978092924,0.11565398424139128,0.09905634178667518,0.0967291143332198,0.12693715752854343
0.08880934678333245,0.15229249955306387,0.11405934351759013,0.09957118699124762,0.09298849375798224,0.07037493391858801,0.0862198847716177,0.18240492475414685,0.11327938595243116
0.09256985793085648,0.09904057494482375,0.08686614786821045,0.09746487408983621,0.1289547715060347,0.1395953241881059,0.10660986343299711,0.13385299381082433,0.11504559222831101
0.12011977707398046,0.14391635418233764,0.10343740965057178,0.15075184047492915,0.07087535073918204,0.11795500594750279,0.09825842779968326,0.08197431231586616,0.1127115218159467
0.12658159721574935,0.1344372792126188,0.17299370860089117,0.06127760785960903,0.09801939267659547,0.09230696551473565,0.08680387576054373,0.10995749753353307,0.11762207562572373
0.11549992392607673,0.12281970250697344,0.11122777726724005,0.046837672676354525,0.14350014659547392,0.13219492575895894,0.09861904003104854,0.10829492185688916,0.12100588938098474
0.11559372379699451,0.1261670023373966,0.10918818196560003,0.040918212834163616,0.10371492306041259,0.09242071531536526,0.09639929004522883,0.19935871580598138,0.11623923483885723
0.11837972949488322,0.12781605418788847,0.07816726681821956,0.14587888260917092,0.08123177526422655,0.10363731852386919,0.1366256472924725,0.09590148820988405,0.11236183759938562
0.08709766766886327,0.1163734715628073,0.1613954929473084,0.1535532384224694,0.08452387719200223,0.062136933037940635,0.10575879068885656,0.12313468664510728,0.1060258418346449
0.14294389427769216,0.11747679147147005,0.08292918304578566,0.0942462669814655,0.12257900066129229,0.11074921495491268,0.11271958110683496,0.09554851177003705,0.12080755573050968
0.12365775230595823,0.1850501133314251,0.15629004687230272,0.08982949894943247,0.11911280106136679,0.03612519171720278,0.06730819917747548,0.10469810858732076,0.11792828799751563
0.15387345847442727,0.14825972418083014,0.1064713275705277,0.07345590177597844,0.0935737431372937,0.0626301506862325,0.0995962090371849,0.15575610670740136,0.10638337843012406
0.09578224967162563,0.12897434201000132,0.11149745287071172,0.19224757116536537,0.08416205392565956,0.05047087732440636,0.1559838489241319,0.08604267780063869,0.09483892630745942
0.13402329217509798,0.11211908560828819,0.0769166824980964,0.07662188966814389,0.1323030170083581,0.12981952789028858,0.13250023970704733,0.0895804151642366,0.11611585028044297
0.10411432566082109,0.11849325102762613,0.10650847113845698,0.12553705139035967,0.09436237482296587,0.10551565654272305,0.1076048784906873,0.12862015956710948,0.10924383135925042
0.12295424447866826,0.12914622734876277,0.10261840349428548,0.03870899693122983,0.1411623915738697,0.15032749605297974,0.09632548512583962,0.09341864998281095,0.12533810501155362
0.1783696717576743,0.19561373713049512,0.08173574055486292,0.042221886897139425,0.08796854714106028,0.054107426211975895,0.0709249811048934,0.17060854445132456,0.11844946475057415
0.12194151713783304,0.12640956765445976,0.07848944165885079,0.07184261072432649,0.10932512914584473,0.15179396880535842,0.12767096746003986,0.09939990501417663,0.11312689239911024
0.1211462364807928,0.11697525702087519,0.12717511784049668,0.07273502829033339,0.09383546424505614,0.08280890768191433,0.1399925431928169,0.12721950782426208,0.11811193742345255
0.12161165316803076,0.13415138828845682,0.10398909611231551,0.14776260718951975,0.12136586466660132,0.05743326345945044,0.08123788445163783,0.10867542367338368,0.12377281899060383
0.10088143623992922,0.1306984644680229,0.07960200793520252,0.08375264779943048,0.10646082968984065,0.0871882569022246,0.1581012594695269,0.12523049277825488,0.1280846047175679
0.10143658305284801,0.12039025045891594,0.10292833235651995,0.08405176103916724,0.1440188511074396,0.06881250939766127,0.12100730848912589,0.1414258931975323,0.11592851090078969
0.12477594384479203,0.11183699832449485,0.09582889386899272,0.1272084970614076,0.11282450197702217,0.08988561229953945,0.11222886030842233,0.10898826551828678,0.11642242679704205
0.14178725658301103,0.11535348291711302,0.08144952663003044,0.08960637690490914,0.11420182265458408,0.13735606466216602,0.11348528446842761,0.09195535687903866,0.11480482830071999
0.11093548278314695,0.11922860224094615,0.09800357332505731,0.0995520477058055,0.18105129040518386,0.09398630644902721,0.09925682252868702,0.07932663036869587,0.11865924419345013
0.09449219072887521,0.09705848420778024,0.19190104308033842,0.0731706373078982,0.09282646655841705,0.1202224506418305,0.09304864812596825,0.1389084251048707,0.09837165424402149
0.10759349102537569,0.10627615822547128,0.12186594944083003,0.10825481716395637,0.09669741354793214,0.14039274694826107,0.09451379868896198,0.11662746753438186,0.10777815742482959
0.1292118135324855,0.12489943938932564,0.11179320768182059,0.11285528120053652,0.1288181106226622,0.08099164222024623,0.11224189190792071,0.08509864653169015,0.11408996691331247
0.1117909944910223,0.09260801880084822,0.19028832540023163,0.14033746175403042,0.08113055527036456,0.11144844781468972,0.08335875524697699,0.09083929322353583,0.0981981479983004
