0.10703791321779828,0.07883870579408743,0.1086966261502831,0.11945669059150053,0.14780570084143274,0.10161546782997301,0.12913019522834712,0.09696795663246154,0.11045074371411627
0.11982952701573978,0.1052450569129801,0.10261191838017421,0.11836343551395129,0.20124866812587558,0.0530220353552353,0.11499619424921977,0.08430472513008895,0.10037843931673503
0.10310104073597194,0.12265035723996491,0.10967680487434343,0.10321869706724766,0.11690113385351912,0.0892508090091676,0.12353635240000306,0.13718591536394978,0.09447888945583256
0.13997711767995927,0.059903418789781705,0.095353740954146,0.10777879047710258,0.10561689977669632,0.14719199711029302,0.11507705157350241,0.11435851838607973,0.11474246525243896
0.134741817705793,0.06648330113014836,0.14514203466404996,0.10877343725824867,0.11739869569550726,0.08910737325587138,0.14796358573554502,0.08633849093975421,0.10405126361508216
0.10847869724012232,0.09844119057574623,0.11169324054645874,0.11255372605505486,0.0981220476165474,0.10393899493809489,0.13499548114287474,0.12985546272884824,0.1019211591562526
0.12576485216650682,0.09720248286837692,0.14215508749818562,0.11505500603443791,0.11015883349316802,0.050799545276691026,0.11821306155418633,0.13475873270238814,0.10589239840605924
0.12857908400258478,0.08088363014174547,0.11992783045211547,0.11880271941817859,0.1375526391031474,0.08653915290008794,0.11763318694224252,0.11006483777173894,0.1000169192681588
0.09529053063230479,0.06531543791113519,0.10586416617308532,0.0992861121220554,0.09603513968474246,0.22724966079924314,0.09397471051203006,0.1215562565855924,0.09542798557981123
0.1317053373588494,0.1072149975817247,0.11113676483361674,0.10947780510538828,0.12620000869066766,0.07083192823089886,0.09774089813779276,0.12550831866869747,0.12018394139236414
0.10542181619466405,0.12134092315339613,0.10688149075227764,0.10890578673047908,0.1506094157941554,0.09101368437402996,0.10230120600350108,0.11237870518825294,0.1011469718092437
0.12458745782612402,0.0748394222502156,0.12111366281273432,0.12348126102019326,0.12212057176427575,0.10239318027195325,0.10291593602211126,0.1209910471033806,0.10755746092901203
0.10993771485506992,0.13683720513018194,0.09189680941938956,0.09522213310747574,0.08788308664606159,0.11514212461309914,0.13566001329520536,0.11631780988691255,0.11110310304660413
0.10799197560012963,0.15125760878957697,0.09437758158653807,0.11479785604376685,0.0831503085054822,0.1160469559418071,0.08369155574828384,0.13399636506605175,0.11468979271836355
0.11449108946100812,0.126862222473663,0.1075723047933802,0.11797686029248755,0.16672618597471045,0.05650920502765558,0.12817366713057446,0.07002447159720596,0.11166399324931468
0.11216522822491541,0.0816297936328246,0.11133562401733432,0.10054098016791312,0.11281494289886342,0.14334070606926555,0.10459857338731822,0.11616126370504291,0.11741288789652245
0.14559020681169502,0.07596881806153725,0.08646736755887503,0.1132727674994114,0.14212764363107586,0.10519737517996482,0.1245977388671805,0.09253724620784069,0.11424083618241943
0.13850549935901754,0.06283743862206648,0.10956165402838343,0.10138096543663279,0.10039200484087922,0.11638782060201569,0.13222062998966935,0.13775448866058995,0.10095949846074563
0.0938979192599465,0.09373407367466657,0.09444720978183452,0.09952380238849025,0.08990367194096582,0.23774309045342354,0.10009303582501776,0.08233421426678178,0.10832298240887323
0.11693830350418315,0.103953374767275,0.12599945278320757,0.11633838565463729,0.13710276066576885,0.06898384864075628,0.10124006150336122,0.10405758086844093,0.12538623161236984
0.10452482970910086,0.09663016016017623,0.11523480677778049,0.11921073013678346,0.17438157438377247,0.06683310089215971,0.12075598138141987,0.08852668875798121,0.11390212780082569
0.12557586818179997,0.08521009068983766,0.13048399744001082,0.136555478514543,0.10463286190683936,0.08214947400176592,0.12592161384566716,0.08100954530722813,0.12846107011230792
0.08421753098531341,0.12100921543310013,0.12452741538435752,0.10884630781925841,0.13910922888295973,0.08811981679741755,0.10987012211684673,0.11903140245567223,0.10526896012507425
0.11761926706192367,0.04894314698255466,0.0723986165397814,0.11674837128377785,0.10371199993294904,0.18961428357623167,0.14013365426950852,0.12675029100437338,0.08408036934889984
0.09671778451479297,0.17623734221494392,0.12015240314589437,0.10140610768362611,0.08954504653769509,0.06414826342119496,0.12198686851165226,0.11649295322685578,0.1133132307433445
0.09111710615824016,0.11284621122189305,0.11495847014081634,0.11566460436311904,0.10968544586846041,0.16193327081652537,0.09332743276389144,0.07309070888422876,0.12737674978282532
0.10846714896632426,0.10849173954227302,0.11572603879128603,0.11453945644203756,0.15198563275764596,0.057074549824159694,0.1348066184772607,0.09883799651957771,0.11007081867943513
0.13463614217907527,0.06910845748008498,0.11601804509562359,0.1117082521912011,0.11449262472895914,0.07537468019643442,0.1617468577326632,0.10414614838679531,0.11276879200916294
0.10654650826494795,0.10645449124916329,0.11376331981734035,0.11282906970441935,0.12756309259421067,0.0637940936306511,0.11433385953484741,0.1277193762295702,0.12699618897484974
0.10474713013481536,0.14689182449020277,0.13276893695949102,0.11934758819049514,0.12103187998265448,0.052707643037588424,0.09816208818891926,0.11029538594383949,0.11404752307199396
0.09147236596042013,0.09524645878902294,0.11031482547134151,0.11042258499387042,0.12165903496478221,0.13542249857592611,0.1257642273596248,0.103547084566751,0.10615091931826086
0.18075831224271122,0.053410061811809,0.10770726254559276,0.13011009280249158,0.11982097061087153,0.07665491755825969,0.13441499256725134,0.0619092634454362,0.1352141264155768
0.1218281974813183,0.14348213908306104,0.1218102338990852,0.10943745822019967,0.10596373118466983,0.06269817874047898,0.09076084786444333,0.13214817686786576,0.11187103665887789
0.16069724607861255,0.056467341200886444,0.09827288516914172,0.10994341746000456,0.1344383985680214,0.11696621388844564,0.1183823200430663,0.09436973762959143,0.11046243996222992
0.12287164421368872,0.09896248870817335,0.1178026987151129,0.10546002598208322,0.11536324259207505,0.08447556422499874,0.12234100852376058,0.12027877194845658,0.11244455509165086
0.09901370677059018,0.08684552059571023,0.08287294429036421,0.1142616341008465,0.09948910913865568,0.13354284316532605,0.12815441787143597,0.1701239153318489,0.08569590873522222
0.10059660251767155,0.09920800586319008,0.11075167554910788,0.11998925465541689,0.1342233398083649,0.0860111871059292,0.12469331159838482,0.10900282751519147,0.11552379538674322
0.11370146353073722,0.10176022966114477,0.12016524403749733,0.11473635787405813,0.14156830869873804,0.07362057626894236,0.13166779292324737,0.100928145259383,0.10185188174625175
0.11612322434562035,0.09912699229818382,0.10401894142171857,0.11292291719888341,0.09898552192074628,0.15531493726597925,0.09611908993254059,0.10861559802358926,0.10877277759273846
0.12357901067546079,0.09730269400903187,0.11984045906447793,0.12074326665420809,0.09028288767088576,0.09092953871707847,0.10357040013284828,0.14822888198021525,0.10552286109579362
0.0858490878358266,0.13370036818583142,0.11662076427543312,0.10456720574045207,0.11200664710669474,0.09741117776463676,0.10685162858808887,0.13220892773390513,0.1107841927691313
0.10283449472094384,0.09686207874591239,0.13301026976078237,0.12292674567037398,0.09639917853619566,0.08603733832972242,0.09081405711655292,0.16534104289726972,0.10577479422224674
0.11258308792112741,0.11002650285852245,0.10251092520171429,0.10174211735289919,0.09452680153492432,0.09387677331918702,0.08915210665318052,0.1901753150719018,0.10540637008654298
0.11198821800711961,0.07748010814168393,0.11855856404895569,0.10734873513868178,0.11455402419506255,0.12752332842005823,0.11807763699045194,0.10808481565484677,0.11638456940313942
0.15772152947170584,0.04983419083228278,0.08613640633415955,0.10568162180087942,0.10673200188164644,0.161996331038513,0.10698493791835355,0.10396101043154715,0.12095197029091227
0.1321892370716497,0.07745578798837417,0.07967165112409846,0.092231903248414,0.11508696495560926,0.17355762837585723,0.14142529910008536,0.09550922357742557,0.09287230455848632
0.12396439964242674,0.0949192756906722,0.11243587947656387,0.12561210055206715,0.12886555055870713,0.08002898976934625,0.12610503583682753,0.10987794261226673,0.09819082586112234
0.13084489995780743,0.06619110654824827,0.09533231102860674,0.11627558855637576,0.13347543551077592,0.13787850390854953,0.1042219791854323,0.09277922301732623,0.12300095228687774
0.10462461213783518,0.17649215604635657,0.09572097717945831,0.11104240498619312,0.13497847305463387,0.06490669364033494,0.10620824439639782,0.09403585112602127,0.11199058743276895
0.119995249059207,0.1384758160699768,0.09594694313075486,0.11391517499047299,0.10676096888164555,0.06953497674447821,0.09623610212469802,0.15580935700060627,0.1033254119981603
0.1263695606460147,0.07232915962344595,0.167062443217227,0.09926296558206539,0.11416923179944972,0.08178220006249635,0.14070855546166264,0.08945633944507096,0.10885954416256725
0.12578999889447237,0.0878663164854147,0.10505089514867248,0.13455848600242745,0.11736717665571861,0.07165032349101726,0.13560255578916128,0.10691531658176416,0.11519893095135175
0.13419618643458278,0.09880139964644967,0.1219148892341072,0.1327040439937154,0.10744710292053805,0.058577399941341916,0.10721178779152658,0.12477718094739947,0.11437000909033884
0.10636657320060143,0.12085173566374248,0.12990512354562816,0.10528980683081324,0.08901341769005634,0.08957807726252036,0.09973312058808671,0.13653060956353646,0.12273153565501481
0.11592863166905167,0.09942481888507847,0.11044206070132541,0.1299743116480138,0.08955182396658688,0.11244432815679313,0.09905026687390799,0.14119878931823257,0.10198496878101015
0.11741482912053307,0.10308680355859075,0.10221022128183122,0.10571435375440963,0.11686649771621266,0.10332141717282878,0.11020143068273153,0.1474223825188424,0.09376206419402004
0.10326838996498365,0.1344504119017669,0.10967794460727669,0.11655908322881732,0.09620244230696723,0.09148569112530731,0.10463753550820255,0.13490355439617455,0.10881494696050382
0.11188100565251058,0.09791669368106222,0.14169304685978165,0.11079189068523061,0.1036225724281538,0.08324860486215842,0.11128844440841927,0.12853672454355214,0.1110210168791312
0.1574751070508452,0.07782839907702749,0.09790428533799628,0.1141956973302921,0.1262611366525774,0.08864948575227749,0.12097337467137481,0.09397376240942183,0.12273875171818742
0.13563595177418916,0.0788993433621004,0.1242584556582772,0.11684122624112724,0.11442165184452417,0.07326707422408812,0.13660027865781424,0.1064476278862526,0.11362839035162686
0.10616234802763069,0.14681645675624239,0.10212970415099719,0.1070016951958402,0.1607062629738807,0.04995333801226221,0.13918651941174082,0.07635184641014137,0.11169182906126453
0.12164460832246644,0.09744421873872429,0.11121791465140958,0.1156113921359751,0.11744179067752518,0.09924250739603006,0.09501780740176387,0.12805517770088562,0.1143245829752198
0.0920767648572041,0.09823710869119173,0.11009499865653986,0.10014264966247739,0.0910823722022569,0.19305549949849096,0.10895222965935951,0.09079842531338535,0.11555995145909415
0.0847688579905456,0.0914273944010016,0.1376234185527381,0.11432210718213785,0.13863960504817419,0.0737605786754077,0.1536977269943154,0.088216110019203,0.11754420113647646
0.1123988360619345,0.15341254400396176,0.1158813815921863,0.09451133214979773,0.11257225289884658,0.0849590923662259,0.09865243423868343,0.11924298456429898,0.1083691421240649
0.11895183749405643,0.0990812287515412,0.12312103718732208,0.11707867126032896,0.11835874557839625,0.077664132323783,0.0970748311498828,0.13464620539396033,0.11402331086072898
0.09075176603573216,0.12216318746651032,0.12447036969905793,0.1080119572547331,0.11429661960457188,0.12078816179123637,0.09436548270255456,0.11649695847226312,0.10865549697334047
0.11470965889215279,0.09567496909049396,0.1295403205084784,0.11815251928849642,0.12798481141918525,0.06889854348979883,0.11766245493518783,0.11917095644761999,0.10820576592858659
0.12981290512761987,0.16225062094846757,0.1047586438645068,0.1073592425076234,0.12970594946819758,0.05857818317958086,0.09099784250186073,0.09493476707202196,0.12160184533012118
0.1273822950654472,0.03757674150336474,0.0942768790925907,0.12779590296276733,0.14618860052815047,0.11112978586264517,0.1772014359499956,0.07891402273778418,0.09953433629725465
0.113314050399922,0.096827370715714,0.12618900649458872,0.10649588484753038,0.18830324537235166,0.07703630326671401,0.13203610515258737,0.06716871274735688,0.09262932100323491
0.10685403807597942,0.0906909198605723,0.12609503043538478,0.10500905268890577,0.1370984277962997,0.12989167079402716,0.1290367388394572,0.07511659513347542,0.10020752637589835
0.137546470650709,0.06666601159702984,0.10264849816230508,0.12013879538994836,0.10430351324286276,0.1220360920156891,0.1183197004877537,0.13576357838277842,0.09257734007092372
0.10414691932900277,0.15527966783242989,0.11253495381877882,0.10869177892169936,0.10946605366026758,0.06959209390884465,0.0990468623183991,0.13201355945415708,0.10922811075642073
0.1220471380823457,0.10194691618016588,0.12678375148314278,0.12690118789702753,0.12899122728899912,0.07111679625695037,0.09864720485045038,0.09997876250053739,0.12358701546038085
0.12280004055127319,0.06414280243132926,0.14265548017470359,0.11642173176430233,0.10989847952318323,0.09063019022271895,0.12835790914508868,0.11302533235690271,0.11206803383049797
0.13950350920523835,0.07921550942081215,0.10065384391498557,0.12743592134429774,0.13436425554953138,0.09190803099236193,0.11859329033212636,0.11324160342477119,0.09508403581587542
0.11424424762115572,0.060907169858312044,0.09367251049909157,0.1010388407400667,0.11545513751126757,0.20589059995813694,0.13835367650221683,0.07818828162610876,0.09224953568364393
0.18919036812774023,0.038832695454748746,0.09936508756763353,0.08392198131121208,0.08787913938878245,0.18190154108483636,0.15814186485685128,0.06284916149125495,0.09791816071694041
0.10770505333287772,0.06065865884664271,0.09626436244533139,0.10701286754807497,0.12873350286763516,0.17928632841699624,0.140221293434977,0.07014598731220423,0.1099719457952606
0.1122030568128737,0.20207247916665116,0.09494260010847722,0.09953093622060616,0.09155694620804922,0.08715505296959784,0.09267571714051481,0.108961590836428,0.11090162053680197
0.1298276959115601,0.16847714348194898,0.10662730398743048,0.09315336122991653,0.16408019082207795,0.03835821170224605,0.09720359286155589,0.09801270680774025,0.1042597931955237
0.1300589751058471,0.0840479895527092,0.10335592422672385,0.1110355674234979,0.12717931966050203,0.06415424488644693,0.19020678610595346,0.0822912629907255,0.10766993004759395
0.113412617346546,0.11260856198830356,0.15429271605346392,0.11127447813751674,0.08224771747494945,0.057906990594334594,0.11433800201251536,0.11562475761925561,0.1382941587731148
0.10368205836196054,0.1229449658006897,0.11157077482607018,0.11312317873037048,0.08273984419670133,0.1337106295078521,0.08835141940036091,0.12322403963330142,0.12065308954269344
0.10064541631431374,0.12542269083127025,0.10292518863981763,0.11040529428558805,0.09739148277194169,0.11058748615391656,0.12060070270577167,0.13676562444630658,0.0952561138510738
0.10251630157796458,0.10277064248610118,0.11404341538036829,0.11352770878387124,0.11584304150120162,0.0947208255036799,0.10414796599182956,0.136875979648872,0.11555411912611174
0.16858892912917145,0.04643615736948242,0.10802842688008525,0.09979582213119204,0.10993074024365766,0.14515456989398332,0.13032658228915048,0.06967178981502359,0.12206698224825385
0.15058788587355484,0.07331616138016715,0.08820466044742457,0.1392921197171323,0.10183009031560754,0.07900261290897372,0.1059877355444074,0.14041892312351342,0.1213598106892192
0.1082970289807234,0.0974146074525583,0.14324461443511416,0.12145184185787117,0.11334500874739811,0.0744425511888752,0.10396422673299123,0.12454454202501708,0.11329557857945137
0.09319846007073197,0.11299175313386955,0.09095182421956431,0.1161004174492987,0.10349763805517197,0.16072495159103883,0.11333117867942934,0.10551886141799444,0.10368491538290096
0.11841763007880919,0.10307829463140428,0.13476162839529104,0.11178664618598504,0.09676662830504557,0.07315641689855291,0.10780340360145113,0.14026596438381764,0.11396338751964324
0.1074999952212412,0.12396824557815678,0.13233736526023876,0.1170981753479558,0.09604147358543545,0.08315779384848455,0.09206108218986529,0.126789601915421,0.12104626705320114
0.09503546514841772,0.13846210328867806,0.10596561214866777,0.09910505120743424,0.11523774146793307,0.09140034489698597,0.12103345189397197,0.12699257674451891,0.10676765320339232
0.10783764589004567,0.1323812856360966,0.11785421700483621,0.1311733292617845,0.10248472786558195,0.07584058028587697,0.09947652486618723,0.12783176281439154,0.10511992637519942
0.10731588475249305,0.12631080862622038,0.1421575878117635,0.11851244857863823,0.128731084032789,0.05534245987498442,0.11796939686093592,0.09149488965068216,0.11216543981149325
0.11773551321769576,0.1090879293455163,0.11259900583612677,0.10929335287470487,0.14228683975810466,0.08370177062153429,0.12847540283265002,0.10054047512255683,0.0962797103911105
0.1162723856658822,0.128941527085584,0.13642174870187823,0.10162731304967665,0.12885859667828212,0.0499546126028396,0.09635723807812797,0.12884326126171108,0.11272331687601811
0.157149722623789,0.07047713029806472,0.12073638456134106,0.10584734123581818,0.11316736057104554,0.12106683761721189,0.09690041614685975,0.08135645316321628,0.1332983537826536
0.14471743320573985,0.06803977933506397,0.15807052190530288,0.10887627191484549,0.10238087883808977,0.07465089713928914,0.12653465754553586,0.09316834285398408,0.12356121726214898
0.16786176914099563,0.074835824984175,0.0887028474374867,0.11750612807240156,0.15601576984895282,0.052109162016462374,0.11378629443924736,0.10274121845567864,0.12644098560459988
0.1278115186887552,0.12571413601321296,0.10605672423559591,0.1094044606947971,0.13358422270160378,0.059515058815508594,0.11358177033111778,0.12557127054843784,0.09876083797097086
0.10537006141163781,0.08309709069246572,0.10352159462621269,0.10827248480933584,0.08955936830557414,0.15705353818184953,0.11239720361558132,0.14236460018308744,0.09836405817425546
0.10302904614928625,0.10235747277971348,0.10768775806793,0.11153230154429283,0.10167945492157153,0.09244290192943543,0.10021194720562715,0.19045137403699583,0.09060774336514749
0.10108961994247044,0.09809056789483461,0.11070245670659062,0.11120295478706373,0.12267854428306296,0.0929055441265999,0.1147979288102771,0.12235193048367206,0.1261804529654287
0.10549612214605857,0.11484480841923826,0.11773389808545476,0.10792211193904583,0.13041157086369973,0.12558072072390455,0.11212810796290472,0.07985370920508687,0.10602895065460666
0.12259450530916978,0.11692266017219033,0.1031806718889887,0.09998084246145693,0.14624974597253235,0.07534826928156853,0.09976886388596472,0.11193870267518002,0.12401573835294867
0.11626075201479592,0.16279402401141244,0.11099764196454481,0.095176732325849,0.12983197209008993,0.05065756323628768,0.09923526800636802,0.11555532559570035,0.11949072075495183
0.09228798528114417,0.07838071118664512,0.09417473166604927,0.10365817525364533,0.0885064720316061,0.2175302413818541,0.07931948740170143,0.1465808402641198,0.0995613555332347
0.13739154562317862,0.05007327580129258,0.07794383831970823,0.10530138273849488,0.11162401928285587,0.17027343554492935,0.13973720176115195,0.09882146471830239,0.10883383621008619
0.12103624341869669,0.16082474741369576,0.10199746746750288,0.09624867862086804,0.11735559550963537,0.05022080292320952,0.15260160409796975,0.0961765109714207,0.10353834957700137
0.12948146644735897,0.08375453414709834,0.1041340658885478,0.11342917081777958,0.09805389345689818,0.11158646235795795,0.11502051200699824,0.14802453799296358,0.0965153568843974
