0.09793059738669783,0.08612406489321951,0.08747842125659899,0.07926145976248881,0.06041320428041824,0.0897755995083717,0.36313748056004574,0.07010848965787857,0.06577068269428067
0.06724832212285307,0.10580597170709811,0.09540301365295438,0.1414783747200469,0.20779949252248517,0.10107438227844252,0.036750745251256926,0.11878083779502469,0.12565885994983828
0.09218361488859202,0.12297527365771659,0.12694338374438677,0.12990474231274649,0.188987852510201,0.12174956794597076,0.030743267283647624,0.07752776603051519,0.10898453162622367
0.05149946234452959,0.04415081810083371,0.0923596253367424,0.11377308164585143,0.06326946782445943,0.10243488240988578,0.3047257837676014,0.12327076919186992,0.10451610937822638
0.16299212170576632,0.1401268613361562,0.10592845813649777,0.1151558063600742,0.11391138799002891,0.11594116377542245,0.07986039156337316,0.08438352246978825,0.08170028666289278
0.18183196520762793,0.1492674187385611,0.12082620970428302,0.11278357634834091,0.1312887746220544,0.12028963337634609,0.02704743921591586,0.0699373010220904,0.0867276817647803
0.1415694320023424,0.1278977801224935,0.11341344903731088,0.11032547228218852,0.14850362215753268,0.11632874494392682,0.05699699997344864,0.10224648825662164,0.08271801122413498
0.05594685657751878,0.06036227534203518,0.08553568727248449,0.12264249802455496,0.1049789254692698,0.10888175925348904,0.23213572554245876,0.1061766884351994,0.12333958408298963
0.12809032932045608,0.15260385678318453,0.10879234173602008,0.11150829310890929,0.13703052156419757,0.11559514838808521,0.03814235605844694,0.11806484268277241,0.09017231035792793
0.04848738145117256,0.09893378824383899,0.12227359996586858,0.13136164251519836,0.16017962416298112,0.17569185627305195,0.02695780588524094,0.09945300872445943,0.13666129277818814
0.08352729873949205,0.11992084754319084,0.14705697729803668,0.1266453885849782,0.17363289257056969,0.13035223340037908,0.03300610316903376,0.08518079533117107,0.1006774633631486
0.07514108836934494,0.13181116835641726,0.1331817422501805,0.13874679299561563,0.11684232112444486,0.13686889626707702,0.04976357142545127,0.07618729785639584,0.14145712135507268
0.08045127662279672,0.09268717404172934,0.10160468966444819,0.12289610915022865,0.1304195571136701,0.1213142273633319,0.09994919035101262,0.13198575532293913,0.11869202036984329
0.03643442628126698,0.09233863605999197,0.12252895424022713,0.11171280601564675,0.1251852323655922,0.08153214056430695,0.2440722249258419,0.07342901741466387,0.11276656213246222
0.19424082335289597,0.07607757185479529,0.08742668663473303,0.10223318632180452,0.09323852713105622,0.12950436979845187,0.09103831936756379,0.08205207767591442,0.14418843786278487
0.09171725510040722,0.10300699566715517,0.137046795376812,0.13034628707654283,0.12328032927152531,0.10823143755428448,0.09611592801757,0.06618242107475292,0.14407255086095008
0.08112124589745179,0.14214362136734057,0.11961462375799603,0.11548887928602673,0.20307039942110902,0.1193767177006576,0.03709226473110817,0.09002263049884925,0.09206961733946094
0.07099971883273352,0.1559272976318111,0.12696592445848506,0.1394070572441417,0.12157241922670624,0.09996403447394601,0.0909259239388036,0.0925096729702946,0.1017279512230781
0.1340948243394103,0.12034986164301172,0.09140602683983412,0.11624429975001031,0.10783744802864999,0.11836210299108559,0.06771945971413047,0.1254900596109133,0.11849591708295415
0.06283735557070752,0.10631479834148093,0.059000666133710855,0.11251175034556259,0.12074713311219869,0.09610060041505575,0.20428324995429128,0.06218189145831352,0.1760225546686789
0.06493570573704165,0.09183953573810642,0.12489234710962648,0.11190994581119264,0.13581585828637574,0.1373691301680733,0.04776025411512392,0.10225740571021559,0.18321981732424428
0.040215830243162276,0.07200926783295673,0.16845172722448165,0.11002454406112233,0.08122080901775558,0.18901830311526435,0.016861285805218913,0.12720276196355781,0.19499547073648038
0.0651375382852084,0.10283620207976736,0.12646151541713127,0.13611785781306399,0.16148569377095526,0.16879576403467011,0.039944193198713535,0.06934849162389926,0.12987274377659086
0.050669475120405975,0.10231074920000277,0.1569776944941553,0.12700430344154098,0.20123007026039508,0.1481911387317787,0.011491867925791618,0.06087871904166814,0.14124598178426137
0.06190342362550002,0.10133093572409363,0.14501906089436387,0.11047456306220543,0.10805061940749135,0.14972709006240595,0.04182573772804165,0.13261167738284016,0.14905689211305784
0.15122480653202633,0.10037924794690577,0.101797298843551,0.1180548784787161,0.10806432980814816,0.12426434903477519,0.035144332922892846,0.13684663591601262,0.12422412051697208
0.11818676141174939,0.10335927524612615,0.13046001058795872,0.12607846956802363,0.10265505078788602,0.1406124793548368,0.0361822146544278,0.09530384304912286,0.14716189533986865
0.04625741692980242,0.09529836862569574,0.10345730528251999,0.11942413972443956,0.16730374002657966,0.08554600312453176,0.13545143424256412,0.1049780093545496,0.14228358268931715
0.07456290343427645,0.12100016030059442,0.06643761022923907,0.08059275198949914,0.07960775688990364,0.08705165491829424,0.3149327894950902,0.07512820621230466,0.10068616653079825
0.10892849849472001,0.1096196321339612,0.13188466750828953,0.11429172974636752,0.09834893959682504,0.12811617087530677,0.051652405505670684,0.15161324589173517,0.10554471024712414
0.05537831216600131,0.108810907632733,0.10127328223686932,0.12395779606779539,0.1676216521844529,0.1035774779516791,0.0311217937761231,0.08392341338658739,0.22433536459775852
0.056194320606572166,0.07883884526187235,0.12712741775489977,0.13592238803799123,0.07121051214701286,0.2115660397168735,0.09639577937245679,0.0674196562022303,0.155325040900091
0.032717544889158096,0.10556093448699137,0.11857186419747141,0.12785999619381191,0.07137427396227479,0.10557270606143088,0.1798437476596896,0.1362192730218755,0.12227965952729652
0.14462943023810454,0.09124796379364823,0.06806297931884482,0.10079169075689552,0.03947310406022304,0.08278195352927335,0.29450203270032793,0.10059787657497894,0.07791296902770357
0.17063611754777053,0.1388244937390898,0.11920159435343958,0.115565017599684,0.09126172186234054,0.10837756991637826,0.11175643016683957,0.06637151817641494,0.07800553663804274
0.0978100929506144,0.13801986658501553,0.13262526169997854,0.12580637671282735,0.15106905882002106,0.1198176410869229,0.02982459891588471,0.05309275212729734,0.1519343511014382
0.086098588592031,0.10674885057993011,0.0979283435075861,0.1103443708941851,0.11085514540285074,0.1126017860404711,0.16884945737419557,0.09598762059339389,0.11058583701535644
0.06478454567162789,0.09972370930946985,0.12391225249381622,0.11879535869447276,0.08763183797639902,0.09486337716861186,0.13909818931270987,0.1746206464677161,0.09657008290517631
0.054754665228012846,0.10949702144714764,0.08421809302116534,0.10873399765400611,0.10196668040692865,0.11042846336965466,0.22141727464900138,0.1027952348209046,0.10618856940317885
0.1140362872435563,0.12387280705528014,0.12249541354921502,0.11654950611919261,0.16107143428456586,0.11640433741795113,0.058783917241806066,0.08714202988862955,0.09964426719980335
0.07067154380897031,0.11646588156410702,0.1162620985598841,0.08847112185275613,0.08308827177669688,0.10640016515232407,0.24892492771448446,0.08249573730990972,0.08722025226086733
0.13391843523487484,0.11003463396435946,0.10563865541822559,0.10609110836713324,0.07530165267005802,0.10259700626509415,0.17603187831434294,0.08222257903149834,0.10816405073441349
0.1404940700138502,0.1112734644863181,0.101089840204091,0.11572761869813371,0.09512048777297323,0.10261660568994135,0.07968792877179191,0.12685669795486879,0.1271332864080317
0.1763247294962672,0.10361585743066644,0.09196039807409884,0.1030970102708317,0.0836617290320707,0.11547365060964239,0.07505656238244729,0.14206375320499484,0.1087463094989806
0.08924960106763812,0.06458271948721504,0.10176582604577096,0.12683126534605696,0.08988054431654412,0.12203806852938108,0.18362703218545326,0.0799380765321358,0.14208686648980462
0.14469103761001897,0.08382641155951558,0.12217253287902119,0.12575884355783065,0.1177560986642082,0.13203499514908312,0.07015131277247294,0.0957195235424199,0.10788924426542941
0.166877573999879,0.12586349758682167,0.09754843904186959,0.106744103869666,0.0991941811688334,0.11445705216029123,0.042350841591021475,0.1286732349193664,0.11829107566225124
0.19092128757141746,0.13324820092197495,0.09283935806144684,0.10173230665242262,0.12700618161038668,0.11940958108323085,0.06661705035917904,0.07205265108355635,0.09617338265638507
0.0522224692699555,0.12510643052043918,0.11972275610503512,0.09764387473327114,0.04946920935360275,0.09326976327814185,0.32813798198676875,0.056607693364497724,0.07781982138828797
0.19155805013392246,0.09927354602174472,0.09629031843816706,0.11363887039149106,0.13575617609797994,0.12046973775317471,0.03913834513264918,0.10133825381298305,0.1025367022178878
0.02263577681705938,0.07807850899442868,0.06040999764312549,0.09963016988328711,0.07838624037026404,0.0961887660320185,0.29062374000626584,0.11493981113648936,0.1591069891170617
0.09155583475720934,0.1205453231867316,0.11603715430380873,0.13900735147611684,0.09325003940358088,0.13669112938997915,0.05297023020913782,0.141667486777003,0.1082754504964326
0.2501819345817153,0.11396868840905634,0.08730725405306757,0.10395931780731826,0.07917322383486798,0.13564435259142732,0.07417963751921916,0.061335015869919095,0.09425057533340904
0.06168133234543532,0.07235635713670256,0.08331896489463028,0.0605189644549372,0.044436915543725086,0.0897004120355972,0.4259612877590155,0.0843005394071392,0.07772522642281769
0.07476626366160656,0.07102925456922031,0.08790987301662075,0.07623513297907115,0.05326291406330832,0.08976883116980854,0.3077484424866123,0.12849198824889532,0.11078729980485676
0.12198361559168351,0.07472565655613822,0.09999814442233651,0.11535719210525837,0.06673838656052906,0.1080704469550164,0.1785505654376198,0.1364879229846096,0.09808806938680843
0.13936539344479024,0.08487019167441974,0.11093558735285058,0.12379511540295902,0.09426390560651561,0.14670965115966275,0.06675419517605904,0.12605763090311753,0.10724832927962535
0.08066941223399467,0.1370157465411132,0.11276845715836754,0.11530830644642447,0.19840370880568958,0.1156827603718632,0.05894630102722736,0.0969569534453048,0.08424835397001519
0.1510078108042437,0.08179551748617432,0.09535313176181152,0.12671271056035824,0.09206887992019804,0.13089140834501847,0.11681301862072745,0.10419223467391796,0.10116528782755026
0.11260796293346464,0.10641209929835228,0.11068343188195551,0.12651782167677408,0.15491479140100303,0.11799828781663264,0.03642965269982744,0.1150130921002203,0.11942286019177008
0.13120292182937354,0.1370787164295563,0.11286906001393864,0.09095552120179247,0.09895642871639725,0.11064593591788156,0.09374959506701418,0.11043082556110494,0.11411099526294118
0.10892849849472001,0.1096196321339612,0.13188466750828953,0.11429172974636752,0.09834893959682504,0.12811617087530677,0.051652405505670684,0.15161324589173517,0.10554471024712414
0.0798357995984384,0.1301891620422114,0.11028395422912611,0.11152239136919301,0.15059656734145807,0.10776292742492492,0.12454911011669904,0.09891836821095788,0.08634171966699124
0.0974421585683946,0.12083300590658945,0.10038040757316413,0.11264248395931518,0.15934305165669774,0.10744974132994373,0.12774028607875676,0.08929900980621214,0.08486985512092633
0.05845054683928853,0.15736696342266387,0.15019909487220492,0.13017690503915919,0.16960504280979935,0.10630294421861552,0.04524386592172957,0.07964937196342181,0.10300526491311725
0.1093743272209935,0.11272441766096404,0.12133037494196737,0.11723209526881062,0.11409561510342357,0.14656323666799048,0.043310213492906084,0.13380506700875536,0.101564652634189
0.1301816412564004,0.16230099897987005,0.09207676295479245,0.12294258111079821,0.09518863667740245,0.12306255398094157,0.04162710979825152,0.12114875075048175,0.11147096449106166
0.04435254688060858,0.0916966415239202,0.07753487673025995,0.07857683184487703,0.05863504498164762,0.07451896343862964,0.4403760560135006,0.05532319526403164,0.07898584332252466
0.0759079064491864,0.07495408134195071,0.07406407484800465,0.08253042366072755,0.08446690429956628,0.11096000070018174,0.3305643816448503,0.08070556059686382,0.08584666645866855
0.043832954670877,0.18279909009974615,0.10998688548167833,0.1291053158758129,0.14586236880936,0.11552649429642325,0.013217305497866557,0.07447907517296133,0.18519051009527454
0.11731493375590275,0.12749862570277945,0.12028884767249094,0.13389813353185617,0.1750119834947477,0.12041740880122485,0.04580796562346342,0.06349411929255082,0.09626798212498389
0.06135169657328906,0.12425528752808902,0.15163347715257675,0.10822482631336362,0.1002208787093312,0.15664487962230425,0.08058019569144255,0.08065555356636109,0.1364332048432424
0.04332141717985788,0.14194988589382615,0.10731563305261503,0.11919405416648211,0.2121234022101628,0.09353607954181924,0.08415838258573449,0.08881029194536987,0.10959085342413248
0.19867329811649745,0.09061996501075255,0.07620234948755604,0.07482058216830793,0.05354747754949276,0.077982383764771,0.316391773688379,0.04927743526556246,0.06248473494868084
0.05924032883022586,0.16109579792261816,0.11291375638953015,0.14191947501814198,0.1227503508069268,0.11881374428025093,0.05827773130351507,0.07810270354264759,0.14688611190614348
0.09724343116738114,0.13538573434992582,0.1435125681184115,0.11963331371090345,0.09605813322529984,0.09359245319571528,0.09020623861038705,0.1286967548533163,0.09567137276865952
0.07437329290042302,0.16381223754073335,0.14089988434336784,0.132087789464397,0.16807806955117321,0.10302180374618634,0.04511097920690077,0.0831043461192378,0.08951159712758068
0.08833038322084329,0.09122479405555269,0.12352079215225709,0.11949039507573166,0.11962483361224673,0.09939783467565248,0.07361710007760452,0.17525338920540326,0.10954047792470833
0.05199988907695675,0.06812424762418672,0.11971755925361409,0.1249758530133459,0.16625546023956442,0.1272319898732918,0.014257052086794142,0.12331868176670291,0.20411926706554326
0.10692637015729452,0.14259276555885617,0.0907207118538506,0.11035264243990328,0.12003898911878404,0.10942142475883575,0.04993082449470756,0.16752237075649767,0.1024939008612704
0.056851236259366965,0.12035825009601579,0.14548141865766226,0.12147946516698944,0.1260148541351395,0.11984391124146003,0.03591752252331068,0.14210545187777704,0.13194789004227828
0.05992751101050863,0.11834843926179055,0.08444400815237459,0.1239572727507966,0.12074998943944748,0.0955644894232462,0.15195467452561703,0.11367745813185819,0.1313761573043607
0.10000839082850121,0.10507015147214277,0.1410677690065225,0.14779015136515805,0.1515334808154367,0.144291513622947,0.020479043359081184,0.06148786994300868,0.12827162958720187
0.03735147626969786,0.08178678574574826,0.1550084763836876,0.10055432692345316,0.09352742708942548,0.15445582828104,0.147933958747653,0.06394637608087834,0.16543534447841632
0.1282365520147383,0.11705938593971714,0.13660785552613577,0.12240283584434569,0.11123338321399583,0.0928462450451213,0.09408411110026149,0.10413398535828093,0.09339564595740357
0.09902068465346643,0.12990373939821284,0.09568261898838705,0.11261561470914076,0.12016288160505163,0.12058375006578331,0.05835417541256787,0.1041281471217513,0.15954838804563887
0.06737265536755419,0.12336199214706306,0.11523830417852667,0.12429238131446073,0.1784852578096815,0.13501160146704863,0.055744230784910274,0.08132247993532274,0.1191710969954322
0.2011314092325797,0.09088189188982243,0.06563209777780589,0.08650271744086924,0.04899293124250755,0.09690114444975244,0.2460565676730592,0.07062250650556133,0.09327873378804219
0.22279757503211162,0.09909693780695827,0.07361392364509385,0.09257627727733157,0.06464112137860677,0.1110264438888417,0.17369280563173742,0.08717385113111246,0.07538106420820621
0.033856550649805583,0.1088899688954143,0.1659090750034961,0.138912524524336,0.13289488169200667,0.1677811238558743,0.014739067990653014,0.08458962284897083,0.15242718453944318
0.11478956339923997,0.08025168490527616,0.11151044769784947,0.12727469681956297,0.09922269229683485,0.15380959597715826,0.0196322633030822,0.12775954291353975,0.16574951268745633
0.1929380817256179,0.11772120572915257,0.10705831753326701,0.10214644577723597,0.09082410046272593,0.10773594119884522,0.07329340713341624,0.12502077624407873,0.08326172419566036
0.1369997455099464,0.114834310953099,0.12452525482498876,0.11752309504467284,0.12448053781790934,0.15844252960094568,0.037156272014456176,0.05360622681775786,0.13243202741622392
0.12125729314595057,0.1297743815777199,0.11851440933159847,0.11260562913904486,0.15393878302836647,0.1185640625658273,0.06797161992778843,0.09566018548445487,0.08171363579924916
0.08690793047272179,0.12158232228663325,0.13455709333205698,0.11613696414063739,0.1368268176428695,0.12576953614772426,0.060103328159910825,0.12536241323418576,0.09275359458326023
0.11208062984659395,0.15336458230100056,0.12305165541082715,0.1067849753324348,0.06659645086996838,0.11028021694136558,0.1270574175651822,0.07598594985648217,0.1247981218761452
0.06457246647219464,0.14549127842796503,0.12615869724261944,0.14712614474690902,0.08795400431816554,0.12601623057562697,0.10796218243128035,0.08201955547893491,0.11269944030630413
0.11528123890109719,0.08284223829716286,0.09738661142935572,0.11985824682815156,0.09450447406127858,0.12108207198856387,0.19225412208982115,0.08863537885606815,0.08815561754850094
0.07360538077758552,0.1199123984503277,0.1162618903182666,0.12450271892245308,0.07824700713553275,0.17040725629386833,0.05119096693097843,0.10436397134647867,0.161508409824509
0.059720351498236575,0.1870977250169756,0.14164595991897458,0.1149974216014333,0.17921198258271723,0.10552462472208406,0.05452308636689781,0.0724150032572367,0.08486384503544421
0.05943240237915198,0.08274209008362395,0.11309846323773072,0.16215879971725713,0.147381955511619,0.1314115733075121,0.0499788111866983,0.11885443693850822,0.13494146763789858
0.07812198647717972,0.08215187588508917,0.09935473065866744,0.12328376171956427,0.07490820280107373,0.0996356183592834,0.223430574788954,0.10852807291646638,0.11058517639372184
0.05229759697877267,0.09370474231531427,0.10177542439137495,0.11660416328804853,0.12205290262402091,0.09380335508945199,0.22712868786769005,0.09723194494712739,0.09540118249819919
0.10478338850416413,0.1485260814872115,0.08349611923277293,0.10356321767607819,0.09512118640390162,0.10509072976753657,0.051835834368910406,0.17596147584153332,0.1316219667178913
0.049641380767757516,0.1291865516315227,0.12782865155945886,0.14164672035458295,0.17039872435455491,0.11373308592686404,0.10523715541757321,0.06459806301041857,0.0977296669772672
0.0663002900377121,0.1309458311306474,0.1000539221382326,0.09266095413522202,0.065686741595285,0.08092557828415115,0.2960707299066142,0.07245006524813523,0.0949058875240004
0.05334075919994119,0.1104210794321951,0.12740449039173593,0.11939309305746536,0.08927932281515161,0.14791520862769855,0.03814711777967053,0.10235476919511548,0.21174415950102632
0.10406776138402522,0.1393878704877013,0.12471032394359884,0.11512770663325249,0.1831752626294084,0.10914372864155401,0.03671268605199541,0.09441896273548717,0.09325569749297724
0.22263269990472856,0.10322104313328155,0.10644000408915207,0.10862879499282223,0.05484840286870013,0.1382006433061477,0.10308328281449562,0.07422832904298385,0.08871679984768838
0.05696042083417157,0.11066599658676891,0.15526675812671248,0.12491745425667482,0.13797226033672896,0.1453230776554176,0.038302761573708814,0.10429579328883404,0.12629547734098281
0.12324143961970362,0.12805016390577365,0.11668583256578223,0.12826808663718722,0.12612716535583393,0.1295289485334509,0.06931157027325847,0.07478259776219906,0.10400419534681093
0.05221853555519593,0.11869841815132871,0.11230290452915831,0.1263121301590087,0.10537003149898098,0.12395278539493766,0.14341942073842862,0.0741299179172129,0.14359585605574818
0.15819839283547685,0.10548620013601871,0.10602953404230213,0.11351638363704307,0.13987953225318916,0.11591282475380356,0.03569786191086227,0.1109905819140297,0.11428868851727465
0.19297426126697173,0.09474810454695942,0.10650410222925617,0.12974525226427733,0.11085953227297303,0.12334273762407334,0.035227350908206854,0.08107057054704461,0.12552808834023751
0.06851369892504165,0.12154158063653331,0.10314183054287586,0.11857957506850703,0.17129177834413548,0.11022790517045439,0.10720827094173684,0.07856083025583675,0.12093453011487876
0.05534279831150796,0.07572439974170314,0.12982227189073567,0.11910808209685557,0.1689308116939711,0.1642642032742567,0.01538963347078437,0.07156848358300237,0.19984931593718316
0.05334075919994119,0.1104210794321951,0.12740449039173593,0.11939309305746536,0.08927932281515161,0.14791520862769855,0.03814711777967053,0.10235476919511548,0.21174415950102632
0.07395962198964927,0.10127025703017407,0.0709127513903302,0.11505656578821927,0.09721742536852823,0.09561938788182271,0.14287257829637953,0.1602994006705711,0.14279201158432572
0.03031129698705308,0.09138871818964707,0.1288713522640059,0.14041353984846663,0.09236372468747017,0.15910145697644523,0.09351040035292542,0.09426150369817503,0.1697780069958114
0.09305664525126695,0.06866762907942729,0.13485373393154673,0.14132067755877345,0.0711496305175252,0.08752831986071496,0.17442658688193427,0.11956505818966678,0.10943171872914449
0.07153843151143663,0.14484119401788162,0.09392642675374276,0.1132531756387603,0.20264846143664683,0.10997581124550342,0.06755769844605468,0.09935504979053106,0.09690375115944272
0.0698544529834862,0.13844123535692085,0.09684217350249973,0.11560683490448992,0.198987196752205,0.11839056598819636,0.08349292506292373,0.09754652713097482,0.0808380883183034
0.06328050223284921,0.13127276932563886,0.1230404532398897,0.1257555490545316,0.15922644169736644,0.1026612219532181,0.12366452522604547,0.08208068688347107,0.08901785038698963
0.12394561224329341,0.08656392223433623,0.09970881912266454,0.08613633431380048,0.10258888522247649,0.09709327613688591,0.23689291387271205,0.09877910604162926,0.06829113081220163
0.09941969145329366,0.10048847299099166,0.13569700546080302,0.13416256991879003,0.08266261770277444,0.13969294747937192,0.043207007140465416,0.13785323617811146,0.12681645167539837
0.10679579428820912,0.18261518251241204,0.12166265642807383,0.11589154617486852,0.13096154807752006,0.11763965755427358,0.03069616499157135,0.09582173467421777,0.09791571529885373
0.04692718154225076,0.07343003730668789,0.11514709337531563,0.12173130151048872,0.15158550373083315,0.09275099929463158,0.11174119117775339,0.14486399549539244,0.14182269656664645
0.13146810970377368,0.128936222495275,0.11708118819529185,0.12862102713679557,0.1010340860770373,0.10746773291703089,0.11663006257082602,0.07437399954459735,0.09438757135937237
0.10010343745465099,0.08240872940007392,0.07898630395833053,0.0989319505639014,0.0848499239824485,0.12444188702850195,0.1820137352382409,0.08400576410954626,0.1642582682643056
0.057080294753986016,0.12535981644212768,0.09245170917712413,0.12643518555419245,0.1741818523626317,0.11750268430653554,0.053133943205286804,0.08194286424403079,0.171911649954085
0.0785060309039396,0.09684044614617983,0.08969577010099383,0.09076424007260418,0.03903704308819434,0.09639353131135024,0.3358706103095055,0.08982743632116041,0.0830648917460721
0.10644943557324309,0.07029361394080606,0.11695252536095946,0.13515073248177956,0.13121228231852533,0.11040393077644634,0.12506966046490217,0.10413729236083895,0.10033052672249905
0.06105500965247084,0.08740491433266868,0.11043339807394448,0.12150797489591465,0.12458287692800783,0.1425515588707934,0.08253444562349448,0.09749087436394317,0.1724389472587625
0.04673412244898852,0.126197534275356,0.11917571452024471,0.0829921242147959,0.0733917874599191,0.07754485407197854,0.2444861827608067,0.11744372301027461,0.11203395723763594
0.15602758767529448,0.0846199584565575,0.08612177764230027,0.10613761824705033,0.07934646858967805,0.10196132997597707,0.13745363533101873,0.14962377069864627,0.09870785338347728
0.06460511296994524,0.10162039432700422,0.1746540028993804,0.13589619701612476,0.11463880752548235,0.13355310205533363,0.027403489324453734,0.09107245260932544,0.15655644127295015
0.1002985724970753,0.11694399917120919,0.09797988060239686,0.1180508130022923,0.14902598176050055,0.12466260005814338,0.03149967935565018,0.1322735154012874,0.12926495815144481
