0.10938578634196545,0.020033651316004028,0.09048418921268177,0.1313058864488933,0.22714548031130352,0.07453977212632813,0.12781999147549075,0.10970485447958145,0.10958038828775163
0.12300151809484482,0.06874708403614117,0.10874561472910306,0.11646404672208943,0.02653321945999819,0.11129315192402234,0.1433481622850177,0.08646409091808364,0.21540311183069968
0.10734492508143605,0.060289362949266255,0.13762168620655293,0.12382598178783287,0.060638072219795176,0.11189019350678187,0.12583470396688365,0.1369633506752719,0.1355917236061793
0.1313771519590946,0.021899354281174854,0.15551401601793272,0.11560611652569573,0.09487052334470612,0.19720320417591042,0.1312226274137185,0.08232010383012286,0.06998690245164423
0.08785813696201662,0.08028209958171166,0.10420681905065798,0.09863291371870132,0.05836581869636167,0.12557422191232992,0.16613745928588358,0.10062669563849297,0.1783158351538442
0.10263793663269466,0.035929867761813235,0.15605649770948835,0.12067385022874894,0.06094847888092061,0.15639618916315529,0.11771118023101024,0.14736598847707058,0.1022800109150982
0.11622732038850514,0.031925081509909685,0.20440417304213446,0.09099159914976962,0.06543356570074248,0.13350235975216254,0.09584373080939014,0.1653890674091724,0.0962831022382135
0.09907585831038108,0.15629808753144114,0.12211185793458572,0.08024963505169791,0.2695420537736444,0.06880100008987379,0.08272382450392511,0.08431509208378467,0.036882590720666186
0.08158014321319694,0.0906016361329121,0.1470963680115611,0.09256616375405356,0.13132817927639245,0.07453700349579612,0.10686447384479353,0.09320143675626803,0.1822245955150262
0.10916260218242484,0.11390823995565898,0.11780712120344243,0.12807794745851803,0.14594993637993517,0.08810369889004399,0.16145039594169555,0.09637820425834588,0.039161853729935074
0.14285200884832,0.06834492953315296,0.10585648742081853,0.12149053185911507,0.0931959948117999,0.12300220222573804,0.14905000999514662,0.1210895425219047,0.07511829278400421
0.11421687518537837,0.05610071451591107,0.13515155577461288,0.12454435461147412,0.05383538275393451,0.1283884081153107,0.11930688368686683,0.1128149190919568,0.15564090626455476
0.12652583212299975,0.13414256914001177,0.08557441530202796,0.08911865800945236,0.054696889596841956,0.12937095651431904,0.12411533881485566,0.16959415721127635,0.08686118328821517
0.09509753384305804,0.06663601720302663,0.07956217311888529,0.11774056621711589,0.20954864002050996,0.11819040263381492,0.11732049739018978,0.07113728412903898,0.12476688544436047
0.1178707867436055,0.03384176655039308,0.11999406126577979,0.05539978369994062,0.11535122155657969,0.14280627944280877,0.09147413429254436,0.12426174079217282,0.19900022565617537
0.12368782935454765,0.1511734095967339,0.11881513598006004,0.11466655347641667,0.16745970357078174,0.10618124295628122,0.10450345832192594,0.06216693576940326,0.05134573097384967
0.09656138266909457,0.0648259353160248,0.12528284219718358,0.09422867174087117,0.23233416425945433,0.08265458336947393,0.1077121135152328,0.13908723891401817,0.05731306801864663
0.16973723744557012,0.022817697198766224,0.141431540297521,0.14482782681246767,0.07264149723053255,0.12524585265558244,0.13937155309284377,0.1061327163686452,0.07779407889807095
0.10427088578285638,0.032702907186522384,0.0793954866424685,0.16431110532082763,0.0803336997109584,0.10100630297882363,0.10672147607038696,0.1569568970345052,0.17430123927265084
0.10967504812064617,0.06802587426013784,0.13797484627259002,0.10671952888919074,0.06398283476061234,0.142467531460347,0.14590252647514546,0.10640369743078078,0.11884811233054958
0.09942787072062569,0.08920797283690822,0.13402312490732532,0.13975315542019492,0.07334425502983542,0.11540972880784571,0.11459234691518953,0.15156576815340328,0.08267577720867196
0.10919156589876071,0.11404018777167303,0.06112519440911259,0.09830373498102936,0.20772090636226606,0.05813126269309123,0.11878976629143974,0.07307352870485762,0.15962385288776956
0.08876329924170893,0.05451159010931076,0.12489508766990037,0.14384497268733598,0.053037529699477094,0.19357300719789247,0.10682936127992008,0.10137237308685541,0.13317277902759897
0.1718101498338054,0.03855542289075695,0.09785007276016033,0.17809486717582143,0.08364092452979512,0.15331661139173297,0.1499060228298609,0.08433256506221685,0.04249336352584995
0.11250175978281,0.028668743701392288,0.1307144566228019,0.11566644161263305,0.08602966176485621,0.15632798107050708,0.13941540238403902,0.1169071577446396,0.11376839531632087
0.11536057163546176,0.17527752300581576,0.12775715718642922,0.09721133612304746,0.08060632131624033,0.09542732976237915,0.0955032099649263,0.11363891236820255,0.09921763863749754
0.16520592589124092,0.025181693660945952,0.0831688076132875,0.16502535282674027,0.06895659407309092,0.11467884054746817,0.14329072497882114,0.11419261632935641,0.1202994440790487
0.10748983445212196,0.03346344702102768,0.14015151966848233,0.1243213201274952,0.04289725232489431,0.16182394528671554,0.1332762656264573,0.15269057154305374,0.10388584394975199
0.08227603565935625,0.08144289596039804,0.06330102362619927,0.09676983907983401,0.4177145348016384,0.05107821184715309,0.083898545351134,0.08971467944734147,0.03380423422694542
0.1264025691863726,0.02356943166491733,0.15135972868232753,0.1486890018523496,0.08116669546952336,0.1114832263440179,0.13029389284264417,0.12323797885723742,0.10379747510061016
0.09084675494019416,0.11058126383776135,0.11697930136560926,0.1286843866639358,0.03615546604835986,0.18591271526971898,0.12453842176788422,0.13004285795376772,0.07625883215276864
0.1344703795226636,0.05216830405787084,0.12932127272256785,0.10458753090620672,0.1000516624530533,0.1572640907621549,0.1572766150986298,0.09764610114554628,0.0672140433313067
0.1326460446129141,0.027684939744646715,0.07770536438165677,0.1350238864217634,0.1562368439782633,0.17538255936522526,0.09736025078996498,0.050378939656641954,0.14758117104892363
0.11062864481920391,0.02917574346830985,0.12646411409849145,0.12326942067788782,0.04322971164457285,0.11801859973195804,0.15305332138185992,0.085184723399705,0.21097572077801116
0.08995258726812505,0.03200762205136331,0.17252781497716194,0.09070411944283784,0.13892812931720844,0.10906430560354395,0.11114879496271945,0.15751069726441055,0.0981559291126296
0.10729613528583078,0.11745602167040588,0.12283661086399304,0.15130060309830254,0.03120088417908325,0.09515184965026292,0.12168340690340494,0.09530753463489632,0.15776695371382024
0.12185681862314839,0.07407800271046278,0.08973686822270666,0.15480867069281526,0.09433400695301691,0.0946744209826203,0.14914715170638299,0.12944629872637362,0.09191776138247319
0.09507479655541241,0.24089808298848472,0.08768416805224148,0.13440437593202334,0.05772205807168556,0.12028085301886556,0.1037075473192927,0.10761678397727549,0.05261133408471876
0.10644124510443276,0.04456823423905779,0.14548300589458818,0.14395534347474642,0.06608295419050127,0.12961310896251552,0.11995724836810273,0.1476467582364116,0.0962521015296438
0.10864328934392287,0.01942094327421834,0.12692631609596483,0.14434054569563493,0.058405840552000134,0.15140186688078258,0.1220542749198843,0.11471843702547008,0.15408848621212187
0.1400632035601156,0.06081933073890977,0.14473541688734282,0.13448871061379508,0.057789287150154335,0.13117673967444057,0.12060688889789362,0.1410983867286196,0.06922203574872865
0.11441134513213537,0.04613180338305004,0.1300840987491444,0.13099469917366,0.05399385119207976,0.1175178648686105,0.12043075428082634,0.1601066530261717,0.12632893019432193
0.10084601602468142,0.05084183953456919,0.12663845966456205,0.12899174584364767,0.06708021455249508,0.12833182556534847,0.12265839531130009,0.15991234638168764,0.11469915712170842
0.11796154793396783,0.03259954162476512,0.12188991597817223,0.13462896990592418,0.08783395448199066,0.11770267712824774,0.11340087117689517,0.1746409167316307,0.09934160503840646
0.1146956159981894,0.12829863241470027,0.1994583733992985,0.1054531337038793,0.023686465976824455,0.10804237041351128,0.1281563249246661,0.11381920037729083,0.07838988279163979
0.09355125184844047,0.0706982350358558,0.14203520166206304,0.10642322436712841,0.10512901978051932,0.14170678275750956,0.1254162585883086,0.14276096234762925,0.0722790636125455
0.11976852261302538,0.01380089048111089,0.16397740201840233,0.13331223763742753,0.09829209097443782,0.10187978511218078,0.16742771456461183,0.092477777747985,0.10906357885081837
0.06592621703856127,0.2393666908407115,0.060946665171553206,0.06829380423959741,0.1481971709967856,0.07007766326337919,0.06479442192930762,0.07738815803632869,0.20500920848377555
0.13993272881188246,0.08919929900004904,0.13871698109446934,0.1578543794605458,0.06236267560480152,0.1398535659117554,0.09829848705143239,0.09617885757167431,0.07760302549338972
0.10505884279213361,0.08254510834354215,0.05089249282599647,0.12893236059901692,0.2905723971366104,0.07995663567302885,0.11826917760784317,0.09457634526636975,0.049196639755458654
0.10625876469404173,0.06075761386680433,0.08823625814987997,0.12562412033220885,0.12018524135076543,0.15911315163988418,0.1719593898269212,0.13496521760593103,0.032900242533563294
0.10441415468110138,0.04501378831902514,0.10730655666398566,0.1387116179305344,0.05951453909275722,0.10742732647510884,0.13448248086791323,0.11382852765333852,0.18930100831623556
0.11762933424739924,0.029951546636510836,0.11602116364972376,0.1033911733835471,0.18614048951014603,0.10316827570162569,0.11188440823411028,0.15085611651335176,0.08095749212358537
0.09576505268985003,0.3771065136589999,0.05637830436651892,0.11024986644807493,0.06362114743385751,0.08995061217825336,0.07464606344909076,0.07362389654078194,0.05865854323457257
