0.07887644901778823,0.10319826738816196,0.16394043898433383,0.0891695857862197,0.10698284482445027,0.06341445999433236,0.0726209852569563,0.21584017134489764,0.10595679740285968
0.08765093606469326,0.08563883872696042,0.12606788046596007,0.09410071357882295,0.0836304511147641,0.23383916751060072,0.15068586095193806,0.05531294326899879,0.0830732083172616
0.13493177389877264,0.08393203250100623,0.09388433444644073,0.08334590481494898,0.10902771300463417,0.10293528856580375,0.15620097387305046,0.13663816748662663,0.09910381140871645
0.06660394488680461,0.14804503856997484,0.1033902445343905,0.1122245625909138,0.11978434664714947,0.08170273858129931,0.11305750979059044,0.13222728170524972,0.12296433269362732
0.09121719366531157,0.1331390196696329,0.03559146224774929,0.14633572818545007,0.13600333641577525,0.08759486072405048,0.15063448780085795,0.10472078643408689,0.11476312485708569
0.44202106950059855,0.08583067963926011,0.03781400745805866,0.09169770765771307,0.08707232464069485,0.07809812857672967,0.04414905211092438,0.05100559957641284,0.08231143083960794
0.07385693094075067,0.1274419996153159,0.0656157878893729,0.08769520029444354,0.11595239924384175,0.07165911491361222,0.1457833935199788,0.19466456313721614,0.11733061044546807
0.04796076301813973,0.12606280905806963,0.1784778736675602,0.1086946633917144,0.11141056526121333,0.09075200963679249,0.11347295550748894,0.11834037729666365,0.1048279831623577
0.030413630937038572,0.13146146102283884,0.17471396574178097,0.09492849847084056,0.11213337062960278,0.05113549047485131,0.12029105667681217,0.1686543612743188,0.11626816477191589
0.1864915300911257,0.12589678128369194,0.04710625047250815,0.12511466375604427,0.11028414584750001,0.049523478746143566,0.10228209014386658,0.14604214243765262,0.10725891722146731
0.04418750770111463,0.11246846261873004,0.23579663281930566,0.09408021506192543,0.0991651166902376,0.09639789338434836,0.09205128546773537,0.1203195509151056,0.10553333534149734
0.1811541407794571,0.09269776342986884,0.14440981215405743,0.10540504043542642,0.09157206235816247,0.12453581911602041,0.07623818700709077,0.08574859680574243,0.09823857791417413
0.25482200324941173,0.08002437414141152,0.12516134606190374,0.08992248297456722,0.1046995935464659,0.11167633800901812,0.08090996959430763,0.07877702519229529,0.0740068672306189
0.10041824902055668,0.13368374122402002,0.0503905417993076,0.10540589343038999,0.104999906685412,0.033027355087057696,0.09048175845974997,0.27296437153535497,0.10862818275815116
0.2672599808274114,0.09306158486759557,0.12364833761959626,0.10356888709381473,0.08144458201586154,0.11418992752515489,0.058446884641758366,0.05229060398246713,0.1060892114263401
0.17531523100330446,0.12060477017613874,0.05924899956242822,0.1354488644319706,0.1080072439418584,0.053603285906167725,0.12828557958054462,0.11518735750157805,0.10429866789600921
0.27660751900701,0.09731932328314634,0.0932805548264438,0.09320490560554229,0.08089654889872953,0.08515445551244048,0.08523434631360767,0.09287869887199983,0.09542364768108008
0.05917373089500194,0.12781812736587986,0.0441252146798235,0.14058629484896215,0.12174708536901459,0.1235890477545246,0.14149058142652018,0.13874389390721095,0.10272602375306222
0.2586654998613651,0.07455579622266635,0.07358678066125586,0.08062407910163441,0.07138247172668429,0.19546136615430468,0.07480293894241706,0.08394737808335173,0.0869736892463205
0.04336023784458246,0.14311524113932306,0.0702410795036706,0.10364738994029082,0.1353459267847957,0.07338529198112821,0.16140249001789292,0.14790199465648932,0.12160034813182692
0.1799822165521526,0.1276251872381042,0.034604748670924966,0.1448797993181127,0.13907806240006323,0.07303643401486772,0.06332381572201302,0.11447788883285148,0.12299184725091006
0.08612818159756618,0.12633621397846737,0.08061897284531816,0.1051900767990279,0.1042284618202527,0.12163436936368684,0.1254334916422851,0.15340664691678155,0.09702358503661428
0.373031063843346,0.08203421063893172,0.0241436875141624,0.10741441921720697,0.08295751390625812,0.0827158531881924,0.09991640501062482,0.05308148045247788,0.0947053662287997
0.03192689950087111,0.1335965194116567,0.10834148096982021,0.1355803475218409,0.1402767334309193,0.10607406030974591,0.1145776998944202,0.09264381696294549,0.13698244199778017
0.09297016353889558,0.11753888756263614,0.15244671587151673,0.11204516170459515,0.09918811569010673,0.07766763670196833,0.09252506370406477,0.15362206433602268,0.10199619089019381
0.07577196896186196,0.11794789789691419,0.07694700170302088,0.10571024077698242,0.10807976339411766,0.18805333733999804,0.08662239917238107,0.1355506075365344,0.10531678321818932
0.19529260001755233,0.13650762472851216,0.038459217944554314,0.12050634633303892,0.11729420529090413,0.07118383119781556,0.15426812116474453,0.06473202257881432,0.10175603074406366
0.0914887304010467,0.11252219521489108,0.06527086532277003,0.09037306595693306,0.09943396078007675,0.23794740592479155,0.10091418186658012,0.10804715606265576,0.09400243847025491
0.08110026781532187,0.10891488317576663,0.16263124765706036,0.08609058225262191,0.09827869082949797,0.16164207075585788,0.11136915423936551,0.0991644467152386,0.09080865655926923
0.01838084994126943,0.12280073786879948,0.22571913582530886,0.07696000522297473,0.10010649337320558,0.028597615897835573,0.09047514447924755,0.20021584810205464,0.13674416928930413
0.03894911378389152,0.11831807954632573,0.2114262805866912,0.08715336478744955,0.09327834576761412,0.13895000654097045,0.15166649340526983,0.0819117325019897,0.07834658307979782
0.20025998865478645,0.11422546415812661,0.055199580162648816,0.11331576216467576,0.11263271233236401,0.11703532412786331,0.07123074832840116,0.12257781672962882,0.09352260334150507
0.030780961016051458,0.09810519835432951,0.23839065814648763,0.08581260866577761,0.11224806231397794,0.05275506537107725,0.10520462077902437,0.17902896579963193,0.09767385955364226
0.18498888396512184,0.10693915439962061,0.034886094420890176,0.12591362385431656,0.10870814673308758,0.05694453373614886,0.1188753255575883,0.16309811833229207,0.09964611900093405
0.04441830772102143,0.12869294704821713,0.12307100619809634,0.10077707142941054,0.1158469509069001,0.061894737261087296,0.14255600887792977,0.17431828339439018,0.10842468716294722
0.2915861874694859,0.09522638907229275,0.04242743295731425,0.10209190477016589,0.09201882600258333,0.1015222874910155,0.08241529285656642,0.0942765544495326,0.09843512493104338
0.12541805200507752,0.10462329090647804,0.0994347902071102,0.09353210443341259,0.10120022194015665,0.14799261287010068,0.07959610175111609,0.1402963927092925,0.10790643317725575
0.21320643083079163,0.10146892102188793,0.03765998382056234,0.09895458129494435,0.10264809753502156,0.10982957920135712,0.09935144986631368,0.13673540539074983,0.10014555103837146
0.09178818804494508,0.09450692525496172,0.17636099314711798,0.10174184174090332,0.14701968382867403,0.1109871676655179,0.10383713193827987,0.052366179866700335,0.12139188851289977
0.06157685225057561,0.12821529932705175,0.17741305855237174,0.11644300454745975,0.11330786643564784,0.05850589264650865,0.15489055249898612,0.09342391562912648,0.09622355811227201
0.04763351357607968,0.10408159935944832,0.1894764552378516,0.08254022351175987,0.08989983858597662,0.1419432631973313,0.08457832778528657,0.1627996627299076,0.0970471160163584
0.03377555763598818,0.11964045398579141,0.09351179216226942,0.10897546758108885,0.12788004734952227,0.1576352315517684,0.1668207698917128,0.0882946723770186,0.10346600746484014
0.2228729991217527,0.11038661263028555,0.06906879604422507,0.08581204747539066,0.0854970671871455,0.05026727611078708,0.06103970104746729,0.20885605181971434,0.10619944856323187
0.03543240917505862,0.12377694981299397,0.1790200709577162,0.10271384458156761,0.10256914501508607,0.08950834780756207,0.13101839724671657,0.1327705353049153,0.1031903000983835
0.045091949897493204,0.10132161160211506,0.2620046532727007,0.09694690753021588,0.10170739286722898,0.08504743380590696,0.09728225525853923,0.10181402964372521,0.10878376612207481
0.09516913697712027,0.11436914191456932,0.13351704636276457,0.08847345641558947,0.09996340590787968,0.1355890981673311,0.0648547333465841,0.16470340209044784,0.10336057881771353
0.10563150704599696,0.11105903311584477,0.173349702625244,0.08212978916061231,0.08433722809931239,0.1499343917760854,0.10536357681150832,0.10999668680504247,0.0781980845603535
0.055467151575347956,0.12088204974749599,0.13171029362219613,0.11238495304094352,0.12477687950764292,0.1691723420569162,0.09500147466822312,0.07947353756192997,0.11113131821930423
0.04578658049739833,0.13497380108564735,0.08151981614260038,0.13254361958489755,0.14406989622956778,0.1257372002512837,0.10260514938744618,0.10510047084924017,0.1276634659719185
0.0971861928505549,0.12440890922397503,0.06969991119502046,0.1192112904630973,0.12753954109155405,0.053763724195199515,0.14962766473880515,0.15233280256080786,0.10622996368098576
0.09475723359500991,0.14577379598964904,0.025611411576990744,0.09724587050618434,0.10828274511539511,0.038458639614355146,0.07955019167163303,0.2907223687383546,0.11959774319242795
0.21313196431563228,0.10878696607730741,0.026148946725099372,0.09162339485876586,0.09608442043014337,0.025103069830830563,0.06346096654038473,0.23461233717904292,0.14104793404279345
0.14605831921697945,0.12413652677085131,0.07807425707060865,0.12480559339813484,0.11190029265548852,0.0996300960486712,0.09589975261256291,0.10411681225083692,0.11537834997586616
0.04508941933282403,0.10776539481718335,0.2593438960425331,0.09322136091222338,0.08648984710159252,0.1375795210174073,0.0916988914249303,0.09207242000244546,0.08673924934886053
0.08796977497446741,0.1374968320454346,0.023983841030769306,0.07664861879486806,0.09416795877486898,0.19771232133209796,0.17782256064489074,0.11870318266781484,0.08549490973478809
0.20227240822464487,0.09535625380491079,0.09721829268745812,0.09368737151258678,0.09035653771218251,0.1172562682397375,0.09111079814773793,0.11090270629404102,0.10183936337670058
0.255523448493276,0.10860969949028319,0.05191358348493256,0.10222060951763634,0.12318162828984151,0.11728296707523188,0.06801911573412718,0.0860049978844281,0.08724395003024323
0.13980971899476546,0.11832421560348365,0.09241502745787263,0.12186767746766858,0.10829290407534665,0.09304381093117749,0.10157672511205779,0.10507169382957808,0.11959822652804963
0.1351348255377792,0.11126227771948767,0.06800874740456632,0.12172788824821963,0.11447120886522684,0.11166162279517204,0.13128271713665204,0.10930637840629494,0.09714433388660126
0.13634960948417083,0.1076380906359868,0.03330016808957865,0.10047708467138257,0.11169469539181189,0.13954219230681705,0.10310822073390509,0.14879213576229403,0.11909780292405318
0.08342757312708249,0.11353615637627172,0.1645211640454114,0.09948226479770439,0.11041176498244494,0.08914196306474127,0.10398933944173766,0.10952380921650522,0.12596596494810097
0.035743595092797995,0.12405239428159325,0.23296350945883662,0.09903564009836696,0.10825774265012118,0.0956011730497011,0.1024023521675186,0.10920809032732039,0.09273550287374392
0.06064590269373155,0.11641492683192013,0.12104557388023966,0.09400524403284549,0.10060950419695171,0.12443226197343059,0.14067236423264037,0.12512614785985607,0.11704807429838443
0.05766979754240393,0.10403989876774587,0.02040869942120144,0.13207994562906714,0.10913876731283052,0.2389859657310159,0.16829709626707332,0.07846785054752585,0.09091197878113598
0.04924424932272344,0.12366256023635074,0.08516144556812201,0.12279228502105459,0.11196897898546761,0.1675696416430382,0.11587488266807477,0.12427245409873626,0.09945350245643246
0.021954352272386842,0.12656450090278878,0.09521952346913735,0.10357780608289735,0.1277111591890235,0.10561885003763989,0.12282860942950362,0.14399487892040388,0.15253031969621877
0.05230554632007558,0.12464999786413909,0.11550147110256853,0.12842179082724178,0.14817777497880585,0.11929050866800357,0.10762987103528772,0.08793146560642297,0.11609157359745487
0.04832973228554544,0.12094657318481082,0.22413759629693983,0.11022061341169008,0.11244462229567515,0.08869178700108087,0.10594890780487815,0.09086613834818204,0.09841402937119763
0.05935979828852039,0.12728323119771368,0.10099023479484313,0.11725343032483361,0.16404356002302267,0.05800585003463395,0.09849217244247181,0.14667846877100435,0.1278932541229564
0.11576910740719064,0.13016284783309842,0.09064760414875561,0.10964313384351539,0.1188992726249057,0.07007073801287875,0.16488734658696605,0.07872892657094004,0.1211910229717494
0.08646355887302402,0.10020692826357185,0.11087758375166419,0.09002131407049359,0.09997478084610839,0.12363651474941728,0.14654705248761055,0.15136167664385344,0.09091059031425665
0.05345740620866595,0.10394241795371438,0.04959470688244044,0.11905328700220401,0.11421040546574401,0.22605718920415332,0.1688705632689015,0.07032623304503317,0.09448779096914332
0.07622810892994472,0.12892595280191313,0.07373423599886803,0.1288297400646716,0.12080462074674236,0.0833427644795864,0.12156242780739716,0.14200937953668277,0.1245627696341939
0.08089767147219795,0.12151380836208918,0.06205086227600922,0.12162711100810102,0.11299651907601299,0.14324709166415853,0.14848448567315078,0.08220705945897185,0.12697539100930855
0.21457921829703644,0.10519447206457577,0.045472161795555695,0.09663052928035885,0.10083070474149307,0.1095772105274563,0.12593805748851233,0.12160039860182757,0.08017724720318398
0.21351398989778714,0.11791427541462175,0.07277485168647373,0.12668773284655113,0.11892022515167723,0.08416350907207,0.08208772247987511,0.07123920067960102,0.11269849277134276
0.04927744352185189,0.13173179233462542,0.17178808781189744,0.10619864447119648,0.11524378798584367,0.10067764383641109,0.14650079969778992,0.07678466465961838,0.10179713568076561
0.13558336986965078,0.12840737587311155,0.13487767899182734,0.10530622246634502,0.10502056812045396,0.07959046871206253,0.07263107386073848,0.1517499290399041,0.08683331306590629
0.2337937819307462,0.1001735420912712,0.0869748748300835,0.08523585195327736,0.08374258436768871,0.11700331888774813,0.079357437335068,0.1089276482081763,0.10479096039594053
0.12751101357914504,0.10900206198601563,0.11123481783786614,0.12392136927556228,0.10324801543364154,0.11019500806537752,0.1214788788453715,0.09852397349915705,0.0948848614778633
0.14000715591217253,0.09505701567522908,0.07679653302010547,0.06942275914120626,0.0788587288515245,0.16106646595009783,0.07114861839758085,0.19851646879994403,0.1091262542521394
0.13235778461446387,0.12674963253571095,0.07225198376884023,0.1154053786409417,0.112572572818999,0.09972983373086859,0.09456001062728754,0.14724652806923663,0.09912627519365157
0.37192105879142817,0.0988032382157642,0.03255695258889381,0.0992186426294061,0.08532703533979406,0.07837929445136359,0.08358762768615019,0.07106943499926655,0.0791367152979333
0.14757873979092404,0.09815276098163102,0.0887043447968326,0.08427177804305064,0.10197360907555549,0.03460988065514407,0.13606773781730874,0.19519673787106565,0.11344441096848774
0.05429196998157074,0.13465230915726753,0.10746522192116666,0.12008861009052502,0.13261154152612267,0.03761334146837874,0.08431297895026131,0.18367030592596978,0.1452937209787376
0.09043898383996084,0.1072078380918889,0.15327485654424985,0.12848511466856571,0.12221847394420994,0.07455179010696426,0.06383931898237484,0.11354358778414857,0.146440036037637
0.0833415185371184,0.12529656100305273,0.12219990097869278,0.1160374476867569,0.12276230971879017,0.1333176991714228,0.0912021121314045,0.09452226770985318,0.11132018306290854
0.1304212871598103,0.13741212071421746,0.06923132356723007,0.12715935952064827,0.11507614362182071,0.09869457067386285,0.12761874885604255,0.09326094150923435,0.10112550437713358
0.06319603480814832,0.1520766820007061,0.10064137985092925,0.1180272644734745,0.12232890657056687,0.07770673953698023,0.1390519520012019,0.11690990264991859,0.11006113810807432
0.11405193243823859,0.14636725979949844,0.04482531513241469,0.12844397648060896,0.12459294356813266,0.03512177118038327,0.10521167513635372,0.1872221645317731,0.11416296173259659
0.09954545166156382,0.11569150159494783,0.11413411425245175,0.1302387163505411,0.11004446061747387,0.04419765710029518,0.1168142650920964,0.13990967875446234,0.12942415457616768
0.06287956722229522,0.12788355057960263,0.11039607239849376,0.11536789033364868,0.1286589346125553,0.10515870054760651,0.16132606877000963,0.07698917429471552,0.11134004124107273
0.12745338274021062,0.1208188984845724,0.0643451194641415,0.12144854949783739,0.1126453688213806,0.11615235899504768,0.08425896642516244,0.12532128899348036,0.127556066578167
0.03260964253762522,0.12324622450799805,0.2568466291376144,0.09794038421996969,0.10549217863078768,0.0762682864015667,0.1056653966920923,0.09311048764896916,0.10882077022337681
0.08858017404535197,0.1135225992414922,0.1550480696613465,0.11874045727266085,0.11632702016396418,0.06223685520814487,0.10660767436492209,0.1162865492843902,0.12265060075772712
0.05613767452968676,0.114086793283309,0.1247531190250029,0.13497315972086846,0.14445891493583332,0.11932597266858848,0.08467697288995496,0.08847838382338073,0.13310900912337545
0.0959731587775628,0.11347963005654071,0.07815960952486857,0.12029978685822373,0.10955858386653534,0.16470428595748363,0.07718310172261898,0.11612869304863117,0.124513150187535
0.06520101973018666,0.12943615615983306,0.11480095396508766,0.12325774679597258,0.12194965517284913,0.09954841861754331,0.09530604358471147,0.13360931777100335,0.11689068820281277
0.044017748884475745,0.1335174547990397,0.0933736225110015,0.10316304909452233,0.12953247813019572,0.15682038968711834,0.1463660143656844,0.08216399056178264,0.11104525196617958
0.18186470927709816,0.11086990462955455,0.03370827617753599,0.13102832545990198,0.13407885840210693,0.13194525064605223,0.10222411163554114,0.07126191183987483,0.10301865193233421
0.03520129218105919,0.12275519842909326,0.1544414937300375,0.10630862209447196,0.11855354187945404,0.16668678580004936,0.09820422028181118,0.08406218947972854,0.11378665612429496
0.06413567629368057,0.1443462496954642,0.09239052274987193,0.11277724013144937,0.1180280831377873,0.03814471843769906,0.09533426900743014,0.2069677601793093,0.1278754803673081
0.19879342268722985,0.10031257167206725,0.05934441102433244,0.08311934272737108,0.07896372255603724,0.1456229336100859,0.10275706063918327,0.16396143208466882,0.0671251029990241
0.15601694230991242,0.11022239100705723,0.016824771727190487,0.08763441344614953,0.0903098745291468,0.03702112108137954,0.07845521795151594,0.3386058728893348,0.0849093950583133
0.1807661912827642,0.10740402131472171,0.06100122338949429,0.11280592763536355,0.10507374465904744,0.09810855855825928,0.12483981768213481,0.10436011164028186,0.10564040383793284
0.09107124325684508,0.1149168048512323,0.1676533833610014,0.10813088236695412,0.11395722372165012,0.06511997507753896,0.07958833914394166,0.1304453273143059,0.12911682090653046
0.08425172492286283,0.14650122422995615,0.1448106303377252,0.10200333996732551,0.1007051941351456,0.09424997121049432,0.11090605327703791,0.13360029337756932,0.0829715685418831
0.0632118794795346,0.11376674309255332,0.13949722184915098,0.10744587893355699,0.11196945523408867,0.14032113622365103,0.10773261398013902,0.09100246310368014,0.12505260810364524
0.047784778730235726,0.1354315465989601,0.10955633353469944,0.12408873154134165,0.11708158401058943,0.09321879863526057,0.14449888543928835,0.11843527255027138,0.1099040689593534
0.12662403375351447,0.10565753962069217,0.07645043780015272,0.10484148425751218,0.09679448838694461,0.07513525416702763,0.11559463385037445,0.21319566005227697,0.08570646811150488
0.10228584804605896,0.15181965640795414,0.07236268625838758,0.12239111461908332,0.13668065054144826,0.11201939397171261,0.07798686317994437,0.10204494496912775,0.12240884200628317
0.08569808763787505,0.13834030757531998,0.048094732758205166,0.1333217793553558,0.11884881165887844,0.06262595435304558,0.1719984305153219,0.0990893242293579,0.1419825719166402
0.11985763693288116,0.10258741589032715,0.07608170969453525,0.1053252410367833,0.11829613154523222,0.20416089768451817,0.09654036808000217,0.07001699546895435,0.10713360366676629
0.050788620008778346,0.11389518561835739,0.13300301656047273,0.11221040374026532,0.10697518762286318,0.16946418310827807,0.10700238619106245,0.10768672664809802,0.09897429050182444
0.11914354677321877,0.1234779292985418,0.18698482840703812,0.1158848457803282,0.11085296539991618,0.06320312021404871,0.07345591469396813,0.0940356789949726,0.11296117043796754
0.07806444238211722,0.12759007184352775,0.13954456191914022,0.11430717902936827,0.11193104780333851,0.04615175443234105,0.11348494005478105,0.14852466573497833,0.12040133680040771
0.103133307479236,0.11859620902379613,0.10759183570399704,0.09668605707664484,0.09790063525322318,0.1595455290604236,0.09110357829983874,0.13991254044842408,0.08553030765441651
0.07144007829621374,0.12111210779917518,0.10237513442072727,0.09591498872835491,0.1277483168645468,0.055815204183007984,0.10245622905487907,0.19128068991907143,0.13185725073402357
0.4027803304900673,0.09057233742400467,0.06752852527622209,0.08176563308009993,0.09385856390806087,0.06028572511693412,0.05906853929579015,0.04217297387012908,0.10196737153869169
0.0687399610072722,0.1248282822999953,0.11989015837383173,0.11714192690157273,0.12811248356277946,0.049169552134519214,0.10176163049142484,0.15544249677136024,0.1349135084572444
0.06594174816459396,0.12059070629031472,0.18624888902470657,0.09500929540046595,0.09300339756996297,0.12936147062573913,0.155343671860113,0.06386751129580519,0.09063330976829863
0.058834525145086115,0.11123764462106552,0.1490282456666724,0.13087395448854203,0.11237045802842542,0.03364911347731975,0.16196090436243268,0.10090009732885862,0.14114505688159742
0.055570009813398574,0.12098849471636063,0.14515484023789385,0.11832554537545392,0.12060308378331967,0.13070904950292972,0.10087360668384367,0.09134420516827081,0.11643116471852914
0.1399766377005988,0.12708379375693346,0.0873965013662571,0.11998394514472038,0.11768855424226603,0.05119636320463555,0.11539709331904761,0.13587077115309518,0.10540634011244608
0.05635293086410801,0.1204381266507782,0.13490182900255224,0.11002434180472492,0.10493215914585781,0.15473447593166942,0.08891168150031349,0.13736090660387423,0.09234354849612168
0.051526752594845404,0.12165324712198224,0.12521696035694183,0.102911660022365,0.11818535718627776,0.04797029131064781,0.1867535816213138,0.11527649293317371,0.13050565685245247
0.2799111732258606,0.07333825298712594,0.08565489255961961,0.08293194695427003,0.10002674482943397,0.12937377003223585,0.07226793543739402,0.0951324636257962,0.0813628203482639
0.09658792802424593,0.1102732544970113,0.07597771861109642,0.12360201803342856,0.10137927077384899,0.14983195005725938,0.10548819620558895,0.1392958542799825,0.09756380951753792
0.19399093032325965,0.10263490112338114,0.041077566025989595,0.10028267302658676,0.11489730237740066,0.15545667370157,0.11466674719264296,0.08949003225393304,0.08750317397523623
0.04684287233640152,0.11709435581975917,0.09945636574222727,0.1162414699535378,0.117929479040833,0.11572342207831453,0.14271802429892472,0.11926788737059561,0.12472612335940643
0.12679880424353462,0.11721487654543065,0.041034250742711005,0.11756128125789582,0.12137403210779392,0.15607053959844858,0.09655592568741356,0.10958562685702024,0.11380466295975161
0.17087985793231938,0.13035053580321468,0.039210088201623666,0.1368337898100587,0.13310079572361475,0.04482824459530638,0.12621095093932597,0.08451477583262629,0.13407096116191022
0.16444056246490682,0.10202696660378119,0.057047243129947946,0.09779349179268881,0.10383250154519263,0.20578513701477674,0.11784895111845976,0.066571542448579,0.08465360388166702
0.32823980083073684,0.0955075871611804,0.07880951938449837,0.0822454869257255,0.0703425893693898,0.05274049985188146,0.08767396870968387,0.12447713258157465,0.079963415185329
0.08844873038282969,0.11576856783419891,0.07574538924056999,0.10689784458805734,0.12048588136442928,0.07464107070398782,0.08498119248621376,0.19032809866770747,0.14270322473200572
0.03974410760697791,0.11687643184952297,0.2995173278853594,0.09686794704961815,0.09642425959975065,0.08374431321915393,0.08634158854819195,0.08199552739089484,0.09848849685053018
0.06101519100530794,0.11642813151639365,0.09862066674844013,0.1122779312337537,0.11969228570925518,0.12736893388336493,0.10754660152251501,0.12523558024931603,0.13181467813165335
0.13728817169255278,0.10681712895454669,0.25328996688453154,0.100222327114584,0.0866262523067051,0.0624352480806665,0.06748477130811177,0.08217645678737201,0.10365967687092958
0.05680521106818095,0.10875491342339223,0.13491493945667424,0.09626138689520482,0.09609025937217984,0.21665693013176726,0.1235379561399188,0.07198749297094352,0.09499091054173829
0.22142231199879073,0.12135589082413888,0.059980639731506226,0.10775255270944839,0.09418051999528314,0.04691626463563716,0.08023685697958087,0.16605253473167444,0.10210242839394018
0.08541829333878304,0.1420665210966738,0.09743702652704948,0.12290058457760022,0.11334936706099148,0.05574402496587675,0.09730096048573371,0.17569625792486185,0.11008696402242968
0.045594907540024425,0.13786019194048335,0.0783577317216378,0.12027588400399013,0.13659474019936546,0.15404581403155862,0.09315612489442783,0.1165969485591672,0.1175176571093451
0.0745256963353606,0.11527629035744659,0.11133263482663276,0.09437111680032333,0.10791392788502764,0.09916100990198469,0.1308129020206267,0.16717199689435722,0.09943442497824045
0.042744505684541356,0.09792457719434461,0.29414093956798015,0.10280610673421142,0.10762403973299806,0.05371359715887861,0.10947437647000037,0.09559295822880694,0.09597889922823849
0.1623499224752745,0.11163265740042154,0.05181896066884756,0.11208993707972349,0.10071737121027313,0.08239998976545336,0.13805070369064867,0.13575186705527,0.10518859065408775
0.051300533667893854,0.11830946272319526,0.22547386341120104,0.108110373615061,0.10536178835647163,0.08836733775235185,0.09867648059959148,0.09710224022474645,0.10729791964948737
0.15419308041943894,0.12184932094770268,0.02390457911599247,0.10565113768593583,0.1204715754481489,0.10648506143657986,0.17596679411732166,0.07747154852184385,0.11400690230703588
0.04917757565645368,0.11223085204589715,0.18178026855984264,0.10194077459237692,0.1323712696640516,0.10485417088072992,0.16499566161429421,0.07292145390962249,0.07972797307673134
0.07613870684095515,0.12415955366110575,0.05030143707430756,0.10997942341755317,0.11269829430957179,0.15717954715707938,0.12160467043694197,0.14309965236025918,0.10483871474222606
0.09934143891190288,0.11173113436803489,0.0712491784774317,0.09680474608556122,0.0974300777905809,0.11210735012339217,0.08999718148767387,0.2211830845242895,0.10015580823113285
0.23201915573012258,0.10876187564498585,0.024712859199403737,0.08928995318268003,0.09172357842926826,0.10795045356557936,0.10774620780385606,0.12635651788593236,0.11143939855817177
0.06719755167962747,0.12793183781630424,0.06322153268133006,0.09666638483884071,0.12117441497585842,0.050083274480618285,0.09441360583479375,0.24094616604355848,0.13836523164906847
0.04325367622195481,0.123842886357091,0.06634722671904282,0.12360043578874687,0.13392764186754225,0.1640331896609891,0.1167916183824896,0.1055386917777386,0.1226646332244049
0.06094070077470711,0.1486354193924404,0.09491069334786262,0.08541549182858994,0.10581333038618741,0.03553745571979481,0.11824811905924316,0.21335841565124988,0.13714037383992464
0.06026700656260498,0.13059518540893708,0.12771181090153258,0.11877607197074629,0.12713545852029395,0.13510464549561055,0.10764614937739965,0.08458978724069512,0.10817388452217981
0.19382062821595006,0.12524796257879242,0.1347349149970697,0.09304294784322237,0.1185581941438162,0.04363308355843862,0.0746364549600302,0.09135546332725562,0.12497035037542477
0.3573872914754052,0.06987871136336125,0.022448697045547483,0.08227210143280352,0.06735503841263031,0.2156350549097279,0.055315863441081005,0.0714914732305134,0.058215768688930004
0.25894603488579965,0.10234585880823284,0.024305302095883972,0.11172423077728488,0.10170800013392682,0.08165805325143703,0.12457684422319293,0.09092249617690466,0.10381317964733729
0.06584925985897461,0.10973946254473205,0.09608776293275784,0.11896678411641619,0.11341585074496896,0.09915252477275732,0.17029414196936554,0.12557588990999277,0.10091832315003481
0.06716250451652485,0.09214432256967729,0.2646802379981586,0.1024013036702388,0.1603687610949689,0.042302865420540875,0.10374572784267483,0.0647676108381204,0.1024266660490955
0.15695812379532356,0.11517606168253508,0.12573193449506617,0.1436022779030762,0.1497202911352084,0.03446164374695251,0.10624916362060959,0.05736534435582668,0.11073515926540174
0.2832792726036734,0.09693844451699361,0.024913632314627135,0.07611033638247189,0.07253661639124094,0.059182028461563625,0.06400980684934728,0.22650282484524675,0.09652703763483533
0.0798321945043798,0.10344237140631758,0.24702111910012628,0.08652472448663319,0.1117195993950682,0.10703037220748436,0.07891914832137902,0.08322679976633356,0.10228367081227797
0.05084179339721564,0.1121353248527553,0.24873465525367014,0.10060077597602192,0.1020685918743761,0.11205536015134816,0.09988076142710707,0.08139173808134803,0.09229099898615765
0.0456187706800043,0.11498625019877938,0.24162182136728938,0.10331534955319172,0.10559299628296427,0.09549316577762813,0.09562428936047433,0.0939573790261231,0.10378997775354544
0.14004764994542868,0.1326504495869498,0.08234247058833237,0.12658864688699378,0.1371739966076683,0.06516470729403649,0.09334383947500179,0.1171460644444362,0.10554217517115257
0.342826476546821,0.07319603516559729,0.09288014839510605,0.08159146116908449,0.07107785479546953,0.10089127524135223,0.06901203819179234,0.06722181273245788,0.10130289776231914
0.08842202365148026,0.10267047660034372,0.2842711724116746,0.10752839268417257,0.10309793091936408,0.046666847956628614,0.09428895218457249,0.07635655979396974,0.09669764379779393
0.06108061999416914,0.12724295993811421,0.16079785785653533,0.1204612551221222,0.11456234856565146,0.07985197220683243,0.11117222129863569,0.12378927676381342,0.10104148825412608
0.10430017310558792,0.10930816330297423,0.1536879941784564,0.10880713727169962,0.11663366340071708,0.11502155218513681,0.10585068659216261,0.07713583892943254,0.10925479103383284
0.045740450435884754,0.1326177016310354,0.15218300944445118,0.0948115629456599,0.12336391224629156,0.04704332276119822,0.12659474631477088,0.16247718441115663,0.1151681098095515
0.06401408711931775,0.12389341686881479,0.11809602278075515,0.1046953874132344,0.1319119000061036,0.09102500222010405,0.10486539918690779,0.14867856822113598,0.11282021618362643
0.1641985222589993,0.09824316560088033,0.0321739076295584,0.07398970941640182,0.08067748150751304,0.09669806169356988,0.09491513664144728,0.27303704211283275,0.0860669731387972
0.09563274364811902,0.12531452045813277,0.13592303799220018,0.11633411409294732,0.11260740162748473,0.11112377829501764,0.10682385052689004,0.09085361697918519,0.10538693638002317
0.08931965688441691,0.12084339842318521,0.2138979441919061,0.11020356953393391,0.12998015249772885,0.04969423944432897,0.11255446504762856,0.06390790263914128,0.10959867133773014
0.17799259200000192,0.1284140895119026,0.02180838739106564,0.10295886488721388,0.12466956973009226,0.13167469643007831,0.14895026145989407,0.055633553324732576,0.1078979852650187
0.10333558895707096,0.12450831566793158,0.021556978259053658,0.11491189441558886,0.11828036759698986,0.1785343705298629,0.07647791168568528,0.15792133198692765,0.10447324090088923
0.07635789080394205,0.11263363500303138,0.1829581670775334,0.1199750949099902,0.1180583743941192,0.08619765047143522,0.10277663217259982,0.08470392128612803,0.11633863388122075
0.0949518192934667,0.10066324590544112,0.12929989345828827,0.11244036243640053,0.12317855211004318,0.08853950923357051,0.09492847982613484,0.12245327179823838,0.13354486593841644
0.21371345171852052,0.1017025752624595,0.04562736603330795,0.08842692725486086,0.07921625060959646,0.027033405058707004,0.06800338972138248,0.2631023618341702,0.11317427250699519
0.052085517879172205,0.13544993248295564,0.05974810256073629,0.10137941855841676,0.11671271148849453,0.027308707862919643,0.1719865863727493,0.1750391351389794,0.16028988765557617
0.15876869416101783,0.11830947212785975,0.137859121600974,0.09695025381137949,0.1012268160461705,0.1199547542297222,0.09349431950080078,0.07231171194079992,0.1011248565812755
0.18239401256076992,0.11350846271220055,0.05924013047008216,0.099494428859489,0.08855700772003794,0.07848715372730233,0.1688092166953188,0.1255302048563694,0.0839793823984299
0.03192482655458913,0.11463308344325518,0.12298750184580838,0.12423800530062933,0.12024096385699291,0.07833333127418811,0.1251845606811387,0.15603814587455664,0.12641958116884158
0.12309008305103218,0.12804738174902094,0.10848464487521431,0.11679847062642097,0.11269526272433576,0.04050941431361971,0.11607961507977373,0.15880427035839384,0.09549085722218859
0.06618974027110865,0.12074116437125537,0.13311459045034843,0.0970167540981865,0.0970314234045771,0.05024307145921809,0.1073425458020294,0.22705722137994555,0.10126348876333095
0.09068575856061277,0.1179353289649736,0.05180849717838327,0.09504943937410226,0.09898390265125023,0.06492706598678338,0.07294665563618334,0.2733462549855568,0.13431709666215433
0.07527804072290582,0.13457952807349907,0.07472526575629772,0.11991739424450704,0.12090022486906471,0.0653186617559956,0.08824945963134594,0.21098516181264074,0.1100462631337434
0.057259003809199516,0.11182746236980545,0.02186995101033674,0.11562921379175728,0.12755213554678815,0.20649979934054383,0.18460816783493972,0.06186326625144164,0.11289100004518766
0.20828441500025305,0.09539208827192468,0.121995663790748,0.10695786867831675,0.11399634073682181,0.09113719351430587,0.06725970866176638,0.08945375987522909,0.10552296147063427
0.0824392986533702,0.10910509840601136,0.15139319128457238,0.08965364492947579,0.08810743081641637,0.20990602653270005,0.08941105485846845,0.09981822078549334,0.08016603373349213
0.21207689444004788,0.09926228636691924,0.10144040136255184,0.08650632076310676,0.08728088508638802,0.14152545366057243,0.08741985844418222,0.09559169971608152,0.08889620016015017
0.09179372555015618,0.08138653846682568,0.13130227598938934,0.07987884225589023,0.12033264117820162,0.2000258987699632,0.06917909636694249,0.13249369470631067,0.09360728671632057
0.06808082333514165,0.12297565244860086,0.14054515147843727,0.10675087020873686,0.10921359934654988,0.11021226498103413,0.0817103232684129,0.14887235376561794,0.11163896116746863
0.18470620097839738,0.1226095558214153,0.09969160568334294,0.0985681491260365,0.09635537745071272,0.05579783058581019,0.06935837887722299,0.17398924565114512,0.09892365582591693
0.060166685649348045,0.1056113241253326,0.2959240029776487,0.08355267834444231,0.09558517683306512,0.12035961757884521,0.06786506980157014,0.06977301071866739,0.10116243397108049
0.29280719593578736,0.1018715475604766,0.03462803991013703,0.0874464747188738,0.10059653646918632,0.09709193068784273,0.11197753417771948,0.061273360809422674,0.11230737973055398
0.03407671910906397,0.10064965930220356,0.2763866378593411,0.08683254912419697,0.0964037207833287,0.07499289064001669,0.09685823509134354,0.12435984245638121,0.10943974563412429
0.04984938486442314,0.1315841426270202,0.09080905403043216,0.09420469132483882,0.11115232465490582,0.07034093766104012,0.07629039846216383,0.26057049654517167,0.11519856983000422
0.03434874036575023,0.13300286833310188,0.20036628191693742,0.10002534898936206,0.09504723021583451,0.09875909625745664,0.13901475887742945,0.10592891763768224,0.09350675740644555
0.03885313061917555,0.1096749032946623,0.08773117557174188,0.11487460548472585,0.11602777047270996,0.18817804113636685,0.15511955794583696,0.08639272857798501,0.10314808689679555
0.1841446306234373,0.07851273664249082,0.09320077501774253,0.0895569540836258,0.10534862748847955,0.1664400358501724,0.09607412136279415,0.10192177408631792,0.08480034484493955
0.16689053682670707,0.1261428589051261,0.0466786161649388,0.11540441658807987,0.10094567845966042,0.12270005499907183,0.08538090554054828,0.14146435116207826,0.09439258135378947
0.065490706201408,0.1072793547673434,0.19275873193499496,0.11068491629759565,0.11767286077725964,0.104860714390806,0.10097880241908823,0.0869410439126735,0.11333286929883064
0.04600483217135735,0.11494398037273346,0.1452358350426311,0.11733259193792818,0.12972624581912748,0.10297962958409897,0.10982708414736157,0.1213700350604593,0.11257976586430272
0.03444775192756936,0.11396288215327503,0.26971741210299566,0.09119600454989708,0.10040043036626171,0.13916217357261298,0.07790395259168333,0.08014100759146103,0.09306838514424381
0.08956473704940027,0.13854320695619515,0.09806519406515389,0.11114387789499118,0.11176583604844191,0.11024489450964463,0.09220146155083254,0.12475695606660624,0.12371383585873419
0.13326282664221586,0.1388516234864009,0.0655230290809544,0.10593743827487835,0.10925429172871205,0.06279203510798097,0.09147929979012853,0.17699550655189286,0.11590394933683605
0.07155590022503976,0.12001505579091998,0.09046458099867304,0.12147240599806704,0.11890170734312612,0.15479434877486034,0.10098980032922256,0.10107122360140262,0.12073497693868858
0.03387925492620781,0.09842843704155547,0.24692463019315092,0.09442358409132608,0.1051208130037558,0.08118544013559359,0.09580750675866638,0.14200381215227662,0.10222652169746727
0.09550854677455783,0.12628963250388586,0.14873058758467672,0.11021825553054498,0.12919577759136205,0.07513184358163244,0.11878462427495663,0.0866737226833284,0.10946700947505517
