0.08984499113126805,0.10544330871506703,0.10477247141814801,0.10402002672637999,0.09981279758806816,0.02398917282567629,0.23629511552357638,0.11599039265543254,0.1198317234163836
0.09240685227127747,0.12827983620091998,0.1343652165747523,0.10824555454094692,0.11018379946945807,0.03150625767209784,0.1612610163325107,0.11442125612114522,0.11933021081689149
0.12332506780050283,0.1396210007760566,0.0884870227772195,0.11209703047611852,0.12413996679092631,0.058132956252382795,0.08865378981712219,0.14830178806590724,0.11724137724376403
0.0847747204274849,0.11998809336254923,0.09099560413489564,0.14277383766179644,0.1068158423776157,0.06335826741905547,0.14297649932457399,0.13464631074491124,0.11367082454711741
0.13928377589082186,0.0986634390276316,0.12227104818554424,0.13536239657873014,0.0928191471153348,0.06509178952002101,0.1363956977682485,0.11169942623837936,0.09841327967528862
0.1323902201830644,0.1167163943917987,0.10576795436838847,0.13929952561668588,0.09186359132607247,0.04188750488602139,0.137164888460141,0.10712620837107793,0.12778371239674982
0.0999766765677763,0.11728322759821548,0.11582793590713569,0.11680132159213281,0.08540293928018057,0.02605860455887571,0.21678589755522673,0.10432824466520729,0.1175351522752494
0.10606529356887517,0.12630866229309606,0.15880397279863492,0.1011951937260307,0.1017388610410805,0.06519560701991928,0.08191468669127396,0.13241847445757213,0.12635924840351734
0.08732354278745474,0.0710710857705263,0.11055573434955035,0.04940039131208573,0.058885097216273385,0.4606528616825931,0.030184721059993914,0.0687540175305439,0.06317254829097849
0.12437943607031922,0.1055582335686099,0.07777861301639571,0.12750714432341181,0.10916119996302918,0.10827049858672705,0.1046718435309086,0.12736494044377736,0.11530809049682111
0.12209865923789605,0.11412036218899087,0.08434198939334893,0.10415316856392005,0.1019766195591431,0.17464917016628811,0.07866755745227598,0.11150127224527141,0.10849120119286541
0.10144255328694346,0.09463982610776922,0.11534691663788728,0.09147924660276995,0.12616194927987165,0.04348097912438726,0.22171368631348753,0.11528903333528424,0.09044580931159939
0.13524886783420412,0.09780503059027355,0.16063326110339948,0.10586293115708056,0.07774212005956616,0.03190605737900459,0.20632986119859545,0.08436894644272334,0.10010292423515277
0.08417727666933354,0.0747169882674011,0.04947484553309292,0.06306636236868679,0.06284034612377722,0.47512145305160985,0.05086381314102139,0.07708459228140013,0.06265432256367708
0.1323358406218839,0.11928552245831137,0.0808250700420479,0.12939099697116302,0.11260100593979398,0.09211922556285725,0.1180443922010202,0.11548220109034651,0.09991574511257584
0.07917277961436021,0.09768467556156567,0.18556153897741154,0.1425184676221324,0.07724253265049226,0.01853514893237713,0.19383059580643033,0.09580472946101933,0.10964953137421111
0.10975209012279803,0.11289394992156292,0.17048699613169258,0.13225791643218002,0.09520901554960554,0.0393496893272433,0.1210991023477734,0.1101942540619803,0.108756986105164
0.0973744565291899,0.11883794891514625,0.15356925945897235,0.13134366557720853,0.11188434762458395,0.07881535505125903,0.09127155632191242,0.10966231320878189,0.10724109731294569
0.13877909514727726,0.09802743037574552,0.15617012770732494,0.07967071065999336,0.105383106269248,0.06382684739920436,0.14543253355345728,0.11753412587098667,0.0951760230167626
0.12677502086546474,0.09734324357584605,0.11708004353939859,0.08328815326711045,0.12573709767688335,0.03659457835525249,0.19057718939817994,0.12354924402131882,0.09905542930054555
0.09836611164233029,0.13960222273050402,0.07297342252065081,0.11667449795332206,0.15032562523747792,0.10577770522981482,0.08743269737097342,0.1203022021007895,0.10854551521413718
0.09014827717783748,0.11691243372888559,0.09345619145790623,0.14363296498542175,0.10607234312510123,0.04930957050925228,0.10222646075451387,0.13802834345647583,0.1602134148046057
0.08655505546514647,0.10503184469512228,0.06692727931630621,0.10406976805221387,0.11493620822155688,0.04263605407205268,0.23900591692441586,0.134223780932912,0.10661409232027368
0.1468161025463739,0.11268900226697105,0.1275249321547763,0.11989578603642408,0.11387056227096394,0.04847842789720802,0.11994882610811415,0.09479357772434573,0.11598278299482284
0.13832571327825002,0.11427578402800065,0.07906177182559722,0.09266490957830419,0.11152007247056277,0.05844995590525867,0.18921507462332707,0.10796242573940025,0.10852429255129924
0.10776530915897804,0.10360857142875202,0.07121620554579862,0.09268156021445563,0.11057213053908821,0.030579865401311204,0.2590840900081454,0.10512473047021108,0.11936753723325982
0.14254081105659705,0.13758274070399626,0.09206765887539252,0.11437966604875714,0.1274024175229302,0.05181629619605697,0.06664372928727029,0.13635248680342535,0.1312141935055742
0.08343687403716059,0.13597836598301608,0.07701409760526444,0.11659685815784226,0.12097624301122194,0.027118167738488783,0.17695759725975393,0.13623102231443124,0.12569077389282085
0.12051435988252845,0.12084401469718824,0.06808083701158299,0.11442038382256496,0.11599694054918656,0.07013077591765023,0.16139804557863574,0.12643576323641614,0.10217887930424678
0.12550651303518395,0.11275986515673932,0.12015855758000217,0.11858577889968101,0.09253406588495727,0.04249149065831744,0.1560759962298048,0.11676810649845622,0.1151196260568577
0.09180360045257509,0.10561105133585352,0.18290200766103393,0.10133955342287937,0.09272136515854257,0.052811997561162956,0.1579244018617905,0.11806032863200493,0.09682569391415714
0.153934925860054,0.12427772363630298,0.09794330076894381,0.1322859952702459,0.1216826092634231,0.05097283107152082,0.07373932166605345,0.11524075852514426,0.12992253393831174
0.08828803076514703,0.09541919198725934,0.27632610517588047,0.1322466874253869,0.08743321505196443,0.053080107587844434,0.058584499211278195,0.11476079785533089,0.09386136493990839
0.11662604512341179,0.10342437090012545,0.08198002468031544,0.10017391317492663,0.1117588053603633,0.06130417620473333,0.19018385729359077,0.13166244093103008,0.10288636633150322
0.12093169722042457,0.08353755301141737,0.06930608012304144,0.1254151791194604,0.11168787848145907,0.04904813976190046,0.2363606364598018,0.10297579743613583,0.10073703838635906
0.11128659963840132,0.11201500317593834,0.2303433285765407,0.12048963993887452,0.09590511329705485,0.06033987339484712,0.07752880142637854,0.10105534149454531,0.09103629905741928
0.09045445685042826,0.0706521866443623,0.053801581370660455,0.0633935195680811,0.06089310946774665,0.4756628791099371,0.043928929670047114,0.07254120648624791,0.06867213083248912
0.13033297701568092,0.11206040738300516,0.11809446746349271,0.15596116812981534,0.10348502689933543,0.04835150048395392,0.08552192651271516,0.11593533957206609,0.1302571865399352
0.11205616690148716,0.08322529716175288,0.07695905067707919,0.11002597022706329,0.1446094125657985,0.030198294594079408,0.25247704839879104,0.09321072841901974,0.09723803105492879
0.14775714639862772,0.09403189627470503,0.060027055347006274,0.11024918880058615,0.17466308305405906,0.050107030819453446,0.16403155909084077,0.09360489728955106,0.10552814292517054
0.09417820457950919,0.10783019051439398,0.10241687227622316,0.10782060858844816,0.10973924495489451,0.1761930638543582,0.1078573442941528,0.0935912766773972,0.10037319426062273
0.07140558361981926,0.09534811583828283,0.223675249960994,0.08916229335081806,0.08834194345878488,0.032570141631082294,0.1511522682598389,0.14529533114505577,0.10304907273532406
0.11156601769419768,0.11148327459558045,0.21242339159758972,0.093891070766585,0.09973054863806437,0.03843809077814654,0.10448985054748293,0.1299236085186069,0.09805414686374643
0.07971904685893097,0.08483746494374066,0.21651353321106792,0.12532556894624058,0.07453175272657879,0.025604361320545412,0.19265883244872684,0.10051855740998376,0.10029088213418508
0.10210973029151031,0.0784255817889517,0.05290465017963671,0.07574747467203072,0.06694023802938757,0.4149028679318951,0.0540937934275672,0.0738921319108617,0.08098353176815899
0.10367888352088221,0.12395485641488962,0.08906016823263607,0.11871442611483572,0.10087665796055323,0.05467949035835468,0.16729256544732163,0.11978115376120763,0.12196179818931922
0.15211061984756924,0.1092811763012304,0.11338434507172239,0.12548323895922983,0.11213936538693421,0.06419583651366333,0.13114377848543216,0.08878929074184227,0.1034723486923763
0.12026319174632161,0.11997264619704189,0.15431747991909217,0.10139185045009184,0.11480444297709773,0.06949181858576926,0.07780113738707264,0.12328261070527939,0.1186748220322335
0.1346000775988224,0.1200818931368095,0.20591746840414948,0.10524254965497999,0.09272237669066424,0.06240223666559506,0.07798641096588814,0.09609628193863613,0.10495070494445498
0.15192771595965202,0.12611607327479926,0.09457308891184087,0.12051957417406618,0.1232810733062718,0.060504096613010434,0.10168681875106732,0.11437809230125655,0.10701346670803565
0.15661927946299636,0.1039152336582887,0.12717818413191095,0.11327271405513538,0.12386731311224068,0.06879943364637171,0.10644441475559084,0.10156371538607813,0.09833971179138719
0.13154952859068939,0.1567207808640244,0.07988868276915946,0.11035986572122014,0.1213703828551621,0.05314501241688905,0.10667054071050545,0.13224464590879198,0.10805056016355806
0.15418565640655507,0.12088035291786202,0.10829808925382367,0.12396655773262166,0.12371498061480356,0.06824110169016685,0.08039757876502503,0.10777877618226463,0.11253690643687757
0.11798366442388127,0.11385244512161445,0.10285954976558583,0.13924132498943628,0.09665635933692823,0.048363190767457785,0.14577939592279568,0.12148935174562703,0.11377471792667333
0.11606652498741503,0.11473841967875902,0.09764837278878889,0.15093302077589454,0.12948468190703066,0.045440014497232305,0.09082994594218362,0.12231071000829356,0.13254830941440252
0.09937689909515963,0.07948129462985772,0.10004811941788583,0.06342679661359513,0.0739699861058682,0.37176096835737465,0.05909714501148602,0.08085364935727336,0.0719851414114995
0.11191187417669413,0.12258399378890154,0.11742381956140206,0.13512108551966923,0.12392876811002557,0.04225605899520935,0.10358563918533338,0.11534842964129395,0.12784033102147083
0.12055681657171291,0.13287128238155013,0.09908092481158541,0.09773380192537873,0.11757158864477142,0.0731951069964727,0.11899029630634532,0.13420322380773553,0.10579695855444789
0.10883300635509185,0.1324080736746209,0.07209004002543841,0.10982411896730378,0.16391329223990603,0.06569403892065555,0.0846170528109847,0.1371989915230915,0.12542138548290735
0.15417594034275428,0.12326253263922367,0.1283692442872793,0.10715083157092531,0.1389256745449444,0.04655787354583396,0.049715434400656594,0.12376753922258144,0.12807492944580115
0.14779846415510176,0.13772683012668685,0.10535119826546795,0.11058966608729036,0.10692524316057773,0.06584762151191136,0.11043343587207118,0.10926312241590232,0.10606441840499059
0.09470667851939275,0.1356268331764481,0.09670367445344812,0.13477989244657693,0.11780375383413443,0.03766582280379189,0.119089035087318,0.1370223986108953,0.1266019110679946
0.11606707878268023,0.1378285638963701,0.09760985325982491,0.12382140891607372,0.10868018474082074,0.03932011860927752,0.132476398438812,0.11624217885308268,0.12795421450305808
0.12019234990898349,0.10582285228650364,0.16998727969887728,0.09233373989377153,0.09921524832756508,0.06332679067070995,0.12283207901312532,0.1312296848849403,0.09505997531552336
0.1068526036942619,0.11982396690327975,0.19013842686867707,0.12405107555051816,0.106827883471228,0.06622576918579244,0.06508551138611703,0.10908478500017271,0.11190997793995301
0.12330967275633868,0.13324461481631003,0.19198330655656962,0.09347740933102328,0.1190450749665977,0.04807654210182737,0.05541869076895459,0.11900475382161096,0.11643993488076781
0.08924955824208973,0.13591832149257624,0.1081838155101195,0.12167038038999438,0.12715218820450735,0.08861130614219104,0.06653900802206861,0.14647295734029353,0.11620246465615958
0.12732371345575058,0.10766761219253669,0.15355646547799776,0.09530314676390261,0.12229964852278204,0.12100946651108711,0.056866388763024384,0.11321057589377226,0.10276298241914654
0.1402714605570437,0.13576497183442868,0.08619704066571587,0.11219274719817877,0.1176077908655311,0.07434148720418642,0.10282947867094872,0.12186550475569431,0.10892951824827234
0.11409032215833481,0.13445903985661914,0.1018922770180292,0.1274153017399575,0.10722641709458676,0.048239810476259325,0.12053576974088687,0.13132956532232246,0.1148114965930039
0.10626608919354204,0.10434379336044575,0.10224868035731861,0.07653185946821213,0.0860854454483152,0.03008288258105511,0.29472007887087387,0.09391967747671548,0.1058014932435218
0.1563886746777203,0.12094273071715834,0.15485826606963415,0.11644342425568989,0.10074803648946556,0.06953864061032139,0.06417746948914642,0.09476582048694347,0.12213693720392049
0.11328403686290002,0.10572380647613899,0.06808586275318618,0.1225181757887472,0.1259301212040942,0.08837744485403544,0.11261825865028313,0.13587861031749596,0.1275836830931189
0.08868550970501803,0.08932983380802047,0.08651375137947136,0.10037839023510524,0.09941621943280408,0.03910500951972327,0.24033448497815493,0.14952800197477847,0.10670879896692413
0.08476810922577364,0.10907187043232387,0.21228780673611217,0.09368711834908287,0.10522443185006787,0.05795665596178582,0.10639673564265166,0.12284743597900294,0.10775983582319908
0.08579575249222199,0.1006293925442071,0.16173869213716519,0.08781876804452542,0.08192314083268275,0.057975036254170255,0.2111398498199648,0.11537003177875048,0.0976093360963121
0.10430479563350996,0.15035530288615176,0.08837918207350048,0.11009953263630275,0.12741511626837942,0.0434002137125123,0.1153208494946112,0.1294601715167388,0.1312648357782933
0.10539733690533494,0.10426663650311102,0.10027328671033325,0.10005673209005712,0.08516924448500895,0.0762346287068254,0.21745302446850537,0.08446277447065549,0.12668633566016835
0.13868656017318182,0.10937833096343341,0.08451607862518928,0.09774822336469495,0.12181599445817491,0.09306308860911239,0.13780063301593046,0.1102168821044862,0.10677420868579661
0.08936325393429197,0.12219033520622945,0.11227574701277676,0.10401490298629783,0.10502271380845078,0.034600500258331786,0.18361783707669085,0.1250436331579627,0.12387107655896785
0.08085413590157103,0.10091094013220586,0.10355689972887634,0.12857334228878295,0.08592525599668903,0.034726181761496576,0.2211687314589573,0.1172764654233512,0.12700804730806975
0.13238633806387903,0.10324513677222302,0.06863902310831399,0.08405328623143976,0.09730512886884655,0.25590587910284057,0.06675803854257678,0.0985268800108125,0.09318028929906778
0.12279601412421172,0.13579823972661728,0.18179827885702848,0.10698518052823897,0.09977066994240143,0.03939625728903551,0.1034893131643405,0.09752320757644271,0.11244283879168342
0.1039163112732787,0.10050217795222705,0.0891346249603188,0.10546265989552228,0.1437747488505162,0.03498382818837118,0.206007006611331,0.11892955588445982,0.09728908638397488
0.14466554481432445,0.13139073931559617,0.10416816679483872,0.113425654547389,0.1178933878821052,0.06607618907650308,0.09009311700547855,0.1108057651445784,0.1214814354191865
0.06491218808399571,0.09503177089906699,0.24992319334751986,0.1561490677134224,0.07579188587358016,0.024484284284221728,0.11305653643047325,0.11748790800434121,0.10316316536337872
0.08513618347841549,0.10722691343424463,0.09001181805991502,0.1289831812772467,0.10596914579435075,0.04300791285955319,0.2146888761198716,0.10012466186876719,0.12485130710763549
0.10901154839586409,0.13020350085790522,0.17898375918147805,0.1147430956242762,0.09423541439735382,0.045168810287485005,0.09792835111282532,0.12783887143501266,0.10188664870779968
0.14865210338677262,0.104737910378592,0.1809219633027311,0.11213830923267619,0.10184496890642088,0.05727162869595579,0.08599201982704123,0.09434872457999961,0.11409237168981058
0.11587951973780325,0.14251533890345558,0.11483299664219664,0.12587124893892254,0.10971855473992713,0.05628064202549338,0.1043682519260996,0.1092508427098844,0.12128260437621759
0.10204983029025949,0.0978146337489912,0.1147202428790043,0.11857249487768133,0.08338577636344313,0.0731774594023618,0.1740171462691998,0.11742202195972566,0.11884039420933323
0.1260323539760005,0.09916231129589466,0.0727654032846895,0.09067935649371985,0.10719613035414703,0.06406470461483343,0.21887247585537103,0.11835403937218607,0.10287322475315787
0.09932782779697903,0.10963234961414042,0.13365616077461,0.15708342482547208,0.0988591081274161,0.0409459345906403,0.13115138812880978,0.11394068907608286,0.11540311706584945
0.11244235703291322,0.11632941827259762,0.0964365391017946,0.09769790140189205,0.11126215404307616,0.08445263399645607,0.1361627984671121,0.12376307552410638,0.12145312216005183
0.13527226584320748,0.12480769997344637,0.1131305046451722,0.11355138785654789,0.10478717473766681,0.0976745750934618,0.07584933031297592,0.12018434493494146,0.11474271660258005
0.14658120982146747,0.12284547461777466,0.07651230504929867,0.12113161536720751,0.12442142845829098,0.09961438979445254,0.07507994522627834,0.11536528939114994,0.11844834227407987
0.10636309558850192,0.10985212971062207,0.08624426118349515,0.1649524597262368,0.11182806260940541,0.11486430353382802,0.045886864810576126,0.13418987478594507,0.12581894805138943
0.13999291261452987,0.10498636324170552,0.12271977612429393,0.13198208994076788,0.1275830764448392,0.04296564648014103,0.07999154155726515,0.12108569983878102,0.12869289375767634
0.14141273212593994,0.13595761803673706,0.08905833959533978,0.10625378686402491,0.11663976741038913,0.0676542630719658,0.10218329190357867,0.12033766289341126,0.12050253809861344
0.14063757584076553,0.12297960945568213,0.10027137084639093,0.11693847148286692,0.1058120175746672,0.057197046968779995,0.12080052822691212,0.11154967168191605,0.12381370792201923
0.09738582147655549,0.1014564297695905,0.08497826695545681,0.13468445029394735,0.1233304605309919,0.023002219068463628,0.18240682383774232,0.12295621268799994,0.12979931537925213
0.12902038754590808,0.1190615814193577,0.06571948506081643,0.15466304592481106,0.12007205809510296,0.05261498073899371,0.09362283536628656,0.12497126231580541,0.14025436353291804
0.12734989546793637,0.12702244068291102,0.081797119178471,0.12352032961956583,0.12443704047780284,0.09584689928924328,0.09112549154152376,0.12212630463691947,0.10677447910562643
0.10017432341128689,0.11570796415762273,0.07330794746444673,0.11028438830086225,0.11966976913545979,0.134388165901965,0.08930610023220432,0.1305172235389978,0.1266441178571545
0.09730347737440827,0.09693026994395659,0.08828931143718,0.09751970252973734,0.11446679321912574,0.06268292618090998,0.19284407103671888,0.12781410379492647,0.12214934448303667
0.13740016394191099,0.11917926102777708,0.10718353736554898,0.11627914407395434,0.11931636707787129,0.0685486323472479,0.09618016110399184,0.12224965836278932,0.11366307469890825
0.12635691783952316,0.12648134641858158,0.15231757698130852,0.1110838074850028,0.10367310534725255,0.07190268635255809,0.08304301520396885,0.11275708250046973,0.11238446187133466
0.10222053638506334,0.10997951291178039,0.19268530746539547,0.10506012077084764,0.10322091048804494,0.03996668445503021,0.11357004960193721,0.1133836560731375,0.1199132218487633
0.14990618456041072,0.12709073658925646,0.09102951963896848,0.12219011307837369,0.11721262910964814,0.07724843034744584,0.08523845316050326,0.11455041850446808,0.11553351501092542
0.09819733874689658,0.12184893820416409,0.11403021690731675,0.11105002091185641,0.10339817476582729,0.17026537372109982,0.07191925050758159,0.11111956327794299,0.09817112295731455
0.11394873578683341,0.11535345270883653,0.08145834606775816,0.1061002372902455,0.14166320114855838,0.0431331946922082,0.1803227511834713,0.10989559608351175,0.10812448503857675
0.11147539808038998,0.12148137316921266,0.059902928382676524,0.10571718841776605,0.15347144401309973,0.052370595727528814,0.14891767848580337,0.11039935892690435,0.1362640347966186
0.12616461098704862,0.12103633054195422,0.07390174289932987,0.11478707798727412,0.18632323982764173,0.047104605292103745,0.0842411292344951,0.11759424416522035,0.12884701906493232
0.09616516059595813,0.10981726631845896,0.16657288198343956,0.08685488058770029,0.0967220154677973,0.04020862256086415,0.17302218451433082,0.11892475877885807,0.11171222919259273
0.09483744532534773,0.13916518782514187,0.12181255983289209,0.08685979231507883,0.1294888894398369,0.04492781396193268,0.16803768186747256,0.10282020274916916,0.1120504266831281
0.09067561004462442,0.11759037434607082,0.18406600873745702,0.10288474979187617,0.1026194045892929,0.0729451093809007,0.08122218622167317,0.12878806366663154,0.11920849322147327
0.12481934904839238,0.10807315667117118,0.17942086682301864,0.08833050868726537,0.08345887989079052,0.021897106422863275,0.18072680966908486,0.09803219237429246,0.11524113041312123
0.11745449558599519,0.12056924234641808,0.07354520823488302,0.11238111257605336,0.1201562791838308,0.13820765411599992,0.07783327744243111,0.11853006824988281,0.12132266226450576
0.17794607715484478,0.10656192159107832,0.10214013316040389,0.11840011431775906,0.11268447308373053,0.07999157919235694,0.08003626502451013,0.10329997814199406,0.11893945833332224
0.1218516276515857,0.10814710788082349,0.09987045552421563,0.13201299216914555,0.07832052238707848,0.07813872332281073,0.18435295236343266,0.10206491381857406,0.0952407048823337
0.11765218769125306,0.10795774037648624,0.09086362022656626,0.13940368884910484,0.11761884060923838,0.06927390402798678,0.13260846653407357,0.11852521665216731,0.10609633503312348
0.11447831970271122,0.11296089263578578,0.07065966599374,0.10858404467015816,0.16467279814917965,0.09362335242272064,0.1209083163275795,0.10418745052291183,0.10992515957521322
0.13058279598410558,0.11601936860029595,0.0767400857199784,0.13040074497504864,0.16683443763405006,0.07955799895903413,0.06376612602349864,0.11810186793118871,0.11799657417279986
0.07977818627220427,0.08806488953645343,0.06724994727158139,0.1019297028259768,0.09540373243803123,0.03945901902214971,0.31553396863664235,0.11179763472882975,0.10078291926813104
0.1447634119435177,0.12978801639782447,0.11068418781936003,0.11874641512225777,0.12266279201284735,0.06962316016930377,0.06764744402134572,0.11744197245128259,0.11864260006226064
0.10812151074900268,0.1278605152103782,0.11884619537767603,0.13774515566179582,0.10685581168354734,0.058694561281913714,0.0777652353848325,0.13294655431757785,0.13116446033327592
0.10617812076038337,0.11892060773022979,0.16290051430130834,0.09848460291589169,0.11655133605229617,0.04873011213581868,0.11990466348280082,0.12012352642244994,0.10820651619882116
0.11783899190776899,0.10890402685051233,0.1037985719113985,0.1860806750947096,0.09954177131096294,0.06818083288159411,0.07833971289349785,0.12054116191134395,0.11677425523821171
0.17843655770294609,0.12405273145862512,0.09031887997657474,0.1096612581377902,0.14882124086158896,0.030445084351754373,0.0913456512876895,0.10931638359630565,0.11760221262672547
0.13460453138187045,0.13723990658979165,0.0843377492196316,0.11995445970147821,0.12816137554628396,0.08811296804870945,0.06279183143896551,0.12391834280966822,0.12087883526360092
0.12674500733897606,0.12537448835187856,0.08541591027325761,0.11702230014919172,0.12204107839717825,0.04580010804007736,0.12734871662682046,0.11634916012469758,0.1339032306979225
0.12207484190084023,0.12167581478248707,0.12420003845786048,0.12861425094404141,0.1021667708057203,0.08810149836967396,0.08493124975681743,0.11274117366748411,0.11549436131507496
0.09762089934585005,0.07222180477875653,0.16482704183447935,0.14446971394195168,0.09506389209292475,0.03659955234076868,0.19480495995103134,0.10274707256860845,0.09164506314562915
0.09943035627325329,0.12081891860861771,0.09418120415035026,0.11886879452592809,0.10293912274735799,0.0446876311618191,0.19152765549744655,0.1167673716956877,0.11077894533953925
0.10721579601199056,0.11988010855095434,0.07880683552021105,0.09626687643236283,0.11207281689264502,0.21119528938831755,0.07602866399316875,0.09735746668547353,0.10117614652487623
0.10549248585944145,0.11770579385511394,0.08489481053437781,0.13589858436975508,0.12761304461747366,0.06427647091538119,0.1394707630086979,0.11010275337032498,0.114545293469434
0.07970584821475717,0.07510794871816125,0.06839361640072072,0.09053078967675134,0.0818877668902091,0.1820524827371283,0.23086900795325271,0.10855868781998394,0.08289385158903555
0.11291684823124452,0.09011081100047068,0.10242166911636075,0.07962096792785096,0.11290659518326618,0.04018754570145969,0.2558684754997227,0.11269093646823763,0.09327615087138695
0.17126797819343534,0.12311765196432989,0.08287340510235167,0.1106651707372156,0.13425807407988985,0.07511725482477381,0.07839735119546377,0.09989117913457186,0.12441193476796815
0.09792033365072776,0.09869983498222513,0.1110109214709948,0.1379665940579434,0.11255479761015735,0.11226074240781046,0.08329754144789601,0.1263723392184409,0.11991689515380423
0.08458710556535297,0.0977307625426963,0.11527916970868214,0.12480925979694117,0.08934363968200805,0.039774154894327333,0.20228998152629626,0.14638520038678876,0.0998007258969071
0.0829063434193286,0.12188577695645282,0.23256815850598375,0.08699429654239282,0.09329153378758333,0.04462375870870792,0.12204262496581109,0.12093306357157008,0.09475444354216961
0.11634891957575323,0.12241432188521291,0.07121545431850414,0.132037300600516,0.11163549637272811,0.12351963558360202,0.09189332599177631,0.11777747163524581,0.11315807403666145
0.08462496504666765,0.11828155410119784,0.19366550394903048,0.11326713435120267,0.08635367725807823,0.03250752798179784,0.14882427245889063,0.11944083627471826,0.1030345285784164
0.10371352630131564,0.10477251672721959,0.09943469453518376,0.13365633391322385,0.11665122823090397,0.06843784649901204,0.14318724949529085,0.110326853395511,0.1198197509023393
0.17221546261811768,0.11315868685576598,0.11697598262473635,0.12188920121050432,0.09017567500686581,0.0789352812197517,0.10487057611718474,0.09261535017822216,0.10916378416885121
0.12115983716018704,0.12645724568410988,0.10715237716501291,0.09866891079338475,0.11379473228954524,0.12427181643743106,0.07041691493382805,0.13067447346790745,0.10740369206859363
0.12687162274711397,0.11285409158206339,0.12201478771458459,0.12114197647348128,0.10144869969559443,0.0787459374104267,0.12379766385409809,0.1062521324042291,0.10687308811840836
0.15827392697479295,0.13431333568111678,0.089858838508927,0.12380678477964278,0.1103038113496333,0.06279506417338268,0.09090012644324917,0.11861541167163377,0.11113270041762154
0.10370092321936819,0.12055220198897404,0.11519391729395985,0.107703586512379,0.09322518279401386,0.04594226984494656,0.1946923934893313,0.11172336863805647,0.10726615621897077
0.14556650735175805,0.1229966698158765,0.14728074669090196,0.09818496143452178,0.1211301857894943,0.05898208816550471,0.07569914314709923,0.11045199157555367,0.1197077060292898
0.08805091116455727,0.11629857284404262,0.08255208442466831,0.10745803754682724,0.12515797348010974,0.058635792928525915,0.17247760159953449,0.13769782435025693,0.11167120166147755
0.09230688404891468,0.08361681060054844,0.09615879735993148,0.1230376361713173,0.057949971359856335,0.2722984384848545,0.12061435840845175,0.07903212844582204,0.07498497512030351
0.14292904670870732,0.10629826908006394,0.08447997024062304,0.11867088899223528,0.12966289600840145,0.046078334209950576,0.1565603461123912,0.09454592370552119,0.12077432494210599
0.12641015074752074,0.11665605422429119,0.1018347238331846,0.12058189756127725,0.12573496848820984,0.03633119936168812,0.15131400584964452,0.11412129910461644,0.10701570082956723
0.10355143789329513,0.11137290072361507,0.10638696260173648,0.11864157742023264,0.14782661631202482,0.08924904311948963,0.08041708521182836,0.12335842215822453,0.11919595455955335
0.11615965218098023,0.13621637949516732,0.1333786182789695,0.11375994483745289,0.11901017866423073,0.0506656751744386,0.08655070038105865,0.11336711476843071,0.13089173621927133
0.11680757535841939,0.107580712173155,0.10586163855657808,0.106999438172799,0.11438934927010098,0.06983355034557302,0.12399654631263679,0.14385692925680352,0.11067426055393426
0.146717106724408,0.11614010890034786,0.08522826217173247,0.09987602625633483,0.11630962236619839,0.062443179766286196,0.15356474641011994,0.11194236755143672,0.1077785798531355
0.11806745713051454,0.0929449044165257,0.13964830519976104,0.08435748634628891,0.09754940409738057,0.18993647377227432,0.09073810453309761,0.09749242271006199,0.08926544179409533
0.1390241362964112,0.11531080685605466,0.11304391095797924,0.15980639952657258,0.09952106053293806,0.04762978398554768,0.06881185682150574,0.12121405827278148,0.13563798675020933
0.11644734373052396,0.1121740271695547,0.14350025594748442,0.13703554041667274,0.1160721779989085,0.08754172473649931,0.05209577694441767,0.11471944388369415,0.12041370917224455
0.12140060846049795,0.1320060703044014,0.09055151083644068,0.10537139396186591,0.12831062785817085,0.06841458070115206,0.11512269752455316,0.12014601809706017,0.1186764922558579
0.09250370390573463,0.0817741034217559,0.0484089652613082,0.0862957509160051,0.07116014573884823,0.4198432960503598,0.0412082921228368,0.07966701838843199,0.07913872419471933
