0.04411392489604516,0.12709398597145757,0.16458593540187239,0.17923782897992668,0.04192033441857912,0.1237132724113343,0.09919405374439338,0.12213724675888489,0.09800341741750644
0.018075169987861725,0.08523462519058529,0.18719432309710335,0.19062956734465897,0.06512666835988688,0.14045856640794463,0.09324377948206351,0.10864379114239708,0.11139350898749852
0.0637661422954889,0.08128590626146352,0.07397002114080094,0.138167432188305,0.24305201357387632,0.09541549759900508,0.0953849693813551,0.11567045126357949,0.09328756629612565
0.06666316629408144,0.0976977438101685,0.20982080633583358,0.10944285179805134,0.02458873433511519,0.1600746040540118,0.11519257322487803,0.09971948109520103,0.11680003905265908
0.09194235339059244,0.11085738761878332,0.0976926052677216,0.07384223211668195,0.2202371422532827,0.11197652193581797,0.09449499232638521,0.09160935861912534,0.1073474064716095
0.08821120895328212,0.08536100865938258,0.19682520186362681,0.06030726632072703,0.13678094861106607,0.12793788509089302,0.09443584018277819,0.10208699964197211,0.10805364067627209
0.09429579311120674,0.11048184295254543,0.15156938251653043,0.10928185117314891,0.07983021665658968,0.11890427165402195,0.09321135993927243,0.12764573466710674,0.11477954732957778
0.18588076935678424,0.11265782173322482,0.08899306534022587,0.1072479961609925,0.05441810625852377,0.10774649539599691,0.11506986718574401,0.1076891222249256,0.12029675634358228
0.11184792703233219,0.07942735715355571,0.1547491840699199,0.05135260091770635,0.21010260568687902,0.10062019398038298,0.08871944037921246,0.10914100670597815,0.09403968407403329
0.06902116651033811,0.09848973080166239,0.1556657171320257,0.14453738377415157,0.17133463326912113,0.09308647947287498,0.0935410954429281,0.07915515687726561,0.09516863671963238
0.20412059091194665,0.08744206983903213,0.08558770229044606,0.06852656978414934,0.11321949974182126,0.11730109221757867,0.1044078544556018,0.10476518469726219,0.11462943606216187
0.040350714377680036,0.07792060598389329,0.098501783294909,0.05785745642492345,0.31273979218435305,0.11673655102245328,0.10050812628286702,0.0930687915352933,0.10231617889362767
0.06789915581545257,0.0879504306453761,0.09392765305462258,0.10623360704303941,0.12700305782539567,0.1618665880652624,0.11790397970017785,0.12379090395027903,0.11342462390039428
0.09909116257779423,0.07809836686618458,0.12495899479294265,0.06183462753876398,0.17803479262866548,0.1312432313732913,0.10348541240035214,0.11015385509108912,0.11309955673091655
0.02780914274807367,0.15112160130268484,0.09195927486387127,0.05996560159129986,0.2902207063298343,0.09841116272866467,0.08989186086601615,0.09159453711863781,0.09902611245091725
0.032444243669047926,0.08892030927641859,0.14727768175607306,0.15302864766260274,0.09677696311380152,0.1265297757085079,0.1015534395685812,0.14761899712665175,0.10584994211831529
0.10878054572235984,0.10853768352686528,0.16425156739652277,0.08442296668782041,0.1203567603011868,0.12162390538681918,0.10197654660123338,0.08910990305161587,0.10094012132557635
0.15790916262459756,0.10674904779362708,0.09592934846304829,0.08440924837480908,0.08991889006072995,0.11037132130842746,0.12275661880301147,0.11825064490619841,0.11370571766555065
0.05665882280295804,0.10214905146684672,0.08731972169662076,0.19625979331195464,0.21802694218526075,0.06726793804327903,0.0996498012278413,0.09460808907950047,0.07805984018573824
0.03932554086184856,0.11842146749080296,0.08676751433234094,0.21900475564569657,0.04701293860525227,0.12990422878797933,0.13105998893726564,0.11262785583359568,0.11587570950521808
0.19422824112426537,0.08315842979878413,0.09511888776237189,0.07517234712045402,0.12030841235327315,0.09391221481779972,0.11690377034885457,0.11148913162513978,0.10970856504905739
0.07439058069700127,0.09285866900899147,0.12897362656698758,0.0698515615048379,0.1942549827628978,0.1049567632081289,0.10414911687816969,0.1371905166468438,0.09337418272614152
0.25957571548738917,0.08711531442318028,0.08536017716039039,0.09498142620494214,0.05677648748456864,0.09753028215393479,0.10188786527550393,0.11527505455449864,0.10149767725559204
0.0588443818149113,0.1057380356700131,0.0750218358745618,0.059214828556882225,0.32148201322176223,0.09739420840452657,0.10398151598249694,0.08882776217044298,0.08949541830440277
0.05105801326628979,0.12105689341951098,0.22264765994107183,0.06671943168914779,0.08097642076815013,0.14021282748126915,0.10032183513542363,0.11201090798188089,0.10499601031725585
0.012802358963175664,0.10537425837133681,0.06180644895281715,0.07913189385945403,0.35059882285128036,0.10632906044289663,0.09846537665829902,0.1072637775955495,0.07822800230519078
0.06523150809551677,0.13814448575260527,0.09584461498890305,0.11066726044018915,0.07331439722853116,0.13812311451706097,0.11653595810688729,0.14407773292002643,0.11806092795027995
0.16796731040924293,0.08496914184887765,0.09460107215272512,0.17923741202294496,0.07492532251919815,0.09415517645423387,0.09992929952481096,0.10334132070683433,0.10087394436113208
0.2368319029595888,0.09668634901282507,0.09240711369270908,0.09990699913287988,0.029960615977511647,0.11058791980715939,0.1134091910605382,0.10678533350708928,0.1134245748496987
0.0518557366434971,0.1300205913077034,0.13241016836917277,0.0784404485868113,0.1064692710191766,0.11359500632983884,0.1451158928863628,0.11663638759712049,0.12545649726031669
0.14445318061322257,0.08425346746550472,0.10723038810354019,0.1584434076381258,0.04596894759409966,0.11444229157300441,0.11928308506026382,0.11362834570939066,0.11229688624284817
0.03400072913623069,0.07870252163504422,0.1626565022201635,0.15890036239112362,0.066578718531353,0.15120513061290372,0.11042642756913514,0.12288449481512072,0.11464511308892543
0.2644161972667039,0.10405756313064028,0.09923755206865348,0.06981891085937626,0.051141559571655386,0.1019168720507796,0.10000353694873475,0.09935427193201286,0.1100535361714436
0.1720514086406808,0.08745361213820486,0.09927656218660802,0.18465411675800478,0.03922632552707955,0.10299775155725589,0.11314281831714403,0.0941092201048403,0.10708818477018171
0.10077435123854388,0.10742120822352912,0.13990622637860153,0.07479166771230493,0.14546072819837133,0.10254057626433345,0.10893376876645704,0.11189960777809564,0.10827186543976319
0.09701189363526856,0.12578958633407103,0.07800468814784169,0.11071585969769514,0.0882124384050285,0.11802201734363742,0.14655270395844003,0.10669580730154536,0.12899500517647236
0.05631495575624331,0.07740320368970723,0.24094812641416638,0.05872660903073778,0.05917757805120554,0.15614943049111674,0.1190169439524752,0.1153449538960386,0.11691819871830926
0.06380552885735152,0.09696614448790138,0.09871966216857662,0.28783089738905704,0.046251044006734625,0.10245141879144305,0.0985888083681094,0.1001995115373965,0.10518698439342981
0.022751962179734256,0.13590404759949262,0.1149948902282079,0.10266841363798275,0.2146617076612727,0.08592799491941432,0.13549988532561957,0.1050756374912178,0.08251546095705807
0.038909863802127055,0.11179745522139466,0.10407915054270023,0.08794099682116825,0.20827777442805218,0.12400980396576822,0.08957138545104883,0.1192953240570009,0.11611824571073963
0.13464871261188407,0.13415468345589993,0.10590483489540022,0.08056763078680752,0.09928379848120926,0.11530091260033597,0.10272695670571164,0.10113548557829706,0.1262769848844543
0.05977877218201194,0.10880111228654261,0.11506411775654689,0.10845563326294883,0.14290515717227784,0.13110321317409268,0.09254331192119715,0.12304967049451794,0.11829901174986406
0.17272366680649173,0.10778721092686783,0.10722408633631382,0.07219786810310301,0.06101503335351271,0.12246088506040072,0.13053041789463574,0.10921953996060461,0.11684129155806994
0.2144472108595279,0.092056594433004,0.11658458923348902,0.07620280211605775,0.07603317300694656,0.1065018314023477,0.10090727751484847,0.11587190192903592,0.10139461950474277
0.18828474607172654,0.0934495179311493,0.11515998019527111,0.07480144470721267,0.0883591773985289,0.10794452063944004,0.11180671719327938,0.11774113202413493,0.10245276383925712
0.09096049569315223,0.11449915219058142,0.09665834947188291,0.06474433062262687,0.10713005850263901,0.12598793725833504,0.17384074728977902,0.10841604784162352,0.11776288112937992
