0.08405004043157373,0.09007041456311225,0.14503067361909566,0.1120389563601573,0.1095311940032696,0.11140091540629425,0.12103073918700309,0.06614864751713201,0.16069841891236206
0.12036104446137208,0.03025121668487592,0.17787031824183655,0.13769666805822686,0.07207760301498042,0.17145820567971512,0.10376922849863796,0.09322576751583177,0.09328994784452327
0.05492728753918743,0.2478375344716539,0.09247674133776207,0.09852873171200571,0.06526745604235569,0.08362633266921365,0.11526014507595084,0.15074913224676675,0.09132663890510388
0.07522432677032327,0.05638745562444366,0.1538997771753239,0.1319797226604035,0.07125582727695538,0.10702387421672298,0.10757111939491448,0.09010024315063699,0.2065576537302758
0.11059463660211993,0.08985081558756568,0.10661672150206743,0.11107569028709434,0.1530812193045751,0.1039847228755843,0.14876772938019947,0.11672215382523081,0.059306310635562964
0.0671976095108044,0.21324680495417817,0.07639734859567192,0.109738721252492,0.15042985360924407,0.14407542531229228,0.11526271636080247,0.06707768637922458,0.05657383402529017
0.11902478076436636,0.11968877103663471,0.14114496517571376,0.10804372372138,0.12037302600404697,0.13263630551287833,0.112939704132215,0.12000887207452883,0.026139851578235982
0.1805224419423412,0.1235025628416034,0.10077083802742563,0.08603822889982575,0.15015230870755614,0.13175530029971572,0.09285674988998814,0.09339180562496063,0.041009763766583406
0.1267741221326565,0.08516913778371442,0.11874770910704464,0.11778966949217284,0.06462960142233277,0.10801449722404137,0.09954843328896039,0.06599277013401127,0.2133340594150658
0.1885878087061809,0.04667892466448619,0.12008502507214762,0.11656250414169099,0.07103740580322929,0.11277856483075756,0.12708678218563926,0.09756912559686477,0.11961385899900344
0.19218662338965295,0.07754965826316598,0.09529060565301521,0.11408620579924894,0.0893014461975426,0.11625706027511963,0.12184897229684734,0.06848046031420056,0.12499896781120685
0.10448229319637725,0.07511454009342775,0.12571096226075243,0.11197676424751009,0.1102274253640416,0.10814076326511855,0.13632625933925654,0.07576352511885674,0.15225746711465904
0.06669420682297762,0.22402258145395892,0.07941346195950783,0.09543959623750402,0.1333537636172649,0.08808585239734097,0.08648938722349736,0.08770041806825686,0.13880073221969144
0.24795198878153904,0.023187172114429985,0.11925081122516391,0.09819268894830073,0.06391735726303688,0.10360709045334272,0.14872808297253018,0.1328216086044024,0.06234319963725415
0.09199880132666645,0.0805524147104998,0.13885755116218962,0.12109605200940858,0.05673407531768306,0.08011625758060177,0.12586332751725257,0.16827584663903017,0.13650567373666797
0.1121577464776952,0.09021518111720823,0.1448257793032721,0.11843901421400205,0.11191348285188119,0.12743962073693735,0.12170652867832754,0.08384308605408301,0.08945956056659336
0.13242569227927764,0.0942186226601288,0.1264531968253361,0.09286005358316367,0.12967385701007714,0.0996199157027946,0.08873414746978543,0.16502193954864908,0.07099257492078756
0.09925075305995268,0.16943374755179386,0.08218230824737134,0.11026214892099877,0.10911876328316052,0.13107611554214463,0.10192091297556871,0.08988493910954622,0.10687031130946334
0.1007301960831651,0.09410199117076468,0.07293651848369977,0.12890327364876344,0.07687897526970286,0.09452768809162661,0.14221130492360862,0.14019924330780578,0.14951080902086308
0.07734405744842225,0.06752523032611242,0.18315272011482212,0.10631239012693439,0.1305122968262383,0.09374392638323197,0.15954363122848128,0.09716555007395627,0.08470019747180108
0.06735584890930275,0.2583866134669852,0.13172032315192347,0.11576611469319825,0.1174246050608236,0.11455367031604342,0.08777762916769834,0.06225935968364099,0.044755835550383816
0.2626793881763143,0.00828496725946022,0.13182856607566648,0.11677787434668424,0.14410968444887742,0.12975297237552394,0.08257949103793276,0.04266985517059584,0.08131720110894476
0.0840558954671511,0.07980452192334446,0.1373190201759208,0.1447439911955294,0.0850181084159135,0.11569830738280928,0.1442427389491098,0.13855699222897921,0.0705604242612425
0.051564218448964826,0.1471141059964363,0.19539947787804182,0.1164109733435482,0.06356972784980136,0.0908666756083783,0.09860109514558113,0.13509250362358008,0.10138122210566806
0.19481675560456282,0.035179166966853206,0.1414481281700527,0.11939764412049227,0.055055504988288824,0.07941938023602628,0.1221513416164496,0.2147224535503546,0.037809624746919686
0.1504694799607488,0.0587311472357664,0.1265661495169288,0.148304983615099,0.10668560963800723,0.10348493484639558,0.11261428600264861,0.09808660174358759,0.09505680744081797
0.0744440129828683,0.0861992858209566,0.16540125937995315,0.1340411450801566,0.10172506084996137,0.14576704408677768,0.10340566344040591,0.10338445687681441,0.08563207148210593
0.17017427499035298,0.07041209826569549,0.06707626622977843,0.12387879360295495,0.09767786851327571,0.11742011762337345,0.1455521580540998,0.11376196990104,0.0940464528194292
0.052093693085286434,0.18239962514644656,0.12368480507900514,0.12018847676672555,0.05505316478193054,0.11555000546152687,0.11667289697077891,0.13087733158644008,0.10348000112185995
0.13022410925330286,0.032247414242017755,0.17385248926122754,0.12882065870699408,0.14266679173256383,0.13052404442072132,0.10921765115188202,0.06564416416663545,0.08680267706465505
0.10762485482924027,0.1055691656621152,0.11902566165956067,0.10411587693201496,0.1420995277647488,0.10608572371264997,0.14569999538380032,0.11694621545672342,0.0528329785991463
0.08178123572828927,0.2399546726424556,0.09714301572195454,0.10768246243835716,0.058853151993023704,0.11587240423159094,0.11244337800863873,0.09945176717126296,0.08681791206442717
0.023348761817823527,0.13934748782049244,0.1217190710491527,0.1120040999469985,0.05623383267997959,0.10451918736438516,0.10410312311618912,0.3080664382519391,0.030657997953039907
0.18253005060765795,0.03358667196688259,0.16213589303798365,0.12634646858438725,0.07120639097251004,0.11076467604621405,0.08557680054922946,0.11174309398520232,0.11610995424993274
0.18351554416267432,0.05925612483158654,0.15045337103433798,0.1364248341888253,0.09768911446942885,0.1247043985899673,0.1447956910458,0.06715407478423696,0.036006846893142784
0.07613042877925208,0.08199412153536369,0.20814754223608112,0.09013379576263282,0.16196335407830695,0.09906472237616504,0.13307682082392758,0.07637833297620876,0.07311088143206196
0.1512534321265051,0.0864745259370322,0.1308691130660277,0.11976602816827253,0.11662952444405987,0.11284711274048669,0.09966782222031216,0.09986690185320979,0.08262553944409395
0.09065339545219457,0.07891467522093694,0.11291878775981752,0.12778966884650744,0.0651151126408961,0.17723800234450302,0.2167142946516323,0.07170435640662222,0.058951706676889905
0.22932961964358625,0.05464438133156987,0.10708881684284545,0.10090063452493613,0.17156292084322602,0.12946182829108288,0.08589063581557077,0.0701170381865384,0.05100412452064421
0.040010792287308236,0.21185317481288424,0.058937440225952764,0.08320529003628534,0.19991677073763056,0.08890691878869406,0.13098621702451216,0.09246067881056129,0.09372271727617143
0.09279132091948182,0.04546328468737821,0.15074013394281946,0.09352220151918479,0.09555686025742773,0.10535068957930549,0.09184583528842112,0.08297565981669393,0.24175401398928745
0.03564093213697689,0.1922722177637208,0.1737339738209023,0.12164544939304568,0.08250854002865333,0.13520607127168963,0.09704920029514685,0.11894565365807441,0.042997961631790045
0.07904056974748015,0.09919721577710522,0.07635608698294118,0.09361190802690289,0.17116942330256749,0.08168625969729994,0.11509509054802232,0.06967265464268878,0.21417079127499206
0.23529453321315116,0.05111355426802471,0.116723417943146,0.12706344016436744,0.09059139232549367,0.152658089251586,0.09194172747137547,0.09994942399614733,0.03466442136670809
0.2702786176071033,0.011919226928160108,0.11461877873837849,0.09559518843748747,0.19431804444581993,0.10520776219740613,0.10223473757938663,0.06236453674452635,0.04346310732173155
0.065241771024824,0.09080825611488456,0.13651003988340638,0.15736358248690596,0.1031636819366973,0.10981106871404256,0.14736173070551392,0.14037691690556212,0.04936295222816318
0.0762863664770463,0.1513498501920574,0.0631888850730258,0.08986871301849951,0.1753565710399431,0.09949744132993171,0.1662605672059486,0.1265985774730795,0.05159302819046807
0.21819788194151638,0.05218328103948783,0.12919434760443546,0.10739232259737601,0.08186073508957249,0.1480898600055924,0.08883178433611964,0.12942240470064761,0.04482738268525218
0.222688052497688,0.0293393914153114,0.11207659494394805,0.09691874116911746,0.09454259569497943,0.12911218360377907,0.14728786720623588,0.0630822580685975,0.10495231540034326
0.1399124796148159,0.04413771542942102,0.16608373896948003,0.12040896901582065,0.12774287757232947,0.14313539119333749,0.1255463795853319,0.10482379468098968,0.028208653938473854
0.30115331207952556,0.0646933751685575,0.059075426979321194,0.09610813435129915,0.09179597439624411,0.1649415132916582,0.0876951274862144,0.08868886308104211,0.045848273166137744
0.08858722097151005,0.11200000122372268,0.13742165419768052,0.10996401658392872,0.1014534771096165,0.07541705082404208,0.07940594052278394,0.26077373619630656,0.0349769023704089
0.14395897784743375,0.07918383091248644,0.07483597105059293,0.11634091664728412,0.20437567359304779,0.11857251901931275,0.1181195602927696,0.10721821096684826,0.03739433967022429
0.19688704360308576,0.04911876430552703,0.05612999154484538,0.09408938080632369,0.18518740012329304,0.07681038883311751,0.11952741054104228,0.11063993345900203,0.11160968678376315
0.1129249631920901,0.12307937613631381,0.14455720340306707,0.1257900171719055,0.05509288836224894,0.0948805977419241,0.11659782906212618,0.11001994512672086,0.11705717980360347
0.0397460684006315,0.21922041251516944,0.13877760249192947,0.09511657087717408,0.10444350828904736,0.08227963498734055,0.09640012965749616,0.08479193647845562,0.13922413630275585
0.12141404851698974,0.1837039597324354,0.053490789323302375,0.0743777176579198,0.11337553071724414,0.08615317740016071,0.12772648504173256,0.09936587207016591,0.1403924195400494
0.058338947154858135,0.12901671491324065,0.09891469737489385,0.11808350806477501,0.07745481276486418,0.10429431231933119,0.17056125621902885,0.1369282480625104,0.10640750312649778
0.10679345425893566,0.11873496249792485,0.11664710653374656,0.11455597165651504,0.05919823965466525,0.1029378224467697,0.19070655827068128,0.07420855690284173,0.11621732777791989
0.2467630097876851,0.020451222418956392,0.13450433295188732,0.11880825098494037,0.07108991971090277,0.10821454748870286,0.16159282118482832,0.056262620147020014,0.08231327532507682
0.08035041059519442,0.1219853010479891,0.0881265872207821,0.12414914780535642,0.13768510469077877,0.10559833446430804,0.1366936898487031,0.12022430854794373,0.08518711577894435
0.13541949145398655,0.1296676271147971,0.06531665011821662,0.09294568339392657,0.1824188678177567,0.11451874567087715,0.13691976659147811,0.09919081756915332,0.043602350269807855
0.08805994967873472,0.10648368354430203,0.15763878101983542,0.1088375204429309,0.07773934007232286,0.09090275723054835,0.12417684720237558,0.12832049950786792,0.11784062130108236
0.2509262697069849,0.06125830890740589,0.11144320647783061,0.12819472807743182,0.056935908368217075,0.10217340957442973,0.1143926420912272,0.13777383301698953,0.03690169377948326
0.06371116377410503,0.1436272620167426,0.1193971650205682,0.13411224796621893,0.04847608670161935,0.10428840273042983,0.17026986077997938,0.12073017122971859,0.0953876397806181
0.06409296336148294,0.12265851280601174,0.16033390096258562,0.10317420836112416,0.07286792329528456,0.10067256311770306,0.11483088890682347,0.07464368796961668,0.18672535121936776
0.10531805027671544,0.10354356896179912,0.10214994080418005,0.11147709480942262,0.08565534999561582,0.1057383009144686,0.11291309677084703,0.08306988914593212,0.1901347083210191
0.06489723661765197,0.12213917769950633,0.16049836876867887,0.12210430121067879,0.08307941495194932,0.13949410738026657,0.13569151365183804,0.1360961910120189,0.03599968870741117
0.09092049283480608,0.09941687353269156,0.10193745148922735,0.10139489429517573,0.06971048284281102,0.1316920379634782,0.0900898200200068,0.18428653811300924,0.130551408908794
0.19625127342472784,0.08438289436472148,0.07945174992039356,0.08086463131652377,0.21768976436677068,0.0911600050486117,0.07865816524044518,0.1167544806252408,0.05478703569256497
0.1346381484667882,0.02828621490995124,0.25541806167745085,0.12877617169672265,0.053360432419940096,0.07898292576300363,0.07421098455692694,0.06489619174602954,0.18143086876318684
0.09846246558277243,0.08441885502128417,0.12003662541203015,0.11870744186777948,0.1497030870908096,0.08417990191445383,0.0808679791086812,0.1617918157081488,0.10183182829404036
0.18151596157951064,0.09138469496147855,0.1394581306343142,0.10764141224452277,0.06434650086871598,0.13114830517659282,0.09066869286406638,0.056683140103230646,0.13715316156756802
0.20807767247363798,0.08541049367350617,0.09824740541410999,0.07979676718016399,0.11899592115196093,0.07996743337280955,0.10863808484223504,0.15005355452884703,0.07081266736272936
0.04654228282186254,0.17822899239202375,0.09766765624964369,0.1248840473686118,0.06373066269561885,0.10364118316074565,0.12681157334595208,0.1970720107598948,0.06142159120564674
0.053764919640236185,0.11634039385649586,0.14994435244946466,0.1374353447338561,0.11750447096661192,0.20556683858669833,0.09206069853825982,0.10172327128841852,0.02565970993995863
0.1626434996569942,0.0802918660057281,0.09574987525281946,0.12476090882982253,0.08136650868857923,0.12216542375431161,0.12837086802852352,0.1115431345467547,0.09310791523646667
0.13450241114738742,0.03142959463085179,0.20279151178035773,0.1393213804485665,0.09090846236991114,0.13944101423358593,0.1123186926365455,0.06474584815083846,0.08454108460195547
0.10956665944360766,0.06730784534701832,0.15615155664044678,0.1407772356585699,0.0711582432124475,0.1025777219290443,0.1501221034429359,0.09394130247248973,0.10839733185343992
0.27630651662836697,0.01571675899544141,0.1974834396763684,0.08956418236027368,0.09491240428116023,0.12023443356768782,0.0957144223819643,0.07083781841866955,0.039230023690067756
0.13100918549551935,0.051840493793232134,0.10557256953248849,0.11840054396864026,0.1372939804851128,0.10074965574579779,0.1982504164429828,0.12153953746957652,0.03534361706664984
0.3830435984342164,0.015737013912055314,0.13067908777994564,0.14367859108031553,0.06221215155790873,0.0815234559136812,0.07023159985347666,0.06589559492368263,0.046998906544718
0.17957134670979316,0.11143311752682154,0.10778371541828817,0.1267189735050634,0.07544928764670246,0.10319363815193372,0.08255415289202189,0.15399383655867635,0.059301931590699374
0.06000726439743705,0.10214059585803163,0.1833524842154882,0.1132373012468277,0.11087174290722131,0.16736231087583409,0.12547206846274614,0.09170541399190224,0.04585081804451167
0.1651354400107878,0.07785652784470386,0.1302071383362074,0.11489423625393634,0.09248165933127835,0.12423464282123399,0.10934019060891102,0.08214003508589558,0.10371012970704563
0.07451816539593446,0.15737429688533208,0.1403721219493933,0.11156457441899627,0.09076894483451385,0.11533346171381574,0.08318859912107307,0.1749896976723153,0.05189013800862604
0.06283815855256654,0.061554497960519906,0.1439915152208394,0.1251079629302612,0.12202141249943448,0.12402819481624323,0.17160634167925512,0.1323689873416194,0.05648292899926074
0.10362012806228382,0.17000498390382887,0.0831509874565355,0.12678224436305477,0.09947230433933103,0.14570854508338602,0.12677227869089852,0.08824644506808997,0.05624208303259153
0.07308823730329632,0.10635148494461495,0.14640242412535268,0.127734370083186,0.09602458692388167,0.15584495806102291,0.14773210217548935,0.08859594382035492,0.05822589256280123
0.03544424077851025,0.1393461944398234,0.1083222016630065,0.10957658805329183,0.10654473718291861,0.08598518784659957,0.11440841740296336,0.20885574460314282,0.09151668802974365
0.08613919835402017,0.14478217437096294,0.1747737858497196,0.11321161993002875,0.09954708407718153,0.11315276832949955,0.08505796099959873,0.07267582713754404,0.11065958095144474
0.06799518358736961,0.11104108326099467,0.16842433979675756,0.12798083503596547,0.08350291133758107,0.12194456581883195,0.1337599356245234,0.07404244518705887,0.11130870035091739
0.08870778474362602,0.10756846496736151,0.12415408760498048,0.11089136871598508,0.11858574055801685,0.095680636692466,0.09735410284223843,0.11432850284050233,0.14272931103482336
0.11044844187002849,0.14368435523327552,0.1306803523199114,0.12896060187482222,0.1262145802581563,0.1285321211933226,0.09574627880140468,0.08510417202424807,0.0506290964248308
0.22985608878993738,0.08889013015211521,0.08924473893187053,0.15246307775115206,0.0883010310808897,0.13479514195309164,0.09123427797228907,0.08303124181871163,0.042184271549942774
0.17117135892607083,0.14862824004618105,0.15813603656355577,0.11541155730009837,0.057956033377260296,0.11744460327923201,0.06337245262944079,0.14203583566199773,0.02584388221616311
0.34695436764375903,0.05498257426442361,0.12901980375006183,0.11165813299560967,0.052719746802646905,0.09395435804946567,0.0938579562103526,0.04022324178720453,0.07662981849647603
0.12553832118641375,0.07511175074054942,0.12357728484658444,0.12195159573450041,0.1311268984368276,0.11276740273749226,0.11918446768649306,0.117889869782294,0.07285240884884502
0.12330259587396979,0.03659189219995372,0.22146970994317297,0.11669714165890759,0.07824583279967569,0.10366981696266697,0.09938757307561308,0.1037344858799556,0.11690095160608462
0.12829248563885096,0.08047403808147148,0.05104783219796316,0.09312937492966826,0.2821681436838794,0.10045893297845569,0.09376344328269642,0.05741503941317835,0.11325070979383632
0.19592075341125928,0.03062072416933738,0.11524061356872604,0.13281133273853143,0.10966944887603176,0.11162070852339856,0.1176093625570215,0.10652561330529364,0.07998144285040039
0.10372710360284991,0.08389591862672897,0.14052146360732579,0.15701335744951414,0.0755872331613599,0.1344520406125549,0.12316461574937491,0.10347778478849791,0.07816048240179345
0.23160087548604427,0.020269794433673945,0.12558889276759075,0.10449253963290822,0.11483228697761151,0.10819106986694572,0.13181613899059738,0.07698503399801825,0.08622336784660983
0.3216838891837662,0.05507930563954331,0.05565616102475796,0.10020337984442251,0.05173044941987287,0.09873927600626853,0.12111408798513285,0.13137255791356675,0.06442089298266886
0.2661586117287244,0.03407857485485186,0.09556289530937163,0.09830618513810745,0.054393584923159745,0.11450603618106137,0.09031926202667025,0.09819912519578823,0.1484757246422651
0.16070100986756322,0.03180629334685697,0.14333194315301098,0.11346959082405057,0.17236832956624815,0.1026216532563009,0.11752755377491797,0.07236285421838462,0.08581077199266657
0.0697969731358059,0.1922128240591373,0.1098444263586425,0.09749264105286609,0.05322286468963768,0.0856643817838753,0.13052062244236162,0.08321961665064469,0.17802564982702893
0.09141664355369943,0.04580301743293578,0.17920162604133402,0.13037887016951888,0.12627192296455375,0.12471884000526695,0.09078224627454051,0.08716710530096157,0.12425972825718917
0.19345764160801715,0.05615987788848767,0.07873932391658943,0.11200694604647547,0.12034002096875172,0.14586868406727677,0.10827054330988589,0.1621078208831236,0.023049141311392338
0.21145353803363384,0.041643279341956885,0.10426135273156345,0.10365101154989546,0.1227976806244233,0.1407667373727446,0.08498997642181673,0.14529162585564148,0.04514479806832431
0.11902478076436636,0.11968877103663471,0.14114496517571376,0.10804372372138,0.12037302600404697,0.13263630551287833,0.112939704132215,0.12000887207452883,0.026139851578235982
0.06379075761109948,0.1375545960732262,0.16262030079793902,0.12238606308925774,0.06492091881822203,0.11658319573581845,0.1193942208410081,0.09167269973895996,0.12107724729446907
0.07791182424972277,0.1174976348216482,0.13578905696837199,0.10474546629899768,0.06914703389243258,0.10301022069719534,0.08409622647034574,0.18758818262651,0.12021435397477571
0.10783334277818017,0.09717428450149747,0.1803292999475101,0.12054740606547969,0.07649076258397201,0.13480665300403993,0.11040843065100865,0.11432644383421708,0.05808337663409496
0.05194928170506296,0.12432835265029196,0.08563151222851623,0.10763449402972895,0.16227724764221976,0.13908071853226062,0.1543595750395758,0.09447287815327395,0.08026594001906966
0.16609140092398506,0.0823890524428159,0.15155845393480671,0.12734909737776048,0.11565579967985722,0.10155958146042506,0.08949206670325782,0.0669037803320804,0.09900076714501142
0.09601431523370167,0.08312136355616345,0.0633032013863097,0.11842794219778395,0.2052023318231473,0.09635937979217346,0.08880799229518316,0.0964201755629041,0.15234329815263326
0.11702534408269726,0.07711086865470469,0.13751393484349506,0.13176105864201368,0.062473802203363564,0.12148654145381373,0.09089822203975491,0.11134358544977303,0.15038664263038407
0.15829937138756048,0.08827431606954617,0.1651296762074476,0.11898847070066587,0.06889870073071637,0.09407351361095188,0.10860601190412221,0.07540666246480986,0.12232327692417959
0.2324142579606883,0.039568642977406476,0.1379453473044218,0.10482045073880096,0.09025233690418889,0.14391346279213224,0.1097851447793516,0.09988884762152461,0.041411508921484985
0.049499844154852125,0.0601629970370276,0.16137983052453755,0.12343219433839107,0.062077077482006825,0.10936476369754448,0.10653085034763149,0.11053841368574151,0.2170140287322674
0.11378900993593762,0.11413393068529569,0.12054675654797091,0.10836280546083939,0.12199530458045031,0.11807299580541715,0.13849603403921193,0.07473502741811891,0.0898681355267582
0.06342522301274757,0.1706787441141768,0.10597320697300773,0.11799810502229237,0.08825152472359843,0.12988275212765973,0.12713871583670236,0.10690339747265988,0.08974833071715514
0.18941826559792285,0.13378606827252382,0.11928551194840502,0.10982327269193626,0.06700645173376422,0.15736054937343666,0.1274180901098915,0.06011136216995113,0.035790428102168474
0.06798037997856266,0.08878215338972158,0.13240554516378647,0.1050789206511662,0.16791829119222787,0.1198288779863272,0.11449844980771935,0.1362834330860142,0.06722394874447443
0.10702158093764279,0.060446992566820484,0.15130045998286298,0.14883802540284627,0.05983803958744879,0.13763693778818673,0.099000792247392,0.07792007711532407,0.1579970943714759
0.11875110925024736,0.06111636036604969,0.11952830309937985,0.11295284281987729,0.06936617335074476,0.1394486639360896,0.16018072931009078,0.07445501123872804,0.14420080662879262
0.11615403709225965,0.12543960081090957,0.054750941518219465,0.08544208119160153,0.18594244314011873,0.0946538792537805,0.1883823117282731,0.07650825847881974,0.07272644678601768
0.10763086973435325,0.08731395164599132,0.11631407875789963,0.11459676151133409,0.11113006768981554,0.13682202608736407,0.10398571464755979,0.17984727041508672,0.042359259510595736
0.045575992512418485,0.0853186274582154,0.11916856978510248,0.1374655338874413,0.0742606870107465,0.11281935634790441,0.17299260120363047,0.1455876656454938,0.10681096614904717
0.06958656543442705,0.035650476131954385,0.085950405790877,0.11663512778102325,0.1650898308633252,0.11897736828314154,0.18440087924566753,0.15053609029297324,0.07317325617661084
0.027561371174361925,0.23562167821786362,0.09834395623311458,0.12791860595047003,0.09123124582594556,0.0877749224995271,0.09412466659900227,0.13779682741751573,0.09962672608219918
0.049858227023302955,0.22411734415820614,0.06071691730492109,0.08728078018360384,0.19673103828694405,0.08604896480560897,0.12961844477619722,0.08818645622858774,0.07744182723262803
0.20882937229888276,0.09863752115312112,0.10578731498630041,0.14368842250345668,0.06707625970040744,0.0971560922655636,0.08929907725620889,0.12475271622998947,0.06477322360606973
0.04778388502242381,0.17200699353599566,0.1725498971074169,0.10638503607791013,0.0876984636350513,0.08703164611138499,0.11287565716729586,0.05789987105322578,0.15576855028929557
0.20830455222267621,0.04382423874000768,0.12155303762597917,0.12014661504420447,0.07663922170464293,0.08986129119862964,0.13709542733671296,0.10933158453344782,0.09324403159369916
0.21343114327974333,0.07492856339852953,0.06528920047084884,0.10003119795296062,0.17950599512367238,0.10414761336303402,0.09043709217886388,0.08327138534614593,0.08895780888620138
0.026364374425132935,0.24210146963219067,0.09537130332853515,0.11169097141309721,0.0769281039074391,0.1001385559395719,0.12336196276062883,0.1482457591550737,0.07579749943833049
0.07608774325975608,0.12309769212474951,0.1378466100557268,0.10822134683087863,0.11347678525462379,0.10566633085275538,0.13183086729456883,0.09257747709117121,0.11119514723576969
0.17634067321260716,0.059419056397803295,0.10663641271341795,0.11344114175660584,0.0882725176892943,0.1162924369451354,0.12105824225606575,0.18382710021746443,0.03471241881160588
0.1441136398309296,0.061096907629994694,0.12604612680343086,0.11993701314457537,0.0747655500063137,0.10205116799766976,0.1281329571189789,0.06059026475091428,0.18326637271719282
0.08335000786188203,0.09750533049205805,0.10527625346487814,0.12370585814327743,0.0521337298402375,0.08048972393986577,0.10559382813030294,0.13778060030413547,0.21416466782336266
0.16817550135547799,0.09812939160773267,0.11338717164193925,0.11688363815218433,0.05965661265903289,0.09578809767780987,0.10243463666721042,0.11854981648273251,0.12699513375588004
0.11912505729870411,0.04292046757781192,0.14010997281554352,0.11595847956040319,0.09320024587209295,0.11472603238450967,0.14085979591141598,0.08353541121391321,0.1495645373656055
0.06825740867388717,0.08654006499660578,0.0824595680580865,0.1391444828400947,0.08516093873425601,0.11233427884228209,0.13457277354611571,0.15702152077050213,0.13450896353816996
0.11485159232345653,0.07482031947258656,0.0780154587996501,0.12217286122100322,0.09165927242712195,0.10062236307870176,0.11067806471707801,0.12072272579636607,0.18645734216403573
0.08700959398375911,0.1069681577643475,0.044865797482926704,0.11604040233053893,0.2566992159666857,0.11744779681620311,0.09009502731867898,0.10398514480258965,0.07688886353427027
0.18440501551293567,0.05346247758845966,0.129448613972071,0.16508793941211966,0.06650445817643232,0.1462015032507937,0.12023202595491451,0.0847376242088605,0.04992034192341297
0.059808541227619506,0.17045348854571782,0.06761046396164097,0.09160760841440707,0.18814010763782565,0.11791392739767921,0.13877353443898666,0.09767190712931971,0.06802042124680342
0.04496535785978653,0.19093641862508,0.09793101912494938,0.09557847752514198,0.12742502123842117,0.08373503400918202,0.16464103875107355,0.12666461350313485,0.0681230193632304
0.05018162887057102,0.07243941502157364,0.11341374391987828,0.1265285080946962,0.10894106891729455,0.11917949547720304,0.1273817753396649,0.10406316556494777,0.1778711987941705
0.20236918415278202,0.09854678917768837,0.12723658522443715,0.1001276498694073,0.0824090355323226,0.13226970182782727,0.1053408063882723,0.052397321473252996,0.09930292635401006
0.17166956151995363,0.028372753518219346,0.21918289888723164,0.11781445819827292,0.078116022844545,0.11446568065886346,0.08129090399158634,0.052529413233483334,0.13655830714784425
0.1346381484667882,0.02828621490995124,0.25541806167745085,0.12877617169672265,0.053360432419940096,0.07898292576300363,0.07421098455692694,0.06489619174602954,0.18143086876318684
0.08167478840817004,0.08836121977325827,0.18189231206990752,0.12134920992748353,0.12353652325463478,0.09450779232629158,0.13777532523653896,0.09002585751588837,0.080876971487827
0.09918500034441052,0.08352636472344897,0.1104598012148676,0.10852457964679434,0.09535385520427316,0.11360245825034272,0.12522374279192505,0.09717418892757286,0.16695000889636472
0.1701623020439181,0.08129188350818634,0.12792108821265333,0.13072417404300282,0.09588720616036851,0.14032129651289962,0.09813276813145806,0.07765303222307209,0.07790624916444107
0.24358294740166264,0.05660816889244927,0.1996029920760428,0.11626833633741018,0.06908203795608002,0.10956906095014125,0.08431831987782679,0.08116145795739696,0.039806678550990106
0.08072562256668293,0.15420156939075466,0.09471939008429997,0.09234345082095374,0.16517250624452207,0.11089670026370628,0.11813902198672536,0.11293767544830924,0.07086406319404588
0.06472363594948022,0.12766886588370238,0.13655259148917523,0.11491765223449156,0.07682331463131312,0.10086497792544757,0.10836327740775233,0.17318694360899842,0.09689874086963916
0.11500397984712236,0.07149438489277472,0.06662222893621171,0.14533086924842908,0.11592076258600471,0.1566440080508815,0.15852267896381103,0.08795572297666683,0.08250536449809803
0.23056808500459516,0.05270986027669589,0.08922351294481413,0.10036773526682502,0.06538847828270368,0.08100284885988879,0.14378640372555324,0.07046392550413265,0.1664891501347914
0.1711258888064998,0.0482592559224482,0.15516103188160682,0.11885059103375673,0.05988631275845143,0.15658420406091045,0.11075172899985904,0.09101950216980724,0.08836148436666026
0.15246921783825765,0.06151901998724706,0.09409474652481269,0.10327441696218193,0.046968841216985725,0.12336158975828031,0.08639580964312295,0.283182274083056,0.048734083986055665
0.2030495734387693,0.02818189641033025,0.14498648727101954,0.13576462789493246,0.08299430776269379,0.14607395880991414,0.1033064074232769,0.11267827434859508,0.042964466640468414
0.18355968740653453,0.05170155568184163,0.07938727514963562,0.1167853022770245,0.08306329740303846,0.13751066039803023,0.12239014587675773,0.08659003358969962,0.13901204221743765
0.13102048798205526,0.14340919615737494,0.08247371209271102,0.0960553610078518,0.2011098311197996,0.1049414957858091,0.07754176912222809,0.06189355559108125,0.1015545911410889
0.132861094392447,0.0377979534614378,0.09489172792218316,0.11814633860476692,0.08539977719380877,0.1201392826792801,0.11487565604263932,0.13257346444720966,0.1633147052562273
0.06088709045900759,0.11308556475705284,0.1669841678808588,0.134913320435088,0.0813808351494627,0.09850435551097196,0.10245676537863967,0.0838139316470791,0.15797396878183936
0.19793278416242358,0.06234845550943502,0.12562119316204332,0.11248516474397253,0.10474172508780909,0.11984904817673674,0.11571520830181403,0.043573252623685166,0.11773316823208052
0.1577054156451115,0.10684087548349241,0.1552526143772842,0.12572220626071948,0.08950489580478203,0.13085015694903807,0.08854495512295646,0.09877141888705955,0.0468074614695563
0.08565984726543496,0.1986636353955201,0.13736420176514016,0.106817194859072,0.060948039616041415,0.09276234069741757,0.11131340063996005,0.10298339541071862,0.1034879443506952
0.03965014045100867,0.21607113869401787,0.1312425311274179,0.12274189938659034,0.06717883351081548,0.11827511858679847,0.11410492405537359,0.14262142747347883,0.048113986714498826
0.11289465728504045,0.11434877078871586,0.15612156725779458,0.1289669392394458,0.08004539812126504,0.12343484355271113,0.14120699570972547,0.09013025220106285,0.05285057584423878
0.15166544308342597,0.07770156046063546,0.16492003929110435,0.11844482562290014,0.043603204251875936,0.12023082645977363,0.14005285123150465,0.09217959943045943,0.09120165016832048
0.07166204684502724,0.08352367582066887,0.22917639572454993,0.12294949454890906,0.0853125977794756,0.13812671748248687,0.10315352395044648,0.10685135101389687,0.05924419683453904
0.072961089977763,0.12305224977793587,0.09561120131692465,0.10039848207994623,0.21021913625217095,0.08609254062749837,0.07949150312079314,0.11874259222079608,0.11343120462617164
0.14410435784370149,0.06682035831033294,0.12519411539684677,0.10711563680094342,0.1875458253221355,0.1694216956782555,0.07743627633778113,0.07313361694614282,0.0492281173638604
0.0936870206953881,0.09834746563219506,0.09878014547929918,0.12238586079161606,0.1490297879592032,0.129319275329142,0.12056441953399676,0.1287572275527455,0.059128797026414104
0.11788786503056976,0.10368360060110449,0.12213326369627829,0.11357844777240238,0.06561799036381195,0.09110866474470934,0.0949252773106913,0.14522192536735007,0.14584296511308245
0.12434025400606867,0.052065740655168315,0.11375024880565747,0.12976257211106493,0.05681076236916307,0.08733877872106871,0.1484019861369644,0.1457587591079965,0.14177089808684804
0.16897448501137935,0.03153462467455099,0.11982644380226885,0.1113272162068279,0.1700095045802906,0.1330648016875284,0.10707359986770808,0.08083179367993065,0.07735753048951527
0.08117287608186362,0.06976098429004074,0.17849415929270265,0.11047118011353019,0.15083310672729366,0.09756250079399052,0.12101676848534787,0.05593795793423765,0.13475046628099308
0.051256132568501665,0.18766830827176292,0.09513934693942079,0.1050586435053148,0.20675419872548853,0.09573940635948501,0.09494393499972387,0.10278637183525946,0.060653656795042976
0.12163471309561884,0.0806876481181955,0.19518684138086448,0.1305962931224537,0.07649749123027753,0.13874605774827348,0.12648886506632098,0.08192417486067571,0.04823791537731977
0.08773510350630193,0.1381004080418181,0.10911175562123983,0.1161617347329193,0.11015186948801196,0.09550764093481001,0.18451738961854378,0.07830291197824228,0.08041118607811286
0.16551239677070143,0.11762059798081943,0.10015598441128822,0.13124291940177316,0.1390412981036437,0.09994638262690668,0.09705912634737467,0.11230773415206495,0.03711356020542781
0.11143536125049412,0.05342353876735826,0.09062617836373581,0.11438772158245891,0.09922163748254637,0.13065071818574256,0.17092740417883434,0.08582154163170808,0.14350589855712156
0.11495090744928747,0.1423465396120489,0.08447772656904297,0.10073700373072841,0.17304043071885852,0.10578803872301495,0.0988326728075322,0.11112781239397206,0.06869886799551451
0.078182988565883,0.07468450746471653,0.18076672764325594,0.11766843923272045,0.06963122021501356,0.14920433467424019,0.11706729885308476,0.1444694754375833,0.0683250079135023
0.055885558158301374,0.09099935627684112,0.10690232591571679,0.12283473103994876,0.18327632959532666,0.12665547677214084,0.11719980062021196,0.08274125498927122,0.11350516663224136
0.07296706309066003,0.23487773228885178,0.07170486799542214,0.07416294938218314,0.0723264359589801,0.07885677363971673,0.09148619907939047,0.19993909550748834,0.10367888305730717
0.18199159476935003,0.04289040117169309,0.1951604862386592,0.11354144541133815,0.07680124664078047,0.10802211256008208,0.1131914922373377,0.12034415970019201,0.04805706127056742
0.11939511957255126,0.0365361843591624,0.11405365070577296,0.17171089459999533,0.0520853799857039,0.09982745671412979,0.1177873072842252,0.14419530566362213,0.14440870111483692
0.2764293567123189,0.035311967594566326,0.10526369479563606,0.11142237598996912,0.08476594876196285,0.15052481652538705,0.07807329581835434,0.0761152095421616,0.08209333425964366
0.231268905016779,0.013501145509110935,0.09487698771127479,0.09321772120046327,0.18834891169459392,0.1267561635550282,0.08013423935406534,0.10957068268407881,0.062325243274605695
0.05728152407757422,0.14449414400336544,0.09939223108065859,0.12736270108510794,0.11516030506444204,0.11396485820374615,0.17132193186742195,0.1296235283797497,0.04139877623793398
0.13022410925330286,0.032247414242017755,0.17385248926122754,0.12882065870699408,0.14266679173256383,0.13052404442072132,0.10921765115188202,0.06564416416663545,0.08680267706465505
0.04394149430983566,0.12125381706082435,0.10455855064553421,0.11419913307484757,0.10504521231056702,0.10579792463018996,0.09406688225530291,0.1459042049420225,0.16523278077087586
0.07740981987153733,0.14595725887309133,0.14601768000073778,0.13480193914554903,0.06238498588946801,0.11964727257767051,0.10709508184886579,0.14490031529150801,0.061785646501572276
0.1395990065357777,0.04158281721762742,0.12496612229278466,0.09157872139577646,0.055098976943199644,0.09169144305381803,0.0914599615087306,0.06642640374276036,0.2975965473095252
0.0900316873670552,0.1212106662152574,0.13084432118541078,0.10583421871915301,0.12800401363151961,0.11574791240770181,0.16741729041329542,0.07090623685981061,0.07000365320079611
0.20095601959448953,0.06053639740182421,0.08505879246790321,0.1241819243700691,0.09425282354965253,0.13411713654104948,0.11395728010840084,0.11448971026090445,0.07244991570570668
0.2053381955597484,0.03954131194401036,0.12462506531055018,0.10275369817208123,0.11419357045899375,0.09614034650052646,0.13441463950240187,0.10773856833366209,0.07525460421802567
0.3213410500466725,0.06620196675118,0.0743400504103471,0.09897614144753274,0.049315237364177505,0.09540062194186943,0.08738194465678917,0.10537800352804277,0.10166498385338878
0.10639217497490527,0.10997305393859957,0.17468222691862875,0.10887996265309403,0.05851908704699857,0.10244461955608596,0.1550806948292116,0.08492984469499003,0.0990983353874862
0.07910215714944055,0.15925817269289913,0.12305577114771075,0.1155779417212792,0.07958210017701307,0.1245081044504245,0.14070760183086115,0.11154966913075738,0.06665848169961425
0.12391618314931448,0.044383604051917463,0.1177017308141219,0.1556440100978559,0.09090002885324595,0.11796788264160825,0.11243888655230104,0.11653131871838424,0.12051635512125082
0.17144970795011746,0.0447760145202357,0.1574826766181228,0.1622808861503531,0.07209013286448263,0.13676491964293033,0.09013587063843713,0.09262135993051394,0.07239843168480697
0.05815439356257352,0.194387047796701,0.1575941223552868,0.11714340770505155,0.11112066952572552,0.11427438172966066,0.08744610021648636,0.10326171756363607,0.05661815954487859
0.06924314101882613,0.18312561414152184,0.1433183738435357,0.11879585155998036,0.07307092582421931,0.12061568599376245,0.09481974736455968,0.1349267111968642,0.06208394905673032
0.09838824411783896,0.18843635515477433,0.13968635493693535,0.1268000069936185,0.056914180746253755,0.1189872462071866,0.08207381019575129,0.1297078668759559,0.05900593477168516
0.0815083889278637,0.0679004557502793,0.18756763460386952,0.11281112281590633,0.09001002220610103,0.10549902359388515,0.10934285062962808,0.09821078739960454,0.14714971407286234
0.1151160198795834,0.07602231897171592,0.07793097987113703,0.11944336841323898,0.13280174622570626,0.10419780642965941,0.14135687203587555,0.08087981783641197,0.15225107033667148
0.19440725610840456,0.11393087530836916,0.11410478666484329,0.11769876877569256,0.0967450361210907,0.1322074081682201,0.12100712472138557,0.05643004867668299,0.053468695455310966
0.04178233215323759,0.07861561313960279,0.09341798412605236,0.0925128653877851,0.13875681092969308,0.10285160595379887,0.1660447132960459,0.11495231855312073,0.17106575646066358
0.07565830211350046,0.08303760612745578,0.17301475788181161,0.10195112614248918,0.16430779033123993,0.1270204829220318,0.10858835085913836,0.057430987153248604,0.10899059646908427
0.09036092583372406,0.12380533570598533,0.10351566532285761,0.09619962774396418,0.047173281612232325,0.09299845021638481,0.08814591845447922,0.2431566807154466,0.11464411439492593
0.060108823410935715,0.2094164618236022,0.0908884129553688,0.09328959834684113,0.09555930379284082,0.1232987309451754,0.1152424449728053,0.11585102138205881,0.09634520237037185
0.12900330701532817,0.03583840681313664,0.1791529942265598,0.11838709321402689,0.08254485505834944,0.10055772942703413,0.10686736500691947,0.18079453008294447,0.06685371915570103
0.10545512236192733,0.09662122997540819,0.10035258308864618,0.17414879774659356,0.1154236916055653,0.15411223900081725,0.11011473031359538,0.11641581372881012,0.027355792178636665
0.11939511957255126,0.0365361843591624,0.11405365070577296,0.17171089459999533,0.0520853799857039,0.09982745671412979,0.1177873072842252,0.14419530566362213,0.14440870111483692
