0.021393044368846686,0.22027517864977866,0.06016771599018126,0.28834571871227493,0.16622464417523236,0.04804355519404902,0.10288579753665471,0.07207550251146762,0.020588842861514762
0.01961493223589322,0.08316286527791865,0.3144955857196156,0.00800636525799875,0.3129923847336878,0.09877165996863428,0.08515025399795144,0.037635828650576554,0.040170124157723766
0.08559413703861957,0.13581082426699928,0.08678037051176735,0.07452429570963136,0.08819912786897792,0.1053660498075306,0.12834046173271618,0.23482913012966403,0.0605556029340937
0.06382615411052801,0.12733647130889292,0.18199357717112585,0.035679203136451655,0.25632469293835897,0.08140132686986197,0.08640291174689323,0.04593418650259395,0.12110147621529349
0.0061295239023620995,0.04493656483151273,0.10060113056248148,0.00533978639151974,0.22936351039855607,0.06726379031618679,0.06207627822889077,0.014021817620732473,0.470267597747758
0.02753653806689472,0.07946103829058858,0.2861799758797713,0.02432183036476498,0.29401845457781817,0.11671743402057895,0.11955523500746273,0.031458700728421114,0.02075079306369948
0.06461107673899757,0.1881223393698728,0.05474166132761867,0.48325216166310564,0.1171292660752072,0.017443602899302135,0.04259406642616382,0.028792490014315844,0.003313335485416231
0.08978327650662847,0.05230352056253353,0.3157166902708481,0.0341039656971103,0.29080574999841063,0.10545961973948614,0.08779388708939721,0.016283953563791306,0.007749336571794219
0.0402118656043252,0.035080359252454806,0.11788216663491548,0.05430217301321955,0.04055939053395494,0.2598441452469611,0.13184025675220898,0.15654595871259772,0.1637336842493623
0.04164448003152147,0.10594165786375842,0.09063353163223405,0.12893284250995396,0.336347851996579,0.09191502445398193,0.10917448449808483,0.0516326520083018,0.04377747500558441
0.12330933808928964,0.1724392301048123,0.16351956889867034,0.085733921974618,0.09147948566629145,0.14508535222699082,0.10371196070000921,0.054753248529470534,0.05996789380984761
0.05244056232947374,0.0841723492011746,0.27611387078505295,0.030646124445635647,0.24482012559194444,0.16690819379915442,0.09958148314939087,0.029357606348150284,0.01595968435002296
0.12147492987391052,0.18769760645631894,0.12237885401641817,0.14621123499732577,0.11449779199433353,0.13066456548615002,0.129491274048756,0.04002687062140192,0.00755687250538506
0.15339574875528864,0.22180149128336493,0.1376107986634998,0.05948528478263396,0.16975309872072283,0.03103375704881724,0.06927795710485403,0.15410791179346991,0.0035339518473486895
0.04501082339896775,0.20693418018941875,0.22392323521237434,0.035980835530516404,0.08030374822576819,0.07506709758773795,0.12196468820101003,0.08237607251126454,0.12843931914294202
0.5541614372518885,0.04554180109294375,0.05352738617985523,0.04861277874238489,0.02560400725582572,0.050594414118917484,0.06302237884204644,0.01989611983375787,0.13903967668238007
0.06551511294653885,0.08269374654433975,0.09895837662017311,0.04080684252504446,0.2181591205277312,0.242950390817786,0.12898521158780296,0.025198795155567322,0.09673240327501641
0.0729595828239755,0.06241420307680238,0.12174396024312499,0.16659825193112557,0.06643075898643112,0.12971961819481845,0.10510541255486693,0.23217844559121306,0.04284976659764206
0.028588042957835774,0.22868746653475439,0.0801475591254225,0.06863467605602344,0.0658833258359599,0.22510148445662068,0.14199797501030023,0.12170414729950248,0.03925532272358063
0.029947172022296378,0.19982052676592402,0.13492885329533952,0.03991966842039805,0.07659434996348842,0.20663220472628416,0.0983554714027622,0.1684311910460831,0.0453705623574241
0.014751857573457325,0.10645206723031264,0.16846845028719248,0.026268737902090722,0.0928531594242279,0.12008133224667224,0.0794435505232542,0.08313274404778391,0.30854810076500866
0.019364084379749243,0.10026898682408181,0.20082735504703328,0.0034390600228918107,0.24562933859706768,0.12459753969973265,0.11692242119687017,0.021147996452200998,0.16780321778037235
0.04267322662482331,0.08094399384521261,0.1141492999051427,0.004425753011847907,0.15562558199020032,0.25274143904963314,0.12107841838773936,0.16153805207580296,0.06682423510959763
0.0209554909302047,0.048179699857380666,0.39245001968837084,0.029995540726053992,0.17959368332727324,0.12272286238866863,0.08188298486894481,0.02002570348030812,0.10419401473279495
0.030720623410440764,0.17234483185102914,0.2237369791300311,0.019593327753039076,0.18226642172804797,0.059157674503108326,0.14562137592788352,0.08683045974139979,0.07972830595502035
0.013965348970649298,0.11083358753327432,0.09998546947505284,0.03656260046501811,0.23741977576152895,0.10530160183065536,0.17792348348836287,0.15033878663254877,0.06766934584290947
0.028750906761227126,0.05523466650718992,0.11867557452347044,0.0484957553036393,0.32450037383799046,0.15719772584531966,0.0954980218861237,0.03095150583590314,0.14069546949913636
0.03653747678845338,0.05075180735396815,0.20176498594202316,0.056434081326850044,0.25479419939242315,0.16419252558884376,0.11509512849968884,0.09624613955846063,0.024183655549288908
0.04324109828044556,0.13176308792887242,0.06409194958156052,0.007835582892754956,0.22360346024553404,0.139745531164049,0.11693987194592376,0.08139994861353243,0.19137946934732727
0.12953838856084435,0.07369772912536968,0.17485846045338352,0.03379301488698969,0.30453079302446745,0.0804986495580932,0.10722143953559099,0.042648534525931446,0.05321299032932957
0.025403407595196447,0.1021627492705068,0.32388443716525156,0.045058005274968005,0.35556497606919707,0.032491246162922316,0.07618936228335672,0.02971353456504086,0.00953228161356019
0.017593451902886192,0.13967121710221075,0.32618749088788307,0.0052608215247065375,0.17737306936786998,0.059127538129956386,0.08193311518310974,0.019661191919107524,0.17319210398226992
0.032795253432314674,0.09122186590869567,0.08994370721839284,0.011977492142782473,0.1792344445191891,0.15706654541607004,0.11201238464947977,0.10928161861627443,0.21646668809680103
0.005694692630493892,0.2581894331960863,0.06587995184223065,0.14747238448775513,0.19342703579253992,0.06531443482611334,0.11294664497029801,0.14069909100389033,0.010376331250592435
0.021251894167140347,0.05750361881599094,0.11824884508198576,0.04706835196281658,0.29340755167293725,0.07304920393403458,0.15102656411792845,0.01490679833362145,0.2235371719135446
0.0775094124501584,0.1059938356348293,0.07938851405453583,0.02463014701871803,0.08749108775424731,0.19030053603978314,0.1344342748424958,0.07673100011738924,0.22352119208784293
0.040556277940792036,0.09708367124203747,0.27414628714657757,0.02980264013463108,0.04924568611056065,0.15982351648765858,0.09809435843735918,0.09402953061134933,0.15721803188903408
0.03021552933484456,0.05553624451445612,0.08399973514664501,0.1877903799647004,0.30708654779908284,0.09717791346010589,0.10210693528748062,0.03349565195797208,0.1025910625347125
0.09338425622949847,0.07681734680818825,0.2061879760752665,0.04745863600840624,0.2425694374946271,0.14801460101885386,0.10292216503420255,0.01425504527593243,0.06839053605502456
0.036657959783717366,0.18064188234324963,0.10632093605362265,0.03052905982503706,0.2242136221771774,0.08642304009252616,0.09915232875390007,0.05034704989571373,0.185714121075056
0.017410663189852505,0.02470488379403407,0.103548110287265,0.05903522994271001,0.2115924847845058,0.13121622851941714,0.12292739534474538,0.27994351938890133,0.04962148474856879
0.019108368908812314,0.07567107066270785,0.13549197964347826,0.004469706151697239,0.29683900259898205,0.18511513427431972,0.07557723917547589,0.11954679957452563,0.08818069901000103
0.042050858402187564,0.05824814434630041,0.25141521998893596,0.17961847913533432,0.23994977729420763,0.02733544489340071,0.10890920529543197,0.05426919382912359,0.038203676815077865
0.20073271948796198,0.0967352024498606,0.18278582636025986,0.046593439995017694,0.25052590531199154,0.05055935061639003,0.07685612340673525,0.07492018063375601,0.020291251738027146
0.023009118875060876,0.08152355181010998,0.21329210577222954,0.04482648745106085,0.25529335616659415,0.10181055921752108,0.11960663324542074,0.13541725609955949,0.025220931362443355
0.03911443960221575,0.060935756296954156,0.14131426472829692,0.013501230302011925,0.4973986737502832,0.07011196432468282,0.0919820792672195,0.04381793639273187,0.04182365533560381
0.08687709875678257,0.04249615139665865,0.13913230598930343,0.12799094919199064,0.1808774198195641,0.06888613113930837,0.156505691699477,0.16927590991182748,0.02795834209508782
0.02949018810102558,0.15852611114141854,0.1746529482621323,0.025326802860697956,0.14300369764685408,0.07148987177509047,0.1686037197632797,0.21661522536027933,0.012291435089222041
0.08304221966987962,0.09696146188053184,0.12237263013204218,0.17341520032711188,0.27742996276910087,0.05173483726027014,0.09210204106214433,0.04866430912403527,0.054277337774883826
0.11144997719594563,0.12151517862169087,0.09690308344901373,0.18187557792784362,0.19019414547310784,0.11139392896165157,0.09116849955004945,0.06524513294138277,0.030254475879314537
0.0121691322047647,0.031050853865542506,0.3671105036810276,0.014370891881895354,0.33661934118005377,0.04345330101211093,0.10289763181647071,0.055664272695083526,0.03666407166305092
0.038069413633087516,0.06130482731102146,0.23421723560209295,0.028437485345009752,0.11264760663693947,0.25877135364328396,0.1095652943280425,0.03467643569985404,0.12231034780066834
0.06375986226941112,0.16958743820945557,0.050760549879954764,0.1809358868402342,0.036012987266122086,0.13529484491361063,0.07422646868098193,0.032180430746708545,0.25724153119352106
0.4696702436449518,0.08336327492198332,0.06146453893255723,0.021601897458048525,0.04313561454465451,0.05374380481354724,0.13074203141827723,0.06821416213385688,0.06806443213212326
0.030710424598937483,0.06330697562506742,0.09113472992736503,0.07641089162652782,0.21933855447795317,0.10272125823068523,0.16489780344144755,0.030520664400575454,0.22095869767144083
0.07433323013127133,0.16005561685248068,0.03923564726029295,0.18072106271966862,0.1402429041048179,0.06521672624335792,0.1093423990408965,0.10783291479082135,0.12301949885639274
0.6206109310105793,0.026787028615984376,0.08849372993564819,0.006232664031042274,0.12022537805630105,0.032161573414969453,0.061421367315533354,0.028040078544863272,0.0160272490750788
0.46951138406287435,0.033856584027749,0.10552289171201057,0.038395967742662934,0.10288829961375485,0.038971488092803125,0.08234096971241812,0.0663827186144516,0.06212969642127553
0.02809150293108913,0.06176470876785972,0.23137244091118703,0.019712256795698036,0.4195079213618715,0.04774730464038381,0.060615969228211435,0.1024836290258493,0.028704266337850032
0.11187201140328973,0.38281508518093155,0.06567639330396308,0.015468173349994974,0.03424989694325408,0.07297867929008196,0.09348185520463496,0.1736296081027817,0.049828297221068
0.02326798497826303,0.1496672074673314,0.12104393183248789,0.1236463993629923,0.06684472222106846,0.16301794500371847,0.09934989434530923,0.10971970246173951,0.14344221232708973
0.04073639348190784,0.11966500923679024,0.10583048203734761,0.1390657679696715,0.10407431682209156,0.09851575872744167,0.11189198927566694,0.10235026956434827,0.17787001288473436
0.09176297540105327,0.1221877873921509,0.13606406732225756,0.04788750751308706,0.1216906813922447,0.11248260131713839,0.14241340937018895,0.14807048197961747,0.07744048831226176
0.03037606929637487,0.0928739757749341,0.25590795755868234,0.005328325483517981,0.05277172665585966,0.1138756574169762,0.0820171455915149,0.04828113488061129,0.3185680073415287
0.07473406098551474,0.04876541774606805,0.12345835059964379,0.026984970410183634,0.1944139610551893,0.18947145935993123,0.10197920364217665,0.18108528232917984,0.059107293872112755
0.017171606119780403,0.04796151397987287,0.08824854849009293,0.03757786031517508,0.2780854337328715,0.06716330763300034,0.0915904285463837,0.04850271749328088,0.3236985836895423
0.04140511077201279,0.05284976593484575,0.158056157065425,0.027778803047106327,0.4410325168426048,0.07508185164940445,0.12763245542431756,0.03834868160239103,0.03781465766189231
0.013751633323102967,0.0882826575829449,0.2672092766480763,0.00753956684045545,0.2487905327699571,0.09234166017934468,0.08738842421373257,0.05521689947426709,0.139479348968119
0.01371598395072772,0.12276610061405213,0.20000539785211377,0.10523614020654158,0.27284050093340645,0.11837204475134662,0.08384222038534817,0.05662410895362304,0.026597502352840644
0.519719099876545,0.12842553078899302,0.031958147115862846,0.007844836228255214,0.017253500094337952,0.018306127481989856,0.1023208526662321,0.15294992129513973,0.021221984452644328
0.2515738458847165,0.08031035326121853,0.10042922071217004,0.100033034440475,0.14195510286245458,0.09544449658059577,0.11357431516970025,0.08843638225840551,0.02824324883026377
0.04824045963630428,0.1617027632523047,0.13014033578168036,0.08331909064395582,0.23589867434874182,0.0768729811767442,0.11563147955747838,0.11742593878476122,0.03076827681802921
0.04544444392897534,0.09821571570764669,0.1519082349173107,0.1241383245915703,0.31642749656742325,0.09241721940816039,0.12706632697171158,0.03178803755000744,0.012594200357194357
0.013081908375284557,0.05250116219741872,0.2513841339141451,0.023085645523016864,0.17618232666921077,0.21814976361450777,0.10426465414911856,0.13268866967652923,0.02866173588076855
0.07585102935579906,0.20578099887022994,0.0999736090460424,0.03501630825408081,0.13627586599742855,0.10503652653930101,0.134671275770492,0.15230490010572578,0.05508948606090036
0.01234197691524936,0.024721077246375057,0.21137575184153135,0.11211173442362814,0.375002805154653,0.13239594145686645,0.07049154662766548,0.03734744714810765,0.024211719185923436
0.02867748178833325,0.09177221220388136,0.35391437186005725,0.036152840415821785,0.22848957086332822,0.054067165056558536,0.09986314582236212,0.01973397249552375,0.08732923949413383
0.07132290229663733,0.13511842912446748,0.16386441182145148,0.046082691112256775,0.08324754421205931,0.05779009855610986,0.09055612917175755,0.3174204410736738,0.034597352631586475
0.04344657691731423,0.10104963864391207,0.24475110071841186,0.04464452630860887,0.1689552343430886,0.11013081502007392,0.1038662359797446,0.12589632548958404,0.05725954657926178
0.039431929827281664,0.09181699355068605,0.2619794115634369,0.13154565386365238,0.14620099689846427,0.08470011008107252,0.11438222521979614,0.08686119913282324,0.04308147986278693
0.07765358499753476,0.09650854689410106,0.3179256207963234,0.037705981359235814,0.06907324953921255,0.08990125655331575,0.1349491339543916,0.13374329849122116,0.04253932741466387
0.034534215639960356,0.053100296402071916,0.18554156038610273,0.06646025813977986,0.09136326532308131,0.10694684967979688,0.08954465419632392,0.01770126371859132,0.35480763651429176
0.22810617794158916,0.17871222012033275,0.06246763483252396,0.012880338287916454,0.22544493616329883,0.10270223513857792,0.10378985436797994,0.0647507280864449,0.021145875061336028
0.1791724727032774,0.06218075926122383,0.15683873091261238,0.08944045842821513,0.14228139258648723,0.07364928849607051,0.10363255032615747,0.17361225909383518,0.019192088192120857
0.06416801575881248,0.01936712643449485,0.19030882027226492,0.13412722187852372,0.17726016821229904,0.04481203080245919,0.08973770678663028,0.2583474926414286,0.021871417213086965
0.011333433807158363,0.08950597607747546,0.17405559147002547,0.20884428296543658,0.3741321003626095,0.030385960793298732,0.041773814746638695,0.02228360102391301,0.04768523875344427
0.04269911257267939,0.03954609182669377,0.3558737913620664,0.07347291222291798,0.14506445797830778,0.0972938008059111,0.1418324413492338,0.03208959082536854,0.07212780105682119
0.028314172622783584,0.08708835909782119,0.11334047911464455,0.01964738305761465,0.22779265762883671,0.08761245386780071,0.09911875858705001,0.2486361353284702,0.0884496006949783
0.025876003552333948,0.04871076249937492,0.16610823316530915,0.020930486097051393,0.0526798703907384,0.20549420306383284,0.13280599910685242,0.09205448284178858,0.25533995928271835
0.03321450338508439,0.08682775639952019,0.24078785607677564,0.021435026322580705,0.3538613747680191,0.060627068699023345,0.08651401663071734,0.050151919699889226,0.06658047801839014
0.055393046923616684,0.22289752930044474,0.09032718251035159,0.4396730112603548,0.0879148852726628,0.014462478624446237,0.03448972028393132,0.0544086803971496,0.00043346542704222543
0.01954864885765574,0.12621779581795797,0.08870798446599715,0.3561111712221044,0.2151560881494369,0.03828431726289746,0.09843667528052284,0.04522994312606129,0.012307375817366238
0.037615699087881656,0.07204304230420068,0.23480130458027024,0.011682905079123257,0.27543238257602437,0.08497812660805996,0.22577451251784583,0.027716229307903167,0.029955797938690822
0.04727914779056214,0.40575486515580383,0.128209601348971,0.03722570801319811,0.05650343822709647,0.03899562040718457,0.0825908291793253,0.12978198626370632,0.07365880361415224
0.04136376715185465,0.09536984622894197,0.20400709354420946,0.018361030188481533,0.25795002924509475,0.120256892122577,0.11535769024204771,0.02357135067004267,0.1237623006067503
0.018885186905288023,0.11816551616133515,0.2388059533140857,0.0298974276745473,0.2653335457870234,0.0921461496471818,0.08932262929561019,0.1003508729209402,0.04709271829398834
0.06993551780957587,0.18460277581720277,0.2536709003758772,0.060661089181063166,0.09752566748006318,0.05645957492716406,0.16835338197557936,0.059476583757570645,0.04931450867590383
0.023723654006147937,0.040310420932493145,0.2843947529435615,0.02425975117266001,0.18135821899865157,0.2343500225362107,0.09312141897173244,0.026337862725382025,0.09214389771316066
0.07562412981175881,0.11672638500782433,0.12374244353274826,0.044653557367367286,0.0904540721400905,0.17940111310826387,0.17022319693449117,0.16094059920056197,0.03823450289689386
0.07484586485220594,0.13540182047844784,0.12207346467528209,0.11930162218014116,0.07375342205725706,0.1324958082914303,0.14687111167664255,0.16236203727485873,0.03289484851373435
0.022046554354519573,0.12232788925013265,0.05899916902255162,0.3078600611291567,0.2537457472620104,0.035288944828113816,0.08253361739445114,0.050267432377026404,0.06693058438203774
0.03456126571347628,0.08643463323490096,0.1297437223031697,0.039464465297119784,0.3209152066544278,0.06473786858593465,0.11894066120506352,0.17709469221198493,0.028107484793922343
0.06238485354592089,0.09559301789285087,0.16797742054277143,0.023355777710250002,0.2956296844877974,0.1321281855857365,0.10326679255024507,0.09513078455141659,0.024533483133011274
0.023085816710445278,0.020559934065655105,0.1999248779079409,0.01777246214583594,0.13809443516621595,0.10316251396250446,0.18731156266635307,0.08821554869155451,0.22187284868349477
0.02547535926440909,0.024962897811378976,0.10053804405714502,0.24224219634513464,0.3052649922449141,0.03659173510288873,0.0666038282699384,0.18947744433772928,0.008843502566461702
0.044261204291291684,0.04760766208610786,0.1993360860792823,0.014502310449935225,0.14575874199816133,0.13389558644658875,0.08681647375007147,0.02540686739418356,0.30241506750437785
0.14381344525598594,0.11592990767538626,0.2623341078223795,0.04944711236723328,0.1812193350786965,0.05887335868481829,0.12206346537917234,0.02641954597657484,0.03989972175975304
0.01932624462767817,0.05458339179410419,0.16420142486693445,0.025464350896488675,0.3744561655433074,0.08498681738950402,0.12536767366845025,0.11132316096107712,0.04029077025245576
0.03665130063450676,0.1124217224846782,0.06307137838609422,0.061244778179958076,0.20506792576301555,0.038172487779791583,0.10598618209956973,0.24379297213229245,0.13359125254009346
0.03582602004167567,0.11447375697512822,0.1078848597281555,0.10606965568427255,0.047371223696920504,0.12219610577773767,0.09446909995994052,0.08125808668365672,0.2904511914525126
0.10603693562218787,0.07548299140824259,0.0717233290248802,0.4284714395777922,0.04270461275126384,0.08179315346474723,0.08030612528041121,0.0623414771646075,0.05113993570586736
0.048214881387697715,0.07131638297958014,0.3377749309584633,0.22699167446642543,0.03538907067983296,0.14081097323748668,0.08199006355558579,0.029522975655136896,0.027989047079791076
0.016741094978958027,0.07462516916423705,0.15254912286088226,0.005539612278957322,0.29941335302517363,0.10501311262769904,0.10976028763133773,0.11730879196728417,0.11904945546547081
0.1153631855199304,0.24539451644247823,0.1117248558456491,0.07398775098492817,0.2278656423114456,0.08780573783196018,0.09424286406079517,0.026663685095700468,0.016951761907112704
0.032763810550664844,0.4315310310805971,0.22770929567525777,0.08935230970699846,0.050543601322484887,0.04221381694856586,0.09051078452751549,0.007048016296486943,0.028327333891428674
0.06687559032009127,0.06468606209285593,0.1482596069553129,0.06306626325060462,0.08116191453631279,0.23240121164056937,0.142193957918268,0.043364415527481416,0.15799097775850376
0.016023297335739997,0.06715059694834576,0.23114222565402856,0.018455601917682456,0.37950529722411463,0.06863643329736173,0.07159635685600312,0.1345547755447126,0.012935415222011117
0.010869051938617452,0.08203419929277188,0.22258268624793773,0.0704220710097009,0.42933528637348933,0.029798909830269588,0.05252085177062871,0.028971914832958873,0.07346502870362559
0.01373119707516133,0.08575744031327781,0.3090468451523716,0.005281834987866048,0.3017598235014118,0.07115301912295185,0.06460254631398117,0.14424314704386193,0.004424146489116523
0.04380907681032942,0.06615303917000707,0.19629257759255883,0.011375166775699568,0.4416021749297383,0.0851283465858021,0.07686009083624412,0.05321861352729761,0.025560913772322877
0.016395597129541587,0.03889401612074672,0.20071258745054996,0.025983505832964836,0.11738669135476824,0.0668059285687019,0.11198558561244339,0.08152036254349053,0.3403157253867928
0.007886001851435731,0.14796427869609388,0.053305097548514584,0.43282553850478167,0.22774513347352796,0.01592948249181666,0.05100476479468321,0.061832441884769745,0.0015072607543765656
0.033801923797839147,0.21040079926176034,0.15298034912253008,0.037579787941446646,0.2526776583130697,0.039308950884391736,0.10979074451505762,0.09790239911598521,0.06555738704791943
0.01621777592371312,0.03130440994996971,0.4292838202409431,0.15585360187828132,0.09806631282011231,0.0935096075197087,0.07691079578805841,0.03560445019025277,0.06324922568896052
0.05327448709710076,0.07865814094067027,0.3116735265627919,0.04846123004170912,0.25222355957627257,0.1014175985212628,0.08990416334602434,0.04492599377755593,0.019461300136612392
0.10533798063357262,0.05259188424914074,0.09436883836911836,0.1305331176412762,0.10727121019906471,0.1601543773147889,0.09442916262518634,0.15229770522626299,0.10301572374158914
0.03291031128604683,0.027145060823046626,0.18746198463114447,0.03509872411177516,0.483466518049426,0.09104237388364407,0.07510129924389043,0.03516371703168145,0.03261001093934484
0.05884078110456892,0.14188988083927742,0.1095050463379338,0.03155595512604055,0.0372669551634055,0.14342359805761742,0.1788085784426925,0.13217934320177324,0.16652986172669063
0.011782159266673085,0.06323817141109987,0.27465471779713213,0.036000366465453314,0.4179222955577931,0.04750881637250093,0.08667239788167573,0.0272887401227513,0.0349323351249206
0.02022074920565628,0.08105559296994432,0.20756415899821157,0.025028390844239693,0.28523331728387036,0.1697503858888568,0.11957336367605213,0.011957993856383195,0.07961604727678569
0.016787811618426064,0.029972732685085282,0.11222450958494941,0.009250683060098632,0.1714181548168416,0.07721993100345284,0.13564215892433343,0.11456958966858306,0.33291442863822956
0.10428123444794062,0.239717078013273,0.1412559360013561,0.011194072165861659,0.10942949977914597,0.07368875271042778,0.07920661146637172,0.07519349557224352,0.16603331984337966
0.029876324555404784,0.14680533530018255,0.08586388030358982,0.3912380901332595,0.057046186987320315,0.09503992258481193,0.09257394454357636,0.0813457536449179,0.02021056194693677
0.04073990842284814,0.08043938806582462,0.3091202683408887,0.03154335827188489,0.1699568634883594,0.11805238718619633,0.116281114200588,0.031112390443049382,0.1027543215803605
0.05931043157549933,0.054665973582076484,0.2135950554446774,0.07411994608971,0.19179995038118527,0.09805918273366483,0.11185821354177139,0.0627993648146056,0.13379188183680968
0.09249814812455863,0.186791165759803,0.055003529515424386,0.04376030239957606,0.09051379410443448,0.23331093119062607,0.11382140181700201,0.13302687066855676,0.05127385642001856
0.07823803238384706,0.16851048978141145,0.1547071150455069,0.14427632011229782,0.05627480534300247,0.09986730332891601,0.1585410973113179,0.10294581752207299,0.036639019171627436
0.005045005148074056,0.015776007817037276,0.13508084607823004,0.016532142866229553,0.1895989075268978,0.2252642277665864,0.17471621960419662,0.2247184825647248,0.01326816062802358
0.1536906907024129,0.09341643866830229,0.1577778854074173,0.013140817118822012,0.2013461711149317,0.041374625587421936,0.10046222744654758,0.20789017717930983,0.0309009667748345
0.02227084907709211,0.0994260941361475,0.16296521426198848,0.013362102564493434,0.38107002865042633,0.1357909689285519,0.09217033454588273,0.06579231251699987,0.02715209531841761
0.07261419428192978,0.044387907111318146,0.2537770281937109,0.06148036572025798,0.11268281886116409,0.15995115481718672,0.08608999353042013,0.16304281391375883,0.04597372357025347
0.04313175501637314,0.09915953026419055,0.336087991028218,0.039995373014547184,0.20220435622830815,0.06616974498265278,0.12081119320055428,0.07382507322788923,0.01861498303726665
0.01645097437225589,0.23077203808063884,0.2270929276950093,0.001338041223751449,0.3151497035134918,0.034323941575526505,0.12236054643863627,0.008639915056331167,0.04387191204435876
0.012874675275489966,0.06149387635161277,0.20499818091195746,0.19895494166463215,0.18152790393613413,0.04342103653146756,0.1006003887723211,0.19138816350566992,0.004740833050714938
0.020264112601280127,0.07686614078726602,0.1858218627803299,0.019200532058019096,0.09859106451764098,0.22881845088841038,0.11857608386182339,0.047439733281546,0.20442201922368408
0.05885227034642906,0.1257164487465147,0.1582422911085544,0.10626046404764182,0.06733319899055777,0.12447826751691442,0.17659281044484243,0.04380150232933358,0.13872274646921187
0.041026469359139735,0.10748338713860284,0.2311147041133804,0.09874503667431733,0.16027757415567012,0.12522510319894498,0.11001381386554183,0.02777993135031182,0.09833398014409095
0.041973907005954096,0.023029082703822132,0.1551518213851923,0.1217125287878792,0.14149549340380094,0.12201346126866058,0.1284179955665132,0.09298971272365801,0.17321599715451966
0.13641641977683425,0.19562705505245273,0.0449140532756467,0.009916193521408682,0.1228023270808175,0.11321020244161178,0.09585701822169418,0.1168426444368262,0.1644140861927079
0.03338105167239487,0.1815069239639285,0.162457383487941,0.023167122789905365,0.06488177200277924,0.11181838461116012,0.09972333438602149,0.10918647639709965,0.21387755068876976
0.01843030272257704,0.05482395579210281,0.23236599391169988,0.08038818768035853,0.3309776731803551,0.07581939215525615,0.06280514329572169,0.06283749463369824,0.08155185662823053
0.07826435497169905,0.15083427959858087,0.05915005045023586,0.13228285512282367,0.20627577849890363,0.05619155973223463,0.13625695365505303,0.05823701902275886,0.1225071489477104
0.013146266542975751,0.04206159300230112,0.3214070282418367,0.3197695928996153,0.16008476228426952,0.036878876410452864,0.07496693673133904,0.023523623113888784,0.008161320773320971
0.018286884372216414,0.08212983756132032,0.3118820960816604,0.09024947242479238,0.19798773990635724,0.12549255525947803,0.09305264904125787,0.060404932080286355,0.020513833272630972
0.16148128919145918,0.23606031404335223,0.11604420044204304,0.043154770545432965,0.20273348615492906,0.06858392816680572,0.08659080371614654,0.07157587276419385,0.013775334975637404
0.0049639753095146654,0.15075700310531429,0.16944125619403727,0.36144737384168774,0.1784111059043941,0.04291411438288151,0.07372638680181526,0.014130130448299555,0.0042086540120557245
0.09301733391904939,0.052257527695276064,0.10538362645641859,0.2268748048040505,0.09888488348605269,0.14504901353941538,0.12213150123068428,0.12713950086681877,0.029261808002234324
0.016270637616440535,0.05248782267325077,0.2591460620580543,0.03053655278925722,0.4052388550313743,0.07625171439708915,0.1052902319158882,0.03362315834847917,0.021154965170166323
0.0692341201025475,0.08341371778848239,0.2350769948175558,0.16918082291000416,0.10962677382832446,0.071666068193441,0.08666404980379061,0.10607659422984318,0.06906085832601094
0.0039479066980115905,0.03162490197598292,0.14296250087177942,0.29929446478238286,0.35082443450936834,0.049401295852958195,0.07784904614425993,0.025916231784351384,0.018179217380905294
0.010911331242577945,0.08712548225143947,0.21645306344350043,0.07787776038814193,0.42185426276764054,0.03470471175358508,0.047683986285629476,0.011774461859699445,0.09161494000778571
0.1662659314023106,0.3230721211223008,0.11821864390055399,0.07879430724874568,0.09538025541767185,0.05825643029986579,0.11443128927110678,0.01758762142306817,0.027993399914376327
0.03465785716680666,0.08398504312804574,0.06775515136140253,0.09679168222170254,0.05444243060313316,0.22231370146448493,0.10630220674119532,0.047231454873505496,0.2865204724397237
0.011097822294610598,0.16448924816516777,0.11412290569061423,0.18799127712636357,0.14658847705191055,0.06213891309323142,0.13564482304437006,0.1705078262901977,0.007418707243534109
0.30397998507880913,0.03297449380479989,0.09750995505581868,0.179168630168151,0.11142066964331099,0.039450279712678435,0.07917151980612876,0.12158946204988631,0.03473500468041687
0.03784995588229609,0.14515896720074584,0.11462268036385304,0.018558870235082684,0.3602162549729742,0.08203295999674252,0.09134409386969294,0.0880567967225579,0.062159420756054844
0.13200169916527377,0.17233754501491738,0.08855700832457315,0.035480170844526954,0.08257912734786722,0.12990003853416704,0.11897052183110272,0.14161866795628267,0.09855522098128906
0.01137246910818593,0.022228235199262657,0.1350359998669579,0.04969128988835886,0.47588074949193054,0.07962216295573234,0.16572422270881385,0.048406147375022586,0.012038723405735342
0.028622831283595458,0.032958825737867604,0.2515681391976961,0.01858463462014825,0.3790979161634335,0.0781916104980086,0.09350823771897887,0.030425794270276318,0.08704201050999523
0.05341284528295435,0.0557214200835679,0.2592488957890651,0.06526235481791876,0.14092972078005253,0.11105790602953518,0.11629543331698293,0.06522156210482408,0.13284986179509914
