0.0916925951423415,0.09756377656355081,0.04148672242958284,0.3318690610770351,0.058882443828459696,0.11794149573682454,0.03992708643723589,0.14438831991547946,0.07624849886949023
0.09521288742338276,0.1869001413440813,0.03433358056842581,0.08594633626325822,0.09853919586659415,0.06624883993951415,0.020465319250620697,0.27799065334588535,0.1343630459982376
0.08188295254737077,0.22859762097113193,0.030320676722356416,0.08172991589902957,0.08365614567717465,0.07742930395397615,0.07824736488747706,0.18427207985682625,0.15386393948465718
0.1032707104298669,0.07481021520847231,0.05872928972830547,0.253133365442986,0.09251149936839002,0.1414946506939004,0.0776621325923652,0.08674260683643004,0.11164552969928365
0.0525210016510625,0.49223833312181026,0.08752479149182472,0.007971564206848867,0.11417635490574064,0.12625431989933955,0.006594558379397098,0.01630049836752686,0.09641857797644952
0.1462472265177043,0.055275814162615046,0.11271900435809933,0.050723620457060026,0.060315938809705226,0.10557544201351128,0.030226668052835318,0.3011498386448836,0.13776644698358584
0.11794433572171102,0.05193347297838918,0.03520375876302412,0.07796919698899635,0.1262258477171758,0.07716375522279534,0.06888052857535751,0.3409371287964895,0.10374197523606128
0.046999891013285576,0.034950978877236756,0.4576015843633299,0.0573049017698665,0.022066588702604927,0.03486295680431433,0.22965603658519343,0.018687319196056998,0.09786974268811155
0.1284611904179858,0.056773793846504696,0.1148467324571096,0.28285442146473544,0.1422406573570654,0.07678900790709782,0.09044769253277744,0.021648178405298063,0.08593832561142585
0.1288675516100879,0.0596597948200254,0.02328190578526029,0.010190300631622073,0.05922187662050973,0.054810235360269445,0.024905102427658306,0.5439720723204834,0.09509116042408346
0.13697845375115128,0.13475461055157364,0.14731675392322657,0.11315364523007666,0.12659504793724344,0.05309639335876524,0.13319711988863372,0.03635732148825074,0.11855065387107884
0.13275093330969231,0.04124116692551686,0.0310963046628744,0.08817007285337414,0.08856921973951237,0.079671531760293,0.04647258759052442,0.35832617798963834,0.13370200516857417
0.046569347566990514,0.01053710705450369,0.2108451696873145,0.20824098861147122,0.07530133605747939,0.05349364385697827,0.2540013320197265,0.008233874681284866,0.13277720046425098
0.08036183378164621,0.31607735744729654,0.0650763820991657,0.01898666467134098,0.07768648293649606,0.09962812065396999,0.017278549743774633,0.17036442600373233,0.15454018266257752
0.06292786991142958,0.49012856391931275,0.02573409440568668,0.016514485091701402,0.13057446167953268,0.057434715593611636,0.0540873504204164,0.07038903097389032,0.0922094280044186
0.1399230937689002,0.07959593956096861,0.02540768711931814,0.11833187181137257,0.11413801627691707,0.19957301204664743,0.09710801841577706,0.11512570214603614,0.11079665885406277
0.1094658252145334,0.1270396866881053,0.040297361040764694,0.18607332274373775,0.051351202870557666,0.10689792613311945,0.03649114228185312,0.15838246339536288,0.18400106963196572
0.11975295438631638,0.37245323302470384,0.03338616707638039,0.034054471722120644,0.08128896423700593,0.052713911524582636,0.004652469645755397,0.25067525682646524,0.05102257155666956
0.14183592778915105,0.1585558163051059,0.04676740085817729,0.05245422668383165,0.06811765918603903,0.09711861450122232,0.06216667067090426,0.24367663324221098,0.1293070507633575
0.06873077716017931,0.07119953089063365,0.16119618851086717,0.09830380602241151,0.05462690408081738,0.06918515969870202,0.32623400895308324,0.025018558220432193,0.12550506646287354
0.3818784315744394,0.025770632597630922,0.02963642518490329,0.039549971828432166,0.15994669008041,0.11540335015390457,0.03339140273857503,0.14012398782002958,0.07429910802167498
0.07958716739706351,0.2592857794258872,0.08289371777518605,0.05341244529311504,0.10521839045385917,0.13840469506892408,0.17646682475223716,0.015390266332687988,0.08934071350103978
0.19530490184728852,0.05839007387804074,0.07250576899443889,0.07958894892419112,0.055592586708104,0.0724089235731943,0.053623891863277436,0.30130122144308696,0.11128368276837804
0.08840603684741062,0.1545035943350365,0.1363103756081878,0.1030536582120175,0.0597411863353981,0.1337909394199018,0.05116132417366046,0.12801373116204584,0.14501915390634132
0.16117437614294763,0.009932689144774827,0.17141893322973012,0.07860960824303916,0.12438014408568276,0.12116461618663865,0.19813561915156372,0.02813619234143479,0.1070478214741883
0.05227008567959044,0.0944145111473536,0.024817050232164642,0.12229941378901076,0.17031969098989788,0.06735923647222157,0.07634561773883482,0.2177381704087209,0.17443622354220542
0.07124741524695961,0.04696175097783414,0.04434292805954374,0.13685719004209174,0.04739191051614785,0.053945318079420414,0.017986477579664983,0.44475626868913204,0.13651074080920544
0.060245151503953744,0.4287395795966285,0.016956291541553797,0.020004689255117208,0.1429877380605756,0.06878368572856776,0.03951731470419267,0.10404553181601245,0.11872001779339818
0.06728478152949367,0.17391709708105027,0.048616724239392534,0.02047909104123141,0.07328804255667458,0.045599173380627855,0.02260262012091088,0.45041487455708995,0.0977975954935289
0.05923276473660254,0.4131451439485622,0.05902923282785407,0.00909025375809803,0.04026762359869476,0.21021669992917472,0.007038521100129507,0.08126253842435881,0.12071722167652536
0.06548632087280055,0.11569457576510504,0.051541834162225124,0.07959334902177714,0.0887179933217332,0.1874497099244378,0.046860492335294095,0.2312805957256027,0.13337512887102435
0.040884561499505236,0.013638554627310458,0.07513698148334551,0.0271162153321545,0.13305302883258296,0.19366378819611926,0.41230757292998427,0.008524036647763104,0.0956752604512347
0.12044271034926683,0.025961697771293812,0.4060538325106489,0.0910474298688605,0.030880915921676622,0.06510043268976932,0.019364844498892652,0.1439991018186796,0.09714903457091169
0.11169816717823444,0.0659564130038458,0.07829379544824334,0.18015802352947197,0.08005870812884087,0.11499875911705848,0.12331803213776717,0.14453615067655848,0.10098195077997944
0.1141640942951258,0.04589092029547146,0.056826858720628703,0.07699051346502926,0.13966060211611817,0.0900524378995687,0.2593434916318811,0.10305305439892072,0.1140180271772561
0.07884697334105885,0.4886149921522634,0.07440043758905444,0.008195292290121574,0.14576922670640793,0.07201286594857569,0.003703711106869872,0.05837334018595591,0.0700831606796923
0.3081387999005711,0.12742157213111263,0.059779876050833736,0.03527021071843308,0.10893669627939227,0.12021586933169437,0.03303488581281263,0.06202725650851439,0.14517483326663583
0.10354334597181652,0.021192192388866524,0.06330547709868446,0.2883810404592115,0.03751448217174134,0.09800159454663,0.03160514028217321,0.18207224252756204,0.17438448455331446
0.0637636709884143,0.014965923770398298,0.050135495999823025,0.1589217759104309,0.08607572836825954,0.1004491799658741,0.2636772406179195,0.04065048032896438,0.2213605040499159
0.15324290262676485,0.06290672152053572,0.10434786718014684,0.13296045086919744,0.06528403857762928,0.08707965416871861,0.02111825662477639,0.2861628235177594,0.08689728491447146
0.12403608551746625,0.07323915161886228,0.08657628350019077,0.03413522000054142,0.14021484331324172,0.19652019751014096,0.034042810270760886,0.19197749885708246,0.1192579094117132
0.07886632816803964,0.031000334702576612,0.09350711515481792,0.48360234223547477,0.04504667518720789,0.10607385798846337,0.033945840651538585,0.05032242750484331,0.07763507840703791
0.17053988197075431,0.14651683036356575,0.06569989019034048,0.0863076615864586,0.06789860262407116,0.18396834726337108,0.03661305727884912,0.12431062693706223,0.11814510178552723
0.0600101125053529,0.01820351352483737,0.24909995808439844,0.10051089772922349,0.08137722407989124,0.07197122545904101,0.32435568890126154,0.024477024978179968,0.06999435473781399
0.16310133574732044,0.03191955207657842,0.0970476113603267,0.22124955580891767,0.07741743808653852,0.09928485377538294,0.18011326580263268,0.026314993722154914,0.1035513936201476
0.15018904693307863,0.08492918616032198,0.06728604244005705,0.0520487785904901,0.04960836477525556,0.12752841461760814,0.08193022085363981,0.29646602456900584,0.09001392106054283
0.08339827621944061,0.195213950307805,0.04014915838830878,0.04806683874528451,0.18945445985604048,0.09152743331530079,0.08333283271119163,0.05181253474832983,0.2170445157082984
0.05627595235742025,0.4517247293836591,0.04954108078296764,0.011613906475801794,0.3004588349193049,0.02395148221817262,0.005303060515279608,0.026263028350139165,0.07486792499725488
0.17473542341587234,0.11877234416034455,0.031736969596551534,0.11415943859102173,0.14072553252215872,0.1057908669298037,0.050658783057453666,0.17020738104158228,0.09321326068521145
0.1143808963784382,0.2307597242614244,0.024767028599497032,0.032535414886716366,0.12353777993520398,0.0817862189799351,0.012013307491933833,0.3101871088300208,0.07003252063683028
0.03411623351346665,0.012239571714197444,0.10807492119229006,0.17907843859898218,0.1284939733236922,0.12778954794887495,0.23410505390777328,0.005292892861861596,0.1708093669388616
0.10507753253001818,0.11724582114898896,0.1868582201616599,0.06498310596330817,0.06117527696942245,0.08361906795160605,0.08787935953044275,0.10526314705414536,0.18789846869040813
0.1307722767824999,0.15054048935531256,0.06099634571054505,0.09490635777716892,0.09649180372028837,0.12586003577484062,0.07531962415290262,0.10593742742654329,0.1591756392998987
0.06802683538003698,0.031064029390065546,0.05773804364553786,0.08345806084100289,0.1376057932736693,0.10832395289784018,0.30985738474810204,0.023145542450668535,0.18078035737307663
0.3547138338461129,0.03365365927951036,0.04040024034548811,0.09422510786008369,0.08521154872088836,0.0621257063477127,0.048854614088224134,0.16937022615231923,0.11144506335966048
0.02805481604964788,0.028421947600696825,0.5287528836229279,0.02899677177016481,0.04599353866198393,0.05967062722710751,0.16779029320443206,0.02177795595075537,0.09054116591228373
0.18594439332377855,0.010449779667720623,0.11171532961630765,0.13974549609559644,0.10906499029747196,0.09761745137423204,0.21936025703667006,0.039583977030359846,0.08651832555786287
0.13767528923626035,0.4424099761558365,0.026634085631010686,0.05678155260900534,0.06374355506741021,0.04502421099612728,0.019299777493022068,0.12579678916560336,0.08263476364572421
0.09584179468474112,0.05841175611921393,0.06880568814348946,0.16866777192545,0.0756077721274974,0.16158373566615697,0.10536754487917653,0.07052808629867523,0.19518585015559933
0.10486177233792777,0.11362680481463161,0.20918751999070026,0.05941122687845665,0.06711155360876463,0.1293280890033575,0.14633911760677695,0.026081660721914274,0.14405225503747032
0.06367993630477183,0.056925700491491336,0.03568379682080594,0.5347646339013341,0.06278008557745245,0.0630307609775557,0.051734653639431,0.054609026622969924,0.0767914056641877
0.07190951344174844,0.16123317868765577,0.10920287798966188,0.08315205277543428,0.06498534546218492,0.08469240129278814,0.3478057745413448,0.005523484889616266,0.07149537091956547
0.08558310786315233,0.09478315807082739,0.025049185747689776,0.05500292377722018,0.13598072130658842,0.12765394738945912,0.2897292291498094,0.07655244341681096,0.10966528327844242
0.097482322205379,0.05806893689860223,0.02179893896580247,0.20539902161902343,0.16778743295586984,0.1104366963838006,0.20529642267337542,0.013852130121087464,0.11987809817705959
0.0491092221291492,0.07932725193725947,0.03193945607703199,0.37786157532312176,0.11519552044546084,0.05612758028879539,0.048143807896290476,0.11947494680732189,0.12282063909556899
0.1390777115839187,0.22133803349210432,0.043962067129045386,0.11289130482103787,0.08847956415905393,0.1050139571272527,0.08258595560959976,0.03723214301517196,0.16941926306281527
0.07769387020875117,0.058008830818810725,0.5034679791289327,0.10060430366153646,0.08218714401945972,0.03346800435614543,0.024704186205311413,0.06177566394424647,0.05809001765680586
0.060527529653452435,0.008690052907408048,0.12739686041570278,0.08567532536678872,0.10062655771753136,0.07780426733684058,0.45922693609975296,0.005849813617798319,0.0742026568847248
0.14273453121154311,0.13272167826612544,0.09203450589995198,0.06104687928758715,0.050059686176570604,0.1577783963477455,0.026966010769963952,0.2388606617287495,0.0977976503117628
0.059240099048567606,0.19612300693599652,0.08215573198012867,0.03422545358728593,0.10037700636986942,0.18294915290581712,0.010398033481749764,0.22588562964013092,0.108645886050454
0.21380622001563954,0.06676046826946151,0.10017234917868802,0.06781699526058631,0.07529219641497031,0.1752436300011865,0.03785718501411856,0.14218573763205677,0.12086521821329244
0.03317205285214739,0.08793440548349157,0.04589033516474252,0.04238975051807941,0.08688503250324776,0.1182734772316179,0.4381123815429484,0.0022018500549030595,0.14514071464882192
0.1217972610753983,0.05062494180023458,0.14956391669541022,0.11165168816346971,0.09090362214333136,0.08631105048491676,0.06179163277437146,0.23114535434949524,0.09621053251337242
0.10933118126349839,0.058827947768843654,0.0248897852479717,0.05629802587559365,0.05984618611313485,0.049924593634924096,0.021735606203275682,0.5179869954812815,0.10115967841147643
0.08112799057094504,0.0935082585287328,0.11425610877400898,0.3061681214662358,0.06759712973683962,0.09804852238272586,0.044984996186273114,0.02292247414831829,0.1713863982059205
0.1267753219767254,0.08555174481933493,0.046460689468451076,0.038088267583193246,0.05106659796025925,0.08006079956769886,0.044089602710178456,0.4139766574209636,0.11393031849319517
0.06846785800305118,0.22056076989193474,0.10159135028728687,0.15943676093923928,0.06087301410483933,0.10561912902526203,0.026277483818449965,0.19300159766354608,0.0641720362663905
0.06696980952184849,0.18380680189775697,0.026389649316654093,0.058575860592364894,0.08760215620780816,0.21710171525564648,0.05615993035483494,0.13354104858593382,0.16985302826715212
0.0995892295084869,0.5018995581564506,0.024584374583401587,0.013124945908979878,0.22763498369454557,0.03396581851301822,0.004050923589695506,0.012260971525965966,0.08288919451945582
0.15821360827986441,0.05655305498730622,0.06021500058231797,0.1048641230226768,0.11011147242908344,0.12615367259201768,0.11370062459244774,0.14690398672668284,0.12328445678760286
0.0610370847954565,0.19706672834497718,0.08953572921650366,0.044797048359833884,0.10411799385619432,0.13536218358680843,0.04232251159726833,0.17352891941613846,0.1522318008268192
0.08766723068532312,0.04768983953895575,0.12243266697710124,0.049519709011552525,0.07078149930580588,0.1084857020656561,0.05373328694585574,0.36309397392054077,0.09659609154920894
0.20267162878680756,0.08603713933905417,0.048181060366763055,0.05191237858459894,0.06718893707032604,0.12229860663007301,0.027857492309881163,0.2881503153664425,0.1057024415460535
0.12775395177550522,0.12992009576068933,0.04892848130171043,0.029268264295569172,0.06265359870184341,0.11356902770637617,0.3669343429326459,0.014296226798895013,0.10667601072676543
0.09392742145830678,0.03608211739965477,0.06814709604397977,0.08364864355711854,0.09240034352862851,0.06685669933357609,0.3675304624083788,0.05377960258461827,0.13762761368573856
0.10105849416132558,0.07044033794942267,0.12531661805175096,0.19625638141330914,0.14201396640700545,0.07122569899319371,0.11840788071217724,0.043973928716777966,0.13130669359503727
0.05923829164605768,0.010666270147055743,0.08301201566309115,0.043245351998612735,0.1329005978765215,0.07535446334944575,0.41885975609899795,0.01658863659690675,0.16013461662331077
0.14148850864843418,0.1543107258901879,0.03476071915216784,0.15070973073588032,0.0551470505435237,0.060673684263597615,0.012537074594061911,0.31260006991611583,0.07777243625603068
0.05657239773239712,0.26745556057957626,0.08231823467396225,0.12997954976799062,0.0826779150348123,0.18001990278183644,0.019688162939079514,0.10529865062914252,0.07598962586120295
0.04924163779261714,0.017320942805214845,0.04878678134832692,0.20467258501511817,0.1147352374598315,0.2255746486839789,0.20342406626367404,0.04511493946386188,0.09112916116737659
0.09920143441867292,0.10958935832314952,0.06502157330501283,0.07659110087802345,0.09326594907256629,0.14055470462157638,0.1284987291920138,0.0554134574416781,0.23186369274730664
0.03762667662994115,0.014173801678021618,0.02778373313141183,0.423609412175946,0.11928563841384722,0.04448941573091178,0.12027553574008298,0.11925970348029147,0.09349608301954591
0.1953990026319542,0.04948133910293535,0.10287872994173557,0.16645748553949044,0.051722418221120635,0.08954248608292949,0.2119284368417426,0.06470451877242271,0.06788558286566908
0.03246394930402923,0.23292803024600128,0.12374538009521019,0.0777775944678503,0.19779351868232417,0.05284090714752802,0.043745445134155826,0.008251433911980384,0.23045374101092062
0.19691830291034543,0.24687656968636154,0.07415397742089436,0.07012469342753404,0.07800799633482454,0.11650865175219331,0.015410436688741903,0.08604095984206511,0.11595841193703978
0.07260572134463476,0.0777670971357199,0.4155457737664039,0.05993258349357832,0.08587188465235447,0.04250207702845516,0.1389638782376166,0.03167546775378332,0.07513551658745361
0.24702261315646798,0.05799815852944057,0.11027960399857008,0.22639477086920712,0.061876397269615836,0.09601285937587085,0.015186063644358318,0.11097394295945857,0.07425559019701071
0.1237484564863471,0.053415333822396605,0.05865580064562151,0.03988538822490697,0.2325784956306174,0.09164147887023162,0.13625884623857035,0.013268581872127769,0.2505476182091807
0.07534564152514307,0.022918126273068943,0.5070246789575646,0.13949106862380464,0.04896755026670415,0.05241257344552939,0.03954962161243188,0.04096326281023901,0.07332747648551434
0.07426402401752176,0.09055744983367903,0.056381633546638,0.11671875417256296,0.05215676282783277,0.22925444613728674,0.21324999716057935,0.017804692973160067,0.14961223933073928
0.11162821195396,0.05684680307017633,0.02867458340205832,0.14575992968847817,0.16196212347390154,0.07979142750778266,0.2009725795182811,0.06306453968356725,0.15129980170179466
0.16823235059602507,0.3451764221014621,0.053908772541185146,0.07245459411345029,0.06005046190130995,0.07569740974361616,0.014627574718149988,0.08601036282853258,0.12384205145626877
0.16851626764883432,0.060380239139216973,0.060995987611251655,0.1635830967663526,0.049724184702480724,0.12476351523542112,0.06189475667646407,0.1547525217361942,0.1553894304837843
0.08816628298454264,0.010861532599556,0.05733107573870879,0.034930970310816156,0.11735825184550375,0.15984890078692696,0.3111743549216946,0.02465285421315468,0.19567577659909632
0.061696823345556345,0.03183999213344509,0.07212451581891627,0.01663641293402345,0.13418498620077113,0.19466548772291972,0.368423616853059,0.04109932752142168,0.0793288374698874
0.05942263380948304,0.020150578808942946,0.4925895012660561,0.09294262889678466,0.03275956642010054,0.040125284569251775,0.1284245473877453,0.040213322750281257,0.09337193609135434
0.13795056690662919,0.053474999248327805,0.07867612555800187,0.2131445004363323,0.08084938618028527,0.14668659464926367,0.0335361261786433,0.16195388360442922,0.09372781723808737
0.030134268038804448,0.011156133117049388,0.04834349841189301,0.4653741411716476,0.0531848335507715,0.025524003658696153,0.005964401965800076,0.3103430864450345,0.04997563364030331
0.16682339668353732,0.08148354015290728,0.0975045135604287,0.09567357249471346,0.09050637131450695,0.09529865347617221,0.0763715652359465,0.11123686276078597,0.18510152432100155
0.08881335125407541,0.07869305370683548,0.05639207201806922,0.10325477737859785,0.09070875587018905,0.2895436466388837,0.03670991111935999,0.11464235772948476,0.1412420742845045
0.1308402179074329,0.06592257766140458,0.0685863179079058,0.13529764362574,0.07746196926784328,0.07957607320568041,0.12818330923714671,0.18595737010560498,0.12817452108124142
0.17502055313754514,0.11233850830046925,0.08489112197567626,0.13554121596680876,0.069572442060047,0.12800483480555994,0.03292884795927918,0.16348229914739723,0.09822017664721722
0.055689877615470174,0.07226615119606525,0.07169654745956221,0.27770729723746496,0.09781206908569628,0.06940982297033992,0.010235159734735773,0.2656606641894649,0.07952241051120058
0.06893172162343227,0.09068714250789144,0.20581795338917286,0.1491403100788331,0.06415715287079916,0.07601370361190628,0.2436668457203082,0.011465436040242277,0.09011973415741441
0.06641108779197717,0.050553624223849576,0.5065171502289396,0.09593320031278652,0.029404736421464007,0.04352030180127442,0.032346530947478004,0.04187503314635579,0.1334383351258749
0.09926456572081166,0.11638155413404268,0.10942826392137689,0.15717261374598918,0.035057957174656776,0.050022699002520786,0.044478038669089316,0.3080391127566457,0.08015519487486696
0.18791242556888044,0.026291191223544935,0.08927685776768478,0.13392234107673437,0.09210221490760832,0.1500600289125191,0.10424083870764601,0.07393923155490888,0.14225487028047312
0.23253028437479797,0.18313668518902063,0.04968395323140042,0.04425711468681872,0.14884505878614843,0.09708072287525306,0.025454705832073068,0.12778956911920292,0.09122190590528477
0.07145212405723356,0.09066295026138872,0.028370590680199138,0.038662313752677695,0.11534881496142084,0.29127539051851276,0.17370778407418996,0.05064017832197562,0.1398798533724017
0.07346960054224559,0.04282020547088666,0.03217719857723695,0.34777638919383663,0.06679363851904942,0.10622894237280907,0.0186773358559407,0.21549370158480516,0.09656298788318977
0.11929927319353358,0.21494060298011497,0.13427851853677272,0.06860557292855532,0.14518715676332716,0.06122382406359444,0.027258194645468036,0.13080180567572142,0.09840505121291239
0.0978142056139427,0.1960385713622669,0.047363701448780604,0.12303229619305116,0.05565866285675545,0.058202171010718014,0.28654947221270843,0.049720329626506354,0.08562058967527036
0.08948418840353815,0.07137967423579948,0.4417700099900934,0.0733258068732372,0.0931246244752993,0.054512070425409336,0.00917680488971183,0.09031817491123302,0.07690864579567835
0.04889577766610567,0.005676813299646506,0.06903589001136848,0.3024565361079656,0.09676057825043159,0.03457246709152955,0.007166598023318573,0.3901888909663682,0.04524644858326582
0.15763371444848676,0.030903030163432762,0.13030328055491217,0.08202410357018984,0.1549904095445087,0.10516691083307245,0.14834501518783688,0.033857272400449986,0.15677626329711045
0.09311154593255837,0.030138890794290465,0.04559229627706233,0.16439109676473307,0.06357548011386505,0.05239784854587723,0.3213670310449368,0.005646058170636187,0.22377975235604045
0.0745193705457172,0.05814044737443675,0.04249134467016243,0.14978318386390818,0.133464814419867,0.13852039351078807,0.23231441725548743,0.08608855945300957,0.08467746890662341
0.16868031577175654,0.18948391197360803,0.09448551414579269,0.06932014598632372,0.1144918435559839,0.11705572396418117,0.018124256653351056,0.07150365505834333,0.15685463289065954
0.23421696147930204,0.09037378463511521,0.06684153534231416,0.05177394494375031,0.12741866656404752,0.10109935292749855,0.10066867993802693,0.1256881320440677,0.10191894212587758
0.14563693249262208,0.027220907637625313,0.0440916263372163,0.08566193696248657,0.22972577490843923,0.06972157391362631,0.17019011275734486,0.07699203221470641,0.1507591027759329
0.1623582529457582,0.020188288293146225,0.043284220355610574,0.1502764661900158,0.0399088048540327,0.20358640845326467,0.1880776958882094,0.06286667619886646,0.12945318682109608
0.09427260579946371,0.09102130098616461,0.04696830839387537,0.11934145102907849,0.1920350565053354,0.07165200999438733,0.09576646092258857,0.04078582892408333,0.24815697744502319
0.27172756290215744,0.09998836042457249,0.09180704713374094,0.10002212308981832,0.09855502496102948,0.12429689470394234,0.03626389844022625,0.07327164436675809,0.10406744397775462
0.12997213958587972,0.035785926873230144,0.3063986260807063,0.07344672696804465,0.03997551396988334,0.11876838249069009,0.05199883278454625,0.0951841782162152,0.1484696730308044
0.10847285643953397,0.03655035606064646,0.03471333862905979,0.02563375162899222,0.07214750384983216,0.34964476044647785,0.08707495513658446,0.16374743601652,0.12201504179235308
0.11655082653073993,0.05454497777151245,0.49450131232524336,0.12479330322143933,0.030161059939475505,0.053834961893272394,0.018398255337036592,0.03330603994582663,0.07390926303545381
0.09367581843582017,0.0664033982893629,0.43515371241489165,0.08180977557638568,0.040398979503944894,0.05632040527091888,0.022096553536610854,0.06002996060890845,0.14411139636315648
0.13156100734419976,0.038638841307247145,0.03047705931182772,0.05910396311133289,0.0474528892298828,0.07353450264255589,0.06729931154862161,0.44257190967236687,0.10936051583196531
0.1402356061091772,0.038719549613069566,0.1452961108584608,0.13949007052948473,0.07429546851135004,0.09933504165991958,0.14964606769403893,0.07501283598626131,0.13796924903823782
0.07459814941598542,0.2445580303989852,0.047922594504549255,0.1506810010831999,0.1981421071374978,0.07448517197012197,0.017342365266153726,0.03081419369150938,0.16145638653199737
0.06815419783486436,0.07318457953794218,0.09982131156165215,0.06078696533515441,0.07396775337460602,0.05483473506049152,0.3446048328100118,0.030658604024383654,0.19398702046089386
0.15800244024343282,0.2202892636828344,0.03144686815323578,0.09815370002897368,0.2195449585605375,0.11549137646753098,0.0105013696874207,0.03727043013507863,0.10929959304095549
0.13174881602850794,0.0332800691527772,0.12340881347073844,0.04949071844409719,0.09444321489511043,0.23570586585712525,0.15516422840206676,0.008188618755905297,0.1685696549936715
0.05659282218165557,0.056732108163628725,0.05205710754210239,0.21745884797418888,0.06866769181649612,0.057958158947666906,0.33952424047755064,0.013392419716939401,0.13761660317977145
0.09200586215125306,0.31060205992654816,0.06777384532227924,0.05759864420099702,0.09171512916509279,0.13391143404559724,0.05239503271056795,0.05226189291951241,0.14173609955815217
0.02960477733017944,0.2034858851775925,0.15023755259215574,0.07663539307788368,0.32530835895849247,0.04867770706201254,0.024935465863013054,0.005189260766396301,0.1359255991722742
0.145405222505652,0.07210351734651765,0.07574606952884774,0.06828061922101412,0.051624410269402184,0.055507790537260175,0.023038265006058743,0.42263016079094196,0.0856639447943054
0.10968388901037719,0.05098746662711259,0.10167218952281504,0.10338040889505833,0.07628618369339259,0.050953264472058564,0.05219523591483997,0.3262548620316071,0.12858649983273862
0.1763637804245585,0.03488026191592704,0.2004369364119826,0.10523682535942858,0.0814924173894168,0.12440571613600182,0.03292734246492454,0.14091124894537996,0.10334547095238018
0.06039274956494687,0.07384896119741834,0.08972563698261038,0.4145558419827058,0.042163854291345504,0.0901920361344416,0.0360671004579898,0.10193177596382082,0.09112204342472104
0.10967586153166443,0.03524889991932913,0.10100079521722738,0.18858561236179008,0.13089071630415622,0.09053083615839776,0.12686084304125064,0.10926242363947376,0.1079440118267105
0.13097651150507103,0.2248540868932012,0.07369338852657709,0.056029852301842854,0.0988745609353011,0.11520135320543023,0.045300311787906666,0.07593052567406507,0.17913940917060475
0.14223239797020157,0.05726179853501607,0.04310415789655097,0.37924088332310113,0.048985584039201,0.06473164252047704,0.08472403576773807,0.059286612092472935,0.12043288785524124
0.10543162649115222,0.03272683033576065,0.023130558800033823,0.20865993069080035,0.0965511461351915,0.12361271984994564,0.08962877545260158,0.16753099372688482,0.15272741851762944
0.1523987539900261,0.1169215957379486,0.04540190416234055,0.05049821170532535,0.07872996682332789,0.2559127500738251,0.15928084920791596,0.03388546592174819,0.10697050237754228
0.03313117348279155,0.10778292160001295,0.06575354348318414,0.03951380661033976,0.4166386869368494,0.05258044624906827,0.031433662344810785,0.16007818648075212,0.093087572812191
0.20436346099055713,0.038075456356613725,0.07343096061579772,0.0682737262672572,0.13464965006658058,0.13754210943448833,0.17793598072555206,0.0758126491065048,0.08991600643664839
0.14157993377804984,0.05820430900062277,0.07512999630394697,0.1819551389174107,0.04252852389434483,0.10418381658657538,0.05503061539593715,0.17447575495828813,0.1669119111648243
0.12961583718729347,0.040196291825584145,0.13922773709566008,0.16777982740844147,0.06957676796679872,0.16545400806063437,0.06327477456025109,0.03825812597988274,0.18661662991545389
0.02833652615712165,0.06654321478177097,0.2260352974161591,0.09055641846639874,0.1599549193641826,0.11725529081142479,0.1965204746996189,0.015896399563236553,0.09890145874008671
0.13997975304604748,0.09397608687814092,0.011756782897818507,0.23852070735742184,0.13188169645897907,0.0727732764006772,0.0277604109539971,0.168818664831493,0.1145326211754248
0.0964487702711924,0.15473663136349905,0.06654219836297526,0.06633938985387516,0.06483409232178526,0.13750713498673378,0.013075537030229322,0.30789554933017144,0.0926206964795383
0.052425500055143494,0.03884881838920541,0.4774909386849309,0.056052344212726334,0.20891308012295673,0.02564618596965175,0.043677363509704276,0.005424980803527717,0.09152078825215339
0.17818760722756588,0.04802371271986338,0.09326826622622708,0.1653938852118,0.0817763704349067,0.05328398033457805,0.09359666539778799,0.13351236030075722,0.15295715214651376
0.03148190690476532,0.055785643561834325,0.023470838896219665,0.07107601710851892,0.18520243061366495,0.1031112536355069,0.41577764141686196,0.010742694586604143,0.10335157327602373
0.26915887399571864,0.12941476342298355,0.05519827734702329,0.06194096103858631,0.08405155580134611,0.11613590473572737,0.01872076162142764,0.13926902965973512,0.1261098723774521
0.08123816079621696,0.03449327943713613,0.055191348670243286,0.20056643062259036,0.10302599355275792,0.16912414838336387,0.09725879956203942,0.09926545245279006,0.15983638652286203
0.08958395377478297,0.06931446370142902,0.1338002072981892,0.10738691923662007,0.10233412069669745,0.11351993847576607,0.13364827030546675,0.11215491397201242,0.13825721253903603
0.1035711347626177,0.16661577408992556,0.03529195647206304,0.13778518440972085,0.3423954531339997,0.062421129502465506,0.0071479783614396926,0.013644386053645841,0.13112700321412205
0.10349454086606592,0.08227027180490216,0.1055761892242716,0.049609119427704164,0.041579203132568916,0.15627830631535958,0.042490452078876716,0.2547423872951948,0.16395952985505613
0.06462648329185128,0.13270322120924152,0.12968246865102023,0.10295180098539573,0.11439353327206418,0.06685864401179335,0.03367608305330749,0.28253755471718334,0.07257021080814285
0.053680039893804245,0.04154432660651448,0.06049892117121222,0.2598975362021649,0.04676003004348269,0.2828723649510634,0.07173281169451709,0.06613320331929123,0.11688076611794988
0.2252076317633124,0.07204595384772755,0.10373449440595574,0.08322974791708015,0.052055452803847845,0.08487977466535244,0.10267575029370361,0.10283181476684049,0.17333937953617973
0.22550767045925166,0.09207812014343349,0.12055943868365053,0.062168255463789616,0.1864471032139435,0.11842681383896891,0.021872735133529872,0.07293992836410983,0.09999993469932267
0.017679976901414284,0.3042983755817527,0.06439947886728245,0.01913323575988102,0.35038090049210363,0.05259504939663482,0.08792458254735593,0.0021499322327010956,0.10143846822087409
0.12553133245110268,0.06959286733639759,0.035961406847601574,0.15311070865235113,0.06937961316150836,0.09709921800330473,0.2589531510144032,0.05464121377984087,0.13573048875348984
0.15351595172017665,0.05592815780328007,0.0566335295513227,0.10247622516423656,0.04231202676141952,0.07964613045988515,0.036704475994339764,0.32463596592604976,0.14814753661928978
0.035750322145470824,0.3306580329847395,0.020090640995622914,0.0477381696439658,0.37507710458380633,0.04741478595949065,0.00567810821089873,0.02845041170013972,0.10914242377586554
0.06220578449615007,0.3342357181361517,0.0429740552882665,0.08025539196699111,0.2927987468614655,0.051240084033148704,0.014489164153763912,0.01531315672322286,0.10648789834083959
0.21345968678183835,0.16258877916321404,0.12819522665167338,0.03088382071488663,0.038366698771154374,0.05282269492496209,0.05816043736804105,0.25293462442302955,0.06258803120120059
0.10954713637987683,0.19311246310425736,0.06972365006520993,0.0679366113094761,0.07812265525938919,0.19447540747048467,0.059554166066623206,0.07057253011221527,0.15695538023246747
0.06511047154072475,0.22351048638220905,0.04381707353698431,0.2888099670491467,0.058203797423957336,0.10791233800825244,0.028489366300888806,0.12186705321072244,0.06227944654711418
0.1441416076549213,0.17089267451745996,0.04692760520563085,0.11388681449234618,0.04544504830606116,0.1295763649888054,0.025412484698105545,0.16661155644730447,0.15710584368936503
0.07750378892508202,0.04438955285481921,0.03819300947890946,0.3161860394382646,0.0695729922034619,0.10747251682937649,0.06070514692309237,0.1457744135530646,0.14020253979392935
0.24088096990985064,0.2503683498671602,0.041517604731654285,0.019083046373063458,0.07292962994921309,0.08221410679531088,0.16125554998782732,0.021733957637976153,0.11001678474794403
0.10148669685545796,0.13875877831972244,0.11806667350625234,0.20478032538633364,0.04600350014197568,0.1412502486937833,0.08287023929145887,0.018978669655028292,0.1478048681499874
0.11313913574663526,0.0323827991707731,0.10912581025857297,0.16800702711127136,0.05896767588039333,0.2074119189802678,0.16117471506379197,0.026589933443294595,0.12320098434499956
0.0986040997407821,0.034023203513459464,0.0636614347793827,0.1428372168412724,0.09223325954205774,0.18730130639290335,0.2199630531321277,0.08577210755519983,0.07560431850281472
0.14841712422282405,0.07031682941114496,0.06915137199523469,0.04775303713021342,0.05419413832012582,0.08536039842013605,0.2724663060607506,0.10995110432242515,0.14238969011714522
0.10282187359723523,0.12021107413734089,0.1334678021756913,0.06485009347148746,0.08613171914129135,0.10694217855564712,0.04992686265192415,0.18379185693506192,0.15185653933432064
0.07080635245720478,0.02235464806747457,0.06661161558585275,0.11428413933783256,0.15261539095426932,0.10364538428238886,0.29239990399785204,0.02297061127327062,0.1543119540438546
0.155642503081963,0.05075021446776284,0.17507520065209728,0.12408430909686674,0.24448508782502787,0.07729171829379705,0.07487619195187133,0.017178470873635377,0.08061630375697844
0.03636743994623784,0.038332261791643944,0.20142492078886917,0.02223873552076547,0.04071197614860161,0.07761162309314223,0.4857114516606797,0.007487042857408018,0.09011454819265202
0.05512854679898171,0.09597162194485927,0.0681791932485737,0.20425439689067137,0.15253916788642422,0.07670678780562255,0.0872949388817853,0.12144435776213348,0.13848098878094842
0.2488816254880363,0.104151429614252,0.15130138720890376,0.1262276730749182,0.054392817792494996,0.0587773940453185,0.02834444387281898,0.1626906578163377,0.0652325710869195
0.03601711401359148,0.027951449149371293,0.06136786324738993,0.07895894699823094,0.0993794983535501,0.05878548030139042,0.4683596542328512,0.011982568251559871,0.15719742545206464
0.06783779420483828,0.18590064710015408,0.14621582318265147,0.08874069784779177,0.12388020279337768,0.09503066533548991,0.1300327291409261,0.04979995627522985,0.11256148411954094
0.08307907425162556,0.0966141545582087,0.07390738367093828,0.14095745916121027,0.2257677736105558,0.12324165214925557,0.009857337305975504,0.17320096635074148,0.07337419894148885
0.04869098035738084,0.008201077993188368,0.1789830191205957,0.07900824553758184,0.14947498672595202,0.1889080554067785,0.2167160926177947,0.010882641331938595,0.11913490090878942
0.07988537707780236,0.24034468670728817,0.38819859864038103,0.033364019972840366,0.07653057887919178,0.04010281886905582,0.007383800550236424,0.04227645551230453,0.09191366379089953
0.14588856729988472,0.12236562071679667,0.06379397973871292,0.10764183735871717,0.12816743375108094,0.10204571936301388,0.10057109824424999,0.0806546835781796,0.14887105994936412
0.15548619612517553,0.05854289268472942,0.08334285486945686,0.14954665530067,0.06687322244302807,0.14801260782602405,0.12010674198758448,0.08827481890775564,0.12981400985557592
0.051464177167782815,0.051830824756177674,0.04467377515192302,0.23688034879921246,0.15204385244854549,0.06588693774638163,0.08095130856906455,0.14866272356861776,0.16760605179229468
0.09757216865945699,0.01994257928514573,0.106424522499822,0.10109954867594584,0.07515614988953763,0.050650091538867265,0.42652421295061343,0.041406243917620864,0.08122448258299025
0.0475576088958666,0.3136600626312018,0.2106867646553786,0.03915991612780753,0.1571161071496965,0.04608058895208058,0.007232250861721932,0.10747377793909789,0.07103292278714861
0.16876672684744487,0.12905939600101485,0.031433315516830526,0.12288225575970263,0.19987920266305337,0.054903883443142516,0.21671917139769606,0.005549279476626833,0.07080676889448843
0.056257751757616374,0.02125022411968645,0.35917111843414357,0.12595461816193784,0.03956626542655508,0.05941283193444463,0.07502234446271135,0.19019446311458119,0.07317038258832353
0.16142747215354092,0.1258223053772595,0.07258895573911196,0.1480331430510966,0.033877186141553405,0.06564461545715618,0.01569165874426473,0.23936368617630513,0.13755097715971154
0.02707617680829293,0.14000632909062619,0.029091693868105176,0.009703616334383484,0.4446251635075451,0.04384063042442817,0.18405382934332515,0.05018073965476069,0.07142182096853304
0.16229373513397086,0.10142828968469349,0.1592039079479125,0.13802850993551846,0.08842406265431557,0.05537486494323346,0.02717266038801272,0.07719674128922338,0.19087722802311957
0.09172705708898504,0.03967305559544713,0.07909163423503095,0.18371255829415256,0.09325415680641692,0.18853742207006838,0.08602466593925305,0.13695288426385238,0.10102656570679357
