0.08330261561224596,0.019071831660390857,0.06425374440808006,0.031255852942595926,0.047178705199897815,0.622352813775937,0.031414864732801785,0.05963122309294705,0.04153834857510359
0.24847268177552775,0.14014940136218812,0.03406737658142495,0.020489391027984288,0.07862246106012967,0.2501608686364169,0.0324827938672092,0.14010776474983333,0.05544726093928576
0.439965831975811,0.1787565615011458,0.03672620890359193,0.05598238899379299,0.06952708684193783,0.05127678078649097,0.03415061743589585,0.06673279955952531,0.06688172400180846
0.23040385493140644,0.07846666436455374,0.08516412952142127,0.06875832331496468,0.06182028028656552,0.04067307249516428,0.2981968551685105,0.06618592600555294,0.07033089391186055
0.13551678597730762,0.025169261369052814,0.05153374687414844,0.01909429811458838,0.07702552586764948,0.31510705198150046,0.11107901033297674,0.2425417539096305,0.022932565573145616
0.17564686581776104,0.03164867680070866,0.04562195153236525,0.0877678244511481,0.06172465533751257,0.44274523785408487,0.06338849410964924,0.023715678533723666,0.06774061556304659
0.02095398324696889,0.006594479109968657,0.3638963566534203,0.030547396901523322,0.07077325453255619,0.041346198624588125,0.3453679171596498,0.05297266325034849,0.0675477505209762
0.09809256265101494,0.20875357748694454,0.05630988645953857,0.15828374807942192,0.20071181422365103,0.042095389700749386,0.03022840015729142,0.026566074793485772,0.17895854644790243
0.10419114024580484,0.009945750211970654,0.18748709350061565,0.15721242863821297,0.08008678416413371,0.04933524853300874,0.19969046742482435,0.020922326311376024,0.19112876097005307
0.08613778049124149,0.1267227073134425,0.06950183789692406,0.47999495210085064,0.07070113365253425,0.043942886154833126,0.018609036268995068,0.051517934951539696,0.05287173116963923
0.34590644269736376,0.05454009275506256,0.027863602975329717,0.2968168542646393,0.03057677214448964,0.021123389677681122,0.0782201353602859,0.08927882389480335,0.055673886230344666
0.2423544062349878,0.14345524813711433,0.07295233041615354,0.23625338022200468,0.06025206557572968,0.03321631077886026,0.054253078695373914,0.03178796094129049,0.12547521899848532
0.16234048326263567,0.10028001002958664,0.06511467436935418,0.2609802402432954,0.026960542327982104,0.03347280703832289,0.2546329271236985,0.03102957779312238,0.06518873781200225
0.307763699112604,0.08016899622312182,0.06356916461405611,0.12531939596695468,0.1099976997183499,0.01507634667251509,0.09776361105012288,0.01126242208789486,0.18907866455438063
0.2216682179528642,0.11036246972809056,0.04588053324984273,0.14080733147762778,0.06240924815127468,0.052338360169602215,0.023922628502221117,0.28199612368834054,0.06061508708013618
0.5290501216139031,0.07446636342320889,0.03443564266125517,0.08423372736017587,0.07428730641073568,0.03644677224914212,0.01818604909132306,0.016866349327676097,0.13202766786258
0.324074856023139,0.18425242644656092,0.03446174656353483,0.02260828905984635,0.048799137088953504,0.2247829160038529,0.01699636250049979,0.034366538538396156,0.10965772777521665
0.017614397840343864,0.20180219229318852,0.06586030710253787,0.328323166463743,0.1953378027306355,0.10749666628340554,0.004369451596450669,0.008680507307056327,0.07051550838263872
0.08510445125668298,0.021181502462965174,0.28148022820622537,0.18583301086455364,0.06083154035537319,0.06009697939994277,0.13531204614052736,0.0990290473549668,0.07113119395876281
0.02510830405941906,0.01924169265055163,0.23391065389408183,0.05171200280151587,0.07566082795837943,0.1750800571599673,0.1786743176098218,0.18392683477789384,0.05668530908836925
0.06757508371057569,0.01219565257623466,0.3304868974316107,0.034499984965990764,0.11392740715447085,0.10438115835598732,0.1882363908903013,0.08881583776652326,0.05988158714830549
0.3895719839231066,0.07540492438489817,0.04797208627145221,0.10629195904252985,0.10549489054616108,0.09475275532261614,0.060395751084745965,0.06198093933883109,0.05813471008565894
0.21366471542259857,0.16531825535430497,0.05664814375118219,0.029081741626115338,0.0752957890959399,0.016144789489386576,0.05210971627738665,0.035652164833416496,0.3560846841496694
0.053179671453293005,0.002324769246996896,0.36441101375171714,0.1790978762464189,0.17671427997484979,0.010995996499488944,0.08113910720489542,0.0005412145634924602,0.13159607105884752
0.2667117453330608,0.0752269542477494,0.0723432674190541,0.15920501576757412,0.09006602319548924,0.021956543075236635,0.1151796501256969,0.13953351813582823,0.05977728270031061
0.0663108502183923,0.020737476168655535,0.24209397131963853,0.062144097078316064,0.2964092838526654,0.011177388322866933,0.0057062498940489,0.01647262016424088,0.2789480629811754
0.08897950789661747,0.09046664369998943,0.10521378507121641,0.16047348280179888,0.38818282570630774,0.029037658351686837,0.02796732084383428,0.0400243985795175,0.06965437704903141
0.0026527558389628837,0.01749094773003079,0.5429889973131578,0.0694873439495007,0.033523305627890944,0.017552079117405087,0.04553639016826497,0.03621658699889536,0.23455159325589148
0.0760395215851942,0.13137217673197601,0.031962396342740174,0.438337587392534,0.07973666121659224,0.02297869061888864,0.034437880436094255,0.1413461473726342,0.043788938303346105
0.06891948795286973,0.017142856568569797,0.16177732917472057,0.08487202743240387,0.10346148142608613,0.23844923741665122,0.1389315117550405,0.03286869777117898,0.1535773705024792
0.15863786838965258,0.06153579994736954,0.08636479198141327,0.06777171933593533,0.06100970119221575,0.1392239467649359,0.018947303721695164,0.34571086241032606,0.060798006256456406
0.3837867678968034,0.04229090115720965,0.1068065398594477,0.12232833113674861,0.051669082625359276,0.015761025860558928,0.041196081226131824,0.1279006929143168,0.10826057732342383
0.1333257481380112,0.027002508063995786,0.17597483415217471,0.29477407111813475,0.06815332555265971,0.0640272354431173,0.026935510498246707,0.13274492436097984,0.07706184267268011
0.18987716715770375,0.15228979710914853,0.09390850212943697,0.20966435422044785,0.09512090940485,0.018835907875368724,0.10789726090148032,0.08746474668455394,0.04494135451700985
0.29354705118042884,0.11303407578044705,0.038289374634823355,0.12362026709009814,0.04394413282498522,0.09566675364576654,0.15202926860983632,0.08270745598314179,0.05716162025047276
0.042629623987466364,0.005517611334613295,0.3755854188872066,0.010628565730787257,0.022061438269719475,0.05632192588773414,0.16693919057488849,0.01994073908639202,0.30037548624119226
0.22398092788166837,0.20890812588898558,0.0584234409265026,0.16537176088848007,0.0648864241555331,0.05962396240267718,0.1017613616676063,0.03892784739872008,0.07811614878982676
0.31022493639694004,0.25994560074207673,0.04258036782598317,0.08206627583840347,0.07307323813832996,0.05633938621288433,0.0533926014496555,0.054638818725802916,0.06773877466992385
0.096630313739907,0.0081927193500056,0.061812771766989634,0.08940249860963585,0.06728725442635482,0.09949552231518001,0.4646081411809296,0.04937597807607999,0.06319480053491744
0.09248835909392635,0.13291140343376767,0.04625808302724856,0.5094344975946655,0.047741418535493595,0.017720502366963677,0.053232530692591894,0.030723312976658434,0.06948989227868442
0.004739885252161136,0.004218404978983614,0.09702142681185827,0.17132131541083603,0.07903123246722255,0.12314737070616022,0.39665862757463416,0.03726696692928693,0.0865947698688571
0.09193740589754089,0.013608573289682816,0.25386486042608875,0.1504763391526781,0.15757455548736268,0.018814670300945715,0.07088318084040324,0.15647727470033998,0.08636313990495786
0.017570875246080832,0.11902824938334555,0.21118348895461678,0.02457167542491595,0.032461647658879204,0.3108442221530064,0.020091576326348136,0.028328645065999886,0.2359196197868072
0.24794650487347422,0.1611954753536962,0.03795465228003719,0.2973804680117129,0.04381701391769874,0.04125454070716488,0.04210624022188799,0.06961271681741958,0.05873238781690817
0.2929431711559598,0.05660759227901698,0.025498834223774223,0.22251181981371684,0.06230339958634446,0.13329719429528933,0.03927875743956246,0.10996206762422463,0.057597163582111255
0.11625277025583518,0.0666158010912924,0.09765059468260257,0.09105918842746358,0.08493901313499887,0.16026839836296056,0.062259681551740685,0.2546915850009133,0.06626296749219289
0.06466269105678361,0.006626978941729548,0.20617543015536619,0.04157929218129181,0.03970618464625892,0.031117776283567145,0.5078954155838306,0.007910591885812512,0.09432563926535975
0.19376871079600477,0.21550202390648368,0.04748216433004892,0.11971269628404967,0.11854733007295871,0.02983266025580317,0.05005834762407017,0.03195424593717875,0.19314182079340214
0.11849469938528923,0.10042305574962718,0.03121440809467062,0.4852189382276322,0.05334981983171049,0.02299379002423571,0.04276741810348037,0.08087086848491316,0.06466700209844119
0.03593903289525918,0.04711304579364928,0.04946907655630026,0.5049796617164514,0.032520782412544254,0.004860942062750569,0.010619753617272158,0.2280513531570121,0.08644635178876077
0.11419894636200827,0.11460687337586704,0.1424222795684741,0.1882394341451212,0.04693278357328495,0.1333712727712605,0.11339895463830307,0.07055519880276691,0.07627425676291386
0.19812443450688963,0.11610761253781159,0.04107279651257884,0.15506081386977863,0.18135086806230863,0.07529777402342286,0.05822224833228488,0.03623181860607477,0.13853163354885015
0.04428414567310044,0.025703622222625247,0.2329929225574691,0.06075571266094918,0.08952165287422663,0.22898933859650902,0.1054210774672456,0.013988038401409109,0.19834348954646566
0.4529408642454515,0.09728240951947426,0.028580291327763473,0.06230243263847233,0.08757376378599219,0.03215578031923634,0.04484546803353243,0.08381345257868032,0.11050553755139714
0.09105171955891982,0.1331808598138217,0.040694773906997286,0.1625150088535621,0.15264808458387077,0.15340076829177454,0.08506453722869296,0.06985968198739738,0.1115845657749634
0.028508953824358998,0.03814038708603807,0.35125374988263786,0.259981764209052,0.09992820576687056,0.007719807538478711,0.08607622849887887,0.046567529864367574,0.08182337332931741
0.29505231663756626,0.06708855122659278,0.029495386240947673,0.030040997389550243,0.07244759733902016,0.1446035444469896,0.03596864023348333,0.270130255264817,0.05517271122103298
0.0025332309626573835,0.029063650792568858,0.19855904861711907,0.054778613770560376,0.20472096737074827,0.008469383053082624,0.22017635028636987,0.0061623645322266656,0.2755363906146669
0.1291361360082736,0.011337779172387036,0.12004945650667191,0.12469413053239542,0.0468689104248226,0.06121344204206868,0.322361732838698,0.012873766949543425,0.1714646455251393
0.0033684732538941963,0.0410588827052464,0.4158878600521631,0.12910448959077,0.1443121128618815,0.08322681907367653,0.07509710643444904,0.024229127670578197,0.08371512835734098
0.3680507681444207,0.05083415458832071,0.07663448082670464,0.05523657875376137,0.08484454490906157,0.08941915043597737,0.039442993131109765,0.17779657837675478,0.05774075083388916
0.08049903309779004,0.02844662082577191,0.23484841832732664,0.18639907762683125,0.06937435892349252,0.10051085463790926,0.059788636087630555,0.12825896990856844,0.11187403056467941
0.051239393349882124,0.022427829036335455,0.24461935346050442,0.04513932335981935,0.06890622637499781,0.09032293700539236,0.24946622916984185,0.07306418793658791,0.15481452030663875
0.3022386182694297,0.1555419799758583,0.09350912602700961,0.04348951109138182,0.028954822345193438,0.03950761229296184,0.24867549192092775,0.042021874604652176,0.04606096347258529
0.020563765300882577,0.03416171409377787,0.09742916685328336,0.08254422895179457,0.08811304747788196,0.051886327157029864,0.04005792247834316,0.4549713981283257,0.13027242955868082
0.016298659314737562,0.0015644199974595991,0.18592965491969715,0.28643874599434477,0.06080788426962443,0.025866775770157058,0.1753739385275386,0.0009365194977395127,0.2467834017087013
0.36490745742123387,0.06588466309607159,0.07601359754489073,0.07632188133839155,0.045767271567604274,0.08639934475632338,0.21059409546827026,0.011655021343143728,0.06245666746407064
0.0024108115000657745,0.003239075678614555,0.5236284911907257,0.017658162732930513,0.04223954773442843,0.013949107441431984,0.1635937540545054,0.0560337450392695,0.1772473046280281
0.0088224631664455,0.022327317394111465,0.366950872070163,0.02637130994331392,0.07026952044372237,0.12886748903623635,0.12615560816141777,0.2029934362564939,0.04724198352809569
0.03733782746201147,0.04710159998559086,0.07112170540404096,0.23253658809687594,0.1603904720413276,0.09479830357998738,0.04649551625332843,0.2149322971771055,0.09528568999973186
0.09670927152505972,0.03297526170936858,0.08373374004907523,0.015119008686519123,0.05185688330041092,0.5303065207382046,0.07401602137065157,0.014032587856436492,0.10125070476427377
0.08274951600412893,0.04323625971051053,0.12686061366035803,0.0759429853582067,0.0413324897447546,0.379458868429244,0.10430676694910013,0.0277062322880698,0.11840626785562734
0.18598221264585102,0.05814659299063658,0.06952206344396462,0.13232764836485153,0.06389301986298707,0.14031447905388295,0.17958657253597107,0.035204429461430854,0.13502298164042423
0.12986552830147832,0.1129220382785852,0.07154872559417284,0.12145572092046952,0.08236793544545701,0.16279454810357133,0.09821666849342782,0.08031936212882254,0.14050947273401534
0.23047134490561763,0.10173096910863723,0.04333140901719266,0.05295873492147146,0.09022704654515001,0.16371649847707342,0.0644650753939391,0.18329451107324313,0.06980441055767535
0.12728702992872676,0.014796106266558334,0.13599460952084289,0.05412662107935398,0.07535090857396248,0.16551309114990378,0.34786017424848265,0.02777841214454702,0.051293047087622105
0.2862544265186701,0.03741234898489929,0.07705815116738929,0.07215764775504882,0.05303556425004926,0.023002261538819804,0.3594024943322148,0.05076377230194289,0.04091333315096574
0.14136880792554077,0.06877753304285407,0.15876209188897572,0.08091740624521308,0.04917681714120589,0.10664313870312758,0.03068942331907633,0.25995100574120744,0.10371377599279913
0.1903364542462119,0.09464039183513957,0.02892551614452483,0.32713335085336376,0.08074287252654146,0.0734327713061629,0.007504981479855989,0.13538147664384545,0.06190218496435416
0.16737805188989116,0.10302599157113224,0.03935618778301168,0.3619234683910366,0.062048660402987336,0.036583393972122326,0.060686685632663794,0.09519981788810401,0.07379774246905084
0.170300060353347,0.048967035077173336,0.13639923038800836,0.21888442541766565,0.11546260897846251,0.04197666283450773,0.08887454189134954,0.09931370664742849,0.07982172841205744
0.27761814566482784,0.020679770333229437,0.10799071473418853,0.14279515940319273,0.04012216412095082,0.1394452982674174,0.13943169242107392,0.038295369034867965,0.09362168602025146
0.21524008660958902,0.024570595205409763,0.0466265990126316,0.2576059377455214,0.025621203207411087,0.01717428969878731,0.14495809997759382,0.2141708498153434,0.05403233872771273
0.21354578224284762,0.09626176839584266,0.03397213280728944,0.11312785992564123,0.24635563844137298,0.05619707656079035,0.0779316909185692,0.058108384947931975,0.10449966575971442
0.025675186742697798,0.015538678889150464,0.4014953777397084,0.020323705428034928,0.12588632099844924,0.17184866671425011,0.12770055237609043,0.02637971402498085,0.08515179708663771
0.04932154766189121,0.11038313320468496,0.12742725325837295,0.2032856417087868,0.0763709653833425,0.03103040843715198,0.19402386906831703,0.14191704448601383,0.06624013679143877
0.008277775174307543,0.0018080182342680468,0.5009796212825192,0.02202406296732079,0.12447983065032474,0.020175648488978237,0.1291352930385428,0.059649049557955656,0.13347070060578295
0.5264411474292814,0.06238881073738911,0.05607801142011374,0.03694138945108085,0.05446699041686771,0.05092877145799979,0.07069591570550382,0.0544625332608187,0.08759643012094494
0.03274105509481554,0.006075352825967793,0.16843241261875067,0.059277255873723046,0.06801363498134239,0.10166133191693139,0.13079545382970856,0.30403249895538387,0.12897100390337674
0.01432074019255735,0.001647939957782788,0.5605516812985775,0.04659821521496249,0.07095324029574779,0.006252855986862326,0.07969349949805764,0.12958941903106147,0.09039240852439075
0.07220791939808109,0.005858116645579681,0.11376504931005282,0.03879157139512906,0.0979552151619505,0.0769183020751756,0.32156455774341525,0.011216820889018852,0.26172244738159706
0.14107945367756372,0.019596644018732776,0.11225574886894953,0.10043824483358299,0.038147689247358556,0.24008467779230228,0.051797426203105464,0.23281378453695498,0.06378633082144973
0.0038024830770344597,0.0027685812215916088,0.5020652638487816,0.14582099949760477,0.06002967487716198,0.058734271610701716,0.05163663112022576,0.015284098328742834,0.15985799641815526
0.5380171589975733,0.06764027907450763,0.03935337487820506,0.1258058721312277,0.03784716927471241,0.022501779721528132,0.018463131483982136,0.04170998942713786,0.10866124501112573
0.05903808051537593,0.154322834505722,0.1574160665769022,0.03179751770992864,0.052034454489980675,0.09559527393457123,0.06890562654705513,0.24486414921521846,0.13602599650524572
0.12836582226341675,0.061133935429370755,0.04036388531510467,0.17561282666183442,0.17690277933005438,0.06779142520717844,0.17548559099313177,0.06017706966097727,0.11416666513893153
0.017575967155447302,0.028193061559650706,0.061330201602895394,0.5716379784255275,0.1778221723286838,0.04882595870625391,0.012852221637526633,0.013154435472236077,0.06860800311177856
0.2524399845334859,0.04878354283836398,0.03152861154620986,0.042825373047237374,0.07856939103538911,0.4308034146725473,0.0375558689200674,0.017171153392562172,0.06032266001413697
0.12958563264306658,0.14719109674060102,0.19702325469244183,0.1056342707682284,0.05315581458515652,0.0497658347658288,0.08761090115664606,0.11649198499849316,0.11354120964953762
0.1491435685174983,0.10957637994383218,0.12820898146721532,0.0651975260880233,0.11822847684448434,0.13130816695543843,0.201106525035697,0.04004223848842707,0.057188136659384194
0.11124376274733612,0.42595279404009667,0.047876969456103924,0.07618451624838458,0.060186119966321526,0.047682224038726316,0.07124837054764073,0.03596894261723886,0.12365630033815123
0.10398707775451144,0.035354879212029656,0.08482365170368743,0.3547399095102138,0.06678823790754673,0.1015895598057975,0.05498542261763758,0.13594122776155915,0.06179003372701675
0.2115925704085354,0.035584291858491705,0.039374248264078975,0.07401788995734553,0.07133844466837927,0.15841987688767636,0.23767650840038415,0.09760671378482477,0.07438945577028382
0.040370681292568066,0.005057996343830365,0.131503339555518,0.21602989818446183,0.028482689002856307,0.43557397941250353,0.045556890050589875,0.029153424277304135,0.06827110188036788
0.17168286190124152,0.24075225980117113,0.09597072817028822,0.1421064094986449,0.06857137924512718,0.09014507546586337,0.043042035018118076,0.021429534920961044,0.1262997159785846
0.0698696494533106,0.017368689685257746,0.09641443667524484,0.22360861875434476,0.06738904518688003,0.14787153910422082,0.031609643182748864,0.29017306134131404,0.05569531661667824
0.14689093756963092,0.07366565658769945,0.13863527403986345,0.2749832858646223,0.06619537798837836,0.025541604993776473,0.06651446774051761,0.13720749915140726,0.0703658960641042
0.5311902589509729,0.11815603834077758,0.03219191419934438,0.059836223142337365,0.04758502335309414,0.06820004428771513,0.015697256930834225,0.058265624100577694,0.06887761669434654
0.010570546980414755,0.008731683385734745,0.14028901418543924,0.17342194551873402,0.1300808817411416,0.20538340946444947,0.1186997841691944,0.004943072115512654,0.20787966243937928
0.04192452952003389,0.011938846664741355,0.25836046130161133,0.08511143858791705,0.19098504681942444,0.149008539774763,0.17748040938358256,0.014693155173414194,0.07049757277451218
0.34559500185762043,0.014784734784042896,0.18203353255086993,0.1541427608116859,0.07358689830474578,0.02429743235190011,0.04929145206768392,0.045872000177992735,0.1103961870934582
0.11072130730898595,0.08464367719784814,0.03888214154293015,0.5174390634632853,0.07823811154083087,0.022611052661450467,0.03571221291828099,0.07286842052650347,0.038884012839884824
