0.09138292460847057,0.1250371980834918,0.10662091436773168,0.09636564706371219,0.06745187110327713,0.29099426691373154,0.02759502523362332,0.07158842531873101,0.12296372730723076
0.09592257956532364,0.07298712621735859,0.11196438199539611,0.027840836649247875,0.39325472656083,0.05905284779958028,0.0970656552559147,0.045483779659971225,0.09642806629637747
0.06220692303097667,0.08287731679617752,0.05154694746411773,0.07011521189444839,0.17054247541035883,0.0909101789579192,0.1466690711617378,0.21587331358332265,0.10925856170094123
0.1187497480845819,0.08259482612546344,0.03713672325410491,0.12180088095326803,0.07038052410079702,0.06107934305373545,0.3032549737835171,0.08666503848038222,0.11833794216414985
0.2765715290951047,0.1368399437030076,0.0478270907941406,0.2341283090744221,0.015535036462094358,0.08513040516541626,0.01342101608905738,0.08453704188588856,0.10600962773086851
0.0872412831331647,0.14170360513279953,0.09779324557155566,0.032777936518705704,0.19355095825164745,0.13684641302574094,0.07170680798137331,0.12351777099495898,0.11486197939005371
0.17691671241761595,0.1892141824754304,0.029738325867546683,0.019602809795125957,0.017880899996919865,0.29815266044129385,0.04074222719304361,0.11532366990987893,0.11242851190314485
0.08191337091511754,0.07184206720893527,0.04225450045185022,0.38352059578900244,0.08863217188682466,0.06926384119153227,0.10121018782842688,0.0477442667600767,0.11361899796823403
0.06564322806619644,0.0633798172087731,0.04146074464000518,0.1758944050251697,0.28418487040975554,0.08055549735409495,0.15498521644666677,0.03258155892356517,0.10131466192577315
0.06460467770411443,0.08479257951877293,0.08930497076885019,0.2552511116741136,0.062223823506482784,0.12358596969555857,0.10232355947816359,0.09314410509704629,0.12476920255689765
0.10557354376758028,0.08529585809579306,0.05565128629266274,0.2957081206160302,0.12542612196876365,0.11293974800336597,0.06321917160445635,0.0393645715044332,0.11682157814691464
0.06345076611968502,0.06123888687769045,0.038695665205068376,0.2224045314785832,0.39400577993912567,0.04776252321410318,0.04278649811009839,0.03913235055187054,0.09052299850377522
0.23433782466400102,0.10840967378920047,0.06256787606428273,0.03579794478711231,0.11852772242378928,0.052904450679256636,0.042291507886615176,0.22608571179135506,0.11907728791438728
0.08831000734156674,0.06615589400917642,0.25888693173527927,0.059760430573636746,0.07279783593825534,0.03851317774595114,0.245381816816443,0.0743061933996142,0.0958877124400772
0.15907971476675048,0.1474756503490377,0.08269953312269708,0.05180393540180748,0.11782101602750343,0.1250217471784312,0.07446456736413277,0.10793055862365138,0.13370327716598848
0.11174819180512796,0.06125153404155445,0.02476721368957276,0.1530144644648105,0.4100067538082073,0.07381795689691588,0.03338469327768992,0.03337459261782975,0.0986345993982916
0.040444548927285474,0.15809883448911402,0.032246194693461516,0.006779422278685022,0.04466653673770598,0.3070340380607089,0.015057462775063682,0.31517809428089755,0.08049486775707786
0.21900185811467843,0.21540281083962706,0.022918036184097646,0.005182230165478907,0.24263596188131334,0.047969839271525365,0.014062306758098247,0.14978163995379498,0.083045316831386
0.08908082877169649,0.08976434967829199,0.11209836529419077,0.11539941750174983,0.21682508692256452,0.12647632820848723,0.040451747629098006,0.08982678487117317,0.120077091122748
0.11553565457578208,0.05517735722543508,0.027902592656510638,0.03467269658217634,0.3839957164716221,0.049408221159145393,0.12311606297440465,0.11824372523665899,0.09194797311826468
0.2064437491970503,0.10752972635050158,0.0424493754209126,0.025734403950642883,0.12756734151476776,0.10237237985274789,0.18781960898082914,0.07392016566054378,0.12616324907200413
0.11504620949337403,0.08037926559413024,0.022741719084488795,0.06281218916449906,0.015420909242066289,0.19784035653524645,0.348079532812847,0.051027000938746965,0.1066528171346011
0.07295603442800262,0.06309848634818692,0.07706571856332732,0.13032196924635983,0.3244421162063433,0.0913124041195762,0.11760695275126694,0.022235135776707157,0.10096118256022979
0.041038508840549666,0.05749819128287929,0.03898723844510903,0.2254144672368897,0.3722060526627238,0.05357012046078712,0.08526351675865505,0.03902707577654511,0.08699482853586123
0.08479247116852127,0.08780340566761453,0.03415008611820408,0.20764393146476523,0.08687080954720561,0.09309678889905064,0.2398112194823935,0.0555769331698289,0.1102543544824162
0.03641090096066254,0.2213071334585117,0.13700479933769297,0.007629960253711728,0.2224669107102258,0.02222548548435892,0.023418105383359963,0.2597731735293975,0.06976353088207889
0.2134892346006337,0.08875218477363149,0.019140668132012092,0.06449438626734284,0.1424139466305984,0.09898714122426888,0.20113810419449663,0.05298061257695654,0.11860372160005939
0.08922045036973719,0.17022364266973278,0.1066330643010418,0.11505058934476896,0.10159073767250519,0.1118851928382904,0.0791322179922543,0.08463408590178967,0.1416300189098797
0.06250636917716308,0.03794117606311772,0.02089644767949808,0.3117352236524127,0.3262918163381178,0.11772797245694132,0.015932867024575987,0.030442522873863207,0.07652560473431022
0.15494516082089746,0.10175584537209081,0.020454967535524254,0.1810792461432437,0.15052678350791618,0.12695123275238426,0.08733193343044417,0.0615379604907772,0.11541686994672191
0.07737437935113779,0.09379599300763297,0.11007086775347245,0.10701155142114767,0.26703605592234997,0.07072160866149052,0.025771300455743357,0.13694299824429926,0.11127524518272598
0.06446186339154054,0.12063344188177189,0.05277147677581424,0.09100928145712824,0.2606411448105697,0.15605609190123096,0.08652717932006311,0.052720843370925745,0.11517867709095551
0.17689533739257113,0.1552925308274368,0.08229489585098655,0.0540586723546353,0.046216952806060134,0.06682982835758043,0.2008759460058068,0.08655624444984143,0.13097959195508135
0.2213460937394243,0.04071240012852619,0.07450887455521742,0.434881142206895,0.010272884385978079,0.04916010420717837,0.08724830792296374,0.016620101570605367,0.06525009128321148
0.07976490498852479,0.09475835078984886,0.04704063295653108,0.2032723581798971,0.016281654604524517,0.031799606598815346,0.013470805416984416,0.4253960706111492,0.08821561585372477
0.17548009654099916,0.17906904960572537,0.10734569488799413,0.04296468983740106,0.1731475312454295,0.07054719678433703,0.024867620613227615,0.09309022024624253,0.13348790023864357
0.1438967957507343,0.08383260514781131,0.04370998814587679,0.22153364492409758,0.11281973149591955,0.08792255687272592,0.13470230616022866,0.05485853809486979,0.11672383340773607
0.15734929477460827,0.08030056502002703,0.14717464295492355,0.09528928429889112,0.0736764524463065,0.051135551511393096,0.06589198552424778,0.2031691039415554,0.12601311952804725
0.09034134244332535,0.07108636096292292,0.07103377003631223,0.283671491695986,0.24894252001787187,0.07663868291562327,0.03302317053641539,0.03085406916010558,0.09440859223143731
0.17610663991549627,0.05902895416087289,0.046532018899555334,0.031052682790177682,0.5056114801037025,0.048920692682762425,0.028180991352398755,0.017337207171079814,0.08722933292395431
0.1521986157119889,0.11791870201772309,0.1302782305209228,0.023390847870323746,0.1098991832801408,0.054009194599527965,0.24655070718483507,0.04962895265843143,0.11612556615610625
0.09314530213064827,0.06838182441398094,0.19964380794180828,0.3389313108979488,0.0067605294133881305,0.046940039371994625,0.14646134402865685,0.012551288363371453,0.0871845534382026
0.09596318951655275,0.07734057041407841,0.021129646488159435,0.08002011544070377,0.211992563255928,0.07494713422937208,0.20284420815844817,0.11907221877778701,0.11669035371897031
0.07512230381562107,0.045376080166506995,0.07556372159659867,0.19863913692054927,0.2096144398206794,0.025079099900123237,0.284541875259626,0.010143119172708303,0.07592022334758701
0.22716955512481696,0.08479092570763325,0.03941971706830874,0.06793842732908724,0.21871044617550975,0.03495986557743469,0.12316521118897279,0.10134541927265579,0.10250043255558076
0.08944404975562638,0.07340097657833285,0.13701690398601798,0.13939500011781228,0.08457869443761064,0.03473347306026445,0.05739393184489409,0.2673781702524001,0.11665879996704115
0.163011578237632,0.06629826196382138,0.010123270976460572,0.15834325583559325,0.15681452619600614,0.05493692682725884,0.13359812047139044,0.17045917701174443,0.08641488248009292
0.2092289565565435,0.11832901869733202,0.1362201809215026,0.052137386948244345,0.005700635957995123,0.04945998308476782,0.08417115696285245,0.26155536035197374,0.08319732051878843
0.2037201054455612,0.2210878753675274,0.042576022204617626,0.005987812576228486,0.032712893072572,0.1655635455865403,0.02788506996161666,0.20464203445296172,0.09582464133237471
0.2137380602155953,0.19873322436918775,0.01238352934786747,0.01499909498262772,0.15450852046317748,0.1393453423663629,0.04071512752304663,0.147001489370336,0.07857561136179873
0.11004510672337049,0.08337084933696452,0.034713291397655555,0.10644585583145742,0.14907391863943326,0.09638372555592355,0.234361369274246,0.06564110604159758,0.11996477719935161
0.1071612432525451,0.08685652197895972,0.03497287634719878,0.20844350650636087,0.10389201984529552,0.11615920326563968,0.19635932074486964,0.04148536344749504,0.10466994461163563
0.08011008812352917,0.11972124769621062,0.17185526791703673,0.09733586999302353,0.10089124118200493,0.0921482605714008,0.1021355676511388,0.10740008280487577,0.12840237406077962
0.11994177430308256,0.09602494102978092,0.03963573032406915,0.021200344431478182,0.10334803239683775,0.1705428495578162,0.19623474887351156,0.13378861749795762,0.11928296158546618
0.2673037697707453,0.08808321271037485,0.07744888772091273,0.10474715698159393,0.006576450306908697,0.08848500475164754,0.22774489996167682,0.03860422003843724,0.10100639775770291
0.18521622668245033,0.08289663363387412,0.03643337724845612,0.04094615858032908,0.07970604368073263,0.12374971040313416,0.1731032454461859,0.15140308955999948,0.12654551476483814
0.19060394616819665,0.0500664305654488,0.05587661014845912,0.13514642133940544,0.06867047333902328,0.07353202011906619,0.3153619258612846,0.024619425122061677,0.08612274733705427
0.07742302161256608,0.0674478567884642,0.028250279333260422,0.06957052551499161,0.1471147440832853,0.12084347683507156,0.3410811381946217,0.04302642713993012,0.10524253049780917
0.12819522376702538,0.12345898135504496,0.11276733776738473,0.16426077416380744,0.09734499015817027,0.10358724690931875,0.06067982177524724,0.06531585333182333,0.14438977077217793
0.18797321774772643,0.13185473747043333,0.2820687216062264,0.04210511461958641,0.06697612658225235,0.11306020047756765,0.03314089135017268,0.03345029821544993,0.10937069193058475
0.09467929066424596,0.05744816715414802,0.1633415317733286,0.04787087668570109,0.11857746004765551,0.05902846154834738,0.0758302945321538,0.2905818056232268,0.09264211197119283
0.17204422523046423,0.06339190848157196,0.03233153818060191,0.16563931062321505,0.16718712554877158,0.03778791320914953,0.23895548528969854,0.024545660546506597,0.0981168328900205
0.08089089078483884,0.09553575123106028,0.04272214894846584,0.06945817342699045,0.02380532279462356,0.4341382046397157,0.08487146954378899,0.046152544264446115,0.1224254943660702
0.23373884058998387,0.10251501605183262,0.06953284220521216,0.010520643693765019,0.08920205611805639,0.11372551046673267,0.06688236544394048,0.20484463811649167,0.109038087313985
0.09486090745414773,0.12091969393077419,0.03636110640505101,0.021854050001079206,0.03244121690041898,0.4348954032081143,0.01658688089082662,0.12638649970276894,0.11569424150681897
0.047688065654098076,0.1029477788811058,0.016291748922871597,0.10936063532922113,0.2542466253034891,0.19541542655485464,0.06363653715721533,0.11844009429690538,0.09197308790023896
0.0955489809510182,0.10772446044398405,0.031489699735952476,0.1294143005077926,0.07450254662752209,0.032505734906749184,0.19091602522330056,0.2341780125098455,0.10372023909383538
0.3380232639830531,0.14014327725795664,0.08821394448893784,0.0331222964869767,0.02475326795729095,0.14059986953811118,0.0553595557024204,0.04841231249432263,0.1313722120909305
0.24815364044346278,0.12558619292319717,0.05364512498404351,0.0531073512745319,0.05936063405819824,0.054398056009342784,0.08641008114224984,0.1940021933420503,0.12533672582292343
0.08728552592886424,0.07521832876893102,0.027455481458838114,0.23798572756499717,0.24552646575142842,0.09095799230010333,0.05676417937918817,0.07909698746414158,0.0997093113835079
0.21204146002899205,0.1393701919244452,0.07518432198456175,0.02031499272674424,0.1688210764185504,0.10766092831728091,0.09899731847858732,0.0793592382986991,0.09825047182213907
0.18603645379666167,0.20060625187782358,0.0675287476118684,0.10131036118192438,0.024421856569073877,0.13246554054821377,0.07864950640688954,0.05573058372578201,0.1532506982817628
0.1703831754598303,0.09435938086207475,0.034597326640109595,0.027133086252491584,0.11531552126408497,0.16980468801408435,0.23942549767241364,0.03996162189633105,0.10901970193857972
0.10348337224874282,0.09651655219724946,0.04401078222811961,0.3342569861151659,0.016503059228633096,0.11608548005827508,0.11387902199351846,0.07469179287406336,0.1005729530562322
0.11040710063534358,0.146726697274592,0.12660254601822726,0.051116180336156246,0.03219877016367298,0.1628869620613155,0.11012630870829916,0.12158013096233655,0.13835530384005668
0.15595946244415834,0.10501210678393232,0.11323865321990535,0.2770428176186365,0.012963806589631102,0.12929186568288262,0.016034911546233068,0.07178848946864712,0.11866788664597357
0.13601472303679119,0.10569787922273477,0.13055267361099623,0.09503965147121433,0.10114770095126017,0.06439778916830656,0.03565786707739548,0.20304176750019484,0.12844994796110634
0.09534655713058539,0.09749635451130749,0.053875595903467834,0.11887540112009541,0.18766833747827352,0.09954075250305527,0.17456320507395706,0.04552434269356271,0.12710945358569528
0.3293381844739868,0.12102263727449077,0.08916226855869584,0.008965297266560146,0.16667213665159797,0.030571697232338147,0.10474908520769284,0.05944824009283237,0.09007045324180511
0.14100990384201614,0.10545945214093665,0.04760773050745015,0.20893458929803832,0.07300415895114766,0.12110426480024288,0.12112638010641165,0.05348572200473198,0.12826779834902458
0.1466440333981445,0.1690777688655997,0.02582580668128458,0.06593203101451899,0.09656859110628306,0.08241874414847783,0.22512101814877716,0.0778828791005141,0.11052912753640008
0.1466592895786281,0.07815319012818148,0.06833005558023676,0.32183174851074564,0.14405763063663077,0.0967024004778892,0.006923562926422685,0.03661206181522348,0.10073006034604183
0.20088267092431486,0.0794224841410423,0.01641929903343434,0.036905535940453496,0.036966608002065186,0.06536707752840655,0.3217857503160342,0.1329940944747782,0.1092564796394709
0.13783763991763073,0.11747603191567384,0.04774225808791294,0.07635290614613795,0.09739924680334207,0.14184758628628116,0.11771184531646384,0.1297184648186994,0.1339140207078581
0.15264486762696342,0.21996800164739216,0.15091401099089896,0.015796531335229073,0.1203840422652059,0.07468910572049964,0.0066721328041604855,0.13546444980087524,0.12346685780877507
0.0984093921005073,0.07726155791207466,0.1678901268250553,0.0178381612550922,0.04859979426619959,0.07048726770590778,0.24401435115216716,0.17327418643720047,0.10222516234579555
0.098322549044477,0.06573072680617065,0.03000925347265898,0.029784144835540136,0.3969503523544346,0.03378089463594058,0.17857101984273405,0.07350515702432066,0.09334590198372333
0.14680704997126012,0.09478505757693578,0.032594759659089374,0.16202079254695426,0.1598495897888035,0.09957302640219824,0.08787952467356604,0.08342432051162955,0.1330658788695632
0.09928574156767002,0.07160451170070133,0.18248656918916004,0.12571540501899894,0.14871187184502968,0.06466437426470839,0.05359036339316442,0.1209154100137615,0.13302575300680566
0.19460345095951484,0.10839323180667415,0.07200276222545725,0.05150668790405005,0.07812724304324198,0.13104229278259946,0.11259937442705714,0.12137833208904157,0.1303466247623635
0.05928183779613875,0.07602649364441234,0.0632064725917969,0.12232311121347404,0.3898110879086006,0.07430086101371906,0.09871103912431135,0.021598155644342327,0.09474094106320453
0.1460285586905348,0.08564032155282923,0.04658460203459482,0.22859548979631636,0.11409704378476633,0.11824825829626288,0.10184153166353209,0.03324511229975912,0.12571908188140435
0.15285744757167677,0.13631115934166468,0.04741328523765156,0.07158389976060975,0.19037970230052123,0.10385611388386068,0.18151931703149335,0.0074655857962712254,0.10861348907625072
0.1650370407447482,0.07429358607902843,0.0499262019585399,0.028117356875695967,0.10032322035977091,0.09226550432794195,0.2857213279130633,0.09416204735156365,0.1101537143896476
0.11460910630675293,0.10540560733678976,0.17855170869896472,0.09833978236356644,0.20252091228004723,0.05946328289269303,0.06279230453452347,0.054327488594080015,0.1239898069925824
0.06714169074620606,0.0726043235293689,0.08454732607951349,0.32411354404975246,0.15842726480410693,0.12481784288907295,0.026550396227209266,0.03717773697924782,0.1046198746955221
0.2794866921614191,0.10481941528185984,0.08801319789219812,0.026295828350868314,0.14402783753795642,0.08441594302864637,0.111141173444949,0.0612942003847148,0.100505711917388
0.06609032274698529,0.06157682726028719,0.05219187985263155,0.04072187563396783,0.39009222608208666,0.0431578581883455,0.1325986463914787,0.12320017398783402,0.0903701898563833
0.10074775807800862,0.09732549110676776,0.06628976498100815,0.12454608888389711,0.03193198169670901,0.1274595110010312,0.2856897499302484,0.03480208363521221,0.13120757068711753
0.22308590355878752,0.0837751704711755,0.05497302497675861,0.12323048147181766,0.017179111598911546,0.15915485264238405,0.21906932022401834,0.02707930240863654,0.09245283264751021
0.10427662797143604,0.10398326060540393,0.11299655072798971,0.057024634455265844,0.047757301340895675,0.15435516869005594,0.21349365281016452,0.07525696185983645,0.13085584153895183
0.06202762389874317,0.04311928340453122,0.02535985883048591,0.045432782149642394,0.5066769635728231,0.0435529028278627,0.152013285959546,0.04148060825244357,0.0803366911039219
0.07247958471716208,0.11650098476693821,0.4111388188158526,0.03517834577031514,0.10731256589672616,0.05162001916253297,0.026940788418765665,0.07207466083787474,0.10675423161383235
0.15558008514632696,0.21318044058655403,0.09538299748965103,0.01597166489749463,0.3193316103565238,0.014597390901565198,0.11195886216427876,0.004930837534069177,0.06906611092353647
0.27402158472357313,0.12423230274423341,0.021590249329572597,0.015634509792844704,0.19158012741769434,0.0603004163551444,0.15978070167117878,0.06846306071253308,0.0843970472532255
0.11998923780697923,0.0976963164007456,0.040431409003829674,0.04991021426256648,0.22095245147764975,0.05701925827480441,0.17526772094251564,0.1120976943366156,0.12663569749429363
0.08420666349351007,0.08538779188432483,0.07854283391269372,0.04420212077774549,0.3375565170425571,0.06974529325643365,0.05893296665995224,0.13431495858083284,0.10711085439195007
0.10334331941547413,0.07102950743247714,0.06261604245570375,0.13224789313124932,0.24582660331908254,0.1009343410291557,0.04768115711180415,0.10557477654351814,0.13074635956153516
0.11483521267683093,0.13661437303662416,0.03583467561397759,0.010089974345994752,0.35128178553962064,0.03190562797439306,0.16354611533570615,0.07070711329510522,0.08518512218174752
0.12706783027803512,0.07494780351341751,0.013930496288462144,0.09815663857060968,0.27479282125330645,0.047868676896072576,0.2610213389543578,0.015157945550098794,0.08705644869564
0.15837856194704258,0.14210084219684235,0.09823018577718047,0.03417145075306586,0.156466838943724,0.1421557853016195,0.09765427997785285,0.05191822198303342,0.11892383311963883
0.09853790289263543,0.07486221258318367,0.053607376558526716,0.2640815491280899,0.034705343494092704,0.11828384475349472,0.19508770061751654,0.03890382862939492,0.12193024134306545
0.1381609263968767,0.11623886569938367,0.047992629558013054,0.1024019611523686,0.2636587847939447,0.09358806675849674,0.07882636397936792,0.03789268288435263,0.12123971877719603
0.11007785290248033,0.131974015304331,0.05488942768004617,0.16371365582742753,0.03754132533654699,0.15283339857263165,0.02737855059600462,0.1925303361143084,0.12906143766622338
0.08139400980177991,0.08519233229956852,0.3698512673558945,0.06590811598831758,0.04792189385037246,0.03748611540073111,0.11771066571344642,0.08990797096222682,0.10462762862766266
0.1123040484529332,0.08792167757046643,0.029734630423011374,0.05134041786802326,0.10003667596002712,0.05964295112891472,0.3281763201630696,0.1352472602776731,0.0955960181558813
