0.06763105857554547,0.05376988077151823,0.05197104702252395,0.04085716682585085,0.02449205134110909,0.3490969323896229,0.22668846179555988,0.01572756110671048,0.16976584017155907
0.05039392202435924,0.15693716331071586,0.1363512782262093,0.10780140513673724,0.12374996786453758,0.08499084189213794,0.06269611436098917,0.2072073982105436,0.06987190897377003
0.18630164620598588,0.03856500375025333,0.17143712970712185,0.11802374745048076,0.07562373320083458,0.09402573667544956,0.09939003185301643,0.06778137178421607,0.14885159937264153
0.1179618463654412,0.009071961409432566,0.08275848702277057,0.14566386221140945,0.15147292401584334,0.2383288909414881,0.07198468969224685,0.1613053587703243,0.021451979571043635
0.2031616384578352,0.24704644619713967,0.07305279531998561,0.17072338423675834,0.05533242492013279,0.09301712215855579,0.057380229959645986,0.054368331474302194,0.045917627275644364
0.10071385197515886,0.028770761652024242,0.012663018443205007,0.07792892933716922,0.43965195861910916,0.026207541175579704,0.059692731679230025,0.04001097707317739,0.21436023004534643
0.12792533388395522,0.05221266528689086,0.08432376551322979,0.05577731774187933,0.2956841167131898,0.21287510726432313,0.059704866353948484,0.08124632057272266,0.030250506669860764
0.051401467940031274,0.012841264092652982,0.11573478359255714,0.050274586569916326,0.027628834093651845,0.1618973049521771,0.20435393573156913,0.02033048549362131,0.35553733753382283
0.07978332004248065,0.07620828853682272,0.07237684261899245,0.06920416337709304,0.46930892703483545,0.05120367060284314,0.03381476331537148,0.12060467796028847,0.02749534651127258
0.06319165707516655,0.020922354661448653,0.09670564167259654,0.07931828728244367,0.07048567906641129,0.17576579074787257,0.2621291647293082,0.060886290558051,0.17059513420670144
0.13686621175338856,0.002577913800178857,0.0138667443437319,0.026700103463032313,0.36609876701741223,0.09068424955579067,0.04951992879097903,0.23769178927489196,0.07599429200059447
0.049962854727656984,0.1284930881565673,0.03018172950547207,0.059622059093715075,0.12089603689997985,0.07946675767665429,0.06418010181239335,0.03756708255109024,0.4296302895764709
0.06068020690231085,0.061186039755790754,0.039263672212170905,0.04916339716877649,0.036218235171563966,0.07314138569142999,0.15960976612985633,0.05292957591012126,0.46780772105797946
0.075760823454324,0.03411547956469633,0.03849806633509054,0.06788180252532765,0.5248012399251313,0.025906955299552073,0.11657495058005331,0.08504542130648168,0.031415261009343144
0.07786793272314411,0.18620016192990563,0.21075765678867578,0.08415283706477687,0.05050393820731175,0.050844058844789326,0.1684288549732981,0.0928833142071176,0.07836124526098083
0.09527368499096496,0.010766328954335007,0.022509120511365468,0.05623283421143107,0.10351687052069612,0.11715262981732187,0.017005690870303073,0.5439274761654641,0.0336153639581183
0.06728198370542571,0.1959610575437304,0.0547298628891304,0.05920134706330247,0.01989468248058779,0.1743021200802957,0.3176685994701738,0.022739225295290728,0.08822112147206297
0.15920077936983038,0.09484156621297285,0.20368733569412342,0.2192846116200272,0.17009916290741045,0.047996547304665016,0.06839909512659707,0.014541675482499052,0.02194922628187462
0.07287985581939735,0.10656519758031009,0.10237689956552103,0.018838740511854173,0.03346607345527272,0.20170083429858598,0.2673465535103799,0.033874717628339886,0.16295112763033887
0.048727705737951266,0.05185353490854599,0.294089419778001,0.18831180417764068,0.021639446640322524,0.11874531196571954,0.08229281965294505,0.10224722859922859,0.09209272853964534
0.08824170949372727,0.07723523825920649,0.05414421302914644,0.16000151743341376,0.1818450071095846,0.1091865043371445,0.04162338499142341,0.25527262507345533,0.032449800272898226
0.06444311350403008,0.03990171062980271,0.03393433153232598,0.029089250858798838,0.3843396189419355,0.02902579431312773,0.040766842698968186,0.33826295292220737,0.04023638459880352
0.04790879546561886,0.008240096115392287,0.015161078245589162,0.12600131863183697,0.14682974934562143,0.21635580771816776,0.2550205678284129,0.1186558709177316,0.06582671573162899
0.1049026854243893,0.13702463945602958,0.03622744650691725,0.0629741116442743,0.22547242169527534,0.22566515930261852,0.034627533915102406,0.033693994072411464,0.13941200798298195
0.10023039007121039,0.02395307639435472,0.17963466635394784,0.17043438809741582,0.20072633545892105,0.07228725796312188,0.02804130779259364,0.1685187318784532,0.05617384598998154
0.09612778729553535,0.16621271732146828,0.07421676477084495,0.05102022891793618,0.03139480451919669,0.08132149099831974,0.4226142461271614,0.018633287669840525,0.0584586723796969
0.16867308110044096,0.09248098194148746,0.07046486856935763,0.04148087146523562,0.3702005155701451,0.05747564190955612,0.07874209466781366,0.10556117672478789,0.01492076805117562
0.22523106044531285,0.02811901594353064,0.029998690305461272,0.11235980515928523,0.2619627570336552,0.09428631567104578,0.09329391331285843,0.07971561389578043,0.07503282823307017
0.11424991377056763,0.0032727344571287635,0.09967983569456357,0.020704534872446254,0.3741490997038972,0.029370201927621842,0.26404843429076513,0.06545800298270457,0.029067242300305145
0.07102398631378638,0.06049326412108369,0.11386982182797185,0.0429436787750657,0.24521481978901138,0.11846023359009701,0.03488350222502647,0.2906745260718324,0.022436167286124974
0.07761832225311306,0.0775792405261747,0.07188654744478888,0.17753186005946486,0.11869178046962643,0.13892337803145793,0.17751647273093538,0.10631758195160451,0.053934816532834294
0.13508483719882494,0.013218143730502655,0.03798907529658568,0.07973596083811131,0.2613409577948069,0.04602551436987668,0.31399928253526216,0.047511217657392975,0.0650950105786367
0.07483472164874015,0.07878128998692656,0.03397210544414945,0.12552332198622282,0.43633816971221356,0.029710433992094294,0.033173091764231145,0.06305297987245682,0.1246138855929652
0.03702332038719563,0.061243573090827064,0.03819632134537987,0.06813703803208487,0.32126295935608534,0.029213977782978184,0.004475021651496163,0.21037511024085456,0.23007267811309828
0.034127981487280995,0.13231721347796394,0.04791555165996194,0.022165569293548303,0.012043144351255579,0.05494123008395668,0.05631228098329503,0.48648480832934854,0.15369222033338903
0.08560856513142251,0.21603523119302367,0.11196122005422009,0.1221872239413826,0.1774394920586381,0.13064795197562895,0.00734529037999631,0.09319152876025015,0.055583496505437514
0.09588784786677207,0.11538593929119018,0.109043415049438,0.07279096806272918,0.20889843579035283,0.15742040024233925,0.1174900998478139,0.04302392009683357,0.08005897375253106
0.07527524976144291,0.4415905054301561,0.04224900640381086,0.07832197331757888,0.10083517584174523,0.12223965013098702,0.0681395030108769,0.049017265016441096,0.02233167108696102
0.12123876112091862,0.18997372742313012,0.08015418897850086,0.07890004513146374,0.09686089552544237,0.06417508392416911,0.114464007607241,0.07159583165080385,0.18263745863833025
0.10829009798324814,0.07107943106141072,0.17912121179584262,0.27967107613281644,0.031716023279747214,0.05234250685794934,0.0922960931761908,0.06746441879827736,0.11801914091451726
0.11450072010459944,0.05273397237220955,0.07013420417797869,0.11515797961163621,0.27166115061233165,0.03550212203725254,0.03493477969141952,0.16337690025139542,0.14199817114117683
0.05025258744073435,0.19050067178603555,0.033447069893442975,0.0964810606254441,0.07492773447301651,0.054821042467853714,0.043994569386526045,0.0610233562105118,0.394551907716435
0.06934942268209453,0.27139397023473094,0.09819434395021746,0.04865821603100656,0.11346551600626091,0.11303356969731936,0.09334539542119576,0.048057386458676514,0.14450217951849792
0.0732377012274439,0.06431672639660706,0.12932710242864434,0.3166857506312944,0.02583667457211175,0.05412373871656371,0.007430728583581704,0.2662541167518477,0.06278746069190545
0.12385405176345886,0.04722385998958159,0.019878552967403523,0.026210593687745865,0.11478731274232729,0.20882134284367435,0.26128112472587556,0.0852852468770237,0.11265791440290918
0.07060615604325172,0.06619706160125562,0.02412861996739617,0.050713672159510066,0.113043576630861,0.03684835039920611,0.14124627060202843,0.026164206015829,0.47105208658066183
0.08684138273485902,0.037621853328666445,0.07615993175955828,0.1283394846865019,0.31531437044529226,0.05371972145403164,0.033863083102566395,0.18034974483534227,0.0877904276531818
0.03726044527283795,0.13566340713302097,0.018563045754878847,0.07735538726770964,0.43889549482283324,0.01118181506578774,0.013707724186499891,0.12332908466842345,0.1440435958280083
0.18436924535098576,0.15994397581923195,0.0767982545973264,0.03888387199060172,0.2324261870666966,0.20213180772568853,0.021923948845729013,0.06921123735719346,0.014311471246546609
0.0926643579912511,0.20942938674600842,0.19235543378316186,0.07136509195380343,0.16625605788969855,0.08544367734007675,0.09667858214205234,0.0555833305371445,0.03022408161680305
0.09462302101972608,0.04801939555440755,0.10804642995247048,0.01880846144815419,0.27349557435190613,0.11810138569356936,0.04128538795246615,0.10011813826416803,0.19750220576313213
0.054662717628888295,0.056437222094042554,0.03901240015463058,0.04485442488471072,0.02537829414041338,0.03311210357297057,0.13125584734397996,0.07537162843106239,0.5399153617493017
0.08412474332639142,0.036637039439478276,0.02646851897809831,0.11807585035536095,0.44171192858353864,0.08629654170007794,0.021835511655676543,0.14462521003363618,0.04022465592774186
0.09617469800091012,0.031294049348539056,0.1083552015233158,0.0563207952703867,0.24953677246727876,0.03296404625711741,0.07569816390815488,0.2799374411265469,0.06971883209775032
0.07810160344129509,0.20297005031686913,0.13426068457918894,0.23701341790440447,0.010821741367630039,0.05082521121799725,0.029795366856399313,0.07263639829960848,0.1835755260166072
0.055325620537260055,0.1569057990044847,0.10445065840870023,0.26400998577006923,0.035676683327167204,0.056718765304955066,0.2056106297261184,0.04465432446402758,0.07664753345721749
0.09207176867981837,0.1022667436136306,0.027722534675866772,0.04743768787495226,0.34743156420022686,0.028888735964810536,0.13346975854964885,0.10864649949852116,0.11206470694252459
0.07505968282480792,0.4649994504141448,0.11548658242961381,0.061950887934099357,0.073636452681357,0.06779285975922733,0.03867978516705455,0.050691388688317386,0.05170291010137784
0.09272222954122084,0.1119246662277064,0.03760165082898082,0.021812011687403376,0.24077858379647768,0.28677028523856846,0.10541340758425127,0.03477910876418377,0.06819805633120744
0.12405300049589524,0.011613320171652411,0.10634037677473714,0.1816827354423455,0.04192571591227983,0.1830300340369623,0.24200695644028003,0.057966428013332995,0.05138143271251464
0.07174297984658495,0.16311893845267003,0.07328960150051177,0.07045498831615359,0.22181489142497468,0.14023745129462148,0.07364508311270952,0.13106098059824597,0.05463508545352802
0.18572904982451535,0.046743195068853556,0.052996505839103376,0.1499737628079493,0.12813400147708534,0.05947501420400419,0.04001563060949938,0.28747535177913663,0.04945748838985292
0.08735952117371575,0.012925651005726449,0.062185321187799895,0.04998269564901214,0.533777645155762,0.06978323014506055,0.07815064253276886,0.0778290903449233,0.028006202805231025
0.12703257554060374,0.06609586105231967,0.10506709160236244,0.0654910383734411,0.1841690040875329,0.21830005643951841,0.12240866528851252,0.07673593469119151,0.03469977292451768
0.04008815140658671,0.017612581414023408,0.08198922555666195,0.0857327769418254,0.05828422162565159,0.10748756387135684,0.09327873222683854,0.18326920691049334,0.3322575400465622
0.06743168646898105,0.18822714321962639,0.013269732480692811,0.3160465423143961,0.16178268990328915,0.06462578268138076,0.003033753307092579,0.11569332675985033,0.06988934286469074
0.12276142319976552,0.033680178706200284,0.28179654177280594,0.05183984793994309,0.1478417882259876,0.052162040355834514,0.004439916817887792,0.13832517073864062,0.16715309224293462
0.0737751989211577,0.34178153460187694,0.0877888110040921,0.061008921684779276,0.07834633272187441,0.04817953427243771,0.13241319522320175,0.09916761142708698,0.07753886014349314
0.049949171153915915,0.02502278655531749,0.02849648922305127,0.051956757604120975,0.04152587678293047,0.017698508677520056,0.315748578172133,0.06857358439836486,0.4010282474326459
0.16120717311158114,0.07883761176972905,0.025950933107765778,0.045933435933783406,0.045480300259659545,0.11575772235351861,0.04318947024573908,0.22213000116003687,0.2615133520581865
0.12665839491113562,0.08893323594835302,0.040193660758890644,0.14182916925029196,0.3724867306415214,0.07107671995780038,0.07624238236043869,0.06756932500406168,0.015010381167506701
0.05969696730479309,0.06852237372348201,0.022697182883947387,0.12513889550739268,0.39726804442549707,0.03478541698796507,0.012111305628922727,0.24660761091458858,0.033172202623411404
0.10499536269084135,0.20492145813596838,0.1298250770503414,0.3314904965939773,0.020636364639858715,0.06768389800950969,0.05673206883915349,0.039758797618283485,0.04395647642206618
0.09243442555855604,0.007672218666249113,0.10559993539972308,0.01747669092079872,0.0321150816739692,0.3047178797247249,0.24120669604547038,0.02797781695681643,0.17079925505369228
0.06336044285750714,0.0379803467004678,0.5831798773138499,0.04417248067557866,0.059230590067465595,0.09441245584370846,0.06586431876994674,0.03688787901139463,0.014911608760081104
0.056305718368718415,0.22937689466679254,0.07958191140461544,0.09516029454951537,0.15248019401723348,0.08916968439426866,0.0638245295922701,0.1561807879968724,0.07791998500971356
0.08846326258595165,0.1490961104442485,0.047731383577971624,0.03360198526042669,0.0338775916757098,0.11459455115663553,0.1067971681984684,0.06086589696391966,0.36497205013666817
0.08338987331343427,0.17025009532160118,0.06510708427195853,0.115630298597805,0.15348005747240964,0.07762474945711982,0.013199650816441947,0.2617369821538191,0.059581208595410516
0.09313452157287176,0.11197734482629483,0.11936520509745724,0.20437070312930342,0.0512923285473078,0.052253517532703984,0.13223044633706277,0.11608157315116119,0.1192943598058371
0.07897458298575694,0.33767766159035123,0.09046718161830884,0.15798285342049156,0.02549841332520031,0.06997944739374214,0.03761276395899301,0.07640745807574749,0.12539963763140854
0.09104779729506357,0.17088715879250396,0.06350564097352564,0.05757406728495675,0.37623094079901703,0.10252334171235189,0.02859110917429386,0.08001730733632727,0.02962263663195991
0.09074102097319055,0.04067469140741941,0.04808873371884342,0.09115056797836317,0.49643289704471893,0.03503527721826047,0.027257077138566416,0.13385575088508542,0.03676398363555211
0.04756362888736823,0.2529429021463622,0.0352404340704696,0.047142089901342756,0.0520960359719956,0.031611102347022225,0.12441070701496286,0.03758876900095685,0.3714043306595196
0.2317813653427898,0.06693899522549536,0.17149579336710571,0.16986342294908763,0.12378383895438556,0.06791498533053714,0.007889463682891439,0.10910107852087807,0.05123105662682925
0.19620602982240176,0.1134215575029235,0.06074195084440654,0.058431671630917816,0.3395537714054265,0.08324364052724624,0.045672895335576835,0.04245497616351996,0.06027350676758081
0.053909582182361776,0.24838643544491631,0.05469809726470785,0.17056416034895386,0.13782247572994757,0.1166133897466569,0.012920598502252564,0.11627898414401323,0.08880627663618991
0.15620147653973063,0.026794557949885594,0.2513553312705141,0.09088463822931785,0.08294266115857742,0.14452621402728055,0.1344620106451342,0.07794737346914424,0.034885736710415456
0.05468891869794551,0.2705996793328515,0.09608781678498612,0.04728537531070124,0.13946432180879778,0.05113713955593543,0.200162284676931,0.0897195638855629,0.050854899946288425
0.2995939427549649,0.018274490062646212,0.04511052346563559,0.04345574706827896,0.2574721981370309,0.08742428290595827,0.08528411779910666,0.04517364228813908,0.1182110555182393
0.07472521522235416,0.2237029043513444,0.0689448393914029,0.054392672841798516,0.012558288811631168,0.2088592942720049,0.2118206511449111,0.07944789907740385,0.06554823488714899
0.23004240277153584,0.004700648348834115,0.12134478091193411,0.011503852231928046,0.3857873726716636,0.06361290329484594,0.11520270620127025,0.03841870004505136,0.029386633522936845
0.09445733086523167,0.02919642220949099,0.16286299299922327,0.04220048352872081,0.03162830830088869,0.19495300131535453,0.22244020137930676,0.01635125112727145,0.20591000827451186
