0.1234034936428387,0.053091569590436725,0.029000469150372743,0.1154336059529865,0.07740944757058514,0.018746946243461366,0.50101223664854,0.06118832574619378,0.020713905454585013
0.17111568434004062,0.028483469902176112,0.059459856746893726,0.2530020969066532,0.18742911464339274,0.08114060707252274,0.05525289926095365,0.045857536359909946,0.11825873476745737
0.12501526573782298,0.016591418000911757,0.02600346283537201,0.1582133938885053,0.07613113286656303,0.2749875646401167,0.055677357218543895,0.13235780913695153,0.13502259567521283
0.16809903249742375,0.020980798261422618,0.013773371563807759,0.22770380378689736,0.12728229669714644,0.08775311654867528,0.038622389942656425,0.22571508797541917,0.09007010272655114
0.11963631206120613,0.01681157956369304,0.07862990828275572,0.14425293152374294,0.14687862568304108,0.03336169999783135,0.02779280884852092,0.21624173503984848,0.2163943989993603
0.17308421817939393,0.11196351726712793,0.07337259518129495,0.024719220082316543,0.021381167845997584,0.06619692344042616,0.4059349404546875,0.04602970279568442,0.07731771475307102
0.1511628793887829,0.04093421847313603,0.031127768783358333,0.38532122491259796,0.023472087024662552,0.032013501025960095,0.22409303347821266,0.0633561648249565,0.04851912208833301
0.029078232264393402,0.005571649598125154,0.00934148091680023,0.3916735981792841,0.049824669172436276,0.24365452751059133,0.0068494749019486515,0.1537965922579397,0.11020977519848119
0.20356070735795528,0.03957364526302251,0.07023017127678848,0.10586662518661183,0.13794168261703982,0.031166978769081144,0.04420557871201003,0.10737487788962212,0.2600797329278688
0.18060598411897724,0.03500210017262529,0.024240074055741523,0.16513777140108044,0.0307225579337303,0.06918187280393302,0.03701120477939113,0.2595797341097497,0.19851870062477137
0.19175444855715165,0.2171430127405146,0.060928467376949354,0.0346827123210583,0.0807785392500275,0.08660503875404783,0.0938591480557905,0.11286931750513914,0.12137931543932116
0.3244751513658659,0.0560270464837454,0.032098942060985125,0.02828654705998319,0.03525915547152316,0.03986595443735082,0.29579798863048196,0.042214105505317956,0.14597510898474642
0.11534065661653765,0.02650781978883465,0.08764486379793585,0.10849336429041827,0.08271491705613511,0.1399375434125961,0.028937489901733587,0.21220339851175715,0.19821994662405165
0.12637116578922125,0.052480663144629014,0.03662566674801006,0.030582117301488854,0.07510488912351548,0.06696696249760688,0.11259431840425782,0.2529388415202287,0.24633537547104187
0.09745226180892148,0.006730246796465393,0.047373858058195745,0.12561366660782852,0.10045835976005822,0.3423745131919751,0.00828326377630287,0.1898041479761486,0.0819096820241041
0.1468965330724598,0.05897435028182837,0.03224980271709289,0.03367229489807963,0.05037447945045962,0.07034816782417454,0.48132112898361745,0.029263696503180513,0.09689954626910724
0.06444032446801605,0.4979793796908716,0.03971494223902544,0.049432661444550975,0.03239839900076656,0.035745868591443235,0.2438755984713595,0.02032630646710321,0.016086519626863405
0.1410960015882923,0.05684638487582178,0.0310072398078047,0.2549138046547205,0.02889367239729489,0.02194354419458491,0.3631018713859238,0.0823674434175227,0.01983003767803429
0.12373352705700406,0.042038680990459536,0.03618038924611234,0.07859549192641391,0.07969263213071696,0.08521333144347827,0.07167213357797607,0.19362063897931567,0.28925317464852324
0.04822898164712305,0.020814208339071664,0.09867662131293237,0.29527334668344424,0.23337251558957306,0.013931812374170058,0.05144273395394975,0.05396918079084009,0.1842905993088957
0.04128758051715557,0.09753603558048222,0.3974694658941629,0.07213713886789204,0.17922506891020476,0.029861648050794904,0.041892109126749406,0.08141109659027475,0.059179856462283464
0.07954751113907284,0.08808150167507489,0.025173217313384802,0.12120919399846909,0.08010898285293698,0.0535582987070082,0.46471861966268513,0.036458070460090135,0.05114460419127789
0.2898547130694391,0.0333775774907908,0.08106536099172114,0.16089002413409717,0.1060701256455176,0.08113881327155383,0.03349173138711479,0.13835627633568925,0.07575537767407625
0.11452706484128976,0.05265639162381045,0.026036807598479653,0.15164277218272934,0.04657034283476852,0.07218905530582284,0.37443586443437576,0.11617705877080782,0.045764642407915855
0.1211258757893628,0.030948514667018322,0.0568989922159441,0.12571261204732853,0.08496145746058485,0.07633692009288934,0.3529725384249222,0.10410937826356707,0.046933711038382724
0.07768002927364243,0.02553490382598506,0.12899077081026664,0.15567462048623765,0.11119547608982357,0.03558494348995666,0.21539518126069612,0.07937880105684289,0.17056527370654898
0.12365912506745792,0.0839301976945922,0.044622682765578674,0.07849936204620221,0.08238999014654469,0.050652114528884164,0.37051105311688964,0.11041551305315866,0.05531996158069182
0.03947784414268848,0.06515989670847384,0.5649182879970756,0.038917553959158836,0.11858677405308776,0.031121166206330025,0.020103347771161465,0.07073419994101929,0.050980929221004806
0.18491578723585136,0.13396237644225403,0.07035152297765497,0.049928705973337005,0.12149002380820373,0.02089853124205711,0.2907546580285203,0.09226554539909317,0.0354328488930283
0.08252879892209508,0.17172501263845122,0.03301653925960856,0.041994556474084475,0.05833492343067512,0.03086153902256389,0.4910134803947566,0.06445754547659281,0.026067604381172216
0.11734992033904164,0.055993018346646495,0.11204465590492434,0.05088176181241988,0.12871849416891115,0.08929668443153897,0.09997213910756086,0.18223665402528852,0.1635066718636681
0.15441126448985654,0.03290391262630317,0.07947658200111613,0.031773713592676174,0.22660131081276189,0.15288945843026772,0.02259105793722922,0.19832510310397547,0.1010275970058137
0.037479293690758676,0.06248777807358375,0.6371767507423923,0.019604988751152033,0.10344988719040042,0.019179018191436286,0.03709080479471413,0.04522293214758158,0.03830854641798072
0.11727740463142304,0.06651431159368061,0.038536360217922304,0.03236118296293027,0.03718603647025993,0.06603829548599198,0.3177817251577206,0.3010747073405032,0.02322997613956804
0.15520435460643692,0.039504005264410405,0.04855069390804459,0.2015623565189566,0.054597512046610695,0.03508532875949444,0.2903111736603761,0.11079654130010268,0.06438803393556766
0.1559982894929464,0.08231939913563523,0.036568359770740876,0.10403780626096208,0.02658484361484505,0.03337722664174798,0.4426039728940078,0.031325503747547404,0.08718459844156719
0.1286357824913333,0.06577031501822223,0.055521329123776025,0.2275166020478674,0.15499010070766328,0.07675081656630393,0.18574497103672685,0.04013728062929969,0.06493280237880723
0.1452645138165021,0.12611073658095365,0.028503142972051417,0.12840870046776318,0.0805273635544217,0.08400660952082206,0.15247442048286294,0.06493783755566174,0.18976667504896125
0.18901817585699202,0.04437377138453069,0.029721079428348285,0.05033415395484265,0.07412046691813433,0.09570088246153248,0.05821317854039879,0.2321852122290773,0.22633307922614354
0.2218706238409247,0.02465756064227691,0.05223270924476009,0.08199094107028493,0.019000212951795024,0.07482079516909473,0.34262687872027175,0.14255917729255851,0.04024110106803334
0.1248095631251025,0.13651549252015013,0.061282554588702104,0.1420038839098857,0.10203553097478864,0.04305911809263798,0.19260608369792717,0.11929705935639116,0.07839071373441463
0.05890427500006227,0.15355865221048068,0.020867094938545397,0.00739601009759161,0.03539482823862094,0.03283992598879157,0.5682404363852857,0.029340251307160402,0.09345852583346152
0.09108183658160668,0.018641955489810024,0.0690984102039358,0.11862740947981791,0.049800459447795674,0.14827977006489879,0.3167039954606538,0.10809633981245692,0.07966982345902447
0.11086479256254982,0.0590073765189719,0.020284219122625038,0.06011067315616763,0.04975898319108369,0.021045100526952226,0.5621725019740182,0.06349851717443829,0.05325783577319317
0.11663959835038613,0.06028871504095931,0.031052898232563117,0.05038460859523778,0.0703154755258225,0.19899877718197156,0.1516484311851497,0.10928445691036397,0.21138703897754593
0.06834877510407926,0.1055200099057975,0.03678420658167758,0.24725809200091423,0.05173236766292593,0.03816755445599851,0.34888896150809773,0.07920892814136578,0.024091104639143508
0.07833391371679375,0.004728270322857542,0.05755697232945384,0.4471049752733404,0.053566008731559256,0.15469475693769671,0.0038837547494423533,0.09826785323759303,0.1018634947012631
0.03436964062384138,0.05967690186274538,0.03150955291969168,0.03495072854504583,0.05853273006338344,0.5591201276748763,0.1471730666669545,0.04712482299626907,0.027542428647192436
0.09959312933083819,0.03494871697260015,0.03736228601055679,0.09677023061316807,0.09724174249202251,0.07168873535619004,0.4372595398817826,0.06991136734660304,0.055224251996238406
0.13607198129398004,0.03483376722646521,0.007829415445693223,0.018968608287028465,0.03226172547776685,0.17470895379820725,0.18020511462391262,0.044355099923314024,0.3707653339236323
0.07710551212734008,0.03856693652831844,0.0668813600065407,0.07059707469834035,0.06318788125750092,0.09481257341176058,0.42067417626234693,0.11286640945522941,0.05530807625262241
0.20959970890676205,0.16045605456178288,0.02479982967640584,0.16372028647227455,0.13629470074123623,0.04100145632566462,0.039920593553037335,0.17742907920267056,0.046778290560165935
0.09033679657330256,0.4274977349639643,0.032777963254207794,0.03240179403351252,0.12349672093895385,0.09315414186330521,0.06963777045984179,0.09625593130089975,0.034441146612012204
0.1734270025130383,0.02833722369105517,0.018896401195561685,0.19162493236854736,0.024043489266428044,0.04863829752673924,0.45044510118860304,0.060877632753946094,0.0037099194960811283
0.09838346837171145,0.5686129916474932,0.07344293437609611,0.04888495347655253,0.054922242762333505,0.03985074972850639,0.04045762535086315,0.04054038964246096,0.03490464464398265
0.07357717565560284,0.018897069243804212,0.0348208923106522,0.31929719547107926,0.048054633404589014,0.04198883889469678,0.39571681085130894,0.05271605755432305,0.01493132661394355
0.036531265442604155,0.6160433407513727,0.0655152388035191,0.03305304552723467,0.027617733790025596,0.06944336798778272,0.0636231512592921,0.04444796472473785,0.04372489171343116
0.07031580167754735,0.18257778163592123,0.03125198573781419,0.0674251531153776,0.14015234781429167,0.04341169352246915,0.13516240739510857,0.28870905866707947,0.0409937704343906
0.10210688003358542,0.028923108073003412,0.04759896178745602,0.12466595879901521,0.04239308373027048,0.027000675809768906,0.39703457883298277,0.17975738050998602,0.05051937242393175
0.1815961938188987,0.021778290699472527,0.05858177855791782,0.027510034857304216,0.20877795269703284,0.030227159393595677,0.02672648648307611,0.2156831076214947,0.22911899587120746
0.044371425117229045,0.0399613483339371,0.020838716092042613,0.23593235249738767,0.03221415786324019,0.024524974010710455,0.45514219527725147,0.1207627242362247,0.026252106571976682
0.27012368395828135,0.1720796752514695,0.01787756516168747,0.13879031311423703,0.016288204033434988,0.049846073496012694,0.1456949972953829,0.15018793347003717,0.03911155421945688
0.17072165391219962,0.05779100099534157,0.10862756555491067,0.09202579844322516,0.11555708169758537,0.02696630351459702,0.018239662791229152,0.20121561696125986,0.2088553161296516
0.286779859265286,0.03538328783750575,0.061062716248237246,0.037016488673642066,0.20005221175975044,0.03126797242408449,0.014790092974197686,0.1760031342770346,0.1576442365402617
0.06083594446034593,0.11596240148357467,0.01890060890869638,0.24050756689883523,0.05479599179845959,0.2275674680136067,0.19360717912752756,0.049068940643251596,0.038753898665702356
0.14140106976597636,0.003572266996233066,0.04900449930633612,0.43091407745153854,0.14028560834942994,0.16562708049189956,0.0028704080176522317,0.03591402832498753,0.030410961295946632
0.11490572152332201,0.03327357507320484,0.05340857899316889,0.15089483311224552,0.1147853101099474,0.10232922598726157,0.0968500008795951,0.15968356978686085,0.1738691845343938
0.06267880907671694,0.5868169239994047,0.06196287227295159,0.041101490349686555,0.07075651041399184,0.02402772234434632,0.028779315660053387,0.08979914648389699,0.034077209398951785
0.16047891028151776,0.0835638246311443,0.11228612297849899,0.16442364748248764,0.17408439671956485,0.032443729925212036,0.05339841021430782,0.10454955473973282,0.11477140302753375
0.13746015598974318,0.09478388664246833,0.03805823168906516,0.067411685928408,0.032371462370446386,0.07486139748764782,0.38467715451871287,0.04940974487842701,0.12096628049508129
0.03994235409572517,0.04163401938682019,0.519798242944988,0.10121916050974515,0.13266991420538496,0.01805163081279064,0.03928513160905073,0.03477220404893389,0.0726273423865612
0.15472772416353145,0.04808774923976552,0.05976241535335792,0.11456966126415441,0.0664708300732433,0.04912657867162475,0.35684162022582994,0.08567436713276584,0.06473905387572693
0.12186803062703755,0.04166669047016334,0.08773926713652926,0.33774290769235854,0.11592557135704722,0.04585589041567329,0.05822860244198074,0.07397112832707835,0.11700191153213174
0.034943771129378805,0.09150631944339772,0.5591944636275414,0.06607129893135559,0.09515426443392165,0.014118894222375675,0.025250209634107137,0.04524160755363032,0.06851917102429161
0.05831406171325584,0.04557793436570365,0.0422637129080393,0.0986412811076759,0.03864832665122661,0.027638344557603407,0.5873066751964395,0.06486484648533533,0.03674481701472033
0.0839645377292369,0.06491554687548341,0.026998082423266293,0.080895819733746,0.17384361274823865,0.063000781804003,0.25261462997503153,0.07529957937363997,0.17846740933735425
0.13009869304639662,0.06204836259492966,0.11479998453974448,0.18406714330719917,0.13008002672808558,0.026936040308543813,0.05589551079315438,0.12767334826622231,0.16840089041572406
0.06319130780031033,0.20669003731350918,0.04408669787450003,0.07091666393492715,0.05925888777531931,0.040055232142083584,0.42269274303645576,0.05530850150812618,0.03779992861476844
0.09541245458588292,0.06420764469438435,0.07148466157475893,0.3073576940636021,0.12801022673332443,0.031273674860982856,0.029396799472292567,0.12561835860053286,0.1472384854142391
0.10789308526315555,0.05564333885479072,0.06941016512034501,0.07733646342009211,0.14145654885932687,0.03698173047129735,0.022142774238757924,0.23086680772351462,0.2582690860487198
0.22972419733540425,0.08648476191982774,0.08464059385870021,0.0703921882109463,0.16132708180670915,0.021095420318410784,0.03400387637899672,0.15519683502121331,0.15713504514979146
0.15261630579000432,0.06749540114868448,0.033377556352530105,0.044496064990034306,0.025690915303993464,0.04756602168945958,0.5201150751886726,0.044609849086421405,0.06403281045019982
0.12369268208502353,0.06882866081468526,0.06817160301760934,0.09576229441137245,0.1595384618305681,0.051610055424754366,0.17476772304196422,0.0770128979425488,0.1806156214314739
0.1541772916226669,0.0890248897549362,0.07732352264475655,0.08415006468350429,0.2248963520224021,0.049590214525026176,0.027390489380055994,0.18093934925677538,0.11250782610987638
0.13690914955655764,0.042094846944866614,0.020397231752658566,0.014307710796914015,0.0418990348776719,0.1141855178975737,0.4420968675853752,0.12720696013308921,0.06090268045529304
0.16252642260424152,0.02134296574605521,0.0874040938841607,0.1869898176512965,0.14845124410050126,0.11892525947822129,0.023118622788419908,0.09029228952523331,0.16094928422187035
0.056262502395489876,0.07266276803738063,0.4789769728783742,0.05697954714503395,0.12618443190472195,0.03629168986445227,0.012687999767173894,0.08887466024906243,0.07107942775831083
0.33864935989029527,0.11522487768031638,0.03665424597275684,0.06038561829828046,0.07704255970065997,0.021094418947490496,0.1553693290960305,0.08590508758851222,0.10967450282565783
0.13690914955655764,0.042094846944866614,0.020397231752658566,0.014307710796914015,0.0418990348776719,0.1141855178975737,0.4420968675853752,0.12720696013308921,0.06090268045529304
0.11024397962509926,0.023162618847627187,0.09088910477401545,0.10039193233258681,0.22591296922942503,0.05152506972931564,0.09275550138192701,0.1684966855689576,0.13662213851104602
0.08184263492685862,0.03631911659679931,0.027934124238893576,0.12089453896085077,0.06975640913705598,0.054705922935202655,0.3356326419607809,0.23909539524083442,0.03381921600272369
0.1436925010869869,0.08748620365601645,0.02615126126713473,0.16530979597475196,0.07075034478958463,0.040976693587183234,0.1472136968324951,0.1402911143324175,0.17812838847342946
0.30228586331920515,0.08032248177038147,0.017104065572332443,0.02740930984390939,0.1757839948535285,0.029960294558028316,0.010333058763000143,0.11889681328415373,0.23790411803546094
0.08432119472232531,0.07539823545555523,0.04266046746463312,0.08496370432239132,0.04622632747913124,0.055803826583129074,0.3987283774965343,0.1471854257447577,0.06471244073154274
0.07606218380480816,0.19174035456085559,0.11045884778085363,0.02246547086919269,0.02522734503920955,0.026774563706316677,0.4564391539079991,0.05365506901403416,0.037177011316730395
0.0634567812764693,0.034203907552895645,0.04722654934150469,0.12014140739028656,0.033934965374327726,0.03444137990091638,0.5540426645876998,0.0529741641180878,0.05957818045781207
0.13296636663093228,0.06005444119409765,0.03419700656301387,0.04030995133911363,0.12443090195700618,0.03388571622428104,0.08003572246222868,0.26142936660974714,0.2326905270195795
0.18966356234678794,0.1017622801051948,0.08330355793623662,0.0391346367130456,0.06357440198836839,0.046729009951434995,0.3587165102741919,0.0477887196354752,0.06932732104926463
0.07899612270251334,0.01855658406729793,0.05019928342442823,0.14615975755777055,0.20373454038123276,0.08298870495139686,0.17348197947269453,0.09183021510182617,0.15405281234083956
0.0875331516658422,0.2070048333458758,0.03889828817444462,0.22720861654787491,0.15272885815060958,0.172238513818314,0.014848844065687853,0.061279468040225264,0.03825942619112566
0.0332104936488677,0.026782073902721693,0.12664097813423705,0.39278960698229043,0.1664061176058458,0.024715016220078864,0.06360916340617188,0.10933267735917256,0.056513872740614146
0.19142246851624378,0.0657132629632128,0.08120683319304305,0.20258501241146057,0.09238601066511555,0.05308212712966479,0.048052161604180854,0.11768393008553686,0.14786819343154178
0.1397458288968159,0.043365254503908456,0.08766891230380436,0.20942697086454606,0.14963484248445183,0.05205402013394323,0.052578941405298285,0.17742619518436994,0.08809903422286186
0.04701420060267731,0.016816920858143115,0.04167950257417894,0.059315829954235844,0.19199877006262198,0.26243107807963023,0.04357194225759695,0.2628624988058251,0.0743092568050906
0.12845269771360185,0.09149884734484309,0.03824267222554104,0.06374282931071916,0.031243410263762966,0.04277159490709271,0.49658304174470724,0.07160969667483073,0.03585520981490114
0.12957313574283028,0.09015828779828915,0.22281313292976346,0.12490898327636553,0.13049133588282635,0.017420217753144163,0.04523368213324693,0.09611780791744456,0.1432834165660896
0.04262086532742269,0.0996404626308492,0.5212047784978985,0.030820621494380543,0.13186412804601833,0.018043988658498007,0.019575647449147898,0.08308354271261098,0.0531459651831739
0.10036868619297214,0.04008827802125766,0.04206520100906889,0.07267570804312173,0.03856339367683726,0.11381026826214191,0.40413312210051994,0.12397573455789897,0.06431960813618164
0.1114928921218155,0.07017294680723526,0.03352607822832029,0.02028727848479883,0.019699265501616464,0.060422234844940144,0.5568366211728316,0.10751301583916739,0.020049666999274462
0.08750920818389246,0.036984826340393795,0.01670926096081689,0.289888183877777,0.04191008535866433,0.009415218105891389,0.43326013240354744,0.0690491922356531,0.015273892533363467
0.1936253598397474,0.10336758378487654,0.03587946713177951,0.04355965103564854,0.09730984062001481,0.05434775988852336,0.02560789600105845,0.19948214212832216,0.24682029957002927
0.15985749957533027,0.04237611658602549,0.12735926843869871,0.3393096233452138,0.0627869702051285,0.02330269246478724,0.039914289112145916,0.16947527748743316,0.035618262785236866
0.14317299153365975,0.04958707916621296,0.06795608633636002,0.20095798369773232,0.041520807610249934,0.04496231238682677,0.19984996135768843,0.14551684545665566,0.10647593245461406
0.13537940056897624,0.14365316984735482,0.0192985622972719,0.13096158918865555,0.08332247101976152,0.04097397920406424,0.28010520148109597,0.06341834960308766,0.10288727678973213
0.21901874166971178,0.018948336784331696,0.06586567052764376,0.23365138487864545,0.08501098788547427,0.06619676497571286,0.020327882113011658,0.18438900217498286,0.10659122899048563
0.0674011844943122,0.1549525237747378,0.0806646151208792,0.09306803056549685,0.17728842204310888,0.15602869571779615,0.14693311736832254,0.0744817801516494,0.04918163076369706
0.07817019345047081,0.23452764698294956,0.060894136409205525,0.14621597940780034,0.07229672134238506,0.03574303013084729,0.18381431114668734,0.05063710341256511,0.13770087771708905
0.04566890413126082,0.10720876426540676,0.54333225489054,0.043534197303228474,0.062468807636635655,0.03669910516853861,0.0216644841627024,0.07519864424038329,0.06422483820130391
0.12060244349704784,0.014951149379020654,0.08796910968933323,0.2367576920483769,0.09389467446405327,0.20414554694699097,0.0725206358429482,0.12303450868467375,0.04612423944755517
0.1974879598774966,0.09896036500402199,0.044690682320083996,0.18464895578286103,0.08511618053064672,0.1065279541784932,0.039571913888291066,0.062046592386197384,0.180949396031908
0.05598433538799616,0.025357785483030693,0.0809613629023355,0.3211531658793124,0.1842097614785921,0.07315849949261782,0.009802959068246674,0.0948936660195161,0.15447846428835255
0.26645203533409434,0.03949443747580675,0.10664856431175979,0.14581233238367639,0.15491123140566398,0.03736977437673858,0.03458915946973789,0.09773357634941454,0.11698888889310775
0.055893521532481456,0.5466589073251638,0.039020407146693914,0.050592568203240235,0.08792110263433266,0.08096453655306617,0.01502123015416057,0.08810148652469217,0.03582623992616905
0.0634605361927983,0.12573664230456574,0.0421443650642109,0.05172983364428831,0.06016866338128673,0.059169430634568414,0.43294243287982986,0.09741488935088534,0.0672332065475664
0.06988862176889381,0.026152039520343413,0.013284338505227538,0.2929726209859202,0.06831587845584378,0.09086496120156619,0.04219086551429505,0.25105518635430557,0.14527548769360435
0.07738047145058506,0.08708794912335154,0.026431610110182763,0.09300084159372142,0.06215013808287739,0.016109501234498072,0.5454414151992482,0.06577127791040327,0.02662679529513234
0.035529238829673765,0.14255300031985307,0.5171856747615745,0.018272920696709938,0.12064063716083544,0.024675518269623678,0.04149917565442141,0.03790963999419069,0.06173419431311741
0.1195023133703584,0.40421061272311015,0.16621197450836225,0.03092339734144547,0.0960425931394761,0.02742848473685634,0.039017600775591514,0.052807538693744306,0.06385548471105545
0.13083995448077437,0.030311904669031442,0.02433036490461282,0.07525137313455683,0.05666056129367617,0.02079841802985885,0.4445322707476263,0.16427257591186306,0.053002576828000136
0.09675971923657457,0.11990077892626273,0.014400997632531063,0.06509354795127925,0.08179496450565878,0.04899320413325645,0.46432330919691633,0.027236543770179325,0.08149693464734153
0.10308795717795498,0.04260291421800073,0.02386986112605254,0.1476555130117294,0.05748477813510769,0.05826609290847599,0.4112068573885139,0.11349190408349319,0.04233412195067162
0.041596810761625906,0.09416163553330888,0.5529821706908078,0.0168146586249222,0.10521960005985775,0.014341392867644237,0.01960175064997529,0.06486092383718547,0.09042105697467244
0.04150715648902771,0.4672618713303649,0.07119933332160523,0.045824628644043075,0.11451011292558516,0.039100125507081154,0.14151143012021553,0.03786841185734161,0.0412169298047356
0.15215607386044946,0.08288506760424806,0.048407411018157716,0.13147141181044564,0.226220580436175,0.02287528055066683,0.009721633446433365,0.20812258070378994,0.11813996056963401
0.11867490914895261,0.0610115313462793,0.146240483866003,0.16350192650434978,0.17426230749524452,0.07581899648696461,0.07300315790557539,0.09415544158384925,0.09333124566278155
0.20682416064426637,0.05749148882599595,0.12612255585774038,0.0773607592088234,0.1277173918673454,0.10814386565439825,0.04115205063242106,0.1194551730183575,0.1357325542906516
0.0598305743264626,0.1932596014069433,0.08705018436717378,0.20022670785261595,0.06710467122490811,0.049054009905580544,0.23798075151692463,0.04647963922009556,0.05901386017929559
0.08649486752665268,0.023660540093526777,0.04160553501690276,0.056589523266861,0.06071290340482794,0.014173625403519787,0.5598489980348155,0.09876674989547378,0.05814725735741976
0.09425731978298589,0.2763759538101748,0.22953378894394924,0.050456936663120365,0.09318577000245366,0.03033040114737919,0.12159416061587795,0.05794512878624813,0.04632054024781077
0.13661539121503538,0.05870708261295072,0.040062307731265484,0.013778102496747121,0.042464376572217355,0.04772860746422313,0.48680345090424865,0.07700424986686792,0.09683643113644418
0.052183213760227866,0.10758593275307865,0.5873924175514788,0.01911472381532019,0.08289250699981832,0.015487957429684498,0.03017791016877387,0.04559166237633142,0.05957367514528631
0.046397186276078896,0.09639452822866001,0.5306315968829066,0.06066697508216309,0.09565611231597264,0.03471242952492421,0.040536041261602616,0.04493154880879744,0.05007358161889458
0.09888426353910755,0.023458934549138843,0.027885348141520976,0.1240923587705965,0.03928034036930162,0.04478720696542799,0.5164721543682252,0.07643567371413697,0.048703719582544325
0.05298585759564164,0.1300794474051217,0.032044144533152345,0.2627772798740825,0.07954653377271863,0.11219444526443363,0.24964960961878102,0.028560980286055998,0.0521617016500125
0.34275951168595703,0.065126871925611,0.03470181012872469,0.02873262471221009,0.23728176207316776,0.02463611935457527,0.013232588458895795,0.13848184324715793,0.11504686841370045
0.22725496153283153,0.06038107306121541,0.10937219716704512,0.02225515386325343,0.1810766557172776,0.05358443484501951,0.16667397846830093,0.08571698164533854,0.09368456369971785
0.1504087425113243,0.039640572586686296,0.011052904356268203,0.2238402859901367,0.13310479167639794,0.05208639265432213,0.006951013840938124,0.27257603956483273,0.11033925681909361
0.06490023969003604,0.03989381483980876,0.04361308547844386,0.07985473812856637,0.13730884022419979,0.04880503919835801,0.45691405568587307,0.08270843808034582,0.04600174867436834
0.2812833359737587,0.14736521467895589,0.030020745264616528,0.013574516192210501,0.02759368762871356,0.038729390481022995,0.2774343506980334,0.10420039627873194,0.07979836280395654
0.19986368154985282,0.06316042214013458,0.030934977281508746,0.01721611535038164,0.06872116769814121,0.05269609108183838,0.009089833452614297,0.20636543728610876,0.35195227415941965
0.10924870766674867,0.06751830133953406,0.020856262244478892,0.022393911339008876,0.04077085913130262,0.02882240229318689,0.5684242203865174,0.1225246678593076,0.019440667739914905
0.23731184315498263,0.012912730639785359,0.029484121019120412,0.02616955357602665,0.061118090212935065,0.12386560790528245,0.022100283225230746,0.30335366730690233,0.1836841029597344
0.2234091683752364,0.03552794182610785,0.05875244436189633,0.25122453422374436,0.15182748281652703,0.06718530256468544,0.020254298737370807,0.1119716061259894,0.07984722096844235
0.24234848532611583,0.0523174101845801,0.0524303925293737,0.06466327792110328,0.15096723110381488,0.021300218029764437,0.13561636380466438,0.05849516453392348,0.22186145656665993
0.11933476332809495,0.00774607783559372,0.060378073371485395,0.43852458113722775,0.12072615345324765,0.03678584736323226,0.01305638569216884,0.12325820057844121,0.08018991724050832
0.12411584199558277,0.10083373880758746,0.05805539041700295,0.01615797516622707,0.06400275036378199,0.07962876955641944,0.38240285113412736,0.13114050872717262,0.0436621738320983
0.39723095090498156,0.038498487490633136,0.07284880553219625,0.09420234270006418,0.12653487544826614,0.06466543172765109,0.022970021265430407,0.06713310073272821,0.11591598419804906
0.21788193817752344,0.08372724239614236,0.032075981866769826,0.054671366769999646,0.09884832708425227,0.03505270754413991,0.13789431272653313,0.1387384777264902,0.20110964570814915
0.15348522467224893,0.06639437357904666,0.030413983641087855,0.025272768073328,0.08515675849182847,0.07246657031897015,0.31201506187070466,0.11685499279298432,0.13794026655980102
0.14027887226061397,0.07034606191141285,0.07033723625280021,0.1658957045485777,0.17101812176390493,0.07873433185421715,0.06347677041368134,0.11974113482078964,0.12017176617400231
0.06036641835731075,0.042307185359451445,0.07080040503724973,0.19571345921635355,0.06523264287998468,0.050706948350428584,0.41807753661458413,0.05885862044029704,0.03793678374434011
0.08923238664335331,0.03084255246770728,0.02180623005510483,0.10255109905661841,0.11715018511172419,0.15684227788247543,0.033207958509992946,0.26980482603424083,0.1785624842387827
0.0917835258782006,0.04226506046894294,0.03797850603910633,0.1892649870514044,0.0905621493929114,0.1332534064209457,0.09142588282505577,0.2745326709190428,0.04893381100439003
0.04619251067098224,0.11234319876636922,0.02064045751806623,0.17304698603035562,0.059976578123463374,0.04066401267561567,0.4546279139598221,0.04778653403522146,0.04472180822010415
0.044137360606412435,0.023439720873829156,0.04726794769181991,0.11111072027314779,0.04977221640333982,0.03207636177853568,0.5872805885141911,0.08287360433808653,0.022041479520637428
0.06332963757960372,0.1966088979898064,0.29044514668773935,0.04949852374473588,0.07622361205832194,0.06691570037099437,0.0819125047742622,0.144682392004568,0.030383584789968138
0.13767173676795028,0.015315610705686362,0.13784166399752282,0.1004168556890746,0.21109009022295902,0.04892330243838389,0.016680725864045013,0.1622844210481932,0.16977559326618477
0.11164659355168711,0.023067971629120762,0.13617384362740684,0.19686495417695524,0.12116138581838669,0.07595179340712949,0.056967970414240184,0.12086989983938042,0.15729558753569323
0.09988520954491915,0.04271906915445031,0.07020035475965143,0.23526906353087038,0.09214533431015669,0.10761703885717999,0.2241292119566923,0.04959567734352626,0.07843904054255345
0.035353541175061155,0.10320586286946952,0.4817892622190052,0.029661898851458864,0.17674363720578104,0.020097825507933514,0.03782455009336782,0.05864608552822598,0.05667733654969687
0.12087833515231207,0.033282702831045924,0.04844743845584839,0.31392130219103714,0.10016069385036341,0.09382426970010128,0.09831019913887391,0.05722061685400209,0.13395444182641583
0.08541697266546215,0.053994699983952975,0.01996357461458389,0.0715782277245805,0.2203700584193037,0.05861710286189716,0.11704735228600098,0.21145078295986117,0.16156122848435753
0.05743027432438441,0.02916386707758541,0.01546766871919692,0.059900594620816365,0.11225533990822494,0.10481095766344108,0.39390048080164686,0.19571103845451043,0.03135977843019358
0.10003665007968791,0.03943117461446289,0.046735381924969364,0.06039506274303883,0.14088101547766765,0.18817305407163123,0.050824307698800496,0.29684746071940177,0.0766758926703398
0.13661539121503538,0.05870708261295072,0.040062307731265484,0.013778102496747121,0.042464376572217355,0.04772860746422313,0.48680345090424865,0.07700424986686792,0.09683643113644418
0.12790239580753096,0.07427670357306838,0.025836903889742042,0.15185246124527352,0.02876124046528061,0.03202778986987078,0.28711053333502545,0.2436466317880175,0.028585340026190665
0.035492358558562094,0.14045577651177069,0.5113023785361409,0.04478075213817324,0.10537850108403878,0.01884613812892971,0.03541722374020464,0.06589597705537578,0.04243089424680435
0.08780351383714356,0.08084297655960708,0.053112986979747,0.07860378468217569,0.05138726465664654,0.08017468223344082,0.4201438063699441,0.06078914019809544,0.08714184448319977
0.04289705423393685,0.017403931446617924,0.018040172320484594,0.37840907528697726,0.026395481195639187,0.06241787574744057,0.3104694872071765,0.08545697192380784,0.058509950637919396
0.1485850845276983,0.07148139516255742,0.054281523617797776,0.06683490849356104,0.11346196782843038,0.03154896986065054,0.052627510862886855,0.06349635206285147,0.3976822875835662
0.1435612698124238,0.19964149281004442,0.0785462264317573,0.07651037507849294,0.10851438915300916,0.05265427394128255,0.23351412803589966,0.040931517498589066,0.06612632723850116
0.19013654783770959,0.0745792196772408,0.04879220638958214,0.017239701355713177,0.0255684109178871,0.0712324017746529,0.48256161614256216,0.04407135239569035,0.045818543508961855
0.08440450876097984,0.3465026887845424,0.011996571847629115,0.05185161935507274,0.07411907238138256,0.10394678244422435,0.039976694998939986,0.2272231376926546,0.05997892373457445
0.037271203740468446,0.12315703221210751,0.5444912849317466,0.015101119868541568,0.1324105721876002,0.027062490583980348,0.029753823192574396,0.05311717498390208,0.037635298299078745
0.08387443996963932,0.5136294892026073,0.058486974142409644,0.04968541515254447,0.09182396364979223,0.03800253525264865,0.017549069467736853,0.07970735642398868,0.06724075673863289
0.27322959659499024,0.06143031158794628,0.07141752927249881,0.12439288412918348,0.05262850939922773,0.01407619283254731,0.271161135478072,0.06631086377645107,0.06535297692908311
0.09324867216578875,0.018343607755636503,0.06556399019047106,0.12587163815416366,0.24010787377112433,0.09087208280018703,0.007321877810416017,0.18181258244796064,0.176857674904252
0.04701420060267731,0.016816920858143115,0.04167950257417894,0.059315829954235844,0.19199877006262198,0.26243107807963023,0.04357194225759695,0.2628624988058251,0.0743092568050906
0.05383408032404643,0.047728049163208185,0.04375543037421581,0.05656355761913532,0.024724531580344555,0.05925829449241654,0.6256001765789856,0.03245672218336266,0.056079157684284876
0.08593395820460097,0.040219546034058536,0.04081047998039251,0.17625026931034005,0.07629212724842847,0.052753815630797056,0.4475527813426443,0.05324249537711051,0.026944526871627558
0.1483515749065029,0.03763982985698874,0.078916833612073,0.07252533387207931,0.10273779614271038,0.07481581492921512,0.16399651986717545,0.12339408800074396,0.1976222088125111
0.03251463411806694,0.004636227369036715,0.015967398922024985,0.08625215361560741,0.0901248444684885,0.09601521636140403,0.01466357144696899,0.32470275917491703,0.3351231945234854
0.14425374314288666,0.039300715157957265,0.015582890070390923,0.025042736280767253,0.10615496342316134,0.0861806382493032,0.004847538781034672,0.2904272220542676,0.28820955284023103
0.03873269253012777,0.12007861211636496,0.5408433993417047,0.020125812446298214,0.0935138772377735,0.032744491880083576,0.053425832738151276,0.06354840030360406,0.03698688140589204
0.15070245316036493,0.05601621205315859,0.06883516832512547,0.10230088036723518,0.10258809593385805,0.02777873301467822,0.0846536672691695,0.06556561255363814,0.34155917732277197
0.14818183390660167,0.10315640629705337,0.05388053858405265,0.12663035499951233,0.1542076736976847,0.07385112479961992,0.20514018937285097,0.057394510765664375,0.07755736757695998
0.12637382576951503,0.09059832464768357,0.05300595674273275,0.387747915918716,0.05980661949720795,0.04765702078894296,0.07641134099987516,0.10560238557922179,0.05279661005610479
0.10539323017314771,0.07359146135029197,0.012810738409467651,0.07636277501040493,0.08035484763416524,0.17543832306061777,0.16858558454484615,0.23743040937185134,0.07003263044520729
0.10468358585632102,0.06592615613631174,0.18892009882071936,0.06641537505535598,0.24869969751925627,0.1269251398197523,0.03883551793948862,0.07310619161835717,0.08648823723443759
0.21350286944648147,0.01968002261093556,0.08124972996935381,0.04457529890501918,0.06849606508718138,0.05628667354980949,0.4633826990697263,0.03881682231118528,0.014009819050307558
0.07150948686523005,0.023533583041990103,0.15143070350127463,0.15049269721751943,0.19995047372255617,0.021558348539472024,0.19746310423487015,0.053417890102426036,0.13064371277466125
0.09724908496524613,0.06571393263239324,0.015684055150194987,0.14937073480830834,0.042867057948837904,0.08709712076666842,0.4033024776411176,0.0860968026600265,0.052618733427206806
0.09579318658681918,0.04310466435989257,0.01630922829813018,0.04419891051471372,0.019676824640001707,0.09308451770103628,0.5369692675344181,0.0793668234375871,0.07149657692740118
0.12188230004368394,0.06707890762307175,0.11678751963910179,0.05056775536683413,0.3132472718655972,0.08118631184477752,0.11575769914190386,0.07851350387739962,0.05497873059763018
0.08937813627389386,0.035464751880997424,0.02562395809377638,0.08587912206243886,0.23615288131513582,0.17683842504395608,0.018814208162631716,0.10592798821586624,0.22592052895130368
0.06883474025349035,0.6053057749328378,0.025594827421367303,0.04633301077063711,0.04874534376858735,0.0351727138241743,0.023756176435019465,0.12758570160400676,0.018671710989879697
0.07427032909927966,0.11671338685851583,0.052687125804089796,0.20459108582889138,0.20984987662079735,0.10365828386902676,0.11665394980290544,0.05464233722866819,0.06693362488782552
0.15307124230532695,0.0321345938447015,0.045354221272581534,0.045779577900275766,0.07278156938445994,0.036648487911309625,0.44095580288383013,0.08723532801782037,0.08603917647969417
0.06461540513274583,0.011590432723607463,0.07656312235350028,0.5334776863792849,0.12540506203919158,0.06840548451860991,0.0200861728831691,0.07000005289180662,0.029856581078084213
0.047279056626761344,0.1584056685964154,0.5264492469064285,0.013810963441782892,0.06396945606405198,0.02799495375051778,0.059319456044449,0.04420436865244346,0.05856682991714978
0.05646376850906576,0.06957807983228088,0.5550454550920195,0.04710382982980349,0.07046239278419483,0.03563244102624718,0.04039203200901952,0.06109027099296336,0.06423172992440553
0.15191550960857717,0.07649964010852793,0.07866931938675902,0.09189738349331779,0.12467994814663562,0.039296603393106116,0.20534101799949855,0.0705396102112199,0.1611609676523579
0.26329748595699726,0.050791024785568635,0.07820550192514561,0.03216251062289625,0.17847953997892674,0.0364331169896418,0.09226803771377305,0.11182482358600614,0.15653795844104454
0.023706098286753918,0.010750785295312733,0.025838693757728567,0.2923854401934881,0.014660569182845614,0.45594756156150673,0.05808776964020044,0.0978333800317404,0.02078970205042353
0.18930536683135946,0.05627333983601141,0.01867676183643488,0.056515637158813574,0.05633951333917251,0.020617391437335125,0.38445148629966647,0.022024826074303682,0.19579567718690294
0.12036549513131777,0.01750024204549977,0.0343238475141705,0.06952526654615572,0.04844264229191133,0.028600768937893355,0.45110030997436007,0.1760463702700867,0.05409505728860475
0.19935337302979275,0.016742127592172792,0.047856258564436795,0.13548287547901006,0.11189362990032299,0.025206437235503365,0.10650308836304645,0.26791779121652376,0.08904441861919099
0.21146489837792867,0.06151837445497099,0.05731297848348434,0.2249515336973795,0.07540133957480472,0.03227192232076538,0.17371955435230865,0.0492505570357328,0.11410884170262488
0.16051678471410402,0.05148009999928118,0.03200271053199586,0.09114696459651035,0.02753152267692067,0.039392560114968826,0.42245050200112444,0.14298056614700339,0.032498289218091204
0.03767820869820313,0.12892267992652717,0.5756832922000084,0.025770069931826487,0.09263075830438432,0.02865830301824532,0.024953087549951864,0.041984807697909916,0.043718792672943485
