0.12811269907992304,0.13968184008891812,0.11227332780620618,0.10433559149284144,0.14262308337405802,0.06914119436195008,0.08207165017092632,0.11791570432197884,0.10384490930319797
0.1001112062339331,0.10749203081781489,0.12004943030026925,0.1171418402114053,0.11592331162467635,0.08800341847139354,0.09684149298460636,0.11836012083947893,0.13607714851642225
0.09290839077592183,0.12639384849828392,0.13327375697753152,0.08750912060829803,0.11008667302148524,0.11307043941238777,0.14514678015856367,0.0965336005793988,0.09507738996812924
0.048215712998521044,0.08087891346138765,0.15776230518706155,0.07434786641881273,0.08391957389360943,0.15624736122488816,0.1965799407838734,0.0834270511869673,0.11862127484487879
0.1651670435500624,0.14331350326791378,0.07986327682548638,0.09414968264061341,0.1229596627722867,0.09692665021131418,0.07428342313385732,0.12950126409584994,0.09383549350261584
0.05652669420933501,0.07854447705734478,0.13008928088723617,0.0823456329069854,0.08538952533512116,0.1777029557657984,0.16843868461547254,0.10035411211814864,0.12060863710455799
0.13307610685674007,0.1204062747780913,0.09019131011083731,0.12196780052672439,0.1149719467764938,0.0879178919977636,0.0743547736417015,0.13647954071817267,0.12063435459347538
0.14550009140966388,0.14803886681371212,0.09714975701585242,0.09620003270719545,0.13677306691015814,0.08065956892008543,0.08087352614072096,0.12229287269159905,0.09251221739101255
0.08913999499125579,0.09551159273160918,0.08226158799569128,0.06415810219672834,0.06889983247085475,0.29725190364851506,0.19071299873579006,0.07031884373739063,0.04174514349216498
0.10036885294768376,0.12210358485938239,0.13408311157896777,0.10304874321337183,0.12613009878971324,0.08003927084287488,0.10893108250817007,0.1061308188652259,0.11916443639461016
0.12155822106659221,0.06623367387299965,0.05388018992289856,0.11462353340808369,0.0638794650828497,0.25197803059547647,0.10206023032883411,0.12083550496804563,0.10495115075421997
0.07393995337862286,0.08843610659060473,0.12102181213815627,0.09590836277357817,0.09324263432781398,0.14936202147278874,0.1395382630812645,0.11159964086793718,0.12695120536923366
0.14734451788168426,0.15200428137388283,0.10604730956420684,0.07770992066977588,0.13875836714380216,0.10431660241338218,0.1074186314065463,0.0964943891507805,0.06990598039593904
0.14382647971500354,0.13578273150549824,0.0846723456706077,0.09187539929706123,0.10248647469923362,0.12914576615741646,0.10129473824750558,0.121027710690005,0.08988835401766872
0.03856980553372864,0.0736612328857088,0.15037711004563792,0.06566979952937622,0.07160073357782387,0.1970702447706617,0.23470103652825092,0.07308046306924228,0.0952695740595697
0.10119866386468222,0.13816078227170583,0.14563330345673695,0.08592828639512666,0.1319372878637713,0.08437029163089244,0.13559280669078858,0.08740199821725643,0.08977657960903963
0.1215555881704156,0.1047228833413054,0.08474454446102515,0.11651258501995403,0.09273464354284562,0.13276053799519985,0.09625400212804984,0.1312692044028491,0.11944601093835538
0.02166508236000959,0.04674209698576028,0.14961699184756197,0.05983432061009064,0.05648497149118292,0.21713198982807988,0.2725946386954603,0.07490525753800928,0.10102465064384518
0.0891958638205443,0.12371234483017977,0.13340347707209935,0.08576450754778374,0.1062063836994573,0.12102748338789454,0.15187813789425111,0.09517197271759754,0.09363982903019226
0.06742870040136413,0.09119939035197931,0.14079887267619587,0.09059984538688019,0.09680291328299595,0.12975791977703266,0.15048587088177437,0.10236878777182123,0.13055769946995632
0.1420441373365713,0.13799719975678895,0.10305046220787174,0.11307328614763344,0.17702635376219597,0.04565711673377037,0.05108923236778501,0.12625075590487903,0.10381145578250421
0.09636804509899888,0.07955919259480448,0.1018209043791594,0.1634495111900929,0.10728598346844359,0.07839478199822737,0.06467758441609661,0.12874345232593878,0.179700544528238
0.08190104640916619,0.1191609350301525,0.12910294879898607,0.07950340437919848,0.09583438629413789,0.15002927066393412,0.17092624970226852,0.09011148624249792,0.08343027247965829
0.09210640672403293,0.12431188370349537,0.14728309630346012,0.06634076970573932,0.11137889570885291,0.15201379211055685,0.1946443968134356,0.05855337317074532,0.053367385759681564
0.10516616157772589,0.13790503567315263,0.12168236166541767,0.08295990511415403,0.11016456581526463,0.12308797142830513,0.14398278925242136,0.0954815012455383,0.07956970822802029
0.10285343162648623,0.10145941248895769,0.11383000850351789,0.13061201003007136,0.11705230283575896,0.08088653076350581,0.08244297310063453,0.12357346671030796,0.14728986394075955
0.1010955332874351,0.12655093062140768,0.10344964549006953,0.07765752748871294,0.09023802315809952,0.1785042319599988,0.1573654249946215,0.09494536693055372,0.07019331606910119
0.1311103298296267,0.13782593727494682,0.09651712919980271,0.07315050332305888,0.10129172112178109,0.1714395980608071,0.137487312646473,0.0901282492428822,0.06104921930062152
0.14097488901365987,0.1428247377402393,0.10325734140863191,0.10673988921580711,0.1597701353589948,0.05707908253570704,0.06325545802918486,0.12492667148155263,0.1011717952162224
0.08123660465936781,0.11780817644297614,0.11318934895963678,0.06825160822468777,0.08285557676034616,0.20907760820328658,0.1957249985318054,0.07585195653959396,0.05600412167829936
0.12234784561596969,0.13466401767499694,0.11402581802331808,0.10607841882796971,0.13458052177508553,0.07477207525629377,0.08778638696997869,0.11760862971204585,0.10813628614434172
0.110458466319089,0.11015218188289826,0.12063231401367691,0.13521155620835518,0.14534331865611452,0.053038216309987174,0.06267010429327871,0.11860797208958485,0.1438858702270154
0.13101006007531185,0.14485424243487566,0.11634391803250001,0.09976611543901344,0.1570958755161052,0.06090259379215738,0.0789959376593866,0.11278038620139262,0.09825087084925727
0.13813212596190982,0.14192663182731663,0.0990188568591399,0.10169744452246227,0.13064703789105914,0.08226035080986345,0.08285294103286583,0.12436310896594338,0.09910150212943959
0.14558925897625893,0.12189291921332927,0.08038920892865901,0.1244275054562302,0.11549841556678986,0.08364460306102668,0.06354005640664058,0.14461310101256325,0.12040493137850215
0.10650900633899713,0.13777069484699925,0.1141179119469573,0.07649491428379836,0.10205826731301476,0.15102292902548062,0.1555911706707427,0.08932911184024199,0.06710599373376794
0.07888878729469567,0.06417965193560762,0.10030089160658268,0.15869972896590964,0.0936479275902255,0.10543516726548037,0.07752135420008922,0.12902978881783583,0.19229670232357346
0.029276313931397475,0.06191979830435262,0.1344951481427574,0.0587811458849547,0.055024917682541565,0.23875432911058972,0.3007027216886719,0.06556418684968628,0.05548143840504832
0.04886726269291364,0.08607004464111918,0.15390160240167997,0.07093839613803775,0.08130021495009628,0.16964411659677858,0.2116566112527479,0.07739988182298448,0.10022186950364213
0.11585531375975393,0.11345883048241083,0.09783519811395387,0.11205502397284413,0.10320022236977831,0.11439149912305162,0.09968027086756405,0.12613824381494265,0.1173853974957006
0.12541766883437785,0.13702972698981145,0.09714391374612863,0.08660867467979251,0.10244657210148637,0.13719767344584874,0.12250383591941905,0.10973009945407301,0.0819218348290624
0.1025212575739456,0.09744905620329614,0.11408150792198896,0.14129425574174045,0.12190649302748706,0.07014180802549719,0.07147993739533419,0.12372923103806421,0.15739645307264624
0.04928843500248032,0.08357684039537404,0.12883958425398864,0.06945886903213239,0.07510845006969101,0.21348958357448786,0.2140370965002006,0.08129070099509593,0.08491044017654918
0.13239916153600026,0.14641446007075912,0.10800362454342606,0.09494192978189703,0.13384374645481853,0.08344705300103794,0.09411324447445947,0.11455570238814705,0.09228107774945445
0.09501781616683684,0.10261308037640308,0.13038156496509282,0.1235496286147255,0.12457601455252398,0.07107828372905341,0.08753191508763525,0.11383138210428347,0.15142031440344564
0.11425494740668768,0.10761408233584786,0.09202389148225824,0.11010896690396506,0.09515547409168679,0.13410394404972503,0.10547457121383369,0.12623069339238666,0.11503342912360888
