0.07306203473019372,0.12253438831545994,0.07766064018865941,0.1208441043271506,0.12880350645419036,0.15361183671368853,0.08882068084698509,0.08310377412350768,0.1515590343001646
0.04790444454283622,0.08932913788333403,0.1275269042561112,0.11934859422359838,0.15182900344781722,0.10251159469980385,0.11412069477340946,0.13746979860714365,0.10995982756594606
0.028560961713019226,0.07597580389487589,0.11559984084262591,0.12161239238881187,0.19008451224529674,0.08889928592767139,0.11911638043639827,0.1584479927879091,0.10170282976339158
0.06935881102180115,0.09732575047083504,0.089383344659068,0.14701425294527118,0.14472068961639004,0.06803130384087451,0.1598768169386524,0.11861203180372594,0.10567699870338182
0.08580647640258611,0.10291339888867312,0.13368051954359406,0.11216795543114964,0.11142244347722885,0.10464999790096824,0.11246641968634663,0.12391982412768487,0.11297296454176846
0.06478890053374564,0.09647507205630985,0.14674151658195558,0.1190803453050308,0.13481939241735522,0.10166042911530908,0.11267489302468647,0.11925499036713356,0.1045044605984738
0.1351546397529135,0.10838905379047557,0.1243633283488831,0.10711504656320932,0.0852619886232968,0.09132355703061357,0.1214432302364747,0.12216460545520848,0.10478455019892498
0.06504500526233077,0.09180166593983953,0.14168008292103815,0.11443558374271727,0.12931268769128018,0.09421677328563287,0.11860831061785752,0.1415499253616703,0.1033499651776334
0.0851715364472035,0.09987001974784149,0.13844155308193365,0.11166805315360574,0.11125712060163413,0.09918167837589258,0.1157045652960526,0.1303431524971657,0.10836232079867066
0.07979139485659766,0.0930372880881405,0.11998664178310973,0.10968129201122116,0.11359215778441308,0.08969169670275028,0.1266543860979715,0.16319498462568313,0.10437015805011289
0.15881105150930153,0.11662514574962164,0.12264795321187921,0.11037750946534143,0.08283489000977984,0.0881706177719317,0.11871455264375114,0.09938965617160746,0.10242862346678601
0.0508393744348296,0.08093385908562419,0.1292679403139019,0.11596626470835496,0.14790074212936163,0.07640069367099331,0.13303437198822246,0.1738516413791882,0.09180511228952376
0.06354227977412413,0.08885905377287266,0.1389262271643901,0.11383090647573046,0.1306141112672623,0.08825072206733685,0.12325113280202404,0.15281856047353976,0.09990700620271968
0.10589813098329194,0.09911800296766238,0.11335499233653655,0.10770442941257141,0.0964025030300794,0.08955914260785869,0.12906572038678768,0.1542839972080078,0.10461308106720414
0.1190439193353966,0.11403654591633043,0.13051839188833383,0.10750129723449331,0.09252509831311305,0.10911966380698114,0.1065208078129772,0.10436271830831485,0.11637155738405956
0.06557882515355337,0.107912428892477,0.1131781470278513,0.12018893402837162,0.13309393736298694,0.13472758566863463,0.09876373100271492,0.09962270982584547,0.12693370103756468
0.05372925942175191,0.08126561681706186,0.12283245276447381,0.11193852915283127,0.14068173389624608,0.0792817630033374,0.13186817542255977,0.18397653305048747,0.09442593647125043
0.1251344059607023,0.109884875686404,0.13964359091650444,0.11247125812782599,0.0934197771219459,0.09184015792603913,0.11718424888292554,0.10806004725431866,0.10236163812333417
0.15901068855194947,0.11315702676062474,0.11282900774873723,0.10364020452633582,0.07736182021510198,0.09201189002128836,0.12000699372308908,0.11573045995133703,0.10625190850153632
0.06529872196271368,0.0841957038185277,0.09830881267295805,0.12165602580456336,0.1312458349356567,0.07111604123312446,0.1540696480278445,0.18290034030011085,0.09120887124450061
0.042053343731652836,0.09319491929369873,0.09583796688329173,0.12490231850974559,0.16275175310773726,0.11402276081385358,0.10994884681210815,0.12914417286845384,0.12814391797945826
0.10358137984846882,0.10262815793017183,0.13118776404560847,0.1174079364144915,0.10463202618002788,0.08552068992587171,0.12816442382761262,0.1265248648018694,0.10035275702587776
0.07750159672736026,0.09482247848512827,0.14575116822398249,0.11554776908714759,0.11971320455377325,0.08911544729829013,0.12246290358201183,0.13530319331269028,0.09978223872961584
0.09276403232036505,0.10949928742362654,0.13936953355859882,0.11853104685435555,0.11764108365784194,0.10202400111074288,0.10900525223398767,0.10508959127870095,0.10607617156178052
0.05243338571977332,0.09358274557900137,0.10140247366396361,0.11824190220541354,0.14576464381064472,0.10444979142486233,0.11528690644074757,0.14734987717536147,0.12148827398023199
0.05439159947126754,0.08946971457635278,0.13051972858596572,0.11609587662081328,0.14176963192806508,0.09691387227162997,0.11738775280216766,0.14651075933561056,0.10694106440812746
0.2033967968824176,0.12210588645993742,0.10432352106672597,0.10269968251822355,0.07060592147946672,0.08689954776556558,0.11673012759813763,0.09053149141847538,0.10270702481105014
0.0923017152455623,0.0965647148966499,0.1316739249352754,0.11373431849703496,0.10743175478835539,0.08527373071745133,0.12930693562924267,0.14416510818885078,0.09954779710157723
0.07835389301313542,0.0969881835932197,0.10369531504630818,0.13343887574972724,0.12972538718127977,0.07380588326908838,0.14847577978728077,0.1359388911766907,0.09957779118326981
0.1671653758712911,0.11947996784648406,0.13507780877152728,0.1054772079733417,0.07865133356945804,0.09438565284088858,0.10758247859577107,0.08942151631039476,0.10275865822084344
0.06691821918296932,0.09422306799986431,0.14840728947325446,0.11587798315277494,0.1288235491619061,0.09786123312574406,0.11539417913165488,0.12899236632204747,0.10350211244978443
0.2380793978245155,0.12996705536297096,0.10800146651089511,0.09126186333783796,0.05996471981210132,0.09537859280003391,0.09819610588690435,0.07252944228669393,0.10662135617804706
0.06818130593916387,0.09485332830158659,0.14310374906283194,0.11475879703431086,0.1264462817295506,0.0992234605637336,0.11523525649607734,0.13214479091290257,0.10605302995984266
0.07995178794194842,0.1189028367337198,0.08452404824697711,0.11891470324628763,0.12253874432439975,0.12874681509460476,0.10099307725292749,0.09852252032385907,0.146905466835276
0.08570859134045683,0.10485089526031306,0.14463946790389526,0.11320146013546249,0.11214625551186096,0.1113619127096393,0.10685632171425523,0.10971000417445254,0.11152509124966425
0.11075718188987514,0.09971579300877194,0.10804951711837231,0.11533478293600913,0.09765897431597743,0.08187635234389044,0.14006114765443187,0.14714553543243894,0.09940071530023276
0.0666490640416288,0.09098359936700195,0.14020245076364782,0.1136900936139837,0.12734891835567275,0.09114024855168308,0.1211134976728575,0.1470295286139996,0.10184259901952486
0.05541805138487482,0.10221695308651053,0.08072351503477287,0.12122103326272614,0.14483770812153307,0.11503712069732264,0.10996427043667922,0.13089235035910932,0.13968899761647138
0.23355975373218454,0.13039420100026555,0.10964236019403022,0.0912935487609209,0.06035948709520128,0.09754490057094052,0.09693247778174548,0.07219786887447587,0.10807540199023564
0.03975483025142882,0.1001584327558694,0.07545250233081242,0.13039865378985135,0.1682307421100444,0.1328007878510651,0.10095217008168317,0.10506664976582542,0.1471852310634199
0.04022658416556745,0.09198801995258567,0.10042064631097096,0.12562401521220848,0.16596310050654997,0.11525701300181079,0.10924950658353982,0.12568865274280056,0.12558246152396627
0.03941791552255059,0.07111283180915369,0.09491955530367936,0.10742964270291123,0.15920372342096437,0.07097408899375574,0.1418041844179256,0.22796530231989207,0.08717275550916732
0.07495030883245253,0.09940901621774419,0.10808730711947041,0.11236009893493894,0.12038023967219695,0.10204172870137705,0.11757840936171537,0.146952257647634,0.1182406335124705
0.05504145857165737,0.09344892464266356,0.11099581947233451,0.11733301715409765,0.14184466010211513,0.10324402996220809,0.11548642024473789,0.14523206252593565,0.11737360732425006
0.05945790229183584,0.08489112703613681,0.1326903675173017,0.11392856983672021,0.13520247830478097,0.08146451788325319,0.12951764019778003,0.16729532844055814,0.0955520684916331
0.06142531968976075,0.0979890578135754,0.13058322374240242,0.11819932387491706,0.1347457161688147,0.11177354291915786,0.10938575433589892,0.12085387926050256,0.11504418219497027
0.04966515048385761,0.08273347899160809,0.10455848320806589,0.11125722909217743,0.14566220336313,0.08707187830215757,0.1266983865813698,0.18825566383069206,0.10409752614694152
0.19290618021356157,0.12110813410877715,0.11661351547982086,0.09970491203924985,0.06952744172535956,0.09292527467882257,0.1099903511053354,0.09178826515579659,0.10543592549327642
0.25970920452633606,0.13484349272084362,0.07900372116410309,0.08539591195056336,0.05767197770888425,0.09832364253255559,0.0987262609958836,0.07353586529674132,0.11278992310408908
0.0882982915072844,0.09464247754777631,0.11077975477670447,0.12084301981924322,0.11334223925605506,0.07790515482890502,0.1438094118003841,0.1534448865089112,0.09693476395473626
0.3006327927965419,0.14497497153327832,0.08326742312522535,0.07877879036232678,0.050548742833049685,0.09866518242391181,0.08291883073938303,0.04982820139043709,0.1103850647958461
0.10342179837383773,0.10148050025777898,0.13864582121299318,0.1125413493165502,0.10112185993631854,0.08937667129530517,0.12313033538735885,0.12870523796109432,0.10157642625876288
0.05299456925499202,0.11715790527897035,0.06166381281828905,0.1275473419242361,0.14877079579998406,0.15231870446114248,0.08917114010218119,0.0844304940621055,0.1659452362980993
0.09506188275895538,0.1044414339989288,0.13659766944882668,0.11058294878434642,0.10476971691972577,0.10293379391402203,0.11271958060369285,0.12156180709674042,0.11133116647476153
0.07557498913941584,0.08670399907757341,0.10497877488261737,0.11483757111323094,0.11799363549895885,0.07652137907428445,0.14616796419465333,0.18336279858077967,0.093858888438486
0.07910540525683206,0.11818200559052672,0.09485978051797804,0.11922904103266695,0.1222570327757571,0.135528227622464,0.09762871287451834,0.09213478657178846,0.14107500775746837
0.08048501676153104,0.09626958292767392,0.09888700431891984,0.13350522855670174,0.12675223131110389,0.07286383757242655,0.1531331911802514,0.1389083078072099,0.09919559956418168
0.12378790810947432,0.11844057410159392,0.14292389617197787,0.1060861815139651,0.09201641275451528,0.1249283428939336,0.09327210901394924,0.08720059761470755,0.11134397782588316
0.06700436043144052,0.08692320815752907,0.12625662481631902,0.11612892854429335,0.12842029904380248,0.07845868868305925,0.13573937501478406,0.16662251046598273,0.09444600484278957
0.08336474342407978,0.10804633187176478,0.11988304874856448,0.11448231410683407,0.11518301817591925,0.11441800872321702,0.10781402738749486,0.1141150317709619,0.12269347579116385
0.12795738341118368,0.1222649454381914,0.13178080638641806,0.10438641437052154,0.0942915100747686,0.1329482664712134,0.08748075863785014,0.0881332651329783,0.11075665007687481
0.07833302310770963,0.10404695904002442,0.12120587491363997,0.11439725832249932,0.11846979917740295,0.10963085788149683,0.110930256658633,0.12337516891863858,0.11961080197995531
0.07756434659879376,0.1402870182514079,0.04392231905974084,0.11878991169303536,0.12731387066233169,0.13836502527484673,0.08652723004191538,0.07173877768189171,0.19549150073603658
0.12794444314819184,0.10640424789544924,0.12534538420240224,0.10845192026480131,0.0882149488912705,0.0901284204577732,0.12340570418430052,0.12628041701886603,0.10382451393694525
0.04629848159770648,0.10219885680421599,0.08843187155711175,0.127370797674544,0.15753207953157428,0.13429482065548057,0.10076165446998682,0.10397867004189758,0.13913276766748256
0.06737805696631403,0.09738798599834719,0.13679950733990076,0.11572657939017018,0.12758922091404168,0.10558682095869237,0.1120999795896771,0.12634421518968456,0.11108763365317209
0.19418017550100672,0.13987878144066918,0.10635711635224883,0.09236381863317977,0.06966855688852795,0.14106889055964694,0.07497911127511822,0.0635413367243073,0.11796221262529517
0.07524301477875224,0.09448727171068867,0.1291416806631498,0.11156848295696482,0.11849297403663432,0.0939433840994176,0.12100885178246444,0.14954689815062092,0.10656744182130716
0.2093473614139598,0.12854980994989243,0.10177489123681029,0.1081402824176193,0.07660826492455046,0.08191228093895499,0.1151870972519309,0.07652453271494487,0.10195547915133692
0.10653377393445607,0.10154453589812211,0.13260994263948137,0.10975928892951503,0.09756631132826166,0.09092747625625013,0.12289325940674121,0.1344844706988437,0.10368094090832873
0.0690751984682242,0.08557440163188196,0.1111754816741738,0.10964031121359909,0.12171957583199772,0.08171102391921614,0.13583543998467093,0.18784227548856514,0.09742629178767093
0.26823647940070366,0.1356445588724996,0.11708027664861069,0.08456943438574423,0.05382851930076599,0.09994781901739913,0.08257931715845857,0.05707937598840399,0.10103421922741433
0.1398593125458037,0.14986660085207862,0.05151789445418584,0.0942272154629084,0.09542687704639465,0.1834195405345075,0.05915986013996479,0.07642552941137049,0.150097169552786
0.0787396149923157,0.105279643233673,0.10231125636199156,0.11376275923131406,0.1190547339913081,0.1089263550145302,0.11312572942209241,0.13279570951926725,0.1260041982335078
0.14979348302768328,0.11602499142535581,0.13334751451068622,0.11000092670802843,0.08524417439695466,0.09161899408523237,0.1139176688770765,0.09748945590979692,0.10256279105918575
0.3129435553163947,0.14361113480902574,0.0923313802266032,0.07736141339786629,0.0479795408575753,0.09575756062799634,0.07942656041950359,0.04664970856310807,0.1039391457819268
0.08861878091665974,0.0980333177006531,0.13934462901939176,0.11664418269110029,0.11260347699513266,0.08659922267807135,0.12598998135637673,0.13258219314589983,0.09958421549671448
0.053525177307906825,0.07796260476548798,0.09989768995365861,0.11594115325579903,0.14188718638812206,0.06941169915784579,0.15065721365368923,0.2031758434995643,0.08754143201792608
0.06025810932887526,0.08839593615005736,0.13974184620750366,0.11446156530889345,0.13448753078879086,0.08956988384216256,0.12177355327567148,0.1508871636829888,0.10042441141505655
0.06766846061958788,0.10012254419734516,0.11144462505792545,0.1158384582224989,0.12828497004052045,0.10737468487672625,0.11341134976748592,0.13470039874585202,0.12115450847205811
0.0847281110189741,0.0991007827378524,0.13523945248309574,0.11134448113534197,0.11137367345977663,0.09778272835049134,0.11721823897625146,0.13494123803125013,0.10827129380696622
0.0592467653697629,0.10241421733328644,0.0956075674417795,0.12046744060243615,0.1393955131567289,0.11556950736029105,0.10950000135084127,0.12543179877697286,0.1323671886079009
0.07525991488617856,0.10022217718960637,0.1471389666172022,0.11494733415862297,0.12080567439996415,0.10749739611050668,0.10947777854474555,0.11610729468435803,0.10854346340881553
0.16132140684228166,0.11313240832112492,0.1053731662473981,0.10936794113973529,0.08011361996624851,0.08576987554145594,0.12863129249791047,0.11371038802184907,0.10257990142199602
0.04110428322140181,0.07549041744823752,0.10657223376918311,0.12129675941241974,0.166935130931388,0.06582418861225754,0.14657499674831684,0.1903183295540385,0.0858836603027569
0.05903618866906709,0.07900520386401959,0.09829332728377486,0.10988962695797733,0.13117752434004126,0.074799358332558,0.14589410068415717,0.21096522172447704,0.0909394481439277
0.06029608639191453,0.08369342728834377,0.11984401211858615,0.1172420557202628,0.13608631822644568,0.07485799446331214,0.13992352428626886,0.17604159603132163,0.09201498547354447
0.04485242840611533,0.08900906692436034,0.11669835326711701,0.12036446852458495,0.15659842897829915,0.10364587079647097,0.11412718561450719,0.1407423640389102,0.11396183344963491
0.37307752315202003,0.17677252569775967,0.0552211589436453,0.05949593151510837,0.043785095377209836,0.10120373062673345,0.05726465363094859,0.02357754424732275,0.10960183680925206
0.08350810784454234,0.10252164085556152,0.14547489691863388,0.11319488565117601,0.11344027454287357,0.10696637377808497,0.10960999833225477,0.11552334277644359,0.10976047930042931
0.09348228675785575,0.09854308459215493,0.13864694189500973,0.11127082462198985,0.10547599989703145,0.09105824389190827,0.12209995824589737,0.13660858070687865,0.10281407939127395
0.040285712501877964,0.0939548800752713,0.08866334793260938,0.12654294853200357,0.16628011956122415,0.11673415312686715,0.10867771030231088,0.12580660573342148,0.13305452223441408
0.06830922687553477,0.13062774257583484,0.0526608942650331,0.12406324789165503,0.1342711773595009,0.14310594344555413,0.08891369902960078,0.0763414223477103,0.1817066462095762
0.12428563762948493,0.11356413648344177,0.1278007107300891,0.10640080595093426,0.0898506055423267,0.10562446370240682,0.10888463868697218,0.10838662491299826,0.11520237636134599
0.07242827948154133,0.09353722653830578,0.14252514636335656,0.11840166812681154,0.12635202678211366,0.08624541399115217,0.12524479541341435,0.1367757862074042,0.09848965709590035
0.048927453583901104,0.08239960036125313,0.13741307272763134,0.11708245414781522,0.1515339185092068,0.08134351971557285,0.1267731742744623,0.1601167236425705,0.09441008303758669
0.16830817137639031,0.12553693668149965,0.1228061888719358,0.11090053462436263,0.08651191216746977,0.09049041254759559,0.10750371070062997,0.08501104692369037,0.10293108610642591
0.07897939462337551,0.12612038653425559,0.07546345243131762,0.11915110493014387,0.12427071095131863,0.1564337009346736,0.08648796341130936,0.0800688236950141,0.15302446248859183
0.06202182747625525,0.09131559883801321,0.08506512097825898,0.11005606606708677,0.13131885578775015,0.09668255734868701,0.1242155069256345,0.18169546530509686,0.11762900127321718
0.0678513619700743,0.09209309477372912,0.14662185138848402,0.11527819171278648,0.12762912725904088,0.09130062682935695,0.12021571855026471,0.13845891998395984,0.10055110753230363
0.18093087089591384,0.12527109742711784,0.09514247632052199,0.11859714112932736,0.08714142441216154,0.0789931447556787,0.12851942680110892,0.08043272375051495,0.10497169450765488
0.06626193435074913,0.11761768827289105,0.0807965479639171,0.12129084040426598,0.13513167224071163,0.1552555794534036,0.08897998377876971,0.08837048366371832,0.14629526987157349
0.0766665225284982,0.09115244482542033,0.11344986679757056,0.12179239751127097,0.12278563144255183,0.07627323186027561,0.14372357125805182,0.15881638409500157,0.09533994968135906
0.06905759480706093,0.08797634935759964,0.08759374940233616,0.1326873107758176,0.13257045547504157,0.06931611459378008,0.16543367686224622,0.16033424886273723,0.09503049986338057
0.06478109406676628,0.10184324663204912,0.13347485970179465,0.11865489193480232,0.1329340690580363,0.12102133022418005,0.10391325988353557,0.10820613526494087,0.11517111323389495
0.10172271713070885,0.1044024366378149,0.13056927325604234,0.10901597264387786,0.10028482129527265,0.09932667638378112,0.11595911318586734,0.12809558531103857,0.11062340415559628
0.05721957970994468,0.0885286969455538,0.14506872806326582,0.11797575914296221,0.14127630776166297,0.08890600423954055,0.12140526119225564,0.14097087611257367,0.09864878683224056
0.11230926817057611,0.12080407588620644,0.12642634682589374,0.10930026711268533,0.09807025117522376,0.13283144343667821,0.09309848240933738,0.08535924133063684,0.12180062365276217
0.10014486174431304,0.10476692664738103,0.1466133853393031,0.11038569695598494,0.10176110166692438,0.1014702111086113,0.11184964321463746,0.11554021224060164,0.10746796108224312
0.05893863704879269,0.10654529442621229,0.10390086636597035,0.12273617136361469,0.14048987632732593,0.13476536750062995,0.09974972837557472,0.10100625245424814,0.13186780613763133
0.33752277448810286,0.14571194634008508,0.08196865518557565,0.07379962786582002,0.04620223497141265,0.09128967292798118,0.07880571915179606,0.0427205386988485,0.10197883037037793
0.08487402027149399,0.10946245334507393,0.10522573915065786,0.13918847838289755,0.13527866316617151,0.07606288857253098,0.1343498995748101,0.10665881719951474,0.10889904033684934
0.1072237297570663,0.10606048221701836,0.11701997919296918,0.10749395567745945,0.0973237773595405,0.09969828454460516,0.1175785378000379,0.13382299884009147,0.11377825461121167
0.16089090963765879,0.11146486885602828,0.09141631281011546,0.10076447423166131,0.07576960812657112,0.0933995274923663,0.1257313020865158,0.13213966910664562,0.1084233276524373
0.11442262038958478,0.10435164723684859,0.12307150784519534,0.10720220377185997,0.09296605859084077,0.09412881287649615,0.12124902856334983,0.1349292447800612,0.10767887594576335
0.02512705551610861,0.0734230143000742,0.08839107668261441,0.1192682029173469,0.19547185815854062,0.08641468973149868,0.12080182097464948,0.1838210892640457,0.10728119245512141
0.035449439526208174,0.0722881649534564,0.08298811505671351,0.1075807402204438,0.16699124584914218,0.07842628124693514,0.1334913533802733,0.22578027522003816,0.09700438454678938
0.11968551742764362,0.11110145553039179,0.13419391113250176,0.1170661180087979,0.09990253345494426,0.08991284656529648,0.11920543015598795,0.10645574520190056,0.1024764425225357
0.03895239461289371,0.08275310543331073,0.12260870064132674,0.11943858752445284,0.16644052040870663,0.09486634680996094,0.11744516643594632,0.15197572064589698,0.10551945748750506
0.06304552985536797,0.07908237432669354,0.08922961216933067,0.10895952132851867,0.12515761637561587,0.07551956118971521,0.15041880010645833,0.21754105927861023,0.09104592536968946
0.11478962645489776,0.12553384596130493,0.11369785592424886,0.10936419158136379,0.09830876170888964,0.1402838900139467,0.08961307594721075,0.08062289860638949,0.12778585380174803
0.12858282518394407,0.10771793445756184,0.13185200985313655,0.10803694227738082,0.08802408160708065,0.09222886776750461,0.11948914230406299,0.11959193947643472,0.1044762570728938
0.04179528732035163,0.07456376037559874,0.1108197353836176,0.11638631282535139,0.1620855152529189,0.06754880633121585,0.14315904833794266,0.19804481018726847,0.08559672398573488
0.05948754905575911,0.08764392666874753,0.13504247824312995,0.11368011531520927,0.134775665725963,0.08890020242253843,0.12277174222462754,0.15684131496870676,0.10085700537531843
0.06641331698731441,0.09135614215229519,0.13129367057784966,0.1228437457231784,0.13521545432615664,0.08044377120964247,0.1323253825390834,0.14330501081000827,0.09680350567447153
0.24457735550511464,0.12636699712817634,0.08642693837022757,0.09602094988015249,0.06418349536682673,0.08564971704330578,0.11506385265795793,0.0796691997227607,0.10204149432547778
0.09152290246970012,0.09034373818868952,0.09600970420784831,0.1091818326106039,0.10310209428690105,0.08241212774100813,0.14378576557103495,0.18547110499646283,0.09817072992775124
0.09813030813851485,0.09784754259899305,0.12891798825042777,0.11151800947301033,0.10257992871599371,0.08695115601859375,0.12816753698583835,0.1448007482903271,0.10108678152830107
0.07578869569845108,0.08911528430307632,0.12247862636101033,0.11196119181572854,0.11746704680858096,0.08223869265272742,0.13363252337408194,0.16979968926815744,0.09751824971818594
0.0566474382316647,0.09125322218721073,0.13757419656141545,0.11679762404509107,0.13949432258861247,0.09962750424020672,0.11525862789172424,0.1367176940756849,0.1066293701783897
0.11865143864970462,0.10083419926326821,0.10672648269834628,0.11084112838881421,0.0918461331374073,0.08476085770013238,0.13652841182616327,0.14875766913905328,0.1010536791971104
0.06371138502568906,0.08291557954775557,0.11184747250243854,0.11112111198718133,0.12772085877372077,0.07783768874540804,0.13904670273813616,0.1918974985397758,0.09390170213989472
0.09603150232883045,0.09197022627156715,0.08839053785637858,0.11854846976125066,0.1042168329340139,0.07736604919495894,0.15705984416389054,0.1702786977754984,0.09613783971361138
0.08710252382658372,0.09141774804631231,0.1116377771216831,0.11279205449037251,0.10883165682491329,0.08086115341910621,0.1397243767064172,0.17038281712111591,0.09724989244349573
0.1100764352922403,0.09848127381472016,0.10901320145852848,0.11005276939312021,0.09500194929070312,0.08521418189722069,0.13560749236662764,0.15546397980000984,0.10108871668682957
0.09890141479968939,0.10092587827263239,0.09320624141555535,0.1324467195314827,0.113201681473534,0.07474213350939124,0.15610810042516213,0.12895401421880046,0.1015138163537523
0.06550238608988089,0.08630295941081623,0.12579792744684518,0.11625047935498134,0.13001275349594899,0.0779677607505859,0.13609496579616467,0.16800788639642383,0.09406288125835306
0.04136901720165662,0.07571406787064945,0.11931721450291144,0.11718698664077427,0.16400416605438478,0.0699232189003806,0.13813342233365547,0.18708188402390435,0.08727002247168296
0.14143706873223913,0.14888913158565403,0.06834349907735099,0.10435698583996629,0.09159902865312151,0.15713568166270406,0.07519333148984923,0.060741164774190816,0.152304108184924
0.05654737306721145,0.08247088396369809,0.10640462980878855,0.12261991223216075,0.14344349111432722,0.07014519298421938,0.14890627350392308,0.17915828833536587,0.09030395499030563
0.08925451705072109,0.10811858700524163,0.08981454203054227,0.11038746870010413,0.11123217645058965,0.10811219345776667,0.11496142085887558,0.13903188135958852,0.12908721308657037
0.09013251433649554,0.09757409799679741,0.13319644670548297,0.11041197992666951,0.1069921474049716,0.09189255605290798,0.12241188898030464,0.14297981805579607,0.10440855054057423
0.053274107014496835,0.0825822306418416,0.12721513141816299,0.11261237225319935,0.14172531807164135,0.08232905635175099,0.12809840818929494,0.1756119125539561,0.09655146350565598
0.0774871022642152,0.0887026450106303,0.11197622929683292,0.1158297104182725,0.117701411266935,0.07754809154277731,0.1427412172965217,0.17317756267286807,0.094836030230947
0.04885351586433556,0.09012574857854494,0.1337190156925859,0.11994162669133217,0.15127413411729965,0.1041086245213569,0.11285227982429795,0.1306140252164858,0.10851102949376117
0.06551122704634521,0.08849796843868467,0.12943476349253666,0.11984144652525223,0.1331157102186043,0.07863559603788539,0.13467840811067822,0.15535623328706014,0.09492864684295305
0.0599441545982543,0.10029800584011715,0.11876797291813901,0.1198297909653434,0.13721437017131566,0.11671011855213596,0.10780360805271916,0.11778153816305587,0.12165044073891944
0.06675099417319953,0.13850659045891198,0.04670771327745319,0.12256267130225966,0.13175279460979697,0.16111203523003004,0.07648391750493581,0.06537695341300119,0.1907463300304116
0.10917486004295429,0.10880995668001299,0.1315336111480861,0.12023309478914074,0.10638057859061983,0.08796179162318969,0.122666087991419,0.11089709203358873,0.10234292710098858
0.10230775875706828,0.09433482427946212,0.09661338374370876,0.1135644947459885,0.09933263288149759,0.08065472452815003,0.14697502027393541,0.168391024420131,0.09782613637005833
0.07994305823272733,0.11460003329405681,0.11308423711681363,0.11678108928302199,0.12045679259706732,0.13985447480746196,0.09475475801558754,0.09246737502674367,0.1280581816265197
0.06457633272630237,0.08186458867668671,0.10206683717747878,0.10961050152192903,0.1253151896074689,0.07763120236318287,0.14260029915819847,0.20269038138981263,0.09364466737894024
0.15672856433091223,0.11677724043354504,0.14028110210943498,0.10389292628626286,0.07867433951585728,0.09840862549384989,0.10663342066605597,0.09342295910940009,0.10518082205468167
0.059891631191654006,0.11462483566021021,0.07841065104543854,0.12512703574368902,0.1410440148337295,0.14353756633406925,0.09510453673945912,0.09104255501966524,0.15121717343208504
0.08477773694516925,0.09912575714783876,0.15083677886893873,0.1143398657821356,0.1138388295954565,0.0953159294357468,0.11651442643885368,0.12287640988717818,0.10237426589868255
0.16608126908047668,0.12521478919559478,0.14046728524526328,0.0985390387117913,0.07723297233065936,0.12054200003453157,0.08735290460077637,0.07878734301192596,0.10578239778898067
0.04880008899040311,0.07920898236509602,0.12100878923849,0.11179915493686488,0.14736837362872837,0.07837977922114285,0.13148636047904302,0.18834175329305822,0.09360671784717356
0.15720060281702503,0.11814862811505948,0.1175559730080421,0.11397260084183702,0.086366967937143,0.08597146359326945,0.12109661111603036,0.09716288871929968,0.10252426385229386
0.08258005404833436,0.09428673603061515,0.12163887991967827,0.12053166599261513,0.11821927151057576,0.07940554268822189,0.1379379178556119,0.1483508407383558,0.09704909121599171
0.09105185410773088,0.08907799680718688,0.08944580591753315,0.11282804468670526,0.10415352444494529,0.07900191404073378,0.15247269477986813,0.186410487105926,0.09555767810937059
0.08517288648413568,0.0937833127613642,0.1162201060500989,0.10890630486860646,0.10911200652143375,0.08900381156023877,0.12854428035127488,0.16520920428637378,0.10404808711647366
0.06638266256168031,0.09339404586928406,0.14919259674794483,0.11684574080809769,0.13050617370905768,0.09447052187530365,0.11748044144597077,0.130324151071723,0.10140366591093808
0.0849152800000189,0.09221891669024491,0.11259608760044502,0.1177288518477167,0.11349369428081697,0.07836367061282244,0.14246412068678438,0.16206196055707192,0.09615741772407883
0.037327010659317005,0.08992194845204433,0.07311639110945865,0.1237736993813543,0.17104380721502432,0.10699614133189587,0.1129036018072299,0.1495930013131179,0.13532439873055765
0.04699680214194133,0.08578648472303256,0.1313738678232978,0.11738274874453124,0.1525947955462434,0.09455280340129481,0.11794364948574848,0.149148153989925,0.10422069414398538
0.269333355024375,0.13514488505834174,0.10371679407400869,0.0858576853681094,0.05460869463166946,0.0952656607602768,0.09034005128036404,0.06063707243256622,0.10509580137028866
0.08200926579330052,0.09006019616420154,0.0974300846066517,0.12136606006188565,0.11616132274836644,0.07472754033645447,0.15344033035965574,0.17011192403436334,0.09469327589512068
0.04253149685887183,0.08188642289624108,0.11911239531264291,0.11562716870617946,0.15857490615495154,0.0892448869878848,0.12147921101886365,0.16846757010887028,0.10307594195549441
0.05551455704320112,0.08798070588183349,0.1444923466090369,0.11845646355369101,0.1437706729470403,0.08863041187571104,0.12150254916844526,0.14118763229606002,0.09846466062498087
0.0862661151922499,0.11030923752964344,0.13550135286959314,0.11614198416074097,0.12098084745660902,0.11680353515342075,0.10101577034590785,0.1027959581072288,0.11018519918460616
0.10200354605053241,0.1087996115734855,0.13407994299340276,0.12111190926054705,0.1117940378791593,0.09033071309522538,0.1194955718354002,0.10915745878463827,0.10322720852760918
0.058745001235907986,0.09724115097041082,0.10985727988454146,0.11805795283167662,0.13809072544000525,0.10796009306158182,0.11302734616666292,0.13566951678537015,0.12135093362384292
0.18206768622410116,0.12212444889922518,0.11087069785593236,0.11002652988197396,0.07935743468066056,0.08514635523179237,0.1185802279433278,0.08953856350850886,0.10228805577447775
0.08222070528816652,0.11703496580924261,0.10454109967690066,0.11769771788022564,0.11887080431616504,0.13527180162553706,0.09729291316902157,0.0921654518775721,0.1349045403571688
0.04905283650617382,0.08681827853331874,0.10164664680884328,0.1145772946099311,0.14837545211160316,0.09443883405247816,0.12121701480456974,0.1715162326852047,0.11235740988787733
0.060085758539552836,0.08251166995385202,0.10883930007126093,0.11843959081288595,0.13620184194865426,0.0721181446628243,0.14660632180809297,0.1846184759303493,0.09057889627252746
0.08128182381425136,0.10228258386240463,0.14057085754946258,0.113487035734215,0.11509532645381797,0.10728820713820898,0.11017903388806843,0.11821199868075928,0.11160313287881181
0.04519330105164892,0.08192743163220481,0.10403660198118851,0.11279057348837003,0.1529321727625052,0.08797633661120036,0.12476144988252318,0.18517649248635862,0.10520564010400035
0.09516782327744384,0.09807025352933167,0.12012474335159706,0.1085667196620308,0.1029502902311855,0.09167257444782906,0.12521197813198806,0.1521383072570263,0.10609731011156771
0.11678470468669677,0.11009476427075648,0.11515283402416028,0.124227491962465,0.1044450837690813,0.08212601582514428,0.13227493536977486,0.11235503633553968,0.10253913375638135
0.263759716385961,0.14059637494430113,0.09839908468827192,0.0847609758332034,0.05493136098825441,0.10356562232810507,0.08534172927851019,0.056476731254088454,0.11216840429930448
0.10504894406497023,0.10488892316239375,0.14959562143038752,0.11173034202209674,0.1006240413852753,0.09639377054106762,0.11441197839697399,0.11388399025271091,0.10342238874412403
0.05684857221987713,0.09169374613196962,0.1454018939169771,0.1185715254872181,0.14159139792485875,0.0990568517391694,0.11470104775229388,0.12855492149094924,0.1035800433366869
0.1375563677545899,0.1146082989271693,0.14746827690614195,0.10772251167161516,0.08718872614655417,0.10005313895889835,0.1063745966060985,0.09520818776250399,0.1038198952664287
0.04488885929883641,0.0887036100707198,0.1161494780632673,0.1200298586807016,0.15641311633449986,0.10273138075470127,0.11461901615052798,0.1427967985645757,0.1136678820821702
0.034641923443441525,0.12740493784868298,0.03790039529127335,0.13293898230676285,0.1622302721543296,0.15662217468959494,0.07152004810694461,0.06767709038817546,0.2090641757707946
0.0904653376823195,0.11008661597939869,0.14011379818186248,0.11587908227670794,0.11734152367877508,0.11216767363470648,0.10302641387367133,0.10272154290085499,0.10819801179170362
0.10272880437682651,0.10192923512785952,0.13334087146025572,0.10917921489999804,0.0993617957472831,0.09418813054205194,0.11988222652215559,0.133226402114746,0.1061633192088236
0.09300656731348765,0.10086046217475621,0.14781564497663038,0.11434846879079608,0.1087308014447469,0.09253409207611492,0.11879018422476623,0.12227163342493085,0.10164214557377078
0.1196015305201142,0.11008934938972398,0.1250148498860823,0.11965786260563271,0.10065482655469056,0.08572464319604493,0.12599458719188558,0.11119258752597234,0.10206976312985343
0.21185331581973207,0.12622567067403914,0.12622005066925104,0.09689697805967062,0.06621244568232576,0.09494976998894593,0.09929064257833962,0.07570417704614574,0.10264694948155006
0.19308826920501035,0.126905834242741,0.136105029753676,0.09817023585629285,0.07214864453716868,0.1031464452834695,0.09259289041572737,0.07624395238946753,0.10159869831644673
0.03975483025142882,0.1001584327558694,0.07545250233081242,0.13039865378985135,0.1682307421100444,0.1328007878510651,0.10095217008168317,0.10506664976582542,0.1471852310634199
0.047130737070837,0.08211520911200967,0.13665598969973602,0.11881175439425185,0.15584154114464435,0.0803826982035628,0.12742864292816478,0.15767357674107557,0.0939598507057179
0.038683227279523315,0.08913857902991912,0.08885566386712751,0.12342535315570734,0.16805736185699813,0.1065348681113954,0.11335937581345006,0.1453461323228227,0.12659943856305653
0.08645759821777443,0.12954558126629753,0.06330092017389072,0.1179952749032731,0.1203117194918046,0.13300725139800493,0.09595990863633404,0.08743387444155326,0.16598787147106753
0.048770076721666895,0.09495649641382871,0.0844685003215999,0.1202512786533274,0.15211446621328417,0.10784665162257552,0.11377848168553724,0.14662989690647052,0.13118415146170967
0.06718419184943336,0.09960743562329329,0.1373035355537113,0.1233534708810168,0.1385445093064397,0.09708551130364745,0.11523683251606108,0.11654608325773726,0.10513842970865976
0.042982900234525924,0.09911919810946716,0.0918671660006648,0.12753533554448424,0.1633797103163685,0.13395952250977475,0.10085822063530947,0.10581931285949336,0.1344786337899118
0.07160758456917664,0.10168246584291901,0.14211382431021732,0.11636520036806645,0.1248604495852063,0.11453824616043591,0.10621503984364604,0.11086155746324051,0.11175563185709177
0.03271007710783137,0.07688269793139398,0.09566813275762885,0.1158572664598362,0.17653116298410634,0.08678804689358821,0.12264619078601309,0.18710907422511905,0.10580735085448294
0.06704164122454302,0.09245411281570408,0.11126604623294667,0.13064811180200728,0.1390799773036843,0.0743155250502724,0.14382234145010997,0.14406707234772373,0.09730517177300864
0.06776510150689596,0.08763729229318601,0.13135110369055897,0.11411037123631378,0.12643555122754654,0.08156748511699265,0.13126749178977337,0.163731402055343,0.09613420108338973
0.066423325877027,0.08672655365873654,0.12916663206115195,0.11394759175791493,0.12757656068940282,0.0806514970987423,0.13242830686438073,0.1674959656008067,0.09558356639183713
0.0806027516380741,0.09419127393388921,0.13438162765564513,0.11742408486771128,0.11824626189152586,0.08322124325609971,0.13040366391937336,0.14367592463690979,0.09785316820077157
0.26707812674565895,0.15580503989708225,0.07288283706856831,0.08225953627648908,0.057062110314334384,0.11393545159973066,0.07758433834918038,0.04597764265893608,0.12741491709001995
0.1640577233590411,0.11730450352533324,0.0937908559316782,0.11891424205305794,0.08700740172488158,0.08040816043873879,0.1373925945931804,0.09741612325488296,0.1037083951192058
0.10014486174431304,0.10476692664738103,0.1466133853393031,0.11038569695598494,0.10176110166692438,0.1014702111086113,0.11184964321463746,0.11554021224060164,0.10746796108224312
0.09432956274478939,0.10342599507358946,0.1496514789117039,0.11525723657943644,0.10962557467046619,0.09564373100405332,0.11530108370214265,0.11431218906555606,0.10245314824826258
0.1809415142882029,0.11921238481213219,0.10882415977208504,0.09932857577661074,0.07139040994701275,0.09548780773707945,0.11280139979618946,0.10282012184528931,0.10919362602539821
0.18746121536786198,0.12106455035277285,0.10754083456954322,0.10784459219203378,0.07627764084028973,0.08535967369138397,0.11994459171764671,0.09222873602109012,0.10227816524737765
0.03822291275955139,0.07991777588137007,0.12389364955070292,0.11727587907461874,0.16718904612486166,0.08837185365810808,0.12067622705643832,0.16372233503989345,0.10073032085445528
0.13376519939170897,0.11340723808855951,0.1468220904718068,0.10879523898969841,0.08886082105616012,0.09842600077649007,0.10848551157912178,0.09788208612977307,0.10355581351668126
0.11922383038948443,0.10626334959067407,0.1311745186600628,0.1138885326311513,0.09541126809119053,0.08763868705686188,0.12476408531733334,0.12013828290476618,0.10149744535847544
0.06515829501929464,0.08857335121176775,0.12228570384631864,0.11121344964537949,0.12723163968833182,0.08843179803251172,0.1257985067640477,0.16845096556531206,0.10285629022703623
0.11156922048075335,0.1093050553414872,0.15079913281283872,0.11196937423912055,0.09946689476746745,0.10043214193500254,0.10931220823749895,0.10335068665928294,0.10379528552654838
0.1795781904262093,0.12833384224078878,0.12593892622658945,0.10553415684781665,0.08251163439699823,0.0956688605122918,0.09898276977384605,0.08126014608434647,0.10219147349111328
0.0731969302335396,0.12915506014762088,0.06036063325072647,0.11857619516448964,0.12911932216287372,0.16783900235078508,0.07923302076618226,0.07849644529282328,0.16402339063095916
0.09494719504926476,0.11125392178215075,0.14295909443653845,0.11262929725107518,0.11066514586456049,0.12023204174429936,0.09895363597155793,0.09858571522842913,0.10977395267212402
0.052121526896720206,0.12809258874844184,0.04619931179025801,0.12813618878488583,0.14686625362726582,0.1552351060811331,0.0808641375699778,0.07131830789930813,0.19116657860200928
0.10610098611109071,0.09740580199548839,0.10996936514771143,0.11126014224970758,0.09741169312878005,0.08401981782259381,0.13689939686756747,0.1568056170487116,0.1001271796283489
0.17421996171209997,0.1419160927032785,0.07051749698263285,0.08695700949946898,0.08576530805992194,0.17256623646611016,0.06183995891309748,0.08718737452865775,0.11903056113473226
0.08771708442155428,0.09644698041255523,0.1393919543748234,0.11387414203894468,0.11079192959220434,0.08744313588926751,0.12537234225466168,0.13893842328408676,0.10002400773190219
