0.11339547601924317,0.12210473681098925,0.10597408453313373,0.10521739045520795,0.094094380064795,0.128684127113923,0.13539262590795273,0.11756144095626113,0.07757573813849399
0.13472144630344024,0.10524870475406639,0.12403405037234583,0.10966380629052175,0.12230590994343714,0.1020539700250025,0.09163280236091646,0.11152531876990439,0.09881399118036532
0.15544928673599503,0.06299564844129897,0.08502639116615664,0.12407661428533823,0.16161418866968466,0.0554634519139216,0.10339206243106375,0.09398761392460354,0.15799474243193753
0.16731432215954448,0.07960532497849156,0.1107986248125369,0.10756722507079249,0.16160482063187964,0.0818486345512997,0.08997752426338164,0.10302361140626176,0.09825991212581174
0.12815364632726267,0.12014169861581385,0.09245331991206879,0.10988011002692184,0.13575289510655936,0.12309230235605206,0.10306508268726534,0.10194522021605924,0.08551572475199676
0.11651296300515761,0.11717573932127993,0.10714414759065578,0.10545994877865063,0.09739546289399831,0.12341201568580601,0.13590946886011182,0.1189367271102497,0.07805352675409023
0.14118136295909742,0.09106634798066689,0.09245427844256789,0.10368194779724473,0.1328339668531339,0.09863351971547651,0.1496693786097051,0.1180843483846374,0.0723948492574702
0.11872349903312446,0.1291619381911657,0.08318355619554385,0.11633221797893863,0.14428809884350588,0.10702536480180418,0.10289500514528015,0.09069162427302639,0.1076986955376108
0.09105212685042074,0.09923822175179327,0.08359154147134346,0.13197610104227428,0.10748540479153874,0.10737065544494152,0.14448042282970194,0.1357327815070977,0.09907274431088835
0.11021639172566139,0.11747277163454929,0.11369722069412841,0.10817573474324298,0.09340971093393176,0.12248025540693992,0.12878572663450638,0.12197424691372057,0.08378794131331928
0.1209491027601014,0.11650682859441841,0.12383471881645465,0.10855261100932694,0.10633923474150597,0.11455607652255752,0.10175397245859441,0.11529650045130886,0.0922109546457317
0.08359764074223959,0.16061247716983434,0.120910336693398,0.10821191672080553,0.07509763781885888,0.14952746472437192,0.09798353752152329,0.11208998723507459,0.09196900137389385
0.11604353143804798,0.13160630051227662,0.11951460553907468,0.11078622956870258,0.11140015333524728,0.11693363611631206,0.08639583485618786,0.1080543661754604,0.0992653424586906
0.15210666775180195,0.08736519020872734,0.10206965938474678,0.1045462215761621,0.14264339988006944,0.0950453194885129,0.12396404306057625,0.11401037896929629,0.07824911968010691
0.20116874235753282,0.055970821620962945,0.08886802964965639,0.09904183093542511,0.20912248215391668,0.06707677655804967,0.10642286537956991,0.09434535750701428,0.07798309383787218
0.12420283407562634,0.12390507964032467,0.11132565077462786,0.11341486647299563,0.13008245316537284,0.09530019834721089,0.08291656193176468,0.09855742992693382,0.12029492566514327
0.15391029571288514,0.09573208532266596,0.11400942957822228,0.10687529739268507,0.148713999845966,0.09320538119764281,0.0900922139056677,0.1041032114634614,0.0933580855808035
0.1450968754507882,0.08882048780035535,0.08652899148295502,0.09992301059692572,0.13697391217153163,0.09718636936474122,0.16275744209351808,0.11540827157135529,0.06730463946782948
0.10112274938142433,0.1462797068914711,0.0749806042165914,0.11918521785891628,0.12435011042097095,0.13745702851612537,0.10584300948444676,0.09055667162083446,0.10022490160921932
0.09890205281784538,0.1245983241899149,0.11318817183244995,0.10863616660188753,0.08288317353445399,0.13043649314705028,0.13417823249326122,0.12364769268876101,0.08352969269437577
0.14066106433634876,0.09250330320382234,0.11403630791586061,0.11131836937170125,0.1296013054362927,0.09694812895856915,0.10454230906849803,0.1161238300289434,0.09426538167996375
0.08148595637403638,0.1564780427682994,0.1349662442270166,0.10842903163473361,0.07434551182386157,0.13853879796295335,0.08982619902280974,0.11201702034911272,0.10391319583717662
0.1405092844536607,0.10083392217398718,0.11243610720916815,0.10568745391343931,0.12636832291820177,0.10519358238999356,0.11210361129942277,0.11367438305374773,0.08319333258837873
0.14166033756299373,0.10225845806843736,0.10719317970727253,0.10406798808828223,0.12818541424770566,0.10803668521432575,0.11740425886761223,0.11191567822970756,0.07927800001366302
0.12547271017465111,0.11260243620347545,0.10685814821991996,0.10474780825906636,0.10761332828657559,0.11880720856294939,0.12952444458906923,0.1162338128992898,0.07814010280500318
0.1671067521558569,0.08488280758919908,0.10931323746098083,0.1055475820093142,0.1656011179614941,0.08391892442549709,0.08941303322445293,0.0995213609532551,0.09469518421994964
0.16170418559083025,0.08672939785186935,0.1119301417003198,0.10808855767349768,0.1590572176095949,0.08150066560599585,0.08569489205813402,0.09927005721208237,0.10602488469767575
0.09772194015798698,0.10772911592055796,0.0916409599549497,0.1191792118364704,0.09797903246888652,0.1162880553936445,0.14903123073718053,0.13295737418034903,0.08747307934997432
0.13723248590451553,0.0826538750312306,0.08133527556623373,0.10964222594476886,0.14872855171236632,0.08738027367576273,0.15830595575656034,0.12101863493922756,0.07370272146933424
0.12323095039468146,0.11046185949645985,0.09452324036013227,0.10232907713409607,0.1025513650043937,0.12075652914420239,0.15786008060357448,0.11734333788986889,0.07094355997259086
0.06963506678700492,0.14942241670951423,0.07963241219940802,0.10695850411430712,0.05524996560699741,0.1697549255851194,0.18621146155174287,0.11681314501176832,0.06632210243413778
0.09491291713556034,0.14202741881966344,0.12324881866867983,0.10767987309710397,0.08153247167964835,0.13733315453794406,0.10794943518631138,0.11596884581503974,0.08934706506004886
0.11230248663059283,0.09820129056118188,0.09323710010040491,0.11874812151053982,0.11415527104843672,0.10476999752796479,0.14055004499169624,0.12949947799190287,0.08853620963727993
0.1873607873831126,0.06762498596921607,0.09441546644572889,0.0980764526144428,0.18851232636127693,0.07861132286469323,0.11210852768798824,0.09990659150129721,0.07338353917224405
0.10113027520676605,0.1423209708144878,0.11007450171292987,0.10790028184338724,0.08863208189304488,0.1419589863056164,0.1101238996633299,0.11311537466473166,0.08474362789570622
0.11675659029611567,0.13146022949163896,0.11823043351269481,0.1129148394521799,0.11779525989704753,0.1059415510135772,0.08049605513016411,0.10313733024696525,0.11326771095961667
0.08142005870876068,0.12187276457366782,0.12133348410410716,0.12006797975609983,0.0760590719218082,0.1275395048986698,0.10781054568111126,0.12644681277308864,0.11744977758268661
0.14955862676073492,0.10002548944436568,0.10780689092734086,0.10962578291775689,0.15473910939643196,0.0842941625687841,0.08657235635167171,0.09620655970272725,0.11117102193018662
0.10758321164529279,0.11757715444308849,0.11993072652582819,0.11019173075527128,0.09235473076735791,0.12111392069196243,0.11849752109641833,0.12219623273050532,0.09055477134427532
0.13130651839002214,0.10644384670439033,0.11666251915296622,0.10722758871863285,0.11587744938732303,0.1093392624278809,0.11089902403525548,0.11588919014000017,0.08635460104352889
0.07888004405211951,0.14228116329739204,0.10097863247936323,0.10732169900386584,0.06404961222166569,0.15249248781338878,0.15648448831439932,0.12245504469083808,0.07505682812696751
0.1742400473918959,0.0780036334808142,0.09705988771913483,0.09885794069329078,0.17105288932448925,0.08828601106840955,0.11624810764524564,0.10306196262542051,0.07318952005129938
0.11687380290619204,0.10078715219279981,0.1062781726806961,0.12397368964859652,0.11418663915727438,0.07179900482428417,0.08685869222732173,0.09838150279297327,0.18086134356986203
0.13855640588823087,0.10982876882435903,0.113465782679102,0.10762305779730731,0.13228367102151586,0.10646136382910987,0.09459683201081748,0.10746027374552887,0.08972384420402868
0.09130321792040014,0.13640421195890032,0.13846888506908556,0.11090610201399,0.08110980709114625,0.12457875695889588,0.09022460755502527,0.11502302237423057,0.11198138905832596
0.14675726176915468,0.10497794677083327,0.09615775951897247,0.10963337032898489,0.16235631618574398,0.0920650626584894,0.09483251364285822,0.09419254154182947,0.09902722758313369
0.03986583290951262,0.16527442365763076,0.09073971146549958,0.10838353444581472,0.045501430414466,0.19056525693836956,0.16513386041791514,0.12027024411534554,0.07426570563544609
0.06992174177709952,0.19064149273009226,0.07451451786644588,0.11279288519091402,0.06894721564979227,0.21117746196334256,0.09104513620987559,0.09473813405945554,0.08622141455298238
0.07357175716488601,0.15257831492582755,0.10971082195058617,0.1063808449386094,0.06117859509068757,0.15855222470513006,0.1404855459859807,0.11906868766929059,0.07847320756900193
0.10706918666122063,0.08856992802217863,0.08311206222508918,0.13105278219869868,0.1280158146816298,0.09333983263991184,0.1404938760047104,0.13096830219732103,0.09737821536923974
0.08973539469153953,0.12484402439585478,0.1321041008122378,0.1152586729335724,0.07995765181358443,0.12314316577984082,0.09820050328845636,0.12078281436145522,0.1159736719234586
0.187880720746611,0.06250002667079198,0.09729654396835245,0.10537711196503051,0.19082032432573426,0.0681788488645589,0.09449184743742826,0.09527850414305482,0.09817607187843787
0.12393506123582455,0.10297718911412822,0.12507462304354902,0.11530753487639445,0.1114865937714643,0.10115648516079612,0.09170976799085871,0.11580983310109559,0.112542911705889
0.13413408333035273,0.10693804620456261,0.1175672572013365,0.10704447464510591,0.11987880410660891,0.1082124361720168,0.1051763824774015,0.11360156089520652,0.08744695496740844
0.12790744893031852,0.11361195830798813,0.1267295289413257,0.11067451986203387,0.11796272120279672,0.10313496497017267,0.08514636042695306,0.10915911211987621,0.10567338523853509
0.09230753205112625,0.16355975365697148,0.0941561104688507,0.11573806173848351,0.09906640161571328,0.14819134487883026,0.08674003620537547,0.10047350276431848,0.0997672566203305
0.15983601524684662,0.09106011017359632,0.10672149114131925,0.10766383612302964,0.1640966963615619,0.08129289586156668,0.0878373726774986,0.09565223507645772,0.10583934733812322
0.12204017138150731,0.12927901701871145,0.10806344687022092,0.11281768511037771,0.12795224751998538,0.10905210956244836,0.08525274959584807,0.10151408917993432,0.10402848376096645
0.11847073327918765,0.11378031815441654,0.1277611443122089,0.11075463324463365,0.1041011621195433,0.11141317231430599,0.09762032268250094,0.11638355413891728,0.09971495975428579
0.1668913055221465,0.08187061024070459,0.11134582067352287,0.10665162131832821,0.16154538642539593,0.08322429538363887,0.0897257552038538,0.10229385969246645,0.09645134553994276
0.1034194826164248,0.13366598203332722,0.11841244809882599,0.10729244283946089,0.08797880149590154,0.13281279134853682,0.11401150753921185,0.11658815910043492,0.08581838492787597
0.18803612638138947,0.06581754311605338,0.092428960756329,0.09820658153292305,0.19034900403919752,0.07695503818367662,0.1150471562389817,0.10050595037044056,0.07265363938100865
0.1257348549048851,0.10135872905363015,0.08753609412347955,0.10305258925666032,0.11211746792400613,0.1091145152913119,0.17107357141305332,0.12100177732288447,0.06901040071008913
0.17341287475306955,0.07201166381550468,0.08360679655701696,0.0950336792567742,0.17499427470959592,0.08315310841300448,0.14843106875924986,0.10525755483453658,0.06409897890124774
0.05607781947928889,0.17591813150498037,0.1365321366973896,0.10337078860291843,0.05370911013206201,0.1638340054499143,0.101603280626609,0.11077520792867805,0.09817951957815936
0.14155643099042284,0.1004298467608082,0.12254376066696471,0.11085919979383745,0.13238528224213877,0.09289374339975631,0.08400397781272417,0.10655016806367003,0.10877759026967738
0.10266283231069824,0.08895494751430967,0.08415247089969306,0.13511400251549532,0.12373667617761042,0.09407388466563338,0.1353174197933734,0.1316334970308253,0.10435426909236127
0.1215285621324693,0.12028684104757163,0.10414668355830807,0.10532803120869655,0.10619631757764701,0.12682260477124022,0.12354518952513249,0.11315575456111798,0.07899001561781666
0.12484043023900415,0.08010578480844309,0.10006069580006886,0.13365256295997865,0.12488300209461552,0.074701245338009,0.09310178313373006,0.11080326760342163,0.15785122802272897
0.12654149817021054,0.12159536820557452,0.11848483251104953,0.11042217480279852,0.12262078240497164,0.10814030575261581,0.08581473288085335,0.10638305480522632,0.09999725046669967
0.12232396383658356,0.12255607452980515,0.12457395869521892,0.11144537774076764,0.11698091252414178,0.10472706825740156,0.0816993854000977,0.10645180435504449,0.10924145466093911
0.08981262024588706,0.1534323994211261,0.1267413497135386,0.10915274743421,0.08192331692307321,0.13792887874101448,0.09128812084784099,0.1117159227371806,0.09800464393612884
0.1345653772740916,0.08810189432219649,0.10206153079188555,0.11642885894043964,0.13212784825925122,0.09403163012898752,0.11743582714971353,0.12137564265668688,0.09387139047674753
0.1980676279980326,0.06012911201360455,0.09127824260495081,0.09737481658342757,0.20336683474328376,0.07165303084852401,0.10816136816660865,0.09553038913500411,0.07443857790656395
0.1188362460541131,0.13141710566815426,0.10728707441463521,0.11092850094881333,0.11844870804785097,0.12254101079720862,0.09165506079687125,0.10615907699895849,0.09272721627339471
0.140448418521359,0.10920864433182875,0.11184877022967765,0.11059096496361236,0.1434006881572673,0.09226451261434733,0.08443340798222217,0.09955311149868956,0.1082514817009959
0.12501024778674338,0.12257394973320705,0.11550270253086976,0.11286810948601766,0.12765896689569886,0.09678933646893025,0.08123593805099495,0.10054264844172238,0.11781810060581581
0.1710138928137416,0.07482965107633008,0.09815934021352606,0.10291804638231171,0.16818341382856442,0.08383204947373857,0.11552254397687263,0.10776213859834342,0.07777892363657153
0.08899188251155173,0.13803644629280898,0.13455444739632183,0.10926827067846384,0.07726639289383112,0.13208842229983672,0.10138307726781658,0.11766561554804654,0.10074544511132268
0.0817602390365579,0.1512226697942742,0.11768022245162439,0.10651521771558159,0.0685950458160466,0.15104506000310597,0.12231788655896743,0.11712025685457787,0.08374340176926405
0.09328217629648283,0.1412199401561247,0.08174491254075811,0.10426202004765438,0.07667296124049552,0.17426469794756258,0.14923036826281655,0.10681190311249117,0.0725110203956142
0.15584105795865663,0.0863396123106896,0.112454043745234,0.1078736992315459,0.1460574657777457,0.09085982263759933,0.09937782619930331,0.11013717266160296,0.09105929947762258
0.12520295813311996,0.11075919594657213,0.10200193665788333,0.10381984880042672,0.10615708944655909,0.1187506203787388,0.14104483736184556,0.11719816597090792,0.07506534730394646
0.16730100606889467,0.07902710043409172,0.10955227174615399,0.10868839727738643,0.16386837581304012,0.07718347511608104,0.08669271436735676,0.09925020095902343,0.10843645821797189
0.09744360977908544,0.10925621417217916,0.11982478492606201,0.1267237676128656,0.09177979133034121,0.09288616940849419,0.08233461758576871,0.11109472219394538,0.1686563229912583
0.08033271298726022,0.10301006413733317,0.10334377432755038,0.13891702186783816,0.08559754042983499,0.10749773721722848,0.1025672139545513,0.12758189201744774,0.1511520430609555
0.08860850489142812,0.132160618107825,0.11974928550660259,0.10917312293137893,0.07490234030687397,0.1368330739325941,0.12718955769734747,0.12333093356950486,0.08805256305644506
0.17083472971601843,0.08014677929072275,0.09776848014770441,0.09931537624160196,0.1661764436761205,0.090161183363557,0.11776866879075416,0.10440827839468449,0.0734200603788363
0.11026554624485292,0.11412973909269053,0.11763468487150171,0.11073979417482027,0.09557086416410583,0.11855137920497438,0.12001994714114901,0.12282139976464261,0.09026664534126272
0.07665645655537721,0.18030845960528077,0.07956591937541231,0.11976766347602875,0.08902361870506098,0.16005465586509623,0.09221009133421543,0.09125071588896783,0.11116241919456045
0.0931188417066255,0.0886342240134926,0.06785779535584348,0.13072494390138212,0.13408866652118143,0.09176574904796131,0.17930769946817718,0.13229353142131905,0.08220854856401734
0.07367870898302335,0.13792733534573956,0.13409692737139714,0.11246811344557885,0.06698484589565122,0.13779993844150085,0.10330099118138782,0.12075272451293469,0.11299041482278654
0.0758383462945271,0.1368790592925748,0.07312573378598854,0.10701507823894078,0.05914404507607001,0.15478734117183834,0.2077871065389022,0.12168096439829225,0.06374232520286599
0.102521655810786,0.078276729308566,0.07443859824556713,0.1430081076641987,0.14376444851402387,0.08067173944272871,0.14620372378505944,0.1284535427360948,0.10266145449297526
0.15175487873122825,0.09815551424586254,0.11121865253615305,0.10592343009593197,0.1463394895135499,0.09805321291637993,0.09541774950916171,0.10542785996822639,0.08770921248350626
0.06186348801779166,0.14851535271105973,0.11222832935491596,0.10891051576613409,0.05652088739616188,0.1613485204666929,0.14143354799777041,0.12408634140359227,0.085093016885881
0.08893147990224187,0.14476765482153575,0.1331463573660205,0.10841190471394903,0.07804978478286474,0.13482552204500894,0.09814226102394526,0.11529757877372283,0.09842745657071102
0.13145344282322646,0.09564122555479333,0.09649419119259871,0.10781873188352657,0.12306253216935671,0.10253896132608968,0.14351710166560772,0.12189767921295482,0.07757613417184585
0.16711530260797683,0.07923561559143408,0.11067592776860687,0.1079134493175264,0.161273764102403,0.08149756305041067,0.09002396872995766,0.10316822457696134,0.0990961842547231
0.12898954796198728,0.10202180290755554,0.06053562779826251,0.11364297463452573,0.18067972362457763,0.11169110345077705,0.13696037324006646,0.08078709357762374,0.08469175280462404
0.11824752675579964,0.12509717804817766,0.12279235717961672,0.10910081678266964,0.10775982232507375,0.11725126452616025,0.09353752620679938,0.11172508924665174,0.09448841892905123
0.11224798683694519,0.11421403589651281,0.12396725264775997,0.11127400923545862,0.09769049242414675,0.11590334035274076,0.1081919339966539,0.12042397447147386,0.09608697413830813
0.171406540569252,0.08326485817729434,0.10252973460643915,0.10411551816926519,0.17709641748634505,0.08212679562302257,0.09254569688516906,0.09543183646791357,0.09148260201529905
0.10375792779040129,0.14411457620639692,0.12064716141432853,0.11118707533629868,0.09937402035104748,0.12616540286404546,0.0854757033806935,0.1086042328038755,0.1006738998529127
0.13963066968014756,0.09131747026039494,0.11890120295880628,0.1159072587084037,0.1294232572509774,0.08919032224058683,0.08733045617667895,0.11073899619930144,0.11756036652470285
0.16866499264517934,0.0823891929881429,0.10307667521125947,0.10631586962872859,0.17420643663630178,0.07526082045728597,0.09017101435818364,0.0929286954735163,0.10698630260140211
0.04507974830627529,0.1657010690655252,0.13262713685937155,0.10435874892405639,0.04770852596233847,0.17194820762081653,0.11341384719588261,0.11476974947625251,0.1043929665894815
0.0934999117777592,0.1532002367953284,0.12257843815376428,0.11020142904337908,0.0874573436034111,0.1361586578268372,0.0881238673691896,0.11011368240548237,0.09866643302484875
0.044366904546547986,0.23570134988969382,0.0786069717698621,0.10754879262554591,0.0461169285203282,0.23152311059398004,0.07877526786692132,0.08973864827138812,0.08762202591573244
0.11469034549479494,0.11087003021072667,0.10565547095788914,0.10833141854025036,0.09926514272146032,0.11763473852808891,0.13940579164239114,0.12362109263052923,0.08052596927386924
0.13785155040248506,0.11373264858758934,0.10139408184708247,0.11116636129308137,0.14918847468985993,0.09741844785346793,0.0901540823291377,0.0972008497808392,0.10189350321645689
0.10579100737856019,0.1464486237087398,0.10909989233575883,0.11427610337709977,0.11092292384015978,0.1206854983486582,0.08276848943674651,0.10243241903458888,0.10757504253968815
0.08695294497194733,0.12573023018479504,0.11480679022992035,0.11299308011915073,0.07653584567873802,0.13374397441178007,0.1297431988546063,0.12736760158355936,0.09212633396550272
0.16416353617118515,0.07239674759381783,0.09886734106495405,0.113377299206973,0.16477360084536416,0.06499822026088277,0.09176364705316277,0.09386154343065967,0.13579806437300057
0.12908813207861933,0.11035718269031318,0.12270659772255725,0.1085372711716766,0.11520208570631202,0.1087413714453473,0.09874899617309453,0.11370540614065161,0.09291295687142816
0.16965068633419644,0.07291254566938561,0.10228625687347286,0.10844622164568717,0.16728466053596228,0.07994851799795231,0.10161397953798768,0.10715039344391307,0.09070673796144257
0.10766336529435833,0.1376076319413211,0.11397040617486824,0.1087956131218144,0.0976602915785929,0.13286992097758246,0.10086135281619481,0.11193871753736696,0.08863270055790083
0.14180222902266015,0.0926764060305472,0.1196456876193381,0.1147491667798799,0.132278314109226,0.08646394672479651,0.08352347181542437,0.1069337271229351,0.12192705077519261
0.1532483263167731,0.08712591172489333,0.11539147600829523,0.11000906497758339,0.1434313554136638,0.08950206980550757,0.09319195641297845,0.10945660702437619,0.09864323231592904
0.11339331983486405,0.11105134424603702,0.094615612089538,0.10620222370785472,0.0970986170652568,0.11901522659570428,0.16119386463456076,0.1239479632962202,0.07348182852996417
0.12225530580447014,0.1003775492044483,0.1043780697884396,0.1122511738906282,0.11310123112490966,0.10690137265844919,0.130131971191311,0.1243115612622631,0.08629176507508081
0.14291851708616501,0.09633788026694072,0.11331531109211306,0.10699326106706951,0.1296282592336572,0.10098905215885291,0.10951832057934596,0.11435865209476981,0.08594074642108573
0.08331577140369928,0.13872078248309452,0.13278055147203427,0.10935120054188163,0.07229402883281731,0.1366924039354231,0.10789173480340664,0.11970711762874271,0.09924640889890048
0.10373165601114669,0.06760870783848631,0.0708635729276197,0.15197349494240095,0.11664033550308743,0.04512766655537278,0.13296606474881653,0.0923263575817433,0.21876214389132628
0.08914950366142203,0.1661446436236478,0.09492764892527411,0.11338200243081582,0.08990849519449161,0.1605485716013475,0.08968941736387474,0.10342489097686924,0.09282482622225718
0.09109800212517392,0.15634529350404056,0.12389943387026252,0.11318172009912769,0.09196707087713603,0.12113097785903122,0.07735074068089919,0.10412450336800062,0.12090225761632829
0.12221125617997719,0.11127331757646015,0.10702325077861026,0.10556132085227032,0.10403549820522022,0.11757744202646586,0.13474555142786596,0.1191858063972695,0.07838655655586056
0.09169691651338928,0.1250898832200293,0.08404563253188302,0.1071771724383521,0.07460819083577534,0.13631924188308428,0.1862852336726268,0.12595186700748695,0.06882586189737289
0.09771089804245565,0.13647021424685482,0.08536353465593412,0.1037640479876063,0.07841659187844723,0.16247753996686548,0.15424455130149864,0.10974297971048257,0.07180964220985521
0.10410313125873356,0.10427363584223492,0.09474081430725241,0.11885702818597672,0.10349643737280462,0.11191041502787373,0.1422098292879089,0.13125057889344885,0.0891581298237662
0.0973818251642475,0.14964971627213094,0.10207414953515863,0.11731150464380898,0.11067222094172245,0.10331820192470914,0.08632070521200369,0.09445528072032372,0.13881639558589487
0.11009903244852048,0.13340400228789398,0.12399065964813494,0.10956051821796882,0.10059380952570013,0.12258576184198071,0.09187728271421443,0.11169166643619576,0.09619726687939079
0.1323761602922178,0.10661869127806627,0.10188751967417603,0.10317914432730657,0.1148792405432328,0.11480954090879747,0.1360534081575316,0.11508882108200334,0.07510747373666801
0.14525364118732786,0.10681004878409306,0.0990538115036479,0.10901875720810206,0.15623407847441842,0.09905229875992962,0.09384935988921093,0.09799791532214065,0.09273008887112949
0.1413444315759265,0.10403519224388662,0.12075338102518625,0.1088973012961783,0.13254458488763274,0.09838582369163906,0.08799126679226532,0.10745500712260009,0.09859301136468522
0.12997322690235188,0.08907135269501447,0.11325445009339086,0.12283184751100736,0.12293266205729668,0.08817450869603488,0.0909310115560319,0.11468556866419218,0.1281453718246799
0.1006270079508425,0.12661981142260892,0.11500914704978886,0.10768208672532668,0.08366590492537712,0.131092933537355,0.13038588792405983,0.1217031970145646,0.08321402345007654
0.10138947403778846,0.13451202686655495,0.11911384636841886,0.10728199460212806,0.08584144166004563,0.13376856602001871,0.11509374257255837,0.11709296943018084,0.08590593844230605
0.04831163266204159,0.17331896944284006,0.11687071118121384,0.1034062286816888,0.04756163368524602,0.17973662894891707,0.13509565328822357,0.11453368184099559,0.08116486026883353
0.09166852609534078,0.15668254636897744,0.1220858626943724,0.11093350164654601,0.0876687495152863,0.13574989377245292,0.08461651731834834,0.10863347018585952,0.1019609324028163
0.12964873527099494,0.1035860732429386,0.09815113200491432,0.10362700451351424,0.11262758871309254,0.11162596290873068,0.14850882146597702,0.11876391487922566,0.07346076700061209
0.16050901915143184,0.0820028680243761,0.09972626412666741,0.10324944974200484,0.15369238536221644,0.09040994302204662,0.12222573661134273,0.11131524235680094,0.07686909160311316
0.1601392927427815,0.08914297274312562,0.1113101289392106,0.10503533009704025,0.15288418847476215,0.09207801804419598,0.09661944631164084,0.10563938628934245,0.08715123635790052
0.10783216993252975,0.09740037345672276,0.07292306885441524,0.11189865665445688,0.11935471125259779,0.10096944670107437,0.19018679914437805,0.12887040784271628,0.0705643661611089
0.11510325752210272,0.12849497827699743,0.11930031376773538,0.1085659289620836,0.10399303335733923,0.12285925175034175,0.09851424115929162,0.11246138043294013,0.09070761477116807
0.09471824584650372,0.1400784670636747,0.10545188681140627,0.1060501480118596,0.07684488430773441,0.1464863135216012,0.13547594364764817,0.11696170196472855,0.07793240882484333
0.15682457730823038,0.09319747523987164,0.11342250586931459,0.10726857549535436,0.1534976488334949,0.08899462643633883,0.08743156789224661,0.10192557001271758,0.09743745291243111
0.0887625153557432,0.16444167040450816,0.1075874856982854,0.1116374134945934,0.08606157247183381,0.1515022460616516,0.08831560081200378,0.1070144825733285,0.0946770131280521
0.10750557579296409,0.11827793747375649,0.12585008824591748,0.11105553124790411,0.09302679652682778,0.11919382166493032,0.10791616439874696,0.12048640238171822,0.09668768226723466
0.17569050498874147,0.07179663880594635,0.10308125118916306,0.10582935743457106,0.17302712941745899,0.07896718862565943,0.09883824009711584,0.10392501098829722,0.0888446784530466
0.12177058420591709,0.12070395933333249,0.11656468765015,0.10737609516630035,0.108431986923465,0.11950314336166229,0.1054166784539039,0.11337381214590088,0.08685905275936791
0.109813110512135,0.09270973664958831,0.1048073870890525,0.13092951274604078,0.11065628306449571,0.09586921249775326,0.10365571847177567,0.12450392645462105,0.1270551125145378
0.12381977565393754,0.09728491477707137,0.11898774558699772,0.11899791458512417,0.11397747348342192,0.09809875351759108,0.09486522283850896,0.11807109451521353,0.11589710504213367
0.16916404379501673,0.08175785706788237,0.10567472379132527,0.10267772951740162,0.16340243899322912,0.08835267045846279,0.10286869201598309,0.10450357768856143,0.08159826667213765
0.15017999940739232,0.0819099620882597,0.1099856038225022,0.11533903178720457,0.1436355312352032,0.08524867831660628,0.09516176411389525,0.1117955432059236,0.1067438860230129
0.0742062205530549,0.14368657540515561,0.1403055332772474,0.11089343416041057,0.06761113146030641,0.13483034251957982,0.09363025872446053,0.11633087147568442,0.11850563242410043
0.12008795892314057,0.12624220410738776,0.117026519776267,0.10911118666270651,0.11195784021308514,0.11909271895012953,0.09429045803274615,0.11020672866650245,0.09198438466803498
0.10829759319354648,0.08869209153160161,0.09107321656239127,0.1336404626906509,0.12171908946067166,0.09369833968526019,0.12243434846327576,0.1291964066098005,0.11124845180280156
0.06483532223645262,0.18694773536986944,0.0937604645900623,0.10703261327908531,0.05786886914627374,0.19289305769072337,0.11118388899898757,0.10622365656777867,0.0792543921207669
0.09823823793358988,0.11336093761481887,0.08508715420127289,0.11127610342897605,0.09080541741047776,0.1218172372334469,0.1747354088825739,0.13035963351220073,0.0743198697826429
0.08706681926483267,0.09427100623083194,0.0705617750988,0.13284320608661146,0.12071325806228483,0.10041179056570759,0.1715044038701817,0.13535266372681876,0.08727507709393108
0.07101819371510122,0.176857267159474,0.08246890049992055,0.10722346108304327,0.061793507646535656,0.20156825056786187,0.11879043173291025,0.10372118021625036,0.07655880737890282
0.07709231860080522,0.14369121886456618,0.09162024884262875,0.10714729252557063,0.06133656575900547,0.15698466792821889,0.17000601624651632,0.12128934732551162,0.07083232390717686
0.09098487986671387,0.1350090800573328,0.1038248561396173,0.1065445422097802,0.0728956217394383,0.143200746928538,0.14988573567590294,0.12151442767068417,0.0761401097119925
