0.11038092666506327,0.13345403363022915,0.09981026255446303,0.05926501536019125,0.09692688375197211,0.08328673191422074,0.12827406518316187,0.156199871643096,0.13240220929760252
0.1132453278609038,0.1306462502825075,0.09528028119470165,0.08934090088202022,0.09888934154288391,0.09572593103593302,0.11777439552922346,0.13606921598771768,0.12302835568410882
0.09936969272993518,0.1389410444995732,0.10376539842683967,0.04621894564055934,0.0824690662880017,0.07701030133209814,0.14602293935147784,0.16893554280768175,0.13726706892383322
0.12202746828053306,0.1092668236143095,0.17087230517057916,0.05615496028151423,0.1382932062621492,0.06550881046202661,0.11011381536003752,0.13053672504632802,0.09722588552252266
0.12015026314666373,0.11362343803554605,0.08708428254064308,0.12231241471503652,0.1151147497820173,0.12035678250749281,0.091759716640768,0.11195476413645444,0.11764358849537804
0.1093727226810317,0.13810315361319478,0.09036366943739065,0.052370232750781315,0.09742903323844428,0.08141700042569049,0.12911381098955033,0.16340772711418625,0.13842264974973037
0.1143709423953222,0.10617071552084723,0.18719057968163952,0.061121792839140425,0.11900334069476041,0.07105544822055673,0.1169680984825021,0.12697692077078693,0.09714216139444454
0.1145645723475971,0.10917586359376137,0.06189815826271005,0.16345745555310454,0.11258134595514917,0.13869361274495678,0.07712365828563587,0.09822201440125555,0.12428331885582944
0.11811427191655398,0.10992581738966944,0.08788134994705844,0.13960220256084496,0.11392160904301234,0.12363689039768809,0.08915225247276082,0.1063726706744673,0.1113929355979446
0.13052338373381392,0.08713524484915197,0.0983683410179879,0.13175207227516636,0.17059749340552877,0.15059903884531353,0.06092661796091619,0.08141324335405409,0.08868456455806717
0.11910380341110686,0.12083492484004006,0.09080075709835418,0.1016592133880227,0.1099641861920541,0.10904919970347277,0.10201057570885319,0.12394970410489758,0.1226276355531986
0.12145626077936351,0.11137256088438181,0.07300836234480662,0.13296225751540772,0.12327182121476592,0.12991236900235456,0.08156642411463237,0.10464527800647401,0.12180466613781349
0.11078490901434475,0.13101975198425028,0.10701114433343388,0.07599898267133665,0.09560216022445482,0.08812462116916259,0.12536528075512052,0.1432072995860477,0.12288585026184884
0.11346391903822528,0.12592976953418247,0.06726060382434733,0.13224110242103343,0.10064578539277456,0.11637266716263077,0.09969509709278142,0.11784036546749492,0.12655069006652972
0.11773333435236939,0.12146690709490053,0.08777304979975403,0.10787413427640008,0.10735569133607444,0.11020061258723342,0.10229219373852239,0.12292257181412865,0.12238150500061701
0.08083138400307169,0.10763634352290984,0.23013220639786183,0.034877965181907465,0.08005011339598025,0.04155443367262927,0.18680065277869695,0.1481848575892728,0.08993204345766999
0.1247795745302485,0.11092762146736573,0.1440375862787375,0.06958950353245533,0.1317730314203351,0.08551820634888352,0.10319591086421741,0.12476142365700847,0.1054171419007484
0.10791181473267397,0.11592283811692945,0.167662065262247,0.06944692068622604,0.1012228624556273,0.0745128583597478,0.12776631156682314,0.13338966893234755,0.10216465988737772
0.13051716378796285,0.12060684751309159,0.10588372813133538,0.06785443915121464,0.14430466109422463,0.08595466474073916,0.09780756012202803,0.13091373767958628,0.11615719777981737
0.13365510987959484,0.09716156339404418,0.1132268102028422,0.10268435479032977,0.1596978063948641,0.12739817644098095,0.07377877079020183,0.09535212376396339,0.09704528434317887
0.10093463411867502,0.13465405193792324,0.11870322686956565,0.053454480426575975,0.08376533034535304,0.07594218470992167,0.14502416506404214,0.1599896298590984,0.1275322966688449
0.08264777925338772,0.12092656651714263,0.1812826256308038,0.034581714610950075,0.0743351090822943,0.055068021161810775,0.17740815034403326,0.16075114919391542,0.11299888420566202
0.11980092022167706,0.09978206537060126,0.11132624139017229,0.1382110226548123,0.12426934439756439,0.12882220214124582,0.08304685752887551,0.09785131436657124,0.09689003192848013
0.11512352479519439,0.08504755131024068,0.10888555689511072,0.1868816394127153,0.14435566803373956,0.1389441713715131,0.06794623876072203,0.08140799067184427,0.07140765874891994
0.11271371234050964,0.1337828736377129,0.09618931154759257,0.0577650310190787,0.10223125045492322,0.08274265306991918,0.1246451934389609,0.1565922795178659,0.13333769497343703
0.10190229056902156,0.12628407628155713,0.15599172118057866,0.06080137942298944,0.09041616805591444,0.06902828263914845,0.14247814747721702,0.14527758825125486,0.10782034612231835
0.11081177265510228,0.11744182416503647,0.15342916245627763,0.07701996553926978,0.10397844718909637,0.08087755105310566,0.12188868476614349,0.13077698837966664,0.10377560379630159
0.11236927329508929,0.09839774753452253,0.06655600963480457,0.19437985725052095,0.11220519841795291,0.14632941835178948,0.07035723048799357,0.08871638493934923,0.11068888008797746
0.09728637692685084,0.12931740385002452,0.14065100157039565,0.04939915892782978,0.08281542927168321,0.0687555184886722,0.1519386839510663,0.15907556662084052,0.12076086039263705
0.11656355592363009,0.10485690787658525,0.09120987381459399,0.15948744583831811,0.11774002846982362,0.12488710801811241,0.08532504797062031,0.09959744261215263,0.10033258947616357
0.11511583002357889,0.10540574819554745,0.06988377311504475,0.16927317454201998,0.11210276787777969,0.1374925035912907,0.07797761337238891,0.0970337307902812,0.11571485849206836
0.1205440539144245,0.0997858265642446,0.0784522948511986,0.15755206731178426,0.12806993960564747,0.14160972073457265,0.072635822908261,0.09243751877169952,0.10891275533816747
0.1322684243898978,0.11713891398445953,0.11230830487876337,0.06885028703017766,0.14992236740653686,0.08634083216027955,0.09502417606515101,0.12652475420943135,0.11162193987530288
0.1190549257024837,0.11368562613979775,0.10197429327222912,0.11508349488821683,0.1137386206379825,0.1126833340532999,0.09749844123057295,0.1145888992024998,0.11169236487291741
0.11719700688956543,0.12512979046094128,0.07757391589076587,0.10566682451107758,0.10513840774166831,0.1122900255541192,0.10188756261949133,0.12559582903536926,0.12952063729700178
0.12437053788991355,0.10798967763686079,0.09466951028510327,0.11793204519580323,0.1268483623896306,0.12394874101479207,0.08571939517131044,0.1063316697613718,0.11219006065521427
0.10464905567404227,0.13727901802522416,0.10735656157680361,0.06135826089003005,0.08630514416144736,0.08187623525953715,0.13778618610437596,0.15502754722537668,0.12836199108316274
0.11836216611421703,0.10806201821509649,0.08000184038904795,0.146948745406113,0.11535261098841891,0.13029921663897165,0.08379220011212772,0.1027719406782438,0.11440926145776352
0.1005239137720434,0.11954473337155284,0.182798358308499,0.060088609496176275,0.09349573932369494,0.06323696646261952,0.1432598140005175,0.13923936271558882,0.09781250254930764
0.13043408751881866,0.08917388841127276,0.0987938269000533,0.13003545463048535,0.1654953714087487,0.1478571046336233,0.06325635659703802,0.08366816607717582,0.09128574382278398
0.11088762470143022,0.1286663790618631,0.11336613793880206,0.07351447999419781,0.09666080164482509,0.086393353083768,0.1256434497250419,0.14332741030708343,0.12154036354298847
0.11430797343186672,0.10515569539275366,0.07817783375796424,0.17812456537911822,0.11352015527675789,0.12752092451140132,0.08274223703039335,0.09733178492137658,0.10311883029836795
0.10259218137216636,0.10841583117937269,0.20337184504054595,0.05816885884228282,0.09995166095095771,0.06289599324067342,0.13660145023083262,0.1328147515721916,0.09518742757097683
0.10147002462421818,0.1288150382533421,0.13303690348483774,0.052881387540610336,0.08768134743928925,0.07172131582776703,0.14480815200678573,0.1575309746139707,0.12205485620917894
0.09496323524801419,0.12315911276623177,0.169048837923409,0.049501899000153,0.08348206310633934,0.062304624000803145,0.15593097078852894,0.15204671433950664,0.1095625428270139
0.1143290699027073,0.11206127076795774,0.07206152987643294,0.16040365954335226,0.10705433498088945,0.12663629300776216,0.08721634952798651,0.10438603816553356,0.11585145422737812
0.1141128250797817,0.11081142226002144,0.16662961144434865,0.06759675384931382,0.11236910149185059,0.07870523234382304,0.11745580696607517,0.1290949990162674,0.10322424754851821
0.11606291568553823,0.12007987519496895,0.07517755638450531,0.1287164239722808,0.10545498993482588,0.11861511345454279,0.09613749955189788,0.11603433209187124,0.12372129372956897
0.10933939990173959,0.09474622422078187,0.06579756437429311,0.21757069251827724,0.10781228127188545,0.14710107692842495,0.06845784400054188,0.08517084530133713,0.10400407148271877
0.10804053177366985,0.10722894449475524,0.1966096359607686,0.07030721627659492,0.10703632958597138,0.07290164086445716,0.12224697339788226,0.12374707397267465,0.09188165367322594
0.11585954250677184,0.12336875841512145,0.11192753302904497,0.07952906415082146,0.10525155859219248,0.0927209277914754,0.11547186409296668,0.13573498046729793,0.12013577095430777
0.11368211387104148,0.12146501870255255,0.13198153133288706,0.06401903344227637,0.10653024755260555,0.0795471634989146,0.12316158630536861,0.14274303332219343,0.11687027197216042
0.10882651891275157,0.13300457597477292,0.11281133765724038,0.0734439707073995,0.09384890585703949,0.08404989780516114,0.1296641256410609,0.1443611728925699,0.11998949455200421
0.13703436498562374,0.1110828456595036,0.12741371683384806,0.06501073133807599,0.17252521614788432,0.07935815266346552,0.08828138551613351,0.11955521246208499,0.09973837439338028
0.1121161673842197,0.1226047789716453,0.12920394364860452,0.07406612384334711,0.10134887427735186,0.08478991401841378,0.12280887589386495,0.13803991560765114,0.11502140635490155
0.11738922808503767,0.09967210597649408,0.14863552779462144,0.11962028464634143,0.12956511842068166,0.11125275704491773,0.08930214869275238,0.10042531707744647,0.08413751226170717
0.11656193656388096,0.09485698035023787,0.08026595022433262,0.17980003359459393,0.12130243489209162,0.1467186935907193,0.07036464484337336,0.08800974546601066,0.10211958047475972
0.1022850079205974,0.08687326552427392,0.2828164424694324,0.03917281313301257,0.13394136411528298,0.03623671418733781,0.13618351190723801,0.11743937845659336,0.0650515022862317
0.11070670651990927,0.11303503654579133,0.1670662751813726,0.069764595704347,0.10566598337374906,0.07769860859218301,0.12238680543798557,0.13073198199163352,0.10294400665302861
0.1243019398807025,0.09421504713065182,0.08331272479453598,0.15228745804946317,0.14460975839248572,0.14652001884017807,0.06658950930654763,0.0867328771303413,0.10143066647509384
0.12122427062362066,0.12790950743255514,0.08381052746725758,0.07952070462635485,0.11465583099380534,0.10103515827564614,0.10447676512936295,0.13557133456438916,0.13179590088700818
0.11957713467337246,0.0963112849236485,0.13152628434877361,0.12994538297180466,0.12845473635289587,0.12640298266520186,0.08255583277779749,0.09599280441241675,0.0892335568740888
0.1183379535343047,0.10272069808820178,0.08559067790106172,0.1557451032903557,0.11838011875812333,0.1343341699750604,0.08012249940324882,0.09754395871184551,0.10722482033779807
0.11526402790913287,0.12580621725986044,0.09416784967973361,0.10092403498623657,0.10329704699472504,0.10140077816126598,0.11068445529801903,0.12850654793996102,0.1199490417710654
0.08800460107715508,0.11253906955707514,0.19922099007805438,0.03733662417291192,0.0875955978697432,0.04875697339860364,0.16845203686037893,0.15471057821512282,0.1033835287709549
0.11460161648114338,0.12047796885009605,0.07074608609341716,0.13776226536183817,0.10348389946193524,0.11993355693852499,0.09525047200995884,0.11405675585116683,0.12368737895191928
0.12394105894612717,0.10788192602101461,0.104290512157857,0.11170136311569416,0.12537324076949852,0.11988013539873148,0.08892585928562997,0.10826603197419815,0.10973987233124899
0.125096447440977,0.10267873726335923,0.08710682638865395,0.13289977569203393,0.13462156555988639,0.13415963530924913,0.07668853569896596,0.0974951090261939,0.1092533676206805
0.1242259150400561,0.11413102150628758,0.07685318179552504,0.1169076565039598,0.12750199167920465,0.12366287044731494,0.08449295227567162,0.10943046776320432,0.12279394298877598
0.11796275372390874,0.09082689696571929,0.1159256850736934,0.15876357773210537,0.1305522813248979,0.139054052706844,0.07403896167242062,0.08823039733742459,0.08464539346298612
0.10712289157233841,0.13282714182414845,0.11735507094668633,0.04056270960216944,0.11033377531452924,0.060461156984496105,0.13701529527112943,0.16970679024618907,0.12461516823831349
0.1258531457166839,0.0980205597006734,0.14657063026611275,0.09515163463054067,0.13658671168128864,0.11558362065814891,0.08552499469068768,0.10196636639491864,0.09474233626094541
0.12365820004294216,0.11685820381303506,0.11374826522958827,0.08068364483959913,0.12239659450687324,0.09754651134696918,0.10269421161117154,0.12638399170513506,0.11603037690468637
0.10727813838626865,0.07792699931187334,0.07199860241753334,0.2546682420053896,0.11744784977252087,0.1627501742323426,0.05554966666520819,0.07202811190076165,0.08035221530810173
0.11213206562076823,0.11535954697733057,0.15926784297285584,0.08718810713273413,0.11293418925335891,0.08243404781038331,0.11484426780041328,0.12214164101457514,0.09369829141758053
0.11472373969332994,0.1182411284007175,0.07570282317643381,0.14873430084431263,0.108579750132621,0.11557651457153456,0.09535933329309931,0.10994994549280786,0.11313246439514336
0.11498038676457471,0.12452528102202422,0.10883322554257346,0.08382482316004121,0.10319561813040778,0.09409508985543341,0.11584895306297889,0.13480319350499395,0.1198934289569723
0.1296802754511939,0.11019997842618569,0.10621674168645141,0.09233749421559405,0.13869200324467915,0.1106227642681946,0.08846051243886706,0.11253772627165687,0.11125250399717734
0.10138927837402147,0.12693800443171507,0.13996096680029982,0.05363730699734637,0.08833113081236416,0.07050500789745877,0.14484211137052427,0.15525141841652848,0.11914477489974162
0.10392510785594732,0.11733283125588308,0.16746888137890273,0.04507879471056708,0.10619984709022091,0.05648809003702296,0.14220099377104892,0.15332199848898195,0.10798345541142507
0.116444265104458,0.08433003862658328,0.11104095876411206,0.17802402634177295,0.13306552425872276,0.15018019138504068,0.06640927534856542,0.08153345875523,0.07897226141551489
0.11141088435355005,0.11902034484701562,0.14497926991924712,0.06440841501159207,0.10402684501636084,0.07742667823070133,0.12571280596110093,0.14040621236188097,0.1126085442985511
0.1301422994550695,0.08762652473222515,0.09129412008265865,0.13615929830662135,0.175855558864911,0.1492602949792234,0.059476416497544454,0.08047112833938376,0.08971435874236272
0.11008081436476173,0.13410608527100573,0.0971978311840016,0.06482889500242811,0.09401987950259677,0.0872341866507416,0.12746365347913793,0.15275456420848807,0.1323140903368384
0.12500633367625313,0.0963221087146216,0.11595250996344213,0.12309792496754353,0.13555170194779262,0.13425445557236504,0.07786184722959294,0.09496428897364013,0.09698882895474892
0.11912180740485466,0.13290732324615925,0.07543390709244215,0.07586632504460035,0.11031324341727215,0.10149526859295367,0.10621965607284718,0.14020747593301794,0.13843499319585276
0.12318630059943947,0.1151737501364211,0.1095693649689833,0.09027827681289195,0.12079576987689054,0.10461333515293984,0.09960526033911887,0.1214448498855298,0.11533309222778516
0.10064418323897767,0.14025062124865748,0.09780560093772421,0.04193223429946625,0.08823952875431534,0.0743373527147825,0.1431010976398656,0.17353588242916043,0.14015349873705055
0.11524193833068297,0.09684334934350962,0.09060832507607774,0.1841840439869635,0.12486740494269544,0.1310667013545346,0.0771816263801603,0.09067370864853087,0.08933290193684496
0.11547721731925442,0.11966661049841927,0.0772114056817767,0.14712610954788724,0.1267123092431995,0.10906748172945113,0.0978837654073627,0.10492378554761227,0.10193131502503672
0.06935467054025649,0.10335155267766673,0.23519843981673305,0.020351164961819105,0.08154771508853134,0.031176011072832455,0.2069401440697286,0.16068909210643556,0.09139120966599677
0.12291314167542117,0.08794313597454073,0.08510851916151274,0.16406984813339656,0.1484014087858397,0.15541774192588365,0.06128572198934096,0.08075135027948406,0.09410913207458042
0.10769367352994792,0.1325496317462493,0.11914222719629493,0.0708024095392927,0.09310938175855142,0.08132000147448017,0.13207754626550536,0.1451457600181412,0.11815936847153695
0.11829240484770231,0.09278793034934285,0.0849251570033867,0.17392608878305282,0.1265146504622024,0.14897616533346905,0.06882707626942984,0.08654517909363901,0.09920534785777498
0.1108342175484837,0.12739942974382104,0.12042666638218902,0.07756222411609719,0.09815391890324099,0.08530424400458671,0.12496941760301257,0.1392782615385638,0.116071620160005
0.12867417432326111,0.0937998376941362,0.0920058715114004,0.13425058356740519,0.15509473543983215,0.14338013859350887,0.0669855112934311,0.08759643003769269,0.0982127175393322
0.11425086322246214,0.11505200205277882,0.06585377031431576,0.15198007441156183,0.10543960024045279,0.1294845937768572,0.08668449460781012,0.1066760460311053,0.12457855534265605
0.12279053508286641,0.12864575756258292,0.09483584082362194,0.06454873337278477,0.12294945603266334,0.08646856123251556,0.10858409597262596,0.143571801480233,0.12760521844010608
0.11892321493145215,0.11569558300750515,0.1387045916975059,0.0691706622591398,0.11710079424055085,0.08409740530052671,0.11279643255235687,0.13241009669369333,0.11110121931726925
0.08638763744109423,0.12807575748633912,0.14986200531737617,0.03385557742520442,0.07739522200086464,0.06078332635857939,0.1684734062992802,0.16986097319425697,0.12530609447700478
0.128975640117741,0.075583663189866,0.09729733415042541,0.13817058656282086,0.20433978232897987,0.16411697490259328,0.04913664190766581,0.07020936749952528,0.07217000934038251
0.11816792292332352,0.11874976209441201,0.12675141112939978,0.07264680851644838,0.11282683306425707,0.08791519901750043,0.113522496927055,0.13408641725452314,0.1153331490730806
0.1149559263155856,0.13305926825238965,0.08985296048404083,0.06612557609874457,0.10294771647504745,0.09047792530373454,0.11858318076798752,0.1497218833961782,0.1342755629062917
0.13065740741510465,0.09219896370568353,0.1453496323926277,0.09539933520201617,0.15308239557446876,0.12456604301647807,0.0756385350502763,0.09412615095153205,0.0889815366918127
0.11409593904489464,0.0871802051103343,0.0817527027217356,0.20108768075175498,0.12227286365770301,0.15602414016132474,0.06374970547531093,0.0808446422172049,0.09299212085973686
0.11956139097095762,0.11492367974317164,0.09515437330214338,0.11480142693067445,0.11341133241389485,0.11451915321898569,0.09655649576047089,0.1154493718203854,0.11562277583931609
0.11865438734287709,0.11975604807314529,0.08150881708026032,0.11423310838744057,0.10969153423704407,0.1159305504064047,0.09707335736022893,0.11903386854721397,0.124118328565385
0.11652104936198042,0.11618938478953611,0.08704809014943649,0.13402650950808045,0.10996460442468436,0.11475858222508008,0.09654223106880307,0.11243503715440235,0.11251451131799671
0.11522602470638997,0.10280041050387634,0.07158875016702147,0.1737638340648601,0.1137614940132712,0.13961237215509228,0.07599807909697802,0.09462520532389497,0.11262382996861568
0.11722253127395467,0.10843371291094361,0.08344399857632094,0.14973563366610193,0.11319996890822076,0.12698101629534012,0.0863468706942287,0.10352254765871842,0.11111372001617088
0.10110272129910185,0.11256337340806144,0.1962541957963124,0.05924243713443467,0.0960244255032765,0.06267732593903214,0.1404529735706085,0.13561853081174455,0.09606401653742791
0.1140953669924309,0.12451872137454811,0.11244666565794477,0.08746793811170378,0.10278241106536297,0.09293462131308307,0.11664578391824061,0.13286022508229886,0.11624826648438691
0.08901807180999839,0.11561684461878097,0.18654882833520378,0.03565271366528999,0.08997827593128072,0.04925776637033762,0.1667253282306349,0.1597267008829222,0.10747547015555146
0.13021015332359856,0.11243811992095849,0.07930695536363809,0.10546810888090609,0.1488177741012746,0.11937640763324166,0.07941947052509944,0.10643918715059542,0.11852382310068761
0.12433099542689195,0.11230406805436251,0.08930704123578036,0.11198460915917376,0.12496922363147556,0.12010527367528846,0.08843918924277239,0.1111046083363445,0.11745499123791048
0.13183339085048407,0.11677755751781131,0.11049330428375985,0.07148365885034404,0.1471675136080268,0.089757325922272,0.09462697368079949,0.12522918068649017,0.1126310946000122
0.10367573434928411,0.11941929148130459,0.16252478846333854,0.05863008534059627,0.09441741429297403,0.06894451594016439,0.13898978538361773,0.14446804103826602,0.10893034371045436
0.11451049154881963,0.10068673294420181,0.08263622053087162,0.1860566111723879,0.11967203586317811,0.12862640139265796,0.07956806411133004,0.09319084302108989,0.09505259941546296
0.11389735718841633,0.09155721251032434,0.07882672254404453,0.19754580843480174,0.11824879587454318,0.14980248191136178,0.06771760834453831,0.08463150361071863,0.09777250958125112
0.12585111673013885,0.09996501325061526,0.08982614290442557,0.13394147735998965,0.13852904669712654,0.13690036900821373,0.0743678862183557,0.09473984785460703,0.10587909997652754
0.11709197620808665,0.08076896296969506,0.10668093761274289,0.1798693609724823,0.1346561362076173,0.161965973140584,0.061402025768886224,0.07775833778328624,0.07980628933661948
0.11063162296734604,0.12625254261479307,0.12189066894473417,0.0703464915007075,0.09772715647465101,0.08364370320454739,0.1266318781544465,0.14345135393797626,0.11942458220079806
0.10026083942214799,0.10974815681381041,0.19974011600131628,0.05171250633724151,0.09807363377685024,0.058697054279189025,0.14351364326934557,0.1395068483982278,0.09874720170187123
0.12234680556508419,0.11136356281971416,0.09567080513417138,0.11471129062947555,0.12030351561363917,0.11900996622540745,0.09105562804675253,0.11118732437539793,0.11435110159035766
0.12246989570274873,0.08468516628215751,0.11671123142074868,0.14672305362724747,0.14141159731159367,0.1555408481946074,0.06564123368985318,0.08220496589706898,0.08461200787397437
0.12160085661100944,0.11136928616535345,0.10558370755266581,0.10880570074161089,0.1188830885278707,0.11430132469446637,0.0946551633888875,0.11323085649710947,0.11157001582102642
0.11009087942853672,0.127777860746423,0.11837935798794967,0.06880281891500786,0.09637374246660028,0.0834973408642854,0.12793137228789472,0.1456815877913396,0.1214650395119628
0.1201907527712341,0.09191819425498766,0.08762043187631648,0.16662923495907458,0.13179915401578604,0.15007283688200404,0.06780871905245205,0.08589480922905374,0.09806586695909131
0.10495574642415283,0.12179960881465572,0.14954744456353256,0.05667490973491165,0.09534418605164635,0.07043834333910426,0.13813261974299673,0.14886942164703038,0.1142377196819695
0.1226236424665859,0.10235806587999179,0.10541410208370437,0.12697057257449165,0.12627449949579916,0.1283689151153203,0.08351224375448846,0.10076237168177887,0.10371558694783951
0.11900373412067088,0.1337493764380229,0.0845118775535668,0.06372213449541807,0.11322057620960076,0.08971243405689604,0.11200844755834476,0.1486688011420361,0.13540261842544377
0.1148406780823557,0.09704096747860456,0.07465742168422894,0.1854894605855194,0.11654246035347615,0.1449796908871206,0.07140491462753394,0.08923656898597776,0.1058078373151829
0.12052844818071495,0.12212960671561197,0.08983295075659171,0.09387698844488046,0.11257646709556918,0.10703312910085998,0.10205272380854852,0.12678813300048494,0.1251815528967383
0.1177036836442202,0.10644283881912746,0.08217933224493636,0.15228617015728949,0.11498770787675057,0.1307195386142692,0.08335176573392601,0.10116253939004281,0.11116642351943799
0.1197548200034501,0.11481631120886954,0.09026722888292403,0.11810994342930713,0.11373492558685432,0.11719602290788754,0.09458527890108759,0.11428856877141462,0.11724690030820517
0.08611743639185304,0.11969833141554213,0.18421698308629442,0.03876943837989694,0.07753133546573088,0.05512634116477776,0.17206512718543543,0.15713250501122145,0.10934250189924795
0.12537569121040945,0.1116533019893291,0.14141340934372326,0.06893915804370133,0.13305628262320546,0.08493676048241322,0.10298514832952234,0.12556743502351467,0.10607281295418114
0.11863718611210572,0.11131063298814785,0.1259510921338846,0.10158492635763872,0.11561821057490962,0.10461433554125421,0.10125564000005786,0.1158905076600885,0.10513746863191291
0.11332268269245323,0.12875459369969153,0.1021320515792677,0.07981868888167186,0.09907739843800654,0.09270850128289586,0.11966659895582571,0.1401015375733535,0.12441794689683405
0.09543042049914424,0.12075995001159219,0.17993226781709457,0.051338004829224876,0.08554508617282076,0.06051427935370952,0.15471190297660298,0.14763418632841663,0.10413390201139432
0.11137994263951388,0.11588860948783135,0.060590479287147635,0.16521624966647705,0.10109562413994654,0.13020382257501636,0.08640804552708843,0.10455346369787598,0.12466376297910275
0.12235638454213571,0.10074752422616305,0.18326568125803622,0.06926013652645362,0.13397995848842467,0.08388287292587221,0.09970510058008282,0.11426132874791019,0.0925410127049216
0.1195061732285518,0.1133317357389001,0.09254849530172421,0.12154740233971013,0.11410349751983562,0.11786741917528476,0.09385538859675957,0.1124735623945552,0.11476632570467855
0.1115925329154816,0.09156397620718715,0.07615024629762439,0.21429634150588686,0.11549614241543642,0.14462812145393453,0.0686208068729857,0.08423599998529753,0.09341583234616586
0.11441386332458107,0.11649545475982635,0.07306320619914687,0.1517093301514073,0.10640570970261214,0.12039174156832765,0.09250664387209072,0.10875478512303864,0.11625926529896928
0.1151693953235824,0.08135027522688835,0.09997512761690532,0.1936660666556842,0.13053227241095713,0.1597587692601495,0.06156812312045723,0.07780426219488364,0.0801757081904922
0.11116285029575067,0.09650731804393237,0.07127255719936387,0.21059144064227375,0.1116176538730508,0.13942783681371992,0.07240263043378485,0.08781361235657459,0.09920410034154921
0.1127736376798522,0.1297580084268832,0.10642145289807665,0.08930923934403338,0.1013732367630865,0.09088204771372017,0.11957386090641005,0.13408379687729535,0.11582471939064254
0.12136324930752769,0.1188995835879122,0.12697823571646946,0.06588129205076294,0.1218959208666552,0.08239308930605731,0.11147091771182867,0.13637091531996992,0.11474679613281664
0.10701537497099667,0.12665998795662817,0.12886927667144635,0.05881440616797639,0.0948602808548046,0.07588826696763332,0.13496518232378085,0.15184157261950212,0.12108565146723145
0.11492744045095075,0.11939874461672446,0.07654157176642251,0.14248026231719726,0.10733893155201764,0.11507311740507015,0.0967951212916366,0.11218455169947934,0.11526025890050116
0.13289657741185423,0.12084355645638074,0.10236965933154733,0.06709716717744262,0.15343194831593834,0.08471206067248092,0.09429953048979496,0.12922662141443328,0.11512287873012755
0.11495246884374348,0.11015999032166886,0.0709655916209518,0.16004582869076567,0.10853341470142502,0.13100568095780188,0.08397184736872126,0.10259714834161204,0.11776802915331004
0.1299326146025822,0.1039699517528832,0.11877889830573023,0.09530756161324805,0.14203957374529275,0.11545974404328795,0.08481436694290324,0.10595623707489986,0.10374105191917256
0.1190550580814105,0.11093822988886619,0.07540642206062738,0.13997704604393546,0.11598981046592916,0.12954586544536187,0.08422655797290067,0.10520668933977644,0.11965432070119224
0.12229550625527785,0.10652627308871733,0.12087111517054101,0.10614789223987013,0.123263354713655,0.11457662267000639,0.09248476207806977,0.10916770780998508,0.10466676597387743
0.11752683649406176,0.08756245914830019,0.11937838530717793,0.16271078863808222,0.13363094632496783,0.14268555519584136,0.07094699187823923,0.08527172531817044,0.08028631169515915
0.11295777977893913,0.10144975665584693,0.06835903745585599,0.1868979237803885,0.1103858603526817,0.14147654929796485,0.07436052658731647,0.09238313371892277,0.11172943237208365
0.11339403094364459,0.08138136969768946,0.08367396112299401,0.20945995181407406,0.12644865040709752,0.16504735738127854,0.05825850506822997,0.07573218547700533,0.0866039880879866
0.10918482252871242,0.09939399324295083,0.05983969623697102,0.20511696436179658,0.10666566790335137,0.14789447984384924,0.06952699443165618,0.08772597092592398,0.11465141052478839
0.12287796716180277,0.11261679674810306,0.09481272043810322,0.11056539223377236,0.12087381570208662,0.1174978883859119,0.09186285071431177,0.11296192049008703,0.11593064812582125
0.11753801716680684,0.11813087014296371,0.0816592480387707,0.12379043315261551,0.10849569783932783,0.11736877881073464,0.09610944048293729,0.11591840509714897,0.12098910926869455
0.13830690982883473,0.08540268975435039,0.12665969030979266,0.0951853863052161,0.19638833478746717,0.13422320300993038,0.061057913895717915,0.08335508524414902,0.07942078686454168
0.11529655622277073,0.1252420273968675,0.07770927014170857,0.1347050053259857,0.11701241493239962,0.1059812301528365,0.10275028857017343,0.11235039769185669,0.10895280956540122
0.11394723641836613,0.13943058646698733,0.06288672500935999,0.07910170846700924,0.09846650800706301,0.10893044149139476,0.10821528570828642,0.14109163847629094,0.14792986995524204
0.11562353437146809,0.12274806290861591,0.1104125078578711,0.08804613232540785,0.1048874849435714,0.09583243473454783,0.11347569199061498,0.13140536072870782,0.11756879013919508
0.11768778517274452,0.11411139147737454,0.13529946146263644,0.08362073143067766,0.11285426448915169,0.09394984653595038,0.10909271203583826,0.1247311948852381,0.10865261251038845
0.10903793758975838,0.1165283754626566,0.16261056208380312,0.0723606139161253,0.10233477154073678,0.0768583281885689,0.12543783126267286,0.13229212098585283,0.10253945896982529
0.13404195365639418,0.0892375229222165,0.1656197101076853,0.08166916640017795,0.1692801339825637,0.11251752377735309,0.07289831540603867,0.09314424594430785,0.08159142780326278
0.079728220041565,0.1147151748722729,0.20656312057311096,0.03323895567813918,0.07474019405390019,0.04791619926915728,0.1859856246421319,0.15522076848778568,0.10189174238193689
0.12291367129300253,0.11741711962126132,0.09160301190936627,0.1002687729298422,0.11914460667182401,0.11193437531138106,0.09590485941447678,0.11969448156754392,0.12111910128130192
0.1240980746209397,0.07914966505151066,0.1036929640632026,0.15542507076828274,0.15733552990020794,0.1683399259815432,0.05639882222905598,0.0751022733517978,0.0804576740334594
0.1075672070295675,0.12930836429201606,0.11932710405002987,0.061256845276008796,0.09349843313820665,0.07936385960087204,0.1335522335919723,0.15211127415590017,0.12401467886542662
0.11639177747866336,0.12602564732141622,0.0875651184604771,0.0972681871255273,0.10354134138155661,0.10495001451288825,0.10819841328770008,0.13006400388840234,0.12599549654336875
0.11759731133790126,0.12354059212456336,0.10489633862797203,0.0814697438294208,0.10763668717851622,0.09603339656007416,0.11194777676760485,0.1345005141623202,0.12237763941162723
0.10810480051215939,0.12613199155857335,0.13645176861433886,0.0716172785998507,0.0964425776450556,0.07861648840948975,0.13038953070985929,0.14067336699006383,0.1115721969606092
0.1327804383682279,0.11322054676563238,0.09287066453608823,0.09005774368875746,0.15024257881324077,0.1089859990289934,0.08444611509394429,0.11259070594009231,0.11480520776502323
0.12673483416868248,0.11528007182696282,0.15599998829843675,0.04712617853873798,0.16645954260314771,0.05098126688361962,0.10582711986810288,0.13837887463635676,0.09321212317595302
0.11901201856301663,0.12091364829789299,0.09341475700401707,0.09926589955114186,0.1098544913012432,0.10743381975417209,0.10322691554309245,0.12490838504216628,0.12197006494325742
0.11369051187644306,0.12488251648413944,0.11420026189996231,0.0806001329940818,0.10167508974899937,0.09072600896907514,0.11899066801178249,0.13662550418565175,0.11860930582986472
0.11197654121150975,0.10739620183323562,0.06521090238134027,0.1809645608471,0.10539839279209919,0.1353218209710635,0.07988331457092933,0.09752774876078053,0.11632051663194182
0.11336357607743354,0.11560593222284177,0.06176017981436296,0.15407886898348824,0.10460957985146262,0.132058476201987,0.08499444121238835,0.1056866486072418,0.12784229702879366
0.1176066575450226,0.1050268097741529,0.082985505961216,0.15539620088012013,0.11568401821250539,0.1320143287257072,0.08215899821549755,0.09964383165681534,0.10948364902896279
0.09850246756741993,0.11890068665709393,0.16735518795389379,0.04102839962396409,0.09939650600192129,0.05422483269247272,0.15135716257739482,0.15893206824811087,0.11030268867772865
0.09483558885036573,0.12300955330932084,0.156358835423504,0.03958984940550005,0.09074900480989219,0.05740480541009021,0.15699946978558335,0.1642326585552381,0.1168202344505055
0.10537200504892981,0.14649950137886197,0.09578987697768128,0.0642107735895803,0.08702757328510298,0.08645628951702677,0.13497861742097006,0.1502728550479713,0.12939250773387545
0.114028419923397,0.13169540635848834,0.07178468037316507,0.10294577381105861,0.09806637534036798,0.10972050857650077,0.10773783805390284,0.1305385071303324,0.13348249043278693
0.1147063873619296,0.1294941380103473,0.09503154337372414,0.0779087471437186,0.10078797106207926,0.0949616781756284,0.11706680336493419,0.14139329341393161,0.12864943809370696
0.11402960634145665,0.096380534650554,0.0807720516849138,0.19137192436513029,0.11605887826177193,0.13965499240687654,0.07395332742137817,0.0896024958750674,0.0981761889928512
0.11519457841275456,0.12338900929605329,0.10659647118801568,0.10153794682571661,0.10679824139157225,0.097408666652036,0.11125275323254434,0.12576690816656588,0.11205542483474133
0.07358599548688287,0.09539526420629262,0.25063022914953276,0.017331267467446523,0.1077467275902209,0.02091124030976019,0.2048384428743475,0.1568837395784874,0.07267709333702939
0.12480291711041906,0.10767369107060636,0.12236186496376138,0.09548004530859082,0.12759954404470372,0.11025606266964338,0.09308345720657644,0.11202858836664836,0.10671382925905049
0.1175128431574765,0.10938615394948625,0.13338338856502677,0.10700183656725497,0.11763869587040303,0.10382392631223247,0.10010627892045328,0.11248320546849627,0.09866367118917041
0.1280367538411673,0.10021188021514137,0.09970529454478443,0.1204913443691787,0.14163660965021288,0.13240137874770497,0.07666279607719187,0.0969791996695819,0.10387474288503658
0.11223457854858031,0.12976762716510776,0.10832269159499502,0.08564105208827866,0.09984825897320822,0.08978601717863233,0.12122835612579543,0.13620117891225372,0.1169702394131486
0.12099179127590709,0.0924424480582009,0.1551045935198326,0.1123706983467272,0.1328487587307325,0.12477371800020794,0.08120264568018959,0.09460141933184864,0.08566392705635346
0.12314352540300826,0.10597289519351676,0.12574483331191486,0.10093287131297131,0.12527214518009014,0.11272451875871396,0.09260388768757122,0.10958329660747218,0.10402202654474131
0.11502510199011316,0.10944689208059984,0.15477838800587626,0.09996589888145535,0.12041155141577496,0.09308030568885141,0.10401220921040479,0.11314330410095068,0.0901363486259736
0.12814216121402686,0.08687407921635619,0.09077537190765127,0.14398565736255733,0.1679774517282313,0.1528263646497299,0.05951741713968057,0.07995122662736706,0.08995027015439948
0.12929834966561451,0.1229080685806266,0.08512379574972075,0.07960677827727412,0.13887980504971278,0.10066858481119988,0.092720279132133,0.1257712928830853,0.12502304585063304
0.12434003663098324,0.09840373967568461,0.10732744788918676,0.1280086272411183,0.13270570279841745,0.13400499775139027,0.07860718222097014,0.09620820373351091,0.10039406205873846
0.1279968988371125,0.12976566098377149,0.08345996152478428,0.06628657773313881,0.1392689034738335,0.08912301928131222,0.09813191977500191,0.13721011241427916,0.12875694597676623
0.13767760608320886,0.08211818751457678,0.12416486345504248,0.0987061878342143,0.20325781516764752,0.14120414977430415,0.05747945300404352,0.07958832171898873,0.07580341544797371
0.12172277131401128,0.11039764203127556,0.11108835913514671,0.10626803342909778,0.11978739101771269,0.11308160152528764,0.09502102812024094,0.11297813360470865,0.10965503982251877
0.11748271362645323,0.12913258929775295,0.07869147036856908,0.08933153591974267,0.10505684975516572,0.10632058539768718,0.10640215277700658,0.13391643547221285,0.13366566738540975
0.11699933012402974,0.12330469340682555,0.08334113697768049,0.10859085295812508,0.10542523092636635,0.11067120492907663,0.10288390648238821,0.12403321106076448,0.12475043313474339
0.12155979783657411,0.12458111382126512,0.08415921001783161,0.0888878114224096,0.11494028801744499,0.10634010822335928,0.10112498092610685,0.1292725311693788,0.12913415856562968
0.10027025235863213,0.11916870021651615,0.16431934960399772,0.04341010136074028,0.09951890108743082,0.05678740995031737,0.14825857982964666,0.15723031605885263,0.11103638953386624
0.11611438512398488,0.10835488525116643,0.08369646777418632,0.1569379113051396,0.11288695350260869,0.12481273239253393,0.08703988244038381,0.10263886757665931,0.107517914633337
0.13656544924859718,0.09057058902731062,0.11974369729674196,0.09977455825022324,0.17880891524560702,0.13224731270465165,0.06640750114336495,0.08824334139716956,0.08763863568633375
0.11098482950673101,0.0829816452742425,0.07854495739460597,0.2227020394568944,0.11930332678406978,0.1607075645529058,0.05981621612075628,0.07678877617173775,0.08817064473805662
0.12031954339935735,0.11556961307985265,0.11461330672113447,0.09202990406058414,0.11515204372535369,0.10275462714266288,0.10335850420671468,0.12246275329154262,0.1137397043727975
0.12032579104519296,0.09721446089395491,0.150419884181798,0.1093126028182015,0.1282315664648419,0.1175966127652704,0.0869520322060261,0.09994714679823474,0.08999990282647942
0.13338837937440118,0.08850411845598605,0.1823918515423805,0.07506755493203891,0.171547944912539,0.10214210814536152,0.07429105723940817,0.09444743479788646,0.07821955059999823
0.12453843129371872,0.09543374755732896,0.11886427884543184,0.12366020799806594,0.13527100018705487,0.13483134120025567,0.077635600531206,0.09428087586173324,0.09548451652520484
0.11741940437784083,0.10611344903706728,0.10575634867988859,0.1435243268912634,0.1222014677201516,0.11724898295909614,0.08965974907399869,0.10240988173117523,0.09566638952951823
0.11941954971446216,0.11422131115142826,0.08635445532074898,0.1238209510874152,0.11349571891139128,0.11991578928346498,0.09260358582198513,0.11240063550624185,0.11776800320286211
0.1163156156937567,0.11004592494752612,0.12292038166390164,0.12303829106349569,0.1396472304570618,0.10301703326778942,0.09603248890628802,0.10375753873800275,0.08522549526217799
0.12087405081090814,0.11408344947703575,0.0816574472433264,0.12263722997609432,0.11694276782324016,0.12252616791918679,0.08940442791412016,0.11130783071806426,0.12056662811802414
0.11042721990504777,0.11820775026866388,0.15085871117901867,0.06049535586967878,0.10449409864643401,0.07357897065534338,0.12815788482160514,0.14220390223485999,0.11157610641934829
0.10757388470946046,0.08079865687401334,0.06876108523206614,0.25646386368406193,0.11882830485574374,0.15402346467125239,0.05838423121477301,0.07394176015679864,0.08122474860183047
0.11291139013073272,0.10567308489973731,0.07121048360558935,0.18329664635052356,0.10877291218927067,0.13153511919980618,0.08099098948143492,0.09685643321310261,0.10875294092980266
0.12637662152778795,0.12287679447194433,0.0963366768441783,0.07473998054437313,0.12911746041228744,0.09500161004668672,0.1005462900209203,0.13181276507092293,0.12319180106089889
