0.20281123738827292,0.090227546291344,0.11049009767914557,0.09938886927886821,0.09540334838170657,0.050221285012880146,0.14387174610992284,0.14231434987890293,0.06527151997895682
0.06888188708358713,0.12617104133927348,0.11722851679548786,0.07430536824394302,0.14361041214634537,0.12875113927951573,0.10687466937587986,0.1036616084213222,0.13051535731464536
0.015411163566371422,0.11743340883664559,0.09872294397890075,0.1030377854431796,0.10803699515257155,0.2515971158501832,0.13002139052896547,0.11386172251188247,0.061877474131299966
0.09332268189864196,0.08322648533373088,0.18574678846674061,0.1049369876933867,0.09866757797138843,0.06209173728218224,0.059541938658261885,0.1042681727501858,0.2081976299454815
0.01538038257573509,0.08458737308429727,0.19192304249302797,0.15370759211525295,0.09102541665105075,0.04271438695087299,0.23634851440455448,0.1072001419851627,0.07711314974004588
0.05889109344011182,0.11300455041609919,0.13011131989904756,0.11633610570874814,0.13031813310361692,0.053848508163877984,0.1286526055074382,0.052653196146175335,0.21618448761488485
0.042725536973201916,0.09777318273337628,0.12159359259932388,0.10580765913593586,0.12381239020424033,0.066787377732461,0.1354006564650794,0.15298796352747188,0.15311164062890942
0.05101826910395802,0.1261754066055726,0.1355409532960591,0.11451735774364756,0.1333933912455371,0.08592206560532169,0.08096737882223298,0.15288729342546364,0.11957788415220731
0.13937628310214376,0.13749653222199554,0.17453390636973354,0.07971482511775851,0.1278623233497405,0.06664800063445926,0.09018758684349631,0.08788847390196385,0.09629206845870868
0.24263411734592422,0.10870159410986387,0.12513157910967246,0.08371307211561553,0.11691903305605052,0.04811560099889189,0.08521312629617599,0.08532458914590586,0.10424728782189964
0.10716714730047656,0.10817498506447171,0.13542191873749168,0.07344876607100548,0.13682175312830228,0.10001109701876043,0.11729261673590997,0.08367824411533799,0.1379834718282438
0.08264652188864474,0.11404915920120029,0.09077920554180992,0.10670840769938676,0.11400077375317726,0.07364609855924119,0.07516952052163846,0.09298187852889866,0.2500184343060027
0.024661057537899187,0.09244613724862248,0.1587258368856128,0.10238374620742023,0.06939466506668497,0.256776690670713,0.09795870537172124,0.1505399125926172,0.047113248418708925
0.1460715994330997,0.15042940916760758,0.08246335365014155,0.14122512545764976,0.12381055130252004,0.09081585831626482,0.11338903185461069,0.0903043261813216,0.06149074463678439
0.130608845960809,0.16233179282590368,0.1159669256642808,0.10188191606141744,0.1090378482603903,0.10652901040245612,0.08688997351365968,0.13195084113667618,0.054802846174406866
0.13691197520543005,0.11738397253012219,0.08556831885722242,0.08251095588115785,0.12767758582647112,0.11160910180550042,0.07414841896290265,0.10005592178609694,0.16413374914509635
0.13712383082323712,0.11965118616704647,0.08996582039573471,0.1121395611414888,0.12954527997604792,0.05604394316094758,0.10273254730064417,0.09143048229396024,0.1613673487408929
0.07383578382602514,0.10540796735530222,0.20440561536504964,0.13700081787579307,0.12311996398661455,0.17203730361938238,0.09920917106815481,0.0714155240993758,0.013567852804302345
0.1160534286479696,0.10574264284784445,0.10739820789755306,0.10327783548353793,0.1339782529535161,0.0938037256316066,0.09264789576466252,0.12488201476955325,0.12221599600375642
0.06173013690820145,0.11291156465755163,0.12418825454843045,0.08471979249696089,0.11008625454976832,0.07190214902029775,0.06987594452150693,0.17170287212331456,0.19288303117396802
0.035824688378924024,0.11168746628694659,0.09557027479378655,0.15289416129548125,0.09458827941700426,0.10126574009108065,0.2281083478553171,0.10464734973714901,0.0754136921443105
0.20618430541079877,0.12010812858440924,0.09742108580540532,0.06604065370179894,0.11787132751802927,0.06831091389942646,0.05269637753235406,0.15646091308271579,0.11490629446506222
0.016248551501647997,0.13595927521630416,0.16002184552731114,0.11201869369494899,0.11562158546860028,0.06630847556321584,0.11822121227048121,0.1806663800355358,0.09493398072195451
0.03900408215037927,0.11476086486094961,0.07537200417350685,0.12052721069252258,0.0901838019115906,0.14872589987255044,0.2616240325295319,0.1107680460280814,0.03903405778088734
0.17056957347393312,0.16778023804698342,0.11956748725723561,0.10484247616429494,0.13378388763728108,0.07805001206702812,0.06846812828344276,0.08597185823219179,0.07096633883760912
0.21936980717363966,0.1293614444870027,0.09461474963295058,0.08023787867561996,0.11431668176873344,0.0718578720920139,0.04848510332166293,0.1264497639304092,0.11530669891796763
0.027670313523719358,0.10800203367727673,0.1597515916187476,0.08421804337367107,0.09786989371840808,0.2522487225410139,0.09573260381905346,0.11380561557725817,0.06070118215085161
0.02629171036855633,0.10666665354555556,0.13846933179666454,0.07454927022078082,0.1189590092376978,0.14636903170821938,0.08000038697714486,0.1150418057534054,0.19365280039197522
0.01647551679757529,0.13604687211460234,0.16745225838982672,0.09044131572946375,0.14907787496762273,0.14395727687626467,0.10225567835543824,0.0720560659629703,0.12223714080623592
0.07535482383523867,0.09830315864895144,0.12369025117614806,0.1276259595267221,0.09239574910378073,0.09284278331944007,0.09593881367049911,0.18258916255738447,0.1112592981618354
0.27899833896396375,0.08977413312131105,0.07145613553570804,0.06928706699575131,0.09754654207767044,0.06748762042677363,0.047720151685540224,0.166210018518355,0.11151999267492659
0.09820657222332844,0.1140541199481554,0.20407540270256275,0.10101120507635941,0.135968254613974,0.11775531461447937,0.08161319368711002,0.06608055652245713,0.08123538061157352
0.022407462908637526,0.13952091185541732,0.20959955976324682,0.1661755192537254,0.12415463761027395,0.07237020078133363,0.10536720426370332,0.1122600448058489,0.04814445875781321
0.028717780555110328,0.10585632036364771,0.1934278642470603,0.13659512190867404,0.10305477982061116,0.11795506543523564,0.1797860813829756,0.10897427016575352,0.0256327161209317
0.045166729828929754,0.11216312602386974,0.07662023400643649,0.15106114281705527,0.10366548562792194,0.18416989433101294,0.18620194123912512,0.07890995296767932,0.062041493157969474
0.21952465389800505,0.10916480164029431,0.09681120866999793,0.09996311649911449,0.10786827071566647,0.05980626839439034,0.0827900266549114,0.12072149341288112,0.10335016011473887
0.07207916610535879,0.10834789382293337,0.1218832602021092,0.10464441273071994,0.12056146427219343,0.09702252124611065,0.102044349355924,0.10779994340912687,0.16561698885552376
0.03556937135743776,0.13915320089441502,0.116806464600353,0.09117596859966907,0.12600404695387354,0.21900205950597929,0.07801970722301282,0.13073109026065152,0.06353809060460795
0.16978524263666608,0.12455598344873836,0.12886801180012672,0.10861893836503185,0.11701382666374116,0.09256665909302643,0.09256598124600375,0.12411159776731757,0.04191375897934798
0.15780891722078896,0.11109100122574721,0.12714233304879283,0.0875377463361597,0.12817194797872172,0.10282227847746088,0.09686366323100463,0.09311914402519846,0.09544296845612558
0.05013752212766146,0.10591438176103467,0.13323905064465605,0.08403973918460021,0.1152087581365349,0.11836679031874424,0.09373664698547367,0.15061072947479484,0.14874638136649995
0.14724532556453343,0.10691255078705793,0.17186139983476814,0.11216436519482231,0.12428741338881995,0.05090894275098867,0.08711130025699361,0.1062687112108997,0.0932399910111164
0.012177869410342032,0.1052461869198404,0.07655453799917615,0.08040509570899758,0.09437773800906353,0.19027664660421595,0.15812079501687643,0.2248321113648497,0.058009018966638314
0.06063385920021495,0.11623191710621876,0.17507436132516618,0.12397829046248643,0.11211201194734592,0.09564431740065223,0.06770000649881618,0.1625232113574513,0.08610202470164807
0.09347033837000907,0.1304490572042857,0.19069194027564249,0.15575565619708756,0.12315924304393822,0.07891148614642937,0.10730430199127139,0.07577522783056594,0.04448274894077026
0.044342714774361296,0.08604243731493773,0.10227459805353135,0.10995882978965761,0.09444385787815313,0.16274672736081636,0.16297060904927385,0.10636889636412288,0.13085132941514585
0.047548439922805386,0.1260111052429587,0.11835303144896818,0.12972511960150612,0.11454928189869551,0.06352495379979922,0.22887422090741247,0.07003115463734406,0.10138269254051036
0.1171237157309833,0.12470137451402279,0.1210436807349411,0.08326318419384889,0.1435341646085121,0.09444369813746373,0.09373640686558499,0.06958525936357689,0.15256851585106623
0.046044020043838486,0.14033651287805624,0.14216432952918195,0.10184460688512835,0.12936119252481157,0.08689313610337566,0.13620157085146564,0.1599684539422246,0.057186177241917456
0.07080842387671106,0.15143001681489476,0.13915702362859061,0.09987098783496272,0.12008262565885312,0.09114447151334294,0.12929365992587963,0.08577510647428993,0.11243768427247529
0.22147400830788308,0.09182467454503972,0.09977862004575337,0.0741725343534602,0.10961024576947731,0.0706376280115035,0.04409185257384108,0.12872677225941023,0.15968366413363153
0.056081209139252526,0.18521675115128203,0.09289131581650244,0.08576338988223726,0.11608163712201118,0.2018893058926282,0.1091169462787072,0.13652880311259144,0.016430641604787646
0.07742718733719378,0.16607121191427718,0.12018411919938965,0.07583290020413876,0.12280339688003646,0.09503161398713311,0.05642452222805172,0.17518613607108624,0.111038912178693
0.044284603539681576,0.13841564005890708,0.20885636266932425,0.10805710745872878,0.14145913955089884,0.06438729869970286,0.15728755444123613,0.06461129429440589,0.07264099928711457
0.030177110280794714,0.11121406861532941,0.09155847577516096,0.12389653788038074,0.1051366622863592,0.2004916826360279,0.08773600777384777,0.08883750712675635,0.1609519476253429
0.3331592845335675,0.0843962310727774,0.12920243593045855,0.07410538565239945,0.10029010919555453,0.06482073746663149,0.08696691893567164,0.08388333185964142,0.043175565353297966
0.15512939110475088,0.10736327609041386,0.09846195771513803,0.08694007461331549,0.10040493852019705,0.07659044819572526,0.06285874363528185,0.20816974159856172,0.10408142852661591
0.12041482252154088,0.12313734920718282,0.14107642028832482,0.11466001526594381,0.12144854866429722,0.12125849090754633,0.09425814290459324,0.0891796130692843,0.07456659717128657
0.07535608464996171,0.1291231764946245,0.1692516488715865,0.11154147266002463,0.1416697843382154,0.11930876891138413,0.10692845051402868,0.05990354202668725,0.08691707153348723
0.012049521041268428,0.15815367364729802,0.08360482940599136,0.08389480956149258,0.11858684045797457,0.22963662267956061,0.09427366858777857,0.11029908031520574,0.10950095430343011
0.2271724213764911,0.11525020566372275,0.07171941824783255,0.11045203214075484,0.12183089396636126,0.07160190166254098,0.09201328809544239,0.09169363124923219,0.09826620759762195
0.029728679404153736,0.100389777978252,0.08559629591573807,0.10200526508161513,0.1088076822900133,0.07464711086614077,0.1584801765813241,0.07636196886756282,0.2639830430152
0.06404495600122441,0.12929571060224623,0.11414398209988236,0.11230238867597968,0.1313904847543129,0.07287193427170414,0.12615196915083327,0.0732152686819834,0.17658330576183368
0.04213956361907473,0.08367881089223765,0.1370644757261019,0.10993140494252007,0.10041393708930775,0.30332946273697414,0.09898794408928384,0.07250867300100598,0.051945727903493964
0.19209101287560013,0.11132464972137485,0.11177748613921283,0.08153065181352064,0.1127495562281123,0.07869645608478895,0.07209373263452246,0.19030763113145965,0.04942882337140827
0.1009048227579357,0.09820416129058057,0.13047307979409395,0.08590919169543211,0.11040973912382039,0.12134692670380683,0.06257550769924343,0.17595361951369415,0.11422295142139284
0.116177285560998,0.10036925615559178,0.07892281470912907,0.10774555845471617,0.116038775057232,0.09213246834401671,0.08281469717564602,0.10886321569912862,0.19693592884354164
0.058597974168017854,0.1610986890809005,0.1035380658707216,0.08868263344694162,0.15875027911148534,0.1585934138008828,0.11428547058255956,0.08389586324311481,0.07255761069537596
0.053964972915342524,0.11541838725877128,0.1507583967395013,0.1245238989844013,0.12334693024873684,0.07628410081558239,0.11998867241381399,0.08929896843044782,0.14641567219340254
0.07956525551541485,0.14872236440831624,0.09362426430457349,0.10558311790639861,0.12644873446749658,0.11286519352553347,0.09000855074803941,0.10647764198621303,0.13670487713801435
0.14099766953930326,0.1197940812266824,0.1061272210166088,0.09978363727663597,0.10832826917857014,0.06703131919850154,0.08975737173189118,0.1698556370389991,0.09832479379280767
0.18027184352661704,0.1051128559242334,0.09256020932749187,0.11862075672414522,0.10978542097922685,0.07014147905210383,0.0958095569640703,0.08359869165960383,0.14409918584250767
0.15858273789611974,0.11294330352510647,0.16966768227764842,0.11634730591516106,0.12323485262894768,0.0502811588054371,0.1053684927072055,0.07868995606730912,0.08488451017706493
0.016106651182012346,0.10833347236854608,0.21200931094625805,0.09820913694355053,0.11770526563303635,0.1373904909330048,0.10082689331019488,0.1260928836266043,0.08332589505679268
0.027872788816912495,0.12999970693069504,0.1840125843471553,0.12318668154939892,0.12813413856394942,0.1406425697481824,0.09460608008633832,0.08390228778758084,0.08764316216978725
0.09657682197302521,0.0999565936681569,0.09412158145060089,0.11448910192844346,0.09634553392971873,0.084378509899855,0.16623274794991527,0.1367123155212289,0.11118679367905564
0.24820240694408555,0.10179137109095342,0.09871176857585527,0.1029177540297539,0.11379074779631282,0.04979976952169515,0.08286823755963267,0.0888844419800473,0.11303350250166395
0.15814293178008476,0.10427743647562389,0.11489573677601574,0.12332210277436084,0.11029406843878499,0.05888135874032444,0.12214778131315862,0.1629885841482019,0.04504999955344489
0.303409435145997,0.09215899637513796,0.07443020429763504,0.0657414360392757,0.10836544607770783,0.05172855986071102,0.06919756148528154,0.1246617303764968,0.11030663034175708
0.02481974069396432,0.14858596625029052,0.14738444845465518,0.09587779510884924,0.12867545277169293,0.21355453196186966,0.09234303177603588,0.09439856273561727,0.05436047024702512
0.07995856713177239,0.1109412846275027,0.11113099162485236,0.08780179404869685,0.13405212407557157,0.10639753542469921,0.0904785822814837,0.07485358764914397,0.20438553313627716
0.04516876977342626,0.11448555874293843,0.17464387079999097,0.08689350870785643,0.1376615329644532,0.1736162978611698,0.0641722989347054,0.08409308843060671,0.11926507378485285
0.026133551503200094,0.13586292251607326,0.16452250276976843,0.08593164969931538,0.13191094238370393,0.09289037235033915,0.12117050963142491,0.10240414518485667,0.13917340396131814
0.12226510301239395,0.10960227343141153,0.15311844919776776,0.10093521877237821,0.12029427318341919,0.14022109120821305,0.08422489377735846,0.14728913995393514,0.022049557463122624
0.050648501304496836,0.13807393434907458,0.09245440545105295,0.15072204947807952,0.11549815400907783,0.07800973737257866,0.139196354011089,0.09212971009471504,0.1432671539298355
0.07672911526950486,0.11131584162290252,0.12134063082716062,0.11607827685396495,0.11114932476127048,0.11939951585445374,0.09949596824945035,0.0910354752730018,0.15345585128829073
0.012028089688912691,0.07843787170709725,0.21507453178238534,0.09541821683601243,0.0637143057416517,0.20549087635895827,0.16372722977715512,0.12283868058903648,0.04327019751879068
0.06362968529188917,0.15466877368741724,0.13363197661479978,0.1049772586092003,0.14522365243727572,0.058171519308896746,0.12055724310840711,0.0690032456442778,0.15013664529783607
0.05262887809765066,0.10236423599625444,0.10933279004707043,0.10329298469019998,0.10138876893733469,0.18095030974730375,0.14462311471957692,0.06306416076357142,0.14235475700103764
0.06177177003034876,0.12783971771304148,0.11228484010506641,0.0705258434265436,0.11066179686632704,0.07332937044085548,0.0743429258743334,0.16384066879945605,0.20540306674402778
0.07122149011387771,0.13759431767598354,0.05347684127484656,0.13250624807557776,0.11633928511416214,0.06484274703422054,0.12913714691553288,0.1108438218378514,0.18403810195794756
0.03519801466280792,0.09905437331243276,0.11131025847934005,0.10742316860462177,0.09652034276383599,0.11589213521245578,0.08665674400595745,0.11959921366570704,0.22834574929284124
0.16189720890382772,0.12508596590759244,0.12381246475648468,0.11969474057586242,0.1136779563432291,0.05704966516287809,0.09594353818086665,0.1522619209647197,0.05057653920453922
0.10449619523770194,0.1091249969109687,0.14590948229872922,0.08655208646287416,0.13248287796024752,0.08805211099485712,0.07782866980488164,0.12664450911342526,0.12890907121631442
0.09044642388225514,0.1224408376010205,0.09490351747450743,0.11418728871567356,0.1174838403678931,0.09372093986589747,0.08769676274215564,0.10430407715432956,0.1748163121962676
0.06915039636965553,0.11170576580792406,0.06229182190379984,0.12466935595494046,0.10765925267994707,0.17027189237719798,0.1021982365130069,0.09282415741552451,0.15922912097800365
0.08222332032317135,0.10295542613086829,0.11136093936823555,0.12082865758768424,0.11901039081743768,0.1301916138286433,0.10935646317777242,0.12054758490468427,0.10352560386150289
0.054809704181474204,0.11140047648866959,0.11109298069996408,0.11100496605689543,0.12618623432298773,0.11737013233306144,0.10747666410555716,0.0570278767560412,0.2036309650553492
0.1892497399625921,0.11627613000476418,0.1317560890463951,0.08729632199973575,0.11509394238833842,0.05456723065493452,0.1174319865739204,0.10947749960238555,0.07885105976693396
0.14284493747223678,0.0979898412939177,0.14929050134468397,0.1477186518394529,0.09934212651110864,0.09559630553283816,0.12743542882398115,0.10206091115488158,0.037721296026899054
0.1109444387599024,0.13731397188687303,0.09192299190005927,0.08550753485245254,0.12401361089346424,0.12127209701045553,0.08670782490518451,0.1491098850903139,0.09320764470129454
0.15380567933435776,0.10544005573515912,0.09845533257843231,0.07407239099648914,0.1139023847948394,0.1414535439617414,0.043980087401068124,0.15059300756491034,0.11829751763300234
0.2157802710821882,0.12153013142775705,0.1446387958729616,0.11020968763294885,0.10134885710136791,0.05082742102327608,0.10537923500198516,0.1337372800874088,0.01654832077010632
0.09990983872029209,0.12097251352212363,0.0958339865785396,0.10286844486738496,0.11867623990459676,0.05854438868165921,0.15274069103900137,0.11675868937472948,0.13369520731167292
0.024283888868469192,0.14095390478171446,0.18768930366971925,0.11787522210693357,0.08506192244888595,0.0760865339747629,0.10185135216239405,0.2357611540972772,0.03043671788984346
0.2336770135834021,0.0976270072157599,0.11394913502869876,0.07785774156702503,0.11109628957409827,0.06572531186430552,0.061583928853323665,0.16378558571119572,0.07469798660219114
0.026348280254868583,0.14164511663974622,0.12340193397699835,0.11547222048739209,0.11320985842687854,0.1341854286825933,0.10199542415754848,0.11202533843010794,0.13171639894386647
0.11931770586116737,0.1399442892236694,0.09692755362944117,0.11914467689052456,0.13613757396757012,0.08255987958985239,0.11266577933219724,0.0832216865920132,0.1100808549135645
0.07127099361128048,0.09282192560602905,0.13843814716132707,0.1030953830469273,0.1123052131522665,0.1503088139582939,0.13570337117902634,0.1551931098274837,0.04086304245736566
0.25249851481824215,0.09730938242422238,0.09603647162674278,0.08432338539707614,0.12647565807602204,0.07021986185665259,0.0665748725505516,0.06784678839031656,0.13871506486017382
0.07311534417206482,0.11937104232014935,0.14775790959596588,0.10330976742485325,0.11791187484321065,0.17805098183316667,0.09471585328942032,0.1044808333235534,0.061286393197615696
0.09227387751220717,0.19746873413758181,0.1892575319404428,0.11534006993938188,0.11973011490356156,0.07600695384753776,0.0756574031123264,0.11652847060662745,0.017736844000333197
0.0484191761741313,0.10925492618989659,0.1469278105855271,0.09860408649995044,0.11040038826792538,0.08366283725628328,0.22692405296053364,0.11176275548493526,0.06404396658081703
0.15072558504614925,0.08123017860966036,0.12723159873547255,0.07878829117169321,0.0819443449456191,0.17679681250612436,0.12168318358205088,0.10496791325021017,0.07663209215302007
0.112794803924835,0.1106931281327853,0.1042261807720286,0.10803537988555979,0.12001156719593024,0.1408296494238351,0.06872319010393053,0.08148412485051071,0.15320197571058466
0.15209963236993862,0.1192648471317664,0.09622761623169447,0.09272320851420424,0.12542019730702605,0.10702336820578544,0.08336541377330886,0.07763904812104074,0.14623666834523513
0.10955360703909311,0.1261181701054754,0.12958762585118758,0.10971823681169852,0.1296830007051799,0.13673141554816712,0.13857709117535333,0.08522488568198079,0.034805967081864224
0.09742598970627246,0.11446576202123626,0.21039313638535662,0.12917992614609794,0.10190381763446936,0.05483788524315362,0.11938392437612422,0.12750194401311818,0.044907614474171485
0.11004694995984839,0.10374007982556523,0.10288989426386186,0.10939822651017617,0.12169205669842788,0.09157661778586117,0.15052949563134124,0.12458582397707034,0.08554085534784776
0.10251822333254679,0.11860316761052658,0.12663087082673785,0.08958457074596511,0.12688372125375855,0.07825534599434537,0.07127805778709025,0.10816900075305373,0.17807704169597569
0.040665901548765974,0.10910304337717047,0.14401773081981348,0.11133255430599658,0.12315684344135201,0.11900701637163036,0.10721597394515915,0.11591566417427206,0.12958527201584
0.10588776428815001,0.15211445215039252,0.16583607134224318,0.09467734142015859,0.1458575353716343,0.08183598849110513,0.10139281393089628,0.11926344170546056,0.033134591299959514
0.047477117814882036,0.13450898618321463,0.08577280818875484,0.08649963638254478,0.08647429285329104,0.1217354504734363,0.05145761409969319,0.19226684365856328,0.19380725034561985
0.057107595574699944,0.13914285706270585,0.10827687152267458,0.1376068796768805,0.1169642245599219,0.054877994589875696,0.17797864144166894,0.10064696157794083,0.1073979739936317
0.10755513238364517,0.12775471889165815,0.1253011536885447,0.11062051213712439,0.11476951046609041,0.0742176786520925,0.07639232728609445,0.10050283744260342,0.16288612905214686
0.10171057391717199,0.11913479372132596,0.1944466729284091,0.10689443268655312,0.11144192714498143,0.09694176485434453,0.08926226797025631,0.15399863951139034,0.02616892726556733
0.08138524976011337,0.10081720639775012,0.14900022076007427,0.09124525700074139,0.098866331214502,0.052380398791694094,0.1480405433164507,0.1602447487147882,0.11802004404388587
0.03212349095569337,0.1208834616557485,0.15804658667311808,0.13630473757490472,0.11462052890759435,0.1404156386905553,0.10635360403515408,0.11039420161280615,0.0808577498944255
0.13562428939343485,0.09245590137278377,0.218005077235371,0.16329867577488347,0.11214617328469868,0.056571460647247884,0.13208200001076276,0.07776743268372455,0.01204898959709295
0.058340965730283634,0.1208260607266984,0.12084311459209009,0.10557529355954133,0.12112505688110399,0.083074443202498,0.0795866085390786,0.1636797495102821,0.14694870725842382
0.018551124916060386,0.13701230349609764,0.1367265411026601,0.12145365426272975,0.09773189761123628,0.18759577687194554,0.16916934350118926,0.07138471187254784,0.06037464636553317
0.04478898204617832,0.08213087073551083,0.061466371519736634,0.11321012027667211,0.0875739053090777,0.1968626659808642,0.13631488765305413,0.16246423999312387,0.11518795648578223
0.015012756612623218,0.11510455390348,0.16177361853821245,0.10538864290354351,0.11338611447727855,0.19868275639103997,0.1593623002041395,0.08130066613913826,0.0499885908305446
0.139871519543635,0.09962000077785073,0.09337856149027134,0.09097393762086947,0.11402179727943434,0.1851417384389723,0.09581119489307484,0.10725990129130121,0.07392134866459078
0.10370487644835247,0.10609545429697644,0.13070619413477688,0.11143010336313071,0.12869832748126125,0.12576487394994576,0.12096577921548611,0.14027926677865765,0.032355124331412806
0.06924338047380985,0.14057501748969506,0.1506765011341604,0.09418224990207114,0.1347710877664897,0.08961056506012403,0.07566586307755521,0.10553851591862129,0.1397368191774734
0.19410725460781794,0.10955843195958652,0.13775485833089293,0.08290824873373807,0.10982266994738354,0.07572885322281828,0.05055099200556068,0.16122446030220064,0.07834423089000135
0.10387530324879124,0.11358831674560442,0.15610601253376596,0.12114166294929603,0.13602181004506197,0.06363905548964667,0.09740784372533255,0.10853228764255773,0.09968770761994339
0.05579622026444209,0.13598456647934395,0.07180062476383245,0.10805770898392873,0.10072812109827577,0.14681848947641687,0.12029608695477179,0.1453693160033749,0.11514886597561341
0.09276113302813264,0.12700457804181167,0.11637440886528232,0.10013008482992429,0.12096250355135095,0.06953537723486346,0.10748951048049953,0.10145778264594119,0.16428462132219399
0.018446640624518725,0.14730779577167316,0.08701359147049426,0.14183519320668944,0.07661190884035375,0.09062240021062588,0.16742451734290298,0.14231928300615695,0.1284186695265848
0.0630977327235869,0.1150151530713523,0.12411771131294114,0.0870096145912278,0.13378346098854768,0.1008067061661052,0.10322638499343784,0.10859107742900898,0.1643521587237921
0.10335150297664168,0.09881471281357268,0.10168003338057104,0.08295038606265005,0.12189382151486182,0.07844493346493903,0.06828214053553532,0.09614268355240013,0.2484397856988283
0.03706321012617686,0.14041342140227975,0.16612310576239372,0.12588659891245318,0.11493785043901417,0.10092700725403066,0.12173241501121727,0.08226213070685116,0.11065426038558328
0.09375255728423926,0.11973000419666806,0.12757168426041468,0.09031397995733763,0.1302968727578145,0.09565166328381801,0.09663470235434868,0.10335312619755482,0.14269540970780425
0.11422906245552984,0.18215708542314624,0.09045090747707814,0.11155108498071287,0.12306506260819276,0.15145194527390407,0.10896543527617454,0.09012353217100988,0.028005884334251722
0.06959848988465703,0.10908596458584485,0.09964472230723213,0.12672539885260659,0.11134705188642761,0.06021319098439443,0.11769599366678292,0.08782154591452251,0.21786764191753186
0.09217134091731817,0.12127770743871603,0.12069989432453021,0.14166154661243227,0.1215361504809247,0.09998742715299457,0.06573169935722674,0.11835426906697738,0.11857996464887999
0.04900538766096809,0.11321296353067017,0.11182947731619058,0.08594924493644289,0.1082593321039124,0.1446766676104151,0.08880685497181506,0.11764895257368979,0.18061111929589593
0.08571881269652075,0.10971505384610825,0.18887103462415888,0.09405414905781123,0.13040123162536868,0.10822054268470553,0.13340793093991246,0.0878513300579273,0.06175991446748689
0.1900455927411988,0.14211265529642006,0.10646511235325623,0.10055519713691947,0.14871375945333234,0.05317776940292673,0.0637270549391629,0.07665455129544727,0.11854830738133619
0.22016516284242912,0.1336591931711467,0.1127943002397882,0.07893846761285751,0.12221246446671506,0.08952445724967334,0.05176636269170138,0.13268213925534306,0.058257452470345604
0.008626395471818343,0.1322121092118239,0.22789517612783297,0.09856277214467225,0.10957702011924976,0.1076884446302558,0.09226967882419436,0.16595751086202506,0.057210892608127506
0.07918873851819812,0.10878077410162966,0.11361667645825409,0.1093226034156632,0.10929648964109184,0.13365131950964831,0.12415763924169503,0.11039471709785083,0.11159104201596888
0.048593760126233655,0.10729472291551705,0.15325449731451898,0.11253570398636081,0.10394672600109543,0.11993524419144809,0.09326514166219142,0.18423220908662344,0.07694199471601108
0.05973503267993796,0.11325766178209233,0.12166151076693255,0.1153184440111669,0.11087115825499738,0.10548364268335995,0.08965122343245507,0.08665689988737878,0.1973644265016791
0.07676929357389073,0.10065887245678047,0.13137474865384016,0.0798998997359399,0.10646496573128417,0.1611958542105373,0.07957218451001113,0.09786301749543291,0.1662011636322832
0.04246649477683704,0.12039980772948318,0.10519083058210454,0.09795516023235096,0.12218551985952886,0.15383683004754126,0.14833541768077838,0.08268700059446,0.12694293849691576
0.09410211787649371,0.11888505796433783,0.114159278475216,0.11318734372264526,0.10964487669253396,0.11905479555125946,0.12900432779787577,0.13741081454960122,0.06455138737003675
0.19421569273071507,0.09329607943398066,0.06413126868158275,0.09178159247858796,0.09564653210742123,0.06429681652235224,0.06160089821022915,0.11581561067679547,0.21921550915833557
0.05214593896262095,0.099412366221642,0.11028207994249856,0.10223283345429357,0.12324464297084188,0.11900250053969641,0.08441604203799909,0.06178151331948021,0.2474820825509273
0.09487123640606414,0.12987996452784384,0.11345763238227212,0.12423084246532051,0.11626685495886639,0.15635683283254712,0.11527875554570348,0.09247829269551235,0.05717958818587011
0.02902063273702725,0.12057586279038489,0.12237887617062253,0.09313132710109735,0.1170994966622962,0.11273832143343417,0.07288918731168408,0.062492903404044335,0.2696733923894092
0.0380839535283057,0.1039319680319678,0.08145134349706812,0.16939283861097262,0.10022192235195977,0.1523094564900823,0.11787143323202957,0.08028619032742806,0.15645089393018602
0.016616861795232803,0.09461411885305522,0.14401741786304467,0.13035114413884902,0.09812014273653358,0.18961658122923106,0.1264037200364476,0.08518089684495254,0.11507911650265351
0.10643868921293544,0.11338881066660185,0.18401906564741852,0.13626522926424414,0.0997713532970308,0.04415507598119752,0.212671777414981,0.07089525400748353,0.032394744508107275
0.09179717410968213,0.0874069289439438,0.18089559512530382,0.11282208427612121,0.09446219426484416,0.17860945412004814,0.1208967868690048,0.11218286749003155,0.02092691480102038
0.05539787950358138,0.09638464050821137,0.11348519747952669,0.08554745566929978,0.0999134533241975,0.0755024613963587,0.06986427573980286,0.0739596621885176,0.3299449741905041
0.13173270162731548,0.11996785725298735,0.096652972350235,0.0992224630107403,0.11895316580043626,0.11756728134394538,0.10816731311876528,0.14582993775793243,0.061906307737642496
0.02915680110812946,0.09855047028219499,0.22485940268820734,0.12557542600219143,0.11012882355885383,0.10593425747507247,0.14710509092188742,0.10865990785038902,0.050029820113074074
0.2810259019749259,0.0805548487466965,0.11205582533983427,0.08186558234707678,0.0932715835787697,0.04707444672565526,0.0723603419187746,0.15221931396737262,0.0795721554008943
0.008903279232411783,0.12629196456738187,0.07950051169399121,0.08255051890131546,0.0901128062467031,0.28132546304704437,0.06212938504995169,0.151372356979806,0.11781371428139444
0.11544982979310348,0.10932553070243355,0.15503772867058874,0.13584168706225422,0.13280369257168004,0.07928319339798195,0.11784037986911727,0.08357119078222851,0.07084676715061218
0.09554668359568046,0.08843512012220056,0.1553061822612319,0.1125244211349738,0.10754694864509488,0.09166608138781888,0.07874695361323734,0.14992556284674144,0.12030204639302085
0.10910755693594365,0.12522585608926443,0.07488695542445205,0.13451263910829034,0.12193464129498356,0.06772665625496094,0.09073325776139966,0.10455841051739889,0.17131402661330644
0.029286118372999357,0.09733087721903204,0.12696502822540415,0.09336145642985176,0.12298913539042883,0.16875693955106538,0.07210284049965475,0.10875667314498356,0.18045093116658015
0.029767686694458076,0.1550258113664542,0.27579085819257354,0.0952302018543597,0.12338517263729099,0.03967683313328587,0.15413260045036983,0.07531438139239756,0.0516764542788103
0.04181696394156819,0.1855063908233471,0.16802376082384793,0.10932501620652575,0.14801825651435227,0.07165087815941455,0.13560376809250377,0.06319133656331506,0.07686362887512534
0.14314697573276,0.10544165962880177,0.10162084438934706,0.08541086209929115,0.11755510218770844,0.07006565504506392,0.1062536378611515,0.09854307507796371,0.17196218797791243
0.30891085273247576,0.10032385074997519,0.09751540414119707,0.06796106088712096,0.11519612229360739,0.06996867074930196,0.049939645131344725,0.12178587233277831,0.06839852098219865
0.10303484809729592,0.10470903504682443,0.1479879709346132,0.14762975918888754,0.11431640788436996,0.0740390962937465,0.11850263353603278,0.09151887452332996,0.09826137449489973
0.08167110515155786,0.10685122425043485,0.22102260109124527,0.1440123898543992,0.12051485003354019,0.05263556405387093,0.08910156722261918,0.0878616105901527,0.09632908775217978
0.15577021600674446,0.09648499704459867,0.07627785165724446,0.08375468428292343,0.11996980964544711,0.17595403052672384,0.10097482289976227,0.09496167455683101,0.09585191337972476
0.027377273841083623,0.09824644029077485,0.09138544389934762,0.11098833495485172,0.11206329233261401,0.2033621215255326,0.19610627494606922,0.09136310350082323,0.06910771470890312
0.14418151793847508,0.10290225662317258,0.10659934408310652,0.1252348079587591,0.11334972921059171,0.10637404859322915,0.07404975491822463,0.13113304550712765,0.09617549516731354
0.02095848405953123,0.12670786110217205,0.10289519732532386,0.14408222929995182,0.10896213769090696,0.06930131879568659,0.16889967517272778,0.12298506322331242,0.1352080333303873
0.04311196305806705,0.12185217833285038,0.10906844316610921,0.10217370563163221,0.11980592494545088,0.1581891958570989,0.1534432191258636,0.11140543062755894,0.08094993925536877
0.09350924109626009,0.10816549271228454,0.12608840166493948,0.08519616750295998,0.1305634699308111,0.07443328368360196,0.09415621095285753,0.15352796533398883,0.1343597671222964
0.03925886212604849,0.1182881813210296,0.1512049928738947,0.13432399406971055,0.10345488067291671,0.1797383600190634,0.11082260318729516,0.0739763856074031,0.08893174012263816
0.184953932681166,0.10823400979820197,0.07558889437311485,0.09297452023933622,0.10357702857255209,0.05691298736103547,0.08391924847290909,0.10197817511665574,0.19186120338502852
0.21145504715374955,0.10570963532134403,0.07090297628808684,0.08380863500533454,0.1067439180725136,0.07389311529485593,0.054313647459125036,0.14571929920806284,0.1474537261969276
0.08194067540371272,0.11637535628719718,0.11233095533252076,0.1303486715174368,0.10480752848734269,0.089548413073317,0.2067798125295337,0.10042838967606782,0.05744019769287131
0.08803345274809006,0.11144080056720192,0.07868877883145137,0.09020224261814107,0.12079516053525811,0.10666877647906314,0.09495784615278335,0.11057176665687908,0.1986411754111319
0.08745946553008749,0.1055217738023898,0.12900076297461757,0.10601211985009336,0.11768208250558404,0.0959740939613063,0.11987981295348826,0.11423196321079764,0.12423792521163561
0.058411269100548925,0.12743751539457435,0.13200396986270133,0.07234360773003358,0.10840864608287355,0.30506833144247136,0.07968668959310743,0.09976746093175497,0.016872509861934483
0.025519850058344604,0.13064902767620587,0.15312679118072817,0.10214700956917348,0.13587401831120563,0.15595571700233526,0.06558678966618621,0.11115705007549385,0.11998374646032682
0.17874267033594385,0.12525118051666226,0.13586093883682002,0.11674121781911982,0.13367507425751565,0.0821975194083675,0.10307760252983432,0.06128852163956953,0.06316527465616699
0.03307761018566682,0.08531092296528321,0.10439628809065875,0.08404452997295563,0.09306720670755908,0.1213682237530659,0.051010428785205085,0.12961110240502502,0.2981136871345805
0.037765459240926474,0.14995976259157748,0.1299233137355825,0.07695670670690082,0.13292580242027274,0.09115439654435357,0.09820771334840694,0.19196998147222685,0.09113686393975269
0.06778605393362859,0.10060683176480789,0.11903114713002634,0.12321471000159072,0.11356296977996992,0.0674952534355494,0.08613580791938961,0.10853682928062554,0.21363039675441198
0.1257242573259241,0.11845060664620444,0.11691721412766383,0.11345925328092259,0.13498776218064856,0.11465884482099394,0.05961443950409978,0.07402600854500542,0.14216161356853732
0.025098984367417573,0.13460804221592823,0.1522227620328721,0.08418373182554033,0.09156526207914846,0.1544292274814609,0.18387099510898952,0.11108602196087913,0.06293497292776375
0.050606942652358815,0.09641997872900261,0.06925312663510146,0.11168952268061134,0.0995109066301383,0.11313380080800184,0.12799506270723585,0.12125674975608292,0.21013390940146684
0.10334660856573853,0.1204333512515059,0.09949748901306665,0.07754567611104574,0.12522517107686768,0.17270026720929701,0.09033084902466347,0.11595086733480287,0.09496972041301215
0.05909597541776174,0.09002550801131926,0.15094426209008738,0.08256005510400731,0.07281535571776143,0.12690877595519043,0.08864035481371559,0.16621158750011053,0.16279812539004632
0.26682533630443556,0.14562699759790285,0.09324534567681154,0.09101760271670656,0.13477281054264215,0.051892628008146764,0.08864821546569344,0.09257725244512392,0.03539381124253722
0.016425583093814002,0.14357764229718917,0.12499092273633859,0.10451756650004491,0.12135854081634989,0.11738253513062102,0.11350593397538833,0.10037012233947301,0.15787115311078107
0.05969606202946248,0.16583441524030032,0.14002469166056616,0.11803285568883015,0.15765364323259345,0.0917486486469098,0.08768131489078657,0.09671783991139982,0.08261052869915134
0.05892875556713112,0.1100220527727049,0.1193009366742563,0.06817947725637134,0.12695773715105216,0.12417553167378557,0.056848586401124425,0.16694319180943637,0.16864373069413788
0.04955697167100794,0.13870063413697353,0.146758874454988,0.1358727710278476,0.13816730269601507,0.07920184524423539,0.16759555091108155,0.10876470556347541,0.03538134429437553
0.042163572812861615,0.11621342758313931,0.06302956804734014,0.07810005851768714,0.10696272300318183,0.2912990395963051,0.09980264573149578,0.11089553301529441,0.09153343169269472
0.10183497824444439,0.0997628826177661,0.21101224068787847,0.10896118692038248,0.08272311367910586,0.0916335071230615,0.17086147906951207,0.10594116625149981,0.027269445406349402
0.06513744701126807,0.1056782265993012,0.12540163925948736,0.1313549054996661,0.11830148905108738,0.08956124499817975,0.1788396305304194,0.10557401552406638,0.08015140152652432
0.1333459690798047,0.10513917470446839,0.08638878037370624,0.09721525347259573,0.10612865195272024,0.13265383268259215,0.16263045140201215,0.102417626300349,0.0740802600317514
0.26364142875879093,0.10381948000669121,0.074875498696292,0.07747427294736649,0.11592310179366318,0.12162005014289694,0.042885534567340004,0.09525163540856459,0.10450899767839471
0.06512407790587642,0.11482106989234481,0.1616636769660734,0.10005988034129747,0.1267665981618889,0.06520539163094839,0.07744411872165662,0.10920300164953711,0.17971218473037687
0.22008885648853546,0.08110014028902444,0.08361614734487317,0.1173423209857033,0.08304864551427767,0.12607011861059025,0.1784792489075898,0.09591367669179346,0.014340845167612479
0.02902186068097522,0.08833239636922385,0.13186652807164048,0.08336098424559113,0.10027886167878745,0.17660569035313844,0.05665570128926986,0.082398762979703,0.2514792143316705
0.11870263070899521,0.1011998286086185,0.09496735012417634,0.05632492173348996,0.09694094655267643,0.11716079743262608,0.029942598861919092,0.18014169237681701,0.20461923360068143
0.04753527664860058,0.13251079387124687,0.11306588845482667,0.0818235878947841,0.13166697483396458,0.23926909759229198,0.05903057426088981,0.0871040845000867,0.10799372194330874
0.01786728466768912,0.13914086982288149,0.19586353742919102,0.07846823823473437,0.1168506512637214,0.2545965184537953,0.08668775499956294,0.08255469982576914,0.02797044530265522
0.3090881690551097,0.13794802297900496,0.08972495516089911,0.06706379840704764,0.11507628648765243,0.05025590419400286,0.04282992363844423,0.12869055520067377,0.05932238487716524
