0.07961178760876648,0.22069207863581572,0.07409672442246094,0.061695833730295156,0.056558179585155244,0.22596838206421568,0.028893742638263126,0.050366374250081204,0.20211689706494643
0.16013418608514354,0.06688678438075533,0.15442537362598055,0.06345486521750172,0.03401810379321735,0.10894429787081156,0.04881266630219841,0.10582712584457328,0.2574965968798182
0.05839891890996484,0.01803380016475856,0.10487327227167997,0.08980086875859851,0.06052669076976706,0.03904913950978379,0.1438496346947213,0.09842781065009625,0.3870398642706297
0.024908453409302502,0.1223664279927074,0.1162728653040877,0.09738357414470711,0.04020423351804874,0.05694688188319171,0.027144469180770656,0.09147791707037199,0.42329517749681217
0.3999279379122283,0.05121413909883963,0.10818596361972536,0.048627098962465726,0.031015548705252482,0.0593116999117451,0.15499103868495295,0.08870591826013545,0.05802065484465498
0.0453469343686145,0.0660040504101511,0.24361245148542102,0.08301031129625087,0.04104215066386673,0.06567146162534056,0.15185857002917638,0.17499373792262643,0.12846033219855243
0.18056947134632842,0.013895696461890483,0.12423708466202293,0.13573457270893988,0.08476417472223391,0.015937959169960627,0.2864457650225682,0.07642736690503756,0.081987909001018
0.15690178878422503,0.032766715636092396,0.20822841032537134,0.0415451622646144,0.0731105184710964,0.10860617097997612,0.11969851775047557,0.08863597752873047,0.17050673825941828
0.1790725808256405,0.06892057131271923,0.1594535615914819,0.08526978151479737,0.021692820521133627,0.1711218717902345,0.19688830829817894,0.04074204790509314,0.0768384562407208
0.12861374943079654,0.03232231945247024,0.06135826490051824,0.054846896481655215,0.35739201265064774,0.016867947497647723,0.018363484763120108,0.24075998547738384,0.08947533934576041
0.056178755340461926,0.041996220598163714,0.13147564206395845,0.1020135842651037,0.06188243654913117,0.14894006321244269,0.03683359886418377,0.1547637787001013,0.26591592040645334
0.09108593027012292,0.1293352009470584,0.11826066992113486,0.45687333946878045,0.05019484440206975,0.031668750483335804,0.04670384658923546,0.023772961637409263,0.05210445628085312
0.19158061193019726,0.03658029224694455,0.14021036088723826,0.06064313054509498,0.09491820177686712,0.10020255935312739,0.17276763369144077,0.16620279002765945,0.03689441954143028
0.11665924965655029,0.09163233193247665,0.22436448347942503,0.05917333550684081,0.021084112983507795,0.1102129274801782,0.10821578294751875,0.048641093592290546,0.2200166824212119
0.05215559228556694,0.5254040653815496,0.10778405303376803,0.12769086006593416,0.018409628787336877,0.048298444929541856,0.0626851437659333,0.023236093299756403,0.034336118450612914
0.09132307263008532,0.166098785560838,0.2610922436706231,0.031058785083487705,0.09284999869813292,0.08946709481191596,0.08058410260739503,0.08106351839207393,0.10646239854544803
0.07296740267777255,0.059916932751712816,0.13386412238754083,0.05258974742058204,0.10205562807351139,0.31067820010865854,0.02464939167025441,0.044796340572681385,0.19848223433728598
0.024421961580946932,0.17314262790489113,0.09135261539467147,0.025863525279670688,0.17177221369500872,0.2962551240449005,0.04322646215260987,0.06260588663931686,0.11135958330798379
0.07896531807963596,0.11776500659410638,0.24447729668302517,0.07126349096757709,0.09898030921562041,0.06354413451378199,0.04434604940148115,0.12244852929377137,0.15820986525100045
0.23618197378013836,0.02866629223254616,0.10473075915512498,0.08517671695404706,0.20157358322694433,0.09711721197588186,0.01976262653424916,0.08176558996535939,0.14502524617570864
0.04695718049438971,0.14166466348356535,0.15154864615834276,0.017442466408815846,0.06670963686438598,0.16199848075768608,0.0429225157993297,0.08255289355768596,0.2882035164757986
0.12144911743156243,0.24633270174265018,0.10449621049443093,0.27077550507631365,0.02123059239617266,0.018303710897192817,0.14155202839400582,0.05109785804634667,0.024762275521324855
0.11071236553148116,0.2453194016790212,0.0848144395878541,0.43242199704614165,0.0383011187666871,0.010033082990236367,0.013339438198614564,0.019566244646284717,0.04549191155367912
0.0339136921512879,0.14161927976901115,0.32258751158208493,0.06382622457074894,0.037161299475958455,0.16387939121652695,0.05486689058271909,0.06460042769118056,0.11754528296048199
0.1514788903623573,0.04987002558201478,0.17281920007901094,0.21669901994226012,0.06680424498410212,0.1759884973289809,0.05031782508615091,0.050344947406331254,0.06567734922879177
0.1454133453641618,0.06052175258295369,0.13136074981677665,0.03685727519353896,0.08198641022561147,0.07880646731388648,0.03589313114479945,0.3686383927627357,0.06052247559553575
0.07375749915074103,0.04259545051730623,0.11673178737548505,0.03302836409262027,0.013851118644707243,0.4468050487051039,0.1811619826807168,0.05966105208829211,0.032407696745027324
0.04638657418088443,0.13760159203156258,0.15221472267253636,0.05395438252084681,0.03017496981913138,0.23448169956327,0.05780214127544697,0.11434986247764332,0.17303405545867812
0.1018099029481938,0.17987901824771005,0.1769551119116052,0.10334106391954385,0.04597360735508501,0.10377015358402401,0.09803351875541332,0.13550027318312677,0.05473735009529796
0.06370947086690572,0.2734284522338326,0.14576187351033845,0.13026676556726466,0.014515846457840079,0.14965482766197707,0.0423796193673579,0.035912413064675304,0.14437073126980823
0.17625766545217217,0.04724988924219198,0.14845342957779342,0.07537903098283005,0.1030579205846539,0.06691570987750277,0.08998219988742047,0.09055635097538585,0.20214780342004937
0.37278249958088017,0.08715513377190987,0.12153331586623499,0.06018582723610477,0.09747314755643287,0.047421581049895134,0.07548270446492279,0.04742749282787271,0.09053829764574665
0.21279977350189314,0.09712633241445416,0.09586835356289856,0.0415263201999967,0.041272047462817124,0.0561093173610927,0.03526351794706594,0.228650633314078,0.19138370423570375
0.1719159059300903,0.0997852581812913,0.10572601790586252,0.08428779758643784,0.05859617669601819,0.03125494142674335,0.28666266203596397,0.07963642625954377,0.08213481397804867
0.08158661073289229,0.12784431985197967,0.09511318718197526,0.3977437254511342,0.038608905239293924,0.11358403820250591,0.034002916193960536,0.04874111984563285,0.06277517730062533
0.1508426793846891,0.1675622593806911,0.15699556706785744,0.04390106204136921,0.05717860186574045,0.07942656543485489,0.04516420981017144,0.11502359866758288,0.18390545634704356
0.0871625161167469,0.2468380095982637,0.13446655456548742,0.07356649356637546,0.07880008444977224,0.14957381624181645,0.13435742616469895,0.033081131983705984,0.06215396731313286
0.29792923811913724,0.02765837295470303,0.10455787230639539,0.16524085641177103,0.04816176276791073,0.14199269362687783,0.08207897001301165,0.04988720458137317,0.08249302921881989
0.025911947665830364,0.5211723704903828,0.05843330993978091,0.25320759365181955,0.013874611702214242,0.018856540405780078,0.0567756366918171,0.03535777014168296,0.016410219310691976
0.10998712272385969,0.0945112622865945,0.15954157102946318,0.007583616233294202,0.2920508221600396,0.19141045542822185,0.019437140179530858,0.08196672239963831,0.04351128755935788
0.11822014990642349,0.05602147069693844,0.09088044779128653,0.028790582188978092,0.07193187628865778,0.360854327606648,0.02441313284639719,0.11712383716452685,0.13176417551014366
0.03757280543562472,0.08354836915949344,0.13823347095707716,0.05775287877527976,0.05277248481673166,0.4667678372188357,0.0431585318284305,0.028592907117848284,0.0916007146906788
0.043469755542883036,0.012298016520442495,0.1369583389310192,0.021993858391702554,0.09047848639005783,0.044397232082494194,0.4913817250238675,0.09911565921492754,0.05990692790260569
0.06683162924216035,0.23098606224658547,0.12038517855288607,0.12747966484578463,0.08688605934976519,0.05407122144033921,0.16377453830296743,0.09489811296113093,0.05468753305838072
0.14352390479939436,0.06246279585597594,0.14793189274342544,0.07502386607886762,0.022877455523099176,0.3346400483028315,0.04058705963669001,0.08987325474250925,0.08307972231720676
0.0865495296681368,0.03467852536468829,0.18116810066355757,0.2569190405818853,0.02462087952509526,0.19049775861962773,0.08026450956397908,0.09291675156300079,0.05238490445002911
0.09407743727236613,0.026043587538390825,0.10592997736254998,0.1112037009672407,0.029422859603735654,0.45664742091544647,0.04048144286486136,0.07048018912713196,0.06571338434827706
0.2586432383253514,0.10328878955891109,0.07950299488703735,0.03235746728204419,0.19257543981525094,0.01070231968601603,0.10533102094272562,0.08046097548528468,0.13713775401737877
0.28966966614499173,0.11025056086761172,0.1460202370277224,0.043930657504849556,0.08882199583660777,0.09970739543675024,0.017847787680450162,0.09218451217972928,0.11156718732128716
0.019378409558892116,0.49709910504427457,0.057306395437290984,0.2251857437785667,0.013676421325323559,0.10920484790087363,0.02915866780488992,0.01291992969170993,0.03607047945817852
0.0537691775973349,0.08008789201057742,0.11233805055011788,0.03954608705527141,0.2582038559497191,0.08138156062135996,0.03529147321012761,0.15179748255318617,0.18758442045230553
0.17252608721038332,0.07603213383304232,0.17376586137058073,0.0703964643722295,0.1820449501346444,0.10566842812216493,0.0931594372228622,0.0785568873853939,0.04784975034869878
0.08954416577051989,0.03206235693836987,0.10589853570342313,0.0822626670904253,0.09096437764746002,0.1521175857965856,0.0987960876079122,0.15558254281882164,0.19277168062648242
0.29598401161223603,0.025851627194807752,0.17404370514401846,0.030628535201614144,0.06717393972697035,0.10536191244284111,0.08293466001908081,0.1905016095680517,0.027519999090379638
0.15141684898174307,0.07396648058390463,0.13533452255152523,0.06894083872679826,0.026732015394713968,0.16093448079277073,0.14851780123459232,0.05540226270019565,0.17875474903375613
0.1786834388997163,0.01631513718050349,0.15427353045153705,0.15290734329485814,0.1111709664184377,0.19051315933718663,0.08273773410472314,0.06946573774875174,0.04393295256428586
0.071185193274944,0.18579030155035436,0.08705802395906541,0.06715148398728743,0.2279265003153684,0.017205845556417475,0.023961684056702532,0.04264767612496162,0.2770732911748988
0.17027360996069021,0.07637050556055046,0.07838445528028937,0.06514596200857727,0.25845712916837604,0.013770385207986164,0.20585209528972212,0.09033287585864168,0.04141298166516672
0.040980066542635855,0.3553281053330694,0.10311658305843979,0.18759945118284915,0.05149815886247253,0.0833778500136323,0.08532089691898319,0.025660366233613854,0.06711852185430399
0.15516373925770763,0.0739925972747038,0.1302330491097998,0.02942038226976777,0.14152879891144501,0.037533111040566246,0.020365049526588914,0.06562304380617882,0.346140228803242
0.07671741270535849,0.028642958428018145,0.15470321986499605,0.08995676403886528,0.04190817821119149,0.03034075399159038,0.36250615648503626,0.12460618034284728,0.09061837593209665
0.05375577407428259,0.09743468552376161,0.1617704564046725,0.01665613935608046,0.2782924884653937,0.011807100026845133,0.1609542576797861,0.13193983427110462,0.0873892641980732
0.2926341604720932,0.0284417208712086,0.11487611939309904,0.052159018535931835,0.09886815029752745,0.016137932198897875,0.08570041557349152,0.03962080742744791,0.27156167523030256
0.0761314930887022,0.040814337532937735,0.2402618038075456,0.04144018348461365,0.07463465303272676,0.17300824043944737,0.15173711922359717,0.06400072829298023,0.1379714410974493
0.08694637631879903,0.06068211446413982,0.24357675000548815,0.0932811234174863,0.041392823626534445,0.09650651972675223,0.24383050478287796,0.04780606412691621,0.08597772353100584
0.19395573308537908,0.034563751515029155,0.1054473696074933,0.041702264842255726,0.06453960378290319,0.22326672312953913,0.1271979966317498,0.07745874328104858,0.13186781412460202
0.2072830591030196,0.06068975941687758,0.08054550887014683,0.05213480800876677,0.14116352139964922,0.06884170211792509,0.07757728601196888,0.19231542946435343,0.11944892560729249
0.37275535536022614,0.008186586292857637,0.13599883963324896,0.036461664765369654,0.13322854944515797,0.004953102525537798,0.0851849236866092,0.12867281677640094,0.09455816151459166
0.20476494808866155,0.016148985041698025,0.1605712489031874,0.15968984439155495,0.047892028402995945,0.03467876790868951,0.127280516562127,0.17182707416531437,0.07714658653577121
0.3717615755872867,0.06501579324620435,0.11597445497282295,0.04326583371909032,0.021523025351124245,0.02711402644838595,0.2046203972893453,0.06735728614039985,0.08336760724534038
0.030008917781261978,0.18243409176870515,0.1941382362311016,0.03925332557450798,0.03794099397376068,0.07029807375956336,0.0940538603310948,0.16930280816882318,0.18256969241118123
0.16875497884498725,0.06428830446633617,0.09090287861899306,0.03871000932689,0.3365756125469162,0.020496283086436588,0.02928129645529053,0.08817882066532844,0.1628118159888218
0.1364389667375642,0.3191539676259179,0.10392388832748756,0.14181898170782206,0.05055960485640943,0.04003737673157783,0.0641660295925059,0.08088574211572727,0.06301544230498791
0.25116914895586895,0.11158745425527501,0.12958816260461684,0.0567146495366064,0.1358479801743292,0.13877439622643248,0.014581844292099874,0.05615740303473014,0.1055789609200411
0.15087538912385132,0.05339719852354463,0.1977554789702669,0.26191504327487475,0.03960294736960293,0.09195990485462906,0.12504109255554388,0.03249213840695305,0.04696080692073346
0.05912683309671509,0.01899548769179651,0.15009927423082065,0.035029702471308384,0.268228549899973,0.035026615510932,0.04421360428584483,0.311668381873373,0.07761155093923658
0.13239260188799298,0.01212076604326219,0.12575812555819807,0.04294569206979565,0.02560505141151051,0.11274478678180788,0.056037790752880894,0.17555996210331115,0.31683522339124065
0.010367832358875902,0.038970788712141984,0.06846092205193376,0.029212333986051404,0.40216999613128546,0.014867586889857218,0.04922855978173493,0.11855683670762174,0.26816514338049763
0.12158267550181405,0.056398184375409464,0.1467194580406448,0.0901369387938896,0.09053584678194222,0.04000432804007395,0.07073774487243707,0.31328524966186544,0.07059957393192344
0.0879101604785234,0.1700797960996759,0.10639779038635416,0.01952572234794696,0.10226996830626561,0.025431606765564396,0.059490996426109756,0.3526608045718418,0.07623315461771803
0.12975855973134767,0.07962141506730464,0.10123354907655714,0.21987430750557457,0.07286562107268753,0.021944430290094102,0.12921126978151753,0.05025501421776494,0.19523583325715188
0.07100683385600333,0.4313802273187282,0.10945669601159692,0.137759073326272,0.023682775842186744,0.05995305503180487,0.06762296097302635,0.056405035871722436,0.042733341768659096
0.2584744358566689,0.16930337326218534,0.09625454823589781,0.1435586793166231,0.19280192703870505,0.026389529578613635,0.041694845087755256,0.041991438212854955,0.029531223410695983
0.13606290646692545,0.12735687979702434,0.1745838456307083,0.06833488474995528,0.050293800079350304,0.17209629334892693,0.07368536021826645,0.15878386820338067,0.03880216150546222
0.06927493145780718,0.10120756414108223,0.13622200577709365,0.07867087725994008,0.17884536742270885,0.14605886648795885,0.0985490025233854,0.13483536196016102,0.05633602296986284
0.08697643600681258,0.162163216204254,0.17508553913543548,0.0861010298620949,0.1100201535116299,0.11965027741502293,0.040487041504943234,0.09734339063167875,0.12217291572812822
0.16446272970319278,0.41815687435363585,0.0676011820748117,0.12612375765696923,0.03366019885693412,0.05311353740821669,0.05933593145990134,0.02239501285761784,0.05515077562872051
0.4298184581873145,0.014804390177005975,0.18225959816761264,0.10213081838082445,0.016634930926555862,0.01952150259553247,0.0908946261745871,0.13237248700048215,0.011563188390084833
0.06155638116395301,0.03468553221301326,0.1606273802677587,0.3723755211716224,0.04187987871753104,0.16179844444789968,0.04348269477102876,0.043846828091983925,0.07974733915520925
0.19775323732513503,0.12567263789173141,0.1706437252619221,0.07494484135772177,0.0371081699485851,0.07555314985202997,0.06209798930210251,0.17000304923840406,0.086223199822368
0.23052902534696604,0.131925342186818,0.1981460202621539,0.03292216288013772,0.012169590838543855,0.07216787684796576,0.11902056019107421,0.1869226175713721,0.01619680387496838
0.14135178826731498,0.06292160648692986,0.07665983361917482,0.08360943461186211,0.14414125211315099,0.0963147045787499,0.10445409816799377,0.09044988284586304,0.20009739930896053
0.04970846583870266,0.022029078140932492,0.21122026451323342,0.1486733179199448,0.0661208800240274,0.09853847692777651,0.196788660435404,0.14556020121972715,0.06136065498025159
0.1640860121937774,0.13622781988167734,0.07624561866924744,0.03938911203062712,0.1250773311355729,0.006947185459986199,0.04762002831499159,0.12087669083792034,0.2835302014761997
0.2965869475435882,0.045517529305262684,0.13564468064755614,0.060658944979961195,0.04254287507600116,0.03572493983358611,0.2882080917585335,0.07152297946849723,0.023593011387013845
0.12678481005772888,0.10863879009692123,0.06884422102480739,0.038555672839813836,0.12298254001802468,0.023450588999324184,0.10660672027882974,0.21097234442803284,0.1931643122565172
0.06319395590274449,0.21844810913668242,0.15843162380303552,0.042040495214404956,0.037747305476160245,0.1772269748313661,0.0665082441876789,0.0746109059024591,0.16179238554546826
0.40094421591799995,0.019423129455061226,0.08963516296504466,0.09133278993107996,0.022605728744237646,0.03835710024545699,0.15627113705319545,0.17520813913681987,0.006222596551104128
0.06841880914870126,0.02142406951312331,0.1356253388748775,0.02904385929104193,0.06347557760207355,0.05455600188944382,0.4778834761332966,0.12407481079387646,0.02549805675356562
0.09780537020893411,0.11232508977507673,0.1691295962690288,0.04883756823989219,0.08594496847463849,0.05692812172618922,0.21277850974130677,0.1314610498280729,0.08478972573686071
0.10855246793688693,0.046083564355775465,0.11742305165807754,0.034325606517173535,0.24421612836393566,0.04301507154296056,0.08483262560711345,0.12675041555702096,0.19480106846105594
0.2280530094975193,0.035523731189489365,0.11740327013452174,0.05840602930330376,0.1689672494195769,0.12586109783533841,0.13798282753220165,0.0697643593960814,0.05803842569196745
0.24000934791139436,0.09599759344788451,0.13421576989375003,0.08468065253336159,0.039800711847707775,0.05781369342262512,0.1643886615776984,0.11063620462361352,0.0724573647419647
0.24461238459491141,0.02422803202814963,0.08361010443274842,0.11332514801739059,0.39724327787937597,0.04571619398937785,0.03911540247622176,0.02822350921298515,0.023925947368839226
0.11046802785791388,0.07648612754042113,0.1202090750988198,0.049717501881607916,0.14037638395120378,0.12607943267953697,0.09028355944954448,0.060044411747120295,0.22633547979383173
0.31118259709023827,0.10376032646459675,0.13444098895179576,0.07928127269907474,0.06829473590764097,0.10538329785678889,0.07616792652662878,0.0502683364749912,0.0712205180282446
0.25239394022885425,0.22598711581575973,0.10398634462047192,0.05500233012262316,0.07114432814224902,0.0126381642772213,0.1743166414170403,0.06511388939230801,0.039417245983472286
0.05724020324995449,0.04764426204754971,0.16274953143383322,0.27192704602101514,0.06923046635888792,0.15812038919319538,0.037203884802830996,0.08635883777413343,0.10952537911859972
0.04677092512979889,0.03457767523168303,0.21632748377901848,0.21528062293382852,0.047000193963045445,0.042016074530006546,0.24088194060816903,0.07039988933426511,0.08674519449018485
0.028468420993748435,0.10828862052325926,0.11998457502257365,0.030816372110000417,0.2888350048699406,0.30235303951227394,0.035212730181183434,0.05616105116916576,0.029880185617854577
0.030991948330871415,0.21579831189437268,0.13957602666242783,0.10552581740419531,0.08157133442695122,0.005822259588244218,0.2144631076942182,0.045187898516456215,0.16106329548226292
0.11203855554179419,0.21029403466692084,0.20699797401838835,0.07032305711160222,0.050579926974532126,0.12043763311513185,0.03488522621894131,0.042551080230491124,0.15189251212219815
0.6162548664297912,0.04227003225243998,0.08026529951031576,0.03774346713056701,0.0574642454281758,0.02068430425462235,0.015486749455037141,0.06189294438404038,0.06793809115501027
0.14648539786948003,0.13745422380792982,0.1811101806014934,0.04941440100159863,0.05333483270752273,0.016630442691373707,0.08972929029148585,0.15621121271006444,0.16963001831905142
0.114011928165565,0.21550920624941963,0.19065782714903848,0.03381110126063094,0.08372168865685009,0.07306492505354677,0.14053309085203214,0.07080808470997121,0.07788214790294563
0.10896595416570444,0.11168507488131425,0.08939334134006667,0.060338197236626916,0.03458655232781482,0.04857196699475496,0.09130870269283518,0.19678519225193192,0.2583650181089509
0.09980322714701834,0.3197094890613306,0.12339188135652461,0.03892020549752556,0.09346749067777638,0.14599905943025956,0.04970190753767575,0.03280624666299755,0.09620049262889153
0.08330391881157002,0.15189145714329624,0.11980683939161223,0.048135624353384344,0.060876420345026945,0.1083202657678477,0.08195156106755348,0.23634336280014848,0.10937055031956054
0.19573182681554754,0.04442953274168831,0.21257280186385166,0.051802615410939064,0.12166599296013159,0.10653420256932396,0.024623870867059704,0.0981408812552305,0.1444982755162276
0.17749222018832186,0.24684151028425314,0.11332998722102729,0.16759354597341738,0.039479088097942996,0.08388279792028881,0.038710870142913634,0.053553396299314444,0.0791165838725204
0.11067829508147164,0.06707196471466849,0.10361141106403217,0.07002679600723301,0.30948412108552076,0.04848392236555182,0.09062911645130846,0.08830784112750684,0.11170653210270687
0.13572644972308032,0.4395052236428409,0.07610860279443642,0.08413763471245843,0.02239248032704805,0.10090563380411671,0.07459681452052185,0.027783596891074652,0.03884356358442274
0.25887153942574287,0.07461502245595762,0.10332438798854959,0.07610196137451662,0.09093427607495297,0.055266755383422884,0.055141862710234135,0.23574923437676717,0.049994960209856186
0.05053620660348949,0.33809008444100525,0.07340603997255968,0.28046945282417973,0.020132161146262418,0.06574036624811742,0.0631918732721759,0.01576734854986442,0.0926664669423458
0.338065200518592,0.006517200148949313,0.05814753392857597,0.05169288102568833,0.28771000778285366,0.03069225164247566,0.12422090827649511,0.0708926372299532,0.032061379446416814
0.06693812864055822,0.012805944492497867,0.12377288905681542,0.05964206237900709,0.04476235522110671,0.42229915575579763,0.1381244833848795,0.073367484051228,0.05828749701810951
0.053770023650336306,0.21089384967489325,0.16895363140365846,0.07591564297008763,0.0841180279801591,0.1802214691496922,0.11445751657361987,0.05623343647948858,0.0554364021180646
0.05924183749484199,0.2808094508865053,0.16594770755764218,0.02286483619811922,0.1398415806807848,0.1451204442879227,0.0117585407896834,0.07901909213388046,0.09539650997061999
0.11098029269248487,0.09447757676740688,0.16466595956034058,0.03346369162300518,0.07372133227494633,0.09573701767498533,0.1317162087717658,0.17567523478909416,0.11956268584597095
0.1481809574148015,0.08239851648015555,0.12612051436131674,0.047102670137927204,0.03715945521395687,0.0907197848596263,0.10676420418400479,0.16116348825413115,0.2003904090940799
0.10270411568625447,0.27753711504340356,0.0948013901542168,0.035098649772120655,0.05797533994520975,0.05054917680694764,0.23337245715813604,0.12102355672271302,0.02693819871099805
0.03333485634053251,0.08512539396498248,0.10853717602278899,0.5156954103587446,0.015830254565289865,0.015974317106488355,0.06574530533719274,0.020333520455470905,0.13942376584850966
0.06164377665362,0.06884710345146683,0.13893115485617213,0.3124838686177832,0.021402004527709708,0.12062543342396977,0.1723308976830664,0.04719455276629494,0.05654120801991696
0.0934716980986033,0.03108309718697191,0.10875019305411433,0.06379927447795547,0.0866674821204535,0.130949335281601,0.15435624025424308,0.08757585629129438,0.2433468232347631
0.22208001238061512,0.12286011227015727,0.1197819528723232,0.023407472569833943,0.11802646077849059,0.09550911346599013,0.09219139424656715,0.08139208593664911,0.12475139547937346
0.08246642465813915,0.03434257830672701,0.19200546825210818,0.26035907255939883,0.07054143405692707,0.09874943144305733,0.08467000889915495,0.0690670641379951,0.10779851768649247
0.03318841871048566,0.04216161281891601,0.19617121132793103,0.04052923295711028,0.34355072720910756,0.05528211273138237,0.12170215228715313,0.12876562647632442,0.038648905481589585
0.04383622924927497,0.4219104904477344,0.09483502893874772,0.2594765758528626,0.03522239333619811,0.021005731250686017,0.04941418886992378,0.050804874383136515,0.023494487671435835
0.19262691513486138,0.09413378034076718,0.19542235829299834,0.1285741626704762,0.04402184168293474,0.1298191368886692,0.08302230990774484,0.059914547054916556,0.0724649480266316
0.25630344812318734,0.2447265606715319,0.11447300997260969,0.04205598729191006,0.05472379007714782,0.07795881362789797,0.06277121757650483,0.0749930598760417,0.07199411278316865
0.12828331180393962,0.21785205164362786,0.06277245231840357,0.4424455458347442,0.0350371757709452,0.015718394801399898,0.027592528178952542,0.01749367610778709,0.05280486354019992
0.09490158209578835,0.18530710677337603,0.08644548818064297,0.07771425639226763,0.11661989969621998,0.0054696307246403985,0.28331686385048904,0.08637698134741971,0.06384819093915589
0.21857471101566042,0.06295002719034705,0.14513901778844995,0.020663710452012055,0.16398511126313675,0.0727473191360716,0.1491258378183133,0.07340229105365714,0.09341197428235176
0.14910095005305127,0.03579617689743806,0.2711464396449242,0.10597725567881873,0.04966800320845752,0.03322135593075548,0.12294369001682065,0.06275683954624474,0.1693892890234893
0.06866894981224303,0.1730735325072886,0.15955353472939826,0.03977131063397684,0.0405373704346207,0.23580978816587814,0.10711958852704029,0.0968602290567463,0.07860569613280784
0.04526125047460141,0.22836526055291276,0.18052758674155345,0.047398434095647625,0.10719875245748985,0.1257861431964309,0.04536265829646621,0.10368707242951414,0.11641284175538362
0.11381338217648533,0.31751517912878024,0.051847998986091916,0.2711127209384154,0.01562801919102298,0.14533472195512562,0.004371675535003149,0.015545541800719204,0.06483076028835616
0.18015777863841495,0.160279085439215,0.18471243435451354,0.2769225509092594,0.035719336884957,0.03826428840611771,0.02045096098120278,0.06274959384133394,0.04074397054498566
0.034937666134613715,0.042136942431693546,0.16967962866299147,0.028391904432723238,0.4723617550800323,0.06758071346826784,0.0157283998081082,0.07634533841898776,0.0928376515625819
0.083196805814578,0.04354624479279249,0.15608485382393208,0.03857439311559824,0.16144462929636702,0.3367918141069198,0.09362170008048709,0.03784327527747016,0.048896283691855065
0.20095952239718765,0.17430700363559795,0.17515865621406304,0.024247452662522245,0.1179841831205544,0.09970573572419533,0.030486167587539664,0.07107780956328781,0.10607346909505183
0.33887330239909724,0.10571998349274851,0.14362199674954437,0.05299382577838113,0.056094911449377144,0.01450681891839283,0.040692130825083016,0.1294556778997145,0.1180413524876613
0.0976389240219111,0.2652452382442701,0.16001352942239777,0.25503033129362523,0.016568787172233205,0.033030424313406075,0.05390890815260008,0.031238323412911582,0.08732553396664501
0.1746330208132378,0.020412952721813475,0.1335925847617869,0.034844769791773374,0.21037920865210427,0.08725510328740078,0.1148827321694947,0.08128945395986638,0.14271017384252227
0.26946562321025064,0.009690077964924548,0.1601938599877008,0.12297189120382629,0.05841432950805381,0.03003237051939217,0.011856018083414466,0.03797110608528704,0.29940472343715024
0.024837930786324885,0.2028300643483849,0.1143680313850603,0.0815760768286365,0.15083953876258413,0.12642247091806988,0.04059927054834923,0.05499476646696536,0.20353184995562468
0.06071400803944372,0.18281937533425374,0.2607913679715727,0.09964150987787579,0.08953270421305802,0.06633786292202974,0.034360432885491385,0.05392030914473484,0.15188242961154005
0.3034595081378982,0.010577805761648301,0.0933859110168999,0.08628704743602796,0.04741319946604378,0.07817674878537595,0.2639669460554121,0.053230468463642766,0.06350236487705109
0.2527831406001168,0.05857817857501604,0.19130470835808588,0.046950364336537154,0.11390832065927559,0.03516717762301066,0.05352177849932902,0.0862712189813614,0.1615151123672674
0.06837048331076662,0.14229407323520116,0.08510061672007939,0.1436598134919696,0.09124988798222934,0.10994799089145729,0.17168517594926466,0.15982581115899994,0.027866147260031976
0.16008044273724265,0.1370919745092309,0.12441038339857745,0.14424037230236664,0.15222138091259232,0.13043058106903874,0.011161628858927403,0.07270984134250046,0.06765339486952347
0.03173089703596446,0.014977307577317717,0.14175691178054042,0.03757503031520764,0.08778368737597025,0.04235255233375423,0.10168694713158599,0.45314766834474846,0.08898899810491083
0.4486696000063805,0.014847148795892808,0.11180104441441507,0.13358310166590104,0.09103245403095171,0.006010049555303528,0.049435257638874575,0.07164280977977554,0.07297853411250535
0.04697771718024679,0.15379688629328872,0.16290621725978136,0.07267174426341184,0.06931361094667625,0.25219342723346166,0.03962695342888895,0.039735633977443154,0.16277780941680126
0.03648416034874834,0.0886184506673142,0.10733783950270824,0.05489311409530062,0.02744178543271526,0.09334210807806796,0.4486310898391466,0.08234348544853407,0.06090796658746459
0.14831685847510542,0.1226235516431793,0.1387749983596849,0.06516129611753874,0.07983543211941595,0.13030366900893472,0.11125657707802929,0.12855024107516158,0.07517737612295007
0.07028370066412107,0.07329922255446641,0.1158011507708998,0.021577139158835024,0.199183663452666,0.10832362573645227,0.029227277999751427,0.1587785710278049,0.22352564863500315
0.014597480487273629,0.022932796645954975,0.10980888448815075,0.030271011948431195,0.24644163540853595,0.02337958778296877,0.4314715087261353,0.07760649435346972,0.043490600159079795
0.06979053208321957,0.0755399024504035,0.08173549549873763,0.04077629840571859,0.2954837302473928,0.1129566545402826,0.01448080272219565,0.08089909208156888,0.2283374919704808
0.04887582290425002,0.09461957176365365,0.23143468138562565,0.020709351734165462,0.027087941373278385,0.4146007467325519,0.06461552769374668,0.05213607162697467,0.0459202847857536
0.06753605177104588,0.013916895324262343,0.14820291199845448,0.08652535063684398,0.20739018455753053,0.20858058354653766,0.049819990206639075,0.06347655423048844,0.15455147772819758
0.020343855930634314,0.11847714942024683,0.14718636695146992,0.0551735080033403,0.22987468414485326,0.09068878015616016,0.007568485318757305,0.04066146837210432,0.29002570170243364
0.10422817367323832,0.2793207212318696,0.0845222700956375,0.08565630702188214,0.00968606273657892,0.15918386063779877,0.008169994831193534,0.060494838961796145,0.20873777081000508
0.18282564446394398,0.06409798568389076,0.1928982726281375,0.14090881765383168,0.11375207484614097,0.14437382804540255,0.06560625172630684,0.053341130704416206,0.04219599424792955
0.1089478518085946,0.24990304515179743,0.21559690947348611,0.1386357014561498,0.028626311029657053,0.13778520276612274,0.06556874358589797,0.04194023863346785,0.01299599609482633
0.03133310807100019,0.1210331678004493,0.1271819089960724,0.020975788098091683,0.05277390376163063,0.3357419258377927,0.0445239592582764,0.23915659943304482,0.02727963874364187
0.1949561939344889,0.015066320292154258,0.09987389676113778,0.01560627470120203,0.11444203365443946,0.032145597340828745,0.08701461725573582,0.13652809246510292,0.3043669735949101
0.38080010015817156,0.2924794671433128,0.07133292843704693,0.08608228326650846,0.014424415530409351,0.011643196710200468,0.05881279797977366,0.05366985772828939,0.03075495304628741
0.1616240873835825,0.13232309781878268,0.08536554601226216,0.03220572851679299,0.03379851871266908,0.15180131735289992,0.04527495644823096,0.16530372416159134,0.1923030235931884
0.05394140023064823,0.381413779246442,0.20369465195169875,0.1679522949905515,0.016958146820247197,0.0544850569515731,0.059269145842102335,0.03209028894326114,0.03019523502347563
0.07499921461612881,0.024243919470604322,0.123126167100175,0.09545112376814109,0.06277741642331848,0.42266969377741526,0.09738225708625836,0.019314750497579105,0.08003545726037958
0.05679976362319387,0.07335690911496119,0.14365207216736212,0.07514874767702924,0.06435883775353866,0.3195491020677422,0.09693461281998504,0.05980916413080716,0.11039079064538047
0.10184731871079822,0.18254470961459157,0.13077550756757095,0.09314650231834336,0.1667313249070198,0.10553618334511757,0.06675500822246828,0.028258963074965966,0.12440448223912436
0.30141388955243503,0.04711678573945083,0.12294193650989244,0.12308587323856102,0.0621687776173524,0.1288665347638955,0.08757746491716782,0.03365501082063904,0.09317372684060594
0.16820623391128944,0.04244201867789232,0.17111212014140534,0.04001307202323897,0.057491705329728034,0.1553848284272931,0.1704884908390849,0.11990887047295141,0.0749526601771164
0.02666739862363991,0.2834402103139781,0.06773622098302169,0.020439394553982904,0.09733937285837352,0.20762330499626733,0.05947768661944052,0.048112046265856044,0.18916436478543996
0.018168834674435416,0.020386240956969216,0.10701557622014707,0.03016056259239951,0.09804056335755738,0.09133291489450172,0.1098639589065749,0.37734702426829764,0.1476843241291172
0.029713705232429583,0.061789424747145195,0.1322541730025981,0.08029543524709447,0.06827315689534251,0.2893048137447786,0.251146761438976,0.039443233217329,0.04777929647430656
0.05372623556930898,0.13676890435513778,0.11485070650901585,0.020543605270026476,0.06682385061426406,0.4619182293238224,0.030999248948560685,0.02215434203006048,0.09221487737980327
0.08357453712203221,0.10167709925636133,0.16761084450540542,0.05117847032516145,0.09555790127233764,0.21137118087327608,0.17606170982779798,0.06217329929786144,0.05079495751976645
0.31780668139572715,0.1998945993245765,0.14336566341765256,0.08343250007675611,0.03085390298426702,0.03299155837653675,0.04198576422257954,0.046023165656131494,0.10364616454577293
0.32659639083745845,0.04604162422929215,0.20015346506064535,0.14057359995134497,0.08401899193623452,0.0048406823887771075,0.031336202690964134,0.12377653316032385,0.04266250974495949
0.0625473436778567,0.24589952664948087,0.12112561231586629,0.028631656743520483,0.16307074054387474,0.11505289583700772,0.03855279045366506,0.08414759391078053,0.14097183986794756
0.09479256263577242,0.10737506768766523,0.13113617835562663,0.028750130081718256,0.3546501433411741,0.05544204779306542,0.14087334439191504,0.04479564831693278,0.042184877396130145
0.039966899830553376,0.08120202908080443,0.08397778797545684,0.032373118585438065,0.05969665272943675,0.42437276259175166,0.053309844558176715,0.06365063655104891,0.16145026809733323
0.018680082144850414,0.04703555942404513,0.15793865644346816,0.04379031898299974,0.4526522610596226,0.07788246682105597,0.02700408772484413,0.08240680917619508,0.09260975822291888
0.16717751199493988,0.05945833542793105,0.2165341651685244,0.027324195162881853,0.08437060343423013,0.05681767208245631,0.1424429360105728,0.0786042192059116,0.16727036151255203
0.0424098183737033,0.01349994947508884,0.22798730566628223,0.020396931398034404,0.24465200546672558,0.12704456577975728,0.019964076307817293,0.08611163227777278,0.21793371525481833
0.37225294268951736,0.010839257203873444,0.0833440112458131,0.06137317846118501,0.21770755852523593,0.012810070768254717,0.05498563978498772,0.08637048269659585,0.10031685862453694
0.1912277786836789,0.05115886633559546,0.09108046224463147,0.04019960920197271,0.03312562866506175,0.05073822738682321,0.25117229582875017,0.24183779481357873,0.04945933683990763
0.23689034786651794,0.0857088490762628,0.13606223856235775,0.05513532041013166,0.13210545003039334,0.10202096532271426,0.13826028837253607,0.05666624029219695,0.05715030006688931
0.3387798465340335,0.019726111651504237,0.15003555302584715,0.22438654710445446,0.050718190741841446,0.030402040124166557,0.036374538980604616,0.08130614631543319,0.06827102552211482
0.26239162027024016,0.025558319585292602,0.09742444787365591,0.038953651549218225,0.34556695236128965,0.010756370286566274,0.040195723732872064,0.0797206331683095,0.09943228117255552
0.12470950531361291,0.03990625443041665,0.07231079055128761,0.03815319526902492,0.3091091060146187,0.2002161370338145,0.04353342289524303,0.05508938182398556,0.11697220666799606
0.07646697689444283,0.12964809153225043,0.11261695788580704,0.09276410077978359,0.055686160537598915,0.22337572365634042,0.1477501033582422,0.06745638478268728,0.09423550057284731
0.11945874383485389,0.07922845482160747,0.11566898595877684,0.031114080590900303,0.03556224785414245,0.19122175578324319,0.11125967698207917,0.07549375395882309,0.2409923002155737
0.08714317642491883,0.12211957638388389,0.0868293111273203,0.02273055618892153,0.10061433254573726,0.2820889255997904,0.16590667672244672,0.105382095624651,0.027185349382330082
0.3405256637921577,0.004008354574268814,0.17298225176456192,0.13080468963370404,0.0210714357325192,0.15106704917477118,0.10011771203383778,0.046837485811107554,0.03258535748307178
0.11734261652483145,0.14226075873662103,0.10677854596543272,0.0969581776877208,0.06477608310661169,0.24657918446126806,0.05454109274167849,0.0761782923341535,0.09458524844168224
0.12091212462517147,0.016747970488787286,0.14934941953414507,0.018334680162255073,0.3591573836713669,0.06654717115556251,0.004882028735230542,0.11738674216670346,0.14668247946077773
0.049117241027138304,0.04063110607242849,0.11914266997346783,0.046130217071419455,0.07886838798963089,0.2621277021968335,0.05751009005998852,0.14751178263456982,0.19896080297452326
0.06685007700379654,0.02859123616528887,0.13844816811384741,0.04667135993957833,0.09101889523532401,0.32522822205492835,0.09966501952924532,0.09674810073872993,0.1067789212192612
0.14374498224902696,0.13563243909570216,0.19764025511627362,0.03605813842363025,0.021085930808558487,0.2786780550152988,0.01627616495397376,0.07984537110486005,0.09103866323267591
0.08456554092213793,0.020611247128145795,0.043139221321864436,0.06721477637326946,0.04036698609954611,0.013902084914630053,0.5889270338625928,0.09812805030270343,0.04314505907510991
0.051854125139123186,0.029528777891452765,0.09740277977593693,0.12709621688257003,0.158254196940838,0.10772495426676287,0.2472499528714175,0.025758989789194827,0.15513000644270383
0.2135446621798511,0.2629616248503704,0.13802526059735545,0.061051312419921844,0.032829530301998096,0.07170431499627042,0.03220984381512468,0.025995603508134308,0.1616778473309738
0.08494525170767787,0.055978605510629754,0.10024153419355945,0.04505727960313174,0.045220838201504854,0.5191876077945053,0.03070281540102319,0.03502746002630435,0.08363860756166343
0.1837308544930745,0.12177491499635162,0.17544667075586937,0.041149547603559135,0.06884070117290425,0.11873631294806138,0.08658876335939641,0.06497656040468415,0.1387556742660992
0.15893994989843396,0.08874257812106978,0.1142435474557404,0.09549972025256237,0.07537586013708893,0.0257304374739059,0.04128790259651922,0.030826415854902336,0.36935358820977715
0.157633177063951,0.09079094149075949,0.16521299811778178,0.053858859671509406,0.03615594358055144,0.05561716452379128,0.19651216603248753,0.10780910036173902,0.136409649157429
0.020643642540162918,0.1307420543739148,0.15011982692570222,0.05809824751884458,0.37182967270330264,0.14209810882802829,0.003921636051058968,0.06509851026491152,0.05744830079407404
