0.04669305309580257,0.029223321864986995,0.06891688991548267,0.010162768461110592,0.053697733742443444,0.6432925979338581,0.06680227854023908,0.017209474933631157,0.06400188151244536
0.340572990428712,0.013073737935474247,0.018888024335747173,0.15530455497117604,0.26361704486798826,0.07019865624825164,0.015924878539993786,0.1023626354428987,0.02005747722975818
0.42245847983109064,0.09661973638872164,0.05067252597687962,0.12193818564752652,0.11004216670912625,0.05774452359097734,0.03494983133251068,0.07150084847915568,0.03407370204401156
0.24957829441512033,0.11489103626444523,0.024201457579147507,0.1808611641568065,0.0596181541055941,0.03796592575116934,0.20382644949122222,0.08908890587056467,0.039968612365930085
0.1282521320628254,0.02385398725422275,0.3744269606054378,0.035484647455588714,0.10504554199217868,0.0976944049393856,0.07120083350262325,0.09766425141638652,0.06637724077135129
0.12466335457241012,0.0896864506304502,0.019057037559570496,0.1534806967631361,0.08002602568555463,0.26891237020488007,0.05086442918943867,0.057037575511479637,0.1562720598830801
0.22563951989935704,0.03111587106163861,0.4844424004579291,0.026857283614674866,0.036489759972552334,0.0732541718267394,0.04267488481587663,0.032791306464388596,0.04673480188684347
0.3249962499211268,0.14896052388102884,0.06946012572160669,0.08739865533634582,0.10623684668373488,0.06917287024594544,0.045178200376976396,0.07113205231725621,0.07746447551597896
0.08428728039557581,0.013028766001360227,0.039204291446596644,0.09447661944497852,0.06869406987019588,0.10704307040748041,0.04576277322863975,0.06675944334475366,0.48074368586041905
0.037112334609253395,0.039033419738689824,0.0594302437514693,0.6074548266856699,0.05775027790188612,0.04201227184964149,0.02049358240165498,0.11884661753147396,0.017866425530261104
0.08069933222495036,0.05249121276280875,0.06206913140002058,0.22938316615767493,0.0969359125687634,0.15025806418486276,0.10602305728065699,0.1557098774813828,0.06643024593887943
0.08927122605988506,0.11936863259198956,0.09800544196461182,0.26205001856416626,0.1915912678542312,0.04021544795089484,0.03516627080643312,0.06701149082996333,0.09732020337782483
0.05068335958031286,0.3220825665447212,0.027614128118656055,0.17805475001553348,0.146058562398084,0.03387531623422623,0.08415751093033208,0.1162847549406915,0.04118905123744262
0.3691036309495071,0.018908287707723292,0.02828260725326673,0.03482868074866707,0.20145158060607352,0.07318104198838281,0.04512223824624461,0.2101321474502312,0.018989785049903708
0.06387664870389119,0.012209047423838312,0.007188079781094155,0.2052862242143166,0.11958030060328217,0.008256161801247323,0.018470534990211795,0.5518537895659911,0.01327921291612747
0.241286669662664,0.02336517114882573,0.07532858882279513,0.15245485555607527,0.09827998514183289,0.04754852627991585,0.06042066596086371,0.27449095884292435,0.02682457858410307
0.2291936839292543,0.06513766957075279,0.10997497178805615,0.03416812179467105,0.09204637377658272,0.3118586050355147,0.08890979731722348,0.03654876567624231,0.03216201111170247
0.03538232438704683,0.06749884210263912,0.08657052270315169,0.5997810495695964,0.05547795604491431,0.03868999965431056,0.03287243458078081,0.03904368031804603,0.0446831906395141
0.08933580947716731,0.22345761048689838,0.23472296917769486,0.046868603664887355,0.07112529687911955,0.11761533700427122,0.029330568731076312,0.06460405317879887,0.12293975140008627
0.09103061621314157,0.03059288308618696,0.3549818161879648,0.26675029136111855,0.016159127073139046,0.0501871024853763,0.08201950398022408,0.054801366885849356,0.053477292726999213
0.11625698482892284,0.0787783657683968,0.28764812822443026,0.15769584235750764,0.046514646642126366,0.1134948782672192,0.032732368461970515,0.12647456833191134,0.040404217117515094
0.2122768824783133,0.018781699989903474,0.23117353165974527,0.07607392180985152,0.0993743650796819,0.1192131638776542,0.0899268979673507,0.08775090378382665,0.06542863335367298
0.04925823504496485,0.225518606603623,0.23167176828906622,0.054787444181651136,0.05034101416476827,0.0662543521327882,0.09257093128278648,0.06117739695054276,0.16842025134980912
0.09096307544720506,0.06971053196698039,0.06915468822572239,0.061611533160422394,0.08397057257705336,0.04058597045206694,0.10501908839094164,0.06655080964893313,0.4124337301306747
0.20925077060602382,0.1328553141349948,0.03703457543733646,0.06956357670576442,0.13210654626315066,0.05567078153252669,0.135144473100011,0.07144916806165873,0.15692479415853341
0.09284400382112107,0.08069468087972825,0.053664663585212304,0.22700954471599066,0.166056935908269,0.11861006747884317,0.04457507856030274,0.1684738749185295,0.04807115013200324
0.10054162163704432,0.3197598836207434,0.06706142942799163,0.24549192342720003,0.0584543909599173,0.03175845214896227,0.047586309456837526,0.05479620630713375,0.07454978301416988
0.0390592490591919,0.04915987619651296,0.4769888040998231,0.05220453177278567,0.04885445900820238,0.02624355625343061,0.03559558929972351,0.07042777512294995,0.20146615918737995
0.056448994125463496,0.057591015215717446,0.010973924551203695,0.5751388024873278,0.09900762128411111,0.01432928657866346,0.022147852035674213,0.15979469053004913,0.004567813191789525
0.13002555569191887,0.011817654294790711,0.046007445736098156,0.05228367249947443,0.171243330387248,0.06321929988791997,0.1303598883563268,0.025695821529881934,0.3693473316163412
0.12639645237500732,0.02034812510670042,0.039774906593837915,0.07446748340842274,0.2664141480608737,0.014903050266288027,0.013894234622468889,0.42729492030361277,0.016506679262788117
0.11508055125276483,0.17270636737871517,0.09367896643132123,0.04546224919909384,0.28795860880621493,0.025773719763195424,0.053016198072443205,0.10546027203928472,0.10086306705696657
0.07675013560077759,0.16914421766303075,0.046183089215023176,0.04657213897941217,0.1412341677410156,0.13877117937596672,0.15107174525914266,0.20521107839662597,0.025062247769005383
0.1592912535935976,0.03780781191074481,0.04974301461657284,0.24956903749058157,0.21726895269459753,0.02369617504631329,0.07556598833679233,0.04909131309895904,0.137966453211841
0.06762865879550502,0.081419115493339,0.008093948951710795,0.35539072906435637,0.02423253825163342,0.03246512125101758,0.25038924195690737,0.12353671111695058,0.05684393511857986
0.24181855481585868,0.006801722566233503,0.18311801078884837,0.025632638434915252,0.25812347649258055,0.0548335707094863,0.017611357027869586,0.19690672247318045,0.015153946691027292
0.05150591120971134,0.2973284390429182,0.04412450887918501,0.06958077345324408,0.13263726718364338,0.08540746550723788,0.10637706934707776,0.12454250304483704,0.08849606233214528
0.1337586034707724,0.1661236087140118,0.03601286241798956,0.1771315857376711,0.020048464424469094,0.05942782941727429,0.08174472138193022,0.19752852558942366,0.12822379884645796
0.18707561990001217,0.16093852928822433,0.032789070254382914,0.18496635586796706,0.09716579646165609,0.053148545444252404,0.06745199807623893,0.08647750542095034,0.1299865792863158
0.165321522386585,0.06130643029113231,0.20803178959255786,0.3754547018389142,0.042515296303953086,0.018168860566138978,0.03733712902295872,0.03495140225235672,0.05691286774540316
0.20541989731346025,0.07502341128498181,0.181976249404634,0.12483359090353051,0.04280454439821848,0.048323761534236676,0.13614645701885222,0.06521622992718579,0.1202558582149002
0.07671966026644698,0.06402833667552181,0.0272622340324602,0.061089729521565966,0.23312848578713163,0.05262511840102354,0.15813357616916077,0.07787590459640015,0.24913695455028886
0.03469480413239897,0.09576021390859418,0.16422860282564639,0.23936935525269423,0.08336245205448008,0.07606903552407052,0.15409779614062152,0.058305190075441805,0.09411255008605228
0.12791060364388535,0.33287328957358925,0.03309576502179386,0.18016613603625267,0.06813483250874698,0.10420409853843775,0.06313177506678279,0.05920356466776467,0.03127993494274662
0.07262494472997562,0.19792847497831456,0.15668219035609532,0.19961664354413136,0.06214770507837256,0.09438698017460152,0.0698887924217877,0.0773918866091249,0.06933238210759644
0.25081542986052735,0.02169001316415013,0.08976147729786298,0.21536805558610764,0.08168092790403687,0.11492796808448828,0.036521510356468355,0.14911750792255843,0.040117109823799985
0.16723582881084265,0.345715822462052,0.0263239005016048,0.04309764329467878,0.09388907926233529,0.0344128164093147,0.09877525582495073,0.04624719202831661,0.1443024614059044
0.2398022513640301,0.053684498636131124,0.11185171883172051,0.06550546315884516,0.15180959626639381,0.08637161532791708,0.14479624168422908,0.04407702430217131,0.10210159042856183
0.08831325286960623,0.08002496681315718,0.03050656192013855,0.5661483326946529,0.03212519758918464,0.05047006058376315,0.04143485444665555,0.08373800480394851,0.02723876827889311
0.12792521784229946,0.039661651137530396,0.009885706452284744,0.42986634005213525,0.21381821250706112,0.03466471208223442,0.018214472656334458,0.1116923569225207,0.01427133034759935
0.0867946213540096,0.16119856409010444,0.030672908267061937,0.20494264588738853,0.03590369686780484,0.12144832780459817,0.06681438340433216,0.13504459306356323,0.15718025926113716
0.5149537418778181,0.03208407433112904,0.024066559946466493,0.07129789424938583,0.11477165840352406,0.03133224131189516,0.03993613377338973,0.13047075970220948,0.041086936404182095
0.08621728541824662,0.03297951432522764,0.19249932541976586,0.08127359864290364,0.02833817532940856,0.09547608448977707,0.12506021775286624,0.09446771676839232,0.2636880818534121
0.30430532741744915,0.03859044591541674,0.09609011786718664,0.061757503942828466,0.18372150816308988,0.05581158115202441,0.03287571285931237,0.2066273001885841,0.020220502494108242
0.48872622895818774,0.03263263126112078,0.07184148884800247,0.08930417109347022,0.02009510069104545,0.09876791654440652,0.05182705032875105,0.11400770530223715,0.03279770697277868
0.06248448155396933,0.10962971758519952,0.0529026243254045,0.2655859373417222,0.03478852525601101,0.03528499003783909,0.04334796296387051,0.0974804460486775,0.29849531488730635
0.18615484325751316,0.14951894123063972,0.07250654022436161,0.07810986677383265,0.016570453833238522,0.06642992173003649,0.031421895879815566,0.3381695641977324,0.06111797287282989
0.045015188784548764,0.040237912842246655,0.1516458351947992,0.13677292908390323,0.30380631677347786,0.08806698053986135,0.048761561711672646,0.07829673400178884,0.10739654106770129
0.4254281429398123,0.01911086152685216,0.058179548409631104,0.0489660390650554,0.10469752654513143,0.03228923598663497,0.03252838835459886,0.023955915480713352,0.2548443416915704
0.037070901084113594,0.16214213212396172,0.16494938327360645,0.0628849511656976,0.10797511557900763,0.06681675557539332,0.06466852329257773,0.0849036153066454,0.24858862259899653
0.20048442109366368,0.028351261195089256,0.17902110241589217,0.0832520908185591,0.11510367162600083,0.12691947256751404,0.037481663483527494,0.19911241983869174,0.03027389696106168
0.054803059233729835,0.039139626717339976,0.15670737589503086,0.1016744218302793,0.07653220324009195,0.03322870341678922,0.09116989226855203,0.04469531027477026,0.40204940712341647
0.08397847067431487,0.05023068126233194,0.3529141143397693,0.07367420461117355,0.04990887357090699,0.12255738886763085,0.04210185482008466,0.10131202290960534,0.12332238894418239
0.1508779994142139,0.06933630389395852,0.23034458273621625,0.01582362501143902,0.09057168440543599,0.0621970455494494,0.13035627801277658,0.0928574952044019,0.1576349857721084
0.084895789538821,0.1066960524759986,0.04564696282873767,0.4512649799277411,0.046932637244589376,0.05499464765569165,0.02662793829312299,0.06263479375907181,0.12030619827622584
0.06825801617063147,0.039003812630796435,0.08360048758107756,0.05491500312506676,0.21091740821111937,0.2580763697496329,0.03550954767051001,0.029060553228029713,0.22065880163313578
0.11881525046590796,0.13759172824048224,0.03372404197599855,0.12826568174105926,0.08287998256513435,0.06565705263342274,0.3794952889575532,0.044380074719268636,0.009190898701173067
0.06928286404275043,0.026492001318294697,0.3951564694504222,0.050110650381842314,0.1193599626770328,0.045951251230668344,0.053795942850279686,0.08942355436097553,0.15042730368773394
0.0646726520598891,0.0719111607396089,0.35201598007847906,0.033503102738116124,0.11477099487097704,0.13597091878884518,0.045140987253416455,0.08618508867369688,0.09582911479697116
0.08671140742742976,0.025248796445045563,0.10562894296637061,0.1201527678753218,0.40983294632298467,0.09593409339710368,0.0651397495696735,0.05672871717435749,0.03462257882171299
0.02306247402675887,0.14263591679920107,0.08065677461632904,0.3218789178283135,0.015921543258602375,0.24568884188436693,0.05171485040190018,0.02756031040776304,0.09088037077676507
0.04849970806917637,0.07548995884181463,0.35635565895969373,0.06029223477487091,0.07379049227341651,0.1768689105858053,0.05042345540708885,0.05581267944765552,0.10246690164047821
0.13695638320453632,0.06564712817188131,0.05609959436132075,0.09239840391776503,0.04646144456497264,0.22598173916383577,0.12762920732160665,0.09778561126474468,0.15104048802933684
0.18513035282697085,0.08618843317067641,0.1266461406854225,0.1036532678735887,0.07848505090089684,0.09190057047563939,0.12313579311530294,0.0845756790960936,0.12028471185540883
0.29566549655071794,0.0906322659617755,0.023345812776495792,0.024145138227466983,0.10372088733089913,0.19049944693035412,0.08022833904826501,0.10511567424695395,0.08664693892707163
0.07133308060282792,0.037585655547042456,0.18848828182914254,0.048332415577824556,0.1974264725783824,0.08217693341906206,0.055949774878140596,0.23348316456288565,0.08522422100469185
0.15383622639739683,0.09102732160304977,0.022853450217781623,0.3472610310895517,0.10646127231365181,0.030102452901122578,0.15402106321478382,0.049449868055132906,0.044987314207528974
0.07045049741850905,0.07802135355340344,0.16532685899089955,0.29530701249935687,0.04358415376079635,0.06104554127086898,0.04408923401282008,0.09467764750420965,0.14749770098913606
0.05774872554188525,0.02676300191558596,0.04370765253546397,0.5614988932880682,0.0821795416929121,0.0681564623261693,0.0239176248087756,0.07437161207664474,0.06165648581449475
0.03862075509931672,0.0438066032097966,0.07578247889904126,0.6151018055641037,0.037714008351293134,0.09784095201838643,0.02199072074401141,0.04302014252221258,0.026122533591838287
0.12557038255301556,0.023714337678952497,0.035077829364791986,0.061037967557834666,0.30493384790424877,0.041228347633485575,0.10250624222170102,0.2372981084477871,0.06863293663818293
0.11054971086079957,0.049734780944405164,0.1351466741034429,0.022807627160289928,0.24782133266025186,0.1123397465319113,0.08885884270576033,0.1045802062394419,0.12816107879369706
0.038759901368690126,0.06552859777360887,0.03627484513471915,0.0715648099845347,0.157475773294091,0.07019783608902351,0.11044672743441619,0.3511940014743213,0.09855750744659518
0.31978864860643247,0.020587281831328578,0.025899333271224272,0.15627169591634468,0.10282749873663471,0.04540902675550307,0.028202693220279507,0.28147578121154976,0.01953804045070306
0.06889098419940708,0.049298630048622526,0.4609471641931339,0.051265893408303224,0.07080118038246877,0.12090576805679025,0.04940009379348339,0.046637231094227925,0.08185305482356307
0.18428522335238995,0.13122146812085547,0.0661776447977412,0.06723639405320818,0.0392136283425391,0.28981976921504315,0.05592139935097298,0.02644160495484125,0.13968286781240866
0.05285041097653312,0.04021458255310909,0.2855254114406081,0.28501009039047526,0.04203754050691929,0.09933684002920877,0.0532045062800352,0.09720625429134067,0.04461436353177043
0.5286892797285959,0.050134934421703324,0.058578598244163955,0.02830195916862521,0.08910659221629587,0.03698247426427354,0.0418733722669975,0.1425893865225806,0.023743403166764075
0.026377631401518244,0.04721891144195525,0.18683521440788017,0.15691746979810323,0.2350002933153592,0.050789044287391595,0.05410596869080827,0.1761093916754928,0.06664607498149122
0.0736020948910009,0.047307519258273666,0.3202164162248198,0.03635770578438292,0.0755933484684181,0.08048753509890337,0.04923595969224993,0.1604416806100619,0.15675773997188944
0.28446676895565964,0.050924235182364885,0.04949948804003188,0.10664813200852181,0.030243773067846452,0.049209844976860095,0.14503319309094845,0.04299038787906801,0.24098417679869877
0.19378284295527812,0.07743249737397362,0.20806001601392085,0.18118824636771594,0.08008776489717603,0.07156583232003738,0.03788595161812908,0.07511413696470279,0.07488271148906622
0.11028963988162022,0.14024369889512986,0.37522119099955226,0.08506205023717413,0.08856732803055282,0.027552203445926557,0.031075148422537936,0.07000756978432518,0.07198117030318095
0.14553876730600504,0.24343135582234096,0.08451805942128321,0.06951339547162831,0.11223550426796836,0.04368899083240644,0.08733972774835752,0.14819964233744715,0.06553455679256301
0.05051303010150734,0.06392431309785974,0.21495761801129917,0.06126114183451064,0.18770134356982437,0.06305568997252739,0.056202818819991486,0.22535820399549134,0.07702584059698847
0.4638312986247741,0.020011671001324057,0.037035379976940855,0.10663767672654961,0.11914650724712539,0.0445445809657658,0.07058403434359489,0.1137712578222642,0.024437593291660953
0.05185709830504099,0.043232842392939404,0.036416996642914014,0.6044831550785184,0.10690826953305542,0.031496455073331577,0.035333123269432075,0.046746056885084784,0.04352600281968338
0.5337463208596586,0.07085042783274055,0.039866533500075345,0.03978740749979453,0.030880973212184568,0.07374519600429914,0.03809073001918781,0.15397067001405004,0.019061741058009462
0.06827968084331636,0.10725052502231376,0.3705830627889788,0.05292505827960175,0.08884889356184032,0.08955348811856388,0.03285293873779889,0.04418092566259287,0.1455254269849933
0.11961151718549727,0.04972641718882312,0.046046390320630605,0.2610705239342929,0.1665217048104464,0.10302627068901764,0.10340518146070536,0.07827467451033274,0.07231731990025396
0.03874040212236144,0.14568860532153322,0.17867598504492754,0.17788154083940247,0.06957511952842789,0.08832779010325592,0.13012365713044627,0.09953568252218742,0.07145121738745787
0.0542952677661997,0.05953754972124329,0.3261433959499444,0.09980143357991501,0.07261441420446693,0.11002013732097338,0.10448539345783635,0.10218615528715795,0.07091625271226305
0.020961591847692116,0.09686919129370093,0.03706876485098837,0.0638243609452805,0.10244251330826783,0.2510529173667914,0.0788568530238668,0.12477420233205345,0.22414960503135858
0.054811842406070545,0.02293776310160855,0.07895976327817951,0.09935770691117894,0.09703881643651019,0.44695141193389815,0.06767152820313774,0.04265105117505925,0.08962011655435699
0.1373928686373738,0.08595214107168177,0.10822799230911652,0.2335055564813848,0.08410180773380216,0.1146471844564912,0.11964535749256977,0.07450154461784177,0.0420255471997383
0.050919274713950476,0.04609847803092664,0.301312756028767,0.04133606225496884,0.045034673167858745,0.05737715240546756,0.10720843431192395,0.08388550287878861,0.2668276662073482
0.04789954657671683,0.07388832020577578,0.24351261008921124,0.20009069888746311,0.049396006343343596,0.08373546807053472,0.06786560851451147,0.13656394298130406,0.0970477983311392
0.40758104603608336,0.06416752184819703,0.07790433599954134,0.06943592831812674,0.11540233436250792,0.04862491912453635,0.025605507158337582,0.11011697271743513,0.08116143443523456
0.05228383883905551,0.019927736129379047,0.09820163820208273,0.05279255032599963,0.055927380757203854,0.15807983668126543,0.06723760215971132,0.06361327828415807,0.4319361386211445
0.07649095525232137,0.06845414133244086,0.3585510580285878,0.14303274824070014,0.03788326407634282,0.035035133686262786,0.047502602533113024,0.15608104351444543,0.07696905333578581
0.11525441754132426,0.04547553371911841,0.1820053580287595,0.04429529033416326,0.10236194399119776,0.09519777766674509,0.08953018008553047,0.154231751430396,0.1716477472027652
0.062316641296991736,0.03970887745496653,0.03187191383885363,0.6276640349127288,0.06196534083702412,0.030989515279344935,0.018758258032082278,0.09918847660457086,0.0275369417434371
