0.051294677403306566,0.02209567891447652,0.20448414747019195,0.09556047557477192,0.26460846459872184,0.03878709189601948,0.18654394431810203,0.04971341475247273,0.08691210507193696
0.009928391328312776,0.16773736599693345,0.41005785291607316,0.0214463539090408,0.13983272219462442,0.06780119174600491,0.07862332749805005,0.07176334144626006,0.03280945296470036
0.20108663454816736,0.02810733640235927,0.08035795743712278,0.12298392798024843,0.11401189095597704,0.0476254232212599,0.09298661736580022,0.21938902005070834,0.09345119203835663
0.02510140588695604,0.023021650266740416,0.26148386622971054,0.0068418730475330244,0.23116473475476548,0.12352048250433527,0.08409816944078037,0.13937136432578776,0.10539645354339118
0.033795982700789505,0.06146375260391612,0.28484686102202067,0.07677767362188946,0.08497589322052918,0.06124251110196291,0.290133819498854,0.08677696982140486,0.019986536408633446
0.011689256445837471,0.1364510906362505,0.4424957886337868,0.04060771196040127,0.16676166548376545,0.026231541910826398,0.10324212776428661,0.04542357233092437,0.027097244833921175
0.05660640912712561,0.03142316365187578,0.35110522393698923,0.06858907054289037,0.30361243295040724,0.043091521443626435,0.06870397446787811,0.026138549525227418,0.05072965435397977
0.028005465527303475,0.04815998008240924,0.11163892116249731,0.09373363360816428,0.4846941504349402,0.06815312515661852,0.053864880799299554,0.05417244171350491,0.0575774015152625
0.024982955963015998,0.240063837102063,0.16154132205944116,0.05400581895410936,0.10861972478551518,0.0643661736745109,0.25102546084236044,0.045566965910972056,0.04982774070801177
0.08957204521023439,0.04724112649512821,0.1497350938733668,0.08533733285495641,0.2546597847785718,0.04273892790832808,0.1313183122880174,0.10684609727853056,0.0925512793128664
0.02525662629849129,0.10114515929620808,0.3145901480909605,0.009195335390498535,0.29593786912845427,0.046647561852434426,0.11656680966209969,0.05898304048403804,0.0316774497968152
0.04601940409882283,0.0985704010307701,0.2559498111620106,0.17232249069542513,0.24026561238583968,0.03685955490697753,0.07537911599218507,0.059782071918800694,0.014851537809168333
0.036701251187238985,0.164406152391591,0.25775831211480055,0.05744755564559708,0.15744557388651367,0.023875978815783405,0.22135965282944783,0.06241329728584733,0.018592225843180096
0.1313863405532484,0.020133347057140604,0.17929826652183098,0.18356811188510624,0.23806587259348175,0.020544250451488815,0.08733700431676518,0.045315209472135964,0.09435159714880208
0.03512496398566348,0.05660337388312231,0.2922941457959456,0.24070997603931718,0.07711279184154252,0.04721921932962012,0.11683590377345465,0.0999383304237877,0.0341612949275465
0.08525137614846101,0.0823368499564781,0.1996311710547973,0.07335375993251515,0.18986325590520062,0.03615646072378413,0.14568813630347938,0.09656952664313805,0.09114946333214624
0.07433295912395153,0.06231112830812918,0.2907642215554028,0.06411207034551293,0.2660411375146375,0.04334293593268315,0.11962546187268908,0.04279935527160669,0.03667073007538715
0.10237521929127626,0.0067102097689443726,0.1734951316290572,0.028559769269986462,0.1994669258312806,0.052699931550978595,0.1035396487350569,0.10317945910014703,0.22997370482327253
0.01780216581093742,0.23751825529623116,0.10661463281019269,0.022884723313837608,0.03292630720422155,0.11426338643201463,0.1107806377682876,0.07270978767737388,0.2845001036869034
0.033504710210417364,0.034691140107543324,0.13747860655249433,0.05308743874238009,0.046854425588471166,0.31029664006880264,0.1463184179141979,0.13827648749196234,0.0994921333237309
0.12434814113143183,0.015280255047202986,0.07576136673697137,0.02907201289871793,0.20387654048350687,0.06081057011648056,0.05005597182399707,0.07132438607616208,0.3694707556855293
0.03032896883909188,0.04033008083212948,0.37782093415053103,0.011685330249065142,0.18059342202416298,0.06958974957074487,0.16207304092023309,0.034942949734709655,0.09263552367933187
0.035463093693121873,0.28680158110792486,0.22659526301059565,0.13488123832221965,0.08827861631643197,0.021897175132016777,0.06321674458479788,0.08945189405003727,0.0534143937828541
0.019538801972217544,0.05038093754373335,0.21040937135567328,0.060818474438521564,0.40642392339730393,0.10102107619513678,0.046145903880009616,0.06923741456830525,0.0360240966490986
0.04033483965222723,0.2654512799311521,0.30842026778451664,0.03342981620112934,0.16974577393457893,0.03486090629029292,0.09896524149659292,0.01753289017132852,0.031258984538181406
0.07311412519231654,0.0607483675433186,0.3908824980865198,0.038257148747638005,0.09670506438546649,0.0543623561990876,0.07635551149596549,0.10151130699760162,0.10806362135208591
0.04594975922923483,0.033587033195526354,0.14330388667333313,0.1578181521184922,0.3250531857275281,0.05534313512693965,0.05591145556692404,0.10295802550831766,0.080075366853704
0.06289717344634825,0.16977120485213434,0.11327049972305185,0.014895668281713325,0.06562250518182046,0.255579370958472,0.06178537873719986,0.1717380743827667,0.08444012443649308
0.009413936368621633,0.04155685786079454,0.3338183373531238,0.006739963168478746,0.2261637200624983,0.10997443836437064,0.20087918000662244,0.04643766321629453,0.02501590359919542
0.03596354681803072,0.04821279493712569,0.25039479596012804,0.07390749711482496,0.30898719287778087,0.044056495880563824,0.1433217308824907,0.02518540174924427,0.06997054377981084
0.016037933488452796,0.05073598680517886,0.31510813664919407,0.016365090274608904,0.2967477182256219,0.09891141168704994,0.16529297708344282,0.0317700170412579,0.009030728745192786
0.03248014747236765,0.4026927291412414,0.2662586800740045,0.01684482574647381,0.08120685410824462,0.02336360461559392,0.13432023610068203,0.03149238502695537,0.011340537714436669
0.08316644911145032,0.04322112327891777,0.13376724971604853,0.13872671615983692,0.08076586157542202,0.1808077086123353,0.05273797975417396,0.21280409055161031,0.07400282124020481
0.07052022641615621,0.08315868659691657,0.3794821371343897,0.02525937878356682,0.02269402575510242,0.13212846192188415,0.14050002467657927,0.10581659430548303,0.04044046440992188
0.13205205450258886,0.08303057604659199,0.12152150828160206,0.08034363519499542,0.11075493388593416,0.04106623179624741,0.13655329729061824,0.07831789565446116,0.21635986734696067
0.09652067582364647,0.05524203280362106,0.19855824971968264,0.06708494860424363,0.057317488505848536,0.03628425739954578,0.05598004111984284,0.1567724847454012,0.27623982127816776
0.12212821910906661,0.030813125156812195,0.20208363947657962,0.05131405590800797,0.16809470008071725,0.027198516546592572,0.09945000317705578,0.2250418645234817,0.07387587602168626
0.04046588394383693,0.024498590354926058,0.2541684382557998,0.12382248986828585,0.08987561012869068,0.1267253585816274,0.10814965724914298,0.1229879124644316,0.10930605915325868
0.07290757484110184,0.21988477454610708,0.16657283499888106,0.0681486426947198,0.30815304315268316,0.03997074415649637,0.05583382948456048,0.0464206812651731,0.022107874860277172
0.012803034371854373,0.0793779096703567,0.06976129069578059,0.21238963524951726,0.04186092597913089,0.18044069749373146,0.02059654541493113,0.354324087597827,0.028445873526870568
0.05103386130569713,0.012693067295377293,0.1093122341160896,0.15200282290938658,0.45688528077549334,0.040168492184975965,0.04897780515487427,0.0771956051897616,0.051730831068344175
0.08888077286004635,0.18269684586377075,0.16438946516169986,0.05800842368326114,0.05718837960573389,0.15099822500933346,0.07395410654539887,0.197620632689968,0.026263148580787644
0.06474473230973836,0.03816870942322726,0.29411475675984805,0.041660851970860176,0.09285484327823172,0.03991486271534143,0.09577956901015251,0.030006502085360598,0.30275517244723993
0.09478249985481695,0.038452437750088386,0.05792989324793572,0.12904168216215878,0.16652575315881532,0.011485259847996157,0.201816993742963,0.09932705066649221,0.20063842956873348
0.04973912846746187,0.1275263466686593,0.07839292618064982,0.01167270475446886,0.03263594041797716,0.17188820140056038,0.15171334756921775,0.3624919955664554,0.013939408974549377
0.015255648768260457,0.043278256086874155,0.2816793675601848,0.04247642591682901,0.39588144933691316,0.05702014404590452,0.08872359769216777,0.0551869769098994,0.020498133682966626
0.025395724585454287,0.0319142575648076,0.2817298757843241,0.0189574321354364,0.05963879011855794,0.06699885225560814,0.13173403872147252,0.1546822298560813,0.22894879897825762
0.12831563706502783,0.09208692610792564,0.3697286333458154,0.052603456128822945,0.1338315406812993,0.05317824008391775,0.11608625073980605,0.036368250382616076,0.017801065464768975
0.20476543986975668,0.031446506487307936,0.12316490746733004,0.031482283243144935,0.2735421655480234,0.05235268429631048,0.17596769708495888,0.07973824269000213,0.027540073313165558
0.017951584248011913,0.2295321292681197,0.0541427380367032,0.058116752204913136,0.43726364342056506,0.0219881367371824,0.07992824915377589,0.06430413563443721,0.036772631296291484
0.01226254844552343,0.02834520420445547,0.08529841820441936,0.06602874912969775,0.5646373904226787,0.021381896610416534,0.05836525387966856,0.12888801772084485,0.03479252138229531
0.05400453466924612,0.04515211944763262,0.34877748254868157,0.0826853931842977,0.22620403776717368,0.030256741284556105,0.09736457351694221,0.05282021072054762,0.06273490686092237
0.035020774868159604,0.512836900264217,0.0949815084783333,0.06338443976034269,0.03792823947942651,0.025190165065788157,0.0608114727131033,0.08101747640666891,0.08882902296396054
0.5625852960719736,0.04982570084434534,0.05073625683520285,0.055170378987659065,0.10642514730988445,0.01723931797144328,0.04684106211071235,0.07250214156800995,0.038674698300769035
0.07047548641911568,0.04846201470011332,0.19651001703840024,0.06017879833092402,0.13221628180196324,0.05400111216138598,0.2515427639965056,0.07693542937216973,0.1096780961794223
0.07918049819594093,0.26167346479931336,0.22899617013275883,0.07720163976910992,0.12301889118829638,0.04421558813340933,0.09665554380799583,0.05650829005563781,0.03254991391753755
0.07324965448595629,0.09511910472464724,0.24411262677933462,0.044174436330496426,0.22181661233297842,0.035817321407223136,0.0884264529862393,0.04703493302264131,0.15024885793048331
0.5666073941256129,0.12001948926624961,0.12081896638074648,0.010939837433596411,0.04129911735268832,0.0370948495002646,0.04344624443937704,0.042299503992600206,0.01747459750886445
0.012784355587734296,0.01631577356959754,0.22709030941895292,0.03155781808622394,0.3217647976419005,0.09633506852296152,0.18449556419961732,0.08937526051154769,0.020281052461464305
0.04450335719779843,0.41959731838084807,0.14673889648540134,0.05722087113037327,0.07675836025587472,0.017764392289000088,0.041890930005569045,0.16576814933471914,0.02975772492041576
0.03897488422782086,0.06024346993342886,0.10441454829850638,0.036221933010463774,0.05644080354727707,0.3139123716054453,0.051330145009902704,0.10690660770818818,0.23155523665896696
0.02804721604833708,0.03024886892583036,0.1950919971245866,0.016497916187327183,0.246875231848252,0.1237527198822972,0.15924197869593196,0.1427924210567193,0.05745165023071824
0.05889737904184154,0.08618584106930506,0.34339110959469354,0.12439978782914142,0.06975778783259162,0.07209305008471442,0.09943898582876,0.12636080451128884,0.019475254207663592
0.0362057655828051,0.05312606253836991,0.091166817923432,0.016973665323118732,0.052886884355481396,0.5838711612155053,0.07554296903197617,0.06414522328807225,0.026081450741239087
0.0354548497081571,0.027174373154067104,0.04551539409939174,0.039213754597321536,0.03095527887904774,0.26123429968024003,0.08466870370102188,0.4658638312222814,0.009919514958471395
0.028276533704431377,0.03485138475774338,0.17629688638457286,0.12041285087036746,0.2841963836377753,0.058059947601631044,0.16170661757732938,0.03970353811730889,0.09649585734884032
0.03403858604770715,0.019603145963130657,0.0712416634654564,0.19434247591809803,0.5012563910521566,0.04238757998769538,0.07894159989521443,0.0375947575000593,0.020593800170482037
0.023825633544581382,0.03362847298890372,0.4015363497288591,0.04035376967756101,0.10319643625865145,0.1051949485089908,0.19378536931946574,0.06571440271155143,0.03276461726143536
0.03439423900976143,0.05961571549672324,0.2105617789627746,0.08483158503265731,0.16918425954976554,0.03608596738816544,0.15743569128162804,0.17702783306044964,0.07086293021807476
0.5802149114928172,0.040506728721850474,0.05547630327361983,0.016215520123867205,0.04497941672567796,0.02527959292799375,0.16057424518027585,0.022070234179783172,0.054683047374114606
0.08063435134355999,0.02946791870509056,0.06502711730287972,0.24091719836621328,0.02814216045409069,0.08939517293932049,0.14567577491702133,0.13693660893049212,0.18380369704133184
0.03784606053671414,0.04035941778810639,0.10547305546294096,0.06335827840646281,0.12171815721434122,0.09532669728634043,0.10582826044794984,0.3826718739734976,0.047418198883646547
0.03945723133206211,0.0855242873920845,0.42982346434686325,0.062160579758759445,0.14174888542439892,0.036094439659428906,0.14612674959120606,0.04790518709329172,0.011159175401905188
0.03434259306305674,0.0314525234490073,0.10859327600784617,0.011185738277607596,0.0725702182576338,0.45418340225864284,0.09413359645976908,0.10692615573882265,0.08661249648761382
0.08817129070380096,0.34274351312451135,0.21520914621679002,0.04064069269113132,0.07435653881285272,0.03793239352671485,0.07609195884589301,0.07140068788028182,0.05345377819802394
0.09507527180173057,0.09893298264901274,0.13452711254701358,0.07867293277487865,0.2627801189822418,0.056915099460800256,0.13917483644818648,0.08569359195985315,0.04822805337628278
0.08107544404063254,0.04312907317621157,0.2479610148309502,0.11184331060545065,0.17179214020740183,0.10886904990804085,0.11285818926096698,0.0387920975812569,0.0836796803890885
0.021504476702456726,0.03637657442769201,0.16550450645996959,0.04582534216013804,0.18207413846046103,0.10421405851650507,0.1849799497489302,0.12495456577357052,0.13456638775027682
0.01895645961500295,0.03680751556292808,0.2059930642548353,0.05971465909249311,0.08629009375429603,0.14728567665180456,0.12419667457338064,0.2119969703185536,0.10875888617670569
0.04140909085471888,0.04582737463444586,0.1463622117398006,0.07944467043087271,0.4413592581845816,0.024343124707207314,0.08151885822488286,0.09036860527111927,0.04936680595237086
0.08592287102450802,0.040882108669661514,0.1462001520717133,0.18722526824876093,0.16311455078571704,0.039743633640670246,0.18595886059211642,0.07268954532408466,0.07826300964276796
0.04308232283555515,0.02384485000220085,0.03737964869794846,0.06485596975032724,0.05815437117968462,0.04437670797127391,0.05054734878207023,0.22499830373510932,0.4527604770458302
0.04504280433659816,0.029623102927915704,0.13617584024203344,0.02003742999932554,0.04776949350010707,0.16551484575456685,0.31248240111499076,0.19237082749305826,0.05098325463140415
0.07049613932986076,0.06074614672054601,0.10897306523459287,0.18083807850721226,0.12262409108091561,0.03172327393399278,0.18683250373653368,0.08347282144342823,0.1542938800129178
0.03860040960069516,0.02276998535134871,0.30943017265048123,0.0628489589135866,0.23206925806051837,0.08958636713263819,0.06144268353987703,0.09836839421796872,0.084883770532886
0.014397874681951611,0.012337142895554251,0.31235292046825996,0.02645132963717234,0.35646332629602034,0.1289768885615807,0.02849220682606,0.04029413910624257,0.08023417152715832
0.032784019613817335,0.03830835851977937,0.3723581227538464,0.08890879579498141,0.20733028568103598,0.02843077127455634,0.11063887033121682,0.04010033354546186,0.08114044248530455
0.04397258329487577,0.008547499451209322,0.30393049867043315,0.035163788696384535,0.05551057358468258,0.17887461276107516,0.08319601368803041,0.1252200623510583,0.16558436750225078
0.030836917728797385,0.2995750544672817,0.15336585055998728,0.12938545186663494,0.06625878217598723,0.031048996960885197,0.10489998518956185,0.12829716457441862,0.05633179647644589
0.020275575960414124,0.06517912613271565,0.3769042014050148,0.08194822933835592,0.12463198456920654,0.043003338592601276,0.11257555970520193,0.06889590776853101,0.10658607652795878
0.05687142248822591,0.036822057393911777,0.16902076899296473,0.14522141095346108,0.34932488200813916,0.04357448168856961,0.13078536776806826,0.046004016198063886,0.02237559250859551
0.027149572741708417,0.01841209220440281,0.4478220167151667,0.07297212933822951,0.03906552541525005,0.147557119873203,0.19723967038411508,0.035365659508275055,0.014416213819649458
0.0713592805744024,0.03624226527239396,0.19436155697464005,0.04958933564037445,0.2835374044263,0.039899178180106076,0.13466857861740752,0.14283296908642343,0.0475094312279521
0.020590267750332094,0.4413794503654728,0.10957163221255899,0.0799623561796264,0.13969909163830804,0.011033019844561412,0.07873384417950315,0.08061604269518284,0.03841429513445426
0.05804958874112518,0.010440301612548523,0.22126829041445037,0.299160955582256,0.18269657701053635,0.017549471135409344,0.08279716181223118,0.05798838202305764,0.07004927166838536
0.037777850793281526,0.19578953993503567,0.20482504489876732,0.04416947419498968,0.20161570865337083,0.0764071096326498,0.09474900836637647,0.0773695671811937,0.06729669634433498
0.09970971544808767,0.07263648301510932,0.3759611414883137,0.060564237330978384,0.12304455086729553,0.02836953409318095,0.1763139255979075,0.01994077413931324,0.0434596380198136
0.03425603280072377,0.03613017990681985,0.2139884892797493,0.02526368504580079,0.4089742669391252,0.02648668725909656,0.16237162735323055,0.03577072476426216,0.056758306651191776
0.04457389331914907,0.07024965015720519,0.08244001253738407,0.02302440160975262,0.1417947518080572,0.15355027228300172,0.21761112982431965,0.1763765718551933,0.09037931660593719
0.04119841130030935,0.07150928686297453,0.26563717670196,0.04270869016531994,0.10178035055442636,0.07074487869992825,0.23244409182570666,0.0748649856991227,0.09911212819025221
0.027547075079933703,0.022068185588193415,0.1932607742454876,0.02419698388650966,0.1850734620302091,0.2439722657107263,0.187979250336481,0.09042272123580754,0.025479281886651717
0.06081330906877475,0.17882990239765048,0.3253927323087061,0.03522676792538407,0.09627023672774981,0.026796148973099093,0.20737097629496634,0.03955825948203798,0.029741666821631384
0.012221669172815036,0.0245818416106299,0.06542559413728387,0.14150801614089506,0.5076275427915132,0.015894581555423355,0.15818196696805784,0.026684315432055003,0.04787447219132677
0.03878619801724833,0.08493885171773675,0.25857493900970047,0.03037366840362256,0.1540867738039607,0.041264988256895695,0.26757475023272925,0.053120022890732026,0.07127980766737423
0.050617421289023995,0.03894517802550247,0.10587492138143961,0.045425183511990035,0.5139972339221258,0.020446976518361776,0.1277188851154785,0.07468294648545866,0.022291253750619012
0.032209597168646374,0.025801792863059936,0.09643063671841545,0.02046814906227562,0.1326345278552187,0.19227052112756157,0.19835560266899724,0.26347012843668266,0.03835904409914257
0.027988643257229273,0.026863536602989162,0.4350899565940613,0.08257321777957098,0.13208185724161597,0.06487607592837709,0.10145076274112302,0.06632591715838847,0.06275003269664463
0.037367991454410145,0.017656003482692573,0.22010949083572937,0.03081523971000572,0.19848525643523182,0.16916866703141786,0.22171023216066574,0.06580573154299557,0.03888138734685122
0.055808344450912005,0.12253849983226146,0.17446501273412585,0.18797503394563606,0.20452183606888422,0.01692710263877695,0.11587704996297456,0.04570563404780691,0.07618148631862195
0.03675098251965758,0.013604305061301863,0.13922674274838293,0.04164562843399088,0.027037233033695245,0.18058852567774844,0.10527133860181048,0.123387306234879,0.33248793768853363
0.04357147267845623,0.25863491256006416,0.06932779288905051,0.3122745151050867,0.10053881762882193,0.027524538784691757,0.025768399313372367,0.13930647294630238,0.023053078094153967
0.058763568361054674,0.05839047579888204,0.09696183225500189,0.09597092164842226,0.11518328065220194,0.14256652319222238,0.2373492128889303,0.04578195664314392,0.1490322285601406
0.019031426129523746,0.042666981116061514,0.33419369432673535,0.019235287621123188,0.24991866569792584,0.08010944620295658,0.053887332007409305,0.12454054430334598,0.07641662259491853
0.02001747840481348,0.24997486929258908,0.12815051236906852,0.06357650832410659,0.21026172774431914,0.076650486477304,0.09360896102166683,0.04336481123940405,0.11439464512672831
0.08291462473406308,0.1284865877872918,0.29187721855777765,0.07320944564604309,0.10898997952919537,0.04123746231462711,0.18836026182190915,0.033258415584071256,0.051666004025021424
0.0692205961605722,0.020621847571254986,0.19051977590866068,0.09240906738243808,0.32361546968385263,0.04788267440521391,0.07795283288270448,0.10080128099744069,0.07697645500786228
0.01770220505005299,0.0225278811249372,0.3408183099006566,0.017183240221633613,0.2519948052831388,0.1084776129077406,0.18829334921854468,0.035954250462097485,0.017048345831197968
0.010616211645826537,0.05281818931277923,0.31895835029325176,0.016201799482769164,0.3663222456605823,0.08828756794725107,0.03279404560227715,0.09397014086323467,0.02003144919202822
0.01016646576326538,0.07841686031975659,0.32693407963215243,0.010667628762519935,0.2967379759583144,0.035120248783085145,0.11836216864040021,0.10528187267891471,0.018312699461591142
0.021382293255073282,0.09016582649550318,0.23860143118097776,0.015065919895276251,0.41871330676828206,0.04820547318369054,0.08048904771309723,0.039687725876364384,0.047688975631735304
0.012188738054767917,0.04408201648445915,0.4952086421144423,0.05703511082331958,0.12433051319598061,0.049051207845827255,0.08924561208416476,0.06424448629894598,0.06461367309809242
0.02185703895793843,0.026935623012986534,0.3985373044091534,0.10927696945944047,0.09441892503622364,0.05373274381161971,0.12555497547586192,0.08054201347464938,0.0891444063621265
0.05167497667441664,0.2908644799702567,0.13066164423318372,0.11530324173692234,0.060058107308560815,0.04834121837793142,0.19109306531686132,0.07799670629664542,0.03400656008522163
0.020290091281486844,0.02442162254149915,0.45688384098388973,0.02510762890714771,0.13553614446621,0.11367874874715267,0.057049528291373365,0.080639079570528,0.08639331521071254
0.014734144450605615,0.1543853241924986,0.266366947466036,0.2553481859870654,0.14970184528910557,0.022430375700504115,0.03024263036179914,0.0722832974085285,0.03450724914385707
0.015156283812750379,0.007796647096043157,0.16702843681635207,0.037287023645424154,0.15808417942978206,0.15828359817772328,0.23656094081717252,0.15022421475061642,0.06957867545413604
0.06093447287116244,0.014699109354189362,0.3180152020389834,0.05654393378692422,0.27382339675434936,0.08160001482884889,0.07551415707116436,0.05341573165749921,0.06545398163687861
0.04050339094110492,0.11939417060716472,0.24398100954339227,0.03888672288501824,0.16169038122405943,0.1047496897341587,0.12138964995959171,0.08714844650487528,0.08225653860063468
0.03505934554938639,0.030135730792015068,0.37032176795206295,0.02088624459416638,0.2793167106140099,0.05600342196883471,0.12279886799994622,0.058905748948173874,0.02657216158140441
0.03672647336805799,0.18388566100237166,0.27764532096277444,0.017285623413747644,0.3526749217644969,0.017490819800532853,0.048957081727248226,0.026267514793053132,0.03906658316771704
0.05948584958489204,0.12901942129121705,0.15879255566942652,0.1321198973400459,0.1133821185288786,0.08573722866234164,0.18420222916836657,0.11010994797527422,0.027150751779557464
0.05228250016723641,0.04166098269068098,0.12500353686579943,0.05041980708104197,0.5018733699417139,0.023441224957783516,0.12754519021016678,0.0468546637866323,0.030918724298944673
0.027741120496571802,0.022962447359368282,0.34739202038640776,0.025715111216741443,0.021794191315151697,0.12939658118643685,0.3077583025449239,0.06288848671114358,0.0543517387832547
0.05601314617996611,0.009590680744235832,0.31147317370952216,0.03405155095148273,0.06636925447149558,0.08836416692200207,0.2695208506343845,0.06705052143795776,0.09756665494895327
0.024083631486374532,0.154995855664573,0.18997018382994688,0.02601014446517304,0.3355315670603957,0.04071348829931908,0.11983587897518329,0.07032700799203673,0.0385322422269977
0.06071661701478581,0.04082796476624859,0.07645994944351771,0.059420665290319565,0.0662730780009511,0.06972121563615104,0.12709225148666864,0.38294289235067347,0.11654536601068421
0.05402588847984574,0.13466764210855373,0.2334040435068568,0.03125696029583875,0.02527703598678574,0.09150514160668344,0.17213547282385125,0.1574078622797388,0.10031995291184577
0.020354152875319022,0.06697006732986291,0.21501760795021416,0.028149988639417933,0.022351066207298213,0.14258962603750436,0.3015979319532746,0.1635356858409163,0.03943387316619253
0.06421546475529728,0.2370363726305836,0.1986907083434695,0.06788098136828323,0.19970381284911207,0.018720321010346184,0.1392461051489918,0.06437978363921902,0.01012645025469737
0.03947342777610028,0.029126706209663344,0.10309535817209697,0.044657327771992966,0.5723591291454214,0.018986520466704817,0.0933601967966139,0.05547306185669159,0.043468271804714735
0.0423040024782512,0.010588799152410823,0.1696023415779561,0.07701448586288129,0.06850981696003607,0.1985893220333195,0.0866390710299912,0.3181023008181659,0.028649860086987864
0.048890733415987965,0.013589162444617713,0.4176436998906286,0.015257390666424018,0.1483665481087145,0.0969116267055601,0.1635160745130111,0.06330111385615646,0.03252365039889954
0.09120450917474342,0.1251235667007912,0.19142911287444572,0.07227661354956022,0.05984785602025528,0.12100464474567307,0.11207665464500745,0.07526112812109764,0.15177591416842603
0.022981373203144178,0.005607703153676653,0.2448125807383443,0.061836184828605006,0.283452156804927,0.11045831822609682,0.10474940051315063,0.11583884669484247,0.05026343583721291
0.021482536557003357,0.05746937316671874,0.35399359034567973,0.054753290178967316,0.06715044926722857,0.10757971095918933,0.2052382806168321,0.08289617897026033,0.04943658993812055
0.038283543346882346,0.012184006304590699,0.19370766726830915,0.21378690944415765,0.12013354354743404,0.04884976490657755,0.13614868330067778,0.12605152644587106,0.11085435543549976
0.04249726291349986,0.12456884005768316,0.3340366356475683,0.10359205585706681,0.2040854735367802,0.03529501448838029,0.0926154362799144,0.026094417469305357,0.037214863749801624
0.05009570563601618,0.04259172484113629,0.18246176986893445,0.07724060365111678,0.12529811348971975,0.0646263909033824,0.2749747769929142,0.10025012507206482,0.08246078954471513
0.014515481781333281,0.0885422937168941,0.26920135554290203,0.027558688589693705,0.06705221417616751,0.16677743430398118,0.24727471003292525,0.06425380096329088,0.05482402089281202
0.012704765167884631,0.011193471585753054,0.0925642065738062,0.027788967043705582,0.22144095096622238,0.09144344154219652,0.27352637967656823,0.044527402454858554,0.22481041498900498
0.020293253638229734,0.025887300027878434,0.16300912007283952,0.05052379092192625,0.47012534172520265,0.0721024726755885,0.08586731812468974,0.07830446997615514,0.03388693283749009
0.026483644032034473,0.10149560536962572,0.13439379357226822,0.18299596938749405,0.25482684145321005,0.025046890338781398,0.11120373293055595,0.03314533499723062,0.13040818791879957
0.06596537071427888,0.02950324196825156,0.21562661089881732,0.04681900304925155,0.48806138356191475,0.05306844739692972,0.03883753330911489,0.032344445698662794,0.029773963402778544
0.02996415073928524,0.032688114006084186,0.342217318328682,0.022478142548288744,0.14609666391880435,0.09213407869076222,0.1788375943673477,0.10532708255410174,0.05025685484664385
0.07600585197573044,0.044010913893553875,0.23164391623185576,0.15217788854661762,0.1842616320655276,0.035329210884002336,0.19471722264839197,0.05807010837583276,0.02378325537848758
0.0326819557877346,0.09177980050886492,0.44251445923723964,0.0287743864275297,0.1537361539750877,0.06801625734389784,0.06276372330347013,0.11117268229090892,0.008560581125266588
0.04108162792584335,0.04351467292056358,0.1671300787730292,0.10274987024855091,0.131795598566255,0.02034827262761256,0.2724330975005848,0.06645028710400104,0.15449649433355953
0.007929596424464454,0.022081927721583027,0.16421763994133232,0.006440503607991786,0.2651168825822706,0.16570526436636704,0.2301466327443916,0.11964967354819665,0.018711879063402544
0.04621078346865923,0.02600222090211447,0.20283232647634675,0.07775928669256257,0.3189807321000802,0.020693743238285236,0.1664518494774147,0.09707243576977768,0.043996621874759216
0.09141736901132524,0.10043746475159458,0.4051917170148285,0.10497443749219816,0.0958752738126155,0.04274047364428102,0.061029245849557295,0.05226400339336867,0.04607001503023104
0.045492472488925274,0.1128970834009652,0.399589127428522,0.007297949369380388,0.27041858475180325,0.05983703473327939,0.026814219240797344,0.064110725299615,0.013542803286712238
0.11036811738163492,0.025819298458929562,0.3286750697251684,0.12846063988733622,0.14682314669259106,0.01997198655208866,0.15386755613813002,0.04819654446789882,0.03781764069622224
0.022797147195312357,0.002633527965931323,0.020264804959161078,0.003723733878777159,0.105248799244451,0.1260531002864881,0.06489910226682377,0.15535475666650406,0.49902502753655115
0.09347371581994307,0.16019493896152948,0.13322966630469033,0.031813733838783005,0.08368231382261947,0.03627754642947595,0.24600123236504523,0.03593522626776129,0.17939162619015211
0.472138779061025,0.026909555954317668,0.08448998538517594,0.10630599517608336,0.09032643117590988,0.022521231638439537,0.050024532684315344,0.09560106540632735,0.05168242351840593
0.0058754064585506876,0.192889825658485,0.12331268787582632,0.028036064542496103,0.06304293951725803,0.3073162513761064,0.016605213576716907,0.2581270067916858,0.004794604202874735
0.08518770763605825,0.036935425059844484,0.21814504431770546,0.11450176836826546,0.030199094667121798,0.23855368143660582,0.07499193609667036,0.12869732088483007,0.07278802153289822
0.029596506452035543,0.01205814249839432,0.08148942180653464,0.07031461667090057,0.5876588289187096,0.07163836684858815,0.0473645862759155,0.07482476286198014,0.02505476766694142
0.0539575091287793,0.004321566236043354,0.22955020147777352,0.05512490279062502,0.1770252150158046,0.08780199702277232,0.2649419657271446,0.07487824760435301,0.052398394996704144
0.03101842075170394,0.12341255476552389,0.16215191552493188,0.038007515822263686,0.12210734004056457,0.15540423146931184,0.03189767640554461,0.3192127501023379,0.016787595117817588
