0.0709467303335573,0.11143069933873413,0.1955720259746836,0.207357689498766,0.0988238626059997,0.09737498388600878,0.09950368287872498,0.07246991804237234,0.04652040744115307
0.2711786909414083,0.07423972547361261,0.1086415725535654,0.06907132502980674,0.09522176732344394,0.10342540469039312,0.018994270043458477,0.22843406228979427,0.030793181654517207
0.09541491745894631,0.14168029809730862,0.08958888915619202,0.12212752395107569,0.1989749508410034,0.0882367447060275,0.17197162773142693,0.04972121544551757,0.042283832612501925
0.09744796859720763,0.06542622078771759,0.3377227240882396,0.14488072574872732,0.04517949924172914,0.08690934658830396,0.0988869343317507,0.06721851834352748,0.05632806227279661
0.15579643441379157,0.11199830287108832,0.10297491563641015,0.09934193135957918,0.07370914112727948,0.17405224322315882,0.05566921704356768,0.07386959032895321,0.15258822399617156
0.11295769889824135,0.11418435280166778,0.10427835535691243,0.106029105819729,0.06535702549958801,0.11820227745174629,0.06542793704553233,0.24567661530549834,0.0678866318210844
0.0983665229099489,0.0493914757652619,0.0634872884981998,0.12469780246776696,0.14707443324805264,0.12286625557328597,0.15658389359616012,0.11438950530275759,0.1231428226385662
0.18883056084754088,0.018244663025100114,0.10760241052552587,0.0475914474592122,0.08905707814455432,0.07089843660391344,0.11978731901042884,0.06817562612630722,0.28981245825741725
0.1400702966880909,0.0497885621354578,0.06112799635144786,0.14929471664245672,0.1542857090921466,0.13983200075323574,0.1397323310874035,0.1289003441929256,0.036968043056835306
0.07135975156243245,0.16634378957566928,0.0821521189214632,0.05795586285380027,0.028519272636096257,0.081416408349369,0.032031634910461404,0.40413062733551836,0.07609053385518984
0.05117328218228604,0.06982023377466147,0.0764347791621391,0.1777553291677841,0.292771545473789,0.09842372413563864,0.10006757361616753,0.0463080706285335,0.08724546185900067
0.18790162678277614,0.05870679239273421,0.11083657323448932,0.16396273546941256,0.0657639704514739,0.11015567025343982,0.03330288451326333,0.21590891053143602,0.05346083637097467
0.1584864600104651,0.008049767074538671,0.0891359876462627,0.03068091750782219,0.021947823962395915,0.08897481188092908,0.369008197896557,0.017169829510150558,0.2165462045108788
0.14062017276004823,0.05494818481584751,0.173147009410156,0.0569787733180236,0.09099113458062473,0.09902344898926518,0.10164465823677538,0.09473638580835965,0.18791023208089974
0.05492225740022343,0.232587229094267,0.053729765805168694,0.10936883001500643,0.06578505079113592,0.13694556620795528,0.0651608223697077,0.19299216177168324,0.08850831654485229
0.21848611571895463,0.0647182896505308,0.019184267743368292,0.06620212484864856,0.1268764785402067,0.1067940008323539,0.24220352794485098,0.06464244469752913,0.09089275002355707
0.13952841789594903,0.10874930670902137,0.0950312221459275,0.10107602873396593,0.08808936094443225,0.14838983923712837,0.06638231733411823,0.11636722420233266,0.1363862827971247
0.15144480557890935,0.07797882978286501,0.2699837900447462,0.08608215700812229,0.044099496896719416,0.0850613013617893,0.08886311551708838,0.10335475816756705,0.09313174564219306
0.11797054876508371,0.10036394564599949,0.06745280709117524,0.10219934362353757,0.18479484261987392,0.10419482610435622,0.10061566760140399,0.1242424648787827,0.09816555366978717
0.08226590987253658,0.0407274500749025,0.06786519252652737,0.09805754402044997,0.1252675731241257,0.10529237010730387,0.2584819400504288,0.01649151623524307,0.2055505039884821
0.15425860677543454,0.05396558453832454,0.16622298804988025,0.10788054840103596,0.1593014298896339,0.09127747929319947,0.07599211827316216,0.15791717100952807,0.033184073769801
0.14367675466550586,0.016044094775821954,0.19298005576896252,0.06664316006564301,0.0456748870961182,0.09006451971903029,0.24417528705654687,0.06246076864247729,0.13828047220989395
0.12515051590378848,0.01771504391688909,0.11475075407849222,0.10364490408255371,0.15617294732442127,0.09988582507740235,0.05556221961445928,0.1833001647909177,0.14381762521107597
0.15538203880944915,0.10380204518108958,0.09096710747983623,0.10217465645384884,0.11782495808735127,0.14376678005298027,0.08527577570723265,0.09275286414960933,0.10805377407860266
0.13234342785102773,0.02207574742279839,0.0792827684576672,0.1276803590073745,0.1054896549997365,0.10943465913290867,0.2491691471393289,0.061842387994909064,0.11268184799424903
0.13827153324501923,0.052330490575737666,0.05090998107346018,0.16618733738324268,0.08945042630587396,0.08571828314777992,0.1497931157779819,0.12046349473641371,0.14687533775449077
0.06617098257326633,0.14154116834733865,0.14880254962050202,0.07561374649288434,0.03364753372431865,0.08957836139254528,0.03518790712546198,0.3616614263001643,0.047796324423518555
0.13942746988422908,0.14472663425022778,0.04062125600391168,0.07397068202136159,0.1714926667299145,0.07986077817553372,0.1536334169010198,0.04701624786212455,0.14925084817167722
0.09629234064294405,0.143483998319576,0.05868466381418872,0.1137246400210123,0.030521308323145414,0.14637922188891644,0.0673168778786437,0.3054493724888283,0.03814757662274509
0.13603030853049083,0.043637190713975406,0.1264530324108579,0.09014309057421004,0.09807256299947088,0.08368263266566023,0.11154581883616797,0.12380784215864755,0.18662752111051917
0.20833376440029627,0.10571302494320149,0.05095126876758794,0.11989672891789897,0.11771937908801904,0.11605276740910547,0.04270601477589162,0.0821475606004326,0.15647949109756654
0.09778326692481328,0.005249651257382943,0.08674927516904651,0.07953633400201858,0.1505505513251343,0.08124274812300299,0.32752172106210736,0.025295213061758585,0.14607123907473532
0.13744251204494407,0.03050014231196144,0.2216691896415799,0.07383159448698817,0.0801345688362501,0.07284902868584776,0.09451549441588776,0.2232681836482088,0.06578928592833198
0.11518210268434208,0.0932769873140416,0.03698350485458408,0.12212786139908742,0.14971941479955853,0.11318279378509029,0.07336742135824192,0.09775947252446465,0.19840044128058945
0.0937757725201125,0.1177271510894478,0.042591375864720095,0.2032394279269374,0.10782451023160367,0.17370785480379528,0.13199766592871479,0.10257235795811104,0.026563883676557428
0.12469845036498663,0.13588017178679987,0.1723796582295681,0.11762985072627817,0.06286153903170409,0.11282994073110574,0.04412869086415095,0.09074456711789454,0.1388471311475119
0.14226823634649427,0.057736917697964026,0.23672268152237708,0.06125824215159401,0.03959931972845755,0.05251425337955138,0.07499170652157634,0.11408745673116477,0.22082118592082053
0.09207371964534801,0.08616003196616906,0.4816797285110522,0.08660257165602964,0.07321159849405239,0.05250284705330761,0.02891378827136089,0.0357405266184379,0.06311518778424231
0.25072393065062243,0.006315879035455635,0.01571323652278054,0.06879535577606105,0.024626434748734174,0.06556739878456742,0.20334816194799657,0.021358070677248514,0.3435515318565338
0.14307771194170157,0.16182902689334955,0.0701294161497859,0.07821911208080023,0.04481628984272348,0.07474721369914117,0.21069911938998187,0.12494475822001565,0.09153735178250057
0.10232972547151155,0.15786699925048034,0.06173569774795277,0.08436111738958353,0.16789620657545365,0.09128740164763094,0.06519064822892078,0.20595195844277325,0.06338024524569326
0.14261102332550865,0.2656761857667129,0.02591192605064045,0.18275171587884667,0.06598681799856976,0.07961724261988538,0.06692716591984384,0.04567617494500484,0.12484174749498748
0.10115261238271338,0.060753224844553984,0.03491320660919713,0.0737556696350667,0.10831752370230803,0.09032160423435881,0.11437592683374043,0.3528376471962636,0.06357258456179789
0.13625824496014302,0.13081825643362618,0.015215087095705853,0.10542108773966553,0.051311920425941175,0.18870950174772153,0.11596337624496729,0.19518025641669046,0.06112226893553898
0.09668249386114869,0.047161721087768615,0.04171136098814012,0.16767547507401104,0.13294369150275473,0.18768484729809085,0.20690144636117594,0.06308984634273923,0.056149117484170896
0.08390165455046743,0.0926829394991699,0.10166519507433215,0.14891628713848185,0.09048621674727535,0.15071087091625346,0.07958885244682577,0.17799347467278526,0.07405450895440881
0.10736691534810382,0.14230659890708883,0.046141754095828304,0.1529122137035238,0.03574485765912349,0.1392139524667374,0.07682136899058423,0.07727517766712945,0.2222171611618807
0.05177893828535,0.07066135706484089,0.29580968251736994,0.10073128871050381,0.05742076138270329,0.10952735579787139,0.08348197524342559,0.0795632991654744,0.15102534183246072
0.1132672104196122,0.07026574807836232,0.07948431805558337,0.12372526577431092,0.15451467269757457,0.13162874551434367,0.08934108586692141,0.04774851071682739,0.1900244428764641
0.15646044942318338,0.08410588538202379,0.16369374494724528,0.0889704029562149,0.0860677888521938,0.047200801094702545,0.0330264486239798,0.21909222692420785,0.12138225179624855
0.12853019189111808,0.005345465466425863,0.11772513297274594,0.07141217077805251,0.16739369988266076,0.09084457583635129,0.2687169715007889,0.018875127053504245,0.1311566646183525
0.04983336582632316,0.12338350650859627,0.07888427780860131,0.13348435625466754,0.06344060259271457,0.2845408606850472,0.041578524257996824,0.17549814536190103,0.049356360704152134
0.0667990513438308,0.08284536349299174,0.07315980431382495,0.09057549132198837,0.11032892262046812,0.09855367303449865,0.026516420141672048,0.41183256528032786,0.0393887084503975
0.11350013035980173,0.036987546810593366,0.1798719981418464,0.21540407854336138,0.059652332302863216,0.1508166900273656,0.13243540286246366,0.03999392348987627,0.0713378974618284
0.18621945772991966,0.07245055418885875,0.07530046317527976,0.05079005987369999,0.03992808110927742,0.08523839439611364,0.09289930336270565,0.27773087725484297,0.11944280890930203
0.22437989282192952,0.03773424159763757,0.10046916816294034,0.04688433352704305,0.13043946181622199,0.10656395049684687,0.13422560334748365,0.07378179784629413,0.14552155038360282
0.16040670863373283,0.011001602246548043,0.14672164603378188,0.08998804129761943,0.17170640979555737,0.11358995842990667,0.1706128168777685,0.039276791754492425,0.09669602493059289
0.1099865256585491,0.1829977666460787,0.04982944933302499,0.11555044127516918,0.16674291171435204,0.1095140359271275,0.04373276578136006,0.1538806934629733,0.06776541020136521
0.0793065935864132,0.15486390642672668,0.09505353816168945,0.09398395805387805,0.0556179913662635,0.2201899333327899,0.03439049800010151,0.19789640438211464,0.06869717669002308
0.10483196228884738,0.08801341695821846,0.22023996822773392,0.07113118894909792,0.12951258473503294,0.09221357833529757,0.09144157701182158,0.04875390403572941,0.1538618194582208
0.16066714442754734,0.08191574388424211,0.14490057276674653,0.21765472765799668,0.08651301027786934,0.06576914922994997,0.15527527660749332,0.030979545958672524,0.05632482918948218
0.06462217057327448,0.14919962484676463,0.17007433004950612,0.187968709713505,0.14962491325716382,0.10376923374566016,0.09109443168530905,0.03709356577135434,0.04655302035746251
0.13701296434136598,0.10093307450016122,0.07359854550800228,0.11933799173875848,0.10653878037899626,0.13096685826831367,0.06883597846041041,0.12913071348254393,0.13364509332144783
0.11108341725773706,0.024774952817234002,0.13113972252070868,0.0807947661046003,0.12147683617849896,0.08030983169838063,0.1022336577642139,0.01919122160154002,0.3289955940570865
0.06639388760986648,0.29339152471919855,0.06843703352969051,0.16942284633143193,0.022752273761089212,0.15191814583906385,0.15170330671782004,0.04078860105130095,0.0351923804405384
0.08892518270674,0.24143789734400412,0.07414604264381562,0.18676815560642449,0.07816911661199354,0.13730866761494107,0.0539631619467316,0.06407181139961238,0.07520996412573715
0.21675999045861663,0.020555966393041903,0.21633450108712518,0.06814068509289084,0.07067143080557738,0.08094704758947453,0.1110309514375339,0.09574778327672824,0.11981164385901145
0.05546933873512629,0.022557263174879657,0.3699582725699999,0.18262608241957634,0.04954138357953116,0.14792281543597283,0.11789222698223724,0.012425765269198663,0.04160685183347789
0.2072985365254512,0.08677603989090539,0.10306318219780393,0.06036598712424373,0.07839903542537621,0.07151621639903939,0.03604724236640332,0.11337857713235928,0.24315518293841754
0.1190802333480001,0.01371333871649503,0.16508709969471058,0.05344968104128226,0.08790626502937039,0.07079379146630882,0.05183181946341906,0.30020056021041247,0.13793721103000134
0.16463204838633616,0.0422669096588156,0.18362096740319891,0.05653166528953087,0.07484890505017315,0.10123362515191851,0.11437931495516455,0.16691373919720487,0.09557282490765735
0.13755537520263286,0.007645046945728003,0.17819342767786148,0.03909946303292764,0.07077844672202278,0.04155398861091227,0.31409051745886674,0.015659568633775833,0.19542416571527246
0.22551917872565594,0.08785313264301788,0.08472338173049143,0.08965609425543879,0.06340048651483458,0.10502337524311,0.07186619265463086,0.18072537284134849,0.09123278539147195
0.1832142880736192,0.037465455464859854,0.12225547371633123,0.07380946607159573,0.049380238093706036,0.10538300115882566,0.04313947913162964,0.250379853432194,0.13497274485723865
0.23707401294378574,0.048104997083447114,0.1888931826767153,0.04390601857991327,0.05273802380198345,0.0855305952409086,0.15661784771760645,0.047869617532194375,0.1392657044234458
0.15297216640639708,0.13330478073986105,0.06099172536083913,0.1302426080674388,0.040042558667320025,0.08774022196881248,0.021188738102137766,0.2571988552736784,0.11631834541351538
0.0826420569987057,0.06000756101070185,0.06687308377943567,0.15040479602731482,0.1296283943930234,0.1455051845872917,0.10935143795385198,0.16643451820859848,0.0891529670410764
0.14063917145945612,0.05168239057965168,0.13745210653309906,0.08446535967714298,0.12491004014050289,0.0993442239995716,0.1239968591683609,0.16341874568887318,0.07409110275334153
0.07721453272247539,0.07304674394845899,0.05787957334662269,0.08128025903953762,0.12175066865999135,0.1062135425996017,0.10339247608530339,0.3165616104996152,0.06266059309839363
0.1503989792594486,0.10786281303215971,0.06994291478699428,0.15941226561870372,0.10002394119514595,0.16407763801604916,0.1180367546304904,0.10026757195159675,0.029977121509411467
0.12341603373855735,0.11876737293364244,0.026455827848229627,0.062049766127130555,0.08116424594219265,0.06353512640882035,0.07785262925022192,0.2659040977740737,0.18085489997713136
0.10543076969609506,0.03809102002268353,0.18525849520622747,0.05431373473786968,0.04148692869172546,0.08056782327684235,0.10702871379302208,0.29572960814720356,0.09209290642833075
0.08269408320668672,0.1380135834256148,0.28175841593918244,0.07941364867503782,0.08629224629825578,0.08461341994916587,0.06293957071029779,0.04825387167207342,0.1360211601236853
0.08228935336053456,0.11310725548256319,0.09345639384603797,0.1827599606081188,0.1348319785521088,0.09357374689068355,0.11624825583205374,0.03815094449340109,0.14558211093449824
0.04453925979500321,0.1097095633511121,0.030243432045781615,0.1663391740667507,0.10754352898499393,0.14897192728367648,0.2889630772462744,0.07976112766220432,0.02392890956420325
0.1658010091784405,0.02777713680027655,0.23496737252295807,0.06095704846418565,0.06566014503855677,0.05271921592854517,0.127084046461795,0.10818166973679035,0.15685235586845184
0.0458689237731886,0.07298343731262201,0.0814579983895834,0.12698578694591336,0.21135545106976603,0.13727092429878687,0.24705896299473581,0.030496181069453825,0.04652233414595005
0.1540287136438543,0.11171887090176147,0.13137834456906175,0.0633579767818289,0.0900435306977354,0.09875519274360339,0.0761902065851185,0.1910988208736799,0.08342834320335636
0.11762526995548798,0.06328804403112136,0.1013243658296708,0.04111756090180561,0.1478949166214116,0.08960509197654216,0.1277271429774803,0.12311601556496272,0.1883015921415174
0.08380586170109473,0.07394351256465186,0.017902100862494743,0.17288616758398778,0.10886961898645464,0.15637448897827746,0.1797311458944345,0.030268821311413414,0.17621828211719073
0.04838665681040009,0.20840771137622913,0.14810934567190426,0.1552821600280844,0.11286820546014935,0.13625848360834047,0.05629819117170507,0.050917163548923415,0.08347208232426384
0.050483303257463384,0.07701195850071214,0.01180297544527586,0.20978865847151393,0.15022797555150647,0.20560460963786442,0.10085928662067539,0.1099239021269645,0.0842973303880239
0.06470005430932335,0.2162680055022459,0.18012636411296198,0.193843435841477,0.07668438008214494,0.1044913774170495,0.10181017450831366,0.04426914109346639,0.01780706713301723
0.05158624983069968,0.07446100115360628,0.23850410020824878,0.15357185993244213,0.17885444560051153,0.12462752683909493,0.13613160653197093,0.011504075996789001,0.03075913390663673
0.143743484435411,0.04158871622529819,0.19150945191753166,0.1380233251360437,0.0829376068164948,0.08038411204149777,0.030970990754062903,0.20235258995683725,0.08848972271682275
0.24059820294811948,0.01657591886871612,0.12626111904265222,0.07565179212200755,0.0899659851579427,0.08423254753656016,0.12028981865490805,0.0825868349838621,0.16383778068523167
0.13385837280525373,0.03737235454179664,0.24651998513364407,0.04225692691838265,0.1843055158446024,0.09553412149760217,0.11623719585734486,0.005351012857900207,0.1385645145434733
0.04962180110696077,0.03842884908855415,0.12448836339854191,0.17996835251044363,0.14954981533682996,0.2080261872410605,0.13352871716915804,0.07269093403878853,0.0436969801096626
0.22568916278417686,0.056254633782544965,0.19622840139637687,0.04649955285796876,0.09502718026638318,0.04449120339583599,0.1412522934324887,0.08328363325203333,0.11127393883219139
0.035781363247089325,0.15990516405300448,0.011516839899255176,0.21645360148472,0.10450067717743172,0.13487013478668633,0.25130919791711354,0.05781680084533569,0.02784622058936374
0.07173254124503275,0.10513678366361255,0.17969523412031915,0.11578847139281913,0.10335058058157438,0.17667321820404117,0.14405610845125194,0.047944438622917286,0.05562262371843154
0.18646418136762488,0.07187709545582523,0.08574909790411694,0.09392333298365145,0.07621196263967668,0.11554145889414373,0.14833417399880847,0.08259932347980277,0.1392993732763498
0.06515541052465484,0.08954501451398227,0.22310492247027428,0.15071989878159006,0.15500391429680518,0.15171515882387476,0.04211293951049975,0.07870443063244699,0.04393831044587181
0.27419053977631186,0.03537426922146984,0.10795757881444579,0.0974562325535211,0.1321788197435845,0.06155598269238799,0.16160854042733444,0.03044294424414473,0.09923509252679974
0.17104360735968496,0.11651466140411619,0.054779949748263716,0.11848604343793212,0.12215487971785659,0.06282875793095118,0.20976573834310439,0.08639309702986973,0.058033265028221113
0.11463681404483773,0.012535510525009562,0.369681989702728,0.046095967226394974,0.10856524515287769,0.05361919233526857,0.10209677057421485,0.033709904570411245,0.15905860586825746
0.07854482402866735,0.08333418005383081,0.14321364369652653,0.12927485001921232,0.08105299329437028,0.2250609025606567,0.08190200817784583,0.14232929073255543,0.03528730743633476
0.06264139054430627,0.10309829707369868,0.2461750373953685,0.07221482484364682,0.04607906058416416,0.059272191875984426,0.025934092655570794,0.3340654141892092,0.05051969083805114
0.12524214063698022,0.03813220723498089,0.04349120445486641,0.19555309094103437,0.059790643405723466,0.08384043459317163,0.07248117017509775,0.25800922466812154,0.12345988389002376
0.09764543929009073,0.13012152242364808,0.16947397809906528,0.08801333671284899,0.07070713029437646,0.09826603032266452,0.11737599057513191,0.20268982632498664,0.025706745957187412
0.09515476397717758,0.07616600114729015,0.026021280359858772,0.1587417513794435,0.11888045478348448,0.09723508358811435,0.1465468013568064,0.15159154571251265,0.12966231769531208
0.21863264722114548,0.02417617211842832,0.11833199344761584,0.06439184590553873,0.12700848289112598,0.10401473001238808,0.2050569798076032,0.08164327708758065,0.05674387150857372
0.10698157710317013,0.07860848030680152,0.18956669964952508,0.07316014499463402,0.09770143041000369,0.0974263517003006,0.025320178537838283,0.18023937402005927,0.1509957632776674
0.13016662417638178,0.2796926905709835,0.0816095194392571,0.15570483981502578,0.09256227909660586,0.12282393172502293,0.06700362464248386,0.024146951764703727,0.04628953876953548
0.13043361883323307,0.05061711176014381,0.22865553128466912,0.06340947367604305,0.09288365132278292,0.0942091169696288,0.0942265702870357,0.11825921611141622,0.12730570975504732
0.1873010252381275,0.06173537811616454,0.20082246298843734,0.08985461865616294,0.06029207150783091,0.09133511788619753,0.05893859615521561,0.21267167799228145,0.03704905145958217
0.04645949088349843,0.22832183672674755,0.14466002983604812,0.10392728616221009,0.10976516260947185,0.09578096095834188,0.02505948244441541,0.164876113361945,0.08114963701732164
0.08221153267577753,0.045171931368264355,0.048180807123302555,0.11537371147967244,0.10558160683516998,0.12413956630902108,0.049867659974839613,0.40904960120463946,0.020423583029312978
0.052270986677762615,0.05987004076323541,0.025056229102856417,0.15542139940448826,0.17495386689552606,0.07239027449607269,0.26601968625483624,0.08891653036459679,0.10510098604062557
0.09517936936280458,0.28522226464661377,0.03858396413713094,0.2093850092966512,0.06576756483878264,0.11268387579835061,0.059433765096197334,0.09066794488200758,0.04307624194146136
0.08107984623207344,0.14212230950650298,0.08953668725558182,0.10641072555316893,0.2558312389515472,0.08910992037273029,0.07842437573149444,0.12389585333013697,0.03358904306676395
0.18090925765316002,0.03470622170865817,0.04252895254219269,0.12412648874500287,0.05834313733382621,0.08522661197663718,0.08837914386440981,0.11157913318064956,0.2742010529954635
0.2814221736124948,0.06891758916165937,0.03070152539697971,0.07779693719376653,0.07618173835688404,0.07637758000268526,0.11320225099614241,0.04504969932511741,0.23035050595427056
0.16459264889766564,0.027071240161290987,0.21160279611147045,0.09366664051925566,0.14526118602291407,0.08189975155687752,0.08571885646280362,0.06293608286575132,0.12725079740197073
0.07869348213897738,0.07997205857131601,0.21692331743043183,0.1249491332359421,0.1278531934023901,0.1265683271099514,0.06915231252839832,0.060172175976559994,0.11571599960603283
0.05711382653403984,0.10587724940799793,0.06316952083025816,0.14884852920971822,0.1700929634180379,0.09703515555307896,0.16389055156004415,0.11466280584301358,0.07930939764381136
0.13680602274468945,0.057214313226278846,0.041755170526525755,0.08685107509122775,0.10182862513550466,0.12838791580125522,0.14977744215704683,0.06111577218169909,0.23626366313577232
0.1746507632045633,0.05396985197090798,0.12365175249790332,0.05336655970491109,0.1553976409584234,0.11842328266026043,0.059118972433863624,0.0619405310899299,0.19948064547923697
0.14993675256380323,0.043373122893556326,0.2316697011428709,0.06175469623360185,0.050902443024528315,0.07198447910096628,0.12446696044887555,0.07383047100687973,0.19208137358491786
0.06560159533518295,0.037928217256716884,0.1303946846900136,0.04136687351080081,0.3203570899420545,0.11811734281942415,0.1127550119801849,0.06364436457487507,0.10983481989074713
0.2366878133434144,0.03076626195497407,0.07648728894498656,0.05298138028854036,0.08350630111030953,0.06038116331951621,0.22091572205866142,0.15309978955913342,0.08517427942046407
0.0797257480476386,0.04483510235923031,0.0751607082679142,0.056833731189240455,0.3759871259196144,0.10505541082543272,0.1323838863981596,0.027863617792539253,0.1021546692002304
0.1300496895498066,0.07832506454620997,0.17161477775490996,0.08411693770388172,0.14920665198346958,0.13238660504172062,0.04140253612648256,0.09980245139218723,0.11309528590133178
0.20112332908517228,0.07475967920167272,0.12666966636541296,0.08563340860550676,0.10147428831856818,0.07382785315907726,0.1117301571418698,0.09428465626690323,0.13049696185581683
0.18567344299818056,0.08842825604130107,0.03168834698186184,0.09718889057177856,0.0822842190586795,0.12196725360429317,0.07336694241510287,0.21117266858921224,0.10822997973959016
0.2376315022358443,0.03751338209128321,0.18375344221411127,0.06218145333288238,0.05996830137125526,0.07958764679108826,0.08618025394692891,0.10332580915351801,0.14985820886308837
0.15698832186878162,0.0439073551349754,0.20219322036936874,0.06311290332520636,0.12853389070856752,0.063865338544006,0.05888354967142236,0.05953514271130563,0.22298027766636644
0.08427292482213199,0.17276819863590975,0.1655318645263434,0.08711744179308456,0.017153977493063802,0.06253220564299136,0.03892817531256378,0.3130071850405865,0.05868802673332485
0.1926530233340881,0.03783440892542268,0.24936497864649734,0.02908664979227134,0.08889153501688248,0.05112985148246215,0.1467368367892196,0.06838323512100662,0.13591948089214978
0.05994848187218926,0.16586405244870292,0.2807904609350514,0.09065375879016217,0.0634671855036635,0.10178385910149625,0.0537994582898485,0.11891360485783482,0.06477913820105123
0.1330209011463629,0.01594812068429667,0.0810936951647646,0.03873628803131051,0.08875554609505511,0.1062928145619579,0.18486968360659187,0.05336836703959619,0.2979145836700642
0.11095540121167448,0.21682335771292768,0.22670128301351253,0.10200873322109046,0.07982935138610464,0.08640332658699068,0.04175738786489413,0.0920224324415061,0.04349872656129941
0.12690057375278038,0.08402893600944095,0.09180330192290816,0.11501253153675156,0.09516879456407705,0.09096618320899653,0.1737826082735987,0.10763182870012251,0.11470524203132411
0.07016398655452431,0.13978380629854678,0.02318079723073535,0.2015986964039489,0.15679599603858865,0.15812056751990108,0.09455569299966986,0.07487811996216934,0.08092233699191571
0.14621922261859177,0.050125456165169315,0.15899041401104658,0.07894114455431481,0.11650780588247756,0.0949483178413915,0.11464183606083427,0.14445233875008792,0.09517346411608636
0.06675714956473312,0.05069584990196909,0.07173556923053985,0.15354764463535583,0.2291762637601016,0.2315105728956256,0.09620832032446774,0.04712190340991188,0.05324672627729519
0.17148742657560503,0.24793115736722782,0.06426240931198972,0.05508056377501989,0.03641850854585885,0.11590366442357176,0.05472302048657696,0.2115972162183,0.04259603329584987
0.07956841670201818,0.1097583515139851,0.05469689309724888,0.08058940542605339,0.031167374622623673,0.11706912874530673,0.04286422162760909,0.4018735814918551,0.08241262677329991
0.165425938314435,0.0474247702053285,0.03582753414555439,0.03863892110561419,0.21702657598789857,0.10197336980895977,0.10216030968797223,0.08072545582496571,0.21079712491927172
0.07388053948060484,0.10241410045907162,0.12189313458532934,0.2333084098665331,0.12024942936481008,0.13427286729844468,0.09493006221205365,0.03840458444796096,0.08064687228519174
0.05120119851436833,0.1363091497175786,0.3107242329729974,0.14392985831856409,0.0996829403629516,0.08947542145295186,0.103137945019738,0.02675427698604665,0.03878497665480349
0.1599285204463268,0.06987544198137449,0.13088625617490215,0.10372020606909131,0.15090627965235592,0.1110302612447966,0.04650834530288118,0.13928376261222336,0.08786092651604814
0.07641186632963717,0.13349263705841274,0.051631480900080996,0.14976719560901353,0.09473062138826183,0.15397899271421708,0.10084758094771847,0.14465344969262653,0.09448617536003155
0.061839906054764325,0.13254979871824504,0.016642089801425092,0.13561437381425903,0.06428156083680918,0.18142742496696584,0.14066556158112,0.10843103846027413,0.15854824576613735
0.0818683190828432,0.0940368122855027,0.12391765759325284,0.12686696632523312,0.11972643779636827,0.13263142941225758,0.07934835782207748,0.1155825929762394,0.12602142670622538
0.18568950489845293,0.039842378464965904,0.12156706315186976,0.05872193919905441,0.1754236510300967,0.0636331500955631,0.18156035786079947,0.03493919955623916,0.13862275574295865
0.1625262830229083,0.027331631206154436,0.019824050697618365,0.04082283958362633,0.09108635147408446,0.11138910685798849,0.18803449584773765,0.17647614334128894,0.18250909796859296
0.14938480763899126,0.01809157352279063,0.036209757427877014,0.05006535727932621,0.06979609718939594,0.13245796993669157,0.12309715216803241,0.11557767798863046,0.3053196068482645
0.07629391634448392,0.038179637582609637,0.1929914609107244,0.1315369014963379,0.20280327236149467,0.1081035241196963,0.11480644450399796,0.10433301025619479,0.03095183242446035
0.03131995670552467,0.08264015631995088,0.2922580510971194,0.159849826952602,0.14485669757430267,0.07195718043985806,0.17771938982512372,0.01234263853075541,0.02705610255476325
0.13531159196165107,0.16539138092553587,0.07233345560722283,0.1569888796914509,0.12533184347105336,0.1003585962727616,0.04905325622072413,0.1265174221706484,0.06871357367895181
0.15133265129648532,0.05252194758518421,0.2407303227160947,0.06494504740536343,0.07496385201399092,0.056313918255654016,0.026479965547477405,0.2090411690033328,0.12367112617641718
0.1542783586659281,0.009544000975077876,0.28969985909283374,0.059481475769096785,0.11366148452230755,0.06046593795529107,0.1071685148826121,0.02722065485752266,0.1784797132793301
0.07017441883116447,0.09443373185359592,0.2717680768844954,0.1038160658998256,0.11464006933018552,0.11199676944895325,0.10875574288355905,0.07411170259091614,0.05030342227730469
0.08889414074666808,0.027427636380182408,0.03552935415185548,0.13457675359332,0.07428411158466268,0.16559883455428573,0.3189239687280229,0.015210607745285917,0.13955459251571675
0.1340792623661217,0.044174375323881944,0.2803303472295642,0.06126787199856945,0.06565335511180699,0.10293127726219702,0.02499057743859716,0.15473027298970846,0.13184266027955305
0.0986426534130694,0.056394401972982254,0.07755621725352496,0.13812373485290924,0.10223695296760212,0.13247876576436635,0.15553070500255942,0.0515455022665752,0.187491066506411
0.09252585016850705,0.08893136856854521,0.16690016790236376,0.13494900300276694,0.09535370672011519,0.08108430144816028,0.16425309279110759,0.1269544785779729,0.049048030820461115
0.036153452153435676,0.10875402673795187,0.0973586253769333,0.1256227040563045,0.26538462655062567,0.11445949736974752,0.09004414140867571,0.028366330129423568,0.13385659621690227
0.13874917763351982,0.042066231920631005,0.14573496315395998,0.08107169577103167,0.1527381205144998,0.059367315718114426,0.058497951748717,0.24336029299902764,0.07841425054049857
0.09403661797149604,0.08934277637471526,0.1453990329475426,0.07087543491175537,0.21955432523202725,0.1104693283039971,0.12120194164941979,0.07440300767108543,0.07471753493796102
0.29908688797545263,0.050512219872789005,0.08059847865731774,0.08329808461740419,0.07001950699814154,0.1265901431498225,0.07889409445445054,0.0858708707799377,0.12512971349468413
0.16013373283686397,0.0955483533431522,0.08762364182689951,0.16321567009102436,0.11008817445823499,0.10460894733077897,0.09375312322922964,0.12012166454639743,0.06490669233741897
0.12133534085179415,0.08657639164904196,0.22203143463308073,0.0744767655648011,0.1280504968754165,0.07615561758119255,0.018091093819507097,0.1312969576605883,0.14198590136457764
0.09240456608995977,0.13209409667573793,0.10048692208017689,0.16709259160568077,0.14190671326091073,0.14155163628320724,0.1466962426004472,0.020292762458585318,0.0574744689452942
0.14757350259224344,0.04780147240324131,0.10976767280371463,0.1163662890725552,0.1106103359682483,0.08193396201862126,0.1790174907995817,0.05199400792459561,0.1549352664171985
0.14230012617074403,0.10491042151009454,0.19713690722750585,0.11855283012934496,0.033033631922958114,0.08034329708852213,0.06855020253513995,0.19700373803900487,0.058168845376685506
0.07840749730177811,0.18401471121069438,0.27192962195688364,0.12400395289439757,0.057469080955988315,0.06910291219081222,0.06087975992325844,0.09486171754233448,0.05933074602385291
0.08182976133265339,0.1266149463772026,0.07527818902129992,0.14505839193370984,0.17337366086166806,0.062276130290120996,0.0933755763300355,0.2003117045327433,0.041881639320566495
0.110859738606231,0.03368684293406945,0.0507113301507111,0.04385058523216784,0.06907835246791011,0.05762207173610192,0.05437586742307431,0.40156116923083696,0.1782540422188973
0.11319052127378072,0.10740765017918125,0.044925473793818366,0.0763943479756073,0.13577475768050337,0.16533119241307068,0.04464469963186602,0.20949349349509125,0.10283786355708102
0.08798194977693274,0.043084948163712604,0.13528399412466224,0.1677917069606587,0.06841572085715031,0.14719734812273644,0.040401550632153164,0.16456445302768583,0.14527832833430807
0.10149470322363834,0.14359486168691188,0.12345125646473949,0.10818602913107433,0.05990122072600773,0.12732931357406083,0.08661197418920034,0.1758975530490254,0.07353308795534173
0.07486223430191095,0.0701851013204776,0.03962659682100087,0.2595269938567551,0.02968370490732737,0.12372613776104747,0.23132076465170637,0.12808709242415298,0.04298137395562137
0.08115058627644496,0.0388562703590317,0.08110852372219642,0.07875471064063982,0.2147037196234005,0.09542902171673943,0.10078982732234933,0.15069877074459073,0.158508569594607
0.04723343487506937,0.04956959106234781,0.3054376455505657,0.2016926612461735,0.11010518309294419,0.07456317858592602,0.11343937475825637,0.045200846976783476,0.05275808385193367
0.05877786640961086,0.12492618518823717,0.15673026851976402,0.12956563881621772,0.07518137380204999,0.1412773028281891,0.132458770888318,0.15603116076270623,0.02505143278490693
0.05410083744242267,0.1943637601811307,0.009610555813074606,0.13108283541215796,0.07078130157569619,0.1479035863201661,0.1603329058766272,0.16758061117812315,0.06424360620060143
0.0874086581007101,0.1111868959273105,0.06043938914182231,0.17790365243905248,0.14532988856509335,0.15749134804508166,0.05798677362296936,0.15778650356642324,0.044466890591537
0.23709798781142333,0.03418513043730566,0.08165954005344035,0.07713637840000041,0.10656127116604781,0.12231977912876585,0.07886279276168208,0.11797811440477134,0.14419900583656317
0.1933915370974807,0.06353311495702459,0.11398461046292341,0.09867985851393896,0.06719844887606334,0.0926760627125855,0.17260070054065713,0.05722698352423957,0.14070868331508685
0.2508841654268021,0.023301352158059924,0.10117542992531174,0.11410780077039229,0.08036613761671502,0.13959517879695835,0.15685256940914105,0.04937025487426947,0.08434711102235011
0.08854244549290574,0.005985326700996103,0.03284136519472752,0.026767512335204413,0.28545024144448444,0.10028154620559952,0.24573923087286498,0.025588518906975912,0.18880381284624137
0.08983611805751013,0.1099528668265669,0.1569790915336802,0.1069582083314644,0.12906369409610982,0.1244495982592071,0.056617369247845134,0.03913829294147438,0.18700476070614194
0.14599102634490357,0.020283274411314205,0.20011686180306695,0.1001218071336804,0.06346760073609285,0.1627145569499648,0.05166426677371744,0.17115585518602952,0.08448475066123023
0.04714578369550421,0.0474834652363735,0.059255328902627136,0.24290916331723547,0.1785932242650253,0.11879762863776307,0.16086277703753504,0.10848237284951834,0.03647025605841786
0.10882433405195595,0.07755302114517022,0.20448473760035943,0.07978323730162189,0.16613174457357852,0.06531718754269444,0.1852581522393831,0.03187753325556717,0.08077005228966937
0.08163707388721486,0.1575386708264098,0.2551378606878026,0.08960888737070549,0.04644946969882574,0.06713864265953019,0.1293166526073715,0.13596072872318152,0.03721201353895832
0.12903534004752962,0.009104321006940754,0.035796253518199796,0.03317173007255691,0.08679088975034492,0.0503284757029045,0.3069997913853442,0.0847697107564042,0.26400348775977506
0.36173373625300015,0.01945272306061499,0.039855452463521034,0.045688755793963504,0.07245386433515312,0.08538629478963529,0.08955165101324801,0.1121406883190777,0.17373683397178627
0.08665923270695348,0.07678330294185287,0.12415531291290603,0.11823938288467632,0.13493667419023322,0.13984481657776274,0.08553813913701919,0.06984537797539898,0.1639977606731972
0.055616623290931845,0.06512390066330954,0.20259779871001896,0.19138697834000054,0.0937344598994412,0.12968099370363606,0.06274598868927618,0.12134909033168761,0.07776416637169808
0.06025006689956607,0.07439226445660589,0.15501927087864129,0.16172917054237798,0.13457373393014516,0.07162230318989272,0.16434902614121574,0.1282602676470179,0.049803896314537126
0.06070965451576402,0.08408005038586759,0.06048631626380721,0.21819052289592156,0.14270092575050583,0.20416044799741714,0.09428482783743586,0.09351627219544878,0.041870982157832005
0.1551705331198693,0.11889931800496105,0.052518640223844004,0.07625965482523582,0.039576247153524986,0.11465830974461859,0.07334998265577032,0.09303345234443343,0.2765338619277425
0.14798139013976427,0.011617654639781662,0.06784476598309364,0.05777410382528847,0.14993925851662923,0.07695301750195373,0.09587160739940677,0.15895181415568801,0.23306638783839426
0.19620409588149132,0.04448297004371796,0.11751749736908863,0.08784155042945874,0.03305559161269256,0.11501011805999904,0.06594029857213811,0.17488198004036104,0.16506589799105256
0.20542646814457574,0.05491674179578112,0.15463861055104533,0.05394137334063318,0.06559390200157685,0.08158080914436229,0.04634402108531658,0.2790790683255368,0.05847900561117216
0.15156325034712545,0.011564986769672323,0.030814808507427155,0.05130564805275461,0.0734493451936142,0.07564036714013954,0.35105556416906536,0.009726687476500016,0.24487934234370135
0.1725745369901469,0.055145953243234506,0.1721121368959048,0.08481473442008962,0.2480834010379891,0.0648075700027217,0.045502481859007536,0.0568001463677828,0.10015903918312308
0.1010615925028762,0.13501159790425146,0.0801591417612596,0.13017949451340374,0.02285286351625444,0.1055944451386087,0.09595046934899064,0.26922571110046856,0.05996468421388671
