0.15139738165386532,0.09554685752542763,0.12484203106176,0.09758586110376954,0.0951518366527231,0.06907974997701481,0.1355474002649036,0.10222996775177005,0.12861891400876593
0.11646760610709804,0.08743369142185807,0.0466980330628314,0.12274135391488683,0.1346755874121738,0.09928554932360169,0.1397521756439292,0.1562985154566042,0.09664748765701688
0.09469818621646871,0.0790887011719772,0.19981461049345664,0.05705215462155749,0.11554754469060048,0.09408569471116608,0.12401501780709263,0.1055354037296567,0.13016268655802407
0.12894623497427807,0.06616666438463892,0.09683324279840931,0.09313832364417644,0.0883396879098321,0.09535246543324734,0.2599441457824179,0.07837319663717691,0.09290603843582301
0.1495211053770991,0.13155496720901816,0.05938354887537576,0.0948424435494218,0.1340789449647146,0.08751127940802049,0.1254770739784574,0.08146272159734261,0.13616791504055012
0.07621784260201118,0.06404625683634793,0.09704443842305983,0.056920107002747446,0.0766929706137759,0.10448976595574,0.29075404788520215,0.11167823288677074,0.1221563377943448
0.08450255271534927,0.07894789851988195,0.04049422266629304,0.05495464912447642,0.09099373249999487,0.11180009459915341,0.3284898195165567,0.10245336917776356,0.10736366118053083
0.0815589900255455,0.11199147920606045,0.023465069708806695,0.13961766810778786,0.1559551931255488,0.15899255842327828,0.0346398397815399,0.18864545874817082,0.10513374287326178
0.15577703572728066,0.083308436088494,0.07131800176099645,0.08990970046741005,0.13210790393532182,0.08124015159104549,0.13457751436636076,0.13862269548029282,0.11313856058279785
0.08690121060082245,0.12901563781708278,0.06223667882749837,0.07601679679351493,0.08008912103961359,0.08161984356962002,0.3197834572946366,0.05286558424346233,0.11147166981374897
0.08963629270994622,0.1067789523000852,0.13847416145832145,0.12037361042308874,0.09487646734775472,0.07083126680802801,0.12548098497493596,0.13363195928898206,0.11991630468885768
0.07854499883810795,0.07148298288102083,0.05643208648866666,0.054147846391886335,0.0679724054727483,0.12917173768744625,0.3927128279722128,0.06730846068639244,0.08222665358151847
0.0742338904242834,0.14164271624997568,0.0851211840786214,0.1457324224722989,0.08218103107174796,0.12062324342153645,0.13926654587188414,0.09927779796868567,0.1119211684409664
0.10328329520843998,0.09599466034279759,0.11400415571759753,0.15236586370662608,0.07832145755082315,0.08469908064815446,0.1737264520258847,0.08394100127483495,0.11366403352484154
0.1108093852823581,0.09526837639615066,0.03054195102388409,0.22143002857746805,0.1396492364352123,0.1299577946304717,0.04005207175742311,0.12121626089735164,0.1110748949996803
0.08268334995099617,0.11269586102903735,0.04210471136041035,0.13359796417647588,0.07079194626486073,0.13449385970781302,0.18731727506478837,0.12736918380619836,0.10894584863941985
0.11335655953530001,0.08675563319978848,0.09257790363611945,0.08002985506796743,0.0993016577396838,0.08261989320902961,0.16840743437110403,0.16275466168122815,0.11419640155977906
0.10536479230950979,0.07737362772301103,0.05689650343660141,0.08827138770330241,0.09982732771319718,0.10703662703847017,0.25142225649997674,0.11235473877334261,0.10145273880258869
0.0943223293657246,0.08970444132592732,0.07605494234125264,0.09074690474307752,0.08527167145758631,0.09183143998049682,0.26783763032994184,0.08866691447705237,0.1155637259789406
0.10107515991705485,0.09786607183345471,0.11318082784943022,0.17887149813519623,0.10459820658789336,0.08048052444492342,0.07352780247522801,0.13174995182223903,0.11864995693458026
0.092645839598879,0.16203766028163458,0.15189862381594518,0.07084433179856837,0.12243697580200008,0.09078019940604236,0.09850381633655604,0.05488568008868949,0.1559668728716849
0.07829152882621074,0.07993457631822998,0.05095039105429535,0.0744564406650632,0.10005914409791733,0.13831544753750957,0.2672114220045249,0.1117189477628287,0.09906210173342024
0.12246688010168327,0.11546197612384405,0.047066329469194486,0.14607465222530377,0.11791131598262465,0.1380093876040797,0.13410410845627543,0.04469603403220005,0.1342093160047946
0.0855589603531171,0.05005343885734931,0.04450740756184505,0.03937462848245505,0.07139335112694674,0.11820110576431343,0.4002317732682826,0.0977274937709947,0.09295184081469594
0.10528941900764371,0.08988853989421575,0.11068228116144896,0.0991357686597123,0.09083473244990836,0.12130988541899683,0.104793331572065,0.16833931990593096,0.10972672193007811
0.10603343335446842,0.08376119403250744,0.09224868699338667,0.1368122089177337,0.08656944667261794,0.08515082904904865,0.17666553205469648,0.12016882088216337,0.11258984804337731
0.0839342936755454,0.05161680723439147,0.05565350007998431,0.030411063117523358,0.08651488538907613,0.10605287866887303,0.3830971708450616,0.11220399081844316,0.09051541017110165
0.09214760453180416,0.14018994063436344,0.20321974753444905,0.08219706752155545,0.10861105160775349,0.09042911677975324,0.05290240436879323,0.11629049749713462,0.11401256952439337
0.14631729136158586,0.06496231835551287,0.043641606261291176,0.08805485400212187,0.10042100124754699,0.11690477241250685,0.2156423520318329,0.134820044303908,0.08923576002369342
0.06844746732973876,0.08188482275640957,0.10769810569921856,0.07267050335154819,0.085998011024938,0.1045507890325776,0.22488531067747172,0.12959606044223737,0.12426892968586027
0.08163385602797683,0.09026552936922339,0.04919180707245933,0.11512236880651294,0.1039139550143236,0.14872746143655877,0.21498066320307044,0.09729734623654555,0.09886701283332906
0.14808516075970898,0.1040636847948249,0.1036706869543393,0.12340968162136672,0.1416009630408914,0.120118238548218,0.04972039165258055,0.08497730795772133,0.12435388467034876
0.13619187133315577,0.11289178318705624,0.14320992639223082,0.1290255637322853,0.10235114631833005,0.07669012700506599,0.10200795936429456,0.08114662904677779,0.1164849936208036
0.11703811493188863,0.06801027394305227,0.061809662048980606,0.07668876332125599,0.0788090441042381,0.09731567538095902,0.31491089353443796,0.08920388769277733,0.09621368504241017
0.1274295994999651,0.06950735796729486,0.059619172460182834,0.05923838998698827,0.09170752307392993,0.08350151090742224,0.285926394529394,0.12719131053536628,0.09587874103945652
0.07333981049548365,0.12443439136638558,0.14268212301940783,0.1045990375397197,0.07673631806174946,0.0779084248416283,0.1875055707532459,0.08096528009628039,0.13182904382609928
0.11960803571551827,0.10717140442086358,0.0904901997273171,0.15650493651585107,0.0909760830674637,0.07717753022643722,0.13830200391202996,0.10130443191854337,0.11846537449597568
0.07010282524692614,0.08148270232994864,0.040522415493930285,0.07725915274372047,0.10096521196016145,0.17452473167682725,0.22093779485354592,0.13057497676473215,0.10363018893020774
0.1256990314124695,0.08993243279348861,0.06293663409512064,0.17830379158782883,0.08643521747756194,0.1074429892274934,0.11020470943089049,0.12351312278778333,0.11553207118736326
0.0920168309154998,0.07558810903106007,0.09932561779983055,0.06576654930853724,0.08489005308768573,0.09140990440510821,0.29747121267822935,0.09121837845300033,0.1023133443210487
0.09815769130606745,0.0880038949878909,0.05511779150262386,0.1470057507979259,0.10661201628760197,0.10964218938358412,0.13757269748076373,0.1732024621806942,0.0846855060728478
0.09463677046177404,0.1449107264482587,0.0541791015946882,0.09716023900501063,0.07370899505945282,0.08544971578250671,0.2917975233961802,0.04926791435719161,0.10888901389493709
0.07416236828513374,0.06678425798675915,0.04328663656986718,0.04828759128243879,0.09547810334254787,0.1328754031049716,0.3439759688829294,0.10144901519405425,0.09370065535129794
0.09634350829712283,0.10034229812207672,0.049931144235738724,0.13574291765478652,0.1099953997123594,0.0925617298788561,0.13568025335221526,0.1682098891390327,0.11119285960781174
0.12314402681205376,0.09439657071553763,0.07270682835757056,0.15820676383396148,0.08341856733923424,0.07101026612516247,0.2044282083577452,0.07265973750127498,0.12002903095745969
0.10247520318715804,0.062011533467902134,0.03886252610371877,0.05465523310602379,0.0728216169000349,0.10392765596188618,0.3935029645932328,0.07767259714422751,0.09407066953581587
0.08738005457171749,0.13068062510336617,0.150640887814418,0.0558508898199726,0.11431551830993374,0.15848819572322467,0.04377078815134383,0.14487422447760037,0.11399881602842314
0.1470601492234211,0.09304320219188918,0.08078290107451087,0.10853641213029848,0.09296462675172627,0.08118812943834085,0.11481006397258786,0.16956661976511675,0.11204789545210869
0.10018161192524876,0.10522458082352847,0.06412186618801771,0.15749556817728286,0.07442443472962423,0.10814524824351451,0.2028775305771029,0.08788849258204257,0.09964066675363802
0.09085995030789273,0.0830534727318231,0.08103337375723525,0.05993583447845241,0.07463739019238555,0.07414719558750796,0.31661859809536114,0.08669084137513022,0.1330233434742116
0.09808347695209331,0.10632563684766572,0.09369230290718904,0.10915893688756466,0.09368603367012081,0.08785260623337908,0.19016229528769388,0.1057827081520075,0.115256003062286
0.051481507511554225,0.12359409613141865,0.07752269305542897,0.16088830812927296,0.11629224952424415,0.1675681405370043,0.03273654315461075,0.1844954643155398,0.08542099764092621
0.120195953708549,0.07612451191970056,0.08899921213939459,0.09459467432028906,0.09351377232349405,0.08690832929863627,0.1583854117214842,0.17497134296337805,0.10630679160507413
0.0666137469878851,0.10041704855408422,0.06904688747535073,0.06728918475175595,0.07759904835269364,0.12255497585988495,0.2870355394188861,0.10219434748830007,0.10724922111115925
0.10940350443555547,0.08055465458125015,0.07438540719230102,0.0976980623481747,0.09844193331204398,0.0978814472041394,0.18931420320443712,0.13751669846126344,0.11480408926083474
0.09367176689074079,0.06459036500906556,0.07888638046961184,0.05746493643642877,0.07433460887733122,0.09741405922435574,0.3271334750137902,0.1051752469771557,0.1013291611015202
0.10597199973445452,0.08483695030413967,0.08660213540541468,0.07455680611815464,0.08112067624472552,0.08334007457265435,0.30981321936827005,0.07469089973312194,0.09906723851906464
0.08198221038653875,0.07865700388120223,0.14430398534423605,0.09025760362687803,0.08385962160065892,0.09582778240072048,0.21160081921308616,0.10083087335535695,0.11268010019132246
0.10384585851853866,0.07667694634780887,0.09518556487023533,0.11953694822896184,0.07844801607715036,0.10597304104791688,0.17698899713770114,0.14271525038803817,0.1006293773836487
0.1441061106414647,0.07366143372586195,0.05175959017313589,0.09442646223780966,0.10776326350920958,0.09266816454937786,0.22588915601817047,0.10580292435288695,0.10392289479208293
0.07871925599288042,0.06592802481340024,0.061468662426290475,0.046242392297441696,0.06719015239362884,0.11985730538954754,0.40302222205880023,0.07065291600178461,0.08691906862622578
0.0908055201156938,0.07837987374335927,0.07199850005777388,0.06109171703451727,0.08243873901446543,0.08639605903578569,0.32645320841574604,0.0869150162764341,0.1155213663062245
0.10038581926815242,0.11666265099857992,0.05996268414275655,0.2388252351580816,0.12003664921005615,0.09631288290150379,0.07110912202220164,0.09826407019676724,0.09844088610190066
0.128676362522559,0.12064809793913757,0.20358866746887486,0.083547979432481,0.12917372509584293,0.04818112957476508,0.06968729683237086,0.08443647570570186,0.13206026542826685
0.10574984916840219,0.11569188306743373,0.0734887895294404,0.10765709311463767,0.07705335257197157,0.07948262816242878,0.26633647390639376,0.05878824359440787,0.11575168688488412
0.08443066894313929,0.08256743235552103,0.03234720113742846,0.17181838267030844,0.19485922680522502,0.13385250201372215,0.03497973496203342,0.16937236074446424,0.09577249036815795
0.10463030050837425,0.09306033743441072,0.09425538197736096,0.10118175944836327,0.11276888056698935,0.11093609559565876,0.1206251281763625,0.14222483509921188,0.12031728119326827
0.10728991398075201,0.09542329152515287,0.09513816148303282,0.08952094124390826,0.09753298028006434,0.08985904332097404,0.09787309316242747,0.2231173537508344,0.10424522125285386
0.10672420337686066,0.0889028167756644,0.08976580280444102,0.1346736601490211,0.09439898630522046,0.1118996603947358,0.0621017537504267,0.19626955758260936,0.11526355886102051
0.092561831194716,0.09508810010607176,0.03546358042617937,0.07769431874614474,0.0863292721698123,0.11758912338365672,0.29818867848019864,0.09331533198016177,0.10376976351305867
0.11715841578179091,0.09614058911041434,0.12030989356171122,0.1535601556453118,0.08349614779144354,0.08563498329658688,0.1724015811397939,0.06746628366808746,0.10383195000485991
0.084036847330967,0.14281379057811622,0.09334633818663383,0.13257370354547737,0.08656370778505673,0.09466801951964439,0.1719319646636551,0.08366805975479587,0.11039756863565342
0.12339124918323106,0.12195180159088324,0.0761917505626109,0.14850779413066492,0.10748507752759268,0.09121092560528743,0.06746376152194274,0.1391583539878061,0.1246392858899809
0.11066147679299031,0.10771183662731698,0.13056486704074377,0.11636186474659209,0.14201355931452656,0.10130430819119039,0.0473400602014335,0.13112921714033612,0.11291280994487023
0.09096880593319372,0.08229873125907056,0.08102120175089518,0.0848210302995569,0.06351754366763984,0.11246894120924021,0.24647073620236923,0.10800155344925144,0.13043145622878297
0.10982271476176274,0.08102419234933196,0.039240727166036514,0.10469460638992413,0.08356424258119048,0.10019713544347995,0.20151588685751695,0.14278278643762654,0.13715770801313074
0.12459818378918529,0.10143906416250137,0.032284640832918245,0.22915622734728502,0.1347553695111355,0.08035253821851605,0.10083940054832295,0.08348442061489932,0.11309015497523622
0.09074106508935942,0.08165058356288957,0.0878277970944476,0.10385886651419696,0.08072954631142959,0.15220076879084346,0.1709291016994893,0.11702089618130362,0.11504137475604043
0.13288668373307969,0.09996901866123209,0.09110671913857854,0.13208671436997466,0.11569256364946227,0.0785425623064303,0.06486822685273473,0.16115205246646702,0.12369545882204065
0.11443325571081793,0.11058199967926703,0.06021357943259098,0.16611666122313365,0.17469600685488854,0.07133582493696727,0.05757117570992452,0.11422344124888355,0.1308280552035265
0.09205241251076995,0.09909693030234105,0.13070706726371104,0.15328122156050003,0.13396967451829347,0.09284924370825043,0.03302761992639985,0.164696079619705,0.10031975059002918
0.07233270401764275,0.09321829145332801,0.04450044781744659,0.08176311226352034,0.1080640262400302,0.12583859410907952,0.23787075733648874,0.12685366426167777,0.10955840250078601
0.08050048854200882,0.06541911190548612,0.044322951866670214,0.07274563280246456,0.09909237117425733,0.16267632349940733,0.2418732038052219,0.14170562454172736,0.0916642918627563
0.1386592035711638,0.09327445339423956,0.06965491816979331,0.06254563294200664,0.18001069848039367,0.17267960879517893,0.06586509899669603,0.07162897941537917,0.14568140623514889
0.08689838747304889,0.11852637324922106,0.11192846908782635,0.09310305202771345,0.08092943866039448,0.0846739294712421,0.23452518128062214,0.08229688177669447,0.10711828697323712
0.17039899068536002,0.11271206835153917,0.11426069901991208,0.09125406368924642,0.12023284937364949,0.08108922644251376,0.0863951798048531,0.0921936441721719,0.13146327846075415
0.12463388341564008,0.09226426862219071,0.2188704166465263,0.035444555126029335,0.12417939386134556,0.08734478097540048,0.08677903667705239,0.06481422665469612,0.1656694380211191
0.04003664023079292,0.09008166926646137,0.02588403358359488,0.2471495853675043,0.1036095343322494,0.20994785784985068,0.03437612970241097,0.17322437481181097,0.07569017485532444
0.08689838747304889,0.11852637324922106,0.11192846908782635,0.09310305202771345,0.08092943866039448,0.0846739294712421,0.23452518128062214,0.08229688177669447,0.10711828697323712
0.1242624987693121,0.11372747200761439,0.0788807246150619,0.21778164530076996,0.0925465185779938,0.0867302489580945,0.112837921369629,0.07004739041840957,0.10318557998311484
0.10182934598702097,0.06059001732174957,0.07357322413549082,0.03590593173588261,0.07326213332238092,0.08065453523094397,0.3884439308340291,0.06694648575819781,0.11879439567430412
0.09596080627814983,0.08174856364297056,0.07503429177659066,0.11531653374005323,0.08060519584737758,0.11152077690160256,0.21510558110941103,0.122197726590122,0.10251052411372258
0.1597513284248395,0.0646062518364039,0.055960919406070786,0.0794671332960591,0.1393277408131948,0.16678258797166542,0.04697680580679741,0.17264796460117873,0.11447926784379031
0.09187301327294506,0.10510448558789319,0.08954168170934806,0.10694418202926619,0.08831293478609259,0.09004960410605685,0.23139089707287105,0.08592487899801109,0.11085832243751599
0.04748841000466795,0.06510774203203305,0.03883967659859186,0.027445472279242555,0.06237767735074198,0.16453727253613726,0.45658302708496007,0.061651466418722795,0.07596925569490254
0.07057555560080253,0.08166233621311492,0.0689751964749228,0.052461254231638686,0.06477089059042357,0.10914538309908502,0.3715251584809633,0.07413320975470244,0.1067510155543467
0.08075636528268691,0.12745148002986278,0.14108675411364127,0.12447728136610574,0.08267827971413304,0.08197604920416367,0.17445669841732916,0.0736321621238692,0.11348492974820817
0.08539546218949057,0.0965257308536172,0.08603340126160586,0.18359996185498084,0.09743733858447805,0.11239678632291018,0.10336733705119368,0.13315037303969515,0.10209360884202852
0.1252703476227602,0.10644822509561858,0.06721019069626517,0.1285992548077158,0.1109809489635221,0.08547904124065832,0.13535299413843332,0.11947429830524396,0.12118469912978254
0.08165316359718161,0.12042309757106823,0.08056630333955468,0.048617231015157726,0.14721166973458974,0.1648366026548449,0.037842981481096404,0.18466529777225557,0.13418365283425118
0.12756879422677259,0.11487668005480962,0.06430307807185694,0.13379494825683247,0.1030123271036087,0.08671145217480485,0.11269919300694269,0.13726545993131153,0.11976806717306065
0.06529296828292457,0.09818647878438928,0.07262074314924565,0.04807749124161808,0.19144455370317015,0.1800953207591162,0.026098409705968165,0.18800738094346256,0.13017665343010548
0.1103413813128219,0.1232291723059536,0.1083309980190652,0.2031246754534947,0.10031258413152104,0.07175275708072036,0.07384887153274781,0.09459504845380119,0.11446451170987419
0.09285394226453562,0.08824128076771509,0.042990952636695036,0.2320299868685671,0.11442456702042676,0.14400999512908083,0.05109010420658649,0.13587620354434832,0.09848296756204473
0.09035747161220249,0.09889391421795045,0.08272566305172702,0.04160000974013885,0.07195672866665051,0.08290657004341533,0.35458466635322355,0.050495048729040516,0.1264799275856513
0.08432970600683483,0.09012363321577828,0.028397648390228975,0.2825868587893248,0.0923773399026785,0.1474800769128586,0.07497733202929689,0.10200682617430683,0.09772057857869233
0.16673721518013873,0.07521348071645277,0.23587740967433138,0.047346432550961846,0.09962810747561268,0.08371986033684581,0.08621781690275249,0.0831420873288337,0.12211758983407066
0.08032472787658713,0.12255644774428494,0.11821306826506028,0.10379977789245544,0.08817435673874659,0.08000064513803384,0.19565045827923364,0.08880640912606748,0.12247410893953063
0.07843552229845342,0.03455835145971912,0.04794066307387438,0.018367389301632578,0.06852587601746159,0.12217911364005733,0.45801627044248966,0.09251652940005646,0.07946028436625535
0.06796197946962494,0.03440217773403017,0.044190899049390414,0.016283610925463248,0.0627810116700141,0.13227181183105952,0.4809497314006969,0.07565129362323779,0.08550748429648292
0.08491918620291201,0.08136174263139895,0.06474717067137538,0.06370406765681352,0.09156669254678378,0.11571608733680372,0.3124153681275251,0.07961925314263012,0.1059504316837574
0.13058307929437965,0.0763762843825913,0.13681057229228608,0.08015435112792048,0.11211792793455237,0.07915320915768749,0.07320313974764549,0.201936437617248,0.10966499844568915
0.08392389533572332,0.09843559525721712,0.08856605794139112,0.10318791643988685,0.10798421471366433,0.09816721621579934,0.07054081949011272,0.24206711278787005,0.10712717181833498
0.10397618681467953,0.06412416940030115,0.05216646860581672,0.06406192081159738,0.07981966913977956,0.10256164264442129,0.336442261666743,0.09467174553543355,0.10217593538122786
0.11189845002745515,0.12666546393531705,0.0779289281130173,0.1929438901259688,0.11302958226514825,0.15069694670130387,0.05862151409459925,0.054330040998848216,0.1138851837383421
0.13073026954927927,0.08126481600146969,0.12521558684410164,0.11548433470668727,0.09234540221532116,0.07225061516915986,0.10032900479630791,0.17074831542429791,0.11163165529337538
0.083219273421178,0.08392624759143989,0.05014938630012206,0.057153209138786375,0.09766510696303814,0.1122820237500151,0.31448699478472325,0.0923566859148417,0.10876107213585555
0.0896248601293752,0.09747926089467253,0.07606442465093986,0.14408732090576712,0.1261475325970778,0.1732664659295291,0.10066953943698938,0.09270132822965477,0.09995926722599413
0.10715977204923675,0.07510230421227317,0.2916751246372649,0.017601912126952512,0.12025207861260552,0.10940145101052802,0.03576781655512796,0.11909882825259621,0.12394071254341495
0.0576637589609822,0.09492952153235339,0.06101037817672681,0.06534356278582437,0.1526520814870245,0.22008948783345747,0.04356563504119452,0.18962250901009522,0.11512306517234151
0.12459442142154659,0.06555135574597636,0.101475358144282,0.09770773722486718,0.09537827344701393,0.0979580515652941,0.1269885550972418,0.17665115920023214,0.11369508815354586
0.12130760194223195,0.07945553510801072,0.14378213685955038,0.1535901397091712,0.10185999847670739,0.07742292952965198,0.08257343383064651,0.13058524128343982,0.10942298326059008
0.11277734579787695,0.11268852767783899,0.05614366715941597,0.10191238253889517,0.10645352752014227,0.08310072255102223,0.2265324756438655,0.0846117633222807,0.1157795877886623
0.13623746683225416,0.09117294013884465,0.07279848839277688,0.12045120597345733,0.08076288745158325,0.08318197430021157,0.21271370232709796,0.08834858953483231,0.11433274504894196
0.10426410525691783,0.10369200991602516,0.09978319630006884,0.1654589723966338,0.0881773424493583,0.09672784522512418,0.15695775122913402,0.08213518152809231,0.1028035956986455
0.08336956899719483,0.10432167086853322,0.11338725140449908,0.14516058103043117,0.08073025478063482,0.08713359136709371,0.17377200338588825,0.0981594801741595,0.1139655979915653
0.13369630014354497,0.10611868870254064,0.12731771298795255,0.10729208031025478,0.11391532870924125,0.058753580719481,0.1594680686777053,0.06908800458728236,0.12435023516199724
0.17213086212515782,0.07952423197674627,0.07973547899627915,0.06997355352478836,0.13940768668980488,0.0724007780775383,0.055592588572286196,0.20116770379598978,0.1300671162414092
0.08805187319493472,0.06377604556948378,0.03286135532211895,0.07312699821845237,0.10467781645678005,0.20045656956276017,0.20896900259823473,0.12730042691218812,0.10077991216504707
0.10163954000487296,0.0725657806901385,0.050524354654890434,0.0790550256276085,0.07577379163687563,0.1006298148115151,0.3103366907610881,0.10341047382403638,0.10606452798897446
0.06812018477467956,0.12774424694810438,0.07108632372428549,0.1411114870475575,0.10149833948563332,0.09808077982096979,0.06690658366806902,0.20742250223892575,0.1180295522917751
0.054786763597135184,0.0634049615665973,0.07434989104784771,0.02055807729921787,0.17037751420112532,0.28512166340798456,0.033198105981535116,0.1482322988378316,0.14997072406072529
0.08426112741403956,0.16515784987605053,0.1056765361754029,0.11144675720321306,0.09228761405803354,0.08001303945984305,0.14423291577245215,0.08985599954479324,0.12706816049617198
0.09867717644493423,0.10444630522543648,0.07442069281151,0.22760984004051885,0.13826618571372762,0.06673405618027001,0.06283658211681081,0.11228514768111915,0.11472401378567292
0.15678351307644836,0.09510565822264921,0.1488030233822737,0.057397719316857755,0.09797988306966245,0.06161441669389209,0.17026438172887495,0.06759412826471835,0.1444572762446232
0.12013887394240282,0.09832057268168466,0.1062288045237448,0.1484518512129014,0.13622527289856612,0.0961835816111899,0.04665641405253165,0.13665319446195257,0.11114143461502606
0.09712074864754665,0.08705762242992636,0.12515832759495976,0.08458884933899091,0.0912806751014289,0.09145992469955498,0.17954064440208772,0.14026496214850012,0.10352824563700462
0.08161485687254723,0.10633810869356701,0.06658629925452693,0.1276557391230006,0.0931013336459499,0.1102759990131501,0.21027043934403744,0.08223352988639047,0.12192369416683042
0.06634882059763701,0.08073163993025208,0.02821840740149678,0.18267212515365827,0.10383532079101626,0.1990003039474717,0.10655282780455444,0.14871293567863683,0.08392761869527661
0.06826081650948623,0.06823321053384206,0.07801557152970591,0.05840725048616929,0.08261524648017836,0.11583394689258682,0.2900459492619483,0.10937547038496843,0.1292125379211145
0.09681656106861129,0.0957243545370976,0.14281131077690046,0.16212819978414192,0.11087267601806483,0.06265616244893302,0.10445087545893422,0.0946000009862867,0.12993985892102997
0.08445219783102564,0.06388397591994817,0.12816973074781454,0.090485729410051,0.10256238015668895,0.1259271387844113,0.16572334861422655,0.135484474529867,0.10331102400596687
0.07687955356604402,0.09536993045024689,0.04048362646350445,0.12896323419023406,0.08933929752534879,0.14645888304561924,0.1764868698421339,0.15395804507990685,0.0920605598369617
0.10230732035908097,0.06901139991657745,0.051981983212597026,0.04892283277069539,0.09599816219487219,0.08997616237811525,0.3368848658337264,0.1042947158634724,0.10062255747086292
0.14482818504820874,0.1152181397228925,0.05592971480190307,0.13627661371956848,0.12904181621784033,0.08411202134482677,0.08603624845988428,0.11862316274532443,0.12993409793955135
0.11069568842845395,0.11735720096184667,0.05558348380395067,0.11451124026631083,0.10623513039620729,0.07271790588942684,0.18059166597029286,0.10382356706643646,0.13848411721707446
0.11179909399324978,0.14148928734147728,0.085999196141151,0.13263865579814868,0.12700516134216577,0.07340696692441956,0.09895885261088111,0.09450230044519949,0.13420048540330723
0.1003540679514392,0.09043799871045653,0.05974906369966718,0.10492495408073914,0.07174758784747588,0.10576994117442058,0.28567545368764474,0.08448364782415228,0.09685728502400437
0.08115097100968977,0.07435269896840631,0.07349863678553659,0.04213031889920399,0.0812543540144161,0.09795023986457319,0.3857794901133254,0.06441244253836607,0.09947084780648256
0.08253219013308495,0.10523110625459277,0.07595395957612512,0.19923601098395305,0.11835833400198403,0.11852658037265727,0.08959889122168285,0.11311668429313038,0.09744624316278949
0.06537143393133885,0.09792415964070485,0.026088847408423276,0.08013347363127889,0.08860439508439533,0.15026656438384145,0.28618488606809594,0.10807938077231745,0.0973468590796039
0.10032163446848064,0.16592464040413113,0.06792092673918454,0.19418144371780835,0.09258730586410753,0.1091142597221384,0.09017357785246664,0.06836094506031296,0.1114152661713697
0.10615313505865258,0.13800343469609477,0.12176949225128249,0.16369494935710543,0.0994738847029833,0.08082355881843915,0.07520619655149428,0.09950256210487352,0.11537278645907449
0.1013122312062859,0.08565155403598186,0.10558937712589918,0.1292743109197123,0.08529942230325999,0.09316491359400748,0.1101618236266297,0.18600557050334796,0.10354079668487559
0.14331231338904246,0.07435494423073113,0.10238750600457802,0.09601159359618783,0.13361145258233165,0.07220249139225794,0.097631447742338,0.16283664561159703,0.11765160545093593
0.12639483767604157,0.09002977065114977,0.060440028156350196,0.17440090951918652,0.08125195233803795,0.08949559354422731,0.1739855589380959,0.09607412951537758,0.10792721966153325
0.12187797764647042,0.07927889841660125,0.13432829594891388,0.08452430805567772,0.11627594010784292,0.069411396608695,0.07145959456817204,0.21344473594543367,0.10939885270219314
0.06949453115428196,0.09248220307440465,0.10189517013712145,0.08345933803415284,0.08028264232232624,0.113177640875407,0.2517383534133445,0.08464626504842264,0.12282385594053878
0.07432400760614881,0.10294050290311503,0.02336962102804155,0.22243341909176217,0.10760757882375153,0.14425198543329204,0.1128814131440888,0.11165282487323347,0.10053864709656657
0.162702504743671,0.0854634666520694,0.11579019695497288,0.05577634261717404,0.15947166261012544,0.04959486894516348,0.07297495188427149,0.1727998957573622,0.12542610983519006
0.06145486995844595,0.10834384252014717,0.0779450863160081,0.07315027648486565,0.08649910376168923,0.09692457516528463,0.24565015967681056,0.09847274094107543,0.1515593451756733
0.11784082066285113,0.10467455962177497,0.10512329868946498,0.09682399601600462,0.10646223936380356,0.10916124415933597,0.15202270513137897,0.06326248945239409,0.14462864690299157
0.10985692845208916,0.09359429983817648,0.043421849462204586,0.23095975103113833,0.12801978079593934,0.08318634360501108,0.10788347622077325,0.10297418400726115,0.10010338658740654
0.10711790681173576,0.0715080623731415,0.05075610877870091,0.0698368555997617,0.07550785725042514,0.09504567529269375,0.3523955805345625,0.07911864786332096,0.09871330549565781
0.08015002190973436,0.061751156396003586,0.06709280218069615,0.038426148006864176,0.07262493599701121,0.10425931460342701,0.40275853248279425,0.07583339277113743,0.09710369565233185
0.0903451247975217,0.15396883518207424,0.04210999931835869,0.11986724515273646,0.08742653322010456,0.11376176263036847,0.19583115565325918,0.08014088809571362,0.11654845594986307
0.1376555131129825,0.09434615210008913,0.07547427445490434,0.2199807817920739,0.10559825948603452,0.0849868005854294,0.09750408285965005,0.0806282668248314,0.10382586878400481
0.0842216218399288,0.10137636127786066,0.11609327802275687,0.1840239978212618,0.08872147501570145,0.08930932232300785,0.08035268154761538,0.14280062496597937,0.1131006371858877
0.17234013424056757,0.09423963306494772,0.041081079476387006,0.06322302794215146,0.10588378203816558,0.0673573021161528,0.19475647206944247,0.14714964526490917,0.11396892378727619
0.0904206177442081,0.09054022494030316,0.20358565430154876,0.15246292003952697,0.09550573750207215,0.06370148197056358,0.06022406795397207,0.12830093893291092,0.11525835661489425
0.11053838785143268,0.0985253651720655,0.044200305127753914,0.1612331190339813,0.11386591614034196,0.16954459094782448,0.06173823761342636,0.1371905547982881,0.10316352331488572
0.08942029941600593,0.0911747092350133,0.08537901851916951,0.15472466243210217,0.07329344951961897,0.11118273365804927,0.1903557379425028,0.10368800774235566,0.10078138153518242
0.0964191327725386,0.07571727500321039,0.1626813963559612,0.06801221853547945,0.07421005489236003,0.07602128189679248,0.17458939317240496,0.15509935502499647,0.11724989234625649
0.12253429066944499,0.08954000345903461,0.05170332901926761,0.20720572811900614,0.1248677812098506,0.08667923543279638,0.09052186971807642,0.11362436204541448,0.11332340032710873
0.06826081650948623,0.06823321053384206,0.07801557152970591,0.05840725048616929,0.08261524648017836,0.11583394689258682,0.2900459492619483,0.10937547038496843,0.1292125379211145
0.10162336214364959,0.048723631755653855,0.06474697064756192,0.03639614320472448,0.07218503216360707,0.10605519181637883,0.4051316409994989,0.07733576199276931,0.08780226527615609
0.11546244563513282,0.12528698629503343,0.10373599293554199,0.11922352187117297,0.11617974358938223,0.15927374058717284,0.06048937333752974,0.0779751180339014,0.12237307771513266
0.07955414176109081,0.13077560724146317,0.039143630503960476,0.07228142249213333,0.08896938609253634,0.10110156864752322,0.2916421344810703,0.08021217498010713,0.11631993380011525
0.07556400993230061,0.056582399526235894,0.0679066118273018,0.03301500811093528,0.0929863025143181,0.10828384790103968,0.37042415010699337,0.09929865366011714,0.09593901642075818
0.09957549351695066,0.10314298325293171,0.09217167397974531,0.11047875587323823,0.10875028527423754,0.08400207225670582,0.17138256694434997,0.10737861507953567,0.12311755382230505
0.0950045068636574,0.12284851575198913,0.09026593822237561,0.12314533335355722,0.10887256234008007,0.07863736505066166,0.12928663650777808,0.11700567668683352,0.13493346522306737
0.09802274558679826,0.0842294161495243,0.0832817782436988,0.06180052183747479,0.07122517610262383,0.08911776763580469,0.3241364452224235,0.07108943446978132,0.11709671475187046
0.09575729614288353,0.0950362870561658,0.03631185194922245,0.21890800433991833,0.13804870860295013,0.13622173662723616,0.048412847275256986,0.12701952124243052,0.10428374676393608
0.06349474475167809,0.09907726555236351,0.1097529079984602,0.03886603450254005,0.18278621416737395,0.19412979778367986,0.022245045982630458,0.15379642423275364,0.13585156502852028
0.08629400590817816,0.0924871754326355,0.1225272175886662,0.16782556514217872,0.10341004115360602,0.08873587353770718,0.06672897657934253,0.16261074784895724,0.10938039680872846
0.0693890942843642,0.0982676448187988,0.06419984105732514,0.04725657051126719,0.08775747462899885,0.09770929935809897,0.34799891056220417,0.06968667795664525,0.11773448682229735
0.167530289888681,0.11345333136601554,0.11604804707881482,0.12175666518134705,0.12841322701836752,0.07727913916372911,0.06584260580919599,0.0824743988362298,0.12720229565761917
0.09285394226453562,0.08824128076771509,0.042990952636695036,0.2320299868685671,0.11442456702042676,0.14400999512908083,0.05109010420658649,0.13587620354434832,0.09848296756204473
0.04716554290095717,0.06224610065917672,0.03212558211235509,0.020534546293018624,0.06856017577923083,0.1356351589354415,0.4964734746879351,0.059048062053020545,0.07821135657886451
0.06515945232260469,0.10043466230386792,0.15798712009483873,0.10355928064967423,0.07822280282107076,0.09243377663142661,0.16814445068415804,0.11398240256501735,0.12007605192734165
0.07776631229796079,0.07516642317459825,0.1561027209288676,0.09925933393211524,0.08708230869166182,0.13417496550581418,0.12759833623757832,0.14629785151347957,0.09655174771792424
0.09841050283659629,0.10599290373724495,0.04189934844270293,0.12682732277440475,0.09293831731051234,0.12667079702703637,0.1584657636879626,0.12796581245966435,0.12082923172387539
0.07454307503520392,0.08897589665353971,0.2514425605887958,0.016988354437621925,0.1180464412357108,0.1564747069540066,0.021834233022850896,0.19250429482964404,0.07919043724262635
0.11196799590745139,0.08722965801355616,0.21122855980005587,0.12231441761459644,0.08962663587047552,0.06556336134118149,0.09221130118856445,0.09918789800951881,0.12067017225459986
0.1341197330413119,0.09288052838156029,0.13800527256034065,0.07899084832786235,0.1410683230887773,0.06929954059433685,0.07568107276347442,0.13566641730359028,0.13428826393874604
0.0939807265662001,0.09465740160660045,0.17630866330427072,0.11257669860280818,0.09016194029239773,0.07679151329430717,0.08240336699827604,0.1587560601574788,0.11436362917766085
0.10430118579030301,0.07636865040874219,0.0884506678064166,0.08822663816176961,0.09062092217637592,0.09159763420363898,0.18573052479810762,0.16583797699433442,0.10886579966031167
0.08314439244234405,0.10867573951356979,0.05725730644094035,0.14282169273572526,0.10318694544769835,0.10620335288103984,0.10193611653313434,0.19908215788809935,0.09769229611744872
0.1276462105920085,0.1598203368507129,0.05861972515725622,0.09267655594385572,0.1401481601427738,0.12502014777036405,0.04542883406130339,0.089691346112055,0.1609486833696704
0.09374560444565415,0.07990864938447913,0.06700186226455593,0.09979226295097597,0.09044540593984078,0.1313687183933264,0.19147632834736794,0.14609797830530882,0.1001631899684909
0.11486057871114008,0.1100485411583463,0.1488653086924217,0.05875320782158775,0.1368599505001006,0.15760606618858838,0.03358285376893774,0.12530879862722494,0.11411469453165242
0.10447568959511751,0.10931426476580978,0.03584071841471875,0.09494666698155803,0.08801884512867852,0.11256533803253387,0.20884285474960773,0.13163000641132258,0.11436561592065325
0.053331414981215804,0.08568130927745167,0.1061154148692758,0.0680383631534207,0.06071874428602936,0.13832192206267724,0.27595463633196876,0.08678850016071804,0.12504969487724255
0.11509222865331992,0.08670776094844883,0.23841505006696298,0.039432112587104745,0.10947880344481443,0.04539014738240232,0.08523625015595361,0.14534586323383428,0.1349017835271589
0.11503618817061834,0.10620417905241948,0.03631059314968036,0.08644006328092568,0.17533019623152793,0.10885144956290282,0.05297274438949878,0.189375315754713,0.12947927040771362
0.11690951373500147,0.08985708357267269,0.14841279403801902,0.08819996984850755,0.07633463728271166,0.08443299209183763,0.22239198337526156,0.061297113861164876,0.11216391219482358
0.11026479942714475,0.13368591920784492,0.059829989413516804,0.1378335555134493,0.14606506963612442,0.09779937569004653,0.04973476694704173,0.14699156571106411,0.11779495845376746
0.12236695512750384,0.14950066054798317,0.1334741817265999,0.08392973066104698,0.11597046456815759,0.09411734962558942,0.05760526452619416,0.10656782989749906,0.13646756331942597
0.08540589832855543,0.1776197804723583,0.17072975115388497,0.07846283272687794,0.14977452084114182,0.056764205860974117,0.03393458767981289,0.1078213484423483,0.13948707449404618
0.032842926325100545,0.12414019270261688,0.13306652404492544,0.03457935484665884,0.14416714354063584,0.26289187206823095,0.018360444773602894,0.11947127320676554,0.13048026849146305
0.08619311857742952,0.10760216118741413,0.19709400308010613,0.15101817225166483,0.1020337985633067,0.10859927729027809,0.052921041400681774,0.0880648152733458,0.10647361237577292
0.09022764226427114,0.10693362238716721,0.11771753757495619,0.12130533283153895,0.0937546098727776,0.09300973520112517,0.14640483867967305,0.11844025341076253,0.11220642777772816
0.11918580139983749,0.19054731463037367,0.06365943092564828,0.10450617345129663,0.1219751777630758,0.0900745338035087,0.09586587573956673,0.07125959154800508,0.14292610073868764
0.09636255077820459,0.07283815845262531,0.08495809041129383,0.08287216194464643,0.07687911314984766,0.10042638764038832,0.21583370922277623,0.1608141598292849,0.10901566857093285
0.080713576936032,0.10025682080447479,0.04936035023398186,0.08232372107735454,0.07762383224661795,0.11777846965258838,0.29989036920142825,0.09082215591600086,0.1012307039315213
0.060854588199165525,0.10798740475364839,0.09628699063936048,0.10890320804736485,0.06612608696350204,0.11749638147721114,0.23315398583914126,0.09184478717118676,0.1173465669094196
0.11963072456281525,0.11220381580264516,0.0707105343341098,0.1451986832188856,0.14245860228632504,0.08411501329144166,0.03696704178909812,0.18077883323366972,0.10793675148100967
0.11243540161225106,0.10463021815940199,0.04594956552884575,0.17772442580757356,0.12566435317010802,0.11251440586775618,0.08419856530238579,0.11872235694059552,0.1181607076110821
0.06405662654303114,0.09024745445984639,0.07184348256006888,0.09869289820892474,0.10109193601800653,0.17860024400064853,0.11394349607018589,0.1669523923209368,0.11457146981835105
0.08803545744978682,0.11044931092599501,0.18900158416385204,0.10709466074076135,0.12053365026232303,0.08705968539041775,0.07056951051375908,0.10258853747873276,0.12466760307437214
0.10063470251667354,0.13834210862923527,0.10544774181875449,0.09791132319329375,0.13863662100016907,0.08343916946806257,0.08856186801787524,0.1139126074519673,0.1331138579039688
0.09083531625652448,0.12794389156049704,0.07042690889067955,0.1485564423287048,0.07680444579303249,0.09825359450590476,0.21104193391488116,0.07467687385533557,0.10146059289444008
