0.09690257544508979,0.13907946282882316,0.10391591086652253,0.16933033095591546,0.1274402555301812,0.07495452536819765,0.12304454716728397,0.1264791738069485,0.038853218031037765
0.11947678358644931,0.1021205729015789,0.12674330870370137,0.06530282569548956,0.11949721697837401,0.13121153513226133,0.11741356261697651,0.08752993805457132,0.1307042563305977
0.10374770125481282,0.1755421641471535,0.2038284361057804,0.1308618085484293,0.11223904510414451,0.09794331291348561,0.1271171941540256,0.03220959469712428,0.016510743075044024
0.10585248835097359,0.1395399951983289,0.09695442163902268,0.29900472339011946,0.11907291911060273,0.051594204157157895,0.1343271172180315,0.03801811085589542,0.01563602007986785
0.08194539312746431,0.10222760074006292,0.07657638178110379,0.29505254833755024,0.10125412459893725,0.06918738475607406,0.10507422167873944,0.08976237476593633,0.07891997021413172
0.14042264113507938,0.12499813774116436,0.25310413298942475,0.028286625655906183,0.11051279796706548,0.1191332108755262,0.10131914087165006,0.05955767524348889,0.06266563752069478
0.0956854845000545,0.09231301468555658,0.038055373439329784,0.2544443315203393,0.10064927214765651,0.08538943129246895,0.11431874690006516,0.15849007535774418,0.06065427015678502
0.10567634503833512,0.12563196843550153,0.2100995124384806,0.17371986420385574,0.11176401485289596,0.07148900185804512,0.1418917917661178,0.036766558158603586,0.022960943248164528
0.09258498683096032,0.12436692132046005,0.1364528100011134,0.27412375461011224,0.10279833729785097,0.07777061305601249,0.12795018954228266,0.037700840920060145,0.026251546421147715
0.09617979774070239,0.13573786763608972,0.3274265591162529,0.028234449011075705,0.08744722495847897,0.12539143143306672,0.09835164597911976,0.029597695325261714,0.07163332879995211
0.13444688859106696,0.09044292479891376,0.18271933429876028,0.03705862375710279,0.1145386134160649,0.1308879979873887,0.1007215857288107,0.09566068226097707,0.11352334916091482
0.05991619695669093,0.18805927052721394,0.024299188698954515,0.4014496231914279,0.07912987700993505,0.06275616556994316,0.05762674652541842,0.08548196387828,0.04128096764213602
0.11703479784636835,0.09673888573112471,0.06623166721286726,0.13333500106991475,0.11116154444363657,0.12698207662721234,0.12581769428549003,0.07346051659705677,0.14923781618632923
0.10225090171486495,0.09502217929310229,0.04197300599152548,0.09262597903036109,0.10430229934403036,0.1020717378775513,0.11585035938849086,0.17244541377557357,0.17345812358450005
0.09554593668034532,0.12773123707516018,0.05713925253303154,0.2786641747211642,0.1312469804212469,0.08938690839144843,0.10257231434239578,0.08211709971489843,0.03559609612030917
0.08534545440753205,0.10352953710290776,0.06615811862330893,0.2562894110192355,0.10761851144254027,0.10836009576445603,0.11119184845521135,0.13013430063528778,0.03137272254952024
0.09362418329856069,0.13181706479099356,0.08676279914036499,0.3089935652588303,0.11587671535572534,0.08842723875741731,0.0919625424393642,0.0539112401302518,0.028624650828491856
0.08834459859721124,0.10433131536722708,0.08896384112506374,0.052196976081482854,0.1075989429425046,0.12993999654226784,0.10766036986659643,0.21280718911636765,0.10815677036127853
0.07885485092275506,0.1131072324376491,0.09278836533790423,0.0730574372819978,0.1101992806554553,0.21215421364599182,0.11869519150385094,0.1467754990693863,0.054367929145009486
0.07053336849657489,0.0961990757790185,0.03309831809125532,0.3533462018629146,0.08669085084993962,0.12925736766695115,0.09307378993069539,0.10386489953683387,0.03393612778581657
0.152718835092279,0.10681245640258462,0.37184182172731167,0.04477031225919453,0.09643962456858661,0.06301564616901907,0.12092591229723125,0.021471045211576403,0.02200434627221688
0.08767535829683192,0.13372593019292825,0.10371276013743325,0.07814736652104866,0.1227719899735481,0.11633195486192342,0.12820670135275647,0.105663780893938,0.12376415776959193
0.11114542568862389,0.11279437448032203,0.09812156439964222,0.06353831868953846,0.12984623380120217,0.12102315251848199,0.11745984328447744,0.11992123147293195,0.1261498556647799
0.07263318107989405,0.14299420372847801,0.22377320736817538,0.06480760362936074,0.09160086438107233,0.11877720328521564,0.10781459987896698,0.05428941889499659,0.1233097177538403
0.12171475936229943,0.13089629581159445,0.10626939842545575,0.21987233645160983,0.10586094522138494,0.08352831768656217,0.10987422701542376,0.0405790637887884,0.08140465623688128
0.06420507825440325,0.14276038184146217,0.0564149786724007,0.3870781157969625,0.08011670809287136,0.0934037222100574,0.07814857782021802,0.07350418389211309,0.024368253419511484
0.10928252359548978,0.1274426777665363,0.10517107738164198,0.08582629864141704,0.12947002435874067,0.07624647128562145,0.11837591155560812,0.11259441636526059,0.13559059904968399
0.08540037723645587,0.11749147271823102,0.24935610891691903,0.07585093782419793,0.11594958717111443,0.10813438110639395,0.10573714463687818,0.10722326220142675,0.03485672818838276
0.18719782396274506,0.09078614348614471,0.08236697427030379,0.11735442388310124,0.11269257477901391,0.1442736941770144,0.12854011721402273,0.06719999138914134,0.06958825683851282
0.10009829666215543,0.07259434112734152,0.027140138180686307,0.26382152477105464,0.10042026535492095,0.11513794065643436,0.10789477179538304,0.171857806409942,0.041034915042081795
0.08388517417779223,0.11720184861178946,0.16666019825519063,0.11630177514089074,0.1110753547169543,0.15927991884653228,0.12580290640543718,0.08099344478871351,0.03879937905669966
0.11615107835637184,0.09306464106216235,0.05642495310524145,0.0710558632851541,0.10937680426970116,0.11447338292353526,0.1105527503014722,0.16933325981171335,0.1595672668846483
0.1038870624190583,0.11105129464066288,0.1154697715923591,0.1016992875688142,0.12399109884295755,0.13055252079073837,0.11928536250601757,0.10702180533015344,0.08704179630923854
0.11146039157199876,0.11736127306542336,0.10113252275667721,0.10965234017549523,0.11265083423944067,0.09005231550978761,0.11988220401566296,0.07499126198128114,0.162816856684233
0.09733131843824021,0.11025591234954014,0.2678531018926197,0.04952253832511594,0.10297569747569123,0.08662307224814515,0.09984373090658889,0.08498258537003038,0.10061204299402837
0.07350873377606841,0.10761779139378842,0.05120012117316044,0.21537006191686184,0.09711871367503061,0.08327638121523333,0.11089206147550974,0.2003619420787984,0.060654193295548796
0.08750732021749426,0.14551710452941785,0.11026968808462168,0.21926125317545964,0.11982419246008195,0.11354010262871848,0.1269844899194931,0.05980248923093103,0.017293359753781972
0.0873330272512629,0.12191204800326998,0.1873547337388992,0.12212237746213826,0.11850600805578815,0.11391907188469795,0.12506741206247696,0.09796231478202226,0.025823006759444433
0.08036309927327791,0.10365584761429941,0.08521528855681133,0.22356732009143246,0.11327123235547237,0.10904979449895065,0.13033947080088581,0.10848068949319056,0.046057257315679445
0.08925191666422816,0.08744908681294546,0.2386668523255424,0.030976973422930713,0.09824651368430037,0.2103945939203827,0.09472852669870123,0.10769560247828407,0.042589933992684986
0.07871281103460938,0.14082129712001507,0.09586811124928,0.21548545671778585,0.09479277510136053,0.14481906461848007,0.10924059457107356,0.08562637798790307,0.034633511599492434
0.07815504097372226,0.1552911931658765,0.24622158700755992,0.13613078486339744,0.0883694113029299,0.10825010115326979,0.10539382185130329,0.045230839802947224,0.036957219878993725
0.09717909622521609,0.12988061361257994,0.15078790340965528,0.08346733807101925,0.11592881797893162,0.09229820191453646,0.109278801427795,0.1361207372004455,0.08505849015982091
0.08385992468362712,0.10993559457412848,0.044780975594991806,0.37652702861432275,0.10041809692149974,0.07448020886791691,0.0838038540918155,0.09812462489482365,0.028069691756874113
0.09271623506171474,0.11866055427774007,0.1539160685806567,0.08240390224328074,0.1130001562534852,0.15348111291820848,0.12112215194627123,0.1138570365049952,0.05084278221364774
0.0995359720141387,0.1635562627947506,0.2418429433572987,0.1050677978892459,0.1182561294823626,0.08665528404406168,0.13472151772635677,0.034450801724227174,0.01591329096755783
0.12556508911132305,0.1058121915251773,0.17336945069498422,0.05294264623026055,0.11089679948350872,0.12451324727162381,0.11684517539914334,0.06901932422265174,0.12103607606132723
0.09785782381700285,0.10934784989627644,0.16069182900605716,0.033727101184208234,0.11234666787237158,0.0884322912769472,0.09787156394929382,0.15993415416047563,0.13979071883736696
0.08215666741709671,0.1068406704778883,0.055172546545809775,0.12148888570583571,0.10983026944846402,0.08176256789177283,0.12254338467023773,0.19397066012587208,0.12623434771702283
0.0768981898384649,0.11662172163780353,0.20407522013644688,0.07197597961478784,0.09972361749163405,0.2021189092608053,0.11668085762166452,0.06553074584402417,0.04637475855436895
0.06779956675304268,0.12154591143592224,0.0587905095088219,0.3831797270535982,0.09587136771462179,0.05608586095822273,0.08418658102717173,0.08622622138464531,0.046314254163953385
0.1061812253079749,0.12173567523593672,0.11010897049660555,0.22009624073503264,0.10560855790566216,0.07985506793868609,0.12008361663921785,0.06814080196853906,0.06818984377234501
0.12640753599304524,0.08243117393144384,0.17077720077277173,0.02780251943458098,0.11431163800313242,0.1791714309653815,0.09618775781489237,0.14019131351063646,0.06271942957411536
0.07675720351772702,0.10903453375841005,0.09307018620047748,0.055779519512930247,0.10913492563780776,0.14397398687792834,0.11376839750580843,0.1848888330968144,0.11359241389209625
0.0987866678726761,0.11219277200311002,0.0384418670272283,0.1501339084697154,0.12123171044382679,0.07471171009226148,0.12481253686925237,0.1491696757624498,0.13051915145947976
0.07965795842748617,0.12914843695054398,0.03783111721358175,0.3459544526811665,0.08305104811069082,0.11393817927217575,0.090158154936386,0.07707459975843288,0.04318605264953627
0.11139947675297983,0.11347632865862771,0.043572678743255246,0.12353728497779863,0.10912016538322387,0.06950484916843314,0.10898351982899841,0.1751429379819569,0.14526275850472625
0.14540527168062836,0.12909147358532216,0.06827663783178956,0.1997676547556234,0.14567883884837918,0.10511123453656646,0.09887957171084853,0.07491529291865598,0.032874024132186465
0.08960044359640212,0.11412437101959311,0.0929409411292171,0.2661239916384197,0.09944393851238792,0.09304722606064005,0.1332154701475985,0.04845185963347454,0.06305175826226704
0.11340246931730928,0.10554470959588876,0.1804430763186596,0.09267649475829413,0.11631096997576847,0.12194038005886232,0.11978817285069283,0.08123702840819567,0.0686566987163289
0.14368204072995786,0.09714183638708475,0.08495749063596754,0.11399270803777695,0.12963005608393555,0.09295654346726408,0.11137521655729465,0.16942063135514443,0.05684347674557414
0.08408327200646022,0.12847353543003862,0.13301657302924372,0.21661108001212948,0.10784379019899855,0.05954524061688568,0.11381422071092918,0.09154062361450259,0.06507166438081188
0.15360184261557894,0.11326518312115841,0.06784830005256397,0.042638544857854975,0.12095614561210438,0.07633226053095543,0.1003314805877633,0.11682154032203652,0.2082047022999842
0.13690899748686342,0.10239106710258768,0.288978345892954,0.08287047386040507,0.09891344694654795,0.09828230319564084,0.11912494454064303,0.030755655574372345,0.04177476539998576
0.13164480072685691,0.11563467400255485,0.29907116436350156,0.04707584519519725,0.12483804934991471,0.10517725852385355,0.10804538932286238,0.041984943417878395,0.02652787509738048
0.07650594697576292,0.13130805902410814,0.07542340794419468,0.40961247077822294,0.09148184627856022,0.05302656790491919,0.07568763306742124,0.05440065170605071,0.03255341632075986
0.1053246532252941,0.11615101468638489,0.06272975583880454,0.07144902802159214,0.12805901298867797,0.10012728518133802,0.1153027586310143,0.22479112879380914,0.07606536263308487
0.08320729088698707,0.12700504990245284,0.08131674869173473,0.12009686866648746,0.12188911378153401,0.06599715938591262,0.12515071434819705,0.15431198836007887,0.12102506597661532
0.08194141084516594,0.1209772997654458,0.09039287457798861,0.2300355112639069,0.10480190660574866,0.11403361604171491,0.09896210458120468,0.11199711051255362,0.04685816580627102
0.09590355729384363,0.11875527374946397,0.06986773226975451,0.05234387239482874,0.11300090769975174,0.07718189490371145,0.10955815404372392,0.1385136245860615,0.22487498305886058
0.1552334867178761,0.12597693516694372,0.19584332025513443,0.08593748867272889,0.12603053387802224,0.08991974896550996,0.11145481402384137,0.057009814069393684,0.05259385825054965
0.1034906868331638,0.09672367723311444,0.050093928278231746,0.3448635565598761,0.10653181623033194,0.06051820371294352,0.09575799481025082,0.09935764297001481,0.04266249337207282
0.07702755195130034,0.11270320264349797,0.09475756534629191,0.11316606505905313,0.10973889582136469,0.12295864930325849,0.11931868847184683,0.18784153940117024,0.06248784200221639
0.10146683887277459,0.09052105106285178,0.05008854925858938,0.06114750363360747,0.1014234930048602,0.1540504839339408,0.11113174464906805,0.09712055188706836,0.23304978369723936
0.10871647277489588,0.0982059148262064,0.11607957099654807,0.03649121270939441,0.1180327668039776,0.200849833334755,0.1097599577331295,0.14441713803649386,0.06744713278459928
0.10015045033146557,0.10004320210035698,0.0595985260030254,0.3314030302634974,0.10006922961802751,0.0962580886343834,0.11692935875562956,0.06333004183643738,0.032218072457176845
0.09865943985255447,0.10593043469623238,0.1149006060136916,0.020301153693872302,0.10921797422079553,0.15855567032086756,0.09854015820623334,0.1012771955740393,0.19261736742171362
0.09944485441269013,0.1380237114790681,0.1032800509771787,0.09420656698664427,0.12357740942669697,0.10169617751018672,0.12063057990096464,0.13426307568415552,0.0848775736224149
0.07879567821933675,0.12141130554305059,0.09278062929103814,0.1966187475293543,0.10996934176564799,0.1185944067762172,0.13042722302543033,0.10306903056101613,0.04833363728890858
0.08545093514759172,0.10766342650217241,0.08004035302763791,0.19890538959027157,0.10617220839945539,0.17819448466406798,0.10543083683102454,0.10771261158123395,0.03042975425654451
0.09602477168138746,0.12316522051728601,0.13165772429954295,0.28252019252465466,0.10555572135828505,0.07025530883273888,0.12875214410934896,0.03726808386180991,0.024800832814946144
0.1675438906689949,0.10395654980223973,0.23115749009229702,0.04359742092702318,0.11017206264874346,0.08158925502642861,0.10396916364104332,0.04980125582468784,0.10821291136854196
0.11397884831844206,0.11664640552495704,0.1646409357507551,0.1372178644649045,0.12265412488915406,0.08405427281397197,0.12647087701893084,0.08450347731178566,0.04983319390709882
0.08711742170255683,0.10588980150065198,0.07600754827825897,0.17458642465773141,0.10932858294176721,0.07537006800199796,0.11246873073965531,0.20493676594218715,0.054294656235193035
0.0847488640683118,0.11794842982497311,0.09947568065800405,0.17839614225817416,0.10528989486797173,0.1484729644892104,0.09636210054871092,0.12677696841012168,0.042528954874522046
0.11006064653929822,0.10533398861106269,0.26895531660652977,0.12874197875686316,0.11453210796195423,0.06211422964568966,0.11209988963012464,0.0517938334143846,0.046368008834093
0.10819410245575954,0.10619627390084652,0.18166808192407313,0.06921511905070671,0.12405125099741861,0.12179453391875221,0.10986021834246344,0.14510448822406988,0.03391593118591002
0.14780812467596074,0.09675627638149864,0.25298950196991404,0.017151253227687093,0.10819633968732172,0.1576798451341744,0.0988091921308078,0.07925512293364895,0.04135434385898653
0.0662337733005301,0.12502195948388428,0.10901416286839534,0.3546421774225717,0.0764875781459113,0.07519349105823425,0.10767728223938126,0.03011317919177788,0.05561639628931394
0.16308269358512498,0.10656403584408097,0.06497521453468454,0.0548098523172175,0.11493273099281313,0.11585131524065011,0.10496525581895251,0.11237151238749475,0.16244738927898153
0.0975000753678243,0.1449176295975497,0.21217278120032676,0.04377897630610215,0.09618079089585004,0.09783253569901568,0.11202691156325129,0.030286399092946448,0.1653039002771337
0.0753697917989365,0.15318372765195334,0.091950131495577,0.15735051507397238,0.16361434034938013,0.15439185636839203,0.08924893028641591,0.08953622164677666,0.025354485328596004
0.10398430299755383,0.13209887076926233,0.15112577953507722,0.18844759302861094,0.1283810823050042,0.07369888937785786,0.1338296316184312,0.06662489753581378,0.021808952832388664
0.12944201598640603,0.0834474137603244,0.03901949552185113,0.16070184006162103,0.11276434224005599,0.10673116665582184,0.11391039429474703,0.185080239517344,0.06890309196182849
0.1476719731362627,0.11304077373669531,0.09520217932954478,0.16506910992039064,0.13346559468418429,0.09325129039337358,0.10895354072261486,0.10490103525791317,0.038444502819020586
0.10377683890717221,0.1110886599626566,0.0959737745042873,0.17359623853532757,0.0975119884908323,0.11783008605858564,0.10990591484859603,0.09027113344594284,0.10004536524659957
0.08112921374928367,0.10085706109624244,0.041138570581257645,0.12697528416510281,0.09394493020624504,0.14942740795158255,0.1133737564145485,0.18504303528148033,0.10811074055425707
0.11649427346707637,0.13844997670373457,0.13241943583914026,0.06428488194846987,0.13575250456369967,0.09840994222898687,0.1173060345812804,0.1119170597679136,0.08496589089969836
0.0940867055241857,0.10786129652610722,0.13386833713208698,0.049186392104988645,0.11109255034238504,0.1400680539997344,0.11215495008889374,0.06912541792672737,0.18255629635489093
0.12869155203748667,0.10346198008650818,0.06472493638038758,0.09427698771810256,0.09603205340104255,0.132166420406951,0.11676642231020128,0.05993361415438114,0.2039460335049391
0.0996504993317987,0.10429195067163927,0.05483050571347686,0.09504656017392295,0.11127819785323906,0.06517592942348092,0.10747580163465942,0.29781526023404253,0.06443529496374036
0.06235378194208455,0.1214833364154091,0.03131471724749894,0.3069079987614964,0.08941064434361294,0.1510875765517777,0.07445959797174247,0.12672141221602262,0.036260934550355346
0.0956076917540758,0.13963183119752567,0.19870463197932273,0.12485481909121439,0.11105972716047051,0.08962016282010248,0.13386577840092306,0.037722714962008,0.06893264263435735
0.1186602320460363,0.10967262835704832,0.07897912890569488,0.12517062290572695,0.11244064207757802,0.09590865678837752,0.11715385800136902,0.06554405168397238,0.17647017923419664
0.1206671649403469,0.11508905417202736,0.07351339611702372,0.06405585786831992,0.12047711356157148,0.0913361621453268,0.10538215162720337,0.205608307544242,0.10387079202393841
0.1660464360963362,0.11952941664891432,0.22372720906930454,0.09809833800441659,0.11324387363692812,0.07809848084339761,0.12933319823151276,0.03237072995340102,0.03955231751578888
0.07869608636855088,0.11897333664042666,0.12968747412583514,0.24528326801125436,0.09812577781903879,0.11017278561025412,0.10433593293033465,0.07265476138083952,0.042070577113465825
0.08267906414381886,0.10627210688779203,0.20585410871851537,0.07904364056711176,0.11512665555699825,0.12877820306055898,0.11631708820628932,0.09292132601378111,0.0730078068451343
0.11561890177406625,0.12206011226789465,0.15186775635161395,0.16492975605427684,0.11735824909231635,0.09867292147928515,0.12540651670651112,0.061760610437667084,0.04232517583636867
0.10248189249963062,0.10216685507513108,0.3496051112260022,0.03815058294348322,0.09933892285214237,0.10415568698735662,0.09701733785993039,0.05935611443596419,0.04772749612035928
0.08945508658304792,0.09406061633209324,0.04675031855699822,0.3659330732546888,0.09486443952909916,0.05644064147793204,0.09380754057308266,0.11215417213768507,0.046534111555372716
0.11368778947677499,0.12330321724770611,0.20724055003686861,0.062467808345945564,0.11776045368885286,0.06652953175201677,0.10578796375037808,0.0474312157667326,0.15579146993472434
0.06767927076589787,0.11924832143357306,0.05822611646070353,0.38178350171770736,0.0904954670485875,0.06862410505277161,0.1001096752220329,0.07868697328880568,0.03514656900992034
0.08286975913236863,0.11892385916582737,0.05836484620708715,0.08354887844084331,0.11272786536908376,0.11576507661377261,0.12526497393059174,0.1610669458305526,0.14146779530987277
0.09376573655445787,0.1374605444022697,0.06086739336028063,0.364617663319364,0.09837922290768462,0.05812999543727531,0.09330388508609146,0.0557411795671847,0.03773437936539175
0.119193182549109,0.10723666652068813,0.403646901633351,0.018489246699384624,0.09307065041068462,0.08886964004270863,0.09728389771985557,0.038141727182827705,0.03406808724139081
0.07957599758981954,0.14399872102504976,0.10663658452509517,0.20766556330699185,0.11145576003263503,0.05916958161675295,0.11920454661901815,0.0781476014902968,0.09414564379434069
0.12275633599250106,0.1047257074408137,0.11373916477936451,0.07020377940289257,0.12550997512425288,0.1303523159584615,0.11865487676718707,0.1316062478405041,0.08245159669402267
0.07910253453766028,0.1341284449399923,0.26385859496458214,0.11136500100272505,0.10427170111682867,0.09909324553414822,0.11460654383471343,0.07197039584412147,0.02160353822522844
0.11123232236029272,0.09740229752886624,0.07656183563873294,0.19541935267581886,0.0957741875364847,0.07635324209289662,0.12161090955588566,0.06216859668517777,0.16347725592584456
0.09372111402294664,0.10709281276501925,0.10506677922868059,0.0249400289632296,0.11213311065909344,0.14604467080589542,0.1023038056391314,0.18780459687905518,0.1208930810369485
0.0934866903658131,0.1196880424091002,0.12519154978648997,0.14041394116331163,0.11568129972813897,0.08353310013336472,0.12617073594314412,0.09811662453529475,0.09771801593534256
0.11339398363953035,0.18504722105283303,0.15169556595190828,0.12811379422687533,0.14008055708235834,0.06925379911590625,0.16345741291565288,0.03605071306625888,0.012906952948676637
0.14211664701678328,0.13972225983069145,0.22420085041552637,0.09490053477780845,0.09795959939318562,0.11418571536940643,0.133017329001274,0.02752856508945173,0.02636849910587272
0.08708043570200957,0.16277870048807883,0.12402827942719012,0.09332050823583586,0.1282855994398057,0.061879912873616466,0.11478827542953275,0.1193628455186702,0.10847544288526047
0.10129634650089443,0.10523298929882592,0.09522052014494257,0.1962233422220022,0.11757685850938716,0.06298754223323388,0.12120226324546686,0.12786573526768008,0.07239440257756681
0.10906781410030418,0.10413428649799898,0.12459725287552513,0.14456053912281785,0.13071612183832462,0.10899629535355915,0.12425820110098368,0.12174559684951948,0.03192389226096685
0.11838850889864848,0.11366292693794687,0.08352125444617935,0.20976782797760543,0.10957011438999646,0.10404579395614082,0.12756766721393373,0.08855951623714849,0.0449163899424003
0.09133672545975086,0.1551365299663082,0.08160372855261726,0.19588481220594603,0.09806311338724262,0.0992036716659422,0.11993134078189116,0.06903038022159329,0.08980969775870846
0.07701707815010868,0.115244757904563,0.09870622737466313,0.2311654194538574,0.10916782698604438,0.1416807371835778,0.13100399450938513,0.06414812960428258,0.03186582883351783
0.10912860824360493,0.10973729113930673,0.05497848870681307,0.29590430285594277,0.14446855899894875,0.06511345605510592,0.10321022941249573,0.09473992853047448,0.02271913605730758
0.1165629065694778,0.1534941277804477,0.04978232615837911,0.12238091472207514,0.11775247990349258,0.07571019083553081,0.11234184380531616,0.08776085578487336,0.1642143544404073
0.08397754735898004,0.1200309635682524,0.17811517352043946,0.1524376797242184,0.10654526845067502,0.13625540386542007,0.13433642653392916,0.05162844015043266,0.036673096827652844
0.11498113098651823,0.10451086485330603,0.07551711861759684,0.24212051858841435,0.11795344367826856,0.09214400112730575,0.12830278037854645,0.07932153572192487,0.04514860604811899
0.09361291049105881,0.10498878505777291,0.06941920077745105,0.15407878556084678,0.11258775643091141,0.11274159632016585,0.12229154495416468,0.15136102939615628,0.07891839101147222
0.09564635294512436,0.10075997985477919,0.07612410275283817,0.3169983200383059,0.09969444099457993,0.07808888828850287,0.1142474206097982,0.07899081477953329,0.03944967973653803
0.08966823076518421,0.11422777152148222,0.0925640525658824,0.2658238720730408,0.09940928473712345,0.09343367539216568,0.13331261698877186,0.048573078977505464,0.06298741697884391
0.12912701438156493,0.11793933415810298,0.16747835286415116,0.20674767373467318,0.1327937952478755,0.056833604574116216,0.11271118232381146,0.040925234293889286,0.035443808421815416
0.08418534524397199,0.09637324212956982,0.06426596094069535,0.03211011624264327,0.10579553394424306,0.24372987426390788,0.10593357772220546,0.14625893063668838,0.12134741887607474
0.12980152149645158,0.1047236644203176,0.22068540162394168,0.11892380007462851,0.09761884326076768,0.09349141964816259,0.12488493651915583,0.04396898503595089,0.06590142792062369
0.08973260967936247,0.1244529482578004,0.09406080261418685,0.23499198200284144,0.11496941309796148,0.10563031473246631,0.12956873075890762,0.06815112756278953,0.03844207129368383
0.10602199859766105,0.1183997630833732,0.17575149727828954,0.1286595161421252,0.12152636443962632,0.06982297747853276,0.11926175309126119,0.08125087616461114,0.07930525372451948
0.15029975994519187,0.11440611580786518,0.09744877786072352,0.13528772081099374,0.11739069224075162,0.10547516034648106,0.12764786740120274,0.04575261639138515,0.10629128919540516
0.092607369454578,0.11065832859032974,0.1519359045940064,0.12474772258514262,0.11160263144973799,0.14017995713141254,0.11025891601269593,0.09251787453685478,0.06549129564524196
0.1231524083744755,0.11152519959252656,0.2253693328545818,0.10603189505538195,0.1111639522561832,0.11451113191065382,0.1198255655047551,0.0578881172237278,0.030532397227714312
0.09983422273646213,0.09954950652681861,0.04389008442524206,0.25929607173796676,0.08587505798788753,0.15706023573028952,0.10909015554867857,0.0765591865615865,0.06884547874506824
0.14094033717659407,0.11321876780630087,0.08023829060725159,0.15246326479633227,0.12024084629978837,0.13749469473492862,0.11395787028648417,0.10908544403844143,0.03236048425387853
0.1033080420760375,0.11658376508784252,0.12295053559340469,0.04351369952529228,0.11454367323499774,0.09122930797644456,0.10123784278526465,0.18982396998770687,0.11680916373300924
0.10806627549979027,0.11003645731755203,0.2806102930115241,0.05835987610718773,0.10023791111143743,0.14543246514069266,0.12154785677312403,0.043828818380187595,0.03188004665850409
0.10437818433787466,0.10056004717858237,0.1920489805094169,0.07970796002445303,0.11140252791578782,0.14312048099003186,0.11664515286290496,0.07897120315136061,0.0731654630295878
0.14556622234736108,0.09589891024034723,0.11840293117738222,0.04819660060718869,0.11418913812166553,0.1802573235357471,0.11639817918147921,0.06597959953303466,0.11511109525579429
0.08940055329028196,0.10676427991404851,0.26789381577809124,0.09225710092795177,0.09763279971417953,0.14798438103247114,0.11821002156784766,0.04441004630620212,0.03544700146892604
0.11309130125892146,0.11259397177705906,0.1761773458439555,0.10313630916591686,0.11409050947530379,0.1075553247851479,0.12171923903108843,0.0620945902130258,0.08954140844958126
0.09159124216506846,0.09424372059542195,0.06186469173821607,0.21126855150935656,0.10239030404383657,0.16669290968862197,0.12334090199464352,0.08489909280268211,0.06370858546215273
0.12238721545510434,0.11084733401420155,0.25639733227435474,0.027718851201302862,0.11653410019166843,0.1341850625614198,0.10226801140709423,0.07392813670931248,0.05573395618554163
0.15134651586029269,0.10522248394796056,0.042233586813371415,0.07636172018640551,0.12083159584479457,0.10026879540781151,0.1111299305219245,0.09647045970208838,0.19613491171535088
0.08173985953566136,0.10991247110182929,0.17969148681887795,0.143952826654579,0.11819610180250033,0.12981049576008732,0.13136697610666967,0.07222534689471238,0.03310443532508277
0.0806255740710547,0.11249029992750932,0.08779500869411504,0.13026248611824778,0.1108555870697019,0.11179842133751582,0.12219709769474864,0.1634225897849768,0.08055293530212998
0.13714407982751384,0.09856507658642806,0.2764108669363955,0.04324582164157701,0.1094799795730601,0.09629979415509628,0.1074121302373875,0.06289181962280381,0.06855043141973795
0.07520756715764647,0.1281065222953595,0.12725722891462452,0.1299979256303149,0.11486241852975292,0.16962773176402776,0.14139642023827212,0.07480006173066372,0.038744123739338186
0.0785036689054145,0.09148892537751467,0.060119890011703724,0.36292402869068013,0.1002286632386364,0.06960227116222215,0.10645371275753825,0.09659383684180879,0.03408500301448122
0.09769313072705386,0.10014954161028132,0.10793700456058752,0.052600112055572655,0.11237111798939185,0.25012220416722447,0.11599193313835653,0.06989975666258963,0.09323519908894216
0.14612132908183054,0.09987155080963624,0.3143773965327747,0.0601653311557754,0.10600171318581382,0.06954836693816618,0.11194015149277418,0.05203009244810078,0.039944068355128204
0.11152128538817367,0.13276812004206986,0.11667226731720985,0.11051007739026536,0.09569871198193075,0.19641476010638623,0.12194298037799249,0.04834198090634786,0.06612981648962395
0.12724023740880544,0.11645627288783302,0.09305628451664026,0.12156738057644284,0.11674884122200026,0.1767260417051807,0.13427386913341996,0.06002006565796445,0.0539110068917131
0.07768842554427631,0.11023103724158007,0.19077563070136203,0.1010624214387319,0.11436369120226343,0.09931281237780494,0.12083333370638942,0.11316253494352711,0.07257011284406477
0.09387971166254362,0.10955364567525298,0.09581145290759407,0.2305040247151289,0.10622005451300943,0.13300921353801406,0.1314594847455384,0.05928712260377431,0.04027528963914417
0.14477471095816982,0.10700701931667166,0.1621655492844377,0.12748461680412213,0.10524520895588217,0.12326555337057128,0.12590999330402247,0.057074441016952616,0.04707290698917025
0.08841603962863202,0.10001802372937345,0.3271783758988014,0.045150711985026605,0.10116085472173787,0.14327188339560432,0.09604597249712127,0.06271946881628805,0.0360386693274151
0.11158892270787324,0.1108517458208842,0.21832891436936264,0.06501671281385461,0.11726939066521802,0.11402860160054361,0.11333592410644781,0.08953370085442817,0.06004608706138781
0.11482474573588448,0.12273845239734045,0.2270168250926925,0.13846092862603074,0.09847500149776885,0.06437012794219299,0.12387098916677407,0.03980133970249341,0.07044158983882255
0.11400626356928678,0.11346876249053046,0.0610788403320466,0.2780051536446306,0.142087342886802,0.0879119833518084,0.09616253274096542,0.0782191311883198,0.02905998979560992
0.08729511791791729,0.12234575422544969,0.09868728337210292,0.16534819226523692,0.10133184899180481,0.12056966306663713,0.12019247113528932,0.1044454166801146,0.07978425234544728
0.09516892841494214,0.11322742982406352,0.05501178708850857,0.17835563145282254,0.11158742748625357,0.08679410400827114,0.12071980594039133,0.140449288297773,0.09868559748697418
0.10080030543496767,0.09910933470991211,0.07379219866805611,0.24650887448647316,0.1093049113045555,0.08363370410163869,0.12048707226626156,0.09363833550976895,0.07272526351836633
0.09213541999688024,0.1430556081323958,0.12470516877965783,0.15187577659061083,0.11115234458097938,0.13700885400664345,0.11716264246219077,0.08744898163497754,0.03545520381566414
0.10496368531593674,0.1329458901122216,0.05937393118981114,0.10405312889084396,0.1180576422600101,0.11672832836352343,0.12144399677122518,0.14521986277981655,0.09721353431661127
0.08503948559679976,0.12371524802297479,0.18817472196231902,0.049935921725006334,0.11162940422578031,0.1481551571533291,0.1170366139905068,0.07803310842523793,0.09828033889804606
0.12408057731614099,0.11788593823249205,0.17366163078254784,0.03634827224161256,0.11646318669481737,0.09166649454222724,0.0964219873919752,0.13463948397020184,0.10883242882798493
0.12230166017624026,0.10120172036883797,0.09642680657327928,0.26411235927952437,0.10721616226714954,0.08492649681378672,0.11863076361740231,0.07158567964923829,0.033598351254541275
0.09368295969509266,0.10218139554623577,0.044776982195551714,0.09829867938483532,0.10519437192169612,0.07890771085218379,0.11699336282391054,0.16412385949805988,0.19584067808243422
0.07727857685345155,0.0962111670806685,0.029865504467756838,0.28917974639463295,0.09010367172997942,0.12256848974294954,0.10559139869032774,0.12801845809279414,0.061182986947439316
0.13249106090788582,0.10800274172754272,0.1770860275092975,0.07877651766368264,0.11143554724006006,0.1398993690627642,0.12681608436258798,0.06500845307713496,0.060484198449044124
0.14008945927473335,0.10187941540284262,0.1498554679918823,0.032516545566384884,0.12550244388704934,0.12570207097413758,0.09363259279254672,0.17667718128097465,0.0541448228294486
0.08345991940472401,0.11521287154759992,0.3150789182600085,0.08453712936822562,0.10007797779200238,0.12803271580922204,0.10745760887778381,0.04146574541321663,0.024677113527217086
0.1056325027076289,0.09783385708972285,0.26454625236172896,0.02363603430868681,0.1021844175177406,0.17454293087047001,0.09786669247659842,0.08548167165435805,0.04827564101306539
0.09366727494259464,0.10341841338768816,0.21672210191442165,0.047139319498050475,0.10935297830826718,0.2296827531575749,0.10836565961802858,0.06511832057980486,0.026533178593569462
0.08443146515723644,0.09924824695964861,0.07862587624832604,0.10961194996142702,0.10333895024369387,0.1192219559774834,0.11498353483000699,0.16663857663421533,0.12389944398796236
0.11519747696251274,0.09489611244975356,0.07770768164966915,0.1149746868442695,0.12499815448468633,0.16850198819855292,0.12441590127917997,0.11009134631871063,0.06921665181266519
0.10632878468269776,0.10484424090321327,0.11261407364967273,0.1268834403357544,0.12172611396925946,0.09305951793396446,0.12158640112500825,0.14081946260451536,0.07213796479591426
0.09624376489614228,0.11071910148709378,0.058270495914289594,0.1312051004506312,0.09723825278308366,0.1351172703700864,0.1092337596323149,0.11993561396491674,0.1420366405014414
0.11284137047903653,0.07903633313625207,0.05472385591371545,0.023112432231042385,0.10462316540459225,0.18227685048637857,0.09444915681890924,0.2376488577772037,0.11128797775286971
0.08925191666422816,0.08744908681294546,0.2386668523255424,0.030976973422930713,0.09824651368430037,0.2103945939203827,0.09472852669870123,0.10769560247828407,0.042589933992684986
0.09014532019249892,0.11269340764541032,0.11640698585346214,0.1841198602810713,0.10356887778976011,0.11587531625377079,0.11273684328209489,0.07554983594548957,0.08890355275644198
0.07870463601122872,0.1295513132800602,0.20635113944364836,0.16082138081346872,0.09212786256110195,0.14883077380310702,0.12043359416929889,0.032773878469358225,0.030405421448728015
0.08620990158693465,0.09914083722230532,0.17633536863049917,0.04709541358936555,0.10698376934685327,0.1022805239898964,0.10087925493946082,0.12845887540097256,0.15261605529371225
0.11085701671780529,0.10980089198959807,0.2349752275707082,0.0813558871318381,0.12900194918927002,0.10272189256882813,0.10186985154025456,0.08986130062659176,0.03955598266510583
0.11103003859919576,0.10486779762941704,0.283369134595626,0.03812142111245493,0.0969480374090222,0.15289941158451753,0.10610744968786606,0.0374108997466633,0.06924580963523713
0.10556826242716211,0.1417084157497058,0.1889364407950651,0.11836886566112319,0.10862146032591839,0.08837166583483214,0.1065315387885708,0.06695379416899189,0.07493955624863068
0.10462499127452489,0.11595395172978984,0.189593863481725,0.05100634009752988,0.11721772272557095,0.07451385125588174,0.10384785258983727,0.1297623019179634,0.11347912492717709
0.09999791745942509,0.13140744034806273,0.27994215940771533,0.11214943281794722,0.10370024125485067,0.10629147880397688,0.10328091890095821,0.03726146246068388,0.02596894854637995
0.1650766302853933,0.09190390516904436,0.06441617589017734,0.11436720277566877,0.11802096418479568,0.1248915335100624,0.11152069252497493,0.12906962041233114,0.0807332752475521
0.09962308910646449,0.11136928223005287,0.06194732894742668,0.18274891976111166,0.11170790501666068,0.13867336427106305,0.10601266650365045,0.13740835924178607,0.050509084921784096
0.09062151649031618,0.09347050348748515,0.049124797926239326,0.2725508110401404,0.09839484065179227,0.07034638283131155,0.11688276200472168,0.09883778454546548,0.109770601022528
0.11721351908940847,0.11976772912110652,0.3000082134013032,0.06817839792101989,0.10543440802106803,0.07880249902947378,0.10575578849660332,0.06031406096851394,0.04452538395150287
0.09501910195439729,0.09251140453479861,0.043375383686449075,0.19792412300353046,0.10327021972239998,0.13298599573146544,0.10893788760721607,0.14927572709640738,0.07670015666333559
0.11270407769429808,0.11710904374852384,0.09319632153733785,0.25692200015083727,0.09181247082646048,0.08962913522678533,0.10094333241411428,0.0656947307717724,0.07198888762987049
0.11561890177406625,0.12206011226789465,0.15186775635161395,0.16492975605427684,0.11735824909231635,0.09867292147928515,0.12540651670651112,0.061760610437667084,0.04232517583636867
0.10854128117481442,0.13586520588263398,0.11523586692302741,0.10728217316137716,0.12303393727905504,0.14687937534544937,0.13378489929317713,0.07161327411314139,0.057763986827324136
0.08200575436564168,0.10425285658602695,0.049625857413230806,0.16146761874373858,0.10137831810716945,0.07735757130786865,0.11978676699662412,0.137554712068759,0.16657054441094069
0.12569024275787802,0.12494502741157376,0.10360566244907803,0.05481982427593116,0.12699934999899218,0.10538999102123751,0.11510173025002518,0.12146330106453936,0.12198487077074482
0.10222131003714156,0.14530680870905446,0.09722061194511904,0.26510752022205736,0.10740596772561965,0.10181260119901585,0.0991858293627665,0.052033981938591135,0.029705368860634535
0.06844610485100933,0.09629950059225746,0.048417098571129434,0.26551122460468035,0.0950723114589317,0.1007660838459175,0.12994814786254727,0.11809116087924663,0.07744836733428025
0.08974563935732559,0.11161569899107393,0.11437813818369119,0.17946553346499394,0.11087442979625113,0.0980395705650699,0.1268302363758752,0.09028943136245678,0.0787613219032623
0.09755772255585786,0.14907706851492689,0.1545586729335648,0.1191888939172952,0.12306438245644295,0.10448401246237939,0.12709970036500348,0.0976143913604383,0.027355155434091113
0.0968258130186922,0.11178008170688729,0.18116898890527944,0.12414789365265921,0.11467104939598832,0.12888502193407744,0.12773144479162987,0.06750393199578024,0.04728577459900607
0.13424596907245503,0.11366683472090762,0.09806653109680713,0.07786196190545609,0.11607751704975498,0.16143533791235473,0.12833597535184166,0.09124313636297814,0.07906673652744457
0.11152536130563852,0.18388111772283433,0.24786862805679777,0.0600064008690048,0.13040430935525785,0.06665832123766113,0.1486404331509435,0.03802457802506805,0.012990850276794093
0.08721429403326363,0.11842972174138915,0.1591191628021412,0.20395842970352265,0.09852045298147262,0.10232834558053587,0.11248469486788171,0.06990365345283416,0.048041244836959034
0.11589500995364638,0.09880968692026175,0.1071255234338338,0.06375145377536419,0.11549666895502797,0.14286484879500114,0.11635887248489803,0.10011402892249978,0.13958390675946702
0.09005709285909085,0.11219110663884817,0.18008266169146567,0.0644158652622424,0.11560279695487487,0.10752433408978294,0.11541070607875903,0.11188737385973109,0.10282806256520495
0.06591036351765082,0.10469323367374711,0.030666869141771445,0.295400253589801,0.08218168358288612,0.058319050289524055,0.11265378239141127,0.1262133652712871,0.12396139854192102
