0.1018633052980255,0.2896534663662937,0.07679619964212199,0.06100327184143398,0.10343847749353152,0.16092211059656347,0.04929468200608012,0.049053917826400485,0.1079745689295492
0.14190203413188493,0.14994532876280794,0.1207330547476656,0.07539261219371805,0.05081484364392427,0.07996666930748163,0.15161984615374988,0.10500012737657183,0.12462548368219582
0.0945417290670376,0.08301223779398624,0.0842417798644219,0.21095676571984037,0.20799007679325468,0.11601871389002226,0.038605559305191564,0.08277180746697037,0.08186133009927503
0.07631409890536443,0.11122561901735893,0.09978697468259595,0.13784394449950071,0.240466350903483,0.08605124425306614,0.04868681933537216,0.10019190352178704,0.09943304488147159
0.12201650570270066,0.1388177386167477,0.12491093630005749,0.1416340336267745,0.11645871815918594,0.10785058712561674,0.061830822922625976,0.09403102427765486,0.09244963326863609
0.10741095266757232,0.07611507230913152,0.08643212182050741,0.153212623440563,0.13690879510685838,0.1303860614148289,0.07402369807273924,0.1292087335444506,0.10630194162334865
0.09345086042760904,0.08253640739414841,0.0994534741194464,0.1415305188828114,0.15889277565635615,0.11613055526416928,0.07779171203308838,0.12362488327404186,0.1065888129483289
0.17051703946042876,0.09750416295051174,0.08972534397288694,0.11073676120099858,0.10552469651242309,0.14819079128896995,0.08274261730405098,0.10499819841371273,0.09006038889601724
0.14368332510018736,0.08664991549321853,0.0969664459238489,0.09034970818810144,0.11609549913715672,0.154663464812793,0.10536274726971835,0.11327198691047408,0.09295690716450171
0.09520314841402244,0.12506796442623047,0.10536840560396853,0.0695847598289892,0.14762704084716174,0.0792101382348953,0.14611346731437827,0.11121569923680301,0.12060937609355105
0.1383040367385092,0.14113001313754023,0.11244992840701473,0.11483779419241306,0.07170673416908652,0.0854194345696101,0.08931729021821437,0.12562996565151194,0.12120480291609988
0.10177804527554977,0.06329645644855846,0.09320242796189361,0.14925240826204575,0.035769434194477666,0.13745416167693578,0.2049372110145229,0.11564686294336113,0.098662992222655
0.11763342475254353,0.11254564908355984,0.12522616568831205,0.10407155364021577,0.1290393097150466,0.11211674403330013,0.09018179953993105,0.11031847359580536,0.09886687995128574
0.09489356972098256,0.1148218651479553,0.10309312175192731,0.08566471429546552,0.22430735561720003,0.09056874861266796,0.08775759910075683,0.09993231798403378,0.09896070776901071
0.09298707949092459,0.0992554835553231,0.10099447546894054,0.08088318429737697,0.24947716567556533,0.1233606610856347,0.07589799257648139,0.08536452480917804,0.09177943304057533
0.1515903050576705,0.06340349553051557,0.10557701365850784,0.08441696319211778,0.10140293726246552,0.15684268048474068,0.1422351970659768,0.10823423985678933,0.08629716789121601
0.08569396150406013,0.08865122224720644,0.09997711477614517,0.10998412329835923,0.25177469807127467,0.09600559124196732,0.07948140035164523,0.09891711950069733,0.08951476900864451
0.08907496362364975,0.11426118134878378,0.10703303105228497,0.06173248396003402,0.1168033289896937,0.11234057518163727,0.13231369625566522,0.13411245183356812,0.13232828775468317
0.0986719531962964,0.12328004563079958,0.10576187597545024,0.08771065640907828,0.17108563591727063,0.08110291338796267,0.10491922759265378,0.11307682058393405,0.1143908713065543
0.1048660645531096,0.09109072578188547,0.11130974967665926,0.05849804097380199,0.08232806588813209,0.12958486987884502,0.17946306896046493,0.12816654005386519,0.11469287423323644
0.13947498269015488,0.15187064795331007,0.10197246297240965,0.12341667988964154,0.11427554423335012,0.10408827163719392,0.060163120199993515,0.09253182074312921,0.1122064696808171
0.10355432978489977,0.10389052812842457,0.11553011400608615,0.12965314444498963,0.08614410713100663,0.09869537860685362,0.1450840385818218,0.11480410344961928,0.10264425586629859
0.11429882334378112,0.11675218622440693,0.11326604695464816,0.122002131624884,0.14807891517742547,0.0907479418979984,0.09108053900700674,0.10405087982433221,0.09972253594551696
0.1384478128992566,0.13697941110750392,0.11931304401070802,0.10239872652377906,0.065001727155246,0.08800384820724823,0.11774901280464993,0.11723606946487375,0.11487034782673439
0.11339245502588102,0.13760619458977705,0.13643215407366158,0.0590756124229511,0.07158251769882766,0.13491656027114748,0.13763581473630013,0.09871089003950724,0.11064780114194672
0.12204458621661234,0.061568611851084844,0.09525662296443914,0.13341654238910003,0.18449913256911477,0.14768795968026716,0.06781553912539844,0.09987507083675495,0.0878359343672284
0.14243289579489873,0.06998907071319121,0.0903252848988782,0.1090186505200668,0.08160854777867117,0.15676649247916988,0.1222136265472508,0.12625581562408236,0.10138961564379084
0.0696306122903204,0.10085753386265477,0.10342439860698101,0.1538669013355536,0.15765594848846912,0.10988158074049799,0.07093319129700829,0.11879899104141689,0.11495084233709796
0.10744447558060859,0.10959379683485936,0.09977154599966963,0.11918041222062675,0.11169627305936185,0.08621790940238193,0.10325331930420524,0.13503784038314262,0.12780442721514396
0.12334286113336956,0.15613187840509105,0.12803083759695336,0.08989822484785252,0.12464107153797255,0.09076667095323614,0.09520000690353243,0.09472331609134364,0.09726513253064888
0.10282646773834907,0.16795428645488975,0.11055682736837019,0.04208624169417146,0.09602516534565543,0.1145113393770818,0.1408611780980974,0.1024044878150101,0.12277400610837481
0.07645659080454366,0.11901950123846988,0.11724657974809594,0.15074741211523998,0.06457220480168537,0.10861312840664505,0.11004816538405097,0.12025423705560995,0.1330421804456591
0.1032854588328073,0.09846781465796639,0.10635688177367049,0.123943499797934,0.08690316070969129,0.1208949515739206,0.12037103077618731,0.12540018028962327,0.11437702158819933
0.10152131887259896,0.13861293409957706,0.10334018436950813,0.09841879574695127,0.1957177745908365,0.07288857093915908,0.07976348553167777,0.10264365697089622,0.10709327887879498
0.10709221761664346,0.1061398642712791,0.10989875145681632,0.07000091914428434,0.07145654261394414,0.08991517792233922,0.21814124036564211,0.11469734472995813,0.11265794187909321
0.07248923247211665,0.10833960512021053,0.10128616065323197,0.1779011676131179,0.08314185288291025,0.11106765765142688,0.07222650908720733,0.13765033471605007,0.13589747980372854
0.17126357300856063,0.09398616785285692,0.11971136731603788,0.15406057714104562,0.04783205056071973,0.11658427313576815,0.1178898261613149,0.08657949921972573,0.09209266560397045
0.13113562356890204,0.21089282971873446,0.1169420226687558,0.09634966015165423,0.0966455810986278,0.0688038269533061,0.07568917210689466,0.09405389148363502,0.10948739224948985
0.14461664412242461,0.08414108577152253,0.12333516615491465,0.09047484816533485,0.055730269391067955,0.12795999760099372,0.16302014978815435,0.11345006909470466,0.09727176991088278
0.14235181040775471,0.1021987426851599,0.1226242188287857,0.08035301654587264,0.10295638157112308,0.12090626288282282,0.12817409995581772,0.10711189536126718,0.09332357176139623
0.09718697873711934,0.12239303427722877,0.118867516400186,0.10642921255820866,0.16050534221121554,0.0977719056712471,0.09425533796288603,0.1010131025226767,0.10157756965923175
0.18085964603429838,0.1398639795421492,0.11252935603652843,0.11067856776446222,0.045354267628693094,0.10792622721129273,0.09125265932849458,0.1042808701540268,0.10725442630005456
0.09202920091392008,0.1667185840090221,0.110190675855883,0.098126393748546,0.11959507753895526,0.06789163858621831,0.08857567491379714,0.1273683679706399,0.1295043864630181
0.11529701366961209,0.1237644289596845,0.11692914258202171,0.1030461384287843,0.10764300936263765,0.0913827990666357,0.11548038235387798,0.11658069305628434,0.10987639252046173
0.1716419157748107,0.10239827432121533,0.11519424169013999,0.07227919232111847,0.05658527409997884,0.11600558692023365,0.16751680178616635,0.10433623345429148,0.09404247963204519
0.20160624423925802,0.10087134885858624,0.10847018595937137,0.1031753266873681,0.05655630576327558,0.1799979013632292,0.07731834522106446,0.08046262160088867,0.09154172030695833
0.06412448094742058,0.08729764475575369,0.10559845285773234,0.1470169426870699,0.15422251967148723,0.15388755441595925,0.07661920527173877,0.10314162180356211,0.10809157758927616
0.12086750118744555,0.14282827387811506,0.10699761469247208,0.053106909844678786,0.1580617289501353,0.0882929783871413,0.13866442877619442,0.09485979062628165,0.09632077365753587
0.08301375204553968,0.09515484502046138,0.10086618750467692,0.0801096336922313,0.07067522387920454,0.10923945373200832,0.2251277789735463,0.1120127801515835,0.12380034500074806
0.10741444266989508,0.08900371624266472,0.1025409146156628,0.15053332900073196,0.13488146859982933,0.12549893379769136,0.08249166581154756,0.11205218341621066,0.09558334584576644
0.11372881260015526,0.08678447534398981,0.1031723901511531,0.14134579041267645,0.055105141605953756,0.11219287662673998,0.13623240229103303,0.13277542939219614,0.11866268157610244
0.10278380054440883,0.0927606047735235,0.09461025149973946,0.09417744007627989,0.2663629096583884,0.13287774372913289,0.061347653897862835,0.0795427034260515,0.07553689239461268
0.10493788318188411,0.11291376740015395,0.11995949721153311,0.10804890404738139,0.11554408387893335,0.09694010579464955,0.12651418620153584,0.11253848700560355,0.10260308527832519
0.13918502250310247,0.1236153998894745,0.11715167077083673,0.09529212814828418,0.05531509182463357,0.08765523068181592,0.14638265765165506,0.11746108701282974,0.11794171151736783
0.09372767284311762,0.10579288542013728,0.09232294472693521,0.06504303304938809,0.06643224885321493,0.11118133123146527,0.2049053485484972,0.12417976624764589,0.1364147690795985
0.1572347441323676,0.10463575210423297,0.11678285419561885,0.10138222886843402,0.06543490851872154,0.11265901140473329,0.13672819964462646,0.10792614171943754,0.09721615941182775
0.12398457129309831,0.1681604439071509,0.11585102839642762,0.1438421952186256,0.09407043647913427,0.11680043771373488,0.057056297152252154,0.07431010794924248,0.10592448189033384
0.1074678218640673,0.1528292946322033,0.12199991107401419,0.0941189712728883,0.07642780519581739,0.07179358565023909,0.1463762466587815,0.1112366209047584,0.11774974274723066
0.0780886573029992,0.09662970083186939,0.11389082090186496,0.1076363847386758,0.17321044157690804,0.09848980926978167,0.08904799618994108,0.12170096066631082,0.121305228521649
0.1351153950051666,0.1839367861471014,0.11042209278637045,0.10468311769572158,0.11516563974999316,0.07574297098206197,0.08215680523652534,0.09246151352287955,0.10031567887418001
0.15940737357279536,0.12405246182980982,0.11880877093745541,0.12508910220144662,0.06234901131888689,0.09741355458325485,0.1272973688689741,0.08610031175064492,0.09948204493673209
0.12412781823188242,0.1706684262510039,0.08748819771722016,0.09701208316726251,0.17504833492794533,0.1314574371225229,0.05030781067660989,0.07579421654162576,0.08809567536392719
0.12480982978523343,0.17763444819199145,0.1075680950144265,0.0692135216032448,0.11370592562851604,0.084397433499222,0.12196702661884562,0.0895472924466975,0.11115642721182269
0.11361574721401164,0.1548371379583321,0.10795719421863766,0.11328537167117823,0.17074940016318205,0.07857035159695937,0.0687651577603997,0.09012543392911383,0.10209420548818533
0.07896437409007885,0.15295471715929743,0.12327327153103058,0.07637230669625965,0.09346012929314339,0.07621663603985863,0.172028427266846,0.1042926599826099,0.12243747794087562
0.08539229827425465,0.10993985901398355,0.10735028275235836,0.16801030383806412,0.14870331663121159,0.09637197624749967,0.06938930352131102,0.11138701899717747,0.10345564072413947
0.06727488310792525,0.10349042952186795,0.09371725782644513,0.08812078011284596,0.13442243262112877,0.12808208622255512,0.11317074907886258,0.12699910717526278,0.14472227433310644
0.10255741114991163,0.136322509622925,0.12338318389122667,0.1175394630048235,0.06883052367572014,0.08356286813763264,0.1071228213724577,0.12966474220849253,0.13101647693681032
0.14083625761704277,0.15529262462380605,0.12053319606825119,0.13727411830026434,0.06503071591469298,0.08017907978117018,0.08906518699348272,0.10081007851116414,0.1109787421901257
0.11189547438530639,0.11417707424287,0.10484928993537761,0.07949314299258073,0.0979533691775582,0.09561783697147969,0.1164405219564164,0.14165455253129053,0.1379187378071205
0.1017706416755112,0.1803613592215195,0.111654718898665,0.09400812192050878,0.1369508350541697,0.05957375966872714,0.09333336605978042,0.10323447767697774,0.11911271982414061
0.1069283667297472,0.05583208787361991,0.10205729091963904,0.1530246600701913,0.07522870783962289,0.1586923794256678,0.11275063936011559,0.132178720435976,0.10330714734542024
0.13629277662684844,0.08677328954039187,0.09867285878196204,0.1202647140880017,0.15010554700820225,0.13459425415436307,0.0838839324514517,0.1023454013913578,0.08706722595742115
0.10834445031323059,0.07179421435581017,0.09527541594756365,0.07645998621017987,0.18624137822526374,0.160689959411266,0.06773057479462433,0.1217668605201709,0.11169716022189084
0.09157822450396624,0.11329563151225952,0.1060136420868188,0.17155343940223347,0.07551778061743945,0.08927535365416973,0.10048414648988928,0.12918082803937816,0.12310095369384526
0.11490312622332784,0.06203152998428981,0.09379483619748574,0.07986003654240695,0.15111771978307278,0.18819366535788676,0.10241754782376111,0.11582800162550233,0.09185353646226674
0.09420600789077864,0.12115261798085851,0.11260100171433879,0.1465287822076742,0.08063905881083674,0.07914615389896824,0.11983239157122927,0.1256528720417852,0.12024111388353044
0.09449540979105608,0.22525734154709212,0.10874475234754583,0.0672767750729643,0.049470989884705684,0.11654161326265211,0.09616519371129713,0.09399501728489407,0.14805290709779265
0.08834142103897225,0.09159839147116329,0.09844786947352722,0.07238906433026336,0.15258913883145522,0.12648835991467802,0.11750810861352007,0.1297417423491811,0.12289590397723953
0.060274725652241956,0.07231071276818236,0.09364577654169293,0.15236922496869518,0.08477194499231618,0.1562220490743371,0.16394541206062957,0.10534807977474374,0.11111207416716092
0.08601600122431703,0.10534490164270739,0.11427281133931498,0.11594317261704767,0.08858958570097568,0.09157076780118543,0.18205472988826873,0.10709951839324953,0.10910851139293355
0.12944567891856307,0.11613583166714155,0.1077993329078788,0.06725133754962519,0.18359966009237091,0.12355115660573869,0.08668456912144941,0.09664132955862627,0.08889110357860606
0.1048369580191766,0.06744848524314827,0.1127013305562984,0.08802590751518254,0.14654935175137304,0.13537668712337744,0.1434866169551888,0.11069169790900517,0.09088296492724983
0.08382544075143178,0.11933707928385877,0.12129997047463549,0.09241803603425414,0.19756494459615004,0.12260515086149386,0.0702386244611979,0.09877163702626252,0.09393911651071545
0.05726913925068855,0.04177744284463214,0.06832463253802991,0.18386919736298446,0.32241902873253053,0.1904559299512488,0.02463478661563394,0.05061753048270245,0.06063231222154933
0.08459648883537962,0.07297150133984409,0.09168171094321653,0.18828470383503101,0.2182670709672975,0.10533954514444384,0.06166945907214355,0.09589011279028696,0.0812994070723569
0.08446350734254747,0.11405080114245325,0.11380844483841095,0.14449762819858944,0.08098377775487615,0.13029907163753954,0.10470058629846679,0.11020578157677698,0.1169904012103395
0.1447746574958545,0.14503102431753148,0.11899421875008631,0.07972273668751857,0.07947971784935097,0.0865191939179492,0.12575892746522765,0.11175480578426367,0.10796471773221766
0.0881557579769645,0.06302431484260827,0.10001972826576504,0.14902294026464025,0.25815046766595146,0.1286962585186778,0.06697521680351669,0.077685760657156,0.0682695550047201
0.10763130346641255,0.13683566392277022,0.10892315091201978,0.07053161862340104,0.1347454998420445,0.06884326939810659,0.16162996858872994,0.10478355857244387,0.10607596667407153
0.12630359596984814,0.13144570217815296,0.1117391169126567,0.08923850786551939,0.07229217183875891,0.06625240457226807,0.1709451505233817,0.11095636039642037,0.12082698974299379
0.10134536599490762,0.09147871296828819,0.11951624071244947,0.07948648286151756,0.07628340834901631,0.10394423791118877,0.1969734106633183,0.11899120229569453,0.11198093824361915
0.09453587712419231,0.09454170447968324,0.11441807771235797,0.1440001497979456,0.04689652699284096,0.11208885365992738,0.14749808628312724,0.1247978175449001,0.12122290640502509
0.12508686800569926,0.09007153758350196,0.09139535258368053,0.13255913352228896,0.21166407208056037,0.13289382189355647,0.05909567152500427,0.0822798901918419,0.07495365261386627
0.10306461155721987,0.2103289850398963,0.12969159585163456,0.09656087423249578,0.07653370801317562,0.06119290676987361,0.08253842284988869,0.11131120406532198,0.12877769162049352
0.09413907130298593,0.11417842312434302,0.10960279931323376,0.11895946794352252,0.13082058510819775,0.09180020654684495,0.08502560454086443,0.12779585648101832,0.12767798563898933
0.09059897910090646,0.0837194095050424,0.10726306510794387,0.10025320213562856,0.19015958252027212,0.13257782997908038,0.10472994368037501,0.10254256898087409,0.08815541898987718
0.10513474603105845,0.06906783150172317,0.11730726599025605,0.06633506907152063,0.11429353923628766,0.16706327740755292,0.12320884909195166,0.13062916759052504,0.1069602540791245
0.12722857184824612,0.14000212331522313,0.11201703301527616,0.0697967528856931,0.14488922036540627,0.08048862452857218,0.12921547401025574,0.09936264195023896,0.09699955808108829
0.13167873463481838,0.12733419585499023,0.10624066666645604,0.12907905252881494,0.1230107225145929,0.11046457037248836,0.05775049326533437,0.10573884758656027,0.10870271657594462
0.13098436723183213,0.09853879148462837,0.1108288054435028,0.11570950931504313,0.09386398528319913,0.10104927489480725,0.1572692867919227,0.09584908620802517,0.0959068933470393
0.10549652771652457,0.0872790913928191,0.09652581615935389,0.10695967226950402,0.08861302454021565,0.1415545328512832,0.1404226864003891,0.1240693737089379,0.10907927496097254
0.08509889085480966,0.12233694453940991,0.09371289639114078,0.09074858952565867,0.23419670059775752,0.12358968241435832,0.05923075910865838,0.09637316797530464,0.09471236859290212
0.12681755693517813,0.18933446561396483,0.12596651459783645,0.08097742832392602,0.05578922757516137,0.07930139413538324,0.11824281463441925,0.09554476562909982,0.12802583255503094
0.1273245035319929,0.12584077396136292,0.1191586939699676,0.05813618791819628,0.09844037231198088,0.11433779119518228,0.1341511345494305,0.11664858655789784,0.10596195600398872
0.12405865314847707,0.14024279191299496,0.11865388524846654,0.06769739586776206,0.0835717470765318,0.11026003985870836,0.11557305831105526,0.12291933034420606,0.11702309823179789
0.1002314949653229,0.12193801202812282,0.12215828185940392,0.16767393123174315,0.0952106842237664,0.07588234730114558,0.08911160986448396,0.11402395439765274,0.11376968412835843
0.08086065766670399,0.07567014518918071,0.10236189357059074,0.18785332975761074,0.14123929231279939,0.10911119463491288,0.06353509846412612,0.12768473492146387,0.1116836534826116
0.06536479677792349,0.08329642770466021,0.09101244735089253,0.10212743348241231,0.08605937208576435,0.1636483046421512,0.1881926360099493,0.10250779359194669,0.1177907883542999
0.10297731313859243,0.10866068912238051,0.08996744604939085,0.03709409011343249,0.09247401034328356,0.09936439902976192,0.20744352909939381,0.12310180242990415,0.13891672067386032
0.11391197741199856,0.16266165734174878,0.10727496406801322,0.09286233487837324,0.1789424030487962,0.07771194876646466,0.07229514015371342,0.0924054592677126,0.10193411506317938
0.059169963548321186,0.10563509517100479,0.0932597892112902,0.0950489581955315,0.13877409671999902,0.10387538335764013,0.1402314002269889,0.11660488989671508,0.14740042367250913
0.12023348785460215,0.10132380450196815,0.11563902921604734,0.09179780247954182,0.04764184101854363,0.09750439609538357,0.20290609268114154,0.11378544951804681,0.1091680966347251
0.15788068403703548,0.12629177540810702,0.09711183850624165,0.08540106325857304,0.13979537683748194,0.1151861751867335,0.07172856212676101,0.1048939700308328,0.10171055460823349
0.09852045047124702,0.07340159959457322,0.10342060371223603,0.13069382407802954,0.1381195160209537,0.16231038053460747,0.062364211307487406,0.12199223886606812,0.10917717541479742
0.10131344042122671,0.1603916376490822,0.12828922144309765,0.15916767125438802,0.10876305854447554,0.09024100548883023,0.05248114342768668,0.09464148582513988,0.10471133594607303
0.06725894702273431,0.0926138437868576,0.08566447038190989,0.06828985646022447,0.15067133150944498,0.1185442793222831,0.1616145790775888,0.11708923355890412,0.13825345888005275
0.17832218887478093,0.09113014998076367,0.10315871138125275,0.12784256384218398,0.07272865584568029,0.15661396027493185,0.08902887827209605,0.08358987945493522,0.09758501207337532
0.142579212530017,0.1124906706247595,0.11984727395669732,0.0917584001920631,0.06310987229030073,0.1195049203175943,0.12573091206818346,0.11662977396387371,0.10834896405651095
0.08240618481832339,0.12785212203441307,0.12374363800588295,0.24216897488576491,0.06091006100220561,0.08133605435107351,0.05036978693567625,0.11835824074123029,0.11285493722543005
0.13181374421157568,0.10181246224795613,0.0982700237027277,0.10131901327129156,0.042005472045276195,0.11979806080942614,0.1585911479774994,0.12776992084485547,0.11862015488939165
0.11822632006674122,0.11048901740214122,0.13046159407552763,0.059830254100581536,0.10279869313334104,0.13830893853912643,0.13744194199236928,0.10803616552443461,0.0944070751657371
0.07613533963159515,0.1332672454821526,0.11344643971729917,0.1336755015741196,0.0770804941079728,0.0819204468054462,0.1403178965010339,0.11885044874965837,0.12530618743072217
0.11289541800132208,0.10125667702491414,0.10012376923810211,0.08678160404156075,0.12941264085149348,0.24815620150524578,0.05041473467878816,0.07140290702347342,0.09955604763510006
0.10334781382538226,0.12474081339084331,0.11342969568321033,0.06810191640364453,0.04834218495676201,0.0913427810332074,0.23424752325849663,0.09659618485931072,0.11985108658914274
0.09384095014618378,0.21400616965408012,0.13345957560579166,0.0907581304932502,0.07916034112073038,0.06221094737363551,0.11117445960617267,0.09456362832981001,0.12082579767034574
0.115497486828444,0.1624187865050888,0.12749983856987948,0.07884682600910185,0.08772570136634839,0.07286628284093301,0.13621330201680285,0.10066444319849592,0.11826733266490567
0.07774518967412065,0.1260422267012404,0.12050915831968646,0.13155073549849078,0.0759928737762695,0.09071783749441316,0.12533929779857864,0.12675317705255,0.12534950368465045
0.09713044430390806,0.07564184109832274,0.11268360540339918,0.09873056575344318,0.08179620421613078,0.1292484965954173,0.18299759147172215,0.11584066342453798,0.10593058773311848
0.07891046489361325,0.122235510200629,0.10842794496106806,0.08756893900890082,0.11352442459377671,0.10685763291013832,0.12305302613557322,0.12858662897743353,0.1308354283188671
0.13951449791696283,0.1525061095533394,0.1185418066366753,0.1183622353412465,0.1039021272097093,0.08708897606381545,0.09229258983958523,0.08653893257882046,0.10125272485984556
0.15225859430088418,0.09896365378960098,0.12026233513270833,0.06401056420943564,0.08034943308986116,0.1153719953592428,0.17318974966815326,0.10284951644666192,0.09274415800345169
0.12000766781256117,0.0866303510642404,0.11456308894881201,0.07893400836735627,0.17711257544446254,0.1265206645595319,0.1195272678082719,0.09429222954037397,0.08241214645438982
0.15532580254673825,0.12509171365464103,0.11234631554085428,0.10353305835225439,0.07773251075470604,0.08827658834372755,0.1196487347723197,0.10965558780250555,0.10838968823225324
0.15546945907056223,0.09088121375329482,0.10663005995642394,0.04402075764433324,0.0791481414673403,0.12507600479036263,0.183053736894039,0.11470517146483301,0.10101545495881087
0.12074125810936549,0.08743399312571791,0.08678604477209272,0.09752292796806404,0.23541595584015726,0.13745936971188627,0.06449295967281526,0.08404115200008522,0.08610633879981576
0.1225317409913849,0.16905194944991095,0.11767132365599088,0.09249409723528722,0.14040714722608186,0.1168517867334543,0.06321321819653622,0.08558848239588467,0.092190254115469
0.09618515901071184,0.11470493484791473,0.1428215278219728,0.08946234642406507,0.1336000481599768,0.12541256397242842,0.09613844382129672,0.1009975049174005,0.10067747102423308
0.08809195998015422,0.12103643252444246,0.11740865367010352,0.12171604483603898,0.11587273120556263,0.09763937635365577,0.10211769089447771,0.11765062199871491,0.11846648853684981
0.10960804576951944,0.0946452309809372,0.11461436936034029,0.1247420772360528,0.09003517569483173,0.11013223256731762,0.10738262834286616,0.1309879223787543,0.11785231766938044
0.10980939018288598,0.07568912334156325,0.1030590009309494,0.05565731117741136,0.08058982366092339,0.14349747238897967,0.19656234488811122,0.12413747740097282,0.1109980560282029
0.116684427643539,0.08606454359623605,0.10877855965785899,0.17613275011404841,0.09066137881417385,0.1155822581932544,0.08031548875110665,0.12282443424354296,0.10295615898623972
0.13399454381077383,0.1550985836876216,0.11677688549050734,0.09502854649915439,0.08569477370253013,0.08143835899942575,0.096857890375133,0.1143467877681638,0.12076362966669014
0.09874710525507856,0.09799003891858177,0.10908374629364487,0.14803152192165694,0.18123652512679836,0.10238567186248333,0.06584962720037925,0.09826061917928397,0.09841514424209293
0.09230236853788504,0.12875593602360172,0.11594933917265048,0.11580841153780902,0.10973622470523893,0.0897269077589873,0.12973232083361483,0.11053565523092806,0.1074528361992846
0.12830764163275712,0.12787686164470338,0.11641241115247186,0.06001397628080727,0.0615197689831369,0.07027940935508492,0.23763864909222032,0.09326794987805496,0.10468333198076324
0.1434294207795513,0.10564176620425904,0.09797167285378934,0.10254965376943885,0.05722409397213165,0.11220608907679532,0.12447492200322648,0.13284234182002264,0.12366003952078534
0.1385350014803777,0.14640516040498117,0.12106378873812111,0.09019583707613858,0.09627865906451948,0.07764561212757842,0.13065766636247123,0.09529759446244664,0.10392068028336571
0.12584697293236732,0.26234124487447463,0.08710534139111897,0.056062221908614485,0.08577099154290387,0.08827111562411429,0.11215080821812097,0.06138595652964446,0.12106534697864103
0.1146656342484413,0.08981077832637692,0.09547577754005349,0.10280866154552659,0.17245372030103223,0.12821790807977415,0.07134221507543487,0.12106464191789672,0.10416066296546377
0.11624410253836764,0.11379470590348002,0.10909179236245949,0.09659182859166658,0.1278867702589093,0.08290780790678869,0.12687826220081597,0.11368623077031843,0.11291849946719389
0.11009012664439378,0.08650951265986052,0.11955607006653331,0.16199055230343595,0.06579811355017108,0.10738685961245682,0.10929001301165316,0.12824584823202181,0.11113290391947356
0.07536892101850366,0.08379916678233194,0.11306645682626255,0.07401525194086266,0.21660095955953582,0.14281997059961007,0.08565987951168229,0.11007520170426184,0.09859419205694915
0.10781566014681195,0.126461774063889,0.1146184561454746,0.06860419779462666,0.1398324760054673,0.0999370749455687,0.11897804899813326,0.11610835453162888,0.1076439573683996
0.12038598301229475,0.17334647302532388,0.12049726944520726,0.1359866647964372,0.08253806382890361,0.06173960812473265,0.09512963136601671,0.09966832373463462,0.11070798266644925
0.06485284622187001,0.15288716858519233,0.1134076829929378,0.11936368818264866,0.0820659273800961,0.08373985716571834,0.12774030822185722,0.11059635266174256,0.14534616858793692
0.12033399870291779,0.11040386347703111,0.10889303191123297,0.07325388796718212,0.08376400328479021,0.08320276021792423,0.17622882710677068,0.12167848327851982,0.12224114405363103
0.13013299409750964,0.09586476687600298,0.10767668864964101,0.1327811861776714,0.11172888374991478,0.11052827622777851,0.10712988407943703,0.10084994798666196,0.10330737215538266
0.09817503523613745,0.17769890732999113,0.14436075466631482,0.11262626430211599,0.060565489569397106,0.06664744854964016,0.14425956165382722,0.08513550469277066,0.11053103399980552
0.10578616388588813,0.11611510399910169,0.11383133326263654,0.10878373428592626,0.09570747397153485,0.09786964317218087,0.10667246149119042,0.1302396094620867,0.12499447646945457
0.14277697697037908,0.15730341327135214,0.11969536146072568,0.1539787726870496,0.054482119123366146,0.1292886760685059,0.0670388828025498,0.0670750392600263,0.10836075835604542
0.09059355977249038,0.11797557590065294,0.1094873602764845,0.11021067740842604,0.16720131101425414,0.07861915065073104,0.1225885764217511,0.10281847227290748,0.1005053162823024
0.10077971722527296,0.08982393176768604,0.10292731529337203,0.11437810138070631,0.0405970477035714,0.12069742803258231,0.2200442455164531,0.10205056176618917,0.10870165131416666
0.11998755700813417,0.11463022125525728,0.10915052762047577,0.10193672977078737,0.06142419240049723,0.09807122377610833,0.1348149899744492,0.1303686771247722,0.12961588106951843
