0.1754048847779132,0.11743835026255363,0.12208283500183442,0.06261467260705371,0.07907937352474158,0.1053865684151649,0.06580886038513487,0.12643254831015485,0.14575190671544894
0.18718987048316182,0.1140476081607202,0.10209276688300035,0.07514041060377206,0.06916961445843622,0.11510426854951629,0.09646760806391454,0.1363611122856274,0.10442674051185101
0.14814293608196488,0.12541254112666003,0.08788784721212488,0.10227116715073532,0.095628515681302,0.1531790698084589,0.09937606232655218,0.095893613080811,0.09220824753139086
0.12585465313314947,0.11488281266322581,0.10017014814930907,0.0707102499941006,0.16367736134030372,0.10538220548550607,0.07834326603663454,0.1428982650043357,0.09808103819343506
0.18627438640599392,0.12773064205303705,0.09264638765963784,0.07013246353211894,0.1110283826671777,0.11980381105564042,0.08823248038831777,0.08773057218436975,0.11642087405370664
0.13628604072773784,0.11159750815936482,0.08769883301982621,0.08135774409127687,0.12090026610510902,0.11913285764263419,0.12877933080395645,0.13194630959710146,0.0823011098529931
0.10366389263215436,0.11856661627203625,0.09693288835215812,0.1529137262678608,0.1107471686486153,0.11479687237112145,0.06354466780214975,0.10331621336231356,0.13551795429159044
0.13287671288901112,0.10377383447978801,0.13211919122880203,0.1091659111042838,0.04120731271341487,0.15031181478792774,0.10772736927140036,0.10184471138486383,0.1209731421405082
0.09494036068697514,0.0989248898652302,0.11756204510883295,0.10884580390842695,0.10102229195342528,0.11305716102588521,0.13176874030168276,0.13286954311478721,0.1010091640347542
0.09443289745620098,0.09570289347778164,0.09766931175759215,0.06936537196180337,0.1712841322086436,0.11600623895293294,0.15393746313843604,0.11928059635346243,0.08232109469314684
0.10981859639351839,0.10770374961363499,0.08981553894381857,0.06992528713707256,0.1725361585566977,0.11322965901740052,0.09608515548991414,0.13657636907108678,0.1043094857768564
0.12192688257523097,0.12769444100406496,0.12905152014276122,0.08064845295126187,0.10603720914989927,0.11868952202679084,0.15871651345423984,0.07245218380591041,0.08478327488984061
0.10110104647805102,0.09092021089349696,0.11700392676587468,0.11432651402588884,0.09790549483402768,0.1007640941891,0.13239571745056344,0.13352765289636007,0.11205534246663734
0.20999833166818851,0.09802720007715819,0.09861402489573635,0.06348231833932401,0.0711021305737687,0.08062843501663851,0.10751559665904165,0.17875030601953376,0.09188165675061029
0.08974590958311286,0.11258758370049603,0.1285039236742009,0.08644277894809065,0.11331675977091919,0.11014285811469171,0.1194386744697609,0.1250443056162036,0.11477720612252418
0.10415737794814788,0.11713289354483268,0.09674817634463055,0.06838081791110807,0.20775872557535835,0.1255566971378579,0.07542342195867116,0.07791311081595849,0.12692877876343486
0.10594508562494624,0.11369119713216796,0.11750991526540701,0.07679603970359185,0.13896024260114204,0.13493565237099397,0.1444240313074581,0.0805661510903461,0.08717168490394678
0.10474734985904187,0.10905206504680957,0.11375789716293855,0.07784900701892578,0.1402505533293009,0.11472689804259108,0.15340387645293205,0.11276719961570585,0.07344515347175438
0.09968258516591681,0.13421701417604856,0.15381058936810366,0.08136293151799268,0.0910566692077669,0.11593146293860675,0.14924624364576686,0.08600344212240178,0.0886890618573961
0.10426986915234664,0.10688209070050658,0.13624478571826912,0.07844859633863922,0.0938521938400562,0.09817056351099034,0.11300607769981923,0.15460582015938804,0.11452000287998469
0.10159838594741845,0.11485789098680715,0.10112127040587819,0.07998833507621493,0.1414499208360961,0.1134627346456591,0.07095540552037352,0.11592825214105572,0.16063780444049683
0.09616458748140928,0.12262711859606895,0.10069515189201937,0.0741986584903682,0.1611815882725197,0.1307854822104352,0.07894105099259939,0.09742457157426106,0.13798179049031886
0.09755616402578715,0.12421093496494577,0.1176823669700431,0.07349617447257856,0.1401404282109426,0.12253072962610316,0.13342293445306605,0.09273202163760975,0.0982282456389238
0.16097653313694596,0.09750930222983008,0.10612699854361475,0.07724309516400567,0.08408219923502619,0.1112897642003035,0.14612839908036515,0.12717645489894217,0.08946725351096653
0.08657205551889895,0.10729150355996064,0.115952845559024,0.09755673054774482,0.11781123312122894,0.09741794960303551,0.07450875739277114,0.1680195969515509,0.13486932774578514
0.0895561186149622,0.10576460409073363,0.10309484828846426,0.17534887320215556,0.1267959787071299,0.09785053759194391,0.07018956458313731,0.12143323967235785,0.1099662352491153
0.1818295370162741,0.11586950296344783,0.06323420587603285,0.1783850127307979,0.06083077747211025,0.10694773050185867,0.06747107641404747,0.14474129800236848,0.0806908590230624
0.1244864244638849,0.12742740303679242,0.11387234388052818,0.08315496058578908,0.077064919538853,0.12755895102564216,0.1167695774717281,0.08220331696507144,0.14746210303171078
0.15118787066261288,0.10145964863827113,0.12633755005868907,0.07839172379055757,0.07876483352145634,0.09792083477839557,0.20343307317808335,0.08961620777239941,0.07288825759953471
0.07979987964356598,0.13875062641579874,0.09430870377533707,0.30177268805198987,0.0801424991691645,0.09367410770556918,0.03444522304595426,0.098960450243333,0.07814582194928744
0.10593716537969715,0.11434648976604848,0.14744701310397765,0.2139719099922646,0.06402648416862167,0.08271986442752283,0.08693789454680619,0.07655428966941051,0.10805888894565091
0.1025642549064623,0.1280510484368356,0.10983899203216292,0.10601431729247046,0.12772463434994163,0.14292666498797893,0.056648509360506805,0.07669501706151083,0.14953656157213055
0.07930078202998524,0.10104429394846588,0.12062812545374064,0.30462957655094375,0.06920606123403357,0.0731880486057906,0.05902301292875972,0.12455598129829822,0.06842411794998235
0.1268399842719528,0.09578624228882378,0.13595190665190193,0.07549122095097505,0.08563304562149698,0.10661530048913022,0.16074190846756042,0.11290757491396168,0.10003281634419708
0.10994954259056154,0.13098552599689406,0.14623466089906054,0.08291948727096428,0.0821274850596177,0.11740890465640991,0.14289165162256295,0.07511173943682188,0.11237100246710718
0.1165682738210837,0.10309266425743635,0.11459928076001007,0.07205565661242357,0.1558907810316196,0.10547129188448141,0.13702695733191847,0.09733381144890701,0.09796128285211984
0.09776678542287776,0.10158775996665388,0.13874125377666302,0.07758561138392878,0.08943546267860884,0.1042325441025103,0.17201342725068472,0.13787741144234103,0.08075974397573166
0.10848747163996353,0.10830383718974763,0.11322688807983543,0.0720730063350745,0.11347226847855195,0.11125120486573044,0.1182173150108421,0.13600296201639028,0.11896504638386414
0.0946581723398874,0.12193844134050973,0.10791176488453484,0.07404163748300482,0.14238118674909742,0.14232071758420123,0.11925405021409086,0.10368706409850942,0.09380696530616424
0.14856490814021683,0.11736052068675146,0.14221755772006509,0.07931174859719586,0.10418736281252734,0.10469644866049987,0.13114551433033453,0.07703170330321814,0.0954842357491909
0.10956186225591291,0.11038989785251611,0.11752196095190919,0.16460550775060045,0.07974017537761752,0.10395780879470173,0.09463434577993453,0.0955774687911623,0.12401097244564528
0.07610437498263094,0.10951239598253598,0.11161316795822,0.30597571713250354,0.06677273493088105,0.06125882107484234,0.0545421142077454,0.13852266464708077,0.07569800908356
0.10238785380318476,0.12844063980423362,0.10881892937080612,0.2802835365858782,0.05773711647907154,0.09084187387705817,0.04634594786031052,0.06805359291617295,0.11709050930328414
0.09133376740797435,0.11900238457051271,0.11171894625680123,0.09634857030960593,0.09442874511452193,0.12306722218370585,0.10398224199111317,0.13807203124299583,0.12204609092276901
0.09387549872283889,0.13399295520662471,0.12865166918300633,0.08528358681457432,0.1006648125827768,0.1187520412500329,0.09307794335533169,0.13091504536247786,0.11478644752233658
0.10709079507148012,0.10023205556199775,0.11741671173401436,0.07275197853795326,0.12404069688983738,0.10772464353671714,0.1317804549393007,0.14905588862145677,0.08990677510724258
0.17751039789819348,0.10854748023966909,0.08984313599670486,0.10262836411141253,0.07051002908846067,0.10936280331486838,0.1296186108298001,0.13689575858787353,0.07508341993301731
0.09235820315812339,0.10913919587452532,0.09726597475782439,0.07841033290192456,0.15460997943515356,0.10763505033846284,0.11093360339267089,0.16283459893838725,0.08681306120292775
0.07388842821205271,0.0864403533650631,0.15995036506657298,0.09902119973587488,0.10083969922705016,0.08759916079041112,0.17604554706322398,0.15159446381956668,0.06462078272018429
0.167160139119903,0.11700257555283555,0.10172881564672422,0.07978858140919497,0.09353678015751671,0.10895354608950121,0.16075798906439984,0.09633031760857602,0.07474125535134855
0.0814104719686635,0.09291485730628585,0.12881282717320222,0.14880020035510225,0.06860655640130105,0.09920157099710362,0.1363553639159035,0.16124021758124663,0.08265793430119134
0.10336659745781966,0.11753910353320866,0.09614059953672201,0.06970092638367599,0.20857362358167564,0.10938528650023475,0.089587378364488,0.11715049798116688,0.0885559866610084
0.10656854176021115,0.129973464519241,0.12029495602285278,0.08543636538276582,0.1423873323860226,0.13119433297411573,0.04760562201878108,0.07742248978263953,0.15911689515337038
0.11125601381853527,0.09458421751970332,0.10573679487054628,0.24722557616396731,0.051140578024285156,0.09077232859930189,0.07765344874200646,0.10247587795171452,0.11915516430993989
0.13784394860393642,0.11246355663562786,0.15423298479179,0.08737135636029875,0.0760280624504444,0.10578914913507292,0.12548962386946483,0.07227534278670665,0.12850597536665814
0.13542266391677826,0.1339538452666202,0.09540959940955929,0.07983018282180543,0.14070389385068557,0.14525324656306707,0.0884750456426792,0.07178620263327323,0.10916531989553181
0.16119726778542828,0.12256881984871819,0.1127003174104777,0.12408416320384807,0.0659627506044841,0.12243914891097658,0.1357850526543858,0.08525341675711079,0.07000906282457053
0.10800523192883822,0.14294655695934302,0.11296741757059854,0.24867975056684696,0.05745856389428344,0.1069343743852819,0.053241854238979903,0.06379677735504972,0.10596947310077831
0.1529669035187988,0.11771203335182684,0.08834507041372865,0.08155786022062363,0.10806959324462184,0.13659233240536317,0.09184417145594487,0.12014879638075193,0.10276323900834028
0.12163401188804339,0.11761725605231765,0.10844674022024202,0.06900351565344393,0.20076279270481803,0.10834640586890361,0.1051354256674651,0.08409020677155742,0.08496364517320894
0.09474028897863292,0.12498284665325105,0.10913108761352529,0.22666639015453705,0.10555727114774045,0.08816940310150924,0.05411345796569191,0.08681028950527499,0.10982896487983702
0.13519594142921817,0.14982557220644446,0.08909702998277623,0.133008841103093,0.12427688524862275,0.13624376905399585,0.1108780359621392,0.05239235197880324,0.06908157303490707
0.09760802080434884,0.0978170306357779,0.12510714658949126,0.08769719075800952,0.10530035870358255,0.1164382451357807,0.158783858313888,0.12612477492807997,0.08512337413104125
0.10410553108883243,0.10460545272691933,0.10950016492011938,0.1648693675536703,0.07796761465603169,0.10730591087040801,0.08788652856581809,0.1177616307185692,0.12599779889963159
0.12133835694946686,0.12376159298819862,0.10831362626013868,0.10247465531104523,0.1352324353162393,0.1157148851493765,0.06449216628002148,0.10412106200411919,0.12455121974139416
0.09649282819173267,0.11307020386514764,0.10409728286924864,0.08015914209800243,0.13774820153230236,0.12259879612444884,0.09607346513233928,0.13434228421336256,0.11541779597341568
0.11507398628035366,0.11652088940988758,0.10172355727487309,0.07245576634244605,0.16559147904086952,0.1171223138838499,0.1237556022105873,0.09073474915841843,0.0970216563987145
0.13059247250150685,0.12899272206835394,0.09597776653717509,0.09871786778767279,0.14991308161463812,0.12959125975677488,0.10016474767620424,0.07755084860111963,0.08849923345655443
0.12044673176846317,0.11832848911527005,0.10232411822083405,0.06431903110180485,0.14840742128940962,0.11780985034894804,0.0712834905017876,0.1144321152215096,0.14264875243197309
0.09778566210887511,0.1228592592816609,0.09977873126919341,0.06982804891401838,0.11849846745601851,0.12698510418997425,0.07386023091810581,0.1472998049122103,0.1431046909499433
0.13527690642174495,0.11754301087444635,0.1231671626776432,0.06767428005527099,0.1672034180450844,0.10618118015018592,0.07637670506869466,0.0634879658688034,0.14308937083812612
0.13119025053307978,0.10542429047796276,0.09188929750717506,0.06796666884991787,0.16034760053684763,0.11029599155063802,0.10092282370532012,0.11996996234282037,0.11199311449623843
0.09356004721513478,0.10802840786871633,0.12359767473646055,0.09576910851066915,0.12918408730369288,0.10686263485927712,0.1310641253632285,0.12487095674548447,0.0870629573973362
0.12021442389225111,0.1223916666504773,0.15114938894305985,0.0891945457313824,0.07905812437795375,0.10951655855936464,0.17737380939038694,0.0731552756324519,0.07794620682267211
0.09735396959055276,0.10905943974285552,0.12511303829978168,0.12224952052821836,0.15018794745810818,0.09529213413132687,0.0928372617743493,0.1011542885084471,0.10675239996636032
0.11613263809385121,0.11359339018155477,0.10422951115703631,0.0764539943998839,0.16196541655496352,0.12343566987733767,0.12183982311807318,0.09918407283464592,0.08316548378265354
0.1618082730223581,0.10944683649680804,0.10301506636383552,0.13145158555477807,0.0714941859101063,0.11093419441249397,0.15823909720250792,0.0827764400220454,0.07083432101506676
0.09569050862092689,0.12496656368662067,0.10690521657191017,0.17360108852986147,0.1158485435053808,0.1154299135344511,0.061286754941734835,0.11647481236832125,0.08979659824079272
0.08766350022419915,0.12115857346579857,0.12898403543794948,0.07767713206723388,0.11030789113363743,0.14480623814199714,0.11039106589671734,0.09976416566217199,0.11924739797029504
0.11266114925313735,0.09207961156905613,0.12416099161767469,0.08264986479903004,0.08869260748859298,0.09939317812340827,0.12944767768177207,0.15220957258392964,0.11870534688339897
0.12524368126385804,0.10624887523602534,0.11292308508474914,0.0924519777669976,0.09225110804999027,0.11759932608028338,0.19697191259137303,0.08960997125190101,0.06670006267482209
0.10908515596834549,0.11680179554826742,0.09156533940823434,0.18058919769369422,0.12760813354592118,0.08813280627767289,0.05853894389157682,0.12710233228644155,0.10057629537984603
0.09640895075105466,0.10321419587104617,0.1307350712545337,0.08814338159692886,0.08309552121490371,0.13795493133668502,0.13071936506945048,0.12502336810061374,0.1047052148047836
0.09766716671060786,0.10777085488233817,0.08584444855765778,0.07537380622417261,0.21926549890125438,0.10218299395781333,0.08277494733250039,0.14145937230085012,0.08766091113280532
0.10929816598753306,0.130465924314098,0.10969198977568691,0.07430336201660205,0.129558918214978,0.15664048798016403,0.09292907344051315,0.07286450845612409,0.12424756981430063
0.11416350430061155,0.1111899558627117,0.169124177312439,0.10310271837125919,0.06378376719042333,0.1009778329391157,0.13370325433283112,0.10012665006308595,0.10382813962752231
0.08767586283378137,0.10954973451814531,0.10002338417997723,0.13285956660391043,0.166341465055764,0.08871289075780496,0.055111579749415156,0.13251411407366173,0.12721140222753988
0.11692347810911503,0.10942081689173012,0.12452686960495785,0.08394709652175274,0.1119507890410661,0.11539368880706591,0.1955165274270114,0.07457448264081322,0.06774625095648755
0.15735628778391264,0.12342661386795524,0.10744423624069688,0.1678603866563775,0.08216156047344692,0.13224964734594766,0.10726358746969443,0.039010648671630004,0.08322703149033871
0.08857250435911046,0.12481361266815955,0.13036641543301924,0.08557717180029815,0.14129289150615984,0.11072145400145073,0.08700153546882268,0.09950266764493766,0.13215174711804167
0.13396322940314406,0.12883073912599477,0.11266328367483913,0.08077855483830498,0.11695645009751031,0.10685721465641396,0.12591150636085868,0.12263546621648376,0.07140355562645033
0.11674281700751399,0.11313052964289035,0.0860604634566256,0.06570830887624768,0.19765509425717462,0.11654488155268379,0.11254449631817838,0.08917948518443347,0.10243392370425214
0.10892048224304872,0.12555613917420383,0.10628654820532946,0.0843364776510312,0.1773424007688963,0.10463899467692188,0.07305226052561299,0.09800597560621915,0.12186072114873653
0.12678459916848756,0.1144814347500707,0.12301674530629818,0.08954320755424551,0.07161323958206689,0.11423895849362713,0.08278433466267054,0.10344088329529234,0.17409659718724116
0.10850313047776165,0.11328223320428044,0.13525555038580714,0.21425933145902445,0.05107554974276232,0.07858968396434902,0.03787343127531833,0.12948541946117018,0.1316756700295264
0.1636657143865976,0.12115992830474054,0.10790309887755996,0.0666112323380288,0.1270535575563351,0.12263654647287009,0.09336853364879254,0.06600870057324539,0.13159268784182984
0.10075102568366075,0.12662992802201062,0.10209778890192174,0.08912244356356368,0.17295397270544197,0.13632135177083063,0.0691307051828848,0.09954116940500356,0.10345161476468222
0.10110934635169296,0.10456148747408615,0.10125211097099351,0.07442799337906505,0.1311908954190561,0.11811292874513807,0.10885448295079832,0.15049042572471916,0.11000032898445071
0.11365292697542773,0.11154822209609509,0.08242417569244821,0.07377514913290589,0.1656124169259013,0.12168265985914718,0.11051450231428898,0.1160909353897963,0.10469901161398931
0.1188638955659963,0.09802330903044738,0.09660811594306655,0.07718116513419902,0.14517097574976595,0.10494673735318334,0.09410822542156198,0.13594454665786743,0.129153029143912
0.12105871038933787,0.10334667890914682,0.0941221984332317,0.07133894517909191,0.17099632727023198,0.10957311880268751,0.11090115824694725,0.11153064278827203,0.10713221998105289
0.11791194277793597,0.13018574870244562,0.12229534127097245,0.1876683386952077,0.057824292199397574,0.1054303434177533,0.07564871990490978,0.05825427700228263,0.14478099602909497
0.09742416963831084,0.11460660304077085,0.08061662891047987,0.07803878823155108,0.15542810031994891,0.14638378074166505,0.09975515563630127,0.12581905597674886,0.10192771750422332
0.11448400749539882,0.12381480019988483,0.14116038361529978,0.07076422585232513,0.13894110796564688,0.10926347661064785,0.12913046087971672,0.0816874496718943,0.09075408770918575
0.08385573431943377,0.09071629945059188,0.1651220638199275,0.10401042106572618,0.05235050897931964,0.0859751443929097,0.14905416434293808,0.16297053909478604,0.10594512453436715
0.11976981480528193,0.10861520854198219,0.10061775636946346,0.0749226929521148,0.1319407257018721,0.11808458062635778,0.1613804659481798,0.10190501967294201,0.08276373538180597
0.11764406898699792,0.12432247156494985,0.12350490394057223,0.09862893854854315,0.09499065948894266,0.12541666781082597,0.08333363456338026,0.0840656012471337,0.14809305384865418
0.10467933420632926,0.11085266463351999,0.08065866914809003,0.2603884938039522,0.04528800837010707,0.13374532161024089,0.06562783409120883,0.10682987208160795,0.09192980205494371
0.19524099965599928,0.10859992236414269,0.10404117724829542,0.09219113996909133,0.05630409790332377,0.10756194665745504,0.12053525289174034,0.13753094898140486,0.07799451432854733
0.14591968918756504,0.11191785803386713,0.10153096979589867,0.08880903583433214,0.10476592004588281,0.107007924519875,0.07050868439521395,0.09582957853207184,0.17371033965529348
0.10578976053097579,0.12374551886328285,0.09881741793687908,0.11007013001753095,0.16024479242416997,0.10483672484903979,0.06571254901344466,0.12596000485609124,0.10482310150858577
0.13547780810418705,0.1142580649301458,0.12198843778289643,0.07182151908192753,0.09582021260173135,0.10141087775038245,0.09577387544399309,0.15017827286885382,0.11327093143588252
0.08081546329201872,0.11014684719114139,0.09278661195540629,0.07091776420190572,0.22798527811506555,0.10723663017446344,0.07540383224510065,0.11540249291348333,0.11930507991141481
0.13997269420297156,0.11338271634783377,0.11255990764497825,0.07305527281538408,0.14191735874299685,0.11988279883755804,0.1550373749779637,0.05195894227927134,0.09223293415104239
0.09824231434655754,0.1153057128293829,0.11063666521781494,0.06945116820330945,0.19156065533094205,0.1167420542715204,0.1170179880803436,0.09252926610241445,0.08851417561771463
0.08406743833857017,0.0943618050332537,0.15541072404391856,0.07669297814035331,0.08487228402135465,0.09530317362126343,0.185655308143431,0.15362950617646107,0.0700067824813941
0.1068018759900521,0.1112148273942812,0.11033405726735396,0.07081251703425476,0.1580028938670342,0.11672482232674743,0.1403782931537039,0.09808104127690216,0.08764967168967026
0.11289083817134075,0.1327919340594039,0.10707314514701903,0.07980518782700442,0.10992297542863393,0.1385885202936401,0.1351687217754484,0.08626197705620302,0.09749670024130647
0.11562350313603671,0.1129760383423678,0.11226515963000017,0.08248169679720575,0.11991255048788403,0.11754444859015467,0.18222744175132075,0.09050463433692817,0.06646452692810191
0.16169629144023098,0.12060167588728121,0.09206098693690794,0.06416410704353406,0.1508512249676666,0.11935575067066617,0.10765062545763393,0.06985051003247321,0.11376882756360597
0.18183749067356414,0.11463401350935698,0.0924948811287198,0.07226087758571559,0.08609233454225916,0.11454796048267529,0.08286373253637402,0.14599759565701273,0.10927111388432237
0.11498601787124345,0.1261018693542955,0.1466051166886016,0.12151366275414797,0.09783665641958254,0.09917739237628796,0.08012769525828713,0.06927577593426267,0.14437581334329108
0.1020019111526977,0.11353766174216044,0.1080229952727944,0.08030815476334861,0.10371812918779337,0.12097056114146475,0.12341770965147038,0.1365005680355589,0.1115223090527115
0.11034724070625641,0.09852335059624849,0.11587763688222513,0.08257110564978039,0.11004216421127248,0.10439268733782109,0.16656739429834286,0.1360239918664421,0.07565442845161112
0.15867934253284624,0.0996713976254223,0.10797459792522919,0.0667536808453902,0.12174803506118166,0.10382263123322788,0.149153639676641,0.09480780751437225,0.09738886758568936
0.09057969297842622,0.12520889156288673,0.12062257514575946,0.07951713421698185,0.11364214873870078,0.13089238287362567,0.13243403664996148,0.1146279653903159,0.09247517244334198
0.19970153721249728,0.1210711917230856,0.0954632495255038,0.0801811186276285,0.07268330107971364,0.1088785361422228,0.0980101161126226,0.13555289046618318,0.08845805911054261
0.08778428600847747,0.11693342017475218,0.10160689592542187,0.08459703329093078,0.18448292440228806,0.12069457610392502,0.09317213763270706,0.1276584250853767,0.08307030137612088
0.16162214178657341,0.11406979247021809,0.10556079020570791,0.11580644725764673,0.10286636783296554,0.1170595321059132,0.1569926527338289,0.04642162098174815,0.07960065462539803
0.1526458049860494,0.10348204359476561,0.1028957660989875,0.06655861818271684,0.1396174422184381,0.11750241123708742,0.15808048081000595,0.05170076928220083,0.10751666358974825
0.10047975871131143,0.1250617476034185,0.10602435170224893,0.07470152432898951,0.15555539574556468,0.12022738999683451,0.10581219321448536,0.12887082446213252,0.08326681423501452
0.19078306252854896,0.1265370174348067,0.11420590754117539,0.11077149209156394,0.06699939884802152,0.10943320078882622,0.0912411749137469,0.11853787878609541,0.0714908670672149
0.1607002348747576,0.10357668192467935,0.10884872471211682,0.0942156170590458,0.046982416714776376,0.11397199729986575,0.23049502029337754,0.08128163438320805,0.05992767273817281
0.12105580668555738,0.12059925572691425,0.13633819258969265,0.07427811825699836,0.12409523176121984,0.11438698645055452,0.1488434029323934,0.060046454371161,0.10035655122550864
0.1267537463485043,0.12791815205628917,0.12058099825221154,0.08272560935845466,0.113497929899338,0.12266875346819424,0.16452826563952272,0.05737885658359713,0.08394768839388823
0.10107645266613619,0.1333813647641244,0.09419870970043831,0.07214222998184712,0.1435864802393155,0.13753823235342108,0.07965654793315048,0.12930271605378388,0.10911726630778296
0.14046704774513252,0.10299053552324629,0.12048865394981893,0.0997914732299535,0.05352169925851463,0.11019343658839441,0.09702297694752748,0.09068968696487238,0.1848344897925398
0.1105469511841154,0.10133095891510939,0.12951535399130165,0.08628668369453035,0.09853676653501613,0.10979686887922184,0.15817012440331793,0.08578485681277652,0.12003143558461073
0.14480178913563566,0.12506544061717786,0.10228663317780994,0.12966001289513804,0.056357764199366396,0.12086938193414028,0.057640439238401266,0.0952485025578176,0.16807003624451303
