0.0959415541358823,0.14190704127395334,0.09178444631171352,0.11020060393328947,0.07194543731263735,0.08714463304129522,0.13478190126276837,0.12233225953641907,0.14396212319204135
0.08840477331477681,0.11406949462881366,0.13108976142089546,0.11049911962618798,0.1026752233348448,0.10458947003104664,0.09667739473376048,0.12436942241661296,0.12762534049306126
0.08799614964626679,0.16848804506693935,0.08095910283668327,0.1182123365326,0.12249534604571816,0.13393514443319157,0.09970110375954783,0.11044489405435469,0.0777678776246984
0.13435576234821875,0.0780104834406859,0.09605729214585434,0.08245953560890909,0.07661542612301979,0.07856893873531005,0.19910307393364213,0.11774501833965294,0.13708446932470694
0.09418307902602069,0.0937952333943054,0.14237372794769393,0.09908009353609189,0.14758686166996224,0.09694824532413371,0.08973790907083602,0.11186577479200117,0.12442907523895493
0.1047176781583025,0.13431488532859523,0.10138522841596048,0.12376285240658731,0.10529508112383024,0.10673346555525857,0.10347104482968017,0.12821165883919872,0.0921081053425868
0.11977302635954667,0.100241410120399,0.17281768175197687,0.11255702279588371,0.10749209116175928,0.11709461965778412,0.07319614379503621,0.11685216429540808,0.07997584006220615
0.2037035843757875,0.20588850278835605,0.07176013295868998,0.10306944933576394,0.052426622457979855,0.10207975454368697,0.07095975998612994,0.08657777771563661,0.10353441583796918
0.08498599357280022,0.13529848535267772,0.08767208160582583,0.11268405773047717,0.1264288698889704,0.09100186972068325,0.1419512533637843,0.11155650823342411,0.10842088053135703
0.08658034128157603,0.13747766626487767,0.10260242570240041,0.09600461161968958,0.11188809876340018,0.08590515996770161,0.10300369984296626,0.10878258104500976,0.1677554155123786
0.07398082097232965,0.20163357189311767,0.08164544027545954,0.11771805615860476,0.12279776493536838,0.10638360881787264,0.07263968099541386,0.10778192993824524,0.11541912601358827
0.0879373245732016,0.06671151151516809,0.12402535451064926,0.09690672913582277,0.09286651447535288,0.07449320439807304,0.1878200689326587,0.12489632704885156,0.1443429654102221
0.09200141051974738,0.12554079265342985,0.09465641064191355,0.11777611548518885,0.10006119614345867,0.10268477939883237,0.15700024240068164,0.12322443972051626,0.08705461303623137
0.1053157665354033,0.17088413303521457,0.1004597053755442,0.11771593626758546,0.0813371062696223,0.10265584229213787,0.07512842251238375,0.11772509683112144,0.12877799088098707
0.10409074418630553,0.09185108733633228,0.09910492248215981,0.09500249749214702,0.07705095639410266,0.07815270736083878,0.1704113746754727,0.12830194023666944,0.15603376983597178
0.11119080680430911,0.11275016299508371,0.11997075892956804,0.11501998745434239,0.07952603586188502,0.10182674222946504,0.09776099351793055,0.14121996668776648,0.12073454551964968
0.1899935647027913,0.0817545201984355,0.12217827476599523,0.10609754101680045,0.13397826665260007,0.14833131855072565,0.07428955389102053,0.09605018682461787,0.047326773397013355
0.07599310673282965,0.07882136549264172,0.11814822324259981,0.1107032621500912,0.16927508384784692,0.14359567839411153,0.12766457097434034,0.09049977866056862,0.08529893050497024
0.1537019816411209,0.0746232697043523,0.10950017725379622,0.1106219205930854,0.07034166477072473,0.08572765467012876,0.1367721068696973,0.13644955969801711,0.12226166479907723
0.08378458277143375,0.10627365113207111,0.13326110279089454,0.10728851882765385,0.11912943973630398,0.09223578701190212,0.10538620183349924,0.11224999133219027,0.14039072456405113
0.08246362595141545,0.17632616085019284,0.09947377273606972,0.12310175485503345,0.11433093020963529,0.10569232158955505,0.08347805349715882,0.10754242764280762,0.10759095266813178
0.07512786950369764,0.1260099677617942,0.13224452098691944,0.10282959658914466,0.1459067198187129,0.10911756749457262,0.0765498194714674,0.11395093104440505,0.11826300732928613
0.09990221418185379,0.10202892344661989,0.15671624686196953,0.11159553834352219,0.11393414014971359,0.12229921475261463,0.09518675102271767,0.11504517444731428,0.08329179679367445
0.09568086928182147,0.14537730992300793,0.14375396748241653,0.11067227950413643,0.11415073839031108,0.10654450653729437,0.07159010919353223,0.10558451438658505,0.10664570530089491
0.09302642137436584,0.10893148073162544,0.11533555871041153,0.114192687084627,0.09534938839738354,0.09380872151521076,0.14169774473020083,0.12970442561910134,0.10795357183707366
0.10292241198347453,0.1164089253414909,0.13441662691505737,0.11192768657397352,0.09017609383036497,0.09881268195706316,0.14642142774562295,0.11503697034313544,0.08387717530981713
0.08544523720770414,0.11158942180448271,0.15856279620622926,0.10458687933774186,0.11597459854599886,0.10875372582811915,0.09225305769422056,0.11380917748351488,0.10902510589198865
0.1024949267136671,0.05856399818985399,0.13343991786156154,0.10075154624147636,0.1099304645160817,0.08240225911700821,0.19230842948117677,0.1056921634433301,0.11441629443584424
0.0796116273848521,0.08052903880829813,0.09826057419839736,0.10275551431537672,0.13744044145752052,0.0879224062569643,0.15960498117829444,0.1164962641947725,0.137379152205524
0.08484048967999298,0.17227158767099734,0.07501288013006568,0.12623580116232638,0.10396333353791425,0.0996243118153368,0.10139808125287526,0.11399087577963955,0.12266263897085176
0.1562471614977328,0.10691824966418849,0.08026051838205682,0.10902187863631592,0.09201032331339665,0.10003195104991257,0.12671381520715286,0.12680317512164807,0.10199292712759583
0.0855469019304307,0.0893230733444666,0.1005540894087719,0.11647524229130447,0.1328645653288191,0.11132379205502026,0.1727140544830462,0.09463343571056147,0.09656484544757933
0.07569508186212745,0.16095013061882343,0.09442925352089433,0.11812157433395211,0.1577772980971596,0.115360794656876,0.0779714374517689,0.09205218876269067,0.10764224069570749
0.16460269726868826,0.09027765795696135,0.08816413521270683,0.10804287703707034,0.0587106862440774,0.08846239257666033,0.14820177065126924,0.14245302325423684,0.1110847597983294
0.11913917318667744,0.16448113660764868,0.06586317590564654,0.11061919933164621,0.07422371368717237,0.10308635366513919,0.11260899986285418,0.1221737512876999,0.12780449646551553
0.07479198758043093,0.09857982016953785,0.14760888572990158,0.11140282805442708,0.10253669464443228,0.09436764126251766,0.12068381405466683,0.11459126399063486,0.13543706451345097
0.06653989699261434,0.2362837496775708,0.08739016155174723,0.0854238271441664,0.12343173900054288,0.09524424186994469,0.06841728358739031,0.08868232377194206,0.14858677640408133
0.1306109310834069,0.15636137993818108,0.06533379882879119,0.11097990332460439,0.09962373444154186,0.10385685045866155,0.11086162640776452,0.10896159236127755,0.11341018315577099
0.22272024210233002,0.13581285500662907,0.05230296634137777,0.10500229050179903,0.037893938229192896,0.1093972173513612,0.08389385304069964,0.10973550855155116,0.14324112887505921
0.08074486883471933,0.0714741516468713,0.14482364763487007,0.10282985383504939,0.16668873435847345,0.11261873159244301,0.1094685595383413,0.09416444180774174,0.11718701075149045
0.0883074870006822,0.12546053241115349,0.12055665483058259,0.11436702969847996,0.15521231516930792,0.1122132742576916,0.08442899771438139,0.09971233973734878,0.09974136918037209
0.08752624623644745,0.11019306618748516,0.1105681143302714,0.11262011329497952,0.09504977202286215,0.1020653652753765,0.11310184310522815,0.1330078679564399,0.13586761159090965
0.11621865282840411,0.12459529908448491,0.10540557970312824,0.12167716122599581,0.12165897953191136,0.11781425439822413,0.08888886906670952,0.12129587105204635,0.08244533310909553
0.08606028462548153,0.08233792288047274,0.09505097241367089,0.1022628451284967,0.11057869705637285,0.08915474760403468,0.20271027497638192,0.11382665459786784,0.11801760071722082
0.08839214739475891,0.10151852111962839,0.1156882856434492,0.11496143498659243,0.11102691321388031,0.10032757185022956,0.13760285234296488,0.12716928508577155,0.1033129883627248
0.09442371535017335,0.20546366208872066,0.10052249053144426,0.10122197483906943,0.07640171338224187,0.10813373115377779,0.0685933971581681,0.11110184805092939,0.13413746744547517
0.07297761452765814,0.21140370528373442,0.10527255274791088,0.08447988964426893,0.07275877881389721,0.11163236510685175,0.06691919191452168,0.10572279060092842,0.16883311136022863
0.1105141020064347,0.11674708211870292,0.10238414294623077,0.12311016370577305,0.10067316642525366,0.09714678303203415,0.10690070112314115,0.13039328964590102,0.11213056899652867
0.12091893298053961,0.12031355273919775,0.1354124806454032,0.11010232051832101,0.1116095495938836,0.11857512051101958,0.07912760429179319,0.127649483827668,0.07629095489217409
0.12029477388286215,0.10905306248468316,0.11711448001672857,0.10285978170148337,0.11011207678796915,0.12251197381418566,0.1118409452635394,0.1087816170118311,0.09743128903671743
0.09231945517635254,0.12890036119894474,0.08977789959299187,0.1231457028315426,0.11988049078689204,0.11292491986732933,0.10745761261201475,0.13098877154369068,0.09460478639024157
0.0868743801261022,0.1099813526670977,0.14979783406579641,0.10330149228703366,0.11571816699150465,0.08548287753378603,0.09750166099977091,0.11841360568651205,0.1329286296423964
0.0833276531793505,0.16443219088236918,0.09897440526333545,0.12104042423789314,0.09835522440218762,0.10953219772192414,0.08877898860233176,0.12304518931091483,0.11251372639969344
0.08652186975444721,0.10043453078760615,0.15598625203915542,0.10406269686114124,0.09812234795794188,0.11780834272696461,0.1166361344164528,0.1201444787816787,0.10028334667461201
0.10570340730446837,0.07902012626590559,0.1563100284764852,0.10670972533953244,0.1494517390886574,0.12070337230377813,0.09167093042016476,0.10247867412923545,0.08795199667177268
0.08166649855513673,0.12514279573520834,0.08761572800134254,0.1177670081201821,0.13378836503664124,0.09377550948556018,0.12863792873019875,0.11261837635309245,0.11898778998263759
0.08944520372896192,0.09791042197159865,0.12221353133564102,0.11361164771499654,0.09406341512099058,0.08508295954902663,0.1434646151951288,0.125994910096249,0.1282132952874069
0.16097211289529337,0.0808502328595594,0.15332634204703743,0.10658377506577454,0.12135439904332466,0.12469647279324976,0.08241372068940336,0.10541494349124798,0.06438800111510957
0.07397748645733594,0.07411658420662515,0.1474893838400986,0.10570060078053846,0.15544473070432527,0.12801472656747423,0.12505255759159897,0.09381454102978416,0.0963893888222191
0.09891818857133174,0.12652113003205445,0.12490953457716199,0.11815928535967092,0.14163695272210053,0.11517857159652638,0.07983534614229018,0.10272875707322571,0.09211223392563812
0.11089800077223723,0.1392555848973226,0.1629891279421707,0.11182526998607913,0.08185647900709812,0.10242789114417643,0.08077272618988125,0.11712392210337048,0.09285099795766404
0.08484048967999298,0.17227158767099734,0.07501288013006568,0.12623580116232638,0.10396333353791425,0.0996243118153368,0.10139808125287526,0.11399087577963955,0.12266263897085176
0.08505895819096117,0.22137014575392247,0.1370184420110049,0.08581560876983514,0.12080137934562363,0.09099946597827951,0.06490090730160225,0.07907375141336764,0.11496134123540326
0.09269008673844874,0.10010390484932612,0.11548412219700625,0.113274097611659,0.14065583381848876,0.121776415743867,0.09957719216344789,0.1296526686605558,0.0867856782172004
0.10760914288656102,0.11040106403965243,0.14043740727868137,0.1026245502147783,0.12149710591900814,0.13088223175134492,0.10497715218858543,0.09918301575645656,0.08238832996493181
0.14525232810149571,0.07660007102071197,0.101836804428081,0.11854966734985406,0.10615983556785565,0.09650976479651967,0.11877929134055996,0.14241480297018858,0.09389743442473338
0.07868960876983888,0.1385742938701451,0.08170120845125017,0.10658279055291951,0.14460527379464583,0.10295098495515853,0.10590539630312618,0.11280968370721145,0.12818075959570427
0.07997072437407553,0.09772175324197137,0.14092463319475068,0.10383930517671873,0.10219921424812804,0.09100096160514802,0.13082508071435783,0.12044032452885482,0.13307800291599495
0.12169768749716729,0.09455102985708051,0.128111855808604,0.12840890249876258,0.13534556475377776,0.11751955891253946,0.08930346078976947,0.0999434924278322,0.08511844745446671
0.09143667013720082,0.07241545296578569,0.11969028941903254,0.10468500828501988,0.11432454117716477,0.08531673385780293,0.17437515666907788,0.1177428593104022,0.12001328817851324
0.10137409512823274,0.1111566939616595,0.10996963239258466,0.11659769444939039,0.1177309152834175,0.11329859012769578,0.10539314949173367,0.12674016048851047,0.0977390686767753
0.09467137842995638,0.2153959934133376,0.09085262946576163,0.1143415933632808,0.11257710264013072,0.10514234180417491,0.06946509504564437,0.1028101083388571,0.09474375749885651
0.09463125658226836,0.13158387990708323,0.08232331859519941,0.1154174282723129,0.13554115300039288,0.13269150418435224,0.12172875757176865,0.10719916178598803,0.07888354010063446
0.1655419052257572,0.08407753611932871,0.17560084680661334,0.09291555860461614,0.11253633083451749,0.145872823931617,0.06702871582562299,0.10067862308501407,0.055747659566913105
0.08610875147615871,0.12982991150055492,0.11632044276955596,0.11723491214968003,0.1401940263677505,0.11853477725413641,0.0858130840939899,0.10792442443283866,0.09803966995533482
0.10099059684874877,0.10122897572483641,0.15745331796608086,0.11539714559067855,0.10028026547415024,0.11410066548537214,0.1087922182596864,0.1155893133401213,0.08616750131032531
0.0889899476343075,0.10037320290289264,0.13710599788292333,0.11228630990335875,0.12080213069073346,0.12796735080996952,0.1293976405818744,0.09626186254728904,0.0868155570466513
0.08168557252860348,0.11932716211480072,0.11219531853468236,0.1154916991149074,0.17113764835338183,0.13360848255149094,0.08102830974963178,0.09455916828681056,0.0909666387656909
0.08633929220599855,0.10414018264140644,0.09391889815162469,0.10007064614777426,0.09058650181182924,0.08222923614941181,0.168271802211317,0.1252391938870364,0.1492042467936017
0.09165088370944187,0.1488452226948531,0.11670170563968174,0.11772955916099832,0.10972348921594484,0.08873990849959708,0.08799834729415203,0.11344977878487546,0.12516110500045557
0.09773589648263442,0.11901520500766787,0.11189765878763426,0.11636490564848147,0.09028022170227636,0.09361468483781248,0.08916876457902341,0.11672986993506662,0.16519279301940307
0.11711318406804787,0.14511108562070085,0.09089014351663259,0.12826471156636285,0.06426172767730247,0.1074077250114056,0.09204477787848168,0.14085416344720836,0.1140524812138577
0.08675364632105882,0.17140467100583204,0.10592880228476802,0.09162843459974886,0.09132610585749346,0.09524587801193764,0.07687636464958043,0.10564152078754722,0.1751945764820334
0.14316816528092388,0.13850663779704545,0.10364121871702077,0.07602553982417506,0.07046813649979083,0.09037302941682164,0.08444989554847808,0.10170503048866493,0.19166234642707938
0.09801082608019818,0.13535172336506435,0.13509989852896054,0.1196362805274616,0.11321717201056908,0.11952332918800883,0.07564594383817742,0.11533949690125019,0.08817532956030986
0.0870833096721323,0.14378144579863106,0.1081233691433416,0.11001243095624674,0.09911383422719744,0.09593698356459006,0.09344217457767456,0.11957322299730355,0.14293322906288267
0.12048913612434113,0.12181843793070764,0.10467994995846858,0.12271858130899597,0.14183356733548555,0.10624778696335208,0.08670575282762516,0.10557615965730864,0.08993062789371535
0.09297685022033265,0.07983128471702973,0.1084385285370431,0.11282574904905938,0.1386662570302023,0.1079209103364069,0.14750132264103585,0.1141517679700673,0.09768732949882288
0.0764560546157437,0.25840490785045067,0.10112272852546544,0.0901067723926373,0.08191467952474431,0.10607800942562007,0.062191506038209186,0.09751013334510421,0.1262152082820252
0.1492070853617735,0.20388444172855283,0.05940094105774532,0.08826222127821497,0.053471109103337265,0.14635539187714616,0.06718727623554437,0.11189952953285831,0.12033200382482734
0.07850380145473428,0.1490759507575266,0.14362776454933848,0.11180764243485358,0.127303269233589,0.09749253106443545,0.07520709042765894,0.09310356243971853,0.12387838763814507
0.08509631561348308,0.08444212579757271,0.14147922240979913,0.1052717968615904,0.11082286688433111,0.08870564485975162,0.14125325687872045,0.1215487955689291,0.1213799751258225
0.13992596005721467,0.16186078818348612,0.12949170284354186,0.10888448489398413,0.07496660570660223,0.08847785932531221,0.08010424796101899,0.11317239443865307,0.10311595659018669
0.10027279487094937,0.1736099078651572,0.08387040632076866,0.11686609761366673,0.1339653474474232,0.10531537808428941,0.07725646186632973,0.10583052171568734,0.10301308421572834
0.09175539714403175,0.22223705571645425,0.07448347555226383,0.10243683572275623,0.08611536418563166,0.11424947228767267,0.06790172221044259,0.10026681126826609,0.1405538659124809
0.10008621514963478,0.10440070782184724,0.11095893505361433,0.11616771446758095,0.12402605913198128,0.10838019109368413,0.09567749998473186,0.1315600313876234,0.10874264590930205
0.07860103652300464,0.13389009841359895,0.060438734916653,0.09943750312135054,0.19180390835517644,0.18113280491055087,0.11607604840673968,0.0751348572653887,0.06348500808753714
0.10359110159601274,0.17123922330253072,0.06387022839429947,0.11107573069526595,0.10242003566283842,0.11317495734953957,0.10520573047611897,0.10290575710838741,0.12651723541500673
0.1033736282902162,0.14464078949389564,0.09996442893165625,0.10028656607560749,0.09703161401786414,0.10579045547393275,0.08004704283148145,0.10127970030841822,0.1675857745769279
0.10355907970033544,0.13583327572744094,0.10409256510377181,0.11786931442596804,0.13280491721821555,0.15610643092668383,0.08532697175192079,0.10387251406871123,0.060534931076952354
0.09688346085977811,0.09560372242978103,0.09977301017043377,0.11049568672140238,0.09176664935541252,0.09752217489409708,0.15583003963688538,0.13545376052289293,0.11667149540931677
0.1077723743954473,0.20526831638241874,0.09394525289826929,0.11692917335257369,0.09815288820247403,0.10776798726290822,0.06593955864709018,0.10407957606907185,0.10014487278974675
0.12085517826490295,0.09625405291720768,0.13447881439721796,0.1170966191243041,0.11739295996021991,0.12277240068761369,0.10587064371979475,0.11099988757491946,0.07427944335381952
0.11428231444073378,0.16246204641730458,0.17017397674511828,0.10416850651439002,0.07826413712860625,0.09508531568930677,0.07100534276807884,0.1056258273882486,0.09893253290821291
0.11294838163168792,0.11718629958553754,0.11414768080680271,0.11949929469989624,0.09679056005468778,0.09664985630593996,0.1021130302421474,0.13171799058684888,0.10894690608645159
0.10256110308585668,0.16232660374043792,0.08530488966394445,0.12866579505041295,0.1140334219829463,0.10219937183781957,0.09626257237228746,0.11110965143860818,0.09753659082768644
0.08611800222893869,0.11085695165205207,0.14814499604857545,0.10993042163494297,0.11608626586840654,0.1026670191061219,0.08698975891957801,0.12088759206492933,0.1183189924764551
0.15827486555380602,0.07589116607396053,0.2161771232130264,0.08582614343800683,0.07273800084582287,0.08298161771865308,0.08181969059746409,0.1161099487036892,0.11018144385557103
0.08341090072396166,0.13138494964660954,0.08747906702483761,0.1075363101784761,0.11999553117406096,0.09415709582054332,0.12470928183567874,0.12031308412617876,0.13101377946965323
0.12851592455398328,0.1496867013269291,0.10705893340105448,0.1172398748306216,0.09700043044276495,0.10575515344551419,0.08450379986167449,0.12868785844475725,0.08155132369270067
0.105465346056608,0.07360712548860393,0.15819505736378475,0.09995886482453721,0.08103131568275466,0.0821615822044382,0.13846541665996562,0.1284802087440622,0.1326350829752453
0.11664516048374679,0.0745446159673072,0.14123522496216398,0.1046435109625285,0.07183694206274742,0.07906119508887294,0.1602255307738875,0.13327651395553794,0.11853130574320773
0.10311325313424757,0.19133934402989736,0.084590100183299,0.11228828354630627,0.09758001881820082,0.09927303385909608,0.07775172887734051,0.11038673870708203,0.12367749884453035
0.09510440184951192,0.13002675782208495,0.08426829659988855,0.1135701744605561,0.0910330427267557,0.109913471234565,0.1162759472716891,0.13249161027962597,0.12731629775532272
0.1057841798263021,0.08096751479155671,0.10398280648342607,0.11764620334211523,0.15608209601177284,0.15775416441368406,0.12362161824049278,0.09120119642276313,0.06296022046788706
0.09780367244128596,0.15690531880284223,0.14111864170442376,0.11302098791415931,0.09126812029715074,0.0992929196225022,0.07284349599830088,0.11287111942175278,0.11487572379758222
0.08611800222893869,0.11085695165205207,0.14814499604857545,0.10993042163494297,0.11608626586840654,0.1026670191061219,0.08698975891957801,0.12088759206492933,0.1183189924764551
0.07860906179499888,0.19053791146813878,0.08914642862769029,0.10416673674375083,0.09523186156083545,0.10139349047179984,0.08228345190505783,0.11180197010645075,0.14682908732127745
0.11873556793811191,0.11339418329678623,0.1489163495672898,0.11099927620817518,0.1013433122270257,0.09247808569326715,0.08902542292611527,0.12071974139816986,0.1043880607450588
0.12789760369418063,0.1401621585868479,0.10985363664523977,0.1218262360816839,0.09869721905862734,0.10970628417171548,0.09825662335069307,0.12187247231986331,0.0717277660911486
0.08217286456121385,0.13335192059582804,0.10398834964502963,0.1152998723536215,0.1354647150408357,0.11608814550071062,0.09406383506441894,0.11975881998142324,0.09981147725691836
0.10800686583962638,0.11968853661179706,0.11640047946505044,0.11971546632759544,0.10996905389337182,0.10636924961787164,0.08278243546533416,0.12612717074817759,0.11094074203117547
0.09871490713472704,0.07425388710462559,0.1247359500205021,0.1043129374517223,0.1206997966298083,0.08577600888521457,0.13729396830171123,0.12497842270040542,0.12923412177128354
0.08966709465036081,0.1418868144522838,0.09086819038831495,0.11262906933411578,0.15708358675540657,0.11231690373782682,0.09222661541055727,0.1043726289092548,0.09894909636187933
0.1797609525282321,0.1394393579300006,0.0776992971950968,0.10812038094971073,0.04065840368342025,0.0995255538356115,0.07800904361140822,0.1111567908398,0.16563021942671988
0.09215552889672524,0.11300994322300885,0.11367465364241075,0.11811887172943018,0.12501256578940184,0.13316407977634537,0.11914151855811377,0.11129690601034013,0.07442593237422389
0.10840707555046698,0.0969599003321443,0.12863648440898673,0.11414162104307697,0.15318143267050854,0.10853890020493884,0.08320959338262317,0.09813979884237008,0.10878519356488446
0.06923083616307556,0.07203855630215349,0.12964658016260397,0.1057665948402281,0.13352737570075016,0.11593429470790552,0.17406329909705553,0.09122476873491157,0.10856769429131606
0.09673103197842205,0.13880759205283352,0.09520389076158835,0.11658055688319668,0.1434953899987361,0.11471936293242017,0.09265010442369341,0.10953630022346306,0.09227577074564669
0.10116156203129083,0.09828845404821583,0.15371577485316248,0.0818389249678128,0.10030801832599896,0.09095795601598185,0.1315576263647788,0.10247648293633722,0.13969520045642111
0.08273923665845853,0.08406179972398892,0.10183791229433625,0.11636712756913886,0.16802471667859079,0.14021229819970563,0.1244266691518951,0.10135739330234489,0.08097284642154107
0.09289854066111898,0.09686113367972025,0.09738826576261218,0.11561497556370474,0.10707500572504862,0.09423138533347175,0.19519242064741982,0.11176469110897447,0.08897358151792907
0.08889994331974255,0.1420504851007022,0.10086228701930787,0.12220451352864174,0.1421647904414922,0.11832320727286799,0.0788637390112601,0.11184546742537875,0.0947855668806067
0.07281836267022233,0.07993025849814124,0.14916665046183644,0.10181605539373717,0.15193428092857267,0.12512719980800668,0.122584095664683,0.09350736665406907,0.10311572992073138
0.08257280810071976,0.12102283957623598,0.1294398833810958,0.1156403615823773,0.13305280615809964,0.10905715192198777,0.0905561965848722,0.10940514147185527,0.10925281122275628
0.08721978183701996,0.1954726009184051,0.12344871875350616,0.10884392464776105,0.11337386600526422,0.10175861662164042,0.06645689814619789,0.09284260448839783,0.11058298858180733
0.11750053125542599,0.1364074430773823,0.1316476668475998,0.11080001216531506,0.06721958280661129,0.09590761561951945,0.08067509828967966,0.12861068061415895,0.13123136932430748
