0.10825504361206739,0.14006394195099586,0.10883100060536273,0.06985023092953521,0.10431792507838579,0.14448399667850256,0.08661608218678372,0.12129746020450934,0.11628431875385735
0.10260274618667997,0.0722521597110904,0.11872542578389315,0.15104911399038484,0.0748517319666064,0.10990900379830564,0.08229914891904033,0.18195762267167206,0.10635304697232717
0.0658937202566372,0.10676629354396333,0.07083135243718035,0.3188284591571584,0.10698962811351687,0.0778404018642832,0.05198786618137899,0.11751100692663381,0.08335127151924783
0.0955838760273141,0.0865317026999225,0.10213447643135277,0.23557223308954156,0.07617304798050187,0.08883277078716267,0.05153136447914222,0.141759912284525,0.1218806162205373
0.1407957349422346,0.0610315817274509,0.12051654167222137,0.03291478619449333,0.0733313483595507,0.1927507587167486,0.15109040244722777,0.10680330435858383,0.12076554158148887
0.1171944462703607,0.14248483835475903,0.12090855058868387,0.07169414999990974,0.10968367256428284,0.1120428978192693,0.106532615533538,0.10667330812214014,0.11278552074705639
0.09394294222146073,0.07352334536787923,0.0932150266848708,0.21196286030800313,0.16365050307199072,0.07441710796228997,0.1009108819494454,0.10200546946002025,0.08637186297403983
0.12861578828722564,0.1002749670947316,0.10844885035129713,0.060962607545991886,0.09825795295894095,0.15095146952546126,0.10517480430564709,0.12155513261167833,0.12575842731902606
0.11677833514822018,0.10725698585551002,0.08437140095836189,0.18681500713308505,0.09646363962203525,0.0877160231666066,0.08561221112210293,0.10188581443295149,0.13310058256112667
0.11797312858405466,0.10611326707372708,0.10020227624217039,0.18606336758427255,0.11419861230469878,0.06492766480435892,0.08100926032670057,0.10224290598770454,0.12726951709231255
0.15351411297034115,0.09846874055626854,0.1660745542135793,0.007468304807968001,0.07699298756363422,0.0857062022045489,0.14970798053114429,0.09834259925516563,0.16372451789735
0.11047347114202909,0.09027078503354664,0.09093517983332321,0.0714938387861976,0.18295443785870433,0.10832850173876268,0.17247479360543982,0.07468758789127863,0.09838140411071798
0.07901414023848853,0.09530376034463062,0.09219813362365643,0.2657495246040935,0.10220814165233198,0.06848702692302382,0.054751570182900826,0.13935008081833977,0.10293762161253446
0.10774075175081003,0.11832075396238707,0.10018275297516482,0.20853255846973207,0.0635026086069956,0.07407799205873572,0.08509278212922287,0.12991449772943067,0.1126353023175211
0.06217684955836758,0.13999964673705925,0.06357951769692077,0.28635986325115587,0.13438947323893966,0.07880084070624226,0.05960505715241599,0.09657894087469691,0.07850981078420173
0.1282684066284678,0.07094179194072775,0.08873633256304127,0.07906211011077294,0.19252710108837948,0.11707109788213088,0.13376890385192036,0.07972980656202396,0.10989444937253541
0.1159691360855154,0.1253336343712196,0.14287022296196986,0.04591621932560383,0.2205892209051795,0.05655459124017683,0.08131812135417783,0.08741484396559841,0.12403400979055874
0.10398140268707164,0.08550453296794712,0.11389115472807436,0.14415000760311156,0.06686093728598197,0.09569974300654412,0.08321756125883978,0.1836163462016148,0.12307831426081466
0.08956959696048543,0.18811809597544937,0.15438289929546067,0.07607201095465042,0.10852834703264869,0.0862163824981688,0.05929012642608326,0.11237865523334213,0.1254438856237112
0.14153996617858958,0.0793658441439988,0.13466580537525671,0.030589398530423185,0.09437871088545528,0.13349959257268962,0.1460068039789017,0.11726611284345358,0.1226877654912315
0.08427324523940516,0.06189791438488479,0.08521480612941436,0.19875048509046245,0.12990626945249267,0.10902259453163383,0.1675919012192529,0.08932912152102161,0.0740136624314322
0.11526910192122536,0.10084193751135873,0.10342816072246715,0.11738939526058101,0.055048082086886024,0.15922965344904125,0.11681145779514523,0.10291490355472367,0.12906730769857147
0.07688511946907862,0.15306220974364793,0.08538421472138429,0.2154452856252619,0.12013838841909134,0.07616295939266367,0.06232571117064767,0.11856479988042762,0.09203131157779691
0.08960364058613451,0.0844668697573266,0.09622765463123391,0.21295969328997674,0.08036509262896148,0.09311013639484232,0.06616945813050823,0.16945031802806243,0.10764713655295373
0.12790526903676022,0.12732473647118728,0.12000315705060223,0.0576042286095475,0.115503030993711,0.1201300948873074,0.09396865197782715,0.10813451072337359,0.12942632024968362
0.11318719719536802,0.1066636516241372,0.10317379641707634,0.08458603663250386,0.07709100288683629,0.13188186726445603,0.10155193106067777,0.17535881442728574,0.10650570249165874
0.14850693436995874,0.06344226173123853,0.11818821204955471,0.06431716707300845,0.10687815761427004,0.1247486290408588,0.1398499469484559,0.11529532188656029,0.11877336928609443
0.10499147072080856,0.07187894399517213,0.10819574716924764,0.09128955116031323,0.06568193887972676,0.12298363169627428,0.10804214115752926,0.22740525857265328,0.09953131664827486
0.15465735477369075,0.08331207622825189,0.13086988529267826,0.006865853804608701,0.14237232973081423,0.08943040657525807,0.1801239936594232,0.07778543680878135,0.13458266312649356
0.10340640831598763,0.08897743592734601,0.09683627808268298,0.12098783197204854,0.06537241447608373,0.1571137282400582,0.07003255448978939,0.16946289334040662,0.12781045515559697
0.09937360074587293,0.10574065231628327,0.09042014074849307,0.12425210886306937,0.06827143657406139,0.173851832865256,0.07319456384206145,0.1546823528094257,0.11021331123547679
0.13802865133139403,0.06369127926973657,0.11697938059020165,0.01124147919435089,0.14654340341093136,0.08287782428121311,0.24485626345893305,0.07148049658904267,0.12430122187419675
0.09706160363523741,0.08176104959022344,0.09487154042254309,0.2514043952755787,0.09248574398940305,0.07651871933201092,0.0752296121849808,0.12666551594770692,0.10400181962231571
0.08535209061346298,0.0878721786889929,0.07228144470049666,0.31123688007362066,0.08542287526603215,0.08342886590580911,0.06687267676010145,0.11777049357138458,0.0897624944200995
0.12472660657729288,0.09615159342190523,0.14565788976717245,0.044138676745869264,0.10118247930403161,0.1309510423576567,0.11314069974654295,0.12511325367541934,0.11893775840410954
0.0957463934370615,0.062360957867748146,0.07909335836135217,0.2780054695857577,0.141797501643648,0.07225300214565718,0.09222692297328892,0.09478124154708029,0.08373515243840607
0.12363599549805943,0.10298936249684269,0.12003801056513601,0.05831199567271902,0.12266706719679887,0.1463885359984036,0.1140928621241961,0.09469258167450874,0.11718358877333562
0.09853023711723378,0.08063575972233174,0.11272120449955009,0.2146150391532814,0.06755871616873142,0.06730730383866239,0.07289951712298014,0.17962949528143826,0.10610272709579079
0.09809269521901266,0.10982082399923727,0.12248187367260754,0.14141902251017038,0.14259106949696557,0.09584639479242396,0.1002684276510075,0.0896180761886376,0.09986161646993756
0.12831840406024855,0.06956930583324823,0.11366941124963081,0.13059154808412718,0.11898180909911854,0.09156811793165642,0.13616216982023177,0.11105333223672008,0.10008590168501842
0.0792303348889011,0.10148536979550364,0.06834075055875156,0.3142379172729847,0.12462129741897339,0.05227205006400876,0.05527680570583927,0.10740305444893189,0.09713241984610561
0.11809883174798469,0.10197112415645598,0.12069577232131312,0.09476908976087246,0.07206548833669962,0.09265289054281968,0.10038997591881216,0.18034921066899812,0.11900761654604414
0.08459675922178185,0.08613333377442944,0.07608562802987871,0.29557783749858574,0.15578021426651553,0.07106860746692546,0.060215988511004785,0.08074234577763341,0.08979928545324505
0.1234113598082397,0.09574988077608278,0.103899759684883,0.15639888193306703,0.09312097932929775,0.07308420685793958,0.09099272318660334,0.13689578893508675,0.12644641948880012
0.08417915620214456,0.0569919337531845,0.09619694792154287,0.213496152574537,0.06858344083173677,0.10951045701227513,0.06848325835226618,0.21052887921363453,0.09202977413867856
0.04961944901029954,0.12485197599875347,0.06470089643886973,0.33819100398348007,0.0810923986201978,0.053947362958761756,0.03183945320994685,0.16537580685899309,0.09038165292069773
0.15606443884075213,0.09588405584442132,0.12276496316314782,0.03608094135546213,0.08958587915420631,0.10303590101338646,0.14300862532507155,0.12382936493709129,0.12974583036646103
0.14046191671074523,0.09257584050892335,0.13807344880847106,0.03856959473790962,0.08204242105894681,0.1365974510639324,0.120077899223673,0.11424663441782669,0.13735479346957183
0.12034533558192245,0.12192666230377935,0.10177956848684257,0.10330351880828081,0.1213753839303322,0.11380913880491302,0.10147554147191613,0.09387940377080756,0.1221054468412059
0.09602359766750512,0.15956286601042471,0.11012468844016023,0.11262224315528652,0.15349090826666276,0.09430539185340443,0.06518908783504868,0.09909003540762083,0.10959118136388675
0.13420003159078484,0.08336415358150821,0.10066600388985784,0.09899133380678539,0.14497264199918877,0.09261164051512816,0.14009008875436343,0.09441153182388022,0.11069257403850315
0.06679272104294486,0.168007999783281,0.12379703172985905,0.19504450925071115,0.15022210085478951,0.06900675059761892,0.049966947606326195,0.08150775237419161,0.0956541867602777
0.10103970524017143,0.0755377267426231,0.0959570478333593,0.12500126470943274,0.053533780416661396,0.18786926069860774,0.09707768735014045,0.15699905176533482,0.10698447524366905
0.08885518219858292,0.09884156843502416,0.0953423120230138,0.18269256159607572,0.08228580675189706,0.08484263518268859,0.07304124742263762,0.18675610370273232,0.10734258268734782
0.10900876487697138,0.11283552662743017,0.11956513665611439,0.11414410970604201,0.11309068810471308,0.09924260357795774,0.10108044555923125,0.12050915181921647,0.11052357307232358
0.06118428854704098,0.12486155808509967,0.06153420884874189,0.33637819500040095,0.10673745520530548,0.0779839321809438,0.046567445967317204,0.10187388364957095,0.08287903251557911
0.10667340817927862,0.09074597694714166,0.10388423023943842,0.1356192645655729,0.09572868248750148,0.080115290639512,0.10660631888574656,0.17806529556987627,0.1025615324859321
0.10853928757383174,0.13325843787424668,0.09448425597477661,0.10640283758453169,0.10437798654640489,0.12907217122916448,0.0857234442546148,0.12868658441250966,0.1094549945499196
0.10332595405485369,0.05096909228567037,0.09242092282718443,0.28336929421427637,0.10374918331027395,0.07417959790038815,0.10081591018751683,0.10334008294184459,0.08782996227799152
0.12490529453651171,0.13350667463259733,0.10262425683924443,0.059619939515578334,0.1261762841217192,0.12418780318036972,0.09652190958573713,0.11240775615599774,0.12005008143224438
0.09910094035244789,0.08010790357305875,0.09330847241095475,0.16146650929993497,0.06206772894255516,0.14442496267479366,0.08084024396799187,0.16786569963548179,0.1108175391427812
0.10741595112340623,0.1054282669572602,0.09510566866227643,0.0863928452436938,0.10520160538103411,0.13925888264860106,0.09971505444262074,0.1568690787064149,0.10461264683469251
0.09612697140835574,0.06602904051477532,0.09659411748121427,0.2221337634971382,0.10049348617242422,0.10057753009787736,0.07242885593682731,0.14558431938245295,0.10003191550893463
0.1006053270679687,0.0723057541899389,0.09588659399639665,0.2291147963594425,0.09648398203032839,0.09027873500473742,0.09151308645903661,0.13018515537671896,0.09362656951543195
0.07471600431513352,0.07277280122291317,0.0979364252739522,0.3027351614407124,0.07375407078912039,0.05606951459521986,0.052847877757636275,0.171937973632186,0.09723017097312614
0.07845259503654828,0.09412873976626597,0.07905660797025761,0.13152639944882938,0.06409517570655009,0.18293871901315964,0.06960342791762708,0.19541992331585004,0.10477841182491192
0.08610576041000623,0.10043245559233188,0.06799234640322414,0.25019179051761525,0.0835716669574759,0.14460001720367918,0.07365364522568633,0.09868945148061807,0.09476286620936303
0.1586745761218655,0.09326689820172011,0.12544072337250733,0.024651016776039054,0.08299389969860516,0.11233984637561452,0.17734302772162513,0.09263272544602723,0.13265728628599605
0.08997929315013682,0.07536682189602432,0.09796702918909372,0.21219218069124926,0.09023038726888089,0.09417954611340307,0.06204791998334882,0.17599415303938115,0.10204266866848194
0.11694192050750425,0.08194555925747328,0.11425230982528406,0.10486050278763985,0.09689630222625696,0.10567001236994618,0.10535969109272784,0.16823462556003574,0.10583907637313184
0.09994892406517993,0.09662593342927571,0.1093819840320139,0.21254698417469756,0.11693912757012699,0.050002628265101684,0.07866468268422512,0.12914564020080394,0.10674409557857521
0.13067863015597803,0.09478084490715655,0.11487886109123163,0.08874304467092953,0.0776722659331649,0.11383585904722515,0.11257024705874397,0.13705719107120692,0.12978305606436336
0.10399703686187989,0.0951654047657829,0.09098478934535241,0.1544876151162373,0.13540999509940851,0.14708126869785995,0.09634673628169226,0.07212992512077356,0.10439722871101326
0.10539398442212129,0.0751368390988071,0.08706706266666457,0.16513639294130697,0.0570530058067387,0.20699833265632947,0.10941056758141705,0.08672790494506105,0.10707590988155373
0.1390551106934762,0.08908200504899244,0.12207458025438034,0.08067176840943849,0.07349543439141797,0.11279857659252607,0.11718363484071587,0.12534512029463438,0.1402937694744182
0.10971887745901765,0.06353387410947935,0.1080606479730718,0.06356792869097862,0.05759087610456576,0.19430573371746998,0.10457216638697615,0.19533452800398057,0.1033153675544601
0.10271823073722824,0.1089557803911962,0.10391735364240784,0.23716329613886022,0.07745695982551504,0.047025120596260774,0.10302819018046083,0.13889133270860107,0.08084373577946968
0.07441383544291098,0.07982143968453076,0.07706165363416875,0.2691884360784735,0.07199997224511095,0.10603619321952318,0.06600460910609658,0.16335145228081008,0.09212240830837526
0.11254742646943171,0.07169871032238871,0.11840050886106661,0.1853862232830347,0.0712391507690922,0.08524045151941505,0.08411743673954719,0.15471127021478506,0.1166588218212387
0.13183027957489504,0.06799414759254414,0.09789583806299935,0.0885987101386576,0.12875359023712366,0.1406733202336589,0.1600028485924083,0.08855609340144986,0.09569517216626315
0.11951894176368487,0.0635998717931035,0.09646447533700282,0.12711192854592293,0.12824295994111498,0.13570368994221416,0.14944192676709833,0.08887166044633316,0.09104454546352525
0.07420571159140545,0.06952136194269438,0.08021285885363548,0.3162048084027734,0.1350666308073942,0.07298906411043003,0.06835729459183514,0.10797247132560885,0.07546979837422302
0.06934456530790081,0.08335117596327506,0.08586108241487256,0.21728983486968315,0.06874964795444076,0.0829127588194853,0.06513661966510845,0.23597588485460042,0.09137843015063356
0.08022123265979168,0.09961007517711341,0.0833223181172531,0.2750668499854672,0.07076046816105103,0.09689542009411371,0.060197122712494076,0.13793174245416373,0.09599477063855207
0.10581961281765388,0.07930413027062101,0.08722657072691975,0.2766661366467184,0.07828754246021409,0.07199125052490711,0.11726419426518835,0.09302983496723867,0.09041072732053873
0.08194368852414163,0.05953650938322308,0.08394175136752026,0.32775191547913846,0.0895040484390487,0.04762427093499803,0.08086890563089384,0.1403095736933658,0.08851933654767012
0.10353826365861067,0.10395472583044318,0.10991843511046047,0.12139483570638661,0.10202304473708486,0.1466899321972438,0.09405858393530524,0.10749956835242214,0.11092261047204295
0.06734027886116963,0.08302225580279056,0.07823512925162357,0.27258958818884993,0.0616946715152533,0.09645082795769172,0.04992652989832541,0.18824833644613656,0.10249238207815932
0.07368363763521747,0.15538985064439623,0.09811819089941731,0.17456932974913722,0.12875655404188754,0.091737794002695,0.05732514746113648,0.12557104519745477,0.09484845036865798
0.11572324198982908,0.07240118418798407,0.1125210313116962,0.1419535361486931,0.13024453952699225,0.09507504395522075,0.10164698584409478,0.12571294565535376,0.10472149138013599
0.09071901453194631,0.10379357479168334,0.10156158478123335,0.16767502152412025,0.09191436782006773,0.09106220694014762,0.07144320933483436,0.17372865100836607,0.1081023692676009
0.13771828364967864,0.13797306364870132,0.1060569756359699,0.07267146856565686,0.058727038655755424,0.1098050888473416,0.12956003990892492,0.1159369654151741,0.13155107567279722
0.11356554426198599,0.062458769339323685,0.0997291643058869,0.13915609466638318,0.07993684966251613,0.17189461167329056,0.10213265035549812,0.12447087623186837,0.10665543950324698
0.11083369234438468,0.09649867219178594,0.10490864761360215,0.13027232598610528,0.09962221466743743,0.10833414953660597,0.08347841899052617,0.14492441179172397,0.12112746687782838
0.11968822766235214,0.05444491399491339,0.09051388209377091,0.20372359140801388,0.14672070144467106,0.062231677337416524,0.13298502235311757,0.09240045845510077,0.09729152525064377
0.11066616144054703,0.09565424538288521,0.10844359342136156,0.12352030591833835,0.13074043497625923,0.10844999227467184,0.07709304407585355,0.1274011645560626,0.11803105795402069
0.09643263986745217,0.06763374481951197,0.07681126396522649,0.2558069917214779,0.07099408180761334,0.1443362864294421,0.1076747174124214,0.1013301077644858,0.07898016621236874
0.07165422615490093,0.0567154240386116,0.06860875513779559,0.37190868686627415,0.08764604220896471,0.08649711268478329,0.07169509361125247,0.11180681387923164,0.07346784541818564
0.08694093177928847,0.07674115404651044,0.08065090150716984,0.1786247123163499,0.08823910596827811,0.21154677111656128,0.09250470316343345,0.10102751691538996,0.08372420318701844
0.07642438472791267,0.1415035079311364,0.10042669725593291,0.1967751826648391,0.1269428638495279,0.08061783595131683,0.04510778115298244,0.11906839349119024,0.11313335297516154
0.07865481955050933,0.08003777252223411,0.0807771116986402,0.22995124948748383,0.07075531948440471,0.09540678079695696,0.07595540831982663,0.18958005442239734,0.09888148371754686
0.10289224104940443,0.10712103980695174,0.10413361235186881,0.12389830085939384,0.09906486340406129,0.08420797047626842,0.092427950723086,0.1799884381284812,0.10626558320048429
0.1135197924448222,0.10060333909750041,0.11355273970961066,0.12987439821721994,0.14642487405005714,0.07122937685289459,0.09162625930830061,0.12257030812262243,0.11059891219697199
0.1498722034575957,0.09507527164095991,0.1218644785091036,0.04199238388033905,0.1243143380949323,0.10811830044026181,0.12454989714737878,0.10262421246178631,0.13158891436764256
0.07946590295975524,0.10802946581398143,0.08544329468530903,0.22089165247211598,0.0701706081517338,0.08592946606762991,0.045226189180112154,0.19446894137292356,0.11037447929643888
0.13851467332075137,0.0871863296297768,0.12690335612492742,0.05811573930353394,0.0762969264578886,0.1029192304483791,0.1350214149606524,0.16660587801696847,0.10843645173712187
0.08336989437047537,0.08948772139102783,0.08918111794165175,0.2069452665042264,0.09005386631628598,0.09172419201283338,0.07872567299381508,0.17430631726775894,0.09620595120192532
0.10641552491231925,0.11824358661465044,0.094564737036078,0.1586443754556075,0.11029629460823176,0.08007275696445648,0.0754352046537558,0.12346910104320631,0.13285841871169438
0.10668050916952677,0.14816297011520685,0.11711950793561897,0.055524673629122466,0.07761903777064527,0.14421511545538887,0.08936542210036054,0.14162784907431084,0.11968491474981939
0.08091531472409404,0.08925138644442915,0.08222776031707707,0.16864541402686095,0.058454820317512736,0.1442319631216432,0.06200498920257577,0.20198499549115867,0.11228335635464841
0.10950948852442662,0.09884760009970865,0.10203483896165301,0.18360182810813516,0.09866705811967613,0.10244680698655197,0.0849511374703437,0.10166810774351598,0.11827313398598881
0.08514128405849924,0.11079292449708326,0.09275264858498926,0.2132974279999803,0.09169370296989869,0.11670168642018759,0.06504886275656822,0.1249766840566204,0.09959477865617306
0.10559565873516857,0.0800876746297473,0.10998981451204225,0.13644987857527077,0.08534249609070599,0.1335981444060597,0.1135708902320365,0.13674154632362615,0.09862389649534291
0.09778695550223256,0.06801567301173249,0.09137240409050773,0.22185991558602688,0.10780948757524385,0.0931821869215752,0.10269245858160307,0.13082459788448997,0.08645632084658827
0.10147061398832825,0.05974258908280696,0.09968705239649651,0.277291439973484,0.13591509885686223,0.07785961373188624,0.07998446004197911,0.07853778303241073,0.08951134889574593
0.14960390832885248,0.08919774108131344,0.1144457186187809,0.026919075752876078,0.11464286501845887,0.13785947162660048,0.1605958401674087,0.09372327606002288,0.11301210334568623
0.11934267031951458,0.09320717530403366,0.11592374670309163,0.12136266678486342,0.08739385075126367,0.1171444360310645,0.09741817491746337,0.12625922101599532,0.12194805817270982
0.1020695197172554,0.1090721269817676,0.10546681059107128,0.17196696343898268,0.0648953362194916,0.08821667236339155,0.08201748937112875,0.17004128160703524,0.1062537997098759
0.1471260970485538,0.09484776331531303,0.11996387155876297,0.05673396042540287,0.10796191575631825,0.10413442427272601,0.11281393076935535,0.111868775825487,0.14454926102808083
0.10116903886930612,0.05683576740279056,0.0867928919536603,0.1773154174992607,0.07726822252617681,0.20080750594519314,0.10064489286001625,0.11448965882721841,0.08467660411637763
0.12635847916060705,0.08788909587254985,0.10491208460381601,0.016345764910257316,0.16333016170397163,0.07663627693348506,0.25155041437003806,0.06650926755749649,0.10646845488777847
0.10616474997091696,0.09158491582242795,0.08334927261302083,0.21114647239110948,0.16033787018239318,0.07687378543093752,0.08724623329547414,0.08448891162564326,0.09880778866807666
0.12752011938642124,0.09463172814218661,0.1116119222280076,0.06697826940501728,0.1029463552107519,0.1404810131446653,0.10001254004293432,0.1300797285450617,0.125738323894954
0.10068264885576812,0.06601146107245844,0.10087199956515254,0.21897201167673405,0.1327751065837182,0.09176051778434058,0.10173805451893163,0.09913024743853792,0.08805795250435854
0.07610660677459374,0.08972602751549151,0.07564316131100307,0.30676329704777133,0.05995293160881098,0.12503230310116176,0.06549133927516669,0.10518393404173343,0.09610039932426755
0.1187406536975172,0.06896872418989998,0.11593158528440799,0.10499632191500331,0.09718927854699975,0.09120348762886969,0.13723964796347035,0.17318698758932616,0.0925433131845055
0.1458803012937792,0.08512956821256608,0.10421480813506039,0.0708433173643621,0.11412413474160348,0.09684825892256009,0.1473201030507669,0.1158669900150777,0.11977251826422403
0.10958378602362577,0.08575157074570529,0.11743165295578595,0.07603166994181919,0.08789630034577539,0.197209801470405,0.09783876002488245,0.11446245780442739,0.11379400068757352
0.08361749557137739,0.09233069108538161,0.09778796327394873,0.17325865578260005,0.061659208158785284,0.10088274467560476,0.07282770037725828,0.21915504718480538,0.09848049389023855
0.13148984138135522,0.1001100769883861,0.1084105234417491,0.08232640763965844,0.1423336528536823,0.11021283514169207,0.10646411876129543,0.0957380912410689,0.12291445255111248
0.12035528209256142,0.11355638620276381,0.09088725509196888,0.06234592078505103,0.11535202410783423,0.16153783468195582,0.13789597038666945,0.10366447244744298,0.09440485420375237
0.1328862830069568,0.08893104664441026,0.11130394680606537,0.049952944654976274,0.0791035424217046,0.16330813624677157,0.11428179847841358,0.1300588794487729,0.1301734222919286
0.12723309787879797,0.06849391508481975,0.12198470046744576,0.06564033991341167,0.07498940547895817,0.1530876483826403,0.11840308669031718,0.152777534438187,0.11739027166542214
0.12108636880304163,0.0904252440668129,0.11526869185398879,0.10966476370495297,0.1959487771779004,0.0642687520375762,0.0971896106202443,0.09294921975270239,0.11319857198278042
0.07846977328257383,0.08958046890380773,0.07427813960444368,0.34057136914988534,0.08412936194989075,0.09146974037124674,0.05659977846884632,0.09288102749621956,0.092020340773086
0.09558661974043677,0.0861811117910914,0.10029161889379952,0.21833077171626167,0.07226721363830106,0.08454788312328936,0.07837924051968102,0.16129339173517038,0.1031221488419687
0.08903770192325232,0.20793896305037496,0.08085754440170985,0.06745203429283984,0.08676368863610628,0.1305723627667025,0.07408039035369225,0.1644464261287736,0.09885088844654832
0.07509499499566781,0.10747091216058006,0.08562277059698477,0.2564461499041391,0.11669499818654334,0.07978034451816457,0.04949921444346211,0.12983845306854022,0.09955216212591796
0.10670902549775525,0.10943187692310957,0.12551723444423066,0.11439453120318359,0.1259274073341982,0.10474002850023383,0.09353667284453292,0.1100887741648121,0.1096544490879439
0.06686722108928929,0.09324278139110596,0.06862731975043605,0.3237072084897913,0.11687133723038784,0.04998751430312413,0.06043230477787117,0.13392212187338542,0.08634219109460874
0.1227922442502028,0.09161296637464376,0.11013603084039314,0.16558751690193682,0.07668359218099847,0.08398748001363199,0.11436383954338274,0.13639352758312276,0.09844280231168741
0.12274930806126529,0.06956139726976575,0.10592857801853965,0.12077328598783832,0.07345866781934522,0.1507089734293904,0.10713795640245612,0.13230022575480574,0.11738160725659351
0.11849422877506548,0.11825563199344279,0.11929495254275457,0.07772396949978409,0.0853001037928775,0.11125790208070345,0.10222794684148985,0.128795058007958,0.13865020646592427
0.1021198705274355,0.11323587355737928,0.08059823864217208,0.28155354366299834,0.08796815000275654,0.06144901334730815,0.09297876829283584,0.09363479511809734,0.08646174684901693
0.10777190186707188,0.07494639733148871,0.10259375245839462,0.12485036793799953,0.0995624954773055,0.14582319865109142,0.12281538602784259,0.1302557066098032,0.09138079363900253
0.09483222141866647,0.09375991362615411,0.1001699625948389,0.15006225288843242,0.12737371062612904,0.14278388535010286,0.07616130910450687,0.11576333098431507,0.09909341340685425
0.09359950255344562,0.12483244747282919,0.09861862272050848,0.1067622701017139,0.1036562754325479,0.16964290067892443,0.08151005701654244,0.11884518053885884,0.10253274348462922
0.11446374200429606,0.15777439043590916,0.14584909532548265,0.04042973438704169,0.14142587764076384,0.08044892079000811,0.09653294883725155,0.09034135112510185,0.13273393945414502
0.08340706281867775,0.08085755559197833,0.0902184245052397,0.2111394964116516,0.08528537051669845,0.14056271817871796,0.07874219568874462,0.14279991893218866,0.08698725735610298
0.09715971430730937,0.09039019544827193,0.10231352346101193,0.19766085113372786,0.12462706636821298,0.11341004504363066,0.08329327362136153,0.0912321827077484,0.09991314790872541
0.10695308968545018,0.09791195958280478,0.11604544041905096,0.13274195710267886,0.09305019660396219,0.09711870239059418,0.08351449954348984,0.16052244564988818,0.11214170902208087
0.11692374935036332,0.07213628233320166,0.0781356298868488,0.16471650001688534,0.1301215168407769,0.09281425882715261,0.2005020249915852,0.05792438030748195,0.08672565744570415
0.10123812554012275,0.08539603496290138,0.10619669693901485,0.17970158747392326,0.09946007520476959,0.06602399395518606,0.11241923413725065,0.1616413578291592,0.08792289395767221
0.10794546142312089,0.1028291395788043,0.09735941035488242,0.15212452611832122,0.06527691101839594,0.13298710476055062,0.07607133395061866,0.13876427928821855,0.1266418335070875
0.1240041954415918,0.11926427920046385,0.07707681128881101,0.03706507160253954,0.14746122206725176,0.07054225304137411,0.2722925628101227,0.06093424527080957,0.0913593592770356
0.08679292300368946,0.06476474263200493,0.0826026109485683,0.3164360827850996,0.1102909007545539,0.07438172453271298,0.107135917396378,0.08368010441517308,0.07391499353181978
0.10571382191818457,0.08270357411222205,0.09246535162951015,0.2191877719223958,0.09699087929693301,0.09635200098521561,0.07799211453030781,0.11294100141477548,0.11565348419045551
0.10340924852899158,0.0994135077629963,0.10398979345992511,0.23297263439296154,0.060983616976124255,0.058343024167148656,0.08979828888701942,0.14707501932533165,0.1040148664995015
0.13249948950576404,0.0590459017164289,0.11541567854447193,0.10172821386763847,0.12650670777192077,0.10745861337081199,0.13457971045338232,0.11676955419480363,0.10599613057477791
0.08610441695956933,0.12399484531331982,0.09590875320530419,0.258640684188649,0.06871874755490746,0.04867284672094518,0.07588551657511979,0.15844769708083972,0.08362649240134551
0.10384017591036145,0.07402200095205423,0.10972683127910336,0.13521772940748403,0.05944354138241157,0.10935847538648667,0.09030670817161503,0.20627802479216426,0.11180651271831944
0.09458564894704208,0.07869293608962684,0.10510620225719512,0.22073950008578,0.08621332710318104,0.11968359138977915,0.06630817335838628,0.11741767218450104,0.11125294858450845
0.06257983288960585,0.15882765474609228,0.06729334356474968,0.24066045842051143,0.11237584431101096,0.07971163857945457,0.05650415957773847,0.13898446116371566,0.08306260674712111
0.08695944958731343,0.15392640974097238,0.08135557252083495,0.17810101442621426,0.10121117650912975,0.09694735119889525,0.06567716879619728,0.13044724240977154,0.10537461481067129
0.09727314738537408,0.064540592989646,0.09609258858393273,0.17795049302486787,0.07316799420354646,0.14162535329376238,0.09166747735762067,0.16314327583162294,0.0945390773296269
0.09014000389074645,0.06364231421493059,0.09527673043049578,0.22604900284244991,0.08375998210735702,0.10645613090928452,0.10206887512891817,0.1536128546456024,0.07899410583021506
0.08492037251401978,0.057507393824134743,0.09909735433869538,0.27936595039118023,0.08478842778090327,0.07103303395489162,0.06439470864315222,0.16461270343175258,0.09428005512127026
0.08135979389340879,0.0864051540382602,0.07960741467077288,0.30187976906068453,0.1199712851255111,0.08163676161018225,0.08883347994025816,0.08212118199432572,0.07818515966659634
0.09911692782146612,0.08832348480670765,0.10040280540065975,0.12495165815661459,0.07370898824035943,0.16102282382334135,0.08571893005918281,0.1631040182844228,0.10365036340724547
0.09146499262143476,0.06397095630236084,0.11017972300965989,0.1465437651059591,0.06853665559301637,0.09906506579919457,0.0887847210101304,0.23663318730761437,0.0948209332506297
