0.09608958958090764,0.10925226636749989,0.13048223087534336,0.10332205100563485,0.15038941094408123,0.10191009450273902,0.10246968346668504,0.07119202874356673,0.1348926445135423
0.1268392959659134,0.09374193387113672,0.059255598538916404,0.11886105761665185,0.19742298616421372,0.10357027241332532,0.14208360546631107,0.06608839332023946,0.09213685664329214
0.09682114850716249,0.12420009799349858,0.06671006998776301,0.09380295200248856,0.10735476345147293,0.116011874263913,0.11557938185237461,0.14169310823479114,0.13782660370653557
0.11019947013663144,0.10265952302788345,0.08478901923536548,0.12846239999460385,0.10455140884308421,0.12131219392906968,0.0937238461175713,0.1255112657805911,0.1287908729351995
0.10030999590430578,0.15130141429763141,0.10324474358990632,0.1448822525336377,0.10194988473020106,0.12222675195019074,0.10525218879571019,0.08519490768169687,0.08563786051671995
0.1276061532100681,0.12434328252136179,0.07166684567747417,0.12179974217534867,0.10634598090680236,0.12137620910898529,0.12003374927212711,0.0870165107385119,0.11981152638932045
0.10427363990103096,0.1326574403223658,0.13175215540632715,0.11831050890244676,0.10398943088335096,0.1309357488283254,0.10061540172887858,0.10088572464153876,0.07657994938573569
0.12780270285667478,0.13261368323092362,0.0979786827766831,0.11861621235319442,0.09375078235519396,0.11989638317958107,0.10156251533027583,0.10160769195320148,0.10617134596427182
0.1083661484274973,0.12207812262236595,0.08455996682604423,0.12940499118272167,0.1020645631007205,0.13713003692624795,0.10807423161228395,0.07549810296237225,0.13282383633974623
0.10357898390698862,0.12316167836573172,0.17339012736220796,0.1062915529228093,0.09967640509511029,0.12224204808592977,0.10360951142483042,0.06376381918134477,0.104285873655047
0.12317554786531948,0.10533040426493627,0.08602811162834355,0.1422268121512129,0.10224240725070456,0.12059458115531536,0.10344652484394383,0.11270039243054408,0.10425521840967998
0.13520676696777464,0.09481572510376395,0.09559276772854812,0.11804938123327212,0.0937536271511834,0.1043241271293555,0.1265559774438694,0.12017546774382792,0.11152615949840501
0.1051551987260075,0.07574486970936858,0.20239962310205614,0.09153571050219024,0.10490239113953258,0.0857522167638755,0.15194836753053434,0.08227205882674858,0.10028956369968665
0.11143322567468512,0.09217605257755783,0.09609954235832135,0.13295157878903613,0.19984640860888683,0.09213653675160653,0.11597510409295304,0.07584809149153288,0.0835334596554202
0.11130326232642358,0.10493754747647459,0.15653523498412514,0.11310130260633706,0.10447274651992618,0.0931214187740148,0.08592707457316262,0.12958468220953764,0.10101673052999842
0.09928868956929816,0.10937983750776019,0.18975173317498764,0.10022368469332943,0.10798441592260676,0.11479189773130012,0.09127241786355751,0.05482573768735947,0.13248158584980071
0.12602955591943518,0.11026009029342726,0.06570104444785911,0.11757032221798143,0.12936123836568772,0.12755028544046698,0.13745624876168447,0.07764350236996967,0.10842771218348828
0.09218320916942085,0.08487532339408892,0.06812414296140845,0.10824597337879921,0.1662771156375038,0.11449207895570003,0.11751821050917806,0.04913195325697412,0.19915199273692666
0.12751309521580534,0.08762783986567359,0.06051416050884043,0.1023217615279553,0.14214572934706307,0.12445037574831051,0.10471783141127522,0.11644717923053599,0.13426202714454052
0.09418497206872084,0.12180898646402545,0.20925526489673926,0.08452196022777154,0.1106943146775447,0.1112706319686214,0.09682557260149889,0.06227168199719674,0.10916661509788117
0.07369040468527178,0.13749095606171588,0.16612222953283132,0.13852169068699927,0.08877375491698691,0.11033310767455068,0.07717279547329849,0.11377401364653854,0.09412104732180715
0.09669682695313041,0.10312654289517194,0.09182879691893266,0.1119020029637791,0.16046950621502695,0.10831233971967584,0.10709336765839624,0.06423802670095409,0.15633258997493285
0.0941518620570118,0.09073836480270418,0.19002124885009394,0.11763714594289469,0.10394959717230777,0.11900524942546231,0.10121480001492854,0.0976250101053961,0.0856567216292007
0.09493021477808246,0.11622918786823631,0.060315423376779864,0.10384285625641193,0.13703868460379373,0.11536821501701307,0.11478718157649688,0.06609987438318597,0.1913883621399998
0.12147192060834638,0.09232938037131871,0.10837249453406061,0.1037723874367255,0.14684788970372709,0.1449433100697106,0.11434918794226852,0.06425679446641615,0.10365663486742631
0.11457556936887643,0.0802847494557067,0.04674998576692676,0.08285220040407575,0.1442051621676486,0.123879242414334,0.13847009969544774,0.04614099338044409,0.22284199734653995
0.10927011510555497,0.13042551919927992,0.0774168854310864,0.11585247369196146,0.13631720684723417,0.12194094702376364,0.12839350378350223,0.082351751817986,0.0980315970996312
0.1522430063945829,0.10475624970963661,0.06998740898051918,0.11991225574504309,0.11234253586682581,0.1217260031382086,0.13789473179037282,0.08694746381983609,0.09419034455497476
0.12927344489067058,0.09992756372300717,0.11074378090120628,0.09241493586934883,0.09819766280591787,0.10266410725951329,0.08836683314916777,0.13780938152212077,0.14060228987904744
0.11488368914193568,0.10802777553044113,0.15443021682480426,0.12373543358809298,0.11636303426291701,0.11799630131024175,0.10420932270581694,0.05663642653302089,0.10371780010272935
0.09982046525500171,0.12808093677939555,0.05922696409441569,0.10425104892070443,0.10025552287375124,0.1279384774925533,0.12591327568108743,0.14290397131025537,0.11160933759283527
0.04751643717299666,0.08535277308430678,0.24496662089819735,0.082749291699748,0.08561944640439367,0.05732369246552602,0.14800772908266085,0.14094891953823427,0.10751508965393636
0.13447425758986561,0.10337666331052965,0.06665279512541289,0.14586927345331094,0.09861090503234438,0.12396275767380686,0.10126806662724175,0.1217801994096665,0.10400508177782147
0.10362040852904542,0.09902589026224944,0.11579573506930495,0.10007947254088455,0.11352196110477482,0.09843297236641248,0.09368508853317059,0.16040845817457158,0.11543001341958618
0.11455331252754264,0.13009782362017952,0.10803981665790131,0.12640656415502896,0.08526132507053015,0.14308358448849853,0.10611037817921147,0.13002042451901538,0.05642677078209197
0.09903590718802967,0.15453828974423453,0.10242411813309427,0.10022575869194074,0.10540820821413521,0.12048263754828631,0.10585030826538866,0.08008058136572542,0.13195419084916524
0.10444915315018276,0.1019423125628125,0.0665988061809183,0.09533417699391385,0.12620915639193994,0.11944684827067152,0.10561018626477543,0.06679799205820218,0.21361136812658357
0.10559974670393431,0.14012340241106444,0.11787852473878206,0.10953435010624045,0.1068289842906609,0.11625585947486412,0.09957154870270006,0.10704036602944354,0.09716721754231017
0.10459825828749231,0.08161899495921611,0.08840606548533243,0.09552566464264363,0.12749697345491237,0.08472628884047777,0.10679095997983191,0.11203281203638671,0.19880398231370675
0.11349868293236175,0.08953082114579884,0.05741122169020682,0.08169571191949766,0.18244250649226787,0.12854901505614147,0.12729431064095925,0.058340130256960256,0.1612375998658061
0.11478950616406897,0.12272342737557218,0.07839385984986584,0.1270058957359594,0.1329249989139708,0.12555176422907685,0.11761182999352741,0.07642151333514378,0.10457720440281486
0.10674023837452636,0.08364610487722522,0.10626917789262075,0.1048243461890233,0.1338573527121306,0.10180781725443307,0.13742477049787735,0.05404110867252548,0.1713890835296379
0.1057979403147284,0.09162813511184391,0.06746407204644533,0.09263789350296187,0.1296453141560675,0.11008835026375115,0.1327387607720065,0.06978081960648343,0.2002187142257119
0.09135873363943288,0.10799746437773376,0.11118578113581706,0.11535819385081363,0.16658616842173848,0.09741534294035553,0.10068565416742052,0.07381367540057295,0.13559898606611517
0.09615163115402846,0.12552321984715417,0.06454919670807681,0.10399424785921645,0.1857110271237102,0.10995384642036415,0.12333776997098315,0.08349876324845466,0.10728029766801189
0.12330666775916642,0.09579453618077062,0.06265311272193576,0.10485972850605792,0.15355802621327308,0.11193082509040587,0.16156951442744324,0.06593267085608452,0.12039491824486247
0.12419152138878835,0.10138350283310425,0.10909166103414614,0.10895146254087217,0.12328564355559508,0.12605277830491876,0.09995945015540554,0.06872378615800412,0.1383601940291657
0.1112754143531078,0.11849504285039414,0.12094922885182709,0.08084225931355633,0.12312559846729837,0.10496058030372012,0.1139942705227946,0.09291671260924246,0.133440892728059
0.11078869755557987,0.12196473195090289,0.16457139359366968,0.11347852586871876,0.10884009511496451,0.10049019888915879,0.09385448468932056,0.09546331573411378,0.09054855660357107
0.11530808585662768,0.11821692674789652,0.0950932447159359,0.10029542647264407,0.10631769280558569,0.10719812331225449,0.13291449627781368,0.12259245242082573,0.10206355139041624
0.10533646995380419,0.10824818484950527,0.11519374953882815,0.10130030340071795,0.11689597978475014,0.10966457094763755,0.09330974186085317,0.11221982156646852,0.13783117809743503
0.1378046746158669,0.08189420634802098,0.048635291038519594,0.08603972387847521,0.14889823224811696,0.09665637841061163,0.1282207663377478,0.11423051691121866,0.1576202102114223
0.09989044177277147,0.12340262400235529,0.10656316194289644,0.12793752643812484,0.10820818324259425,0.1255651992469233,0.1040829080371564,0.09136549513295407,0.11298446018422394
0.12149962265464587,0.10981045320655913,0.05676589996965275,0.10768326991490067,0.11659175729179781,0.14401148995585783,0.11790200659958501,0.11489912485420757,0.11083637555279337
0.11268802241500048,0.08933186261411519,0.09354907861087934,0.12775438878501977,0.125209060725652,0.11439444929425542,0.0967979742842926,0.11616811566563039,0.1241070476051548
0.12043354189652238,0.10722259758921103,0.09532769452673186,0.12451755466548042,0.1247868064815489,0.1051661815655462,0.1410511820538056,0.10438811570771649,0.0771063255134372
0.11995925300308051,0.16144895202951878,0.05548493871753122,0.11447267697645185,0.09363111982270962,0.12928987689330654,0.11811797918153925,0.10700965851962246,0.10058554485623987
0.11377518355166498,0.093767129607996,0.08618900981447586,0.10534926220666052,0.1400842804615509,0.10393570572267741,0.10541177444573631,0.0779830947185602,0.1735045594706779
0.12133686393612443,0.11477874368079814,0.10657091842510387,0.12917685525598785,0.10029281051088941,0.14915452867289045,0.11550918256903374,0.09663858190480352,0.0665415150443686
0.10730798287364601,0.14037038151487677,0.08692363843111643,0.10872636046462038,0.09622467385713192,0.11642353365272777,0.109942838929306,0.13715115315065043,0.09692943712592435
0.10410253576266944,0.085955955366396,0.07872777569885593,0.09157033385836022,0.14208773927823068,0.0975065355585689,0.12666223942299207,0.08462946312177895,0.18875742193214773
0.12248536807010224,0.095604856466919,0.13954849147163992,0.12198151801087255,0.11098305845005095,0.12867812926828606,0.1100247549711477,0.06658999984515447,0.10410382344582718
0.1315100542631685,0.08053813443774886,0.05975927899553585,0.16062564256369694,0.12471974546458738,0.1277931973773441,0.12948748225573073,0.11519086394717916,0.07037560069500853
0.1314049718880035,0.12134571626918118,0.07034580743568368,0.13654399941537823,0.09563724561575578,0.13873410775653106,0.11170501875180942,0.08890465222422393,0.10537848064343318
0.1373523838054947,0.09353192689776374,0.06645618074159915,0.10102937656217775,0.12635468804865946,0.1447896027358961,0.11549942689987724,0.06037454808477566,0.15461186622375622
0.09967323085688164,0.1445229368377218,0.22425117214488646,0.08822399745095653,0.09460492204546427,0.0971181770937279,0.09773310788668332,0.0634053242579161,0.09046713142576197
0.06448252342078617,0.09728895666006245,0.32963646525225343,0.07402982487071798,0.09386333480363696,0.08385775988025244,0.07963748586614007,0.10730763146877305,0.06989601777737746
0.10738517902735707,0.1337874694853414,0.05317051196630751,0.10823161567548589,0.11290455300741016,0.1261705811210945,0.13145269945616206,0.06622676819410186,0.16067062206673957
0.11599737607631706,0.09556474926332965,0.11236625508331723,0.11773701816516458,0.10545051239488541,0.10278510411544262,0.1246636705290718,0.08629289828992213,0.13914241608254954
0.08984116878215147,0.1273534579706297,0.19631164960853478,0.10904104658475018,0.1039663108324827,0.10459103423222875,0.09880392075618016,0.07324332909636883,0.0968480821366735
0.11291148250270407,0.14566561314678064,0.1287301206841526,0.11898420421978677,0.09360528181848832,0.10742902173196626,0.11786779164528838,0.11627608646933794,0.05853039778149496
0.11333372284985382,0.10251296899350236,0.12079756748888774,0.12495250426941917,0.10640376218786408,0.13058625435027138,0.11025549175510618,0.0676521174636431,0.12350561064145223
0.10351437464996888,0.14158830796693336,0.12089588741261015,0.10857493186189626,0.10451421331019771,0.11334481278472024,0.09994638854324168,0.08115779621517238,0.12646328725525932
0.12598831233994615,0.1021827663847078,0.056211508570175366,0.09847899387365772,0.15387952658146645,0.14449139296213734,0.13307239693818765,0.07636120859885571,0.10933389375086579
0.08281916735720098,0.07764574408485882,0.14322099094141313,0.09640256536148517,0.1666935339591343,0.08307246657657262,0.10009399780723321,0.1005985872540963,0.1494529466580054
0.07906237199235389,0.14713938936200677,0.20836151940562794,0.09474774021903799,0.09768657790066011,0.10183595660076276,0.09004273842612953,0.09826530367240699,0.08285840242101407
0.1198539838611442,0.09653309699740507,0.11347465600089272,0.09595230729481467,0.1793758972074532,0.09387284339829,0.11139264387956782,0.09220446647317553,0.09734010488725675
0.10141834705384373,0.13421168121150023,0.09588028348669679,0.09699173305486342,0.12238058220456716,0.1220579234805194,0.10872645041329526,0.0812074651887663,0.13712553390594764
0.0943978264961877,0.12174648966918016,0.16584213425272007,0.11460802284180822,0.10274421546793476,0.12338800072655931,0.10578464681292803,0.07637760052958766,0.09511106320309408
0.13266931901089832,0.12082843434977397,0.046927002800887845,0.1068776456919413,0.11576236024004916,0.13853128847560467,0.13482374530243868,0.09534753655376015,0.10823266757464593
0.1022053323106465,0.07627387870901482,0.16471334104016452,0.1040280737863964,0.09384699265859314,0.08952632173213919,0.16373284733685287,0.09297982744870593,0.1126933849774866
0.11093138259457536,0.14518419284033687,0.06396720332657281,0.12289633999449129,0.1081203296462561,0.1037202715510994,0.10677287429906857,0.13118614257044905,0.10722126317715064
0.12045690294869492,0.11007889029507086,0.0530601175979403,0.11114811138567275,0.15837604648799103,0.10897379943771542,0.1565080563643754,0.0682416783716034,0.1131563971109359
0.0912847047725306,0.09504134063923812,0.20895176638099489,0.09898576845386504,0.12530301114949674,0.09391977125415385,0.08399421624473939,0.11249349818529449,0.09002592291968675
0.11015939740726537,0.14107606472256728,0.09738840522254416,0.12735510345779902,0.09397949932076895,0.10913798654161648,0.1012387164827947,0.1305135298632277,0.08915129698141645
0.09441778361946955,0.127741013958003,0.07240677537716118,0.09666075478346108,0.14873547970281284,0.11333287676937553,0.1206450495872504,0.09829121533152473,0.1277690508709417
0.10883103700584136,0.13691490253656793,0.13582373963344654,0.10470870971693301,0.11770729394793593,0.11226009583041724,0.10323890033563486,0.08696330981023537,0.09355201118298774
0.10649702850940006,0.12449207044572992,0.07846596540617046,0.12503267177343902,0.10504821410823455,0.11871214743056009,0.11775067493008162,0.09120335529332885,0.13279787210305546
0.10374241681383985,0.07763652814417121,0.21842152399511447,0.10370052772461114,0.08880746636729235,0.0745337110451468,0.13891139121674356,0.14102530404195077,0.0532211306511299
0.11992197900723613,0.11314660381686663,0.07551875138417684,0.10780292323012798,0.15379926602976093,0.13076903727342062,0.12869360111100223,0.07108522641046415,0.09926261173694445
0.12186773001852778,0.13757861671820185,0.08421804742168408,0.11845186870759816,0.10155020211367001,0.11759192007451329,0.10783514231957599,0.13162424207088957,0.07928223055533931
0.09823875154284055,0.13821452184207236,0.11291259948732701,0.08800111210072521,0.12813204547555637,0.11862528125627586,0.11073709989897888,0.08262089069492276,0.12251769770130094
