0.11593979892888685,0.13522158101241502,0.061339078126249835,0.0744393616119646,0.06808253429097748,0.06657125002251214,0.3267555523870078,0.05166065859444443,0.09999018502554186
0.12103952512411463,0.161140405924482,0.11112188715550697,0.06557698927668747,0.0915110601216046,0.11261420288823681,0.16478598341244818,0.06294680459946815,0.1092631414974512
0.13748162138621414,0.11944390888174118,0.07860413937655815,0.16718767616848082,0.12840898623237515,0.08041820917006585,0.13950625566168587,0.04950772743662313,0.09944147568625561
0.05329332324808789,0.15215040908470898,0.13305048471917247,0.0883961192971094,0.1797286198673368,0.11843602748164124,0.0447166619650668,0.10983014427565503,0.12039821006122146
0.12461229992712075,0.14738719011552834,0.20310619619637427,0.07519559593798515,0.09468748374122028,0.09859187949098203,0.07997991517678733,0.07037577291836541,0.10606366649563644
0.06641165177673208,0.10431068211549606,0.1276945478906912,0.15288797980339508,0.1349772007601593,0.12566572933041767,0.05631423172360248,0.1131673620505726,0.11857061454893351
0.07209497938623881,0.07526933216888725,0.08497386708818387,0.21945795805786625,0.12743194261704,0.08875134908984446,0.14444386867406056,0.08681155915641914,0.10076514376145967
0.0974674117595758,0.053986988781231676,0.06927167680275796,0.11870310174127179,0.09553749082736168,0.09598881882543546,0.1710266815345395,0.16599187367777754,0.1320259560500486
0.19936720653017667,0.12976635612223988,0.12465338113380903,0.06328317843794042,0.07859963587699016,0.12615693344202572,0.1173685289340856,0.06849228262998465,0.09231249689274783
0.07758543402674715,0.05185502141402446,0.08650603798748362,0.0961487039117005,0.0929319297420722,0.08966731283392464,0.2776315550894431,0.08402328179794384,0.14365072319666045
0.055584934747123366,0.09756387560163927,0.14577053463961598,0.10476065244712997,0.16522159979704698,0.13713703394601237,0.06001697440626264,0.12252414292018303,0.1114202514949864
0.06773786207555081,0.11053488944429442,0.1808560871506888,0.13766293861706913,0.07909174673115708,0.10827871892696052,0.1065529725027368,0.11322630579191673,0.09605847875962575
0.12401913448237263,0.1155722488062364,0.16658824648251905,0.07636249300571533,0.12159723113310013,0.07973276332671922,0.14738694390362678,0.07322144860654303,0.09551949025316742
0.22467263177544208,0.09321438993334234,0.13153697708641623,0.06617690167647317,0.1007540199916465,0.14320140079145496,0.0713164338946751,0.057802615216183406,0.11132462963436617
0.08238820745036035,0.14633588940886091,0.09800865413474784,0.09308166352595769,0.16548925416596894,0.12570509869760252,0.03156429568843271,0.1216251659563085,0.13580177097176052
0.24856550096007837,0.08889306048039874,0.09538734067138287,0.08682929348196237,0.13017973830728458,0.10311456225511428,0.09580925182805583,0.06055583111536899,0.09066542090035397
0.10837740315390865,0.15449277239073603,0.12456835790317877,0.12129429452731129,0.11542362608399682,0.13689472800590496,0.05947969456323974,0.09086970741164806,0.08859941596007569
0.1423335032036137,0.09595785200101194,0.07918352829552434,0.0814616574800035,0.16334224668103808,0.14466442857627854,0.03535553882784311,0.13298051276474818,0.12472073216993866
0.12312970213112125,0.12201353878675687,0.10885552491258393,0.11460414490295034,0.1989829008027321,0.09177073540300744,0.01633128944643543,0.11060667861012781,0.11370548500428486
0.06540921340743061,0.08554699636371217,0.09122567092859142,0.11118113327581218,0.1077750753220299,0.09094950408804543,0.15488837783670065,0.15716794421385002,0.13585608456382756
0.2409783111031206,0.162157810015944,0.10810279563643503,0.08371291552568332,0.11419434430459112,0.0913324754398861,0.045028976154128895,0.0632348886180083,0.0912574832022026
0.10127389491916684,0.12150458361933947,0.17534384496401603,0.1419644765312561,0.10539574357802518,0.11030547678942004,0.06303518888913104,0.06989484139666763,0.1112819493129777
0.06851146967032655,0.11908337105907117,0.10364938732445499,0.0827814524309099,0.12550105160125677,0.15863511628131252,0.0632282691474466,0.15924368849560394,0.11936619398961763
0.10638401896839599,0.14764554439411057,0.12503630232406596,0.11349169816929504,0.10477837379822717,0.10843115491082474,0.06528519472581447,0.1372042271431578,0.09174348556610824
0.05137708620802472,0.11200676188151254,0.14233866376438079,0.11470436448557735,0.10513517994287934,0.12866373574455747,0.05957139433411648,0.15486271469330168,0.1313400989456497
0.19615716684505272,0.1610919280383935,0.16148001948767,0.05970797282512391,0.10075957375984783,0.1324439231982959,0.04562068799352658,0.06308421740863489,0.07965451044345469
0.11848656715941669,0.1168190932639369,0.19360305475269945,0.11498704722611235,0.09637767339498753,0.09033277985029182,0.05240700601586329,0.13415673441862727,0.08283004391806464
0.06366389801735732,0.09318974952893265,0.07161519429276383,0.16007714725563685,0.08184828979910368,0.06309782529591951,0.22149451799860045,0.1295393620280563,0.11547401578362941
0.25325987195963223,0.09699236774739355,0.10480254493502066,0.08907080994715433,0.09701549058734389,0.12932542565607544,0.052857665640107514,0.06969240938202055,0.10698341414525175
0.06450548675307345,0.10773638485143773,0.1567811080760904,0.09469075900109354,0.12720638504160675,0.09637207892735981,0.14155521231274615,0.08685875647135727,0.12429382856523491
0.1213591198978793,0.09587116633493226,0.10479786029175035,0.0916054711381221,0.15265500967055665,0.11520598264578413,0.04966155497613187,0.11700761735962324,0.15183621768522013
0.07748989138959479,0.11428396770671156,0.14790553814917265,0.12544915141907564,0.09282448940054693,0.11673870849038548,0.11324306270627205,0.09460586331226158,0.11745932742597935
0.10879434239956627,0.1384808149396035,0.12728935547430661,0.08789493279954703,0.07402941680971313,0.07216414580830305,0.1249889849342413,0.11277006810578845,0.15358793872893065
0.2189156194046921,0.1402441533853298,0.12873524525163604,0.06920193311783744,0.13631045368532105,0.07945377821658191,0.044812714205252825,0.06282882722712728,0.11949727550622152
0.04497159305308435,0.08884669598591931,0.06750449452842218,0.10037017046851682,0.09536135062053978,0.07384630149773952,0.29249190300220723,0.098587710039359,0.1380197808042118
0.032265943888699196,0.11778375610641671,0.11899245793508045,0.19348037062550436,0.1056583920801748,0.12128849528657067,0.06896651621357672,0.12396819710481027,0.1175958707591669
0.0939240868989023,0.10364968179057919,0.23597784562198063,0.11031438798067145,0.08536725675143175,0.12205249723490842,0.08103180231576358,0.08389744409080073,0.08378499731496203
0.16537304199830188,0.09344196851882018,0.09262651386892405,0.06577715159710222,0.1216283223875139,0.13571172261861938,0.08539471361566958,0.10952067814152973,0.13052588725351905
0.10683989224380096,0.14975205247358725,0.131330214019264,0.11888069619584152,0.09670727234016153,0.08799878571191334,0.12730189271519213,0.08051523492959022,0.10067395937064912
0.10961824188841823,0.13695267631011623,0.0975041721672842,0.10386549876637978,0.07789971197083587,0.0865635010433616,0.1341686674270791,0.12526461801593322,0.12816291241059177
0.07635927926551579,0.09693817739942652,0.11172515017888163,0.13408089405473303,0.1133306164037134,0.10166907186365692,0.14415772398331872,0.10777226537992102,0.11396682147083288
0.28543273597820074,0.07959618282900789,0.08331495112029152,0.07175714874042827,0.07410529608540688,0.09942505109676493,0.12136334182393588,0.08622147993274402,0.09878381239321977
0.12199068196229018,0.10366332201403296,0.11981199720561148,0.06316636516919864,0.1418411206928012,0.1215836303310922,0.06089828649567367,0.15052516198961288,0.11651943413968695
0.08804634302433195,0.13630683939214053,0.10995804660036539,0.07944728412927266,0.13806568072281986,0.15681430423089823,0.08429262456665476,0.09983862682280004,0.10723025051071657
0.20944339961255384,0.11389151112876766,0.1471271894787657,0.08061375479989784,0.12597796703059708,0.12239647859467258,0.0517888209101326,0.05945663393060365,0.08930424451400905
0.16474102383919023,0.1471855299727255,0.1625653954455409,0.062293256755340275,0.14394917285557476,0.1095023459591682,0.03965677768463508,0.07923290399046785,0.0908735934973572
0.0766313279739186,0.10002740580783683,0.11810716861918773,0.12223047011423227,0.1473371186614347,0.10433321095146629,0.10566082072126519,0.0992363991030285,0.1264360780476299
0.16118308004945406,0.11591493954502924,0.1315666555624149,0.08747721074914579,0.09473400017377687,0.09316745626659943,0.09307514890206568,0.10620733808969562,0.1166741706618185
0.16038411749582107,0.08773659563716003,0.10512061041413383,0.08737676620658724,0.10113224928308841,0.1162623255780728,0.13028383525562176,0.10386130605946209,0.1078421940700528
0.02950065914810048,0.10384236856171036,0.12580968123131658,0.1306826344201603,0.11276090359179307,0.08545403208029793,0.1694965437145853,0.12171083936274955,0.12074233788928655
0.10524542189719173,0.12614088282027067,0.13259590149229203,0.07150695512567254,0.09541263765077079,0.08909773968842306,0.15976281042245097,0.09967967570920074,0.12055797519372757
0.11246189627500218,0.1762809078556353,0.17037935026847154,0.1189256693968988,0.1307022409654048,0.09244958319473755,0.025925403883625523,0.07592183869507832,0.09695310946514606
0.030422136608899464,0.13539971609154014,0.0850186615932677,0.16644429449581907,0.20983006256025374,0.10118773327009366,0.07142743824605724,0.09705772249777278,0.10321223463629621
0.08499165393505413,0.10160674420224945,0.11117095935020564,0.14567419517055083,0.11420798083216428,0.10443048701371892,0.09737181679171925,0.09661614670260905,0.14393001600172847
0.12320097306435984,0.11270803417093589,0.12240089891783172,0.12302735883938375,0.15168640085081095,0.09951851352007167,0.06666979501818804,0.07438414431240457,0.12640388130601357
0.12926965471920338,0.09281332338048899,0.1500383722726528,0.0791040987079991,0.10201053113895109,0.12925729464522592,0.10803368116017013,0.10448009482293752,0.104992949152371
0.08441679449390838,0.0953407794869429,0.14480694139831393,0.11192293844499064,0.09611326983253872,0.10925971859509993,0.12948293626085136,0.09680299559575133,0.1318536258916028
0.09863059008345816,0.07295054954932459,0.1425810722022506,0.1139181697127228,0.08658738437049207,0.08589284545860316,0.17195892228998724,0.1037954483578299,0.12368501797533145
0.052873767527521126,0.1795573347258914,0.10687117409602494,0.09932288973135549,0.12682986342788793,0.08990878481367753,0.1607270411823545,0.0822366407328936,0.10167250376239349
0.13575949554283515,0.12433464466691879,0.1191163433979255,0.09305267613085598,0.11370084445420842,0.09812882510400793,0.10322186398088774,0.08389570680499597,0.1287895999173646
0.08665426203668164,0.14770476697240578,0.10739653288382607,0.10516663207028955,0.09177445733004796,0.08341375477065366,0.2326175126818716,0.05813723925948949,0.08713484199473416
0.12081371915162896,0.12531828924436852,0.10373798876483135,0.08916736404586038,0.19612127367643262,0.15929419229029934,0.03305404387188907,0.06831143945688521,0.1041816894978047
0.09482493682965992,0.10476211694463851,0.14084592835019552,0.06199078238884864,0.12605079304718922,0.12075941147636331,0.13488391845634765,0.08208681739649283,0.13379529511026436
0.18028983691108116,0.1204065799408312,0.12996684942811723,0.07513959458281709,0.1337804618400649,0.135630436759783,0.039194215390228326,0.07210725983057004,0.11348476531650703
0.07973372323151011,0.130729835278192,0.11985387623077792,0.1737822051271125,0.08567364124320558,0.06310878189371515,0.20679334751182768,0.05034531374486304,0.08997927573879598
0.032397237419222985,0.12571883015562155,0.13479859533502211,0.21683289084507582,0.16405807257085595,0.09664758781810064,0.03997256917686391,0.10516419907943252,0.08441001759980456
0.043014446702002114,0.1009201448492801,0.1230804918178575,0.13410558473532175,0.13227226942896894,0.0822772153878065,0.08223048217985196,0.15588111407235458,0.1462182508265564
0.11284757847492084,0.12355766494237823,0.11481124205782811,0.1440574545218524,0.07977998306578708,0.06646524064259045,0.10329595732945396,0.14734050114554678,0.10784437781964208
0.10108892948896835,0.06656970662219656,0.1332441360274279,0.09670185466002745,0.06095710732549789,0.09573823414900999,0.15555817757128454,0.12804434410640358,0.16209751004918374
0.10914006395086305,0.0898399856794877,0.10566117128184103,0.1504877806122248,0.14936805638723236,0.10564757789447854,0.06059739727563764,0.07899754907002283,0.15026041784821215
0.122262388581259,0.08765651945804627,0.06289496655923317,0.11734107491381596,0.09496326221966374,0.10609194047482444,0.14189371457562666,0.12259807019063008,0.14429806302690065
0.053429262902818915,0.1997380738500374,0.09591595372792526,0.14563280154158367,0.06709362024713371,0.08050264093458172,0.12191974303131797,0.15022985449928822,0.08553804926531318
0.11230400321055208,0.12166200803464478,0.08506079697580404,0.10388717981011543,0.14821900472476005,0.13238759364643823,0.048231280139226694,0.1382034256185877,0.11004470783987097
0.2675614494744622,0.09720937787637174,0.07876875943358659,0.07780221184204628,0.16423907064373974,0.11601330487126955,0.015461856001208883,0.10246967410727864,0.08047429575003641
0.05812903186292642,0.14328697502674093,0.1093233739397685,0.1757399893586379,0.08700143420700479,0.07750528329924479,0.14146108992520215,0.10672252607436905,0.10083029630610545
0.14384495018124957,0.10733236992364008,0.13021049401343573,0.09090851781691323,0.1587223421263345,0.13702766514387102,0.02593140126311186,0.10338109652208476,0.10264116300935927
0.08317505640031693,0.11528343599851061,0.12947211698853853,0.12984224520363932,0.15634185852797364,0.14492130677398266,0.03377691828834,0.11132420206780179,0.09586285975089648
0.19828702236268667,0.10070841860831503,0.13220503699103525,0.07457046081004733,0.11924844679852498,0.14618179223692562,0.05974630947492108,0.05699752376905176,0.1120549889484923
0.037786473491911894,0.09574703696058906,0.08147613332638161,0.1018474552977005,0.09335536333593779,0.07754256982196146,0.2131274467744965,0.17881196580325312,0.12030555518776809
0.04199200010459314,0.10122656485925645,0.1710930292932584,0.15725059218203122,0.08021769500031271,0.10218966600339359,0.08328288888725523,0.13213172183817465,0.13061584183172467
0.057117833073886494,0.10936658004688081,0.14054864604401648,0.1141305280909652,0.07702171292239142,0.13400552625512743,0.12479762080014006,0.11063722753246712,0.13237432523412496
0.2759713278926863,0.12095054554637126,0.12826572858665414,0.0786298709293008,0.098343618031564,0.1021630875421695,0.035863043508959386,0.07421250497781158,0.08560027298448307
0.13166282686749453,0.10970859961187496,0.1612723152400303,0.10413712658577784,0.08357709447516899,0.10665592153207376,0.08274281717367388,0.09771121443189897,0.12253208408200678
0.12492594422759762,0.0950746069787145,0.131503694869564,0.09064936584155325,0.1372380431559903,0.10288890805264585,0.04795129808459392,0.14647795215632228,0.12329018663301831
0.045149197760766924,0.17439402030773987,0.10083421797701782,0.11829730401472643,0.1725126188966536,0.1516832306851527,0.04665530488572473,0.11284735827298094,0.07762674719923703
0.053459257593411434,0.16359817007506383,0.13396021513782652,0.15579300568721,0.11498418187094918,0.08807821915946641,0.08791775161911937,0.09731568477879071,0.10489351407816254
0.07796888729043512,0.08933651950436446,0.0906159229427043,0.11143097425158133,0.06499679390921011,0.1251504457169523,0.2130017316268423,0.1107624822398066,0.11673624251810345
0.09092652545430256,0.18662632428082984,0.09374051090137882,0.08766542664550729,0.14777151221679014,0.14435995752785058,0.030144237638001347,0.12310617155436893,0.09565933378097054
0.04831645030746102,0.15491696023468768,0.1311972400806551,0.1469947058508541,0.0982146545280282,0.1410707924613848,0.05450437684042039,0.10165838937371785,0.1231264303227909
0.12177425262843312,0.10978374094414141,0.15093557199652627,0.07897269601254013,0.1271457819123238,0.1524588947073133,0.03482667586827869,0.1162167893953039,0.10788559653513935
0.1200722648459287,0.10494170327407049,0.11612494064604972,0.08596673452695536,0.13257603443818317,0.12294576060638769,0.10276868018255851,0.09512550251664113,0.11947837896322532
0.0430232628892275,0.10152179384026037,0.15032996207827024,0.16582852475236645,0.07680837510246957,0.08173181037469561,0.14064915051470586,0.10671599348565308,0.13339112696235136
0.061392482221326226,0.12615021588249073,0.16397844560536012,0.1289377639479965,0.10590180685671295,0.09546015124039582,0.0795511521212037,0.12279680962809829,0.11583117249641565
0.18362373165625753,0.09330622871491455,0.12571150021151423,0.12104047717951445,0.1264344702781278,0.09154213246710008,0.022430153494360824,0.11959393636148734,0.11631736963672328
0.1640324533729098,0.0888929873894595,0.10841984454843072,0.057516344595155665,0.11687368154795601,0.13945367914890444,0.08381284046455108,0.11160873578646141,0.12938943314617146
0.049722574363775134,0.11105090016173806,0.15310443103626456,0.14383612415748334,0.1588811164841984,0.11343074957225006,0.053125259516607994,0.12702505319046153,0.08982379151722096
0.11789770963979389,0.17520597406041902,0.10440710820915766,0.10075450495068654,0.0818354272871762,0.11769543118766214,0.075659520260606,0.127450833567032,0.0990934908374666
0.17487441298372655,0.16430707456511318,0.12381997439363553,0.06934417079044917,0.10436627378559084,0.08724337524476428,0.07094140527265091,0.09172776501651327,0.11337554794755618
0.11972750858423935,0.12422394083805788,0.09422927220221367,0.06891786139070757,0.16510807902525196,0.13523956458057454,0.08438941368317765,0.10153918812861162,0.10662517156716579
0.09804323606083849,0.10607698653566262,0.09802443591579958,0.12632774680614015,0.12143691718883538,0.10241575700498377,0.09885274505108917,0.10983449385326827,0.1389876815833825
0.07069468981273719,0.09195304889379352,0.07618805937608969,0.14485912575219806,0.14911501080534398,0.1184692802986372,0.13303502905573789,0.10508461806042002,0.11060113794504238
0.09099845961081586,0.10140417146056126,0.13241091273261665,0.13225407866754338,0.14395830618678276,0.103905486997853,0.05627517607800483,0.1067978465376861,0.1319955617281361
0.2044314755431146,0.08963182567385149,0.0796433449447435,0.05454612370037725,0.13261970269591214,0.13200230337201427,0.06735232094763392,0.10514133000524806,0.13463157311710486
0.20921640073380132,0.1258998019286479,0.07996760779764793,0.09641352008134392,0.07550133389403081,0.06990619665898858,0.12947824264448907,0.07828334799963355,0.1353335482614169
0.16003670742941709,0.15273594956988004,0.08999881301439983,0.07202636256341498,0.07591808052999845,0.10310393799887785,0.08144669496651526,0.1500656455234902,0.11466780840400626
0.09043130190046789,0.07163612775161672,0.08331529898821728,0.07716819886003229,0.1037273643792548,0.10637278967107232,0.1910339049550117,0.14763525448653572,0.1286797590077913
0.05972056000634141,0.1466961148042126,0.11545906403186978,0.23576202497798326,0.10615671795152885,0.1533264975935997,0.0340806549901728,0.05458247342575295,0.09421589221853859
0.037099212302203755,0.12546146353955243,0.214990213170991,0.110264741548824,0.1279252609568159,0.09817786462860952,0.048210051247811275,0.13850258508197322,0.09936860752321885
0.07341592353821164,0.08373327695963491,0.14026485324842106,0.08252529651871615,0.12851813588570962,0.1118366961111588,0.12500559417440002,0.0912476433612923,0.1634525802024555
0.09156039987150932,0.10917877280951961,0.15582410220091833,0.07252633945573167,0.14371945253643909,0.16056730093766922,0.04661891515375436,0.07198636356575425,0.1480183534687042
0.129766815445548,0.14267756135086382,0.11132128175372709,0.09088008442184133,0.15601652206122055,0.13176959805652638,0.03326672131399416,0.08739138029752175,0.11691003529875689
0.0556818119219206,0.11611699720574142,0.1303526753945997,0.08584064425252337,0.1428703604784686,0.11420046734636546,0.09532683725892181,0.10459547691509424,0.15501472922636486
0.040102091185555716,0.12910980804345626,0.07672635735968819,0.11076176175284057,0.11046066374527162,0.07014056302409942,0.2819667974154975,0.07857584824107906,0.10215610923251167
0.22584953277824069,0.13287796125894166,0.05881407380234074,0.0819549729085391,0.09925395001738735,0.10113793395195715,0.061745213637425446,0.13018959627261342,0.1081767653725544
0.09282874225439612,0.14320929175749897,0.12288911737161663,0.1002410389805463,0.16507476092796033,0.12393801971252694,0.024690618197082237,0.11223327297054042,0.11489513782783208
0.08330921149367786,0.0804493643532235,0.08720180613640312,0.20963147412755012,0.11654303347062167,0.07986757295592166,0.08643297221417483,0.12829188466480748,0.12827268058361982
0.05773156268051166,0.1154019740014715,0.11841109033973361,0.13798029574296541,0.12220770425064041,0.10567413045858749,0.08666106193415916,0.14110886447037638,0.11482331612155446
0.3012137583379362,0.1223427762078834,0.10723190785863594,0.05666511199102051,0.11543168538306525,0.0931653404539412,0.04690914206737586,0.07064567858122099,0.08639459911892065
0.13684570544741995,0.09029934997149303,0.12386897665169931,0.09859369568859104,0.10010764213893647,0.09364598135834529,0.09108858796189823,0.11007567274579207,0.15547438803582467
0.03523870967422203,0.1606162808818924,0.15068481734792138,0.15817518236722053,0.13571595044591997,0.10342737611894315,0.05941171856379632,0.0870161037166217,0.10971386088346247
0.1535168228712279,0.11257646094169316,0.06411163791122687,0.10429357895105569,0.10055068215781561,0.1499916035432913,0.09043415077016141,0.07849269898167745,0.14603236387185056
0.09354834630907198,0.1386774529464103,0.12521535509752654,0.07961798473764346,0.10762877344688553,0.1278379395402202,0.15594424945164118,0.06342287650114865,0.10810702196945214
0.11929603841812704,0.18622921463293993,0.08038473955811977,0.12392600251574341,0.08806557514479296,0.08720283786753481,0.09560574842451554,0.1181482722266607,0.10114157121156586
0.18588767406320997,0.188983110845331,0.09823090232913885,0.0888210332052329,0.12813143112836878,0.10616928695792277,0.02794438339544011,0.09944898392099351,0.07638319415436216
0.10640852972641553,0.12318836549709626,0.14791477863833286,0.08882390890059909,0.13055870915864598,0.16795182464552438,0.05729264551316535,0.0774693259084266,0.10039191201179393
0.06724201516280992,0.09880043724747767,0.17422931556058732,0.14089874752528966,0.10157691721492919,0.12998714612380455,0.06794178751869549,0.10239676336585896,0.11692687028054728
0.06528389824200871,0.11564034427539692,0.1369342867213332,0.09047885528199896,0.11746579939098561,0.09397062370808283,0.1893243275496365,0.0678308744200934,0.12307099041046395
0.043180288827619366,0.08724604366738677,0.10049439073513189,0.14128810964330565,0.07366360614717023,0.08942607638016929,0.22956844319579597,0.13464973891904222,0.10048330248437849
0.062375770324084055,0.1554763241858836,0.11446870316402731,0.0987537705930608,0.1354654113531539,0.10542864821431625,0.13480181438394792,0.08280147832727495,0.11042807945425119
0.0693829667055874,0.09476593433753892,0.0824143278578547,0.11755869718113053,0.10456110076929404,0.07770711659299423,0.158166106833621,0.1374695477075434,0.15797420201443582
0.16851113941044438,0.05624264763398549,0.09027778215909055,0.08728779990190988,0.070489283575564,0.078787296115323,0.21194765494920864,0.07768136853898185,0.15877502771549226
0.13729451975868254,0.1148932669331647,0.11133127548221028,0.08066933198072503,0.20251139325903322,0.1601981280348785,0.04269965814321356,0.05275229255126699,0.09765013385682518
0.16245035434866295,0.13897773272690064,0.11227238772343168,0.06586008263897598,0.12458662009391115,0.11659481804528897,0.11047028847753355,0.05904098319729814,0.10974673274799701
0.134913119969205,0.0911747735339848,0.07739245543589095,0.12829165927006841,0.08380977562177987,0.09594839643857427,0.1775893716398754,0.09743160355678793,0.11344884453383347
0.13916306429485167,0.10395613835717561,0.14894340018331306,0.08211218418400835,0.14279292290084614,0.1239044613321042,0.04233163554192768,0.11810748978675722,0.09868870341901605
0.22952384715043736,0.16555392780231512,0.043673657111349594,0.0655842642172139,0.11220353143750311,0.12390727347324297,0.08376517880600283,0.08438860295765797,0.09139971704427714
0.0927555663375073,0.10910306008376225,0.10795901148113497,0.08638574138931245,0.18820271644493516,0.135999337714403,0.07877859875462176,0.05522422137533814,0.1455917464189849
0.2329374352811996,0.13703970761363748,0.11425585501395358,0.05350593970631012,0.09484862137187987,0.11082739945834442,0.11896718048659179,0.04872681181206156,0.08889104925602159
0.03513903306185088,0.10879982818394758,0.09361860441130194,0.12452493077494814,0.15163643756760156,0.1296185375218776,0.16718516431534827,0.0811891060534619,0.10828835810966218
0.1479049994661923,0.18253977809255342,0.1403833549842801,0.06788167455168215,0.12531024571019259,0.11596515485333435,0.07822189205833818,0.054555513377091226,0.08723738690633574
0.16144587638830507,0.09958967139929382,0.12349326637062329,0.08305708918238718,0.1417747299860919,0.10758213796194573,0.061573085597495,0.09741029067587197,0.12407385243798612
0.034130267750291675,0.16299446564626482,0.10792347702496852,0.18132647229765428,0.09968845306436509,0.07587138856917991,0.1364188222180275,0.10647554518502683,0.09517110824422124
0.1897440928824543,0.13494777336490468,0.076293547472971,0.09256880296379182,0.11353226992488603,0.08943456207893156,0.12269917133851112,0.07268002016806639,0.10809975980548313
0.10280886393479309,0.19277236979258613,0.11552860174561609,0.1113077006078091,0.12234373094895656,0.08728012092755844,0.04093340540470026,0.13468909575466734,0.09233611088331296
0.06787224466713293,0.10040798161003883,0.1311064974179268,0.07531083429090328,0.1430763290071443,0.14228291933429413,0.05303781686832156,0.15051507888395865,0.13639029792027949
0.05317660714942595,0.13380359778615036,0.09268237036872833,0.12624177863152072,0.08980745529398343,0.08479507800886547,0.24175079485521742,0.07411983215809297,0.10362248574801532
0.14308068342928418,0.1570656533062891,0.10860647190615609,0.066706491501201,0.10129442390245928,0.10192248390208812,0.11758272551397526,0.10092537599411733,0.10281569054442956
0.0684670075704678,0.10839452276347934,0.18628203656203013,0.12439684787696208,0.08526607832897655,0.10897278103285457,0.10051893407774302,0.1098783049932675,0.10782348679421903
0.148573471182343,0.10193808964562982,0.09233754944027366,0.09083186659937238,0.1396568973388116,0.12104111187424486,0.07868083969674432,0.0832068520704911,0.1437333221520893
0.0795067545811585,0.10216465381376592,0.0891729828677519,0.1081269121941874,0.1852109932315068,0.15733188524244948,0.023880415568364195,0.13916188683646938,0.11544351566434642
0.17347804699672473,0.12890478614828746,0.09732988350646772,0.11355404728657333,0.08489247558630164,0.1297046175581102,0.055576449126053806,0.12283318873769766,0.0937265050537834
0.12555502661604037,0.09804061909022115,0.17324088295868853,0.09699992090907579,0.09945280342068989,0.12565922803235421,0.03200221979891348,0.16053786477451107,0.08851143439950554
0.04272481623043386,0.09399544674255855,0.1351018147019055,0.19625085144032886,0.13613094429567643,0.10043012860803624,0.02284177289375147,0.1711649828337001,0.10135924225360893
0.22339981301874376,0.09913528760673396,0.11508106486740084,0.07141450849630156,0.1486046720951775,0.11231969200112639,0.04172629991350061,0.06862770577981171,0.11969095622120363
0.07648690419904332,0.12734083233527368,0.15913287769988735,0.10811872439781511,0.10927448014647399,0.13882931539941826,0.07476777183985991,0.09124430106659476,0.11480479291563354
0.12008658385388742,0.16683950196540243,0.095433670567958,0.10966012006259385,0.1626809915507644,0.11473830755840302,0.04545439017652611,0.06487172579913998,0.12023470846532498
0.20374735298499025,0.11358266304555507,0.07105578369702827,0.09668564383641969,0.1411664055550529,0.10960252368728894,0.046124129531451806,0.07619222114926157,0.14184327651295153
0.10532750324764321,0.1403367749561714,0.1278943307803118,0.1140728649678912,0.13304010983754597,0.11657531184382076,0.04293278498386122,0.12445112881468189,0.09536919056807258
0.09315162563365814,0.09150001781035355,0.15467758309100865,0.1362574003643382,0.08787197565902195,0.12946889028097028,0.10975152795349714,0.07379306331526969,0.12352791589188243
0.11435875460573967,0.08740751107138185,0.14630372074425704,0.08549551382213023,0.10872166835547963,0.16047027533371583,0.05305845069333861,0.12188180250041514,0.12230230287354198
0.13600195110136365,0.0836408226531013,0.1534051195223972,0.10218481240374937,0.0855454486892006,0.09534704260906772,0.0922577879757779,0.10073869553199526,0.15087831951334701
0.0607356837461052,0.09490435132067683,0.15372006676248612,0.09554297255624102,0.10753296902455677,0.13919691502814602,0.11909484896485939,0.09097650197363745,0.13829569062329122
0.04369160010129963,0.12098430011253274,0.11855622420964906,0.14614976620136913,0.10261241733691005,0.09602494961737773,0.17068621074100157,0.0754001397385481,0.125894391941312
0.1334104113789625,0.0989800897072453,0.11573155036728315,0.06512571244985806,0.07463079318098234,0.13493327380543946,0.14747233664139725,0.09432764738858625,0.13538818508024567
