0.111698609311295,0.06954122443367299,0.14780734550175934,0.1358609171235822,0.130514774395993,0.05908942185616422,0.12140251535512542,0.055273304785714315,0.1688118872366935
0.0906211636789014,0.0691321476980163,0.08755529295438876,0.1012930597507492,0.0936470449602428,0.24157609033462082,0.095913420804967,0.10164796212293596,0.1186138176951777
0.12969280674491665,0.106881986239874,0.11904786093566812,0.10413107583473631,0.13491980642002113,0.10932076436214018,0.11506253735971128,0.08397362790905112,0.09696953419388117
0.1166610793670921,0.07610388996108416,0.12300040585916716,0.09561500094467558,0.14097556268804382,0.047225808828799225,0.13891250688377546,0.07630989088160514,0.18519585458575735
0.08422051671656872,0.07836383751779157,0.08078450519645265,0.1127987207184183,0.055146352975328716,0.30071804505311356,0.10636341513414678,0.03727117085744555,0.14433343583073419
0.10666015762925156,0.05084447639200696,0.14008749704168486,0.14683864403209756,0.11602585910251235,0.061012913753047994,0.1322312387301397,0.16062527457898954,0.0856739387402695
0.13564278774004554,0.07158766312873382,0.11060657422950977,0.10603944985708276,0.13172284698961154,0.03140896069804753,0.16435381331497978,0.07747016746976433,0.17116773657222498
0.12862801660522724,0.08369933790653254,0.14164065614725965,0.12066249464828101,0.10604097450611168,0.07512525327008553,0.14083750758072414,0.07229745411801806,0.13106830521776014
0.12118410345562912,0.17429381404838137,0.11506902408257519,0.10916094387373503,0.09288618693257367,0.11083660689814769,0.1324129423558721,0.044862305393603114,0.09929407295948271
0.10812164210355779,0.07067576960296462,0.11380556423164367,0.10950703420841179,0.092930361591035,0.20795197645831373,0.09610725031496899,0.07797481294161558,0.12292558854748888
0.11395389010266506,0.09184667467748953,0.1328620511351968,0.15427918580159913,0.09851124209108526,0.08446951553560217,0.12809021099373816,0.043620059688143774,0.15236716997448016
0.12627301811938815,0.061413098632444096,0.10919280315023827,0.11921978444979753,0.11398462905600305,0.06389607098025664,0.09024309651807279,0.09390827290953803,0.2218692261842615
0.10123144833867119,0.09639406409705821,0.16793707412526124,0.1059516258907624,0.12357255008782538,0.06281188135936473,0.14241486708852621,0.14979512538494985,0.04989136362758081
0.10892364682519502,0.09199557411453069,0.10792357230567838,0.11234051157527102,0.10906765484029995,0.08841046306433109,0.08840374722986984,0.22184258815004432,0.07109224189477963
0.1190351117309311,0.08808720484820647,0.1282125165818417,0.1111554007925336,0.1299112456036529,0.05215174153675648,0.1653416454558352,0.06214198792220162,0.143963145528041
0.11741060914542911,0.07289674837840117,0.16526524576008456,0.10785503440158262,0.12528626512104898,0.06377026674419799,0.12159263376763,0.08682523878075586,0.1390979579008697
0.08268239387652941,0.10812546615844254,0.12773398834630476,0.10484435849527289,0.07765516519389758,0.03289623762494668,0.08705194271857147,0.03753462338088064,0.3414758242051541
0.09897036051234227,0.12222912397776202,0.08853818919999835,0.09596714819362608,0.0881069292872419,0.14339815494670918,0.09225318338401921,0.209218513643623,0.061318396854677874
0.09736172041537926,0.09516537570690392,0.12728215799793835,0.09712926620114269,0.12337450962776468,0.1387902190353667,0.09418839638512243,0.07272211345407216,0.15398624117630985
0.0966785596942289,0.07511552517035812,0.11731547505229968,0.11057417958506666,0.1051337018060385,0.06323666860017141,0.11583494807098649,0.20957672091581594,0.10653422110503429
0.10217217995307326,0.07187428070330747,0.0990325025437726,0.10569378656674959,0.13294365960917232,0.09655339692981683,0.07689877697256951,0.023215427996685103,0.29161598872485334
0.09277132656982139,0.08733068876042747,0.09108108147670006,0.1031389425167753,0.10302996009928324,0.1376523148005285,0.14784844576027648,0.036811087612457806,0.2003361524037297
0.13383872531618576,0.10751350359753192,0.12086298347765993,0.120196111675747,0.09720717675081793,0.06791010736719176,0.08506598587485942,0.1215464817004522,0.14585892423955402
0.10320956865166513,0.09008364491054105,0.11202482875922816,0.09857590514056828,0.09581694747298748,0.1260115373818981,0.10153471287546391,0.09570246649965114,0.17704038830799676
0.14955246264200053,0.06578519801471293,0.14695526781956617,0.13569198612478575,0.14752409490183935,0.05740398544200681,0.13594382026617322,0.06065321405904031,0.10048997072987481
0.09893061006591701,0.08088856947217204,0.11053712612627102,0.11385750294937991,0.10407735832060917,0.2038423774481881,0.08786443096404922,0.11997065396867103,0.08003137068474252
0.11978136940981061,0.06446882172199891,0.10746098151193717,0.12216933677814092,0.10915911187750287,0.08729058431404406,0.10845058215954721,0.03655777361043098,0.24466143861658715
0.11199776568969444,0.06020544841261941,0.10364601799054392,0.1126040885721109,0.13313727858864124,0.12826288002012626,0.10223996532709252,0.1359347193031427,0.1119718360960286
0.11838052661891922,0.07079038849529629,0.10954441150574705,0.12423612427124779,0.11646221523174734,0.027487639236677616,0.17492029877235815,0.1346123426562391,0.12356605321176743
0.10760089431902893,0.08579676941398334,0.10214231198149781,0.09717621942666914,0.11385622929405166,0.2034418520775311,0.1123458862187483,0.08530670409357326,0.09233313317491647
0.11720871841643514,0.06977506410398161,0.14181408955070138,0.11098237446508957,0.11936068385070252,0.10907135391539359,0.10670363291579414,0.137789273109734,0.087294809672168
0.08367284466514952,0.08743970775758847,0.10869873858449702,0.13381171480558893,0.09856383949664589,0.1281489395079784,0.10992894137874493,0.048120014506431386,0.20161525929737553
0.11794752930536982,0.11787386992958458,0.10591962837765205,0.10375923265631089,0.12250823166448273,0.13865599061381126,0.09942707691686416,0.12889427866078204,0.06501416187514233
0.11287225760772772,0.12370602185700307,0.0992244178972967,0.0961025664006287,0.11219112906436367,0.054227230879224285,0.09217870505263935,0.24795427315417917,0.061543398086937366
0.08692212951568386,0.06303545809399727,0.10625851563464694,0.09303818328025319,0.09193183006722105,0.057023678771125415,0.11656990401866126,0.03567848930287645,0.3495418113155346
0.09682406351069477,0.1396625801366775,0.11340170285616846,0.09250254093806037,0.0966677051954652,0.13874840139108807,0.10699177597100039,0.07482050480007801,0.14038072520076716
0.12368242325231492,0.11256660632023012,0.10981832805018214,0.13886211777333277,0.1111855519035607,0.10560412317569016,0.12891813309344607,0.04933266983099858,0.12003004660024454
0.08702384693502231,0.12673726373998093,0.0938608218771285,0.08353201100667268,0.11263852862652031,0.07512668517371753,0.0912674581932682,0.23592044345170934,0.09389294099598021
0.10414151444709376,0.13650502054376382,0.11770117637966841,0.11916711649166596,0.09868908359468015,0.10003077259573712,0.09003152747755444,0.049252024300334485,0.18448176416950188
0.09562159147559013,0.1541843362345965,0.09460220713271057,0.11083762328661677,0.0978578090436034,0.1458090204398105,0.0923311022180306,0.08231699861462588,0.12643931155441565
0.09742028578063179,0.20108076698593036,0.11745377541765883,0.08328907262246038,0.10405445396825186,0.12342514097727632,0.08428049193712533,0.12122082647637662,0.06777518583428839
0.0816757435350861,0.110225689491578,0.08551039965144945,0.09460064221488262,0.08144752159610515,0.26447503871281214,0.0692376342931228,0.1678344872647188,0.044992843240245044
0.10874614569941173,0.12139620682795127,0.10257465844575371,0.11698515510913406,0.1104334849150641,0.09258151992183343,0.11761109946748043,0.07535811797397025,0.15431361163940097
0.14105420033589947,0.10003700196428951,0.12067067762163346,0.1359179574181949,0.1389252725793145,0.07517443126631969,0.09182218311986741,0.14995943769170986,0.046438838002771175
0.08976963989928087,0.14928929969115612,0.10870212745006753,0.08353244200046343,0.08983789013485644,0.10359906133832349,0.07412701374415463,0.15850306792715144,0.14263945781454607
0.13888937614574046,0.10646208537767404,0.1529462199293152,0.11126277663121054,0.11860022312781247,0.06162836827057903,0.1346964236723506,0.07526233237049886,0.1002521944748187
0.08330008270624738,0.20024847272736798,0.11183771439837949,0.0904276139968337,0.10672688920345136,0.06588303779740477,0.1156450496996267,0.08450978246974054,0.14142135700094807
0.12294073759697983,0.08555362188720711,0.15101838130155673,0.14587104088440508,0.13238816284916147,0.10774179229075286,0.1531015569860512,0.034879203614053556,0.06650550258983214
0.1252903853662318,0.07808012873287594,0.11681370572418404,0.12750817865315817,0.12695322358760217,0.08726145442338955,0.14659687039197813,0.06074780525598874,0.13074824786459152
0.1238923553864124,0.12887457646173564,0.14130767875171843,0.1084630573221204,0.11169500751153594,0.05587309304908716,0.12522196236820882,0.07182161719690673,0.13285065195227444
0.11368434655806015,0.0952439568326686,0.1218579888148339,0.11901275920932046,0.11431934937035339,0.08271846869161024,0.11817755234264066,0.10279160875480076,0.1321939694257118
0.11247009536811303,0.09297292050746205,0.11843008014465162,0.12026255818243307,0.09993042231276374,0.09127229449305178,0.1810814885678004,0.07256251260315849,0.11101762782056572
0.09182221170794487,0.08040494205505551,0.09316431222830264,0.0756946263811627,0.09502599118490081,0.3267336891077128,0.09067611286147752,0.06642829317312395,0.08004982130031928
0.10477692010241817,0.06944440553339676,0.10073455088012613,0.08523492641759149,0.10929174301060818,0.2031223825108628,0.09497155223048442,0.05497555383747082,0.1774479654770413
0.09406255065260245,0.10981204627954648,0.10665824360312365,0.11824999080092412,0.10882737384742408,0.19866473519029823,0.08244986220620416,0.06959444887090484,0.1116807485489721
0.10737700654496561,0.11477387872391305,0.1417675720138284,0.11051148954855335,0.10683632642461156,0.0997399265962036,0.1042835328855789,0.13801453435418023,0.07669573290816524
0.10546282128020064,0.12855307154278436,0.10342606363145297,0.10528930132892604,0.09335106831947733,0.15037123864464533,0.08745926834689506,0.17864380183361914,0.04744336507199917
0.11218527020948953,0.10978343669503766,0.11463061148259095,0.12480786965307429,0.1263035621688543,0.15046625519067358,0.11318048253104275,0.10745946537277208,0.04118304669646482
0.10221444598702749,0.1649709291776097,0.09796204739896437,0.09720166719973139,0.09543913732707592,0.10799416886447577,0.11419628396238535,0.11631122427349594,0.10371009580923411
0.13323549015067448,0.06385097715975953,0.1345153256057294,0.12481232922670298,0.12759547756292774,0.1645469331393508,0.1216211558170272,0.0966659503600905,0.03315636097773739
0.11516394630018328,0.08586726317610438,0.09942206182076811,0.09203565249759833,0.10000938996009838,0.20266719301103897,0.11446602200671692,0.15013380290811765,0.04023466831937409
0.12388347125802202,0.0821671449851085,0.1094187274497453,0.11282474384065803,0.11259021707263982,0.16983568081574182,0.08894646496692948,0.13303570329880657,0.06729784631234847
0.09397828543201063,0.174466737018968,0.09065297431752013,0.08510602270691792,0.08584946512521978,0.10994924810885524,0.10178656894499771,0.1399665858549861,0.11824411249052451
0.09553027799493456,0.08523457701888378,0.10942766035085542,0.10404742104007896,0.09009252755090347,0.09633879859953853,0.09747519689883131,0.12215890570913364,0.19969463483684036
0.09394234296277922,0.16283954287906147,0.11097714642740063,0.0854288712403083,0.11029334696174377,0.04985405491918945,0.0961178900574383,0.1561844730343583,0.1343623315177206
0.10214405348411752,0.06302543661231276,0.12050492057807154,0.08921973384703964,0.13330992026301575,0.22159840401712538,0.0969688666760878,0.07934624794396929,0.09388241657826041
0.12334226881052666,0.11045631472760697,0.14096127720876286,0.09046941001339126,0.1319604116257113,0.04400725611593504,0.08996874701794881,0.17796848539554522,0.09086582908457187
0.07777586947498627,0.1926960192292698,0.11672736518177297,0.10737181240778111,0.0823519949414256,0.043812174845114626,0.0806315132564548,0.13173954378766736,0.1668937068755274
0.10578292716673289,0.11920126262225099,0.10673558809715533,0.09634507002554421,0.11388560832689476,0.07005931029699117,0.08402765305001743,0.25783192108344066,0.046130659330972525
0.1097216527764443,0.17448341042695945,0.11321527484466744,0.09711711103341696,0.10440247101920967,0.04814319139006181,0.08294695051740532,0.14425518362576883,0.1257147543660663
0.12130778674874598,0.07257733595522174,0.13045603546992401,0.087521074941027,0.13686361685605664,0.03723728300660919,0.11960985971245168,0.14758239310915403,0.14684461420080983
0.11319058974378916,0.07885407107115137,0.12072592230736195,0.1234266542930973,0.11284138496218765,0.03704750582130804,0.12027608968663743,0.20995065228485657,0.08368712982961053
0.10951096019193408,0.10423505571929285,0.137081831869163,0.13267806974837407,0.11830638119179994,0.09248327056509231,0.10778479436635423,0.14035490777450088,0.05756472857348857
0.1007623872453182,0.14036799910405207,0.11065790492970466,0.11106248892245323,0.11464277697195219,0.15459311510241017,0.1119808586337595,0.055445289111622,0.10048717997872807
0.09299439161197949,0.08922635316218709,0.10043752169956323,0.10934150592680462,0.09965913390343432,0.07297077540675244,0.11014221861153851,0.18107834798877423,0.14414975168896602
0.09055124954739412,0.07501910646834865,0.13719150219569967,0.0897363140563177,0.13406209736351285,0.09632156068276511,0.10073028365985144,0.1492251993004763,0.12716268672563408
0.10279412960758731,0.10012129592861656,0.08729059447080893,0.07779288262678812,0.13711236323610346,0.06785062801497171,0.09674130083391656,0.19685673389328773,0.13344007138791958
0.1083428924958515,0.1067604923089156,0.13546075798310506,0.08544847087966036,0.10453167000374529,0.12350783515149451,0.11077376927470343,0.09079434492498988,0.13437976697753437
0.10264597565920197,0.09872401010803412,0.1077240137120462,0.09323060043967246,0.1091870401223275,0.17606981869915836,0.10613051455535107,0.06313867201641789,0.14314935468779041
0.1140786068803016,0.1003369711101512,0.10759778935559165,0.12353509677827428,0.10880207900465283,0.16350575856015523,0.11921722178578605,0.0562587670746316,0.10666770945045555
0.13454540093623632,0.06333415559713992,0.125184509325077,0.13443102788617264,0.13239548070415683,0.130791232847242,0.10842414460707715,0.07324246925597115,0.09765157884092705
0.11545490745944266,0.10233183790726229,0.11050597037807852,0.11319297280325508,0.10813194507816874,0.14426280586175913,0.0900713204097034,0.0649431027945108,0.15110513730781924
0.09835710389757181,0.1886612997055945,0.08434457983612308,0.08417277903346115,0.09596093396457916,0.0669285231685263,0.08864908384047583,0.26394380493157077,0.028981891622097373
0.09966033587386712,0.1821678834819823,0.09419550872290981,0.08787393778978843,0.07261966639293098,0.15482071680834464,0.08900076630101215,0.1835490767057506,0.03611210792341404
0.07868984471613392,0.2042303441160724,0.09974127043180425,0.09324605716708718,0.07698627786920477,0.10569484996274119,0.07954846313000165,0.17769420654077958,0.08416868606617504
0.12018302821786936,0.08850045949884695,0.12086552361560272,0.08348244383731958,0.136412616110785,0.13477738809731563,0.11662598766331306,0.08453245598749497,0.11462009697145276
0.10772851243870264,0.07444401593024493,0.11575421000486863,0.09489765238345564,0.12350417626224564,0.1470899611755441,0.09207260729910187,0.04147379548010612,0.2030350690257305
0.09855256929311727,0.10234954017296694,0.11456546456834887,0.09024401459574101,0.13308171082232492,0.04888982411217812,0.07817429920075623,0.1751335167663394,0.1590090604682273
0.11301535705324672,0.07955448050403204,0.12237614187430042,0.12705005533076838,0.12242900328867705,0.13080924425633342,0.1586241222631347,0.07324052512889022,0.07290107030061697
0.1373839710805973,0.09564137939424981,0.13209453998530254,0.11135587258734393,0.12688260129095383,0.06842571885765662,0.14803916908276143,0.12931708156565683,0.05085966615547773
0.10413045200785521,0.13261980513453764,0.09398190131692143,0.08914547183512493,0.10813736431398624,0.0315066736439398,0.10133568517047002,0.30015237276258927,0.038990273814575406
0.11189665659662747,0.20337499222710087,0.11225151264898559,0.09732618887118348,0.11384174627582866,0.0748964550584755,0.1018784839146525,0.1129781783711396,0.07155578603600636
0.1042377352472193,0.19415363590883938,0.12754133987955885,0.11072558144483123,0.08386763776511248,0.031843951936178505,0.12500872366154903,0.0764539202646327,0.14616747389207851
0.10607218796100427,0.11072392342951666,0.12515371259143998,0.09853097486382593,0.09700207966985573,0.19349199459369645,0.09336717263662338,0.06882939084841298,0.10682856340562467
0.10741114457961103,0.07586083841859265,0.10505037744938174,0.10768890582915196,0.09734197166995222,0.05176165751577456,0.09102909455844199,0.1341863528616352,0.2296696571174588
0.08920588639103431,0.15460920480301593,0.08599484735473929,0.11159579887515308,0.09779478746018609,0.13805967747875234,0.1123051057312114,0.125597542943954,0.08483714896195345
0.0959144863001954,0.14556319345876262,0.12226909555079368,0.09966813383448987,0.09582483910036081,0.16328994657557702,0.08536937421269934,0.06410829169228266,0.12799263927483853
0.10718814328613813,0.07073804480547287,0.09981432539871599,0.10086768016630761,0.10792228610457966,0.08390620072240013,0.1170584536517207,0.12208419511740176,0.19042067074726313
0.12098355398343004,0.11438850690711093,0.13417671588420158,0.1158191651861406,0.10301063267304073,0.06128616742973172,0.09974631925025057,0.09685559604169791,0.15373334264439606
0.1263393291359783,0.14656085638694405,0.13058057504588472,0.12263511592856913,0.11230735199513543,0.0852329902076787,0.11242093463115949,0.07611597425923451,0.08780687240941563
0.09561366410975475,0.136966712687834,0.09239704745285508,0.08900820325263399,0.10510809738696325,0.1564302770863777,0.10258464017927314,0.1585350580249909,0.06335629981931712
0.11414403821848107,0.10941781686111518,0.10584161023616268,0.10084818229973457,0.10584251865337825,0.1656922843420705,0.1126907380558726,0.1460539993426428,0.03946881199054237
0.10178730357038472,0.07498368511177013,0.11307829858388423,0.10058482818363339,0.11701602217615013,0.028971957248430973,0.14330143777379895,0.17870337051908355,0.14157309683286398
0.09891516620272857,0.07084734344688354,0.11857641469962212,0.13558270453071306,0.09198428530451223,0.09594927475778302,0.10931125063052882,0.05174334808814377,0.2270902123390849
0.10808649114231217,0.11736733153807204,0.10268715175896158,0.08656502544142082,0.0985397494029895,0.07890230475195419,0.0932879004615732,0.28481403068865524,0.029750014814061244
0.10133897442850383,0.1676158486026931,0.09205271519887408,0.10106719034431054,0.08848956396987116,0.13464802298132275,0.09263446715367474,0.17832221308784402,0.04383100423290576
0.09913062540340783,0.16125980172164966,0.11091167650141527,0.10225512615004291,0.07803007106313818,0.08244943622099274,0.089960007721657,0.15803930169867375,0.11796395351902271
0.10612111616613511,0.07897612089777932,0.12047972771165867,0.1010884639146517,0.12367005130043629,0.09739708773611067,0.13206809922342097,0.04629729341787151,0.19390203963193575
0.12853524450605816,0.10903379741381762,0.1380403510535502,0.11877531788966884,0.10244105798972719,0.10405798250654547,0.12805863693216793,0.04477797068052463,0.12627964102793995
0.11466308006384618,0.07896740183720034,0.10477510513845305,0.09255543430332858,0.11357556481149093,0.05238081220245378,0.09541630378762735,0.21224621709110725,0.1354200807644925
0.12309031069093541,0.06713363913779175,0.10786751115636665,0.10041644699725827,0.1258685687006024,0.21915742170107555,0.11377130253949595,0.07489925822555485,0.06779554085091928
0.11655717526563099,0.08303765298983101,0.10086815366711203,0.13113444267447957,0.11635524681514027,0.022942117414190073,0.12372033324728539,0.14184584626131025,0.16353903166502048
0.1026031778841436,0.09625008069181311,0.09944598742223114,0.1274744378258527,0.08806115615097876,0.15557532741854238,0.10809073865049335,0.0769710995982199,0.14552799435772504
0.1056964171341472,0.11058891264298197,0.08993534210616398,0.09694128038254551,0.1025366293634843,0.043172139849803025,0.11365642313255055,0.28481357704150856,0.05265927834681494
0.10450970907329328,0.06053011568019506,0.11455078285447479,0.101662267326121,0.10161004537721374,0.26255385199638326,0.11826289395721308,0.09610403392258082,0.04021629981252492
0.12447643015061831,0.058587380531608814,0.1172548199895876,0.14322307167362036,0.11320898515900794,0.11324420269253095,0.12844829875431574,0.07968370467555778,0.1218731063731525
0.1143983730430728,0.12208103853621939,0.1257384702553989,0.1398239658857727,0.11000456325126863,0.09445419058387462,0.12130935467083641,0.11329574811106428,0.05889429566249218
0.09734375071678507,0.131655421296233,0.09695700948392401,0.0971433149139379,0.10392843417816137,0.14360709494170912,0.08612375032914706,0.16863939461605137,0.0746018295240511
0.10605736907203721,0.12631976980251156,0.10942542959700836,0.127254750535944,0.08819920995381192,0.04869660106883017,0.14032872381310912,0.06634985732176539,0.18736828883498233
0.10285869610810561,0.10640127875922152,0.1427180058735367,0.11573800451689059,0.10670034292447707,0.055011659384217426,0.1204249478478618,0.17632074601901662,0.07382631856667266
0.09028658782205175,0.07996357728305943,0.09632438117710869,0.11233791066044137,0.07632892153767182,0.24383196409695837,0.07605938819670433,0.028854847629458235,0.19601242159654594
0.14221278853484767,0.09554791035199957,0.128284946382643,0.11795033189342885,0.1541936517060836,0.10926075825328241,0.1543974055034382,0.0610585210654395,0.03709368630883709
0.09751131509448274,0.10334783649424002,0.09769922726246123,0.10229859092639404,0.09353975870614627,0.2687888675028298,0.09679343894615727,0.07877359060372673,0.061247374463561856
0.09443105442645323,0.07599863245102266,0.10305631381659158,0.09234378045565882,0.09276912680488336,0.2562838198975064,0.10484441272194343,0.04875945756404537,0.13151340186189506
0.1265062880307463,0.07985330573089484,0.12272840620239135,0.10297888979071362,0.12119129734667766,0.0806242462064465,0.13174819456214193,0.14924292668680092,0.08512644544318693
0.08671482041004723,0.13883578083782025,0.09479031439358175,0.09566807137441181,0.10252071296336666,0.1239391431500923,0.115722458703303,0.1924533836074854,0.04935531455989158
0.10959497837197901,0.09238077035153647,0.09591073246099964,0.12273947569379784,0.09983566559834733,0.09067733548383768,0.10200500270063184,0.1939744772612663,0.09288156207760394
0.1335372831668115,0.09092886773966158,0.12718291387099034,0.10868046614076499,0.14729320349420535,0.14487083975550702,0.12799604494982922,0.03262439198783408,0.08688598889439587
0.09799641191914436,0.12020448602416478,0.10540502833510479,0.09404822249984895,0.0966377545427544,0.1396458968402471,0.10711868956692595,0.11593790935645358,0.12300560091535591
0.11893280395617202,0.07555162301326085,0.1479820903444137,0.1342088843750288,0.09878309187019296,0.08845849512070585,0.12367482861895968,0.10724751777004482,0.1051606649312213
0.1295758010567031,0.06977884492360147,0.11676083709261391,0.12035780826514154,0.11307903088064904,0.15880061882212906,0.07618398239766183,0.1350973222779219,0.08036575428357802
0.115523727399355,0.08288174685723863,0.13989821757561519,0.11506781163412576,0.11995686354426151,0.10248877506122848,0.1452031918817303,0.07630150707075206,0.10267815897569312
0.08446088297324635,0.15877957867823847,0.1365987805280147,0.09318943588565698,0.09117129269666592,0.08114036949455541,0.11981499198993838,0.09591146166352212,0.13893320609016171
0.11029622246761761,0.09835769397995574,0.12426613244774687,0.12419249208186793,0.10928695982324477,0.021694772588938913,0.16423552099470257,0.10912285640916393,0.13854734920676162
0.10118158881525785,0.1285909931049203,0.1009772735404385,0.11818285478694164,0.09415379159246062,0.06075563414010468,0.09172899350929453,0.13899559079864632,0.16543327971193547
0.11328770505286034,0.1717321782483967,0.10233626696843157,0.08731219148737664,0.1261277740220099,0.09258025443867278,0.11910024558856959,0.13331938612142236,0.05420399807226004
0.12207349271836014,0.09487275743344574,0.13771193601623166,0.11411235806799509,0.13104396511312447,0.132540048928104,0.13772832127417,0.09003317578889308,0.03988394465967577
0.10404961304856704,0.22991043031730488,0.11002318239150337,0.1122291430081473,0.08001551598295038,0.031077442956327292,0.15406465820361434,0.10046647863571952,0.07816353545586584
0.10630801897245319,0.10910214864212069,0.1371653486010274,0.1090059799465,0.11212850523892941,0.12082426653989577,0.13283578841610796,0.04751651102629501,0.12511343261667054
0.12923918973876122,0.11825029824706744,0.12397145203192793,0.08220824286320622,0.11872964535178725,0.11090614105768402,0.13557928515736503,0.12343205257841268,0.05768369297378825
0.10076853660959047,0.11328355060906092,0.08926453430640546,0.09572752362340649,0.11886286069549055,0.1818691563700118,0.10891751705280206,0.12944189638801987,0.06186442434521224
0.1189018758030315,0.10416411966440788,0.12382781493699463,0.1128886361522758,0.12702487695672818,0.07536732213570578,0.14001449106410377,0.13159027184195093,0.06622059144480154
0.12441031169511156,0.16726132545412317,0.12087439723354243,0.10945804677103761,0.10359032221508353,0.07811623135347608,0.0944421662052692,0.14448664350785143,0.05736055556450494
0.1065439316238836,0.15860985779675113,0.10055570599952363,0.09614583621894547,0.11740930361165391,0.10824142311303697,0.13140493933385622,0.13325132449139276,0.047837677810956304
0.1013226926279389,0.09844086405347696,0.10613359289225692,0.09605883885418255,0.11262425646071594,0.02471151569306917,0.0987756929164545,0.10931069527545077,0.25262185122645425
0.13856746695727232,0.11335461594245706,0.17763885638524268,0.09265294662768503,0.15159083784490077,0.06737082159254941,0.107881223677178,0.056191575748886315,0.09475165522382838
0.10585504595118973,0.07084683352784733,0.1137932570202513,0.1058992007470837,0.0819727810048808,0.21864548252323898,0.11980477829248241,0.03585103775498232,0.14733158317804346
0.13253916817128555,0.06782210966571357,0.14798093429070347,0.13587164663691972,0.11432863194025311,0.056067889933679914,0.11719173883809246,0.11840474309284199,0.10979313743051018
0.094148477265927,0.1240895449454365,0.10829868815957532,0.11015219012720188,0.0794525968622221,0.16820324937332562,0.08551273346649092,0.13504137347732725,0.09510114632249338
0.11100532377687339,0.07164853366281647,0.11636000369102752,0.10429114932797129,0.09115957825181369,0.1374796963135956,0.08509934396914098,0.038237001064812905,0.24471936994194812
0.09695056838686106,0.09038466392992932,0.09643415985781582,0.09350501290518105,0.08084632838512108,0.30198140619190467,0.10284639800528846,0.08257750000334263,0.054473962334556
0.0999559432677876,0.05605134950094229,0.10350203519915861,0.09255702132516135,0.17274270701327774,0.037469854612347815,0.11691048851319484,0.22547828346829582,0.09533231709983388
0.1089952072721846,0.15752416887197104,0.10808169000932638,0.09407703905533242,0.1092482133427216,0.05982824569397407,0.10188479653738274,0.12925388287168701,0.1311067563454201
0.09904808280808013,0.2334659108284353,0.10055521400202905,0.0802578391320951,0.1038951128538902,0.02525185844444075,0.10082463378930917,0.18616649538377447,0.07053485275794583
0.12301514767722072,0.06397944005819632,0.11837140119603314,0.12360706001573975,0.14895536667083398,0.05142090761381288,0.10787440509250208,0.08675227969672587,0.17602399197893523
0.12316692766469499,0.0671728839866262,0.11687090502944815,0.10569086457292447,0.11468074017897167,0.09156002806000768,0.12126562181724838,0.1176366917229011,0.14195533696717727
0.11588904106306125,0.09341345021323177,0.18471218486625085,0.1049176755362179,0.11741003498634826,0.1002824737462467,0.1218677961319267,0.07360149695819136,0.08790584649852518
0.0947944810931697,0.14559983447223526,0.10467577997274162,0.08771527317872567,0.09765356618833954,0.06219781249796602,0.0996677919251026,0.2309487925851611,0.07674666808655851
0.1106764640692164,0.09325604595445591,0.11992610254532336,0.11432501227278337,0.14276780648400536,0.07042349246797901,0.1677799597298774,0.09093848949731154,0.08990662697904761
0.10468467622169453,0.19296088378963308,0.09138262237718335,0.06617590136830169,0.10814829651307689,0.04406759819263645,0.10497510435957379,0.26631459524962353,0.021290321928276675
0.106502842544778,0.08533257714983121,0.09618655424278601,0.10201431417677813,0.09695459624463959,0.14023393204888304,0.1032113678975517,0.18555312968707696,0.08401068600767536
0.11766581103084829,0.15322061155244862,0.12304599451401126,0.12631927962297226,0.09000767262176201,0.09694976960092043,0.12286189256927364,0.06845890341376658,0.10147006507399696
0.10210052510792007,0.07720588947032288,0.10809357419410508,0.09288785794888714,0.10532214382436501,0.12205150014874828,0.09328866393402963,0.17563713000200773,0.12341271536961416
0.11641465714046646,0.08043024227935976,0.12525133971484512,0.12142941013517612,0.09717538133777132,0.17766887538547893,0.13028081263126218,0.0931794131465975,0.058169868229042666
0.11602484793390481,0.10573303006895829,0.1301541066963792,0.10189855629115267,0.1175368986160737,0.04487358846423961,0.14448090662947152,0.1112995560614613,0.12799850923835893
0.09472227562174378,0.07772464894732785,0.09469523327225982,0.09223997568243059,0.09317507513514917,0.1604079594588807,0.10060368734432157,0.10776086019668586,0.1786702843412007
0.10124336611151945,0.13453847947195707,0.12430245549436263,0.0829066089363674,0.14913942070491618,0.11397219081784339,0.08919601053489562,0.1627940800063634,0.04190738792177484
0.1209507139274593,0.1498721557445941,0.10033609667769927,0.09861678186513724,0.13349802021766324,0.11814064300789966,0.11259689946348998,0.13098982050666544,0.0349988685893917
0.10058949400395183,0.10815110896717918,0.10623656482983419,0.09141597749358611,0.10817457277315877,0.07794238558570919,0.08660018568881254,0.11799473368492353,0.20289497697284464
0.08053980305839503,0.17597609456560634,0.10425052510611493,0.07830829911027526,0.09604294014626913,0.12143600891562589,0.08757791883616624,0.12058211045140439,0.13528629981014276
