0.23709948968393654,0.06305898289312309,0.11935355802427457,0.13940800078793494,0.09286542331983916,0.08071948833232642,0.07444477335753687,0.12258746828291094,0.07046281531811749
0.19607974656459623,0.07100006474998873,0.1101278303533287,0.1233312107577678,0.12625524724024403,0.12183906816492364,0.06471252416049102,0.10817736894310553,0.07847693906555435
0.08452327915029918,0.12679081355663543,0.1360551071702402,0.07352987354771273,0.13111874773406149,0.15538688959682112,0.12342421762825949,0.1359143731337125,0.03325669848225785
0.1484930550514475,0.06969161574590965,0.10349850032849149,0.0749809599851445,0.10409363957656019,0.10331149451106693,0.06219952616768589,0.1126882590240537,0.22104294960964013
0.023898585080100287,0.07198440609123506,0.1384241454153697,0.07666096143297185,0.14549076435926103,0.16937272103311476,0.13574745123862286,0.11268110209474551,0.12573986325457895
0.2735980275509661,0.025968495714470418,0.10218335042005906,0.09010901801873276,0.08154556834990935,0.08767077188724685,0.09712563290027214,0.10310313219850838,0.138696002959835
0.19930922431172748,0.03260242404732341,0.09941553118776776,0.1071465479177632,0.10215250306745077,0.09096289287177294,0.11033922640607742,0.13883929250194257,0.11923235768817443
0.07364135950504609,0.11748256887630232,0.09247557687344776,0.09776149155467746,0.09552159125846323,0.07038716652941024,0.03695449613351449,0.10926055527783753,0.30651519399130095
0.3884502903312527,0.07605878695341939,0.08777784600844378,0.08938523978705874,0.07601397475523426,0.07775141575396989,0.03480348025336266,0.09101653368442054,0.07874243247283803
0.24045899303841392,0.08308637532808104,0.08894130859122251,0.09461378860441384,0.1493311728237757,0.09411973404679053,0.04354301476450138,0.12703112409241354,0.07887448871038745
0.24836859565094446,0.039160748601930175,0.09616094377916518,0.1379634155019689,0.12575867411114616,0.09504974751579925,0.05797810754020982,0.13202589825865976,0.06753386904017632
0.18878832255486225,0.12337023314816027,0.08947855578900134,0.1504593869729037,0.15424411432147578,0.06688940521302446,0.05721434716086671,0.12625190067420786,0.043303734165497626
0.05334173927644644,0.07113160607677446,0.14744724534197173,0.07322716586212452,0.10391284758123044,0.12941359878513245,0.16149570551908504,0.13693408814962807,0.12309600340760685
0.045618707578751506,0.15554046608874106,0.11086934416786415,0.06409268529429056,0.1390223378598139,0.10351609229435603,0.14830072686577897,0.15119325014452434,0.08184638970587953
0.20950448842679967,0.1068065723607875,0.10846281514563096,0.13090642151272408,0.07892271233928104,0.11022671874809183,0.06555588655791171,0.10377857978562792,0.0858358051231452
0.15504418635703618,0.22240610429582616,0.09858077347817928,0.06485659361933237,0.08389468353459012,0.14428189886418483,0.053112851750371275,0.10212267720386653,0.07570023089661321
0.3200513914553327,0.013169512394684323,0.08278527262593689,0.09186869037078527,0.12778199976141857,0.06522178912545556,0.046859413031351695,0.06896147135600102,0.18330045987903387
0.05630955349659179,0.17793017577686512,0.13491262208708696,0.08307998257379286,0.10804665946585172,0.1335000495434614,0.12192181638722936,0.13539086806438122,0.04890827260473952
0.08614287217455631,0.1216586904698767,0.09682059697796774,0.09133338784844454,0.1264231570563535,0.15139560308086422,0.10242843813150511,0.09980152725142455,0.12399572700900734
0.2291915631419962,0.03273995601175727,0.0824764297130294,0.10163546444311404,0.19297389986964994,0.07797902331272348,0.03639665463076405,0.13018888866102155,0.116418120215944
0.04941094550993846,0.04275525049731821,0.10882837854985838,0.09386499070345529,0.09854030284848174,0.10749403710319803,0.12199939225619048,0.14116003740347496,0.2359466651280845
0.2607952869361152,0.027415194721027183,0.0868443327501965,0.07796400763299255,0.17653789776425857,0.058437079253744424,0.037809628711196516,0.182191039529354,0.09200553270111518
0.3363481808951198,0.047497335563747904,0.08776811076480823,0.0729295889299069,0.15132658678553793,0.0870975072371249,0.042593263033184024,0.06606783397351436,0.10837159281705594
0.11980016529457586,0.004750665900670654,0.12121051902042024,0.11422589869845927,0.1096459456069121,0.08462226051987419,0.1974923390611739,0.15036198384128083,0.09789022205663306
0.224419934173313,0.022308945401288128,0.0996588088350449,0.11261008484499783,0.08502546257641863,0.09643421161821165,0.040377436895216605,0.09446381650197533,0.22470129915353387
0.35568927195662364,0.03066812460389351,0.08045326528741088,0.07639973702679048,0.12958087048052477,0.053050594424396004,0.03748871210288284,0.11533318728585841,0.12133623683161938
0.25788406328673597,0.026281302349134426,0.13133364613788254,0.09859015907724049,0.08445871701494374,0.0706563433371163,0.07684010293419688,0.17770078241729048,0.07625488344545915
0.032375780845113375,0.050179177735267456,0.14690743638959,0.11839443182908298,0.10179772959463158,0.14395963082401877,0.12752484409561063,0.2236523254528818,0.05520864323380339
0.19279666219347247,0.05358092686916005,0.11655654719699444,0.14109602622276807,0.10069078284960437,0.0880585393075179,0.07717681338305916,0.14165393564453965,0.08838976633288385
0.18066627638923113,0.030231164611981564,0.11081388463510809,0.11233302449125647,0.10494159414994463,0.1504330865002357,0.06629725687865516,0.15052882105490537,0.09375489128868185
0.2089873718004408,0.034164328686808285,0.08606612576799845,0.11726392561340497,0.17090478761215352,0.0813771868316535,0.044283741853184934,0.14351612835222216,0.11343640348213331
0.04512127554811376,0.1999993114238908,0.12356989382939293,0.1428128708229709,0.08056044133549954,0.0927002991423173,0.07263010036985536,0.2010008318869536,0.04160497564100578
0.05793475612312462,0.14128178124117366,0.12442467737797847,0.11552367960674143,0.0900521818578822,0.09410176501755081,0.17081093696689523,0.09552693729214178,0.11034328451651172
0.0862070020287663,0.15280088885861984,0.11177371826273007,0.07869312590710169,0.15810662726235772,0.0995467626613799,0.17022624012708173,0.09350409473135184,0.04914154016061097
0.12268020783788208,0.045685935384328726,0.14579484734259174,0.0787468177676865,0.1162649338738826,0.08858416594144036,0.1607038667170722,0.17704944197573494,0.0644897831593809
0.2190669209790749,0.06398504977933817,0.1068705433546705,0.08029363598020091,0.13377428766207608,0.08765812202335647,0.0705379779911457,0.10196191057109427,0.13585155165904303
0.328877025910217,0.03405267169841559,0.09314410493312447,0.15325042050434823,0.0684496063129675,0.0619921800610165,0.0789210815084876,0.11138867127216429,0.06992423779925876
0.3294908322446304,0.11071796081017543,0.08762441946023236,0.08169852298874088,0.14560940230908792,0.06388520962763077,0.04339456997453853,0.08225437767168309,0.05532470491328068
0.3145170252918353,0.04048793872352387,0.0938459544991141,0.09875622573199848,0.1337972076234943,0.08042647373589236,0.047531575252484685,0.08971792038199793,0.10091967875965913
0.122458927850135,0.06314393449898643,0.11326388816042353,0.14900936146130675,0.08684321570317642,0.07314453626170168,0.06646173338449307,0.12743539276396534,0.1982390099158118
0.15197371432168158,0.04942539483851826,0.10668192262210267,0.1933502768295546,0.13321443736269858,0.08198357380803611,0.05827722438563391,0.11839248479181602,0.10670097103995822
0.21760480332149346,0.021395245215922242,0.09732437120411762,0.09948923783995338,0.17926221477247994,0.0912602326053426,0.05130947240291056,0.12089222109290261,0.1214622015448776
0.0882311620206207,0.17667511166344038,0.09368650814703507,0.1042879572748555,0.10728431814848462,0.1190768152839065,0.14863095073540347,0.10889342514256106,0.05323375158369273
0.12587947727327856,0.026301838694352098,0.09536384354736416,0.10213620972285287,0.13440419439114656,0.07053613724752432,0.06721188899764492,0.13255696060994565,0.2456094495158909
0.0354322493983416,0.10896497222659486,0.12621726801382555,0.13114368789366024,0.12957749799318882,0.11790466432998854,0.14798430694851317,0.12198086475273462,0.08079448844315264
0.16257096849311684,0.011391460389626793,0.1125755203249373,0.07708559974789958,0.06336731203178401,0.07297843941718718,0.10525410662041752,0.11913812936322055,0.2756384636118103
0.09040003053066448,0.050969573669994626,0.14794523122793168,0.10940118903152342,0.08724598513117394,0.12357905192759944,0.11390202572672962,0.15457015246162686,0.12198676029275586
0.21832525673568792,0.0208732066502865,0.1084843861082191,0.13281746864841348,0.14717250687614972,0.08629008524043641,0.10328615922998907,0.12418381541464862,0.05856711509616908
0.06683939818418211,0.07953945075265986,0.12297770096449656,0.07344329597818476,0.09772996713734004,0.11063179168492616,0.22383553952127475,0.16877980297819317,0.05622305279874259
0.2404891840915713,0.05682635442030017,0.09851525601988353,0.10004234083685985,0.1285560851419617,0.10068248097263417,0.0698057751539557,0.11860366166500225,0.08647886169783132
0.27589278148347424,0.031617507368069064,0.08112149994641432,0.09397596317902351,0.16252266705109028,0.05893078401535116,0.035992519970533814,0.08952196482980039,0.17042431215624324
0.06999060656813232,0.08701449335194857,0.13988988483923595,0.11464733189968433,0.09248869495697763,0.12728723713022297,0.1359608590437792,0.10900067175989832,0.12372022045012081
0.19589472085037504,0.03740533304613864,0.08564436203347109,0.1575428104181619,0.10813495070691155,0.0765957175724085,0.023344701721705996,0.1760293732946363,0.13940803035619093
0.03987810085034613,0.22246171521266023,0.12058750128633083,0.07885721084553142,0.11453207734902222,0.1088167142816467,0.0843463867875045,0.17360538376916926,0.05691490961778866
0.17994149826069972,0.02689756831100869,0.10046041360525813,0.0872142056607178,0.13648316131927637,0.08735139156047149,0.09827297429830208,0.09946558220545103,0.1839132047788147
0.29272340555527593,0.04194446834927997,0.1029448982633876,0.08304293634980807,0.09044877827253832,0.09397277297211315,0.06514981339537168,0.06833651992467528,0.16143640691755004
0.284634919987321,0.027761058269101663,0.07784228509524757,0.11202011246890409,0.1683733044653503,0.0787496218862407,0.03729018457181594,0.10716616370989408,0.1061623495461246
0.2838097333297054,0.018044346916844912,0.09933351472558032,0.1326732313018396,0.09384539070775998,0.06445690032501701,0.09209899201470591,0.09695114876411738,0.11878674191442944
0.16849945592161208,0.14288606688173025,0.10437092440245488,0.08480210509274196,0.11895275603618638,0.12014553246185351,0.07060500187503231,0.09203130993247399,0.09770684739591458
0.17755187203462316,0.04685428592364583,0.12552679340722148,0.1585548682238023,0.0924291471560336,0.11850395550696811,0.06198406905022408,0.1583421689826919,0.060252839714789584
0.06125992195467269,0.3183761302511428,0.08757429807559768,0.10342235044114712,0.09405955983626761,0.10873403863795283,0.07558234515193361,0.08706792293548422,0.06392343271580146
0.10918596377603203,0.06352335593370992,0.114273550842663,0.11776205139568469,0.14989062749097562,0.08510972530892907,0.1123339607180418,0.13417354240793272,0.1137472221260311
0.07408530609240306,0.12336686007965371,0.10369761552176242,0.1938010254299154,0.07494975378357259,0.09321705389878399,0.1254087480581279,0.11892033908827117,0.09255329804750971
0.12020550695046724,0.2074532136825632,0.10945424735659053,0.08897155680977502,0.10585608342542513,0.14146612516340198,0.07582404841276687,0.10851303048679362,0.04225618771221637
0.31910936208855134,0.10454945272843558,0.08156378291044027,0.09286319914133707,0.11446424015624646,0.08818807472704208,0.04270567831976643,0.09074586096221215,0.06581034896596867
0.20475308261158096,0.03276223355133783,0.08850765096390706,0.1369076360154293,0.1931187350275236,0.0864000025047984,0.06947959887028543,0.11850440131704582,0.06956665913809155
0.2106335591767902,0.021682509601567146,0.08885430716003324,0.13118075396999226,0.16158545908106983,0.06375311318289788,0.07707217264400532,0.11736536298038643,0.1278727622032577
0.2136308776002044,0.05566642460869468,0.11603074790348089,0.06950281344781363,0.09583445153102703,0.16409776030104287,0.11532253709645705,0.11236306854140672,0.057551318969872624
0.10242319131033556,0.06625586614076796,0.11348793219422974,0.09922498816195895,0.0932810549629823,0.10435408036802128,0.11599259212017625,0.1367548913673052,0.1682254033742228
0.05456912900611249,0.23221503772536156,0.11611735040255282,0.0747472679872469,0.09722901153186958,0.11976252275682149,0.08144220351022223,0.10724343707158233,0.1166740400082306
0.3307299609724484,0.039921977950741185,0.08366504078410163,0.060855836890338945,0.13874359094243205,0.062090457786177757,0.03249707695767628,0.0748487501332137,0.17664730758287006
0.08192229592062816,0.01440299491720784,0.09984306817319226,0.0913123796128313,0.07253897838059929,0.06594662726880318,0.11490714857048416,0.1501452205921783,0.30898128656407553
0.2310573585107137,0.015241342327409714,0.10864160988098122,0.1126049264019763,0.09306011319906525,0.08078345826941014,0.08907972202259368,0.06660121280460726,0.2029302565832428
0.19403489786958517,0.02546974735755644,0.12496199621193434,0.1676847879055358,0.14365464508741962,0.07429995967255475,0.0685995810303933,0.13452533779381737,0.06676904707120321
0.09072304853902598,0.11437854329325942,0.11206669351259875,0.18634214280027236,0.0907933256324634,0.10496537623798803,0.08348227037088685,0.16596866813457942,0.05127993147892573
0.11174778803680618,0.011403340636104918,0.10472280607919386,0.10360987655484362,0.07639160763033213,0.07799404730232118,0.05369931814937847,0.1637865479165517,0.2966446676944679
0.20622184164662158,0.12054417596444467,0.09765235231223761,0.12148279236844266,0.08421614200693378,0.10540295466428612,0.11420726380559999,0.08357813122359141,0.06669434600784216
0.07510848154894804,0.34541662073323964,0.08394038489535842,0.11962614546286489,0.08458060484375261,0.09858468415596444,0.09235513177553023,0.08234502425130594,0.018042922333035928
0.2580159303671304,0.04142638094572698,0.08916905331303682,0.1383646845071509,0.14236679007509834,0.07183145838568636,0.04882710004963866,0.11314124005678315,0.09685736229974856
0.20310516455547703,0.08173297011029575,0.09575445446406139,0.08278204595871039,0.1682554920955628,0.0738952032284078,0.1006170972957547,0.07460883392020196,0.11924873837152823
0.1828200600639407,0.09123815541347896,0.10012939642227835,0.10541371068303067,0.1155352799073165,0.10669804313575453,0.08666650256884907,0.09751367808927221,0.11398517371607912
0.1797327783128603,0.08766263036168637,0.09166270033421386,0.10178588308006613,0.18202487869093856,0.09420339491729056,0.05803873684959431,0.08191224500404726,0.12297675244930266
0.21067435693315284,0.06852844841970938,0.10099847550857677,0.07744947894620048,0.06863010957981329,0.1438751643392877,0.04300723390346594,0.07776179540095769,0.20907493696883592
0.30601653644500854,0.0862914985146086,0.10795814762426549,0.059738460666646086,0.09028856022803249,0.08097218833784776,0.07710470921304875,0.08700875339098285,0.10462114557955952
0.025249607323145462,0.1829360102184905,0.11450018197957294,0.12664374878265536,0.09665017588026244,0.09924892347776353,0.1399290271921823,0.10860977587031943,0.10623254927560792
0.06416441965942526,0.16308496647182547,0.11233752251401936,0.08947474333151005,0.11251887558638411,0.1286604440929833,0.1517250268532053,0.14318675629335176,0.03484724519729538
0.1303127185550207,0.052334809690359495,0.12799826366215641,0.05313282152788006,0.09025411542680524,0.1382060358543519,0.20866293428744906,0.07176879702896603,0.12732950396701104
0.028227167962981987,0.3561011876064035,0.0988033711203316,0.09365952560438685,0.06994250636817678,0.13804924617558886,0.07683051670092383,0.07877707841137561,0.05960940004983095
0.14806447781825374,0.05335895771990465,0.10484602416998318,0.06487482705498208,0.09984682511901734,0.11186499468924217,0.04903310725088098,0.08528364078586313,0.2828271453918727
0.10471891260184658,0.08108805850742068,0.1060419840457069,0.11832251619159428,0.1625277335450695,0.0843770037409115,0.0650649464916444,0.2031529369531516,0.07470590792265457
0.24415448153837618,0.05653224260893703,0.10610564105976339,0.11896698529636551,0.09084151988319299,0.10328319088295941,0.09366777616855804,0.09332071771140876,0.09312744485043874
0.10384998794215487,0.06625932579967717,0.14043980854458957,0.09833940756876375,0.1294664073061175,0.09286274392485823,0.1152173670944688,0.17000427351813344,0.08356067830123659
0.2091159329696967,0.020898506847831788,0.11417502437035447,0.10237959823809613,0.17452839645711382,0.10208426224913986,0.05319134624152575,0.11151097329044,0.11211595933580148
0.20796698633941624,0.070739927035104,0.08969150245435172,0.13010095242224415,0.18630521117760943,0.06572478894268845,0.03601400398223023,0.10612290241797255,0.10733372522838334
0.22055772268362728,0.021348275711189395,0.10888658834276989,0.12274312599902142,0.10774618119689439,0.09501708913145367,0.0683156046510701,0.1470532920963403,0.10833212018763361
0.2114030246293471,0.0236238394115352,0.11560941826343853,0.08157891394212635,0.07033732242678244,0.11233246969441364,0.08303106714914182,0.09057711367143088,0.2115068308117841
0.09065187944100683,0.22399958351198748,0.10441914831956974,0.1068103311985271,0.0995474054245123,0.09067531359354956,0.09375044053914222,0.0982730710848207,0.09187282688688407
0.21378721558600242,0.09300820039944795,0.09804982450948176,0.12852819268870558,0.07876724799331984,0.10112688806927848,0.08650438839456832,0.11777325626334145,0.08245478609585416
0.22517023333129482,0.07941404503708493,0.0979337598048284,0.10154144119241894,0.08897830879835707,0.10544793521243252,0.1415452555559397,0.09190581437611506,0.0680632066915286
0.25983198886522785,0.12556068439773183,0.0943142523238461,0.06179917731033926,0.09898179257152641,0.2026043967784074,0.06022328749965544,0.058419282921386186,0.038265137331879515
0.30922998826820336,0.054008235436394714,0.09818273000931366,0.09606331124600019,0.14213053383657956,0.07692042378570645,0.062095252502370656,0.10780265373660236,0.053566871178829016
0.22332198978877996,0.061941464920061085,0.09750457553896043,0.1398710565681748,0.15475863445249785,0.08960898208915806,0.050922561192424394,0.12954937544516335,0.0525213600047801
0.269526736029479,0.04136153751890171,0.10851802613364586,0.10252063732344029,0.1035096516116696,0.07743781240119513,0.09602998126911581,0.09086599434191978,0.11022962337063284
0.24889039759939027,0.05144755393452228,0.09639686630867274,0.11647239439006528,0.11770432587124136,0.10415678144589986,0.08263255954804742,0.08798405092425433,0.09431506997790644
0.125121024432621,0.13530350287888807,0.14532488028453605,0.07144047387798605,0.10835836756799162,0.21016031385126852,0.1051905173184182,0.07840850414372667,0.020692415644563828
0.16106119881424782,0.13321837488688335,0.09937501993027192,0.13078348070824297,0.16747960118223512,0.08926537070747682,0.052861527835917084,0.09610808581821485,0.06984734011651002
0.09491350853455911,0.08732819639371503,0.1317161669400724,0.14692585783949597,0.0924790476497424,0.14162781290411083,0.08366878084405134,0.08972286520489754,0.13161776368935538
0.08956847485797602,0.03919789241596505,0.12612438095556386,0.16493462570451597,0.09752395856958053,0.07944774411556961,0.0792774250194568,0.26722135278494047,0.05670414557643171
0.04171426241591131,0.21485423050214533,0.09524255459358451,0.0676418420445281,0.10930533598675381,0.11983059206837234,0.07720621310295196,0.09409741738444698,0.18010755190130576
0.1542891710007607,0.07078822319032263,0.10213555530403039,0.15500856361572776,0.13181415321865353,0.08745303774282158,0.05592413265197566,0.1095395297016936,0.1330476335740141
0.2360696769036915,0.19257279062318702,0.08451560205852754,0.08283093593993471,0.13897342558764428,0.1186062073331448,0.03269254310504529,0.06568957203588788,0.04804924641293692
0.188218968857937,0.0221749581853334,0.08817444130424758,0.10972150320315523,0.0858007395681739,0.04786667712853788,0.11271540019906197,0.09994597120661734,0.24538134034693568
0.04937460128913415,0.07086104311735694,0.10396306794441788,0.05294132794038736,0.1320802411916401,0.13762421138542194,0.06933027355152213,0.08724470204377409,0.2965805315363454
0.15564880003985107,0.02880712985331561,0.1466395402619011,0.08514804526840125,0.08774282378547954,0.19617780343500657,0.10746098468271971,0.10019721179798928,0.09217766087533585
0.20723425425243677,0.04053866790756414,0.08819374604074322,0.11158385320661424,0.14379219372052862,0.08296685467052099,0.04801594076043598,0.13375626533306292,0.1439182241080931
0.258682245608655,0.04371489350529766,0.07785250413991991,0.11206632319674215,0.09147551587070535,0.06553064208043927,0.06340797074186165,0.0775320697589616,0.2097378350974174
0.1007448404727266,0.280999428768554,0.08587760886472097,0.13805969722459457,0.07428708684648354,0.0771890976717058,0.11332572159478821,0.1117381838471936,0.01777833470923267
0.09874844932812195,0.043184023448690635,0.15429172503526004,0.13684889336032713,0.12937403575302397,0.08613985416504001,0.11903009189633601,0.141889790100336,0.09049313691286424
0.08637460987568486,0.2728844744164882,0.08196562600028913,0.10924999066614882,0.12024707140655061,0.13816689101272442,0.08518986550185524,0.07926911514210457,0.026652355978154057
0.15149044878015505,0.02535471959650838,0.09959664450510991,0.18048785485336624,0.08765355863303985,0.07701468180581188,0.05992274111570503,0.11323575398994296,0.20524359672036066
0.13642288630262958,0.11414831383729875,0.0934984194628503,0.0826179874180971,0.14495403164504475,0.1790468818896198,0.10198134006485221,0.08118140198653136,0.06614873739307613
0.14565094165462897,0.06063861661425054,0.14014721855163936,0.13946415783505925,0.09609077607357691,0.09201447652743733,0.11666402525993165,0.15072649428257476,0.05860329320090124
0.277653283634359,0.15380389324728871,0.09569413627969969,0.09464858565547817,0.10033102574581994,0.08412088809453289,0.07306316793425398,0.08246623250342966,0.038218786905138115
0.038079398279703275,0.2602717155359114,0.08596834462149174,0.07961310723732345,0.09939396887506781,0.09779043445208892,0.17816594485184767,0.07534934998759017,0.08536773615897551
0.2524470478570228,0.13088434622892706,0.08742894033103288,0.07641708352971843,0.14488590337886173,0.058099878923132724,0.06686440096119407,0.10527040132825816,0.07770199746185213
0.2633960381874916,0.10953394321630254,0.10665536606097652,0.07159779248225773,0.1154061345104153,0.1060434226642744,0.042761326937063214,0.061996335446231295,0.12260964049498746
0.04496325840990873,0.12174266433349956,0.13719389550744462,0.09942956524697079,0.11030805213459166,0.09671510277299046,0.12289952406582134,0.1474811636402196,0.11926677388855321
0.13913525131133012,0.05115333492710034,0.11148910633326951,0.08272826283548139,0.10880339342523433,0.09075627281777249,0.16993676461411109,0.20520973269953693,0.04078788103616385
0.08751893751376277,0.08937637474977082,0.11678503775936976,0.05697655506633304,0.1324278081423847,0.18613975538830108,0.19462793217214935,0.09164216742505604,0.04450543178287244
0.061457908555891415,0.3099506121216951,0.09821587673336402,0.07488233479975202,0.08258596245545637,0.11954678517897528,0.048230618904653084,0.11143574766827108,0.09369415358194162
0.04571063031102577,0.11979209736727675,0.11354649458975113,0.06405458852790673,0.11728568904803742,0.2627225735582262,0.12860829030552556,0.0655189119290231,0.08276072436322737
0.049918089566718914,0.3046277489742032,0.08164478310093634,0.1139474067851917,0.10484938508255337,0.14760864641187646,0.07134789372595537,0.06653978353050881,0.05951626282205589
0.028378515949673982,0.17635427640822265,0.09768949359638084,0.13637680828285256,0.09638048635215657,0.17634817524916757,0.1379080423214113,0.09559936458181569,0.0549648372583188
0.11842672516780135,0.08954158107187289,0.10204446084369563,0.07541514105698673,0.13165157081831416,0.10701512276913694,0.06930980361759258,0.13644563776823002,0.1701499568863697
0.3544833908385696,0.056538869550874726,0.09277665653338325,0.09401239639752844,0.10638647656589335,0.10874622583637446,0.06933605955486374,0.07318925402461011,0.04453067069790223
0.1704005823039628,0.0662240128135064,0.10374964842872177,0.12844456174857896,0.1708506904024479,0.07500378526345082,0.054947894683988745,0.07850299919637879,0.15187582515896386
0.22550153415273477,0.052084168130731995,0.08650178733320753,0.09946004303208665,0.11177389247725822,0.0803940237458297,0.03932260002968213,0.09450181476602809,0.2104601363324409
0.06410462595739592,0.08331993329443756,0.11285761504986858,0.10173251215952143,0.1001237929820361,0.12346771087295438,0.056112686846924255,0.18312815267180083,0.175152970165061
0.05043982804214201,0.12909142429386997,0.12023034151481958,0.12970501187978514,0.13945868124131847,0.18588201486044842,0.11110867628773609,0.10899540457667867,0.025088617303201638
0.24267762832527143,0.0510406038422631,0.09796329515742648,0.08181900659393428,0.17183761379286233,0.0961479079361754,0.058931747595754334,0.12099055425679545,0.07859164249951715
0.1523145315259675,0.10975739000876296,0.11446423727294053,0.07190458664211931,0.14593729579256953,0.1301045461110876,0.12552257808488235,0.0881319267706806,0.06186290779098951
0.35958457991728277,0.039014865914467775,0.10098572488664594,0.07705935018227954,0.11427619505952456,0.09146627928671182,0.06563189978308676,0.06535066478038551,0.08663044018961526
0.16243227063312315,0.06396759870747802,0.0825754115181792,0.13110434178889338,0.16335872403415844,0.07980384280474166,0.029372627070815505,0.08732510806375876,0.20006007537885195
0.13401128323303538,0.017587938652264084,0.12759885041485816,0.1529210389580926,0.11587279028003689,0.09208162980731575,0.12899883950485055,0.114908228833332,0.11601940031621477
0.20110555280529904,0.07946189382790524,0.10636034252206915,0.17910790372950267,0.08276217092178118,0.09906015697882901,0.05464519046228671,0.10690180836693293,0.09059498038539408
0.04835031019709584,0.04439019191212129,0.1357197524556196,0.11592949557791542,0.09196726287903657,0.13572670213784568,0.12332630791747151,0.17510203149189096,0.12948794543100298
0.09433762413188801,0.0218274353853614,0.12600781696813698,0.17250386961364886,0.16144581615171008,0.08828636873890632,0.10171168796914691,0.14459686671735997,0.08928251432384147
0.12580372079977328,0.04366157022601267,0.11872761941335264,0.15638873697385722,0.13637609282324278,0.07960438475868938,0.11278111633067218,0.09792884939915598,0.12872790927524383
0.13789591992270814,0.2642579213763549,0.08820510542965049,0.07871951178141266,0.09389461808308212,0.15613800329347438,0.08756970687044359,0.07202356228331151,0.02129565095956221
0.05538313359485871,0.3761888281282412,0.07347607641582958,0.08120772662962684,0.08279393291758366,0.13478916144717945,0.08781859161421209,0.07060811742532892,0.03773443182713961
0.20457067908448942,0.02197859979905453,0.09163956321130053,0.1450916659567675,0.09847494962770666,0.05733415273971094,0.05070605521708943,0.1340723559329158,0.19613197843096516
0.27764769815192036,0.07527805871186798,0.08022218287079666,0.0677082901120598,0.19463137119239224,0.10090068592925665,0.0781043945715989,0.06762526495616968,0.05788205350393769
0.051352992882315394,0.22938865166416522,0.12742660815261406,0.08943787453360148,0.08437962529430725,0.09629545934384502,0.08083384301948086,0.15231937020544029,0.08856557490423049
0.23751459494970042,0.09791243031775265,0.10931523876098626,0.09059524768951645,0.09578097867107976,0.15189797795008955,0.07636544082600283,0.08076320436359426,0.0598548864712778
0.050359093775446645,0.2273119440990361,0.10548946009036175,0.09663042280621827,0.1428379282727937,0.09468464220853794,0.11175031731593132,0.11349277191907242,0.057443419512601984
0.1795560694607269,0.13488771292966975,0.11493499497618624,0.11584154683955379,0.08625311214756039,0.11349618231225041,0.08491907565536257,0.08557765645110854,0.08453364922758135
0.1404090967180259,0.1292556134099032,0.11438349811987236,0.0946357677355435,0.11155111870730011,0.16739992173801407,0.0752738121583358,0.13296914195416548,0.034122029458839596
0.021601659835538967,0.1464922144261109,0.11393708423851989,0.1384645282434912,0.09546277497838122,0.18223676935031619,0.10757062528698715,0.11723678401831518,0.07699755962233941
0.03923620632676793,0.10767181387100988,0.1320923670555391,0.11256237017500009,0.08781862096535491,0.08959910398412137,0.17833283166529232,0.1972772047051589,0.05540948125175551
0.1488882416715994,0.09461287299756001,0.0918717229271477,0.10178572816860816,0.1415901132953917,0.07516131956891242,0.03720381718433303,0.12993546740822914,0.17895071677821847
0.11253795753102962,0.1281177129486708,0.11297727068497937,0.134780333887808,0.14173990369239323,0.08103566007114993,0.09073928335405551,0.15905864842596737,0.039013229403946185
0.12390390688396387,0.09290456346251007,0.14741191777223447,0.08337267663779985,0.09020117348820399,0.18056461263391368,0.11283442799455874,0.0973640919012863,0.07144262922552902
0.06967655168218946,0.09904804318158338,0.10905967082083823,0.09136457132707616,0.10332637843750075,0.1363789609704584,0.07175422873406254,0.15485156337252481,0.16454003147376628
0.034443906951520074,0.1659667544065265,0.14662184756982546,0.07706547735648388,0.1438854463497949,0.10276523236710677,0.16968901246276072,0.1067058938257744,0.05285642871020727
0.022195117532292866,0.08095623106326616,0.11901642039014733,0.1007883778015481,0.1265886552437328,0.11391860420273385,0.2258637807511892,0.11879835586179531,0.09187445715329434
0.05673572891312151,0.09299935221433604,0.1369798721252888,0.0690286129587243,0.13399151063961892,0.11698072550343984,0.12809116487413497,0.11334729323730201,0.15184573953403366
0.0567494431852524,0.05971533620690341,0.14470654252427217,0.18230916034539835,0.10886662206309089,0.10134439152342796,0.16495426571849633,0.15757896676435418,0.02377527166880425
0.13109449489964842,0.042715656371409255,0.11387344410006366,0.09965771163021893,0.08329184974606087,0.08253971732558578,0.15778148347365392,0.15028747134721424,0.13875817110614494
0.12811841100275642,0.0717499615910216,0.09916506345596572,0.1122987649995311,0.17782234337779532,0.10915038298846398,0.16337641604815456,0.11258011242213613,0.02573854411417514
0.046598306538851,0.18195254161209795,0.10346106036206772,0.09445103103907315,0.10113150404801041,0.15665827425823878,0.10868375498085563,0.16161946214784084,0.04544406501296457
0.13293325053905725,0.06113521941562484,0.12427020874415369,0.12193874403820126,0.09465613202957761,0.11665459468742063,0.07997782273392835,0.11812120901021232,0.15031281880182404
0.13384509008210999,0.21797823771008504,0.13260736242562657,0.05985913910930879,0.11354736770491693,0.15204934922490942,0.06754284368108703,0.06956400239565676,0.053006607666299506
0.03540487107605298,0.11924122827296157,0.12726015845254643,0.14208613723682315,0.10044732255729583,0.08119305249569028,0.15321204837896563,0.15805453083642176,0.08310065069324239
0.1695480816113815,0.03837106793616529,0.10330800897470566,0.1418358618741015,0.12929830288345193,0.10184182405712577,0.08093735115039917,0.1195503706292485,0.1153091308834206
0.21837067114721076,0.16851061756681818,0.08384209775218106,0.16273607950260907,0.08171276457330463,0.07270782973943271,0.07947832373242457,0.09336706445211601,0.039274551533903045
0.13382708738981297,0.18897871102728914,0.10699040100559438,0.09543054510098004,0.1264270742721139,0.11310670190842394,0.05145276073608992,0.12782005311482858,0.05596666544486714
0.0705658572724801,0.1874291399612573,0.1091372598893441,0.11731316570486723,0.12020509272782086,0.11640214869707884,0.14031224934754252,0.0997755137774561,0.03885957262215289
0.032846291099129885,0.2775312534817221,0.0939237255431916,0.09309993084944389,0.0796172807176349,0.10408455311073395,0.14889888456936265,0.12219938789633328,0.04779869273244778
0.05444161673299422,0.2789884400253418,0.08761678905668223,0.16456708356037647,0.07998407642474087,0.08338415690080159,0.09000384924010325,0.13237310653977954,0.02864088151918003
0.24273897627934882,0.12157498322645229,0.08360170361639052,0.0968614061270131,0.1315807254545119,0.060067371258220266,0.030339664300192776,0.11232464089513067,0.12091052884273963
0.17745148118110188,0.026884119610157287,0.10642738992402218,0.17542088870693373,0.11080864252919746,0.12193461918498304,0.09670057176764378,0.11303509512031105,0.07133719197564964
0.11194979631745844,0.03035465280950698,0.10471439125769211,0.1020393360934444,0.09848648380214736,0.107490798948353,0.07184777127201593,0.07443070795749261,0.2986860615418892
0.18111404708195566,0.038230552909470465,0.1039606200512324,0.17930666403753878,0.08345036658901979,0.08424482760396956,0.06825031322529629,0.16062950428092151,0.10081310422059557
0.0322638021522996,0.022185064071229218,0.11193688634955933,0.11994298113129424,0.1169800592363462,0.10894807301343117,0.2139130878558778,0.10492230531306197,0.1689077408769005
0.08020163637575821,0.2626052177648158,0.08852476953304271,0.09812997836704691,0.11183655119187269,0.12215734712213404,0.07224920457441471,0.08435220570428338,0.07994308936663154
0.11562524794468469,0.15530991533163022,0.11730173561216639,0.10106936884213773,0.1070357078148042,0.07938299009912986,0.10766422660524892,0.15008637794612315,0.0665244298040749
0.11289871574812821,0.041389162982041976,0.1667458987178961,0.11117503621921875,0.11589652049465825,0.12022785509748264,0.1042961408856626,0.17138171474068678,0.05598895511422472
0.22664510924152395,0.04254258969376762,0.09452379250834891,0.10475509938794786,0.10847655160719749,0.1276299058732601,0.04402943418415784,0.09742531491600241,0.15397220258779384
0.12347882710834751,0.10437366068070604,0.12073616877681514,0.1261082626883908,0.09890650102333733,0.14978284822975232,0.08218466224873228,0.10918443544058254,0.08524463380333597
0.17770252011490573,0.0229204285767677,0.09387541935511458,0.1919746861205083,0.16184109952262296,0.0675465591779236,0.05119324970085198,0.12411912921779099,0.10882690821351419
0.30237105420019467,0.06689326982183787,0.07980461097070432,0.14418658643991022,0.14500036270144986,0.05648514391716892,0.042442493576107694,0.11312321586699446,0.049693262505631934
0.06093871899697149,0.10967290593244829,0.094263734594345,0.17102941243316225,0.10645266302129319,0.11578421860110504,0.19121984990766525,0.11906096852150731,0.03157752799150223
0.1840745179011992,0.16065286868958403,0.08590401496141985,0.15582457868312558,0.14396825205986166,0.09426182854438962,0.04809809182146648,0.058518464052671935,0.06869738328628171
0.019333090514128976,0.2119530205780087,0.1068002128430476,0.11355062648619696,0.10327488481328151,0.15522753850400717,0.09185130961260242,0.12508659084647739,0.07292272580224934
0.2774566407351387,0.020988850609757193,0.11210787227692957,0.08904392487307881,0.1485853508857833,0.12245668069352061,0.07329289070569153,0.09667264917650847,0.05939514004359179
0.0912903489472761,0.235893826791118,0.1171718485216046,0.07732506923914735,0.10291552345616911,0.09180607877522871,0.08781596182566336,0.13280952445719119,0.06297181798660155
0.24082475599872635,0.05256195481675598,0.1040332800312721,0.1426321216897582,0.08807980534190833,0.09820031181015065,0.051104571491377294,0.11567001589250452,0.1068931829275465
0.2621909409778609,0.028178946957558904,0.08991535464064364,0.1083488502003918,0.1851567908179804,0.09588984158972436,0.06657132256833585,0.09378604621431509,0.06996190603318914
0.289953264050552,0.052055323881591564,0.09056425557498461,0.1058423684667658,0.13534112861602476,0.06741003741825241,0.04677168415665339,0.13163628094120253,0.08042565689397292
0.1452432630168064,0.027129412798955217,0.10660236685901893,0.19958200793664735,0.15405771177690433,0.09381630713584876,0.08081998870191247,0.1499131250187333,0.04283581675517325
0.3011745827030214,0.05577070257670736,0.09112232966904465,0.16181747083005985,0.12864778692463594,0.053222797212094754,0.040305708955822715,0.12997844972903422,0.03796017139957907
0.0879947222708422,0.03249568163861049,0.10905509553085428,0.05207390535996181,0.09582247640783409,0.11876820409764499,0.09607001833787084,0.07501628830070385,0.3327036080556775
0.02681849927776044,0.04630970273712589,0.08940858922286334,0.0715483283118285,0.07069834323360961,0.12070569013054526,0.22753546952370307,0.1035876886541095,0.2433876889084545
0.23897421172415842,0.038131649734369416,0.13191545461632292,0.10914051492534808,0.10281709127335399,0.09847201067208193,0.05071620033802025,0.11375435780498024,0.11607850891136469
0.08999928669722052,0.06982094270830323,0.13955762601537838,0.06935147923069568,0.12712390736292792,0.16423023716079582,0.14560592063719116,0.09584013417454511,0.09847046601294213
0.24867202241621364,0.027258389615449314,0.09955429830162159,0.1553799114044644,0.10486183517458492,0.07893821449506834,0.09590438455305021,0.09184854443500379,0.09758239960454386
0.2513286970181792,0.05002974818546177,0.09599768422675066,0.0899945041076005,0.09149405100298784,0.12769117162318736,0.044016657081892625,0.06883898263382085,0.1806085041201192
0.21634878340674776,0.05043042383784955,0.1058541153128572,0.12895371443998896,0.1601435264610373,0.07884663081814298,0.08839278122234616,0.10952099726131624,0.0615090272397139
0.18190645764744504,0.18644520916297966,0.08497196400432601,0.07820110573809926,0.11985341960154643,0.09255294390079054,0.044157618603733,0.11711478740904539,0.09479649393203467
0.10767352820980806,0.07607733712914251,0.13278646784415574,0.08110595662455895,0.13438611807113982,0.08745583166100135,0.1625815865916007,0.18854907616802674,0.029384097700566107
0.02933214098127111,0.2567098038545314,0.10456475115559725,0.08418552589228367,0.07936271455984285,0.09746047625702318,0.16453263637538182,0.13668744263635849,0.04716450828771027
0.047405678055978784,0.025644088353954334,0.14035623912327813,0.12046543026261385,0.10210967099954242,0.1353218843130305,0.2227931521834372,0.15745749829049405,0.048446358417670775
0.05364331858439248,0.25833787787805984,0.10442417566236413,0.07771271151017163,0.09691746373254632,0.11997227901281211,0.1487747799194101,0.05995169925172634,0.08026569444851707
0.07676683425379266,0.058769551156862304,0.09816016494860551,0.12355545642584753,0.11398137870737561,0.0899743317762175,0.09289005345701018,0.12256515521304463,0.22333707406124392
0.17496568643537044,0.09744228716383274,0.08984662728565207,0.1523855004228416,0.13270984151715096,0.10455293442901199,0.055165193898765535,0.0891508346601891,0.10378109418718558
0.22100189102933163,0.01804333967787231,0.09784461814900541,0.08996956910480523,0.14008756059817037,0.08072073909966064,0.09372414041882056,0.0992134083395934,0.15939473358274034
0.2067510713951423,0.055205528061430725,0.1097398425573356,0.07389985553263172,0.13876173842726458,0.07201774860751303,0.18131755303405914,0.08770329929789933,0.07460336308672351
0.15151657253657377,0.031826639490038215,0.10501601120405575,0.11541311737067146,0.13969114772791058,0.115647810102211,0.06669957673822957,0.1338790402332042,0.1403100845971054
0.2118039753458012,0.04385955753736744,0.11171837638322857,0.16221380311737718,0.12115848056165303,0.07866397152664845,0.044185052267763834,0.1705666210505015,0.05583016220965886
0.06412117640551789,0.42565166946529454,0.08256911900760035,0.07339982117254912,0.07382028923430789,0.12266307761090402,0.07792076825823681,0.05787433195583062,0.02197974688975875
0.21818699610878567,0.02887394872407606,0.09011093457364487,0.05241156566141333,0.07609090441627375,0.08142446894971754,0.029856989349174287,0.09410618478862777,0.32893800742828677
0.21566990604030623,0.16994402078531753,0.08736230309919586,0.05858137672701399,0.15468805978016884,0.06944553828826283,0.04631243650572966,0.10832957206947764,0.08966678670452745
