0.11429564392990184,0.10673427079618192,0.05155276181454519,0.10875693413488208,0.09979263334652393,0.07840823266240331,0.09189622005784714,0.2645293278469166,0.08403397541079799
0.12419092597536507,0.10754669462165266,0.06732574950317603,0.0849151328806968,0.13967821303632763,0.1334378845339393,0.13098668294402627,0.10198404590826664,0.10993467059654971
0.11332457679515197,0.13362983233740966,0.07576698689624961,0.08529524314526767,0.1209859183564157,0.07959957180177282,0.12265201097562407,0.15968927484984666,0.10905658484226184
0.102906503581712,0.12482982370049679,0.06115405890244944,0.1083248063626564,0.11787775534928151,0.11880971926703755,0.136767500484435,0.11256056419597295,0.11676926815595823
0.15197934852102482,0.12381554850658938,0.08115992710721502,0.07331207246084175,0.1215599465096101,0.11531196627667233,0.11330167414746665,0.09772295165682744,0.12183656481375256
0.11259481168973501,0.09538101740196846,0.05617395177088182,0.0998630340394603,0.10935043360246244,0.0897665319378456,0.12106766002516396,0.21514820837169257,0.10065435116078973
0.12826543643892588,0.12471019954275064,0.058446258830802324,0.11001594194148927,0.10794345607956317,0.07526652170901461,0.0701363505294627,0.25445093445653455,0.07076490047145678
0.13406789738089311,0.09502231425293639,0.07540680608032327,0.07670834970011997,0.1164636651020881,0.08744081702677813,0.10895585303373023,0.2132871920614021,0.09264710536172878
0.1120821125299966,0.11656999843179078,0.07436802084440612,0.09023772187596202,0.1260963735755792,0.12210445187546641,0.1263300838510656,0.10533742758057828,0.12687380943515494
0.09717795837311204,0.09261143816068308,0.061461332494339715,0.11691690936653021,0.10820597056275068,0.10008876482500258,0.12221268885489729,0.19772147097502793,0.10360346638765659
0.1040798549163132,0.11203146733209239,0.06405669370022861,0.12010434722442526,0.11293785292722287,0.11812337975382592,0.136049525293965,0.11766083975313,0.11495603909879681
0.12833313482374273,0.15156066136170973,0.06104869722150796,0.09315430709992484,0.11796540302280557,0.10779459037268757,0.11709049021732597,0.11207830163817094,0.11097441424212463
0.12108737954707431,0.0875392752358607,0.058819882080263584,0.10077477114360638,0.10845881634273317,0.08500385957540868,0.12064780960641168,0.21914654923987043,0.098521657228771
0.09397120542134335,0.10358642248711519,0.11280243786261292,0.14883645150964436,0.09367147237903277,0.14579878709690186,0.11346270061702758,0.06437086819434147,0.12349965443198047
0.11207355384279787,0.10737453245770552,0.052323788353659036,0.13760804786546835,0.0911196298708394,0.09170081442624219,0.10970636514697411,0.1977508237799556,0.10034244425635795
0.10908993266756756,0.12474490094227664,0.09110605557792112,0.08630321975749529,0.13070331514936295,0.10753732764650897,0.11073592149879748,0.10738216002694269,0.13239716673312726
0.10956222191548032,0.10240843445136094,0.057395915392004594,0.10590364357492758,0.11675697931297968,0.10799105505362105,0.12219520006294254,0.16418737732864017,0.11359917290804313
0.16607941323293737,0.08637782085605562,0.0987114634054115,0.0842900818674512,0.12877271544247196,0.09386795041190403,0.07966870010971623,0.15313710998934624,0.10909474468470597
0.12663536814841678,0.1330620060929487,0.05568106058160743,0.08985902728767482,0.1187033122089101,0.10241390740234531,0.130899113872512,0.13494946042085906,0.1077967439847259
0.12598145855242668,0.11351674859411741,0.060101859691883475,0.13052858385443442,0.09483710808871781,0.09109324940279388,0.1155697417227789,0.1651282021828209,0.10324304791002659
0.11956918243207552,0.1015209146422615,0.0778560041406423,0.10660504020477922,0.11310023602458917,0.0959140631543854,0.1358222862336772,0.14051434413433958,0.10909792903325005
0.15026779161427253,0.10230691582100852,0.11716839326657051,0.0590906943575294,0.15604944910280397,0.12231019885591728,0.10451268252738095,0.08913515739689754,0.09915871705761929
0.09088853938054799,0.10543396734685513,0.11895789713835032,0.10033570989799943,0.12205173190437961,0.1296749351574122,0.11534822128830685,0.08505867855318568,0.13225031933296277
0.11131805515360371,0.1401136671920414,0.06083549536825903,0.09736539298465356,0.12043120661373126,0.11438799317091723,0.13887043722839384,0.10290448940795886,0.11377326288044104
0.11475612458723339,0.18357231813844674,0.11401942786499404,0.07166258081547203,0.13452544229635688,0.0679773552704488,0.12235785325726108,0.07911384301125267,0.11201505475853439
0.1002969913127885,0.1015740771857846,0.09768951864682791,0.16716836445265468,0.0990637319256994,0.1009027994399504,0.1200531340927349,0.10695212137587325,0.10629926156768639
0.1481004849328463,0.14602261745249454,0.08626462952643671,0.11038221609348715,0.0979274563177498,0.11822087980355156,0.10606852168991589,0.07425909324050634,0.11275410094301173
0.11460188113956367,0.09373870731437361,0.0669762017929836,0.10639949948494813,0.10243343618792605,0.10180018490985908,0.12242285576751875,0.18302644127985382,0.1086007921229732
0.11562563655404905,0.1255208529344266,0.057197006559227805,0.11460722142993235,0.10350147937268535,0.11407097998062492,0.13466763350966943,0.12377973394737134,0.11102945571201321
0.15813296582396452,0.1485531931954457,0.08392132601493014,0.08139676259829706,0.11261663449901464,0.11346726697898495,0.11048734627344754,0.07729101508559306,0.11413348953032233
0.13989800267633143,0.10450567868048351,0.05001151725552119,0.12135540063246937,0.08280043463155488,0.0851744195623203,0.09933343036012106,0.22459204279049796,0.09232907341070033
0.09564167304521555,0.12337673121298949,0.06746600716432832,0.12362144453603502,0.11470270390968777,0.13166637267783535,0.11718718019326946,0.10106222401514375,0.1252756632454953
0.11422493005815093,0.13038403314474686,0.05274213465952322,0.10274003598223695,0.11518634175912079,0.1057509807434699,0.13484311294734683,0.1354183347107059,0.10871009599469857
0.09966454159169547,0.09806705031453306,0.16220007071082773,0.08784940118932254,0.1529532124544167,0.12473934464110263,0.07214873946026117,0.07169141155014436,0.13068622808769634
0.10206547880471156,0.1262927911794318,0.055865681888774256,0.11282026997717821,0.1151922391377841,0.11514081897555617,0.13775498409539236,0.12189497290933758,0.1129727630318339
0.17428434446252003,0.08592171179780772,0.08375352370125692,0.06008358988448623,0.12280987253204889,0.08107509830028913,0.08318451289046007,0.22876302287646103,0.08012432355467002
0.11379226702720602,0.21758937701557213,0.0605968827649464,0.11350653415912564,0.10879925993627582,0.07269512031367502,0.10972025477891174,0.09533214408645134,0.10796815991783588
0.09868957696665821,0.15690908994555516,0.0566311456117121,0.10769482760111045,0.11990363243081613,0.11864478934482721,0.14351305513542323,0.08844878224645703,0.10956510071744048
0.08010761837813624,0.07532328271120857,0.12863014190292724,0.15711463620444469,0.10293948572731422,0.1054756887463661,0.114510879214054,0.13062516849083758,0.1052730986247113
0.21313274373451088,0.1348056355552599,0.09765508505511562,0.07310763626363435,0.10562922608874548,0.09253469219090514,0.08689933476636093,0.10377283920063146,0.09246280714483623
0.10483124604773592,0.14113959418130526,0.05375049731960626,0.10865537781671884,0.1161392549869638,0.11249591324742769,0.14047239426023575,0.11244082498967145,0.1100748971503351
0.09505877970609349,0.15835284420631857,0.10765420462559532,0.11311270107388634,0.11241033843223537,0.15045814972503715,0.0903163489126234,0.06429137318175775,0.10834526013645268
0.09540048528062549,0.07893047835437617,0.05888011358635303,0.10805213607201308,0.10311867643877308,0.09059279847760175,0.1031850354727767,0.26994141788903825,0.09189885842844238
0.11831463017258743,0.05812413803934835,0.06057485264808051,0.1018958638099386,0.14166241039800412,0.12499330707210188,0.11356051737443673,0.18171626838461052,0.09915801210089177
0.11156477841013078,0.11099613208735559,0.06685236201662852,0.09521804405060286,0.11759659378293728,0.10127001216145189,0.13072892675671544,0.1562314205442312,0.10954173018994644
0.12223254148451623,0.1316523209624661,0.05420152015341203,0.11014800832598202,0.10353104792172609,0.09074443406108579,0.11430314692296817,0.1802851734443901,0.09290180672345351
0.1028234439208779,0.09834229576688125,0.08389430412064171,0.08993029677306208,0.1250008100467286,0.11360104668211028,0.12424041520075824,0.1411219781475486,0.1210454093413914
0.1185709797063368,0.19908269208310214,0.1451738708716522,0.10285057544948467,0.1487622737826688,0.1516512392339883,0.03975311205281384,0.020618400538213996,0.07353685628173927
0.1355752421986582,0.1268046957963823,0.06314045264772396,0.0805020167085714,0.12395261101781008,0.10338269957912216,0.12285167834560297,0.13332026996776947,0.1104703337383595
0.1774663332149841,0.18026136286635194,0.12934854436102097,0.049030947782865125,0.14026282430238854,0.08036110992887327,0.07195570918679733,0.0554826361345848,0.1158305322221339
0.09754011234106298,0.09849738240543236,0.0499835514695487,0.13224105780675918,0.09577273522370515,0.08313740461735157,0.09517211529886266,0.2598375084797127,0.08781813235756464
0.10152361295635716,0.15297802566807714,0.07859994193420326,0.15014989266691856,0.10386975709385055,0.11038798043234106,0.10369245906425684,0.0877267823101588,0.1110715478738367
0.09945324287790391,0.06671208388293932,0.11887805723783477,0.1425201925354083,0.10941812355074182,0.08898686352513924,0.10790287895235884,0.1692883528218833,0.09684020461579046
0.057257465899438774,0.09548509642472135,0.1677175763992621,0.21923665659650907,0.0756180083970475,0.18858956497251048,0.07213910107287444,0.028992401517839436,0.09496412871979694
0.10338591527627723,0.09282573150475264,0.20502181742741743,0.07006834379715067,0.12016125490059941,0.14421201595514854,0.09108559610697368,0.02965855080513083,0.14358077422654958
0.09177841083231104,0.08175189269841249,0.07689837914800453,0.11554889874246976,0.1326716213067893,0.1727006970209717,0.12023048265857782,0.07869802264146615,0.12972159495099714
0.1473205475621299,0.18471179082624198,0.09342088603745886,0.07182286759320894,0.1600202228410358,0.07645625650591151,0.07047852370995523,0.11981857979260245,0.07595032513145539
0.12134014712932635,0.1595402581211888,0.06553756578153157,0.0704424129215504,0.1091192166588562,0.06621050465966839,0.09365231552801005,0.22991362185882905,0.08424395734103911
0.09541357362457965,0.08285905511700455,0.05394799160458182,0.1201223961344232,0.10434206774130417,0.092552182597951,0.11942018927621194,0.2295555254531533,0.10178701845079026
0.1153778795215305,0.08792084159607144,0.07099158952250849,0.11492913092290787,0.10906245573789423,0.09150994584338056,0.13009580037056223,0.1744771753937593,0.10563518109138537
0.07322264592712681,0.08540802425399217,0.12018609932061276,0.1229708655147852,0.12619901274931877,0.10154701457188908,0.09107366281025193,0.15010532591363432,0.12928734893838909
0.13308829385545573,0.10187298725350373,0.06263597032124846,0.0942189906410703,0.10252384410137243,0.0730356767866289,0.0891188523584766,0.25495167297945437,0.08855371170278953
0.0808242181397541,0.18179288736557153,0.07609266652612567,0.09865573947195817,0.13181246935282043,0.07774874914977037,0.09948593087578061,0.12078303818534271,0.13280430093287643
0.09089200578276535,0.07841946465712961,0.057328655929915796,0.1261000635399428,0.09983506778870217,0.08646231107166154,0.08473881904758811,0.2890876943015328,0.08713591788076185
0.08915458795102639,0.1282174202681932,0.0597808149564015,0.16604078913921452,0.09979614866466967,0.1105680264236079,0.10651763514871775,0.13201935822942965,0.1079052192187394
0.12295634360887553,0.08434471199234823,0.08852459536027148,0.09075734547961119,0.12938661894000247,0.0985196922776179,0.09152880501950866,0.17593450730748272,0.11804738001428174
0.1403350108881519,0.08467117761621175,0.08519298699313572,0.07672969446599699,0.13276521736589875,0.0761161082043151,0.10297557470932917,0.1908827843877526,0.11033144536920797
0.12098696789618742,0.12493665485360901,0.07306420612381646,0.09750351773887167,0.11142312499945152,0.12319641265293096,0.13149647880684154,0.09677779284720234,0.12061484408108901
0.09704717031081972,0.0816961782776898,0.07718063413893428,0.13606435079153986,0.1096721462059208,0.1293542618028725,0.12502712026891002,0.1275983345831762,0.11635980362013676
0.09925086677391702,0.10127411677507374,0.05950846494809403,0.11626262730996195,0.11572682917533066,0.11734028231168954,0.1266090244882827,0.14510466213010775,0.11892312608754259
0.12041681833265477,0.08353722807046106,0.10164415637893613,0.08987092860699808,0.12979761144774926,0.07845304045724787,0.06926960825388621,0.24583440594227499,0.08117620250979173
0.1280415191843204,0.08384297767045523,0.05995934216618587,0.09641048233218735,0.09988323106222825,0.08966862380193881,0.10964982746999845,0.23463783247963818,0.0979061638330475
0.12857965918321065,0.12606423412513704,0.1181678906740803,0.056399347877828944,0.15304679376627206,0.11488989679591077,0.1105990473406631,0.07178157174129589,0.1204715584956012
0.07792980681496743,0.072157824389616,0.09485566515895176,0.13131529791842642,0.10899156037492001,0.12111397457987072,0.0785227654592124,0.22331103140427289,0.09180207389976243
0.1007078774008125,0.10627132092957607,0.062432208355100806,0.11123276125909572,0.11259763020023972,0.10268248155388422,0.1320434732258519,0.1627240340913807,0.10930821298405835
0.10037123250093505,0.08731048331479689,0.06343749474082915,0.10688225312328781,0.112522439384638,0.09894854905156096,0.12086385922707203,0.20126498807944504,0.1083987005774351
0.12859695739329416,0.12137887737795572,0.06225353944445106,0.09358275575818577,0.11392572990685496,0.09132083511598492,0.10835590231073011,0.17935759517552521,0.10122780751701811
0.10296686698139101,0.12617565527971966,0.055400601159215246,0.11296097691441433,0.114829270668989,0.11420841542995547,0.13722889213720105,0.12363110550275393,0.11259821592636039
0.10748975864569427,0.15043404519693818,0.18833422096117994,0.03856744072338697,0.16204546474303347,0.1438960026507824,0.09066125322492864,0.018346919980359883,0.10022489387369626
0.1352060078350941,0.12734795605157373,0.0663978850504718,0.09116497961662422,0.11176927019480422,0.11261885364515545,0.12818310673297903,0.11295925982766902,0.11435268104562836
0.15153007964083234,0.12207429323256007,0.12523109873899094,0.08039115880500212,0.12011270468300801,0.08616770361853397,0.1265460459729065,0.07253210925432696,0.11541480605383904
0.1049294541414904,0.07151380683423517,0.056652603672674856,0.11508716110477396,0.09112741798240225,0.08843873514767898,0.09907721778528795,0.2830583554831193,0.0901152478483372
0.08362420585621226,0.09460641878579547,0.07292173503656592,0.11428955317177886,0.11013497331306966,0.1157834592895964,0.11412346588494286,0.1912058846160124,0.1033103040460261
0.13439750718217022,0.09203445078209276,0.1163190799896282,0.07215797333140846,0.13402545602111945,0.09043668122679764,0.10847837968870772,0.1431370619824733,0.10901340979560227
0.08227441380484657,0.08942039864071659,0.07686445446498118,0.1518575271572837,0.10926648178113087,0.14491442777283908,0.10777908680538491,0.10503357906241635,0.1325896305104007
0.09075088798237156,0.09526477111133502,0.04495612375792806,0.13779295274963663,0.09066073393733169,0.09763163364222383,0.08266743996197783,0.28716195613587825,0.07311350072131712
0.12740895019054319,0.16287384819406212,0.056865975978736515,0.09530424768389772,0.11542805610970726,0.10551894703309221,0.12039051041932981,0.10840528756166308,0.10780417682896819
0.1082553933645497,0.10616595518232004,0.08004840792806003,0.11677330985301608,0.11314058094026208,0.12318111373167195,0.13450784680056724,0.1014356038895299,0.11649178831002299
0.12061367073779632,0.12172351059319146,0.06389471673287321,0.0910267254366403,0.12222605545600168,0.1105541659863359,0.12791944709370048,0.12582753263412447,0.11621417532933605
0.0831644703447797,0.09594232814655128,0.10935164092766486,0.11802757890445059,0.11348009782219652,0.1522271943418695,0.12962164839987336,0.06729501305875023,0.13089002805386402
0.12558114387514815,0.1341271106820575,0.0672547173924853,0.09287354608638589,0.11930898748408929,0.11027805098180025,0.13715479577209747,0.10109097341426015,0.11233067431167593
0.09696488100009666,0.10574611641566538,0.07727397647790145,0.11772744598662566,0.115769040855784,0.13006446406834946,0.13418988194964412,0.09871205236530599,0.12355214088062726
0.1394409970862168,0.18230566854304917,0.1629032998901487,0.0582385543147016,0.12982738301802194,0.07402515098147057,0.0904554079059512,0.0475681665845489,0.1152353716758911
0.10219239042207275,0.10806036446132634,0.0698927127061406,0.10304702065160797,0.1222311568455513,0.12440736118759792,0.1273215956366684,0.1160615749855775,0.1267858231034573
0.10782592355968817,0.15337722871361034,0.0511585803180708,0.13864617482053251,0.10304313272208898,0.11547262592399517,0.10476142061130873,0.11796347790272144,0.10775143542798388
0.12646509776923628,0.1064505447922851,0.06384547550438069,0.11525121732885657,0.10266171757706777,0.11139245587410045,0.12855164642066763,0.13367045557625437,0.11171138915715113
0.12578671968745836,0.09401740334970503,0.06424773022197316,0.13986011483747138,0.09867302433009162,0.10067886761122193,0.049205504940321575,0.2639189793286002,0.06361165569315674
0.09103459934604419,0.08871001141479773,0.06684993119419047,0.11762852298701242,0.11247279713506401,0.10814442831120641,0.12554945692444078,0.1757387385319634,0.11387151415528061
0.11279885450856215,0.1587314091475839,0.06577448883059113,0.1148359829235246,0.11127458529639439,0.11518115107177274,0.12798258082363986,0.08251660046761149,0.1109043469303197
0.11645056715221332,0.14827752302999972,0.14852103531928185,0.05893691401813426,0.15317056082291117,0.0658490865650847,0.10711456024799222,0.07424630690188867,0.1274334459424941
0.14793035230405394,0.12415999712571912,0.07272664042053878,0.10941829570229121,0.0973046635128174,0.09363561596009014,0.0644175637366688,0.22074608120897662,0.06966079002884396
0.11078139325299032,0.11164246379865687,0.05290672753575996,0.10845116914478607,0.11357188516491208,0.10511259172676561,0.12759972185693272,0.16056235936126367,0.10937168815793279
0.11569830672857766,0.13677052125842726,0.054730188810436176,0.09792614901916569,0.1176247067312884,0.10712235018775289,0.13670672989315513,0.12382720162354711,0.10959384574764967
0.1618734993060885,0.09348355101764845,0.07394314622282337,0.06958796855537956,0.11456253554207478,0.09034095503482031,0.10162241059730683,0.19513013418596,0.09945579953789814
0.09632930036240252,0.04304659753520537,0.25001292992086405,0.08224786091754228,0.1008172814009249,0.2045759009680612,0.08508649125528957,0.027234354866007407,0.11064928277370266
0.10309499008690537,0.1461343211424804,0.061187048339609806,0.103330863927055,0.12014477338885565,0.11924036409199212,0.1417520647909931,0.09173235546609082,0.1133832187660178
0.10589991299945072,0.06508074036760016,0.17628806984937243,0.13272457071534832,0.08931871689558796,0.18416776577920937,0.0979700961024323,0.05696029125754836,0.09158983603345046
0.12433582838809065,0.08134662775472079,0.08628021582217542,0.1127336942822615,0.1010688563566808,0.09793431028665602,0.12497714219936891,0.16138592690465436,0.1099373980053915
0.11841709979982162,0.1564180944635588,0.07015002334910861,0.11056563452775443,0.10671689634238408,0.099999441239477,0.08991129977649287,0.1507419072366882,0.09707960326471439
0.10906832846688781,0.09490807729072272,0.169806772393178,0.05467111870499055,0.14961670388228732,0.1980434714474546,0.09713619920234133,0.020472561208162623,0.10627676740397503
0.12636395113300683,0.13868372428860162,0.08679968339740844,0.08572245114005644,0.11666500554698274,0.13036877286750315,0.10804281308834907,0.07776136303985971,0.12959223549823196
0.1314746148636077,0.09147899839797198,0.07055429143918313,0.09328680749653095,0.10079326726916354,0.08907281902943863,0.11000381992369418,0.2186481378569166,0.09468724372349324
0.09348940863033815,0.1366033501413739,0.07043965298376946,0.12914038680608056,0.11208203817321533,0.14282670187709526,0.10310759651659256,0.08409895089090469,0.1282119139806301
0.10694845822659556,0.08414783085111972,0.09053119066526527,0.13611741331405347,0.10657858014803945,0.10087250758473103,0.1037293382201359,0.16164434961197102,0.1094303313780886
0.10219275516104574,0.12254061495552719,0.05670020375809071,0.13244246655143288,0.10934597759483879,0.11829203764006513,0.11066506894458021,0.1323070811664829,0.11551379422793644
0.11061030816205004,0.10919463335720186,0.05253679279522786,0.10868548676909578,0.11326350848989696,0.10437819215580123,0.12629698780175058,0.16621594044448984,0.10881815002448575
