0.14068369433879505,0.1312278339191638,0.10147589391498253,0.1099504834345731,0.10827607539597846,0.1307009334494296,0.14130018249086998,0.0805152178476391,0.05586968520856833
0.15506153704562084,0.148366030257432,0.11114669416689842,0.13390364982173128,0.10122199459296106,0.06737637946933704,0.16310231882433524,0.07778642783567129,0.04203496798601284
0.09330973218929832,0.12626075320602403,0.1061539152643481,0.07639815639963655,0.1326562235775889,0.10332766565078955,0.16077519252228104,0.12613302807204907,0.07498533311798435
0.15832791437306817,0.11844360601172306,0.125067982791771,0.08079257187629758,0.11098502321733021,0.08273594571552383,0.12347729627118481,0.1309480734144418,0.06922158632865953
0.129876832197068,0.13884325638660905,0.1088219751369237,0.1064346099913193,0.10638292472033213,0.10461181761394711,0.1448743118623778,0.0920728487351271,0.06808142335629579
0.13897055596695,0.138235472333844,0.09632359285972904,0.13397329854496665,0.10175136424128971,0.13122246144247177,0.13151107901287556,0.07053276711593341,0.05747940848193974
0.1649400880908333,0.1273439544702045,0.10694623966090178,0.10145040819578628,0.10703927803286763,0.11431226316644723,0.1331222389818437,0.08564039690272039,0.0592051324983952
0.1396640795586175,0.1373207920573948,0.09738418697194591,0.1292549510485907,0.10274577572037913,0.13100870545409316,0.13322650354520274,0.07215024315673255,0.05724476248704353
0.1031077241516432,0.15450736888065666,0.10217503057789455,0.12775034726736492,0.10321619480780436,0.08690634145839209,0.14109074965308924,0.0895342483834153,0.09171199481973964
0.06974444260206629,0.13130472256676506,0.09764009421476084,0.07591286809866513,0.11926012506631306,0.23953392093130066,0.0741437287237164,0.10977685264343628,0.0826832451529763
0.1256507149471126,0.1359422147389269,0.10147140970976028,0.16212734523649674,0.09698937018991165,0.06324802100299746,0.11354184078443295,0.11088514246969076,0.09014394092067073
0.16892278861741425,0.13108439743562472,0.10328900058880731,0.1049341632169033,0.10669562558271406,0.06979470333560339,0.12659383147589842,0.1070140095944274,0.08167148015260707
0.0747992203428115,0.14938768820724188,0.1455343116615779,0.19159597106191342,0.10088345569728897,0.05255912334842439,0.12727526029297467,0.10853948493259798,0.04942548445516922
0.0699897973907097,0.09858569023726943,0.11322891675326412,0.09750018815193988,0.11363069104341045,0.05220666965673156,0.0829492072356818,0.267434397978267,0.10447444155272607
0.0741378916515384,0.13138363906986386,0.16954089320740315,0.09831235176883883,0.12137053193098497,0.05027554633961174,0.14136777766427028,0.16207417451078024,0.05153719385670854
0.11489389462800159,0.11812860121712315,0.11646918436849812,0.07847516727149911,0.0917312684735976,0.12226247036117081,0.17871911214627087,0.11162093056994422,0.06769937096389454
0.13054827546253447,0.11879664652185547,0.11548400370275914,0.08184685953452912,0.11866330214831523,0.10830277219659468,0.14150753101253177,0.12572586662365348,0.059124742797226675
0.08108555258613358,0.12927415377014695,0.13970566131684073,0.08350779156026122,0.10873564747373353,0.1015839575458234,0.05919375640325563,0.1723950749162638,0.12451840442754113
0.12386182087859304,0.1368432334197276,0.10174733676525105,0.11767934138890727,0.11083528024364935,0.11394577688785978,0.13999535035384011,0.08876610735868869,0.0663257527034831
0.14657893709228617,0.13711488149104942,0.1038545092351822,0.11290811002102492,0.10221091928294813,0.12290429699107168,0.1392069016693481,0.07756855125566718,0.05765289296142212
0.15320937208360774,0.1428711738921238,0.07342816015540536,0.1732213303304315,0.1101758700977023,0.04707604188780001,0.15479393760464827,0.10791861429019718,0.03730549965808386
0.052810378207252096,0.10448924844548808,0.12013270435551725,0.093922910452604,0.13913845342919376,0.05056969581254667,0.02580659834439089,0.2545739900886356,0.15855602086437154
0.09058540368847347,0.08673952272839437,0.08263697088713136,0.2267689959184974,0.11260780134220934,0.027773916273944353,0.056308064932859024,0.2342934300948402,0.08228589413365049
0.15486155348399774,0.12956769379764377,0.10381257001215172,0.08073481156737483,0.10023765282296915,0.07719470304959257,0.1911231758375498,0.09525533633579271,0.06721250309292777
0.13196078046107632,0.1344766456768901,0.08815322390777934,0.11844624256137189,0.1047967245183679,0.07801100913109149,0.1795695453035805,0.08721160784911526,0.07737422059072724
0.16945497709268623,0.12320071222063349,0.08584306848201949,0.14364305392124796,0.10357564210136294,0.08960299722662528,0.14677863374344563,0.0828017799440258,0.05509913526795324
0.12685159803261667,0.13224609657941078,0.09390025566637301,0.1392163249185168,0.09424758312514958,0.04182875570505643,0.12792931982486658,0.1166145878536367,0.12716547829437344
0.09510879778867914,0.14157038063261537,0.10160740373654625,0.09130156291325923,0.13675508418269453,0.1284192343548236,0.11883301729388836,0.09596881376051201,0.0904357053369816
0.18358966436622723,0.1201918611883925,0.08682106713149414,0.11299500488662907,0.10336640353757565,0.09057777702880869,0.1700930144614873,0.0827453170629236,0.049619890336461824
0.13145110183884967,0.10330693895861742,0.0953441911955908,0.15693135926078947,0.13230463188889996,0.06180232934277389,0.08113654377263223,0.17614965543852293,0.06157324830332367
0.03881109026884427,0.042183589242902664,0.14522236280479192,0.11272531143757507,0.08785539665829406,0.07386760413903207,0.006666823914346469,0.27661898858009354,0.21604883295411992
0.13029963935268604,0.1183379679049884,0.11020760141357512,0.06902354456825278,0.1064993918357448,0.06550244051860969,0.1800942619415328,0.14516791266292736,0.07486723980168296
0.13722151275064096,0.14095444496460827,0.10855809805705169,0.1282939358878402,0.10498264407788245,0.12258008099758573,0.10606811499732645,0.08246086264393798,0.06888030562312634
0.1480967992382247,0.13365481150375821,0.0923834935969013,0.11791849771837437,0.1015846949912838,0.07793988034527502,0.17133508868918002,0.08634410542119213,0.0707426284958106
0.14555138151105548,0.12858345436599938,0.11538117583756598,0.0830890326192769,0.10342697274815016,0.08017057251995939,0.16175125266388962,0.11322453228564254,0.06882162544846059
0.11840484973585563,0.08954193893527919,0.10048691128792515,0.0626323738422232,0.10781091249897572,0.1495803104985798,0.09107639082003079,0.06942948008418406,0.21103683229694645
0.12367044886592017,0.14445452793054092,0.12542918276976156,0.10769222636954506,0.09585382609396663,0.07018828799141924,0.12266689697406792,0.11834256132058986,0.09170204168418865
0.08225283313885103,0.15732678686302695,0.12915019235395392,0.21733965211600773,0.1074334080708113,0.040713222240153384,0.1104193332320456,0.10024111033032301,0.055123461654827156
0.1460377233721858,0.1231500931214789,0.11142870307972812,0.08167534239799529,0.11632420624249541,0.1083144850699385,0.14549376730240762,0.10438906378369707,0.06318661563007329
0.13999956542918923,0.136246156821114,0.08984090166930281,0.14995075091160134,0.10196388367328607,0.10078020587615104,0.14137669888706492,0.07529573239762032,0.06454610433467019
0.14783278006692646,0.12286228136432882,0.12028173646847025,0.07302279700074514,0.11313821156406395,0.09604294948964875,0.14813324316300533,0.11253420541515156,0.06615179546765974
0.12381232911808981,0.1377292724232959,0.10129069400819385,0.12000028591039653,0.11011307135079151,0.11364147754861414,0.13911902694826028,0.0875946108248139,0.06669923186754406
0.13871138868286526,0.12216977075324657,0.09826501087170557,0.08902265347395842,0.11007153152812965,0.0771506219412801,0.18040746717500963,0.11552312739804958,0.0686784281757553
0.13879512552272613,0.1403729082590375,0.09485404829419207,0.14166067757049736,0.09970643059257928,0.13088634007459907,0.12765957271564646,0.06809254647201858,0.05797235049870362
0.09233038273573146,0.12017097052045222,0.08964328366259854,0.1707595334757793,0.09830548852156229,0.043892394254585985,0.1033360925242109,0.15648566526608243,0.12507618903899684
0.16700030481182604,0.11345809760868553,0.09512019501807195,0.08762342219350332,0.1111916752840204,0.09600828555460787,0.17418038319239174,0.10624801682535982,0.04916961951153348
0.11489411800668226,0.11711691811017076,0.09126009354154348,0.13475643966137657,0.11218911736877997,0.05304718266763414,0.12253538715758987,0.14833924723177827,0.10586149625444478
0.11081584558432188,0.156364184289535,0.12792286474957437,0.0831699422037236,0.10394718130557772,0.08460392314162597,0.13318050519990543,0.10036784682226539,0.09962770670347061
0.12250961578802029,0.12609722285675543,0.09161526978759289,0.21193160539441172,0.09717407868128325,0.0650246927884229,0.09140867999873299,0.1104387170303421,0.08380011767443839
0.14115217877066674,0.13377912840412157,0.09973655372676933,0.11753824268083275,0.10584641759141605,0.130901538268022,0.13799817076730433,0.07665271383114858,0.056395055959718686
0.0625058744873162,0.11524583806884835,0.13287937862596752,0.1147295177680722,0.13548432532294774,0.0666913395269297,0.12341113785877189,0.16072171258354728,0.08833087575759917
0.14040741338672194,0.13423162453949297,0.09953059037238192,0.11879959921716192,0.1055829568611164,0.13095786162113718,0.13772673223669676,0.07623416114641939,0.05652906061887152
0.08935113956940383,0.1262127095557109,0.1228597285274216,0.12442778192805837,0.13200004042460098,0.04320219374989611,0.10882115664570008,0.1891474301427752,0.06397781945643288
0.1513434451576174,0.11704850925081034,0.09253873208410157,0.16779048394282362,0.10930671003918942,0.0758730775020826,0.10081564209714901,0.11168170064529133,0.0736016992809348
0.11063967159541638,0.13614684513663686,0.0962696227554992,0.11671804085699673,0.111631520937152,0.08172149860232153,0.1564450930525897,0.10490677444743118,0.0855209326159565
0.11979885739370995,0.1531967431901259,0.11020630333218202,0.15729355791655872,0.09744713941117537,0.08506306493199021,0.0949423716932804,0.08901698946573418,0.0930349726652432
0.08616977086787657,0.11124350990855543,0.16124977418180872,0.12926065993969013,0.12168227237488295,0.07270249393963474,0.08780725863447893,0.15076538453954108,0.07911887561353147
0.14349343033884496,0.11887409965154695,0.10519010793412716,0.10463685944040753,0.11199060386396942,0.08687623669035505,0.13767937826074417,0.12838752594730005,0.06287175787270474
0.1554316094178498,0.13362700031798433,0.09254409001286162,0.14707509329844684,0.10102593307150327,0.12933474053406765,0.1142493615853241,0.06725641499157989,0.05945575677038254
0.14764610544283682,0.1179871806166763,0.10002518803185483,0.10738863655749369,0.12302455736406225,0.10658551993653191,0.11702917291808616,0.11039690016152358,0.06991673897093445
0.10165424869826818,0.11494974885457616,0.11396919995892026,0.06057974742025025,0.13345210583458453,0.1082985536617801,0.1676144729495785,0.13689003937597086,0.06259188324607119
0.08576060037759353,0.14044406787123018,0.13769473894968673,0.20573481256778411,0.08513631720174315,0.04009014903941557,0.08935256305121107,0.12277560745426935,0.09301114348706625
0.13135055557144673,0.1450069888476155,0.09816359207352572,0.12693962665363265,0.10088652864648369,0.12094887851014753,0.14192320269188788,0.07155917911712235,0.06322144788813787
0.09808104394540194,0.12567793922540035,0.14879436903957258,0.08511138173684203,0.11517476379099693,0.07510000846667798,0.1609350896444167,0.13901283485304114,0.05211256929765038
0.1486623817477782,0.12386324554406902,0.09898533180578784,0.1372726106434961,0.10488029466198771,0.07646788228914252,0.12850258494483066,0.11335445000869405,0.0680112183542139
0.11105201754291143,0.13689315883340816,0.11323044020715961,0.09982289833411064,0.12468476397637374,0.1195207971229559,0.10616119379224907,0.10901979582472772,0.07961493436610369
0.12123787222050815,0.13308817255232733,0.10188235089667629,0.16312723545739574,0.0960689016539669,0.05669583079944281,0.10708818716528064,0.12347097073591838,0.09734047851848383
0.04471890815106675,0.07961840424431371,0.13496741462484751,0.17779396579779835,0.0959320859172502,0.06128191174768299,0.06677366425327191,0.22456919039186263,0.11434445487190596
0.1875783450180766,0.1302608411480743,0.09496686157477667,0.11213491988085866,0.09587061125259165,0.08528393490529805,0.1640459881773415,0.07538032114213526,0.05447817690084733
0.10614909679686087,0.14979629631659228,0.09524536601477977,0.15567318633603594,0.1043578655283981,0.09548759109769804,0.1267435266979495,0.08331229790016582,0.08323477331151974
0.03576948710722582,0.05219847289112256,0.08936362264072607,0.04152632130738715,0.10976160212451425,0.10324180047559783,0.047039781532746815,0.15107571629916625,0.37002319562151326
0.05025111592498458,0.1654694314012251,0.17568663571993692,0.161391431492599,0.10184076794366918,0.03646858614081445,0.14230802226421416,0.12020582310906747,0.04637818600348901
0.1462605523802217,0.1443825682756172,0.10109703685891229,0.13113194439417944,0.09568073526514552,0.1183580805444139,0.13314440831959787,0.06999425573831206,0.059950418223599956
0.14337350075238647,0.11997511059566957,0.08045213917826617,0.145678355216985,0.10311205811210188,0.04927255488738188,0.15626305914357122,0.12017631474788566,0.0816969073657521
0.10111927829378975,0.08760307661998523,0.0769200354130573,0.1373571216257466,0.11559773377040883,0.03545428253663119,0.08693365987930407,0.24125148181746559,0.11776333004361146
0.11238514239958158,0.12560188382292412,0.12452022481080527,0.08320152605080405,0.12322319569779257,0.09658096087066109,0.11370300065335083,0.14230665259941008,0.07847741309467034
0.09538173743755085,0.09952279337592741,0.06551413265615928,0.09165259059478277,0.09037604088663259,0.06391334539927528,0.12650731139347915,0.0632666737507113,0.30386537450548134
0.06756505389057123,0.06438654933803793,0.07877873798842706,0.040882822523222,0.09735081627924254,0.1330153594079539,0.043245701685759176,0.05258035155002788,0.4221946073367584
0.16343402535228377,0.12099333052540891,0.1055699629912238,0.0849946597819607,0.10723590522465483,0.10046159916258568,0.16399288151747418,0.10030099500171956,0.05301664044268862
0.1736033597800081,0.12483720697019463,0.08489423190224836,0.13549403740353141,0.1014304832865633,0.10290203379345136,0.15418038889355265,0.07169261884458857,0.05096563912586149
0.09899711386724915,0.14260698434460617,0.10087766775723582,0.15531618311142006,0.11267119114234452,0.07490341081164671,0.08427408579353217,0.11107734759401722,0.11927601557794822
0.14844719687082467,0.13058630311274252,0.09625286988876597,0.1070447087304109,0.10574816867104375,0.10657315221112636,0.16484004270021846,0.08179274556538361,0.058714812249483855
0.11273012410504936,0.15041217210342087,0.09317739671637353,0.14015345905920157,0.09947085905564218,0.09029373290320108,0.15961739944055223,0.07401883592547019,0.08012602069108894
0.14306879091701544,0.14713618387544306,0.13482858627321248,0.12476782633012455,0.09721453481836839,0.06298991701657616,0.14947740204218962,0.0881762094392514,0.052340549287819026
0.15762033964920183,0.11916434876577693,0.13996457977378848,0.07184411476701516,0.10797467651261673,0.0784939850285818,0.11591057102580475,0.13619701894719058,0.0728303655300237
0.07430080868657006,0.11041763580244841,0.09815608247434408,0.21313259179456953,0.09441808725877975,0.027494026054171766,0.0782802062719633,0.2144109880740959,0.08938957358305728
0.14879778245791217,0.11863021591115369,0.09055014670806681,0.10995853293912788,0.1129683444076131,0.09127771597938088,0.16619940250340573,0.103070516640641,0.05854734245269864
0.11965327882107026,0.13853097378796922,0.12747742741825635,0.07128750741117053,0.1147478496626122,0.10560442614378447,0.14049616355326866,0.10577836866618667,0.07642400453568172
0.12694320185285948,0.14937213822042528,0.09790204703137212,0.18787857321840076,0.09413573727928948,0.1099616709452075,0.08738011951873265,0.06973020857605491,0.07669630335765781
0.128746039812629,0.12955513652273087,0.10646619266214578,0.1226008806380516,0.11128903497728622,0.10346108589489218,0.12369671849260154,0.10729347743018884,0.06689143356947405
0.14254149133358948,0.1391216245214816,0.10019799106336008,0.12529919978093998,0.10061905584949538,0.1250299938481287,0.13606795205134714,0.07290010343032642,0.05822258812133119
0.09919262772731419,0.11113333423318943,0.17492772571115803,0.08165938267130703,0.12571314881798654,0.08547788439971264,0.11264325841290627,0.14427360222389024,0.06497903580253565
0.0875388577163209,0.10953080772023172,0.16007874926286228,0.12296746555453868,0.12721195332483393,0.08715446744335363,0.09423261471043,0.13954809119181852,0.07173699307561036
0.09897383143649414,0.12129891070858374,0.15613091329524,0.11691322967504798,0.1199325278627706,0.09317690996341314,0.0889730224406256,0.1227425658451342,0.08185808877269052
0.11094338197287494,0.1286998226270474,0.13175702551672883,0.10657726530481425,0.1146881231851219,0.08062645020233282,0.07110239898879082,0.15734070850725465,0.09826482369503443
0.13922104330838297,0.13828834958318084,0.10302507408616217,0.12924542023445826,0.10242548084515586,0.1128543052273548,0.1306415170849402,0.08149617299743106,0.06280263663293376
0.08953898624986224,0.12711554225297592,0.09248280122458208,0.07326776908001138,0.13081432848448846,0.09703096224677477,0.20309790872157793,0.10607927945217872,0.08057242228754845
0.11348986583037347,0.13998957781296698,0.10584793977691181,0.1013328928836858,0.11298901404232609,0.10405938550029468,0.15167995306068424,0.09680960518166792,0.07380176591108896
0.06164267970616725,0.13455407918066492,0.07620701599427725,0.12193897593166451,0.11350860671219021,0.05110125529541822,0.16054022553933964,0.1143107329967094,0.16619642864356868
0.12568725843794717,0.12185974573899551,0.09725270696738254,0.08457367753479535,0.12042099577792416,0.10726428554463714,0.1799321219226299,0.10220377609049809,0.06080543198519017
0.15384907180341728,0.12245358644607451,0.10219706783887221,0.10430134060809289,0.10910391344165338,0.09749319030177368,0.1491798258530946,0.10352553164494083,0.05789647206208051
0.12105066022264206,0.11485780051188231,0.1252674674867312,0.09224428750582735,0.12602716395567423,0.06914871460717067,0.1385888018650912,0.16809909249306756,0.04471601135191335
0.14929197443514355,0.13460838417245935,0.09434658455005356,0.16174972134210108,0.09836360184809843,0.089411702548623,0.1253466610078681,0.08123477645120292,0.06564659364444993
0.17627702759222674,0.10984692442655243,0.08325451167828124,0.0966409905226518,0.11155608411848335,0.08762279626499692,0.18155402006803825,0.10750623166411893,0.04574141366465035
0.13173620442204675,0.12612129117891244,0.09767249177328902,0.12268092739098209,0.11228816094487826,0.09288340085281366,0.14321145366159735,0.10584042096603524,0.06756564880944516
0.13532130659831285,0.14604643811907503,0.10394964858330553,0.11317135621635671,0.0998877538658298,0.11344620254774122,0.14777616553601367,0.07567512411259723,0.06472600442076808
0.1141362506941135,0.12925592264385413,0.09189533903186749,0.10096074914087015,0.11608568373430615,0.057636376912096436,0.15158790669080316,0.11354445535822387,0.1248973157938651
0.11741146382442592,0.11620172386553003,0.10874439227279496,0.09319125456485745,0.102656367618693,0.13133767415962028,0.12522969715942964,0.1319101784479997,0.07331724808664895
0.12634794450359396,0.1142140498196114,0.1222255875564144,0.07123352494152371,0.1193967091412758,0.09970808523057435,0.14161851731618688,0.14569037832844253,0.05956520316237703
0.1517662430571316,0.14407799530883345,0.08951502210830971,0.14827426582385503,0.11013752469179283,0.052230491632004716,0.1601544562356311,0.10433877197066797,0.039505229171773557
0.14746497127782696,0.12222900171173064,0.10130131018108945,0.09619929932005895,0.10782296121625566,0.07871163381795311,0.17374528391005437,0.10931805852086372,0.06320748004416728
0.0668767708153624,0.1604138791408014,0.12915145344665394,0.06393456613835884,0.12322308989176384,0.14060373497272802,0.06289456268599394,0.10836081336375898,0.1445411295445786
0.09225349038041697,0.13636177938279367,0.10464829835359625,0.0728469026902291,0.12582979183720333,0.10679985677436282,0.18142558173149928,0.10201056803785258,0.07782373081204601
0.11411516295999935,0.11768695120563388,0.15254374197644086,0.11620155954849846,0.12016526137619338,0.07108927502399386,0.10781604054027315,0.1304395996661151,0.06994240770285202
0.09196206447845463,0.11042077415293487,0.10793197563324154,0.09878465609364673,0.12786657905814228,0.06681600237010545,0.10051201413170814,0.19758567523172155,0.09812025885004484
0.10066945620502028,0.12596356334733558,0.11921758593259875,0.07280165803031934,0.1340944502311712,0.10757445044078738,0.12699613557966505,0.1351197501362325,0.07756295009686986
0.04366467976281189,0.07771787190460892,0.09293962261842333,0.19308049565403407,0.06453950256503586,0.023698012785994083,0.03103216931058578,0.2678193099279375,0.2055083354705686
0.10411389254452669,0.12572041557966607,0.11550660522022964,0.10939799881563672,0.11225125436642835,0.07542483122542867,0.11448402570328375,0.15659456606500874,0.08650641047979135
0.05961172038373668,0.08398738712256537,0.06181512418658111,0.16339284248959454,0.1085593688925189,0.03050930866171317,0.09771056026940518,0.252776996421396,0.14163669157248893
0.09200503696461597,0.1013380780690909,0.08847030826798552,0.12713277636648565,0.1181926871225741,0.05259733424048516,0.11179336683730727,0.2156418053200911,0.09282860681136436
0.07781543740246953,0.1453358366290761,0.1359699516211033,0.10409822408884932,0.09315514116197164,0.046710142094729235,0.06319261113344173,0.15889485117558122,0.17482780469277792
0.13791871590816832,0.13852313432764166,0.0874756508049539,0.17668108223764892,0.10112654423575912,0.08305849271980788,0.12017185540714827,0.07479190981014774,0.08025261454872418
0.14544741662451433,0.13892097626417846,0.11286157666014977,0.10518424631957385,0.10490696081291834,0.12978722325583228,0.11899573121796264,0.08075166563738422,0.06314420320748616
0.10525652364850369,0.14490036729891798,0.1025924724003286,0.14114987055613012,0.10621860756756248,0.08459382978591762,0.1242494315640597,0.10229240878109398,0.08874648839748582
0.1159574277388359,0.14879026109112226,0.10018141831667236,0.16022716596387662,0.09894871960944894,0.08764836179003636,0.11870445863477641,0.08663959942598964,0.08290258742924145
0.10201200464741171,0.14798547006104731,0.10253212728095261,0.2270618303763098,0.09143703652023599,0.08964501049623114,0.11897262420941616,0.06402289139933227,0.056331005009063025
0.12859682309535816,0.11844325545733993,0.11120718986418243,0.08724318134155533,0.12110611388775616,0.11342645514751114,0.13920738604981012,0.12215906201665154,0.05861053313983525
0.14604103908718913,0.09748773718336173,0.07796462128092906,0.10419476588614895,0.11657919869854294,0.05396473134415838,0.15302069505596072,0.18793062047239437,0.0628165909913147
0.12222795787554293,0.1352389830686388,0.1516399299385923,0.1204125777184849,0.11070147406623088,0.0700451930195606,0.11922737800901984,0.09407458092598499,0.07643192537794474
0.11075068255336362,0.1347446266031618,0.10360321073117702,0.0993766261837747,0.11893505867132807,0.11005875604838049,0.1517447046405539,0.10015802810342433,0.07062830646483599
0.12704723633233025,0.1258365950001736,0.1153379581883548,0.16581762014406934,0.10968161960538547,0.09721941081618717,0.12216667864720666,0.08574998586642434,0.05114289539986832
0.1322666967926025,0.11182646770818545,0.14102412650719987,0.054859100847361286,0.10932812592066304,0.08812488250755972,0.15111146404582584,0.1535004563169778,0.05795867935362453
0.106540664717931,0.11627104984473736,0.11507311072391935,0.13414871902716485,0.1297597596722155,0.05428954820298485,0.11600615019236592,0.14445717991114485,0.08345381770753635
0.04642356919133294,0.095590829764764,0.10003150051673758,0.09361008841838504,0.10071300571315618,0.025625071836612445,0.09887311347752614,0.3300590914145923,0.10907372966689337
0.12493100818896695,0.12268625544209995,0.09210025373075514,0.12947718423625118,0.11112487261079118,0.06984338894518136,0.14636225791809712,0.1244020044386976,0.07907277448915949
0.11876369194171114,0.13534565447838942,0.10927608976150117,0.11270170670719463,0.11111308680703369,0.09493735247036057,0.13192580324430864,0.11106254169896085,0.07487407289053978
0.11561013483286493,0.15011129354722938,0.10677174628394791,0.09341261163073215,0.10431493228930801,0.10356641544520973,0.16764051292408697,0.08271723586930137,0.0758551171773195
0.11829326812619917,0.10374187751113269,0.0891632590453156,0.17562549540569594,0.1000890923689551,0.042223119362514695,0.09223984425541816,0.1892731869275656,0.08935085699720292
0.18883671540326105,0.12970466210472184,0.09151551901231196,0.11813624263447103,0.09650880066899907,0.08613966429584097,0.1621613822425806,0.07371016363694773,0.05328685000086567
0.1312433409063535,0.14786904005764945,0.12461871707118187,0.1135377667321026,0.10903787031844765,0.07121550354791457,0.04840245008791285,0.10944696464934177,0.1446283466290957
0.15148682428684226,0.1313893326774532,0.12103710680410605,0.0808086349468758,0.10269276158863379,0.104855545466061,0.1517872106886279,0.0969830721382618,0.05895951140313821
0.09649220496756171,0.13532753585687898,0.12422680444069227,0.13067313995034122,0.11181845633922094,0.08712646981473089,0.15978636129623125,0.09678009878753542,0.05776892854680734
0.12974872585209074,0.12007968006271245,0.09650700712389998,0.11324547311371687,0.11951536360541752,0.0762997989258337,0.1342339879617894,0.12789879282181682,0.0824711705327225
0.1290562616837658,0.147215709909452,0.08743660904825885,0.1829219309878413,0.09267024994603625,0.1304488197594512,0.11033738792914806,0.0594527020927143,0.06046032864333223
0.1737168804053193,0.11313930998815146,0.0823443019553145,0.12028558516195871,0.10964902203989506,0.07900935635717055,0.16391711550514462,0.10702194738640124,0.05091648120064456
0.1299039786665186,0.11658116566927613,0.12623424379499773,0.07022505036880983,0.11489985397744151,0.09495810519824188,0.14189754123196918,0.14409077752327762,0.06120928356946748
0.07310087525861282,0.10805703699739144,0.12703309805559337,0.08378829247203322,0.12919693165037185,0.04900131756955267,0.1404889495259444,0.20671494164965676,0.08261855682084346
0.16340950281687805,0.12398684281758461,0.1093131027783556,0.09365898193765891,0.10981045865015687,0.11309304331386816,0.13562854162084625,0.09236908287189573,0.05873044319275575
0.07046384281506102,0.136829601587692,0.11721297607886023,0.09769570155751585,0.11307462701946773,0.056951569711020444,0.09200453540325439,0.17142604638625933,0.144341099440869
0.10857615751592897,0.12585005511592554,0.1281861014522742,0.12037039285448288,0.11385511461079272,0.10912325092579733,0.16020768782476252,0.09180548818742901,0.04202575151260688
0.13821070234065405,0.12190754882781955,0.10772640044129522,0.13511799125473636,0.1114100825639277,0.08093992390374609,0.09733105021361503,0.1282357953355238,0.07912050511868221
0.10890147192443478,0.1601842994540039,0.09054867068933885,0.1743239708643629,0.09362638804320415,0.0996899537255082,0.12602720849643517,0.06625455043013719,0.08044348637257487
0.13820806802332852,0.12996944538418398,0.11020566086689831,0.10310097606444228,0.1096446305778045,0.11006391871204056,0.1369734407144206,0.10017285142023674,0.06166100823664449
0.1818509913199927,0.13966471447479276,0.08930189384817089,0.13459061221532806,0.09826933488343335,0.07594894332171656,0.1345749401464258,0.07842175208718331,0.0673768177029565
0.08626950132324485,0.1371237709815919,0.12194628561410566,0.0857727748659247,0.12147210213486966,0.07545734706562711,0.10986341952713945,0.1520625469225046,0.11003225156499204
0.08659922424654794,0.12077032007770634,0.1423340100097966,0.082211805285808,0.08640080154111114,0.0766001455540992,0.11233585193969124,0.18815731355550072,0.10459052778973886
0.058855574975681245,0.10310636544030065,0.10062719056329972,0.07645908308339297,0.10736476926200822,0.03645665258675133,0.09709484634799859,0.23688862766468408,0.1831468900758831
0.04470874861415317,0.12372709581179502,0.0917684299527561,0.0808946657235952,0.1300986410033844,0.03951337555015899,0.07681664164625582,0.1834387365102443,0.229033665187657
0.0970293171827253,0.1485213103699106,0.10901258829180345,0.11521383195299524,0.11540410775588061,0.07449563479138892,0.10239661111116483,0.1139653300823898,0.12396126846174128
0.1469967618908775,0.14051072021625446,0.10291203173080854,0.0880230057907066,0.11183848679510372,0.1046248581271152,0.14596903338359268,0.08491565727841373,0.07420944478712754
0.07491299352419713,0.1285486026584976,0.10544229241626406,0.13185053674721278,0.10752036767202335,0.056364957879857534,0.09673335685047357,0.173859791846991,0.12476710040448295
0.08171509345668539,0.1508608430610624,0.15110439174773801,0.16806810580621478,0.10091221409414469,0.03998217829556646,0.11800159953425537,0.14190144089058845,0.04745413311374439
0.12513852681467225,0.10715511106312443,0.12324845467141719,0.05948236022571592,0.12438646472681314,0.10751544105083959,0.15215000374333962,0.14839871290448814,0.05252492479958961
0.1455458058250654,0.12057950502225194,0.10820814504930214,0.10208591349247143,0.10924621404910206,0.08302873223559987,0.13916855778144255,0.1277153579634682,0.06442176858129642
0.054675699954693104,0.09026722817283388,0.13792464222869985,0.08933332821328994,0.10614072797689379,0.19898861155686343,0.0658146516706214,0.16946527665647407,0.08738983356963048
0.13877679706390286,0.12648066089697582,0.10479765637334441,0.09715873677237195,0.11285157124294966,0.12977663834324213,0.1461357006022492,0.08911164228684422,0.05491059641811968
0.08494133060483662,0.1322568017487243,0.17881174466325908,0.0803499482229415,0.11887591454583189,0.054118014981654215,0.1380677023295208,0.17411404460970661,0.038464498293524975
0.03884850730577835,0.11183839174314492,0.1445420861981722,0.14733302063525452,0.1427925819556977,0.029626944266941128,0.10364594696964875,0.14284846759206404,0.13852405333329845
0.1415102958977418,0.12183798767379132,0.08033368466978089,0.10203750384283294,0.11078805444456431,0.0815960360832841,0.20624181086093354,0.09138483317775249,0.06426979334931858
0.07430183157244709,0.11281388734245922,0.09789924386993759,0.1008218770793946,0.12426747297848534,0.058544592894025665,0.12154017992736597,0.19850723653911664,0.11130367779676788
0.16353232685040966,0.12064661676468419,0.09965200711667567,0.11224865159775708,0.10448514071132341,0.07031179404491052,0.14667046001979145,0.11922825704825281,0.06322474584619515
0.11892621846829275,0.09692851322636864,0.07239298635014253,0.16005861158427837,0.09493066277564077,0.08436369048206861,0.07934193868173793,0.06694236101672485,0.2261150174147456
0.06562269271549778,0.12713403916315677,0.12538433127649604,0.1750306885273861,0.10398670411996723,0.0468015740626331,0.11128779193837098,0.15079585383376445,0.09395632436272755
0.10342226462167324,0.11617806446473816,0.12141553047529985,0.1372470916919664,0.08603106249337437,0.04142983708230016,0.07787461554564057,0.19793265984330352,0.11846887378170375
0.16110982355491013,0.13328655612614515,0.09311425339918626,0.1434640317751959,0.10259411083730836,0.08968419073859074,0.1308395490015478,0.07703990543519318,0.0688675791319225
0.14166642456009657,0.12062782103580023,0.11246463184537764,0.10338931201977568,0.11468555459997716,0.07024257300647868,0.11756551211781557,0.13553318524747585,0.08382498556720268
0.10922735970785354,0.1248956267155995,0.09690467530364771,0.09011639218516042,0.12358120727706157,0.09536173159171858,0.17396165250533194,0.11330929631917597,0.07264205839445077
0.07826253607450574,0.10459688919686767,0.1294606543955066,0.07054022544866309,0.09669695759031748,0.04476493469082756,0.10490024828114959,0.25055515565488623,0.12022239866727596
0.11488501180746857,0.12059595489576103,0.09243141712873464,0.14217328173485647,0.1065264159734091,0.05567146617902178,0.1273079557972726,0.14626138540148204,0.0941471110819938
0.09758535101422057,0.1085747721160039,0.08245453275207063,0.11544578987506897,0.12888428486133816,0.059463054265495384,0.1383732193085814,0.16694471994453788,0.10227427586268305
0.13953461961516866,0.1356298269290952,0.12251657706565577,0.07672525406604365,0.10274511242008051,0.09871736895075944,0.1604550927924472,0.09839091496969928,0.0652852331910503
0.05999631898589434,0.11249847873206738,0.10371257642142177,0.14248214986706428,0.09443371175926159,0.040725071546475596,0.07154134152728658,0.22104923435478127,0.15356111680574716
0.14985518881756343,0.11727418137212274,0.10896048421152373,0.08585232888872134,0.1115547836390816,0.09086903189298928,0.1533337120376869,0.12445576399407522,0.057844525146235774
0.10992416180633723,0.13786701098410728,0.11165356088100754,0.0996709896779457,0.11232212728205355,0.0900768838379078,0.14234872442001748,0.1148866600054282,0.08124988110519528
0.10488080834680003,0.10196901939410093,0.12715714115292118,0.06523202663369554,0.1375413537784608,0.08008292318482017,0.0957722070339669,0.20592585080393389,0.08143866967130062
0.09897166629410971,0.13449475355081883,0.1040690325799074,0.20294395444309507,0.08581939127025384,0.048915752323235806,0.19163234324822342,0.09413808994396483,0.03901501634639113
0.031417849851818086,0.0563299751368743,0.053967277199201046,0.03089164357685284,0.10866648894519453,0.17387808127963048,0.018740746626738265,0.05334479408004772,0.4727631433036428
0.09284642190194971,0.13576406330465954,0.09451929541633981,0.12023463192050776,0.11381800789849737,0.07055597952340414,0.14799960680760352,0.1200758964975099,0.10418609672952817
0.13191112445698092,0.11734019477216971,0.10010354296516648,0.09155066900031095,0.11996897403246536,0.09713407888677782,0.1592600440007471,0.12157678824471224,0.06115458364066944
0.09294943944905358,0.12810708105120353,0.14921524955583254,0.10252070203208574,0.11188760183104134,0.06617256292705087,0.14626116707608114,0.14462802522176604,0.058258170855885305
0.03241727827561796,0.11647904324723242,0.15178021585384205,0.1841600572332508,0.06751454467470656,0.015529741967939029,0.07084347330057017,0.28423978954613105,0.07703585590071003
0.12377027103252396,0.13806304611385645,0.10085006854899718,0.12167443997898664,0.10967852345953812,0.11393454490655647,0.13889348569442223,0.08647315337415934,0.0666624668909596
0.1359229724869697,0.14055119370445113,0.0884453839105858,0.12893360357534434,0.0989667529356757,0.07618811024512162,0.1737472535796087,0.07842021636316,0.07882451319908305
0.14372365475569013,0.14104671305087527,0.10746233418503037,0.12410124518638405,0.09951512855615828,0.1047943226220462,0.13086389996971096,0.08366358027857368,0.06482912139553115
0.10925745673740687,0.1298279526241635,0.14790262325838735,0.0812511222721456,0.11095459594443557,0.08267374736356914,0.17348550905406634,0.11535256290041714,0.04929442984540857
0.09084876373641289,0.12898172059569588,0.108339029774644,0.10408408991989503,0.12451810552903618,0.05883182982080317,0.07771127764470366,0.16089463914418045,0.14579054383462875
0.13217978952158113,0.1284688156193029,0.11093098646938482,0.09634673650779661,0.12281685813473331,0.09199357637302623,0.11565525932823084,0.11573867494055733,0.08586930310538683
0.17689327626942877,0.124424925211667,0.11456436821687412,0.09677168843537325,0.11239952766109333,0.10290509859792159,0.10847044965316337,0.09582217351319243,0.06774849244128622
0.05612568816968525,0.10592827238909575,0.08919369317211572,0.13326299188511143,0.11883378109620317,0.037112293939478826,0.04570911794823063,0.2141908888381162,0.199643272561963
0.13335033627277199,0.10927208181677567,0.08157187339123674,0.09817137557696536,0.11101013105496445,0.054652361010725466,0.1789804061141235,0.16331910821153728,0.06967232655089954
0.12811482802290763,0.12245299459372361,0.09930855635932001,0.0999803226943289,0.09989715371102159,0.19750070256869465,0.12362458871184517,0.07352589064872779,0.055594962689430594
0.12353287676309758,0.14252663779687405,0.1126683681993692,0.10385831158117093,0.09459349290047997,0.20287633897357715,0.07521654201911188,0.07391604443913284,0.07081138732718638
0.09368822786999882,0.12474228505630823,0.08894475203957826,0.13176710966827068,0.10932869250688786,0.05457838180048902,0.14055344548775775,0.14189153220047512,0.11450557337023415
0.16037522947512647,0.1257397680155784,0.10380693054495858,0.09005964560754531,0.10190677464664044,0.07040758594155005,0.17114647374962308,0.10969689578463719,0.06686069623434056
0.1155618189165523,0.15308655813025043,0.11038120681212611,0.12990948078291928,0.10248626765537744,0.07936476042942364,0.12730600003469394,0.08362155210765043,0.09828235513100646
0.13669326751061242,0.1417226449354023,0.09319319435025908,0.14982062105598246,0.09828275912809818,0.1310093342377039,0.12482552319170619,0.06600000716286426,0.05845264842737124
0.06597860496296538,0.15718184792071346,0.10060992138079755,0.07844947172416039,0.14353334755186972,0.19328476325432228,0.03487486816673385,0.09148112725728608,0.13460604778115126
0.11506453719810981,0.15126528351475077,0.1108158170436259,0.08762056302984784,0.10221184307889548,0.09776358903382681,0.17125072718913756,0.08503799425165494,0.07896964566015081
0.08797541992053093,0.11211054333985537,0.08286265983745127,0.1508198107592149,0.12875031736929685,0.04912599571409623,0.05022845419592691,0.17270893992875327,0.16541785893487423
0.10546139938797466,0.10386722358705756,0.05614801587683088,0.1123533976534923,0.10944641168351858,0.04607818533411423,0.21365466520930973,0.1846434492247145,0.06834725204298754
0.13153035771106722,0.09738463733715959,0.07598947026234242,0.17909000925204044,0.10814837740135852,0.040344082618316866,0.10029496869963862,0.18180724023075337,0.08541085648732295
0.14325460207430987,0.12613261742829152,0.09504388193493292,0.10455362291536058,0.11082141024428545,0.1129657565523186,0.16484043048033425,0.0854329234985779,0.056954754871588825
0.11325171581891748,0.1276271061122359,0.0961046312067129,0.1798039405495754,0.10088450918646318,0.06245129836484531,0.10220543419503646,0.12575842312214988,0.09191294144406349
0.1353446835513932,0.1425136750212181,0.08965521987644232,0.1757455691562068,0.09880663999699764,0.11226452318115265,0.10836206912421859,0.0665818721341483,0.07072574795822231
0.15435178206475716,0.1154552191875501,0.099651624050254,0.08810285136015748,0.11485705949832632,0.11223521369155577,0.16202290447039291,0.10272347075224009,0.05059987492476619
0.09715177148950054,0.15349226326443924,0.09192727225498591,0.17329031163337713,0.1018679750271475,0.08680983292919196,0.12089143063715048,0.08182951670663108,0.09273962605757619
0.16816415886625444,0.11521605005745729,0.08507388281116146,0.1376118370724119,0.10322640163382268,0.05189407923864072,0.14468869744353016,0.12974144594960088,0.0643834469271204
0.13290958505962402,0.11791480379482233,0.0913097391810513,0.10271869882866164,0.12670048724467775,0.08182207152828257,0.1389132387387845,0.12270990233483058,0.08500147328926537
0.11795561047013532,0.14410989975165242,0.0976814206699173,0.15570742939386792,0.10355518541720538,0.0995430734957707,0.121059151923516,0.08490075796639755,0.07548747091153746
0.15153186006812633,0.11882946562591239,0.09446531537156887,0.11404864093213635,0.11686967315295776,0.09699494626664444,0.1395296027837142,0.10321579180531724,0.06451470399362245
0.10218884965937859,0.14185613877527944,0.11509381956883685,0.12433487771375297,0.07173560809394465,0.08518664550477519,0.14988285331523346,0.09918315647693028,0.11053805089186854
0.14468381634238428,0.13504604373957466,0.09253509456670252,0.1273109404281134,0.10875398753409697,0.08692542064589177,0.13592605781054445,0.09591551016798261,0.07290312876470935
0.0408536437459144,0.11510436460209716,0.10847330160454603,0.046957846171464784,0.13237219329841898,0.04191193491735982,0.09846241112739688,0.21226642078571997,0.20359788374708196
