0.21099322241373888,0.1673930745362827,0.14332788423132692,0.09594751052222224,0.04893057036052337,0.1010497835769718,0.06404387775744878,0.077297916201392,0.09101616040009335
0.07531634362561497,0.08488884968718181,0.09594225290119507,0.1276068770318073,0.16117321984639,0.11847119958215911,0.11679474967135921,0.12372219501794281,0.09608431263634974
0.18580941214480898,0.08212990746859306,0.15222742449092355,0.11631049733993988,0.07100600797720434,0.10691799841722799,0.06052148585167341,0.13097619531617172,0.09410107099345712
0.10177545466223974,0.1870738156593511,0.08786386104093198,0.11065861850254692,0.11034349913733134,0.09591320791847018,0.08752275703169964,0.09726563085486901,0.12158315519256006
0.1671969683937666,0.11676577949905953,0.07637882095438868,0.10815223268700404,0.13230589817677188,0.10712067573670991,0.09046272496254994,0.10362892485693583,0.09798797473281362
0.09301301765463388,0.04575408271633008,0.20631825199324005,0.11615693454331226,0.11528475539408173,0.10117498894181842,0.07726428017499777,0.15328173818488186,0.09175195039670388
0.14456933369958044,0.06073491933205796,0.10718111541309915,0.09347576672365444,0.09127113946740717,0.08463949808690478,0.12907242056132565,0.16109225403560296,0.12796355268036746
0.0897826712782994,0.22286250157904455,0.07480342009954548,0.10267277191893905,0.10194095318180967,0.1038130780944349,0.11584037665487389,0.10117013303005433,0.0871140941629988
0.10878382558008064,0.058777752078624595,0.10252812691797064,0.13333583299007293,0.14351224510989194,0.1075984018708482,0.10988978434201664,0.13226255543823462,0.10331147567225975
0.15214982321119006,0.06297952951354925,0.1390332133911654,0.09982225859123683,0.12284279730328186,0.10226993594872585,0.1101022946174488,0.10658184440155105,0.10421830302185087
0.10678900343153962,0.07057451488006604,0.09836635865807425,0.13753152294480445,0.1382706004634654,0.11250313832609467,0.10497068995035148,0.12997405826086061,0.10102011308474346
0.15934568280938496,0.061887947606895345,0.13247988940534364,0.11438654847429575,0.12376053048065772,0.09855442168580779,0.1054590013566461,0.1038506916103535,0.1002752865706152
0.09127693814313054,0.06114426349436908,0.10582006351914357,0.1450901447600961,0.13609178469501051,0.10610866057834141,0.06505482790510962,0.20210548158537942,0.08730783531941978
0.16905105269766207,0.0853151714529841,0.12690473307311997,0.10164076861006338,0.10513663193331767,0.10722157484008936,0.09583118801199396,0.098919181037323,0.1099796983434465
0.10609717815270257,0.09989120623833168,0.15162155818416054,0.10166021351970984,0.10042135362699926,0.10964109494903174,0.10814028061419416,0.10984064214737572,0.11268647256749442
0.10944542998907818,0.0557858595782057,0.17024975902450434,0.10487497987659235,0.10813720888482975,0.097727837417021,0.10830284739984203,0.1281482142009619,0.11732786362896475
0.2075296317410311,0.2095241918966746,0.13940454151705717,0.08883719910180243,0.043392457487248993,0.08709980807611882,0.0418904548179179,0.08945746494710334,0.09286425041504565
0.07258141401056899,0.2581677007404807,0.07358168489613337,0.10846119326542587,0.09036600487113355,0.10902207207184271,0.10224981063935874,0.1024206632507525,0.08314945625430364
0.08859020095129572,0.10623781710827862,0.15379104722658757,0.10738521038488076,0.08451610578062886,0.09328151525188405,0.10368844678373558,0.14167533213725741,0.12083432437545148
0.238937869414564,0.09913080682343804,0.14457240774288865,0.09591254362827022,0.07448650736525074,0.09504645216458839,0.05919650560371733,0.08489070728265319,0.10782619997462954
0.12237194051332752,0.08636849221587388,0.11384441604484029,0.112124483702699,0.12761034900799365,0.10993457374438738,0.1037520321121078,0.11286589618078176,0.11112781647798875
0.09927443929774955,0.12049533475237868,0.08163797567646265,0.1175931896668263,0.1322672952199743,0.11149352407319173,0.12621316634058402,0.11424441009633907,0.09678066487649369
0.09824658315304362,0.11027333661423659,0.10347396977866764,0.1335189876351491,0.11567949317366033,0.1068475632703274,0.09638470959441592,0.12744015149353075,0.10813520528696861
0.10272484322353333,0.06094951003876459,0.1030739947543664,0.14372267170910988,0.14153093840275882,0.1109249123110783,0.10120643669987517,0.13218345493811726,0.10368323792239624
0.22628561159342228,0.051683467926808,0.08360034816839003,0.12902643983788328,0.12547649662713806,0.11360763559353361,0.08770559587637995,0.10457160293149402,0.07804280144495085
0.115374769699588,0.08512725970135653,0.14300828190921258,0.09837748456503648,0.11162481528130834,0.10313377924933857,0.12531165302747507,0.11077386683262741,0.10726808973405699
0.08484859193711473,0.06412736215804332,0.11938886907422873,0.13674878266399584,0.11940896732476412,0.1106899417849408,0.11595566813206322,0.14165157978970433,0.10718023713514495
0.20280931742447317,0.09717701828391062,0.162323549809492,0.09229239059550458,0.044856876902601685,0.11406302877257546,0.08085778310452497,0.10615319976365577,0.09946683534326173
0.12406110101955777,0.0649769713080678,0.08928974222497955,0.11855020409556315,0.15372274789675336,0.11309592505436443,0.11794060015637357,0.11357060394708048,0.10479210429725988
0.09588466759699506,0.1191324306875744,0.11358709231938884,0.11087616573072019,0.11438083649178506,0.11654387520678584,0.10483872149080091,0.11559287800011907,0.10916333247583065
0.13871290560153154,0.07513598836878098,0.14861134438959075,0.1064375903807639,0.10574037052488028,0.10193285712331379,0.08898110283445075,0.11727102830974058,0.11717681246694733
0.22039369808506204,0.05678871807375637,0.12604125178948986,0.10872996283905911,0.08491858697512895,0.09899201372204963,0.07662048212118479,0.11254546596551403,0.11496982042875514
0.08072832625149069,0.12948343516088817,0.1585119830076386,0.09848913714630474,0.0510589024185522,0.08491687649543221,0.11149863382346602,0.14966502040873733,0.13564768528749008
0.1992406362048542,0.09346473187038172,0.10760246403159159,0.10900008861490355,0.09424761344634393,0.08907303948022512,0.08256161176255013,0.09069118624174823,0.1341186283474016
0.07762749964770001,0.22756822317368766,0.07963970729815423,0.10827535816094254,0.09751579333322702,0.10825473067707614,0.10402142680031061,0.10612962125298953,0.09096763965591224
0.10592964208317095,0.08706567354873261,0.11774117287250858,0.12999670465381483,0.11630206968265154,0.10458130374873979,0.08808417544759521,0.13105774999248657,0.11924150797029993
0.09516142298054414,0.11193956559819494,0.0855707965578294,0.11403585293017016,0.1358515149954322,0.10911068982429191,0.12759106105520165,0.11835630460672077,0.10238279145161484
0.06081252583336655,0.3568180994916983,0.058869899947931646,0.09961474759856868,0.05754330664677502,0.10473204874656096,0.10768388008917971,0.08475737673307837,0.06916811491284074
0.17859193362722528,0.11810506985491337,0.1696747125142145,0.07024637552206404,0.052420904369946474,0.07878039807165844,0.14850033206598337,0.06490010239106365,0.11878017158293087
0.06077380893837488,0.35700723950509294,0.05881118862143637,0.09967033558418996,0.057719393625647736,0.1048824014597348,0.10728467477925956,0.08473025915646719,0.06912069832979659
0.26612861695877116,0.07125888196185172,0.11928969266797833,0.09981751290833274,0.0861779236945216,0.09285215754351113,0.06168133754120958,0.0916627380822758,0.11113113864154794
0.1805125177788867,0.15926694141637643,0.07429434838236254,0.0941879891784964,0.11559918923143164,0.09168702672715638,0.08337918232648926,0.09077114844495492,0.11030165651384582
0.09511515343210941,0.13855723120917343,0.09974126148186979,0.10845256013793499,0.11670302528397551,0.10926310996367032,0.1145264839301056,0.11389385752673485,0.10374731703442606
0.15496200564729587,0.06344599267607581,0.13876032696502824,0.11802081690692347,0.08916949580820288,0.10609535465314096,0.08708445049824572,0.13579648264032726,0.1066650742047598
0.08261002467086305,0.16942847969769137,0.08923137000062102,0.11239513195230527,0.10992841626688328,0.11171089822604024,0.11086501065213533,0.11423733715159508,0.09959333138186538
0.10301432667815107,0.05128621263619865,0.12049703778757785,0.1637649740465948,0.10929482503330283,0.09327480500814077,0.08881655069799199,0.16914165564106995,0.10090961247097209
0.09586663695110907,0.09556077039962092,0.09674022008084544,0.11586152297923924,0.13514529186016,0.11386544251154322,0.11750174742534543,0.12104790040079065,0.10841046739134612
0.1480581990059706,0.06367760608508029,0.10820382393458246,0.12804311291393314,0.1296704857146859,0.0976215442718521,0.09512131415848513,0.1156436962362149,0.11396021767919547
0.12010069296316193,0.0804729972148459,0.10397118314165166,0.1367750471491289,0.12931601654580302,0.10658553336270186,0.09000690212272881,0.1248288237614923,0.10794280373848571
0.11503638342091012,0.08738095069451889,0.14204302824907264,0.11362082031237523,0.10467862241067444,0.10667182497428813,0.09648529506943482,0.12344802201776568,0.11063505285096009
0.2713984870306037,0.0722247997745415,0.08181218991904125,0.10505935402099655,0.09926163138916055,0.07882190563525897,0.09865024601438484,0.08995105700188184,0.10282032921413081
0.10056401499279895,0.12429043044798072,0.0883193901798272,0.13856281321653302,0.12311149458595756,0.10542756604995424,0.09378689546233916,0.12292497175599275,0.10301242330861639
0.09257211249088175,0.07505834515406047,0.14737240509587388,0.09919093185555172,0.16378718955701918,0.09915048525174248,0.10397933221385947,0.11153337804658044,0.10735582033443074
0.11705035988034755,0.09187773941213746,0.09179144894265169,0.11637819661591252,0.13499731970932485,0.11337275767867665,0.12121352824433962,0.11439605849187223,0.09892259102473748
0.08595308569525062,0.16872350454173465,0.06986223492040933,0.09711232100995522,0.06528195636572798,0.1600088746905527,0.16695577637920786,0.08026494607035341,0.1058373003268082
0.11220657640934996,0.07300748385855672,0.11056640275725971,0.11489206584377049,0.13583383483437692,0.10843184726549808,0.11737210660704246,0.11682380618257832,0.11086587624156734
0.1321999119430974,0.08028170901976221,0.12106764102480923,0.11869050259440618,0.11125855702695907,0.12539960773745074,0.09434668164941228,0.11060557130432074,0.1061498176997822
0.08027140152210822,0.05876398834973578,0.1275453126036825,0.10758308193448596,0.18809951607432596,0.09839257142182817,0.11971928598605304,0.11902045602933749,0.10060438607844295
0.08217885031953366,0.13936046472975472,0.09240694858920519,0.11928854062667833,0.11315239042489221,0.11947585222059624,0.11495364092339827,0.11924662986933655,0.0999366822966048
0.11743921594522282,0.09612396693068537,0.09452816986304029,0.10876192873782703,0.1356610711173943,0.10644607757274431,0.12494395140772473,0.11372716549894084,0.10236845292642031
0.10788266500221712,0.18764148186818744,0.07355808381278722,0.10551602773058329,0.1145613054926019,0.10445092034202047,0.11389481858488182,0.1027480787462734,0.08974661842044736
0.14179206984950118,0.0523116113354181,0.15446310925906967,0.13679221796577815,0.08341213362032414,0.10035403050686276,0.072948814797929,0.16243270008308217,0.0954933125820348
0.15516041928929517,0.06816124741746872,0.11999330833642195,0.12373306870428591,0.1237494461610461,0.11157051541014774,0.08240641583842019,0.11488319916594213,0.10034237967697213
0.07875977001644958,0.13514006484430466,0.11995927560419428,0.15589730568793056,0.05340149534377229,0.08969627136194845,0.08844898398887478,0.16083757708127858,0.11785925607124681
0.08761075828664998,0.11479983117803642,0.08923574815513664,0.11378546992086208,0.12580739842526598,0.11352246857030117,0.13798997995898948,0.11884437516460726,0.09840397034015097
0.1127275275148326,0.08626058399181229,0.12697354719311346,0.10119211787990752,0.09093373612594867,0.0868214857855296,0.09534293066701181,0.1888564997823813,0.11089157105946267
0.07460192088928157,0.11797391725916305,0.10444135950543719,0.11227921272668984,0.1342530529975431,0.11682713891732648,0.133839860171479,0.115422391317118,0.09036114621596177
0.17142822602580846,0.13525797276979945,0.09750526472393256,0.06997802662945878,0.032431513129175506,0.1280982787473658,0.1462850696296054,0.08155228721415932,0.13746336113069477
0.12261554841944831,0.07848762193408212,0.10439170678322608,0.13428789931781754,0.1320523739952818,0.10621116741415748,0.0918209340757129,0.12330393767795556,0.10682881038231816
0.12014889589408129,0.12447888032309078,0.07851395080150077,0.11629505979181258,0.13381521470268595,0.11065367462652238,0.11164295651362029,0.10948888333061514,0.09496248401607092
0.06978386714159993,0.051540718645762325,0.12526239754963145,0.19882889519270985,0.07992614224278428,0.09953541315280084,0.10624799774098176,0.16686941190651172,0.10200515642721786
0.1595592083057027,0.0781892771797722,0.19336056364829735,0.09295090475347617,0.08252363922479018,0.11042904205118564,0.08910653440687392,0.09524911807299395,0.09863171235690782
0.09917607953587386,0.058488064119856055,0.11944078956049586,0.13197634080479603,0.1329502107042809,0.10492329433966567,0.10776252914301647,0.13548880524988058,0.10979388654213466
0.09788659822357353,0.09263846896964924,0.10091331644654962,0.11204621861014363,0.1292366610304024,0.11446407432324836,0.13192065353999563,0.11881837571024007,0.10207563314619765
0.17628181520563677,0.06473525214081548,0.11366156929650562,0.10752855092687807,0.12774795723341462,0.10856722398183886,0.09714867382354991,0.1067658149941958,0.09756314239716486
0.1653175226640199,0.0759643447365068,0.07893078114050082,0.11013491184505612,0.14719316503152394,0.10325666959778518,0.11162920549781015,0.10751517407229998,0.10005822541449716
0.09487052140126627,0.1160212769189521,0.1351294230452334,0.10127107237954926,0.10336131489598042,0.1103411380577846,0.11341550059410721,0.11328707616119338,0.1123026765459333
0.08236631235451099,0.12604603600221553,0.09321918153562248,0.14600248625693396,0.09912232286949473,0.10523086435101865,0.09162405606494566,0.15506442231912262,0.1013243182461353
0.15203526024221256,0.07560718148736496,0.07640978848671186,0.11684967555611481,0.14550118874659146,0.11175821380306135,0.11222752216224217,0.10908081649522915,0.1005303530204716
0.19606175916506252,0.1546820349223291,0.09148959665384188,0.10971070891391138,0.09249401174257892,0.0951942732260498,0.06457233217192054,0.09246712785246318,0.1033281553518427
0.19470347337563262,0.05807086672121262,0.10799382735386964,0.12325808150541488,0.09848630610600045,0.09886995136535075,0.09877808091924427,0.11029607649960887,0.10954333615366586
0.16611163413886718,0.14346458613297494,0.13418289560225458,0.11381282233807444,0.07315802950225486,0.09825590154113369,0.05810596764144894,0.12274629970718472,0.09016186339580656
0.14801861116747977,0.07355470486562914,0.1349613421775112,0.10055276415779486,0.09667312288097374,0.10156073092488616,0.13106333664465544,0.09774965090972469,0.11586573627134501
0.09744432455241205,0.10349202036976346,0.10386967141424104,0.111338818403038,0.12571889383317925,0.11323148830755049,0.12280713304671387,0.1178932139078997,0.10420443616520218
0.15678888942317334,0.12502470696339904,0.07310585347592578,0.08536603241199743,0.06606888334261045,0.14615575914044474,0.16800623444337007,0.07333349601831189,0.10615014478076719
0.2284069452777372,0.07331896147112422,0.1521016988975862,0.109909249118904,0.0514801390081183,0.09493022040362649,0.07116718276825722,0.10794032191763576,0.11074528113701047
0.08762551391686137,0.07312884722923908,0.14452554315359722,0.12098050046631266,0.09128076876735858,0.09266042986428351,0.12527187605766296,0.159763324141609,0.10476319640307552
0.21346199267548172,0.13211355133866312,0.10839742777177235,0.07954278104399955,0.07041836700516822,0.09325226567419982,0.10683552337916491,0.08122678927209727,0.11475130183945313
0.1037984741916212,0.06672083384185634,0.14463792217336086,0.11666432485063616,0.1437387775747584,0.11751216769095497,0.1015391767137485,0.107887812762842,0.09750051020022148
0.20585199255962228,0.04469828045131557,0.11461835115292585,0.12249398998217126,0.12070554744863989,0.08454558187357779,0.08677115366930171,0.11239388020249247,0.1079212226599533
0.15136800417152044,0.09282472473133996,0.11451981492297918,0.10954256311293815,0.12023140570610029,0.10426584112985952,0.0968350709670958,0.10043221960720931,0.10998035565095736
0.19368053917927971,0.04801553580909829,0.11276084035195116,0.10979644959395489,0.1846306184018991,0.08889162414746184,0.07401805023708798,0.0961534724939202,0.09205286978534684
0.08460873749614468,0.09946031463339984,0.10195395822397496,0.11615569963796572,0.11940462295133829,0.11598890523507593,0.14027798341093398,0.12183850604938194,0.10031127236178465
0.10984970369458293,0.07180384181459952,0.12566337363925387,0.11402133075912475,0.11865669898773905,0.11487314084950061,0.11613334101834023,0.11929109242396058,0.10970747681289848
0.09395002746967933,0.0851812062942609,0.10293517692418915,0.12765484915572495,0.13244569300221068,0.120069885277236,0.10745391647586759,0.1199488781159544,0.11036036728487703
0.20540556931076256,0.11794565355612839,0.11800605814773352,0.09290512635160796,0.09690955696377856,0.09548330249794224,0.08290429552724264,0.09138231389472273,0.09905812375008145
0.10882693845490415,0.13971555860396082,0.0979073455757808,0.10984964139095199,0.11819682336363047,0.1114088562792439,0.09616343236913628,0.11037642764196316,0.10755497632042847
0.2074992446834407,0.048412350133487415,0.15330456974009926,0.11396248571480057,0.10084485476850086,0.09450651303682463,0.07212452159052715,0.10419373998975852,0.10515172034256082
0.11976926401165584,0.0806331483890041,0.09652687084739892,0.12753097213759615,0.13708495169694218,0.1031529177536837,0.10652978969797554,0.12501249309566226,0.10375959237008132
0.17625663518455648,0.20749220664072202,0.11931660580452304,0.0843652651378699,0.07031515697574413,0.10050440446055302,0.06702149454297268,0.0791035779973655,0.09562465325569318
0.04485448116899315,0.17695384438268016,0.07702696367303072,0.13766720050389167,0.027701674460349712,0.11286977415871467,0.17735612383308183,0.1115424378614851,0.13402749995777308
0.09692268309484363,0.22691442906319192,0.06286504472198853,0.07991967904619719,0.07508000375389103,0.08752557472660888,0.07404367226182564,0.1993185175531168,0.09741039577833636
0.1782345945085416,0.06391276986796668,0.11268109738218479,0.11906387732453899,0.10351157442622766,0.10430580052260312,0.08132441953193831,0.13762980868233674,0.09933605775366217
0.14699444804249215,0.10720966472578593,0.10213723868045214,0.11308752822975103,0.11529567169640022,0.11659694677751199,0.09675591316599291,0.106592431290431,0.09533015739118256
0.07660109705457652,0.16248586556484734,0.10052152160625409,0.12188186053749804,0.09916430853796347,0.11640807302739807,0.10480463886777698,0.11628056033554952,0.101852074468136
0.08892387189411975,0.04392991819789164,0.11815467644047788,0.09264606207464743,0.10114704451372299,0.12144822167054097,0.20676925238745303,0.10245662502586576,0.12452432779528048
0.07860166283907989,0.058727418396900155,0.10893248656918675,0.12229481583046346,0.13949150209283892,0.11985351836953832,0.12883040236275664,0.1319276702936121,0.11134052324562381
0.155755309370234,0.09130172181891245,0.12006059201207164,0.11676706352876422,0.09354727092719077,0.10471133735790404,0.09490895696557515,0.09820707393081034,0.12474067408853734
0.11987327620158013,0.08917209438374858,0.0936771411825933,0.11318544494191934,0.1348437498942381,0.1170739607619961,0.12020325028745137,0.11403894764360815,0.09793213470286503
0.23517531908125142,0.0677250984332654,0.14705462812230916,0.09861029776089704,0.057710795408502664,0.11114974384790544,0.08640074154017748,0.0862459872084425,0.10992738859724893
0.12675979673253748,0.1498126836554972,0.07034131187088545,0.10975033548256972,0.1333307997147061,0.10362281694960096,0.10577573889726578,0.10613239143082281,0.09447412526611443
0.25111498946670113,0.0852502757361906,0.10993939375300983,0.10090981690631799,0.09935686341447832,0.08931657997634851,0.0672782160682334,0.09383127957954691,0.10300258509917326
0.09503910352360152,0.1769989887651273,0.07111887607737942,0.11325046156136898,0.1260252907748495,0.10772434626259875,0.10814775005132389,0.1090136314754702,0.09268155150828049
0.1775305356694384,0.06373557032409012,0.08374549943695686,0.12137030487097693,0.1487059563029026,0.09495526163358302,0.09976480964280625,0.11255914444117598,0.09763291767806985
0.27728422820040177,0.069222814554215,0.12380043670720413,0.10660223243772388,0.0518556535793036,0.10897220075906659,0.07639972045871872,0.0907465375794514,0.09511617572391484
0.21210713610622026,0.06970567014004038,0.09976944247687225,0.10130611869803158,0.10450381248487593,0.10323611655918079,0.11269365830725468,0.09519284935635451,0.1014851958711696
0.16099043308878422,0.0606666653467983,0.10651159771544354,0.10810006641752634,0.14064286040180105,0.08937932094537732,0.11472057670751863,0.1053058278508273,0.11368265152592334
0.2258013510588607,0.10597381843678529,0.08005709854210372,0.11658969455791897,0.09562617360793273,0.09147684026950963,0.07476343313823013,0.10784274447314825,0.10186884591551056
0.1023446689791573,0.11466497476618864,0.0936026137858992,0.1116466575379526,0.09798113991700341,0.12267882867427671,0.13759655467596804,0.09934160506242862,0.12014295660112544
0.17089782572105128,0.05823830638338157,0.1100486827935212,0.14015430352776315,0.11411067761247728,0.11185161998720405,0.08693167783613266,0.1110200792560923,0.09674682688237646
0.10273859522135953,0.09001180574371222,0.1097090356275791,0.14934395559548017,0.1042682674249207,0.09212815209886667,0.1484655287710471,0.08631193822960385,0.11702272128743078
0.14647913380311947,0.08068977054264058,0.10289017509184857,0.12824553237040345,0.1284796774239174,0.09749517305646115,0.08235984544552812,0.11538855566625184,0.11797213659982936
0.08744875300860717,0.08765670215679057,0.08974503172555559,0.12310548093989117,0.14096144385183304,0.11558453528683528,0.1282446587814352,0.12427847378966062,0.1029749204593914
0.133960754222322,0.13492008229389033,0.08872996946959553,0.09345515804794025,0.07925581502775524,0.11576441966710567,0.13271802108815098,0.08282804867610667,0.13836773150713338
0.07463096557631839,0.10704495350054975,0.10143110501163756,0.12534381150861695,0.11148267832701769,0.11640407116529254,0.13035193201177345,0.12842626675133229,0.1048842161474613
0.1061689937505182,0.10301583157531229,0.09511162045580711,0.11451374095945895,0.13275885232992637,0.11481713673067283,0.11396951021222969,0.11632701226002112,0.10331730172605343
0.19130293178353763,0.10463770783707545,0.1748331645382261,0.07789287431178961,0.0693309120387653,0.10053436069844172,0.071648232273046,0.0912008440294357,0.11861897248968249
0.12371950002179616,0.059049641197857,0.10309657692445184,0.10430375018201271,0.14648854671192355,0.10228685729947133,0.13555273672298482,0.1066821990821084,0.1188201918573941
0.17581889020398464,0.09506724124018108,0.11385384198553776,0.10193881991745002,0.11394072205602762,0.10880382360838736,0.08734744577670794,0.10089939867904756,0.10232981653267587
0.14628969772541395,0.0673283328373314,0.10282446227491847,0.12480722722790803,0.12244363347843272,0.09636871940573627,0.11146513274309781,0.10289206961717039,0.12558072468999104
0.09012322052934883,0.21009688195093598,0.07523313823362106,0.1081500744061008,0.11041669112801696,0.10588285696599516,0.10347923286535603,0.10519253081530812,0.09142537310531702
0.1418154695150457,0.04575337743781627,0.17072910824040968,0.09410358012837021,0.08060962190225214,0.10538824455952384,0.13300622814053734,0.09856059757480244,0.13003377250124248
0.12957717839286373,0.11105713541184596,0.09204866695327829,0.10724145739013098,0.13270588103148404,0.10312770271736889,0.10478980872972754,0.11013895897424443,0.10931321039905617
0.09155704520823989,0.10478024402050186,0.11192475304962878,0.12240465342932456,0.11788923330410665,0.11732511318308869,0.10356272554416784,0.11931850265416266,0.11123772960677913
0.05143567843592787,0.15663905553966673,0.09421489545240723,0.1617315961725263,0.041339277986977514,0.09365132172268965,0.11520137342277642,0.16411268315973554,0.12167411810729274
0.16503580535874904,0.056726410927520815,0.14191011514332322,0.12469427811392331,0.06664263675878228,0.1068386807966542,0.10605428236914316,0.11955669768478272,0.11254109284712134
0.11010952620163396,0.09517278653380967,0.10921872269825304,0.13374037862791632,0.1188994976479199,0.10943691597170507,0.09336557405526436,0.12396070522368323,0.10609589303981444
0.08774695817813442,0.09835273270321652,0.10663896050635847,0.12425355376972173,0.12231795521073253,0.11654208513840753,0.11185758230510516,0.12256055944286316,0.10972961274546045
0.0938925152537665,0.11485621233867555,0.11651862736621403,0.10359746212538513,0.11309798875531596,0.10707162490608084,0.12954549035706522,0.11557815003999998,0.10584192885749677
0.12987546993826282,0.10149815335899291,0.09605719855262333,0.11231132970526218,0.14335099958846975,0.11628905991682377,0.08553671731533448,0.10369397041502855,0.11138710120920221
0.19585729673107155,0.08786112901746425,0.09160903344620301,0.09159071668903183,0.07669928273349551,0.09453144891034777,0.16119915943136548,0.07622117273036699,0.12443076031065366
0.07007378368044968,0.09039488492082713,0.1154914908281273,0.12646693040490822,0.0907246717068303,0.13069608776759464,0.12621992515730904,0.1257686576915685,0.12416356784238525
0.07974988425332652,0.08364218448260946,0.10909868456345417,0.13092793100741262,0.07127687780103208,0.09022016287099614,0.10478606908333377,0.23078531514053657,0.09951289079729879
0.1852700449763566,0.1639525515048862,0.1482773765157698,0.06640278813126589,0.049759112221167905,0.07552927571015305,0.13053865689275182,0.05727376917370156,0.12299642487394719
0.133960754222322,0.13492008229389033,0.08872996946959553,0.09345515804794025,0.07925581502775524,0.11576441966710567,0.13271802108815098,0.08282804867610667,0.13836773150713338
0.08591030700587898,0.06553365565419665,0.12614273892897718,0.12768588074649223,0.16125236935562562,0.11995845801619388,0.10627157463033049,0.11057733797482666,0.09666767768747829
0.0933780805247169,0.07468939072770915,0.10975575019244439,0.11992663165250926,0.16748173389557067,0.12460316910689088,0.10519830743453917,0.11429330937895299,0.0906736270866666
0.23456375824047812,0.10277110127604909,0.1097070183780955,0.09357634554562029,0.08781147429127623,0.09716757013784764,0.06460904970575901,0.0946686961780558,0.11512498624681844
0.1113932023248545,0.07273840997470649,0.11507358064346392,0.14452599074192038,0.1223917106879759,0.11768372906150097,0.08917421856165213,0.1228013736313921,0.10421778437253354
0.20540556931076256,0.11794565355612839,0.11800605814773352,0.09290512635160796,0.09690955696377856,0.09548330249794224,0.08290429552724264,0.09138231389472273,0.09905812375008145
0.10734311996759523,0.12954712646868594,0.18271098603874847,0.11804036322486054,0.06410588896314835,0.101105978900955,0.06187434460319006,0.12554194221442436,0.10973024961839191
0.08939517152005261,0.07130844074578109,0.1263621054465979,0.12216071549503744,0.10472061920676233,0.13422496887959304,0.11180866832399887,0.13129394024614394,0.10872537013603274
0.10727804071306069,0.07490496093580179,0.1268896787974967,0.10820734965393591,0.12392846625696465,0.11421559862827728,0.11808371172572156,0.11714736431794233,0.10934482897079906
0.10262483697967317,0.15665471672237266,0.10547522069409392,0.10561363826729737,0.12887749909857113,0.11365488077292445,0.09755627787442933,0.10770265342392711,0.08184027616671082
0.17063128886268553,0.058321353569677124,0.11471971101214527,0.11323672365456895,0.13252547770775883,0.09415687042938954,0.0884154392372702,0.11647136701871681,0.11152176850778776
0.2341361528430851,0.046967142644204284,0.10973174428270856,0.11422348958047944,0.10575044710480395,0.08271529176535752,0.11100286368882983,0.09156128287372996,0.10391158521680131
0.09888273844026078,0.17826032107465603,0.08682435115744304,0.15507420823394677,0.08278068803062204,0.09376058904642366,0.06990174205840345,0.14286696112387157,0.09164840083437266
0.11274478106354961,0.11883394223760801,0.07038685005870983,0.16361569383667388,0.11435964162532077,0.08829794460808423,0.0991181038382979,0.11953672435011009,0.1131063183816457
0.18075615473891937,0.07179983194175939,0.14703074257150472,0.10305061276450544,0.052207395326080604,0.10746035986202296,0.11162547384781318,0.1307789441059389,0.09529048484145546
0.14708052699994426,0.06273757884583372,0.13504104987414625,0.12048221146521436,0.094726847123636,0.14160083677326119,0.1009148418945595,0.1072244108104069,0.09019169621299779
0.10904702934831241,0.12922880434999176,0.11389744647584116,0.10152670009505842,0.10742359107490355,0.1066803525099197,0.12258869689551936,0.1084318967239636,0.10117548252649007
0.06332194568866435,0.09855202548941948,0.10243160495672698,0.15092529052202594,0.03980322136343933,0.08372040980644363,0.1425773572157151,0.19470694958091572,0.12396119537664951
0.10716482449814946,0.12514119789894215,0.09005475559802766,0.11874477052052651,0.11980993573749366,0.1131023971514591,0.11785042927118129,0.10992033830140696,0.09821135102281327
0.0960543881964973,0.08388465354931944,0.10321852294454914,0.11641166000464105,0.13189949640586238,0.11350846123860871,0.13009042872330293,0.12119849561329545,0.10373389332392359
0.1110873174696874,0.07394258848191729,0.09215767104147614,0.11220584183124167,0.15077153269887286,0.10782649944612528,0.12391595419192447,0.11893537624171278,0.10915721859704215
0.10457401259582354,0.18293058435397705,0.09347281731788988,0.10685205290136256,0.10360981641223571,0.11562405254947576,0.09706961363141875,0.1039850551848729,0.09188199505294388
0.1159252456888968,0.06908391260284015,0.10984338044574826,0.11361282241199326,0.1339028843443207,0.10897185431992602,0.1190972593596104,0.11120609655556689,0.1183565442710976
0.12733049410782926,0.12662783213266368,0.09250451040343127,0.11599499697694891,0.12500719279945097,0.11400566559677582,0.08731118711865853,0.10743011934994363,0.10378800151429794
0.0777219951846977,0.1169542472800495,0.08937570652152256,0.13622071614543277,0.12632296590587475,0.11688085290097984,0.10454048190083316,0.12303139093305197,0.1089516432275577
0.10229593399850495,0.11113964251794455,0.1092274901589611,0.1100343499715697,0.12004303642466141,0.11390557832298008,0.11324838491504823,0.11511342478664,0.10499215890369003
0.0917694933695949,0.18626321269140175,0.09554613168525465,0.11030671466696977,0.1036548297092481,0.10925608013170601,0.09536220788145318,0.10724194964966645,0.10059938021470512
0.12882647467659195,0.070726104488267,0.14423363476126735,0.12016081249789984,0.10953508802577537,0.11026688971985359,0.09205854504399115,0.11695312993896145,0.1072393208473924
0.24821548584890843,0.05033109742428099,0.08618829187455031,0.1107851027548686,0.12343278792848213,0.09283501805518586,0.09439924517206433,0.10071883824598162,0.09309413269567773
0.21652174325593584,0.10199473904506795,0.11303673224416409,0.10540124731490859,0.0954371602580183,0.09395268820087112,0.06700019317824642,0.09193662243761418,0.11471887406517349
0.20748736052417593,0.08293592406922391,0.09054603850910377,0.11758145180764658,0.12481554491793473,0.09379106251679303,0.07581957472700339,0.1033960590838084,0.10362698384431022
0.12837604442250575,0.15927591775545924,0.1096237381935259,0.1140784901755615,0.0891124877770769,0.11436766858828158,0.08660156212624981,0.09496357712854232,0.1036005138327971
0.20256932569855865,0.06600859916612349,0.09472125061728105,0.09698688029945601,0.12816513435845148,0.08742830037233246,0.12013533360087496,0.09722214780363082,0.10676302808329104
0.21826262694759369,0.1584654247551807,0.10523663963934449,0.07743663084146453,0.07400710990597696,0.07994152820829113,0.10241564068577129,0.0734360580295003,0.11079834098687691
0.0972547459520162,0.08879563987085691,0.09198442871296492,0.11751386092721582,0.10259219565798872,0.1248751571302228,0.15401513750312287,0.10596861474872844,0.11700021949688322
0.12091496994707722,0.06582653536251899,0.10963023175888913,0.11596064884645439,0.13610883273683314,0.11465413502153639,0.11924213343946355,0.11551937398126005,0.10214313890596712
0.11684677558813761,0.2066330412716966,0.0767639110678427,0.10890055932373782,0.11086272394585912,0.1035607977725685,0.08992332422124683,0.0964725898024873,0.09003627700642354
0.17631990824784738,0.04543265810570621,0.07361270827996151,0.0938769885558794,0.11195300599936153,0.10020630034817603,0.18436254320972778,0.08864679666918866,0.12558909058415144
0.07265038912571359,0.19222267737160434,0.10117607275346523,0.1149111379332316,0.09609203581416133,0.11722698000965676,0.09604103547525457,0.10876444734750725,0.10091522416940539
0.0895398450148724,0.15353076254445772,0.09996480017923254,0.11420413792450246,0.10835620545850394,0.11971683671153839,0.10052184760373266,0.11307725993971263,0.10108830462344735
0.15183457305437567,0.060751718159747135,0.1120050690315557,0.11782871297679269,0.13562163628277166,0.09764523471767221,0.10213419503796557,0.11781328115587193,0.10436557958324734
0.13168921038149237,0.07294788170891571,0.12615242864685475,0.1042474284207453,0.12322008780834093,0.10690546309484339,0.12088620815506436,0.11145388344082409,0.10249740834291894
0.06373417371746445,0.3150797329425327,0.06638486336914319,0.10100160622796449,0.07226068707803847,0.10302801987170977,0.11077551427558414,0.09352370872112507,0.07421169379643781
0.15947832758690655,0.06796751004081396,0.08259983248261255,0.09331066413466438,0.11673380599351806,0.11805815266503528,0.13738425831059392,0.09742621648275979,0.12704123230309547
0.17538808238224757,0.16654992457870435,0.10673933508053461,0.09153064277220117,0.09379955616103643,0.09464823899931475,0.08432742512288999,0.09030611142861421,0.09671068347445692
0.1792950388093417,0.10701608353220486,0.10889383840942797,0.11190084296275278,0.09471658410796467,0.11576345627108962,0.09052893344179834,0.09955588222491825,0.09232934024050177
0.12852585520139811,0.07228358517522199,0.11127118843156947,0.1279021462452002,0.127924657744559,0.0994777274553806,0.09040529693267195,0.12580468238292308,0.11640486043107563
0.08858700936573549,0.11216090072384015,0.09682137072854467,0.11632612065500209,0.12296334035761701,0.11812721079626702,0.12361789900948443,0.11993534868797669,0.10146079967553244
0.0975059220445737,0.13443834807222185,0.13071828026773794,0.08085278823762115,0.034227431825266545,0.07673308182956642,0.11999764639189618,0.19770188569001027,0.12782461564110592
0.1220254449517039,0.08612131164306704,0.13877069978633233,0.12092299030910343,0.09454936017389381,0.1114235596387172,0.08896332436753518,0.13282126802430735,0.10440204110533968
0.08224505973875344,0.07387151930547432,0.0918213531430297,0.12240600161337518,0.1488968510602756,0.10815262025408483,0.1394513417494106,0.1250620468682542,0.1080932062673421
0.11511082331941923,0.09929225039250382,0.11874585621195997,0.12372999218697804,0.1089956806370937,0.10869251163370049,0.09970976980990975,0.11840240307353522,0.1073207127348998
0.17928672636791856,0.1350813923076004,0.10083862505677009,0.0869995582377014,0.1052305594648323,0.09130437786356797,0.09192598060262229,0.0910556920544302,0.11827708804455672
0.0808109890306934,0.06536371162374606,0.13391955314324458,0.11191028408137982,0.11995829447364585,0.11494426835612316,0.1323435598776998,0.1281597802805464,0.1125895591329209
0.14617985094783156,0.08210398114368439,0.10066553141335806,0.10499329969152839,0.13749998378596748,0.10135360375435683,0.11068206273087307,0.10947485901683647,0.10704682751556367
0.08996660092831359,0.22134589418238262,0.08206554783605217,0.11909152821537021,0.09445307897269102,0.10531867134081858,0.09019289334151485,0.10812429981655002,0.0894414853663068
0.17064736614724837,0.048023007042588474,0.19760725523063583,0.1007404719070083,0.07752660614898689,0.10606793320882586,0.06984603754690603,0.10540880034268778,0.12413252242511245
0.10247517280818802,0.061199376930019485,0.155604048986324,0.11881890151940248,0.10846166985791365,0.11228034103382212,0.0989728467403852,0.130855802836609,0.11133183928733614
0.12166288068816435,0.1658346463627972,0.08223722483312784,0.11022961723166465,0.11307557259289946,0.10804308193187932,0.10243317704559872,0.10325523521564901,0.09322856409821945
0.08481130900355564,0.1217458963838949,0.09318650317474353,0.11501379760822299,0.1217369212683435,0.11348057114363375,0.1274486681744164,0.12052029078634291,0.10205604245684646
0.1486097274533432,0.09339514709036217,0.13401637013583725,0.10423795116123326,0.10679723311085147,0.10770649772744356,0.09770734173686042,0.10427591381327019,0.10325381777079849
0.0897826712782994,0.22286250157904455,0.07480342009954548,0.10267277191893905,0.10194095318180967,0.1038130780944349,0.11584037665487389,0.10117013303005433,0.0871140941629988
0.19043313900106437,0.08719327355083861,0.12577763854560747,0.10372664866629411,0.10296779151956581,0.10798374919178526,0.08741401087992447,0.10048135807151816,0.09402239057340163
0.1419026079233491,0.10279588814378837,0.09935112768422787,0.11028290587340271,0.12138306315596119,0.10646361274889066,0.09902059928226183,0.10077858903891347,0.11802160614920483
0.08686137241032121,0.0873878957175689,0.11917808285389707,0.10740290689576198,0.11941232133018924,0.1109921073432344,0.1384131268565986,0.1225689654652745,0.107783221127154
0.11513147589223922,0.06214766740919941,0.12468171731632038,0.10823579801611084,0.13187156989566565,0.11562297284706097,0.11597397833475391,0.1157275378149184,0.1106072824737312
0.13228948818264927,0.12388386270432483,0.11575938285342584,0.10185359816296181,0.11121273280623052,0.10868091580969991,0.09169968351165868,0.10428830603210675,0.11033202993694236
0.16801066879233761,0.10230570325084916,0.0978646053581415,0.11762763619964543,0.1088548977505908,0.1259320719600208,0.08147731280073732,0.10226947308325342,0.09565763080442395
0.08299202207915078,0.11886671630089991,0.09914696459788454,0.11940202531201616,0.12016080536863617,0.11195017179309578,0.11509973872735664,0.12284466629693354,0.10953688952402646
0.10644892256184725,0.07819616314015641,0.1258517535409995,0.09778397480844848,0.09606039627538175,0.11444755144500689,0.1460139254326972,0.1000534101777178,0.13514390261774475
0.05738391086362573,0.19599063108278422,0.07409638531948994,0.07918244171060615,0.03401118950593233,0.1520612263908562,0.2277824211871321,0.060066167715280554,0.11942562622429276
0.10740870045342542,0.09147486352005062,0.10629102847526135,0.11822060157674302,0.13230312393421562,0.11565889547339425,0.0991771334873955,0.11881300403936625,0.11065264904014793
0.10994050973589709,0.08611306249230706,0.13135542836724415,0.1013271240794319,0.11415085707039667,0.09839760319890367,0.11286874421697472,0.11025120594703113,0.13559546489181368
0.17897333101415178,0.0637490042893789,0.13617439381784247,0.11299189807945909,0.08380988577184706,0.10657489057218587,0.0854643006226265,0.13323489801518507,0.0990273978173233
0.09176109648285462,0.07337354585761784,0.10804540161018757,0.11960298383438624,0.1327148658920284,0.11503668204598161,0.12970315126797197,0.12384929613424304,0.10591297687472874
0.11752442524714062,0.05436260445604379,0.15181842397730982,0.11989557351466769,0.1219353037981848,0.10337071121291808,0.09580127637544261,0.12488163049440419,0.1104100509238883
0.1568965747869201,0.07820270593922177,0.11535617464814385,0.07555365121344232,0.03504029534728132,0.13531789958934226,0.18119673056426644,0.08065634874514058,0.1417796191662413
0.12029075250172504,0.10904898121224678,0.16119941436463314,0.08964300508793506,0.08586181390859392,0.10493838783620875,0.10328235203176656,0.09704397173687229,0.12869132132001845
