0.10122642391060617,0.09724854890125008,0.10995757920146555,0.1193716362353005,0.10616855732662801,0.18377343794813403,0.09658391978640297,0.10283730028200205,0.08283259640821061
0.13167145087348509,0.11899964753272818,0.09750551131636087,0.12090331821009492,0.10332795436568326,0.08378414875760652,0.08291198983640125,0.1330786803368685,0.1278172987707713
0.13125842458404943,0.15115067828445714,0.048314910266755946,0.10486120915548904,0.1470629146097599,0.08451476708348604,0.016971892482209705,0.14900902476917827,0.16685617876461456
0.14544052228537288,0.1615149262642284,0.10103091567450202,0.06114599920371902,0.12976924862320818,0.15719689023307257,0.05872494724660271,0.14164039134029452,0.043536159128999774
0.12005431472904109,0.12079501457870563,0.0904256364263923,0.11615812944352867,0.09384423042494998,0.09784979050824871,0.18704269235322055,0.11697260444719575,0.05685758708871732
0.14852360056439487,0.129241602636362,0.040769016918503376,0.0999557793742526,0.15376283506346217,0.1345482852954282,0.061105542902467176,0.15060229931258776,0.08149103793254188
0.12610217178152597,0.10580245613588801,0.1502986066458337,0.10735274724888677,0.08854620463166196,0.0729399828743577,0.19041934037898245,0.11576678903112793,0.04277170127173551
0.08347755624244076,0.08235849622291296,0.058090341837005094,0.06890756850858064,0.14490857071780525,0.06717419652534906,0.05311516258999042,0.12083392824102158,0.3211341791148942
0.12017318136460102,0.10498450017159505,0.1542146714308846,0.11055221747812945,0.08670520251166954,0.06446516540815311,0.18916524108603117,0.11364894519615075,0.05609087535278534
0.10070479534980063,0.0822964007408203,0.12193875717231833,0.10334187663963278,0.08922300959773183,0.07799680553054027,0.1667143044887466,0.09991964043365054,0.15786441004675872
0.1315690045069864,0.11266416437893582,0.06287233075086952,0.10272966670659156,0.10017298596529321,0.16439257484633224,0.16003076458850557,0.12051502927599035,0.04505347898049536
0.11227006925056919,0.15118830836819544,0.20415308698642876,0.12910035163539924,0.11365561935846945,0.07230358845494739,0.044234982177474576,0.1175358170167115,0.055558176751804446
0.1315621931226988,0.10937500424528455,0.05294346763371747,0.0901022754493047,0.10278190624423374,0.15622708173891084,0.165689043083298,0.123585252621712,0.06773377586083992
0.06311826556724727,0.25666837853196006,0.0868605218991531,0.07456041065086184,0.13659446721227855,0.14851734016350593,0.0006023047451343557,0.11918924128946255,0.11388906994039631
0.09759790290281765,0.12588952659457167,0.1751119209687743,0.12615642060114954,0.08598198523258264,0.05963713432603559,0.18220835549313197,0.10426061205176758,0.04315614182916908
0.1377560944289412,0.10540457740450454,0.054502905527278316,0.1003270394885034,0.10407764771117206,0.20267185383657424,0.13781280786771302,0.11868272297108683,0.038764350764226435
0.1568434554347962,0.11780057233756548,0.07219624323029629,0.09017179717283806,0.1164519611351887,0.1618587012518293,0.10991751652957611,0.13049769343164827,0.04426205947626158
0.12221893745797525,0.13334524885411056,0.14516770691827083,0.13337381968355325,0.12068200876109558,0.09373811784289933,0.06868645446181719,0.1249845746287755,0.05780313139150243
0.13175619680789927,0.11775948118419034,0.11445185996717605,0.09575803687914554,0.10581473592640789,0.09491553883462246,0.18047299134999673,0.11911862947579432,0.03995252957476743
0.13179803470259466,0.11690942587079893,0.09825181292609238,0.11315448427423554,0.13270412798155906,0.07268631990504053,0.16299335696943681,0.13038760083161113,0.041114836538631
0.12055019624617558,0.13555496398248232,0.05738353055353591,0.11984462862062073,0.11489012707986884,0.1682018927511603,0.0655703129016049,0.12880452716830573,0.0891998206962457
0.11321560953265325,0.11281910118123646,0.0892984193721688,0.11000766854291488,0.08498616637239263,0.08518045131619888,0.18487160209877626,0.12422864964806864,0.0953923319355902
0.14030549341138385,0.12216437746954462,0.09799861958874378,0.11773905831451514,0.1280775005801643,0.15061068376080336,0.05984606240199871,0.13158455462545085,0.05167364984739534
0.11534012911891371,0.08206853605032621,0.05729110708752011,0.07848837930778753,0.09832043689697638,0.22610863012316618,0.18736623930623333,0.10116510686152513,0.05385143524755138
0.14338201988001056,0.11496013078960776,0.05944049630042947,0.09094725783750897,0.1597559561340396,0.06929716274481501,0.12867152625281877,0.15614788014332312,0.0773975699174468
0.08152088278746189,0.08224934327742849,0.06485606100691198,0.08692455256101639,0.07374168616158772,0.07998445890914252,0.2945319941145837,0.08966587609413555,0.14652514508773168
0.13069789428744003,0.14461326320750847,0.12114720171531823,0.10511745002947433,0.11120587160098099,0.08508792661610942,0.10245940892540069,0.12780618049436068,0.07186480312340722
0.12563107527411113,0.12224395537175259,0.20092854138349417,0.11816486742647657,0.09820899896771433,0.06920723529781336,0.09808124341656865,0.11817754807740237,0.04935653478466682
0.02239112081390046,0.15593955962416498,0.1626849794094564,0.07794291682703787,0.062310331239840415,0.320066249722354,0.004746586801287092,0.10845917095394297,0.08545908460801584
0.13763476890225357,0.12033826359436091,0.06524807691620194,0.10491862697987701,0.1316290159709785,0.07972943107805804,0.17410021567430709,0.13299883390625486,0.0534027669777082
0.1337616669391859,0.11308669872432463,0.11142923502364277,0.10866769879219106,0.10097553158186562,0.10936038594668691,0.17181841020964708,0.11776136599356396,0.03313900678889208
0.1185596863764354,0.1254500193291597,0.08023562044580404,0.11412092181452714,0.09996489681472175,0.13174087780349172,0.17050628003455603,0.11519740651250103,0.04422429086880313
0.1206504242517717,0.17020498948330978,0.1316393072670253,0.12067450312841065,0.11818147615397218,0.08300520379423572,0.022505920813147975,0.13119238930362806,0.1019457858044987
0.09314655774903513,0.10868020937392674,0.02629166762710412,0.07699763714262697,0.10060858270132601,0.27719474583064074,0.008362104450707826,0.11329694838056141,0.19542154674407106
0.125607449853813,0.10261053460028653,0.029752636946298188,0.08588470130905683,0.10325996073110132,0.28378291774994563,0.10661823970049998,0.12183610581030131,0.040647453298697164
0.10593226727943263,0.09067117139455592,0.04835099918678965,0.048812110978218075,0.10795609942167278,0.2722692692526765,0.0462393822794775,0.10666921149743598,0.1730994887097409
0.058820388685796886,0.15720897640550396,0.08817337406202337,0.05594278252832238,0.12377522945121122,0.30893155233242936,0.01861467400413568,0.1280809747927183,0.060452047737858866
0.12179327831865956,0.11932844078748672,0.15247812555423765,0.1140451460016128,0.10345087161372502,0.09678944645792083,0.1547310602961722,0.11284688319475315,0.024536747775432185
0.04723368722174675,0.043598877463947326,0.07199813587358851,0.0718614784655293,0.07663880053788517,0.2056952294665307,0.13876460508388838,0.06948255334014904,0.27472663254673485
0.12694467226118902,0.11560864848251835,0.10751168651515199,0.11189709892301186,0.10101033859942184,0.09163284515614223,0.18074459799302098,0.1163960590642424,0.04825405300530126
0.13707301921381077,0.13037495353639025,0.10704237112005804,0.12283809003046046,0.12162097184025045,0.12547506720042048,0.0709464494732111,0.12999160962489584,0.05463746796050264
0.09199281082826731,0.11646901035433066,0.08846521179199363,0.11723148875801452,0.10782373766529202,0.15881302586188276,0.04504430181656141,0.11115212405255127,0.16300828887110627
0.0995405128306563,0.15473779942723762,0.08636840199498343,0.12443014971158228,0.14720785424386332,0.07575534633190785,0.016033623314808006,0.13860476867842245,0.15732154346653882
0.01787844525235223,0.06672039215491649,0.05169953056990551,0.04349018611743788,0.07054060294674085,0.18519165653214786,0.0041440011940670094,0.10405182864079243,0.4562833565916398
0.12837516444583327,0.12608872427337672,0.1699160812889845,0.12459303075483452,0.10332304780930406,0.07472399634000103,0.09106884211557138,0.12215746068824705,0.05975365228384746
0.10315007814753567,0.10478604202991165,0.1767870246591394,0.12586933263729297,0.08685796100468972,0.05585688224920265,0.16735973698599113,0.10865815672258543,0.07067478556365143
0.13212532165470736,0.11000290389530305,0.08095088279766723,0.10537417559647666,0.09408502999439032,0.11239758293331788,0.1756875203303697,0.12637264391372602,0.06300393888404164
0.08322023635918403,0.16490864176380046,0.04218249185947148,0.0966071213931733,0.12593999750168608,0.17102488962034823,0.0050860600293373736,0.12368796713743442,0.18734259433556458
0.10485144174080903,0.12617317341497178,0.0821046722233199,0.11264863671540727,0.0931324321044981,0.09949987830681711,0.0643350170727684,0.14283268572806665,0.17442206269334173
0.10396988189659996,0.11968357825714267,0.2313765688393715,0.1151251255590504,0.08380229522843781,0.05742804213012228,0.10989737645464498,0.11101131465405804,0.06770581698057232
0.06779949487454091,0.07651934179803971,0.05489120285858546,0.07149445944890849,0.17727244231279207,0.17405600783004274,0.057147289523687396,0.11685938487896168,0.20396037647444146
0.1326781271515852,0.12544942091220013,0.11122810574363924,0.12997889057354958,0.11550923913511907,0.09955524386510499,0.08336571301292517,0.12928101803274997,0.07295424157312673
0.05503326814328582,0.08469094977692031,0.020017295428989248,0.069562528147443,0.06506430196159017,0.07077930979867263,0.09997409083317292,0.09125900618230942,0.4436192497276165
0.12827754692022056,0.12660087077630774,0.19442470733724138,0.12333906282662056,0.10998834842186245,0.07784717284259753,0.08046851698907533,0.11933579824724345,0.039717975638830914
0.12585749749436706,0.12002096709375575,0.13850876657743547,0.11136941413476227,0.10532916609065945,0.10786941715504011,0.15197801419994508,0.11398307795683223,0.02508367929720254
0.12467004888654092,0.11614784171831784,0.15062464981800608,0.11311203511540575,0.10039430799648884,0.08910981037832684,0.16576732503495087,0.11315818236405029,0.027015798687912613
0.14511996773577893,0.119258088563903,0.17171493707518684,0.12047053290983974,0.12485174922614255,0.06837999827477047,0.07596536464152616,0.1313976357972819,0.042841725775570404
0.1260907495224355,0.14901566503369934,0.10576631370777385,0.12534751913167222,0.12062740581941407,0.10726403261263588,0.05040226740533421,0.13288706290975325,0.0825989838572816
0.12141663824719495,0.10874627915911127,0.07181114275400304,0.11358872837952382,0.14120510615731016,0.09737531287335821,0.11857274276628162,0.12714688095818102,0.10013716870503593
0.12307429553203202,0.15182919711235202,0.14705237549211872,0.12922052273474968,0.1220614120823133,0.08693517225682555,0.037564928951042686,0.12720206959824462,0.0750600262403214
0.12473565223266436,0.13080584418425675,0.16542301393262118,0.12647552742625298,0.10625407073866762,0.07326079252716197,0.09236416377575742,0.12027132775044487,0.06040960743217283
0.10440863837581675,0.1105960460980779,0.06806272457703418,0.08726583844995545,0.09983906789125573,0.06072798404642867,0.33651621866327225,0.10328606172406078,0.029297420174098265
0.0840683274012022,0.21802050214484262,0.062465278654358074,0.08999279928347743,0.13043774295922425,0.1592284581565095,0.0037402391948550356,0.12552373992343327,0.12652291228209767
0.13847578754456327,0.11655045358659628,0.1091264989085058,0.08667941494066507,0.1020447009189993,0.10389856236600183,0.19224098909262097,0.11867707212864591,0.03230652051340158
0.021887961830599,0.15845834765116346,0.17531850462740114,0.08332730620649399,0.06295593103899484,0.2865967715101577,0.000477832348316549,0.10302115817078296,0.10795618661609034
0.08375597566818538,0.13450208384529352,0.014899948828489109,0.08518217119915743,0.0977783505019495,0.23945012234084614,0.005440345467223663,0.11503541913088344,0.22395558301797178
0.12942600454544506,0.10529066810298826,0.14712127206087147,0.11651418693368748,0.0985608199130118,0.07854130892744864,0.16491845816991038,0.11717080750637147,0.04245647384026533
0.12927214613794794,0.12839618750651258,0.19614291919112845,0.11273850212181531,0.11131783734296004,0.09184198024745525,0.0859471040235794,0.11524798518691826,0.0290953382416827
0.13348211832963144,0.1141639439782819,0.10479714193692032,0.10984872366171995,0.09872640675310827,0.09560140274113964,0.18113838190614984,0.11790346062082062,0.044338420072228026
0.11810391682712872,0.10655698258361417,0.2130700229369206,0.08755935159364618,0.08374803826369237,0.05855460428922297,0.17766948516806522,0.11239336945022475,0.04234422888748501
0.13200534469718703,0.1206515912179459,0.11509096558715792,0.10439713247614076,0.10176211571506633,0.09820246720659924,0.18024267139292616,0.1185221674171849,0.02912554428979171
0.14962934767726202,0.11010097167181776,0.07796593157056113,0.09142639274992592,0.12493141151682223,0.1661237177225586,0.07383051012098125,0.1388696949436112,0.0671220220264599
0.15139516663332964,0.12438313847281983,0.057047815360902816,0.09550846295948125,0.14000589580148873,0.08769939191733306,0.14490028513431516,0.13947641964122473,0.059583424079104774
0.06294320612429341,0.09849574782877656,0.07600112777639696,0.11363477192629266,0.06619510495054814,0.05304397121281365,0.17776277495632928,0.09737017450289469,0.25455312072165465
0.11201217742285412,0.10052071708724918,0.2129436933355703,0.10698033785396638,0.08122734848539771,0.0563306346966134,0.18283646024246805,0.10648660497776986,0.040662025898110944
0.12936584377860594,0.1102108227957056,0.14268508693112872,0.10986926017104892,0.09469656786494214,0.08162227287734547,0.18181076764708107,0.11514320307340425,0.03459617486073792
0.13578234511600118,0.13998742113361298,0.07119876854640145,0.11836456429960367,0.11719137009525665,0.1411454385257702,0.07613451890713331,0.12754958882390496,0.07264598455231559
0.12583175273406907,0.1324394865456537,0.09758260104087806,0.12133823586554499,0.10077854991941777,0.08434811571922235,0.08868602206852018,0.13120649012593796,0.11778874598075588
0.10887639488138469,0.10138636491133708,0.2297882944795222,0.10979779156834113,0.08211973953414457,0.055302041482778314,0.17468293370521468,0.10388726540482561,0.03415917403245167
0.10621746770158606,0.1132023086865538,0.2179974610666169,0.11587038482587479,0.08740064375557326,0.05872467294037965,0.16782073575311776,0.10397781406358157,0.028788511206716206
0.1130659018202635,0.08777773735396562,0.13496057741883713,0.11559675616169536,0.11793876299286392,0.14233369421498704,0.09367196493036473,0.10705089026238727,0.0876037148446354
0.10339247218896568,0.19942586626125372,0.07872236692917058,0.10297960780900439,0.13346524106550903,0.12886254791542817,0.006712865513128879,0.13235710029213824,0.11408193202540122
0.0859066746624954,0.07153088555172642,0.13677552886807195,0.05995979547887426,0.10277108793380173,0.24724992492165762,0.12205517984941507,0.08587398742443071,0.08787693530952688
0.12550295761865218,0.12359843888937078,0.21066777447280374,0.12223856454759015,0.10427235168987038,0.0705487664676989,0.08119144958972649,0.11738549256064214,0.044594204163645124
0.11886253601560255,0.12256696670729257,0.22598404372986092,0.12392286145936716,0.10459575416000517,0.06867077567269896,0.08212696620098014,0.11458798391397308,0.03868211214021939
0.10222868543807356,0.08788228488557855,0.06694385077711841,0.04822726423710593,0.10415880334535658,0.28288589038811535,0.13309798444077328,0.10128803493130212,0.07328720155657617
0.13463442529827724,0.11671841779637487,0.16094633083963517,0.0866301795381005,0.10292400354455562,0.08361447180054161,0.17750499509706277,0.1146024617503617,0.022424714335090506
0.12282311374452838,0.11598110887547507,0.1598201330970914,0.11356870868726986,0.0993937012065043,0.0841620294774037,0.16562180326212328,0.11218300535538402,0.02644639629422003
0.1320090032317518,0.09799384106845523,0.050945911643947024,0.1006893313767288,0.10769764230778779,0.21990699244455414,0.1189011312809659,0.12375424140196606,0.048101905243843245
0.12018470567687602,0.11858530399226458,0.10112826227963727,0.12162710970869761,0.10270974969200869,0.09519339202400469,0.16602409050274236,0.11748261233599167,0.057064773787777114
0.11893037172779634,0.11585301475006952,0.1594408470636088,0.11571325442517033,0.09375024982858028,0.07395667941780651,0.17818980654592467,0.11099309393781663,0.03317268230322698
0.020222249864001826,0.0712592298098192,0.06627600330125556,0.04346677749974178,0.0841499834568074,0.03977313142990533,0.002934446029187042,0.1427849855941253,0.5291331930151566
