0.07959138105558297,0.13632020363549363,0.08218806982049122,0.3749028272053457,0.014005975693438416,0.08658816449020663,0.05520927747176635,0.14202058790753466,0.02917351272014049
0.17009194282857873,0.17396281911307274,0.04623328287272375,0.139400605151662,0.11133312736467986,0.09940363471074652,0.020384085599928523,0.1234866049867394,0.1157038973718685
0.08215472098705073,0.08413957729480104,0.005797168543837123,0.019139125593226,0.2141083251409266,0.10263946030577864,0.24427677505087417,0.18756771671333186,0.06017713037017388
0.16624391085688925,0.08743683249500296,0.15897550287883092,0.031025094047457884,0.16818704123162945,0.10100357255071513,0.03082203120549448,0.2022590933616625,0.0540469213723174
0.02832918821922927,0.0956435209162088,0.19473172626064758,0.1027843430604306,0.0050861966758143995,0.07460118833826553,0.010457293489683989,0.26998933507093437,0.21837720796878557
0.1986868177943554,0.09045735413616578,0.0256261790210801,0.18754066650735882,0.17145946982970914,0.0876623287286561,0.026419333435740825,0.11103016737796323,0.10111768316897048
0.14019358303259719,0.14615348634390643,0.049631010272547495,0.02107371168162964,0.20093514427301143,0.11803949502929911,0.046252942547950295,0.13933015184464015,0.13839047497441814
0.04573619707960005,0.06091445563169818,0.5574788254114497,0.0029136348707839333,0.05234327830824472,0.08359475645458288,0.046840484377022366,0.09583345911798329,0.05434490874863493
0.04536993816152002,0.10975094053517503,0.09814409601509229,0.04706380942609287,0.30597649507910846,0.10503760813561926,0.07342709701480818,0.08681645520476193,0.12841356042782195
0.07669705074337456,0.10592956856578857,0.02132306825828067,0.05158967943547199,0.19900780064123821,0.10417798540776162,0.10085680885807162,0.21416486183713915,0.1262531762528736
0.09306653071587356,0.06942135713938392,0.05069224065806092,0.01397967946331116,0.41154910643373227,0.09745487053471713,0.11235644220212367,0.0896360913766417,0.061843681476155606
0.1301383861885765,0.0770098698163865,0.039543305566308626,0.06569713074326126,0.32134653895764387,0.10289975112062429,0.059151089304397476,0.11373840739962755,0.09047552090317391
0.09960997973570834,0.11016331166680769,0.056865260956473644,0.1486487330615693,0.08622997299082998,0.11415594024693294,0.21205907681651678,0.06570864632302921,0.1065590782021321
0.20507379000869627,0.14023773512741314,0.01842552094485295,0.10836489313600245,0.061525190732438124,0.12163059560943545,0.046525667953236594,0.12476493915990887,0.17345166732801612
0.28061689737602896,0.13741185328538205,0.05045473551968908,0.02033842355852891,0.040555450112025264,0.12472563392843933,0.09785264635693992,0.15609422593740332,0.09195013392556328
0.19026037116435676,0.08356034752458236,0.06892586152769782,0.10127280533185788,0.1433034045257681,0.11745534097005635,0.11953769407649247,0.11857161152967305,0.057112563349515144
0.16485298191538691,0.07759245244596825,0.07243532008499812,0.06294198574971034,0.08375825564427936,0.12637396928108627,0.07671216304732605,0.16438219980472957,0.17095067202651507
0.12036301732540704,0.1390392189969125,0.05274480946272053,0.10120025818324453,0.0510565961322458,0.12278638843477929,0.04690325423782979,0.18341931707616532,0.1824871401506952
0.10508319574341933,0.12444854733636095,0.03346562504872355,0.039304973815225554,0.07860259462755896,0.13059756969407016,0.10727138262974327,0.12842771593583405,0.25279839516906416
0.12634350354464302,0.03218756725222504,0.02087770959606546,0.028031954143277475,0.24135576038430037,0.09897926645012839,0.2579745017414053,0.0851952137522536,0.10905452313570146
0.19162651069283929,0.08434050836686369,0.23408323414476906,0.059230870911590995,0.05849775254338244,0.0973969091981454,0.025851755839458684,0.13435902705023575,0.11461343125271473
0.09159037486628996,0.0844382822436723,0.4358560850090922,0.012211838321782657,0.024673052092587678,0.08479703129841913,0.058087158711944885,0.14452192238671666,0.06382425506949463
0.061540690265768104,0.15550446973174067,0.11179567626795639,0.08040967392062774,0.0663008508762461,0.12119944555161034,0.08118788420935225,0.24316910882729706,0.07889220034940135
0.09424526056098458,0.06748862709139587,0.01746453591290107,0.23750831917729684,0.09553365471808994,0.10596339850745122,0.18213859909685035,0.09856922716068602,0.1010883777743441
0.033160500792537316,0.17401420332116202,0.17498577828769638,0.07600010903097823,0.29034342943038133,0.08494076169349112,0.04084712879894204,0.05337020560787947,0.07233788303693207
0.042367995686928,0.15920582401597871,0.10087354765712364,0.01749966198915498,0.37168300528345943,0.10263951337422106,0.03813697745982728,0.10578064148124526,0.06181283305206153
0.08905124337617365,0.1030545377914352,0.04173283038697811,0.07205419795492674,0.2676543374271712,0.10223347273934662,0.07579156531288847,0.15497954597959224,0.09344826903148784
0.09462448734158879,0.13588981492901134,0.05230288329280695,0.04053994965794114,0.07123172162559054,0.11544373833859738,0.15314021391252,0.1357292332105481,0.2010979576913958
0.08864277288513668,0.21185367698912053,0.032760733487128484,0.013345277736737425,0.2620719593412419,0.1091602211291442,0.062116833511660474,0.1139049064215016,0.1061436184983287
0.07040011722932937,0.21282335566968402,0.0653192453900782,0.031917201603647194,0.05171879695756929,0.11547332337158538,0.03792640391307856,0.2598274666453788,0.15459408921964915
0.127205783181773,0.06326375794368953,0.10122703378848996,0.10505174057378681,0.08613024256040169,0.11675114529097397,0.05277602153539085,0.09504881569114325,0.25254545943435086
0.05455351037845998,0.12245502735186732,0.017864488335902744,0.06542595117942031,0.29396944003149433,0.10858613026199955,0.15553016716986143,0.07521174919575464,0.10640353609523973
0.06753454982756353,0.06746034594974192,0.29260093942448123,0.01908368146923223,0.32435031225814964,0.08525595053382155,0.02789812085839463,0.044834808885622385,0.0709812907929929
0.20423212134999721,0.06349233820687987,0.06853059914055924,0.024601822251401877,0.22414188075298022,0.12329086520631528,0.07559856458723585,0.07962087684228074,0.1364909316623498
0.11504929449322325,0.11819885404796182,0.11739537326968348,0.024933082539937906,0.05583760542347255,0.12442827667896235,0.19750992854519359,0.1351340897245109,0.1115134952770541
0.09730059199486074,0.18039634353769837,0.0226860702523151,0.06883124457245914,0.023629555939529433,0.13045706184341055,0.16414685177467042,0.11050313968685392,0.20204914039820235
0.10410433134428725,0.21517997580069523,0.12018506578576686,0.12200615038617935,0.10610225761358383,0.1086677985649032,0.08064972019104814,0.06572776292924794,0.07737693738428823
0.13440841700279518,0.08210518998106431,0.11468474543450269,0.24532818018120825,0.06729165179197298,0.10808388485163456,0.0444117773951174,0.05417971374210898,0.14950643961959564
0.08997074711933611,0.09610862826563459,0.04738202190631835,0.05566133831493083,0.22471384888749713,0.1220526739859622,0.06718035985218644,0.13392443363576953,0.16300594803236487
0.17355442775032306,0.1489198063746545,0.08994620039367139,0.041617935816388583,0.12863006507910082,0.1262095214002197,0.04378470693482734,0.1667120239958364,0.0806253122549782
0.09899170333171588,0.07358448777060096,0.03502277972646579,0.09822279058820431,0.2015906793225152,0.10699145905852721,0.08439043246191807,0.09008382831569765,0.21112183942435492
0.2658405753566033,0.04488864002346227,0.07003200106831446,0.038050417938203906,0.13824768452118474,0.1120750995851537,0.10785245033090479,0.13193946897234637,0.09107366220382644
0.20864780985045817,0.0636324337282896,0.09201302367078473,0.1796238308671165,0.11587843532260465,0.09602189120248301,0.0302825009031609,0.11128564000438208,0.10261443445072037
0.05770360558800594,0.02623886374586383,0.4538918629243675,0.003304396954928787,0.21817960550188845,0.06634068468232805,0.026650236148882848,0.09850308597138747,0.049187658482347185
0.12466756755121168,0.056708392079017254,0.08260880538480529,0.025435753703613312,0.20162209371316778,0.09808650217898802,0.10102019848055425,0.20702032220031405,0.10283036470832839
0.15203830286018438,0.174189694376524,0.035111140647659064,0.11826676341327291,0.13439647801705398,0.11435889275087024,0.03479577952822388,0.14611051604853317,0.0907324323576784
0.04395920840224297,0.08553446941844965,0.1265204426016726,0.04053471950274535,0.15353032236788833,0.12069781509675874,0.09015791293093749,0.1329876541818566,0.20607745549744827
0.22448313441336984,0.08315992597511267,0.20345519373539514,0.01563593720496015,0.04641908374819039,0.11880824911942463,0.11196808617273195,0.08693746247712553,0.10913292715368961
0.1903185802084859,0.07205074789545039,0.1777950724429791,0.07121843043265813,0.1390667717287041,0.11241610101786641,0.050052089359730094,0.0903798311522731,0.09670237576185266
0.16350494286864278,0.090762467604408,0.03475544432446901,0.15370045004943475,0.2794352952443298,0.09646330348346392,0.038247326561914895,0.08385382298726296,0.05927694687607384
0.12495695881705138,0.034868871183044235,0.2187578135433749,0.0037803104351776928,0.07507780446358148,0.07112133852668688,0.043967090412137005,0.2793762066439433,0.14809360597500315
0.07139838310404346,0.2038027144362526,0.04176876074430829,0.0673884495602424,0.1426254726056994,0.12137478621260893,0.06155336237428976,0.1588238745260268,0.13126419643652834
0.08532839626975681,0.09929610018410806,0.12096515024198577,0.09427422069115703,0.06864514948471985,0.12444496308312886,0.10195574940385309,0.2037049506645394,0.10138531997675111
0.07776611744812595,0.07772517605152333,0.03897196204116702,0.025634700768905963,0.4375067353668138,0.10033736951821799,0.06583862085746699,0.09606177355813705,0.08015754438964186
0.09474122424044369,0.14228162984273982,0.018171265632428997,0.2318868402183867,0.17447906223300644,0.09210799493597481,0.06076510507120428,0.1230376440378697,0.06252923378794557
0.11072302608226696,0.06535120805796778,0.37179341994758275,0.004307503772103053,0.1522600069342394,0.08448513316410668,0.10705439594347961,0.03509225756162263,0.06893304853663111
0.04819151051960544,0.1417382822070976,0.021362864011086887,0.013838098377383179,0.18747652736262702,0.10640921543279831,0.14997473357102084,0.2574404894591534,0.07356827905922729
0.12799439373252655,0.22207112704396545,0.038237831516515414,0.03514854061874106,0.08327865381112641,0.12519221653874602,0.0889140455988387,0.1645121354106122,0.11465105572892824
0.10765769407133295,0.081380043604169,0.09013179953120094,0.19574246639862744,0.07976842592651882,0.12342932343221132,0.09496140403824112,0.09449850046679507,0.13243034253090322
0.10948152091484664,0.18987464992516137,0.046302952114072204,0.0204082839998895,0.06813704154908008,0.12383817743609682,0.1115795247704735,0.18365234995971214,0.14672549933066772
0.10343424118940119,0.11448867208795128,0.029938439518396,0.361206560888466,0.10857139409977579,0.09244947350280004,0.06093237912262555,0.08530599883008695,0.04367284076049721
0.17379143976232694,0.07334545595479507,0.027037653964497185,0.0960647762073747,0.13170571625834446,0.12471837709030607,0.06997872169345017,0.14273716360939742,0.160620695459508
0.26842836868470266,0.13041284219340457,0.034086103721720086,0.01814351759949763,0.06764595392601973,0.10837371862766343,0.14499775348240945,0.09751311304896153,0.130398628715621
0.20708637481292058,0.12112602202669893,0.05703411673238632,0.052442085977757256,0.017515069204427584,0.11574961715749288,0.10850173210032321,0.17194377762118732,0.14860120436680588
0.08941989630511238,0.09865790610985709,0.03278866052491524,0.34938337902650546,0.10232695999364298,0.09557191230003508,0.11281787627263591,0.05975817308240528,0.05927523638489068
0.134814348633155,0.1355503352354159,0.07423703404055525,0.03263177259700367,0.12858198387267336,0.12520534320454105,0.0932473325264639,0.11711655622565843,0.1586152936645335
0.08281896745089207,0.020677704006007977,0.4018147829057919,0.009104424477715,0.2912682094337837,0.06917374150077028,0.02774883463195151,0.04544741367033917,0.05194592192274852
0.11296088546180554,0.10719164690753274,0.03847707040808946,0.09443370183274818,0.16113676344764916,0.11600966857587706,0.21094644939431087,0.05407503498422008,0.10476877898776686
0.21947866095463672,0.13227738926647012,0.17511775677348226,0.00766080224212086,0.1298156323992744,0.10154928477279336,0.056656983038648266,0.13313297385499082,0.0443105166975833
0.11548151545912981,0.12658470981384787,0.059934227045677683,0.05043521742041571,0.03452785556012475,0.11085124440327603,0.07085708920187062,0.1744139110424595,0.2569142300531981
0.17427442272858765,0.09625486245272759,0.11375734726646687,0.16002857557464126,0.02631175013323841,0.11426125866884984,0.1170546055446909,0.12405478672862909,0.07400239090216841
0.05265730419680178,0.05500477050246988,0.09090725341702234,0.027391332361086245,0.11645610843372818,0.10989964354463012,0.21408083429932293,0.09458089448125702,0.23902185876368154
0.19435277578961832,0.10555139103507755,0.04093972529841295,0.04826989174509175,0.2658581108260885,0.1037419843279974,0.021478674942467923,0.13317137353684738,0.08663607249839828
0.05187521812734234,0.08719403554159343,0.032907074233961754,0.18893622862958814,0.22941484045670077,0.09136579299790464,0.153949800953027,0.11390041649960488,0.050456592560277125
0.10593640839096859,0.1431938516033254,0.045826727889923514,0.11329960190714632,0.051127564747347254,0.11254632343823368,0.18062080743025108,0.16848780330439497,0.07896091128840917
0.1127595364896427,0.24342124888617053,0.05473024361167202,0.08518553184791759,0.09921941389986338,0.10831268599258147,0.060344160121997004,0.14843447619296404,0.08759270295719128
0.2621426979133254,0.12054405302833492,0.09997155555389244,0.04580420971748761,0.08247327027675976,0.12221673570242507,0.04029165987397668,0.13978394977630598,0.08677186815749215
0.13904802044681533,0.10015757075022742,0.024400440379420893,0.02249876349267468,0.20796514644010666,0.1256629353646517,0.2090298729599235,0.061995716021729784,0.10924153414444998
0.09143464150122523,0.16550295315599767,0.08765841157000899,0.029148738700198684,0.049194396934560715,0.1159796640474406,0.22779251846815232,0.07210255566907502,0.16118611995334073
0.07841271305482443,0.10941133993547396,0.02568761315948025,0.07440345497596945,0.39913159565889456,0.09565663694243677,0.09555886889825693,0.0807912271158522,0.040946550258811436
0.04357654253496366,0.16056470524326688,0.036051643656666695,0.019464316613860874,0.25843897600559657,0.10416113121234204,0.11414926681278642,0.07175047552350414,0.19184294239701272
0.12913180594276089,0.13776506973249703,0.05227770804149609,0.1922864678338896,0.1755429868110332,0.10127452453020981,0.08007355593016993,0.0708439130175194,0.06080396816042402
0.27595206619988105,0.07344461489415172,0.07385769235824487,0.07636561049243203,0.10940958548296613,0.1121084742176542,0.032745367085954456,0.11480349884706581,0.13131309042164974
0.13068022817340433,0.1362693945979749,0.050730785039355575,0.06527395040567129,0.16908170488206778,0.13202087890429706,0.12730995933360226,0.07370903299483691,0.11492406566878992
0.04873343964558815,0.19563572846596436,0.021916294944231394,0.01421638365842,0.2009392209004142,0.10020201926827721,0.20938253078394511,0.16492235306559652,0.044052029267563
0.08757493741908838,0.12239962682273042,0.0530703662261664,0.044574086204828854,0.27153036854977913,0.11627258745789815,0.10788298009691488,0.09445423849183891,0.10224080873075488
0.04033549265065833,0.14081892170156232,0.09471839590030441,0.05230427388960718,0.2947185439132149,0.10543855619041702,0.06417131288792817,0.06933669350625471,0.13815780936005304
0.2843432388769295,0.09046748244880436,0.10631230167742954,0.05217277877152172,0.04102773577876726,0.11711015646796853,0.08683601879178508,0.1666402840078414,0.05509000317895255
0.08420408340037605,0.06369678474253258,0.36568339328236,0.04762078829981443,0.08731158701643355,0.09376732599965594,0.03718950411803531,0.08527510999842236,0.1352514231423697
0.1321080754207757,0.053650250489256236,0.041644653174341066,0.019327160704402144,0.030694194479666304,0.11729533106476737,0.25448625175457223,0.1406046065186355,0.21018947639358343
0.13314472159787805,0.16981821866439004,0.04841407730894465,0.010284126483719859,0.06481258408009272,0.1278174388280208,0.12527602893635978,0.09601025517087808,0.2244225489297161
0.17207340198473964,0.025301968614576065,0.019790194716287773,0.22379168223305423,0.2052455976804546,0.09370545043464969,0.06871944128619316,0.1433416439994013,0.048030619050643486
0.10857604895895197,0.18785758440842848,0.012962568997867406,0.004762710961199265,0.2504040127168948,0.09554342236995839,0.1615983375626555,0.11667631387634696,0.0616190001476973
0.08198132923395697,0.06347145429087557,0.18381315943162693,0.1016662285677971,0.10568941485186312,0.12142795817368772,0.12101634036232489,0.08094029393286906,0.13999382115499856
0.19428171059658253,0.0715632263034546,0.15638435425442646,0.20086558881889496,0.021832885835120577,0.09112264488093486,0.141596280874497,0.05460706021737525,0.06774624821871368
0.06139164874718798,0.05338984891279699,0.2888892599387324,0.10357235736180986,0.0600199604456359,0.09782167030765299,0.08215217250976019,0.10074288755685455,0.15202019421956925
0.1763003986359449,0.09930794517501529,0.14666432605052668,0.029653089659558044,0.11235282717232287,0.1295877288707645,0.05640021431190636,0.13056843018133815,0.11916503994262317
0.05310025337012355,0.05456425168786209,0.1540504294654896,0.040952128526328534,0.21928121506995238,0.1031544616350621,0.1408319488681811,0.12640045044609827,0.10766486093090237
0.03820745387754584,0.0833617106240464,0.3746306383665475,0.014305228244217608,0.24448588739723462,0.08945201877031146,0.023324982236447234,0.0670145445950678,0.06521753588858156
0.0947685118750295,0.12308905895608642,0.03084999446275904,0.024401436368784446,0.09960070980663656,0.1145636429309486,0.3199503371762338,0.0629692828265603,0.12980702559696136
0.10365760972272087,0.11665511383084844,0.04976629814840342,0.18461621271333997,0.09817038334558859,0.1231155567985886,0.14220101217260547,0.08266117473955159,0.09915663852835303
0.12168199973277956,0.18791401539331307,0.06895135068099274,0.15938726683022333,0.09153682292735178,0.12255651723130138,0.06971174676331961,0.08274332693025481,0.09551695351046367
0.1889782704644778,0.19014191453614215,0.1547155044949359,0.0490870378137661,0.05036956640868345,0.10743805916591681,0.05130978253362678,0.0923083527071255,0.11565151187532553
0.053568044201318964,0.08914578606630326,0.05630498486450009,0.025264311872035244,0.3423200857224604,0.10427567129693753,0.05460620272405261,0.10323923382939293,0.17127567942299893
0.1013317641754723,0.05447836361372046,0.0516783795916144,0.0013901383328718089,0.2879679638078734,0.1041739094344498,0.03309292309803225,0.13582772217011943,0.23005883577584615
0.03879715505035032,0.025316489058090693,0.3188775614094797,0.02733408313624099,0.22961639974160733,0.08368305147965405,0.11029119163802316,0.0698452971311636,0.09623877135539001
0.16982151920155583,0.05106384866663527,0.07073846917504088,0.19201321682380856,0.07090906145213093,0.10503506658282306,0.05797392770490798,0.10746091830777943,0.1749839720853182
0.050787205784256904,0.2076754570559697,0.05796499948931579,0.08832255191136064,0.05807641240118266,0.11351339015106289,0.14815451954143347,0.1973340776567719,0.0781713860086461
0.1283393603442252,0.043287848958374,0.07462655843405668,0.1436925012426191,0.09819666952326474,0.11823231252986617,0.19039082690038053,0.09015368944600333,0.1130802326212103
0.11536554197083763,0.04949618715890313,0.0378386256500716,0.1297633006029496,0.23813254255710495,0.09888103290435217,0.055692266251164656,0.1054465682997578,0.16938393460485843
0.043803965597927874,0.06679494479988528,0.24192121813377757,0.20144267651711023,0.1368409937074148,0.08853576219011411,0.09187926164449628,0.09904989951868175,0.029731277890592142
0.17766600997193346,0.18714337591695537,0.03551425436854629,0.011844471187392437,0.20504511797965805,0.10171504880142664,0.04286526441969813,0.1401947808412201,0.09801167651316957
0.09921220645884249,0.07712180186773349,0.10591598829138511,0.12039931390180487,0.2559388465424007,0.11175093016794369,0.08295795254030396,0.07936075514095425,0.0673422050886314
0.10038334922493837,0.11490995472965011,0.033039249670397834,0.02239790786629543,0.29313707772294273,0.10566383472696461,0.06528198772215961,0.08023776439971898,0.18494887393693224
0.0953551746144653,0.10677831265664288,0.22159900647809996,0.024965527116074016,0.11192848426578357,0.12370540501889261,0.12409779376217871,0.09193987881075442,0.0996304172771084
0.16035917363728927,0.18175170606407923,0.018709370618253153,0.15124927003636482,0.03535794950019793,0.10005194731000729,0.14569372438745817,0.16262413938447592,0.04420271906187431
0.15087797016395807,0.04898472951388383,0.0766615184571406,0.06633607347597423,0.08609499733725395,0.11733862993658799,0.13522701629043174,0.16241479501268682,0.15606426981208277
0.12346938414369267,0.19044701292445765,0.017711550086067895,0.017002798336461206,0.21193160114616735,0.09437132309944785,0.09805255304668799,0.18953401464698194,0.05747976257003545
0.057282374705710216,0.07528985851574412,0.06920341053601049,0.029093074792351764,0.1917311701685648,0.12137308523451752,0.10535061032547706,0.15776572201380004,0.1929106937078239
0.15785591330937432,0.05234281891989969,0.026515696529429478,0.28536614316439435,0.07396501109770642,0.10401725669325555,0.1352846121024886,0.10640653728838063,0.05824601089507092
0.09439265167411019,0.11070468867962031,0.04360139257820081,0.06736732279601687,0.053028844843190336,0.12048437036692868,0.19934855155829748,0.15621787656552213,0.15485430093811325
0.07517435343768232,0.15594731295895803,0.08933885780282418,0.25118232814810176,0.030262493089206272,0.10282104019447032,0.09362955917179622,0.08295012191998984,0.11869393327697104
0.06712719070617522,0.0802829764191705,0.41709436051670606,0.0031981282436314303,0.09968847685557912,0.08459115940448003,0.06616016336990721,0.08957217559765755,0.09228536888669277
0.1095374579966345,0.05989598095907075,0.3933562557656692,0.02245282313408146,0.16478482040393994,0.08401852978125678,0.0314721208064876,0.0992333089656896,0.03524870218717008
0.18765790871411436,0.0888933799973818,0.12715943682420602,0.09237965284210074,0.08692440703916297,0.11301957153613225,0.07468542688705875,0.11004656603804674,0.11923365012179628
0.07792754619790354,0.21697809494298137,0.08307454122439333,0.058407414694372016,0.214711469804259,0.11678413265093167,0.07461260205157642,0.0642464933210767,0.09325770511250596
0.10186141032034819,0.09172244317503553,0.19265731465569616,0.04892856130617412,0.08007789735255476,0.12005453391950516,0.0941755362116642,0.08607962378396765,0.18444267927505428
0.1305365518286973,0.08212196630630289,0.0317841193723425,0.013700691629240478,0.15425425180303357,0.12073126905312763,0.15559860729566188,0.0764688285169413,0.23480371419465254
0.09818764045162658,0.07580601200887678,0.06434283024486746,0.02774559068066701,0.26395383411926204,0.1194863385882393,0.05155089038385483,0.19965068140938522,0.0992761821132208
0.17194219615354056,0.1072541196610018,0.08126240810653428,0.03692646726473699,0.16872301402410497,0.11195522916534568,0.12998876527545955,0.09177551525973028,0.10017228508954575
0.193700509180606,0.11197892889399279,0.04824690612742455,0.06441881142139949,0.081628435901404,0.12489072968871508,0.15474696357839815,0.09548956770025925,0.1248991475078008
0.07359698085605118,0.07869810822133584,0.050833778768839454,0.07161905036776885,0.08762233669296011,0.11783623940843928,0.13796799488042646,0.0966594322826546,0.28516607852152415
0.16189962472185734,0.13763475895105728,0.07342439083935388,0.10371997998870701,0.25724055159161513,0.10667008189195455,0.03676985210066069,0.06628854352283535,0.056352216391958775
0.15706243425412317,0.10937342553802898,0.09339260713858626,0.05712635492634414,0.08257958715796145,0.11847779744222303,0.04405077489140948,0.16233741923872577,0.17559959941259776
0.10037534154726664,0.15130314322998606,0.020323912564203957,0.04997044989051222,0.1333255981038495,0.12139995968642468,0.07042986706849369,0.21013383163020047,0.14273789627906275
0.09483648110827647,0.07783004632681408,0.34946250823338576,0.038301000946673956,0.09409174925421056,0.09895177449504551,0.03960955523933473,0.07739990409361995,0.1295169803026391
0.13793638827230348,0.033008700516711,0.3295185740319845,0.010642200728209294,0.09846425613229888,0.08761418338530473,0.06467544783505585,0.06721415860008816,0.17092609049804408
0.15161090954484588,0.08882912114918816,0.09338051517015498,0.1589684289079015,0.04840404528994106,0.11374026256348468,0.08147727221171329,0.20006458972542573,0.06352485543734471
0.10030212479569585,0.1812415337915557,0.13015365724307906,0.011241043164306429,0.052319693710319415,0.11540995869577335,0.18640273593314463,0.07130665787633504,0.15162259478979048
0.10517850573750448,0.11650097710582437,0.05839687791290615,0.05362248896316397,0.10514235697181971,0.12594460815629485,0.24976396109360896,0.08475512412095498,0.10069509993792249
0.09552835097702748,0.03088931356690748,0.07940105268869944,0.07678412841359299,0.3089906929881478,0.09259052869170808,0.20920078507563158,0.0608308961756427,0.04578425142264251
0.15768948368970379,0.09488005183625535,0.039510266776721446,0.03016038164847262,0.10269902280195646,0.1266135707771776,0.03541635960186316,0.18371988644525591,0.22931097642259365
0.08387963740999053,0.06491677578886434,0.17849434829882363,0.03749036884765184,0.08302248657326071,0.12468775180070919,0.050883233153370434,0.1721162717031036,0.20450912642422567
0.16410983693807263,0.15770027925258903,0.08221129728703502,0.19226578789980722,0.03494648828937954,0.1007009403988451,0.09162254607910096,0.03464616859181729,0.14179665526335317
0.09606530415659083,0.09818246291768033,0.018663375270607303,0.20301204110430016,0.25092503672009403,0.10297525738246627,0.07169402285836962,0.06342564766726456,0.09505685192262692
0.07190749998439668,0.04743946239404717,0.12592337268691545,0.009694139915617482,0.3771558709516258,0.09261314335235649,0.06714740807126413,0.05616448791435489,0.15195461472942187
0.07488644708967468,0.17164989330479305,0.10674955066042992,0.14611360387564276,0.014380666942390046,0.10272120572529286,0.13479930937889975,0.16141008662528616,0.08728923639759086
0.11837854999189819,0.07910297297810043,0.043586911610247754,0.07496882492147211,0.2405587843352703,0.1255699112555326,0.07722759589428996,0.12580076119325165,0.1148056878199371
0.23405056030322036,0.11604287561277582,0.07836519004111309,0.03045676033819268,0.07956702559484445,0.11735544229493423,0.1081975705324643,0.09964752200585984,0.13631705327659518
0.13744085909276574,0.07990671844096985,0.03164224956389477,0.1528918293468767,0.20787992088985816,0.10711172153702202,0.07167402983920032,0.07788013454952582,0.13357253673988662
0.10787569464694106,0.08383162318579089,0.12986484729989226,0.02925775804556974,0.19968303440967172,0.10261316377041878,0.164655060153605,0.0937490010479529,0.08846981744015762
0.2124689717000522,0.2980472360933651,0.032630904817125474,0.0151720604104309,0.05824098059766269,0.10485327634281866,0.03583548138951095,0.10462818252198292,0.1381229061270511
0.14011138262770031,0.2264549681732324,0.025389320631291446,0.03402789316997993,0.08309561895707254,0.12956142391548672,0.057786750594689414,0.21744058519757195,0.08613205673297523
0.11220596381892363,0.08503084450245953,0.0414432688751037,0.09790123804680435,0.1518024396351822,0.1134740879922564,0.12315603905946233,0.16888874054824654,0.10609737752156134
0.07901037451855623,0.3538353027199809,0.07148014824631103,0.12013550625555884,0.015488656879603449,0.10770788662805109,0.08370883535721119,0.059966390751914476,0.10866689864281272
0.08705621946077896,0.032131919777629595,0.11438699539900399,0.039763077563681665,0.2731262873994042,0.10354734462629678,0.0596643740174691,0.15663925310985574,0.13368452864587999
0.05167606764379457,0.051910393925700286,0.34277615374769743,0.005046216380924934,0.296339072649718,0.07991377665035569,0.05293706341115581,0.06039869124798461,0.059002564342668734
0.09060035153414488,0.08143556010302788,0.22067352113821692,0.0752480663157676,0.03667919193904721,0.11621345211679752,0.19950974857628925,0.06585085975335132,0.11378924852335737
0.28257824834963696,0.05079344709546554,0.02457194946914368,0.021248757976931914,0.2949170154234572,0.09235854380820606,0.06780310712473062,0.10655405363082815,0.05917487712159989
0.11819247704888798,0.09633446770697511,0.03743386598694262,0.008539577382879358,0.3357563313390468,0.101183678961966,0.12205996509315375,0.09311954864566126,0.08738008783448713
0.0608897328827098,0.21868385633086185,0.10336105458660046,0.06308237131465934,0.13095345932406532,0.1287378299173361,0.04673996452867694,0.10944846088225739,0.13810327023283278
0.14766518294361122,0.03416600931275398,0.2735044246876201,0.07441714568447627,0.14521681981736115,0.09824809215012358,0.03159495777034555,0.13819872551343607,0.05698864212027205
0.11468827735168485,0.05246196261184288,0.27168524843835334,0.0036456062152085984,0.10349330773538488,0.11200225934944176,0.11321805829518661,0.07713350585434069,0.1516717741485564
0.13031277506998032,0.022052275913092157,0.2528319397877256,0.016286681910437233,0.28465816261319327,0.07819939534221125,0.04651165326065527,0.09348846223411074,0.07565865386859418
0.1578568828639262,0.055224497134479196,0.04007524288937023,0.13533830398489868,0.0806101272600207,0.11852605967703601,0.11786536280416904,0.06484214134747156,0.22966138203862832
0.0992446812397146,0.11535173643402598,0.14432043741523354,0.06515819530849552,0.07897743103358516,0.12064940105043488,0.04921989505312552,0.12877096016141495,0.19830726230396986
0.11856743401192933,0.03336773965506052,0.038086648130008005,0.12046556482642438,0.2830952783888991,0.10135637738117702,0.08184816176205556,0.15265038243581855,0.07056241340862755
0.0475368615296452,0.10162436203412772,0.04318704110318614,0.006265541784846888,0.2527165994493163,0.10609644826503543,0.061090317521706926,0.27304505535219364,0.10843777295994185
0.06024865699663684,0.11145975439676281,0.07869569717559188,0.049448266489376634,0.25790188995638075,0.12986852858354456,0.049676896110961245,0.10369962091979912,0.1590006893709462
0.24310978728934715,0.11566296945010247,0.12419108111140402,0.07047002325824885,0.05067744836219612,0.11279423645547637,0.06055561820450201,0.08466660357827284,0.1378722322904503
0.058267662817631655,0.15235408816059964,0.031476184817698656,0.004362826557441682,0.19837003424773883,0.10391155242372073,0.16373298959326799,0.11438536853431841,0.17313929284758234
0.19802167377379146,0.03184437414502275,0.025660654331622564,0.22277541660007882,0.04005014493742572,0.10085899747500755,0.13436990556530323,0.06827989614691773,0.1781389370248301
0.15059067813583327,0.07511717598521513,0.025455609450098487,0.025743548158269108,0.37610176430617687,0.1007821135768382,0.08193553432802009,0.11595013039630443,0.04832344566324436
0.2024599682588628,0.1297246030993856,0.07041402239563348,0.05911788506971033,0.08601628513730314,0.12797312046853201,0.0871359765452502,0.10449274078662858,0.1326653982386938
0.06092298247680489,0.0779577730504326,0.13263427727450106,0.01616469580495796,0.050248399827938904,0.1127927634605409,0.149875881438756,0.24003429665691448,0.15936893000915328
0.09868986080079545,0.11001857768108776,0.11227306507597812,0.15096766027073788,0.08313019973284619,0.12665067652832204,0.09019594532195806,0.10120319362054654,0.12687082096772795
0.03350896149575907,0.11357403551237688,0.041790400867795695,0.03958963057571179,0.2707393693657772,0.10028420099559748,0.15317087475005423,0.1974732270729852,0.04986929936394244
0.0651611605889929,0.031863741045390304,0.33620314758458164,0.05097876246118471,0.1829257771483971,0.08065662852941097,0.030360501129848172,0.12044106966002256,0.10140921185217167
0.05369951847949111,0.08110396699048651,0.06925733560662184,0.13514422121740374,0.33788715528327345,0.09063613687639593,0.0740615259879874,0.0506900911704757,0.10752004838786429
0.054635376828636416,0.17989138881798486,0.04147728945226133,0.22242444038560757,0.11542164512544388,0.09863631298325387,0.10351687039179842,0.1461551689929068,0.03784150702210682
0.25238337340461536,0.12910574155790291,0.16607026406636985,0.0706081389138737,0.04376941639433838,0.10844721317335175,0.060528345080015054,0.050331146492781385,0.11875636091675158
0.2591147204995114,0.10730508280658142,0.032777580671531074,0.104778023595251,0.11386334400026205,0.11347124894701803,0.04391978834117382,0.14503860972292254,0.07973160141574866
0.27882175387873026,0.11244213149455758,0.04859748013364906,0.16993971847014974,0.03100227598424456,0.10979470913976641,0.026288079922055927,0.13442919741115247,0.08868465356569401
0.1619821006229655,0.08077284125382066,0.06083918841737442,0.1382946404174603,0.09879738237442982,0.1112505420989648,0.033794090441966136,0.23827139882850853,0.07599781554450975
0.12653758879598567,0.2050190339196499,0.09047273695733982,0.03611958833852722,0.07797883082201999,0.13026287954113025,0.11516109197387618,0.12192076738211934,0.09652748226935164
0.07249178270921185,0.2037124283737722,0.014314997965814771,0.04101984213226217,0.16984598972720089,0.11090626892379231,0.11896313800065356,0.10863310207715259,0.1601124500901396
0.17461178210089112,0.11520635097083598,0.010055471542630014,0.3808044368404609,0.04716337736520621,0.08826407212642862,0.04218548870563102,0.0660652043689724,0.07564381597894375
0.07684178848022262,0.07435225927393287,0.050222282473368456,0.0465112739019668,0.15845630083806986,0.11112577398639968,0.26145289233556274,0.11869953598961325,0.10233789272086376
0.07521820215691029,0.0879523923667553,0.03458911508538163,0.03517528532206964,0.277040689757949,0.10959871063516048,0.18565004341718047,0.10501279979282079,0.0897627614657724
0.12615064769595774,0.1319783296292797,0.17783263530277002,0.01563647348253819,0.08585890539003782,0.11298230309298596,0.0715519860959606,0.11916340124281917,0.15884531806765087
0.09610134708893048,0.07315213554680884,0.023126789945321222,0.03153493731569953,0.2937659108931853,0.11235212267697026,0.21222689255533952,0.0912026710061325,0.06653719297161231
0.07633721061765657,0.05278848406367226,0.2977521078650907,0.030466580673456607,0.3064492522691418,0.081190436493024,0.040334283458017435,0.08387176343504964,0.030809881124890994
0.04407997847648424,0.09992419082318822,0.11066704169857544,0.04615142551611654,0.25612267865974014,0.11170581744418462,0.13732043893579393,0.08078227748322593,0.1132461509626909
0.09090811511328817,0.07573141030390834,0.02468498043393046,0.05317719750630178,0.15757881540781513,0.11738052692234117,0.08789605150775619,0.2596389090265676,0.13300399377809116
0.2844814935313765,0.11142216224397804,0.05975349781440336,0.025756019320418877,0.11366779223124228,0.11822161345707427,0.08410712336877109,0.14177816655658493,0.06081213147615072
0.2045707588961652,0.051025581483487036,0.08311993286364207,0.012217396544285246,0.11114542587909465,0.12230516999937868,0.13787603226342507,0.14633380458302755,0.13140589748749446
0.06916804201815176,0.13649925265264906,0.06150549029681098,0.3147847342846469,0.021395607878376636,0.08652401073787326,0.01562949768190358,0.21812738286778463,0.0763659815818032
0.08686000086404679,0.1072716240495365,0.13464896568894494,0.10069068462513033,0.07156264503598952,0.12526964767269236,0.12925310064307294,0.09687106598614599,0.14757226543444057
0.08282066591932138,0.06170468044535712,0.11447797001078697,0.11189242373126002,0.17978652303342613,0.11349262863497506,0.04912923553786582,0.07996511349830777,0.20673075918869976
0.0758250037826131,0.14037560523036371,0.39749879994176557,0.0111946183377935,0.12890420849313444,0.08537249379772231,0.055262158382168004,0.03140569960109798,0.0741614124333413
0.12369744198501272,0.1060306921983092,0.05689914042750815,0.0950319501086667,0.13572511337608745,0.12054183184948906,0.05377935237603849,0.11172482935509982,0.19656964832378843
0.08259485838853503,0.20309992213101005,0.10388365063363279,0.05340055833739793,0.09923197544439988,0.12225369908030487,0.09929602800144778,0.06348633874550524,0.17275296923776642
0.11003914789982526,0.13483439469630032,0.054901646177366,0.3016438909693113,0.09026906398024415,0.10290647575080221,0.0706649481694962,0.06016935343577679,0.0745710789208777
0.043453507630991046,0.08148727515544418,0.04451884311482643,0.049163540281766664,0.2929774445436057,0.10684253604397455,0.14695496021779247,0.09282765453919957,0.14177423847239934
0.11388633866864134,0.060871259177708414,0.05015201209534432,0.13539919618690413,0.18391816288708498,0.10532048641144974,0.11338445418915867,0.10226239571539948,0.13480569466830888
0.10739443589742581,0.28472110292035296,0.10333525180902252,0.035002641236111944,0.03564018365780542,0.11254666316732596,0.025225676409638752,0.14004370256821363,0.1560903423341029
0.08503762205706811,0.12501406818147062,0.392108897923981,0.013916177457336911,0.060952254928808076,0.09566581890080456,0.08655907127928426,0.037442141611482134,0.10330394765976436
0.1578092003733496,0.12688030786296992,0.02934012988778284,0.06373902312027978,0.15393359563264683,0.10968175634233764,0.0957921813259031,0.21180758533760388,0.05101622011712629
0.09456184798408877,0.049528342661814016,0.02678168991557925,0.009799530430095864,0.12153450103143792,0.11949743636348768,0.18392970486181467,0.12209927486139908,0.2722676718902828
0.14033426988962724,0.07175812840900027,0.0581805472649198,0.010680106415106111,0.20796476620716067,0.1268117367601723,0.032366937350503784,0.13179230658050703,0.22011120112300273
0.13839508752918173,0.07553801302116654,0.025105691725478056,0.3156907885879368,0.02882379388717969,0.09732062841426432,0.056593434096752986,0.11582736566636252,0.14670519707167728
