0.07405164949327477,0.1084121608941805,0.06493241791884753,0.06336607897740724,0.067399903576611,0.40382621990357626,0.06020795498181578,0.04166889992891896,0.11613471432536793
0.05116000213179069,0.058922052518115685,0.009580795453363964,0.040843883929966816,0.11427650506239821,0.08462857135635954,0.03820466757344513,0.02362071847579107,0.578762803498769
0.0731573131042489,0.19238567502101056,0.025060918304561336,0.17089485751950148,0.06844345756516036,0.23832954020420638,0.04455201150691183,0.030056451915151605,0.15711977485924752
0.24471306751434088,0.026744379496452874,0.2773419693806218,0.10314342283464879,0.08718242403806103,0.09330783178253192,0.07199487877945482,0.04932391039427744,0.0462481157796105
0.099387024931878,0.10285190401692512,0.14091399138864188,0.1650163546567028,0.10770252366104409,0.09051841001690371,0.1889639349251481,0.05312107687459561,0.05152477952816067
0.10187911676829352,0.02605319556891587,0.05122042801984827,0.07708184150506327,0.0686906900417411,0.26939250720768637,0.06552685756343528,0.059843908203851694,0.28031145512116457
0.10133699627443726,0.12657455084776248,0.04001642439626137,0.21400659456816082,0.06887233132857444,0.283150167766107,0.05544693910298615,0.039230967922406684,0.07136502779330371
0.06301248588278262,0.023531047498329054,0.01620334038577551,0.07296101481436335,0.060395420314199776,0.10879147129297388,0.042180229162210675,0.10532089354181745,0.5076040971075477
0.0650595548122465,0.05518018285694237,0.17313028071620842,0.2904276332011726,0.07858056327497015,0.16445449890272165,0.02022682372985871,0.044307509740491746,0.10863295276538794
0.17579880742957388,0.11172115920908686,0.017727784104549754,0.08873185583527982,0.09910185350247004,0.1356135971707979,0.01571240028673872,0.17193614382074585,0.18365639864075722
0.06332726300399844,0.03735720083984989,0.03042564585309195,0.056084682026361604,0.0974569519741545,0.09086631249563261,0.020960536770284994,0.07925294601794992,0.5242684610186762
0.09868102398018452,0.12567288521393033,0.256772176026967,0.05436538079847784,0.07720430637415905,0.042374819849208024,0.14997809354580074,0.06426576169421896,0.1306855525170535
0.12150003769891837,0.023997381259912954,0.19309830555510468,0.07711742063051315,0.17556636823507,0.09313867002454118,0.07311465959125778,0.05328347876018405,0.18918367824449786
0.15919386996360438,0.06976429682801123,0.04996290361542329,0.06021031201153287,0.06627608008821513,0.0805657039284993,0.20378484998177848,0.2116885364351677,0.0985534471477677
0.1338352179860333,0.09228598288381928,0.05825771675132028,0.11446806902944302,0.08097717248311755,0.268524921624196,0.10423236433533811,0.03492900337269681,0.11248955153403566
0.16780553359281347,0.07188316740952995,0.09659766611665178,0.14285674995197276,0.05840983013302076,0.17854798968172933,0.13414427524609018,0.014679536905033588,0.13507525096315823
0.11051701972356522,0.12234762916141269,0.1464219072530548,0.12685768204033412,0.13505281544601078,0.17327802565320247,0.05476763777533745,0.06021506433080052,0.07054221861628206
0.05977044283384512,0.22272519486334522,0.03699465302038892,0.13910998947168682,0.08911323523442682,0.1685491603523075,0.21014163310869818,0.01563393863946801,0.05796175247583338
0.3010614470465764,0.07460331010411114,0.15274982321060657,0.05284339887656786,0.10011473892525218,0.030947898046995548,0.06902729341127513,0.07367185374866259,0.1449802366299526
0.13881754747840946,0.03532723375651497,0.08856609598556803,0.11809327858763587,0.057324019839406666,0.4833662516090216,0.023667366660121883,0.01412562555723558,0.04071258052608596
0.3397009197354122,0.012908903999616125,0.07581626759353254,0.06404695768917315,0.04996869012155939,0.14988629056356884,0.0468958121275691,0.019992980910731702,0.24078317725883683
0.12272060928183239,0.09515752870086784,0.023623346980883187,0.08020017890640725,0.06777313644319088,0.2526006847930822,0.03485432203905628,0.046922042880727044,0.276148149973953
0.06408801969512994,0.15783725549823793,0.03779458153563099,0.21687184883269173,0.07691251270363272,0.22011014477170945,0.0739950293917786,0.0524516858666774,0.09993892170451124
0.05156322805743894,0.09500757845228569,0.022768984643813245,0.2078889612379299,0.0767431745315608,0.24666276136332624,0.07413823607389335,0.0488396577243299,0.17638741791542198
0.09171899955961926,0.047075024832173816,0.07432347053044797,0.053752659380472946,0.05346576031620198,0.5345440241934525,0.048264452876189474,0.02079899208835468,0.07605661622308746
0.10054850278508494,0.05246998416330642,0.12419954874407835,0.08130556441096097,0.20614766996452386,0.12385349679102664,0.09940912658599,0.08234146184112805,0.1297246447139008
0.08999888909630487,0.056729600099200105,0.033683322030926735,0.10301751811960591,0.0902585324826553,0.15620760335517156,0.11477385952711487,0.052435650922908104,0.3028950243661126
0.20357016881082654,0.0713263323064235,0.0675372397949842,0.09247479830301387,0.13483460728079705,0.11110484240982293,0.10580129925477594,0.14175470671532195,0.07159600512403395
0.04886428209882277,0.10705733020258601,0.24533110858869875,0.09456762496908,0.11496722216059536,0.1407857832536302,0.13598762005449125,0.06651971191483388,0.04591931675726172
0.1427398782869996,0.12122878574553314,0.08114221530790365,0.1849838628324122,0.09576050574417859,0.08996489951596931,0.09133309799815875,0.12149163037480808,0.07135512419403668
0.044703413621877165,0.022165190231051516,0.04078576620472596,0.0902530188535991,0.13437302403831478,0.1534827158802147,0.27327282186181207,0.06927451047324103,0.1716895388351637
0.07701187074762904,0.11476946262873007,0.06119001790146653,0.06765095083098575,0.0737418497700614,0.264684050237684,0.14349661286556986,0.07641215823021041,0.12104302678766293
0.062195489961754113,0.02025675595135046,0.10982591013221259,0.13913389697192888,0.06900056045472347,0.38065852014393303,0.07677955991673838,0.04442408715423803,0.09772521931312095
0.12226372033187421,0.02389592389716333,0.14567787046060707,0.06911823694082653,0.09015356856993073,0.1370865440736275,0.10645231840389725,0.03195314173147435,0.273398675590599
0.13149166873215393,0.17676671439778266,0.04615195008460345,0.10750139455089162,0.09133082544982925,0.11000999593946076,0.2138380438304873,0.06715742285636518,0.05575198415842581
0.10214269478217942,0.08767625761250121,0.20584328039945113,0.08793129920025046,0.10154598973461439,0.13785353340093423,0.05776317062380339,0.045073822361293286,0.17416995188497245
0.07360153314036207,0.24976337121302783,0.07684467609248928,0.09824168084325828,0.1284228650567125,0.13450333236852743,0.06680167660605911,0.06004908541830075,0.11177177926126274
0.1083481251923737,0.03340340706980095,0.06530009316827999,0.09531232311162445,0.14275322659532994,0.1913353241481545,0.10614007019451377,0.1181981130696883,0.1392093174502344
0.18498844290061742,0.02896886894988868,0.1085059809614468,0.061645941018084426,0.12209071737201767,0.04980765150053725,0.07520005713620763,0.11924233833898286,0.2495500018222173
0.1315632254288757,0.06402665667152464,0.010649317136611445,0.0612343963675314,0.05231343688122797,0.03337257160431983,0.1583823198573501,0.047569521514102577,0.4408885545384564
0.07891205913703704,0.1462673584598978,0.09646891857876416,0.12705175191808488,0.06985256811010986,0.06782751837335886,0.1499998960276507,0.15174468887708814,0.11187524051800851
0.1170199206703717,0.039745621768677304,0.1586308040227108,0.1012537813490177,0.10703946099231987,0.20016735884752754,0.14697505527898883,0.10364030425149291,0.025527692818893246
0.037801421485578975,0.03606627621023393,0.012428158860474561,0.05644940157459969,0.050823065464489815,0.10296599854854177,0.05205359651864936,0.06376213309002902,0.5876499482474028
0.06601589642790574,0.03640226988349689,0.037713920967224805,0.05299035401531041,0.10019493732382985,0.1937911423728588,0.031219514803454983,0.03760293232468415,0.44406903188123437
0.1509411660675931,0.2875567100053114,0.006695069314332151,0.047129723777376516,0.10592007090412463,0.17919726438112438,0.04582993045800854,0.06823009300002547,0.10849997209210376
0.054678923226295695,0.16074481356251846,0.04548790387667436,0.07308074692653323,0.1090850738695267,0.439887624264963,0.035570145495367654,0.022683131774616953,0.05878163700350392
0.07820226616960592,0.06078089167191978,0.04817479708545041,0.1355608202008377,0.1657200073043059,0.12027288940287727,0.2038123714145875,0.08638015126278921,0.10109580548762633
0.07382812196169425,0.03153383929874981,0.11023898111909021,0.09184022283108456,0.14896566992163782,0.19124990130928565,0.04180731781291419,0.05880323442522311,0.25173271132032043
0.20397783301341754,0.012860635591830502,0.3275569587834448,0.094034840471749,0.17441968519555498,0.030881614544417693,0.07647708898910281,0.020126428709627112,0.05966491470085553
0.2755749814135768,0.02120069967629241,0.14629361072062272,0.19038114132162623,0.144249271115234,0.027196056971044092,0.10864382220011655,0.07447541249554905,0.011985004085938182
0.1620521953150633,0.04436754512631703,0.2298425714506699,0.08551335678678244,0.062443329135038646,0.1816042219943387,0.10351310168208543,0.014014280597468115,0.11664939791223637
0.04659709312186311,0.019545884595509922,0.018141677057530222,0.07776752476722788,0.1413845417859412,0.07477349481573121,0.19368085005988123,0.05792118537711879,0.3701877484191964
0.4866769950538128,0.09081775949698774,0.04276864473777997,0.08975965697216277,0.07805210433513193,0.025937661959074418,0.0955523683780871,0.03160914524873534,0.0588256638182279
0.03931153575031474,0.04597166001521193,0.02456234118722137,0.044662358602212675,0.056849630804103275,0.2522756435506402,0.03980726082572207,0.041615789043880726,0.4549437802206929
0.1773130882303456,0.5094051787855721,0.01330335867800061,0.16373246117127502,0.04731357427613534,0.02494679132319652,0.024498235219161935,0.007944975679062776,0.0315423366372501
0.3284146106016818,0.11825487467009647,0.05244673264586721,0.06915132390748992,0.1351697074637288,0.03474126579410325,0.11289774543276097,0.06563695408684332,0.08328678539742826
0.04784076364376586,0.10912868627362853,0.22664799754432996,0.06630275015221947,0.0554718527811881,0.3687806468547568,0.05289686458058592,0.017357490182594974,0.055572947986930375
0.10120765719520902,0.03122843132830477,0.006407263544321316,0.05562862550915312,0.06238826423703687,0.22064453132941267,0.07739749825936292,0.016262521038043293,0.4288352075591561
0.09942871133035959,0.1500606955287014,0.09341829209466841,0.09789443684746339,0.08689061201263748,0.2263212373303478,0.07880013695296767,0.09913591885372423,0.06804995904913
0.1784985638040708,0.076388418934227,0.09182992879209691,0.07063356676829664,0.10481760853268357,0.23524616498322004,0.03512626526330432,0.024368211660439426,0.18309127126166122
0.04713739850472293,0.02323516021102989,0.013258235266918578,0.08530228762706886,0.12871366734186288,0.1323302706634628,0.04471234616075522,0.18180120951224835,0.3435094247119305
0.23543392422201137,0.17163888717385287,0.024479606091383,0.19349771450665212,0.056563766798754044,0.08672013812413037,0.055315785176259395,0.024787655942815966,0.15156252196414097
0.05742602594970337,0.29058661423925874,0.021519747901022263,0.09285193253751615,0.06019883308615942,0.34071680047156966,0.032756619106568505,0.06995254295850872,0.033990883749693196
0.0543483595337896,0.13271549498627203,0.02598357345674944,0.2539051089304725,0.0685705477596142,0.16583219806011254,0.07881701760673153,0.015710289943839526,0.20411740972241862
0.12714421051586558,0.07235582832088037,0.03555533049344331,0.10189973833196757,0.24649543076183522,0.015467342125535842,0.10093762325015147,0.19253920321684062,0.10760529298348005
0.0552930704200451,0.03206842907005384,0.13540237385625187,0.10008589117445871,0.10485167794591894,0.2569122335190147,0.036125017151143524,0.15915168108137892,0.12010962578173434
0.07423999360989732,0.03521865212100336,0.013968354431785157,0.05775553528217925,0.08432079473632421,0.08784884194676225,0.01637349820896807,0.02171485194008574,0.6085594777229946
0.2597648393889909,0.22350076242328887,0.072674971561153,0.12693556699779293,0.10029045411529748,0.08483980665023542,0.07211794635158277,0.018196470306525953,0.04167918220513266
0.172705851681628,0.16028802225238806,0.03370407454980587,0.05550541983029126,0.11648228888754612,0.13731263588924847,0.13386074151795532,0.03395928996444275,0.15618167542669417
0.30848866783938456,0.04607185483566243,0.3174882593217221,0.09114863734504403,0.058399242657806605,0.06336798848441673,0.07702053059611357,0.013248384137351119,0.024766434782498892
0.037811653995248246,0.07223641146620714,0.11163020783193572,0.24985465386801495,0.05689007261697456,0.2427393216761482,0.10820331447256903,0.07830910461974988,0.042325259453152346
0.13117986490123099,0.08161586674296581,0.031195111625256122,0.12714581686634543,0.09123927011041338,0.19588799398672427,0.044760080336242486,0.0946774304720357,0.20229856495878584
0.11235145554775185,0.09514306899611509,0.13444571486433232,0.09158639398951897,0.10565751225416764,0.20867304842949871,0.12710827104163955,0.04576436251572463,0.07927017236125122
0.0447048753992701,0.15177761370889287,0.023106254588502195,0.08612686422703818,0.049408475962230664,0.10018091106937414,0.09262442049900466,0.05294213324279165,0.3991284513028956
0.11636904263502496,0.0464422526041805,0.04969244376983827,0.10359179578666321,0.0777227458864668,0.3581407521276872,0.09107676416095185,0.012804018861326245,0.14416018416786094
0.10922255455147604,0.11825150566336277,0.014253316698168607,0.05005539490759469,0.05777342987617703,0.3548302875324323,0.03955607145942101,0.21985789548562087,0.03619954382574681
0.04418020738181971,0.1873006453991629,0.23613580977577384,0.10949147605895726,0.062055454661106076,0.20681550062958196,0.06186526357679394,0.015824648784268504,0.07633099373253581
0.041856484042065704,0.09218925649597771,0.01890969961235574,0.06386324299518863,0.05466416452844358,0.41430810648616184,0.03928937473105707,0.015540222063653653,0.2593794490450961
0.08534293481882244,0.09756121777973618,0.035507078133756476,0.21137957754346412,0.09091676606333886,0.17620281478530483,0.056777984479592696,0.13900609905503328,0.10730552734095121
0.45413241293754886,0.05229800747991834,0.028790716745661405,0.04768283676582793,0.07322454692217166,0.15761953448370017,0.05030033432081332,0.09502714067050433,0.04092446967385396
0.1071391928440263,0.09994951430159828,0.07770858813269105,0.08883265928976852,0.05892533921544261,0.44717953667102717,0.026279676304804354,0.07412487598318292,0.019860617257458774
0.11714568523447627,0.07590266098178584,0.04825226445065528,0.08773304782387188,0.051867745214562756,0.49602732643108904,0.08925135935147842,0.0100456366069138,0.02377427390516663
0.2847793013687234,0.1016522726802938,0.02807341455254526,0.08135360982048924,0.07095115987549215,0.3170888419138634,0.03801888414441348,0.03362176054778556,0.04446075509639379
0.0603805722052329,0.018081010928794744,0.017183998160595147,0.036234742841273544,0.13282437598254473,0.2698018070402838,0.03350424567713026,0.03771977401325707,0.39426947315088773
0.3968093400760922,0.11937802995532691,0.12667273000883864,0.15505820840077456,0.06577949256755602,0.038744663892519265,0.03540597116545193,0.01605578131206206,0.046095782621378444
0.0682338577749392,0.18411625198530826,0.20668056141335897,0.13947196037555265,0.10880949989817816,0.1189845369558687,0.09306006964997889,0.048036153838060196,0.032607108108754966
0.14021863878041593,0.35014247798835446,0.07916954563724596,0.06228165176885895,0.09663122385422174,0.08440992076610639,0.05997829660536841,0.04660736412628433,0.08056088047314376
0.37573003018546786,0.17541552223224613,0.12682768574608588,0.06299809653211531,0.07229351752566403,0.06217233827924203,0.042159530427006264,0.035470561566689505,0.04693271750548302
0.08805832197979184,0.07924044465402445,0.015044324411782875,0.04655571421744481,0.07042410957824984,0.17002043191487226,0.11481212773846461,0.022659565563095525,0.3931849599422738
0.04535505582953516,0.08015385383110908,0.047605517927991926,0.39573545453398706,0.06751276378292957,0.22770584008276193,0.04910582176496501,0.027546322034251402,0.059279370212468784
0.3717136151376071,0.034537970751306886,0.11154149874409458,0.0710010918583782,0.074089065153825,0.06212252192724291,0.15221435815985285,0.028540559399074055,0.09423931886861846
0.05359680214092599,0.4106018389110808,0.08396186358312224,0.0492683826066832,0.06282546492156678,0.26739787751265437,0.01547269049048236,0.017126467843647335,0.039748611989836896
0.05002254984681622,0.12929952698529001,0.015476513796909992,0.04073596789173577,0.0996810391657806,0.052008308283717,0.043233649874756815,0.05475718493654345,0.5147852592184501
0.08714538601427763,0.06428879480546129,0.026528187946998624,0.06936570442742375,0.15820579657300116,0.35642177155929655,0.10864320097545442,0.034437921511060586,0.09496323618702601
0.06092616757729239,0.07577782909439541,0.045954310015317586,0.15622161674252885,0.05112824639438677,0.26984151386954064,0.26853219354319124,0.03070614017922768,0.04091198258411954
0.3255355200627553,0.028358253536846168,0.22224644540820568,0.05216439535735418,0.10319413418571778,0.08293276541068664,0.09427597557515559,0.06551379382408785,0.025778716639190857
0.03562893303092916,0.07135211771984362,0.2137118750980853,0.13956764641258462,0.07873720867802174,0.3125402920299187,0.05098139306330148,0.0640179731132584,0.03346256085405688
0.1139547464925534,0.030042593491257527,0.1652620497014752,0.08680620977006,0.07832867348488033,0.3389448497275403,0.046894465984719,0.031624573055476786,0.1081418382920374
0.033362864890770984,0.04474693609913513,0.020806031772273404,0.0359126564667472,0.13026725360334926,0.1679138272006598,0.01756012720075893,0.021930746973178455,0.5274995557931269
0.14588555844236084,0.22983081520572723,0.039298752555930884,0.15615424726966476,0.10230957265142099,0.10382718551833431,0.12733141186152877,0.04349705111620667,0.0518654053788255
0.10250716014477335,0.21782373865564378,0.06329942561462344,0.08578861124401382,0.1237284527928801,0.10767201570401048,0.20270143479987288,0.062151609053501894,0.03432755199068022
0.18147538925710158,0.07819151519639554,0.05533226579004891,0.10225400840874595,0.12623109626189014,0.08039898432916824,0.13045833283594316,0.15024983094190983,0.09540857697879664
0.10995421637342255,0.1296688259040544,0.11525782370871546,0.14902856969635878,0.10926340765022717,0.12466620229030034,0.10121642596237763,0.05807991667490004,0.10286461173964362
0.2807558024520162,0.06448654122620866,0.11050651455097811,0.0850514548176479,0.1268042865341958,0.1215540993731945,0.08142201111135616,0.06925739079116126,0.060161899143241326
0.13975469768350984,0.3886200811725331,0.016346129260496497,0.07714074116702652,0.06577041662967399,0.059959125392312,0.11988659978048173,0.08351464671674926,0.04900756219721699
0.17004297921527314,0.06974859118863819,0.04785529381261885,0.15634848762326425,0.10108454184640836,0.19487607890554473,0.1926898702772586,0.019209454855715128,0.04814470227527872
0.0442637359995083,0.12114575039476537,0.013893677262921721,0.11988996826468334,0.050897946002469795,0.5665874899438705,0.01273356428656447,0.022854823373842873,0.047733044471373644
0.1594226256242547,0.04385042469340269,0.0141523440569946,0.22662394451164483,0.07642947943143692,0.13410587276070432,0.13968417292156501,0.029059072121538604,0.17667206387845824
0.06079556974510889,0.031032841585525214,0.017777718312714855,0.06119443635351391,0.07567383212908112,0.12932560589784578,0.015670579450128053,0.03495368407174839,0.5735757324543337
0.2391573985799593,0.02950217439229549,0.040844187053259436,0.12395878948826333,0.07954180414862327,0.17847982320243716,0.03346137048187021,0.03613682876126977,0.2389176238920221
0.28741454100417574,0.06852717570937805,0.3764156794572567,0.045717819538066355,0.05923890011141075,0.04340136632947719,0.054733455237217433,0.05614239805302843,0.008408664559989317
0.33783938279543263,0.006508632475356299,0.3169100429326622,0.1457850669309961,0.10127942679837514,0.060405270002893335,0.009057902518505792,0.006252487582485165,0.015961787963293343
0.03982530205035597,0.22015197864715774,0.05177639074274721,0.06986309082720117,0.05724225024175498,0.08339953100804592,0.15802308634246984,0.1985786798922098,0.12113969024805749
0.04788549662307887,0.015085728867057778,0.016191401981318507,0.07246105373426663,0.08841478703973323,0.19917521352662074,0.044019485056678326,0.04578426794321108,0.47098256522803483
0.036749056615871994,0.08483806766962639,0.016084293880641004,0.1841718682904585,0.08983486656352242,0.40914818048132534,0.03774758504733858,0.019669793092756585,0.12175628835845907
0.0969750036381752,0.11182562191882993,0.06293530498509088,0.08277845084812673,0.12431524464425177,0.19317252069431237,0.08344311705439478,0.027351515808356288,0.21720322040846204
0.20996763987509084,0.02471697178662365,0.11440422682155178,0.08835429702288912,0.2236032453558385,0.026191425588871765,0.08560681166558892,0.09816310742312595,0.12899227446041947
0.049594020678407735,0.14563349050002536,0.06996779378732279,0.08821310693454781,0.036763113073315964,0.2718830540633728,0.23463027122938476,0.08474311853281434,0.018572031200808407
0.041067957948804544,0.05234844744364973,0.020532554102752263,0.062241947518521,0.05071562560953639,0.3519078505933939,0.03126046646570298,0.18270033375305772,0.2072248165645815
0.06780320385241868,0.031641826034380836,0.07839432782702765,0.09192002324445914,0.13906751387286756,0.2773682835168068,0.06127497590231917,0.05967050459497932,0.19285934115474082
0.2528881628577728,0.09482993797264498,0.25563657044864313,0.12562561174452805,0.07893941476270463,0.060750421090965435,0.04733683405016501,0.05453833536598005,0.029454711706595815
0.17660797997041267,0.04719412229138384,0.11622028091051802,0.2510501107543836,0.08241598895952536,0.034629498465679386,0.10274997389705685,0.16006051450543843,0.029071530245601832
0.05423998025310786,0.011744847111751036,0.01653763021054318,0.06518437253325816,0.0918845848327285,0.16677296513575957,0.021567798990094495,0.0575176679387581,0.5145501529939992
0.34713835718153235,0.05189723383301877,0.22230929716575173,0.08358783956649124,0.05808959755087248,0.11278173925117957,0.02804689744802366,0.044511075619016884,0.05163796238411336
0.10208516330964683,0.03412075390642518,0.021894405749754597,0.05388061332611113,0.114260279708639,0.17460144015020043,0.08900282157902006,0.0277253867333019,0.3824291355369009
0.04902605212154242,0.5123008836852638,0.07067958500349565,0.09404782482956957,0.057128242008582686,0.06250488298496554,0.07810373555293215,0.012808124488728478,0.0634006693249196
0.09861965017645975,0.156078562292818,0.10950790706520097,0.2704290010232903,0.15258569807617292,0.08930735117845183,0.06683259054968127,0.02126828062043209,0.03537095901749276
0.05893960600850434,0.06258282156890159,0.024972133436764295,0.13259777703312467,0.08273953231640414,0.4746150784748995,0.013013471181487157,0.09513795721035116,0.05540162276956321
0.13603775503921567,0.1613878028934506,0.07635280879459098,0.0696874631571243,0.14230209994000756,0.1142340092886549,0.11044767801336908,0.07911642418046534,0.11043395869312163
0.13926535729978373,0.07789055142230239,0.0510041596123731,0.15620932143371433,0.07442210036739276,0.1097665687630384,0.04990345982044808,0.08676147038429254,0.25477701089665467
0.11404639245752506,0.0473650574665925,0.03003043699545277,0.04254317129374056,0.10107996645358354,0.021145664036660888,0.07289098492313295,0.03795157283621067,0.532946753537101
0.09085259719280081,0.042454221684783716,0.15681566649942816,0.17357524030475324,0.08949109962109751,0.16912973239465437,0.16457465435390958,0.05742067744585275,0.05568611050271983
0.3620094427249909,0.01614734718772708,0.33821650084178273,0.08612741735549073,0.06344924573448989,0.0303721959622609,0.0843699577227065,0.007593081119050905,0.011714811351500362
0.13070502094766107,0.019003730189044294,0.028363133951495922,0.10464789913206256,0.08378809185155241,0.049011802597710784,0.09131483592775741,0.08523517148235682,0.4079303139203588
0.15328505723778751,0.10014068226072502,0.14778607201251606,0.10321129071774725,0.18796798441394333,0.1759324559282797,0.07325917759773991,0.025810186565443552,0.032607093265817726
0.09943566302745253,0.21265779273923602,0.08115966335180452,0.10750726757304709,0.09825659205532772,0.1151808313256334,0.08916665264727645,0.18359248318329224,0.013043054096930082
0.0580249486220893,0.10310111976022295,0.2214051396326632,0.17667821630514421,0.13011775595754035,0.11480132347976897,0.026122521270398574,0.0953984959784377,0.07435047899373472
0.18189695339138287,0.02922269719299662,0.25979486183907685,0.11912217176463095,0.0733450095922248,0.11112241648426706,0.06415800440245095,0.08661295371246956,0.0747249316205003
0.05695320921666494,0.07910712386546641,0.036176658250478395,0.08066628810221171,0.11316260830550978,0.19242586538613496,0.04782922194708169,0.10818940121863535,0.28548962370781666
0.11315713960250284,0.07543237191963538,0.03492167841555194,0.15857626090279456,0.11886076026639651,0.05914516481239401,0.22470993962633448,0.04920905957706289,0.16598762487732732
0.21874782085561728,0.02530761130857948,0.05129115873942373,0.07866703196190761,0.08106444547655628,0.28113038998490686,0.10509781222565269,0.06459840909660342,0.09409532035075267
0.1615089613192008,0.10935049736030611,0.016309608790536126,0.055829133845655056,0.06698871810782053,0.18906735532441263,0.0943317095453377,0.08706886150286368,0.21954515420386736
0.3127422467289328,0.022389159213041108,0.1176516533029169,0.1254386024072903,0.08116179782823317,0.206210708620576,0.052894786739713574,0.01840805948380193,0.0631029856754942
0.10108086748285748,0.16529354093670104,0.12973575397960252,0.08646937618068677,0.06663323909964831,0.30156281415347996,0.0561327665589847,0.015007582262175486,0.07808405934586372
0.34713835718153235,0.05189723383301877,0.22230929716575173,0.08358783956649124,0.05808959755087248,0.11278173925117957,0.02804689744802366,0.044511075619016884,0.05163796238411336
0.4060170154939911,0.0686454449722682,0.008810887765616324,0.06581819394337488,0.1227964402300909,0.1631625558774875,0.057027761731319564,0.030480602515946854,0.07724109746990476
0.19815758320293853,0.06468067995333772,0.10565195795697209,0.11665911805241937,0.07229658942460837,0.3493863293126302,0.06052113864795063,0.014160003626927748,0.01848659982221541
0.08893484949729624,0.051079459950340654,0.15633226622076893,0.1524362975092662,0.08402270883375677,0.05742492924768692,0.06458953892854853,0.11868054531404369,0.22649940449829198
0.07798643365175226,0.12022455602150263,0.026651417384384743,0.12756799866381494,0.07411467177807234,0.4056864700701519,0.06147995719270465,0.027282298601603625,0.07900619663601292
0.3255355200627553,0.028358253536846168,0.22224644540820568,0.05216439535735418,0.10319413418571778,0.08293276541068664,0.09427597557515559,0.06551379382408785,0.025778716639190857
0.10361181812060986,0.011198006010414057,0.3275865303347012,0.22673980974170538,0.04951937978235129,0.206635475326333,0.05753130384201988,0.008538126197053285,0.00863955064481207
0.15113216586417386,0.06009715796879999,0.11648689319219797,0.10521093919157,0.10316526982236836,0.07459421911273315,0.13749232893985933,0.06084798649566971,0.19097303941262767
0.1851431080789412,0.007364810985556122,0.13512041444272402,0.20126920978829124,0.07802409383180693,0.1184866565650301,0.05981873050961167,0.022544990021529706,0.1922279857765091
0.14010834467694516,0.01876276447195933,0.05109678907164709,0.09841076462997676,0.13255680258472155,0.3567085952652907,0.0819896955824016,0.07104284763942369,0.04932339607763414
0.15111992913846015,0.2782064596032012,0.0825822363349908,0.056561753081346665,0.05110186805518558,0.07985905794172583,0.269265085410986,0.013493481588408962,0.017810128845694852
0.10634400722751684,0.07261773677752295,0.20711754163718854,0.18642658219046307,0.06476875811935758,0.24903629184998666,0.018600438824634427,0.040871509587254225,0.054217133786075844
0.07203161160799053,0.030043887656813987,0.11079951230320417,0.18156035715385468,0.11246864632231764,0.10357570082526796,0.028000104129463355,0.2122113538044402,0.1493088261966476
0.20428955192811593,0.03758209661304706,0.06894610639453527,0.09235601616427236,0.09528285840548867,0.10175616144037512,0.06874849840611628,0.25513892664904514,0.0758997839990042
0.14716317453704433,0.10076968746159591,0.1210534816810772,0.16355957072025515,0.1147405003549234,0.15879199319513912,0.03218691707114573,0.1342535048541338,0.02748117012468532
0.11262369916812807,0.0046166382254290575,0.4074006222607742,0.12389993941595302,0.037724766585877915,0.23722492910314044,0.013973300429957003,0.011862838997918401,0.05067326581282189
0.2731494668864456,0.05124604112435066,0.3249522906825775,0.05412994624856223,0.0810555158874652,0.03091568000449671,0.10148028590017598,0.018027599270135457,0.06504317399579063
0.253288502096855,0.13827824926801693,0.05134753511960006,0.050307052207508536,0.13128999512592684,0.04056778505982626,0.23080253501287962,0.07513111911002636,0.02898722699936038
0.11361929179415502,0.04349143534704031,0.08898123022607281,0.08151176865059745,0.13214228317693485,0.04853610334567976,0.15971041297475258,0.11298529761247582,0.21902217687229145
0.11989393731426638,0.017072377729222363,0.028398062299966508,0.04131322974733854,0.13162554964727183,0.15245733533176123,0.021231993419844677,0.018104331211619144,0.4699031832987093
0.2080284615029401,0.06017039219725432,0.08205488024493864,0.053636102822491226,0.24986788976556865,0.03571874668899193,0.049050456176411406,0.09135844465222283,0.17011462594918092
0.07334647192106618,0.17019333381938295,0.1121376745365567,0.10445389964106734,0.1310796692938018,0.06113540804186022,0.10887625741820238,0.06246607784065033,0.17631120748741214
0.22055198990081815,0.012459072138012936,0.03243747733147419,0.11214041345127923,0.10649734724906768,0.151134272789445,0.026846585374885042,0.12055603392382075,0.21737680784119706
0.15591739210532232,0.2060385369333755,0.12033859381276428,0.10776293251666984,0.09830400864261246,0.050039347382618136,0.05140463049054411,0.11463423963077864,0.09556031848531471
0.049376980091557054,0.061966447446533346,0.047495701659442204,0.07354578490292239,0.10933548658785537,0.22836286936302966,0.07693488736157843,0.04500021478746688,0.30798162779961463
0.3881591425083984,0.02759704880956201,0.1848851512973071,0.08861932885154651,0.05330575387614154,0.07361251106321963,0.0891457648188713,0.01606234013920563,0.07861295863574791
0.06325169213410224,0.062340416578053275,0.10389538891412954,0.08682472008994511,0.06692101491457188,0.4311766919482134,0.12186374127472743,0.03925198217983624,0.024474351966420924
0.14161190299627216,0.05684504164432336,0.09085762171494587,0.1858351518193749,0.08193229586265752,0.085062615385869,0.08657881631443082,0.18166241864004062,0.08961413562208571
0.19256576499128922,0.07373012665814112,0.06648391606360128,0.0719343563054876,0.09112715249255414,0.17325956310773508,0.10326316378544043,0.09428254647712932,0.1333534101186218
0.06058478801967495,0.1402994623174761,0.13680362703308221,0.10839938369941186,0.08154425169252612,0.3818353967899428,0.030546028420848647,0.028894011717469404,0.031093050309567927
0.14317990838263808,0.08883410214358622,0.47348241890554066,0.0686709672027613,0.06969971507445162,0.04336850820872969,0.03221237885890193,0.037376492745852787,0.043175508477537795
0.08243073743722054,0.23144171282422646,0.1637308133016438,0.12805983114608982,0.10017018237985013,0.04283949470395238,0.11879831955067215,0.043111839693624615,0.08941706896272007
0.11838120726474878,0.10437321560048733,0.07730780366079433,0.1451647496012314,0.07025952869310294,0.2448665054003821,0.11230505469606007,0.05835413440697514,0.06898780067621779
0.22191987397296042,0.06108509148150729,0.05423407964364609,0.0740627913056342,0.13167529148449772,0.07303366208453703,0.1458269639059927,0.1347040059911371,0.10345824013008749
0.10379060688635884,0.01792846383531039,0.01736795311889766,0.06133465489546439,0.14609260194996507,0.04135056534232812,0.0393586674806868,0.034832692573799826,0.5379437939171888
0.10639929123174045,0.1980886134774389,0.036207629770421156,0.16116482771428142,0.07118625794470013,0.2002500877802821,0.05612710405713128,0.047378352197936714,0.12319783582606779
0.1118915207217364,0.27601604215064984,0.06562091043771877,0.11322654547331834,0.09334996293098807,0.10920614199959174,0.1106649118709131,0.06047308503077161,0.05955087938431214
0.2695900817077324,0.11051669669401089,0.04410326687273541,0.053464232511834936,0.17524536785584025,0.049575987451522696,0.07705848266320675,0.05205968606198475,0.16838619818113196
0.13366556574988714,0.038549435290463896,0.07627450232867046,0.11664878018487172,0.09252913121080768,0.02955147520791523,0.21527188359075958,0.06471785553888036,0.2327913708977439
0.045628841748030835,0.27552671383669103,0.08470981574893093,0.12686960550212503,0.09706800187328168,0.16479141178131046,0.1314046504596714,0.0586293716709708,0.015371587378987842
0.0504307193858497,0.0814312258989031,0.15795200595604372,0.14698259124560767,0.06890986930636067,0.3682402783981769,0.043598437510221806,0.025212673673499403,0.05724219862533708
0.06967700948474097,0.022227761357575423,0.05114658160629839,0.10331838034419999,0.10009690656894321,0.5227344416451526,0.05216597393424116,0.041998737516982985,0.03663420754186526
0.1675423343821071,0.022100065814058004,0.10079015484094793,0.08572157066833004,0.10194735343756235,0.08745602206101448,0.26022787019376525,0.13522922907929055,0.038985399522924256
0.053831611155094904,0.1475253596291628,0.09997934153467795,0.09096163532616088,0.06557504787100348,0.20838368052046508,0.06309802814936571,0.04633921982988589,0.22430607598418326
0.08075715000661776,0.12104879799608292,0.1086617426071198,0.14645307120073217,0.17016604972514193,0.10536533003375274,0.13570347568559235,0.09293950456270798,0.038904878182252196
0.1173004908684702,0.17725199714471276,0.02771722900600697,0.14508104798072052,0.06618225884923555,0.31996008707898854,0.051270221139351264,0.04313802909177843,0.052098638840735643
0.09900558328608694,0.04183716159276319,0.20500876176874586,0.0631943679004327,0.11586025826274027,0.05343928038768564,0.14092573834351096,0.10155714179367185,0.17917170666436255
0.21321967851369425,0.1896621292778091,0.11136436745395595,0.055078421225429386,0.13803942135161337,0.13901704804708384,0.1171256799526288,0.013140325167894538,0.02335292900989082
0.18790763335207292,0.13024443289080237,0.03342471138414944,0.10013133164509187,0.11414232377572825,0.21823028800463543,0.07934895940894952,0.03364294249967717,0.10292737703889293
0.05341776110221172,0.06709923386864412,0.1854552067918923,0.15745473736998225,0.09298151817319701,0.2880324435001012,0.0345796723578477,0.03755884470794047,0.08342058212818321
0.05654624690065802,0.0511845185674765,0.016473910090628523,0.03858922185114421,0.09403591581832299,0.12148505422859779,0.012538701832839519,0.06311449169445855,0.546031939015874
0.0573901447291531,0.17082190717071763,0.07793440016146219,0.1255523429893476,0.07543940729595709,0.24878919923074483,0.11314161631275634,0.012101586010605764,0.11882939609925543
0.0855019733311402,0.07667824218651814,0.11550186259236465,0.05934273113518381,0.1277356083546545,0.022126617874361654,0.08646321327026495,0.05960877640036172,0.36704097485515047
0.49402095051834993,0.012178808564929,0.04473092800687085,0.04994939862553913,0.13559360264143067,0.0334288710481764,0.059907958313828336,0.06071557452744871,0.10947390775342696
0.4435024143690581,0.053067558484221115,0.032442643132943885,0.044590054908933974,0.1217024518726486,0.05098295365087657,0.06730130334377289,0.06244908596135129,0.12396153427619351
0.09843706487397862,0.2566526834288279,0.02098151669821878,0.1989363022125663,0.09030664375948226,0.054960221696486816,0.1298726168314474,0.11245746398150828,0.03739548651748351
0.06564736169939174,0.060932296444838725,0.07750517545823411,0.22633605855753558,0.17245928852270623,0.17756767855132485,0.039542926446322235,0.07262358709525224,0.10738562722439428
0.13498803536084844,0.027261548544665795,0.08122530367652432,0.06292587596791943,0.0881573605253676,0.031357900942758234,0.27254376271092856,0.24369716309153358,0.05784304917945405
0.14816910313007567,0.1602602611991631,0.050659035921857824,0.1599726176290515,0.16683338700751013,0.10815527893819121,0.1858166384605788,0.01211894325898145,0.00801473445459027
0.03722924532637907,0.16939094908436128,0.018384047202180065,0.038072317103576815,0.05048371507506987,0.15615131530101262,0.013073007628565107,0.04299659079572632,0.47421881248312886
0.3130060075244871,0.18912121022800824,0.011008609295338789,0.04346165920533027,0.09463499784219102,0.046968655872393274,0.23521525135310353,0.010689939579603106,0.055893669099544595
0.06301248588278262,0.023531047498329054,0.01620334038577551,0.07296101481436335,0.060395420314199776,0.10879147129297388,0.042180229162210675,0.10532089354181745,0.5076040971075477
0.05212387048773821,0.012745138042800907,0.33616235871835826,0.07999123532697004,0.06566397683356864,0.12268218667367037,0.03916665645845513,0.17256509758821872,0.11889947987021976
0.06023653969308183,0.3693286837385792,0.05033005294142212,0.1349835209550624,0.05586667231205685,0.07264191951295905,0.17028254075444735,0.05179241630275098,0.034537653789640105
0.07975028830019404,0.08575684836089109,0.02899518932447793,0.054113138710649406,0.12097515668922014,0.125678909054544,0.08857783237613531,0.032379591440347334,0.3837730457435407
0.23352246685373335,0.060886294205863355,0.05016203421964327,0.05436288455402668,0.15382835911107945,0.2799436166356553,0.11837732015456119,0.026725335714354342,0.02219168855108314
0.1436336129572762,0.10743804823394663,0.036978049261607145,0.05450477428211528,0.30653377378806984,0.05951364633343421,0.042936536359247546,0.15716830483572283,0.09129325394858027
0.06306384514961327,0.07973217057524258,0.13388629451131973,0.0663636840354478,0.07651990852519018,0.34668944133217733,0.06513824533438456,0.13886226056519368,0.029744149971430878
0.13317409049644088,0.3125266713844102,0.1744573810818544,0.09330398161446378,0.06657593174566866,0.10142576011265703,0.06641430306676917,0.03141046198214118,0.020711418515594632
0.07989512817797947,0.2190857883540942,0.017265334929563874,0.14532532430455278,0.05098853203896233,0.054035170078923556,0.25152352426848396,0.008350137959124692,0.1735310598883152
0.07705178819990403,0.12885380803758775,0.14973897470132194,0.18068383079264957,0.1387460977322105,0.15657706479783104,0.1332091652639383,0.019716143274654305,0.015423127199902563
0.07033661517119082,0.022668653620312566,0.03246024541937861,0.08782329419558636,0.09660401897902415,0.22764242288946193,0.02480618945058335,0.05486443146609903,0.38279412880836317
0.16571418672286056,0.06578760499092039,0.05872566748678332,0.1432222400037657,0.10589266179577683,0.13123653030547713,0.23859197454022638,0.05341888355903859,0.03741025059515113
0.07074853050075282,0.05808901224840973,0.1260537642308567,0.13547537060977555,0.08954744033587785,0.15571453685367564,0.0604203382256216,0.13958301374244286,0.16436799325258727
0.0506068838160574,0.01986782722811316,0.021261156516435818,0.03895714727654778,0.09832635488874493,0.15088556595027972,0.027421907089238095,0.040102319795663394,0.5525708374389197
0.05622508866381626,0.093163169392938,0.11657463318730693,0.08953549978140436,0.0682131373738392,0.434681761669324,0.018164396820272825,0.08593899932107636,0.03750331379002208
0.3422225517792137,0.09489254859143391,0.024886827056416913,0.06615219752869321,0.10331278011784646,0.028439483399123316,0.1525800410271887,0.07410338293813112,0.11341018756195263
