0.14570445380656127,0.07845153129193877,0.21153719492694098,0.09207271183508826,0.12627232269775515,0.1530711074744136,0.1004848046184712,0.07270843040516602,0.019697442943664722
0.19041550636866056,0.09632800261923173,0.09859552161010714,0.053503182794855615,0.2441591333609138,0.051737302076193474,0.12834107517271065,0.0535535822304663,0.08336669376686072
0.06685826894041551,0.09178060529643307,0.11020716190344883,0.043842042766566815,0.16154329731466546,0.19227397667093923,0.11189099231222847,0.0912028598410312,0.1304007949542714
0.06052783195278145,0.08324516312142566,0.10133617459719972,0.06011450129137932,0.12669811291055066,0.32883265797864153,0.10093331106196639,0.007453836184945626,0.13085841090110967
0.2970523842335606,0.07590512856419392,0.14439264785069175,0.06871223594496374,0.12904272476662762,0.06936304533275207,0.12771879188109492,0.04794486171192536,0.03986817971419004
0.17399836037024705,0.07979850876592945,0.10288984321175702,0.19734894347872967,0.10229695946888895,0.05694022589431443,0.13161948287946804,0.10869507661633156,0.04641259931433389
0.12813826390977345,0.10592481709777567,0.07127103729303323,0.05623838120389609,0.07040500606170767,0.2297418920121254,0.13904979406092385,0.0491591801819844,0.15007162817878025
0.2278663618679991,0.07411406025497978,0.11994049777287759,0.04463644683571554,0.21756519378656888,0.05463556687895272,0.15056232746861103,0.0355377270987873,0.07514181803550805
0.18462616345612237,0.08963116894352587,0.14461036343488745,0.0465603018036447,0.13330320303611848,0.10272843740336306,0.12833455263277374,0.14772954237132424,0.022476266918240163
0.06492721131544488,0.12199217446763637,0.25460447806492664,0.010646360235751115,0.1481028123435316,0.16096081645399937,0.13094215295106215,0.019472053147908255,0.08835194101973959
0.14475333652098255,0.09270616099512931,0.12633381542858793,0.06864569335316768,0.11746306117000378,0.11549235320461564,0.13924259888813537,0.04403922786538875,0.15132375257398897
0.2531234361760834,0.08677761149580038,0.15200479165430814,0.0829659727092469,0.12448140651461072,0.04950914861103495,0.12111693081972315,0.05620257998096858,0.07381812203822383
0.07060674877689843,0.08986219664918423,0.1891597068510805,0.12618122876638452,0.11909059264036741,0.11796126380288353,0.1166363001374397,0.10223497700205901,0.06826698537370278
0.06437672799049947,0.14828879014638957,0.04911697250427468,0.07324969042902095,0.08390065423714821,0.028922345439902505,0.09325872088400859,0.35400018926926907,0.10488590909948692
0.10016777599460536,0.05475824594492598,0.09973723104460086,0.3968682546868873,0.05305503905820932,0.02672690334891506,0.10057924022006404,0.12151028590080126,0.04659702380099081
0.037615032567441684,0.21269688975794757,0.07433778455011066,0.01247965264978808,0.0717752104715783,0.19488550369470295,0.08152312823634164,0.0713723540080368,0.2433144440640523
0.08981554020668175,0.15224103978091832,0.07426518343736549,0.05948388574786757,0.13976405715131454,0.04128309871185303,0.13641519894300982,0.18601333824351388,0.12071865777747559
0.1296535306454638,0.12557293714767895,0.0812767837039726,0.06383744390345462,0.23814747065076683,0.0727481018575825,0.11095295176934057,0.09314570810950835,0.08466507221223173
0.2149432651774139,0.0734039987153493,0.06042488976792859,0.10352761702962943,0.14481015820342355,0.12792172991396206,0.11332186205976635,0.014785992227393232,0.1468604869051337
0.07227932662646698,0.1266257073199887,0.054549163416003334,0.026699663943901813,0.08383877532479518,0.07780908339560826,0.13746050017737457,0.37398290754022057,0.04675487225564059
0.06864937892444639,0.08124892029153521,0.1053609539533556,0.052005870863915116,0.1644381663733084,0.1699421958547019,0.1192841540314598,0.21193952175916253,0.027130837948115077
0.14495147650074294,0.07116338452662428,0.06583651852950805,0.12565630409197132,0.0432614101825084,0.02368512212898033,0.12999963661847908,0.2884985790099671,0.10694756841121848
0.2510373182174564,0.08668359693256276,0.14536976430758305,0.036530806788166774,0.21355061892508254,0.03975380558449037,0.1313551761482122,0.027646573654949935,0.06807233944149593
0.09234995034224551,0.05075831597113321,0.17845380195981453,0.031220299726131034,0.039960942725181144,0.07537150613316401,0.09077196617000065,0.4295312699293139,0.011581947043016084
0.25145596407265985,0.07827357287255378,0.09228197082806677,0.23952483442482583,0.06712688554877692,0.0341984729925545,0.11020349974715067,0.07037168134176199,0.05656311817164974
0.35346418193556334,0.07569269825421161,0.06441996409442059,0.07554723261308027,0.07981284812848909,0.11785692387071095,0.11903556020319327,0.035064131441249154,0.07910645945908175
0.14636595517565806,0.06245076526267313,0.053345027847326365,0.027378524844324573,0.1437293570765876,0.2276489737947581,0.11527976618859648,0.01964383878149888,0.2041577910285769
0.06677604848991332,0.11116213331458664,0.1272494033494371,0.06492341947122916,0.18282815036537736,0.17987143038355038,0.13476554115168113,0.04763548692601924,0.08478838654820568
0.18905713577991032,0.08840101348038515,0.08071781987305295,0.18630801782924356,0.09356338949101041,0.06490978640652455,0.1353335456327325,0.10542769569825329,0.05628159580888726
0.04732631742789326,0.08340205148646414,0.09074361605411563,0.04824753381760594,0.22652379485413454,0.14693095903426434,0.08329168328599436,0.07202121330418398,0.20151283073534385
0.2283665957443076,0.055493397417467887,0.05675815787759551,0.21741877643376492,0.10721139443253991,0.021990615041083846,0.10923666886136606,0.14426399767426712,0.05926039651760719
0.1367305977450739,0.06911868718109775,0.09769558528845627,0.17545498577439503,0.137300272813994,0.04695008245622279,0.13532126075474463,0.1569013932780714,0.044527134707944276
0.06850913218067946,0.16546812529457133,0.05953058434903725,0.09694468278604772,0.18510653824436507,0.15661196309010347,0.1357460235042428,0.023143050618585848,0.10893989993236708
0.11818061694335269,0.09685566207847378,0.12040500862824703,0.09972925287095509,0.10184914093132592,0.12386031160292184,0.13446400629487423,0.12367318573195912,0.08098281491789038
0.18281331707888712,0.08734724039195065,0.17878893103891083,0.06453417144307269,0.10833248887974394,0.19052405066352318,0.12632638029899576,0.04139685612049612,0.01993656408441979
0.27285972567143885,0.08072438780775963,0.08677691791195596,0.209903932553169,0.09043749388156565,0.03922971968880629,0.10228531000556745,0.08699713701072657,0.03078537546901057
0.18673992864193764,0.07763906519329286,0.1062449928687243,0.055877404671978194,0.14209074517123196,0.14561776760252862,0.1560752490874168,0.08861269192945713,0.04110215483343258
0.2991908925761991,0.07079569246316021,0.077923368220254,0.1738544714759144,0.0870943472293752,0.05709482063622873,0.12434640851937862,0.07969727325841454,0.0300027256210753
0.07500373602547294,0.1402901895903724,0.06303575025514167,0.021870739668544276,0.10057154479164143,0.2903198131512865,0.1327806972292094,0.08463112608718719,0.0914964032011442
0.07011395632766836,0.06861295686054081,0.10794649681313277,0.2876387388182142,0.16610804539945315,0.0478418169035093,0.11359491020220032,0.031586323110500816,0.10655675556478028
0.07493371486188534,0.07576300146942078,0.051710019621189894,0.08738325485044558,0.19045567274808506,0.20247247243905564,0.13128467751138298,0.05470006323481999,0.1312971232637147
0.25991374478917034,0.06297034733004504,0.05915621135656607,0.23329750712571737,0.0961628484658998,0.0719289303138092,0.1442420572966218,0.033648919640493796,0.0386794336816765
0.17738424716137838,0.10355977086810152,0.10380499151890528,0.021993319544806694,0.170793740277525,0.13207287967599762,0.13867518341208776,0.09105973179985362,0.06065613574134404
0.10158880136918141,0.090143828045339,0.055964730856961235,0.09734598724346928,0.18892696802790535,0.1070092609971988,0.15215761793446855,0.1633039786447193,0.043558826880757066
0.06259930109630327,0.10723791572366374,0.08220219180166463,0.044966714580028704,0.22504973104191883,0.2329297942764236,0.14513580306667984,0.033096015312988634,0.06678253310032872
0.12018462502800203,0.12115388152916258,0.05459480080964774,0.12182215709520594,0.18516991335786462,0.11234778801380568,0.14107729535883565,0.053263659672473596,0.09038587913500212
0.16505127840767667,0.12431705365941113,0.13560137732165833,0.1843511534327792,0.11268279258387219,0.07390848773697384,0.16454068313243986,0.017452914566262103,0.022094259158926707
0.10441239638458881,0.14369440813891068,0.13563785406851464,0.0613164122380326,0.09953342974976587,0.13457386664566923,0.14289152191706667,0.14968812539962803,0.02825198545782348
0.030404949563461667,0.07691978220948556,0.07223990484469832,0.10162652579132654,0.12414013415182756,0.13443339116686992,0.08662860888369828,0.03346880955309555,0.34013789383553644
0.1666048317251798,0.055380913454645984,0.03479295717407765,0.18172942495204078,0.1644056021453649,0.02503045098763472,0.1350630929725584,0.2097496108463965,0.027243115742101327
0.1611131353561426,0.12476189264722908,0.15765779187377776,0.07762690719162728,0.14833814318389177,0.13930379645416474,0.11033164255757878,0.029283814048361195,0.05158287668722681
0.11973472521266375,0.10004313784071361,0.1438881884680848,0.04146640448088706,0.08338991887954973,0.12782645574289975,0.13669028240689024,0.12322375915189794,0.12373712781641315
0.1931460164303522,0.09721836709714808,0.19466180621338272,0.12211215451632064,0.08925972685338024,0.04024004643405249,0.13344584869602671,0.0721451065616824,0.057770927197654524
0.23044504986283879,0.10680025093361577,0.06776527424598512,0.253365481444798,0.08437573217851563,0.05438841251036655,0.10820719878912562,0.0711101105607877,0.023542489473966782
0.17447319638854356,0.10826577054988817,0.09006823135606201,0.1956813317675934,0.08145004053836957,0.06586648159542147,0.1254448506699475,0.032877134572047086,0.12587296256212713
0.19874080325144994,0.07838377089612697,0.14148326146330065,0.04559801131324087,0.08130295132303779,0.14446373256516448,0.11953306318094846,0.04599225708600693,0.14450214892072386
0.21112290019028931,0.11642981514950153,0.06034803571595515,0.0944843120533224,0.18123664744820336,0.05087600228625707,0.11631244339392227,0.12046694880322972,0.04872289495931916
0.37009695170337814,0.06879604855649644,0.19412760787016728,0.028394950542047857,0.10419301911695616,0.07970567288891622,0.09726824831542184,0.012534234447269317,0.04488326655934668
0.2525517391926801,0.09484424159064377,0.07546179409466101,0.10814383678463972,0.1262531993662486,0.06530337952332875,0.1697556884056156,0.03185973106207749,0.07582638998010495
0.3177559249038466,0.06813849298934643,0.06596928621929642,0.25215216786731776,0.1153654974159628,0.02932127567833048,0.12171996071600823,0.014263050835127236,0.015314343374763957
0.06872783208844561,0.22399096840849553,0.0734736610276641,0.012333071019104747,0.11194337603446029,0.04927835801651551,0.12236537459672196,0.2266607746973653,0.11122658411122699
0.2376778653913384,0.06561182791234237,0.1154701254064416,0.02895829450523757,0.10411294069859596,0.048354195409041935,0.11637317293602888,0.1076811392992535,0.1757604384417197
0.16046150701150316,0.08787743428598571,0.06682457945868894,0.023909778678349605,0.18203415551417057,0.09173199882644072,0.1264900402283745,0.03693625154524945,0.22373425445123737
0.22119281845623284,0.08567675250678834,0.09880610996022632,0.06629717184209098,0.12797758899995362,0.0876818428765907,0.12135074151520198,0.048174056993316124,0.14284291684959918
0.1897808352987259,0.08604437297433552,0.06989768303708292,0.12367674116026985,0.08200967961331718,0.15605887436414076,0.13433708002562805,0.04160688034870344,0.11658785317779646
0.26191736300005525,0.08168584456567328,0.13726646647144533,0.08642568033042734,0.04826510870990212,0.04824059234973611,0.14704524174590572,0.13470069104466434,0.05445301178219059
0.1747390399835643,0.05704838662711275,0.058991868907909806,0.3580725270779374,0.08624402674306293,0.03266423744933258,0.11758581399245205,0.10220401872285724,0.012450080495770973
0.053212903549314426,0.08065796649138102,0.162153093631971,0.05719628284547671,0.13055339627876983,0.1354092113818668,0.11088466835921061,0.21968872684613872,0.050243750615870796
0.14171072081264133,0.06147009154927411,0.06734598333802798,0.2910197630231403,0.11471531831353594,0.0825088905056627,0.11914413819390952,0.08374136072085576,0.038343733542952306
0.05900199162784103,0.21456395011774052,0.06310620337660942,0.15119205589593387,0.13237436456694543,0.060360938024607215,0.13114703816908468,0.13375123694717375,0.05450222127406403
0.3256806299303457,0.08271718267672319,0.32794510849449493,0.06501478496570536,0.03199776265604933,0.014646127876663155,0.08223578602707658,0.010631644222685572,0.05913097315025626
0.22272989889106964,0.09336105480415517,0.09711103160427226,0.041896097694798795,0.07209323701920171,0.0800164157225203,0.13389887492719907,0.1742408604751221,0.08465252886166097
0.17530934402846052,0.09863123885389052,0.12102850593222726,0.15013403676044948,0.15198130510316477,0.09112250561067885,0.11208688258627138,0.05370826266751718,0.04599791845734
0.2104269529675232,0.16384348285782904,0.12766616359160224,0.06896024857864487,0.0971357408025015,0.07428000597305401,0.11627125946299414,0.019752075706392383,0.12166407005945844
0.2041957117174293,0.10749866794634834,0.20203440591666086,0.03768457561005781,0.12185626974273701,0.05893621301333731,0.12059690724033534,0.06398393720637809,0.08321331160671581
0.13674832731364994,0.1361866980531644,0.10117008299500248,0.10579965673093727,0.054390311196395806,0.044883590574701836,0.12929077494040428,0.1647896440640907,0.1267409141316533
0.20855340462046512,0.06759781868037298,0.15253723625127702,0.10832828266547408,0.12479827319863131,0.04089378027221851,0.13104722714440656,0.04503377960034893,0.12121019756680544
0.10529553478108311,0.12872443594263247,0.07281875065455515,0.013239200062851087,0.07874356994113385,0.09821276704166142,0.1400444203280019,0.2964719558832129,0.06644936536486808
0.19171456193535538,0.07540628892736378,0.1484779245605691,0.07649749553226128,0.11120274797076739,0.06374899411147252,0.1270458548598039,0.11086654936363884,0.09503958273876777
0.23932844777705067,0.10701912713034693,0.11876732248973369,0.1267208605593624,0.08646371627132034,0.10353948112520293,0.1292379572140687,0.04351991082488965,0.045403176608024585
0.2545554869544646,0.08306954332874215,0.04919223667379654,0.2587118850024521,0.13157349505448515,0.0471691187172981,0.13566260669636032,0.02888832003688202,0.011177307535519009
0.26019411843075274,0.08564934357914462,0.07402305140982013,0.1390225034336548,0.1035921785075146,0.08212791316438968,0.11983415062488251,0.07611118147224714,0.05944555937759377
0.1943468776593317,0.07663101366088783,0.14598339161764914,0.09665491991058194,0.18164128015641964,0.05768137334797933,0.1198922610636229,0.023144877938679653,0.10402400464484794
0.27580365828112935,0.12000444967304859,0.11134622431494985,0.09260630568574742,0.1003841489878348,0.0757873070738893,0.1450242768240337,0.05401142323250439,0.025032205926862654
0.0826882488541778,0.07435391719974395,0.06662254455451662,0.10177791222185141,0.10775088775888807,0.20540736716090705,0.14188370479046009,0.04097488064941772,0.17854053681003723
0.1366923610047764,0.09365064043064329,0.061010757023793515,0.03869084996220059,0.18147248926879797,0.17468271394251145,0.15565986568123388,0.012792807190147382,0.1453475154958955
0.22025847994229605,0.08585810293743613,0.04680381697847765,0.12373238535145588,0.12069040715064466,0.15726393240490422,0.1309145917260523,0.05161962958228855,0.06285865392644459
0.0606478587045933,0.09763079320214314,0.11008684117882807,0.058166887402459296,0.16896117204982083,0.23186909434519568,0.10696504622359555,0.02687748327054004,0.13879482362282405
0.18743570764816667,0.09216519102823482,0.08894934012344043,0.16108336138974727,0.162013309243332,0.06356473432587419,0.13682673551303667,0.05420323430269736,0.053758386425470574
0.1841984253038126,0.07754016234773746,0.0998217508862098,0.11029308203430253,0.08287441560421059,0.08803291227150145,0.14976161643779123,0.025815709531360902,0.18166192558307345
0.16400404575750846,0.10706667877824073,0.09472623655698949,0.027546665120914648,0.23200180663049186,0.09721732634073572,0.15585531901880367,0.033751876715616316,0.08783004508069914
0.14840004961034045,0.14004303993549339,0.15936278449610702,0.06390302004561876,0.09473502933592576,0.0375369670899938,0.1186645624490897,0.19018396795519854,0.04717057908223249
0.37036857109882054,0.13861455601825542,0.10588886987854597,0.06757567287351489,0.07197809724157461,0.048742543640464875,0.10692867917773681,0.06883330285789735,0.021069707213189525
0.21815997377026455,0.11553396358747388,0.16810981533974445,0.15332469831578635,0.10512226406326126,0.05872145104140734,0.1123559428336071,0.03054465440059373,0.03812723664786125
0.2858817456643527,0.07136751609924627,0.055941265824224096,0.18045111976448014,0.10606179997233878,0.04324038824979215,0.12916504179121524,0.08202023880136933,0.04587088383298141
0.10734703597555108,0.08085929519588554,0.13925208136732722,0.04980349282917015,0.2017059945825578,0.07482102174810872,0.14508708741349174,0.09678038527830835,0.10434360560959938
0.06082951130541538,0.11131209209611381,0.09196774803308651,0.040695422176624564,0.18505493709087606,0.17686162838783778,0.11402187750873906,0.11508822663732445,0.1041685567639824
0.16305696648285992,0.08559909681677062,0.1347234483969397,0.030179693922390862,0.08644363038156111,0.12095747791145552,0.13223332639447535,0.15135235175000716,0.0954540079435398
0.13713500025445138,0.0722848952587181,0.10977869378451992,0.12801816880643255,0.05424762705274271,0.06515746950810893,0.15415333859639443,0.21580951606404267,0.0634152906745892
0.10358071940823682,0.12060486371726492,0.06823370596943706,0.0337743465508363,0.3926019006800063,0.0707318943639058,0.10708086059629096,0.04941222690733893,0.05397948180668296
0.06926157687288585,0.11598265332554354,0.16680132861076977,0.03867066693487218,0.14351139873505028,0.16224803993172407,0.16521428818934625,0.10346207280287097,0.034847974596937066
0.387242223933419,0.15655657248726088,0.06977895122696014,0.12018324255648528,0.061174357755107545,0.031077955698541132,0.1107296498268154,0.04993228548836626,0.013324761027044376
0.1039752575896764,0.08910931134889723,0.11956080608772172,0.11806073195067442,0.15451927962627657,0.1802058146194847,0.1351362810224091,0.019986634358702748,0.07944588339615709
0.1854799775679458,0.09031714521666943,0.15279664918178418,0.1415005063001227,0.13275013135248404,0.0914819234115243,0.1142636084209384,0.06280491636077211,0.028605142187759044
0.15902048220958634,0.07563201601467849,0.08053482458143023,0.042070113406700034,0.2688704431490161,0.08955272653802039,0.16758626380886685,0.0954733014896939,0.021259828802007743
0.0923549979265651,0.23901875745874798,0.07854362626861804,0.01719810106065559,0.14203990800555713,0.09605067665684848,0.14062501356066046,0.06366257698493587,0.13050634207741138
0.05358197575726931,0.10109016223607632,0.08414014233136856,0.09207013406353785,0.1126732030299727,0.039136277886545896,0.12646295502470528,0.210801202297076,0.1800439473734481
0.12695474850389968,0.11616690524453333,0.06257058256786964,0.08751408173788622,0.09612692313493755,0.13076793311471588,0.14625818126287066,0.0890333519298801,0.14460729250340698
0.10733845385021791,0.1074514248432069,0.13367934147070312,0.047615156597137775,0.13961026831766846,0.15922103607355617,0.10973345617610493,0.007499760250157834,0.1878511024212469
0.2456521703897406,0.10185227779174805,0.10676169997403367,0.07043830474037083,0.09022694414669134,0.0884307515371696,0.15145835692691664,0.09143253827900195,0.053746956214327374
0.14047470814147742,0.09840291702197813,0.15831577731824711,0.14525722485506481,0.1251674854683569,0.06446810838546124,0.12917697206819642,0.026406782072274555,0.11233002466894332
0.18937644932373218,0.07860123751838426,0.12352889098447573,0.13643272955323973,0.10412522234799282,0.06535408438615675,0.17207635683576306,0.11670506481479116,0.013799964235464248
0.1875852583713992,0.13417271869373884,0.04672760338272875,0.1069222209620232,0.2009859069297356,0.1685241656374885,0.10489634833719792,0.02577042450272009,0.02441535318296789
0.2776522517053183,0.09336219670252908,0.12241337476621773,0.0883432878473383,0.060093199546481436,0.06056304602805095,0.12511386888330175,0.09854103909739792,0.07391773542336456
0.1428423433272402,0.12523604913334332,0.07967476485778231,0.022466200491167234,0.1499112592620747,0.08608199491207141,0.12996456435822576,0.09899361187406497,0.16482921178403
0.16984700483893714,0.07444660129994256,0.20666691089284747,0.12327310158013634,0.10062053823998564,0.0671383258120682,0.13143835432096931,0.05139082483468582,0.0751783381804275
0.1374558438101311,0.09496896079415608,0.24317096368114977,0.056877133932332014,0.12452642128434334,0.03869974216558709,0.1337118252915964,0.03786875872618154,0.13272035031452256
0.19726145514322127,0.14773193302132218,0.19300789103405094,0.09925086256430109,0.07793672250371017,0.07712059578775557,0.16303090177820515,0.014669455444794042,0.029990182722639574
0.03968063333232297,0.09154254021061825,0.1518255717460176,0.04560606804801548,0.3568929253973067,0.1118362674553327,0.1455246183629306,0.024692928454402966,0.03239844699305273
0.10487338737652675,0.09608211086543866,0.13746392035094543,0.03830443830200381,0.06585192440390203,0.03072119643141978,0.11504509455400469,0.30625053057194535,0.10540739714381357
0.09097333155335108,0.1817284233577593,0.07757710669708455,0.07023113793122614,0.22413488205624676,0.09123357692539501,0.12682903834208725,0.08839557488303491,0.048896928253814975
0.16017734051791446,0.09861098063685649,0.10770229621693746,0.09831660876669478,0.10794990498367336,0.11656141849179762,0.18006053729347826,0.04823345339804036,0.08238745969460719
0.2044697044258528,0.10394734494150476,0.06519679649514809,0.08787102624339739,0.15618260062324016,0.12563853085794194,0.15549843169006733,0.051723938399182524,0.04947162632366492
0.08178131996836713,0.10200103320642835,0.08528218249587771,0.02182042260474691,0.07104865094309505,0.08943344915153224,0.12237256086781041,0.10108144569302137,0.3251789350691207
0.16599109517723126,0.08588982331244625,0.05047411978669488,0.1716540077033438,0.23632603915856434,0.07857356935916511,0.09636792565347718,0.022425250001493188,0.09229816984758392
0.06964725143644593,0.09424822314036957,0.08213819677598101,0.09503949201395691,0.20809983795952922,0.1132764495408176,0.12438076163587697,0.017125611769757427,0.1960441757272654
0.10100841360872265,0.12307269802405818,0.06414542168654262,0.01803146720564867,0.1402674859766856,0.031641580505164635,0.12093073099650002,0.3650528862881652,0.03584931570851238
0.11996908248106597,0.139016110045918,0.11659716218737355,0.08083546547221353,0.09841704887621312,0.16865883655260316,0.16048494379738992,0.06199210489359025,0.05402924569363254
0.11941556332935786,0.12157934117213819,0.09742406335793559,0.05085924916790063,0.2074494010253174,0.09681736100879716,0.12945865607820253,0.06275118547211173,0.11424517938823887
0.09134069056834955,0.11568165473052879,0.17644397684651766,0.21250930529312373,0.0724776107362738,0.08233201658260197,0.12873649004002105,0.04209197169682636,0.07838628350575706
0.1095176356809782,0.07852435392511511,0.08064686872638314,0.023987720258644235,0.13090669812385936,0.07251426201531985,0.1253997794130328,0.03646077797211856,0.3420419038845488
0.22844020999187334,0.09709376855996237,0.058815633467377476,0.20281537194615443,0.10698053770873221,0.13387440059870592,0.1061284611305206,0.025238763793923508,0.04061285280275018
0.2348092359564645,0.18140443288703675,0.056047928732484764,0.1050837306102006,0.16214629154622953,0.04584153708633142,0.15697125087889055,0.0467588190369681,0.010936773265393723
0.05343175281217319,0.193534645801093,0.0988208947134575,0.02709400848718974,0.1345601896575769,0.14203873830474922,0.15136070534400148,0.1142000392227857,0.08495902565697334
0.3801091782787731,0.07132649418468907,0.1161441215704387,0.038011026135080776,0.09062967924499436,0.12019646131438273,0.10212462195205453,0.04571368719974426,0.035744730119842506
0.14846165468194186,0.07581046717077931,0.34441251545750123,0.05334817661932528,0.06986102711544291,0.0820264376043394,0.08373748372307599,0.04488080282574789,0.0974614348018461
0.09096949238477652,0.10655705702010652,0.059474363585389566,0.114507892163923,0.06669717041229876,0.24948950980897536,0.1378149732894561,0.030328257198664763,0.1441612841364094
0.31608830063804044,0.11983556232418867,0.11955614699402445,0.14207320120757386,0.0890815520173646,0.03457922035166242,0.08961260999072056,0.04499395249031107,0.04417945398611393
0.37476270800956074,0.0782517038387918,0.1026918806803744,0.05704748133645662,0.08996700284380882,0.05219354038108038,0.12009249425846928,0.06082029827784465,0.06417289037361334
0.310666641808307,0.11069175709504758,0.12592882385485582,0.15816071546071245,0.0707485161268414,0.04344706105658918,0.12106677891507052,0.0339819201549475,0.025307785527628635
0.07961052620829082,0.1271625420644875,0.057730327704804886,0.06477600024006287,0.27398222595846544,0.09058394523119433,0.1536061366117608,0.11054152492100605,0.04200677105992721
0.1042121030677828,0.06046639692904493,0.09733098681398712,0.28641022512849906,0.18674245199723807,0.05766222662885203,0.09641989999687185,0.044541758762019566,0.06621395067570451
0.2859098037999803,0.08426016336480889,0.13319486321381394,0.10678094366718431,0.05233679324509877,0.049324402329684325,0.10964302568680422,0.08855104908308849,0.08999895560953682
0.15393753701465399,0.06854544452997115,0.08174599137770341,0.03645256906048694,0.1522351741784435,0.06358381367335646,0.14055113439952635,0.25254417969370807,0.05040415607215004
0.2591687572695967,0.08683066929533793,0.0992328305589934,0.09156663922807108,0.13225794920259934,0.031223252874658658,0.13270810366161742,0.12122437368330082,0.04578742422582458
0.06644498576588688,0.10787513361159522,0.06579052498293957,0.03627297407485394,0.12011365150256788,0.06794780388647571,0.09390271045765934,0.3857682346679139,0.05588398105010767
0.1683218405019977,0.08715329884031842,0.1679518429212127,0.023717928251690126,0.0897599329558026,0.09986629123576547,0.13584770744613447,0.06949149311812493,0.1578896647289535
0.18609529839662306,0.11896905814344878,0.08541565321453796,0.07074015880257357,0.08507040586679866,0.07885036800146672,0.16750759280791191,0.1489578225487098,0.05839364221792953
0.06976193431014986,0.20070281331155182,0.097490244390445,0.0373479478115435,0.07691682465389958,0.22879351115118662,0.08131997677770027,0.023378370979083813,0.18428837661443953
0.08717208656306412,0.14495853763167302,0.07779792609637151,0.024705798435687338,0.10973733085082753,0.2711817185238106,0.1389549537798033,0.047159610857015845,0.09833203726174673
0.10906717284178735,0.18958570503718417,0.0802906394413153,0.04894020524191107,0.23651865695623586,0.13651677344556956,0.11501790230426188,0.032995362013731634,0.05106758271800318
0.0678896679369027,0.08173546939117053,0.08128161375624643,0.023750824712638452,0.07596904811480405,0.3021034218153769,0.09326982953676173,0.08245340182372403,0.19154672291237515
0.06283366540431702,0.0838119015447043,0.21119182527840855,0.031586350462029365,0.19789242739293222,0.06826019443219856,0.13818138658069,0.10483270849243224,0.10140954041228772
0.16454190623711376,0.08633528023925253,0.19707221299589306,0.09671898294145968,0.13561651575463787,0.039378120470880566,0.11297540272473261,0.02055263138652799,0.14680894724950197
0.06986550932174901,0.16081483372258193,0.15630158776780081,0.01927661257902374,0.06793256107957657,0.2784760255387498,0.11310359870789599,0.017499962173024925,0.11672930910959722
0.08071196137080588,0.07603260751395671,0.17186007158917013,0.02521964473516387,0.13318189072674863,0.1467962806020851,0.11494972381273248,0.1611316084476099,0.0901162112017273
0.1459258041512381,0.12281883119505142,0.24824217516086647,0.030649982493796135,0.1143910072927748,0.032468202149943365,0.11267040530712864,0.10119991301895032,0.09163367923025086
0.08749536148112573,0.07966264748229238,0.20583460667471462,0.05786238383087252,0.1009559425399677,0.03652172721663545,0.11105331003505753,0.010852617923274266,0.30976140281605974
0.11052687425950707,0.12282434304151739,0.17268897881347936,0.027269401514199276,0.15862836762124136,0.10398167072572968,0.12145656410471611,0.06782386213804033,0.11479993778156948
0.3053671494640872,0.08892992742292131,0.12850711967194675,0.06944105785006248,0.1287128039269551,0.06005028410617691,0.12607578293201874,0.0549483388715832,0.03796753575424827
0.1389035437990137,0.1318019340168868,0.07316326415466967,0.17947867100148515,0.15767948981011046,0.08395906244129103,0.1368937565447916,0.07207629781211554,0.02604398041963597
0.14671952335396068,0.07028684549702355,0.11693661114309632,0.08962961615932252,0.15840118422475938,0.05881566110376608,0.14425637424734117,0.17433843821427733,0.04061574605645285
0.1780985332202237,0.08806390877683952,0.11518931973641193,0.0806726336082849,0.07865586742278753,0.10327239593731312,0.10490007244471526,0.07372386077932316,0.17742340807410092
0.09960765190060121,0.1547470686635816,0.0920759273049354,0.02428526900941422,0.10303982099103204,0.1133024999001057,0.14696010450361305,0.06276786876701203,0.20321378895970477
0.058767799049464296,0.14913512320959318,0.15179328831549171,0.036834087759677996,0.12482564273490775,0.10822068549557655,0.12614310880537158,0.1340757342342228,0.11020453039569422
0.14717945233662114,0.119612734107221,0.13067683440788824,0.0361367550360717,0.10300213232466254,0.16927712043962173,0.10798519640287614,0.009672683679028772,0.17645709126600875
0.11109815347454254,0.1709621571043368,0.07694475726018137,0.038851115628081336,0.11872202911455643,0.09216803837428633,0.14268364126852098,0.054053421173659966,0.1945166866018343
0.21320613727053297,0.0879937859398303,0.20311079312853533,0.07041538264799103,0.16422122323322896,0.04306740750577786,0.11643507716293972,0.0410821655289784,0.06046802758218541
0.239042992038779,0.09487512492466861,0.06718273552753871,0.20695296466352522,0.12945193928279866,0.09230533236969528,0.10658692501924287,0.030058036350155973,0.033543949823595653
0.18884091538902084,0.09219412949073014,0.08490416237991966,0.11345279881805288,0.12421851127994761,0.09097556641307093,0.14873315498493778,0.10851056709607902,0.048170194148241106
0.23745113972575252,0.07992507848472011,0.18112392751297188,0.08477698647583982,0.14639440214247412,0.05314294534022868,0.10225339229284565,0.08239069013432822,0.03254143789083904
0.10679218605104746,0.07358231074429622,0.099854839027972,0.03608476378963888,0.1743754047991846,0.20919681492445194,0.11993167062492681,0.02663395162587712,0.1535480584126051
0.23113424349207343,0.06931578225170705,0.03455405937806719,0.06076208983799541,0.21458951921376,0.039149961245021465,0.09667142530864403,0.09343478828254859,0.16038813099018295
0.3317408480815578,0.0818371474705445,0.26402900580909355,0.056397165770160955,0.02892339856281891,0.037829278715731385,0.11370084861307976,0.07612122321526721,0.00942108376174587
0.18012447962835706,0.09054553958128209,0.07728546115438807,0.05982103324854369,0.14022288184023254,0.1781431610615817,0.13580194957199196,0.046984743267364716,0.0910707506462582
0.22030392098766827,0.08333661429289246,0.1603060552943827,0.07150275811119582,0.03035563847198274,0.021446452896039674,0.08973176607094624,0.04133652514128048,0.2816802687336115
0.12052996878512388,0.09976184585665572,0.08481320092571942,0.03151050217282806,0.12494161429480533,0.2336936412036469,0.15668366041737444,0.03170005239236027,0.11636551395148592
0.11772576732539601,0.10549909452871181,0.08995099780399761,0.055635643734528444,0.13356623401032117,0.11489227801938223,0.11452160664259241,0.010709570595743427,0.2574988073393269
0.08100847194149624,0.09327546580001517,0.0680613314409214,0.02811947501195523,0.21204389574098492,0.12180303811497728,0.12032896164843393,0.05639370173950897,0.21896565856170694
0.25580294535921616,0.13339329280994994,0.10392851940979138,0.12274707400226241,0.08664347078029727,0.032856856625608846,0.11868225132609704,0.04650447588094169,0.09944111380583533
0.13271370218028772,0.15799238117060269,0.14522838300700056,0.11030837811351484,0.04945414987506286,0.10887132745255389,0.15787070039240786,0.09788102187583154,0.03967995593273796
0.18539912778274883,0.08655362097443643,0.05808206962081163,0.0898746919488085,0.0605825104109603,0.06034298203390548,0.1332764121610722,0.13140547385710385,0.1944831112101528
0.06915803447035931,0.11731143247049163,0.07156364942447115,0.04325730181632605,0.20193734511815906,0.2215692732133668,0.1435294749738404,0.0313771572068428,0.10029633130614284
0.1587617363980057,0.0811376647772386,0.0858789775112141,0.10388277880842334,0.09124501495236208,0.040991512328814185,0.13416340031584106,0.23835886763408418,0.06558004727401666
0.08732585470650071,0.17460303559213308,0.05270756721952146,0.007243971256003674,0.1259050636479869,0.05758765595691593,0.09065404677475597,0.09117394980734993,0.31279885503883237
0.10453947579635336,0.08771935137584773,0.25525378221919975,0.08501209661584665,0.07377295901517854,0.08912135456538357,0.09585118710040962,0.14759627507603615,0.06113351823574456
0.057700401523616586,0.08926657217689284,0.14193699818476338,0.056708351517137066,0.2352033780110717,0.11643994033717418,0.1372327768291703,0.044507977874465976,0.12100360354570794
0.2516049660955266,0.0693549707944776,0.05670691584001857,0.2678136744448015,0.08927118888131876,0.09113513721909378,0.1129539224416235,0.026736765722107717,0.03442245856103187
0.2558495034664398,0.11825839636222968,0.23271620899632642,0.05588520057113122,0.09614142401703411,0.04677202264510094,0.10332002878220829,0.06133633376875289,0.029720881390776558
0.17858903591879638,0.06292238425817545,0.05494397870794946,0.20566240276275982,0.09666913788874447,0.03145499998678806,0.11794864926313604,0.16888294313663835,0.08292646807701194
0.2506485204465932,0.07263333581230193,0.22041255737372192,0.08387574635934764,0.058501460959588525,0.026599700781610062,0.1041438404214613,0.10203991332286082,0.08114492452251464
0.1399825856812274,0.0863293099778944,0.054329649302315715,0.09623287598512019,0.15363052742279645,0.11614437980122434,0.20533906008677424,0.040934586688271886,0.10707702505437539
0.29528826468443586,0.08319147946216122,0.053747284581220835,0.04928320782604765,0.07594564565447559,0.15900437988035612,0.14054470989453563,0.06780554575186569,0.07518948226490138
0.04583603898046191,0.13063189030903374,0.18556073131369857,0.05030029768115118,0.08591555033302432,0.09188347433783435,0.1239957640599964,0.12026861414717598,0.1656076388376235
0.1735261163163813,0.07280495925728211,0.1199353299700913,0.10336526335664188,0.09563487805157511,0.09177025331349416,0.13006217669551143,0.07870253202833712,0.1341984910106855
0.060840100496614376,0.12832400001813501,0.12266639938079671,0.051176398300281,0.17743624602740007,0.1393990206774772,0.13628267849330192,0.04373304972706941,0.14014210687892428
0.31085529693459235,0.08674736375154035,0.10738045418622255,0.018300292248736822,0.062432289234458725,0.11848128849538615,0.10403446431512174,0.05595516652248358,0.13581338431145773
0.304537874219357,0.07084331418653615,0.24807805961223295,0.061212999735290215,0.07676947205423734,0.03711612589017315,0.0834090535209633,0.07916299394327724,0.03887010683793263
0.15470131649607033,0.17796896510772722,0.06371095024309316,0.024313746356527915,0.12118694287104081,0.0907413649394621,0.158530510807542,0.09907773890787559,0.10976846427066082
0.22796608184658793,0.05341973087326615,0.09133014950982922,0.354136414627874,0.07752498948758499,0.02353071977977969,0.09419866736272199,0.017172798743799084,0.060720447768556916
0.08169521530780156,0.07752529098671096,0.18725145230475262,0.05738809561354194,0.21825857935471596,0.1399573244100245,0.10705652447631203,0.0859399244147639,0.044927593131376474
0.07182387160132613,0.11458400896327207,0.3162624072825165,0.06421748776212265,0.1018035230520492,0.03519244523749642,0.11286952175601785,0.09849061192315639,0.08475612242204283
0.12785376669628493,0.08089330100357678,0.174787347261109,0.1084867299308351,0.09298257530702504,0.09315856134613881,0.14474139561968793,0.019655640508948382,0.15744068232639394
0.0850448712237738,0.10241596312914952,0.06602844529829892,0.05007206008068169,0.1800820573291674,0.10266703713031504,0.15021445520807647,0.12000733246569006,0.1434677781348471
0.2790555440579457,0.07423473223158651,0.11691007703994256,0.15569573105681403,0.10086200073644724,0.05848599935468096,0.1175113090849201,0.04515384133341724,0.052090765104245755
0.1137450251448816,0.08234057191104309,0.0575070427757828,0.20652872673039388,0.1230421185036985,0.06629062064498258,0.13826256815926644,0.14435944472651083,0.06792388140344029
0.32011642741472573,0.10282441457114617,0.06119486900838472,0.10366555465600148,0.09835677154302054,0.0666011672636665,0.10931090680974294,0.09666642895944133,0.04126345977387056
0.21916657250350594,0.11903358835296218,0.09165827310181542,0.07030816423006235,0.06816615101256653,0.13957021750197093,0.13994769511972946,0.08236325609581756,0.06978608208156961
0.1461535729473813,0.1003613805824289,0.10796597173780327,0.021387188831425184,0.16508253698911857,0.22532651083360591,0.15676159519144256,0.026093841118894675,0.05086740176789964
0.09386321368073602,0.19672846723403956,0.09593458534535382,0.015785547328315972,0.11872941501735941,0.15470527997511155,0.1521659164362246,0.060949976384676,0.11113759859818308
0.07111592199186652,0.14370872517066122,0.12111023937065239,0.1040994116440126,0.17220354107087352,0.06548472298627293,0.10204900759232784,0.16960168868189243,0.050626741491440586
0.14000696938031518,0.11116206005714657,0.15879393644680337,0.02443478214787025,0.15034024200454776,0.14986604194587352,0.1418041591102531,0.04253663632861318,0.08105517257857715
0.23007192197930623,0.09015929678182229,0.05929849072319013,0.06388518319974566,0.23576818902646735,0.06329097647881433,0.10636421785298877,0.08178142796887698,0.06938029598878827
0.11332680847375909,0.0696068425404562,0.04146060321483525,0.3911518634395455,0.10513179551606384,0.07139166120287137,0.14289599657396757,0.042321579824633505,0.022712849213867587
0.364034041287356,0.09222938659027512,0.08494000478558815,0.08918439204424412,0.08888706808050673,0.03314537909620181,0.09739369159460132,0.10476541323176104,0.04542062328946561
0.20826635457803402,0.06660148581117242,0.14477487231836061,0.07929233787014384,0.17584605683065316,0.07322830601683265,0.1489101914223894,0.028080341639660666,0.07500005351275314
0.113955584663761,0.13629167294253394,0.1584659984861577,0.026229518704157826,0.18334983279401265,0.08666276409799496,0.1362173539693091,0.09701609752900126,0.061811176813071515
0.09359854511889815,0.14509433169105582,0.1271861495673093,0.014410461636031857,0.04197741013174198,0.04686487272688075,0.11348392948494834,0.27351116766151345,0.1438731319816204
0.1723738058826627,0.08403841793130883,0.04809683397001382,0.24381003176770344,0.1822524128739501,0.06441467997977794,0.13364034636770897,0.03799314313593249,0.03338032809094172
0.05924227628189621,0.12025224559713217,0.1059127366735596,0.02358185737617338,0.08499929567818017,0.11664366994723314,0.11813360450464072,0.25992576798896216,0.1113085459522225
0.14853469410279727,0.07690406311167163,0.10498741554064216,0.0813769275277756,0.174930060211583,0.047012094714599495,0.15632875749069775,0.06110531127720074,0.1488206760230324
0.05483579573217692,0.05961730492620079,0.08119260053326592,0.036789217161191365,0.1121557130029255,0.07967186903341869,0.10493907982839219,0.00778208347608153,0.46301633630634714
