0.027664475512048706,0.09975963552569216,0.23645031989917,0.09210904326500728,0.11830956201036279,0.09882521748857583,0.14273888001892188,0.13380315996752815,0.050339706312693265
0.02750934477069487,0.25393341588951146,0.2226818431317518,0.006809535012018979,0.14956681693565463,0.10039651161374195,0.10308899608533961,0.08989122417053254,0.046122312390754185
0.23440639732122048,0.02949812138123645,0.07657782277985377,0.03714559374629046,0.20292762838068568,0.12044058068217887,0.0756311561449582,0.10918451051676932,0.11418818904680672
0.05523724343041234,0.0905505808610166,0.14841976815275723,0.018000047955613,0.11125067306324794,0.14357757947012978,0.18932574947720893,0.13957024923273204,0.10406810835688218
0.05148999254217503,0.032232409431102976,0.18347300192868823,0.020121449798790478,0.08108488788773684,0.09176854463322363,0.22498473727807555,0.11835620709024303,0.19648876940996415
0.04383376175255719,0.1729619715079125,0.18660569268024593,0.027030417027532335,0.1721233481411454,0.1000850557336631,0.14866614707329295,0.12978222541203557,0.018911380671614894
0.07904040012545265,0.12945467820382953,0.11183793920922414,0.1145903515179406,0.2571476722055983,0.07702803056361097,0.10359819726425608,0.10499533893659822,0.022307391973489483
0.10244662796862987,0.06690781242950597,0.13229121767289587,0.07266272161948405,0.24413178595759635,0.09454762623768816,0.07294323696089929,0.09730845565814326,0.11676051549515716
0.09651139691793496,0.09989996799623067,0.12408662220616096,0.03704830012612222,0.10019307848234404,0.10072723096552864,0.08606766594114601,0.1047010511984196,0.25076468616611286
0.14374618184254878,0.09230006499265965,0.09264114032000807,0.09355319271586116,0.2118658189569833,0.07294417020028088,0.13315084334735863,0.11152496500697168,0.04827362261732795
0.023787375132657815,0.04882318798964195,0.29856246455268104,0.03483732975518702,0.1747715340478688,0.10567755739816269,0.09770400001877726,0.10942835502030569,0.10640819608471785
0.1302406219435357,0.1433582882100373,0.08365647342887872,0.07840424837149756,0.20428874688473334,0.10595926479266086,0.0815355681035196,0.10366496318205447,0.06889182508308249
0.08382156630555815,0.0523868193325125,0.1363665347664836,0.025736607253937425,0.2878353321737583,0.09001446022487074,0.1510970410561049,0.12751631187828452,0.04522532700848985
0.06794324948430704,0.04196960423782076,0.14629942320118175,0.05793818334376374,0.15305647482351528,0.0935063524783764,0.0901916795682109,0.10379509763181653,0.2452999352310076
0.07333256597186844,0.15343381726918168,0.1481878835173199,0.06384776513959595,0.13223264147874514,0.12923404008712022,0.10539390553575707,0.11973532957621902,0.07460205142419266
0.035241827402175734,0.06777747509016546,0.1463553711260422,0.06236436083183609,0.0926163109859885,0.0997517365754096,0.18382059825558164,0.15861447073160878,0.15345784900119197
0.21364216452304766,0.09928218940369056,0.1741927064927514,0.038933541434536624,0.059259878928392885,0.0698516009356621,0.1627410448392778,0.12431254846950601,0.05778432497313505
0.045476143681512066,0.04130861304656853,0.11239157976798031,0.12167976600876984,0.14135838367297424,0.1052952959046994,0.10286205641490838,0.12233832150476032,0.2072898399978269
0.06559545493055098,0.14493327235257808,0.12606840474718797,0.01973435795671705,0.10116152639995923,0.11871585879033338,0.15312719755185478,0.1181506562097191,0.15251327106109944
0.06182186999812759,0.18576727215900632,0.11988467686133099,0.01624564221536222,0.15130842145268053,0.149158804702499,0.1329761609416796,0.15101242406926296,0.03182472760005079
0.12192103965381977,0.021982102165301318,0.15802521288049895,0.051676782003954896,0.16595904634283823,0.10103966741254909,0.10436541084557849,0.10181190947222186,0.1732188292232375
0.0780780884376603,0.10397775708045488,0.1392070956946622,0.008794756559284352,0.21736853939375278,0.08989953181377368,0.19811690498179205,0.10771243888538279,0.056844887153236955
0.049123638887541926,0.1631792516532483,0.19293887614684646,0.05430443214347711,0.056526057234958405,0.06808461677835566,0.14981516243498785,0.10663360362114531,0.15939436109943905
0.022223456468427657,0.091990906572325,0.23546257024755554,0.011548696167884417,0.31777069790081464,0.08619968970961454,0.07796739230149026,0.10060169194554018,0.0562348986863477
0.05266480696628656,0.2639282877098159,0.2675746083366428,0.025688004454102225,0.08515821757976712,0.04261600796564024,0.10491687053231245,0.06888505561327399,0.08856814084215874
0.07543829748048968,0.10611042162434699,0.06619901760048784,0.009619303932872343,0.16396955920419684,0.109803325478944,0.053662632846513014,0.0914395044931922,0.32375793733895714
0.08303575980595514,0.16241843979502443,0.11286442824993588,0.04876009597267018,0.17594803025786024,0.07860676259475725,0.10951019610559487,0.1253410192564692,0.10351526796173276
0.03805351828254717,0.07614480399547961,0.18697989332866252,0.028030725831310804,0.1793038163402626,0.11792451391866961,0.11064111598388225,0.11540439579746468,0.14751721652172067
0.02604110678395417,0.2124178845823214,0.13297188151291486,0.025188412063161397,0.18534018829566312,0.08431322198226028,0.19373573301583588,0.12174162291324263,0.018249948850646208
0.04344299226594792,0.14579548128643435,0.09731744554262915,0.12589688943548055,0.13393517345728786,0.07067204031694065,0.12050598815701978,0.08507325661682182,0.17736073292143797
0.09225326801245327,0.08870297615599833,0.1181340374472414,0.004292613526623234,0.27837122868431213,0.08249935641256732,0.21789043207391198,0.09721725564371216,0.020638832043180164
0.03715511998685034,0.1454205848115658,0.31237901929061335,0.04519887777477813,0.11354899696799566,0.06633758914756845,0.13270603292983732,0.10000388096185746,0.047249898128933356
0.12600006911855355,0.042387256039589365,0.09157663640239477,0.05314083771919045,0.10246771558472283,0.10784952977797028,0.10728968192480846,0.12298891561053692,0.24629935782223336
0.10177875509966394,0.11024909132351486,0.17168896678488452,0.0847106424719238,0.10886510245707408,0.09032402192942805,0.120673269366256,0.12847425917771924,0.08323589138953552
0.07201933182104242,0.08682112877389099,0.1891043633054903,0.034707360636911565,0.20128670477731928,0.11240074395347471,0.112957961690016,0.12624218077752677,0.06446022426432797
0.14210325492662013,0.019256385527080644,0.19642554159431924,0.05377327633661074,0.12161519698970176,0.0750137953976897,0.09631063191029815,0.1281147182041935,0.16738719911348618
0.08260895092483911,0.17559719325154713,0.11573454085229264,0.0983336682605142,0.17790568196385634,0.08418135256359083,0.06781024696877049,0.09323617310895001,0.10459219210563919
0.0676250894212855,0.0961904964140899,0.3063210911167244,0.028366273435344546,0.14533376917013718,0.12140563742634718,0.11296664254878434,0.1152813926555939,0.006509607811692926
0.04669533811982113,0.13937848285416785,0.13209149413503898,0.043584821301972075,0.15291701944153804,0.10884291632986703,0.21014307904508392,0.11029519117394586,0.05605165759856514
0.043161699669664905,0.09927850307715864,0.12195035725013899,0.07816149729859166,0.125501830470901,0.15035031608957763,0.07566514589513208,0.13456156062067878,0.17136908962815642
0.04046195529320537,0.16142665059720843,0.11627492369840442,0.12078636082051818,0.21003155161522527,0.0986008416076498,0.08043448749473368,0.11662152810471665,0.05536170076833818
0.049446316060098534,0.2954004302498939,0.13684677424603173,0.005729946155147526,0.08835001828962415,0.11677073550292265,0.09768299488594497,0.12260093709009116,0.08717184752024536
0.09949983246125789,0.04366100219333541,0.24193200741958729,0.041350615085195,0.13890378332324613,0.08598032396580228,0.10567135556780698,0.12206981917349402,0.1209312608102751
0.11444250715579511,0.06908820499278706,0.11316756239527816,0.08704023055376849,0.09579172968217453,0.06275690541784433,0.08055337472472344,0.09608991149910752,0.2810695735785213
0.12091829419330861,0.15954143795816697,0.11731894352581719,0.018390834911329618,0.17139563361524188,0.11210585790600984,0.12492108234466133,0.14389696920969178,0.03151094633577272
0.10152859406662845,0.09322370923845325,0.2141314278077718,0.07098053648253543,0.08005891260006594,0.1058501156187492,0.10877783941672207,0.11561051511812696,0.1098383496509469
0.03212977182213562,0.07034387481331668,0.16389962156963242,0.021311610885810243,0.14390742341769727,0.11318692726566111,0.18859465006300194,0.14271753654442543,0.12390858361831926
0.1659576778615576,0.11765325269697535,0.21034404044359775,0.0571296206537956,0.12819898288655754,0.07371369620261335,0.09230406296563404,0.1318928769196476,0.022805789369621174
0.10847428408719112,0.03046239015298167,0.12275703702237335,0.027715960407241513,0.13763721563622197,0.16445566979598997,0.12662865486260289,0.14400292925892036,0.13786585877647714
0.14752522218946318,0.09314245840493092,0.12782948229585667,0.016945504904581864,0.2967238313104272,0.09484739433273848,0.08802679687057006,0.11631401558083092,0.01864529411060075
0.046106290300293895,0.21016343361177084,0.07388423936831696,0.09138062675100872,0.30015039642847086,0.0775929047103243,0.06891702997859885,0.09426813541185675,0.03753694343935877
0.039244387675149005,0.19878136269723287,0.20333539258280728,0.018022051305325356,0.2004426304387307,0.06164442850806135,0.1622624300165582,0.09910211566001131,0.017165201116123883
0.039705232512600996,0.12637465795823333,0.22093686892609007,0.030187268980908167,0.07515983402883615,0.09007221254949804,0.0836056454426578,0.11324022147661279,0.2207180581245626
0.2040091070314648,0.11042318876892086,0.12494206079859786,0.04317682775148033,0.10817144771934806,0.08126430716234716,0.08895837998210332,0.11830677176044802,0.12074790902528969
0.1603578617768031,0.023907450528334092,0.12612420905142,0.06322601392678623,0.11565598630680589,0.08248507993724427,0.19825874998184725,0.11477386060562726,0.11521078788513191
0.02464873286320966,0.2741006145356098,0.10956491786560495,0.12851833088705159,0.10697785232953387,0.09152187048987859,0.062072238600994145,0.10528887758344914,0.09730656484466814
0.03118680338219265,0.08593996188725352,0.15406086391310783,0.010439693625867844,0.13752163681848803,0.09861759873108504,0.08060384002024905,0.0935937500295612,0.3080358515921948
0.1655499968352447,0.15250154385360146,0.143544616748972,0.009491364318327035,0.2315255013070471,0.1075836289838054,0.06389226212867725,0.09269053691536193,0.03322054890896307
0.04727203394411775,0.046510043188786744,0.2095986793668465,0.013580712281781399,0.19535861617199135,0.10388392873432822,0.19408556751931383,0.11710444257295988,0.07260597621987423
0.13421940612861094,0.2206198748775925,0.09104037300481445,0.1096134649416224,0.034450572313749074,0.05790620131330312,0.07747319291555117,0.09050354313522514,0.18417337136953119
0.038367625614825034,0.11461828498156512,0.13868196685064807,0.11762767291985869,0.053436950709081964,0.09814941036351182,0.13880911086497127,0.1233359070195242,0.17697307067601376
0.07405760139934155,0.173177566341566,0.10367820560183856,0.02580727065388384,0.17802187467036337,0.11435746971857741,0.17843902035382767,0.10932038239956517,0.04314060886103637
0.015976738100047894,0.04292537533533969,0.15799083853112417,0.032156434750932654,0.1235998962443154,0.08017215188863751,0.12595327163925032,0.10436596137873762,0.3168593321316147
0.13306751811980883,0.11485860934119896,0.10756871754937014,0.022007674911039953,0.2551218745379775,0.11552439477929478,0.08708656789606972,0.1262179904736,0.038546652391640075
0.17401081912806185,0.07761804087530898,0.07270443734947178,0.023001077814637925,0.16153730867178193,0.11510056758864064,0.20204623831257926,0.1342080474346137,0.03977346282490395
0.05079479649449486,0.060859747782915696,0.2527964240504548,0.03546756907708812,0.08622199537025838,0.08637045349385146,0.12344262245968596,0.1246854691113215,0.17936092215992916
0.2247271837227621,0.052151007807664435,0.14030762904658778,0.023897342939720456,0.22698353994108608,0.12073236820609827,0.08257397206136864,0.10300878603098595,0.025618170243726344
0.13529098815239127,0.06754664225069318,0.10878603710855062,0.017122871699580534,0.21831188987611036,0.10956839360886472,0.15682056521361695,0.12544598417914804,0.06110662791104437
0.09986865138112966,0.09621275889960906,0.19057903418616884,0.01582428779255272,0.09299686793354961,0.14642349953000636,0.17297472370371955,0.14040740472605423,0.04471277184721003
0.21290715430064444,0.020117656544030287,0.08706780624109096,0.08692317216712069,0.06389889601406325,0.16332702253636436,0.1623759608142519,0.10603473860831238,0.0973475927741217
0.056877003314232476,0.0770534493193759,0.06380340408285641,0.07195605822069538,0.04419794042673166,0.11122352246297884,0.07442761308708776,0.11323437281937772,0.38722663626666387
0.0634208493502657,0.08107758546650361,0.18074298906502176,0.04962617824194959,0.13664052611330343,0.11171679780390986,0.1055106514892155,0.1520996453997039,0.11916477707012674
0.054921510809022855,0.07997189314864066,0.2922256006819638,0.015863623009072198,0.12871296786633588,0.10504415302816993,0.15747759710791268,0.11325442719971861,0.05252822714916338
0.05884048334410738,0.0919194321593939,0.1917014125718498,0.04480884224932206,0.09525641579159717,0.1459205298145455,0.1424346185832454,0.16457118528317727,0.06454708020276151
0.1833210697975158,0.14814702569928653,0.1286206543790752,0.04674200366987855,0.14793751316757298,0.0864716043635587,0.10138359513054289,0.11605832697380987,0.04131820681875953
0.049045230677909724,0.10857882400732127,0.13464367030543878,0.042143753449455784,0.18756910904976073,0.14190038288662457,0.10947180417727205,0.13352088911927965,0.09312633632693741
0.10868224928833291,0.14541481033292014,0.08729389718014473,0.04445127488959063,0.20335889872530796,0.06967256179913632,0.12979694837615136,0.0911387294993435,0.12019062990907248
0.08650185450606344,0.052112837389988564,0.10302406464657314,0.10210564304239249,0.11011598204843176,0.15927195554885656,0.15387719966359345,0.12645837044254307,0.10653209271155746
0.10721212014780035,0.23062866041098432,0.13041029680082475,0.024680165388575506,0.11315004146079737,0.0859256027318658,0.11368366840187798,0.12386993316566902,0.07043951149160495
0.15695842979490157,0.1896397995829855,0.15061504277516674,0.06063996856814069,0.10937185325650733,0.09124815805283389,0.08678747412156067,0.12036455006761154,0.03437472378029215
0.09089789789845436,0.18402297760597264,0.07627336953171224,0.08330855614354833,0.22928946727846414,0.06163694098071109,0.06180614294489961,0.09658421067506491,0.11618043694117264
0.06701892011063473,0.022872263275016316,0.10700127406434139,0.045108154213758224,0.15288997224057307,0.09624458063774322,0.13594350443051703,0.10946721470283682,0.26345411632457927
0.09094754410355933,0.03949514930708851,0.17621952387177986,0.04423673126990774,0.0890519092261526,0.12043407062850818,0.2069082912591197,0.1501263377488871,0.08258044258499703
0.026988606904014365,0.025562723528152215,0.057531340622451806,0.4014921352252278,0.15165966114495927,0.05624637570908885,0.11915188740359771,0.07989555577010822,0.08147171369239976
0.03428206430075204,0.04084316300439699,0.12090687909821418,0.05661593134768477,0.14563929220991464,0.156022714281816,0.11176667408456964,0.13252098195262293,0.2014022997200288
0.03203816864906208,0.06907234735282736,0.2696450569863835,0.015498975422791291,0.19414977658852547,0.08202445044385465,0.13133967509713693,0.1192312749653379,0.08700027449408083
0.07660967258645796,0.06998746899286902,0.13258462496952075,0.1770895467821262,0.2203548885265857,0.07630853698649838,0.1338448270860195,0.09824627871123624,0.014974155358686186
0.0706750558613901,0.04244509004769995,0.2211762632677946,0.016690663268858,0.2186484286314816,0.10270865013053097,0.09912449188231275,0.1118502894475996,0.11668106746233238
0.02095131106654595,0.1320850383392745,0.15578717104615028,0.04697381904124264,0.13346505586946913,0.06805049482837879,0.18993649538830715,0.10501958967072611,0.14773102474990543
0.06178326552591284,0.09532693078367831,0.12596388184236737,0.06610741136058823,0.1254402947526981,0.0875112041860965,0.27001765660774973,0.12484893648892159,0.0430004184519874
0.06625542202218936,0.11284513494572845,0.08288420861287454,0.2280524947508411,0.24308847076670662,0.09104703243309993,0.050579019075821824,0.10027726097517727,0.024970956417560895
0.021581895375555923,0.12375712023301959,0.23126463802578642,0.04542593631851825,0.12571271962625125,0.1643430038172821,0.12761569129030237,0.1278294437363446,0.03246955157693951
0.02651640849995425,0.03956481189620673,0.13074324048159622,0.08239735918053868,0.10951919688601457,0.15927782346340646,0.09094300437425788,0.09474634817198617,0.266291807046039
0.18495034431547108,0.16929313580646022,0.12553257594896522,0.0790056827174279,0.14040219829932704,0.09262017430474033,0.061829592852037096,0.10466373824942034,0.04170255750615074
0.0579949247248552,0.0617567777896258,0.1689811283677184,0.04208215678953834,0.1638446695208353,0.08316946987871136,0.15314077410081137,0.12634411506046003,0.14268598376744432
0.030920569245873827,0.16316293075028301,0.24960279694439277,0.02921419044488055,0.11199038200796207,0.0643235193759812,0.0737874019573472,0.11084956053438266,0.16614864873889676
0.06639195192665985,0.12178020257488303,0.09641095366582747,0.12400489390261765,0.24874625538955367,0.06758140333199981,0.15521584693597953,0.10305740400174497,0.016811088270733934
0.058804908233649394,0.1320344204910323,0.25137537478260114,0.006592797103502055,0.24895297588890775,0.06859873572054663,0.11021912265737799,0.09172773884573175,0.031693926276650915
0.10436927465564054,0.07490184295930095,0.12490066808007176,0.03419212078218838,0.30451989823861986,0.12154159364203188,0.0976003861107501,0.12481708213240188,0.013157133398994797
0.04348348932859214,0.22973264089209336,0.07952443563196059,0.04991698754612169,0.12159086634581988,0.07464866253530957,0.2256696561703034,0.09594151818794827,0.07949174336185118
0.015672212319508952,0.09597503862798921,0.13579284126607205,0.032785660070047996,0.3121390283027131,0.12233545069625006,0.14843331727873468,0.12014760369131704,0.016718847747366955
0.06459070124511557,0.14933350823634073,0.20248510604390746,0.03634410954392659,0.041073098088776815,0.06034835743562894,0.11575363799868592,0.10967505001982521,0.22039643138779283
0.08417981545354968,0.061975174150803496,0.051175823495433675,0.07745634632237453,0.33935693054013116,0.09088921034938109,0.12366296252166685,0.08467365220082346,0.08663008496583607
0.046868544247261335,0.09915608716429299,0.14657639112955623,0.027640278035651045,0.09772507962884242,0.05703505713408655,0.13021954586162524,0.09421851428490158,0.3005605025137827
0.0369427053248997,0.028218840729493443,0.09173881829113158,0.17048677392972097,0.13026987009762997,0.09312569263367132,0.15397288134039197,0.09044014759644943,0.20480427005661164
0.09552670146627716,0.14857920147927314,0.18579859849218625,0.009895863901978573,0.11653448926371164,0.09079197484732988,0.15251321885458463,0.11759380612963184,0.08276614556502691
0.09990128691698556,0.15034091476010245,0.09595005244673772,0.14972949710961314,0.14001166492636472,0.09198708869284745,0.1302209162467649,0.11690041261369678,0.024958166286887278
0.016207327872799177,0.10866749604913145,0.2126487568177048,0.02162159090066018,0.16154430764393596,0.11814876481494041,0.19740838389425389,0.10282874378387478,0.06092462822269932
0.08144080831251199,0.0677358613622186,0.08320234161161606,0.02083910248967948,0.2540314936810492,0.13589297801283298,0.1977929867268029,0.12388096369356415,0.035183464109724706
0.0507926272031737,0.046649135250605635,0.11713438362664781,0.13497762183577022,0.07273941627566193,0.07111031416028246,0.14051132712446188,0.10679451741797895,0.25929065710541743
0.09261322139267363,0.22363772530010126,0.14564652638503237,0.040801703767602705,0.13572406042518323,0.0891533573601544,0.11792406222762952,0.11304175204150818,0.04145759110011466
0.10880282172613805,0.023320058909654523,0.06255028707859496,0.18384812968179107,0.059830749478891,0.05273368061896038,0.11216309685976744,0.07760839018487244,0.3191427854613302
0.0833567160551492,0.15906761223258228,0.1912594434517528,0.019611586085967136,0.14805518662707232,0.08314317589277549,0.10681802734108031,0.11443471051192311,0.0942535418016973
0.03514565237339765,0.07105206622621492,0.13364140842300376,0.0469196106124543,0.12527405491186253,0.07915194791695958,0.25548093476552114,0.10958449788411917,0.14374982688646712
0.06277063352209226,0.14274079179570542,0.1452850061963578,0.11307566556978106,0.16487598645261628,0.09405896092721334,0.12218769467562209,0.12520990798334,0.02979535287727168
0.068568267193855,0.1176501963432469,0.09008675057550702,0.09708490886656453,0.2262726352448942,0.09018878736087883,0.06407523561275626,0.1063762789281175,0.13969693987417972
0.03692721817502407,0.1964631589708401,0.12595485411205384,0.011716722152000878,0.25925005199154255,0.08265201159486137,0.12826859720080308,0.10647166635195386,0.05229571945092024
0.02513251407884338,0.1351023041512285,0.15290662627122445,0.015780663767116995,0.15012852269282181,0.094344329893851,0.0725517143004092,0.09601148786258577,0.2580418369819189
0.030515348103355436,0.16475827766774484,0.09941011546072066,0.01196913598758853,0.2736751447372391,0.10503422973044468,0.16344287112653394,0.10451537736775714,0.046679499818615806
0.03129133030314618,0.28601531124622,0.13314934880464868,0.01718670036168284,0.18266269447020175,0.11696512451485273,0.09736921615230586,0.10053958758904118,0.03482068655790085
0.031605741973595704,0.04520158587556037,0.26384208574995605,0.07337502633612943,0.17696067128621817,0.04872453985174927,0.08759014389363907,0.105492712241541,0.16720749279161098
0.0936180152666809,0.04419770289655406,0.10777751972661576,0.022650546667302,0.24624718523430666,0.05584921156509396,0.28920574838114904,0.10980411072691128,0.03064995953538631
0.07510380744498957,0.17362624534074902,0.18388244239487161,0.040446883600994216,0.184329987955942,0.0607634443565545,0.1557029704147688,0.11069769122548258,0.015446527265647667
0.09177231429255144,0.03396576182779776,0.3039812148254719,0.013828871598015574,0.18807726651164489,0.1045347833578879,0.06364542678806066,0.1047998490429366,0.09539451175563325
0.04250220549573347,0.16980370173319645,0.23438487457903612,0.0097786690237604,0.18420253891427288,0.0821703168939353,0.05748467097560902,0.10325570333984131,0.11641731904461496
0.03244484367778635,0.0556645518709647,0.22361693479922842,0.022298357277621802,0.1831565510501574,0.07903236961846993,0.12774487221532818,0.09833459625848225,0.17770692323196094
0.13975197383671376,0.03706267325014495,0.1403987805254586,0.04693539738523075,0.2969965796078536,0.1039103369590042,0.0691971882722398,0.09632177863354648,0.06942529152980793
0.028628007562378505,0.1837855199609023,0.25836102883928064,0.10309971392588996,0.024834842993966617,0.06301886264564253,0.052483640116327314,0.09998008194703432,0.18580830200857787
0.10009685331586547,0.09161484078578004,0.29449526116748426,0.008282747831763422,0.20833608740394408,0.09146377258396089,0.08876295621077769,0.09249956138506404,0.02444791931536014
0.14464444854194902,0.16031243163233125,0.13495901916600792,0.0184788132761143,0.22569321530964767,0.08144536000083093,0.09776890062415416,0.09062466662747222,0.04607314482149253
0.013464248983653927,0.13723606765268706,0.09611978257245733,0.22691032268916955,0.019918667157021622,0.050561683822136515,0.08615760219474322,0.07067671794884231,0.29895490697928845
0.053396422201515636,0.23232312081742976,0.07610640800621621,0.18053479680657472,0.24873857942962238,0.06467578789833318,0.04977968945209114,0.08479133491323111,0.009653860474985862
0.18746591279825356,0.12367434449905242,0.0990180572461515,0.03282145004270318,0.13924827706861717,0.10979952871671322,0.17436311832037002,0.1163124288278569,0.017296882480281994
0.08932701807884737,0.04792072677161661,0.25962840389430303,0.02155013401376688,0.17528693451558408,0.1023028698203637,0.1643954784124979,0.12214684626461005,0.017441588228410392
0.0757951193079093,0.08588071364262957,0.16545889568361463,0.08822885129080299,0.17400908278980518,0.08968632930586784,0.1717338400056728,0.09990352890784719,0.04930363906585047
0.07818276165684583,0.0582868522420591,0.10132157038375571,0.018237453375721278,0.1212219815232578,0.15259188183599337,0.09021660995966017,0.12601618231923709,0.2539247067034697
0.010646187439879528,0.08597814181813086,0.1849725517440308,0.093287058645594,0.0472873250225026,0.06839851812137777,0.09872424934055084,0.11777848020410009,0.29292748766383353
0.021078752260572913,0.22797212895207153,0.18159535045207412,0.0208089572740895,0.12985529625497136,0.08914177946801005,0.08447903704958248,0.13987570592284626,0.10519299236578182
0.12286796423986447,0.03558767971943594,0.16679080140266292,0.08874907080869414,0.21267133905139982,0.09525175060962147,0.14283926572798844,0.10687544182258135,0.02836668661775139
0.07874779162391893,0.039504045761206384,0.06003259838536204,0.023070719243934976,0.28072864347374715,0.0772997373780109,0.12722055686964584,0.0986180055866559,0.21477790167751795
0.06850358290916822,0.16333719747543776,0.10875090607980038,0.008931666864529002,0.20308527187551798,0.10230554625855004,0.15724772963620212,0.126942780838487,0.06089531806230746
0.054698812232841586,0.1136465199674979,0.2695912881093734,0.0092860493381053,0.1520915902232518,0.0946100432694361,0.09418109741127882,0.12715420797648147,0.08474039147173358
0.04765703690684662,0.051474043278842446,0.16131979916704015,0.029976987249948378,0.18893664827331427,0.07412249186168053,0.10246983502165614,0.09424278738346932,0.24980037085720216
0.009135732755629804,0.1252064678659962,0.1339384033466058,0.03348474411424492,0.2770612218609971,0.14637164471122174,0.1344422734615619,0.11173375403947305,0.0286257578442695
0.043925052351449057,0.053147461679250885,0.2592246946402024,0.08098061688145809,0.09562735690727235,0.09810201745952918,0.186062010320419,0.12321921953233982,0.05971157022807929
0.3218806659377968,0.05252997903387654,0.08069984579900934,0.013596019462394825,0.1433519338766408,0.11188330062870866,0.11135684594088395,0.08922902861422953,0.07547238070645958
0.10185968717848982,0.07123254415670346,0.10047336062893103,0.02850735520612434,0.2135718055974023,0.14769716261305124,0.1894971478446915,0.11252774532552494,0.03463319144908134
0.04543303810870051,0.10702345235273462,0.09327728145021341,0.16082478029680294,0.04035520283754962,0.06686752968704102,0.09897823959056751,0.11199182332311024,0.2752486523532802
0.011717045361205318,0.4529174581402689,0.07388071687980934,0.1010238863692869,0.11042980976321935,0.07779057604659544,0.06710332495702258,0.09231593893597544,0.012821243546616836
0.05215465517892953,0.08607350693075659,0.1497723064759188,0.02556537846827861,0.11562590340428243,0.0933820238640901,0.11069727493380009,0.11589231813233858,0.2508366326116052
0.15058884338339643,0.13981072787681317,0.12355595271173052,0.05343576910457201,0.1376804412270424,0.08792125072293927,0.1730916041344577,0.10331045736746565,0.03060495347158283
0.06253587555260952,0.18045082898304213,0.09174528194340258,0.1401137364073967,0.10973400927749712,0.07947863401069234,0.09485096608868869,0.0971445126675204,0.14394615506915046
0.07806264276421895,0.08588016794848193,0.21333187289925126,0.056206721649037276,0.08507273746107218,0.07522422568724889,0.08629979477483252,0.11496155460508543,0.20496028221077156
0.039998797322180674,0.11220665054351166,0.13311367404138683,0.032666974895382166,0.1916562187902301,0.11756913071735946,0.18462021502162518,0.1391267565160926,0.04904158215223132
0.06371220968051851,0.05011858815932393,0.17323351857115524,0.10372495009311744,0.24123890739346043,0.06107943395069402,0.15023136051932492,0.09232027290408136,0.06434075872832408
0.08708520837455763,0.1283569954957794,0.21408959246120096,0.02510893523539832,0.19053604591068488,0.08746462857915475,0.11863526071510505,0.13311627609277815,0.015607057135340838
0.12166681564669969,0.05945492031466872,0.0725448275082477,0.08206207510944193,0.2680279145242053,0.0934110923309664,0.14778134721348557,0.1243676496532558,0.030683357699028847
0.023509823885995245,0.06271854206065486,0.19164406011268595,0.017478995295874378,0.2815157187260164,0.1086112712540231,0.15613532735942082,0.1006156357962918,0.0577706255090375
0.11473010456185743,0.059376406737824745,0.09751129814006838,0.037932813651315955,0.11964262602946085,0.06579127127113722,0.1674117077315882,0.09033351553355277,0.24727025634319433
0.0828442385367549,0.058424117407016,0.2625351959026394,0.03915021286146698,0.030288919386020807,0.039524626018037294,0.05517961664131035,0.07856299215750619,0.35349008108924806
0.03720011199764473,0.08604266356858566,0.26223168386082857,0.012188569104316468,0.19980558881872712,0.10966311308662764,0.07956399254193854,0.12597122732400218,0.0873330496973291
0.12702711792448285,0.12535495849402206,0.09562502024716112,0.12760785218421655,0.2088593031938859,0.08183371434126983,0.11193295228806006,0.10704436863597651,0.0147147126909251
0.061387748285906436,0.048092216504817285,0.05194087991173282,0.07643808169791207,0.12371254467368879,0.07373232480236501,0.10741480998361515,0.10876544786646146,0.34851594627350097
0.048064413193001206,0.14035565375732756,0.11040706883677691,0.07581527517575505,0.09089291215063762,0.07611973309493943,0.11032559365229426,0.08682886558836028,0.2611904845509077
0.38979218749482775,0.0491551077243933,0.05936707361186019,0.06633292003153664,0.06262967002867602,0.045568832361272495,0.06893118426353735,0.06868807444676421,0.18953495003713197
0.018761047104959055,0.1980374001780326,0.14926847455607137,0.0491159008821348,0.18033621755064874,0.14307470865708374,0.1050641959637874,0.12160267789019115,0.0347393772170911
0.0846612464479888,0.04126249288690484,0.08372264471869635,0.13709976473944216,0.06418619750425486,0.15325039841349786,0.13512940485721706,0.14074543717561425,0.15994241325638373
0.05558880480883579,0.18405405080041973,0.11999106010668037,0.017694041203985773,0.2847639853977117,0.07979220432845893,0.08882690435582719,0.10318144129638668,0.06610750770169392
0.11042819896453437,0.04055624928852571,0.22536871545787088,0.015088727437611702,0.243975294626523,0.13495540247280366,0.09426917786088514,0.11985463286646215,0.015503601024783408
0.0465778755102387,0.246506737953891,0.16463568734351883,0.025715264941306434,0.11614781741166912,0.08608405762289943,0.09786238656190023,0.13251264930943227,0.08395752334514399
