0.17260547506207904,0.07532808689757832,0.2183705319025606,0.042805554746589924,0.06740919954440831,0.12424503302527573,0.031728686974605375,0.07942066041266393,0.1880867714342389
0.07038169606751873,0.02784115093574503,0.1802807944867767,0.11887039375949147,0.12472425390748594,0.1410638012325244,0.037649561301728814,0.16484477040120463,0.13434357790752433
0.07481944185529227,0.14805351587927226,0.10379176032969051,0.025719840005678316,0.26935039304140823,0.10204096060451073,0.0651918905818166,0.09143578568862425,0.1195964120137069
0.12773186946830953,0.08352322972955294,0.11050477800208047,0.08332414872263436,0.11319991809504504,0.05414363435706885,0.2248230044600424,0.12081012040287409,0.08193929676239237
0.1127162178795947,0.040385860895177594,0.11783984686846627,0.1603528764212708,0.12842036338190468,0.10354882784249775,0.1868338097472939,0.07476284638270225,0.075139350581092
0.11299861989637609,0.3959547146555467,0.13096082314600035,0.007625918488478332,0.06664570977099608,0.061659892958035416,0.055736610946451985,0.08964037264013086,0.07877733749798409
0.09418524436983482,0.04475059678503273,0.06839910863838339,0.10671983315510407,0.03465533491689502,0.05457773953790327,0.08860911152769507,0.26022270635489136,0.24788032471426028
0.14867734588080384,0.03849850323934323,0.11414309623140502,0.0628709109838234,0.08396531066915801,0.033664794871723434,0.12280491427385844,0.31635020713767176,0.07902491671221287
0.08882993837949908,0.0744209691244387,0.06884516706876796,0.026900790619293267,0.04666853688226318,0.10064517503456161,0.37500812339018713,0.0619430825911114,0.1567382169098776
0.09312426397338565,0.024940316246029926,0.09842116010636426,0.3754735315617416,0.08477705663899399,0.04125058445636725,0.10075909873678858,0.13259821439129468,0.04865577388903408
0.09270361027679862,0.27194498995179156,0.14861714507853818,0.025704800339475285,0.08159812574396072,0.025073183351079303,0.08154766323687551,0.08078973758449921,0.1920207444369816
0.09318954082498815,0.12350605879100311,0.04094299070012061,0.07516938530429527,0.05094726118945192,0.07180134166351282,0.3276492670267341,0.09273522734876778,0.12405892715112628
0.1415529185327612,0.22605073729205694,0.07665469562657286,0.021056185367112127,0.0962284161357536,0.12673993041040832,0.168403124582841,0.06475134698928499,0.07856264506320891
0.09084622733114216,0.06444364236842273,0.09369867133491176,0.03621033056645163,0.11713753076722411,0.08076051500535278,0.04392830571502148,0.28412537431751955,0.1888494025939538
0.14055954341544222,0.1168378255810304,0.056747139275996006,0.032363283277960266,0.03837278727874616,0.062050719497921285,0.23666106509933912,0.07548815994107484,0.2409194766324897
0.21445791066195366,0.049669272077703365,0.16691960017486498,0.0400917718282379,0.14251938008786358,0.0944173755564452,0.05837642337937076,0.1804323000803757,0.05311596615318471
0.02473808902563436,0.05483295098240071,0.18658713811960706,0.07349804934057223,0.3724095686639757,0.11677797640413466,0.004449954737412303,0.09698254306135808,0.06972372966490496
0.12789299538730717,0.08394300057356092,0.19763620576026072,0.013824592087377347,0.11987698593380802,0.03315549826995195,0.2372391736354695,0.05535513438779727,0.13107641396446704
0.19449217205272964,0.0955454312307888,0.06802255723227389,0.007251245743855969,0.0649578573808804,0.058271476437919266,0.27429486952962323,0.15983330643662866,0.07733108395530014
0.310969763292012,0.07026717422785438,0.1508427213083949,0.01898357721378868,0.07214272667131284,0.0679550051662867,0.022434725053008978,0.1524857561234858,0.13391855094385566
0.1691053184796503,0.11027001685328121,0.1313647849657739,0.062037181775844386,0.07692702312767942,0.06456524199595524,0.028309032921581795,0.12645595580135885,0.23096544407887484
0.1262864356709241,0.4602980536654589,0.03419015043821774,0.032152836202781726,0.02388153928386728,0.021686351670008847,0.09275560860058017,0.08905775157806595,0.11969127289009536
0.14220453767043795,0.1797287446322395,0.20775512324980014,0.11476101707059423,0.03233837703064101,0.07291749840800531,0.0282962085376849,0.15419126674788278,0.06780722665271412
0.12660661812263582,0.05364012951713439,0.13328247188234055,0.12885913789538372,0.0915599032825767,0.03760387616999873,0.09311544434437143,0.12579114651503115,0.20954127227052752
0.06959134726709815,0.09082043166078206,0.16768207118296477,0.054542514420292336,0.06314179168425126,0.0813593759343371,0.13534767101601078,0.1284916790939971,0.2090231177402665
0.2934099502554279,0.059851740039983135,0.2498361178819338,0.044364602909136706,0.022870016499879766,0.07984860850132752,0.033941993840769985,0.06252583457027802,0.1533511355012632
0.25480146248723406,0.15840984152066465,0.07403487697587398,0.04184894270004608,0.09047997442725875,0.059907516716719046,0.014877200180611371,0.21984692486700805,0.08579326012458403
0.07683875128800727,0.0470926310928953,0.16803052703592714,0.09817609045974028,0.13840560511838135,0.07692436478258989,0.06156465120040284,0.264334294339235,0.06863308468282094
0.09383693283302195,0.15798256948752057,0.03907901594521903,0.09675037760174289,0.0839064822468681,0.2623784370052639,0.05925300663384134,0.09070290530029641,0.11611027294622582
0.13416101731721128,0.059019510863609015,0.12602714567367473,0.01297359258789859,0.09926034749022883,0.1271375447160731,0.07063921608529737,0.28635243934967497,0.0844291859163322
0.11159969485373977,0.04801193501229303,0.07589843829787679,0.044396345089944854,0.3225475823438397,0.0379352183231054,0.011502995648153054,0.05057233553718874,0.29753545489385863
0.09631974991989856,0.12112885683143167,0.3409014353410384,0.0076010963008892865,0.12141084364065624,0.09558807168502192,0.053874511111129376,0.07638601529968074,0.08678941987025385
0.22440358770500787,0.11863113050303886,0.16456792907715811,0.04734251450600547,0.09847572968978001,0.12081111741595851,0.03458127526457456,0.07061227846386786,0.12057443737460878
0.11809947787605769,0.055320285426592765,0.08391790618160333,0.21693208581691734,0.15593986967114024,0.03959769671583918,0.018935701447901184,0.264334660200277,0.04692231666367119
0.0698716625852782,0.48617845962101813,0.033448838973542915,0.051332988303750604,0.05829865943688562,0.12010517161045708,0.06716468648250007,0.03566751948311387,0.07793201350345347
0.11785772399034723,0.04204463208473769,0.042946002486899316,0.09027482605187198,0.18721061305927644,0.057184975957023675,0.3101671284112681,0.059476050439017186,0.09283804751955838
0.07102451383019727,0.04638702419307522,0.0924367590225974,0.02416829117040836,0.03638984088194438,0.06842101691609254,0.16722274336447815,0.18648790867391876,0.30746190194728784
0.13763875219670607,0.13668268888454924,0.10100432082937986,0.005783916589286564,0.0887004223112567,0.0857459597466365,0.13339501287118613,0.1493422543526304,0.16170667221836846
0.10626431306988143,0.037219092643745545,0.07952452320800017,0.12201118284558088,0.15917591832858194,0.08166022495269958,0.11492581969723202,0.2449701235916143,0.0542488016626641
0.16893527814313306,0.0680323957294219,0.2164033677970488,0.029367654323873876,0.10075419663792795,0.0688537314631553,0.06257098258167461,0.07624939701689686,0.20883299630686766
0.13600109554902304,0.16173043592564998,0.08571976970490569,0.0324695832293159,0.11259758891978904,0.0596900005343196,0.12010545164748272,0.17487468004536322,0.1168113944441508
0.1273091420413285,0.10818144555647495,0.2542858729406864,0.007573099232434735,0.11531406278626262,0.05189351068616085,0.176139813247675,0.08185967848420378,0.0774433750247732
0.11774924503094698,0.13034177279075146,0.24493683359620252,0.10957354754786029,0.08894516661396328,0.09712714729786043,0.050917948584061394,0.06115027219129009,0.09925806634706358
0.12334123502582439,0.20015916578871215,0.1005780424001278,0.00490458397874031,0.03502347570030528,0.0772407027500633,0.1626193808821704,0.2115529961483801,0.08458041732567627
0.08710883788590208,0.05032587456256518,0.061206585525705764,0.11419208686213757,0.055388327561402995,0.11388393738300202,0.2342509084941445,0.16187240534500835,0.12177103638013155
0.2193950931436378,0.058882500984276324,0.11771145101260932,0.03546545534233563,0.13579907584707204,0.1713746572858438,0.07927165896652741,0.06992834349537431,0.11217176392232331
0.23999235500018914,0.07266942043190988,0.36784365354867665,0.034111363142982624,0.03791713693770353,0.08207265042284008,0.0731365676537631,0.016661760736163236,0.07559509212577172
0.280202754365583,0.08616761237805663,0.2310437538492108,0.00654837480353844,0.09171064300623777,0.033813095367558124,0.11246357187228868,0.08359093600423378,0.07445925835329274
0.10993577582422868,0.14576624875483993,0.39444832727784523,0.11628677401812089,0.029531321315358173,0.02481961723497191,0.014159239097353275,0.06461336704633365,0.10043932943094823
0.09407260422762298,0.1320559006549916,0.10716113313037458,0.07843725176825113,0.20572312001747595,0.13833642636694296,0.018520907718190666,0.1363877176551074,0.08930493846104266
0.15780881052608048,0.09035051329313627,0.19180797188309695,0.09256222743433389,0.04543380256523377,0.2518468373138755,0.03052226457464219,0.07472733480504833,0.06494023760455254
0.22202948176138845,0.06964204551963621,0.033285840064275776,0.051403388972358986,0.07397293674659189,0.10423702182685453,0.15924540403808676,0.08922136197211152,0.19696251909869592
0.08658585167388859,0.14517081860295458,0.269859232091888,0.019387168369792155,0.11916218095918275,0.09827331081371098,0.10211784926032264,0.050556686128773405,0.10888690209948686
0.1064818570415046,0.14738624600453912,0.12739879245102587,0.027382019024783034,0.1227883864897693,0.07287731540642108,0.20719609031881345,0.12528520149232758,0.063204091770816
0.131832068572196,0.10952079599418167,0.1735107266527088,0.010223006724329717,0.0592676826901205,0.12026995012083931,0.07092004819696701,0.08276851942243768,0.24168720162621926
0.15567654789959787,0.06478810031707621,0.1564920586046628,0.026144078458015613,0.09410012211890996,0.22562881136922366,0.013857069797466178,0.19065781383401692,0.07265539760103083
0.09476300112088563,0.2037875787201516,0.06055685908169157,0.065234967158449,0.07980041734485338,0.06497703763427674,0.2305181566402761,0.11376303420589721,0.08659894809351881
0.06787278977741416,0.061229688310145414,0.08750424659818241,0.3287255016347968,0.09259000862483331,0.06901338884040183,0.041001456326122836,0.12319509159246865,0.12886782829563456
0.10029087451184047,0.05894509943905088,0.14578807564205706,0.04960188561325383,0.08267681599155775,0.06434880415836712,0.15227066637455108,0.2302532156093412,0.1158245626599806
0.1279741710391138,0.19465142157787127,0.030696455352549765,0.11177595797454583,0.05036375991785011,0.06412201168134825,0.23784690024264885,0.10977196639045828,0.07279735582361387
0.023557883557023013,0.04746465881750906,0.1727994305907117,0.0505036376601441,0.016311005082264303,0.18364273255234798,0.17525024281546417,0.048529223718350945,0.28194118520618466
0.13416101731721128,0.059019510863609015,0.12602714567367473,0.01297359258789859,0.09926034749022883,0.1271375447160731,0.07063921608529737,0.28635243934967497,0.0844291859163322
0.0651026189775396,0.2006769752854046,0.14937978239331837,0.019558559648364674,0.091733590700237,0.02412874835125607,0.1048139234161775,0.22446741075749066,0.12013839047021142
0.08177223530175108,0.01572907074848238,0.16945522361633827,0.11006404068524323,0.25682081063494844,0.16960038347406778,0.019385001595525492,0.038752194329309035,0.13842103961433427
0.12936185313048218,0.07322664338019412,0.21262720539407143,0.06892675048904859,0.07275541491409826,0.22435863532945746,0.03311961767286429,0.059698839393608934,0.12592504029617474
0.10996664754335861,0.06545027791999812,0.13155525930355452,0.14804911640193122,0.13263384174305284,0.10920336445965124,0.08604193675260319,0.15575003316214528,0.061349522713705064
0.09628263751476641,0.0653397237955897,0.12862458231937693,0.04649815333837162,0.08603418853173393,0.09714592896560519,0.25161184908799067,0.15515715918370185,0.07330577726286369
0.10449426075664985,0.02618337180447214,0.3087411393896469,0.0849402115989271,0.0701682315119041,0.11735272347639795,0.017148131974517724,0.09538143079470768,0.17559049869277657
0.12049019788516209,0.07846565484230461,0.2582155596443348,0.042028203131230325,0.11263581551523964,0.0746738174552312,0.0218636788924442,0.17699413578547074,0.11463293684858229
0.1135236454711505,0.1792565326369451,0.19248911337742483,0.03987227087435975,0.05712706485485521,0.11181056082118153,0.0952704950353348,0.06857641293656716,0.1420739039921811
0.04962054492770457,0.022583116641086348,0.16443201317911557,0.28055935435756363,0.10876512208385024,0.14607017311797518,0.07479122681341711,0.06472692242840054,0.08845152645088677
0.07627943249452428,0.062209402116146985,0.10785507462206399,0.08704241442976672,0.08631316992846594,0.02669879476023958,0.34295474112258867,0.12687721275234226,0.08376975777386159
0.11564234509108902,0.03317657863336795,0.10187074751864185,0.3103216662302447,0.1015701156858524,0.07155251188322924,0.033537692162387917,0.10644237350446646,0.1258859692907203
0.07671022307082774,0.19597703914713607,0.05460175228779974,0.0678644982395213,0.166213395546738,0.05757214439366165,0.21250282173182886,0.11645786147519062,0.05210026410729609
0.1868676487203401,0.039056913919990964,0.16548397287665986,0.11419833710884837,0.24280998087013025,0.08162184836138832,0.04187325623339799,0.04067919763397809,0.08740884427526602
0.1935858218582446,0.27845739088396954,0.10746017257335228,0.0064328438625403245,0.023277099227327232,0.028901851481338697,0.08438424735186746,0.22314802168095463,0.05435255108040515
0.10735269620660419,0.012483515531364781,0.26607298135644575,0.045363523159033116,0.11878652927110878,0.15052156877524103,0.03427308894615977,0.1958614577169253,0.06928463903711728
0.11006195568602099,0.05577030703504465,0.16495800386313839,0.07859189148303877,0.07490001342906626,0.0990870223891171,0.05197768763053953,0.26003817129854,0.10461494718549436
0.1254408579841054,0.09984585719484496,0.18642668767737436,0.04594753745275417,0.08756311918379016,0.12129544064321685,0.0790772957428149,0.16255098444705682,0.09185221967404238
0.15628442744197366,0.12103654664217783,0.13861126452218617,0.07832524537296105,0.1351062535954325,0.0984849284423535,0.05181663583320442,0.13202099456086736,0.08831370358884351
0.08793409238719707,0.1541258054745535,0.05690533011717353,0.022919813729705724,0.16786905823725684,0.1301394763661705,0.16622171784553952,0.14764284895835839,0.0662418568840449
0.22293278705949252,0.14765243710415113,0.1839994499277725,0.04869324322841621,0.052901992328277254,0.0764269223780834,0.0792774787849846,0.09936022911257891,0.08875546007624348
0.06871960696049625,0.013010179371049977,0.20221337223785837,0.03491665099057347,0.033811077332325794,0.06009068497903059,0.17461770610206487,0.3692856025816096,0.04333511944499102
0.0958350132251753,0.09405124872577701,0.10267252290935643,0.02678561802071064,0.3145359148789187,0.12466329471886957,0.05156155448496518,0.1398494014510887,0.05004543158513843
0.025084094690224757,0.023376376106719735,0.028293268752226708,0.03714631581803248,0.330946429832184,0.1871704813223076,0.11438314650722292,0.09053950274572263,0.16306038422535926
0.0764844947169304,0.044802976492809225,0.16292753665218254,0.05718916424165604,0.26658049750935775,0.14325856957289532,0.09191047663633618,0.06172791629850025,0.09511836787933232
0.031742480385205336,0.06844571515553238,0.23607712995412022,0.03528340604234045,0.069686481085099,0.268156625420708,0.03965449831149873,0.19170684789113304,0.059246815754362726
0.0953611619449638,0.1709357031166486,0.17584756625368758,0.0978609226900125,0.14377137051879482,0.07512937713659833,0.01791333086216124,0.06436027748985175,0.1588202899872814
0.40347775086180265,0.0903050683138249,0.16907028187568,0.009307951591121686,0.08349503666064052,0.029652812564769555,0.07570124644399705,0.0455030416114261,0.09348681007673747
0.18483488520596073,0.22842006688667396,0.08837350709003237,0.025967603943744644,0.04807988777245881,0.14450260430290132,0.09412082915183646,0.0960496244529781,0.08965099119341358
0.32699948914779925,0.10924768995218836,0.23565809677817187,0.014956912482470122,0.04164444964871065,0.07432133961838189,0.01822654796669089,0.09239514152693871,0.08655033287864826
0.05348321837037264,0.0861503691566675,0.2307124591798135,0.09068070395238426,0.054796606381171446,0.13355292441372266,0.07847857858855693,0.13425357271771363,0.13789156723959747
0.08038090351340349,0.18122320267661363,0.289358992516007,0.0646101702007687,0.06282983306613778,0.07110004987732446,0.05005789173611714,0.09001420961230927,0.11042474680131857
0.10580901615679796,0.060312193919523506,0.20838250268308714,0.107198892361842,0.05079937947766392,0.21552160682759805,0.008977208304040364,0.14872781075702843,0.0942713895124186
0.10116664741368848,0.0292172748667404,0.1254950083261405,0.016020211175943547,0.07774822228674844,0.1717061169341888,0.1827329161039748,0.1573223090148481,0.1385912938777269
0.06493121505911631,0.1600769008470819,0.05296985421642849,0.02972571138905734,0.11505706773841307,0.17816577240989603,0.10446772275369698,0.20514156431963837,0.08946419126667142
0.04388028557451428,0.05980848301751022,0.22885789254079122,0.06865157373517551,0.1474849349831109,0.21882447313407047,0.02996601709053139,0.07082162779131503,0.131704712132981
0.25973892919193037,0.0431062452836441,0.19197329061519788,0.007172493488549936,0.05261027438315937,0.10125467919394256,0.11829549766716314,0.08206284580179402,0.1437857443746186
0.21545027619186677,0.0386389931949676,0.059888689021786345,0.05025284982075686,0.2992357616445141,0.05103325189900387,0.05457112186480878,0.1830771740954761,0.04785188226681953
0.04067758474378488,0.04844341021741147,0.02991605045499227,0.04514135357297499,0.461344013714491,0.09503632657475947,0.11285106652991383,0.06862909586680821,0.09796109832486384
0.06656769370103012,0.3310035163183713,0.1258140988690387,0.0029814166612991727,0.07624445031783324,0.11309258223573648,0.09827977000636494,0.08995915478674206,0.096057317103584
0.10909120599677342,0.0508871911243143,0.2686178811345024,0.060082738797747996,0.07970517951472406,0.11230192221089856,0.042357092712020934,0.16047268508078294,0.11648410342823545
0.06515807729251617,0.2224226297024834,0.09381173397843823,0.009751665625173912,0.08351626316013067,0.1549267979276663,0.06325634854310198,0.19356552779369185,0.11359095597679753
0.2579940210288494,0.15540382810586237,0.06783421395224447,0.20124286554144646,0.022349915766897405,0.04607798817933867,0.04952505012775001,0.14979625934957372,0.04977585794803749
0.13077652729377562,0.1971082552661277,0.09497019280952045,0.015977122550476865,0.08898382389386117,0.1548153487770981,0.13300023422050264,0.10854942755123058,0.07581906763740692
0.3213361106853747,0.10276735654396402,0.05123427937160543,0.019691619476406946,0.07449872567643517,0.08338913269468635,0.05077521233672739,0.22739480662485226,0.06891275658994767
0.1014417527349888,0.1560162244017759,0.12792574494661224,0.16026664347723016,0.10838716834910657,0.1290601157070234,0.07914214773801102,0.07096709095658489,0.06679311168866704
0.15902064430644616,0.03117588319250514,0.26832394291350725,0.023268395964586613,0.2148558819314742,0.11617150705946606,0.03274482610528608,0.07082174081152498,0.08361717771520356
0.028757890617498144,0.19700021633320852,0.11964628399733306,0.09782901629667602,0.22063084131936486,0.05244693418307698,0.11781336798516977,0.06962914978480857,0.09624629948286408
0.07701904307747244,0.19875055766740748,0.16121810973350614,0.05378792031945633,0.18206964791348468,0.10541711796362839,0.08427663662038394,0.0592134853481192,0.0782474813565415
0.10075312346160348,0.10516656577401073,0.2679628988333321,0.028548637582015757,0.0941227059095332,0.16808112573070197,0.06359995914351327,0.07205098082677103,0.09971400273851849
0.09947647346507582,0.011589789742877943,0.17727220247619443,0.09038822527473682,0.23816503064804564,0.09048571976395725,0.03655945548431062,0.11181773647054823,0.14424536667425336
0.06747532295778037,0.2930792496820433,0.13517084522019734,0.005628684706451249,0.08149001121354586,0.11102726812551482,0.17945205239266526,0.07645218349897288,0.05022438220282902
0.4340176836587026,0.08805700745640625,0.12440524585236397,0.006573811686221534,0.0615557909535455,0.047421138996671976,0.10829834107065811,0.060071940928096694,0.06959903939733329
0.04857980442778922,0.04788289662928356,0.2566333990906614,0.06388518041349604,0.08564886405916493,0.15149938181615485,0.13899867441368607,0.05535436574343916,0.1515174334063247
0.10204924531819198,0.02310842459776427,0.20024824075393102,0.22708792064282576,0.038069938407463345,0.09347250557980413,0.018378606921734122,0.23866133853323976,0.0589237792450456
0.1014417527349888,0.1560162244017759,0.12792574494661224,0.16026664347723016,0.10838716834910657,0.1290601157070234,0.07914214773801102,0.07096709095658489,0.06679311168866704
0.07024200390402978,0.06381243776999128,0.15949215145126153,0.028152117718521136,0.18053562026494296,0.04565171756627797,0.16555383670080945,0.10181695180184765,0.18474316282231826
0.055991122219786076,0.09217790600773268,0.28974007044573685,0.07958396684283736,0.011147579339970395,0.10103275856772874,0.02874936834465119,0.23816908576187126,0.10340814246968551
0.12122749666089934,0.11749359589692288,0.11676552451616869,0.1734713776832083,0.06812619349164382,0.049418389662367924,0.2250046295749927,0.03224247884726524,0.0962503136665311
0.18381848929162378,0.07578131795610878,0.13290666845142218,0.10993782980863505,0.1455153521639945,0.09650318270256786,0.021326016724104738,0.052244471057922535,0.1819666718436206
0.1852378708290877,0.05270713005154017,0.17332731259492806,0.0534577984727242,0.09559639679071692,0.04230768198557533,0.19816660655149765,0.13141567736450277,0.06778352535942717
0.0951314028390964,0.05537037145415582,0.09644054328568119,0.02162614751690369,0.049100324853561805,0.0627171313949716,0.29990345447355754,0.1714258559659164,0.14828476821615558
0.15748904752549575,0.08295778257213549,0.05307329945237996,0.008191277366681926,0.14075627387437806,0.038141451373446905,0.1596622105153598,0.2305429130698152,0.1291857442503069
0.09787207074973102,0.052711113099091565,0.13257367830549607,0.06696767489228238,0.046756443238574474,0.20035686111330822,0.0839678795592364,0.22552716648127605,0.09326711256100384
0.2701938248400702,0.16183109425226141,0.3393182088101642,0.05990921542257877,0.02847759303236898,0.04348274877513867,0.019245369696600397,0.045837484610917134,0.03170446055990017
0.08374782192844972,0.022186579632950315,0.07622901973208014,0.0054477670892944625,0.3908645404820917,0.04035079586724324,0.02122968495506709,0.06233642259582275,0.2976073677170005
0.03690439236697724,0.25709018432060776,0.2362969998187272,0.14175550973024767,0.06551321258928246,0.03809413099674883,0.06737230922938793,0.027220806009500605,0.12975245493852042
0.10163625373638852,0.17592146524996718,0.08079723352004464,0.0303480882400697,0.07270071073530467,0.07934136871114998,0.20439738812585154,0.1269784325888757,0.127879059092348
0.07200621058836641,0.05231873056410311,0.04233231051127886,0.10737351922379464,0.4031118932532003,0.16562208025187164,0.0412561620049775,0.09112306189381998,0.024856031708587648
0.05234641903216635,0.19398076282515656,0.20554236548252255,0.081547022219262,0.15214297464280532,0.06770011044248087,0.05398162157020887,0.12435214643362857,0.0684065773517689
0.05684873642444873,0.07702595592440097,0.17277180023141195,0.05329209754282451,0.40440761281733195,0.05776940684081446,0.043907551398951083,0.030869894035240656,0.10310694478457577
0.17375672249677,0.1402401144229506,0.20754461006304992,0.02462462884263016,0.10260700577418737,0.08201692653687224,0.10421914449280549,0.07995101099716756,0.08503983637356667
0.20287666112989652,0.045559084456801874,0.10398545360624876,0.1641824893598126,0.10262357624476981,0.08617230537910651,0.07618800280608128,0.15070492541994585,0.06770750159733671
0.35681914328133874,0.12450323531944667,0.14441235606508962,0.024641253545413255,0.02990042887913701,0.02973583920431923,0.09396391605473368,0.13461843819940825,0.06140538945111362
0.1516918303536694,0.09718343151309838,0.170115097579586,0.06807742315618394,0.12108681082196553,0.12339041157151893,0.0484463888201288,0.08916875279739682,0.13083985338645218
0.10932216635448411,0.046082468527665975,0.07938097063356589,0.04105820027527818,0.04361661090205867,0.14392234304731796,0.054686480903726443,0.2638588135954117,0.21807194576049116
