0.08074571148798525,0.13766396186498014,0.09428455126228989,0.15863212488449652,0.12320408160217478,0.009085640868981382,0.1431932112120094,0.10123132818487934,0.15195938863220324
0.08065040044360793,0.12575608956473885,0.12074427486825738,0.1259437952795924,0.14080817648451088,0.017800856586695064,0.12257953050646024,0.09218500440285932,0.1735318718632779
0.08542892194141026,0.13081918084619978,0.09304587900070908,0.1137157658297641,0.1393272153887596,0.014258443205627394,0.16945432706250219,0.10993639253629378,0.14401387418873388
0.08308243179012365,0.09987526764019877,0.09494050136321108,0.16825280259328537,0.17826263729410896,0.004400085307032858,0.15241540321752986,0.08088610370390766,0.13788476709060174
0.0793233854006884,0.13042341377019498,0.10526647344451201,0.14729246973374335,0.13989315384879322,0.018038092266713452,0.13517695117534023,0.09603345666796949,0.1485526036920448
0.0814221940558656,0.13905113931526747,0.09599783654773326,0.15161891144755274,0.12329989130259915,0.008563442623549909,0.13854761268641477,0.10728609517957476,0.1542128768414423
0.07610330686212971,0.1576071003604287,0.10093343976376334,0.1515214187397813,0.11667996757773304,0.0083688561387251,0.13657330647598662,0.10559762770540852,0.14661497637604365
0.09351298865004647,0.12630336675636214,0.10402221434958075,0.15472028605198115,0.11813430873292852,0.008435974307293174,0.14034619646915805,0.10613803150480428,0.14838663317784542
0.0842579896170043,0.13900142223671863,0.09599444556079932,0.08652001243953288,0.08991903365392795,0.04845544073794006,0.17105890304899204,0.13640287292855066,0.1483898797765342
0.10120580999409913,0.12931775193809858,0.08669425103271061,0.23861486360766748,0.1688784360925284,0.01588525957957729,0.05975796672432973,0.10183499157637436,0.09781066945461457
0.07529472124932855,0.11361681871328598,0.10007678272727431,0.2896873463667224,0.10056962344385406,0.006115444260113981,0.11212704334014907,0.07135980329032783,0.13115241660894383
0.07518188667438479,0.1232097189750253,0.10023347278860911,0.09324685294738884,0.20773293964480885,0.005434114908929624,0.1698037993767012,0.09685820524839513,0.1282990094357572
0.06705988917747883,0.1018164737766245,0.1180590811328421,0.1053318977398731,0.12216331271608215,0.07805986036942753,0.14407978751557035,0.11408502829231758,0.14934466927978388
0.07806460960219787,0.14009848184985335,0.10081444539936739,0.161312751765847,0.11904433228794632,0.008952045876505667,0.1436465507381415,0.10103024882951911,0.14703653365062178
0.07492382592225333,0.11288547351876847,0.09991310969248894,0.2095605249290723,0.13984836345701357,0.013862583440234203,0.11970991386303105,0.08213327263952537,0.1471629325376128
0.07006866265989194,0.12480472398219618,0.0997359328807453,0.12594650338011132,0.10435389858924533,0.02648191427811188,0.209724101498633,0.10067140362886168,0.1382128591022033
0.07373197978013947,0.11401895336500834,0.10833719462536116,0.08395994353052028,0.16477986235238187,0.004944412318197019,0.16560740400308957,0.1302897071640932,0.15433054286120917
0.08335001080297118,0.19435246142174192,0.09840137726502579,0.11351669148298231,0.11315229331559373,0.005639282118716331,0.1125807718277373,0.12263315054579353,0.15637396121943775
0.08412950570742252,0.14379697660431487,0.10169524965990756,0.15417297109294364,0.11678432534056893,0.008370008081759688,0.1390210516633312,0.10488690395373401,0.14714300789601753
0.08010355346538402,0.09543787475339989,0.08942660387203198,0.2919224294625512,0.11958260012651785,0.012031611645633497,0.09086457192729656,0.09213214762219685,0.1284986071249881
0.06495262444557685,0.13207491154400022,0.08785197365777335,0.09859747668246209,0.12268099428958595,0.1681376798711707,0.09657400830838749,0.10413283200496148,0.12499749919608194
0.0759299908667566,0.12778748356951683,0.10896043717460706,0.12526382255658564,0.13374398933272572,0.00694015498072583,0.1197684709288717,0.13693035092699155,0.1646752996632191
0.09254787821589165,0.12220566082918609,0.1134175771938996,0.12510876915000527,0.12572790759698407,0.00783772438202073,0.12281205731288625,0.11869479305259585,0.17164763226653057
0.07681027956829237,0.1118736072901162,0.10406938271182069,0.13325506675839985,0.13976002943624835,0.007579518095113425,0.18576280040472526,0.08522109398981069,0.15566822174547318
0.07691580633354184,0.12968056610005982,0.11635677331124582,0.10734376933291906,0.17424556800692315,0.03070437527961988,0.10770963734009788,0.10582443980128727,0.15121906449430522
0.0801750173421681,0.12138952020613503,0.1107927694878817,0.14054686207736214,0.1696592869454169,0.007226000778477365,0.13428166953781803,0.08170847411821085,0.1542203995065298
0.07665861768325,0.15429081376219786,0.10127867439004172,0.15239267421014646,0.11714655249997656,0.00847229886058183,0.13764569937087967,0.10518790884340588,0.14692676037952004
0.07920185767355134,0.12709448726060846,0.10046652499362306,0.16925271679450274,0.1209284924497454,0.009492281461600268,0.14912278280407237,0.09735965512059915,0.1470812014416972
0.08923747954145482,0.08360363068073368,0.10544563210346287,0.147859696838965,0.12409587643739088,0.005352290709059581,0.2045105004406329,0.10844458040777065,0.13145031284052966
0.07249758042725747,0.11744516682196343,0.09866034578546146,0.1485353457157044,0.10875364310482394,0.018066063233881744,0.20160426375032145,0.09582465144217299,0.13861293971841313
0.07737655395545004,0.12292412800381158,0.10140797894999527,0.13217113532264335,0.13171716912054252,0.006812737776965084,0.17198516871420189,0.11361014908020228,0.14199497907618797
0.08323157801944421,0.10321268622439898,0.10909619900267709,0.16814845696231426,0.1327274540918888,0.004852941733104127,0.17918895393716097,0.08067404550911324,0.13886768451989828
0.07777302110683117,0.15272226437608366,0.09624358125023975,0.08598118898529938,0.1002914325083994,0.07462849166736972,0.13905052486436026,0.1271993040637611,0.14611019117765556
0.07652611057482067,0.12570618367903635,0.10385537452716136,0.13387152677997186,0.10770503767244437,0.007412227055750349,0.20329727973385678,0.10131802321809519,0.14030823675886306
0.0761466772163765,0.14499651692396992,0.10426914937017628,0.10107027975499783,0.16998041091620844,0.0370341752377227,0.10444150902913552,0.11154407312893971,0.15051720842247307
0.0716773927188866,0.08755243433552452,0.11326345864253178,0.13611403093974514,0.13520176639099904,0.008247150565037971,0.19112431430104007,0.10382742396523235,0.1529920281410026
0.08762344121655648,0.10578045280324651,0.10257726602235502,0.1806277452586398,0.10497849294452144,0.0053518250244027135,0.1544951306684841,0.12471091811577051,0.1338547279460234
0.08664888654583393,0.15396343263903986,0.10155987118763592,0.12381456262783015,0.11112126130179877,0.006791400565982693,0.11637314999649313,0.14082269916508963,0.15890473597029592
0.08438359018581981,0.14266225346685826,0.10775312789806751,0.14246928462191816,0.11613701790463331,0.00759258293809872,0.13023929487535613,0.11777099677751575,0.15099185133173232
0.07798022259501235,0.14560781936591136,0.1030072911231809,0.1542536413454169,0.11663549163186228,0.008377685649081071,0.1395105864983105,0.10623865928530456,0.14838860250592015
0.06506710800128075,0.1044291499405377,0.09387571633137844,0.2987287623650287,0.09655521820318735,0.007687394825846123,0.12295185217465888,0.08413764395910812,0.12656715419897385
0.07326171736172825,0.10930914935231177,0.08415132806733944,0.10051372653600514,0.09086199879501516,0.005366492521891811,0.32500099195568505,0.09085019692815947,0.12068439848186392
0.07812063490894962,0.13237000549483283,0.10313274530482851,0.15577443731126664,0.11670943388164472,0.019830677463140153,0.14090124011587185,0.10472468108517512,0.14843614443429065
0.07510879750455546,0.12136775105908852,0.09813392863019453,0.10844343623552362,0.22342221656951602,0.005601587378443483,0.10833013922251013,0.12440948891726471,0.13518265448290345
0.0655659463477981,0.1135977448113276,0.08464151348849097,0.21668193024345592,0.16566553025803668,0.006027283263489766,0.10843446443526399,0.10901782301713388,0.13036776413500306
0.07586715956737619,0.11119240353548167,0.11692926060948654,0.1221724930541903,0.20727463610912691,0.01279239478918346,0.11718392576028946,0.08348748261456407,0.15310024396030142
0.08818171472492646,0.11425357054810559,0.11466285729811075,0.17676559267950775,0.1285512213590271,0.015227005512414321,0.1162017782044263,0.0939716188830763,0.15218464079040536
0.22763658449516214,0.07142404064713707,0.0908501322762955,0.07603199905662943,0.07763562183034421,0.003516117343776645,0.2394278991100972,0.10209524481607817,0.11138236042447973
0.08048838018986477,0.12064048193806405,0.11341055806518752,0.12476723162880694,0.14254120668921236,0.019530893947503302,0.12234121672212749,0.104945782716424,0.1713342481028096
0.0705199901681741,0.09964068056853222,0.11154056349138892,0.23304753505177692,0.12672278770118553,0.006395361828693358,0.11627578984923076,0.09117621662457942,0.1446810747164387
0.07415731957643758,0.152305956292091,0.10131237376314094,0.14443679244665117,0.13536010953638633,0.0078861158138168,0.1301650318042386,0.10884019931546955,0.1455361014517681
0.06986187002398028,0.13591491822431928,0.09701621059682758,0.13556352452320522,0.10794187415240027,0.08299509686566608,0.12545447585275418,0.1047045742833669,0.14054745547748018
0.07460051922336465,0.1123361692773029,0.10525119720006515,0.2229583095452942,0.10116263179420436,0.006874033161739149,0.11900760015135964,0.11624698246105425,0.1415625571856157
0.06746079072947261,0.10930146554588925,0.08967743403754276,0.22275953892266356,0.13053254709874118,0.006374581924574599,0.16100219721399142,0.08992067171215513,0.12297077281496953
0.08251452014911802,0.11826874970956584,0.09975841159005176,0.13998924938089277,0.16057341978405623,0.00747304449380062,0.13349113351082534,0.10160820994700726,0.15632326143468211
0.07261830510461666,0.12885582483525013,0.10167632739644415,0.1330037685079162,0.11162468481469885,0.07033012897096065,0.1231883391363346,0.11608941353336337,0.1426132077004153
0.05677242539943,0.11992967472315046,0.08145908223295435,0.09703468303426284,0.11542959655482095,0.08593994197519485,0.22981005108821553,0.09479507802166902,0.11882946697030201
0.07988533199354166,0.12816907926964316,0.10286791651929601,0.162450191395591,0.12055169938377504,0.008870777335112169,0.1446308209014934,0.10337964802865923,0.1491945351728883
0.08222388703025361,0.18107900193529722,0.10129640539808209,0.08519266342485576,0.1742850328705676,0.0053091061852132936,0.08810426937902661,0.13106102713614895,0.15144860664055484
0.07974188967397496,0.12264341896300064,0.09885089243756728,0.12723755031931241,0.1054875221422845,0.006952316154148465,0.22610304534887773,0.09727674272976135,0.13570662223107263
0.08893355559746208,0.1288129279647843,0.11011864972283632,0.15221641938679817,0.1205712204836699,0.018365428507595382,0.13924272608015156,0.0882007513313194,0.15353832092538292
0.09040882426427987,0.1504817905995958,0.11245793130005384,0.10976758268854447,0.1479950529871009,0.016550181596839467,0.11132934637913065,0.09929304655986247,0.16171624362459258
0.07801674334264395,0.12985663264420907,0.10028652904428409,0.1618384231172634,0.11694729883555195,0.0235689188776072,0.14414213677496993,0.09937649181626078,0.1459668255472096
0.0782896493993631,0.12655640014994277,0.10121515617324549,0.1604483047971663,0.11896776093340612,0.022366063595551045,0.1440846430215356,0.10102030895601781,0.14705171297377176
0.0705659080824528,0.10893475570418977,0.08327421989117267,0.27265736868790363,0.16071025495388658,0.0053341526613997865,0.10238223429329259,0.07081369048282216,0.12532741524288002
0.08232971534638306,0.10212350168240808,0.10518044754789042,0.14998338601552763,0.1285427499198344,0.008919729181474613,0.14083896886965316,0.11461443900445088,0.16746706243237783
0.07536081424551767,0.15121643402859483,0.09892095131829635,0.19647046428479842,0.1061866926871677,0.01381652389527207,0.11137433346646113,0.10353168014833246,0.1431221059255593
0.14286180292655346,0.13622038956075053,0.10988503531499205,0.13068966760111636,0.1188218068949451,0.00755833238685754,0.1234989124322911,0.08067152894600789,0.14979252393648593
0.07523091232622593,0.12827359217243714,0.09667273545471754,0.21041189724769918,0.12330726315065828,0.015349761250172296,0.11559925630649341,0.09486794428428193,0.14028663780731424
0.07825290877855068,0.1267517209693114,0.10107364852084628,0.16210658195288438,0.11906705272417599,0.021335666566082767,0.1439372224880603,0.10049585007067308,0.1469793479294152
0.07686524136848678,0.1500193297627597,0.10668968915219679,0.10626293667483826,0.09773593544990684,0.01822212465103012,0.22661870640432333,0.07983649511649192,0.1377495414199663
0.1245452228964515,0.1289230979763594,0.10601076550531685,0.10540423848583264,0.13295462664541083,0.006192910353917329,0.16141363776434528,0.09793352644149315,0.13662197393087308
0.07105111454047774,0.10677121812336741,0.10411438002560525,0.11363677610575973,0.12218852285088024,0.006407200422325749,0.23645210297239305,0.10079650501104381,0.13858217994814695
0.07144543192997534,0.11926608166443493,0.0851472631937451,0.2925676043832393,0.09514055085734403,0.005837647244089296,0.10630642114381617,0.09678184037397591,0.1275071592093798
0.07995088512091969,0.11157449209301555,0.10810462973209345,0.16203577067547767,0.12452004490510586,0.009581213886798627,0.1466157588143645,0.10201104862591102,0.15560615614631362
0.07581495499460526,0.12001741827633816,0.09876949720077093,0.10636595529154487,0.13717781467225607,0.009306374401137699,0.22687400115331693,0.07560039235523984,0.15007359165479026
0.06159550837661654,0.060139252935530234,0.09359219296542236,0.3560829850934884,0.09709324706955998,0.003946385099413071,0.12205781681711887,0.08474008220158356,0.12075252944126692
0.07920185767355134,0.12709448726060846,0.10046652499362306,0.16925271679450274,0.1209284924497454,0.009492281461600268,0.14912278280407237,0.09735965512059915,0.1470812014416972
0.09540706383852939,0.1498790046707322,0.10100965843558644,0.1162646285217455,0.10591731515907683,0.014533609564139335,0.16258800149452166,0.1037177005891818,0.15068301772648685
0.07727930034367629,0.1226686506616373,0.1007351528561486,0.16203700257890008,0.14109423350002967,0.005253684405866317,0.1682616959156671,0.0897972979655166,0.13287298177255805
0.08379938516508312,0.16227282823454928,0.10931241957528277,0.09894182358158583,0.12974247566055297,0.005448965324619979,0.1474206728243243,0.12479254101605401,0.13826888861794775
0.06672788854612736,0.14018063878975873,0.09707541351436418,0.10629411553698165,0.09527008258263397,0.04106357659412397,0.21992037393308908,0.104606218393039,0.12886169210988205
0.08471901717828895,0.12465378907546366,0.11743922233132043,0.15588296585031935,0.12320621108018698,0.008160304647810361,0.14322332011150193,0.07994687803093416,0.16276829169417414
0.14182953208998125,0.1565641016233146,0.10542232325301672,0.08812582382594747,0.1416635533832367,0.004867812864626172,0.09183454338490103,0.12968600577829084,0.14000630379668522
0.0765004324854461,0.12620934169546646,0.1037241528444449,0.12952728230332847,0.13901871421863285,0.00725946439540173,0.19426545471427567,0.08382972837421253,0.1396654289687913
0.07402840838437387,0.1383544743375334,0.0927978400023302,0.09656289944428383,0.1313362436334837,0.016422407708354635,0.1824384198018545,0.11733332805264583,0.15072597863514012
0.07447135533716366,0.11905367968877613,0.08993468097916506,0.21515015119078051,0.101813528578501,0.050701030368624035,0.12124738905336381,0.09831816508459623,0.12931001971902964
0.09236995687258849,0.1292337248270469,0.11100797904137538,0.12362159756216694,0.12553290449981877,0.012017566089489264,0.16360473344236381,0.09690239726933748,0.14570914039581295
0.0772686940087327,0.1198209860273962,0.10359446649324273,0.1684598312873107,0.119376100556291,0.009185633053779186,0.14936634719275424,0.10145300938337021,0.1514749319971231
0.06954925380851977,0.10688987994382838,0.08956245925561039,0.30658058550424166,0.09539697663181874,0.006541097207723514,0.11114663832459791,0.08179535166165634,0.13253775766200326
0.06942275231580886,0.10419419606161096,0.1061692595848233,0.16775689980519956,0.12962776532153714,0.013620147249145677,0.148970892574709,0.10982022688777775,0.15041786019938777
0.07499437237995837,0.1511111762449212,0.11303043209425297,0.1167536618241707,0.11372589255550962,0.044302872599718636,0.11574095693539772,0.1062693346355753,0.16407130073049556
0.08115817908662368,0.12993855166625062,0.09175158777212822,0.16204391214875594,0.12255142699148448,0.00900636501490183,0.1460932263595324,0.10616002744670695,0.15129672351361587
0.08214460892008604,0.13160086578147326,0.10408835538989562,0.16392683118312254,0.12024662881353076,0.008871876914147704,0.1480346684855757,0.09160934274441469,0.1494768217677537
0.07976682369303592,0.13440140208201243,0.09584402928016121,0.13749261609139177,0.11800360335542603,0.0376210134081613,0.12879933201156427,0.11549418750923225,0.15257699256901477
0.07556804304822742,0.117767526566251,0.09736933016134613,0.17361787899045966,0.138317262657184,0.0060410474860740785,0.1488347110212372,0.1028615697540612,0.1396226303151594
0.07220373309006273,0.10136155253907815,0.09105808322226505,0.24525300107739492,0.09250426235967267,0.005506365580031209,0.21557056031190036,0.05903468947935551,0.1175077523402394
0.06443576595590685,0.1175516116668558,0.09476376011954739,0.13371900994071959,0.11425001943104919,0.007201632368695962,0.24530595792954724,0.09402196031665329,0.12875028227102467
0.07990313338894849,0.11172530183591879,0.10761941187826955,0.16322803049870485,0.12418281691207024,0.009473056011862378,0.14690085619523516,0.10179361293061873,0.15517378034837181
0.10578563552798093,0.10484793065888427,0.10500423863371604,0.13194242597216013,0.10678248291975699,0.007440760768003059,0.19280667859669054,0.10216390930793333,0.14322593761487462
0.11021696495302381,0.12544022776469763,0.10488435379206466,0.09943209117701846,0.15665308959884736,0.005199617034883066,0.14271732411873897,0.1157446058918153,0.13971172566891074
0.07920185767355134,0.12709448726060846,0.10046652499362306,0.16925271679450274,0.1209284924497454,0.009492281461600268,0.14912278280407237,0.09735965512059915,0.1470812014416972
0.0691865487605597,0.10551073916501717,0.0977104786136855,0.16848244732541565,0.19767925410538065,0.0046789982045871885,0.13907469563579322,0.0895620626382384,0.12811477555132245
0.08060656305239304,0.1394003074010788,0.08536047592599601,0.12638664709623604,0.158005606713834,0.006865414251296174,0.12187544299787949,0.13037726153444443,0.15112228102684191
0.07683053198635048,0.12764571407741432,0.10083612119412717,0.14441327215380642,0.15114532092627095,0.01654181062141107,0.1314421806335966,0.10684373819920544,0.14430131020781753
0.0923071615100306,0.13048713665554992,0.10167227359603566,0.1271245127470485,0.10552609113823291,0.016232184143910335,0.16991000548693833,0.11551223773489083,0.14122839698736286
0.07283130931999798,0.10110717573813793,0.10615559658810488,0.1442302784613182,0.11177700548315744,0.018181758351752696,0.19928682536869513,0.09987981690761288,0.14655023378122276
0.08648199804468222,0.11889314535949862,0.10999408963951933,0.0811399531439407,0.11568122001618424,0.08834528270859733,0.15291951345050817,0.1136608032975553,0.13288399433951412
0.08156177172684516,0.14238447147640657,0.10320704074380592,0.10013198312145984,0.12417822511765995,0.005463257972173736,0.1957688167590341,0.10056703447874689,0.1467373986038679
0.07644476694848253,0.12577963303402642,0.09725292025695864,0.22228378847387975,0.1143548662527748,0.003997597303123359,0.08876211890652357,0.10760888517518785,0.16351542364904312
0.0701314339613353,0.10528134951481345,0.08858165052863405,0.333195895732483,0.09357233898427157,0.005736150751304781,0.09894380331550946,0.08099207589640461,0.12356530131524378
0.08230055182521731,0.13864272686016338,0.0958600399153095,0.1542205581585114,0.14214615339336215,0.01170784882780119,0.09392083745332402,0.11451830172528632,0.1666829818410247
