0.04253335603529645,0.06618352342582447,0.11399335463624098,0.1686233407913503,0.11399159399435288,0.1139928080157095,0.07203860365968341,0.1946516601399156,0.11399175930162636
0.04979482065216284,0.07726305434532466,0.12135035991172889,0.15988185740147362,0.12134856022367844,0.12134987262922166,0.08199637884236173,0.14566637579160072,0.12134872020244743
0.06269850089783897,0.12871656688635333,0.12154380232125532,0.15977787528269696,0.12154159416998449,0.12154248175471612,0.07511295564082623,0.08752341489513736,0.12154280815119128
0.045781472914085825,0.1246928277622709,0.11717490620946151,0.16000581613045836,0.11717312184147126,0.11717438456261453,0.07497917336257258,0.12584500272161173,0.11717329449545329
0.05408558805939281,0.08720392766209696,0.13174359828372414,0.16580711926413627,0.13174170874160918,0.13174314505857407,0.0874467969548101,0.07848625264662475,0.13174186332903173
0.03470500495516221,0.05161664996866696,0.10857430526138923,0.16949802499429767,0.1085727202355123,0.10857376889248253,0.07147952829454442,0.2384072051050882,0.10857279229285649
0.07783616832156827,0.0822144611486987,0.12688860927281798,0.16591216507026055,0.12688678559850985,0.12688817723157256,0.08799053195626753,0.07849614763315083,0.12688695376715367
0.09057471666660287,0.050784284745440424,0.124062735247177,0.15912497374620072,0.12406090612539082,0.12406236835138794,0.15552375564885537,0.0477439818383398,0.12406227763060497
0.047589903381265196,0.06844815253398502,0.11492957099724728,0.1492683745632938,0.11492782841083747,0.11492908642000756,0.09994859266312771,0.1750304793272456,0.11492801170299044
0.08047960639973174,0.08063874541884974,0.13094516032735967,0.16040120560441593,0.13094330159202294,0.13094472629037887,0.08355765292453642,0.07114614960897842,0.13094345183372635
0.06800629383126812,0.1069133748659532,0.1288506287192122,0.1761827645019285,0.12884884206242006,0.12884968119283238,0.07685180907951403,0.056646435389121653,0.1288501703577499
0.05793993915253179,0.09250145145704351,0.12795578264239907,0.1737106457683084,0.1279528864932474,0.12795426028607973,0.11076461608008621,0.05326576188455007,0.12795465623575367
0.05616606197109847,0.05831219040224774,0.07801121857430053,0.10976238646268688,0.07801006154431968,0.078010906602977,0.05889282850691952,0.40482310671829996,0.07801123921715027
0.056157486044016415,0.08742431233462071,0.12837285003580368,0.16672733326648947,0.12837100910390908,0.1283724157022128,0.09128996182024378,0.0849134620142969,0.12837116967840728
0.03986052951383925,0.09472675795463104,0.1146257418898884,0.15851395043636116,0.11462402101445489,0.11462472161033295,0.06793698171531888,0.180463629619669,0.11462366624550435
0.047724928454878884,0.07106953559132308,0.14012241619732332,0.16865208568229006,0.14012357396282296,0.1401220648874007,0.09774845065739819,0.05431550752055361,0.14012143704600918
0.046164422541685034,0.11468793028160618,0.11964024933699946,0.16371146896825609,0.1196379174467534,0.11963921135007953,0.07543352729364296,0.12144719970553526,0.11963807307544205
0.04098779644140748,0.18460233701658035,0.11952002257072913,0.1590705561137695,0.11951904430286958,0.11951975318784287,0.08483702053206081,0.05242378337735367,0.1195196864573866
0.04553635082340638,0.05265318377486619,0.10924833805055374,0.15424582803608514,0.10924763709911184,0.10924779070707435,0.07390378459142773,0.23666938995959644,0.10924769695787821
0.056157486044016415,0.08742431233462071,0.12837285003580368,0.16672733326648947,0.12837100910390908,0.1283724157022128,0.09128996182024378,0.0849134620142969,0.12837116967840728
0.06215600356382996,0.057717463924070594,0.1173636347939649,0.14703715990670127,0.1173625681060264,0.11736277723651402,0.08251827123755869,0.18112048696199343,0.11736163426934072
0.0731192109559633,0.08112736383141991,0.12618006701604798,0.17228652794336122,0.12617763465260953,0.1261790014509487,0.08882128053005871,0.07993112349355846,0.1261777901260322
0.07031758639526826,0.07395171739224028,0.12984508568334588,0.16251980832844623,0.12984274234417806,0.12984453956012468,0.0811955722195352,0.09264006102136386,0.12984288705549754
0.08079409251588332,0.07773254504459047,0.12895790756618183,0.16358816125906422,0.12895666105007744,0.12895749436991807,0.08770793379995412,0.07434895442201693,0.1289562499723136
0.056157486044016415,0.08742431233462071,0.12837285003580368,0.16672733326648947,0.12837100910390908,0.1283724157022128,0.09128996182024378,0.0849134620142969,0.12837116967840728
0.050430348489116615,0.07533793111672277,0.11770470205910495,0.15434381302867628,0.11770294515078279,0.11770422959040139,0.0816095858785964,0.1674633320196657,0.11770311266693308
0.05326072554667427,0.07643305158873397,0.13284586470668575,0.1725139483152693,0.13284498694399996,0.13284547925762694,0.09052926119031486,0.07588156976655822,0.13284511268413673
0.056157486044016415,0.08742431233462071,0.12837285003580368,0.16672733326648947,0.12837100910390908,0.1283724157022128,0.09128996182024378,0.0849134620142969,0.12837116967840728
0.07470178691884047,0.07738905991877387,0.1303338578043471,0.17096195781816922,0.13033141524641792,0.13033284780299859,0.08527324084110431,0.07034365069743473,0.1303321829519138
0.05537748828589331,0.08384690582763048,0.13039328988073876,0.16962249096363377,0.13039080888360066,0.13039223808482647,0.08981412028027623,0.0797716968911794,0.13039096090222088
0.03298125181189975,0.05294621085655351,0.09258525154130447,0.12429417442112949,0.09258280174271379,0.09258376587022459,0.1209569705702558,0.2984861186942342,0.09258345449168437
0.05248794159106881,0.06760098625775023,0.11676519676542589,0.1398648990891773,0.11676341426194847,0.11676465392099127,0.06781142437115512,0.20517791475203806,0.11676356899044481
0.056157486044016415,0.08742431233462071,0.12837285003580368,0.16672733326648947,0.12837100910390908,0.1283724157022128,0.09128996182024378,0.0849134620142969,0.12837116967840728
0.047076944098663365,0.15723686198378484,0.12401561271170292,0.13720524247657637,0.12401381980965309,0.12401515576657944,0.09360293388262364,0.06881894017138246,0.12401448909903388
0.07259995780915562,0.08070528188568465,0.12748512399304796,0.170869465287489,0.1274832927142186,0.12748521126331167,0.08815523935999643,0.07773296466024326,0.12748346302685287
0.05345593558220412,0.07569700889183527,0.12445000253501064,0.15793164130389667,0.12444883413996759,0.12444961823492902,0.0892714367867538,0.1258471128210823,0.12444840970432063
0.05524464006835575,0.08404699785144887,0.13055553544837098,0.16924539558048993,0.13055370717319553,0.13055513657189635,0.08982737309911926,0.07941666765315249,0.13055454655397075
0.04963726182282686,0.08106871408888015,0.12830890149594454,0.2037672139489568,0.12830700623408917,0.12830839355149629,0.08155377562938343,0.07074156097672034,0.1283071722517025
0.056157486044016415,0.08742431233462071,0.12837285003580368,0.16672733326648947,0.12837100910390908,0.1283724157022128,0.09128996182024378,0.0849134620142969,0.12837116967840728
0.18150582892627562,0.09930679979043676,0.09345047452248985,0.12156346376365634,0.09344882751644222,0.09344986315109398,0.07017016942351474,0.15365560554405494,0.09344896736203549
0.03714266279104352,0.05923024705680969,0.10950695329052364,0.1478678642402849,0.10950491116891148,0.10950606425673293,0.06562884947585738,0.25210737868589145,0.10950506903394501
0.049419035826962505,0.10500063446429285,0.12513489231497257,0.19231358075924207,0.12513370759140233,0.12513452654298085,0.08257570762995238,0.07015460521085799,0.12513330965933647
0.09541607900598444,0.12558955411135972,0.11438298662678549,0.15085411295716214,0.1143808519575344,0.11438208886432931,0.08236734017856225,0.08824599769214213,0.11438098860614011
0.0540096579005472,0.08322968048437764,0.12876432054821169,0.17611257403718286,0.12876123645406892,0.12876261843155515,0.0902761309541127,0.08132238752535541,0.12876139366458847
0.056157486044016415,0.08742431233462071,0.12837285003580368,0.16672733326648947,0.12837100910390908,0.1283724157022128,0.09128996182024378,0.0849134620142969,0.12837116967840728
0.07636588812688287,0.07447268466894508,0.12335020283640628,0.1589879983037196,0.12334843257177519,0.12334978272795098,0.12496722721269722,0.07180918939740048,0.12334859415422221
0.04542144007114158,0.17611358433775917,0.11708317394145625,0.16877540202266458,0.11708206163635097,0.11708274968989829,0.07584718704080845,0.06551276556361817,0.11708163569630253
0.05527833434790364,0.08221068310596606,0.13102594661120753,0.16580283821441696,0.13102409950804547,0.13102552868103953,0.09135393034867102,0.081253770215143,0.13102486896760676
0.0494936923500772,0.07446060637422426,0.1324251295293201,0.1570966165748643,0.13242267657045018,0.1324246355301825,0.12293239491386705,0.06632141576050594,0.1324228323965085
0.052514137283902196,0.07042250479533145,0.1263238590843309,0.15928814839303373,0.1263226635105652,0.12632349382356142,0.13940848943136155,0.07307379607063338,0.12632290760728013
0.0683039024097805,0.07258591606094678,0.12601830788950083,0.14822453585898065,0.12601646506379313,0.12601780490916628,0.0767546541491259,0.13006179527108086,0.12601661838762512
0.056157486044016415,0.08742431233462071,0.12837285003580368,0.16672733326648947,0.12837100910390908,0.1283724157022128,0.09128996182024378,0.0849134620142969,0.12837116967840728
0.08542169672263161,0.0881237636432759,0.12937016903174228,0.1408011264967926,0.1293684408733342,0.12936983996022416,0.08149595262699323,0.08667926754989187,0.12936974309511406
0.06184674401831516,0.1394782692475609,0.1118168945971999,0.15378024095333012,0.11181470598445,0.11181590542225724,0.07094897928727843,0.12668339457517075,0.11181486591443741
0.06838241876436896,0.07293864928154235,0.12412016950176881,0.1595585522792515,0.12411794946276426,0.12411930039484215,0.08757049009522949,0.11507436129401906,0.12411810892621351
0.04967188928999017,0.1512688225968439,0.12080887289829874,0.16444705991933597,0.12080705757250514,0.12080837057196463,0.08023782461579576,0.07114287046612366,0.12080723206914197
0.07170075669636171,0.08376799211260984,0.12637356067394365,0.16730548434145165,0.1263717664175835,0.1263731515545358,0.08960602111149592,0.08212934266031144,0.12637192443170664
0.08216500932781838,0.07972462743416617,0.12795475127161132,0.16717551197823632,0.12795228055355257,0.12795368292780676,0.08591421282706102,0.07320748363123693,0.12795244004851047
0.05421409824101633,0.05845702429218678,0.12649522228379811,0.1644491483656883,0.12649577409094623,0.1264948945837592,0.09238790044071804,0.12451168651814055,0.1264942511837464
0.05537943541858668,0.08385671698629842,0.13038770834443306,0.16961490852263617,0.1303852291872664,0.13038665833920546,0.08981831065672718,0.07978565131253787,0.13038538123230883
0.16523307953272962,0.0447172512732616,0.1046498055843273,0.14539311919873496,0.10464837153008884,0.1046489995993314,0.05873783012250435,0.16732221017176085,0.10464933298726109
0.07529023402878762,0.08283123986176846,0.1303674647981466,0.16310584594758537,0.1303656029821665,0.13036701511613547,0.08429479639245617,0.07301204378054767,0.13036575709240614
0.06758120627426596,0.12436052856682141,0.13551513697179793,0.1179291119490683,0.13551370413555153,0.13551464686077752,0.08160801791839023,0.06646429809762522,0.13551334922570188
0.053555157823801595,0.07688508799844342,0.1327262880183681,0.17802774887225267,0.13272309049354747,0.1327250756808277,0.0885391417448832,0.07209514420643791,0.13272326516143798
0.07616181874258195,0.07629463725887738,0.1230354620687976,0.16049953440366235,0.12303368113718087,0.12303502247721142,0.12394539502559276,0.07096059404180745,0.12303385484428819
0.04918289224404301,0.12519894126028874,0.1198356464801351,0.16221765008016276,0.11983386513018053,0.11983517625930838,0.11577495172293605,0.06828684149710655,0.11983403532583896
0.05341746547753648,0.07597748123866736,0.1256512305247782,0.15922662014411848,0.12564999165429852,0.12565084880538455,0.08951804260666245,0.11925869693589876,0.12564962261265514
0.04355172717699169,0.0687688918472662,0.11372279640854245,0.1538127571104577,0.11372104291759415,0.11372226323486596,0.07297198209636294,0.20600733031396778,0.11372120889395114
0.05414950043823111,0.08562723362703158,0.1360296732887652,0.14758118807766474,0.1360283344232696,0.13602982651593645,0.09011904591769464,0.07840728155375774,0.13602791615764895
0.05225367132058913,0.07460860706245913,0.13378222544617258,0.17283665861231481,0.13378157442663066,0.1337818196843288,0.09031795018712331,0.07485572172496525,0.13378177153541626
0.055634125500044325,0.08448991478822436,0.13018364384598996,0.16912140225103048,0.13018238555567851,0.13018322931550882,0.08990230600428029,0.08012102330303628,0.13018196943620702
0.06761680454506468,0.13695200483742653,0.1228811098924184,0.12877826865448186,0.12287938863394066,0.12288127863835752,0.07664048358853874,0.09849113115578591,0.12287953005398562
0.053952010880417074,0.07951253749495939,0.12250966781823051,0.15871917148247316,0.12250792171587736,0.12250926935392126,0.08932509301208814,0.12845624744989778,0.12250808079213533
0.13664418413343152,0.05826493164519669,0.11677015844936622,0.11389590388497683,0.11676839249543701,0.11677008820382188,0.06382808466337778,0.16028910907560046,0.11676914744879163
0.05563660665072622,0.08426107853726271,0.13027967027586354,0.16922394604633628,0.130278291010422,0.1302792640658139,0.08964130992804319,0.08012183423220832,0.13027799925332392
0.05570330124923076,0.09120020638360045,0.13445901293691245,0.13978407630208495,0.13445709517383236,0.13445855193950862,0.09138650040912055,0.08409400960384972,0.13445724600186013
0.05913170525247052,0.06269673886592216,0.11317770634921409,0.15369374033992259,0.11317550484767291,0.11317671528126416,0.0711124185459011,0.20065980926277463,0.1131756612548579
0.056157486044016415,0.08742431233462071,0.12837285003580368,0.16672733326648947,0.12837100910390908,0.1283724157022128,0.09128996182024378,0.0849134620142969,0.12837116967840728
0.06468795107528309,0.05190736445489372,0.10745619812221063,0.13438851656012604,0.10745511096114542,0.10745579152449851,0.26359769433403474,0.05559614288183564,0.1074552300859723
0.07253424318217445,0.08405074798616981,0.1262706970297171,0.16701770417862086,0.12626891562099182,0.126270287063324,0.08945660772213676,0.08186172656182507,0.12626907065504012
0.04580913189011535,0.07989960989016617,0.12992019728122853,0.1646974244303648,0.1299182886443548,0.1299196694670018,0.07480067290219869,0.11511596162644398,0.1299190438681259
0.054493126516541944,0.0802545678764109,0.12843672271069714,0.16840643901631233,0.12843551045640414,0.12843631695878668,0.10499948488554756,0.07810275364423519,0.12843507793506403
0.05508934142822681,0.0831355333300036,0.12613096813432043,0.16509673020593382,0.12612916901784202,0.12613054964185869,0.10926471260978406,0.08289366826141435,0.12612932737061613
0.043917695849043724,0.11229138952152747,0.11529348278423328,0.15413497270881746,0.11529176960260024,0.11529301345246697,0.07464453594444562,0.15384070923137141,0.1152924309054938
0.04903080023175845,0.07160431538263724,0.12312983804677848,0.12956526455818645,0.12312748593251908,0.12312883183954743,0.19144359590520602,0.06584222300615933,0.12312764509720751
0.054071474838974815,0.08511407385909803,0.13616285636468625,0.14536513434726958,0.13616093155931216,0.13616240548572558,0.09115550916686581,0.07964546786901659,0.1361621465090512
0.11342053997040326,0.07494544361084325,0.12448996726453397,0.16087255549035884,0.1244881896645386,0.1244895404651502,0.08260586164130371,0.07019955393918505,0.12448834795368313
0.03656323651346334,0.10629186918678084,0.10754754269666371,0.14947648653963996,0.10754624901273462,0.10754703121401428,0.06254860131302854,0.21493293430101235,0.10754604922266242
0.052201674568694366,0.07419803662337408,0.13125159850139076,0.18729068603678742,0.1312503203102531,0.13125117044818835,0.08777615565719608,0.0735298678955723,0.13125048995854358
0.06962774116553914,0.06675752111334615,0.12372517634506723,0.22854031526636862,0.12372339840314155,0.12372474093796511,0.07771036349042586,0.062466603637596124,0.12372413964055023
0.0488462262127348,0.12187859137207431,0.12756058691403863,0.1767874650293261,0.12755764700209057,0.1275599731936002,0.07938492178554053,0.0628667762533059,0.12755781223728893
0.07838029074331183,0.0775955403043542,0.12493128983602182,0.1651458347101832,0.12492950110218219,0.1249308651528682,0.10307329339070538,0.0760837188478317,0.12492966591254155
0.059841637746135636,0.19138451881826868,0.11518978778682724,0.16637924470566587,0.11518773272416967,0.11518899032978251,0.06852192890126385,0.05311784868207412,0.1151883103058124
0.05433842724493937,0.08056631503150656,0.131256801817228,0.1699723578101242,0.1312555387161736,0.13125638575764179,0.0908271539007653,0.07927134129960955,0.13125567842201155
0.05400416129840211,0.08370855856519044,0.12869622639011769,0.1751350056939718,0.12869498096883797,0.12869578589775543,0.09039797405563817,0.08197218242019132,0.12869512470989508
0.04763622466904518,0.17641891796076214,0.11792093458280382,0.15632849764517995,0.1179192269251011,0.11792050823849883,0.07808840768331107,0.06984790537925341,0.11791937691604452
0.056157486044016415,0.08742431233462071,0.12837285003580368,0.16672733326648947,0.12837100910390908,0.1283724157022128,0.09128996182024378,0.0849134620142969,0.12837116967840728
0.05341367237241598,0.07740261521334514,0.13322343498663403,0.17275583637144173,0.13322269965203629,0.13322363497723724,0.08905393464617191,0.07448242058602651,0.13322175119469115
0.08063845073615813,0.08265533282478364,0.1265180628163293,0.16458750719276002,0.12651624426039254,0.1265176283381869,0.08786673262181832,0.07818362813733343,0.12651641307223774
0.03775110524349086,0.18556169824741128,0.10526021884986297,0.1482902853660372,0.105258763106017,0.10525991816878662,0.09024507602658648,0.11711356023970805,0.10525937475209958
0.04976822690309649,0.07722453638653598,0.12131724415618424,0.15985322884754694,0.12131544467200144,0.12131675662802326,0.08195642748932191,0.14593253026358508,0.12131560465370471
0.04550060041138724,0.11669836556669859,0.11568799862404282,0.15455218555844058,0.11568625798449328,0.11568750083990947,0.0747297200249639,0.14577038479082383,0.11568698619924023
0.04963323800897693,0.07915072117991569,0.13018799926486638,0.2020851792916809,0.13018610473970157,0.13018810357083144,0.080862293786498,0.06752009065817814,0.13018626949935094
0.056157486044016415,0.08742431233462071,0.12837285003580368,0.16672733326648947,0.12837100910390908,0.1283724157022128,0.09128996182024378,0.0849134620142969,0.12837116967840728
0.08907384353998467,0.05807347474377597,0.10581307844908705,0.14515835727575113,0.10581141626512315,0.10581253863036545,0.06462070259710202,0.21982499703776878,0.10581159146104174
0.08173117354916591,0.08048689429398402,0.1273291232471621,0.16307836577059961,0.12732731323883215,0.12732870685394726,0.08770659115880221,0.07768436144152076,0.12732747044598586
0.05722569214211395,0.055488016180915055,0.10538404147042159,0.137962472930427,0.10538200229620527,0.10538313673261294,0.08486397205063227,0.24292847170519372,0.10538219449147816
0.05360959979982816,0.07541375190557399,0.13482402617585235,0.17224534399005906,0.13482088790978616,0.13482235775376095,0.08864962751465817,0.07079272145101743,0.13482168349946375
0.05902863063143698,0.13525594746361017,0.11148243888696623,0.1493866933604947,0.11148081052572589,0.11148200256989615,0.10225950800400378,0.10814300496491115,0.11148096359295497
0.05433688636249214,0.08252157929679062,0.13034911503410362,0.17375443494536244,0.13034852604668157,0.13034870715444596,0.0893720084733669,0.0786213005405703,0.13034744214618646
0.07783616832156827,0.0822144611486987,0.12688860927281798,0.16591216507026055,0.12688678559850985,0.12688817723157256,0.08799053195626753,0.07849614763315083,0.12688695376715367
0.05345035773125716,0.0833450679399106,0.13373483926035476,0.16430161507500865,0.13373249992798983,0.13373395500868665,0.08787492551668846,0.07609408225098531,0.13373265728911857
0.05602667244315087,0.18945375024173441,0.10853432857959588,0.14991128210143723,0.10853273170476051,0.1085343323232278,0.06311407513258831,0.10735946856548502,0.10853335890801996
0.06267484812495434,0.06897830487975071,0.11822577163892976,0.1628653545651618,0.11822460313512763,0.11822534096755828,0.088345383261599,0.14423616087658206,0.11822423255033636
0.030358904382441335,0.10417523496116678,0.10309710502438756,0.12685578407393774,0.1030957049603775,0.1030968027797552,0.19966781161539834,0.1265546567499816,0.10309799545255395
0.05421537947976651,0.08244768055387051,0.1305107319192885,0.17313221763548822,0.13050948930473846,0.13051032836829057,0.08957782450580587,0.07858666709357626,0.1305096811391752
0.04614191956691085,0.06686680098896085,0.12402434416644047,0.15309572111391148,0.1240219976937084,0.12402382905470692,0.1766472603777751,0.061155966146244196,0.12402216089134187
0.06746146651594485,0.06141434101956104,0.12384855477211158,0.15942948286707162,0.12384738670465041,0.12384812739991145,0.09340204947664311,0.12290051854450627,0.12384807269959965
0.0469063933798849,0.17247230441640446,0.11663241357085281,0.16432113967149184,0.11663090155043343,0.11663217851594825,0.0784867914188868,0.07128688370465402,0.11663099377144348
0.07745345856814555,0.07537169422721453,0.13061410407708499,0.1713011999193433,0.13061232191851382,0.13061439312079778,0.08411436479163702,0.06930535199981272,0.13061311137745032
0.07012623352561931,0.12545466216101933,0.1245636256840964,0.16563379823576155,0.12456235062726147,0.12456316942355468,0.07820972484928655,0.06232386685427111,0.12456256863912955
0.06489486740996027,0.06012883372547092,0.12737090643226165,0.1665831581912006,0.12736863648186778,0.12736946188352932,0.10203002439424042,0.09688471240890807,0.1273693990725611
0.04851341525896432,0.07313428333241587,0.12415285613199269,0.16387360314117827,0.12415162245918647,0.1241523845658619,0.08231568186967025,0.1355544449092362,0.12415170833149414
0.08123681523925469,0.08255461377736163,0.1264613648728642,0.16451151681772014,0.1264595470486792,0.1264609303870795,0.08779536329994703,0.07806013254124437,0.12645971601584927
0.04859819739243045,0.1153440741401736,0.12196577608003718,0.19476686925603368,0.12196407722082096,0.12196541271683292,0.08180289332153845,0.07162848004484343,0.12196421982728933
0.07064235744338593,0.06866610896626894,0.12399194766508435,0.16688728380815107,0.12399073859573216,0.12399155630543048,0.1271181758537134,0.070720918102376,0.12399091325985766
0.03912845649011564,0.15123714345617315,0.11665350184654556,0.17909570053427085,0.1166517169833713,0.1166534598124878,0.08088859367163459,0.08303901811930602,0.11665240908609509
0.0546677283646827,0.08933838595464472,0.13478753700918492,0.1433291042819226,0.13478628806996593,0.13478707274200438,0.09098253746900664,0.082535574230513,0.13478577187807508
0.048809229142696885,0.0714366426949317,0.1271350322660747,0.16941519817412484,0.12713268320786686,0.12713350785884134,0.07995887347776141,0.12184654721281503,0.12713228596488735
0.04744043958660173,0.06987840717453908,0.11549629092164725,0.15114698576006527,0.11549458330507333,0.1154958326189734,0.07970678485620986,0.1898459323082481,0.11549474346864191
0.055177690346201964,0.08525978601011275,0.1285528771622479,0.17119461268631664,0.1285510379678173,0.1285529858918912,0.09077406198178956,0.08338575202741612,0.1285511959262065
0.03944568671390342,0.16251712251779796,0.11436548202733243,0.17918063722803498,0.11436391652006267,0.11436514087301868,0.11218193892302934,0.04921465279367157,0.11436542240314908
0.05991178650307297,0.190933038014267,0.08721961481522734,0.11541446217564515,0.08721831356856496,0.0872192415880403,0.05287084378444729,0.2319942489059239,0.08721845064481111
0.09442879187777005,0.05952034684399046,0.13641986101255932,0.17329094299666722,0.13641630397307403,0.1364183598130153,0.07569524044741628,0.05139376922040833,0.13641638381509905
0.04712688945479262,0.07015671816533137,0.12201044333198356,0.15722345542386415,0.12200865519168362,0.12200995980067042,0.07963079884885094,0.15782358523685058,0.12200949454597282
0.05519880973726147,0.08542785363310816,0.12862309615376466,0.17061435342480494,0.12862183227672155,0.12862265810944915,0.09088763222744084,0.08338234762518221,0.12862141681226702
0.1169285038364788,0.0830416158715392,0.13414969696961773,0.12104503965498888,0.13414880132989335,0.13414928342119223,0.06742135221109496,0.07496514536278166,0.13415056134241318
0.04356038555842831,0.05294295489952886,0.11585384244294673,0.14522748627949647,0.11585223448549092,0.11585302827106629,0.07732517102975964,0.21753349148900872,0.11585140554427403
0.07184957918624796,0.07541076295488565,0.12724755794249215,0.16864978053815882,0.12724517037004238,0.12724654237232189,0.10236090556859916,0.07274436224178642,0.12724533882546554
0.056157486044016415,0.08742431233462071,0.12837285003580368,0.16672733326648947,0.12837100910390908,0.1283724157022128,0.09128996182024378,0.0849134620142969,0.12837116967840728
0.07916626958930827,0.076768668721529,0.12939656298972702,0.16475265869575675,0.129395356357667,0.1293961540200004,0.08763309528150869,0.07409633331654497,0.12939490102795795
0.07097879146353807,0.07744005800932664,0.12483664793060062,0.16432082349710495,0.12483486091816615,0.12483622279303552,0.11228244345623271,0.07563512712633359,0.1248350248056617
0.05283214528641204,0.0879984669331293,0.13923395289154486,0.14224193292287857,0.13923200716277395,0.1392335087501773,0.08642078373338243,0.07357438467691395,0.1392328176427877
0.05202329944237551,0.12144692851142302,0.12381591105003997,0.1663938439366336,0.12381419142942048,0.12381555053826084,0.08601193710580797,0.07886400190755692,0.12381433607848168
0.050513614042756866,0.07831208642821967,0.12223829561922393,0.16065506740273802,0.12223649053297796,0.12223781496580836,0.08307484460128318,0.13849513597471294,0.12223665043227909
0.04460722523066448,0.09011627857947878,0.11079627494694029,0.1469940346859133,0.11079552042591091,0.11079584917080874,0.07429643064688515,0.20080309276089747,0.11079529355250085
0.10977708109963565,0.08987322239599276,0.10847875414151316,0.15796864770184438,0.10847715482112184,0.10847790983844034,0.11767265257809066,0.09079680853015842,0.10847776889320275
0.04346484268431169,0.06865032765728628,0.11361960277629501,0.15372232846605605,0.11361785017026461,0.11361906911243856,0.07284902305845095,0.2068389399284459,0.11361801614645095
0.04902961536827788,0.14471420268343704,0.12788670141373673,0.1426847606118641,0.12788481613418543,0.12788618449095143,0.08133476404282557,0.07069338641255275,0.12788556884216914
0.043470361467541026,0.14524161035954344,0.11607943019765765,0.15594776307944117,0.11607718905159299,0.11607844397287352,0.07198351283417874,0.11904435651837476,0.11607733251879675
0.04243304304700473,0.10658220741454304,0.11960536683546619,0.16211421991941585,0.11960458355681576,0.11960487848240453,0.09957117604079067,0.11088075712418934,0.11960376757936986
0.054186904077808885,0.08065278956709485,0.12338448251057349,0.15925582241123645,0.12338272624880087,0.12338407525391605,0.08944304963686855,0.12292726356727712,0.12338288672642377
0.056157486044016415,0.08742431233462071,0.12837285003580368,0.16672733326648947,0.12837100910390908,0.1283724157022128,0.09128996182024378,0.0849134620142969,0.12837116967840728
0.055634125500044325,0.08448991478822436,0.13018364384598996,0.16912140225103048,0.13018238555567851,0.13018322931550882,0.08990230600428029,0.08012102330303628,0.13018196943620702
0.056157486044016415,0.08742431233462071,0.12837285003580368,0.16672733326648947,0.12837100910390908,0.1283724157022128,0.09128996182024378,0.0849134620142969,0.12837116967840728
0.10681944695221328,0.065106510530949,0.12357531800014343,0.1598252116631275,0.12357244401895373,0.12357380899298642,0.07889241810291302,0.09506226353203194,0.12357257820668172
0.056157486044016415,0.08742431233462071,0.12837285003580368,0.16672733326648947,0.12837100910390908,0.1283724157022128,0.09128996182024378,0.0849134620142969,0.12837116967840728
0.05561462715761036,0.08436426702237278,0.1302616969191851,0.1692185670308278,0.1302604651834294,0.13026128335340612,0.089840653649963,0.07991841665616449,0.13026002302704096
0.056157486044016415,0.08742431233462071,0.12837285003580368,0.16672733326648947,0.12837100910390908,0.1283724157022128,0.09128996182024378,0.0849134620142969,0.12837116967840728
0.05333888699677533,0.054865782764263266,0.10564532277150578,0.12934609761699906,0.10564326517270688,0.10564439975033374,0.06675952279628476,0.2731133002351099,0.10564342189602133
0.05520417894114879,0.08246841690639688,0.13099232494167037,0.16601720088159397,0.13099047341506975,0.13099246004912357,0.09140687728412711,0.08093743734625403,0.13099063023461563
0.049911315694322195,0.07743201942583179,0.12149521536945547,0.16000724486707443,0.12149341479194554,0.12149472916293291,0.08217135040786781,0.14450113552277452,0.12149357475779532
0.05318540035095318,0.0800000599669667,0.12436740100737703,0.16224894190824016,0.12436560600170325,0.1243669674291839,0.1303560387035166,0.07674381249671101,0.1243657721353482
0.0776395009000544,0.07825773852531687,0.1288063348700811,0.16872974546253494,0.12880451613257046,0.12880654910302858,0.08671906998779949,0.07343185942508694,0.12880468559352723
0.05512458956353674,0.08520775068231319,0.12863371502506163,0.17121606982706372,0.12863187487805558,0.12863380027476523,0.09085465820990525,0.08306550344331035,0.12863203809598825
0.04898970882255815,0.07373096318168419,0.14075965182431688,0.1535176126179159,0.14075704536930325,0.14075863835750416,0.09574691631482747,0.06498242448804455,0.14075703902384543
0.04682166876067565,0.06597058899239042,0.12409196139991703,0.1700211966363325,0.1240912873096686,0.1240915326139335,0.09353195666401615,0.1272884369967283,0.12409137062633789
0.146441766592529,0.06466007537129013,0.12435355391290266,0.15684983943968958,0.12435067558850259,0.12435202689506553,0.07593812244470537,0.058703126634721554,0.12435081312059355
0.04766958030203745,0.15713661050642855,0.12060415542318785,0.18993040885178925,0.12060183647173894,0.1206025754178331,0.08094551784642466,0.04190595427620473,0.12060336090435549
0.07313765818234691,0.07330743232490806,0.11984820162455763,0.15823821399164,0.11984642612271425,0.11984772031131774,0.07923293370815183,0.13669482012810988,0.11984659360625367
0.05470429030518181,0.08225800280631312,0.13032325253832486,0.17348335434909198,0.13032200048714612,0.13032337498270902,0.08949991797634603,0.07876422841893214,0.13032157813595488
0.04065062442472075,0.2339345265225655,0.10225092095853815,0.16416100126084843,0.10224967268302228,0.10225040812715402,0.09263753227262521,0.059615436503123564,0.10224987724740207
0.047462706577892394,0.1497031320002246,0.1280935074888883,0.12859318658616184,0.12809122760400757,0.12809318538416703,0.07377219331737435,0.08809812870919705,0.1280927323320869
0.10336297428599044,0.07443646427607915,0.1258158211320874,0.16601220878062004,0.12581348845665927,0.1258148701548221,0.08374889075614068,0.06918161292677744,0.12581366923082346
0.05501157729775846,0.08516147937680436,0.12863616078441553,0.17173387489389932,0.1286336672284937,0.12863506117193776,0.09068470470028005,0.08286964847504504,0.12863382607136592
0.051887007363741355,0.07283853698811048,0.11921543946188784,0.15198843154595695,0.11921371871886337,0.11921502198321036,0.1717039713714614,0.0747239867103476,0.11921388585642069
0.09436416028208057,0.05929020373814187,0.11291204814457516,0.1476606909250761,0.11291093800059189,0.11291160475795368,0.06511955078974964,0.18191975019852838,0.1129110531633028
0.056157486044016415,0.08742431233462071,0.12837285003580368,0.16672733326648947,0.12837100910390908,0.1283724157022128,0.09128996182024378,0.0849134620142969,0.12837116967840728
0.03661865837911709,0.17821856746350515,0.10142618445378386,0.1446143693919422,0.10142458216855339,0.10142566484722097,0.06084149007612181,0.17400573999595384,0.10142474322380172
0.056157486044016415,0.08742431233462071,0.12837285003580368,0.16672733326648947,0.12837100910390908,0.1283724157022128,0.09128996182024378,0.0849134620142969,0.12837116967840728
0.0550400198759195,0.08352895646070248,0.12657501726819606,0.16585422888252782,0.12657320802781288,0.1265745903255754,0.10636062254622913,0.08291999130259564,0.12657336531044114
0.08183805064246011,0.08064911368017168,0.12712206558075606,0.16304761233445483,0.12712025829717935,0.12712164504043302,0.08764359214318275,0.07833724630413591,0.1271204159772263
0.05400640459299549,0.07932508190834174,0.13330065705962288,0.17425927197426927,0.133300073601441,0.13330029548410002,0.08729976622560125,0.07190881968787456,0.1332996294657538
0.04701557786687621,0.15854325558752128,0.12134127403857564,0.1646466027958767,0.12133956152625584,0.12134087558714952,0.07830210081170848,0.06612996680357308,0.12134078498246315
0.05270243983045714,0.0802470332339844,0.13045423941431622,0.13656019827603075,0.1304524302533592,0.1304538461290592,0.08852133571655545,0.12015529436942089,0.13045318277681686
0.04708245821008255,0.14069174431700518,0.13024492530079043,0.13567130376437234,0.13024299936657355,0.1302443821315007,0.09067777735821043,0.06490124775076593,0.13024316180069892
0.04848033222225795,0.06986477083856767,0.12793183651096873,0.1672586705813814,0.12793002098079373,0.12793257259380192,0.13757001484402007,0.06510160377176681,0.12793017765644163
0.05368736076994013,0.08808308124559994,0.1317998728800089,0.16650314426511162,0.13179796956278933,0.13179939680669872,0.0867268636018319,0.07780418744765012,0.1317981234203693
0.03507411246584548,0.08076907640574936,0.13093663696676963,0.1351368563829828,0.13093545195915612,0.13093614963855174,0.14840253544271229,0.07687255423128396,0.13093662650694846
0.048638512141833734,0.07445201842757965,0.12255115830802894,0.16271923500025776,0.12254936867452833,0.1225506944691555,0.08030685964735375,0.1436820169261261,0.1225501364051363
0.051768870064146655,0.07567463400161659,0.12910335931085368,0.1709782515736488,0.1291015259825649,0.12910406380583314,0.11256878056446046,0.07259882352594044,0.12910169117093542
0.03722499393792671,0.24344883497724326,0.10849629065934518,0.1767276272523326,0.1084951313760062,0.10849573974735754,0.06111096401250383,0.047504748034438125,0.10849567000284648
0.0534036505373529,0.08810195038948972,0.13198316681680722,0.16728370395345463,0.1319812589341511,0.1319826860580208,0.08619555323686666,0.07708661781338104,0.13198141226047588
0.08502908111256473,0.07817772925989115,0.12662367675082317,0.16954511961659324,0.12662264821255811,0.1266232395589473,0.08603454789431986,0.07472192056592367,0.12662203702837863
0.05305042989811453,0.07773060681712197,0.13016519527747183,0.16742574677641084,0.13016272010200816,0.13016413390607026,0.10676237544729196,0.07437591688926722,0.13016287488624326
0.05550793509501537,0.08411723641296143,0.13039468292961084,0.16948138292113737,0.13039285052768343,0.13039473038678936,0.08964650115276385,0.0796716670472675,0.1303930135267708
0.038175293734819225,0.09376335977759705,0.11999345107863736,0.07972295260258636,0.1199905861627879,0.11999185511509053,0.07255243236058073,0.23581875672886402,0.11999131243903688
0.05537748828589331,0.08384690582763048,0.13039328988073876,0.16962249096363377,0.13039080888360066,0.13039223808482647,0.08981412028027623,0.0797716968911794,0.13039096090222088
0.0778615923293852,0.06375204659770493,0.12106538137344523,0.11664381048091117,0.12106374513772178,0.12106339768195547,0.18127921943269854,0.07620807338076133,0.1210627335854163
0.0412129566094905,0.05269393706993362,0.10033874961132892,0.1293120855198831,0.1003367688430279,0.10033786321360133,0.06931760982724597,0.30611309351956373,0.1003369357859249
0.0470967171217806,0.06634585316164852,0.10817400174793189,0.14040624582792263,0.10817232780271363,0.10817351707970028,0.07601879355507085,0.23744002867745007,0.10817251502578155
0.04374560881403767,0.10829909708189406,0.11800385791478123,0.18244071919127314,0.11800146620312078,0.1180027266707574,0.07410701172870665,0.11939787583531042,0.11800163656011864
0.048911567547103414,0.06913427225479853,0.1172767785973483,0.15312535057399676,0.11727557079446989,0.11727633501158984,0.19151636665234228,0.06820852697320022,0.1172752315951509
0.056157486044016415,0.08742431233462071,0.12837285003580368,0.16672733326648947,0.12837100910390908,0.1283724157022128,0.09128996182024378,0.0849134620142969,0.12837116967840728
0.034921784004429975,0.07445187963327632,0.10827476327131687,0.15334028997374238,0.10827345144073641,0.10827423428187892,0.061597259517754265,0.24259266672547922,0.10827367115138553
0.06254048178677951,0.04717444148930396,0.1086255735015393,0.13882478717852328,0.10862402248103627,0.1086254961496785,0.14767678482374505,0.1692833692430082,0.1086250433463859
0.04199137856926149,0.06555607587064942,0.11488533925263121,0.16078124017520268,0.11488471230940933,0.1148848173047023,0.07128345358369671,0.2008492224612283,0.11488376047321851
0.1224087461079321,0.07085713673259592,0.11655675293410529,0.129673969669181,0.11655511102980469,0.11655637190485672,0.06715243809016244,0.14368370283551882,0.1165557706958431
0.052915255974568455,0.07374767693091328,0.12457046024429098,0.1565870278355136,0.1245687184151651,0.12457008233458351,0.08919851185683207,0.1292727674961698,0.12456949891196327
0.046452242481094065,0.07259285377782425,0.11715782068162173,0.15650213047049297,0.11715604990401007,0.11715731056465095,0.07702732900784033,0.17879804919756026,0.11715621391490542
0.056157486044016415,0.08742431233462071,0.12837285003580368,0.16672733326648947,0.12837100910390908,0.1283724157022128,0.09128996182024378,0.0849134620142969,0.12837116967840728
0.05968275647402068,0.07854617160676956,0.14085308506096494,0.16978663233658406,0.1408491816083324,0.14085067114647373,0.07358069212663218,0.05500151553125331,0.14084929410896918
0.05524768625286925,0.08202357513551908,0.13112511978763106,0.16576051943764805,0.13112327275260627,0.13112470257336026,0.09135311194528369,0.0811179461361544,0.13112406597892795
0.06849911500079849,0.15412902915457224,0.1066821295053862,0.1567667532569606,0.10668052430964471,0.10668164740558948,0.05899732653931573,0.1348819473145239,0.1066815275132087
0.051467227826881866,0.11775251418087174,0.13219770880811807,0.14189194716231898,0.1321965507192661,0.13219733474626943,0.08565787499439764,0.0744428026259485,0.13219603893592763
0.09708327802854973,0.12380509087746583,0.089172498870495,0.11388933820323753,0.08917064037489852,0.08917157094692663,0.08532100153757007,0.22321579076173778,0.089170790399119
0.048594217810008604,0.07335255490624826,0.12219377134210581,0.15904826721037985,0.12219197575229819,0.12219329311721237,0.09540272534068234,0.13483105492050856,0.12219213960055608
0.0646952095793079,0.0635613992576602,0.12447767548161341,0.12989934505247494,0.12447587895667812,0.12447665949577318,0.10705840532508872,0.1368799565284072,0.12447547032299637
0.05409055768439098,0.07981489680952869,0.13315856024073253,0.17417074700672772,0.13315546845172843,0.133156933133326,0.08718926456465864,0.07210732995399545,0.13315624215491154
0.07304359481741425,0.07336413910178771,0.11989364814447852,0.15828228740272518,0.1198918722427769,0.11989316704357127,0.07928564520661928,0.13645360634595746,0.11989203969466944
0.05124403131256366,0.11792189039220558,0.12401779865146113,0.1712811259625853,0.12401608200638385,0.1240174387835284,0.08578629472699147,0.07769858950079397,0.12401674866348655
0.08502908111256473,0.07817772925989115,0.12662367675082317,0.16954511961659324,0.12662264821255811,0.1266232395589473,0.08603454789431986,0.07472192056592367,0.12662203702837863
