0.08039694948723287,0.12029469061832644,0.007330502462860432,0.15292480639857067,0.16549596629647859,0.15756769737924411,0.07109837044764128,0.1473735199611296,0.09751749694851591
0.10920384445510993,0.11516571225509487,0.001770093641756563,0.16560328395128654,0.10514027641479663,0.14603646904909268,0.11674543837708283,0.1427040779818323,0.09763080387394768
0.11121452974424463,0.09603414800868255,0.0013213527591143359,0.12070368672600533,0.10415425763422065,0.10101585664175934,0.26954000450342624,0.10666495297149468,0.08935121101105219
0.23706582481063665,0.09828628752085293,0.0014908265520218531,0.13420198664520697,0.10221267272046979,0.12487906246585621,0.1025640546699335,0.10964221520631046,0.08965706940871165
0.06182480793244588,0.07400102602443061,0.0006600001657533906,0.29905830338787637,0.08599416501202012,0.06912582900953722,0.19539392245081913,0.14613940874451867,0.0678025372725987
0.09244080933544611,0.11807096445083641,0.0016615549989359678,0.2363579939541246,0.11888852478622285,0.12172703069136649,0.09535673196365729,0.12087169850030437,0.09462469131910596
0.13372102782961323,0.10295530566355315,0.009786346282302613,0.2410188114137435,0.0792521859602057,0.1732183798245128,0.06963537309141522,0.09569488851317348,0.0947176814214803
0.09445765777915797,0.11886389438305417,0.0010662111220632509,0.22168254493409845,0.13725440123906538,0.11745727899338382,0.07716151712662646,0.1301054412142668,0.10195105320828379
0.10920384445510993,0.11516571225509487,0.001770093641756563,0.16560328395128654,0.10514027641479663,0.14603646904909268,0.11674543837708283,0.1427040779818323,0.09763080387394768
0.09015455390000936,0.1670413651249875,0.0011580614823426454,0.17815650818665837,0.10894829668354623,0.17200985961101511,0.07052266268718385,0.11693553713167541,0.09507315519258146
0.09810728332240409,0.10280114185566536,0.00640011051762997,0.14588872726688387,0.11416667469064683,0.12485786587100002,0.10252924090366537,0.20590847974166496,0.09934047583043953
0.14792953210705348,0.10964040875730457,0.0014720256919010556,0.156730823799712,0.10875328088372156,0.1402048140377844,0.10908654540441731,0.1287487140283927,0.09743385528971295
0.10920384445510993,0.11516571225509487,0.001770093641756563,0.16560328395128654,0.10514027641479663,0.14603646904909268,0.11674543837708283,0.1427040779818323,0.09763080387394768
0.07226615086627673,0.10888035356625847,0.001421378170961386,0.2588171440954732,0.07469384164166372,0.11759647490126462,0.18886985439691564,0.08464206838159645,0.09281273397958982
0.1414097348454271,0.13072943261547434,0.003285451388593493,0.1370863072704933,0.12098048228055869,0.14092866691169526,0.09092196518128655,0.13083851110094433,0.103819448405527
0.1487863766263573,0.1034068353703091,0.0006581958828878188,0.10471735544859063,0.15193767677640777,0.11694848912629165,0.06708018177552462,0.19471743360220617,0.1117474553914249
0.0970349169565796,0.07865095598441312,0.0011800499212433226,0.13881757243383566,0.10199214138282071,0.0935728041579984,0.3546888375301656,0.05415342101664278,0.07990930061630072
0.2473670325175732,0.07671844970172118,0.0008701524683535924,0.1872251057483817,0.1300841266684012,0.09221544296814549,0.08753458069887639,0.09646779757548989,0.08151731165305738
0.09854077839299812,0.11202721959491135,0.00557903379700124,0.19338638288157964,0.11771739750659867,0.15635007666216963,0.09510711908841006,0.12419927914204583,0.09709271293428547
0.10471331223428565,0.1158008659190047,0.004733011060350936,0.16026692123520742,0.11317250259798645,0.1516745022018354,0.113909439690097,0.13487590376817388,0.10085354129305861
0.18290760590150548,0.11172460137862043,0.006863468502480039,0.13994186580954687,0.1323381813581223,0.12407250210427585,0.09257653559643271,0.11114257145876684,0.09843266789024942
0.10932871616190937,0.11783465721962372,0.0016750307922050386,0.15622203609902371,0.1100101506934259,0.14393500404745274,0.10701449221691771,0.15145236974408585,0.10252754302535594
0.07480881803455908,0.07548078265041555,0.0007801283154893161,0.11447351454287003,0.08630067919086876,0.09781096773605548,0.3850913930968056,0.08914220537348849,0.07611151105944769
0.12468739067118047,0.11135624664389059,0.0009791015642585403,0.13161378558966763,0.07804153229300137,0.16720642056694712,0.16473866986566957,0.12053628983051524,0.10084056297486944
0.08660812798756995,0.0937147776726784,0.001163302849488221,0.12802138647801511,0.10720784212861316,0.11235900747242662,0.23077153798961714,0.14763512912468968,0.09251888829690173
0.09347668059157281,0.10734725490000319,0.0011555864283630043,0.22591089509557846,0.11224442965926507,0.15615512779710383,0.09034692838653724,0.12045130710634429,0.09291179003523213
0.10920384445510993,0.11516571225509487,0.001770093641756563,0.16560328395128654,0.10514027641479663,0.14603646904909268,0.11674543837708283,0.1427040779818323,0.09763080387394768
0.10690422233616247,0.11682105501186613,0.0015992222808338243,0.16424613566503032,0.11175452218725164,0.1530117931131079,0.10922158760556673,0.1362586448821589,0.1001828169180221
0.10920384445510993,0.11516571225509487,0.001770093641756563,0.16560328395128654,0.10514027641479663,0.14603646904909268,0.11674543837708283,0.1427040779818323,0.09763080387394768
0.1715540271287144,0.09714668131886234,0.0013167983400736462,0.13500229830989527,0.1067363676303868,0.11928520533280396,0.10311406210033273,0.17233724356186675,0.09350731627706417
0.08156882905174508,0.10986048510866415,0.00124118383749854,0.12185061073926788,0.11910793367446848,0.12221232301812225,0.21056071387781486,0.13786416783200547,0.09573375286041319
0.08661170004594232,0.09520467010522345,0.0011315386902404582,0.13321538677950842,0.07749434553452413,0.12897993104799307,0.28007634760727135,0.10789378775345726,0.08939229243583957
0.0995228395678411,0.11972700670940468,0.001282051750395422,0.1543625734130165,0.13789162926271517,0.1761934254300417,0.09728875001257808,0.12483147232938911,0.08890025152461818
0.10284330135158837,0.1246064518822711,0.0016507962398587233,0.15874641834374387,0.1148894013057115,0.1537792040442221,0.11173507365150352,0.1306571424379594,0.10109221074314145
0.1043997252049073,0.11568737424711949,0.005444063215396888,0.1602617120086645,0.11445725127222832,0.15282107621816182,0.11299902491844116,0.13259161133088493,0.10133816158419567
0.09340059227878013,0.10199416853432192,0.001159217017158089,0.12140567294402049,0.10943942263238371,0.16917933204570898,0.08481545234375087,0.2188505302425029,0.09975561196137295
0.10644178074804128,0.11661527024008544,0.0015398073931793463,0.16298961424041106,0.11447176504904148,0.15433060764968723,0.10784354335468689,0.1353408833965056,0.10042672792836164
0.09858101675002091,0.13255456971876015,0.0015957044698461937,0.15396534037192866,0.12080215055882045,0.1575006406996564,0.10844621971415706,0.12424490798748766,0.10230944972932249
0.22605325272757434,0.10284346546223637,0.001050004287251352,0.135474268986382,0.08864198772570513,0.1365460098580589,0.0955495046404744,0.11213449356096146,0.10170701275135602
0.08271359623605108,0.09966819221616248,0.0013688607274086782,0.12614836787272338,0.0840301192149298,0.1374502132557652,0.27830529173992785,0.1016375920953193,0.08867776664171216
0.10956319969565749,0.11665096302541367,0.004434128474762851,0.15943686867419424,0.10806228901917926,0.1442376510414538,0.109066848365815,0.147965547984692,0.10058250371883164
0.08382619859356426,0.09308389147648859,0.0010930259360578739,0.1284581949787731,0.10623832324800754,0.12471709995925857,0.2742016677935441,0.1053919409617946,0.08298965705251136
0.08686075810020084,0.12420588216609325,0.0011682143116253116,0.2455112079336117,0.14467120114101745,0.1251271618257044,0.07197354710105525,0.11725333035225594,0.08322869706843584
0.11565210359855005,0.10923432083128708,0.0038224848812249135,0.11018953294812384,0.13078665998655706,0.12810175044682795,0.18755251746087656,0.12117993962731315,0.0934806902192394
0.10920384445510993,0.11516571225509487,0.001770093641756563,0.16560328395128654,0.10514027641479663,0.14603646904909268,0.11674543837708283,0.1427040779818323,0.09763080387394768
0.09040173663238545,0.10898311268421235,0.0043294195244401,0.2282742429252165,0.11277479950703584,0.15067154714619815,0.09869633727406436,0.11265613403964764,0.0932126702667996
0.14704182269500643,0.10933526062307586,0.0037966697454503116,0.14959075547007172,0.11810211023571913,0.14406879978895296,0.10585759883811713,0.12158731053088252,0.10061967207272388
0.10920384445510993,0.11516571225509487,0.001770093641756563,0.16560328395128654,0.10514027641479663,0.14603646904909268,0.11674543837708283,0.1427040779818323,0.09763080387394768
0.1142530454574978,0.08517974430086613,0.001157864189344101,0.11565301664581089,0.09751196184236018,0.10085203474894931,0.3063594135847328,0.09372251048685347,0.08531040874358527
0.10511029269936344,0.11579730432577241,0.004251744998657985,0.16077671853681894,0.11248151621459264,0.151296949662745,0.11414286411108825,0.13554726931195718,0.10059534013900417
0.09901610510133611,0.1040207237767095,0.004599470148171823,0.14908264416751513,0.11181149061571172,0.12754865730373896,0.10562114691582473,0.19967613051531374,0.09862363145567832
0.10988753151774634,0.117403523730549,0.0017008227417958214,0.15681681222983343,0.10916183986193866,0.1445031698607487,0.1090406504934645,0.14980667924243826,0.10167897032148526
0.15593756483268345,0.09926819628473245,0.000895922082232519,0.11296518576059082,0.10885144636611195,0.09040408373712322,0.24640694152542109,0.10010857234729387,0.08516208706381052
0.10271665845865985,0.13031085532231565,0.0034154863666676035,0.1413161988073373,0.1179857574160998,0.16691654213510218,0.07883488003119211,0.15589120977814624,0.10261241168447917
0.13273919715630667,0.12025618034356089,0.0010848790298935602,0.13676495917659168,0.09404237833269037,0.12778201366612707,0.0770563382537849,0.21172053286707757,0.09855352117396732
0.10710123335567097,0.11810835375219274,0.0015731573751122507,0.16470064938531617,0.11420587671679501,0.1571165060307164,0.10810674013178943,0.13702936957307574,0.0920581136793313
0.1767364046871277,0.11709426944906114,0.003693664624139442,0.13834699017754118,0.08671827206786613,0.17033885438501975,0.08677335727502904,0.1233333934572063,0.0969647938770093
0.10319352107255376,0.11227537289141998,0.0016216761934317557,0.14835039575373707,0.10254201990390134,0.19308006424289006,0.10063378881719447,0.1432422412675315,0.09506091985734005
0.11169105971999986,0.13619455194383556,0.0015355548457139303,0.1785835143422794,0.08577996510155239,0.13327011547292786,0.09752504962191055,0.14630782022540806,0.10911236872637238
0.10920384445510993,0.11516571225509487,0.001770093641756563,0.16560328395128654,0.10514027641479663,0.14603646904909268,0.11674543837708283,0.1427040779818323,0.09763080387394768
0.07424696295374585,0.07585057945440303,0.002728224723419184,0.11248219609586996,0.09102523563329572,0.09977806575166799,0.3780838399537738,0.08858240423663462,0.07722249119718987
0.09909992097547311,0.10185263048263804,0.0013888686169779172,0.14948816245670649,0.10667399724014391,0.12116664239483858,0.1104177093412944,0.21296454690437294,0.0969475215875546
0.08407398156811167,0.10362713186866164,0.13165351076636087,0.1106136103266523,0.09911848159735644,0.14872367337252423,0.06967076375556269,0.14113762149941497,0.1113812252453551
0.19434922411651204,0.12196509355072299,0.0013311206120881806,0.1436618052080664,0.08683226003249561,0.13107926259018288,0.08601914104564035,0.1279387833838117,0.10682330946047987
0.09486798272105107,0.11605942053994774,0.0012973372921275554,0.13983860711341226,0.12572608832690024,0.21994080110922612,0.0873066979487715,0.1282559389391887,0.08670712600937482
0.10636371526586681,0.12446980439152687,0.0017883106325999778,0.16628977327535274,0.11802494219698322,0.13264067538063595,0.10827959717641318,0.14090000022999186,0.10124318145062938
0.06780365275153252,0.08523025508854228,0.2903769186764211,0.0995944432367938,0.1135356756288215,0.10992767357516775,0.06521724508229283,0.08811592225521807,0.08019821370521017
0.15341763938573597,0.10522515884469062,0.0006801740058149499,0.2158227592897948,0.08377035051197686,0.17253969697164262,0.05611968628192443,0.11695597224202388,0.09546856246639585
0.15077497130164172,0.10225586020728138,0.0010827956379980855,0.1271955397797636,0.1508334605602478,0.09709502892716942,0.052509181048673775,0.21257358421152195,0.1056795783257023
0.09900937230664376,0.09129227902544035,0.00245686025105559,0.0900306891631783,0.1215483120084565,0.1073907756284988,0.16057247126855723,0.23597908469079873,0.09172015565737074
0.09326145455843397,0.09739672594329535,0.0012918950895228927,0.1386613832296044,0.10892556021573711,0.11514422549047036,0.10858596873325567,0.23883820421531388,0.09789458252436634
0.07583761769697299,0.09121152522213294,0.0010983382314249772,0.11090390983086079,0.12860166736962572,0.12158297330164002,0.15147844148004708,0.22482826750452736,0.09445725936276818
0.09289928381651462,0.11002232300437749,0.0014141188665721105,0.13800228049728713,0.07398964410345893,0.15177914382063432,0.20942999711589258,0.1306563829347108,0.09180682584055204
0.08989094991815429,0.10470847239156533,0.004555664704314711,0.11184463594689968,0.09573353123105328,0.29486714512571616,0.06425441359735741,0.14576020770923726,0.0883849793757019
0.08777155968377459,0.11506060240690841,0.0037567008216495834,0.2352446240857159,0.0796497463577963,0.1717943504867724,0.09593152789773962,0.11226082615762896,0.09853006210201415
0.11380906153808013,0.09783337654029856,0.0007983257475819575,0.15859071775509986,0.13185790297507374,0.1194415303728645,0.16963468166868004,0.11997136293338628,0.08806304046893491
0.09451010838863105,0.11012676114308584,0.003540678561639374,0.13269569437864134,0.11694023119614438,0.11675564827523993,0.09773618592966409,0.2250706970739512,0.1026239950530028
0.15562675500174142,0.11507220106947862,0.001444677256959359,0.1517337033525493,0.12393893836394586,0.12880294517859792,0.10073026166197752,0.12249314555642717,0.10015737255832284
0.10920384445510993,0.11516571225509487,0.001770093641756563,0.16560328395128654,0.10514027641479663,0.14603646904909268,0.11674543837708283,0.1427040779818323,0.09763080387394768
0.1579501098905365,0.1043952674395683,0.0012014882358392116,0.1313540034628586,0.1313926068480795,0.11838809784183157,0.09215244068972354,0.1641425543420226,0.0990234312495402
0.09770491785765138,0.10992185605479916,0.0012901417801507963,0.2106558721212124,0.11306546228932307,0.15324781578698946,0.09369981108201064,0.12549198824387,0.09492213478399303
0.21802563053222354,0.13400018715365775,0.0014263210254528275,0.12042143241535001,0.11620685443231914,0.09711176790060426,0.05892531626653846,0.15535239442457072,0.09853009584928323
0.11040450902294822,0.12417599498944633,0.0016619855569747332,0.1704182096041483,0.11651788141442071,0.1219673823871071,0.1065375544863449,0.14666964335262261,0.1016468391859871
0.08720284345417402,0.12256353077982042,0.001228836443759533,0.2319342895212965,0.12093133877263894,0.16630377597356216,0.058067668756891955,0.13093112664689496,0.08083658965096151
0.09569352131244911,0.10871473751702804,0.0013487310667172224,0.1444029673137528,0.08988917561223642,0.1427042425663789,0.10727316540562166,0.20404535863699436,0.10592810056882147
0.133339365312243,0.12327930492798549,0.001245850836178792,0.13664453424165734,0.137197165411362,0.15751119175302333,0.09341147680129462,0.12276044322747787,0.09461066748877744
0.12979606822748835,0.10809615827597553,0.014546901988193155,0.1736178892079705,0.12458827574482305,0.15303352858109717,0.07897734009694059,0.11958920670994011,0.09775463116757155
0.10731952956127344,0.13635011991316298,0.004208617441184351,0.17346999062928015,0.08933144723202797,0.13885855253458587,0.09753594804053994,0.14050711422842102,0.11241868041952424
0.10979894473042202,0.13533608669804875,0.0016274986693072247,0.17434365843011876,0.08669108801385794,0.13310014744218365,0.10272594500884054,0.1460844281474857,0.11029220285973541
0.08490003351576414,0.08486969017179907,0.0017748222400105476,0.1217099182769179,0.11119962922189448,0.08351722664382132,0.3404541974138155,0.09185911968734839,0.07971536282862875
0.10606161058647771,0.12415112578788866,0.0014158587440343436,0.16676843834962204,0.08325136207624415,0.17458418982912696,0.10082785637538076,0.1371223385596064,0.10581721969161899
0.08696472235840502,0.16844490724164174,0.001244184948462587,0.11259997248910676,0.1055321082901202,0.13264157375409938,0.1621670079888379,0.13750378627168347,0.09290173665764283
