0.12965858129148802,0.07559225972032413,0.31286591404382597,0.08951166979108378,0.08033440336883403,0.07508418061933714,0.055804708519046536,0.08270925593108897,0.09843902671497139
0.1270836569089213,0.09265316619007201,0.23357821033812076,0.08271613359250397,0.10351135101485819,0.08674969326462666,0.07175656549404026,0.09637623914376163,0.10557498405309516
0.12222946649178341,0.07029883041563269,0.2628472791682006,0.12574143317764777,0.09750041340216763,0.06466255169808734,0.08577301507673184,0.07784271687448885,0.09310429369525992
0.11795443767164367,0.07298475814523059,0.31937928665179965,0.06762612460526161,0.0807748841538226,0.05854461215464424,0.08473773599322243,0.10546651117623158,0.09253164944814359
0.09768854232357327,0.08194912494315995,0.2675976933336961,0.07927634940956546,0.10156283818740301,0.09404141581308319,0.08273509544329229,0.0914084106439073,0.10374052990231943
0.11825232359517357,0.0914941524660572,0.1874088815759539,0.08515318814276208,0.11561699286952037,0.11542085589699659,0.08784650485637219,0.09653052819081127,0.10227657240635275
0.11816989189156034,0.088480452966006,0.23452075159984057,0.08078612148982299,0.12300052640934932,0.08021106048343396,0.07653037861078095,0.09627196296475633,0.10202885358444952
0.12024515419244979,0.1300807113436395,0.20649282274583394,0.07547337784672321,0.10992471992971502,0.08709719432631668,0.08685767027587536,0.0859461208475832,0.09788222849186333
0.11890035100990763,0.2007821261219412,0.08919269112798182,0.11430402888919806,0.0894145208534581,0.08139060876999947,0.10304450857535503,0.09037968504988984,0.11259147960226878
0.12666765089449783,0.08459985730545515,0.12693808497723413,0.10051076062404957,0.12860532146355608,0.10397041180971367,0.09239637683016362,0.11424588232760309,0.12206565376772682
0.11809270830994234,0.08815422191142525,0.2310119954787089,0.07839561308095318,0.13324001962649454,0.0864650377248417,0.07677031103799832,0.08932806750357475,0.09854202532606104
0.12473642317644153,0.09259152129051205,0.21459947348470307,0.07783080502181179,0.132364186145334,0.08571853136007712,0.08054294491809362,0.09014458871130342,0.10147152589172341
0.11814243368068296,0.08176502287560587,0.2828509164953718,0.07369425174593137,0.1075013776740618,0.08120959694031317,0.07406316388612065,0.08503858669387232,0.09573465000804009
0.10263658547786858,0.0889178898266737,0.21412833868382708,0.10106017976166608,0.10326479073754334,0.08777357273636793,0.09504091563702548,0.09760679227181511,0.10957093486721274
0.10512506970296627,0.07164354483472571,0.3146670505025377,0.07067596829799107,0.13340924372061105,0.061536625759104645,0.07574653291372367,0.07958421981239372,0.08761174445594622
0.11360532638302483,0.08578143600931644,0.16826458559621396,0.0709866273582392,0.15707192271701917,0.1408616341163713,0.08514530792831156,0.08430950720950021,0.09397365268200326
0.10683889903423016,0.08561193731077898,0.1777445249072771,0.09317813516780453,0.14388059303337095,0.09097669778376828,0.10492405121920773,0.09091145705755178,0.10593370448601043
0.0976827475388291,0.09749053275519214,0.3214188208952414,0.047963303067523576,0.11634929234025931,0.12495915216395899,0.07582488133991505,0.0516398547932738,0.06667141510580661
0.13271480991987447,0.10346558519230399,0.23110904806174895,0.07671675832220995,0.1077172014741108,0.09816031890864059,0.0780000291677679,0.07644681701481333,0.09566943193852999
0.10694364355381374,0.1406572902943231,0.11010641530566145,0.08875072578919059,0.09803560590746487,0.12049255209012207,0.12237144948451147,0.10040109411705946,0.11224122345785326
0.11661940763405333,0.12248618415331892,0.18696673833836672,0.08362617538744764,0.1648437698330751,0.06082668714354269,0.09448562835144551,0.07856916881235342,0.09157624034639672
0.12442057213725731,0.08684225736228374,0.23523534311649122,0.07845108526455892,0.0975154318145129,0.09337707503426977,0.06226822715337175,0.12048514905391734,0.10140485906333706
0.10408839845011629,0.061913207112084624,0.3093873337539469,0.08291663043501744,0.11859417782366229,0.07787131111108962,0.08835517360574298,0.07933328781475654,0.07754047989358326
0.11920256607834899,0.08033089347448645,0.1381191641139569,0.10029115054879273,0.14588762717929413,0.12347877131673536,0.11667534445221972,0.08127142022011154,0.0947430626160542
0.11134356629444919,0.09325165538286355,0.292297966272461,0.05983581237412192,0.11422653130847504,0.09399759797062661,0.08113666442374855,0.06952445387174756,0.08438575210150663
0.12397232068393176,0.08993526394306185,0.2224772663051422,0.07832052000747802,0.13776989775086368,0.08580100867287127,0.07128302351267092,0.08971859014372192,0.10072210898025839
0.11686531233318259,0.07899779557559766,0.2807756591100506,0.09114601639588316,0.09396883484658307,0.06995793133349759,0.08077971303786038,0.08967263906856561,0.09783609829877936
0.12230974633526608,0.09499258621110786,0.22044717015261572,0.08782499494201874,0.10592591220268573,0.07487274278515522,0.0868453713795314,0.10051517397287536,0.10626630201874383
0.12272625353380841,0.08821862064840068,0.2876766440954098,0.07789217381175721,0.09703694324704738,0.07599367465134281,0.05595628511085487,0.09278186608387129,0.10171753881750746
0.13111366283760909,0.09941891685322968,0.2138206783532921,0.08459675464718025,0.12243521163590049,0.07601552305570551,0.06062383777639848,0.101460543522779,0.11051487131790538
0.12289672500772612,0.10822993934910362,0.1849038904944836,0.09160852658300873,0.10787063291055422,0.11590567877697637,0.10656456190483153,0.07253915097061353,0.0894808940027023
0.122628857140902,0.08561623533021347,0.24243035356970424,0.07939645948369567,0.10011166023121361,0.09224251264458012,0.057165132180399474,0.11876486901870649,0.1016439204005849
0.1012798370666552,0.08304984692568902,0.28399371438504567,0.07236295146557835,0.08415774672613703,0.08570130065397698,0.08105769697624816,0.10945428840927156,0.09894261739139798
0.1149088969774259,0.08160908759718372,0.24243108785255485,0.0744917967922553,0.09474311186207428,0.1292492270969122,0.07808189575983823,0.08794993192484052,0.09653496413691497
0.14654739870475225,0.10263533769881596,0.19106647554994305,0.09613059282910329,0.10266514712035968,0.08024020401481123,0.06102171592330547,0.10256684443844755,0.11712628372046151
0.12251627762242134,0.08051572104571897,0.2616934661879134,0.07627090529633873,0.09543268463593234,0.08678438592107589,0.06841887052696168,0.10858159836832726,0.09978609039531043
0.10324254509079138,0.0922411052039303,0.23937701015335744,0.08374830505703075,0.1043346752559887,0.09448297334578697,0.07952965841957874,0.09548658724896747,0.10755714022456823
0.12386381639103143,0.08415340265735466,0.22232806436656283,0.07682490365584033,0.09801833096581308,0.12779595340968147,0.07564717107216022,0.09031570756196927,0.10105264991958668
0.15716342622745544,0.08380046688649963,0.1532647987271,0.10710047990256484,0.11172345169494903,0.0804737145037436,0.09770363101037378,0.09336350417365362,0.11540652687366003
0.14323091987204298,0.0899224109093275,0.11107316437150871,0.08743129620754182,0.09491052753406486,0.08981989969494031,0.06351043181763817,0.2021177844004551,0.1179835651924805
0.10486990513226391,0.07429843026445622,0.3487518453846525,0.07165457220465837,0.09799696475672408,0.05362302867696219,0.07662058358559612,0.08322178843790794,0.08896288155677877
0.12071594696730066,0.09450553888143835,0.2388424996492768,0.08159754062016371,0.10278556827792594,0.0881848929395933,0.07755432972503756,0.09368984591617223,0.10212383702309136
0.13419670914226947,0.0750643487790404,0.25586003450397493,0.08667618623412952,0.1180333645584033,0.06669803926780189,0.08096579122690511,0.08254693928985217,0.09995858699762317
0.13053594642719543,0.11136605279332185,0.2089933140440726,0.08756183988906047,0.09060208921575093,0.08872352859295245,0.09024635889106798,0.08889963925291589,0.1030712308936624
0.12585148247348962,0.0714011624413427,0.24828664439343576,0.0657867977168839,0.07806428316098206,0.12863214665943346,0.09568562539021956,0.09319645135101423,0.09309540641319879
0.12179980711403504,0.07300830865028457,0.35296769097079944,0.06413543146904754,0.10351463700331442,0.04858270054342919,0.06825045477144076,0.07602186050704242,0.09171910897060657
0.12013246194083575,0.08413778005777584,0.2383867026829756,0.09608440874761086,0.10247196814607491,0.0875754665350688,0.07723029530294516,0.09293007690135496,0.10105083968535811
0.12033043673346418,0.08378012168116683,0.2874183169528303,0.07655275427731428,0.09702861077398822,0.08123333613991489,0.06476489406036841,0.08990019127683867,0.09899133810411419
0.10167915491016966,0.09108713646485435,0.22848228287462416,0.09016565440073328,0.10711610339524631,0.08539483244651526,0.08742468590179063,0.09963207055472766,0.10901807905133871
0.13442362772212646,0.0769123263858699,0.24176246050087738,0.08299209950459581,0.11550316918749014,0.11349656256001163,0.05762845483033555,0.07902516200730622,0.0982561373013869
0.10523017649290815,0.09227674271745771,0.1770777026752944,0.07861986555075091,0.12800775050408467,0.13171516417492876,0.09262665398567183,0.08891830117112028,0.10552764272778327
0.11911323963838127,0.07531209077096924,0.273487197234849,0.07709955514867811,0.12224177231257409,0.07529874264207059,0.080063410242174,0.08239692915154379,0.09498706285875985
0.10115696381944479,0.09031302841343934,0.14469831423388183,0.10472050722296272,0.16481734753851018,0.08854137720603415,0.10673228904401959,0.10128211307945752,0.09773805944224989
0.12117352541741501,0.09278728046127495,0.231235629472383,0.08307009414405407,0.10611424728269458,0.07845271040527847,0.08274430775407644,0.09933454896342662,0.1050876560993968
0.11846159194981803,0.08760818001755173,0.24583435548657598,0.08173178896492707,0.1070375163766326,0.08685604232667847,0.07369578653666488,0.09650713769655382,0.1022676006445974
0.12270233394430825,0.08412312923148561,0.21395611151102592,0.07817323898589437,0.11644730495418083,0.135011100871504,0.05315557112436486,0.09383713752996319,0.10259407184727304
0.10701427134059589,0.10781701157785284,0.32764782938987197,0.06577525538215995,0.08305173678256371,0.061545772997611804,0.07810869976416206,0.08030599541766918,0.08873342734751265
0.11506812474206486,0.08749680079550948,0.1834253621661687,0.09315556212181182,0.10054415210442998,0.1641950273026572,0.04094505648958278,0.09891570836328922,0.11625420591448583
0.12083261806049535,0.09059152275630607,0.24891042291981166,0.08319907154899651,0.10782606814808747,0.08438721587041814,0.06062196190872519,0.09893719786288885,0.1046939209242707
0.11456705633660469,0.08197680141374032,0.2653881732899623,0.07429388017723901,0.1291611219237347,0.07370037038352269,0.07580252945358411,0.08865843319664089,0.09645163382497139
0.11428334545332224,0.08327949491070717,0.270779606895211,0.08563494706661029,0.0861314374423976,0.06792367007381396,0.08541557638587921,0.11239186757458608,0.09416005419747253
0.14146498309009362,0.16112533928461367,0.10308904309640461,0.11092660169801012,0.09942399567141447,0.12224223463858175,0.0791980057874422,0.08159354037210116,0.10093625636133839
0.11662048420615002,0.08670734742169972,0.2360866011800374,0.07882909635889207,0.09992098698320427,0.08671089437164464,0.07476731127403355,0.12152449990300962,0.09883277830132868
0.1315857106606438,0.06626296342073627,0.11620836811901947,0.0814599346864865,0.0772994000294315,0.176878761839715,0.10348627085176602,0.1520165824305065,0.09480200796169495
0.12063870632825852,0.09109861548212606,0.2740444792472441,0.07665091158383901,0.10954637822141679,0.07451057557001986,0.06363508377157673,0.08994455286727092,0.09993069692824803
0.11582645491381403,0.09458224648546272,0.31074659721955356,0.0772216360890473,0.08643127802063731,0.09215853064830896,0.05742171289824471,0.07578076147275555,0.08983078225217596
0.11020274856239061,0.11009567091956261,0.2519142934123469,0.08772669532329407,0.09485798075206732,0.10007405472050701,0.08439004609689471,0.08350510265341908,0.07723340755951766
0.13541086782311704,0.12199922078150272,0.12825614601667254,0.11426398255543528,0.12639673081982603,0.09229542026731012,0.07741755674550634,0.09478159550652349,0.10917847948410643
0.15108581568285998,0.08998438580674473,0.19273777417992255,0.12235333693919481,0.09480778837002028,0.0854484319210284,0.05997700264354424,0.0916117376465504,0.11199372681013464
0.12485252357918958,0.08649655256844803,0.2512542194041914,0.08473051416277157,0.08489334804664651,0.07056130449431709,0.08296887958539312,0.11436209288869077,0.09988056527035193
0.11846159194981803,0.08760818001755173,0.24583435548657598,0.08173178896492707,0.1070375163766326,0.08685604232667847,0.07369578653666488,0.09650713769655382,0.1022676006445974
0.11425438153133345,0.08948194102086364,0.2907339039143334,0.07524971728543962,0.09494820477091426,0.0769333466558464,0.07405129956966998,0.08826834904465079,0.09607885620694843
0.1312820218649996,0.09426420686108856,0.22748055619921792,0.09980366880676872,0.10301963448214739,0.08507180028987127,0.05105068034514715,0.09883206991569478,0.10919536123506458
0.09609794507503507,0.08917653790509435,0.19478210597700862,0.0722459926256586,0.08701130385980015,0.1817143816961849,0.09432258279827004,0.08509616779407657,0.09955298226887181
0.1205996156891014,0.08053555016195536,0.24791252002297134,0.07728564397304456,0.1114949244176333,0.07301944408430977,0.07111087427540569,0.11713090621759426,0.10091052115798434
0.11976368103162675,0.08994874799421004,0.23994651547292575,0.0823077955399625,0.10651391911481578,0.08242306334501298,0.0775859283074566,0.09787709897508638,0.10363325021890317
0.11641419419377974,0.08664176059287736,0.23539153214737785,0.07861315081807534,0.0994119961242801,0.0866716597231632,0.07482675238232912,0.12347265655424133,0.09855629746387602
0.11834558388815741,0.12733937617264565,0.20760661710328812,0.0773724645935282,0.11521700458209023,0.07829248068250633,0.08463173033145434,0.09131479322244358,0.09987994942388606
0.13148376401017325,0.09414310511471281,0.1585805394227283,0.08986549794409704,0.11995236581535094,0.12457457793043906,0.06721016634489128,0.10268693229493127,0.1115030511226761
0.11066409300659873,0.08098175762898031,0.26876447953185406,0.07385828451397337,0.11860412606352928,0.0746157465895305,0.07447490567045455,0.10711494177452519,0.09092166522055406
0.07374444087085254,0.10136369898992335,0.2213629092127091,0.09788325185262008,0.09792915105724707,0.10721041497631802,0.09305574331475208,0.09387550843634736,0.11357488128923039
0.13991503413885162,0.08227835534060075,0.27270845773169,0.07312821007312982,0.08638601421710827,0.11404009416253554,0.04717258333635443,0.08240275732740719,0.10196849367232237
0.11581816592926847,0.14516565378599905,0.21921559681230982,0.0761918202952359,0.09389653610200345,0.08732164140708686,0.07992420376142033,0.08631038137603307,0.09615600053064309
0.12731937362401796,0.18417239462915938,0.12573290974949797,0.07242670405510465,0.1323439802696733,0.0990680250328715,0.07409793313911799,0.08498454262814147,0.09985413687241577
0.10058755989567227,0.08742194080339864,0.20183960181367833,0.08087745467872974,0.14100761732339048,0.08786667536099045,0.09816915793548657,0.09524023005422717,0.1069897621344263
0.12105577250628204,0.08441331448395234,0.1817548606914352,0.07432910660731135,0.12800903326152577,0.13716552781903268,0.08336670300493713,0.09009297383710672,0.09981270778841674
0.12526618276778542,0.09441781462859515,0.18905205053314544,0.08273042915661752,0.1418255675746043,0.07036803829660863,0.059191661983027756,0.12935908319558367,0.10778917186403209
0.1005941623298005,0.13255081776735564,0.11561698515324485,0.08018696171433352,0.11529295232250918,0.11528969248417499,0.13572565724169058,0.09194987426074112,0.11279289672614974
0.1230368503871131,0.08996718600062958,0.23150265386672045,0.07900110154645947,0.13268132060526974,0.08717102584185864,0.06494434628516453,0.09057776756807123,0.1011177478987133
0.1148845559398441,0.08384654082784475,0.16890992036412977,0.08917178606534774,0.14684493455151568,0.1201943768695829,0.0894961286124492,0.08929224828618558,0.09735950848310038
0.12352188268236325,0.08395302950086221,0.21624142726767467,0.08344857815918998,0.1482318245644245,0.08524327710375741,0.07731623121000492,0.08437958715908432,0.09766416235263871
0.12264681804330531,0.09536274974010482,0.22213563782361487,0.0836264357045345,0.10571883586620716,0.07586662905000058,0.0871507469341956,0.10087134758890955,0.10662079924912761
0.11725436011263309,0.1197635524889391,0.23206181882858257,0.07789378310583304,0.10059644017236487,0.08639128356917376,0.0761021795919234,0.09105291429076219,0.09888366783978797
0.10214642313675097,0.0739418672655711,0.3013063852307601,0.08587689696065408,0.08825319298271966,0.06261658680200825,0.0971720832548935,0.08533409631132209,0.10335246805532027
0.10899703813669852,0.09667161222677488,0.29670232080625625,0.06398793522455136,0.07668557547829664,0.07657931087315276,0.08797235926575826,0.11156453616878415,0.08083931181972721
0.11704265433756679,0.07772874542578743,0.23860456281808817,0.08526937465718927,0.13578220969264926,0.08015705527037613,0.08747858982363399,0.08306606236890156,0.09487074560580744
0.1028103500747648,0.09144681578153613,0.20572880401152419,0.08133175521770071,0.09978413671679524,0.12293810198250694,0.09215036854912335,0.095718885737012,0.10809078192903658
0.09691835950862897,0.06979065438806382,0.30734182135994154,0.06976272601031341,0.08518530412945119,0.10032180154001426,0.09631765892781581,0.07902671584094159,0.09533495829482945
0.13202471933631243,0.0939510093324224,0.21728396710898742,0.10007923503451899,0.10235011362729755,0.08485964207159984,0.06150668705488024,0.09857131837048827,0.10937330806349288
0.11575795268969497,0.08374841021537234,0.2744936212501668,0.0783766403117293,0.1094648384729162,0.0726737589077907,0.07916604899484304,0.08904463190477542,0.09727409725271119
0.11846159194981803,0.08760818001755173,0.24583435548657598,0.08173178896492707,0.1070375163766326,0.08685604232667847,0.07369578653666488,0.09650713769655382,0.1022676006445974
0.12052828074527888,0.0934257792895931,0.17294360461481764,0.12385239162134075,0.08699362319903316,0.12065707262300625,0.07845650305165908,0.08973767982042241,0.11340506503484869
0.1112253004772646,0.06841510583774162,0.26167820815496573,0.08879367576655177,0.1624945708236068,0.07720839198088496,0.04799756800031888,0.09918473188213632,0.08300244707652943
0.11846159194981803,0.08760818001755173,0.24583435548657598,0.08173178896492707,0.1070375163766326,0.08685604232667847,0.07369578653666488,0.09650713769655382,0.1022676006445974
0.1270806367904283,0.08023359034753062,0.16290991963626864,0.09540604611381769,0.08165152574207657,0.14295142208998715,0.08225318420304557,0.1313373785351555,0.09617629654168995
0.11339946322595978,0.12022885746944945,0.2738773626295376,0.0793313620887025,0.08589611390356512,0.07418694397155821,0.07933189089895176,0.08153104092569761,0.09221696488657788
0.11898178531886965,0.08571890407877876,0.17537207234329055,0.08050510045765756,0.1374413892489275,0.12444043947093897,0.07126132976279771,0.10927990182042031,0.09699907749831903
0.11437251455582938,0.08972634591012524,0.2867224968778545,0.08110314277544879,0.09385594902324579,0.07353465318049542,0.07592732954170357,0.08848434369738357,0.09627322443791368
0.10223086861343123,0.09318278776855947,0.2159031906514611,0.09909211214347546,0.10611418942453832,0.08193604920328418,0.09157918605221586,0.1002789446561486,0.10968267148688578
0.1331917556476788,0.09373819272190925,0.1859975860545453,0.09858100485559956,0.11480056875956107,0.08455407756748844,0.08763222567128648,0.0942522126466694,0.10725237607526172
0.07775312215284337,0.07522336353654822,0.3501536099338671,0.07230803988740556,0.0907180716356556,0.08352410712326978,0.0604264309060916,0.08682033706218241,0.1030729177621364
0.12075374004582444,0.08977327929791373,0.23335612137959372,0.08360543699228995,0.10755116487782679,0.08294971081018641,0.07853146742843187,0.09886126695851717,0.10461781220941592
0.0980496053026483,0.08785170422013,0.21866756448503843,0.08117876892629024,0.14375732238940914,0.0816001491202531,0.08575367321923068,0.09679246004985122,0.10634875228714885
0.111076847158229,0.08070821313685415,0.2823624563557372,0.07302545142463858,0.09458802677590727,0.11847731573792435,0.05550840361968918,0.08925044864932168,0.09500283714169859
0.1396607081468456,0.0949356118743356,0.1102637009968943,0.14675865631109705,0.10569619477877763,0.1206125057041541,0.06352825014380924,0.11021166892486255,0.10833270311922395
0.08712666188230843,0.07273408371186134,0.26602780698092177,0.06836777669132466,0.09342033590771474,0.09999070609260065,0.08729379724438559,0.1266446736712085,0.09839415781767437
0.12309813934766996,0.07954814835875605,0.2873012353503197,0.07974571004137633,0.08480171471766033,0.09668545438587084,0.05262683109346944,0.10110757593257991,0.09508519077229743
0.1402160093546708,0.08913994161522149,0.21749170001970744,0.10486515508754492,0.09902056803654741,0.08694232321445895,0.06088963641034064,0.0925924046673212,0.10884226159418718
0.11607544078860337,0.08067663937393652,0.22174103587269167,0.06661370345082926,0.08099196305191396,0.19199736245724408,0.07416937048339971,0.07745182359930891,0.09028266092207254
0.09162407306129894,0.09062158144022796,0.173009903421927,0.08977956628844441,0.10580418649835048,0.11558113779106712,0.081222294553385,0.12630063862960988,0.1260566183156893
0.12237391921246099,0.09327749487485182,0.243260770341748,0.08386707853514563,0.10739802848358049,0.08044796444754718,0.06253602182692942,0.10054305366412088,0.10629566861361557
0.1184519115596284,0.08460104113168242,0.20078509310568574,0.09328445480327822,0.11328466208182665,0.11447166354844808,0.08396930936463087,0.09136226454542773,0.09978959985939184
0.12488328223851493,0.09622102450814123,0.21550505600544248,0.0987790808066132,0.09759067606659494,0.08126094870074324,0.08775559637725165,0.09400005797791681,0.10400427731878152
0.12755752244288762,0.0807543443519509,0.26348947584228233,0.09397427791177256,0.08092547242030883,0.11926900983572819,0.05837159632681097,0.07975180901217721,0.09590649185608141
0.11913709804419927,0.07359766421382882,0.3627634820173875,0.06616136101461176,0.08204913094061499,0.050138240366230595,0.07187202211047768,0.0810452868359102,0.09323571445673916
0.13962792039425156,0.07963604077928423,0.25560201271907573,0.0738539337519052,0.08889852733537518,0.12769128202902102,0.04966711564393672,0.0827790156795632,0.10224415166758712
0.12479376084180753,0.11972280873046591,0.20651916529599945,0.07621891578954595,0.11262309803932681,0.08672240157957374,0.08303255557319576,0.08934508117324878,0.10102221297683595
0.10398047997996612,0.09266111523431438,0.2992051615766164,0.08870357641142218,0.08530343457868554,0.07956094962794358,0.06135830778360338,0.08692819540758584,0.10229877939986255
0.11886538498708954,0.08919156641936159,0.2645024902170912,0.08379595842765471,0.0944413905431908,0.07018957466666664,0.08664551795337627,0.0920517522810836,0.10031636450448561
0.11776883420219701,0.08320821311249009,0.21115017142280676,0.07768485025923841,0.12798241314119427,0.08407943917617838,0.08403649117556117,0.11543264727340159,0.09865694023693229
0.08332928608428068,0.08392897805203942,0.2082997026331722,0.08665259693867271,0.15243874671484367,0.10095487364474968,0.09338519586448672,0.08697529634921027,0.10403532371854456
0.10197425751014684,0.09020992182027322,0.21121781911682316,0.08042049699941194,0.09882513682883853,0.09753648375527435,0.08987920939106968,0.12409001990725867,0.10584665467090364
0.10891928109937614,0.08409324125854488,0.3478210648282059,0.07289692921934053,0.06356777260554991,0.08911323040751289,0.08809673296276317,0.0651830908413696,0.08030865677733688
0.09806101214595704,0.13766312359866675,0.09442737322136781,0.10036602332623588,0.14094684638411215,0.1396890800301358,0.11187778987330362,0.08698929487188001,0.08997945654834087
0.1174162929290797,0.08025652553558042,0.1909456292394207,0.0898855510521377,0.17000475092729353,0.0788555158709704,0.08814879538990195,0.08710980325195018,0.0973771358036654
0.12080299186466996,0.08805496823121038,0.23931181393756493,0.0905575421493272,0.10281552052192626,0.08790678540495411,0.07543513329447503,0.09344645315326354,0.10166879144260865
0.11433139840237865,0.15433424115544314,0.28347453965154606,0.06442429806766571,0.07786270551962161,0.08288669273382031,0.05976937146859832,0.07446060827642859,0.08845614472449752
0.1155663863681049,0.0910764600003638,0.19509599322475216,0.08260033583533527,0.11782896201022257,0.08778310516076326,0.06335997735007444,0.13023252076449984,0.11645625928588375
0.11948168926438711,0.08877050610875208,0.20156731157621724,0.09339618639567569,0.13458921162781898,0.07669791445279402,0.0896574408489823,0.09391660240170614,0.1019231373236665
0.10197341708291623,0.09581343734779602,0.15010630158677904,0.11112953259502507,0.1544507917075856,0.07415647442235461,0.10859766659672394,0.09601796128529365,0.1077544173755259
0.09911416378274009,0.07940643232078183,0.25598650888589364,0.0754367414979548,0.09411318508445347,0.14516860781783678,0.05845600336325168,0.08870632207512186,0.10361203517196584
0.12042383743630915,0.08396085870436314,0.20468062423742772,0.0984994871167421,0.13025125094264944,0.08189932644746169,0.0893130383557262,0.09061487024202826,0.10035670651729234
0.11965445328187607,0.08963063915521159,0.23999860298098522,0.08231091284684622,0.106656222428941,0.08308494483945675,0.07738721150722837,0.09775999878303025,0.10351701417642452
0.11609118423084941,0.0776536216122014,0.12905184051538798,0.09034141105945037,0.22014179374226553,0.08351712789910931,0.1089704703937409,0.08093360565907874,0.09329894488791628
0.11846159194981803,0.08760818001755173,0.24583435548657598,0.08173178896492707,0.1070375163766326,0.08685604232667847,0.07369578653666488,0.09650713769655382,0.1022676006445974
0.12487534890993753,0.1501743293472987,0.201600513872532,0.07495373287418236,0.09449511156255591,0.08567206769253445,0.08402395992410322,0.08525165382062681,0.09895328199622899
0.1195248914779905,0.0841055666585755,0.20050658587030337,0.09386902953743011,0.15269518780434857,0.08409586034393024,0.06906871526398221,0.1009307093592886,0.09520345368415079
0.11256293712447447,0.06731058156853988,0.2664037698551798,0.061408833583993704,0.10612208784452164,0.1589146610345434,0.0717842548280558,0.07038667988837122,0.08510619427232012
0.11868270762107806,0.09059781072685973,0.20122255486747062,0.07970027694922842,0.10077217872027404,0.12475823961897103,0.08465751209787449,0.0969304668015148,0.10267825259672886
0.12020910299744482,0.08019532676338394,0.16108210756175181,0.07369450054750824,0.11129355020623705,0.1218996886513423,0.09729943705383816,0.13894176789870732,0.09538451831978628
0.13930100748438243,0.0878993821421042,0.2646488013978327,0.13365430141302026,0.08757812977417312,0.06583458899432154,0.067155706338912,0.06423368766679566,0.08969439478845805
0.11287493899654966,0.08201254322829461,0.18522814247026434,0.06744613427049595,0.10333691941167057,0.16217624826002977,0.06709924992724436,0.13154097015211505,0.08828485328333562
0.11846159194981803,0.08760818001755173,0.24583435548657598,0.08173178896492707,0.1070375163766326,0.08685604232667847,0.07369578653666488,0.09650713769655382,0.1022676006445974
0.10368921692990733,0.06846118454246224,0.3202464334277016,0.06086749853568929,0.09869153590094636,0.07616784993893315,0.07116449041555051,0.11967085484422847,0.08104093546458102
0.12139035476619815,0.08336537974669206,0.2312276821611594,0.09449896689191566,0.09818319547095723,0.08732808672304872,0.06512556343456437,0.11760172139305924,0.10127904941240522
0.10018539112256074,0.07922041649112851,0.27275823525372966,0.0894321289886788,0.08953566331161882,0.07449393288100949,0.08224433583880632,0.11220755250784921,0.09992234360461844
0.09400304960013543,0.06975285026791882,0.3176332415679814,0.06854650297942938,0.07473005896615838,0.06108410647110076,0.09061576188654326,0.13351794705465264,0.09011648120608001
0.1303132110101487,0.08339692154169019,0.23014893062604766,0.08098226005680631,0.10405938395904907,0.08956699960487476,0.08219250618391467,0.09353300816891831,0.10580677884855032
0.07510797601423688,0.10735896625349844,0.2782537972330467,0.09073473499705043,0.08367376820420502,0.0870419383649092,0.0936802709389259,0.09372023989082039,0.09042830810330708
0.10758181679577966,0.08989824823613517,0.22693486066722923,0.08286677147937521,0.10131361584892545,0.0940244590542968,0.0900787606697226,0.09478865596835419,0.11251281128018166
0.10384530022838234,0.17414172200121492,0.14997452662533708,0.12377467547902983,0.09400031036850896,0.06099099422334233,0.1107631630494635,0.08205130240067043,0.1004580056240506
0.10692715511727231,0.13194594277139546,0.20652247092642775,0.06269618953849411,0.16088847183785504,0.08285843790282699,0.09997774035749522,0.0671907043262396,0.08099288722199349
0.12418897692511639,0.08669938935498718,0.23525842170942543,0.07943101118407304,0.09818976040018385,0.08735694931204131,0.06482903950665764,0.12163119092394938,0.10241526068356573
0.09675786801299403,0.09305241511409473,0.20570276369529758,0.07931760855076675,0.09739202234799522,0.1449963717339102,0.08676488986219481,0.09225584222288434,0.10376021845986232
0.11750963586975943,0.07314386735419011,0.299252958609969,0.06446914234037926,0.14231278877421324,0.053335614673846926,0.08242154490236517,0.0768464576842662,0.0907079897910107
0.1292332967842231,0.09806302323995442,0.16300783593710855,0.09411837926799826,0.17461824674158288,0.07660489578170758,0.06668852614616627,0.09269813916442955,0.1049676569368294
0.12472494839706973,0.08962466508513288,0.23784540135552992,0.08142269439532777,0.10207992694060931,0.09029824802925278,0.07720758941489396,0.09355363216048641,0.10324289422169726
0.09969481384710609,0.0893933221539862,0.22511368651297273,0.08295188163099038,0.12467905880251469,0.08426234618580251,0.08712569883002978,0.09859511891260236,0.1081840731239953
0.10906691955317183,0.07739792172801367,0.3336148496906967,0.07110921690441736,0.09209503672090612,0.06408525539431907,0.07229855763482253,0.08729153696728985,0.09304070540636282
0.12134024587368071,0.0870590055057115,0.15528595122520858,0.09081262128660822,0.16683133422684315,0.11840383964602023,0.0696899064714103,0.09020005465040028,0.10037704111411705
