0.15938662477824084,0.11554372440664334,0.10668300252161032,0.09288295658562022,0.11012398335419345,0.14099080920697288,0.08143500193331989,0.08158377251808965,0.1113701246953094
0.12972151202219284,0.13453462682354403,0.1052487491987427,0.09726489936416188,0.11183130621042618,0.12527160848252208,0.08480775402933423,0.09854508258444912,0.11277446128462691
0.12640238590961256,0.04518311395912156,0.11411311927981467,0.22043567208084233,0.11605393119947476,0.13125797410011894,0.06706249618935455,0.07187614407586518,0.10761516320579552
0.09299083552090785,0.13797991751582353,0.10305142924769806,0.1125708167630635,0.11434063468925143,0.10393091993300015,0.09218237965940783,0.12947414018153588,0.11347892648931167
0.07394632398329876,0.12224206737792348,0.10034375322279428,0.13419703210633105,0.11475788806919918,0.08976597031081252,0.09686181537333301,0.1560644841126225,0.11182066544368517
0.13062083642398303,0.1341267157776823,0.10529080864408509,0.09706768396528513,0.1117721642101356,0.12575506813593265,0.0846710056474862,0.0979594853645982,0.11273623183081179
0.05081674881589937,0.03322575189743292,0.08595973926047067,0.2970587840766792,0.10631012783956284,0.0401371256469384,0.08915385219205542,0.20368632071067286,0.09365154956028836
0.10670461190256893,0.14028919528061765,0.10405916309911306,0.10465204110556466,0.1134336690880439,0.11241003533211934,0.08903247262330148,0.11591689578389401,0.11350191578477707
0.19415012758922456,0.08161859803083286,0.10878263505675505,0.09107908880331211,0.10875022996329686,0.1599434116071995,0.080692396085964,0.06541408761196688,0.10956942525144812
0.0740377650586024,0.12236954523553989,0.10036436012830278,0.13403911015523592,0.11476198136659345,0.0898454765460135,0.09684161982959079,0.15590267626371143,0.11183746541640982
0.03280128363849045,1.4397119998709086e-05,0.1736442215140275,0.21503442978157142,0.0608016118388216,0.004296558510866255,0.33078167369305117,0.035574651097950716,0.14705117280522217
0.10067090981549864,0.1399435312752865,0.10366369110818822,0.10766916685066719,0.11385198977262712,0.10878951070930144,0.09036564375188331,0.12148810731584407,0.11355744940070345
0.11844965474809326,0.13856961090883937,0.1047049349878373,0.10023921706077377,0.1126013092005519,0.1191147502173674,0.08670286593683796,0.10641328278162343,0.1132043741580756
0.12659691887734772,0.13585767784169397,0.10510167550892548,0.09799215823217096,0.11203972155868087,0.12358428913359294,0.08529947769228606,0.10062464784744346,0.11290343330785842
0.120368508229224,0.13803247265643534,0.10480080650092888,0.09965945011268824,0.11246706366264181,0.12017806898956311,0.08635657159374882,0.10499815287655832,0.11313890537821152
0.10137715548910868,0.14003391185708794,0.10371317570106915,0.10728292107669228,0.11380404408215662,0.10922113314298497,0.09020505016721263,0.12080712977050673,0.11355547871318106
0.03033912918903837,1.6532567668151514e-08,0.10714050172475742,0.4032395947896125,0.08918568886689,0.011403278961943623,0.18019936938521072,0.053268909738568536,0.12522351081141117
0.11207046019761989,0.13985926485570702,0.1043695404291765,0.1024319881957883,0.11305290010535524,0.11552038863203691,0.08792367589070771,0.1113805575099892,0.11339122418361913
0.08901077531470399,0.13615333377156127,0.10266349143276714,0.1157331744875637,0.11455593756667422,0.10126887896356605,0.09316610231318741,0.13410171039802188,0.11334659575195428
0.15174843349227435,0.12143785763059327,0.10629320927191756,0.09366585626171979,0.11051217367936965,0.13695602180165525,0.08207640790623168,0.08556125389223801,0.11174878606400045
0.15087729545928383,0.12206908768999604,0.10625006709720898,0.093767665698217,0.11055879042545573,0.13649661001030647,0.0821597321284271,0.0860291578628366,0.11179159362826835
0.1100344015451275,0.16664817928152234,0.10663010722994275,0.10928239037345892,0.1145724883949228,0.11607747644562932,0.0669787882513239,0.10031478758074079,0.1094613808973317
0.1833168924031305,0.09329777447774952,0.10807023656446628,0.09141421954607613,0.10912742546587868,0.15388156718350773,0.08051489993643306,0.07022087520644255,0.11015610921631547
0.11179726025619745,0.1398963699421839,0.10435446215104616,0.10253601431465335,0.11307233314899766,0.11536413522963795,0.08797833525366633,0.11160308628943176,0.11339800341418538
0.1086150257023697,0.14021023685674086,0.10417336404259357,0.10381705217353128,0.11329850097536769,0.11352789900505543,0.08862923687727642,0.11426045048542947,0.11346823388163564
0.16334989087033944,0.11224072188010298,0.10689444127352954,0.09254682311048723,0.1099369574388352,0.14309331416671692,0.08116627221586181,0.0795995933032352,0.11117198574089161
0.16961307034290643,0.10669827570696178,0.10724293017719166,0.0920997853252863,0.10966064240478472,0.14643645119838503,0.08083328013229953,0.0765584073489912,0.11085715736319324
0.05897552001602805,0.09016225803035198,0.09432697384670224,0.17598258154019286,0.11156250439932973,0.07353556199877263,0.09810665434298804,0.19108615786127894,0.10626178796435548
0.08379072090435667,0.1327387260501998,0.10204744882995266,0.12074915620784032,0.11476908604900349,0.09758161090125966,0.09447933217762483,0.1408040245322241,0.11303989434753846
0.157148316892814,0.11733649496091485,0.10656648683980881,0.09309300551378093,0.11023392567823309,0.13980664094110964,0.08160625470099558,0.0827272758965476,0.11148159857579558
0.10831831636486172,0.1402280460630698,0.10415591871277678,0.10394333688912638,0.1133195391729659,0.11335508370461223,0.08869125430744136,0.11451459711499375,0.11347390767015209
0.12746684540127756,0.13550426755298842,0.10514280192326612,0.09778290185696305,0.11198125410879944,0.12405532056717904,0.08515998508246965,0.10003846079553241,0.11286816271152422
0.09395424614392205,0.1383327897076492,0.10313699064407396,0.11187652198559933,0.11428369754954876,0.10455893277882167,0.09194801122542585,0.1284084943801158,0.11350031558484341
0.09354274290874993,0.13818610421714986,0.10310080262010406,0.11216994765389783,0.11430821259079177,0.10429141306157637,0.09204791569910432,0.12886121906659473,0.11349164218203112
0.09026602739852241,0.13679632939105668,0.10279235317727577,0.1146812539876396,0.11449195152285073,0.10212091232567988,0.09285346625317248,0.13260114632023623,0.11339655962356616
0.04332233540731135,0.09219881825929789,0.10461919285993276,0.2605851493277788,0.10698081258276414,0.06472286376577814,0.1533735393595568,0.07921866594224015,0.09497862249534
0.05653053092672481,0.1267111078383605,0.11177563171808057,0.17902715459524912,0.11017039406881414,0.08114627152969071,0.09379296189052888,0.09591431221297735,0.14493163521957395
0.12045997245635016,0.1380052449193984,0.10480533107522523,0.09963264721320458,0.11246069072810028,0.12022857269391303,0.08634030746575716,0.10493154098133735,0.11313569246671379
0.07023833485428602,0.11649579941762615,0.09939862319560899,0.14131369290858828,0.11449401527319653,0.08639675884438656,0.09761597609930613,0.16302902886110346,0.1110177705458978
0.050035888420248364,0.053550283428221844,0.08476268973265355,0.22926305841055913,0.10361285965802258,0.056591378856861586,0.09346833503033404,0.2312024219950076,0.09751308446809133
0.09562687312414837,0.13886884561133758,0.10327890217841047,0.11072977372638133,0.11418131891816481,0.1056356425266952,0.09154519451810154,0.12660462372354075,0.11352882567321994
0.10309031017852287,0.14019627226021225,0.10382941512694965,0.10638439459561051,0.11368640888709107,0.1102590360359389,0.08982041432119166,0.11918836122449082,0.11354538736999224
0.07832706040985139,0.12766817596752703,0.10121546270803262,0.12741228215825995,0.11485505380786075,0.093413189373185,0.09583944778374769,0.1487746904488333,0.11249463734270217
0.19415012758922456,0.08161859803083286,0.10878263505675505,0.09107908880331211,0.10875022996329686,0.1599434116071995,0.080692396085964,0.06541408761196688,0.10956942525144812
0.14032457294232112,0.12900520311219676,0.10574343110440383,0.09524039583957326,0.11116098981739275,0.13092532320957165,0.08333160195019122,0.09196907690363787,0.11229940512071153
0.07239096893990711,0.11997233709697086,0.0999746176653401,0.13700576940990153,0.11467181160953903,0.0883885409944768,0.09719492068295306,0.15888693624846512,0.11151409735244637
0.1531607059841169,0.1203963322994671,0.1063636811189629,0.09350653424318212,0.11043761919631574,0.1377009869723649,0.08194571882178624,0.08480923013787456,0.11167919122592958
0.13956588838724834,0.1294510172719087,0.10570784790755261,0.09536523195797798,0.1112068816183611,0.13052344217848885,0.08342732677057095,0.0924174962748977,0.11233486763299387
0.07124265937785813,0.11816828051340973,0.09967754522716482,0.13923880859002055,0.1145862660593861,0.08733917130595181,0.09742615076790122,0.16106058633887513,0.11126053181943259
0.07092761911364613,0.11765337359873752,0.09959205647823917,0.13987696648653417,0.11455917058448041,0.08704611193818541,0.09748703723921404,0.16167108823323892,0.11118657632772411
0.04955325116543551,0.0732091688717091,0.11932025784532242,0.2338627676232984,0.09727983860401661,0.06612546863430709,0.12434398905012427,0.07786583919097136,0.15843941901481526
0.16419361767650997,0.11151678141775372,0.10694033927237584,0.09248083546023055,0.10989838346510152,0.14354206011801773,0.08111481644126985,0.0791834711737588,0.111129694974982
0.10570716374396172,0.1420453726975574,0.11341087565299586,0.13181123007437917,0.11993129614193565,0.11884140770599078,0.06956657232141272,0.0910218316340189,0.10766425002774777
0.19415012758922456,0.08161859803083286,0.10878263505675505,0.09107908880331211,0.10875022996329686,0.1599434116071995,0.080692396085964,0.06541408761196688,0.10956942525144812
0.08396695100483224,0.13287509220990631,0.10207069714367456,0.12056076918339227,0.11476359801082474,0.09771031686204791,0.09443489825229412,0.1405644492269449,0.11305322810608297
0.19415012758922456,0.08161859803083286,0.10878263505675505,0.09107908880331211,0.10875022996329686,0.1599434116071995,0.080692396085964,0.06541408761196688,0.10956942525144812
0.06298451676854987,0.07693517592732992,0.1238634847580236,0.19070977214950702,0.12443268690851104,0.09496615360493188,0.16477204187741892,0.06411504468259505,0.09722112332313272
0.0773114312705397,0.13875597884125626,0.1102020625937125,0.1735092337229557,0.12141116062633146,0.09701659472693071,0.06552520138436449,0.11056495059514197,0.10570338623876711
0.23600930488497954,0.07859508645440466,0.19815943342039877,0.08196038297840101,0.1043394795860475,0.054957512702572826,0.0825667598765892,0.06864733813164524,0.09476470196496119
0.049619803365611725,0.044521536232294316,0.13274244482289685,0.20977756927363223,0.09869199322262386,0.08358114792632854,0.171212862953927,0.042232962685778495,0.16761967951690704
0.06508240915857162,0.07830437567895511,0.12460587767732323,0.18609228628452482,0.12512389386536302,0.096654041896492,0.16147785840872597,0.06487389000087308,0.09778536702917125
0.157148316892814,0.11733649496091485,0.10656648683980881,0.09309300551378093,0.11023392567823309,0.13980664094110964,0.08160625470099558,0.0827272758965476,0.11148159857579558
0.10010820895867782,0.13986143240193036,0.10362356656789318,0.10798382775414173,0.11388992711085462,0.10844397913954174,0.09049442856358524,0.12203657539698842,0.11355805410638688
0.09361251923955062,0.16781261998598476,0.10756170770023371,0.1259655214651169,0.11731836227886361,0.10710478511665504,0.06396095667177455,0.10799338038958357,0.10867014715223722
0.1143697191342834,0.13510535861248626,0.11431815297895254,0.1268745225162757,0.11951447401324972,0.12482555960745119,0.07175277062259995,0.08567158147848604,0.10756786103621518
0.06221166173150166,0.09937944374616979,0.09627035863875665,0.16330756817315462,0.11289376209700547,0.07778259683549747,0.09841889820084142,0.18161396981442132,0.10812174076265173
0.0316849675913735,0.03332001835430687,0.09863933857187744,0.26789742477039474,0.09780233597453954,0.0554979900300741,0.28510025767996,0.04421799653424644,0.08583967049322731
0.12750122640687098,0.13549006039112768,0.10514442410073259,0.09777474163387985,0.11197895019606201,0.1240739157162374,0.08515451315209727,0.10001541015737352,0.11286675824561877
0.07209613151988813,0.11951983072175643,0.09990044211049516,0.13756559853581968,0.11465174626799773,0.08812184852724547,0.09725560108567448,0.15943748936322447,0.11145131186789843
0.15574058346711506,0.1184365279573708,0.10649421704131812,0.09323306626218615,0.11030468661037017,0.13906280525918777,0.08172108922847385,0.08345550771295578,0.11155151646102233
0.12688098097121323,0.13574356464960524,0.1051151225007876,0.09792323613806685,0.11202059361534766,0.12373821052751603,0.08525370859447194,0.10043260990259667,0.11289197310039482
0.09853665222593018,0.1395833816435121,0.1035080152792404,0.10889660668843408,0.11399447881447479,0.1074709297626255,0.0908579369438695,0.12359703363215054,0.11355496500976292
0.104488766373505,0.16820350840828743,0.10701142395962722,0.1139852488444132,0.11550832935320655,0.11324150025177315,0.0657456768957617,0.10259563964721581,0.10921990626620988
0.05392254759879056,0.07213564223334884,0.08993439505061306,0.20236598606477188,0.1080716718033422,0.06535991294581166,0.09624178568100171,0.20986681843054297,0.10210124019177709
0.07228421374692696,0.11980933289984814,0.09994792243503581,0.13720742250905196,0.11466469238446175,0.08829219001253415,0.09721699086611663,0.15908569144516962,0.11149154370085497
0.10063626306836411,0.13993873664781317,0.10366123871745996,0.10768836190810023,0.11385433263317783,0.10876827795503397,0.09037355210997487,0.12152172525532523,0.11355751170475063
0.08748985211902054,0.13528601078220018,0.10249822839159793,0.11708219285063305,0.11462766095635911,0.10021966639563952,0.093547159308361,0.13597454807695755,0.11327468111923122
0.10768026882429159,0.14025949288535644,0.10411804908648059,0.10421907790634173,0.113364729548518,0.11298247484669809,0.08882537861546765,0.1150649616135258,0.11348556667332003
0.16239274500096698,0.11305323055849974,0.1068427561203689,0.09262398973925108,0.10998124001450764,0.1425847698656413,0.08122710162348112,0.08007425037619119,0.1112199167010921
0.16858456982972844,0.10763477559346035,0.10718445046130724,0.09216665487788572,0.10970445737517248,0.14588540260397634,0.08088013249209107,0.07705055136984784,0.11090900539653066
0.11086222325152988,0.140011426730811,0.10430232414753388,0.10289896140612224,0.1131388440680094,0.11482774280619089,0.08816687554297682,0.11237125928085508,0.1134203427659708
0.11602797171743444,0.13915179159175328,0.10458098988975857,0.10102105564791282,0.11277200553771,0.11776172134370498,0.0871537440019954,0.10824941882126775,0.1132813014484627
0.11066666695198264,0.1400331275899955,0.10429131222147081,0.1029762472551453,0.11315275211613023,0.1147152386771468,0.08820659388745851,0.11253321937968747,0.11342484192098277
0.11146445644324311,0.1399394495284287,0.10433600063695937,0.10266396031085458,0.11309600690352485,0.11517350736199973,0.08804518162600734,0.11187532796327897,0.11340610922570334
0.034824514171239364,7.488963623442724e-16,0.13291381897333737,0.3403377955593685,0.08570806408021735,0.0027441268084388106,0.15801842447430314,0.04600342768573967,0.19944982824735505
0.10207760752903412,0.063758932822799,0.11844513162588594,0.20477878256312998,0.11919354584987822,0.12215892821703134,0.09896725096719562,0.06894241449013237,0.10167740593491337
0.053095627747362574,0.06864176405143568,0.08899845969736152,0.20759470324687176,0.10727711112341178,0.06375256308785884,0.09573411891493765,0.21366782465161838,0.1012378274791418
0.045068039520617977,0.10160081877839955,0.09771636414639795,0.2597869398309982,0.11052593064641014,0.06274896162389386,0.12272299693052774,0.10732264187791579,0.0925073066448387
0.14764421547616283,0.12433558389318222,0.10609196591878141,0.09417021381865513,0.11073597830429256,0.13479172076112236,0.08248696422213475,0.08779384074495873,0.11194951686070993
0.1131173976788258,0.1397027280351323,0.10442670563750091,0.10204156174281541,0.11297845355810737,0.11611726722392186,0.08771601303991272,0.11053564343519096,0.11336422964859268
0.17880150369875558,0.10302866548728327,0.11042004750953101,0.09659121989399884,0.1106559418141256,0.15477896576377762,0.07450656984490368,0.06496920204949917,0.10624788393812523
0.17083949860508607,0.10354029889877804,0.10712043549164209,0.09700322618187274,0.10893562873208552,0.14730116261585402,0.07979254707481048,0.07525307519708273,0.11021412720278827
0.09346490124287961,0.13815768305091813,0.10309389774579482,0.11222597389251128,0.11431281773562381,0.10424068731672516,0.09206684822638511,0.12894726615939886,0.11348992462976319
0.07206705649873814,0.11947481204817827,0.09989305072542802,0.13762130090780744,0.11464969851638089,0.08809544836376881,0.09726153807041622,0.1594920593574967,0.11144503551178557
0.1839841965620359,0.09260404258457744,0.10811275448750346,0.09138920181445603,0.1091034531285295,0.15424989429512925,0.08051445518136634,0.06992083780251629,0.11012116414388572
0.10816379409636902,0.1402365233235207,0.10414679237401214,0.10400958934900817,0.11333049000905711,0.11326496949825614,0.08872364124574461,0.11464740043193826,0.11347679967209377
0.05638352781763966,0.10642447072675909,0.10368799485645165,0.19483059010994372,0.11143783146733655,0.07474158848707187,0.08805116978312567,0.1382608302577389,0.12618199649393283
0.10764352742564574,0.14026101657995152,0.10411585331499608,0.10423513215388934,0.11336732946941136,0.11296097698610941,0.08883313361978161,0.11509681531497329,0.11348621513524165
0.19415012758922456,0.08161859803083286,0.10878263505675505,0.09107908880331211,0.10875022996329686,0.1599434116071995,0.080692396085964,0.06541408761196688,0.10956942525144812
0.06818899775883501,0.004772244464424144,0.1053343489347776,0.3974872476116455,0.11196663916518819,0.07245214578749169,0.09968286882785528,0.045627254832650954,0.09448825261713151
0.10905060888601066,0.1401804709404528,0.1041987905800688,0.10363385276901749,0.11326759301781086,0.11378108374223017,0.08853860068624897,0.1138893779567597,0.11345962142140054
0.06576240607047512,0.10784815205326521,0.09788780199720577,0.15221035429659108,0.1138305199348985,0.081866475108327,0.09826341706003294,0.17268363152167968,0.10964724195752473
0.0805330683155726,0.12992140499844243,0.10157969016513478,0.12451579541460145,0.11484226835056595,0.09514054993446895,0.09529636254606033,0.1454227648321601,0.11274809544299332
0.21741659535990784,0.08726456150161299,0.1456855969801835,0.08802326929763855,0.10971307627226805,0.09301524484474892,0.0825545377980595,0.07053063101782951,0.10579648692775112
0.07544255053677652,0.12424849785905268,0.10066695692742188,0.1317063505889912,0.11481271402227662,0.09104768931341356,0.09652416715213137,0.15347125465055525,0.11207981894938092
0.10386323688318011,0.14024395352556987,0.10388021756308474,0.10599597676844719,0.11363280816418936,0.11072328616091144,0.08964919770059714,0.11847281381585965,0.11353850941816046
0.025516599954788815,0.016133939100022227,0.07611096764611097,0.26354431812880424,0.09652332319594215,0.03772911550548203,0.3470805606482658,0.041315024679964826,0.09604615114061893
0.05718818196069376,0.08435366269346224,0.09299687189947302,0.1842907875586074,0.11056067314503325,0.070904443536295,0.09767180547082854,0.1970444365107701,0.1049891372248367
0.08598685846565564,0.13432876062469098,0.10232403774105392,0.11850222092697953,0.1146913376154526,0.0991633177422574,0.09392543570247482,0.13788782878222508,0.11319020239920997
0.11212211347922597,0.12729833943901273,0.11569790933945052,0.13310398879323806,0.12071834294466643,0.12463480041712845,0.07427982045473036,0.08478328198624423,0.10736140314630323
0.07533186007954146,0.12410574860306349,0.10064402926710063,0.13188400839130562,0.11480950623243391,0.09095423119949202,0.09654963324499566,0.15365922621548614,0.11206175676658113
0.07333708188837518,0.12137606626908796,0.10020343852241248,0.1352691671713266,0.11472796381248114,0.08923215617916941,0.0969947276259563,0.1571540457660168,0.11170535276517408
0.054093457013948944,0.11674258107339264,0.10848159704647327,0.19794883067179994,0.1085590055552101,0.07544176659392077,0.09067909358133423,0.10853969204305232,0.13951397642086785
0.1686188868163978,0.10760369249581182,0.10718639363067524,0.09216438412032309,0.10970298581849114,0.14590377467924628,0.08087851911537582,0.0770340868610236,0.11090727646265526
0.17458439612132234,0.10203094164315646,0.10753271833858902,0.091809407139066,0.10945695099927562,0.14911356524365063,0.08065114095525021,0.07421540537448656,0.11060547418520315
0.09597850330053748,0.13896957865120943,0.10330773377148339,0.11049769802070908,0.1141592852788861,0.10585989753206525,0.09146120667719258,0.12623259105805193,0.11353350570986476
0.025516599954788815,0.016133939100022227,0.07611096764611097,0.26354431812880424,0.09652332319594215,0.03772911550548203,0.3470805606482658,0.041315024679964826,0.09604615114061893
0.1402132461423674,0.10464349543314767,0.11693380523265932,0.1191070635190699,0.1183810836610762,0.14218598865419008,0.08064572706568862,0.07146170638261348,0.10642788390918739
0.10568232502351355,0.14029591172574327,0.10399611607408683,0.10512093020971387,0.11350563763239663,0.11180663443274245,0.08925204209924514,0.11682336535028835,0.11351703745226978
0.10943826588154121,0.1401503911513294,0.10422124002209888,0.10347297095024043,0.11324006610583943,0.11400590303620343,0.08845834638223282,0.1135611377011357,0.11345167876937867
0.19415012758922456,0.08161859803083286,0.10878263505675505,0.09107908880331211,0.10875022996329686,0.1599434116071995,0.080692396085964,0.06541408761196688,0.10956942525144812
0.05385864296167678,0.11765156066582327,0.11002412833134605,0.197111082922784,0.10810368520027148,0.07623481090745156,0.09273137043307765,0.10147325470435227,0.1428114638732169
0.06089711490405222,0.09582292611446526,0.09554421257312011,0.16812213925683053,0.1124181896695811,0.07612751623063264,0.09835557007884425,0.18528415159057224,0.10742817958190155
0.10579317890441449,0.14029641098697831,0.10400302217281643,0.10506931154048682,0.11349784876630459,0.11187224865230849,0.08922810578132877,0.11672437281276853,0.11351550038259357
0.16520794646689155,0.11063697673739044,0.10699594216093071,0.0924039705185427,0.1098525766490792,0.14408215288940948,0.08105565481240308,0.07868597509012777,0.11107880467522513
0.1562595090354616,0.11803352242821478,0.10652076921541755,0.0931807029656123,0.11027845677675063,0.13933692949936763,0.08167812032454948,0.08318622801481244,0.11152576173981348
0.19415012758922456,0.08161859803083286,0.10878263505675505,0.09107908880331211,0.10875022996329686,0.1599434116071995,0.080692396085964,0.06541408761196688,0.10956942525144812
0.07971850283410668,0.1291237469514022,0.10145015167256904,0.12554987401915743,0.11485092463356789,0.094510275868965,0.09549827937316806,0.1466379625156783,0.11266028213138535
0.050336557288127574,0.1233352140547162,0.10831641387246282,0.21723276341919032,0.11314742079484108,0.07441587477508388,0.1090029802199146,0.09603833207206118,0.10817444350360239
0.1892440746272468,0.08701419463589749,0.1084544818477432,0.09121353987082544,0.10891867610228417,0.15717557519564027,0.08056246830616337,0.06757597557746459,0.10984101383673472
0.05767666520785611,0.08004251685173917,0.09279208226626441,0.18967499846298566,0.11021912603552018,0.06955519675400505,0.09636947962756115,0.19917460450323055,0.10449533029083775
0.18853018402396135,0.08778514913644771,0.1084074464627454,0.0912352967492091,0.10894340067062501,0.15677605937105574,0.08055050731321876,0.06789235089830097,0.10987960537443597
0.08536928869127963,0.1683631705328057,0.10482577794025381,0.12767877350247367,0.11652970362803385,0.10006184377293138,0.06628262200073082,0.12141327576668516,0.10947554416480598
0.07208596537789841,0.11950409795608802,0.09989785927619176,0.1375850647941238,0.11465103169143197,0.08811261972324534,0.09725767793829303,0.15945656416959098,0.11144911907313675
0.15214793252544268,0.12114550684490845,0.10631307641328003,0.09362007653959831,0.11049095593549162,0.1371667290709566,0.0820388869308963,0.08534771276777588,0.11172912297165016
0.08238685016645554,0.13159508550396817,0.10185507092718667,0.12230404536591744,0.11480754285656387,0.09654447461196476,0.09483273054588616,0.14274912315942526,0.1129250768626321
0.048880582102637876,0.07517392894926864,0.12464539783482594,0.2161342395542256,0.09896578701144516,0.07592389643805086,0.13922642857112724,0.05711751590991767,0.16393222362850107
