0.1178467518606283,0.1466756321488344,0.07809947195234902,0.0956020262300088,0.11385883320053682,0.10008591415505987,0.12859214805243982,0.11588890280874954,0.10335031959139339
0.10548131600324455,0.15850022781100603,0.08677403028264437,0.09455729434161064,0.09336043142812482,0.10339613529205526,0.11415274939831098,0.1303934721733191,0.1133843432696842
0.11993382883048763,0.1174684780856548,0.08890198822493055,0.10641000343924652,0.15813475228760218,0.08504928867932388,0.11978619620524926,0.10517057140016733,0.09914489284733785
0.09635017367598366,0.06735993084066322,0.15245974784627553,0.07620441392965899,0.07471399949213384,0.14038372206483207,0.11397375379989683,0.17967337677699124,0.09888088157356456
0.12323640038036177,0.12493336215686018,0.08094809956006856,0.10004114812920013,0.1417009839333592,0.09246080057401355,0.12972013933143597,0.10774774660671534,0.09921131932798533
0.0949980866076095,0.08224227872194632,0.2809299993610154,0.08482961241026882,0.10780289835603139,0.06809265721526801,0.09685100674035296,0.08721550687931111,0.09703795370819657
0.11547800237777606,0.13855748115461625,0.08277204024879888,0.10384034289875392,0.13346328221060003,0.0895632958355293,0.11623561213365419,0.1094525372335645,0.11063740590670686
0.04225043725178353,0.014808102073334868,0.5336351240455068,0.048389005361943134,0.054921177155298394,0.05325773716474408,0.054103308944855544,0.09602046193621676,0.10261464606631683
0.032476260264694336,0.08940068338943623,0.0666332761913601,0.1614982404652617,0.09716097716074613,0.11196191435482543,0.24411739346164862,0.12452739702688502,0.07222385768514246
0.10205394388492572,0.13349663658945318,0.09900816738896595,0.09143494627923719,0.08601241527559604,0.1126421363922941,0.11351571953578533,0.14303781982841143,0.11879821482533102
0.1547519837706448,0.06113865650696882,0.14627723031152937,0.06983388513965628,0.07004257479989337,0.16215722627685408,0.0848251316621726,0.16956341937010155,0.0814098921621791
0.1193593377647964,0.12236426915974212,0.08763499829114779,0.10619714656399933,0.1540562109642881,0.08541182572151336,0.11956317604266246,0.10575254465830963,0.09966049083354077
0.0738263101835549,0.0619166427968231,0.17411840244590152,0.0658810226072395,0.0655873989839308,0.1516495809709232,0.08923100194644623,0.18588957781191415,0.13190006225326653
0.056315317991172974,0.01860341272359251,0.06131427891282051,0.09860271127892813,0.1910926352264659,0.1255628759845878,0.15007404392450155,0.10563565872234837,0.19279906523558224
0.10700833434028734,0.1666688231615545,0.08306977865095651,0.09613581925940184,0.09796027453543932,0.09923786532205936,0.11438255792053177,0.12488404046215877,0.11065250634761052
0.11160452214835925,0.16685736390787342,0.07984770218597063,0.10077787133534244,0.11497321517478794,0.09103920919138543,0.11589678376040109,0.11401517135972376,0.10498816093615608
0.10713208944496311,0.1671445822331985,0.08283864457409994,0.09626663112651568,0.09836376803003198,0.09892773827768975,0.11440634202030768,0.12447516053264651,0.1104450437605468
0.1145325174262769,0.1545101726143542,0.08130140104786898,0.10323951772579364,0.12767568364099754,0.08834143117345145,0.11727892060884726,0.11025129670267897,0.1028690590597311
0.11523327600042409,0.15068671932817676,0.08190075196290333,0.10376151644936582,0.13097889714725938,0.08785017112444012,0.11762493198135864,0.10953350036189428,0.10243023564417758
0.10416030728672172,0.14902226186059275,0.09109017329856935,0.09328512042510607,0.0900456264137351,0.10718232229808367,0.11397793007577918,0.13548408227676126,0.1157521760646509
0.07740608107560536,0.051380753227647236,0.1220248828009497,0.06532643051080105,0.07608061114322714,0.19056955650303753,0.07167079133100836,0.10797466781157951,0.23756622559614415
0.0821083850078202,0.09735568077983087,0.08548278096316847,0.16874693344143965,0.14153896315063427,0.10176826932356031,0.1170247230625829,0.11258518955182922,0.09338907471913405
0.1073311733087231,0.16784701577608221,0.0824881784660746,0.09647738204847432,0.09902116451230981,0.09843935943307593,0.11444667828995277,0.12383157582496812,0.11011747234033908
0.08639882375528218,0.07168483969157512,0.15819596963495575,0.07621270970373872,0.07317944865469443,0.1376018396427438,0.10813405854626712,0.1730976035160119,0.11549470685473091
0.09758039476829687,0.10908270297342675,0.11584056874734079,0.08771152302787238,0.08052747318715704,0.12083843308479619,0.11149487399200958,0.15521620618450102,0.12170782403459934
0.10843498757865994,0.17035621839935444,0.08099297569710794,0.09764322470703429,0.1028311184876834,0.09597925512703516,0.11471896732955544,0.1205914092503975,0.10845184342317188
0.10259783961267067,0.13733459315082,0.09691525174957576,0.09189765885837682,0.086926596066569,0.11133641608501389,0.11366598718133063,0.1412018429104083,0.11812381438523496
0.1125348261561403,0.12812308708340098,0.08176916490008411,0.1014036280217374,0.12503366955407696,0.09696598446576359,0.11141629518748049,0.11097307439813509,0.13178027023318103
0.10886999111497303,0.17073452995554614,0.08059153958888567,0.09809666922658962,0.10439975401532368,0.09512565887894518,0.1148487185583925,0.1194656611215212,0.10786747753982301
0.10695672538238889,0.16646159207813224,0.08316920959509061,0.09608132902684337,0.0977932145309859,0.09936863895567205,0.11437292363935093,0.1250565093082762,0.11073985748325976
0.11389512493886739,0.1680663748198624,0.08038857222627425,0.09876215736738259,0.11465612528060531,0.09141989663027895,0.11513185957699103,0.11737941140462776,0.10030047775511036
0.06772537995629803,0.09329844715350855,0.08550777143210653,0.1708254665320498,0.10559928517662971,0.12440404328865211,0.11477520914164485,0.13571310952963347,0.1021512877894769
0.1194011364100029,0.047182170770393654,0.3895465442383943,0.06638363987468958,0.08602061016620827,0.06310757099797591,0.07009481209801938,0.07500027212206611,0.08326324332224995
0.11033731639333876,0.16983581001414727,0.07986512020688145,0.09957707033489993,0.10992729814627972,0.09268654015470068,0.11536814908366845,0.1162311411547463,0.10617155451133746
0.1159466299513987,0.0957402864163927,0.09560571199813683,0.08561585804839146,0.08991965738811618,0.1295534810778993,0.13781737021131937,0.14515659532809336,0.10464440958025205
0.10656030918929392,0.01861503439174205,0.051460504452246335,0.06828865313863518,0.14322844965716083,0.1347416054486222,0.1963835852004768,0.11199762229991601,0.16872423622190671
0.13041721611915655,0.004803308052842039,0.02952828898990253,0.044629437513987895,0.20496462625051715,0.05999503382405535,0.05966095270484942,0.2401346922550729,0.2258664442896162
0.10991407122160719,0.17040826910538895,0.07998646261559282,0.0991591087904733,0.10829744691675063,0.09332539079565212,0.11520662771557784,0.11708210122576729,0.1066205216131898
0.0917521247887043,0.09045034024703029,0.1365248936347778,0.08263309427557325,0.07593691022288052,0.12758101973641012,0.10746382280768334,0.1665494394819062,0.12110835480503422
0.1590367251701815,0.1259587295077282,0.04589271563997196,0.06521356958912976,0.12447795104928361,0.05598983306233551,0.08599818447797351,0.12474107303250859,0.21269121847088734
0.12709302646226717,0.13055770358294075,0.07779233611960429,0.0894488437227624,0.11251055927683888,0.10718084205140688,0.13623107933301018,0.12319666729250335,0.09598894215866606
0.11297846876595048,0.14350152850938125,0.08257550814606512,0.09280427240134792,0.09934332069684364,0.10793143066190443,0.12621329334249712,0.1262078609226737,0.1084443165533363
0.1053756414006752,0.15779980179021658,0.08708638210417903,0.09445182778027228,0.09307126973125363,0.10369908201135399,0.1141394905441754,0.1307976234471043,0.11357888119076952
0.11981368028213257,0.11852038282601185,0.08862056049855806,0.1063696413917501,0.15725125623053895,0.08512781407126958,0.11974155584891445,0.10529660231388159,0.09925850653694283
0.12560462857923413,0.12650085147020143,0.07738650108461231,0.08978633956540481,0.1113410284187445,0.10946809683544793,0.13986905970201097,0.12150026561741879,0.09854322872692521
0.11257681125506103,0.16349297171333102,0.08012656916068596,0.10164466595307659,0.1190184019894225,0.09000000158448958,0.11633753849324446,0.11259230196326953,0.10421073788741932
0.11859815837520833,0.12840354280880018,0.08620602190982678,0.10585074096066206,0.14912049964360727,0.08585749469324033,0.11923833121729871,0.10646606061850909,0.10025914977284726
0.12050166047991974,0.11225411571332534,0.09038211594081696,0.10656358877147054,0.16258327104481965,0.08465062744769732,0.11997850960193307,0.10453194916971187,0.09855416183030552
0.06722553050733691,0.03431457920147603,0.05736725899539776,0.11145891238253891,0.2043763340760111,0.23681706544705217,0.12311485487657108,0.09449698745829234,0.07082847705532375
0.09723407207709996,0.09481329118747117,0.05855158361210589,0.10089632483150475,0.2717427672817798,0.09085041829471484,0.12357872249140496,0.12301993327434226,0.03931288694957625
0.10210539094963787,0.13385205278851667,0.09880984199242172,0.09147841450905382,0.08609564290121807,0.1125219497054073,0.11353091943831688,0.14286791233090015,0.11873787538452758
0.10308117620416879,0.14087712703617825,0.09507084502147527,0.09231607155220452,0.08780774470322687,0.1101116628271022,0.11378045819656829,0.1394981334011343,0.11745678105794156
0.12772250765312923,0.11159896244745493,0.07501855176857065,0.08884448950690209,0.11438871271312966,0.11351709436911177,0.1517162796360488,0.11690756932006252,0.10028583258559043
0.11442432779747895,0.16010384093779514,0.0788773069382777,0.09540548167428249,0.10758902776358681,0.09804458965529968,0.12064855164131172,0.11978147662223203,0.10512539696973551
0.103599793593408,0.14477408991107452,0.09312575817120523,0.09277493493020429,0.08883374642897901,0.10873411521977566,0.11388449333831928,0.13760069207470285,0.1166723763323312
0.053140898607292375,0.02333852631724818,0.5064588990802713,0.05031737027754254,0.060998814844476806,0.05349251484777281,0.06146262312622617,0.0819395911907204,0.10885076170844947
0.11190369551126021,0.16591211418377164,0.0799091393384373,0.10104973275725793,0.116201344738958,0.09070096184724229,0.11602969348184404,0.1135547350196019,0.10473858312162665
0.1098409490218777,0.17048308336499915,0.08001411388879083,0.09908610166724847,0.10801870622148478,0.09344078812200628,0.11517961197409582,0.11723545495443721,0.10670119078505974
0.11493452231068263,0.15235242363562895,0.0816340457723717,0.10354224110638714,0.1295558458292352,0.08805436300571563,0.1174772160933223,0.10983352124418577,0.10261582100247067
0.09516596262478959,0.07802278827193575,0.1355442832027608,0.08036336620401892,0.0768627662485173,0.13593218203843094,0.11704241676418413,0.16560972135260646,0.11545651329275612
0.10896434251115365,0.17077439711946596,0.0805169288609157,0.09819429646994789,0.10474447275640764,0.0949488776578614,0.1148784488141807,0.11923226276154901,0.10774597304851803
0.10613261971958188,0.16247066129818105,0.08500307682934027,0.09521980547205265,0.09523019581101755,0.10156017184165263,0.11423920514699328,0.12795331054966042,0.11219095333152024
0.1047331303652969,0.15328743388005317,0.08911805340051566,0.09382428769486496,0.09140256750667719,0.10554948305768634,0.11405827561163225,0.13327734119661858,0.11474942728665495
0.018614119660067107,0.011371057336079462,0.1250093918880045,0.20416749507703127,0.18779527128819118,0.07514897154976653,0.052152804145391966,0.06581595066988451,0.25992493838558345
0.10662778740466262,0.16502002565767596,0.08384549090227228,0.095735202787746,0.09674585371720358,0.10022120515618153,0.11431525907838802,0.126181830994564,0.11130734430130597
0.0984178718665807,0.11276186359570217,0.11277523313369475,0.08841298060070592,0.08136105045046631,0.11958525409225583,0.11196449581909738,0.15326168531226278,0.12145956512923421
0.14924122981999377,0.02212325985230772,0.440819025953171,0.04193193653079608,0.08480488882951837,0.06686818858062588,0.06611811400991284,0.05684012839641948,0.07125322802725491
0.11444651655855648,0.0520105765731619,0.10299881065857824,0.07518332918495978,0.08149454478227337,0.16040549881144875,0.15744962087022885,0.15087140212658193,0.10513970043421066
0.10849631845114982,0.07913108291100947,0.05128875664247848,0.07407610087100602,0.13079388908688053,0.10311395963649538,0.09693870139396345,0.10008219107708442,0.25607899992993244
0.12050166047991974,0.11225411571332534,0.09038211594081696,0.10656358877147054,0.16258327104481965,0.08465062744769732,0.11997850960193307,0.10453194916971187,0.09855416183030552
0.11436908478861306,0.14011348799275805,0.08526591073409129,0.09106198308536974,0.09717361766017972,0.11009065304177051,0.12496832975098986,0.1324429736659416,0.10451395928028617
0.07954220028457618,0.03575970763619448,0.1978880359816357,0.061597061026212686,0.06754827021574117,0.16425756787215184,0.11590298604894604,0.1821618879387914,0.09534228299575039
0.10168628908661663,0.1310062759573836,0.1004257026553727,0.09112577568885848,0.08543593730893378,0.11348098281901109,0.11340111533781527,0.14422920120335447,0.11920871994265399
0.10907367283294306,0.17080245638405664,0.08043575991321054,0.09830706157405755,0.10514584969400191,0.09474767173548548,0.114913583431137,0.11896648238269296,0.10760746205241485
0.10159813741818392,0.13042239875969147,0.1007654169776792,0.09105198076092265,0.0853022847323745,0.113676936246021,0.11337208682500512,0.14450894484241958,0.11930181343770256
0.10687302822589421,0.1661145175563082,0.08333429398259573,0.09599305124694839,0.09752382772649247,0.09958248875348612,0.11435764675735764,0.12533861695624726,0.11088252879467002
0.11008136822006266,0.08979538589100126,0.10167171126940207,0.08530625540247254,0.08650464198703096,0.13259681281893101,0.13608147948211077,0.14659518994462636,0.11136715498436243
0.11045845165838837,0.16962999847791246,0.07984196672381356,0.09969519768157337,0.11039889278956964,0.09251248736704583,0.11541591142094289,0.11599864000578126,0.1060484538749726
0.10918865813032895,0.17081135571993755,0.08035636456236073,0.09842522117073016,0.10557019110788668,0.09454021863075042,0.11495131347116734,0.1186922826886575,0.10746439451818073
0.11564278794354971,0.14831977046075517,0.08229356919188192,0.10405404079840785,0.13296796614392203,0.08758146823484976,0.11782748892911328,0.10913481254717172,0.10217809575034853
0.1118491111616932,0.1660908115077487,0.07989624496440807,0.10100047071312603,0.11597619464432729,0.09076138284142166,0.11600524860950674,0.11363715444606813,0.10478338111170014
0.11150648327260408,0.17136067488763487,0.08122043558677128,0.09646759640346447,0.10527522245016273,0.09508138805637822,0.11420133854031833,0.12265126421445126,0.1022355965882149
0.11675697251543198,0.14140286630980614,0.08352855407814082,0.10480063091701108,0.13863718706481273,0.0869019415673133,0.11837493417128786,0.10810538967479659,0.10149152370139947
0.11412714684079239,0.15658534746920683,0.08099653915737103,0.10292548200244915,0.1258174507508548,0.08864691329452716,0.1170799676966896,0.11069112789557822,0.10313002489253091
0.12532415228692848,0.11660419694378497,0.07544066384326797,0.09202464968414388,0.12158514915129048,0.107887605350219,0.1400879809045615,0.11343583200284268,0.10760976983296101
0.11994338986016011,0.11738407588398724,0.08892480178996386,0.10641311065441916,0.15820582802859787,0.0850429667848948,0.1197896969825835,0.10516042705983931,0.09913570295555407
0.1045714491087888,0.1520994360040392,0.08966125629810828,0.09367018262549376,0.09100712564584089,0.106013571315323,0.11403674922465927,0.1339026145939846,0.11503761518376222
0.11667798449681754,0.14191602483184887,0.0834325757195888,0.10475019093448885,0.13822140692421522,0.08694816610802429,0.11833646786125422,0.10817640635178,0.10154077677198214
0.12480542919077336,0.11696352658482763,0.05965326606846172,0.09173894080243454,0.1987578253185324,0.09301594634845219,0.15226014357682346,0.08609582267425149,0.07670909943544313
0.11289679451992873,0.16221158037926106,0.0802657734480028,0.10191928690950608,0.12038479707501011,0.08969322695458833,0.11648751846200694,0.11216692301225584,0.10397409923944012
0.10379436424395803,0.14624933426114362,0.09240966749515828,0.09295022131624854,0.08924185672967533,0.10820205723826264,0.11391895850087284,0.1368726463618874,0.11636089385279329
0.12487587245802019,0.12545744501785902,0.07603954660721209,0.09241058887256555,0.11932392013727916,0.10544313931623195,0.14165335307913832,0.1142466692692906,0.10054946524240323
0.0691668411129736,0.10193022240224246,0.08221281547473473,0.17150464513229072,0.1103613607920975,0.11852397530712035,0.11583222874133381,0.1273774781845596,0.10309043285264724
0.10391315775990462,0.1471507133803793,0.09197710448302936,0.09305816692766554,0.08949752510071117,0.10787358215268945,0.1139388950264761,0.13642441756240772,0.11616643760673674
0.1082621235742497,0.1701137665449357,0.08118013198349083,0.09746173155072846,0.10221760917922756,0.09633643657707276,0.11467085159080291,0.12106203469612908,0.10869531430336295
0.08060711231961545,0.036093823756498396,0.43305494275487266,0.05785277798719401,0.08092827273097182,0.06213996767559713,0.08619981728314381,0.07777377238750917,0.0853495131045976
0.10969524677716376,0.17061006858289127,0.0800753915474407,0.09893995478579486,0.10746581725746673,0.0936753132816009,0.11512660381664071,0.11754682697923469,0.10686477697176631
0.09910305429517453,0.11604212891806519,0.11023777844815918,0.08898299672058123,0.08209399152536469,0.11847955900397443,0.11232134426839285,0.1515695319290429,0.121169614891245
0.0964754793290724,0.026254589414698135,0.48264112910171814,0.049905004980674524,0.06771504560529105,0.059291924160828485,0.05795860450314535,0.07704565999890328,0.08271256290566857
0.11765232039830613,0.13533798423731813,0.08471677296790275,0.10534331588289862,0.14352647817699163,0.08639051913200757,0.1188044551564393,0.1073103374883614,0.1009178165597745
0.12498364131531496,0.11439375875744963,0.07609438293240976,0.0903621974192483,0.1142473916856351,0.112542654425491,0.1501517131113135,0.11592496833427923,0.10129929201885857
0.11052197322007273,0.16951491257104156,0.07983178887023791,0.09975686878304563,0.11064709659370181,0.0924227205752759,0.11544121586581206,0.11587860437575703,0.10598481914505527
0.10886137533798973,0.17073015787144344,0.08059856685850757,0.0980877404035232,0.10436835351806108,0.09514194808353116,0.11484603130946365,0.11948716204061362,0.10787866457686657
0.10425489128366444,0.14973544248809176,0.09075592669040605,0.0933728554921545,0.09026126796855947,0.10691528288236911,0.1139920761678313,0.13512184415569084,0.11559041287123277
0.10998769429658345,0.1703256029295782,0.07996066776864996,0.09923238322625462,0.10857894756418424,0.09321073071012702,0.11523410097589985,0.11692962668793222,0.10654024584079051
0.056718392560250276,0.026227033709345097,0.4969634165498913,0.05197703421193121,0.06333833205730353,0.054472810513461,0.06408116655805483,0.08058792732579073,0.105633886513972
0.11137060148014338,0.16753638236282384,0.0798158893963,0.10056215439042133,0.11402290824258147,0.09131618429226768,0.11579478927346819,0.11439057641841292,0.10519051414358117
0.10407215151344829,0.14835572285178777,0.09140437834776809,0.09320379190146373,0.08984758875669802,0.1074300268699646,0.1139643648307544,0.1358205937085021,0.11590138121961306
0.11320821860304693,0.16088898849271616,0.08042209353984311,0.10218145695819873,0.1217323250414939,0.08940942667228248,0.11663536031932199,0.11177073392573643,0.10375139644736024
0.11491093423677379,0.1524817062978309,0.0816136968092916,0.10352472018089244,0.12944444821984755,0.08807080372375652,0.11746556231667503,0.10985757166046199,0.10263055655447029
0.11318236634059216,0.16100152350089997,0.08040835406036845,0.10215988560984866,0.12161978201756418,0.08943245775366798,0.11662302347071168,0.11180298835827791,0.10376961888806902
0.1270664806758713,0.08132715579745588,0.047339845799412084,0.08275467380734224,0.14868382858360232,0.13216828741361686,0.2242707504442539,0.08691094723842202,0.06947803024002334
0.11491827343084975,0.15244151660586883,0.08162001708670107,0.10353017488882443,0.1294790937359931,0.08806568318489867,0.11746918808266159,0.1098500827057622,0.10262597027844035
0.10851533777775137,0.11883255480479625,0.09472775942084417,0.08959894328957936,0.08928805758076357,0.11928854733460185,0.12558242891541707,0.1403172456995759,0.1138491251766705
0.06264593965179963,0.03193349487888791,0.47404970929258433,0.055197828610689594,0.0682942150484652,0.05602338012291125,0.06861968427101116,0.07927179393601991,0.10396395418763112
0.1016035888093312,0.13045835545905146,0.10074441259296356,0.09105654102459121,0.08531050064740962,0.11366487571809837,0.11337389924537689,0.14449171096676713,0.11929611553641058
0.10611092813827905,0.1623491077850701,0.0850575963688463,0.09519742903406135,0.09516558534876533,0.10162014410420689,0.11423612192561393,0.1280327974918883,0.11223028980326866
0.1180430382780221,0.13254293842850065,0.08529927657579388,0.10556194746991027,0.145776265133924,0.08617104239442124,0.11898681645590647,0.1069643388006191,0.10065433646290232
0.11383591538558918,0.15801125166402727,0.08079669969054282,0.10269448638992802,0.12450435194967498,0.08887739776928061,0.11693793586659301,0.11102003147812863,0.10332192980623545
0.12606164477760476,0.12305257691530291,0.076423788093247,0.09397830270700043,0.12756210226385742,0.10166851297731266,0.1406170549581488,0.1112485806612219,0.09938743664630416
0.10907850720478107,0.17080325313479391,0.08043229968012307,0.09831203859240008,0.10516364518775706,0.09473886424865062,0.11491515377554246,0.11895484472642064,0.10760139344953112
0.27765315324124534,0.08568520332272635,0.05204075033374412,0.06391317445454064,0.08596024549616145,0.12197498556860538,0.08404344050182087,0.11327504428142128,0.11545400279973454
0.04203480154746655,0.014700718030765803,0.42920729401319146,0.045020036524895606,0.1195812143664076,0.04071534233360063,0.039015111660675644,0.08791484379431276,0.18181063772868392
0.12321158808354893,0.11213771811129512,0.09088449472321923,0.10450184944882562,0.16356244697149835,0.08470540439020079,0.11921863295862471,0.10672128784383546,0.0950565774689517
0.10884909337857303,0.10482741781635746,0.09746109377375622,0.08837645861350964,0.08886241599979079,0.12542353010988475,0.132224491512372,0.1406974799456798,0.11327801885007634
0.10831975679501298,0.17020058144670755,0.0811159166929711,0.09752231203207158,0.10242150986825116,0.0962161999899075,0.1146866712118604,0.1209036306325537,0.10861342133066414
0.11370718783694024,0.11697766243279889,0.09728042146854794,0.08756079495888495,0.0896288855497437,0.1199004919585918,0.12413708298667259,0.14864444282465472,0.10216302998316514
0.12404349099588828,0.11898033022790698,0.07639980281791375,0.09124728691522803,0.11468955974964395,0.11051759179366814,0.14691204000023073,0.11566698798393409,0.10154290951558609
0.110570856586809,0.16942304582432588,0.0798248599453894,0.09980419904322575,0.11083852744844701,0.09235433391934876,0.11546080762923476,0.11578709876974835,0.10593627083347106
0.02483614461904533,0.06046796666390005,0.05549931148585843,0.07647580357941015,0.13851264939856242,0.08618116891983164,0.18183445972871923,0.19980504546215047,0.1763874501425223
0.10539615512796668,0.1579368452130688,0.08702523141239023,0.09447225318883011,0.0931270823803127,0.10364020444837285,0.11414205737004286,0.13071903985946867,0.11354113099954706
0.10872798112233589,0.17064663241615974,0.08071202373596707,0.09794921435277419,0.10388387562065327,0.09539729822051894,0.11480502251420617,0.11982410672216777,0.10805384529521696
0.10990412141507505,0.16885208584331424,0.08302901116717086,0.09509690238529452,0.09999804283622066,0.09822166058172106,0.11384431311148378,0.1268569684067626,0.10419689425295729
0.08789785990426448,0.06776741535844212,0.3307498390718404,0.07700237265790007,0.09682948362279921,0.06490741282208495,0.09022516087559972,0.08393466083600006,0.10068579485106903
0.1337317237072375,0.0278835196073406,0.043457274946547476,0.06814236576045828,0.22846380096048802,0.14588493251211046,0.23284083417436996,0.05107346305011632,0.06852208528133145
0.14507859350769478,0.03501487160633029,0.4186045371904947,0.05794845907582604,0.08087028846278034,0.06399455492852961,0.05752212918830916,0.07124871392387684,0.06971785211615822
0.061053484344535336,0.03131271668064376,0.47722987102185127,0.054241627264108805,0.06715267396016024,0.05478088124314612,0.06736741388996588,0.07811160787337841,0.10874972372221016
0.12494531619861653,0.10989271282077746,0.07736971994221169,0.08798723527042367,0.10636185733842037,0.11842982761553139,0.15046163970983767,0.12220225004749612,0.10234944105668514
0.12050166047991974,0.11225411571332534,0.09038211594081696,0.10656358877147054,0.16258327104481965,0.08465062744769732,0.11997850960193307,0.10453194916971187,0.09855416183030552
0.013109534528212424,0.06573185335733683,0.07816754483179432,0.10673021522289312,0.1557788584066747,0.13173562928669302,0.31157053773542226,0.09066209953835241,0.04651372709262086
0.10233308064948617,0.1354446042653751,0.09793274782180213,0.09167149927162814,0.08647194690352067,0.11198170837816572,0.1135957134458454,0.1421065062492057,0.11846219301497087
0.10617625462992009,0.16271276240995544,0.0848943644338469,0.09526487517503153,0.09536063487830716,0.10143983369024268,0.11424546317602169,0.12779385503823398,0.11211195656844049
0.11692647244007925,0.13923165759719777,0.079802268824796,0.10051769955821127,0.1253363868225846,0.09608396940047347,0.12999615111734544,0.10943055924399359,0.10267483499531858
0.12274448704580902,0.10267335290282152,0.08080218818350314,0.08687908692377054,0.10027016308953185,0.12413494912623156,0.15061808116490158,0.12776598308784926,0.10411170847558147
0.03792965448521774,0.14569336932142654,0.07008464481567535,0.1295951918345838,0.11457524680641583,0.08951801335518723,0.2215867063748392,0.12044238153911897,0.0705747914675352
0.09248277026347168,0.08341255305141669,0.13717833719261988,0.0817679965473171,0.07670975401912197,0.13230087252229245,0.1132515358556742,0.16402337773824907,0.11887280280983696
0.09997552833585309,0.12061253392626041,0.10696519928900632,0.08970556345654296,0.08310712506572035,0.11695071168301373,0.11273606179548841,0.14927471134697604,0.12067256510113868
0.10429554406177544,0.1500411973254019,0.09061322324777632,0.0934107182311162,0.09035496491584628,0.10680013218244282,0.11399803370877554,0.13496581172631014,0.11552037460055532
0.12050166047991974,0.11225411571332534,0.09038211594081696,0.10656358877147054,0.16258327104481965,0.08465062744769732,0.11997850960193307,0.10453194916971187,0.09855416183030552
0.11602705604319426,0.14948343422845933,0.07879589978279318,0.09506472417271887,0.1091714385455231,0.1014295292498768,0.12699298880003582,0.11829214643230872,0.10474278274509007
0.09630805422291028,0.11255156045939867,0.08861812272689674,0.08508448542228958,0.08044451389733596,0.13420111618480235,0.10722099964104333,0.13583605561662423,0.15973509182869886
0.04300514724057513,0.09004193627263384,0.08525237508472738,0.2762993972750975,0.13219013427425982,0.08766359451367582,0.08083612389298785,0.10765986468183202,0.09705142676421068
0.10803249687423745,0.16970740819807692,0.08145454123549305,0.09721975985056747,0.10141180055263012,0.09682700359630587,0.11461005376412044,0.12170816676637397,0.10902876916219473
0.1128836727567084,0.16226570010787453,0.08025963230944917,0.1019081297355743,0.12032840706423915,0.08970549682641123,0.11648132790812171,0.11218399192633176,0.10398364136528966
0.11331947966603499,0.1427108814901479,0.0824101860766429,0.0927054852911501,0.09960070640577186,0.10816201647694845,0.12680153489006793,0.12604734854425195,0.10824236115898389
0.12050166047991974,0.11225411571332534,0.09038211594081696,0.10656358877147054,0.16258327104481965,0.08465062744769732,0.11997850960193307,0.10453194916971187,0.09855416183030552
0.0025671140285406595,1.7209794004876478e-06,0.26271212305777114,0.08384832782954073,0.20564336678445497,0.07203479141128366,0.09660666564571625,0.15493122383872368,0.12165466642456842
0.20975431857242186,0.10474501907766043,0.05745307948853198,0.061872272603640144,0.1275719844039838,0.057116453782844155,0.07978196617547108,0.11894860276089474,0.1827563031345519
0.1078239469039332,0.10150966702006321,0.10143915928859748,0.08718609365809793,0.08644984392728094,0.12671363414953704,0.12883087855916156,0.1461494592345019,0.11389731725882675
0.05966551592487084,0.11337967622232888,0.09772001119283473,0.18643677697636366,0.08989392761834476,0.1133910192089564,0.09381195213597644,0.13770295678310365,0.1079981639372206
0.10976634922034854,0.17055181110686882,0.08004444783102117,0.09901138519314955,0.10773520451351627,0.09356009593668184,0.11515233319360046,0.11739390380791853,0.10678446919689483
0.12050166047991974,0.11225411571332534,0.09038211594081696,0.10656358877147054,0.16258327104481965,0.08465062744769732,0.11997850960193307,0.10453194916971187,0.09855416183030552
0.029001803108320224,0.010550807984966661,0.5413386169103463,0.05673976098548026,0.0698814481796159,0.06520664692009946,0.06256793935376946,0.06959302252664896,0.09511995403075284
0.08105652437620432,0.05538845618344975,0.05086366560416292,0.055772964974920465,0.0990084150210448,0.22581191145410853,0.0831030412984996,0.08612774316746825,0.2628672779201413
0.10223999464188027,0.13478972202943404,0.09829116984288093,0.09159241528559858,0.08631650908782158,0.11220421829339411,0.11356971202642495,0.14241965193104592,0.11857660686151976
0.09560879871900445,0.08336697157623237,0.06986146495849183,0.113374302256116,0.16195746284615917,0.11780310354551353,0.10365403390585953,0.19890008087676694,0.05547378131585623
0.11102207097591817,0.1684445389908054,0.07979648175664994,0.1002356805796334,0.11262294322900938,0.09175054911940173,0.11564627063988607,0.11497673026288265,0.1055047344458133
0.1030945116790238,0.14097630699546007,0.0950203047484408,0.09232773206675417,0.08783304737991193,0.11007703695830078,0.11378336975258618,0.1394502053789892,0.11743748504053302
0.11517547093723664,0.03376667529256893,0.09996479306334084,0.06959668677155549,0.07949746767349043,0.172664028592958,0.1927722464528889,0.13912477890997824,0.09743785230598245
0.11627448364136501,0.14499882071708903,0.08095309422234086,0.10250224074845861,0.12950054373804662,0.0912033217993724,0.12309287714664185,0.10912449530142104,0.1023501226852646
0.06491369199695976,0.007324625648395258,0.043224002590096754,0.060488159634758655,0.18157325231759236,0.1280629977714481,0.19000259697146404,0.09681284563302983,0.22759782743625515
0.10330381551538988,0.14254107652329123,0.09423031258364789,0.0925116637107854,0.08823750419275783,0.10952793255268134,0.11382739484751354,0.13869180819886484,0.11712849187506806
0.10084357938918793,0.12563991479656764,0.10366401885184473,0.09042398468321179,0.08422343307171459,0.11527522439152522,0.11309969012965872,0.14681272892641464,0.1200174257598748
0.11763652149535342,0.14864897929965326,0.0783106495753527,0.09711335736493913,0.1174958870625014,0.09723412185489883,0.12659069028213418,0.11408698370472903,0.10288280936043799
0.10306094397537058,0.1407267831781961,0.0951475664810052,0.09229839339550057,0.08776946117465569,0.11016411267330717,0.11377601610966293,0.13957075688093049,0.11748596613137137
0.11262853960329365,0.1632913207343852,0.08014756419562999,0.10168942036558946,0.1192380732898712,0.089949317736547,0.1163616404229615,0.11252221533284808,0.10417190831887395
0.11054754880194463,0.16946720428925519,0.07982806632883192,0.09978164583314482,0.11074720643536622,0.09238686611292274,0.11545145343722325,0.11583063538101873,0.10595937338029249
0.11354512251799957,0.15937852595478572,0.08061347568147308,0.10245938162601102,0.12321056917886845,0.08911757786528053,0.11679708449005892,0.11136031514196149,0.10351794754356124
0.10852169485832004,0.16261325831082174,0.08608869008833749,0.09374500881637308,0.09550998496508185,0.10187210099080067,0.11360449541066481,0.13191761854566766,0.1061271480139326
0.10509944858579617,0.15590829610917276,0.087933036152725,0.09417913384811033,0.09233498992486848,0.10449399802810112,0.11410501179021465,0.13186042811042423,0.1140856574505873
0.10924092005175834,0.17080853287783673,0.08032225848871911,0.098478771840472,0.10576379598216896,0.09444732153005304,0.1149687213730305,0.11856943660451953,0.10740024125144172
0.11061331799219264,0.16934094167555028,0.07981947160374903,0.0998452197730565,0.1110051088075204,0.09229541626364883,0.11547790809011578,0.11570822090738105,0.1058943948867855
0.11497323624526025,0.16407171636845738,0.0806326661279393,0.09986219962475874,0.11953474327041354,0.09012979458704075,0.11569232205299325,0.11535468156585531,0.09974864015728135
0.11092181510754195,0.16868176464125154,0.0797974014638672,0.10014066038287746,0.112223740832836,0.09188053811580126,0.11560436860962381,0.11515159640685675,0.10559811443934404
0.11927241305412047,0.15235523336425424,0.08250976336383957,0.10045163177946115,0.13105071926582137,0.08811726047239661,0.11633302571163169,0.11408579973026539,0.09582415325820948
0.12105552007707991,0.1159325856029892,0.08365518559990949,0.08787518885835427,0.09876449841776729,0.1191432055110901,0.13897484562560058,0.13264923156761918,0.10194973873958997
0.10724114635862321,0.16753899293360217,0.08264342482978365,0.09638204260536594,0.0987226432405341,0.09865857699919518,0.11442811629553921,0.12412041898278385,0.11026463775457267
0.09976039930511671,0.1270533647235347,0.09820178774206274,0.0895915044506679,0.08340453645783559,0.11777915295705939,0.11027250494048386,0.14379717957514127,0.1301395698480978
0.11337837241383175,0.16013622362899635,0.08051590793908352,0.10232256468008362,0.12247619818212425,0.0892601345825611,0.11671682592179194,0.11156118916646725,0.10363258348506017
0.12050166047991974,0.11225411571332534,0.09038211594081696,0.10656358877147054,0.16258327104481965,0.08465062744769732,0.11997850960193307,0.10453194916971187,0.09855416183030552
0.10948630009371883,0.1707393531329947,0.08017813327311561,0.09872885245954123,0.10667887086019263,0.09402255854113155,0.11505256363074101,0.11800720154073624,0.10710616646782818
0.12022985176183192,0.1406186325471952,0.0783984647634679,0.09774356962124213,0.12505846803628282,0.09606334624908347,0.12897502863926855,0.11161056942265639,0.10130206895897176
0.08356701062743105,0.04709202022418258,0.1813758706078288,0.0668296706099182,0.06993130028527736,0.15498753535635915,0.11419589496916425,0.1803843803342111,0.1016363169856276
0.11126842068456073,0.16781575684911973,0.07980664910631663,0.1004670647691744,0.11361050483750053,0.09144077633032612,0.11575080447551855,0.11455901205483214,0.10528101089265111
0.10218094819251705,0.12729796873955834,0.10006861554167468,0.088933578047715,0.08385563388748762,0.1177080758360967,0.11007841936398464,0.1480152652830259,0.12186149510794009
0.05983278972706543,0.09942482634985524,0.10884598823100107,0.17647712223041304,0.08454162903554481,0.12004952460768249,0.09352982412032303,0.14707069847958873,0.11022759721852615
0.10305391966335938,0.14067462310966097,0.09517421492194368,0.09229225942115726,0.08775619925889828,0.11018229880961738,0.11377446689330291,0.13959594469352657,0.1174960732285336
0.04928375756654885,0.11881016986970218,0.09790434475082777,0.1170271543796317,0.12077393233966018,0.17485684019427927,0.18546793536549924,0.098026055623883,0.03784980990996776
0.07269877318232207,0.05991097050271892,0.17829425431347748,0.06481570826481953,0.065117687396962,0.1527315323883851,0.08819610321876765,0.187816360224305,0.13041861050824213
0.024140625625230797,0.01567576184587967,0.45464721887170406,0.1131621428278501,0.10386533052688675,0.07294033026226136,0.04731580560945898,0.056465902538041145,0.11178688189268714
0.43429733653836067,0.03348662644013093,0.04166419877153792,0.03708910198854041,0.17546786274951431,0.09182134799199348,0.08127934218791642,0.03903929672847355,0.0658548866035323
0.11040433037697274,0.16972418383619217,0.07985169871168682,0.09964250436505702,0.11018791146652153,0.0925897827681943,0.1153944911800554,0.11610193025960709,0.10610316703571292
0.11535678616286822,0.14895218105007346,0.07934383166422741,0.09448669502149042,0.10664485426887003,0.10287005735461173,0.12688523493423823,0.11994521758582077,0.10551514195779975
0.08720443472072698,0.0805477354037797,0.15254750355820113,0.07844106286496244,0.07318471108728604,0.1315917958858899,0.10368452152127068,0.17397887401841985,0.11881936093946327
0.0534276971438668,0.03641625183719149,0.36107458763773675,0.1048199301974226,0.11070611044822677,0.07301131297775833,0.08543472252184192,0.07940681598945791,0.09570257124649734
0.15538481055140782,0.056420670498591084,0.06413503155774458,0.07551733953574717,0.13274982671134525,0.11892423161868537,0.190330813160524,0.10930077573237425,0.09723650063358048
0.07779070331024747,0.050829137850045454,0.3952222492346251,0.06686979549486673,0.08378798065120552,0.06091083278813667,0.08116475177638596,0.08053873398406468,0.10288581491042237
0.10984690777038969,0.17047726118647058,0.08001178394142701,0.09909205958442356,0.10804138928050509,0.09343132730021342,0.11518180328693861,0.117222885989134,0.10669458166049793
0.09435881397172895,0.14297598489101873,0.07745525019167161,0.11183445642357938,0.14226872944286553,0.0912595101710094,0.11714820449318941,0.11246854542002048,0.11023050499491656
0.12050166047991974,0.11225411571332534,0.09038211594081696,0.10656358877147054,0.16258327104481965,0.08465062744769732,0.11997850960193307,0.10453194916971187,0.09855416183030552
0.11006396581503221,0.17023231213229975,0.0799360719022914,0.09930804391639032,0.10887147111794727,0.09309354122502207,0.11526284567360472,0.11677367985979818,0.10645806835761411
