0.10789124604442442,0.132456020834299,0.10615769771069432,0.08988861085889671,0.17778025680664447,0.06873172068154647,0.12636788140866803,0.06757378035545475,0.1231527852993719
0.12020358643896527,0.10852316097158783,0.09005092290103155,0.1101323283740514,0.08726035847647928,0.13967426245344428,0.1086704832258719,0.09343533483209883,0.1420495623264697
0.1107817287149464,0.12120839661970151,0.09126592927806647,0.10951612227130143,0.11983811562924125,0.11797557796884132,0.11128885091446368,0.09720122321652556,0.12092405538691244
0.11907357308750151,0.11003401741753442,0.09019890902682953,0.11019619046974947,0.08994378410651509,0.13761692347423732,0.10899086663502959,0.0939046504079508,0.1400410853746523
0.1121297718289091,0.1193667871280392,0.09110859359570454,0.10987196549860202,0.11290598881422494,0.1220851852625044,0.11094073788029946,0.09669897975765014,0.12489199023406623
0.0972310954136434,0.10274913378896101,0.08145535331803362,0.16204449989436898,0.10168940932550023,0.10174562311317058,0.10120096224406555,0.1480865461599587,0.10379737674229798
0.10781652779009594,0.1261260489298284,0.0913566877670331,0.10469473893001364,0.16847702833066516,0.09380491478267783,0.11164281034944146,0.09802709389583945,0.09805414922440502
0.12020358643896527,0.10852316097158783,0.09005092290103155,0.1101323283740514,0.08726035847647928,0.13967426245344428,0.1086704832258719,0.09343533483209883,0.1420495623264697
0.12020358643896527,0.10852316097158783,0.09005092290103155,0.1101323283740514,0.08726035847647928,0.13967426245344428,0.1086704832258719,0.09343533483209883,0.1420495623264697
0.11797848903106588,0.1114992276112667,0.09034404020795202,0.11023782237641773,0.09274157343634591,0.13553392805165135,0.10930281874898712,0.09435752350831754,0.1380045770279958
0.11279392611921535,0.11846635811915406,0.09102638738176745,0.10999101882283657,0.1099562971713895,0.12390414141802297,0.1107622286472279,0.09644396852181832,0.12665567379856793
0.10429702699852277,0.07539137256463757,0.16938302761100046,0.06700919231752979,0.055541980289776464,0.13718572343883922,0.09816862442542316,0.1808201545727154,0.11220289778155516
0.10848333413005394,0.12446961612529818,0.0914718237728624,0.10816422787167816,0.13777435111442124,0.10824427449969515,0.1117893315976245,0.09797390142431812,0.11162913946404825
0.04263098171196488,0.08719290013785667,0.10430805375904116,0.10168484749148275,0.029165306437274774,0.030872993315678648,0.06388473940584155,0.2567577349497825,0.28350244279107706
0.10889229678982652,0.12534030214000516,0.091192554912026,0.10255926290478871,0.18344073306719264,0.08752499616687781,0.1112437180027545,0.09764414585751453,0.09216199015901415
0.08199196310783469,0.0582077028278535,0.18084296511035083,0.0855168759193951,0.04070579704909517,0.1445591091008703,0.07640757781262271,0.21710688014544968,0.11466112892652806
0.11761210988085667,0.11198972247984079,0.09039284550458067,0.1102465832264695,0.09372639660779769,0.13481508800349568,0.1094073411585399,0.0945084701063272,0.1373014430320919
0.11539787114032958,0.1149583207454758,0.09068813347620737,0.11023021970078567,0.10030727391955084,0.1301898428663604,0.1100375560241536,0.09541197555546795,0.1327788065716689
0.06260561516763588,0.09154268487160984,0.12246842389936151,0.1595213078365028,0.04764253184862401,0.06297597187369987,0.06350075291780369,0.12802085075486547,0.26172186082989696
0.12020358643896527,0.10852316097158783,0.09005092290103155,0.1101323283740514,0.08726035847647928,0.13967426245344428,0.1086704832258719,0.09343533483209883,0.1420495623264697
0.045793837105094604,0.041528309284583544,0.1391043887971817,0.1432206965174137,0.015631177190260383,0.12335553935663408,0.10188776364614928,0.23446185856050983,0.15501642954217287
0.10764506669142444,0.12614625938904292,0.09141155475044864,0.10548888910972483,0.16234958439876376,0.09650672860226002,0.11175247330299236,0.09811638893933637,0.10058305481600673
0.1130212928840648,0.11815881827924517,0.09099772862424878,0.11002516361152313,0.10900164183643839,0.12450250551870808,0.11070033564867354,0.09635574338106333,0.12723677021603477
0.04261382675848419,0.046391879111468304,0.1625425135284553,0.2567384977699784,0.0029147643089254428,0.09685678279600497,0.06267430585392265,0.08197818212661942,0.24728924774614125
0.11031778615450938,0.1218490025887513,0.09131588520619753,0.10934497670942539,0.12262438570636802,0.11638378843806452,0.1114024436600376,0.09736791651023546,0.11939381502641087
0.11093928086186781,0.12344671164137964,0.0910437929958367,0.10022454473568652,0.19798093241702444,0.08182947707979121,0.11071593261918676,0.09708490251482911,0.08673442513439779
0.12020358643896527,0.10852316097158783,0.09005092290103155,0.1101323283740514,0.08726035847647928,0.13967426245344428,0.1086704832258719,0.09343533483209883,0.1420495623264697
0.12020358643896527,0.10852316097158783,0.09005092290103155,0.1101323283740514,0.08726035847647928,0.13967426245344428,0.1086704832258719,0.09343533483209883,0.1420495623264697
0.10905179159640228,0.12363302218735278,0.09143383032879192,0.10866063613260012,0.13200918962646055,0.11124642192132404,0.11168506411358887,0.09779859174448113,0.11448145234899833
0.10768484146711628,0.12615845547131266,0.09139470309332474,0.10523252847815112,0.16436833748888394,0.09560774111867436,0.11172017838755921,0.09809172966944628,0.09974148482553148
0.10828627576727663,0.1258291404494576,0.0912698303385731,0.10355963304498443,0.17666882580103524,0.09031315183118732,0.11144548824533063,0.09784439395505895,0.09478326056709613
0.07390961090233193,0.05888406376637492,0.2602924617879792,0.05186863179503079,0.04835183085425391,0.08992448389438597,0.08151412097562011,0.2656200315865752,0.06963476443744794
0.037004873845643556,0.06243510039136535,0.11672841211019681,0.11779403602460581,0.007220256092642833,0.02775839190128976,0.04853083265172403,0.3116537378767296,0.2708743591058023
0.1180602874084839,0.11138974004369312,0.09033315722022923,0.1102354912491883,0.0925252019789161,0.1356928456156151,0.10927948851001794,0.09432377972178656,0.13816000825206964
0.09924911099020717,0.05685304229642694,0.1464836565422565,0.10389330489804433,0.04254367569596614,0.16225047918958954,0.14382916158620793,0.16155929622762005,0.08333827257368144
0.13424572745913124,0.06899244230248185,0.169306544824672,0.11163239172749283,0.18166692023752362,0.10003261840406086,0.12650171130910007,0.049502901164639374,0.05811874257089821
0.11005107979654327,0.12221964852812457,0.09134327608078292,0.10923119183622476,0.12435244686877521,0.11541259317600337,0.11146577778835665,0.09746192228406353,0.11846206364112566
0.12341506045747787,0.09412557724849811,0.09585916068870708,0.1277048372460852,0.0825413180425039,0.13916176581329004,0.13086498984856745,0.10383622399884257,0.10249106665602775
0.10813574642615541,0.12500835930501303,0.09148566818486902,0.10772982088274487,0.14237563938715822,0.10592306954667825,0.11183851992490661,0.09807067263881068,0.10943250370366386
0.11585913887759143,0.11433916727020325,0.09062678948903047,0.11024483352564614,0.09883654607618349,0.13119778179226518,0.10990677059954683,0.0952252474529124,0.13376372491662084
0.12020358643896527,0.10852316097158783,0.09005092290103155,0.1101323283740514,0.08726035847647928,0.13967426245344428,0.1086704832258719,0.09343533483209883,0.1420495623264697
0.047063323735648144,0.10185699563077621,0.10050617677156008,0.09657020444779825,0.04378168542042831,0.04028497884055748,0.07862486175963752,0.19862420031996242,0.2926875730736315
0.10384916819169633,0.05881478227639562,0.10413343695038137,0.10258271104383515,0.04305080600685224,0.1376182400199032,0.15655905562766134,0.1905724559800498,0.1028193439032249
0.09926258263246578,0.06354529528565782,0.21876069952233693,0.09170595887702764,0.05240272725647197,0.14409403397432344,0.1775551332179385,0.05175845207824042,0.10091511715553747
0.10549820468346127,0.07253299674685278,0.21011456921012583,0.08740297349923094,0.05919248134429835,0.1482385438674532,0.13035813414904793,0.07373315539720518,0.11292894110232447
0.0539882998921219,0.11066128379973683,0.09813312568677686,0.09597196208729131,0.059089819463798064,0.05305622982400144,0.09045355566095581,0.14946915233865565,0.28917657124666213
0.09801058102573335,0.06616488105874894,0.21267659742367373,0.077032759446272,0.052642357070221135,0.1356967254492887,0.1506708692054982,0.1065768324226814,0.10052839689788255
0.11448190615748449,0.11618941101220313,0.0908090931158181,0.1101796431021564,0.10341526860375916,0.12810523978574018,0.1102956832747215,0.09577976230103587,0.13074399264708117
0.08082518448992575,0.12132639434536215,0.09359699532841025,0.10339676741017105,0.08584193124207197,0.0816066599059853,0.09420074210261993,0.11940813724285959,0.21979718793259403
0.1110250213869095,0.12087415576283367,0.09123873253556841,0.10959432354259324,0.1184718319131071,0.11876824782098928,0.11122780256721247,0.09711239026715897,0.12168749420362734
0.11902186302769772,0.11010317943191417,0.09020572971124337,0.11019863547568247,0.0900712968236292,0.13752063916354373,0.10900557189822124,0.0939260842978132,0.13994700017025483
0.12020358643896527,0.10852316097158783,0.09005092290103155,0.1101323283740514,0.08726035847647928,0.13967426245344428,0.1086704832258719,0.09343533483209883,0.1420495623264697
0.043292183002423525,0.052355276409020955,0.2578804280326645,0.07131069913376385,0.025078313853589662,0.062129739727997596,0.10843060079046268,0.1987240496543022,0.180798709395775
0.06554706281256813,0.022751265841825224,0.08993746985419211,0.12338563746371974,0.0023643618341024574,0.08892963144752858,0.21675129536595805,0.3324005032199484,0.0579327721601573
0.10885877178767961,0.12391307967020582,0.09144825096425456,0.1085122125399411,0.1338014658269037,0.11030139020587776,0.11172279455257876,0.09785987027512456,0.11358216417743416
0.1190835754582117,0.11002063954893909,0.09019759012298882,0.11019571239160765,0.089919169101335,0.1376355253034648,0.10898802253955912,0.0939005039193041,0.14005926161458968
0.10866172448965178,0.12420284833854468,0.09146147274487322,0.10834105162772455,0.13579233701277768,0.10926418254972387,0.11175902355995541,0.09792068333488163,0.1125966763418672
0.06831556779498271,0.11892814565953473,0.1003882557717168,0.12029694217382425,0.07265567352119558,0.0662567876865843,0.10216605529353116,0.07500098145187097,0.27599159064675954
0.1100068810198593,0.12433812186788817,0.09109570202780415,0.10116904747022437,0.19228709472374264,0.08401240871862037,0.11093572357596598,0.0973231473535136,0.08883187324238136
0.12238706229337022,0.11131849871289563,0.08551796581473416,0.1128399904872156,0.09117727174455348,0.14092068512887732,0.08784583482569362,0.10557217468253798,0.14242051631012198
0.12020358643896527,0.10852316097158783,0.09005092290103155,0.1101323283740514,0.08726035847647928,0.13967426245344428,0.1086704832258719,0.09343533483209883,0.1420495623264697
0.12020358643896527,0.10852316097158783,0.09005092290103155,0.1101323283740514,0.08726035847647928,0.13967426245344428,0.1086704832258719,0.09343533483209883,0.1420495623264697
0.047071535488486714,0.09681220891942273,0.09001886744110632,0.09673266664277191,0.03665120886271083,0.04406192123967235,0.05306983710427537,0.23715291448519463,0.2984288398163591
0.1094641777211874,0.12304379017820662,0.09139921093849944,0.10892956484396156,0.12857508225602832,0.11308832734709212,0.11159869061543516,0.09766309912539073,0.1162380569741987
0.11240523814184566,0.11899290975445624,0.09107479387787691,0.10992505783737228,0.11165166680416806,0.12285326022849219,0.110867145638123,0.09659372623992564,0.12563620147773993
0.0616230814751317,0.11470257742105834,0.09719491297787314,0.09842790135064457,0.06845394904775871,0.06453384044312462,0.0987828222275227,0.12568301695537074,0.2705978981015155
0.12020358643896527,0.10852316097158783,0.09005092290103155,0.1101323283740514,0.08726035847647928,0.13967426245344428,0.1086704832258719,0.09343533483209883,0.1420495623264697
0.109648564282065,0.1250721475528663,0.08980638317868321,0.10812861155094348,0.14594651299962358,0.10443753202257766,0.10664773959639647,0.10247522801486308,0.10783728080198123
0.07888109074929474,0.11686412417331143,0.09650439744762872,0.10415240687661757,0.07830918715286182,0.0833006175069461,0.10728222625971995,0.11045234625719408,0.22425360357642568
0.10810862471074946,0.12595613495158736,0.09129827916252727,0.10392470299299487,0.17409851985073596,0.09139443125946752,0.11151323839328416,0.09790906787238977,0.09579700080626367
0.1130309577361615,0.11814575246967259,0.09099650526883502,0.11002654672666601,0.10896163330385161,0.12452768833110206,0.11069769686661675,0.09635198348593539,0.12726123581115914
0.09669361856400827,0.09806135124366273,0.08004258438463961,0.21834795594104425,0.0945616284064247,0.10242621764892772,0.0917549071304357,0.11465585417144197,0.10345588250941512
0.07929340907509162,0.11685812862882568,0.0964776854314292,0.10426860561561062,0.07847479080595034,0.0837557195365319,0.1073992418832354,0.11024540732494476,0.22322701169838047
0.12020358643896527,0.10852316097158783,0.09005092290103155,0.1101323283740514,0.08726035847647928,0.13967426245344428,0.1086704832258719,0.09343533483209883,0.1420495623264697
0.10839072780750958,0.12461024935791036,0.09147645276367887,0.10806208743807268,0.13888832934908663,0.10767644118077457,0.11180391092811152,0.09800070092079806,0.11109110025405768
0.05548094925500365,0.10968498277166634,0.09533182774937582,0.09105759606880513,0.07056722812016865,0.044203169617832085,0.0819349223311338,0.16489595569615945,0.286843368389855
0.11344160931984143,0.11759107928189215,0.090944172640519,0.11008046689726124,0.10730239019066867,0.12557972947444332,0.11058503323416487,0.09619154122817204,0.12828397773303726
0.11903657574683395,0.11008350098802433,0.09020378868726237,0.1101979443560719,0.09003497228337486,0.13754805428576072,0.10900138758388773,0.09391998629230101,0.139973789776483
0.12020358643896527,0.10852316097158783,0.09005092290103155,0.1101323283740514,0.08726035847647928,0.13967426245344428,0.1086704832258719,0.09343533483209883,0.1420495623264697
0.07832305934174504,0.11686886080006854,0.09653933322424524,0.10399340532116125,0.07808163049336647,0.08268762234910561,0.107119124609791,0.11073712210368941,0.22564984175682745
0.07800015614736647,0.11813204681673721,0.0964845713761087,0.10353186393232416,0.08049032791904451,0.08115090364251591,0.1070086484180613,0.11102394508217267,0.22417753666566909
0.08942833252980538,0.06073994080488484,0.20083594320167553,0.05180324776928354,0.041286224426928524,0.11976999538589982,0.09855915032567085,0.2412165787391676,0.0963605868166839
0.11075935576457475,0.12123918620467407,0.09126839810257631,0.10950855961184058,0.11996680967980011,0.11790133210368332,0.11129441725221345,0.09720934582995155,0.12085259545068587
0.11101171726625308,0.12089240727227184,0.09124023568502482,0.1095902313166129,0.11854503153561353,0.1187255724583466,0.1112311645005258,0.09711727115436107,0.12164636881099038
0.10813437902559785,0.12501055089498184,0.09148570004460006,0.10772777812418222,0.14239649040072802,0.10591269368063883,0.1118386777795622,0.0980710292281269,0.10942270082158208
0.12020358643896527,0.10852316097158783,0.09005092290103155,0.1101323283740514,0.08726035847647928,0.13967426245344428,0.1086704832258719,0.09343533483209883,0.1420495623264697
0.10761448266965563,0.1260652301167966,0.09144127065044899,0.1059902112142322,0.15827510944710696,0.09834865850367207,0.11180553797815475,0.09815114916954011,0.10230835025039271
0.10765703849942636,0.12588966171283247,0.0914662233050562,0.10651322058904028,0.15381973400218438,0.100406695824049,0.11184396387431983,0.09816488388091255,0.10423857831217892
0.10832588546750081,0.1257994332677781,0.09126394927654147,0.10348435733918383,0.1771918428105995,0.09009469770939384,0.1114310823993478,0.09783044627362313,0.09457830545603152
0.12057310030580164,0.10749304710639179,0.08923984433954273,0.10988565884503222,0.08611164295773888,0.13800400611793293,0.10942565139395162,0.09913900509770386,0.1401280438359044
0.11444229399806016,0.11624270779292495,0.09081428912276869,0.11017673959337991,0.10355584899621777,0.12801235775401568,0.1103067860130547,0.09579556643114058,0.13065341029843752
0.12029930790667283,0.10976333327208708,0.08831914172263948,0.11108860611353145,0.08950454603548402,0.13822487641705236,0.10357735563773325,0.09880092347622105,0.1404219094185785
0.1171993053966686,0.11254256941566709,0.09044792276059872,0.11025298644943082,0.09486807937543183,0.1339907911919981,0.10952511772621583,0.09467813079617383,0.136495096887815
0.10910586134462563,0.12355512484860066,0.09142956592739815,0.10869933278066175,0.13153075651138477,0.11150054400337972,0.1116741536887409,0.09778115972856803,0.11472350116664043
0.09600814103720534,0.060828363522423205,0.24257468868619178,0.09087815174363917,0.04836320602971315,0.13780951080777232,0.1017377989936785,0.12537178582511335,0.09642835335426318
0.10406018330569432,0.07298579446107102,0.20917385797532276,0.0913120436272508,0.061537251838665576,0.1415668938814201,0.1511763200039072,0.06219393598390888,0.10599371892275927
0.09500103582570633,0.046617925366230016,0.1104797274301953,0.12665844696258222,0.028237146848852934,0.16278863585247,0.10252428801678774,0.23342276122679675,0.09427003247037873
0.11080541548185802,0.1211758091588196,0.0912633093730188,0.10952405859434737,0.11970244295484522,0.11805392721096164,0.11128294866915563,0.09719261488132123,0.12099947367567247
0.1094723940200213,0.12303215108461607,0.09139847662487176,0.10893437259035738,0.1285111727514714,0.11312300619475103,0.11159690271360152,0.09766034483321258,0.11627117918709699
0.12020358643896527,0.10852316097158783,0.09005092290103155,0.1101323283740514,0.08726035847647928,0.13967426245344428,0.1086704832258719,0.09343533483209883,0.1420495623264697
0.10800181546641675,0.12522715264184164,0.09148757063053893,0.1075110293052841,0.14457223421577636,0.10483683180061283,0.11185203743111553,0.09810433265332504,0.1084069958550888
0.11193050945751144,0.1196376546154279,0.0911327487283406,0.10982996633137225,0.11384313973693792,0.121516419973706,0.11099353072208312,0.09677462348230063,0.12434140695232011
0.10786907894144626,0.12545568364671042,0.09148615955641844,0.1072420504778147,0.14717965152734178,0.10356490425636565,0.11186012711198616,0.09813432592101184,0.10720801856090485
0.07863307041616602,0.11276031202270508,0.08974826915206256,0.10493921813084715,0.07057773650792647,0.08479894228242792,0.07827337611157402,0.1436984277824936,0.23657064759379728
0.12020358643896527,0.10852316097158783,0.09005092290103155,0.1101323283740514,0.08726035847647928,0.13967426245344428,0.1086704832258719,0.09343533483209883,0.1420495623264697
0.11655012034610009,0.11341247601483377,0.09053461470299018,0.11025493974160726,0.09673749640387262,0.13266142318171129,0.10971020724821584,0.09494392946935519,0.13519479289131384
0.11800214706296334,0.11146756044372291,0.09034089203290663,0.11023716190925902,0.09267886477904551,0.13557994868612797,0.10929607080638903,0.09434776556261609,0.1380495887169696
0.10787453587942464,0.12544595649069268,0.09148630779462642,0.10725457265153054,0.14706036098378264,0.10362269145000826,0.11185994096909317,0.09813318357605887,0.10726245020478276
0.0777989004294707,0.02927871691080178,0.08897630167578624,0.05337376573482098,0.006347206931493797,0.1136277836284153,0.15730659513171327,0.3838793869040685,0.08941134265342941
0.11313772078157873,0.1180014568917544,0.09098296489370046,0.11004146653977849,0.10852268572895414,0.12480454360271435,0.1106685067612047,0.09631039891616433,0.12753025588415043
0.07865054054737229,0.11686655491976315,0.09651899983226737,0.1040869573030392,0.0782156548757613,0.08304695556196492,0.10721550599255242,0.11056932744616925,0.22482950352111
0.11044982163576307,0.12166620245748445,0.09130194667803072,0.10939690676600967,0.12180497805082037,0.11684854597877965,0.11137052844285494,0.09732086434462049,0.11984020564563654
0.10855754642072328,0.12435804020650666,0.09146772904275423,0.10824069318677183,0.1369259389219642,0.1086793296403456,0.11177704987793323,0.09795199896877745,0.11204167373422358
0.1085394307420288,0.12563283769662018,0.09123452939260367,0.10310690763776248,0.1797802866378507,0.08902127787395986,0.11135681258490664,0.09775760808172092,0.09357030935254673
0.11390230129361616,0.11696980992968915,0.09088473890601832,0.110130526382109,0.10552886764071001,0.12672116463620245,0.11045751249600276,0.09601006271224773,0.12939501600340442
0.11818526434308509,0.11122247189003269,0.09031654041608439,0.11023167405536621,0.09219701590656487,0.1359345715610377,0.10924384900794475,0.0942721950190838,0.13839641780080056
0.12020358643896527,0.10852316097158783,0.09005092290103155,0.1101323283740514,0.08726035847647928,0.13967426245344428,0.1086704832258719,0.09343533483209883,0.1420495623264697
0.12379117809393343,0.11246947133994488,0.08486806154110732,0.10215826432283533,0.09566261136085874,0.13374910074372184,0.10420091851320906,0.11079382433290534,0.13230656975148405
0.10837488862794742,0.12463447802309398,0.09147718577912174,0.10804378596232246,0.13908570270877843,0.10757623100495765,0.11180631303315024,0.09800522026808241,0.11099619459254566
0.12456192879493382,0.10531638686465843,0.08440372032882042,0.11156833559055994,0.08312991312593625,0.14726942275078314,0.07959160290916996,0.11774233826886736,0.1464163513662707
0.1162423442436777,0.12052242140830983,0.09372763219532175,0.11522110342826303,0.1121284427736313,0.12736494679405794,0.11790770488716311,0.07398707702318764,0.12289832724638773
