0.06697777901079442,0.11472899113955816,0.1329689416112708,0.09869336593004673,0.08201223514400459,0.13249516692665278,0.07954124981095546,0.20901302456019277,0.0835692458665242
0.09094171233705417,0.11328857176718683,0.13568465997236384,0.11535330214117108,0.08250652919210923,0.13367729051068064,0.0808000340292734,0.15945417621573288,0.08829372383442796
0.14946698306403,0.09618360551765143,0.16770427142505062,0.14735256801705546,0.07819145418556371,0.12834198429673918,0.08662357880869088,0.05028883656852059,0.09584671811669809
0.0728323774625425,0.11457106531128931,0.13390713039077648,0.1030846716977211,0.08228899943150438,0.13303879654878858,0.08001918554704189,0.1952957919255792,0.08496198168475662
0.24341432417839678,0.08487361924323729,0.12124572519194643,0.17505434704375156,0.0686063192033248,0.11246948798099105,0.0693348434838101,0.036176942986394824,0.08882439068814714
0.036728655900382316,0.11253880197705174,0.12394990802987123,0.07167775170338762,0.07811707870152214,0.12578290216355825,0.07449727736388191,0.30385856987239346,0.07284905428795138
0.2338023724290729,0.08694748185973937,0.12283148573198199,0.17266394379345407,0.06981702760247749,0.11439504653951965,0.07046930995605387,0.03956988184054267,0.089503450247158
0.2244141124188385,0.0889665739876067,0.12433937268661592,0.17021235684968014,0.07098097402441667,0.11624066450866871,0.07155121030005028,0.04317910431216456,0.09011563091195858
0.09207788832037274,0.11317477361994203,0.13574784540909193,0.11606391397901579,0.08249311232854169,0.13367269718481575,0.08081906602412732,0.15749048143494923,0.08846022169914348
0.22780191358120314,0.08352132665711841,0.10091374920845798,0.17131740575109267,0.06815459791912527,0.11208087981470317,0.10451517316525401,0.036485155912045146,0.09520979799100021
0.24341432417839678,0.08487361924323729,0.12124572519194643,0.17505434704375156,0.0686063192033248,0.11246948798099105,0.0693348434838101,0.036176942986394824,0.08882439068814714
0.1925523782574563,0.08252880375599776,0.1628765430564949,0.15769436322392671,0.06908854278354472,0.11660119234754628,0.08350007410867011,0.04594097305327723,0.08921712941308603
0.013523288086093932,0.10533313120322181,0.10832343109445917,0.04401985884074051,0.06962521450042497,0.11229046114242425,0.06538854353781094,0.42419346899196014,0.057302602602864246
0.24341432417839678,0.08487361924323729,0.12124572519194643,0.17505434704375156,0.0686063192033248,0.11246948798099105,0.0693348434838101,0.036176942986394824,0.08882439068814714
0.12541297659213047,0.10815808110035625,0.12690192903393366,0.13453994711789816,0.08014705532132295,0.13089302451628185,0.09461422879752608,0.10652943635237605,0.09280332116817454
0.003962917347377668,0.10031762611578303,0.09489252415079319,0.029527438123902572,0.06144649491206059,0.09939127149033102,0.05757953402317262,0.5087347196490354,0.04414747418754405
0.06833633501160127,0.040786340129300755,0.09617892787687617,0.05956242077978655,0.5399581672415629,0.07677576749104027,0.044463658718059774,0.019657572464556582,0.05428081028721571
0.07908229025247375,0.07133741854219584,0.24520295393465338,0.11518752712477497,0.11767822160669722,0.118024758220254,0.07042201799871341,0.0980922554036025,0.08497255691663491
0.009769858169522425,0.10345638231129245,0.10410422557111225,0.038676869329465395,0.0671243459992248,0.10839927955920682,0.0629308155506144,0.4522698937667247,0.053268329742836684
0.23206899434837727,0.08706503110636964,0.11785245687040134,0.17236884922399195,0.06929299720216071,0.11421979256002292,0.07766635829034498,0.03925298292875146,0.09021253746957976
0.030367730394742335,0.11119222333831293,0.12078208455025707,0.06483987526094637,0.07651674261827585,0.12317095790329291,0.07266125494083076,0.33093343923195406,0.06953569176138767
0.1634325631008828,0.05138292847593007,0.09219780535689853,0.1089249772562622,0.38566496599658334,0.07374349271124185,0.046655162551266484,0.014434834841787222,0.0635632697091475
0.16764549557240283,0.10082744929766792,0.13222080170590217,0.15233549682947098,0.07744059503021937,0.12635029257433775,0.07733790668966445,0.07344519576302126,0.09239676653731337
0.1447571243840956,0.1052365507276188,0.13447957111389694,0.14323070363365573,0.07959483518082472,0.1296335787577623,0.07911759827907038,0.09160629023935006,0.09234374768372543
0.03843078734365581,0.11283479121083977,0.12470108136300168,0.07342805836574033,0.07848449596651817,0.12639003036391902,0.07493029730309451,0.297144887174136,0.07365557090909473
0.05126040267592715,0.11432504537639195,0.12930472556276298,0.08566405885440331,0.08060205694261154,0.12996694724444227,0.077548835612392,0.2524726306397654,0.0788552970913034
0.03484264484851169,0.11218028279003717,0.12307246749528218,0.06970025433681779,0.07768169759458571,0.12506736280163833,0.0739901584899657,0.31154714796668875,0.07191798367647274
0.07199509617022849,0.08234765471706465,0.11250730814504976,0.09183792534427788,0.2756535929239117,0.11196648937556257,0.06642672144637775,0.11211690219656688,0.07514830968096031
0.16041425529617576,0.07130089354063392,0.08045709372875708,0.13777861334976282,0.06924419939964001,0.1086475654738685,0.20261708859003003,0.03938888219591257,0.1301514084252194
0.24341432417839678,0.08487361924323729,0.12124572519194643,0.17505434704375156,0.0686063192033248,0.11246948798099105,0.0693348434838101,0.036176942986394824,0.08882439068814714
0.24341432417839678,0.08487361924323729,0.12124572519194643,0.17505434704375156,0.0686063192033248,0.11246948798099105,0.0693348434838101,0.036176942986394824,0.08882439068814714
0.24341432417839678,0.08487361924323729,0.12124572519194643,0.17505434704375156,0.0686063192033248,0.11246948798099105,0.0693348434838101,0.036176942986394824,0.08882439068814714
0.09400465752586444,0.11295649297893788,0.1297509672050377,0.11738993211489486,0.08180105161234696,0.1333892706625575,0.09043565425500671,0.15070927903696266,0.08956269460839118
0.11566327182055074,0.11015652569236234,0.1360594171243776,0.1294974673805859,0.08166638869594396,0.13266091179166903,0.08059663490130904,0.12268391833979192,0.09101546425340958
0.1363875571256624,0.10674876620567753,0.13510676915564676,0.13955300881077295,0.08028116257836353,0.13065898456928163,0.07964824409531919,0.09948852286382458,0.09212698459545143
0.04392340027453721,0.1136239683827562,0.1268852851754002,0.07886503632592659,0.07952139590931051,0.12812235419281184,0.07618180247434791,0.27681759707827686,0.07605916018663271
0.15955184869851122,0.06287734248600435,0.10791689627595502,0.13162794341924486,0.26351003122240185,0.09852843867502646,0.059307318090194606,0.03506376934759825,0.08161641178506328
0.2069480406518339,0.08874858771960509,0.113477314892114,0.16684464772909902,0.07343704289134935,0.1191399164504144,0.08631455043235314,0.04812530570285536,0.09696459353037572
0.020304234251623667,0.4009388542436208,0.12932403693885836,0.05649365064520368,0.10093156349190861,0.11447307748369971,0.039918570443546526,0.07535188170001372,0.06226413080152496
0.23048715951009976,0.0876613357733473,0.12336884331419994,0.17181190975215258,0.07023026559384916,0.11505094536643369,0.070854440838363,0.04080945798000891,0.0897256418715456
0.21459477947115593,0.09106847943652945,0.1258673270482318,0.16751419458354522,0.07217591473066316,0.11812926904581601,0.07265209138076,0.0473015656747613,0.09069637862853712
0.1543086572817158,0.10343901488982736,0.13362507527232206,0.14719061648484008,0.07874037647114272,0.12834065872746223,0.07842804494937387,0.08347295485336982,0.092454601069946
0.11739472421937296,0.10989409157895325,0.13601766845875346,0.13039438584439533,0.08157071422784666,0.1325277571179064,0.08054053612949306,0.12051619720557775,0.0911439252177011
0.08399826869503917,0.1139053939503072,0.13518305946795625,0.11086637323349556,0.08252428761083759,0.1335989239905555,0.08061221453404423,0.1721375275895778,0.08717395092818675
0.04645080408085959,0.11390826568766889,0.12777846286152408,0.08126437125589613,0.07992985148793856,0.1288139477132507,0.07668936055989015,0.26809275578833053,0.0770721805646414
0.17912898403798672,0.07827031452601907,0.10219963294015437,0.17385867036957203,0.07889486089537473,0.12346177176747024,0.09407719705209726,0.051249421003712804,0.11885914740761279
0.14823498997271445,0.10459013669869459,0.13418452267949302,0.14470075732254264,0.07929192011076218,0.12917698394779087,0.07887624203479048,0.08854436292028729,0.0924000843129245
0.040807132057320374,0.11315568022227684,0.11169080846255401,0.07613535425782238,0.07782026919873598,0.12620146395517212,0.1050363970798404,0.27228520494807634,0.07686768981820156
0.14398337864418176,0.10537900310700178,0.13454257199163844,0.14289911812142977,0.07966087281638624,0.12973282637490843,0.07916969668180512,0.09230392062780594,0.09232861163484239
0.06844824248719623,0.11470313305752551,0.1332238218553544,0.09981793289385775,0.08209281233270392,0.13264961202192785,0.0796732238258407,0.20545564763463844,0.08393557389095507
0.043592358149026234,0.11934888279000311,0.13870603157114073,0.08960409703454979,0.06970810887992457,0.13600922903898835,0.08634245858288808,0.23323748878449613,0.083451345168983
0.13657045103972934,0.10671643402427426,0.13509439225034345,0.1396355685961693,0.08026685269071328,0.13063775843076267,0.07963745457328088,0.09930807542312035,0.09213301297160649
0.01868285798737156,0.10754268585799165,0.1130005366921798,0.0508826453166654,0.07230764608193269,0.11647821472165414,0.06811983049000649,0.39118518081881026,0.06180040203338822
0.20286380730402,0.0935608721570765,0.12761701522758698,0.16409519262396488,0.07356851259538542,0.1203214737342334,0.07392082239199695,0.05275104575761116,0.09130125820812467
0.010278860515181067,0.10372416059311944,0.10473076348868414,0.03942188926746453,0.06750012386756309,0.10898459189822114,0.06329531647929178,0.44819579420803984,0.05386849968243499
0.09912515430740411,0.11239639294502922,0.1360313304019625,0.12033251023663939,0.08235002298785164,0.13354453299654848,0.08087004672881536,0.14595391227105967,0.08939609712468964
0.18058045677397502,0.09820836557601857,0.1306621065394763,0.15694005548475246,0.07608238609596148,0.12424925269431773,0.0761623437435081,0.06497810466889793,0.09213692842309246
0.2324013205496853,0.08724926954322675,0.1230592084682922,0.17230564410345706,0.06999195249091315,0.11467277539703308,0.07063247078949868,0.04008922738553331,0.0895981312723604
0.2425881271966972,0.08508282268026413,0.11968260549306464,0.17483280698528267,0.06846902788134178,0.11244319411493257,0.07166227969418214,0.03615589528124616,0.0890832406729888
0.24341432417839678,0.08487361924323729,0.12124572519194643,0.17505434704375156,0.0686063192033248,0.11246948798099105,0.0693348434838101,0.036176942986394824,0.08882439068814714
0.21473742706439225,0.09103803416467852,0.12584552151205716,0.1675544247906261,0.07215873538520877,0.11810216419274537,0.0726363401866605,0.04723894551475988,0.09068840718887139
0.11964855691819272,0.10954565559163497,0.1359520337916165,0.13154545922015828,0.08144014631127733,0.13234421385597317,0.08046059269955423,0.11776271254577682,0.091300629065816
0.24341432417839678,0.08487361924323729,0.12124572519194643,0.17505434704375156,0.0686063192033248,0.11246948798099105,0.0693348434838101,0.036176942986394824,0.08882439068814714
0.03976087142307564,0.11304858561842357,0.12526256421195,0.0747737276531204,0.0787557158133429,0.12684029711264308,0.07525318896865447,0.29204040120049773,0.07426464799829223
0.0777453666228841,0.09190476961050496,0.272078390049221,0.09010860432407027,0.07865395465919552,0.12915339579097895,0.11839001317132795,0.04805391651946866,0.09391158925234856
0.24341432417839678,0.08487361924323729,0.12124572519194643,0.17505434704375156,0.0686063192033248,0.11246948798099105,0.0693348434838101,0.036176942986394824,0.08882439068814714
0.08638149866167089,0.1137095416815362,0.1353783736920485,0.11243507067838909,0.08253110751820554,0.13364718264960362,0.08069102335156371,0.16764746689981336,0.08757873486716905
0.21439136209911083,0.09111188972274725,0.1258984011641621,0.16745677161814074,0.0722004030813835,0.11816790327616034,0.0726745399789538,0.047391007617923524,0.09070772144141796
0.24341432417839678,0.08487361924323729,0.12124572519194643,0.17505434704375156,0.0686063192033248,0.11246948798099105,0.0693348434838101,0.036176942986394824,0.08882439068814714
0.21610778766983005,0.09074541127070902,0.125635434164269,0.16793931335647563,0.07199341890612314,0.11784126234317498,0.07248464968617643,0.04664161316458628,0.09061110943865562
0.14480043715738664,0.10522856152049609,0.13447601553592478,0.1432492158602443,0.07959112367281183,0.1296279974868804,0.07911466440965716,0.09156741780988127,0.09234456654671763
0.16713379397461714,0.1009294876866652,0.13227873148124833,0.15214582860854395,0.07749248752430166,0.12643018480185,0.07738216991096857,0.07380417779414604,0.0924031382176591
0.029931360528768686,0.2285650411697212,0.17896866861082195,0.07722731640557244,0.09690720637950441,0.11455422508112578,0.0794739238618908,0.12545189571602838,0.0689203622465664
0.24341432417839678,0.08487361924323729,0.12124572519194643,0.17505434704375156,0.0686063192033248,0.11246948798099105,0.0693348434838101,0.036176942986394824,0.08882439068814714
0.05271194357308539,0.11442091732893818,0.12972388478597638,0.08695106251884109,0.0807800132983231,0.1302759977497687,0.07778272042699053,0.24799470515504232,0.07935875516303435
0.0508788094606945,0.11429761655718096,0.1291914570380314,0.08532265202397969,0.08055343345306758,0.12988281604435994,0.07748545552904569,0.2536673938605493,0.07872036603309099
0.21586221260462282,0.07987195487044663,0.09509400395297295,0.1692619942396929,0.07124559879533914,0.11422682541225321,0.11012054812416522,0.03876157997739305,0.1055552820231142
0.1482552442893683,0.10458634374419636,0.1341827487466837,0.14470922227391847,0.07929012753296939,0.12917427572149598,0.0788748027839965,0.08852687750403031,0.09240035740334102
0.017729374495331313,0.07792348978446322,0.09605422995343695,0.04492072024813953,0.2859047962303974,0.09879987740807726,0.0573326783663237,0.2665591014332701,0.05477573208056055
0.012387582377036037,0.10478957605659184,0.10713632605725777,0.042438157581086426,0.06892883214387557,0.11120721311744407,0.06469632339052343,0.4322479729223485,0.056168016353836274
0.24341432417839678,0.08487361924323729,0.12124572519194643,0.17505434704375156,0.0686063192033248,0.11246948798099105,0.0693348434838101,0.036176942986394824,0.08882439068814714
0.08580468277110154,0.11375852128173197,0.13533339068701464,0.11205820328947003,0.08253073743794122,0.13363761682601577,0.08067336802969181,0.1687206993892083,0.08748278028782476
0.07842479386999286,0.3078353318086298,0.12314425189929039,0.1352043798227491,0.08515017544988941,0.1075918641695688,0.05292121074693464,0.036736791075834545,0.0729912011571104
0.04105843026289869,0.054424506730759305,0.08984293384755786,0.056977222809596606,0.4817085914819277,0.08529733880380265,0.04977561804935587,0.08526102126478417,0.0556543367493172
0.06414258480300833,0.11475099260699,0.13243887319736014,0.09648238695991666,0.0818345337253889,0.1321613859884814,0.07926284026829057,0.21609650651881376,0.08282989593175015
0.24341432417839678,0.08487361924323729,0.12124572519194643,0.17505434704375156,0.0686063192033248,0.11246948798099105,0.0693348434838101,0.036176942986394824,0.08882439068814714
0.0897899803503834,0.11340038748438243,0.1356153749979742,0.11462635506616504,0.08251722640600286,0.13367712654122427,0.08077750099728455,0.16147575320620278,0.08812029495038048
0.1953303969654506,0.07665864341955204,0.24482315962625834,0.15027734427255723,0.058216871157307254,0.10030126654330096,0.05978524839449383,0.03146990264719462,0.08313716697388517
0.19727923363079272,0.09473800990699084,0.12841720254533803,0.16238708782022948,0.07421615024613176,0.12133734772470457,0.0745049103240214,0.055568325333617295,0.09155173246817393
0.19895623148897448,0.07417398604547991,0.09810119648854877,0.18693808415128052,0.08855543352772288,0.10527192469594338,0.08626258300913503,0.046165305435470566,0.1155752551574445
0.07755553932017971,0.037222091480123266,0.0659150822415069,0.08714298262430926,0.29288482825091444,0.04589356532604858,0.21127822414400307,0.011133280014937396,0.17097440659797744
0.22930666024814936,0.08791531485580222,0.12355892786767979,0.17150495712975602,0.07037684129256631,0.11528342447580543,0.07099078101329923,0.041259891710831935,0.08980320140610974
0.03624067831305377,0.11244917569875085,0.1237275418997776,0.0711699952209173,0.07800735683444425,0.12560219259902494,0.07436888556061905,0.305822155522068,0.07261201835134425
0.233984477568576,0.08690824562349247,0.12280182037719518,0.17271032513287002,0.06979426113920452,0.11435889106092452,0.07044806029798642,0.03950285781969732,0.08949106098005354
0.12927933785945622,0.0934150195654509,0.13090437952740638,0.14321684559484713,0.08146333281023158,0.13149871640944422,0.12482911904114884,0.056611814737669165,0.10878143445434556
0.22486738351248284,0.08886927783877517,0.12426757882026924,0.17033351650456963,0.07092523665440773,0.1161524149060339,0.07149960921251791,0.04299767452963055,0.09008730802131303
0.24341432417839678,0.08487361924323729,0.12124572519194643,0.17505434704375156,0.0686063192033248,0.11246948798099105,0.0693348434838101,0.036176942986394824,0.08882439068814714
0.044522087020858275,0.1136955916282678,0.1271028748431384,0.0794390265613372,0.07962181811790309,0.128291842265896,0.07630571418356792,0.27471691619487065,0.07630412918416069
0.1867638399171563,0.09693324513229346,0.12985866856704265,0.1590189855932024,0.07540468564174327,0.12319474919663533,0.07556535145308829,0.06130983861222226,0.09195063588661613
0.0681863644205446,0.11470843919461826,0.13317940396523512,0.0996187419633197,0.08207902403313129,0.13262301377885904,0.07965032443814392,0.20608351972923952,0.08387116847690855
0.24341432417839678,0.08487361924323729,0.12124572519194643,0.17505434704375156,0.0686063192033248,0.11246948798099105,0.0693348434838101,0.036176942986394824,0.08882439068814714
0.0591761325007556,0.05011646160907652,0.05595081416682923,0.07298972464007049,0.11142971521616506,0.08932501770481299,0.3943878004976434,0.012164149344458397,0.15446018432018824
0.16395430013548676,0.10156046364101064,0.13263178318911886,0.15095387878902425,0.07781149816685821,0.12692061258534482,0.07765305527585936,0.07607880740824097,0.0924356008090561
0.0978977063261064,0.11254051360404277,0.13599484394106406,0.11960576716957676,0.08238203774089077,0.13357868772690926,0.08086913391248202,0.1478866596070119,0.08924464997191607
0.09799292602035141,0.11252945699109389,0.13599786221841628,0.11966239096003896,0.0823796572365835,0.13357621037328185,0.0808693207437734,0.14773560791928256,0.08925656753717814
0.12436952019366537,0.08685839896671914,0.10741253155338272,0.138321510277981,0.0797655035085749,0.1274272141130615,0.16465430571320105,0.05211060064563163,0.1190804150277827
0.24341432417839678,0.08487361924323729,0.12124572519194643,0.17505434704375156,0.0686063192033248,0.11246948798099105,0.0693348434838101,0.036176942986394824,0.08882439068814714
0.040296455346492004,0.11313046127691319,0.1254825681219618,0.07531023416097495,0.07886115001771431,0.12701584594575685,0.07537950559777284,0.2900189260930431,0.07450485343937095
0.24341432417839678,0.08487361924323729,0.12124572519194643,0.17505434704375156,0.0686063192033248,0.11246948798099105,0.0693348434838101,0.036176942986394824,0.08882439068814714
0.11652191500027935,0.11002696446003117,0.13603967189806257,0.12994364536190342,0.08161945527506491,0.13259574694272394,0.08056940261221034,0.12160313853537402,0.09108005991435013
0.05463029046686877,0.04712780851813553,0.0864803704145773,0.058517149351579534,0.5436217256083656,0.07744428567899854,0.0450935158659169,0.03462939253344852,0.052455461562109396
0.24089136114821996,0.0852370136128743,0.11669351152572265,0.1745313918044827,0.0682859096099684,0.11232315018582546,0.07640853441985929,0.03608347405294259,0.08954565364010471
0.004129790435610515,0.10039578898256958,0.09523829286832543,0.029813858001351775,0.06166455265522323,0.09974735449970773,0.05778105403787947,0.5067199880683849,0.04450932045094736
0.20457853450234695,0.08583606330287097,0.2267586922592962,0.15044907815065311,0.06552012427517417,0.10105749298970972,0.05334350582640208,0.03080706646707253,0.08164944222647418
0.09830031681127316,0.11249362101934991,0.13600738925288844,0.1198449015540769,0.08237185351693703,0.13356801424269046,0.08086979004271651,0.1472492682596007,0.08929484530046689
0.017909448060081407,0.05028262204692909,0.12086634627306946,0.03202333596195763,0.5534961802540566,0.07733294383943849,0.04614731184842774,0.058245552138049446,0.04369625957799026
0.014721446720101531,0.1062381097043285,0.10397241110021817,0.04566224517041431,0.06999122171752363,0.11324424276320616,0.07644433730566755,0.41057977512487415,0.059146210393665945
0.24341432417839678,0.08487361924323729,0.12124572519194643,0.17505434704375156,0.0686063192033248,0.11246948798099105,0.0693348434838101,0.036176942986394824,0.08882439068814714
0.24120459833753763,0.08507662620177238,0.11753541746826564,0.17451105894773514,0.06847878225750005,0.1122321701548999,0.07544052966686125,0.036074722739095434,0.08944609422633254
0.16776012658830033,0.10080457263984925,0.13220778290304333,0.15237790488386335,0.07742894957999809,0.12633235926699785,0.0773279659838505,0.07336504192227418,0.09239529623182308
0.22344550509794334,0.0828011578648029,0.0972238364974462,0.16983166628666946,0.06793881216181599,0.11170813525649263,0.11386870269535104,0.03648982610371319,0.09669235803576527
0.14544589655073076,0.10510931761722364,0.13442266881787623,0.14352447412463282,0.07953562869541743,0.12954450494941572,0.07907072486602135,0.0909903696561466,0.09235641472253552
0.06575324233004638,0.1356830748576766,0.35000518635688443,0.04907809978773602,0.06959520266481492,0.08773548102412647,0.13147329235098654,0.02086013541743183,0.08981628521029679
0.13900632820476258,0.10628265154554477,0.1349237187239715,0.14072562230507948,0.08007323892675786,0.13034986509938484,0.07949021272000215,0.09694070653106635,0.09220765594343049
0.07578959824382704,0.11443836784356387,0.1343069114492109,0.10521831490852114,0.08238637344221526,0.13324449981732578,0.08021462214348159,0.18879971861483372,0.08560159353702068
0.11723922928052306,0.1095408224138275,0.12781558813457877,0.13045436451169207,0.08075606251339519,0.1317357600694077,0.09398375400437996,0.11624191873176139,0.09223250034043438
0.043714334175056435,0.11359831772761064,0.1268083994326401,0.07866375703888574,0.07948577632133307,0.12806231791677403,0.07613798008856094,0.27755625217485164,0.07597286512428743
0.20627939405793538,0.09283770482775879,0.12711680243569554,0.1651137341297442,0.07316733783712588,0.11969099702794306,0.07355703860071089,0.05110119992513679,0.09113579115794941
0.23079018430665243,0.08580931132251712,0.1032369084837984,0.17095499430590663,0.06670145707469337,0.11099930796104233,0.10459872219105511,0.035477628193102316,0.09143148616123226
0.24341432417839678,0.08487361924323729,0.12124572519194643,0.17505434704375156,0.0686063192033248,0.11246948798099105,0.0693348434838101,0.036176942986394824,0.08882439068814714
0.07758107773107963,0.11434199104789607,0.13452653373567547,0.10648464439288287,0.08243252893855914,0.13334817225963333,0.08031901723508818,0.18499652127808267,0.0859695133811026
0.2340925218544284,0.08688496535163044,0.12278421252751999,0.17273782300562482,0.06978075037700186,0.11433743359969935,0.07043544813644449,0.039463143768842114,0.08948370137880844
0.1755862063200321,0.09922806977234956,0.13128455930514213,0.15520449609959888,0.07661691182507456,0.12507825874471584,0.07662862572175312,0.06811385912208733,0.09225901308924635
0.1530946101375639,0.10367123398998275,0.1337412063913918,0.14670059850984038,0.07885280968246706,0.12851161374980408,0.0785202322764834,0.08445969022009571,0.09244800504237094
0.24341432417839678,0.08487361924323729,0.12124572519194643,0.17505434704375156,0.0686063192033248,0.11246948798099105,0.0693348434838101,0.036176942986394824,0.08882439068814714
0.11690334971650689,0.04658272801328761,0.250065659572045,0.12701111034378063,0.05141963786525793,0.12070783455778526,0.055809352983623696,0.014117791341104408,0.21738253560660867
0.0909958910910677,0.11328322336704488,0.13568778858921374,0.11538733399978908,0.08250595349106583,0.1336771779119198,0.08080101313484177,0.1593598523000733,0.08830176611498386
0.13880908327510139,0.10631799233765256,0.1349379375544823,0.14063800915695837,0.08008912343667036,0.1303735318775616,0.07950237756601865,0.0971299465172228,0.09220199827833202
0.17985190746658497,0.059657680410930225,0.1295945857740841,0.17026308144921107,0.06593671934431228,0.13643104627072347,0.07586070678506301,0.02193633329451539,0.16046793920457544
0.14469317587992078,0.06947349450489287,0.26913957776879244,0.12774477741207232,0.05919334338459933,0.09453042026059676,0.09592520211915577,0.041610250719640536,0.09768975795032915
0.18371888077229045,0.09756279853180432,0.13025867261190394,0.15800467750679104,0.07574051864855637,0.12371776026474197,0.07586195364162433,0.06308765911779927,0.09204707890448822
0.11411744080404358,0.11038682092620045,0.13609012486799865,0.12868723829025286,0.08174829182501168,0.13277384301913298,0.08064269254616908,0.12465886544901132,0.09089468227217941
0.24341432417839678,0.08487361924323729,0.12124572519194643,0.17505434704375156,0.0686063192033248,0.11246948798099105,0.0693348434838101,0.036176942986394824,0.08882439068814714
0.24341432417839678,0.08487361924323729,0.12124572519194643,0.17505434704375156,0.0686063192033248,0.11246948798099105,0.0693348434838101,0.036176942986394824,0.08882439068814714
0.23821921806017907,0.08550537877923514,0.11250649031708711,0.173782255303517,0.06790756459697758,0.11207168253045019,0.08387706990040106,0.03595366952876236,0.09017667098339044
0.24341432417839678,0.08487361924323729,0.12124572519194643,0.17505434704375156,0.0686063192033248,0.11246948798099105,0.0693348434838101,0.036176942986394824,0.08882439068814714
0.20440821386930286,0.09323416402498097,0.12739181984941136,0.164558152544532,0.07338757530828728,0.1200372267434976,0.07375692908755206,0.05199835477769207,0.09122756379474385
0.22893004499631828,0.08598845572771212,0.11610579547827242,0.17234001860865522,0.07066526111060877,0.11518605823665985,0.07749451358928712,0.04037710175209517,0.09291275050039101
0.04358482082224718,0.057254289195558694,0.12303061749303197,0.05500359797400686,0.4933290099448599,0.07492769779332294,0.03141853944420241,0.010739467732879461,0.11071195959989055
0.010055463925579315,0.10360712184829089,0.10445821730101572,0.03909577158501542,0.06733683918853117,0.10873031917923322,0.06313673708006559,0.44997200192249265,0.05360752796977602
0.017581870840963937,0.10710561774636145,0.11208633361110369,0.04945925545070543,0.07179144072320161,0.11566937036304893,0.06758562070399604,0.39780469995317014,0.06091579060744871
0.22646834010959496,0.0811895910211534,0.17137356484070765,0.1642424657355226,0.06410587285780922,0.10707368906080368,0.06521694120394393,0.034110459877272535,0.08621907529319202
0.19520211438950275,0.09517398774738768,0.1287089330990963,0.16173782847903914,0.07445425234752408,0.1217101938373188,0.07471859598316356,0.05665581996543551,0.09163827415153215
0.24341432417839678,0.08487361924323729,0.12124572519194643,0.17505434704375156,0.0686063192033248,0.11246948798099105,0.0693348434838101,0.036176942986394824,0.08882439068814714
0.14306857454056582,0.14755206071641527,0.10751242526687203,0.1580532916072486,0.08426102216782023,0.12867641866051213,0.08362682439827294,0.05927771736050652,0.0879716652817865
0.24341432417839678,0.08487361924323729,0.12124572519194643,0.17505434704375156,0.0686063192033248,0.11246948798099105,0.0693348434838101,0.036176942986394824,0.08882439068814714
0.24341432417839678,0.08487361924323729,0.12124572519194643,0.17505434704375156,0.0686063192033248,0.11246948798099105,0.0693348434838101,0.036176942986394824,0.08882439068814714
0.18106841927911668,0.07960180730448996,0.11600162073882725,0.15344069958914677,0.06671910422184027,0.11304155222631355,0.1513880567921709,0.04167052063663434,0.09706821921146024
0.24341432417839678,0.08487361924323729,0.12124572519194643,0.17505434704375156,0.0686063192033248,0.11246948798099105,0.0693348434838101,0.036176942986394824,0.08882439068814714
0.1792140279810325,0.09848831925799446,0.1308348466783339,0.1564703217029233,0.07622981954697898,0.12447816276481234,0.0762913820178202,0.06582019353172971,0.09217292651837461
0.24341432417839678,0.08487361924323729,0.12124572519194643,0.17505434704375156,0.0686063192033248,0.11246948798099105,0.0693348434838101,0.036176942986394824,0.08882439068814714
0.05905461257141372,0.11469186577198999,0.1313513706803378,0.09236689794646614,0.08143632709255337,0.13143527350641093,0.07867881446413379,0.22959772738860787,0.08138711057808633
0.2154975266585021,0.09087575720943038,0.1257291280090588,0.16776826570703127,0.07206710170322372,0.11795756440920062,0.07255228538494884,0.04690667817939017,0.09064569273921404
0.010819693445695841,0.10400427127892087,0.10537556442992878,0.040205970884757435,0.06788530809437011,0.1095841187013092,0.06367061467676685,0.44396905768146183,0.05448540080678913
0.02366275938363041,0.10930670251526264,0.11669565147512806,0.05707397342043497,0.07435002031982639,0.11970026443128622,0.07027891867312322,0.3635126259662869,0.06541908381502128
0.025907168261339403,0.0810833501422297,0.10165030203067409,0.05443516059983881,0.27929938910375535,0.10394448413819923,0.060650644659638986,0.23265821791490357,0.06037128314942092
0.03692089850459332,0.1125735201152606,0.12403663845363784,0.07187704961640522,0.07815975776498077,0.1258532660335304,0.07454733004048077,0.3030898267063982,0.07294171276471292
0.13052150388837547,0.10776704156165007,0.13546981274514394,0.1368505573753581,0.08072244581641459,0.1313094980624928,0.07997367155670111,0.10548449270615577,0.09190097628770812
0.19567475811225798,0.0950748757875667,0.1286428406378444,0.1618862435925461,0.07440021017885964,0.12162559997486437,0.07467014738339917,0.05640641860048116,0.09161890573218044
0.020373830927055216,0.10817974744446822,0.11433100079950927,0.053029010525263535,0.07305137535862971,0.11764709309395123,0.06889736465753875,0.38139601467201284,0.06309456252157121
0.24341432417839678,0.08487361924323729,0.12124572519194643,0.17505434704375156,0.0686063192033248,0.11246948798099105,0.0693348434838101,0.036176942986394824,0.08882439068814714
0.16535779548924268,0.10128259622349266,0.1324774206349526,0.151482902321553,0.0776714171659932,0.12670541455245848,0.0775343717385067,0.07506528241208617,0.09242279946171461
0.032757965502090626,0.05540275478204268,0.07386624816732419,0.05982547470337116,0.4642912134433865,0.08483105101268366,0.05528197466456211,0.1141050606167369,0.05963825710780211
0.0755616531391793,0.1087447731145635,0.2462006923540617,0.09451767894254288,0.09276643939562408,0.09506491346625667,0.17370305420245194,0.02569024173504972,0.08775055365027011
0.2235780958967696,0.08914597153843296,0.12447150931627404,0.16998812360920723,0.07108364843366571,0.11640319458387749,0.07164620862818018,0.04351571800069095,0.09016752999290184
0.007751060808835909,0.10235937720237713,0.10139943605450925,0.03564721067364091,0.06548591415577559,0.10583880549301446,0.061359031930034204,0.46949652649958046,0.05066263718223205
0.23336874958204193,0.08704090018243417,0.12290206255317322,0.17255332701201562,0.06987121054391286,0.11448108621162618,0.0705198697891057,0.039729919454598146,0.08953287467109211
0.12627437860453958,0.1084798538081519,0.13568927437607362,0.13482567805619608,0.08101921236682019,0.13174164005212025,0.08018286070779086,0.11009123130693825,0.09169587072136931
0.09180511743655424,0.11320240594875768,0.13573313818960783,0.11589389707341187,0.08249658953665266,0.13367422541616417,0.08081478295175179,0.157959183033608,0.08842066041349173
0.08827930545796514,0.11354149794369921,0.13551632299059901,0.11366260393867843,0.08252671492515833,0.13366937902079293,0.08074288356036294,0.1641757244294741,0.08788556773326993
0.12598272379221945,0.10811599158953156,0.12755504532155773,0.1348167928284136,0.08019542187197432,0.13092991794590894,0.09335274407598022,0.10630272404659365,0.09274863852782046
0.17836043129751675,0.09866284446265361,0.1309418369338272,0.15617494229423687,0.07632147298189745,0.1246203719019713,0.0763714392190384,0.06635222802152108,0.09219443288733738
0.24341432417839678,0.08487361924323729,0.12124572519194643,0.17505434704375156,0.0686063192033248,0.11246948798099105,0.0693348434838101,0.036176942986394824,0.08882439068814714
0.1971345686707312,0.07665783908902822,0.24329990103097363,0.14917248411399506,0.05863520639291351,0.10052769291063224,0.06003499054118422,0.031410074796104574,0.08312724245443724
0.05421321313477662,0.11450632211463667,0.13013841752144903,0.08826304916924589,0.08095273820561698,0.13057783848110505,0.0780129167970383,0.2434719733581647,0.07986353121796673
0.15489460209730216,0.07918349268712227,0.08723799693161988,0.14378052771303892,0.07385008159828894,0.11695235705533025,0.1701980273498239,0.051176430529149726,0.12272648403832397
0.028928552296896854,0.11083057954096442,0.11997674231342033,0.06322382304852629,0.0760981721661997,0.12249527558189678,0.07219263418847906,0.33754192345574313,0.06871229740787341
0.12017296022851494,0.10946351245515873,0.13593497605772512,0.13181065729813754,0.08140881502733119,0.13229989400239936,0.08044089803025734,0.11713286552015711,0.09133542138031864
0.11489211731171216,0.08930697547184274,0.1195906943961821,0.15876522536759627,0.10024693949556791,0.12558110987607438,0.1024386640968269,0.08367696168560228,0.10550131229859532
0.12389087514928547,0.10887005483811862,0.13579537419071339,0.13366310187999597,0.08117676718387636,0.13196883321452405,0.0802898460883901,0.11278055847147639,0.09156458898361967
0.038467108317317845,0.02325991377899236,0.2061514090499652,0.027919274884725065,0.5113813561273827,0.04930482009753709,0.03853867586895162,0.00013051284255741368,0.10484692903257077
0.2034460362390309,0.09343776203399144,0.1275323114217672,0.16427019591199024,0.07350039107521103,0.12021447834612568,0.07385915302504516,0.05246597581562663,0.09127369613121171
0.049681620494667456,0.11420541079029144,0.1288275759006595,0.08424311632530755,0.08039577370131942,0.12961087337973562,0.07728136848614703,0.2574643497432052,0.07828991117866685
0.1475721270741404,0.04847598787015939,0.08082352663995351,0.10452512968303966,0.4305474353291278,0.07371257583947159,0.04399684160963525,0.012978256085752307,0.05736811986872012
0.24341432417839678,0.08487361924323729,0.12124572519194643,0.17505434704375156,0.0686063192033248,0.11246948798099105,0.0693348434838101,0.036176942986394824,0.08882439068814714
0.15244788613658736,0.10379451746795676,0.13380221023078995,0.14643802057671804,0.07891226738710183,0.12860192716880178,0.07856882210837052,0.08499071892486831,0.09244362999880552
0.24341432417839678,0.08487361924323729,0.12124572519194643,0.17505434704375156,0.0686063192033248,0.11246948798099105,0.0693348434838101,0.036176942986394824,0.08882439068814714
0.0725241050426828,0.11458293576789418,0.13386269692711314,0.1028590749653492,0.08227727510492437,0.13301479091351118,0.07999710084978041,0.19598909909080767,0.08489292133793706
0.2245368522022869,0.08894022957517322,0.12431994237542143,0.17024519400758922,0.0709658858820089,0.11621677661708639,0.0715372439784819,0.04312990116203128,0.09010797419992078
0.04076174304769622,0.11319966341875186,0.12567092498207844,0.07577386178481844,0.078951030723008,0.12716573396246134,0.07548755609282504,0.2882782542768753,0.07471123171148537
0.24341432417839678,0.08487361924323729,0.12124572519194643,0.17505434704375156,0.0686063192033248,0.11246948798099105,0.0693348434838101,0.036176942986394824,0.08882439068814714
0.1894583456872001,0.07572318132369077,0.08543486377446934,0.15677839512255817,0.07100701934134407,0.11254665955941523,0.1517406453530499,0.039513227836469406,0.11779766200180299
0.24341432417839678,0.08487361924323729,0.12124572519194643,0.17505434704375156,0.0686063192033248,0.11246948798099105,0.0693348434838101,0.036176942986394824,0.08882439068814714
0.03621724836600801,0.11244481789777748,0.12371678455854355,0.07114554781037158,0.07800203807684797,0.1255934394479246,0.0743626721403535,0.3059168813183724,0.07260057038380077
0.06969921117127122,0.059330965297592096,0.10244710367144712,0.08333398837288426,0.374375536604492,0.09769989918780281,0.05734910515260951,0.08239780260948443,0.07336638793241661
0.1509363224534205,0.10408149609219071,0.13394242240379237,0.14582007567609176,0.07905003236950275,0.12881093054743906,0.07868095896739902,0.08624672647612487,0.09243103501403889
0.12135717423142363,0.10885868210209909,0.12740327887942052,0.13254243298992066,0.08046386688473699,0.13133371302690444,0.09426237687001292,0.1112429322230567,0.092535542792425
0.09232430773897964,0.11314964299330259,0.13576088278754564,0.11621718998413459,0.08248983315099402,0.13367108741865139,0.08082278120589344,0.15706853532415652,0.08849573939634219
0.24341432417839678,0.08487361924323729,0.12124572519194643,0.17505434704375156,0.0686063192033248,0.11246948798099105,0.0693348434838101,0.036176942986394824,0.08882439068814714
0.18668925549673066,0.09694870155275966,0.1298685645232799,0.15899435605322312,0.07541295889573302,0.12320764386766171,0.07557267550733797,0.06135273940547281,0.09195310469780114
0.24341432417839678,0.08487361924323729,0.12124572519194643,0.17505434704375156,0.0686063192033248,0.11246948798099105,0.0693348434838101,0.036176942986394824,0.08882439068814714
0.04317690334652185,0.1113708038260524,0.10723462698297,0.07919423150077212,0.0785065189941844,0.12724049518701158,0.11510598990264702,0.25716202732037563,0.08100840293946499
0.0854493312314951,0.11378819932172672,0.13530495733157144,0.11182514499369521,0.08253010628185521,0.13363105773668338,0.08066204432748617,0.16938612761149685,0.08742303116398986
0.24341432417839678,0.08487361924323729,0.12124572519194643,0.17505434704375156,0.0686063192033248,0.11246948798099105,0.0693348434838101,0.036176942986394824,0.08882439068814714
0.10106969516358959,0.11216115669895722,0.13607857680564875,0.12146990146322055,0.08229352175799896,0.13348075239348275,0.08086497480113848,0.14295491354928494,0.08962650736667875
0.13957659737339786,0.05483975318332147,0.08997829085769533,0.1482294375532777,0.03719509860637905,0.11666445789999173,0.07001257219947006,0.014675842794198993,0.3288279495322678
0.09073294551362898,0.08872192357919835,0.204966285146405,0.11525083892088794,0.07236350417249636,0.12517401167766337,0.1102481222141208,0.10553255114559923,0.08700981762999989
0.24341432417839678,0.08487361924323729,0.12124572519194643,0.17505434704375156,0.0686063192033248,0.11246948798099105,0.0693348434838101,0.036176942986394824,0.08882439068814714
0.1184474229251568,0.1097322892155642,0.13598857754483462,0.13093430997888056,0.081510564382741,0.13244344460676413,0.0805041557189161,0.11922065865541968,0.09121857697172298
0.08839788960625734,0.05608591278599487,0.09357977950973127,0.10151663384694541,0.028073918360587702,0.1270010686971962,0.07338233612091295,0.010223030551666304,0.4217394305207079
0.14048799040350896,0.04697258411288324,0.08799972293454712,0.10280824870985898,0.4115992709732155,0.08028323178056307,0.04745913162016627,0.01928611124230674,0.06310370822295001
0.24341432417839678,0.08487361924323729,0.12124572519194643,0.17505434704375156,0.0686063192033248,0.11246948798099105,0.0693348434838101,0.036176942986394824,0.08882439068814714
